1.000000000000000000e+00,9.601642191410064697e-02,5.936712622642517090e-01,5.610204935073852539e-01,2.402130365371704102e-01,1.942918747663497925e-01,4.385619163513183594e-01,3.223584294319152832e-01,6.613676249980926514e-02,1.735035479068756104e-01,1.403171867132186890e-01,2.329559177160263062e-01,9.360173344612121582e-02,2.393261641263961792e-01,2.515761852264404297e-01,3.533457517623901367e-01,4.598751962184906006e-01,3.716040253639221191e-01,3.789671957492828369e-01,3.507858216762542725e-01,3.560078442096710205e-01,5.032522082328796387e-01,3.182171285152435303e-01,1.979703754186630249e-01,4.483557492494583130e-02,3.790588080883026123e-01,-6.600648909807205200e-02,4.116380512714385986e-01,3.991171419620513916e-01,2.225322574377059937e-01,4.805998802185058594e-01,5.092514753341674805e-01,4.646673500537872314e-01,1.439895480871200562e-01,5.791260860860347748e-03,3.916750550270080566e-01,1.315855532884597778e-01,3.416022751480340958e-03,1.714170873165130615e-01,1.445567607879638672e-01,1.289753168821334839e-01,1.670736074447631836e-01,2.183375880122184753e-02,1.939194053411483765e-01,1.843306571245193481e-01,2.819947898387908936e-01,2.463384717702865601e-01,3.353739380836486816e-01
9.601642191410064697e-02,1.000000000000000000e+00,1.536392867565155029e-01,1.581290513277053833e-01,2.938229739665985107e-01,5.681682825088500977e-01,3.303360044956207275e-01,1.757793873548507690e-01,2.628960609436035156e-01,1.614359766244888306e-01,7.431223988533020020e-02,-1.854659616947174072e-02,1.280733793973922729e-01,-1.245101355016231537e-02,1.302102208137512207e-01,1.564973443746566772e-01,2.047996670007705688e-01,2.174389809370040894e-01,2.459829598665237427e-01,2.347707301378250122e-01,9.932021796703338623e-02,1.785478293895721436e-01,1.608688831329345703e-01,2.519798874855041504e-01,1.793719381093978882e-01,1.107669249176979065e-01,2.096205055713653564e-01,3.511502742767333984e-01,3.777940571308135986e-01,3.007366359233856201e-01,3.275143504142761230e-01,2.283623963594436646e-01,8.848456200212240219e-04,-3.804501844570040703e-03,2.166674286127090454e-01,3.097115159034729004e-01,-1.944692805409431458e-02,-2.753430046141147614e-02,8.808176219463348389e-02,2.389299869537353516e-01,4.469906091690063477e-01,5.172232389450073242e-01,2.639618217945098877e-01,4.866525232791900635e-01,5.178019404411315918e-01,3.142496347427368164e-01,1.807876974344253540e-01,1.582080423831939697e-01
5.936712622642517090e-01,1.536392867565155029e-01,1.000000000000000000e+00,6.985315084457397461e-01,2.440885752439498901e-01,2.285207659006118774e-01,5.404049754142761230e-01,2.166429013013839722e-01,1.554113775491714478e-01,1.615228354930877686e-01,1.288144439458847046e-01,2.675963044166564941e-01,1.127426177263259888e-01,1.343178898096084595e-01,2.323616892099380493e-01,3.225230276584625244e-01,5.004127025604248047e-01,4.081957340240478516e-01,3.698063790798187256e-01,3.671287298202514648e-01,4.200829565525054932e-01,5.159502625465393066e-01,2.124764770269393921e-01,1.598551422357559204e-01,9.027859568595886230e-02,4.077959656715393066e-01,-1.497382298111915588e-02,4.387903213500976562e-01,3.427145481109619141e-01,3.148815631866455078e-01,4.336299598217010498e-01,2.689824998378753662e-01,2.766621112823486328e-01,-5.939036980271339417e-02,3.099194355309009552e-02,2.173631936311721802e-01,-4.659473150968551636e-02,5.717178806662559509e-02,2.732865139842033386e-02,4.307021386921405792e-03,1.847302019596099854e-01,1.610050648450851440e-01,-4.318112134933471680e-02,2.563315331935882568e-01,2.916048467159271240e-01,1.649371087551116943e-01,1.497103273868560791e-01,2.558858990669250488e-01
5.610204935073852539e-01,1.581290513277053833e-01,6.985315084457397461e-01,1.000000000000000000e+00,2.262970358133316040e-01,2.625656425952911377e-01,3.841742277145385742e-01,1.238906234502792358e-01,6.512837111949920654e-02,-4.218126181513071060e-03,6.889735907316207886e-02,1.757999509572982788e-01,-2.696516364812850952e-02,6.212958320975303650e-02,1.843950897455215454e-01,2.678782045841217041e-01,3.972753882408142090e-01,2.930620312690734863e-01,4.431768953800201416e-01,3.491926491260528564e-01,3.933098912239074707e-01,5.041760206222534180e-01,3.349934890866279602e-02,1.100735962390899658e-01,1.339928060770034790e-01,2.405688315629959106e-01,3.036392480134963989e-02,4.164633154869079590e-01,3.203029334545135498e-01,2.475651800632476807e-01,4.626445472240447998e-01,2.874484360218048096e-01,1.582758575677871704e-01,-5.975851789116859436e-02,1.828057169914245605e-01,2.158638834953308105e-01,-1.032700538635253906e-01,-4.283335059881210327e-03,8.555642515420913696e-02,5.828808993101119995e-02,1.180741041898727417e-01,1.826554983854293823e-01,-5.613652989268302917e-02,1.459689587354660034e-01,2.996995151042938232e-01,9.407860040664672852e-02,1.565171033143997192e-01,1.675683856010437012e-01
2.402130365371704102e-01,2.938229739665985107e-01,2.440885752439498901e-01,2.262970358133316040e-01,1.000000000000000000e+00,5.709198713302612305e-01,4.332844018936157227e-01,1.814989596605300903e-01,3.239792287349700928e-01,1.835087090730667114e-01,9.362780302762985229e-02,3.493625298142433167e-02,2.581557333469390869e-01,7.546890061348676682e-03,2.249785698950290680e-02,1.442448198795318604e-01,3.862299025058746338e-01,3.679839074611663818e-01,3.040398061275482178e-01,2.834123373031616211e-01,1.798537373542785645e-01,2.570530176162719727e-01,1.624049544334411621e-01,1.097552999854087830e-01,3.048030734062194824e-01,3.237514793872833252e-01,1.378902643918991089e-01,3.903584480285644531e-01,4.324156045913696289e-01,2.924584746360778809e-01,2.407635599374771118e-01,1.148115657269954681e-02,2.503499388694763184e-02,2.071459591388702393e-02,1.452858597040176392e-01,1.394004225730895996e-01,-1.239979714155197144e-01,9.425557404756546021e-02,9.400463104248046875e-02,1.094191968441009521e-01,3.525272905826568604e-01,4.431617558002471924e-01,3.311903178691864014e-01,2.007971853017807007e-01,3.702751100063323975e-01,3.229254186153411865e-01,9.257836639881134033e-02,-1.478844229131937027e-02
1.942918747663497925e-01,5.681682825088500977e-01,2.285207659006118774e-01,2.625656425952911377e-01,5.709198713302612305e-01,1.000000000000000000e+00,5.124398469924926758e-01,1.775454431772232056e-01,2.723409533500671387e-01,1.468722224235534668e-01,1.733641838654875755e-03,1.260826457291841507e-02,1.029810234904289246e-01,-5.252000316977500916e-02,6.283274292945861816e-02,2.006313204765319824e-01,3.344538509845733643e-01,3.565806448459625244e-01,4.132655262947082520e-01,3.444366455078125000e-01,2.264254987239837646e-01,2.703166306018829346e-01,1.719616502523422241e-01,3.002013564109802246e-01,3.098523020744323730e-01,3.141798973083496094e-01,1.990552544593811035e-01,3.980875313282012939e-01,4.461656808853149414e-01,4.422198235988616943e-01,3.878899812698364258e-01,1.950889825820922852e-01,-2.946203015744686127e-02,9.144969284534454346e-02,2.379996180534362793e-01,3.732374906539916992e-01,-1.297395974397659302e-01,1.165465731173753738e-02,1.473251432180404663e-01,2.992758154869079590e-01,4.168763458728790283e-01,5.038038492202758789e-01,4.058930277824401855e-01,3.725043535232543945e-01,4.063230156898498535e-01,2.733491659164428711e-01,1.268401145935058594e-01,1.305152177810668945e-01
4.385619163513183594e-01,3.303360044956207275e-01,5.404049754142761230e-01,3.841742277145385742e-01,4.332844018936157227e-01,5.124398469924926758e-01,1.000000000000000000e+00,2.575670778751373291e-01,3.494961559772491455e-01,2.824128568172454834e-01,1.036034077405929565e-01,1.339064836502075195e-01,3.697203397750854492e-01,9.693941473960876465e-02,1.576019525527954102e-01,2.926104664802551270e-01,8.166030049324035645e-01,7.257789373397827148e-01,5.213111042976379395e-01,5.013730525970458984e-01,2.939761579036712646e-01,4.584564268589019775e-01,5.282566547393798828e-01,4.007211029529571533e-01,2.037042379379272461e-01,6.827966570854187012e-01,4.453304782509803772e-02,5.880553722381591797e-01,6.138272285461425781e-01,3.982196748256683350e-01,4.460429549217224121e-01,3.340163528919219971e-01,1.812614798545837402e-01,5.998714268207550049e-02,5.891697853803634644e-02,4.122477471828460693e-01,5.054448917508125305e-02,6.923005729913711548e-02,2.576656341552734375e-01,3.175420165061950684e-01,4.362955391407012939e-01,5.394289493560791016e-01,3.170675337314605713e-01,4.492542147636413574e-01,4.172852635383605957e-01,5.719704031944274902e-01,3.478370308876037598e-01,2.843278050422668457e-01
3.223584294319152832e-01,1.757793873548507690e-01,2.166429013013839722e-01,1.238906234502792358e-01,1.814989596605300903e-01,1.775454431772232056e-01,2.575670778751373291e-01,1.000000000000000000e+00,2.663596868515014648e-01,1.676230877637863159e-01,3.970335423946380615e-01,1.912422776222229004e-01,6.411251425743103027e-02,4.558395147323608398e-01,2.704788148403167725e-01,2.411414980888366699e-01,2.352992743253707886e-01,1.937925666570663452e-01,2.467010170221328735e-02,4.112752526998519897e-02,1.506801396608352661e-01,2.599518001079559326e-01,2.501097321510314941e-01,5.945525690913200378e-02,-5.318077653646469116e-02,2.530129253864288330e-01,8.593146502971649170e-02,1.846828758716583252e-01,2.152917385101318359e-01,1.081252396106719971e-01,1.745663583278656006e-01,2.048330754041671753e-01,2.328789234161376953e-01,2.258358746767044067e-01,1.499992609024047852e-01,1.915542483329772949e-01,3.371863961219787598e-01,2.197362482547760010e-01,1.775284707546234131e-01,1.636393368244171143e-01,1.147255897521972656e-01,1.681829541921615601e-01,1.241002976894378662e-01,2.591424584388732910e-01,1.047526970505714417e-01,1.854921877384185791e-01,4.799890890717506409e-02,1.482624858617782593e-01
6.613676249980926514e-02,2.628960609436035156e-01,1.554113775491714478e-01,6.512837111949920654e-02,3.239792287349700928e-01,2.723409533500671387e-01,3.494961559772491455e-01,2.663596868515014648e-01,1.000000000000000000e+00,4.745829403400421143e-01,1.738700270652770996e-01,3.141846358776092529e-01,3.729227185249328613e-01,-1.157333105802536011e-01,9.402617067098617554e-02,5.560829862952232361e-02,3.008177280426025391e-01,2.627118229866027832e-01,1.736218631267547607e-01,2.853085696697235107e-01,2.484424859285354614e-01,2.469554543495178223e-01,1.960130333900451660e-01,1.780924797058105469e-01,2.750016748905181885e-01,3.190855979919433594e-01,2.235449105501174927e-01,2.013553977012634277e-01,2.153840810060501099e-01,3.929147720336914062e-01,3.712226450443267822e-01,1.393879204988479614e-01,5.809713900089263916e-02,4.160635173320770264e-02,2.428745329380035400e-01,1.803176552057266235e-01,-1.765473559498786926e-02,1.090218052268028259e-01,1.152184903621673584e-01,1.324421316385269165e-01,2.303225845098495483e-01,2.914814352989196777e-01,2.635521292686462402e-01,5.027809143066406250e-01,2.699528634548187256e-01,3.372530639171600342e-01,1.910001933574676514e-01,9.603162854909896851e-02
1.735035479068756104e-01,1.614359766244888306e-01,1.615228354930877686e-01,-4.218126181513071060e-03,1.835087090730667114e-01,1.468722224235534668e-01,2.824128568172454834e-01,1.676230877637863159e-01,4.745829403400421143e-01,1.000000000000000000e+00,1.287947893142700195e-01,4.720301926136016846e-01,5.444364547729492188e-01,-6.998556107282638550e-02,6.995713710784912109e-02,1.502646654844284058e-01,2.783548533916473389e-01,2.438845038414001465e-01,1.838028132915496826e-01,3.926770687103271484e-01,2.227965295314788818e-01,2.503551840782165527e-01,3.929990530014038086e-01,3.380852341651916504e-01,1.894803196191787720e-01,2.976371645927429199e-01,2.426919788122177124e-01,2.007958590984344482e-01,1.950562745332717896e-01,3.870217800140380859e-01,3.870263397693634033e-01,1.989390403032302856e-01,1.751950979232788086e-01,-6.403911858797073364e-03,6.255959719419479370e-02,2.748347520828247070e-01,-2.874752134084701538e-02,-3.807296603918075562e-02,1.523116081953048706e-01,5.835497006773948669e-02,2.776145040988922119e-01,2.889485359191894531e-01,2.133513391017913818e-01,4.552152156829833984e-01,2.879895567893981934e-01,4.670115411281585693e-01,2.729842066764831543e-01,3.017539680004119873e-01
1.403171867132186890e-01,7.431223988533020020e-02,1.288144439458847046e-01,6.889735907316207886e-02,9.362780302762985229e-02,1.733641838654875755e-03,1.036034077405929565e-01,3.970335423946380615e-01,1.738700270652770996e-01,1.287947893142700195e-01,1.000000000000000000e+00,2.671669125556945801e-01,-3.999668359756469727e-02,2.065543532371520996e-01,3.499464392662048340e-01,1.145367175340652466e-01,1.052733212709426880e-01,7.187781482934951782e-02,-8.498075604438781738e-02,-6.669895350933074951e-02,1.164110824465751648e-01,7.263339310884475708e-02,4.616793245077133179e-02,-1.311626136302947998e-01,7.387434691190719604e-02,1.588319987058639526e-01,1.452925503253936768e-01,1.330089420080184937e-01,7.597255706787109375e-02,8.899295702576637268e-03,7.674025371670722961e-03,2.768615260720252991e-02,6.524117290973663330e-02,-2.025407180190086365e-02,1.994198858737945557e-01,-8.808680623769760132e-02,1.740956455469131470e-01,2.750263810157775879e-01,1.609455235302448273e-02,-7.212103903293609619e-02,-1.327629853039979935e-02,2.282292768359184265e-02,1.926479488611221313e-02,9.888549894094467163e-02,-1.763836108148097992e-02,1.214508432894945145e-02,-1.092517673969268799e-01,8.599065244197845459e-02
2.329559177160263062e-01,-1.854659616947174072e-02,2.675963044166564941e-01,1.757999509572982788e-01,3.493625298142433167e-02,1.260826457291841507e-02,1.339064836502075195e-01,1.912422776222229004e-01,3.141846358776092529e-01,4.720301926136016846e-01,2.671669125556945801e-01,1.000000000000000000e+00,2.588672041893005371e-01,-5.671444535255432129e-02,1.872763782739639282e-01,2.764239609241485596e-01,1.450281143188476562e-01,1.718016900122165680e-02,3.180742263793945312e-02,1.383155733346939087e-01,3.370753228664398193e-01,2.878277003765106201e-01,2.096669077873229980e-01,7.630439102649688721e-02,2.836161553859710693e-01,2.500032186508178711e-01,2.315839082002639771e-01,1.683309376239776611e-01,5.017412453889846802e-02,2.255447357892990112e-01,3.005945682525634766e-01,1.233220696449279785e-01,3.287132978439331055e-01,6.686043739318847656e-02,1.702825278043746948e-01,1.853824853897094727e-01,-6.665385514497756958e-02,8.530293405055999756e-02,1.619201451539993286e-01,-4.806226119399070740e-02,1.102864369750022888e-02,8.486740989610552788e-04,-7.166993618011474609e-02,2.670417428016662598e-01,1.013778597116470337e-01,1.370259821414947510e-01,9.626230597496032715e-02,3.678796291351318359e-01
9.360173344612121582e-02,1.280733793973922729e-01,1.127426177263259888e-01,-2.696516364812850952e-02,2.581557333469390869e-01,1.029810234904289246e-01,3.697203397750854492e-01,6.411251425743103027e-02,3.729227185249328613e-01,5.444364547729492188e-01,-3.999668359756469727e-02,2.588672041893005371e-01,1.000000000000000000e+00,-6.571129709482192993e-02,9.818641841411590576e-02,2.600492835044860840e-01,3.544405400753021240e-01,3.785053193569183350e-01,3.584548234939575195e-01,4.321432709693908691e-01,3.205353766679763794e-02,1.633058786392211914e-01,3.715760111808776855e-01,2.389886081218719482e-01,1.313244849443435669e-01,2.726664841175079346e-01,3.928894177079200745e-02,1.884612590074539185e-01,2.805432677268981934e-01,2.346266359090805054e-01,3.011092841625213623e-01,1.306621134281158447e-01,1.177568286657333374e-01,4.940939322113990784e-02,-8.468201756477355957e-02,1.870551109313964844e-01,8.889265358448028564e-03,1.811168715357780457e-02,1.264207512140274048e-01,-3.773370757699012756e-03,2.567529082298278809e-01,3.239051401615142822e-01,2.222365885972976685e-01,3.758467733860015869e-01,2.097871750593185425e-01,4.930786192417144775e-01,2.635802030563354492e-01,6.936641037464141846e-02
2.393261641263961792e-01,-1.245101355016231537e-02,1.343178898096084595e-01,6.212958320975303650e-02,7.546890061348676682e-03,-5.252000316977500916e-02,9.693941473960876465e-02,4.558395147323608398e-01,-1.157333105802536011e-01,-6.998556107282638550e-02,2.065543532371520996e-01,-5.671444535255432129e-02,-6.571129709482192993e-02,1.000000000000000000e+00,2.756047546863555908e-01,2.180747538805007935e-01,1.215566173195838928e-01,1.222395375370979309e-01,-7.972399704158306122e-03,-4.341937601566314697e-02,-9.941294789314270020e-02,9.756211191415786743e-02,1.092881560325622559e-01,-2.690214663743972778e-02,-1.779502779245376587e-01,9.445425122976303101e-02,-1.196652650833129883e-01,9.728867560625076294e-02,4.757977649569511414e-02,-1.301672458648681641e-01,-1.474933698773384094e-02,1.979412138462066650e-01,2.395378500223159790e-01,2.010885179042816162e-01,-7.355239242315292358e-02,4.666343331336975098e-02,3.074722290039062500e-01,1.824615597724914551e-01,2.486214227974414825e-02,-2.828772179782390594e-02,4.120997712016105652e-02,1.108173839747905731e-02,-9.784168563783168793e-03,-1.259638741612434387e-02,4.814169835299253464e-03,1.208459809422492981e-01,1.390928030014038086e-01,1.197694912552833557e-01
2.515761852264404297e-01,1.302102208137512207e-01,2.323616892099380493e-01,1.843950897455215454e-01,2.249785698950290680e-02,6.283274292945861816e-02,1.576019525527954102e-01,2.704788148403167725e-01,9.402617067098617554e-02,6.995713710784912109e-02,3.499464392662048340e-01,1.872763782739639282e-01,9.818641841411590576e-02,2.756047546863555908e-01,1.000000000000000000e+00,4.319566488265991211e-01,1.160648986697196960e-01,2.289040833711624146e-01,1.981317847967147827e-01,1.238599270582199097e-01,-2.005463466048240662e-03,1.023363992571830750e-01,1.524369567632675171e-01,9.312082827091217041e-02,1.326773017644882202e-01,2.166520208120346069e-01,5.922825261950492859e-02,2.002148032188415527e-01,1.433985382318496704e-01,1.944319903850555420e-02,1.569228470325469971e-01,1.634778678417205811e-01,1.070502325892448425e-01,1.780384182929992676e-01,6.512982305139303207e-03,1.335221230983734131e-01,8.285032212734222412e-02,1.290663927793502808e-01,5.951543524861335754e-02,-3.469190374016761780e-02,4.965294897556304932e-02,9.872757643461227417e-02,3.027797862887382507e-02,2.593559622764587402e-01,1.310240924358367920e-01,1.335355937480926514e-01,6.752540916204452515e-02,3.788328170776367188e-02
3.533457517623901367e-01,1.564973443746566772e-01,3.225230276584625244e-01,2.678782045841217041e-01,1.442448198795318604e-01,2.006313204765319824e-01,2.926104664802551270e-01,2.411414980888366699e-01,5.560829862952232361e-02,1.502646654844284058e-01,1.145367175340652466e-01,2.764239609241485596e-01,2.600492835044860840e-01,2.180747538805007935e-01,4.319566488265991211e-01,1.000000000000000000e+00,3.157818317413330078e-01,3.477810323238372803e-01,3.788737356662750244e-01,1.180093213915824890e-01,-4.128479585051536560e-02,4.266307353973388672e-01,3.207356631755828857e-01,1.750461310148239136e-01,8.755749464035034180e-02,2.855727076530456543e-01,8.122982829809188843e-02,2.474520355463027954e-01,2.161624580621719360e-01,9.970247000455856323e-02,3.253859281539916992e-01,2.770334184169769287e-01,2.922585308551788330e-01,3.665328025817871094e-01,9.446389228105545044e-02,2.409812808036804199e-01,8.100596070289611816e-02,1.531627327203750610e-01,2.787625789642333984e-01,1.256082057952880859e-01,6.485056132078170776e-03,9.138914197683334351e-02,-1.485914923250675201e-02,2.061870396137237549e-01,1.668148040771484375e-01,2.700565159320831299e-01,2.330843657255172729e-01,1.756561547517776489e-01
4.598751962184906006e-01,2.047996670007705688e-01,5.004127025604248047e-01,3.972753882408142090e-01,3.862299025058746338e-01,3.344538509845733643e-01,8.166030049324035645e-01,2.352992743253707886e-01,3.008177280426025391e-01,2.783548533916473389e-01,1.052733212709426880e-01,1.450281143188476562e-01,3.544405400753021240e-01,1.215566173195838928e-01,1.160648986697196960e-01,3.157818317413330078e-01,1.000000000000000000e+00,7.728573679924011230e-01,5.538349151611328125e-01,4.679131507873535156e-01,2.670132517814636230e-01,4.953577816486358643e-01,4.857282936573028564e-01,3.227086663246154785e-01,1.397709399461746216e-01,6.142295598983764648e-01,2.567796409130096436e-02,5.225954055786132812e-01,5.358420014381408691e-01,3.067939579486846924e-01,4.063021540641784668e-01,3.133645355701446533e-01,2.138241976499557495e-01,5.662476271390914917e-02,5.999584123492240906e-02,3.205443024635314941e-01,1.077714338898658752e-01,1.616025269031524658e-01,3.152083456516265869e-01,2.795643210411071777e-01,3.026004135608673096e-01,4.830807149410247803e-01,2.382945716381072998e-01,3.802670836448669434e-01,3.793171048164367676e-01,5.642912983894348145e-01,3.145579993724822998e-01,2.733269929885864258e-01
3.716040253639221191e-01,2.174389809370040894e-01,4.081957340240478516e-01,2.930620312690734863e-01,3.679839074611663818e-01,3.565806448459625244e-01,7.257789373397827148e-01,1.937925666570663452e-01,2.627118229866027832e-01,2.438845038414001465e-01,7.187781482934951782e-02,1.718016900122165680e-02,3.785053193569183350e-01,1.222395375370979309e-01,2.289040833711624146e-01,3.477810323238372803e-01,7.728573679924011230e-01,1.000000000000000000e+00,5.551217794418334961e-01,4.761926233768463135e-01,1.640071421861648560e-01,4.483324885368347168e-01,4.774128794670104980e-01,3.388819694519042969e-01,7.907444238662719727e-02,5.760806798934936523e-01,-7.769817020744085312e-03,4.461997449398040771e-01,4.529049396514892578e-01,2.345646917819976807e-01,3.384750783443450928e-01,2.543913125991821289e-01,9.010950475931167603e-02,1.347533310763537884e-03,-6.809640675783157349e-02,2.821997404098510742e-01,1.045106649398803711e-01,9.189708530902862549e-02,1.909924149513244629e-01,2.014037072658538818e-01,3.077208697795867920e-01,4.713030457496643066e-01,2.567185461521148682e-01,3.739171326160430908e-01,3.461469709873199463e-01,5.310900807380676270e-01,2.923768460750579834e-01,1.537263840436935425e-01
3.789671957492828369e-01,2.459829598665237427e-01,3.698063790798187256e-01,4.431768953800201416e-01,3.040398061275482178e-01,4.132655262947082520e-01,5.213111042976379395e-01,2.467010170221328735e-02,1.736218631267547607e-01,1.838028132915496826e-01,-8.498075604438781738e-02,3.180742263793945312e-02,3.584548234939575195e-01,-7.972399704158306122e-03,1.981317847967147827e-01,3.788737356662750244e-01,5.538349151611328125e-01,5.551217794418334961e-01,1.000000000000000000e+00,6.420366168022155762e-01,2.508577406406402588e-01,3.941605091094970703e-01,2.205165326595306396e-01,2.168276309967041016e-01,1.212900057435035706e-01,2.736493945121765137e-01,3.893314301967620850e-02,3.709989190101623535e-01,4.829567670822143555e-01,3.254086375236511230e-01,4.325565993785858154e-01,3.038203120231628418e-01,1.855234950780868530e-01,5.029030516743659973e-02,7.154933363199234009e-02,2.790187299251556396e-01,-2.254304848611354828e-02,-1.980024762451648712e-02,1.426257342100143433e-01,1.390739530324935913e-01,1.999952495098114014e-01,3.880598545074462891e-01,2.414477914571762085e-01,3.471378386020660400e-01,2.970184981822967529e-01,3.710157871246337891e-01,2.171240597963333130e-01,1.430447548627853394e-01
3.507858216762542725e-01,2.347707301378250122e-01,3.671287298202514648e-01,3.491926491260528564e-01,2.834123373031616211e-01,3.444366455078125000e-01,5.013730525970458984e-01,4.112752526998519897e-02,2.853085696697235107e-01,3.926770687103271484e-01,-6.669895350933074951e-02,1.383155733346939087e-01,4.321432709693908691e-01,-4.341937601566314697e-02,1.238599270582199097e-01,1.180093213915824890e-01,4.679131507873535156e-01,4.761926233768463135e-01,6.420366168022155762e-01,1.000000000000000000e+00,5.093317031860351562e-01,3.245722949504852295e-01,3.093687891960144043e-01,3.474503457546234131e-01,1.118119880557060242e-01,3.589313924312591553e-01,4.427374526858329773e-02,3.695190548896789551e-01,4.337226450443267822e-01,4.292853176593780518e-01,4.615879058837890625e-01,3.096900582313537598e-01,1.039710491895675659e-01,-6.990399211645126343e-02,5.789553374052047729e-02,3.663304448127746582e-01,3.031139960512518883e-03,-8.115493506193161011e-02,1.835822910070419312e-01,1.477641314268112183e-01,3.937827050685882568e-01,4.156392514705657959e-01,3.158146739006042480e-01,3.392645418643951416e-01,3.048135042190551758e-01,3.755510747432708740e-01,2.274570614099502563e-01,2.705404460430145264e-01
3.560078442096710205e-01,9.932021796703338623e-02,4.200829565525054932e-01,3.933098912239074707e-01,1.798537373542785645e-01,2.264254987239837646e-01,2.939761579036712646e-01,1.506801396608352661e-01,2.484424859285354614e-01,2.227965295314788818e-01,1.164110824465751648e-01,3.370753228664398193e-01,3.205353766679763794e-02,-9.941294789314270020e-02,-2.005463466048240662e-03,-4.128479585051536560e-02,2.670132517814636230e-01,1.640071421861648560e-01,2.508577406406402588e-01,5.093317031860351562e-01,1.000000000000000000e+00,4.394062757492065430e-01,1.472845375537872314e-01,1.426855772733688354e-01,1.314468234777450562e-01,2.679608762264251709e-01,1.272312253713607788e-01,2.053146660327911377e-01,2.190144062042236328e-01,4.489814341068267822e-01,3.756227791309356689e-01,2.166932821273803711e-01,1.680406033992767334e-01,-8.665131777524948120e-02,1.767959892749786377e-01,2.160125523805618286e-01,1.655416004359722137e-02,7.051363587379455566e-02,1.453331112861633301e-01,1.236079633235931396e-01,9.294707328081130981e-02,1.048840209841728210e-01,2.088589221239089966e-01,2.526115477085113525e-01,1.116598099470138550e-01,6.266215443611145020e-02,2.094862982630729675e-02,3.277474641799926758e-01
5.032522082328796387e-01,1.785478293895721436e-01,5.159502625465393066e-01,5.041760206222534180e-01,2.570530176162719727e-01,2.703166306018829346e-01,4.584564268589019775e-01,2.599518001079559326e-01,2.469554543495178223e-01,2.503551840782165527e-01,7.263339310884475708e-02,2.878277003765106201e-01,1.633058786392211914e-01,9.756211191415786743e-02,1.023363992571830750e-01,4.266307353973388672e-01,4.953577816486358643e-01,4.483324885368347168e-01,3.941605091094970703e-01,3.245722949504852295e-01,4.394062757492065430e-01,1.000000000000000000e+00,5.016237497329711914e-01,3.472152054309844971e-01,-9.284415282309055328e-03,3.707146346569061279e-01,5.676748231053352356e-02,2.747723460197448730e-01,3.035440146923065186e-01,3.953455686569213867e-01,6.250920295715332031e-01,4.955602884292602539e-01,3.081043660640716553e-01,5.548207461833953857e-02,1.165002956986427307e-01,3.877299427986145020e-01,8.239254355430603027e-02,-6.823732983320951462e-03,2.749456763267517090e-01,2.086639553308486938e-01,1.184627562761306763e-01,1.839447021484375000e-01,3.791995346546173096e-02,2.874876260757446289e-01,3.184280395507812500e-01,3.450370728969573975e-01,3.874907195568084717e-01,4.543602764606475830e-01
3.182171285152435303e-01,1.608688831329345703e-01,2.124764770269393921e-01,3.349934890866279602e-02,1.624049544334411621e-01,1.719616502523422241e-01,5.282566547393798828e-01,2.501097321510314941e-01,1.960130333900451660e-01,3.929990530014038086e-01,4.616793245077133179e-02,2.096669077873229980e-01,3.715760111808776855e-01,1.092881560325622559e-01,1.524369567632675171e-01,3.207356631755828857e-01,4.857282936573028564e-01,4.774128794670104980e-01,2.205165326595306396e-01,3.093687891960144043e-01,1.472845375537872314e-01,5.016237497329711914e-01,1.000000000000000000e+00,4.822859466075897217e-01,-8.118371479213237762e-03,4.977672696113586426e-01,-1.299529615789651871e-02,3.102234303951263428e-01,3.215968012809753418e-01,2.335674464702606201e-01,3.037223219871520996e-01,3.527505695819854736e-01,2.400567382574081421e-01,7.542942464351654053e-02,-7.999975234270095825e-02,4.855783879756927490e-01,1.320151388645172119e-01,1.777824386954307556e-02,3.850981593132019043e-01,3.450850248336791992e-01,3.268712759017944336e-01,3.038669824600219727e-01,1.564885973930358887e-01,3.386440575122833252e-01,2.733214199542999268e-01,5.297992229461669922e-01,4.297793507575988770e-01,5.252580046653747559e-01
1.979703754186630249e-01,2.519798874855041504e-01,1.598551422357559204e-01,1.100735962390899658e-01,1.097552999854087830e-01,3.002013564109802246e-01,4.007211029529571533e-01,5.945525690913200378e-02,1.780924797058105469e-01,3.380852341651916504e-01,-1.311626136302947998e-01,7.630439102649688721e-02,2.389886081218719482e-01,-2.690214663743972778e-02,9.312082827091217041e-02,1.750461310148239136e-01,3.227086663246154785e-01,3.388819694519042969e-01,2.168276309967041016e-01,3.474503457546234131e-01,1.426855772733688354e-01,3.472152054309844971e-01,4.822859466075897217e-01,1.000000000000000000e+00,4.426028952002525330e-02,2.872506380081176758e-01,4.338881466537714005e-03,2.856750190258026123e-01,3.189358115196228027e-01,3.441288471221923828e-01,4.580428600311279297e-01,5.014501214027404785e-01,2.311815135180950165e-02,1.463580690324306488e-02,-7.330975960940122604e-03,6.706252098083496094e-01,4.460266232490539551e-02,-8.252307772636413574e-02,3.072665929794311523e-01,3.647725880146026611e-01,3.890545964241027832e-01,3.685994446277618408e-01,2.753752171993255615e-01,3.325879573822021484e-01,3.333303034305572510e-01,4.282876551151275635e-01,5.320268869400024414e-01,3.631092309951782227e-01
4.483557492494583130e-02,1.793719381093978882e-01,9.027859568595886230e-02,1.339928060770034790e-01,3.048030734062194824e-01,3.098523020744323730e-01,2.037042379379272461e-01,-5.318077653646469116e-02,2.750016748905181885e-01,1.894803196191787720e-01,7.387434691190719604e-02,2.836161553859710693e-01,1.313244849443435669e-01,-1.779502779245376587e-01,1.326773017644882202e-01,8.755749464035034180e-02,1.397709399461746216e-01,7.907444238662719727e-02,1.212900057435035706e-01,1.118119880557060242e-01,1.314468234777450562e-01,-9.284415282309055328e-03,-8.118371479213237762e-03,4.426028952002525330e-02,1.000000000000000000e+00,2.459270358085632324e-01,3.653061687946319580e-01,4.499953687191009521e-01,3.186655342578887939e-01,3.201879560947418213e-01,1.895241737365722656e-01,-7.295845448970794678e-02,1.406076736748218536e-02,7.127007097005844116e-02,2.681577205657958984e-01,1.076158881187438965e-01,-1.711840629577636719e-01,1.183351948857307434e-01,1.670044660568237305e-01,-1.234874874353408813e-02,1.085361987352371216e-01,2.680117785930633545e-01,1.681050062179565430e-01,2.785127162933349609e-01,2.207878232002258301e-01,1.201408952474594116e-01,-2.353211119771003723e-02,3.965746983885765076e-02
3.790588080883026123e-01,1.107669249176979065e-01,4.077959656715393066e-01,2.405688315629959106e-01,3.237514793872833252e-01,3.141798973083496094e-01,6.827966570854187012e-01,2.530129253864288330e-01,3.190855979919433594e-01,2.976371645927429199e-01,1.588319987058639526e-01,2.500032186508178711e-01,2.726664841175079346e-01,9.445425122976303101e-02,2.166520208120346069e-01,2.855727076530456543e-01,6.142295598983764648e-01,5.760806798934936523e-01,2.736493945121765137e-01,3.589313924312591553e-01,2.679608762264251709e-01,3.707146346569061279e-01,4.977672696113586426e-01,2.872506380081176758e-01,2.459270358085632324e-01,1.000000000000000000e+00,1.534024178981781006e-01,4.337889552116394043e-01,3.932694494724273682e-01,3.095711469650268555e-01,2.948894500732421875e-01,1.876261383295059204e-01,2.541237771511077881e-01,1.174374595284461975e-01,8.836484700441360474e-02,3.131254017353057861e-01,9.610584378242492676e-02,1.195569559931755066e-01,2.758198082447052002e-01,2.103678137063980103e-01,2.914829850196838379e-01,3.432383239269256592e-01,2.322015464305877686e-01,3.222973942756652832e-01,2.721650004386901855e-01,4.188701510429382324e-01,2.517292797565460205e-01,2.115190178155899048e-01
-6.600648909807205200e-02,2.096205055713653564e-01,-1.497382298111915588e-02,3.036392480134963989e-02,1.378902643918991089e-01,1.990552544593811035e-01,4.453304782509803772e-02,8.593146502971649170e-02,2.235449105501174927e-01,2.426919788122177124e-01,1.452925503253936768e-01,2.315839082002639771e-01,3.928894177079200745e-02,-1.196652650833129883e-01,5.922825261950492859e-02,8.122982829809188843e-02,2.567796409130096436e-02,-7.769817020744085312e-03,3.893314301967620850e-02,4.427374526858329773e-02,1.272312253713607788e-01,5.676748231053352356e-02,-1.299529615789651871e-02,4.338881466537714005e-03,3.653061687946319580e-01,1.534024178981781006e-01,1.000000000000000000e+00,1.290207654237747192e-01,2.307526580989360809e-02,2.321670353412628174e-01,6.020932272076606750e-02,-1.379866600036621094e-01,7.217986136674880981e-02,1.260535269975662231e-01,1.712710559368133545e-01,-1.092529520392417908e-01,-5.765879154205322266e-02,1.024567410349845886e-01,3.581292182207107544e-02,-6.568631529808044434e-02,6.899053603410720825e-02,1.331538408994674683e-01,1.805937588214874268e-01,1.328641474246978760e-01,8.029849827289581299e-02,-4.590549319982528687e-02,-1.141782253980636597e-01,1.853080093860626221e-02
4.116380512714385986e-01,3.511502742767333984e-01,4.387903213500976562e-01,4.164633154869079590e-01,3.903584480285644531e-01,3.980875313282012939e-01,5.880553722381591797e-01,1.846828758716583252e-01,2.013553977012634277e-01,2.007958590984344482e-01,1.330089420080184937e-01,1.683309376239776611e-01,1.884612590074539185e-01,9.728867560625076294e-02,2.002148032188415527e-01,2.474520355463027954e-01,5.225954055786132812e-01,4.461997449398040771e-01,3.709989190101623535e-01,3.695190548896789551e-01,2.053146660327911377e-01,2.747723460197448730e-01,3.102234303951263428e-01,2.856750190258026123e-01,4.499953687191009521e-01,4.337889552116394043e-01,1.290207654237747192e-01,1.000000000000000000e+00,7.379834055900573730e-01,3.243278861045837402e-01,3.358057737350463867e-01,3.071920573711395264e-01,-7.983166724443435669e-03,7.849313318729400635e-03,1.987084299325942993e-01,3.350670933723449707e-01,-1.484002545475959778e-02,7.987742871046066284e-02,2.695939242839813232e-01,2.235033512115478516e-01,4.977616369724273682e-01,5.484966039657592773e-01,1.113714277744293213e-01,2.988630831241607666e-01,4.759900271892547607e-01,4.661004245281219482e-01,2.635898590087890625e-01,2.716482877731323242e-01
3.991171419620513916e-01,3.777940571308135986e-01,3.427145481109619141e-01,3.203029334545135498e-01,4.324156045913696289e-01,4.461656808853149414e-01,6.138272285461425781e-01,2.152917385101318359e-01,2.153840810060501099e-01,1.950562745332717896e-01,7.597255706787109375e-02,5.017412453889846802e-02,2.805432677268981934e-01,4.757977649569511414e-02,1.433985382318496704e-01,2.161624580621719360e-01,5.358420014381408691e-01,4.529049396514892578e-01,4.829567670822143555e-01,4.337226450443267822e-01,2.190144062042236328e-01,3.035440146923065186e-01,3.215968012809753418e-01,3.189358115196228027e-01,3.186655342578887939e-01,3.932694494724273682e-01,2.307526580989360809e-02,7.379834055900573730e-01,1.000000000000000000e+00,3.955495357513427734e-01,3.737378120422363281e-01,3.602543175220489502e-01,5.412035435438156128e-02,5.593846086412668228e-03,1.424468010663986206e-01,3.967349231243133545e-01,4.218753799796104431e-02,3.683889284729957581e-03,2.685834467411041260e-01,2.916044294834136963e-01,4.336278736591339111e-01,6.025069952011108398e-01,3.027009069919586182e-01,3.424653112888336182e-01,4.998620152473449707e-01,5.620765686035156250e-01,2.953378260135650635e-01,2.054794579744338989e-01
2.225322574377059937e-01,3.007366359233856201e-01,3.148815631866455078e-01,2.475651800632476807e-01,2.924584746360778809e-01,4.422198235988616943e-01,3.982196748256683350e-01,1.081252396106719971e-01,3.929147720336914062e-01,3.870217800140380859e-01,8.899295702576637268e-03,2.255447357892990112e-01,2.346266359090805054e-01,-1.301672458648681641e-01,1.944319903850555420e-02,9.970247000455856323e-02,3.067939579486846924e-01,2.345646917819976807e-01,3.254086375236511230e-01,4.292853176593780518e-01,4.489814341068267822e-01,3.953455686569213867e-01,2.335674464702606201e-01,3.441288471221923828e-01,3.201879560947418213e-01,3.095711469650268555e-01,2.321670353412628174e-01,3.243278861045837402e-01,3.955495357513427734e-01,1.000000000000000000e+00,6.071527600288391113e-01,2.958509027957916260e-01,6.945852190256118774e-02,-1.719573140144348145e-02,1.851315498352050781e-01,3.427550494670867920e-01,-4.896423220634460449e-02,-3.854968026280403137e-02,2.021822482347488403e-01,2.301415354013442993e-01,2.986550927162170410e-01,3.679763674736022949e-01,3.615043461322784424e-01,3.739615082740783691e-01,3.652430772781372070e-01,2.902713119983673096e-01,2.449572533369064331e-01,2.068731337785720825e-01
4.805998802185058594e-01,3.275143504142761230e-01,4.336299598217010498e-01,4.626445472240447998e-01,2.407635599374771118e-01,3.878899812698364258e-01,4.460429549217224121e-01,1.745663583278656006e-01,3.712226450443267822e-01,3.870263397693634033e-01,7.674025371670722961e-03,3.005945682525634766e-01,3.011092841625213623e-01,-1.474933698773384094e-02,1.569228470325469971e-01,3.253859281539916992e-01,4.063021540641784668e-01,3.384750783443450928e-01,4.325565993785858154e-01,4.615879058837890625e-01,3.756227791309356689e-01,6.250920295715332031e-01,3.037223219871520996e-01,4.580428600311279297e-01,1.895241737365722656e-01,2.948894500732421875e-01,6.020932272076606750e-02,3.358057737350463867e-01,3.737378120422363281e-01,6.071527600288391113e-01,1.000000000000000000e+00,6.404185891151428223e-01,2.092899233102798462e-01,4.171145707368850708e-02,2.101112455129623413e-01,5.265836715698242188e-01,2.370048873126506805e-02,-6.673103570938110352e-02,2.864817082881927490e-01,3.019972443580627441e-01,2.856013774871826172e-01,3.639502227306365967e-01,1.536061167716979980e-01,3.696930706501007080e-01,3.930542171001434326e-01,3.778990209102630615e-01,4.584191739559173584e-01,3.610002696514129639e-01
5.092514753341674805e-01,2.283623963594436646e-01,2.689824998378753662e-01,2.874484360218048096e-01,1.148115657269954681e-02,1.950889825820922852e-01,3.340163528919219971e-01,2.048330754041671753e-01,1.393879204988479614e-01,1.989390403032302856e-01,2.768615260720252991e-02,1.233220696449279785e-01,1.306621134281158447e-01,1.979412138462066650e-01,1.634778678417205811e-01,2.770334184169769287e-01,3.133645355701446533e-01,2.543913125991821289e-01,3.038203120231628418e-01,3.096900582313537598e-01,2.166932821273803711e-01,4.955602884292602539e-01,3.527505695819854736e-01,5.014501214027404785e-01,-7.295845448970794678e-02,1.876261383295059204e-01,-1.379866600036621094e-01,3.071920573711395264e-01,3.602543175220489502e-01,2.958509027957916260e-01,6.404185891151428223e-01,1.000000000000000000e+00,1.809223294258117676e-01,1.117140427231788635e-01,2.353695221245288849e-02,5.756165385246276855e-01,1.951554268598556519e-01,-1.033824533224105835e-01,2.545287013053894043e-01,3.357601463794708252e-01,2.432028949260711670e-01,2.664473354816436768e-01,5.447267740964889526e-02,2.211338281631469727e-01,2.522007524967193604e-01,3.957209885120391846e-01,5.090448856353759766e-01,3.891400098800659180e-01
4.646673500537872314e-01,8.848456200212240219e-04,2.766621112823486328e-01,1.582758575677871704e-01,2.503499388694763184e-02,-2.946203015744686127e-02,1.812614798545837402e-01,2.328789234161376953e-01,5.809713900089263916e-02,1.751950979232788086e-01,6.524117290973663330e-02,3.287132978439331055e-01,1.177568286657333374e-01,2.395378500223159790e-01,1.070502325892448425e-01,2.922585308551788330e-01,2.138241976499557495e-01,9.010950475931167603e-02,1.855234950780868530e-01,1.039710491895675659e-01,1.680406033992767334e-01,3.081043660640716553e-01,2.400567382574081421e-01,2.311815135180950165e-02,1.406076736748218536e-02,2.541237771511077881e-01,7.217986136674880981e-02,-7.983166724443435669e-03,5.412035435438156128e-02,6.945852190256118774e-02,2.092899233102798462e-01,1.809223294258117676e-01,1.000000000000000000e+00,1.444637477397918701e-01,4.638790339231491089e-02,1.495845764875411987e-01,1.210563629865646362e-01,3.611380979418754578e-02,1.482572555541992188e-01,3.349886834621429443e-02,-5.727748572826385498e-02,-5.934068933129310608e-02,6.296309176832437515e-03,2.112179249525070190e-01,5.418471526354551315e-03,1.521935909986495972e-01,1.642427593469619751e-01,2.627820968627929688e-01
