1.000000000000000000e+00,6.497296094894409180e-01,2.338088005781173706e-01,1.729139834642410278e-01,6.457127332687377930e-01,4.915570616722106934e-01,2.837820053100585938e-01,5.112761855125427246e-01,6.584435105323791504e-01,5.027827620506286621e-01,3.416568338871002197e-01,4.004496037960052490e-01,2.976970374584197998e-01,7.551959156990051270e-02,3.777244687080383301e-01,2.755253612995147705e-01,9.075233340263366699e-02,1.349418014287948608e-01,-3.028502501547336578e-02,-4.135686159133911133e-02,3.837844729423522949e-02,-1.429113838821649551e-02,-1.927063800394535065e-02,-1.219066157937049866e-01,5.599049329757690430e-01,1.128407418727874756e-01,5.854704380035400391e-01,7.064451575279235840e-01,3.634997010231018066e-01,5.448456481099128723e-02,2.804074250161647797e-02,-3.770104050636291504e-02,6.064612269401550293e-01,2.956987023353576660e-01,3.467339873313903809e-01,6.021396443247795105e-02,1.465428322553634644e-01,4.012434780597686768e-01,1.742496788501739502e-01,-3.202141076326370239e-02,6.586241722106933594e-01,3.906560838222503662e-01,-2.129947021603584290e-02,5.136026740074157715e-01,1.905094385147094727e-01,1.569330394268035889e-01,-1.834268718957901001e-01,-2.817085385322570801e-02
6.497296094894409180e-01,1.000000000000000000e+00,1.821890175342559814e-01,1.788242310285568237e-01,6.529515981674194336e-01,5.968273282051086426e-01,2.592042982578277588e-01,2.616980671882629395e-01,7.132408022880554199e-01,6.481133103370666504e-01,2.806939184665679932e-01,5.930398702621459961e-01,3.719370663166046143e-01,-1.171263083815574646e-01,3.465922772884368896e-01,4.587181210517883301e-01,1.582522317767143250e-02,5.180349200963973999e-02,-8.481667935848236084e-02,-6.563530117273330688e-02,1.068595703691244125e-02,-4.585248976945877075e-02,2.048825770616531372e-01,9.431144595146179199e-02,3.325159847736358643e-01,5.328577011823654175e-02,5.163749456405639648e-01,5.828407406806945801e-01,4.939130544662475586e-01,1.217933222651481628e-01,-4.268905147910118103e-03,3.895708918571472168e-02,5.366171002388000488e-01,3.238635063171386719e-01,4.972247779369354248e-01,3.173777461051940918e-01,8.340844511985778809e-02,4.993010163307189941e-01,4.417064785957336426e-01,2.441700249910354614e-01,6.904834508895874023e-01,6.574051380157470703e-01,1.727379262447357178e-01,7.070534825325012207e-01,5.274433493614196777e-01,4.273968338966369629e-01,4.747199360281229019e-03,1.373775005340576172e-01
2.338088005781173706e-01,1.821890175342559814e-01,1.000000000000000000e+00,1.388047337532043457e-01,1.138575375080108643e-01,6.226627156138420105e-02,4.329851567745208740e-01,1.865596324205398560e-01,1.559286713600158691e-01,1.575227528810501099e-01,-2.434602193534374237e-02,6.161592900753021240e-02,9.435770660638809204e-02,4.432030767202377319e-02,1.275939941406250000e-01,1.622270345687866211e-01,1.240869909524917603e-01,6.424160301685333252e-02,1.748777478933334351e-01,2.200200855731964111e-01,1.119379028677940369e-01,1.333747506141662598e-01,2.471459358930587769e-01,1.311331093311309814e-01,5.924820527434349060e-02,5.483970642089843750e-01,2.899481654167175293e-01,3.685705065727233887e-01,2.473980486392974854e-01,6.126386672258377075e-02,7.309444248676300049e-02,1.025654301047325134e-01,8.404802531003952026e-02,9.638331085443496704e-02,3.710414841771125793e-02,1.592447161674499512e-01,5.286841467022895813e-02,1.627476215362548828e-01,1.803084760904312134e-01,2.284772992134094238e-01,1.485617011785507202e-01,5.855696275830268860e-02,-1.963371038436889648e-02,2.035037279129028320e-01,-1.108205541968345642e-01,-2.343403029954060912e-04,1.048428490757942200e-01,1.554553955793380737e-01
1.729139834642410278e-01,1.788242310285568237e-01,1.388047337532043457e-01,1.000000000000000000e+00,2.651154100894927979e-01,4.394639134407043457e-01,5.951552987098693848e-01,9.192667901515960693e-02,5.621758103370666504e-02,2.497372478246688843e-01,-1.328270882368087769e-01,-2.253304235637187958e-02,3.564879298210144043e-01,1.320630162954330444e-01,-5.519325286149978638e-02,2.143961787223815918e-01,5.008172988891601562e-01,2.842828035354614258e-01,5.404328107833862305e-01,5.445805191993713379e-01,4.663565754890441895e-01,2.984311580657958984e-01,2.044058442115783691e-01,3.834824562072753906e-01,-1.477656960487365723e-01,2.869448065757751465e-01,-1.862430013716220856e-02,3.026236593723297119e-01,4.988240599632263184e-01,5.807145833969116211e-01,4.103842377662658691e-01,2.694681584835052490e-01,-1.303444504737854004e-01,-1.498110592365264893e-01,1.237533241510391235e-01,1.949676722288131714e-01,2.853427454829216003e-02,-6.245772913098335266e-02,9.778702259063720703e-02,1.072141006588935852e-01,9.593390673398971558e-02,4.377384781837463379e-01,4.594202637672424316e-01,7.573763281106948853e-02,1.972696632146835327e-01,4.092130959033966064e-01,1.914832144975662231e-01,2.199492305517196655e-01
6.457127332687377930e-01,6.529515981674194336e-01,1.138575375080108643e-01,2.651154100894927979e-01,1.000000000000000000e+00,6.644426584243774414e-01,2.329397946596145630e-01,1.866657733917236328e-01,5.005363225936889648e-01,5.165336728096008301e-01,9.195898473262786865e-02,4.035688638687133789e-01,3.178278207778930664e-01,-9.976533055305480957e-02,2.209916859865188599e-01,4.098173677921295166e-01,-2.724888548254966736e-02,-3.273399174213409424e-02,-6.646897643804550171e-02,-4.470054060220718384e-03,3.245074674487113953e-02,-1.188337206840515137e-01,8.387774974107742310e-02,2.215563878417015076e-02,2.413232922554016113e-01,5.854726210236549377e-02,3.843758702278137207e-01,5.867446660995483398e-01,4.443724155426025391e-01,3.318573161959648132e-02,-7.330626249313354492e-02,-4.269890859723091125e-02,3.454565107822418213e-01,1.495484262704849243e-01,3.492410182952880859e-01,1.468666791915893555e-01,-3.127327933907508850e-02,3.296336829662322998e-01,3.662494122982025146e-01,1.230931431055068970e-01,6.092752814292907715e-01,5.574424862861633301e-01,1.869492977857589722e-01,5.229386687278747559e-01,3.447227776050567627e-01,3.415154814720153809e-01,-1.157325580716133118e-01,-5.863386020064353943e-02
4.915570616722106934e-01,5.968273282051086426e-01,6.226627156138420105e-02,4.394639134407043457e-01,6.644426584243774414e-01,1.000000000000000000e+00,3.171216547489166260e-01,-9.818412363529205322e-03,4.098981320858001709e-01,6.146722435951232910e-01,-9.055865928530693054e-03,4.275555908679962158e-01,4.784139990806579590e-01,-1.839379370212554932e-01,6.435924023389816284e-02,4.605540633201599121e-01,9.117784909904003143e-03,-7.675019651651382446e-02,2.613299153745174408e-02,2.476934157311916351e-02,4.848477244377136230e-02,-9.171454608440399170e-02,1.100958585739135742e-01,2.035091668367385864e-01,6.977404654026031494e-02,2.960436278954148293e-03,1.909528225660324097e-01,5.429881215095520020e-01,6.254733204841613770e-01,1.773697882890701294e-01,-2.556076645851135254e-02,2.822939492762088776e-02,2.337564378976821899e-01,3.698080033063888550e-02,2.947501242160797119e-01,2.343905717134475708e-01,-1.246190592646598816e-01,2.065519243478775024e-01,3.691961169242858887e-01,2.435647398233413696e-01,5.615901350975036621e-01,7.063781619071960449e-01,2.608794271945953369e-01,4.604637324810028076e-01,4.822235107421875000e-01,4.525074958801269531e-01,7.062602043151855469e-02,8.165302127599716187e-02
2.837820053100585938e-01,2.592042982578277588e-01,4.329851567745208740e-01,5.951552987098693848e-01,2.329397946596145630e-01,3.171216547489166260e-01,1.000000000000000000e+00,3.129146397113800049e-01,1.937723308801651001e-01,3.246233463287353516e-01,1.002013608813285828e-01,1.063552200794219971e-01,4.096131324768066406e-01,2.336560934782028198e-01,1.884979158639907837e-01,2.268971800804138184e-01,6.955518126487731934e-01,5.764573216438293457e-01,5.206819176673889160e-01,5.568403005599975586e-01,5.258835554122924805e-01,5.228384137153625488e-01,2.617638707160949707e-01,3.553740680217742920e-01,2.069014869630336761e-02,5.041483044624328613e-01,1.755046993494033813e-01,2.978852689266204834e-01,4.451948702335357666e-01,5.281150937080383301e-01,5.692717432975769043e-01,4.082012772560119629e-01,8.296595513820648193e-02,4.723202064633369446e-02,2.830906808376312256e-01,2.793348729610443115e-01,9.852093458175659180e-02,1.586520820856094360e-01,7.887335121631622314e-02,1.213893294334411621e-01,6.615123897790908813e-02,3.604806959629058838e-01,4.551071524620056152e-01,1.952946037054061890e-01,2.128200232982635498e-01,3.571015894412994385e-01,2.337527424097061157e-01,3.314438462257385254e-01
5.112761855125427246e-01,2.616980671882629395e-01,1.865596324205398560e-01,9.192667901515960693e-02,1.866657733917236328e-01,-9.818412363529205322e-03,3.129146397113800049e-01,1.000000000000000000e+00,4.196698963642120361e-01,4.727831482887268066e-02,6.395346522331237793e-01,1.189231649041175842e-01,8.696845918893814087e-02,6.387725472450256348e-01,6.193969249725341797e-01,9.541194140911102295e-02,3.935135900974273682e-01,4.802597761154174805e-01,2.739569842815399170e-01,2.480513900518417358e-01,2.539185285568237305e-01,2.670599520206451416e-01,2.825308963656425476e-02,-9.357415884733200073e-02,5.947211384773254395e-01,2.542683184146881104e-01,5.136961936950683594e-01,1.875669360160827637e-01,2.134667038917541504e-01,2.431359887123107910e-01,3.563721179962158203e-01,1.306382864713668823e-01,5.319311022758483887e-01,4.758650958538055420e-01,1.946421265602111816e-01,-3.784810751676559448e-02,6.372823715209960938e-01,4.291587769985198975e-01,-9.838679432868957520e-02,-1.880257725715637207e-01,1.406538337469100952e-01,5.092181637883186340e-02,7.715751975774765015e-02,2.007832378149032593e-01,-1.159586850553750992e-02,1.769025693647563457e-04,-1.315713226795196533e-01,-2.176048234105110168e-02
6.584435105323791504e-01,7.132408022880554199e-01,1.559286713600158691e-01,5.621758103370666504e-02,5.005363225936889648e-01,4.098981320858001709e-01,1.937723308801651001e-01,4.196698963642120361e-01,1.000000000000000000e+00,5.853719711303710938e-01,4.900588989257812500e-01,5.797727108001708984e-01,3.479283452033996582e-01,1.789716631174087524e-02,4.148639440536499023e-01,3.735375106334686279e-01,7.673711329698562622e-02,1.150858774781227112e-01,-4.209113866090774536e-02,-5.746757984161376953e-02,3.992992267012596130e-02,1.045091077685356140e-02,-1.003831848502159119e-01,-6.577167659997940063e-02,5.166697502136230469e-01,2.324499003589153290e-02,5.165247321128845215e-01,4.540567994117736816e-01,2.833531796932220459e-01,-2.048092707991600037e-02,3.447289811447262764e-03,-2.342493459582328796e-02,6.077417731285095215e-01,3.749530613422393799e-01,4.414778649806976318e-01,7.214942574501037598e-02,2.378046959638595581e-01,5.197635889053344727e-01,2.856084704399108887e-01,-6.358885020017623901e-02,5.802913904190063477e-01,4.576055705547332764e-01,3.503992035984992981e-02,6.665914058685302734e-01,3.953894376754760742e-01,2.835004031658172607e-01,-1.241174340248107910e-01,-5.462220869958400726e-03
5.027827620506286621e-01,6.481133103370666504e-01,1.575227528810501099e-01,2.497372478246688843e-01,5.165336728096008301e-01,6.146722435951232910e-01,3.246233463287353516e-01,4.727831482887268066e-02,5.853719711303710938e-01,1.000000000000000000e+00,1.654836535453796387e-01,6.335051059722900391e-01,5.979781746864318848e-01,-9.956351667642593384e-02,1.889222264289855957e-01,4.475740492343902588e-01,1.176436170935630798e-01,2.261967957019805908e-02,6.289077550172805786e-02,8.051326125860214233e-02,1.296302378177642822e-01,3.850161284208297729e-02,1.502087861299514771e-01,2.720856070518493652e-01,1.322159767150878906e-01,7.045582402497529984e-03,2.248139381408691406e-01,4.697520732879638672e-01,3.365081250667572021e-01,6.245846673846244812e-02,5.723930895328521729e-02,2.744448184967041016e-02,2.449585944414138794e-01,9.510476887226104736e-02,2.438594996929168701e-01,2.923518121242523193e-01,-5.509592965245246887e-02,2.683204710483551025e-01,3.726131021976470947e-01,2.188090980052947998e-01,5.645136833190917969e-01,6.723835468292236328e-01,3.002496361732482910e-01,5.682784318923950195e-01,5.468862652778625488e-01,6.156684756278991699e-01,6.463343650102615356e-02,1.957617104053497314e-01
3.416568338871002197e-01,2.806939184665679932e-01,-2.434602193534374237e-02,-1.328270882368087769e-01,9.195898473262786865e-02,-9.055865928530693054e-03,1.002013608813285828e-01,6.395346522331237793e-01,4.900588989257812500e-01,1.654836535453796387e-01,1.000000000000000000e+00,4.053659737110137939e-01,2.125747501850128174e-02,4.522445797920227051e-01,6.174135804176330566e-01,4.578352719545364380e-02,1.590385586023330688e-01,2.186725437641143799e-01,-1.417714543640613556e-02,-5.187876150012016296e-02,-2.329732524231076241e-03,8.437650650739669800e-02,-1.753120273351669312e-01,-6.792476028203964233e-02,6.530122756958007812e-01,-4.731357097625732422e-02,4.394613206386566162e-01,3.008765168488025665e-02,2.922992035746574402e-02,-3.561682254076004028e-02,1.575956195592880249e-01,-8.502638898789882660e-03,5.932424664497375488e-01,5.430997610092163086e-01,2.770023643970489502e-01,-4.964708536863327026e-02,6.037207245826721191e-01,4.755821526050567627e-01,-5.934684723615646362e-02,-2.385229170322418213e-01,9.867125004529953003e-02,6.423726677894592285e-02,5.577780678868293762e-02,2.411797940731048584e-01,2.066746205091476440e-01,1.657732278108596802e-01,-1.319057047367095947e-01,-1.093991473317146301e-01
4.004496037960052490e-01,5.930398702621459961e-01,6.161592900753021240e-02,-2.253304235637187958e-02,4.035688638687133789e-01,4.275555908679962158e-01,1.063552200794219971e-01,1.189231649041175842e-01,5.797727108001708984e-01,6.335051059722900391e-01,4.053659737110137939e-01,1.000000000000000000e+00,3.118099570274353027e-01,-1.955531165003776550e-02,4.781139194965362549e-01,5.118327736854553223e-01,-2.445053309202194214e-02,-8.927787095308303833e-02,-1.252553015947341919e-01,-7.007277756929397583e-02,2.756601572036743164e-02,1.928467862308025360e-02,1.218207329511642456e-01,1.529797762632369995e-01,3.218815922737121582e-01,-1.649205535650253296e-01,3.659821450710296631e-01,4.034447669982910156e-01,2.663796544075012207e-01,-1.237615197896957397e-02,-5.573700182139873505e-03,1.492157019674777985e-02,4.180967807769775391e-01,4.001954197883605957e-01,3.899672925472259521e-01,2.380317896604537964e-01,1.101348400115966797e-01,5.655605196952819824e-01,5.774399042129516602e-01,2.107465714216232300e-01,4.614305496215820312e-01,4.148722290992736816e-01,1.581805795431137085e-01,6.548877358436584473e-01,4.102054536342620850e-01,4.391863048076629639e-01,7.647190988063812256e-02,9.619256108999252319e-02
2.976970374584197998e-01,3.719370663166046143e-01,9.435770660638809204e-02,3.564879298210144043e-01,3.178278207778930664e-01,4.784139990806579590e-01,4.096131324768066406e-01,8.696845918893814087e-02,3.479283452033996582e-01,5.979781746864318848e-01,2.125747501850128174e-02,3.118099570274353027e-01,1.000000000000000000e+00,-9.414634853601455688e-02,5.027505382895469666e-02,5.273473262786865234e-01,2.785756289958953857e-01,2.082579135894775391e-01,2.111414223909378052e-01,2.674134969711303711e-01,3.513620793819427490e-01,1.967033296823501587e-01,3.207724988460540771e-01,3.394846320152282715e-01,6.489365547895431519e-02,9.188771992921829224e-02,1.130965799093246460e-01,2.744014561176300049e-01,2.637986242771148682e-01,2.204980701208114624e-01,2.171392291784286499e-01,1.229661628603935242e-01,1.107518672943115234e-01,2.155222371220588684e-02,1.467573046684265137e-01,3.570387065410614014e-01,-1.153953224420547485e-01,1.521773934364318848e-01,2.512450218200683594e-01,1.689628362655639648e-01,3.654980063438415527e-01,5.222963690757751465e-01,3.912943601608276367e-01,3.047910630702972412e-01,4.325821101665496826e-01,4.904291331768035889e-01,1.577899307012557983e-01,2.441249489784240723e-01
7.551959156990051270e-02,-1.171263083815574646e-01,4.432030767202377319e-02,1.320630162954330444e-01,-9.976533055305480957e-02,-1.839379370212554932e-01,2.336560934782028198e-01,6.387725472450256348e-01,1.789716631174087524e-02,-9.956351667642593384e-02,4.522445797920227051e-01,-1.955531165003776550e-02,-9.414634853601455688e-02,1.000000000000000000e+00,4.505850076675415039e-01,-1.423545330762863159e-01,4.694443345069885254e-01,4.658609628677368164e-01,3.613246083259582520e-01,3.487199246883392334e-01,3.312853872776031494e-01,3.989974260330200195e-01,-7.744422554969787598e-02,3.952417522668838501e-02,1.324171125888824463e-01,9.856434166431427002e-02,2.564814500510692596e-02,-1.263479888439178467e-01,2.478505671024322510e-02,2.806736230850219727e-01,4.584617912769317627e-01,2.441080957651138306e-01,2.284594066441059113e-02,1.237004175782203674e-01,9.586366824805736542e-03,-1.283287256956100464e-01,6.118252873420715332e-01,6.939647346735000610e-02,-2.943828999996185303e-01,-2.646769881248474121e-01,-2.239679992198944092e-01,-6.209912896156311035e-02,1.339365392923355103e-01,-1.556985378265380859e-01,-6.599358469247817993e-02,-1.767118088901042938e-02,2.931815199553966522e-02,9.349588304758071899e-02
3.777244687080383301e-01,3.465922772884368896e-01,1.275939941406250000e-01,-5.519325286149978638e-02,2.209916859865188599e-01,6.435924023389816284e-02,1.884979158639907837e-01,6.193969249725341797e-01,4.148639440536499023e-01,1.889222264289855957e-01,6.174135804176330566e-01,4.781139194965362549e-01,5.027505382895469666e-02,4.505850076675415039e-01,1.000000000000000000e+00,3.178617358207702637e-01,2.911433279514312744e-01,3.452670872211456299e-01,1.146015226840972900e-01,1.725015938282012939e-01,2.413949817419052124e-01,2.756009995937347412e-01,8.268244564533233643e-02,1.036515459418296814e-01,4.648176729679107666e-01,5.377388745546340942e-02,4.176225364208221436e-01,1.790417879819869995e-01,2.385920137166976929e-01,1.865903437137603760e-01,3.263423442840576172e-01,2.109031081199645996e-01,5.035040974617004395e-01,5.826970338821411133e-01,2.836159169673919678e-01,2.280552289448678493e-04,4.368311464786529541e-01,6.801796555519104004e-01,2.190272957086563110e-01,4.242644831538200378e-02,1.448398679494857788e-01,1.478716731071472168e-01,1.611206978559494019e-01,4.295468926429748535e-01,1.429392546415328979e-01,1.664169132709503174e-01,9.602533280849456787e-02,1.559555530548095703e-01
2.755253612995147705e-01,4.587181210517883301e-01,1.622270345687866211e-01,2.143961787223815918e-01,4.098173677921295166e-01,4.605540633201599121e-01,2.268971800804138184e-01,9.541194140911102295e-02,3.735375106334686279e-01,4.475740492343902588e-01,4.578352719545364380e-02,5.118327736854553223e-01,5.273473262786865234e-01,-1.423545330762863159e-01,3.178617358207702637e-01,1.000000000000000000e+00,1.353026330471038818e-01,2.820970118045806885e-02,1.419247686862945557e-01,2.054172903299331665e-01,2.202346622943878174e-01,8.826921135187149048e-02,3.476614952087402344e-01,2.887156903743743896e-01,1.306845545768737793e-01,-9.951604297384619713e-04,2.046268135309219360e-01,3.606611788272857666e-01,3.919439017772674561e-01,2.025177627801895142e-01,1.343720257282257080e-01,9.912810474634170532e-02,2.194683998823165894e-01,2.817575037479400635e-01,2.799307107925415039e-01,3.203661143779754639e-01,-1.482099061831831932e-03,4.561298787593841553e-01,6.752048134803771973e-01,4.691381752490997314e-01,4.267719388008117676e-01,4.496841728687286377e-01,2.816099822521209717e-01,5.723998546600341797e-01,3.236684203147888184e-01,3.781988024711608887e-01,1.619257330894470215e-01,1.889850944280624390e-01
9.075233340263366699e-02,1.582522317767143250e-02,1.240869909524917603e-01,5.008172988891601562e-01,-2.724888548254966736e-02,9.117784909904003143e-03,6.955518126487731934e-01,3.935135900974273682e-01,7.673711329698562622e-02,1.176436170935630798e-01,1.590385586023330688e-01,-2.445053309202194214e-02,2.785756289958953857e-01,4.694443345069885254e-01,2.911433279514312744e-01,1.353026330471038818e-01,1.000000000000000000e+00,7.913736701011657715e-01,7.223309874534606934e-01,7.090993523597717285e-01,7.116927504539489746e-01,7.212687134742736816e-01,1.856740713119506836e-01,3.585902452468872070e-01,-4.610070586204528809e-02,2.860785722732543945e-01,-1.550535019487142563e-02,-2.109088003635406494e-02,2.327582091093063354e-01,6.196733117103576660e-01,8.157349824905395508e-01,5.544160604476928711e-01,-4.088455438613891602e-02,2.261480549350380898e-03,1.347050219774246216e-01,1.435639858245849609e-01,2.339008003473281860e-01,6.435338407754898071e-02,-8.418044447898864746e-02,2.826653048396110535e-02,-1.332485824823379517e-01,1.343763172626495361e-01,4.995957016944885254e-01,3.146845847368240356e-03,7.889579981565475464e-02,2.329897731542587280e-01,2.928011715412139893e-01,3.963100612163543701e-01
1.349418014287948608e-01,5.180349200963973999e-02,6.424160301685333252e-02,2.842828035354614258e-01,-3.273399174213409424e-02,-7.675019651651382446e-02,5.764573216438293457e-01,4.802597761154174805e-01,1.150858774781227112e-01,2.261967957019805908e-02,2.186725437641143799e-01,-8.927787095308303833e-02,2.082579135894775391e-01,4.658609628677368164e-01,3.452670872211456299e-01,2.820970118045806885e-02,7.913736701011657715e-01,1.000000000000000000e+00,5.352017879486083984e-01,5.871689915657043457e-01,7.065294981002807617e-01,7.781419157981872559e-01,8.622352033853530884e-02,2.047508060932159424e-01,1.006708759814500809e-02,2.332275807857513428e-01,5.422778055071830750e-02,-9.116085618734359741e-02,1.700754165649414062e-01,5.740990638732910156e-01,8.049690723419189453e-01,5.609460473060607910e-01,1.365492641925811768e-01,1.224096342921257019e-01,1.622271239757537842e-01,8.200087584555149078e-03,2.144756615161895752e-01,1.298231780529022217e-01,-1.922727823257446289e-01,-9.913133829832077026e-02,-1.427055001258850098e-01,9.672691673040390015e-02,3.788528442382812500e-01,1.279803831130266190e-02,7.946326583623886108e-02,1.023561656475067139e-01,2.574356794357299805e-01,4.842438399791717529e-01
-3.028502501547336578e-02,-8.481667935848236084e-02,1.748777478933334351e-01,5.404328107833862305e-01,-6.646897643804550171e-02,2.613299153745174408e-02,5.206819176673889160e-01,2.739569842815399170e-01,-4.209113866090774536e-02,6.289077550172805786e-02,-1.417714543640613556e-02,-1.252553015947341919e-01,2.111414223909378052e-01,3.613246083259582520e-01,1.146015226840972900e-01,1.419247686862945557e-01,7.223309874534606934e-01,5.352017879486083984e-01,1.000000000000000000e+00,8.569545149803161621e-01,6.776690483093261719e-01,6.070545315742492676e-01,2.504643797874450684e-01,3.217308819293975830e-01,-1.717706024646759033e-01,2.923449277877807617e-01,-1.315860748291015625e-01,-5.028563318774104118e-04,3.349205553531646729e-01,5.726974606513977051e-01,6.434782147407531738e-01,4.586659967899322510e-01,-1.900452524423599243e-01,-7.642557471990585327e-02,-1.425522565841674805e-01,4.610143601894378662e-02,1.787201464176177979e-01,-1.928802579641342163e-02,1.648206636309623718e-02,1.453408151865005493e-01,-1.373970359563827515e-01,1.240597516298294067e-01,5.040448307991027832e-01,-2.829433605074882507e-02,-5.578868836164474487e-02,1.796276420354843140e-01,1.951554566621780396e-01,2.538968026638031006e-01
-4.135686159133911133e-02,-6.563530117273330688e-02,2.200200855731964111e-01,5.445805191993713379e-01,-4.470054060220718384e-03,2.476934157311916351e-02,5.568403005599975586e-01,2.480513900518417358e-01,-5.746757984161376953e-02,8.051326125860214233e-02,-5.187876150012016296e-02,-7.007277756929397583e-02,2.674134969711303711e-01,3.487199246883392334e-01,1.725015938282012939e-01,2.054172903299331665e-01,7.090993523597717285e-01,5.871689915657043457e-01,8.569545149803161621e-01,1.000000000000000000e+00,7.956644892692565918e-01,6.950289011001586914e-01,2.931719720363616943e-01,4.213115572929382324e-01,-2.177988588809967041e-01,3.301264941692352295e-01,-1.273099929094314575e-01,-2.944240346550941467e-02,3.157555758953094482e-01,6.109892129898071289e-01,6.950327157974243164e-01,5.067431926727294922e-01,-1.542098075151443481e-01,-7.985942647792398930e-04,-8.857659250497817993e-02,2.162553183734416962e-02,1.294852197170257568e-01,6.368663161993026733e-02,7.712543010711669922e-02,1.570975184440612793e-01,-1.659201830625534058e-01,1.560252457857131958e-01,5.515535473823547363e-01,1.981218717992305756e-02,-3.576871380209922791e-02,2.312004864215850830e-01,3.038394749164581299e-01,3.977332413196563721e-01
3.837844729423522949e-02,1.068595703691244125e-02,1.119379028677940369e-01,4.663565754890441895e-01,3.245074674487113953e-02,4.848477244377136230e-02,5.258835554122924805e-01,2.539185285568237305e-01,3.992992267012596130e-02,1.296302378177642822e-01,-2.329732524231076241e-03,2.756601572036743164e-02,3.513620793819427490e-01,3.312853872776031494e-01,2.413949817419052124e-01,2.202346622943878174e-01,7.116927504539489746e-01,7.065294981002807617e-01,6.776690483093261719e-01,7.956644892692565918e-01,1.000000000000000000e+00,8.124455809593200684e-01,2.740607261657714844e-01,4.121203124523162842e-01,-1.923883706331253052e-01,1.791650950908660889e-01,-1.297964304685592651e-01,-6.075229495763778687e-02,2.622098326683044434e-01,6.200431585311889648e-01,7.667438387870788574e-01,5.869031548500061035e-01,-7.788455486297607422e-02,3.978431969881057739e-02,7.788690924644470215e-02,7.556396722793579102e-02,9.124688059091567993e-02,7.575733214616775513e-02,5.853944644331932068e-02,8.384008705615997314e-02,-9.780482947826385498e-02,1.992127746343612671e-01,5.518889427185058594e-01,6.279237568378448486e-02,9.728027880191802979e-02,2.675265669822692871e-01,4.027108252048492432e-01,5.509006977081298828e-01
-1.429113838821649551e-02,-4.585248976945877075e-02,1.333747506141662598e-01,2.984311580657958984e-01,-1.188337206840515137e-01,-9.171454608440399170e-02,5.228384137153625488e-01,2.670599520206451416e-01,1.045091077685356140e-02,3.850161284208297729e-02,8.437650650739669800e-02,1.928467862308025360e-02,1.967033296823501587e-01,3.989974260330200195e-01,2.756009995937347412e-01,8.826921135187149048e-02,7.212687134742736816e-01,7.781419157981872559e-01,6.070545315742492676e-01,6.950289011001586914e-01,8.124455809593200684e-01,1.000000000000000000e+00,1.557473242282867432e-01,3.464710116386413574e-01,-1.402747333049774170e-01,1.796543747186660767e-01,-5.060874298214912415e-02,-7.888766378164291382e-02,1.881072819232940674e-01,6.042018532752990723e-01,8.327023386955261230e-01,6.869144439697265625e-01,-2.997657656669616699e-02,7.390120625495910645e-02,1.157273054122924805e-01,5.502222478389739990e-02,1.178686693310737610e-01,1.081134080886840820e-01,-2.035956643521785736e-02,4.689566418528556824e-02,-1.518767029047012329e-01,6.535711139440536499e-02,4.337188899517059326e-01,3.196376143023371696e-03,8.989061228930950165e-03,1.399671733379364014e-01,4.273988306522369385e-01,6.552810668945312500e-01
-1.927063800394535065e-02,2.048825770616531372e-01,2.471459358930587769e-01,2.044058442115783691e-01,8.387774974107742310e-02,1.100958585739135742e-01,2.617638707160949707e-01,2.825308963656425476e-02,-1.003831848502159119e-01,1.502087861299514771e-01,-1.753120273351669312e-01,1.218207329511642456e-01,3.207724988460540771e-01,-7.744422554969787598e-02,8.268244564533233643e-02,3.476614952087402344e-01,1.856740713119506836e-01,8.622352033853530884e-02,2.504643797874450684e-01,2.931719720363616943e-01,2.740607261657714844e-01,1.557473242282867432e-01,1.000000000000000000e+00,4.386819005012512207e-01,-1.277161091566085815e-01,1.553796976804733276e-01,8.815101534128189087e-02,2.032734900712966919e-01,2.789689898490905762e-01,2.985937297344207764e-01,1.534384936094284058e-01,1.328985393047332764e-01,-1.396975219249725342e-01,8.071979880332946777e-02,6.327219307422637939e-02,6.180226802825927734e-01,-6.318978220224380493e-02,1.592482477426528931e-01,4.066917300224304199e-01,6.303395628929138184e-01,1.582958698272705078e-01,2.371515333652496338e-01,3.709797859191894531e-01,2.072653919458389282e-01,1.099982485175132751e-01,3.520058691501617432e-01,2.652002871036529541e-01,2.887097597122192383e-01
-1.219066157937049866e-01,9.431144595146179199e-02,1.311331093311309814e-01,3.834824562072753906e-01,2.215563878417015076e-02,2.035091668367385864e-01,3.553740680217742920e-01,-9.357415884733200073e-02,-6.577167659997940063e-02,2.720856070518493652e-01,-6.792476028203964233e-02,1.529797762632369995e-01,3.394846320152282715e-01,3.952417522668838501e-02,1.036515459418296814e-01,2.887156903743743896e-01,3.585902452468872070e-01,2.047508060932159424e-01,3.217308819293975830e-01,4.213115572929382324e-01,4.121203124523162842e-01,3.464710116386413574e-01,4.386819005012512207e-01,1.000000000000000000e+00,-2.347732037305831909e-01,1.735977381467819214e-01,-1.169524043798446655e-01,2.437426708638668060e-02,2.446707040071487427e-01,4.353663325309753418e-01,4.537471532821655273e-01,4.061433076858520508e-01,-1.783495992422103882e-01,-3.206121735274791718e-03,1.185474097728729248e-01,3.404539227485656738e-01,-3.869334468618035316e-03,5.753961578011512756e-02,2.489911913871765137e-01,3.881153464317321777e-01,2.995850704610347748e-02,3.149123787879943848e-01,4.947594702243804932e-01,8.779659867286682129e-02,2.334502637386322021e-01,5.155061483383178711e-01,6.610089540481567383e-01,5.150633454322814941e-01
5.599049329757690430e-01,3.325159847736358643e-01,5.924820527434349060e-02,-1.477656960487365723e-01,2.413232922554016113e-01,6.977404654026031494e-02,2.069014869630336761e-02,5.947211384773254395e-01,5.166697502136230469e-01,1.322159767150878906e-01,6.530122756958007812e-01,3.218815922737121582e-01,6.489365547895431519e-02,1.324171125888824463e-01,4.648176729679107666e-01,1.306845545768737793e-01,-4.610070586204528809e-02,1.006708759814500809e-02,-1.717706024646759033e-01,-2.177988588809967041e-01,-1.923883706331253052e-01,-1.402747333049774170e-01,-1.277161091566085815e-01,-2.347732037305831909e-01,1.000000000000000000e+00,3.531487286090850830e-02,6.562030315399169922e-01,3.571330904960632324e-01,1.073696985840797424e-01,-1.256587058305740356e-01,-7.722242176532745361e-02,-1.885732263326644897e-01,7.328709363937377930e-01,6.311476230621337891e-01,2.442577034235000610e-01,-2.548962645232677460e-02,4.300127923488616943e-01,5.397052168846130371e-01,5.638134106993675232e-02,-2.020811885595321655e-01,3.343523442745208740e-01,-1.377610582858324051e-02,-1.570197790861129761e-01,3.172791600227355957e-01,1.393144670873880386e-02,1.301733870059251785e-02,-2.463454157114028931e-01,-3.135676980018615723e-01
1.128407418727874756e-01,5.328577011823654175e-02,5.483970642089843750e-01,2.869448065757751465e-01,5.854726210236549377e-02,2.960436278954148293e-03,5.041483044624328613e-01,2.542683184146881104e-01,2.324499003589153290e-02,7.045582402497529984e-03,-4.731357097625732422e-02,-1.649205535650253296e-01,9.188771992921829224e-02,9.856434166431427002e-02,5.377388745546340942e-02,-9.951604297384619713e-04,2.860785722732543945e-01,2.332275807857513428e-01,2.923449277877807617e-01,3.301264941692352295e-01,1.791650950908660889e-01,1.796543747186660767e-01,1.553796976804733276e-01,1.735977381467819214e-01,3.531487286090850830e-02,1.000000000000000000e+00,1.811207681894302368e-01,1.600895673036575317e-01,2.650222480297088623e-01,2.053852081298828125e-01,2.261813133955001831e-01,1.599323451519012451e-01,5.268495902419090271e-02,4.226810112595558167e-02,1.118277478963136673e-02,6.021152809262275696e-02,1.078078448772430420e-01,7.500301301479339600e-02,1.604303531348705292e-02,1.445279736071825027e-02,6.909550633281469345e-03,2.385667292401194572e-03,2.860639989376068115e-02,-2.050001919269561768e-02,-1.686891168355941772e-01,-3.917324542999267578e-02,3.779627755284309387e-02,6.316431611776351929e-02
5.854704380035400391e-01,5.163749456405639648e-01,2.899481654167175293e-01,-1.862430013716220856e-02,3.843758702278137207e-01,1.909528225660324097e-01,1.755046993494033813e-01,5.136961936950683594e-01,5.165247321128845215e-01,2.248139381408691406e-01,4.394613206386566162e-01,3.659821450710296631e-01,1.130965799093246460e-01,2.564814500510692596e-02,4.176225364208221436e-01,2.046268135309219360e-01,-1.550535019487142563e-02,5.422778055071830750e-02,-1.315860748291015625e-01,-1.273099929094314575e-01,-1.297964304685592651e-01,-5.060874298214912415e-02,8.815101534128189087e-02,-1.169524043798446655e-01,6.562030315399169922e-01,1.811207681894302368e-01,1.000000000000000000e+00,5.195384025573730469e-01,2.328769713640213013e-01,9.220589883625507355e-03,-4.018738120794296265e-02,-5.377640947699546814e-02,6.892113089561462402e-01,4.805139601230621338e-01,3.895281553268432617e-01,2.129517197608947754e-01,2.232574373483657837e-01,5.197505950927734375e-01,2.428549230098724365e-01,7.805007696151733398e-02,4.777037203311920166e-01,8.960715681314468384e-02,-4.529611021280288696e-02,4.010993540287017822e-01,2.561889775097370148e-02,8.493247628211975098e-02,-1.418585181236267090e-01,-4.773094877600669861e-02
7.064451575279235840e-01,5.828407406806945801e-01,3.685705065727233887e-01,3.026236593723297119e-01,5.867446660995483398e-01,5.429881215095520020e-01,2.978852689266204834e-01,1.875669360160827637e-01,4.540567994117736816e-01,4.697520732879638672e-01,3.008765168488025665e-02,4.034447669982910156e-01,2.744014561176300049e-01,-1.263479888439178467e-01,1.790417879819869995e-01,3.606611788272857666e-01,-2.109088003635406494e-02,-9.116085618734359741e-02,-5.028563318774104118e-04,-2.944240346550941467e-02,-6.075229495763778687e-02,-7.888766378164291382e-02,2.032734900712966919e-01,2.437426708638668060e-02,3.571330904960632324e-01,1.600895673036575317e-01,5.195384025573730469e-01,1.000000000000000000e+00,5.282744765281677246e-01,1.309190094470977783e-01,-8.113706111907958984e-02,-5.639557540416717529e-02,3.572240769863128662e-01,1.981324255466461182e-01,2.860432565212249756e-01,2.596674859523773193e-01,-1.159804500639438629e-02,3.576588332653045654e-01,4.000405371189117432e-01,2.319317162036895752e-01,6.597924232482910156e-01,4.256732761859893799e-01,1.779200136661529541e-02,5.068477392196655273e-01,1.304418146610260010e-01,2.272822707891464233e-01,-8.314598351716995239e-02,-1.037243753671646118e-02
3.634997010231018066e-01,4.939130544662475586e-01,2.473980486392974854e-01,4.988240599632263184e-01,4.443724155426025391e-01,6.254733204841613770e-01,4.451948702335357666e-01,2.134667038917541504e-01,2.833531796932220459e-01,3.365081250667572021e-01,2.922992035746574402e-02,2.663796544075012207e-01,2.637986242771148682e-01,2.478505671024322510e-02,2.385920137166976929e-01,3.919439017772674561e-01,2.327582091093063354e-01,1.700754165649414062e-01,3.349205553531646729e-01,3.157555758953094482e-01,2.622098326683044434e-01,1.881072819232940674e-01,2.789689898490905762e-01,2.446707040071487427e-01,1.073696985840797424e-01,2.650222480297088623e-01,2.328769713640213013e-01,5.282744765281677246e-01,1.000000000000000000e+00,5.232722759246826172e-01,2.553123831748962402e-01,2.206812500953674316e-01,2.221305370330810547e-01,2.004204541444778442e-01,2.159452885389328003e-01,2.141484469175338745e-01,5.861536040902137756e-02,2.928900122642517090e-01,3.469649553298950195e-01,2.795999646186828613e-01,3.161514997482299805e-01,5.433159470558166504e-01,3.352116346359252930e-01,4.090736806392669678e-01,2.894959747791290283e-01,3.107315897941589355e-01,1.512271016836166382e-01,1.761917024850845337e-01
5.448456481099128723e-02,1.217933222651481628e-01,6.126386672258377075e-02,5.807145833969116211e-01,3.318573161959648132e-02,1.773697882890701294e-01,5.281150937080383301e-01,2.431359887123107910e-01,-2.048092707991600037e-02,6.245846673846244812e-02,-3.561682254076004028e-02,-1.237615197896957397e-02,2.204980701208114624e-01,2.806736230850219727e-01,1.865903437137603760e-01,2.025177627801895142e-01,6.196733117103576660e-01,5.740990638732910156e-01,5.726974606513977051e-01,6.109892129898071289e-01,6.200431585311889648e-01,6.042018532752990723e-01,2.985937297344207764e-01,4.353663325309753418e-01,-1.256587058305740356e-01,2.053852081298828125e-01,9.220589883625507355e-03,1.309190094470977783e-01,5.232722759246826172e-01,1.000000000000000000e+00,7.116541862487792969e-01,5.578770041465759277e-01,-4.142284393310546875e-02,5.949185416102409363e-02,1.804612278938293457e-01,2.199487984180450439e-01,1.196577996015548706e-01,8.731137216091156006e-02,1.194596514105796814e-01,2.234559953212738037e-01,-8.326079696416854858e-02,2.804913222789764404e-01,4.485305547714233398e-01,8.852649480104446411e-02,1.277261525392532349e-01,2.674884200096130371e-01,4.066973328590393066e-01,5.285520553588867188e-01
2.804074250161647797e-02,-4.268905147910118103e-03,7.309444248676300049e-02,4.103842377662658691e-01,-7.330626249313354492e-02,-2.556076645851135254e-02,5.692717432975769043e-01,3.563721179962158203e-01,3.447289811447262764e-03,5.723930895328521729e-02,1.575956195592880249e-01,-5.573700182139873505e-03,2.171392291784286499e-01,4.584617912769317627e-01,3.263423442840576172e-01,1.343720257282257080e-01,8.157349824905395508e-01,8.049690723419189453e-01,6.434782147407531738e-01,6.950327157974243164e-01,7.667438387870788574e-01,8.327023386955261230e-01,1.534384936094284058e-01,4.537471532821655273e-01,-7.722242176532745361e-02,2.261813133955001831e-01,-4.018738120794296265e-02,-8.113706111907958984e-02,2.553123831748962402e-01,7.116541862487792969e-01,1.000000000000000000e+00,7.062773704528808594e-01,6.514506530947983265e-04,8.417224884033203125e-02,1.351544409990310669e-01,9.538159519433975220e-02,2.448614090681076050e-01,9.365158528089523315e-02,-4.129345715045928955e-02,5.983111262321472168e-02,-1.566457599401473999e-01,1.217863783240318298e-01,4.748171567916870117e-01,-7.975009270012378693e-03,6.888730823993682861e-02,1.886731088161468506e-01,4.433216750621795654e-01,5.789375305175781250e-01
-3.770104050636291504e-02,3.895708918571472168e-02,1.025654301047325134e-01,2.694681584835052490e-01,-4.269890859723091125e-02,2.822939492762088776e-02,4.082012772560119629e-01,1.306382864713668823e-01,-2.342493459582328796e-02,2.744448184967041016e-02,-8.502638898789882660e-03,1.492157019674777985e-02,1.229661628603935242e-01,2.441080957651138306e-01,2.109031081199645996e-01,9.912810474634170532e-02,5.544160604476928711e-01,5.609460473060607910e-01,4.586659967899322510e-01,5.067431926727294922e-01,5.869031548500061035e-01,6.869144439697265625e-01,1.328985393047332764e-01,4.061433076858520508e-01,-1.885732263326644897e-01,1.599323451519012451e-01,-5.377640947699546814e-02,-5.639557540416717529e-02,2.206812500953674316e-01,5.578770041465759277e-01,7.062773704528808594e-01,1.000000000000000000e+00,-2.455522492527961731e-02,3.229436650872230530e-02,1.209666356444358826e-01,1.268629729747772217e-01,1.032895147800445557e-01,7.040506601333618164e-02,9.871233254671096802e-02,2.018212974071502686e-01,-1.094958558678627014e-01,9.555522352457046509e-02,3.360886871814727783e-01,4.783823713660240173e-02,2.637921646237373352e-02,4.486975446343421936e-02,5.850605964660644531e-01,6.790156364440917969e-01
6.064612269401550293e-01,5.366171002388000488e-01,8.404802531003952026e-02,-1.303444504737854004e-01,3.454565107822418213e-01,2.337564378976821899e-01,8.296595513820648193e-02,5.319311022758483887e-01,6.077417731285095215e-01,2.449585944414138794e-01,5.932424664497375488e-01,4.180967807769775391e-01,1.107518672943115234e-01,2.284594066441059113e-02,5.035040974617004395e-01,2.194683998823165894e-01,-4.088455438613891602e-02,1.365492641925811768e-01,-1.900452524423599243e-01,-1.542098075151443481e-01,-7.788455486297607422e-02,-2.997657656669616699e-02,-1.396975219249725342e-01,-1.783495992422103882e-01,7.328709363937377930e-01,5.268495902419090271e-02,6.892113089561462402e-01,3.572240769863128662e-01,2.221305370330810547e-01,-4.142284393310546875e-02,6.514506530947983265e-04,-2.455522492527961731e-02,1.000000000000000000e+00,6.805327534675598145e-01,2.838333249092102051e-01,-8.410680294036865234e-02,2.805661261081695557e-01,6.348130106925964355e-01,1.845632940530776978e-01,-8.085385710000991821e-02,4.360817968845367432e-01,1.805768907070159912e-01,-4.556275159120559692e-02,4.788721799850463867e-01,1.463367342948913574e-01,3.988894075155258179e-02,-1.316823363304138184e-01,-6.790990382432937622e-02
