1.000000000000000000e+00,3.247895240783691406e-01,3.640383780002593994e-01,4.993575215339660645e-01,3.365285992622375488e-01,4.427921175956726074e-01,3.493202924728393555e-01,2.547780871391296387e-01,3.223531842231750488e-01,4.846668988466262817e-02,1.850797533988952637e-01,2.562747336924076080e-02,1.179219782352447510e-01,1.495387032628059387e-02,4.322354868054389954e-02,1.168418228626251221e-01,2.561379075050354004e-01,1.131198257207870483e-01,8.471886813640594482e-02,8.173048496246337891e-02,2.806638740003108978e-02,1.384987384080886841e-01,1.777596622705459595e-01,2.152337692677974701e-02,1.630529165267944336e-01,3.105271235108375549e-02,-1.159231923520565033e-02,2.932881712913513184e-01,1.392452567815780640e-01,6.875465810298919678e-02,6.438612192869186401e-02,-2.878586389124393463e-02,-2.554547414183616638e-02,1.837144047021865845e-02,-2.930023241788148880e-03,3.796144574880599976e-02,-4.345102608203887939e-02,1.559866666793823242e-01,1.414304971694946289e-01,1.217977106571197510e-01,3.482086956501007080e-01,2.418490350246429443e-01,6.244358420372009277e-02,3.747992813587188721e-01,1.151402592658996582e-01,8.005638420581817627e-02,-1.011376641690731049e-02,1.315120607614517212e-01
3.247895240783691406e-01,1.000000000000000000e+00,1.275165081024169922e-01,2.305079698562622070e-01,2.822170853614807129e-01,5.016142129898071289e-01,1.399906724691390991e-01,4.083748459815979004e-01,3.324595093727111816e-01,4.623696506023406982e-01,3.994222879409790039e-01,4.529508948326110840e-01,3.329600095748901367e-01,2.575450539588928223e-01,4.847736656665802002e-01,1.879189163446426392e-01,9.130894206464290619e-03,-7.210139930248260498e-02,9.422167390584945679e-02,1.595179736614227295e-02,4.711095988750457764e-02,-5.841422080993652344e-02,-1.026160717010498047e-01,5.227546766400337219e-02,2.436287105083465576e-01,2.468900233507156372e-01,2.290235310792922974e-01,3.831633031368255615e-01,4.467517733573913574e-01,3.518761992454528809e-01,2.531212270259857178e-01,1.455425620079040527e-01,3.426634669303894043e-01,2.779179811477661133e-01,2.885094583034515381e-01,1.752469539642333984e-01,2.722731530666351318e-01,2.839916348457336426e-01,2.415605038404464722e-01,1.434340178966522217e-01,6.528541445732116699e-01,5.381872057914733887e-01,3.611272275447845459e-01,4.770237207412719727e-01,3.928898870944976807e-01,4.610331654548645020e-01,5.894837900996208191e-02,-1.470420360565185547e-01
3.640383780002593994e-01,1.275165081024169922e-01,1.000000000000000000e+00,6.709238290786743164e-01,-3.762211650609970093e-02,3.695831000804901123e-01,3.718504011631011963e-01,-8.808629214763641357e-02,1.886932402849197388e-01,1.385533064603805542e-01,4.064692929387092590e-02,6.607558578252792358e-02,3.384429588913917542e-02,-1.862253546714782715e-01,1.641948707401752472e-02,2.328831553459167480e-01,1.931302845478057861e-01,-4.905333369970321655e-02,4.979125037789344788e-02,-4.306253418326377869e-02,-9.701587259769439697e-02,-6.440192461013793945e-02,6.421320885419845581e-02,-8.124022185802459717e-02,-9.643830358982086182e-03,2.945199012756347656e-01,-2.552667558193206787e-01,5.061012506484985352e-01,3.323813974857330322e-01,3.856884315609931946e-02,-1.236105337738990784e-01,-2.710329890251159668e-01,-3.298321664333343506e-01,-7.558958232402801514e-02,2.210813760757446289e-02,-5.002506822347640991e-02,-2.524232864379882812e-01,2.179090082645416260e-01,1.845688968896865845e-01,-2.960045076906681061e-02,1.560382395982742310e-01,3.115999400615692139e-01,1.945167481899261475e-01,2.894698977470397949e-01,1.645904965698719025e-02,1.036653667688369751e-01,-1.126829236745834351e-01,6.796051748096942902e-03
4.993575215339660645e-01,2.305079698562622070e-01,6.709238290786743164e-01,1.000000000000000000e+00,2.919331490993499756e-01,6.276268362998962402e-01,4.532103240489959717e-01,-8.877156674861907959e-02,2.447931319475173950e-01,1.904115080833435059e-01,4.412498697638511658e-02,1.030118241906166077e-01,1.203563734889030457e-01,-2.062069773674011230e-01,2.403333038091659546e-02,2.587464153766632080e-01,1.920133382081985474e-01,-2.271511475555598736e-04,8.382891118526458740e-02,-2.566046081483364105e-02,-1.832272112369537354e-01,-1.257875412702560425e-01,-8.405112661421298981e-03,-1.074643954634666443e-01,-5.850872397422790527e-02,1.833984404802322388e-01,-2.607932388782501221e-01,2.997804880142211914e-01,1.793488264083862305e-01,4.777216538786888123e-02,-1.076448857784271240e-01,-2.322998195886611938e-01,-2.965145409107208252e-01,-9.672360867261886597e-02,6.374809890985488892e-02,-3.590036183595657349e-02,-2.796649932861328125e-01,1.982259303331375122e-01,2.978990972042083740e-01,-8.200076222419738770e-02,2.631657421588897705e-01,4.016360640525817871e-01,2.104602158069610596e-01,3.062333464622497559e-01,1.403552293777465820e-01,1.806804537773132324e-01,-1.535279899835586548e-01,-1.256232112646102905e-01
3.365285992622375488e-01,2.822170853614807129e-01,-3.762211650609970093e-02,2.919331490993499756e-01,1.000000000000000000e+00,4.379156529903411865e-01,2.770729660987854004e-01,2.148776352405548096e-01,8.791615255177021027e-03,1.166932657361030579e-01,1.977083384990692139e-01,1.322450339794158936e-01,2.787472903728485107e-01,1.626115292310714722e-01,1.393077522516250610e-01,2.409743815660476685e-01,1.194143593311309814e-01,1.835876405239105225e-01,7.292085140943527222e-02,3.147575259208679199e-01,1.404918148182332516e-04,3.018558397889137268e-02,8.848027139902114868e-02,1.069720163941383362e-01,1.748478598892688751e-02,-4.753822460770606995e-02,1.442552804946899414e-01,-5.879859998822212219e-02,-1.344060897827148438e-01,-5.709702149033546448e-02,-1.133181247860193253e-02,9.092598408460617065e-02,2.314136922359466553e-01,1.047190800309181213e-01,-6.030869111418724060e-02,-1.236279029399156570e-02,1.085944548249244690e-01,3.658393770456314087e-02,1.336000710725784302e-01,5.491593107581138611e-02,3.601470589637756348e-01,1.420245617628097534e-01,4.790449887514114380e-02,4.469207674264907837e-02,3.812566027045249939e-02,1.403325647115707397e-01,3.225776180624961853e-02,4.561232030391693115e-02
4.427921175956726074e-01,5.016142129898071289e-01,3.695831000804901123e-01,6.276268362998962402e-01,4.379156529903411865e-01,1.000000000000000000e+00,3.315462768077850342e-01,1.284482777118682861e-01,3.289016187191009521e-01,4.080238342285156250e-01,1.953570246696472168e-01,3.897568583488464355e-01,3.705065250396728516e-01,2.227506041526794434e-02,3.608396649360656738e-01,3.479837775230407715e-01,1.650946438312530518e-01,-1.122428849339485168e-02,1.770901679992675781e-01,2.849804237484931946e-02,-1.079522594809532166e-01,-1.001785472035408020e-01,-2.990159904584288597e-03,-2.876060456037521362e-02,1.160198673605918884e-01,2.704980373382568359e-01,6.597995758056640625e-02,3.526609539985656738e-01,3.035624921321868896e-01,2.391172349452972412e-01,1.645127311348915100e-02,3.245382755994796753e-02,4.647938162088394165e-02,1.280602812767028809e-01,2.519141733646392822e-01,9.036789834499359131e-02,-4.645458608865737915e-02,2.650119662284851074e-01,3.937269449234008789e-01,3.941392153501510620e-02,5.395942926406860352e-01,4.657679200172424316e-01,3.094271719455718994e-01,4.316236078739166260e-01,2.932179272174835205e-01,3.932889401912689209e-01,3.432358801364898682e-02,-1.596122533082962036e-01
3.493202924728393555e-01,1.399906724691390991e-01,3.718504011631011963e-01,4.532103240489959717e-01,2.770729660987854004e-01,3.315462768077850342e-01,1.000000000000000000e+00,1.642430424690246582e-01,2.227113097906112671e-01,9.104594588279724121e-02,1.985086798667907715e-01,-2.409214898943901062e-02,9.068749099969863892e-02,2.753544412553310394e-02,-3.475556522607803345e-02,2.680022716522216797e-01,6.888340115547180176e-01,3.472355306148529053e-01,3.672993779182434082e-01,3.558106422424316406e-01,1.754602044820785522e-01,3.300954699516296387e-01,4.256450235843658447e-01,2.584300935268402100e-01,7.316090166568756104e-02,2.077464312314987183e-01,-7.409616559743881226e-02,1.220679953694343567e-01,1.671013236045837402e-01,2.042742073535919189e-01,1.042912602424621582e-01,8.864217251539230347e-02,-1.495963037014007568e-01,-1.123456805944442749e-01,-8.939189463853836060e-02,7.955036312341690063e-02,-9.376972913742065430e-02,5.497376620769500732e-02,1.312994658946990967e-01,2.354851812124252319e-01,1.459657251834869385e-01,2.410808652639389038e-01,8.844976127147674561e-02,1.986208260059356689e-01,1.348683685064315796e-01,1.645391285419464111e-01,9.951004385948181152e-02,3.685638308525085449e-01
2.547780871391296387e-01,4.083748459815979004e-01,-8.808629214763641357e-02,-8.877156674861907959e-02,2.148776352405548096e-01,1.284482777118682861e-01,1.642430424690246582e-01,1.000000000000000000e+00,1.989400237798690796e-01,1.400838494300842285e-01,4.114089310169219971e-01,7.270610332489013672e-02,6.592818349599838257e-02,4.913645684719085693e-01,2.592422664165496826e-01,-5.464370921254158020e-02,2.075048983097076416e-01,1.291330754756927490e-01,1.713497936725616455e-01,1.579626649618148804e-01,1.669127494096755981e-01,1.970958113670349121e-01,8.660251647233963013e-02,1.495706737041473389e-01,2.598592340946197510e-01,1.740408092737197876e-01,2.419458627700805664e-01,1.510641574859619141e-01,1.958904415369033813e-01,1.698705404996871948e-01,1.693978905677795410e-01,2.156175822019577026e-01,2.514530122280120850e-01,2.929442524909973145e-01,5.273580178618431091e-02,8.228771388530731201e-02,4.543910026550292969e-01,1.591133773326873779e-01,-7.449140399694442749e-02,2.552294433116912842e-01,3.077673017978668213e-01,1.637696325778961182e-01,3.339227288961410522e-02,1.768060773611068726e-01,9.140671789646148682e-02,1.600572317838668823e-01,1.195184737443923950e-01,1.202163472771644592e-01
3.223531842231750488e-01,3.324595093727111816e-01,1.886932402849197388e-01,2.447931319475173950e-01,8.791615255177021027e-03,3.289016187191009521e-01,2.227113097906112671e-01,1.989400237798690796e-01,1.000000000000000000e+00,3.182420432567596436e-01,3.180139362812042236e-01,2.730636894702911377e-01,1.821610331535339355e-01,2.762240171432495117e-02,2.605106830596923828e-01,1.350864768028259277e-01,1.507494896650314331e-01,-4.495051503181457520e-02,6.640792638063430786e-02,-7.365919649600982666e-02,-3.297604620456695557e-02,5.806310568004846573e-03,-1.246167812496423721e-02,6.099231075495481491e-03,1.658671498298645020e-01,2.468173950910568237e-01,-4.570288117974996567e-03,3.112336993217468262e-01,3.403142094612121582e-01,3.113450407981872559e-01,1.051231846213340759e-01,5.715118348598480225e-02,-5.979017913341522217e-02,5.854551121592521667e-02,2.069598734378814697e-01,2.085852175951004028e-01,6.605499237775802612e-02,1.451846212148666382e-01,1.840414404869079590e-01,1.190178096294403076e-01,2.861669659614562988e-01,3.763109445571899414e-01,2.056472003459930420e-01,4.627499878406524658e-01,2.457139790058135986e-01,2.434229552745819092e-01,8.102722465991973877e-02,-5.028484389185905457e-02
4.846668988466262817e-02,4.623696506023406982e-01,1.385533064603805542e-01,1.904115080833435059e-01,1.166932657361030579e-01,4.080238342285156250e-01,9.104594588279724121e-02,1.400838494300842285e-01,3.182420432567596436e-01,1.000000000000000000e+00,2.740505337715148926e-01,7.012119889259338379e-01,5.408712625503540039e-01,1.471621245145797729e-01,5.725287795066833496e-01,2.622815966606140137e-01,-5.077429488301277161e-02,-1.128952130675315857e-01,1.244203671813011169e-01,8.234322071075439453e-02,8.803828805685043335e-02,-1.350448429584503174e-01,-1.326520889997482300e-01,-4.833380877971649170e-02,6.419885903596878052e-02,2.597774863243103027e-01,7.598040252923965454e-02,2.390043437480926514e-01,2.867083847522735596e-01,1.936331391334533691e-01,1.012960448861122131e-01,1.625724583864212036e-01,1.526952832937240601e-01,1.141694635152816772e-01,3.197039663791656494e-01,1.394400596618652344e-01,1.030592843890190125e-01,3.190477490425109863e-01,3.575656116008758545e-01,6.084949150681495667e-02,3.906093835830688477e-01,6.097046136856079102e-01,4.208118617534637451e-01,4.159148633480072021e-01,3.732203543186187744e-01,6.419903039932250977e-01,1.106266304850578308e-01,-2.367362976074218750e-01
1.850797533988952637e-01,3.994222879409790039e-01,4.064692929387092590e-02,4.412498697638511658e-02,1.977083384990692139e-01,1.953570246696472168e-01,1.985086798667907715e-01,4.114089310169219971e-01,3.180139362812042236e-01,2.740505337715148926e-01,1.000000000000000000e+00,3.803728222846984863e-01,1.192620992660522461e-01,5.344952344894409180e-01,4.993062317371368408e-01,3.176709413528442383e-01,6.854631751775741577e-02,4.294260591268539429e-02,2.503470331430435181e-02,4.135702550411224365e-02,-1.845430582761764526e-03,1.005534157156944275e-01,4.820890724658966064e-02,1.144152209162712097e-01,1.050265952944755554e-01,-5.242706974968314171e-04,1.043175458908081055e-01,1.969561129808425903e-01,2.348616421222686768e-01,1.393391937017440796e-01,9.032897651195526123e-02,3.443461284041404724e-02,2.108046412467956543e-01,2.371418029069900513e-01,1.670284420251846313e-01,1.782921701669692993e-01,3.566305041313171387e-01,2.311365753412246704e-01,2.551004290580749512e-01,1.236019060015678406e-01,3.865560889244079590e-01,3.061633408069610596e-01,1.948199570178985596e-01,2.680109143257141113e-01,1.013872250914573669e-01,2.554106116294860840e-01,1.162885949015617371e-01,1.077524274587631226e-01
2.562747336924076080e-02,4.529508948326110840e-01,6.607558578252792358e-02,1.030118241906166077e-01,1.322450339794158936e-01,3.897568583488464355e-01,-2.409214898943901062e-02,7.270610332489013672e-02,2.730636894702911377e-01,7.012119889259338379e-01,3.803728222846984863e-01,1.000000000000000000e+00,4.638965427875518799e-01,2.338327765464782715e-01,7.158456444740295410e-01,3.185416758060455322e-01,-1.436634212732315063e-01,-7.590788602828979492e-02,7.189888507127761841e-02,2.167918346822261810e-02,3.068970702588558197e-02,-1.043119654059410095e-01,-1.536185443401336670e-01,8.250510320067405701e-03,2.514526620507240295e-02,1.799008399248123169e-01,1.423977613449096680e-01,2.355661541223526001e-01,2.971858978271484375e-01,2.291057258844375610e-01,1.544648557901382446e-01,1.492471396923065186e-01,3.090906739234924316e-01,2.578546404838562012e-01,4.022613763809204102e-01,1.635830849409103394e-01,1.515792310237884521e-01,3.799977004528045654e-01,3.906786441802978516e-01,-3.775649890303611755e-02,4.590292274951934814e-01,4.902656078338623047e-01,3.741729855537414551e-01,3.689296245574951172e-01,2.773186266422271729e-01,5.407251119613647461e-01,1.625198572874069214e-01,-2.286298424005508423e-01
1.179219782352447510e-01,3.329600095748901367e-01,3.384429588913917542e-02,1.203563734889030457e-01,2.787472903728485107e-01,3.705065250396728516e-01,9.068749099969863892e-02,6.592818349599838257e-02,1.821610331535339355e-01,5.408712625503540039e-01,1.192620992660522461e-01,4.638965427875518799e-01,1.000000000000000000e+00,5.712015554308891296e-02,3.808344304561614990e-01,4.262360036373138428e-01,4.432414472103118896e-02,8.332888782024383545e-02,1.794371604919433594e-01,3.278368413448333740e-01,2.597544789314270020e-01,8.590511232614517212e-02,8.362225443124771118e-02,3.913807496428489685e-02,1.665196008980274200e-02,1.978483051061630249e-01,1.822371035814285278e-01,3.698448464274406433e-02,7.185715436935424805e-02,2.038626521825790405e-01,2.156861573457717896e-01,3.924180269241333008e-01,2.028319239616394043e-01,9.079420566558837891e-02,2.183031886816024780e-01,1.838112026453018188e-01,1.025590300559997559e-01,1.138695180416107178e-01,3.220779597759246826e-01,1.864547282457351685e-01,3.401340246200561523e-01,2.445188015699386597e-01,3.800888657569885254e-01,2.138508111238479614e-01,2.051740884780883789e-01,4.853881299495697021e-01,1.791173368692398071e-01,-8.166775107383728027e-02
1.495387032628059387e-02,2.575450539588928223e-01,-1.862253546714782715e-01,-2.062069773674011230e-01,1.626115292310714722e-01,2.227506041526794434e-02,2.753544412553310394e-02,4.913645684719085693e-01,2.762240171432495117e-02,1.471621245145797729e-01,5.344952344894409180e-01,2.338327765464782715e-01,5.712015554308891296e-02,1.000000000000000000e+00,4.346473813056945801e-01,1.366449892520904541e-01,-3.458587219938635826e-03,9.544017165899276733e-02,-5.064940080046653748e-02,7.900343835353851318e-02,1.340933442115783691e-01,1.551146358251571655e-01,2.688338980078697205e-02,1.356636136770248413e-01,1.485102325677871704e-01,-3.532161563634872437e-02,3.125358223915100098e-01,2.579641714692115784e-02,9.049279987812042236e-02,1.060002669692039490e-01,1.758111417293548584e-01,1.071301996707916260e-01,4.073584377765655518e-01,3.514872789382934570e-01,1.500910073518753052e-01,1.560570001602172852e-01,6.797224283218383789e-01,1.713696420192718506e-01,6.550391018390655518e-02,2.041290849447250366e-01,3.256756365299224854e-01,5.866312235593795776e-02,-6.050021946430206299e-02,-5.323482677340507507e-02,3.796661272644996643e-02,9.613856673240661621e-02,7.100957632064819336e-02,1.412765830755233765e-01
4.322354868054389954e-02,4.847736656665802002e-01,1.641948707401752472e-02,2.403333038091659546e-02,1.393077522516250610e-01,3.608396649360656738e-01,-3.475556522607803345e-02,2.592422664165496826e-01,2.605106830596923828e-01,5.725287795066833496e-01,4.993062317371368408e-01,7.158456444740295410e-01,3.808344304561614990e-01,4.346473813056945801e-01,1.000000000000000000e+00,3.705430626869201660e-01,-1.187231242656707764e-01,-1.420540958642959595e-01,7.476071268320083618e-02,-7.745147496461868286e-02,-8.535703271627426147e-02,-1.340007036924362183e-01,-1.614873856306076050e-01,3.628280386328697205e-02,9.164606034755706787e-02,2.584928274154663086e-01,2.839886844158172607e-01,3.288333117961883545e-01,3.622211813926696777e-01,3.036313056945800781e-01,1.145007684826850891e-01,1.624869108200073242e-01,3.958051800727844238e-01,3.370236158370971680e-01,4.698716104030609131e-01,2.506062388420104980e-01,3.411027491092681885e-01,4.554921388626098633e-01,4.153590500354766846e-01,1.044239029288291931e-01,4.531664848327636719e-01,3.866949081420898438e-01,2.576802968978881836e-01,2.616745829582214355e-01,2.189555466175079346e-01,3.880747556686401367e-01,1.971092969179153442e-01,-2.136262208223342896e-01
1.168418228626251221e-01,1.879189163446426392e-01,2.328831553459167480e-01,2.587464153766632080e-01,2.409743815660476685e-01,3.479837775230407715e-01,2.680022716522216797e-01,-5.464370921254158020e-02,1.350864768028259277e-01,2.622815966606140137e-01,3.176709413528442383e-01,3.185416758060455322e-01,4.262360036373138428e-01,1.366449892520904541e-01,3.705430626869201660e-01,1.000000000000000000e+00,9.650256484746932983e-02,4.636806994676589966e-02,3.531555179506540298e-03,9.266164153814315796e-02,-2.024971321225166321e-02,4.492123797535896301e-02,1.233664900064468384e-01,2.527422308921813965e-01,-1.135525554418563843e-01,6.427778303623199463e-02,2.705500088632106781e-02,9.826461225748062134e-02,8.666988462209701538e-02,2.207625657320022583e-01,1.066215485334396362e-01,2.292688004672527313e-03,6.549502909183502197e-02,7.762161642313003540e-02,2.694995999336242676e-01,3.016695082187652588e-01,8.764022588729858398e-02,1.156690046191215515e-01,5.309541821479797363e-01,1.748093217611312866e-01,2.660202085971832275e-01,2.051529735326766968e-01,1.973740160465240479e-01,1.174556091427803040e-01,1.345478296279907227e-01,2.527009844779968262e-01,2.295100092887878418e-01,4.711300879716873169e-02
2.561379075050354004e-01,9.130894206464290619e-03,1.931302845478057861e-01,1.920133382081985474e-01,1.194143593311309814e-01,1.650946438312530518e-01,6.888340115547180176e-01,2.075048983097076416e-01,1.507494896650314331e-01,-5.077429488301277161e-02,6.854631751775741577e-02,-1.436634212732315063e-01,4.432414472103118896e-02,-3.458587219938635826e-03,-1.187231242656707764e-01,9.650256484746932983e-02,1.000000000000000000e+00,5.121394991874694824e-01,6.054954528808593750e-01,5.188364386558532715e-01,3.942595124244689941e-01,5.662405490875244141e-01,5.941494107246398926e-01,2.850902378559112549e-01,1.788384616374969482e-01,1.777522563934326172e-01,1.496054045855998993e-02,7.198952883481979370e-02,8.688567578792572021e-02,1.355288028717041016e-01,1.130637153983116150e-01,2.240348309278488159e-01,-1.384712308645248413e-01,-1.210248768329620361e-01,-5.686994642019271851e-02,3.761179745197296143e-02,-5.561949685215950012e-02,3.146931994706392288e-03,1.522448100149631500e-02,2.501865327358245850e-01,-2.580579370260238647e-02,1.493545994162559509e-02,7.383971661329269409e-02,7.193844020366668701e-02,1.188409700989723206e-01,1.107539236545562744e-01,1.543055623769760132e-01,5.115802288055419922e-01
1.131198257207870483e-01,-7.210139930248260498e-02,-4.905333369970321655e-02,-2.271511475555598736e-04,1.835876405239105225e-01,-1.122428849339485168e-02,3.472355306148529053e-01,1.291330754756927490e-01,-4.495051503181457520e-02,-1.128952130675315857e-01,4.294260591268539429e-02,-7.590788602828979492e-02,8.332888782024383545e-02,9.544017165899276733e-02,-1.420540958642959595e-01,4.636806994676589966e-02,5.121394991874694824e-01,1.000000000000000000e+00,2.716605067253112793e-01,5.779049396514892578e-01,5.110121369361877441e-01,7.103956341743469238e-01,3.561690747737884521e-01,2.205244153738021851e-01,-1.092691496014595032e-01,-2.185383141040802002e-01,-9.254563599824905396e-02,-3.212625384330749512e-01,-3.177737891674041748e-01,-1.385442018508911133e-01,3.663707077503204346e-01,3.223510384559631348e-01,-9.671958535909652710e-02,3.362177312374114990e-02,-2.685009241104125977e-01,-1.347716301679611206e-01,-1.929691433906555176e-02,-7.078318297863006592e-02,-1.772711575031280518e-01,6.975949555635452271e-02,-4.221112653613090515e-02,-4.409238323569297791e-02,1.348580121994018555e-01,-2.360128425061702728e-02,5.275647714734077454e-02,2.288946360349655151e-01,1.405630260705947876e-01,4.320463836193084717e-01
8.471886813640594482e-02,9.422167390584945679e-02,4.979125037789344788e-02,8.382891118526458740e-02,7.292085140943527222e-02,1.770901679992675781e-01,3.672993779182434082e-01,1.713497936725616455e-01,6.640792638063430786e-02,1.244203671813011169e-01,2.503470331430435181e-02,7.189888507127761841e-02,1.794371604919433594e-01,-5.064940080046653748e-02,7.476071268320083618e-02,3.531555179506540298e-03,6.054954528808593750e-01,2.716605067253112793e-01,1.000000000000000000e+00,5.158631205558776855e-01,3.749459087848663330e-01,3.557263314723968506e-01,4.656076133251190186e-01,1.709407418966293335e-01,2.587935030460357666e-01,2.024708539247512817e-01,1.272526085376739502e-01,9.750591218471527100e-02,1.307108253240585327e-01,1.278941631317138672e-01,-4.500321112573146820e-03,1.999698728322982788e-01,2.695203013718128204e-02,-5.025003105401992798e-02,1.280506551265716553e-01,8.520288020372390747e-02,-3.160534054040908813e-02,7.970298826694488525e-02,1.232249066233634949e-01,2.090167105197906494e-01,-3.458352992311120033e-03,-2.131577581167221069e-02,2.566445171833038330e-01,2.707665227353572845e-02,1.041476055979728699e-01,1.939249932765960693e-01,1.263703554868698120e-01,2.910117805004119873e-01
8.173048496246337891e-02,1.595179736614227295e-02,-4.306253418326377869e-02,-2.566046081483364105e-02,3.147575259208679199e-01,2.849804237484931946e-02,3.558106422424316406e-01,1.579626649618148804e-01,-7.365919649600982666e-02,8.234322071075439453e-02,4.135702550411224365e-02,2.167918346822261810e-02,3.278368413448333740e-01,7.900343835353851318e-02,-7.745147496461868286e-02,9.266164153814315796e-02,5.188364386558532715e-01,5.779049396514892578e-01,5.158631205558776855e-01,1.000000000000000000e+00,6.518348455429077148e-01,5.701704621315002441e-01,4.575334787368774414e-01,2.516775131225585938e-01,7.832293957471847534e-02,-1.020537465810775757e-01,7.391946017742156982e-02,-1.977146714925765991e-01,-2.054970562458038330e-01,-1.047048345208168030e-01,1.567960977554321289e-01,2.887226343154907227e-01,4.645277559757232666e-02,3.426112700253725052e-03,-1.040012463927268982e-01,-5.917803570628166199e-02,6.019864976406097412e-02,-7.216956466436386108e-02,-6.544192880392074585e-02,8.688177913427352905e-02,2.751201577484607697e-02,-6.987845897674560547e-02,2.143590599298477173e-01,-6.290088593959808350e-02,-2.989112632349133492e-03,2.399742752313613892e-01,1.413481682538986206e-01,3.976489901542663574e-01
2.806638740003108978e-02,4.711095988750457764e-02,-9.701587259769439697e-02,-1.832272112369537354e-01,1.404918148182332516e-04,-1.079522594809532166e-01,1.754602044820785522e-01,1.669127494096755981e-01,-3.297604620456695557e-02,8.803828805685043335e-02,-1.845430582761764526e-03,3.068970702588558197e-02,2.597544789314270020e-01,1.340933442115783691e-01,-8.535703271627426147e-02,-2.024971321225166321e-02,3.942595124244689941e-01,5.110121369361877441e-01,3.749459087848663330e-01,6.518348455429077148e-01,1.000000000000000000e+00,6.321662664413452148e-01,4.274289011955261230e-01,2.696754038333892822e-01,1.683454811573028564e-01,-2.279800176620483398e-01,8.375121653079986572e-02,-1.510780453681945801e-01,-1.277672797441482544e-01,-5.189652368426322937e-02,2.776699960231781006e-01,3.071561455726623535e-01,3.415256366133689880e-02,8.275163918733596802e-02,-5.815510451793670654e-02,7.120953872799873352e-03,1.560182273387908936e-01,-5.119255557656288147e-02,-1.320957839488983154e-01,1.277787834405899048e-01,-3.192239673808217049e-03,-6.620810180902481079e-02,1.396144330501556396e-01,1.557997521013021469e-02,5.347372218966484070e-02,2.148623317480087280e-01,1.522288322448730469e-01,4.359702169895172119e-01
1.384987384080886841e-01,-5.841422080993652344e-02,-6.440192461013793945e-02,-1.257875412702560425e-01,3.018558397889137268e-02,-1.001785472035408020e-01,3.300954699516296387e-01,1.970958113670349121e-01,5.806310568004846573e-03,-1.350448429584503174e-01,1.005534157156944275e-01,-1.043119654059410095e-01,8.590511232614517212e-02,1.551146358251571655e-01,-1.340007036924362183e-01,4.492123797535896301e-02,5.662405490875244141e-01,7.103956341743469238e-01,3.557263314723968506e-01,5.701704621315002441e-01,6.321662664413452148e-01,1.000000000000000000e+00,5.771298408508300781e-01,3.563961088657379150e-01,9.216155111789703369e-02,-2.203567475080490112e-01,-2.613784559071063995e-02,-1.897907108068466187e-01,-1.656198054552078247e-01,-1.584441959857940674e-02,3.334703147411346436e-01,3.562394678592681885e-01,-3.961226716637611389e-02,6.008551269769668579e-02,-1.659702807664871216e-01,2.370264381170272827e-03,5.726818740367889404e-02,-4.239224269986152649e-02,-1.510740071535110474e-01,1.818219721317291260e-01,-3.682735189795494080e-02,-1.359943002462387085e-01,3.925525769591331482e-02,-4.173575714230537415e-02,7.367474026978015900e-03,1.124959141016006470e-01,2.122844010591506958e-01,6.611656546592712402e-01
1.777596622705459595e-01,-1.026160717010498047e-01,6.421320885419845581e-02,-8.405112661421298981e-03,8.848027139902114868e-02,-2.990159904584288597e-03,4.256450235843658447e-01,8.660251647233963013e-02,-1.246167812496423721e-02,-1.326520889997482300e-01,4.820890724658966064e-02,-1.536185443401336670e-01,8.362225443124771118e-02,2.688338980078697205e-02,-1.614873856306076050e-01,1.233664900064468384e-01,5.941494107246398926e-01,3.561690747737884521e-01,4.656076133251190186e-01,4.575334787368774414e-01,4.274289011955261230e-01,5.771298408508300781e-01,1.000000000000000000e+00,3.949881792068481445e-01,1.213641539216041565e-01,-5.342552065849304199e-02,-3.755170106887817383e-02,-9.627350606024265289e-03,-8.675589226186275482e-03,1.903937384486198425e-02,3.415524587035179138e-02,1.548656225204467773e-01,-6.614629924297332764e-02,-1.678350567817687988e-01,-1.445983052253723145e-01,1.679799109697341919e-01,-6.694459915161132812e-02,-1.552025228738784790e-01,-2.086091972887516022e-02,4.082335829734802246e-01,-1.478125154972076416e-02,-1.524852067232131958e-01,-4.439541324973106384e-02,-9.233149141073226929e-02,3.957244753837585449e-02,-1.789531484246253967e-02,1.893561482429504395e-01,7.262382507324218750e-01
2.152337692677974701e-02,5.227546766400337219e-02,-8.124022185802459717e-02,-1.074643954634666443e-01,1.069720163941383362e-01,-2.876060456037521362e-02,2.584300935268402100e-01,1.495706737041473389e-01,6.099231075495481491e-03,-4.833380877971649170e-02,1.144152209162712097e-01,8.250510320067405701e-03,3.913807496428489685e-02,1.356636136770248413e-01,3.628280386328697205e-02,2.527422308921813965e-01,2.850902378559112549e-01,2.205244153738021851e-01,1.709407418966293335e-01,2.516775131225585938e-01,2.696754038333892822e-01,3.563961088657379150e-01,3.949881792068481445e-01,1.000000000000000000e+00,-1.278818957507610321e-02,-2.788023650646209717e-02,1.199054345488548279e-01,-5.233268439769744873e-02,1.383710093796253204e-02,3.476908802986145020e-01,4.250060021877288818e-01,2.972886264324188232e-01,1.432566195726394653e-01,7.151044905185699463e-02,9.497553110122680664e-02,5.421965718269348145e-01,1.337602883577346802e-01,-5.278304964303970337e-02,2.024911940097808838e-01,4.191375970840454102e-01,7.471179962158203125e-02,-5.589708685874938965e-02,-6.593707203865051270e-02,-7.673635333776473999e-02,1.047241613268852234e-01,7.299125194549560547e-02,5.885063409805297852e-01,3.890815675258636475e-01
1.630529165267944336e-01,2.436287105083465576e-01,-9.643830358982086182e-03,-5.850872397422790527e-02,1.748478598892688751e-02,1.160198673605918884e-01,7.316090166568756104e-02,2.598592340946197510e-01,1.658671498298645020e-01,6.419885903596878052e-02,1.050265952944755554e-01,2.514526620507240295e-02,1.665196008980274200e-02,1.485102325677871704e-01,9.164606034755706787e-02,-1.135525554418563843e-01,1.788384616374969482e-01,-1.092691496014595032e-01,2.587935030460357666e-01,7.832293957471847534e-02,1.683454811573028564e-01,9.216155111789703369e-02,1.213641539216041565e-01,-1.278818957507610321e-02,1.000000000000000000e+00,1.999645233154296875e-01,2.639702558517456055e-01,3.031815588474273682e-01,3.498265743255615234e-01,2.383712679147720337e-01,-6.197649985551834106e-02,1.102221310138702393e-01,2.511624693870544434e-01,1.772315502166748047e-01,8.307112753391265869e-02,7.041409611701965332e-02,1.826226562261581421e-01,1.832647621631622314e-01,1.455482374876737595e-02,1.403320282697677612e-01,1.263378709554672241e-01,-5.372146144509315491e-02,-2.136960858479142189e-03,2.150208652019500732e-01,7.095322757959365845e-02,-3.980142250657081604e-02,3.624889254570007324e-02,1.438704431056976318e-01
3.105271235108375549e-02,2.468900233507156372e-01,2.945199012756347656e-01,1.833984404802322388e-01,-4.753822460770606995e-02,2.704980373382568359e-01,2.077464312314987183e-01,1.740408092737197876e-01,2.468173950910568237e-01,2.597774863243103027e-01,-5.242706974968314171e-04,1.799008399248123169e-01,1.978483051061630249e-01,-3.532161563634872437e-02,2.584928274154663086e-01,6.427778303623199463e-02,1.777522563934326172e-01,-2.185383141040802002e-01,2.024708539247512817e-01,-1.020537465810775757e-01,-2.279800176620483398e-01,-2.203567475080490112e-01,-5.342552065849304199e-02,-2.788023650646209717e-02,1.999645233154296875e-01,1.000000000000000000e+00,2.163515686988830566e-01,5.031530857086181641e-01,5.680057406425476074e-01,4.124166369438171387e-01,3.331337124109268188e-03,1.322252899408340454e-01,1.295050978660583496e-01,4.313676059246063232e-02,2.808108627796173096e-01,1.478982865810394287e-01,2.971925772726535797e-02,1.443400084972381592e-01,1.715414673089981079e-01,2.488623708486557007e-01,1.750900298357009888e-01,1.690566986799240112e-01,1.426285952329635620e-01,1.367169469594955444e-01,1.507583111524581909e-01,1.242820844054222107e-01,4.655664786696434021e-02,-2.050742954015731812e-01
-1.159231923520565033e-02,2.290235310792922974e-01,-2.552667558193206787e-01,-2.607932388782501221e-01,1.442552804946899414e-01,6.597995758056640625e-02,-7.409616559743881226e-02,2.419458627700805664e-01,-4.570288117974996567e-03,7.598040252923965454e-02,1.043175458908081055e-01,1.423977613449096680e-01,1.822371035814285278e-01,3.125358223915100098e-01,2.839886844158172607e-01,2.705500088632106781e-02,1.496054045855998993e-02,-9.254563599824905396e-02,1.272526085376739502e-01,7.391946017742156982e-02,8.375121653079986572e-02,-2.613784559071063995e-02,-3.755170106887817383e-02,1.199054345488548279e-01,2.639702558517456055e-01,2.163515686988830566e-01,1.000000000000000000e+00,1.187477037310600281e-01,2.009032964706420898e-01,2.566066682338714600e-01,1.132523491978645325e-01,2.224688380956649780e-01,5.921855568885803223e-01,3.203403651714324951e-01,2.817267775535583496e-01,1.754571497440338135e-01,5.033208131790161133e-01,1.338548064231872559e-01,5.984754860401153564e-02,2.179302722215652466e-01,2.507815361022949219e-01,-1.516046226024627686e-01,-6.844210624694824219e-02,-1.184869278222322464e-02,-2.541987225413322449e-03,-4.908841475844383240e-02,1.483735442161560059e-01,-4.760466143488883972e-02
2.932881712913513184e-01,3.831633031368255615e-01,5.061012506484985352e-01,2.997804880142211914e-01,-5.879859998822212219e-02,3.526609539985656738e-01,1.220679953694343567e-01,1.510641574859619141e-01,3.112336993217468262e-01,2.390043437480926514e-01,1.969561129808425903e-01,2.355661541223526001e-01,3.698448464274406433e-02,2.579641714692115784e-02,3.288333117961883545e-01,9.826461225748062134e-02,7.198952883481979370e-02,-3.212625384330749512e-01,9.750591218471527100e-02,-1.977146714925765991e-01,-1.510780453681945801e-01,-1.897907108068466187e-01,-9.627350606024265289e-03,-5.233268439769744873e-02,3.031815588474273682e-01,5.031530857086181641e-01,1.187477037310600281e-01,1.000000000000000000e+00,7.412750124931335449e-01,2.974290549755096436e-01,-1.017782390117645264e-01,-1.040483042597770691e-01,8.768653869628906250e-02,6.429813802242279053e-02,2.750415205955505371e-01,1.358197927474975586e-01,8.782116696238517761e-03,2.370771169662475586e-01,1.982156485319137573e-01,1.189634129405021667e-01,3.661100864410400391e-01,2.645658552646636963e-01,6.920006871223449707e-02,3.617497980594635010e-01,7.703472673892974854e-02,7.832761853933334351e-02,-2.225333824753761292e-02,-7.013665139675140381e-02
1.392452567815780640e-01,4.467517733573913574e-01,3.323813974857330322e-01,1.793488264083862305e-01,-1.344060897827148438e-01,3.035624921321868896e-01,1.671013236045837402e-01,1.958904415369033813e-01,3.403142094612121582e-01,2.867083847522735596e-01,2.348616421222686768e-01,2.971858978271484375e-01,7.185715436935424805e-02,9.049279987812042236e-02,3.622211813926696777e-01,8.666988462209701538e-02,8.688567578792572021e-02,-3.177737891674041748e-01,1.307108253240585327e-01,-2.054970562458038330e-01,-1.277672797441482544e-01,-1.656198054552078247e-01,-8.675589226186275482e-03,1.383710093796253204e-02,3.498265743255615234e-01,5.680057406425476074e-01,2.009032964706420898e-01,7.412750124931335449e-01,1.000000000000000000e+00,5.120495557785034180e-01,1.877176947891712189e-02,1.148940436542034149e-02,2.096805125474929810e-01,9.196238219738006592e-02,3.566950261592864990e-01,2.471125572919845581e-01,1.030591279268264771e-01,1.934170573949813843e-01,2.224192470312118530e-01,1.978946775197982788e-01,3.482794165611267090e-01,2.634236812591552734e-01,1.185046806931495667e-01,3.527979850769042969e-01,1.996208280324935913e-01,1.558724045753479004e-01,2.239507809281349182e-02,-8.659158647060394287e-02
6.875465810298919678e-02,3.518761992454528809e-01,3.856884315609931946e-02,4.777216538786888123e-02,-5.709702149033546448e-02,2.391172349452972412e-01,2.042742073535919189e-01,1.698705404996871948e-01,3.113450407981872559e-01,1.936331391334533691e-01,1.393391937017440796e-01,2.291057258844375610e-01,2.038626521825790405e-01,1.060002669692039490e-01,3.036313056945800781e-01,2.207625657320022583e-01,1.355288028717041016e-01,-1.385442018508911133e-01,1.278941631317138672e-01,-1.047048345208168030e-01,-5.189652368426322937e-02,-1.584441959857940674e-02,1.903937384486198425e-02,3.476908802986145020e-01,2.383712679147720337e-01,4.124166369438171387e-01,2.566066682338714600e-01,2.974290549755096436e-01,5.120495557785034180e-01,1.000000000000000000e+00,4.032482504844665527e-01,2.787356972694396973e-01,2.621210813522338867e-01,2.387773245573043823e-01,4.287225008010864258e-01,6.081281900405883789e-01,1.948814988136291504e-01,1.886485219001770020e-01,3.655780255794525146e-01,3.894943594932556152e-01,2.347465902566909790e-01,1.209462136030197144e-01,1.111743226647377014e-01,1.909046769142150879e-01,2.249827086925506592e-01,1.291705369949340820e-01,3.722687661647796631e-01,-5.411068722605705261e-02
6.438612192869186401e-02,2.531212270259857178e-01,-1.236105337738990784e-01,-1.076448857784271240e-01,-1.133181247860193253e-02,1.645127311348915100e-02,1.042912602424621582e-01,1.693978905677795410e-01,1.051231846213340759e-01,1.012960448861122131e-01,9.032897651195526123e-02,1.544648557901382446e-01,2.156861573457717896e-01,1.758111417293548584e-01,1.145007684826850891e-01,1.066215485334396362e-01,1.130637153983116150e-01,3.663707077503204346e-01,-4.500321112573146820e-03,1.567960977554321289e-01,2.776699960231781006e-01,3.334703147411346436e-01,3.415524587035179138e-02,4.250060021877288818e-01,-6.197649985551834106e-02,3.331337124109268188e-03,1.132523491978645325e-01,-1.017782390117645264e-01,1.877176947891712189e-02,4.032482504844665527e-01,1.000000000000000000e+00,4.928590059280395508e-01,1.462311446666717529e-01,2.257867604494094849e-01,4.098536446690559387e-02,3.414816856384277344e-01,1.779034286737442017e-01,4.049754515290260315e-02,1.119611114263534546e-01,2.487017065286636353e-01,1.942316144704818726e-01,1.171162426471710205e-01,1.727004647254943848e-01,1.024608984589576721e-01,2.409344315528869629e-01,2.883672118186950684e-01,3.790323436260223389e-01,8.470397442579269409e-02
-2.878586389124393463e-02,1.455425620079040527e-01,-2.710329890251159668e-01,-2.322998195886611938e-01,9.092598408460617065e-02,3.245382755994796753e-02,8.864217251539230347e-02,2.156175822019577026e-01,5.715118348598480225e-02,1.625724583864212036e-01,3.443461284041404724e-02,1.492471396923065186e-01,3.924180269241333008e-01,1.071301996707916260e-01,1.624869108200073242e-01,2.292688004672527313e-03,2.240348309278488159e-01,3.223510384559631348e-01,1.999698728322982788e-01,2.887226343154907227e-01,3.071561455726623535e-01,3.562394678592681885e-01,1.548656225204467773e-01,2.972886264324188232e-01,1.102221310138702393e-01,1.322252899408340454e-01,2.224688380956649780e-01,-1.040483042597770691e-01,1.148940436542034149e-02,2.787356972694396973e-01,4.928590059280395508e-01,1.000000000000000000e+00,2.396959364414215088e-01,1.246436089277267456e-01,6.375461816787719727e-02,2.024515122175216675e-01,1.535063385963439941e-01,1.219851057976484299e-02,1.364779565483331680e-02,2.259312570095062256e-01,9.812701493501663208e-02,5.492907762527465820e-02,1.780820637941360474e-01,6.991780549287796021e-02,1.696791797876358032e-01,2.563945949077606201e-01,4.547626078128814697e-01,1.469061225652694702e-01
-2.554547414183616638e-02,3.426634669303894043e-01,-3.298321664333343506e-01,-2.965145409107208252e-01,2.314136922359466553e-01,4.647938162088394165e-02,-1.495963037014007568e-01,2.514530122280120850e-01,-5.979017913341522217e-02,1.526952832937240601e-01,2.108046412467956543e-01,3.090906739234924316e-01,2.028319239616394043e-01,4.073584377765655518e-01,3.958051800727844238e-01,6.549502909183502197e-02,-1.384712308645248413e-01,-9.671958535909652710e-02,2.695203013718128204e-02,4.645277559757232666e-02,3.415256366133689880e-02,-3.961226716637611389e-02,-6.614629924297332764e-02,1.432566195726394653e-01,2.511624693870544434e-01,1.295050978660583496e-01,5.921855568885803223e-01,8.768653869628906250e-02,2.096805125474929810e-01,2.621210813522338867e-01,1.462311446666717529e-01,2.396959364414215088e-01,1.000000000000000000e+00,3.687513172626495361e-01,2.540880739688873291e-01,1.568711698055267334e-01,4.772777259349822998e-01,2.061099410057067871e-01,8.834470808506011963e-02,1.324670165777206421e-01,3.328669965267181396e-01,-4.536218941211700439e-02,-5.075153335928916931e-02,-2.337804250419139862e-02,4.454983025789260864e-02,8.986740559339523315e-02,1.549839675426483154e-01,-6.986292451620101929e-02
