1.000000000000000000e+00,-6.737642735242843628e-02,8.866669610142707825e-03,2.528065629303455353e-02,1.662889420986175537e-01,1.014080196619033813e-01,-1.530668698251247406e-02,1.920308023691177368e-01,7.445606589317321777e-02,-6.973112374544143677e-02,9.783468395471572876e-02,-4.104426875710487366e-02,-3.055278211832046509e-02,1.438667178153991699e-01,-3.659814968705177307e-02,3.420829540118575096e-03,-1.298093423247337341e-02,-1.070247218012809753e-02,3.113747388124465942e-02,5.901657044887542725e-02,-4.633209202438592911e-03,-3.554313629865646362e-02,-7.964205741882324219e-02,7.163451611995697021e-02,1.582147777080535889e-01,-1.903838710859417915e-03,1.148097030818462372e-02,9.008349478244781494e-02,1.171093285083770752e-01,-1.641416549682617188e-02,-4.614265635609626770e-02,-1.856831833720207214e-02,8.897116035223007202e-02,-6.902583688497543335e-02,1.909551210701465607e-02,-7.548671215772628784e-02,4.006510972976684570e-02,-2.585018984973430634e-02,2.042940817773342133e-02,-8.031312376260757446e-03,2.866079658269882202e-02,1.760640554130077362e-02,7.806409150362014771e-02,-1.450779289007186890e-02,-3.049254592042416334e-04,6.211831793189048767e-02,7.900385558605194092e-02,-6.924644857645034790e-02
-6.737642735242843628e-02,1.000000000000000000e+00,1.832906752824783325e-01,2.416114807128906250e-01,2.787649929523468018e-01,1.011148467659950256e-01,2.932320237159729004e-01,1.710260361433029175e-01,4.097646772861480713e-01,4.478201568126678467e-01,8.522424846887588501e-02,3.995862305164337158e-01,3.236261308193206787e-01,-3.713045418262481689e-01,3.856502771377563477e-01,3.523547649383544922e-01,3.230358660221099854e-01,2.887549102306365967e-01,-9.321591351181268692e-04,4.050121456384658813e-02,-3.219448775053024292e-02,-7.126534730195999146e-02,2.865472435951232910e-01,6.037924066185951233e-02,2.142569869756698608e-01,1.441885530948638916e-01,4.090088307857513428e-01,2.345573902130126953e-01,1.084203943610191345e-01,8.898954838514328003e-02,1.483243554830551147e-01,-1.350271552801132202e-01,3.791607618331909180e-01,4.321402609348297119e-01,3.944303691387176514e-01,3.628368377685546875e-01,2.268535047769546509e-01,4.294794797897338867e-01,3.868134915828704834e-01,3.244749009609222412e-01,4.172938168048858643e-01,3.391812443733215332e-01,1.404950581490993500e-02,4.552138149738311768e-01,3.661538362503051758e-01,2.577030360698699951e-01,-6.711389869451522827e-02,-2.043169923126697540e-02
8.866669610142707825e-03,1.832906752824783325e-01,1.000000000000000000e+00,3.550398349761962891e-01,1.859403252601623535e-01,2.197771221399307251e-01,3.914119899272918701e-01,-9.680755436420440674e-02,1.960110068321228027e-01,2.590435147285461426e-01,-9.644926525652408600e-03,1.968395113945007324e-01,8.514220267534255981e-02,-2.517393231391906738e-01,1.778961420059204102e-01,6.347462534904479980e-02,3.424950242042541504e-01,3.075108230113983154e-01,6.277413666248321533e-02,2.069829553365707397e-01,9.919810295104980469e-02,6.268176436424255371e-02,-3.569490462541580200e-02,-5.742483586072921753e-02,7.267541438341140747e-02,8.778427541255950928e-02,1.588884443044662476e-01,2.901619970798492432e-01,2.394773066043853760e-01,1.834179461002349854e-01,1.891490817070007324e-01,-7.029139995574951172e-02,9.332853555679321289e-02,2.143581509590148926e-01,1.573151946067810059e-01,-1.405571959912776947e-02,-9.771044552326202393e-02,2.043321728706359863e-01,1.214714199304580688e-01,-3.252390772104263306e-02,1.560593396425247192e-01,1.893882900476455688e-01,4.109845310449600220e-02,1.563865542411804199e-01,1.853918433189392090e-01,1.497019529342651367e-01,-1.176816523075103760e-01,-1.319191604852676392e-01
2.528065629303455353e-02,2.416114807128906250e-01,3.550398349761962891e-01,1.000000000000000000e+00,2.738130390644073486e-01,3.437966704368591309e-01,4.611881673336029053e-01,-4.581077769398689270e-02,2.318670749664306641e-01,2.562299072742462158e-01,9.182929247617721558e-02,2.034991383552551270e-01,1.283899843692779541e-01,-2.092769593000411987e-01,1.740821599960327148e-01,9.201908111572265625e-02,4.394538998603820801e-01,3.913621306419372559e-01,4.086451232433319092e-02,2.333389967679977417e-01,6.215205043554306030e-02,9.921183437108993530e-02,-4.152085632085800171e-02,3.008654527366161346e-02,1.043909192085266113e-01,2.322079539299011230e-01,1.738466024398803711e-01,2.723156511783599854e-01,2.636564970016479492e-01,2.510792911052703857e-01,3.262637257575988770e-01,-2.281001396477222443e-02,1.219271421432495117e-01,1.934961080551147461e-01,2.003423720598220825e-01,4.311778023838996887e-02,-2.803487703204154968e-02,2.077343165874481201e-01,1.532178074121475220e-01,-8.672401309013366699e-03,2.229024916887283325e-01,1.785776615142822266e-01,5.357033759355545044e-02,2.072251886129379272e-01,1.760860085487365723e-01,1.764531880617141724e-01,-4.351051524281501770e-02,-8.389843255281448364e-02
1.662889420986175537e-01,2.787649929523468018e-01,1.859403252601623535e-01,2.738130390644073486e-01,1.000000000000000000e+00,3.109536170959472656e-01,2.463546544313430786e-01,1.470740139484405518e-01,2.781793177127838135e-01,2.977769970893859863e-01,1.804893761873245239e-01,2.346201241016387939e-01,2.430582195520401001e-01,-2.247084230184555054e-01,2.596445679664611816e-01,1.972091495990753174e-01,2.441240698099136353e-01,2.037877738475799561e-01,6.861458532512187958e-03,8.915013074874877930e-02,1.861940138041973114e-02,-9.616149216890335083e-02,1.130802929401397705e-01,2.168553322553634644e-02,1.651376485824584961e-01,9.935633838176727295e-02,2.243498265743255615e-01,2.228773683309555054e-01,2.303765118122100830e-01,1.392768621444702148e-01,1.228705421090126038e-01,-1.371465772390365601e-01,2.050413042306900024e-01,2.609996795654296875e-01,2.060648649930953979e-01,1.334881335496902466e-01,1.004752814769744873e-01,2.516863644123077393e-01,1.844443827867507935e-01,1.163264587521553040e-01,2.954083979129791260e-01,2.873291969299316406e-01,1.209165155887603760e-01,2.655490040779113770e-01,2.243349403142929077e-01,2.200350612401962280e-01,-2.611197717487812042e-02,-1.199900954961776733e-01
1.014080196619033813e-01,1.011148467659950256e-01,2.197771221399307251e-01,3.437966704368591309e-01,3.109536170959472656e-01,1.000000000000000000e+00,2.671310305595397949e-01,5.649168975651264191e-03,8.252439647912979126e-02,1.746030598878860474e-01,1.373867392539978027e-01,9.058047831058502197e-02,2.006366699934005737e-01,-7.845783978700637817e-02,1.055533513426780701e-01,6.594291329383850098e-02,2.318862527608871460e-01,1.907408535480499268e-01,8.023945242166519165e-02,1.833175867795944214e-01,1.003013849258422852e-01,5.265538394451141357e-02,-6.221965700387954712e-02,1.535755023360252380e-02,5.811778083443641663e-02,7.091416418552398682e-02,9.390867501497268677e-02,1.854650527238845825e-01,2.721396684646606445e-01,1.900624185800552368e-01,1.947290599346160889e-01,-3.828455507755279541e-02,4.743554443120956421e-02,8.184116333723068237e-02,2.692039497196674347e-02,-5.040339007973670959e-02,-2.526057325303554535e-02,8.547503501176834106e-02,3.282724320888519287e-02,-7.293388247489929199e-02,1.999020278453826904e-01,1.913177967071533203e-01,1.903661638498306274e-01,6.397292017936706543e-02,1.560213416814804077e-01,1.854865252971649170e-01,-4.988403990864753723e-02,-7.849935442209243774e-02
-1.530668698251247406e-02,2.932320237159729004e-01,3.914119899272918701e-01,4.611881673336029053e-01,2.463546544313430786e-01,2.671310305595397949e-01,1.000000000000000000e+00,-4.899405315518379211e-02,2.481266558170318604e-01,3.152806162834167480e-01,-2.507668733596801758e-02,2.112533301115036011e-01,1.348838508129119873e-01,-2.805789113044738770e-01,1.939397454261779785e-01,1.117268726229667664e-01,4.891293942928314209e-01,4.625757634639739990e-01,5.488437041640281677e-02,2.630725204944610596e-01,1.279584169387817383e-01,1.016002669930458069e-01,-5.997876171022653580e-03,3.197000548243522644e-02,8.359203115105628967e-03,1.897422969341278076e-01,1.915146857500076294e-01,2.495794892311096191e-01,2.878701686859130859e-01,3.019019961357116699e-01,3.689783513545989990e-01,-4.104596003890037537e-02,1.568255275487899780e-01,2.616004347801208496e-01,2.063870131969451904e-01,4.422384873032569885e-02,1.976879127323627472e-02,2.448513358831405640e-01,2.048155665397644043e-01,-1.048665959388017654e-02,2.288528680801391602e-01,2.542321383953094482e-01,3.769203647971153259e-02,2.209123522043228149e-01,2.503755986690521240e-01,2.044869661331176758e-01,-7.261925190687179565e-02,-1.210516467690467834e-01
1.920308023691177368e-01,1.710260361433029175e-01,-9.680755436420440674e-02,-4.581077769398689270e-02,1.470740139484405518e-01,5.649168975651264191e-03,-4.899405315518379211e-02,1.000000000000000000e+00,2.080937474966049194e-01,1.292738318443298340e-01,2.870589494705200195e-01,2.181457728147506714e-01,2.269727885723114014e-01,3.680754685774445534e-03,2.606410384178161621e-01,3.307161629199981689e-01,-4.693531896919012070e-03,-1.987735554575920105e-02,3.371848538517951965e-02,-7.307664304971694946e-02,-1.028506681323051453e-01,-1.635148525238037109e-01,2.928095757961273193e-01,1.159225776791572571e-02,3.138859570026397705e-01,-7.301708217710256577e-03,2.720341682434082031e-01,2.634425275027751923e-02,5.118810106068849564e-03,-1.108511835336685181e-01,-1.247558295726776123e-01,-1.111382842063903809e-01,3.173583745956420898e-01,1.807939559221267700e-01,2.159797847270965576e-01,2.248582094907760620e-01,3.418318033218383789e-01,2.064471691846847534e-01,2.304782271385192871e-01,2.785256803035736084e-01,1.134433895349502563e-01,6.511579453945159912e-02,6.503363698720932007e-02,2.176791280508041382e-01,7.454261183738708496e-02,7.766231894493103027e-02,-1.808757334947586060e-02,1.925424789078533649e-03
7.445606589317321777e-02,4.097646772861480713e-01,1.960110068321228027e-01,2.318670749664306641e-01,2.781793177127838135e-01,8.252439647912979126e-02,2.481266558170318604e-01,2.080937474966049194e-01,1.000000000000000000e+00,3.584126532077789307e-01,1.709830164909362793e-01,4.349478781223297119e-01,1.818104088306427002e-01,-3.176293373107910156e-01,3.946007490158081055e-01,3.210350275039672852e-01,2.678358852863311768e-01,2.305769175291061401e-01,-6.508050858974456787e-02,1.805932819843292236e-02,-7.292181253433227539e-02,-1.595478951930999756e-01,1.618143171072006226e-01,-1.414409372955560684e-02,2.708990871906280518e-01,1.214545443654060364e-01,4.024667143821716309e-01,1.950028687715530396e-01,1.356780081987380981e-01,3.914181143045425415e-02,4.611283168196678162e-02,-1.956266015768051147e-01,3.877239227294921875e-01,3.758198022842407227e-01,4.273616671562194824e-01,2.730521559715270996e-01,1.886778771877288818e-01,4.166910946369171143e-01,3.965064883232116699e-01,2.908287048339843750e-01,2.336771786212921143e-01,2.444887012243270874e-01,7.009533792734146118e-02,4.791795313358306885e-01,2.420606464147567749e-01,2.127623260021209717e-01,-8.151863515377044678e-02,-1.365276277065277100e-01
-6.973112374544143677e-02,4.478201568126678467e-01,2.590435147285461426e-01,2.562299072742462158e-01,2.977769970893859863e-01,1.746030598878860474e-01,3.152806162834167480e-01,1.292738318443298340e-01,3.584126532077789307e-01,1.000000000000000000e+00,1.112462356686592102e-01,4.253983795642852783e-01,3.142415583133697510e-01,-3.678401708602905273e-01,4.130493104457855225e-01,2.708129882812500000e-01,2.962945103645324707e-01,2.432122230529785156e-01,4.696451872587203979e-02,5.731553584337234497e-02,-3.197605535387992859e-02,-4.472957924008369446e-02,2.634130120277404785e-01,8.220342919230461121e-03,2.031397968530654907e-01,1.116134598851203918e-01,3.371550738811492920e-01,2.426594197750091553e-01,1.693605482578277588e-01,1.259788870811462402e-01,1.415455639362335205e-01,-1.318104714155197144e-01,2.814662158489227295e-01,3.894509673118591309e-01,3.275854587554931641e-01,2.835251688957214355e-01,1.329544931650161743e-01,3.962846994400024414e-01,3.032093048095703125e-01,2.297203242778778076e-01,3.384100198745727539e-01,3.765260875225067139e-01,1.214589327573776245e-01,3.615764975547790527e-01,4.002487659454345703e-01,3.178894519805908203e-01,-1.101081892848014832e-01,-4.866626113653182983e-02
9.783468395471572876e-02,8.522424846887588501e-02,-9.644926525652408600e-03,9.182929247617721558e-02,1.804893761873245239e-01,1.373867392539978027e-01,-2.507668733596801758e-02,2.870589494705200195e-01,1.709830164909362793e-01,1.112462356686592102e-01,1.000000000000000000e+00,2.725235521793365479e-01,1.599873304367065430e-01,3.931621834635734558e-02,2.986105978488922119e-01,1.901879012584686279e-01,7.226355839520692825e-03,-5.258316174149513245e-02,-9.053207002580165863e-03,-9.904848784208297729e-02,-1.208942010998725891e-01,-1.324570477008819580e-01,1.223273351788520813e-01,-5.720358341932296753e-02,2.717363834381103516e-01,2.187963575124740601e-02,1.407765299081802368e-01,5.996653065085411072e-02,3.473365213721990585e-03,-6.578072160482406616e-02,-1.152985095977783203e-01,-9.298592805862426758e-02,1.527757942676544189e-01,6.871525943279266357e-02,1.238954216241836548e-01,1.024381965398788452e-01,1.518824249505996704e-01,1.260465085506439209e-01,6.783202290534973145e-02,1.449366956949234009e-01,9.399196505546569824e-02,5.280825868248939514e-02,7.546651363372802734e-02,1.573016494512557983e-01,5.475725233554840088e-02,4.715261235833168030e-02,-5.624653026461601257e-02,-3.220428153872489929e-02
-4.104426875710487366e-02,3.995862305164337158e-01,1.968395113945007324e-01,2.034991383552551270e-01,2.346201241016387939e-01,9.058047831058502197e-02,2.112533301115036011e-01,2.181457728147506714e-01,4.349478781223297119e-01,4.253983795642852783e-01,2.725235521793365479e-01,1.000000000000000000e+00,2.269507646560668945e-01,-2.885536551475524902e-01,4.699372649192810059e-01,3.284047842025756836e-01,2.277496606111526489e-01,1.527994722127914429e-01,-3.309968113899230957e-02,-2.130071073770523071e-02,-7.817328721284866333e-02,-1.442270576953887939e-01,2.370995432138442993e-01,-3.631061688065528870e-02,2.934819161891937256e-01,1.119880080223083496e-01,3.726247549057006836e-01,1.799072921276092529e-01,8.848959207534790039e-02,9.476269595324993134e-03,4.927002009935677052e-04,-1.847165524959564209e-01,3.319462835788726807e-01,3.577780127525329590e-01,3.825021386146545410e-01,2.909482121467590332e-01,1.553693264722824097e-01,4.025842845439910889e-01,3.296590745449066162e-01,3.000772297382354736e-01,2.312920093536376953e-01,3.024478256702423096e-01,8.217400312423706055e-02,4.156789481639862061e-01,2.792045474052429199e-01,2.556754946708679199e-01,-1.028918921947479248e-01,-8.040488511323928833e-02
-3.055278211832046509e-02,3.236261308193206787e-01,8.514220267534255981e-02,1.283899843692779541e-01,2.430582195520401001e-01,2.006366699934005737e-01,1.348838508129119873e-01,2.269727885723114014e-01,1.818104088306427002e-01,3.142415583133697510e-01,1.599873304367065430e-01,2.269507646560668945e-01,1.000000000000000000e+00,-2.656424045562744141e-01,3.243673443794250488e-01,3.748966753482818604e-01,1.663672029972076416e-01,1.248386725783348083e-01,-3.884847974404692650e-03,-5.949884653091430664e-02,-5.638037994503974915e-02,-9.101387113332748413e-02,3.744875490665435791e-01,2.740299329161643982e-02,2.557114362716674805e-01,4.641816951334476471e-03,3.019222021102905273e-01,1.850049197673797607e-01,1.049885004758834839e-01,-5.347357131540775299e-03,1.553931925445795059e-02,-1.360956877470016479e-01,2.848519384860992432e-01,3.298947215080261230e-01,2.693840563297271729e-01,3.205272853374481201e-01,2.682915329933166504e-01,3.298012018203735352e-01,2.855778336524963379e-01,2.821812629699707031e-01,3.265002369880676270e-01,1.683635413646697998e-01,1.063591241836547852e-01,2.403513938188552856e-01,2.562626004219055176e-01,1.886514425277709961e-01,-1.424436569213867188e-01,1.127696875482797623e-02
1.438667178153991699e-01,-3.713045418262481689e-01,-2.517393231391906738e-01,-2.092769593000411987e-01,-2.247084230184555054e-01,-7.845783978700637817e-02,-2.805789113044738770e-01,3.680754685774445534e-03,-3.176293373107910156e-01,-3.678401708602905273e-01,3.931621834635734558e-02,-2.885536551475524902e-01,-2.656424045562744141e-01,1.000000000000000000e+00,-3.660869896411895752e-01,-3.133761584758758545e-01,-2.733961045742034912e-01,-2.868897616863250732e-01,1.265826225280761719e-01,-3.684885054826736450e-02,2.426254376769065857e-02,7.710693031549453735e-02,-2.391635030508041382e-01,3.537862095981836319e-03,-1.760993003845214844e-01,-2.361437119543552399e-02,-3.992591500282287598e-01,-2.007694840431213379e-01,-1.651052981615066528e-01,-7.315959781408309937e-02,-1.227329969406127930e-01,1.787817776203155518e-01,-3.361968696117401123e-01,-4.918531775474548340e-01,-3.941210806369781494e-01,-2.757776379585266113e-01,-9.747884422540664673e-02,-4.586613774299621582e-01,-3.970289230346679688e-01,-2.377319186925888062e-01,-2.506507933139801025e-01,-2.088632583618164062e-01,-1.449626777321100235e-02,-3.675931990146636963e-01,-2.556155622005462646e-01,-1.615869253873825073e-01,1.362304240465164185e-01,8.599697798490524292e-02
-3.659814968705177307e-02,3.856502771377563477e-01,1.778961420059204102e-01,1.740821599960327148e-01,2.596445679664611816e-01,1.055533513426780701e-01,1.939397454261779785e-01,2.606410384178161621e-01,3.946007490158081055e-01,4.130493104457855225e-01,2.986105978488922119e-01,4.699372649192810059e-01,3.243673443794250488e-01,-3.660869896411895752e-01,1.000000000000000000e+00,4.067554473876953125e-01,2.158803939819335938e-01,1.660276949405670166e-01,-5.247912555932998657e-02,-4.264723137021064758e-02,-9.714452177286148071e-02,-1.565430313348770142e-01,3.233269751071929932e-01,-2.090365998446941376e-02,3.443907201290130615e-01,3.840258717536926270e-02,4.303605258464813232e-01,1.716407686471939087e-01,1.072740405797958374e-01,-3.888254985213279724e-02,-1.788582466542720795e-02,-1.958687156438827515e-01,4.019629359245300293e-01,4.498236775398254395e-01,4.152007699012756348e-01,3.303629755973815918e-01,2.363809943199157715e-01,4.868901371955871582e-01,4.046503007411956787e-01,3.388954699039459229e-01,2.661266326904296875e-01,2.447371780872344971e-01,5.708051845431327820e-02,4.273667335510253906e-01,2.862153053283691406e-01,2.001032531261444092e-01,-1.494865417480468750e-01,-7.618546485900878906e-02
3.420829540118575096e-03,3.523547649383544922e-01,6.347462534904479980e-02,9.201908111572265625e-02,1.972091495990753174e-01,6.594291329383850098e-02,1.117268726229667664e-01,3.307161629199981689e-01,3.210350275039672852e-01,2.708129882812500000e-01,1.901879012584686279e-01,3.284047842025756836e-01,3.748966753482818604e-01,-3.133761584758758545e-01,4.067554473876953125e-01,1.000000000000000000e+00,1.737864613533020020e-01,1.860769838094711304e-01,-2.196151576936244965e-02,-1.144906273111701012e-03,-3.844346106052398682e-02,-1.306467205286026001e-01,3.908263146877288818e-01,7.621270418167114258e-02,3.276976644992828369e-01,1.023150142282247543e-02,4.727939665317535400e-01,7.582581043243408203e-02,3.941918537020683289e-02,-1.027796044945716858e-01,-1.332116499543190002e-02,-1.835088133811950684e-01,4.840657114982604980e-01,4.105479717254638672e-01,4.372343420982360840e-01,3.691349029541015625e-01,3.556306958198547363e-01,4.498249590396881104e-01,4.721594452857971191e-01,4.296013712882995605e-01,2.617690861225128174e-01,1.669232249259948730e-01,6.755807995796203613e-02,3.738257288932800293e-01,1.932985633611679077e-01,1.568861305713653564e-01,-6.299654394388198853e-02,1.216306537389755249e-02
-1.298093423247337341e-02,3.230358660221099854e-01,3.424950242042541504e-01,4.394538998603820801e-01,2.441240698099136353e-01,2.318862527608871460e-01,4.891293942928314209e-01,-4.693531896919012070e-03,2.678358852863311768e-01,2.962945103645324707e-01,7.226355839520692825e-03,2.277496606111526489e-01,1.663672029972076416e-01,-2.733961045742034912e-01,2.158803939819335938e-01,1.737864613533020020e-01,1.000000000000000000e+00,4.926919937133789062e-01,1.291874945163726807e-01,2.999286055564880371e-01,1.856791824102401733e-01,1.644898205995559692e-01,5.432032048702239990e-02,5.764102190732955933e-02,6.168790161609649658e-02,1.775460541248321533e-01,2.351780980825424194e-01,2.238997220993041992e-01,2.334976047277450562e-01,2.057194411754608154e-01,3.705794811248779297e-01,1.491019036620855331e-02,2.031036764383316040e-01,2.915965020656585693e-01,2.547168433666229248e-01,1.220015212893486023e-01,7.785259932279586792e-02,2.850830554962158203e-01,2.468890994787216187e-01,7.565825432538986206e-02,2.545303106307983398e-01,2.103878408670425415e-01,5.446059629321098328e-02,2.795314788818359375e-01,2.069278806447982788e-01,1.865064650774002075e-01,-3.216307982802391052e-02,-2.144713141024112701e-02
-1.070247218012809753e-02,2.887549102306365967e-01,3.075108230113983154e-01,3.913621306419372559e-01,2.037877738475799561e-01,1.907408535480499268e-01,4.625757634639739990e-01,-1.987735554575920105e-02,2.305769175291061401e-01,2.432122230529785156e-01,-5.258316174149513245e-02,1.527994722127914429e-01,1.248386725783348083e-01,-2.868897616863250732e-01,1.660276949405670166e-01,1.860769838094711304e-01,4.926919937133789062e-01,1.000000000000000000e+00,1.672331616282463074e-02,3.072987496852874756e-01,2.180783897638320923e-01,2.051786184310913086e-01,6.172435358166694641e-02,1.520156562328338623e-01,-2.056202292442321777e-02,1.343749612569808960e-01,2.305222004652023315e-01,1.440442204475402832e-01,1.913716942071914673e-01,1.877404302358627319e-01,4.260565638542175293e-01,6.710709631443023682e-02,2.350602298974990845e-01,3.043501079082489014e-01,2.466322183609008789e-01,1.240123808383941650e-01,1.241074725985527039e-01,2.802179753780364990e-01,2.661240696907043457e-01,8.228256553411483765e-02,2.480417639017105103e-01,1.646355688571929932e-01,-3.084472566843032837e-02,2.532460689544677734e-01,1.751786619424819946e-01,1.052607670426368713e-01,1.873680390417575836e-02,3.305599838495254517e-02
3.113747388124465942e-02,-9.321591351181268692e-04,6.277413666248321533e-02,4.086451232433319092e-02,6.861458532512187958e-03,8.023945242166519165e-02,5.488437041640281677e-02,3.371848538517951965e-02,-6.508050858974456787e-02,4.696451872587203979e-02,-9.053207002580165863e-03,-3.309968113899230957e-02,-3.884847974404692650e-03,1.265826225280761719e-01,-5.247912555932998657e-02,-2.196151576936244965e-02,1.291874945163726807e-01,1.672331616282463074e-02,1.000000000000000000e+00,2.977848649024963379e-01,2.238950580358505249e-01,1.573765873908996582e-01,2.462584152817726135e-02,-4.186003655195236206e-02,1.593153178691864014e-02,6.171030458062887192e-03,-3.688804805278778076e-02,3.431194275617599487e-02,6.217387318611145020e-02,5.901054665446281433e-02,1.060618832707405090e-01,4.216295108199119568e-02,-6.486570090055465698e-02,-1.010123044252395630e-01,-1.091753765940666199e-01,-5.127393081784248352e-02,-3.897752985358238220e-02,-8.728868514299392700e-02,-7.482388615608215332e-02,-2.378653176128864288e-02,2.076306939125061035e-02,9.770035743713378906e-02,1.893449574708938599e-01,-5.405468866229057312e-02,7.704071700572967529e-03,1.024155393242835999e-01,3.590053692460060120e-02,5.254040658473968506e-02
5.901657044887542725e-02,4.050121456384658813e-02,2.069829553365707397e-01,2.333389967679977417e-01,8.915013074874877930e-02,1.833175867795944214e-01,2.630725204944610596e-01,-7.307664304971694946e-02,1.805932819843292236e-02,5.731553584337234497e-02,-9.904848784208297729e-02,-2.130071073770523071e-02,-5.949884653091430664e-02,-3.684885054826736450e-02,-4.264723137021064758e-02,-1.144906273111701012e-03,2.999286055564880371e-01,3.072987496852874756e-01,2.977848649024963379e-01,1.000000000000000000e+00,4.147646129131317139e-01,3.075836598873138428e-01,-5.000334233045578003e-02,8.444884419441223145e-02,-4.446749016642570496e-02,8.752457797527313232e-02,4.114580154418945312e-02,4.504285007715225220e-02,1.065329089760780334e-01,1.272817999124526978e-01,3.273529410362243652e-01,1.244739368557929993e-01,1.610743068158626556e-02,2.596238069236278534e-02,-1.595511101186275482e-02,-9.092869609594345093e-02,-3.195971995592117310e-02,1.485220994800329208e-02,3.759579733014106750e-02,-7.287291437387466431e-02,6.988268345594406128e-02,1.375126689672470093e-01,1.158521324396133423e-01,5.806362256407737732e-03,4.911758378148078918e-02,1.384860724210739136e-01,8.209682255983352661e-02,6.655732542276382446e-02
-4.633209202438592911e-03,-3.219448775053024292e-02,9.919810295104980469e-02,6.215205043554306030e-02,1.861940138041973114e-02,1.003013849258422852e-01,1.279584169387817383e-01,-1.028506681323051453e-01,-7.292181253433227539e-02,-3.197605535387992859e-02,-1.208942010998725891e-01,-7.817328721284866333e-02,-5.638037994503974915e-02,2.426254376769065857e-02,-9.714452177286148071e-02,-3.844346106052398682e-02,1.856791824102401733e-01,2.180783897638320923e-01,2.238950580358505249e-01,4.147646129131317139e-01,1.000000000000000000e+00,3.536756336688995361e-01,-3.248640522360801697e-02,1.139486953616142273e-01,-1.784834712743759155e-01,-2.430016733705997467e-02,-4.295529797673225403e-02,-7.199010252952575684e-02,-1.322710700333118439e-02,1.729988260194659233e-03,2.370250225067138672e-01,2.296020090579986572e-01,-5.568677186965942383e-02,-2.316588349640369415e-02,-1.199513450264930725e-01,-8.475454151630401611e-02,1.763002574443817139e-02,-6.321048736572265625e-02,-4.019127786159515381e-02,-7.897503674030303955e-02,-2.940229140222072601e-02,4.610526561737060547e-02,1.044067516922950745e-01,-3.972990438342094421e-02,-2.742865495383739471e-02,6.439524702727794647e-03,1.125085577368736267e-01,1.626650691032409668e-01
-3.554313629865646362e-02,-7.126534730195999146e-02,6.268176436424255371e-02,9.921183437108993530e-02,-9.616149216890335083e-02,5.265538394451141357e-02,1.016002669930458069e-01,-1.635148525238037109e-01,-1.595478951930999756e-01,-4.472957924008369446e-02,-1.324570477008819580e-01,-1.442270576953887939e-01,-9.101387113332748413e-02,7.710693031549453735e-02,-1.565430313348770142e-01,-1.306467205286026001e-01,1.644898205995559692e-01,2.051786184310913086e-01,1.573765873908996582e-01,3.075836598873138428e-01,3.536756336688995361e-01,1.000000000000000000e+00,-1.952636800706386566e-02,2.243970483541488647e-01,-1.502777636051177979e-01,3.713456541299819946e-02,-1.294867992401123047e-01,-7.661131024360656738e-02,-7.245916128158569336e-02,-4.178352653980255127e-03,3.205791115760803223e-01,4.417220950126647949e-01,-1.391337066888809204e-01,-8.090716600418090820e-02,-1.330694407224655151e-01,-5.494705401360988617e-03,-6.311611831188201904e-02,-1.028965711593627930e-01,-9.026536345481872559e-02,-3.362110257148742676e-02,-2.581573650240898132e-02,-3.854624181985855103e-02,4.975780844688415527e-02,-1.171811223030090332e-01,-4.257253929972648621e-02,-1.871424913406372070e-02,2.335230857133865356e-01,4.082292020320892334e-01
-7.964205741882324219e-02,2.865472435951232910e-01,-3.569490462541580200e-02,-4.152085632085800171e-02,1.130802929401397705e-01,-6.221965700387954712e-02,-5.997876171022653580e-03,2.928095757961273193e-01,1.618143171072006226e-01,2.634130120277404785e-01,1.223273351788520813e-01,2.370995432138442993e-01,3.744875490665435791e-01,-2.391635030508041382e-01,3.233269751071929932e-01,3.908263146877288818e-01,5.432032048702239990e-02,6.172435358166694641e-02,2.462584152817726135e-02,-5.000334233045578003e-02,-3.248640522360801697e-02,-1.952636800706386566e-02,1.000000000000000000e+00,8.710885792970657349e-02,3.049364089965820312e-01,1.515599666163325310e-03,3.367704749107360840e-01,6.876055896282196045e-02,-3.667131438851356506e-02,-1.405379176139831543e-01,-1.714441552758216858e-02,-5.960756540298461914e-02,3.264935612678527832e-01,3.377546072006225586e-01,3.029409050941467285e-01,4.422896802425384521e-01,3.327296376228332520e-01,3.371435701847076416e-01,3.420784771442413330e-01,4.656251072883605957e-01,2.094078958034515381e-01,1.221483424305915833e-01,3.309245407581329346e-02,2.722388803958892822e-01,1.769355386495590210e-01,1.223810911178588867e-01,-1.048018876463174820e-02,1.837901771068572998e-01
7.163451611995697021e-02,6.037924066185951233e-02,-5.742483586072921753e-02,3.008654527366161346e-02,2.168553322553634644e-02,1.535755023360252380e-02,3.197000548243522644e-02,1.159225776791572571e-02,-1.414409372955560684e-02,8.220342919230461121e-03,-5.720358341932296753e-02,-3.631061688065528870e-02,2.740299329161643982e-02,3.537862095981836319e-03,-2.090365998446941376e-02,7.621270418167114258e-02,5.764102190732955933e-02,1.520156562328338623e-01,-4.186003655195236206e-02,8.444884419441223145e-02,1.139486953616142273e-01,2.243970483541488647e-01,8.710885792970657349e-02,1.000000000000000000e+00,-1.283659413456916809e-02,5.572000145912170410e-02,2.821626700460910797e-02,-1.158586889505386353e-02,-8.288235217332839966e-02,-7.858972996473312378e-02,2.202015668153762817e-01,3.072659075260162354e-01,5.609446018934249878e-02,2.211493812501430511e-02,3.321700543165206909e-02,1.495284289121627808e-01,8.552294224500656128e-02,4.350106045603752136e-02,7.862753421068191528e-02,1.374309659004211426e-01,9.605368971824645996e-02,8.623047173023223877e-02,-7.417590916156768799e-02,-1.887837611138820648e-02,1.225188821554183960e-01,6.272951513528823853e-02,4.393461644649505615e-01,3.269562125205993652e-01
1.582147777080535889e-01,2.142569869756698608e-01,7.267541438341140747e-02,1.043909192085266113e-01,1.651376485824584961e-01,5.811778083443641663e-02,8.359203115105628967e-03,3.138859570026397705e-01,2.708990871906280518e-01,2.031397968530654907e-01,2.717363834381103516e-01,2.934819161891937256e-01,2.557114362716674805e-01,-1.760993003845214844e-01,3.443907201290130615e-01,3.276976644992828369e-01,6.168790161609649658e-02,-2.056202292442321777e-02,1.593153178691864014e-02,-4.446749016642570496e-02,-1.784834712743759155e-01,-1.502777636051177979e-01,3.049364089965820312e-01,-1.283659413456916809e-02,1.000000000000000000e+00,1.895248889923095703e-02,3.745158016681671143e-01,1.891280114650726318e-01,8.585318177938461304e-02,-8.712056279182434082e-02,-1.252358704805374146e-01,-1.817082911729812622e-01,3.507033884525299072e-01,2.531524896621704102e-01,3.716300129890441895e-01,2.539521455764770508e-01,1.807010173797607422e-01,3.288577198982238770e-01,3.321851789951324463e-01,3.602023124694824219e-01,1.349264979362487793e-01,1.105311214923858643e-01,1.320929974317550659e-01,2.756862342357635498e-01,1.688998192548751831e-01,2.148245722055435181e-01,-5.355037003755569458e-02,-2.388465031981468201e-02
-1.903838710859417915e-03,1.441885530948638916e-01,8.778427541255950928e-02,2.322079539299011230e-01,9.935633838176727295e-02,7.091416418552398682e-02,1.897422969341278076e-01,-7.301708217710256577e-03,1.214545443654060364e-01,1.116134598851203918e-01,2.187963575124740601e-02,1.119880080223083496e-01,4.641816951334476471e-03,-2.361437119543552399e-02,3.840258717536926270e-02,1.023150142282247543e-02,1.775460541248321533e-01,1.343749612569808960e-01,6.171030458062887192e-03,8.752457797527313232e-02,-2.430016733705997467e-02,3.713456541299819946e-02,1.515599666163325310e-03,5.572000145912170410e-02,1.895248889923095703e-02,1.000000000000000000e+00,5.781265348196029663e-02,1.645800769329071045e-01,1.641650684177875519e-02,1.024871394038200378e-01,1.488268971443176270e-01,3.459265828132629395e-02,3.365384414792060852e-02,3.715762123465538025e-02,5.543375015258789062e-02,8.592360466718673706e-02,1.830425113439559937e-02,4.693152382969856262e-02,4.403320699930191040e-02,1.103442255407571793e-02,1.344112008810043335e-01,8.205517381429672241e-02,-4.811962693929672241e-02,1.124307215213775635e-01,6.070658564567565918e-02,1.059045568108558655e-01,4.351858794689178467e-02,-1.825275830924510956e-02
1.148097030818462372e-02,4.090088307857513428e-01,1.588884443044662476e-01,1.738466024398803711e-01,2.243498265743255615e-01,9.390867501497268677e-02,1.915146857500076294e-01,2.720341682434082031e-01,4.024667143821716309e-01,3.371550738811492920e-01,1.407765299081802368e-01,3.726247549057006836e-01,3.019222021102905273e-01,-3.992591500282287598e-01,4.303605258464813232e-01,4.727939665317535400e-01,2.351780980825424194e-01,2.305222004652023315e-01,-3.688804805278778076e-02,4.114580154418945312e-02,-4.295529797673225403e-02,-1.294867992401123047e-01,3.367704749107360840e-01,2.821626700460910797e-02,3.745158016681671143e-01,5.781265348196029663e-02,1.000000000000000000e+00,1.975055783987045288e-01,1.372432112693786621e-01,-2.583391498774290085e-03,4.509128257632255554e-02,-2.130087018013000488e-01,5.090373754501342773e-01,4.680074751377105713e-01,4.844937622547149658e-01,3.540494740009307861e-01,2.918210327625274658e-01,4.932190477848052979e-01,4.918743968009948730e-01,4.000226557254791260e-01,2.668026685714721680e-01,2.203357666730880737e-01,7.335949689149856567e-02,4.492506682872772217e-01,2.303930371999740601e-01,2.042186558246612549e-01,-8.728516101837158203e-02,-5.632065981626510620e-02
9.008349478244781494e-02,2.345573902130126953e-01,2.901619970798492432e-01,2.723156511783599854e-01,2.228773683309555054e-01,1.854650527238845825e-01,2.495794892311096191e-01,2.634425275027751923e-02,1.950028687715530396e-01,2.426594197750091553e-01,5.996653065085411072e-02,1.799072921276092529e-01,1.850049197673797607e-01,-2.007694840431213379e-01,1.716407686471939087e-01,7.582581043243408203e-02,2.238997220993041992e-01,1.440442204475402832e-01,3.431194275617599487e-02,4.504285007715225220e-02,-7.199010252952575684e-02,-7.661131024360656738e-02,6.876055896282196045e-02,-1.158586889505386353e-02,1.891280114650726318e-01,1.645800769329071045e-01,1.975055783987045288e-01,1.000000000000000000e+00,2.484078556299209595e-01,1.754214018583297729e-01,9.715978056192398071e-02,-8.127671480178833008e-02,1.274073421955108643e-01,1.779241710901260376e-01,1.434066891670227051e-01,1.122504696249961853e-01,2.539403177797794342e-02,1.628380566835403442e-01,1.013787165284156799e-01,5.217544734477996826e-02,2.576893568038940430e-01,1.877692937850952148e-01,1.326813735067844391e-02,1.690798699855804443e-01,2.188484668731689453e-01,1.628608107566833496e-01,-5.455884337425231934e-02,-1.087776497006416321e-01
1.171093285083770752e-01,1.084203943610191345e-01,2.394773066043853760e-01,2.636564970016479492e-01,2.303765118122100830e-01,2.721396684646606445e-01,2.878701686859130859e-01,5.118810106068849564e-03,1.356780081987380981e-01,1.693605482578277588e-01,3.473365213721990585e-03,8.848959207534790039e-02,1.049885004758834839e-01,-1.651052981615066528e-01,1.072740405797958374e-01,3.941918537020683289e-02,2.334976047277450562e-01,1.913716942071914673e-01,6.217387318611145020e-02,1.065329089760780334e-01,-1.322710700333118439e-02,-7.245916128158569336e-02,-3.667131438851356506e-02,-8.288235217332839966e-02,8.585318177938461304e-02,1.641650684177875519e-02,1.372432112693786621e-01,2.484078556299209595e-01,1.000000000000000000e+00,3.737008571624755859e-01,2.097980827093124390e-01,-1.473432332277297974e-01,1.030704155564308167e-01,1.327489763498306274e-01,1.282087266445159912e-01,-2.979016117751598358e-02,-7.869362086057662964e-02,1.192775294184684753e-01,1.023163199424743652e-01,-5.801586061716079712e-02,8.737894892692565918e-02,1.834706962108612061e-01,9.948507696390151978e-02,9.759189933538436890e-02,1.071436703205108643e-01,1.239270940423011780e-01,-7.787939161062240601e-02,-1.932248175144195557e-01
-1.641416549682617188e-02,8.898954838514328003e-02,1.834179461002349854e-01,2.510792911052703857e-01,1.392768621444702148e-01,1.900624185800552368e-01,3.019019961357116699e-01,-1.108511835336685181e-01,3.914181143045425415e-02,1.259788870811462402e-01,-6.578072160482406616e-02,9.476269595324993134e-03,-5.347357131540775299e-03,-7.315959781408309937e-02,-3.888254985213279724e-02,-1.027796044945716858e-01,2.057194411754608154e-01,1.877404302358627319e-01,5.901054665446281433e-02,1.272817999124526978e-01,1.729988260194659233e-03,-4.178352653980255127e-03,-1.405379176139831543e-01,-7.858972996473312378e-02,-8.712056279182434082e-02,1.024871394038200378e-01,-2.583391498774290085e-03,1.754214018583297729e-01,3.737008571624755859e-01,1.000000000000000000e+00,3.180192410945892334e-01,-8.581505715847015381e-02,-5.479915440082550049e-02,2.910192124545574188e-03,-3.005367470905184746e-03,-1.176152378320693970e-01,-1.146314293146133423e-01,-3.386116400361061096e-02,-3.978398814797401428e-02,-1.610635817050933838e-01,4.134052991867065430e-02,1.854957640171051025e-01,9.021811187267303467e-02,-1.233672071248292923e-02,1.262252181768417358e-01,1.380543112754821777e-01,-3.716451674699783325e-02,-1.799358278512954712e-01
-4.614265635609626770e-02,1.483243554830551147e-01,1.891490817070007324e-01,3.262637257575988770e-01,1.228705421090126038e-01,1.947290599346160889e-01,3.689783513545989990e-01,-1.247558295726776123e-01,4.611283168196678162e-02,1.415455639362335205e-01,-1.152985095977783203e-01,4.927002009935677052e-04,1.553931925445795059e-02,-1.227329969406127930e-01,-1.788582466542720795e-02,-1.332116499543190002e-02,3.705794811248779297e-01,4.260565638542175293e-01,1.060618832707405090e-01,3.273529410362243652e-01,2.370250225067138672e-01,3.205791115760803223e-01,-1.714441552758216858e-02,2.202015668153762817e-01,-1.252358704805374146e-01,1.488268971443176270e-01,4.509128257632255554e-02,9.715978056192398071e-02,2.097980827093124390e-01,3.180192410945892334e-01,1.000000000000000000e+00,2.204355001449584961e-01,3.649435937404632568e-02,1.029277741909027100e-01,5.191789194941520691e-02,5.173198506236076355e-02,-1.380819082260131836e-02,6.577488780021667480e-02,7.079850137233734131e-02,-1.344568561762571335e-02,1.428022086620330811e-01,1.396812349557876587e-01,3.032997809350490570e-02,6.768658012151718140e-02,9.539532661437988281e-02,7.663431018590927124e-02,1.989282220602035522e-01,1.498222947120666504e-01
-1.856831833720207214e-02,-1.350271552801132202e-01,-7.029139995574951172e-02,-2.281001396477222443e-02,-1.371465772390365601e-01,-3.828455507755279541e-02,-4.104596003890037537e-02,-1.111382842063903809e-01,-1.956266015768051147e-01,-1.318104714155197144e-01,-9.298592805862426758e-02,-1.847165524959564209e-01,-1.360956877470016479e-01,1.787817776203155518e-01,-1.958687156438827515e-01,-1.835088133811950684e-01,1.491019036620855331e-02,6.710709631443023682e-02,4.216295108199119568e-02,1.244739368557929993e-01,2.296020090579986572e-01,4.417220950126647949e-01,-5.960756540298461914e-02,3.072659075260162354e-01,-1.817082911729812622e-01,3.459265828132629395e-02,-2.130087018013000488e-01,-8.127671480178833008e-02,-1.473432332277297974e-01,-8.581505715847015381e-02,2.204355001449584961e-01,1.000000000000000000e+00,-1.911229789257049561e-01,-1.741332411766052246e-01,-2.073396593332290649e-01,-1.492959272582083941e-04,-6.285284459590911865e-02,-1.914852708578109741e-01,-1.708416789770126343e-01,-6.640947610139846802e-02,-5.360278487205505371e-02,-1.449414342641830444e-01,-2.790706045925617218e-02,-1.647608578205108643e-01,-1.133596673607826233e-01,-1.598477065563201904e-01,3.465039730072021484e-01,4.384618699550628662e-01
