1.000000000000000000e+00,2.363160699605941772e-01,4.022455513477325439e-01,3.379815518856048584e-01,3.587796092033386230e-01,1.977357864379882812e-01,1.751442551612854004e-01,3.543136119842529297e-01,1.955412626266479492e-01,-2.392872124910354614e-01,1.818355917930603027e-01,-1.644291877746582031e-01,-2.941561639308929443e-01,2.505659759044647217e-01,1.905915327370166779e-02,-3.276664912700653076e-01,1.348212063312530518e-01,2.701189555227756500e-02,3.657746594399213791e-03,-1.612851619720458984e-01,-1.770842373371124268e-01,2.387999556958675385e-03,-1.809286177158355713e-01,-2.239395976066589355e-01,5.185357332229614258e-01,9.774080663919448853e-02,1.664152145385742188e-01,5.795217156410217285e-01,4.487904906272888184e-01,-1.740480773150920868e-02,-1.124653741717338562e-01,-1.502106636762619019e-01,2.911901772022247314e-01,9.608248621225357056e-02,-1.616526246070861816e-01,-3.214509785175323486e-01,1.772574931383132935e-01,2.006780542433261871e-02,-3.598827421665191650e-01,-4.006322920322418213e-01,3.777987062931060791e-01,5.967129766941070557e-02,-2.472386956214904785e-01,2.101475298404693604e-01,-1.933370679616928101e-01,-2.650292813777923584e-01,-2.699910402297973633e-01,-4.101266711950302124e-02
2.363160699605941772e-01,1.000000000000000000e+00,5.156472325325012207e-02,2.644410133361816406e-01,2.333458960056304932e-01,4.904493391513824463e-01,4.960085451602935791e-02,5.385846495628356934e-01,5.415117740631103516e-01,4.802547991275787354e-01,5.418978333473205566e-01,5.397078990936279297e-01,2.013074010610580444e-01,4.732744991779327393e-01,5.767586231231689453e-01,2.606345713138580322e-01,-1.452392339706420898e-01,-2.252945303916931152e-01,-1.264674868434667587e-02,-1.435934901237487793e-01,-1.891881972551345825e-01,-3.678773939609527588e-01,-1.846657991409301758e-01,-1.310019493103027344e-01,3.600967824459075928e-01,1.763370484113693237e-01,4.418894052505493164e-01,4.902696311473846436e-01,5.522853136062622070e-01,3.345167934894561768e-01,-1.531902253627777100e-01,-2.954685389995574951e-01,3.938362300395965576e-01,3.920023441314697266e-01,4.279560446739196777e-01,1.224118769168853760e-01,4.336853027343750000e-01,5.461207628250122070e-01,2.819579541683197021e-01,6.230308115482330322e-02,5.530454516410827637e-01,7.083849906921386719e-01,2.603275179862976074e-01,6.761833429336547852e-01,5.575847625732421875e-01,4.844572544097900391e-01,-2.124641686677932739e-01,-4.483661949634552002e-01
4.022455513477325439e-01,5.156472325325012207e-02,1.000000000000000000e+00,6.665715575218200684e-01,1.094263046979904175e-01,4.227080196142196655e-02,3.103251755237579346e-01,1.276598311960697174e-02,4.540918394923210144e-02,-1.452184617519378662e-01,-2.612184919416904449e-02,-2.541970908641815186e-01,-1.388953030109405518e-01,-3.524363040924072266e-02,-9.014291316270828247e-02,-1.757808774709701538e-01,2.280597239732742310e-01,-9.833969920873641968e-02,2.084650248289108276e-01,-6.428612768650054932e-02,-5.776318535208702087e-02,-8.577075600624084473e-02,9.748766571283340454e-02,9.108969569206237793e-02,2.178838551044464111e-01,2.575712203979492188e-01,-8.892033994197845459e-02,4.410850107669830322e-01,2.563414275646209717e-01,4.573622345924377441e-02,-1.538388729095458984e-01,-1.700259447097778320e-01,-3.686119616031646729e-02,-6.630352139472961426e-02,-7.891680300235748291e-02,-2.205207757651805878e-02,-7.282695174217224121e-02,-2.288157679140567780e-02,-1.862949281930923462e-01,-9.345555305480957031e-02,1.230356395244598389e-01,-4.432405903935432434e-02,-1.012145429849624634e-01,1.378128081560134888e-01,-5.382051318883895874e-02,-2.177458405494689941e-01,-1.082830503582954407e-01,2.859918586909770966e-02
3.379815518856048584e-01,2.644410133361816406e-01,6.665715575218200684e-01,1.000000000000000000e+00,2.787893712520599365e-01,2.807823419570922852e-01,4.075739085674285889e-01,1.232755258679389954e-01,2.334095984697341919e-01,8.903325349092483521e-02,2.067133933305740356e-01,3.828927502036094666e-02,-6.427332758903503418e-02,1.040586456656455994e-01,7.498861849308013916e-02,-9.980751574039459229e-02,2.109023034572601318e-01,-2.280297502875328064e-02,1.133697554469108582e-01,4.518267884850502014e-02,2.508219704031944275e-02,-5.584162473678588867e-02,6.102540343999862671e-02,3.251469135284423828e-02,1.845645010471343994e-01,1.536311954259872437e-01,-1.213749684393405914e-02,3.731602728366851807e-01,2.506665587425231934e-01,2.864686585962772369e-02,-1.114655286073684692e-01,-1.309296935796737671e-01,2.346711046993732452e-02,-5.252930521965026855e-02,-2.576522529125213623e-02,-4.700914025306701660e-02,3.946614637970924377e-02,2.856713160872459412e-02,-1.193378493189811707e-01,-6.745096296072006226e-02,3.512876331806182861e-01,1.704154014587402344e-01,4.838067293167114258e-02,2.643581628799438477e-01,1.403259038925170898e-01,2.163477241992950439e-02,-1.075905412435531616e-01,-4.179092869162559509e-02
3.587796092033386230e-01,2.333458960056304932e-01,1.094263046979904175e-01,2.787893712520599365e-01,1.000000000000000000e+00,3.765829503536224365e-01,3.506296575069427490e-01,2.928677499294281006e-01,3.095504939556121826e-01,7.821251451969146729e-02,3.001568615436553955e-01,3.192658349871635437e-02,-2.007067389786243439e-02,2.813649177551269531e-01,1.074083745479583740e-01,-1.363980621099472046e-01,2.404881715774536133e-01,1.691593527793884277e-01,1.326056718826293945e-01,1.057523414492607117e-01,7.149662822484970093e-02,1.398369818925857544e-01,-1.283293589949607849e-02,-6.976008415222167969e-02,2.220599353313446045e-01,1.277827918529510498e-01,3.280957639217376709e-01,2.414056360721588135e-01,2.660636305809020996e-01,1.890280097723007202e-02,3.186495229601860046e-02,3.102536872029304504e-02,3.067159950733184814e-01,6.326981633901596069e-02,-7.613422721624374390e-02,-1.499062031507492065e-01,2.700684368610382080e-01,6.933113560080528259e-03,-1.489373892545700073e-01,-1.114923879504203796e-01,3.741971850395202637e-01,1.641546934843063354e-01,6.052977964282035828e-02,2.153289914131164551e-01,3.938321396708488464e-02,6.582024693489074707e-02,-6.910070031881332397e-02,-3.250502422451972961e-02
1.977357864379882812e-01,4.904493391513824463e-01,4.227080196142196655e-02,2.807823419570922852e-01,3.765829503536224365e-01,1.000000000000000000e+00,3.226879537105560303e-01,4.206890761852264404e-01,5.123590826988220215e-01,2.485457956790924072e-01,4.846936166286468506e-01,2.597503066062927246e-01,8.378606289625167847e-02,3.792852461338043213e-01,3.782909214496612549e-01,8.679530769586563110e-02,1.689921617507934570e-01,3.087272867560386658e-02,1.983684152364730835e-01,2.643081173300743103e-02,-1.023983955383300781e-01,-3.918261826038360596e-02,-8.789095282554626465e-02,-1.445618420839309692e-01,1.837474554777145386e-01,1.897561848163604736e-01,3.679386079311370850e-01,3.286535441875457764e-01,4.182728826999664307e-01,1.849506646394729614e-01,-4.606388136744499207e-02,-8.633532375097274780e-02,3.227979838848114014e-01,2.055711895227432251e-01,1.821302920579910278e-01,-6.793250888586044312e-02,3.442882299423217773e-01,2.352406233549118042e-01,8.148436248302459717e-02,-4.371716827154159546e-02,4.816420078277587891e-01,4.442695975303649902e-01,1.829898506402969360e-01,3.948414623737335205e-01,3.068352341651916504e-01,3.019965589046478271e-01,2.860378660261631012e-02,-2.096743136644363403e-01
1.751442551612854004e-01,4.960085451602935791e-02,3.103251755237579346e-01,4.075739085674285889e-01,3.506296575069427490e-01,3.226879537105560303e-01,1.000000000000000000e+00,1.019520461559295654e-01,2.204185426235198975e-01,-9.597880765795707703e-03,2.715402543544769287e-01,-1.136953607201576233e-01,3.748347610235214233e-02,1.684676408767700195e-01,-4.182896390557289124e-02,-2.220017910003662109e-01,7.732505798339843750e-01,4.947583377361297607e-01,5.108019709587097168e-01,5.275958180427551270e-01,4.704622030258178711e-01,4.624335467815399170e-01,2.417138814926147461e-01,1.958506107330322266e-01,1.270152181386947632e-01,5.190502405166625977e-01,9.792915731668472290e-02,1.183749362826347351e-01,2.811410427093505859e-01,3.231303393840789795e-01,4.199360311031341553e-01,3.284629583358764648e-01,2.042838931083679199e-01,2.027752436697483063e-02,-2.163915783166885376e-01,-1.084784120321273804e-01,1.034921482205390930e-01,-9.373208135366439819e-02,-2.834861278533935547e-01,-1.104300543665885925e-01,2.184743881225585938e-01,3.629665821790695190e-02,2.509850859642028809e-01,1.064815595746040344e-01,9.321331977844238281e-02,7.254032045602798462e-02,2.916334271430969238e-01,3.006709516048431396e-01
3.543136119842529297e-01,5.385846495628356934e-01,1.276598311960697174e-02,1.232755258679389954e-01,2.928677499294281006e-01,4.206890761852264404e-01,1.019520461559295654e-01,1.000000000000000000e+00,5.089374780654907227e-01,1.614869236946105957e-01,5.584241151809692383e-01,2.403591871261596680e-01,1.494169794023036957e-02,6.766259074211120605e-01,4.464406669139862061e-01,5.676112696528434753e-02,-2.527814358472824097e-02,-5.101064220070838928e-02,-4.138145595788955688e-02,-1.217703893780708313e-01,-1.825465559959411621e-01,-1.920589953660964966e-01,-3.175557553768157959e-01,-2.903288006782531738e-01,4.568301141262054443e-01,1.801445186138153076e-01,3.920748531818389893e-01,3.517863750457763672e-01,4.037024974822998047e-01,1.857756823301315308e-01,-6.006039306521415710e-02,-1.614392995834350586e-01,5.317271351814270020e-01,4.896815717220306396e-01,1.953910887241363525e-01,-1.711348146200180054e-01,5.999262332916259766e-01,3.534269630908966064e-01,1.929473876953125000e-02,-1.600308567285537720e-01,4.325614869594573975e-01,3.317972421646118164e-01,2.974186651408672333e-02,3.904523551464080811e-01,1.953415721654891968e-01,1.795428693294525146e-01,-2.333961278200149536e-01,-4.307919442653656006e-01
1.955412626266479492e-01,5.415117740631103516e-01,4.540918394923210144e-02,2.334095984697341919e-01,3.095504939556121826e-01,5.123590826988220215e-01,2.204185426235198975e-01,5.089374780654907227e-01,1.000000000000000000e+00,3.785865008831024170e-01,7.343419790267944336e-01,4.475094974040985107e-01,2.004316151142120361e-01,5.678412914276123047e-01,6.139009594917297363e-01,3.514649569988250732e-01,3.209074959158897400e-02,-1.413040906190872192e-01,9.342509321868419647e-03,-7.378588616847991943e-02,-1.054253429174423218e-01,-1.776727437973022461e-01,-7.729900628328323364e-02,-1.586138159036636353e-01,2.756804823875427246e-01,1.709208190441131592e-01,4.557456374168395996e-01,2.931919991970062256e-01,4.258996248245239258e-01,1.305516362190246582e-01,-1.841483116149902344e-01,-1.843019127845764160e-01,3.511670529842376709e-01,4.070564210414886475e-01,3.829564750194549561e-01,4.702084511518478394e-02,5.574194788932800293e-01,4.950422048568725586e-01,2.820396423339843750e-01,7.326909154653549194e-02,4.535965323448181152e-01,5.182629823684692383e-01,9.451737999916076660e-02,5.784708261489868164e-01,4.357396066188812256e-01,3.307314515113830566e-01,-1.753939092159271240e-01,-2.662599384784698486e-01
-2.392872124910354614e-01,4.802547991275787354e-01,-1.452184617519378662e-01,8.903325349092483521e-02,7.821251451969146729e-02,2.485457956790924072e-01,-9.597880765795707703e-03,1.614869236946105957e-01,3.785865008831024170e-01,1.000000000000000000e+00,3.702556490898132324e-01,7.391300797462463379e-01,6.065826416015625000e-01,3.359036147594451904e-01,5.863111019134521484e-01,6.056040525436401367e-01,-1.453087478876113892e-01,-1.982095241546630859e-01,1.179399713873863220e-01,1.577616930007934570e-01,1.817173063755035400e-01,-2.479095160961151123e-01,2.398031949996948242e-01,2.563365995883941650e-01,-6.945920735597610474e-02,1.023510396480560303e-01,2.162089049816131592e-01,-7.479339092969894409e-02,8.154488354921340942e-02,2.387467920780181885e-01,-5.068873288109898567e-04,-1.110998019576072693e-01,7.146142423152923584e-02,1.816847920417785645e-01,5.962633490562438965e-01,4.999909400939941406e-01,3.033497035503387451e-01,4.272546470165252686e-01,6.089806556701660156e-01,5.178177952766418457e-01,1.963694691658020020e-01,6.434674263000488281e-01,5.109924674034118652e-01,5.445526838302612305e-01,6.967611908912658691e-01,7.068191766738891602e-01,5.442250147461891174e-02,-1.785923093557357788e-01
1.818355917930603027e-01,5.418978333473205566e-01,-2.612184919416904449e-02,2.067133933305740356e-01,3.001568615436553955e-01,4.846936166286468506e-01,2.715402543544769287e-01,5.584241151809692383e-01,7.343419790267944336e-01,3.702556490898132324e-01,1.000000000000000000e+00,4.876797795295715332e-01,2.005546987056732178e-01,6.734027862548828125e-01,6.339432001113891602e-01,2.750693559646606445e-01,6.899283081293106079e-02,-3.480050340294837952e-02,1.770374923944473267e-02,2.119987644255161285e-02,-1.108986511826515198e-02,-1.129208356142044067e-01,-1.059942319989204407e-01,-2.099759280681610107e-01,3.108798265457153320e-01,1.950435936450958252e-01,4.809620976448059082e-01,2.504236102104187012e-01,3.674964606761932373e-01,1.271918416023254395e-01,-9.685453027486801147e-02,-1.495042741298675537e-01,4.548437297344207764e-01,4.800156652927398682e-01,3.035683929920196533e-01,-3.081076405942440033e-02,6.240980029106140137e-01,4.921070039272308350e-01,2.024340778589248657e-01,1.941260509192943573e-02,5.236852765083312988e-01,4.534011781215667725e-01,1.384986639022827148e-01,5.150920152664184570e-01,3.811580538749694824e-01,3.122057616710662842e-01,-1.767980009317398071e-01,-2.561534643173217773e-01
-1.644291877746582031e-01,5.397078990936279297e-01,-2.541970908641815186e-01,3.828927502036094666e-02,3.192658349871635437e-02,2.597503066062927246e-01,-1.136953607201576233e-01,2.403591871261596680e-01,4.475094974040985107e-01,7.391300797462463379e-01,4.876797795295715332e-01,1.000000000000000000e+00,4.705052673816680908e-01,4.216735363006591797e-01,7.099075317382812500e-01,5.796252489089965820e-01,-2.638460397720336914e-01,-1.777424961328506470e-01,-1.005371138453483582e-01,7.167816162109375000e-02,3.405557572841644287e-02,-2.446497976779937744e-01,1.967106945812702179e-02,-4.810073971748352051e-02,-1.224847976118326187e-02,-7.526817917823791504e-02,2.558851242065429688e-01,-4.486766457557678223e-02,5.878681316971778870e-02,7.474479824304580688e-02,-1.103924438357353210e-01,-1.934139281511306763e-01,1.344346851110458374e-01,3.310636579990386963e-01,5.561518669128417969e-01,2.720825076103210449e-01,4.154841899871826172e-01,5.626005530357360840e-01,5.789600610733032227e-01,3.274727463722229004e-01,2.881734371185302734e-01,6.084102392196655273e-01,3.272275924682617188e-01,5.010499358177185059e-01,5.883861184120178223e-01,6.322712898254394531e-01,-7.381509244441986084e-02,-2.590426504611968994e-01
-2.941561639308929443e-01,2.013074010610580444e-01,-1.388953030109405518e-01,-6.427332758903503418e-02,-2.007067389786243439e-02,8.378606289625167847e-02,3.748347610235214233e-02,1.494169794023036957e-02,2.004316151142120361e-01,6.065826416015625000e-01,2.005546987056732178e-01,4.705052673816680908e-01,1.000000000000000000e+00,2.107164710760116577e-01,4.701436161994934082e-01,6.813710927963256836e-01,2.547836303710937500e-02,-1.068914905190467834e-01,3.679915666580200195e-01,3.531282842159271240e-01,3.706111013889312744e-01,-4.468214511871337891e-02,5.740587115287780762e-01,4.746548235416412354e-01,-1.436069309711456299e-01,1.953833699226379395e-01,1.325705647468566895e-01,-1.786144822835922241e-01,-4.203098267316818237e-02,2.958852648735046387e-01,1.824402511119842529e-01,1.614281386137008667e-01,4.161332547664642334e-02,1.010926440358161926e-01,4.843227863311767578e-01,6.483848094940185547e-01,1.904167830944061279e-01,3.284276723861694336e-01,6.210179924964904785e-01,7.163866758346557617e-01,4.984758421778678894e-02,3.575673997402191162e-01,6.496503353118896484e-01,3.308656513690948486e-01,4.449294209480285645e-01,5.523005723953247070e-01,2.998020946979522705e-01,1.321947723627090454e-01
2.505659759044647217e-01,4.732744991779327393e-01,-3.524363040924072266e-02,1.040586456656455994e-01,2.813649177551269531e-01,3.792852461338043213e-01,1.684676408767700195e-01,6.766259074211120605e-01,5.678412914276123047e-01,3.359036147594451904e-01,6.734027862548828125e-01,4.216735363006591797e-01,2.107164710760116577e-01,1.000000000000000000e+00,6.263122558593750000e-01,1.886444985866546631e-01,3.875360265374183655e-02,9.736017324030399323e-03,7.507591694593429565e-02,7.785484194755554199e-02,5.118682608008384705e-02,-1.031395047903060913e-01,-1.221202537417411804e-01,-1.866810023784637451e-01,3.532754480838775635e-01,1.898937076330184937e-01,5.170340538024902344e-01,1.893437057733535767e-01,3.416858315467834473e-01,7.413432002067565918e-02,-3.864315524697303772e-02,-1.065277457237243652e-01,5.943353176116943359e-01,5.528673529624938965e-01,2.916164100170135498e-01,-9.265273809432983398e-02,7.811389565467834473e-01,5.224272608757019043e-01,1.431551128625869751e-01,-9.110373444855213165e-03,5.222038626670837402e-01,3.553540408611297607e-01,1.897930800914764404e-01,4.518577158451080322e-01,2.735833823680877686e-01,2.280586063861846924e-01,-1.752907633781433105e-01,-2.860790193080902100e-01
1.905915327370166779e-02,5.767586231231689453e-01,-9.014291316270828247e-02,7.498861849308013916e-02,1.074083745479583740e-01,3.782909214496612549e-01,-4.182896390557289124e-02,4.464406669139862061e-01,6.139009594917297363e-01,5.863111019134521484e-01,6.339432001113891602e-01,7.099075317382812500e-01,4.701436161994934082e-01,6.263122558593750000e-01,1.000000000000000000e+00,5.839329957962036133e-01,-1.773155033588409424e-01,-2.166832685470581055e-01,1.529719680547714233e-02,-2.116573229432106018e-02,-4.904003813862800598e-02,-2.956302762031555176e-01,-1.393432728946208954e-02,-1.431129425764083862e-01,2.070781886577606201e-01,8.026515692472457886e-02,4.356723129749298096e-01,1.703838855028152466e-01,2.681960463523864746e-01,5.972694233059883118e-02,-2.057348191738128662e-01,-2.542993426322937012e-01,3.529925346374511719e-01,5.334662199020385742e-01,5.766354203224182129e-01,1.789135038852691650e-01,6.036729812622070312e-01,7.602347731590270996e-01,5.341609120368957520e-01,2.735052406787872314e-01,4.299637973308563232e-01,5.407714247703552246e-01,2.701535522937774658e-01,5.967900156974792480e-01,5.369599461555480957e-01,5.119740366935729980e-01,-1.939981132745742798e-01,-3.651050329208374023e-01
-3.276664912700653076e-01,2.606345713138580322e-01,-1.757808774709701538e-01,-9.980751574039459229e-02,-1.363980621099472046e-01,8.679530769586563110e-02,-2.220017910003662109e-01,5.676112696528434753e-02,3.514649569988250732e-01,6.056040525436401367e-01,2.750693559646606445e-01,5.796252489089965820e-01,6.813710927963256836e-01,1.886444985866546631e-01,5.839329957962036133e-01,1.000000000000000000e+00,-2.982498109340667725e-01,-3.669017255306243896e-01,-2.042587660253047943e-02,-2.912622876465320587e-02,4.170855041593313217e-03,-2.875767648220062256e-01,3.277766406536102295e-01,2.401587963104248047e-01,-1.424168795347213745e-01,-5.885210260748863220e-02,9.572291374206542969e-02,-1.688033342361450195e-01,-9.120151400566101074e-02,1.065182164311408997e-01,-1.455603092908859253e-01,-9.690999984741210938e-02,-6.284935772418975830e-02,2.223790585994720459e-01,6.752569079399108887e-01,6.167935132980346680e-01,2.165711075067520142e-01,4.873663783073425293e-01,8.388662338256835938e-01,6.722764372825622559e-01,1.023872103542089462e-02,4.346034824848175049e-01,2.872343361377716064e-01,3.711679279804229736e-01,4.852645099163055420e-01,4.907599091529846191e-01,6.807082891464233398e-02,-7.185976952314376831e-02
1.348212063312530518e-01,-1.452392339706420898e-01,2.280597239732742310e-01,2.109023034572601318e-01,2.404881715774536133e-01,1.689921617507934570e-01,7.732505798339843750e-01,-2.527814358472824097e-02,3.209074959158897400e-02,-1.453087478876113892e-01,6.899283081293106079e-02,-2.638460397720336914e-01,2.547836303710937500e-02,3.875360265374183655e-02,-1.773155033588409424e-01,-2.982498109340667725e-01,1.000000000000000000e+00,6.685599088668823242e-01,6.175016760826110840e-01,6.342381834983825684e-01,5.758801102638244629e-01,6.585607528686523438e-01,3.428020179271697998e-01,2.671771347522735596e-01,4.832136258482933044e-02,4.359323382377624512e-01,4.365550726652145386e-02,2.267955057322978973e-02,1.490430831909179688e-01,2.426608949899673462e-01,5.738492012023925781e-01,4.514785706996917725e-01,1.398875862360000610e-01,-9.142888337373733521e-02,-3.076069951057434082e-01,-1.142901331186294556e-01,-3.070300258696079254e-02,-2.450693994760513306e-01,-3.273457288742065430e-01,-9.656037390232086182e-02,1.325095891952514648e-01,-1.053548455238342285e-01,2.468563467264175415e-01,-9.680577367544174194e-02,-1.389913819730281830e-02,-1.071925461292266846e-02,3.844235837459564209e-01,4.938020408153533936e-01
2.701189555227756500e-02,-2.252945303916931152e-01,-9.833969920873641968e-02,-2.280297502875328064e-02,1.691593527793884277e-01,3.087272867560386658e-02,4.947583377361297607e-01,-5.101064220070838928e-02,-1.413040906190872192e-01,-1.982095241546630859e-01,-3.480050340294837952e-02,-1.777424961328506470e-01,-1.068914905190467834e-01,9.736017324030399323e-03,-2.166832685470581055e-01,-3.669017255306243896e-01,6.685599088668823242e-01,1.000000000000000000e+00,2.786289155483245850e-01,6.681864857673645020e-01,6.080932021141052246e-01,7.931610941886901855e-01,1.152969896793365479e-01,6.033217161893844604e-02,7.844039238989353180e-03,1.011116206645965576e-01,-6.545993033796548843e-03,-1.803540438413619995e-01,-3.242748230695724487e-02,-5.815422628074884415e-03,6.871901154518127441e-01,5.380054712295532227e-01,1.231368333101272583e-01,-2.358334511518478394e-02,-4.144966006278991699e-01,-2.923025190830230713e-01,-1.438861619681119919e-02,-2.854505777359008789e-01,-3.409041166305541992e-01,-2.183507531881332397e-01,9.807408601045608521e-02,-1.927273869514465332e-01,1.287285685539245605e-01,-2.973829805850982666e-01,-8.167661726474761963e-02,-1.557343173772096634e-02,3.670454621315002441e-01,4.460828304290771484e-01
3.657746594399213791e-03,-1.264674868434667587e-02,2.084650248289108276e-01,1.133697554469108582e-01,1.326056718826293945e-01,1.983684152364730835e-01,5.108019709587097168e-01,-4.138145595788955688e-02,9.342509321868419647e-03,1.179399713873863220e-01,1.770374923944473267e-02,-1.005371138453483582e-01,3.679915666580200195e-01,7.507591694593429565e-02,1.529719680547714233e-02,-2.042587660253047943e-02,6.175016760826110840e-01,2.786289155483245850e-01,1.000000000000000000e+00,5.358269810676574707e-01,4.783118367195129395e-01,2.915426790714263916e-01,5.275499224662780762e-01,4.774868786334991455e-01,-1.319620199501514435e-02,5.287185311317443848e-01,9.892514348030090332e-02,1.846096850931644440e-02,1.314206421375274658e-01,3.553149998188018799e-01,4.061387777328491211e-01,2.865119874477386475e-01,1.394263654947280884e-01,-1.044969037175178528e-01,1.475061569362878799e-02,2.382447570562362671e-01,2.496298402547836304e-03,-7.303577661514282227e-02,-2.116939052939414978e-02,2.472920417785644531e-01,7.995993643999099731e-02,5.231699347496032715e-02,5.559982061386108398e-01,1.028043851256370544e-01,1.570287495851516724e-01,1.863316595554351807e-01,3.824754655361175537e-01,3.226562738418579102e-01
-1.612851619720458984e-01,-1.435934901237487793e-01,-6.428612768650054932e-02,4.518267884850502014e-02,1.057523414492607117e-01,2.643081173300743103e-02,5.275958180427551270e-01,-1.217703893780708313e-01,-7.378588616847991943e-02,1.577616930007934570e-01,2.119987644255161285e-02,7.167816162109375000e-02,3.531282842159271240e-01,7.785484194755554199e-02,-2.116573229432106018e-02,-2.912622876465320587e-02,6.342381834983825684e-01,6.681864857673645020e-01,5.358269810676574707e-01,1.000000000000000000e+00,8.216786384582519531e-01,6.242953538894653320e-01,4.980123937129974365e-01,4.016658961772918701e-01,-1.126373633742332458e-01,1.991252005100250244e-01,-3.547090291976928711e-02,-3.030065596103668213e-01,-1.276075839996337891e-01,1.419360637664794922e-01,6.254695653915405273e-01,4.772572815418243408e-01,6.579723209142684937e-02,-4.599629342555999756e-02,-1.625562161207199097e-01,9.068296849727630615e-02,2.373140119016170502e-02,-1.341306269168853760e-01,-5.047978460788726807e-02,1.649178266525268555e-01,5.813117697834968567e-02,-4.921046271920204163e-02,5.024218559265136719e-01,-7.676437497138977051e-02,1.349244415760040283e-01,2.558780312538146973e-01,4.992305338382720947e-01,5.045980215072631836e-01
-1.770842373371124268e-01,-1.891881972551345825e-01,-5.776318535208702087e-02,2.508219704031944275e-02,7.149662822484970093e-02,-1.023983955383300781e-01,4.704622030258178711e-01,-1.825465559959411621e-01,-1.054253429174423218e-01,1.817173063755035400e-01,-1.108986511826515198e-02,3.405557572841644287e-02,3.706111013889312744e-01,5.118682608008384705e-02,-4.904003813862800598e-02,4.170855041593313217e-03,5.758801102638244629e-01,6.080932021141052246e-01,4.783118367195129395e-01,8.216786384582519531e-01,1.000000000000000000e+00,6.147304177284240723e-01,5.205612778663635254e-01,4.699377715587615967e-01,-1.256536692380905151e-01,1.915925890207290649e-01,-8.381214737892150879e-02,-3.290816247463226318e-01,-1.654313355684280396e-01,1.097463965415954590e-01,6.322709321975708008e-01,5.313070416450500488e-01,3.288057446479797363e-02,-4.132220149040222168e-02,-1.746277362108230591e-01,1.283119469881057739e-01,6.614462938159704208e-03,-1.414659321308135986e-01,-4.006688669323921204e-02,1.883702427148818970e-01,2.597313188016414642e-02,-8.615134656429290771e-02,4.399400055408477783e-01,-9.958342462778091431e-02,1.298619657754898071e-01,1.871080249547958374e-01,4.536575376987457275e-01,5.506425499916076660e-01
2.387999556958675385e-03,-3.678773939609527588e-01,-8.577075600624084473e-02,-5.584162473678588867e-02,1.398369818925857544e-01,-3.918261826038360596e-02,4.624335467815399170e-01,-1.920589953660964966e-01,-1.776727437973022461e-01,-2.479095160961151123e-01,-1.129208356142044067e-01,-2.446497976779937744e-01,-4.468214511871337891e-02,-1.031395047903060913e-01,-2.956302762031555176e-01,-2.875767648220062256e-01,6.585607528686523438e-01,7.931610941886901855e-01,2.915426790714263916e-01,6.242953538894653320e-01,6.147304177284240723e-01,1.000000000000000000e+00,2.438740730285644531e-01,1.211883723735809326e-01,-6.196254864335060120e-02,8.989197015762329102e-02,-5.548851937055587769e-02,-1.880243569612503052e-01,-1.277865916490554810e-01,-2.447462454438209534e-02,6.495079398155212402e-01,6.954596638679504395e-01,5.554584786295890808e-02,-9.807164967060089111e-02,-4.416183233261108398e-01,-2.323674559593200684e-01,-1.060380563139915466e-01,-3.648124039173126221e-01,-3.022478818893432617e-01,-1.372700631618499756e-01,-2.076039463281631470e-02,-2.739427983760833740e-01,5.201850458979606628e-02,-4.241767525672912598e-01,-1.780220270156860352e-01,-1.084012836217880249e-01,4.835571348667144775e-01,6.864721775054931641e-01
-1.809286177158355713e-01,-1.846657991409301758e-01,9.748766571283340454e-02,6.102540343999862671e-02,-1.283293589949607849e-02,-8.789095282554626465e-02,2.417138814926147461e-01,-3.175557553768157959e-01,-7.729900628328323364e-02,2.398031949996948242e-01,-1.059942319989204407e-01,1.967106945812702179e-02,5.740587115287780762e-01,-1.221202537417411804e-01,-1.393432728946208954e-02,3.277766406536102295e-01,3.428020179271697998e-01,1.152969896793365479e-01,5.275499224662780762e-01,4.980123937129974365e-01,5.205612778663635254e-01,2.438740730285644531e-01,1.000000000000000000e+00,7.474746704101562500e-01,-2.834153771400451660e-01,1.488727480173110962e-01,-1.207288131117820740e-01,-2.800514996051788330e-01,-2.239373773336410522e-01,1.956878006458282471e-01,3.177170753479003906e-01,2.723705172538757324e-01,-2.218339294195175171e-01,-3.095789253711700439e-01,1.838240176439285278e-01,6.166539788246154785e-01,-2.112770527601242065e-01,-1.175378784537315369e-01,2.914356291294097900e-01,6.403119564056396484e-01,-1.101170182228088379e-01,1.633478142321109772e-02,4.572481215000152588e-01,7.996840029954910278e-02,1.479090452194213867e-01,1.742006540298461914e-01,4.812857508659362793e-01,5.790744423866271973e-01
-2.239395976066589355e-01,-1.310019493103027344e-01,9.108969569206237793e-02,3.251469135284423828e-02,-6.976008415222167969e-02,-1.445618420839309692e-01,1.958506107330322266e-01,-2.903288006782531738e-01,-1.586138159036636353e-01,2.563365995883941650e-01,-2.099759280681610107e-01,-4.810073971748352051e-02,4.746548235416412354e-01,-1.866810023784637451e-01,-1.431129425764083862e-01,2.401587963104248047e-01,2.671771347522735596e-01,6.033217161893844604e-02,4.774868786334991455e-01,4.016658961772918701e-01,4.699377715587615967e-01,1.211883723735809326e-01,7.474746704101562500e-01,1.000000000000000000e+00,-2.450925856828689575e-01,2.099547535181045532e-01,-1.733611226081848145e-01,-2.645821273326873779e-01,-1.445850431919097900e-01,3.528192639350891113e-01,4.057568013668060303e-01,2.788239419460296631e-01,-2.201502174139022827e-01,-3.346401453018188477e-01,1.789721697568893433e-01,6.727849841117858887e-01,-2.352083176374435425e-01,-1.741763204336166382e-01,2.436654418706893921e-01,5.970563292503356934e-01,-1.767061501741409302e-01,4.968129470944404602e-02,4.605972766876220703e-01,1.045193076133728027e-01,1.957902461290359497e-01,1.675270497798919678e-01,5.361233353614807129e-01,4.460564851760864258e-01
5.185357332229614258e-01,3.600967824459075928e-01,2.178838551044464111e-01,1.845645010471343994e-01,2.220599353313446045e-01,1.837474554777145386e-01,1.270152181386947632e-01,4.568301141262054443e-01,2.756804823875427246e-01,-6.945920735597610474e-02,3.108798265457153320e-01,-1.224847976118326187e-02,-1.436069309711456299e-01,3.532754480838775635e-01,2.070781886577606201e-01,-1.424168795347213745e-01,4.832136258482933044e-02,7.844039238989353180e-03,-1.319620199501514435e-02,-1.126373633742332458e-01,-1.256536692380905151e-01,-6.196254864335060120e-02,-2.834153771400451660e-01,-2.450925856828689575e-01,1.000000000000000000e+00,2.225028127431869507e-01,3.140756189823150635e-01,5.582100749015808105e-01,5.087238550186157227e-01,1.420126110315322876e-01,-2.561637759208679199e-02,-8.790455758571624756e-02,5.645389556884765625e-01,3.166748881340026855e-01,-1.678192289546132088e-03,-2.108623832464218140e-01,3.113861382007598877e-01,2.466786801815032959e-01,-1.801892220973968506e-01,-2.659821510314941406e-01,3.451167643070220947e-01,9.970726817846298218e-02,-8.597736060619354248e-02,2.843677401542663574e-01,2.861194312572479248e-02,-1.154191717505455017e-01,-2.253708094358444214e-01,-2.044465243816375732e-01
9.774080663919448853e-02,1.763370484113693237e-01,2.575712203979492188e-01,1.536311954259872437e-01,1.277827918529510498e-01,1.897561848163604736e-01,5.190502405166625977e-01,1.801445186138153076e-01,1.709208190441131592e-01,1.023510396480560303e-01,1.950435936450958252e-01,-7.526817917823791504e-02,1.953833699226379395e-01,1.898937076330184937e-01,8.026515692472457886e-02,-5.885210260748863220e-02,4.359323382377624512e-01,1.011116206645965576e-01,5.287185311317443848e-01,1.991252005100250244e-01,1.915925890207290649e-01,8.989197015762329102e-02,1.488727480173110962e-01,2.099547535181045532e-01,2.225028127431869507e-01,1.000000000000000000e+00,2.145508825778961182e-01,2.736564576625823975e-01,3.862172067165374756e-01,4.861978292465209961e-01,2.991639077663421631e-01,2.141795009374618530e-01,3.222387135028839111e-01,1.276058554649353027e-01,3.116450831294059753e-02,7.512635737657546997e-02,1.864084303379058838e-01,9.892589598894119263e-02,-8.909152448177337646e-02,5.243264138698577881e-02,1.059706658124923706e-01,1.250677406787872314e-01,3.628630340099334717e-01,2.131270617246627808e-01,2.329232841730117798e-01,1.249208301305770874e-01,2.033844739198684692e-01,4.347068816423416138e-02
1.664152145385742188e-01,4.418894052505493164e-01,-8.892033994197845459e-02,-1.213749684393405914e-02,3.280957639217376709e-01,3.679386079311370850e-01,9.792915731668472290e-02,3.920748531818389893e-01,4.557456374168395996e-01,2.162089049816131592e-01,4.809620976448059082e-01,2.558851242065429688e-01,1.325705647468566895e-01,5.170340538024902344e-01,4.356723129749298096e-01,9.572291374206542969e-02,4.365550726652145386e-02,-6.545993033796548843e-03,9.892514348030090332e-02,-3.547090291976928711e-02,-8.381214737892150879e-02,-5.548851937055587769e-02,-1.207288131117820740e-01,-1.733611226081848145e-01,3.140756189823150635e-01,2.145508825778961182e-01,1.000000000000000000e+00,3.744136691093444824e-01,4.931443035602569580e-01,1.214516535401344299e-01,-6.089519336819648743e-02,-8.049897849559783936e-02,5.519912838935852051e-01,3.770618736743927002e-01,2.590679228305816650e-01,-2.328985184431076050e-02,5.449253916740417480e-01,4.209346175193786621e-01,1.367511749267578125e-01,3.833626955747604370e-02,4.383364021778106689e-01,3.222700953483581543e-01,1.561430394649505615e-01,3.533460199832916260e-01,3.046691417694091797e-01,2.346293926239013672e-01,-8.338558673858642578e-02,-2.424626648426055908e-01
5.795217156410217285e-01,4.902696311473846436e-01,4.410850107669830322e-01,3.731602728366851807e-01,2.414056360721588135e-01,3.286535441875457764e-01,1.183749362826347351e-01,3.517863750457763672e-01,2.931919991970062256e-01,-7.479339092969894409e-02,2.504236102104187012e-01,-4.486766457557678223e-02,-1.786144822835922241e-01,1.893437057733535767e-01,1.703838855028152466e-01,-1.688033342361450195e-01,2.267955057322978973e-02,-1.803540438413619995e-01,1.846096850931644440e-02,-3.030065596103668213e-01,-3.290816247463226318e-01,-1.880243569612503052e-01,-2.800514996051788330e-01,-2.645821273326873779e-01,5.582100749015808105e-01,2.736564576625823975e-01,3.744136691093444824e-01,1.000000000000000000e+00,7.139400243759155273e-01,2.266435921192169189e-01,-2.162557691335678101e-01,-2.041845172643661499e-01,4.166918992996215820e-01,2.069383114576339722e-01,-3.181729931384325027e-03,-1.986276358366012573e-01,1.870919018983840942e-01,2.344945222139358521e-01,-1.575632542371749878e-01,-2.606797218322753906e-01,4.369696378707885742e-01,2.619557976722717285e-01,-7.239885628223419189e-02,3.017811477184295654e-01,9.641437232494354248e-02,-8.134382776916027069e-03,-2.053655833005905151e-01,-2.587330937385559082e-01
4.487904906272888184e-01,5.522853136062622070e-01,2.563414275646209717e-01,2.506665587425231934e-01,2.660636305809020996e-01,4.182728826999664307e-01,2.811410427093505859e-01,4.037024974822998047e-01,4.258996248245239258e-01,8.154488354921340942e-02,3.674964606761932373e-01,5.878681316971778870e-02,-4.203098267316818237e-02,3.416858315467834473e-01,2.681960463523864746e-01,-9.120151400566101074e-02,1.490430831909179688e-01,-3.242748230695724487e-02,1.314206421375274658e-01,-1.276075839996337891e-01,-1.654313355684280396e-01,-1.277865916490554810e-01,-2.239373773336410522e-01,-1.445850431919097900e-01,5.087238550186157227e-01,3.862172067165374756e-01,4.931443035602569580e-01,7.139400243759155273e-01,1.000000000000000000e+00,4.205769896507263184e-01,-2.796555124223232269e-02,-1.047332137823104858e-01,5.061197876930236816e-01,2.684883177280426025e-01,1.283529251813888550e-01,-1.037669852375984192e-01,3.344324529170989990e-01,3.112081289291381836e-01,-8.199591934680938721e-02,-1.888822764158248901e-01,4.762020707130432129e-01,3.846556842327117920e-01,1.167536973953247070e-01,4.186208844184875488e-01,2.705127000808715820e-01,1.424032151699066162e-01,-6.282253563404083252e-02,-2.874279618263244629e-01
-1.740480773150920868e-02,3.345167934894561768e-01,4.573622345924377441e-02,2.864686585962772369e-02,1.890280097723007202e-02,1.849506646394729614e-01,3.231303393840789795e-01,1.857756823301315308e-01,1.305516362190246582e-01,2.387467920780181885e-01,1.271918416023254395e-01,7.474479824304580688e-02,2.958852648735046387e-01,7.413432002067565918e-02,5.972694233059883118e-02,1.065182164311408997e-01,2.426608949899673462e-01,-5.815422628074884415e-03,3.553149998188018799e-01,1.419360637664794922e-01,1.097463965415954590e-01,-2.447462454438209534e-02,1.956878006458282471e-01,3.528192639350891113e-01,1.420126110315322876e-01,4.861978292465209961e-01,1.214516535401344299e-01,2.266435921192169189e-01,4.205769896507263184e-01,1.000000000000000000e+00,3.267928659915924072e-01,1.693882048130035400e-01,2.066972106695175171e-01,1.029199827462434769e-02,1.619319617748260498e-01,3.723700344562530518e-01,8.720135316252708435e-03,5.563145503401756287e-02,1.163673475384712219e-01,2.345731258392333984e-01,4.522698000073432922e-02,3.599994480609893799e-01,3.893866539001464844e-01,2.342211008071899414e-01,3.190115392208099365e-01,3.394190371036529541e-01,3.522559702396392822e-01,1.279386691749095917e-02
-1.124653741717338562e-01,-1.531902253627777100e-01,-1.538388729095458984e-01,-1.114655286073684692e-01,3.186495229601860046e-02,-4.606388136744499207e-02,4.199360311031341553e-01,-6.006039306521415710e-02,-1.841483116149902344e-01,-5.068873288109898567e-04,-9.685453027486801147e-02,-1.103924438357353210e-01,1.824402511119842529e-01,-3.864315524697303772e-02,-2.057348191738128662e-01,-1.455603092908859253e-01,5.738492012023925781e-01,6.871901154518127441e-01,4.061387777328491211e-01,6.254695653915405273e-01,6.322709321975708008e-01,6.495079398155212402e-01,3.177170753479003906e-01,4.057568013668060303e-01,-2.561637759208679199e-02,2.991639077663421631e-01,-6.089519336819648743e-02,-2.162557691335678101e-01,-2.796555124223232269e-02,3.267928659915924072e-01,1.000000000000000000e+00,6.794095039367675781e-01,1.141502261161804199e-01,-6.904156506061553955e-02,-2.039729654788970947e-01,7.785183936357498169e-02,-5.521234124898910522e-02,-2.620218694210052490e-01,-1.243359372019767761e-01,8.506684750318527222e-02,-5.537236854434013367e-02,-6.232799962162971497e-02,3.747049868106842041e-01,-2.146156728267669678e-01,9.518983215093612671e-02,1.404548585414886475e-01,6.077672243118286133e-01,4.775220751762390137e-01
-1.502106636762619019e-01,-2.954685389995574951e-01,-1.700259447097778320e-01,-1.309296935796737671e-01,3.102536872029304504e-02,-8.633532375097274780e-02,3.284629583358764648e-01,-1.614392995834350586e-01,-1.843019127845764160e-01,-1.110998019576072693e-01,-1.495042741298675537e-01,-1.934139281511306763e-01,1.614281386137008667e-01,-1.065277457237243652e-01,-2.542993426322937012e-01,-9.690999984741210938e-02,4.514785706996917725e-01,5.380054712295532227e-01,2.865119874477386475e-01,4.772572815418243408e-01,5.313070416450500488e-01,6.954596638679504395e-01,2.723705172538757324e-01,2.788239419460296631e-01,-8.790455758571624756e-02,2.141795009374618530e-01,-8.049897849559783936e-02,-2.041845172643661499e-01,-1.047332137823104858e-01,1.693882048130035400e-01,6.794095039367675781e-01,1.000000000000000000e+00,5.746328458189964294e-02,-5.093067884445190430e-02,-2.831007838249206543e-01,9.067798033356666565e-03,-7.537817955017089844e-02,-2.910498976707458496e-01,-1.165915504097938538e-01,7.580354809761047363e-02,-1.077319383621215820e-01,-1.637273132801055908e-01,1.859612166881561279e-01,-3.700708746910095215e-01,-7.595220953226089478e-02,-3.082864172756671906e-02,5.901840925216674805e-01,5.968561768531799316e-01
