1.000000000000000000e+00,1.537131071090698242e-01,1.996596008539199829e-01,2.788522839546203613e-01,2.575752437114715576e-01,1.790296286344528198e-01,2.869312465190887451e-01,1.891196817159652710e-01,1.194909811019897461e-01,3.375331684947013855e-02,2.783678174018859863e-01,3.246350884437561035e-01,1.453435868024826050e-01,3.057028353214263916e-01,3.341310918331146240e-01,9.333755075931549072e-02,2.996648848056793213e-01,4.150041341781616211e-01,9.177271276712417603e-02,1.519542336463928223e-01,2.866255640983581543e-01,2.722751796245574951e-01,-1.816724836826324463e-01,-1.529028266668319702e-01,5.174216628074645996e-01,1.598704904317855835e-01,4.563870429992675781e-01,6.644114255905151367e-01,5.143103599548339844e-01,4.418469071388244629e-01,2.987819910049438477e-01,1.229298412799835205e-01,4.336846768856048584e-01,1.716766208410263062e-01,1.303375512361526489e-01,-2.539316415786743164e-01,1.308467239141464233e-01,3.068097233772277832e-01,-5.766654759645462036e-02,-3.359100222587585449e-01,1.642719805240631104e-01,1.583292335271835327e-02,2.148273587226867676e-01,3.184765577316284180e-02,6.897635012865066528e-02,7.781193405389785767e-02,-1.049115732312202454e-01,-2.575185298919677734e-01
1.537131071090698242e-01,1.000000000000000000e+00,6.483755260705947876e-02,2.920863926410675049e-01,6.382746696472167969e-01,6.137904524803161621e-01,3.970413506031036377e-01,5.697968006134033203e-01,6.973177790641784668e-01,7.676853537559509277e-01,3.592409491539001465e-01,3.718606829643249512e-01,4.753025770187377930e-01,3.425063490867614746e-01,-2.117376774549484253e-02,1.258359253406524658e-01,2.584507763385772705e-01,2.655029892921447754e-01,4.164123237133026123e-01,4.088454842567443848e-01,3.200190961360931396e-01,-3.592431917786598206e-02,1.342194974422454834e-01,3.050824701786041260e-01,7.279033958911895752e-02,2.492657601833343506e-01,5.708797648549079895e-02,3.475745916366577148e-01,5.430428385734558105e-01,2.515737414360046387e-01,1.178126409649848938e-01,1.284450441598892212e-01,3.968628048896789551e-01,4.889745414257049561e-01,2.200722396373748779e-01,-1.199074648320674896e-02,4.415511190891265869e-01,4.296593070030212402e-01,4.391797482967376709e-01,2.044236809015274048e-01,8.005607724189758301e-01,7.662718892097473145e-01,5.705639123916625977e-01,5.272623896598815918e-01,5.720340013504028320e-01,5.616248846054077148e-01,2.485349923372268677e-01,-2.585980296134948730e-01
1.996596008539199829e-01,6.483755260705947876e-02,1.000000000000000000e+00,6.186625957489013672e-01,2.508522570133209229e-01,2.883748114109039307e-01,5.929847955703735352e-01,-5.401542037725448608e-02,-5.320550408214330673e-03,-2.512976899743080139e-02,3.744374029338359833e-03,1.131397783756256104e-01,1.254307925701141357e-01,-1.296335607767105103e-01,-8.657139539718627930e-02,1.042782664299011230e-01,4.605173766613006592e-01,2.175540775060653687e-01,2.936634421348571777e-01,1.175748631358146667e-01,-5.773039907217025757e-02,6.978280842304229736e-02,-2.027119696140289307e-02,1.036927253007888794e-01,4.708518460392951965e-02,6.370280385017395020e-01,9.818396717309951782e-02,3.440515398979187012e-01,2.110960185527801514e-01,2.943515405058860779e-02,-4.055576398968696594e-02,-5.476436391472816467e-02,1.297176927328109741e-01,-7.700714468955993652e-02,1.130543649196624756e-01,-7.246304303407669067e-02,-1.407927125692367554e-01,-5.270654708147048950e-02,-4.998574964702129364e-03,1.672907546162605286e-02,1.738122105598449707e-01,1.514866650104522705e-01,1.254190057516098022e-01,-8.853112161159515381e-02,-4.325390234589576721e-02,6.867915391921997070e-02,1.428878456354141235e-01,-1.790758818387985229e-01
2.788522839546203613e-01,2.920863926410675049e-01,6.186625957489013672e-01,1.000000000000000000e+00,3.264186978340148926e-01,3.013861775398254395e-01,6.645171046257019043e-01,-3.745644353330135345e-03,1.095070168375968933e-01,2.308463752269744873e-01,-6.557926535606384277e-02,1.552163064479827881e-01,3.371575176715850830e-01,-2.123775482177734375e-01,-2.559534907341003418e-01,1.099314466118812561e-01,4.733094274997711182e-01,3.542820513248443604e-01,4.381272196769714355e-01,3.533523082733154297e-01,2.647343873977661133e-01,1.751493662595748901e-01,1.168782189488410950e-01,1.486416906118392944e-01,-7.327532023191452026e-02,5.985682010650634766e-01,8.930373191833496094e-02,3.709709048271179199e-01,3.841232955455780029e-01,2.204768210649490356e-01,7.656248658895492554e-02,-5.204594135284423828e-02,6.831426918506622314e-02,-7.443225383758544922e-02,5.235184356570243835e-02,-6.351841986179351807e-02,-1.641287207603454590e-01,-8.490598201751708984e-02,-5.056130234152078629e-03,8.723688125610351562e-02,3.535662591457366943e-01,3.168882131576538086e-01,2.498863339424133301e-01,1.565559059381484985e-01,1.594242602586746216e-01,1.922697424888610840e-01,1.228344365954399109e-01,-9.630687534809112549e-02
2.575752437114715576e-01,6.382746696472167969e-01,2.508522570133209229e-01,3.264186978340148926e-01,1.000000000000000000e+00,8.105261325836181641e-01,5.323399305343627930e-01,5.045096278190612793e-01,5.846189260482788086e-01,4.779863357543945312e-01,3.225648105144500732e-01,2.941624820232391357e-01,2.984169125556945801e-01,2.375353425741195679e-01,-1.253031343221664429e-01,3.986998647451400757e-02,3.777034282684326172e-01,3.046152889728546143e-01,5.477877259254455566e-01,4.184684157371520996e-01,1.449945569038391113e-01,-1.078242436051368713e-01,-7.984375953674316406e-02,1.247359439730644226e-01,1.479884088039398193e-01,4.425714313983917236e-01,-5.221268907189369202e-02,4.186647832393646240e-01,5.045707821846008301e-01,2.931227162480354309e-02,-4.034935683012008667e-02,1.466549634933471680e-01,3.936688303947448730e-01,3.542185425758361816e-01,1.455285698175430298e-01,-1.113374307751655579e-01,3.566038012504577637e-01,2.177751213312149048e-01,2.415238320827484131e-01,1.500059217214584351e-01,7.245268225669860840e-01,7.196878194808959961e-01,5.959853529930114746e-01,2.604480087757110596e-01,3.089113533496856689e-01,4.997654557228088379e-01,1.614179015159606934e-01,-4.431162476539611816e-01
1.790296286344528198e-01,6.137904524803161621e-01,2.883748114109039307e-01,3.013861775398254395e-01,8.105261325836181641e-01,1.000000000000000000e+00,5.782487392425537109e-01,4.923287630081176758e-01,6.106479167938232422e-01,4.926306605339050293e-01,3.773849308490753174e-01,3.344078660011291504e-01,3.656981289386749268e-01,2.478344142436981201e-01,-1.236785501241683960e-01,7.491756975650787354e-02,4.380002021789550781e-01,2.853242158889770508e-01,6.322593092918395996e-01,4.845694601535797119e-01,1.130264624953269958e-01,-1.045079752802848816e-01,-4.916257690638303757e-03,2.074197381734848022e-01,1.376841962337493896e-01,4.916965067386627197e-01,-1.234197020530700684e-01,3.694420754909515381e-01,4.626065194606781006e-01,1.642857864499092102e-02,-3.650859370827674866e-02,2.089637964963912964e-01,4.606097936630249023e-01,3.926591277122497559e-01,2.414839267730712891e-01,-3.206338733434677124e-03,3.745660483837127686e-01,2.852897644042968750e-01,3.806524574756622314e-01,2.142971158027648926e-01,7.077745795249938965e-01,7.415600419044494629e-01,6.653637290000915527e-01,2.658072412014007568e-01,1.736167967319488525e-01,4.750518202781677246e-01,2.553567886352539062e-01,-4.371616244316101074e-01
2.869312465190887451e-01,3.970413506031036377e-01,5.929847955703735352e-01,6.645171046257019043e-01,5.323399305343627930e-01,5.782487392425537109e-01,1.000000000000000000e+00,2.786929905414581299e-01,3.576286435127258301e-01,2.943576276302337646e-01,2.249942868947982788e-01,3.274129629135131836e-01,4.531648159027099609e-01,8.607032150030136108e-02,-9.723567217588424683e-02,1.921448260545730591e-01,7.939740419387817383e-01,6.432471275329589844e-01,7.157878279685974121e-01,5.535566210746765137e-01,2.731754481792449951e-01,1.324202269315719604e-01,1.477309912443161011e-01,2.141485661268234253e-01,6.979124993085861206e-02,7.433018088340759277e-01,4.618114326149225235e-03,3.557269573211669922e-01,4.519378542900085449e-01,2.060823589563369751e-01,1.449645161628723145e-01,1.820876747369766235e-01,3.482857346534729004e-01,1.933100521564483643e-01,1.954796761274337769e-01,-6.020064000040292740e-03,1.793241500854492188e-01,1.748856306076049805e-01,2.318630218505859375e-01,2.055569589138031006e-01,4.414963424205780029e-01,5.048530697822570801e-01,5.858345031738281250e-01,1.806602030992507935e-01,8.089566975831985474e-02,3.569672405719757080e-01,2.092287391424179077e-01,-2.587823867797851562e-01
1.891196817159652710e-01,5.697968006134033203e-01,-5.401542037725448608e-02,-3.745644353330135345e-03,5.045096278190612793e-01,4.923287630081176758e-01,2.786929905414581299e-01,1.000000000000000000e+00,5.966800451278686523e-01,4.471400976181030273e-01,6.157797574996948242e-01,3.915767669677734375e-01,2.765406966209411621e-01,6.637412905693054199e-01,2.161103636026382446e-01,2.092799395322799683e-01,1.467476487159729004e-01,2.527531087398529053e-01,2.217668741941452026e-01,3.073232769966125488e-01,2.471490055322647095e-01,-3.310756385326385498e-02,8.008661121129989624e-02,9.345375001430511475e-02,5.503926426172256470e-02,1.224809139966964722e-01,6.771465390920639038e-02,1.549151092767715454e-01,3.296988904476165771e-01,1.630854606628417969e-01,1.761246323585510254e-01,2.486975789070129395e-01,5.444307923316955566e-01,7.962232828140258789e-01,4.519085586071014404e-01,-2.739535644650459290e-02,7.523815035820007324e-01,6.151452660560607910e-01,5.125649571418762207e-01,2.809164524078369141e-01,4.889408946037292480e-01,5.173224210739135742e-01,4.922556281089782715e-01,1.988516151905059814e-01,3.157312273979187012e-01,4.569089412689208984e-01,8.401822298765182495e-02,-3.803097307682037354e-01
1.194909811019897461e-01,6.973177790641784668e-01,-5.320550408214330673e-03,1.095070168375968933e-01,5.846189260482788086e-01,6.106479167938232422e-01,3.576286435127258301e-01,5.966800451278686523e-01,1.000000000000000000e+00,5.692093372344970703e-01,4.883575737476348877e-01,4.611820578575134277e-01,4.043702781200408936e-01,3.855977058410644531e-01,-1.510696392506361008e-02,9.200441837310791016e-02,2.752578258514404297e-01,2.090643793344497681e-01,4.173434972763061523e-01,3.147666752338409424e-01,1.597311198711395264e-01,-1.332629024982452393e-01,8.168572187423706055e-02,2.254280298948287964e-01,2.421484142541885376e-01,2.051401436328887939e-01,3.875061869621276855e-02,2.820867002010345459e-01,3.825503885746002197e-01,2.805390581488609314e-02,2.550711855292320251e-02,2.168967425823211670e-01,5.492506027221679688e-01,4.701426923274993896e-01,2.096214890480041504e-01,1.360958814620971680e-01,4.690844714641571045e-01,3.616732954978942871e-01,5.065324306488037109e-01,2.742542326450347900e-01,5.843763947486877441e-01,6.192126870155334473e-01,5.225023031234741211e-01,5.399932265281677246e-01,2.092625051736831665e-01,3.219719529151916504e-01,1.492674499750137329e-01,-4.204319417476654053e-01
3.375331684947013855e-02,7.676853537559509277e-01,-2.512976899743080139e-02,2.308463752269744873e-01,4.779863357543945312e-01,4.926306605339050293e-01,2.943576276302337646e-01,4.471400976181030273e-01,5.692093372344970703e-01,1.000000000000000000e+00,2.729049921035766602e-01,3.321523666381835938e-01,6.156816482543945312e-01,2.254237383604049683e-01,-7.502955198287963867e-02,1.530140489339828491e-01,2.336080670356750488e-01,2.130902707576751709e-01,3.363642692565917969e-01,4.259542524814605713e-01,3.936088681221008301e-01,5.361635237932205200e-02,3.363183736801147461e-01,4.581258893013000488e-01,-1.047885268926620483e-01,1.807271242141723633e-01,-7.017653435468673706e-02,1.706996560096740723e-01,4.125458300113677979e-01,3.170134127140045166e-01,2.262649387121200562e-01,2.349780499935150146e-01,2.521809637546539307e-01,4.073301553726196289e-01,2.166912257671356201e-01,1.045363321900367737e-01,3.054649531841278076e-01,3.655276000499725342e-01,4.723830819129943848e-01,3.210092484951019287e-01,6.704550981521606445e-01,7.244084477424621582e-01,5.292999744415283203e-01,3.441047072410583496e-01,5.479621887207031250e-01,6.648254394531250000e-01,3.946493864059448242e-01,-7.112121582031250000e-02
2.783678174018859863e-01,3.592409491539001465e-01,3.744374029338359833e-03,-6.557926535606384277e-02,3.225648105144500732e-01,3.773849308490753174e-01,2.249942868947982788e-01,6.157797574996948242e-01,4.883575737476348877e-01,2.729049921035766602e-01,1.000000000000000000e+00,5.720908045768737793e-01,3.072751164436340332e-01,5.273270010948181152e-01,4.015407264232635498e-01,2.721459865570068359e-01,1.664358228445053101e-01,2.632787525653839111e-01,1.158823296427726746e-01,2.876195311546325684e-01,2.791611552238464355e-01,1.422693729400634766e-01,2.012524157762527466e-01,4.428097233176231384e-02,1.884695887565612793e-01,8.529384434223175049e-02,1.266207844018936157e-01,2.105770409107208252e-01,2.780284881591796875e-01,1.877711415290832520e-01,2.395262271165847778e-01,3.093990385532379150e-01,5.716658830642700195e-01,6.025699377059936523e-01,5.284934639930725098e-01,8.494614064693450928e-02,5.769745707511901855e-01,6.302492618560791016e-01,5.654396414756774902e-01,2.194678634405136108e-01,2.969191074371337891e-01,2.920019328594207764e-01,3.763954937458038330e-01,1.415652036666870117e-01,-5.879327282309532166e-02,2.437186241149902344e-01,8.532163500785827637e-02,-3.372349143028259277e-01
3.246350884437561035e-01,3.718606829643249512e-01,1.131397783756256104e-01,1.552163064479827881e-01,2.941624820232391357e-01,3.344078660011291504e-01,3.274129629135131836e-01,3.915767669677734375e-01,4.611820578575134277e-01,3.321523666381835938e-01,5.720908045768737793e-01,1.000000000000000000e+00,5.325706005096435547e-01,2.462224215269088745e-01,2.783822715282440186e-01,2.651507556438446045e-01,3.003259897232055664e-01,3.422222137451171875e-01,2.347289025783538818e-01,2.969169020652770996e-01,3.855912387371063232e-01,2.964018881320953369e-01,2.381341904401779175e-01,2.127022296190261841e-01,3.344159424304962158e-01,2.228998541831970215e-01,2.637372612953186035e-01,3.859619200229644775e-01,3.358510732650756836e-01,4.389100968837738037e-01,3.439500331878662109e-01,2.606937885284423828e-01,4.420945346355438232e-01,3.166170418262481689e-01,3.760351240634918213e-01,2.120601236820220947e-01,2.445411980152130127e-01,3.770895600318908691e-01,3.968509137630462646e-01,8.483531326055526733e-02,2.608024179935455322e-01,2.542705237865447998e-01,3.375500440597534180e-01,3.356423676013946533e-01,-1.509590726345777512e-02,1.520614326000213623e-01,2.770861387252807617e-01,-2.331074625253677368e-01
1.453435868024826050e-01,4.753025770187377930e-01,1.254307925701141357e-01,3.371575176715850830e-01,2.984169125556945801e-01,3.656981289386749268e-01,4.531648159027099609e-01,2.765406966209411621e-01,4.043702781200408936e-01,6.156816482543945312e-01,3.072751164436340332e-01,5.325706005096435547e-01,1.000000000000000000e+00,7.057784497737884521e-02,-5.033506825566291809e-02,3.353254199028015137e-01,3.859014511108398438e-01,4.531248509883880615e-01,3.606270849704742432e-01,5.247189402580261230e-01,5.838954448699951172e-01,4.716020822525024414e-01,5.808339715003967285e-01,5.164833068847656250e-01,-6.040214374661445618e-02,3.291887342929840088e-01,-1.566191203892230988e-02,1.367769390344619751e-01,2.998591959476470947e-01,4.731226563453674316e-01,4.814719855785369873e-01,3.440777063369750977e-01,3.012876808643341064e-01,2.417359054088592529e-01,2.473596930503845215e-01,2.563855350017547607e-01,1.352013945579528809e-01,2.979911863803863525e-01,4.385230243206024170e-01,3.323243558406829834e-01,4.099383950233459473e-01,4.553059935569763184e-01,4.729488790035247803e-01,2.519120573997497559e-01,1.601990163326263428e-01,4.103198349475860596e-01,4.294934272766113281e-01,1.317590177059173584e-01
3.057028353214263916e-01,3.425063490867614746e-01,-1.296335607767105103e-01,-2.123775482177734375e-01,2.375353425741195679e-01,2.478344142436981201e-01,8.607032150030136108e-02,6.637412905693054199e-01,3.855977058410644531e-01,2.254237383604049683e-01,5.273270010948181152e-01,2.462224215269088745e-01,7.057784497737884521e-02,1.000000000000000000e+00,5.249949693679809570e-01,6.091575324535369873e-02,1.167685538530349731e-01,1.861464977264404297e-01,-5.719163455069065094e-04,6.512420624494552612e-02,1.257703900337219238e-01,-5.253608897328376770e-02,-6.063418090343475342e-02,-8.338386565446853638e-02,2.492869049310684204e-01,-5.041810497641563416e-02,1.547039002180099487e-01,1.984005570411682129e-01,2.592617869377136230e-01,1.678098738193511963e-01,1.547058820724487305e-01,1.613509505987167358e-01,5.543261766433715820e-01,6.748814582824707031e-01,2.453926652669906616e-01,-1.663156002759933472e-01,7.573891878128051758e-01,7.066022157669067383e-01,3.217122852802276611e-01,-6.797379348427057266e-03,2.760427892208099365e-01,2.244684398174285889e-01,2.982768714427947998e-01,3.789508342742919922e-02,1.963071078062057495e-01,2.128748297691345215e-01,-9.018047899007797241e-02,-3.149905204772949219e-01
3.341310918331146240e-01,-2.117376774549484253e-02,-8.657139539718627930e-02,-2.559534907341003418e-01,-1.253031343221664429e-01,-1.236785501241683960e-01,-9.723567217588424683e-02,2.161103636026382446e-01,-1.510696392506361008e-02,-7.502955198287963867e-02,4.015407264232635498e-01,2.783822715282440186e-01,-5.033506825566291809e-02,5.249949693679809570e-01,1.000000000000000000e+00,2.217085808515548706e-01,-3.477354347705841064e-02,7.508077472448348999e-02,-2.532339990139007568e-01,-1.085532009601593018e-01,9.456353634595870972e-02,1.658491790294647217e-01,-8.999912999570369720e-03,-1.216755360364913940e-01,3.238971233367919922e-01,-2.159745097160339355e-01,2.457098662853240967e-01,1.939047873020172119e-01,1.574346572160720825e-01,2.594468593597412109e-01,2.263203412294387817e-01,1.442873328924179077e-01,2.923664152622222900e-01,2.863517999649047852e-01,2.127481549978256226e-01,-1.477258652448654175e-01,2.873380184173583984e-01,5.196150541305541992e-01,1.435129642486572266e-01,-2.312626093626022339e-01,-1.375736296176910400e-01,-2.299898564815521240e-01,-7.840675115585327148e-02,-6.490579247474670410e-02,-1.882031187415122986e-02,-3.222628310322761536e-02,-4.389017075300216675e-02,-1.556395590305328369e-01
9.333755075931549072e-02,1.258359253406524658e-01,1.042782664299011230e-01,1.099314466118812561e-01,3.986998647451400757e-02,7.491756975650787354e-02,1.921448260545730591e-01,2.092799395322799683e-01,9.200441837310791016e-02,1.530140489339828491e-01,2.721459865570068359e-01,2.651507556438446045e-01,3.353254199028015137e-01,6.091575324535369873e-02,2.217085808515548706e-01,1.000000000000000000e+00,-3.120531141757965088e-02,1.955820322036743164e-01,7.534693181514739990e-02,2.047130763530731201e-01,2.065172940492630005e-01,4.899295270442962646e-01,4.863750636577606201e-01,3.334204256534576416e-01,-1.759022623300552368e-01,1.105413138866424561e-01,-2.945009246468544006e-02,-9.871911257505416870e-02,3.100751340389251709e-02,3.139349520206451416e-01,4.666113555431365967e-01,1.788047850131988525e-01,1.438240408897399902e-01,1.976009905338287354e-01,3.941190242767333984e-01,3.276323378086090088e-01,1.457647085189819336e-01,3.581551611423492432e-01,3.387034237384796143e-01,2.925693392753601074e-01,6.029637996107339859e-03,9.467129409313201904e-02,2.171588689088821411e-01,7.317049056291580200e-02,-5.099816247820854187e-02,1.152770519256591797e-01,2.787299156188964844e-01,1.176531314849853516e-01
2.996648848056793213e-01,2.584507763385772705e-01,4.605173766613006592e-01,4.733094274997711182e-01,3.777034282684326172e-01,4.380002021789550781e-01,7.939740419387817383e-01,1.467476487159729004e-01,2.752578258514404297e-01,2.336080670356750488e-01,1.664358228445053101e-01,3.003259897232055664e-01,3.859014511108398438e-01,1.167685538530349731e-01,-3.477354347705841064e-02,-3.120531141757965088e-02,1.000000000000000000e+00,6.855427026748657227e-01,6.827339529991149902e-01,4.614291489124298096e-01,2.425309270620346069e-01,6.482091546058654785e-02,6.631419807672500610e-02,1.370760053396224976e-01,2.136573940515518188e-01,6.056244969367980957e-01,7.517614215612411499e-02,3.501772582530975342e-01,4.298638403415679932e-01,2.456257939338684082e-01,1.404887586832046509e-01,1.900999695062637329e-01,3.257964849472045898e-01,9.914184361696243286e-02,6.872548162937164307e-02,-7.143525034189224243e-02,1.005442664027214050e-01,1.359938830137252808e-01,1.594111025333404541e-01,7.071871310472488403e-02,2.723696529865264893e-01,3.610970973968505859e-01,5.112435817718505859e-01,1.172691658139228821e-01,4.042246937751770020e-02,2.995051145553588867e-01,1.758245825767517090e-01,-2.114524543285369873e-01
4.150041341781616211e-01,2.655029892921447754e-01,2.175540775060653687e-01,3.542820513248443604e-01,3.046152889728546143e-01,2.853242158889770508e-01,6.432471275329589844e-01,2.527531087398529053e-01,2.090643793344497681e-01,2.130902707576751709e-01,2.632787525653839111e-01,3.422222137451171875e-01,4.531248509883880615e-01,1.861464977264404297e-01,7.508077472448348999e-02,1.955820322036743164e-01,6.855427026748657227e-01,1.000000000000000000e+00,5.413277149200439453e-01,5.649985671043395996e-01,5.085282921791076660e-01,4.007813334465026855e-01,2.303708791732788086e-01,1.588862985372543335e-01,1.271194219589233398e-01,4.825893044471740723e-01,2.325460873544216156e-02,3.510282337665557861e-01,4.602660238742828369e-01,4.384513497352600098e-01,4.454905688762664795e-01,3.543030321598052979e-01,2.298260480165481567e-01,2.354049086570739746e-01,1.551233679056167603e-01,-2.938512712717056274e-02,2.239975780248641968e-01,2.861795127391815186e-01,1.625432968139648438e-01,1.172554269433021545e-01,2.328767925500869751e-01,2.793254256248474121e-01,5.340499877929687500e-01,1.259303539991378784e-01,1.481695752590894699e-02,2.788412570953369141e-01,1.432489007711410522e-01,-3.313969448208808899e-02
9.177271276712417603e-02,4.164123237133026123e-01,2.936634421348571777e-01,4.381272196769714355e-01,5.477877259254455566e-01,6.322593092918395996e-01,7.157878279685974121e-01,2.217668741941452026e-01,4.173434972763061523e-01,3.363642692565917969e-01,1.158823296427726746e-01,2.347289025783538818e-01,3.606270849704742432e-01,-5.719163455069065094e-04,-2.532339990139007568e-01,7.534693181514739990e-02,6.827339529991149902e-01,5.413277149200439453e-01,1.000000000000000000e+00,5.941400527954101562e-01,1.749306172132492065e-01,4.062810167670249939e-02,7.327825576066970825e-02,2.558114528656005859e-01,8.351782709360122681e-02,5.243430733680725098e-01,-1.099087670445442200e-01,2.511592805385589600e-01,3.795385658740997314e-01,5.749361217021942139e-02,8.704158663749694824e-02,2.229798138141632080e-01,2.558450102806091309e-01,1.090631708502769470e-01,1.171691194176673889e-01,9.345532953739166260e-02,1.528180092573165894e-01,5.958160758018493652e-02,1.803497672080993652e-01,2.146598845720291138e-01,4.206086695194244385e-01,5.687085390090942383e-01,6.526228785514831543e-01,3.308652043342590332e-01,9.754125773906707764e-02,3.681071102619171143e-01,2.597765326499938965e-01,-2.199294418096542358e-01
1.519542336463928223e-01,4.088454842567443848e-01,1.175748631358146667e-01,3.533523082733154297e-01,4.184684157371520996e-01,4.845694601535797119e-01,5.535566210746765137e-01,3.073232769966125488e-01,3.147666752338409424e-01,4.259542524814605713e-01,2.876195311546325684e-01,2.969169020652770996e-01,5.247189402580261230e-01,6.512420624494552612e-02,-1.085532009601593018e-01,2.047130763530731201e-01,4.614291489124298096e-01,5.649985671043395996e-01,5.941400527954101562e-01,1.000000000000000000e+00,6.659663319587707520e-01,3.586590290069580078e-01,3.609445393085479736e-01,2.745064496994018555e-01,-5.072147399187088013e-02,3.575578927993774414e-01,-2.386545985937118530e-01,2.561933994293212891e-01,4.990254640579223633e-01,2.377002388238906860e-01,2.668697834014892578e-01,4.436421692371368408e-01,2.103607207536697388e-01,3.187561333179473877e-01,2.926398217678070068e-01,7.144355028867721558e-02,2.236145436763763428e-01,2.894006967544555664e-01,3.229750394821166992e-01,2.613587379455566406e-01,3.774537444114685059e-01,4.739002287387847900e-01,5.913941860198974609e-01,2.326598614454269409e-01,6.579168140888214111e-02,5.103315711021423340e-01,2.766333520412445068e-01,7.477931678295135498e-02
2.866255640983581543e-01,3.200190961360931396e-01,-5.773039907217025757e-02,2.647343873977661133e-01,1.449945569038391113e-01,1.130264624953269958e-01,2.731754481792449951e-01,2.471490055322647095e-01,1.597311198711395264e-01,3.936088681221008301e-01,2.791611552238464355e-01,3.855912387371063232e-01,5.838954448699951172e-01,1.257703900337219238e-01,9.456353634595870972e-02,2.065172940492630005e-01,2.425309270620346069e-01,5.085282921791076660e-01,1.749306172132492065e-01,6.659663319587707520e-01,1.000000000000000000e+00,6.012017726898193359e-01,4.523245394229888916e-01,2.380345463752746582e-01,-2.269862405955791473e-02,7.540366798639297485e-02,-7.997882552444934845e-03,2.486913204193115234e-01,4.154039025306701660e-01,4.870908558368682861e-01,5.018272399902343750e-01,4.684885442256927490e-01,1.699600070714950562e-01,2.935147285461425781e-01,2.359851449728012085e-01,1.954952627420425415e-02,1.441453546285629272e-01,3.437832593917846680e-01,2.519322037696838379e-01,1.556387245655059814e-01,2.307790517807006836e-01,2.218795418739318848e-01,3.444870412349700928e-01,1.222893521189689636e-01,9.123136848211288452e-02,3.876095414161682129e-01,2.275445610284805298e-01,2.706186771392822266e-01
2.722751796245574951e-01,-3.592431917786598206e-02,6.978280842304229736e-02,1.751493662595748901e-01,-1.078242436051368713e-01,-1.045079752802848816e-01,1.324202269315719604e-01,-3.310756385326385498e-02,-1.332629024982452393e-01,5.361635237932205200e-02,1.422693729400634766e-01,2.964018881320953369e-01,4.716020822525024414e-01,-5.253608897328376770e-02,1.658491790294647217e-01,4.899295270442962646e-01,6.482091546058654785e-02,4.007813334465026855e-01,4.062810167670249939e-02,3.586590290069580078e-01,6.012017726898193359e-01,1.000000000000000000e+00,5.545118451118469238e-01,3.473790585994720459e-01,-7.238733023405075073e-02,2.405758202075958252e-02,1.304183714091777802e-02,6.196615472435951233e-02,7.530694454908370972e-02,5.065228939056396484e-01,7.515320181846618652e-01,4.315080642700195312e-01,7.593612186610698700e-03,3.000255860388278961e-02,2.490872293710708618e-01,2.292318493127822876e-01,-8.637648075819015503e-02,2.538828551769256592e-01,8.799649775028228760e-02,1.381827145814895630e-01,-1.071368530392646790e-01,-1.081898435950279236e-01,7.115685939788818359e-02,-4.256403446197509766e-02,-1.748451292514801025e-01,3.743361681699752808e-02,3.286011219024658203e-01,4.361798167228698730e-01
-1.816724836826324463e-01,1.342194974422454834e-01,-2.027119696140289307e-02,1.168782189488410950e-01,-7.984375953674316406e-02,-4.916257690638303757e-03,1.477309912443161011e-01,8.008661121129989624e-02,8.168572187423706055e-02,3.363183736801147461e-01,2.012524157762527466e-01,2.381341904401779175e-01,5.808339715003967285e-01,-6.063418090343475342e-02,-8.999912999570369720e-03,4.863750636577606201e-01,6.631419807672500610e-02,2.303708791732788086e-01,7.327825576066970825e-02,3.609445393085479736e-01,4.523245394229888916e-01,5.545118451118469238e-01,1.000000000000000000e+00,4.719545543193817139e-01,-4.391306340694427490e-01,7.985878735780715942e-02,-2.038425356149673462e-01,-2.988871932029724121e-01,-6.051405519247055054e-02,3.262456357479095459e-01,5.327624082565307617e-01,3.396274447441101074e-01,1.319029717706143856e-03,1.267979741096496582e-01,3.122774958610534668e-01,5.277742743492126465e-01,4.063498228788375854e-02,2.686135768890380859e-01,3.985807299613952637e-01,6.326208710670471191e-01,5.238950252532958984e-02,1.633156985044479370e-01,1.705523133277893066e-01,6.224471703171730042e-02,-7.185678184032440186e-02,1.853407323360443115e-01,3.855566382408142090e-01,4.882416129112243652e-01
-1.529028266668319702e-01,3.050824701786041260e-01,1.036927253007888794e-01,1.486416906118392944e-01,1.247359439730644226e-01,2.074197381734848022e-01,2.141485661268234253e-01,9.345375001430511475e-02,2.254280298948287964e-01,4.581258893013000488e-01,4.428097233176231384e-02,2.127022296190261841e-01,5.164833068847656250e-01,-8.338386565446853638e-02,-1.216755360364913940e-01,3.334204256534576416e-01,1.370760053396224976e-01,1.588862985372543335e-01,2.558114528656005859e-01,2.745064496994018555e-01,2.380345463752746582e-01,3.473790585994720459e-01,4.719545543193817139e-01,1.000000000000000000e+00,-2.428261041641235352e-01,1.663777977228164673e-01,-1.444230377674102783e-01,-1.093878820538520813e-01,1.816917583346366882e-02,3.045779764652252197e-01,4.692149162292480469e-01,4.171731173992156982e-01,2.431983128190040588e-02,1.149275749921798706e-01,2.549775540828704834e-01,5.470383167266845703e-01,-4.450251813977956772e-03,8.393282443284988403e-02,4.065303504467010498e-01,4.230225086212158203e-01,2.532116174697875977e-01,3.777805268764495850e-01,3.360924124717712402e-01,1.813167035579681396e-01,2.221454381942749023e-01,3.433344364166259766e-01,7.918379306793212891e-01,2.297594845294952393e-01
5.174216628074645996e-01,7.279033958911895752e-02,4.708518460392951965e-02,-7.327532023191452026e-02,1.479884088039398193e-01,1.376841962337493896e-01,6.979124993085861206e-02,5.503926426172256470e-02,2.421484142541885376e-01,-1.047885268926620483e-01,1.884695887565612793e-01,3.344159424304962158e-01,-6.040214374661445618e-02,2.492869049310684204e-01,3.238971233367919922e-01,-1.759022623300552368e-01,2.136573940515518188e-01,1.271194219589233398e-01,8.351782709360122681e-02,-5.072147399187088013e-02,-2.269862405955791473e-02,-7.238733023405075073e-02,-4.391306340694427490e-01,-2.428261041641235352e-01,1.000000000000000000e+00,-4.169033095240592957e-02,4.874759614467620850e-01,5.918172597885131836e-01,3.127264082431793213e-01,3.238459676504135132e-02,-9.271023422479629517e-02,8.791625499725341797e-03,4.749600589275360107e-01,2.192191407084465027e-02,-4.993015155196189880e-02,-2.240081727504730225e-01,6.958911567926406860e-02,8.515705913305282593e-02,-6.918232887983322144e-02,-4.750001728534698486e-01,-9.519101120531558990e-03,-1.399486660957336426e-01,3.528369218111038208e-02,2.563112974166870117e-01,-1.060753762722015381e-01,-1.950736939907073975e-01,-1.751271337270736694e-01,-3.788474202156066895e-01
1.598704904317855835e-01,2.492657601833343506e-01,6.370280385017395020e-01,5.985682010650634766e-01,4.425714313983917236e-01,4.916965067386627197e-01,7.433018088340759277e-01,1.224809139966964722e-01,2.051401436328887939e-01,1.807271242141723633e-01,8.529384434223175049e-02,2.228998541831970215e-01,3.291887342929840088e-01,-5.041810497641563416e-02,-2.159745097160339355e-01,1.105413138866424561e-01,6.056244969367980957e-01,4.825893044471740723e-01,5.243430733680725098e-01,3.575578927993774414e-01,7.540366798639297485e-02,2.405758202075958252e-02,7.985878735780715942e-02,1.663777977228164673e-01,-4.169033095240592957e-02,1.000000000000000000e+00,-1.093897297978401184e-01,2.874778509140014648e-01,2.789843678474426270e-01,1.423071175813674927e-01,2.092924714088439941e-02,9.167190873995423317e-04,1.584722101688385010e-01,7.497254014015197754e-02,1.067536324262619019e-01,-2.628084458410739899e-02,-2.055272227153182030e-03,6.758628878742456436e-03,7.734559476375579834e-02,1.649677753448486328e-01,3.763119876384735107e-01,3.923589587211608887e-01,4.012402594089508057e-01,7.035385072231292725e-02,2.254560776054859161e-02,1.956249326467514038e-01,1.523316651582717896e-01,-2.354695498943328857e-01
4.563870429992675781e-01,5.708797648549079895e-02,9.818396717309951782e-02,8.930373191833496094e-02,-5.221268907189369202e-02,-1.234197020530700684e-01,4.618114326149225235e-03,6.771465390920639038e-02,3.875061869621276855e-02,-7.017653435468673706e-02,1.266207844018936157e-01,2.637372612953186035e-01,-1.566191203892230988e-02,1.547039002180099487e-01,2.457098662853240967e-01,-2.945009246468544006e-02,7.517614215612411499e-02,2.325460873544216156e-02,-1.099087670445442200e-01,-2.386545985937118530e-01,-7.997882552444934845e-03,1.304183714091777802e-02,-2.038425356149673462e-01,-1.444230377674102783e-01,4.874759614467620850e-01,-1.093897297978401184e-01,1.000000000000000000e+00,3.165532052516937256e-01,1.282963305711746216e-01,1.923488676548004150e-01,5.600839853286743164e-02,-1.498015820980072021e-01,3.552645146846771240e-01,2.544148638844490051e-02,1.122239455580711365e-01,-1.119942665100097656e-01,2.441662922501564026e-02,3.069194778800010681e-02,-7.937871664762496948e-02,-2.418503612279891968e-01,-7.937680929899215698e-02,-1.602169275283813477e-01,-1.209017038345336914e-01,1.476106494665145874e-01,1.432884931564331055e-01,-1.272444278001785278e-01,-1.089668795466423035e-01,-1.341588348150253296e-01
6.644114255905151367e-01,3.475745916366577148e-01,3.440515398979187012e-01,3.709709048271179199e-01,4.186647832393646240e-01,3.694420754909515381e-01,3.557269573211669922e-01,1.549151092767715454e-01,2.820867002010345459e-01,1.706996560096740723e-01,2.105770409107208252e-01,3.859619200229644775e-01,1.367769390344619751e-01,1.984005570411682129e-01,1.939047873020172119e-01,-9.871911257505416870e-02,3.501772582530975342e-01,3.510282337665557861e-01,2.511592805385589600e-01,2.561933994293212891e-01,2.486913204193115234e-01,6.196615472435951233e-02,-2.988871932029724121e-01,-1.093878820538520813e-01,5.918172597885131836e-01,2.874778509140014648e-01,3.165532052516937256e-01,1.000000000000000000e+00,7.096487283706665039e-01,2.577978968620300293e-01,2.298738062381744385e-02,1.068093702197074890e-01,3.398348093032836914e-01,1.433753371238708496e-01,1.538159791380167007e-02,-3.434016406536102295e-01,7.892075926065444946e-02,1.767376363277435303e-01,-2.134208753705024719e-02,-3.565236628055572510e-01,3.526134192943572998e-01,1.782808005809783936e-01,2.555538713932037354e-01,2.234606742858886719e-01,1.392917484045028687e-01,1.274583190679550171e-01,-3.074721619486808777e-02,-3.399816453456878662e-01
5.143103599548339844e-01,5.430428385734558105e-01,2.110960185527801514e-01,3.841232955455780029e-01,5.045707821846008301e-01,4.626065194606781006e-01,4.519378542900085449e-01,3.296988904476165771e-01,3.825503885746002197e-01,4.125458300113677979e-01,2.780284881591796875e-01,3.358510732650756836e-01,2.998591959476470947e-01,2.592617869377136230e-01,1.574346572160720825e-01,3.100751340389251709e-02,4.298638403415679932e-01,4.602660238742828369e-01,3.795385658740997314e-01,4.990254640579223633e-01,4.154039025306701660e-01,7.530694454908370972e-02,-6.051405519247055054e-02,1.816917583346366882e-02,3.127264082431793213e-01,2.789843678474426270e-01,1.282963305711746216e-01,7.096487283706665039e-01,1.000000000000000000e+00,3.371325433254241943e-01,1.173689365386962891e-01,2.152767777442932129e-01,3.318786323070526123e-01,3.091989159584045410e-01,8.989767730236053467e-02,-2.918978631496429443e-01,2.589444816112518311e-01,3.413814604282379150e-01,1.558555066585540771e-01,-1.279216855764389038e-01,4.752962291240692139e-01,4.288827180862426758e-01,4.468600451946258545e-01,2.393189966678619385e-01,3.120346963405609131e-01,4.144182503223419189e-01,9.998331218957901001e-02,-2.460828572511672974e-01
4.418469071388244629e-01,2.515737414360046387e-01,2.943515405058860779e-02,2.204768210649490356e-01,2.931227162480354309e-02,1.642857864499092102e-02,2.060823589563369751e-01,1.630854606628417969e-01,2.805390581488609314e-02,3.170134127140045166e-01,1.877711415290832520e-01,4.389100968837738037e-01,4.731226563453674316e-01,1.678098738193511963e-01,2.594468593597412109e-01,3.139349520206451416e-01,2.456257939338684082e-01,4.384513497352600098e-01,5.749361217021942139e-02,2.377002388238906860e-01,4.870908558368682861e-01,5.065228939056396484e-01,3.262456357479095459e-01,3.045779764652252197e-01,3.238459676504135132e-02,1.423071175813674927e-01,1.923488676548004150e-01,2.577978968620300293e-01,3.371325433254241943e-01,1.000000000000000000e+00,6.932567358016967773e-01,2.367097437381744385e-01,1.168578863143920898e-01,1.721736341714859009e-01,1.785456389188766479e-01,7.051118463277816772e-02,6.314162164926528931e-02,3.606770038604736328e-01,1.346875578165054321e-01,-3.540835157036781311e-02,1.631038784980773926e-01,1.419777572154998779e-01,2.393477410078048706e-01,3.648107498884201050e-02,2.577749788761138916e-01,2.577561438083648682e-01,3.188591003417968750e-01,1.165577396750450134e-01
2.987819910049438477e-01,1.178126409649848938e-01,-4.055576398968696594e-02,7.656248658895492554e-02,-4.034935683012008667e-02,-3.650859370827674866e-02,1.449645161628723145e-01,1.761246323585510254e-01,2.550711855292320251e-02,2.262649387121200562e-01,2.395262271165847778e-01,3.439500331878662109e-01,4.814719855785369873e-01,1.547058820724487305e-01,2.263203412294387817e-01,4.666113555431365967e-01,1.404887586832046509e-01,4.454905688762664795e-01,8.704158663749694824e-02,2.668697834014892578e-01,5.018272399902343750e-01,7.515320181846618652e-01,5.327624082565307617e-01,4.692149162292480469e-01,-9.271023422479629517e-02,2.092924714088439941e-02,5.600839853286743164e-02,2.298738062381744385e-02,1.173689365386962891e-01,6.932567358016967773e-01,1.000000000000000000e+00,5.427677631378173828e-01,9.218475222587585449e-02,2.216634750366210938e-01,3.001605272293090820e-01,3.047191500663757324e-01,1.102995723485946655e-01,3.866069316864013672e-01,2.595516145229339600e-01,2.270966619253158569e-01,3.386426717042922974e-02,9.531655162572860718e-02,2.640510201454162598e-01,-3.381407633423805237e-02,3.949772939085960388e-02,1.937091648578643799e-01,4.359060823917388916e-01,2.453825920820236206e-01
1.229298412799835205e-01,1.284450441598892212e-01,-5.476436391472816467e-02,-5.204594135284423828e-02,1.466549634933471680e-01,2.089637964963912964e-01,1.820876747369766235e-01,2.486975789070129395e-01,2.168967425823211670e-01,2.349780499935150146e-01,3.093990385532379150e-01,2.606937885284423828e-01,3.440777063369750977e-01,1.613509505987167358e-01,1.442873328924179077e-01,1.788047850131988525e-01,1.900999695062637329e-01,3.543030321598052979e-01,2.229798138141632080e-01,4.436421692371368408e-01,4.684885442256927490e-01,4.315080642700195312e-01,3.396274447441101074e-01,4.171731173992156982e-01,8.791625499725341797e-03,9.167190873995423317e-04,-1.498015820980072021e-01,1.068093702197074890e-01,2.152767777442932129e-01,2.367097437381744385e-01,5.427677631378173828e-01,1.000000000000000000e+00,1.699195206165313721e-01,3.261047601699829102e-01,2.669758498668670654e-01,1.993598043918609619e-01,2.162579149007797241e-01,2.720668017864227295e-01,3.535475730895996094e-01,3.242327868938446045e-01,1.338583678007125854e-01,2.572400867938995361e-01,3.912494182586669922e-01,-5.965391546487808228e-02,-9.754399955272674561e-02,3.564330041408538818e-01,4.414125680923461914e-01,8.918439596891403198e-02
4.336846768856048584e-01,3.968628048896789551e-01,1.297176927328109741e-01,6.831426918506622314e-02,3.936688303947448730e-01,4.606097936630249023e-01,3.482857346534729004e-01,5.444307923316955566e-01,5.492506027221679688e-01,2.521809637546539307e-01,5.716658830642700195e-01,4.420945346355438232e-01,3.012876808643341064e-01,5.543261766433715820e-01,2.923664152622222900e-01,1.438240408897399902e-01,3.257964849472045898e-01,2.298260480165481567e-01,2.558450102806091309e-01,2.103607207536697388e-01,1.699600070714950562e-01,7.593612186610698700e-03,1.319029717706143856e-03,2.431983128190040588e-02,4.749600589275360107e-01,1.584722101688385010e-01,3.552645146846771240e-01,3.398348093032836914e-01,3.318786323070526123e-01,1.168578863143920898e-01,9.218475222587585449e-02,1.699195206165313721e-01,1.000000000000000000e+00,4.981325566768646240e-01,3.496618568897247314e-01,1.315906271338462830e-02,4.743815064430236816e-01,5.121605992317199707e-01,3.891647160053253174e-01,5.946508049964904785e-02,3.425915837287902832e-01,2.887347042560577393e-01,3.363701403141021729e-01,2.581005692481994629e-01,-1.287496834993362427e-02,1.478106975555419922e-01,6.761377211660146713e-03,-4.478843510150909424e-01
