1.000000000000000000e+00,-2.755858749151229858e-02,3.688569366931915283e-01,5.508622527122497559e-01,6.514968872070312500e-01,3.231370151042938232e-01,-1.433693245053291321e-02,-1.014137268066406250e-01,-1.987598538398742676e-01,-7.785329222679138184e-02,-6.689250469207763672e-02,-1.078240126371383667e-01,-4.052430018782615662e-02,-3.301043510437011719e-01,-2.658666074275970459e-01,-6.672668457031250000e-02,-6.977850198745727539e-02,-8.811721950769424438e-02,1.842275820672512054e-02,4.212908446788787842e-03,3.965099528431892395e-02,-3.672934696078300476e-02,-2.774351276457309723e-02,-1.594197750091552734e-01,7.530464977025985718e-02,2.985186316072940826e-02,3.856526017189025879e-01,8.284716606140136719e-01,7.629680633544921875e-01,-1.043576821684837341e-01,-2.004566937685012817e-01,-1.368299126625061035e-01,3.629690706729888916e-01,-5.839770287275314331e-02,-2.232790589332580566e-01,-6.651315093040466309e-02,-2.308875471353530884e-01,-3.576110005378723145e-01,-2.556720376014709473e-01,-9.484988451004028320e-02,1.911243051290512085e-01,-3.857889026403427124e-02,-1.080166921019554138e-01,-1.348000168800354004e-01,7.351510971784591675e-02,-7.514272630214691162e-02,-2.483417242765426636e-01,-8.365751802921295166e-02
-2.755858749151229858e-02,1.000000000000000000e+00,-2.845345437526702881e-01,-1.647540926933288574e-01,2.713268101215362549e-01,4.893826842308044434e-01,-2.333327680826187134e-01,6.093646585941314697e-02,2.450012564659118652e-01,4.100694060325622559e-01,-3.203618526458740234e-02,1.341937929391860962e-01,2.458757609128952026e-01,-1.857999712228775024e-02,-2.846020087599754333e-02,6.091514229774475098e-02,-2.060493528842926025e-01,-3.519169092178344727e-01,-3.173041716217994690e-02,1.840538233518600464e-01,2.190012112259864807e-02,-2.222085595130920410e-01,1.980929076671600342e-01,3.292813301086425781e-01,3.284149244427680969e-02,-3.173241615295410156e-01,1.852585226297378540e-01,3.700036555528640747e-02,-6.821574270725250244e-02,-4.557851329445838928e-02,-1.879910975694656372e-01,-2.010681293904781342e-02,3.518747389316558838e-01,3.107760548591613770e-01,3.350003361701965332e-01,3.575543761253356934e-01,5.814293771982192993e-02,9.445820003747940063e-02,1.435104906558990479e-01,3.015920221805572510e-01,7.224106192588806152e-01,6.566528677940368652e-01,2.563390433788299561e-01,6.330345273017883301e-01,6.446026563644409180e-01,5.538619160652160645e-01,1.235744133591651917e-01,1.574359834194183350e-01
3.688569366931915283e-01,-2.845345437526702881e-01,1.000000000000000000e+00,7.116592526435852051e-01,1.665239483118057251e-01,5.338070169091224670e-02,6.196908354759216309e-01,-9.835471212863922119e-02,-2.740019559860229492e-01,-3.687483966350555420e-01,2.493411898612976074e-01,-2.224867641925811768e-01,-3.473311960697174072e-01,3.686049953103065491e-02,-7.553425431251525879e-02,-3.596999049186706543e-01,5.052915215492248535e-01,4.893544316291809082e-01,4.239652454853057861e-01,2.546143829822540283e-01,2.949346601963043213e-01,3.994738161563873291e-01,-4.149116873741149902e-01,-2.684724032878875732e-01,4.040476866066455841e-03,6.524670720100402832e-01,1.513775885105133057e-01,3.779375553131103516e-01,4.940103888511657715e-01,2.660820186138153076e-01,2.562515437602996826e-01,-1.095761545002460480e-02,-4.051236901432275772e-03,-1.599186956882476807e-01,-3.866237103939056396e-01,-3.501865863800048828e-01,-8.645727485418319702e-02,-2.145570814609527588e-01,-3.633889853954315186e-01,-3.889266848564147949e-01,-1.056052446365356445e-01,-2.122897356748580933e-01,-1.475448813289403915e-02,-3.534457385540008545e-01,-1.337458640336990356e-01,-2.160136699676513672e-01,-2.774805724620819092e-01,-2.926492989063262939e-01
5.508622527122497559e-01,-1.647540926933288574e-01,7.116592526435852051e-01,1.000000000000000000e+00,3.080097138881683350e-01,3.390596807003021240e-01,4.437119662761688232e-01,-2.319304645061492920e-01,-3.394459784030914307e-01,-2.492048591375350952e-01,-8.552996814250946045e-02,-2.412373572587966919e-01,-1.805849522352218628e-01,-2.293531447649002075e-01,-9.915748238563537598e-02,-2.356303930282592773e-01,2.862178087234497070e-01,2.350091040134429932e-01,4.668225049972534180e-01,4.010976850986480713e-01,4.877076148986816406e-01,4.977773427963256836e-01,-2.254694253206253052e-01,-7.480306178331375122e-02,3.122097626328468323e-02,3.663585782051086426e-01,1.694995462894439697e-01,5.838914513587951660e-01,6.793467998504638672e-01,2.799149453639984131e-01,2.890750467777252197e-01,2.801162004470825195e-01,-1.920069940388202667e-02,-2.415711432695388794e-01,-4.073999822139739990e-01,-2.975258529186248779e-01,-1.359039247035980225e-01,-2.999918758869171143e-01,-3.199465572834014893e-01,-3.360424637794494629e-01,3.058602288365364075e-02,2.856400050222873688e-02,2.331753075122833252e-01,-2.793180048465728760e-01,8.153668604791164398e-03,-3.392346203327178955e-02,-9.817576408386230469e-02,-3.068955801427364349e-02
6.514968872070312500e-01,2.713268101215362549e-01,1.665239483118057251e-01,3.080097138881683350e-01,1.000000000000000000e+00,6.679787635803222656e-01,-4.060409031808376312e-03,2.347725778818130493e-01,1.664011627435684204e-01,2.228225916624069214e-01,1.822130382061004639e-01,2.299506217241287231e-01,3.404963910579681396e-01,-1.894576102495193481e-02,-4.490908980369567871e-02,6.040231138467788696e-02,-1.048258692026138306e-01,-1.675597131252288818e-01,8.169642649590969086e-03,5.687315016984939575e-02,6.777137517929077148e-02,-1.396495401859283447e-01,2.509019672870635986e-01,1.164022162556648254e-01,1.175595372915267944e-01,-8.242915570735931396e-02,3.309930860996246338e-01,6.058333516120910645e-01,5.086398720741271973e-01,-4.425212368369102478e-02,-1.926797628402709961e-01,-1.824347525835037231e-01,5.585644245147705078e-01,7.687050104141235352e-02,2.535912580788135529e-02,2.115119099617004395e-01,-2.343014627695083618e-02,-7.198178023099899292e-02,1.883710548281669617e-02,1.903522014617919922e-01,4.404734075069427490e-01,3.650011122226715088e-01,1.124303787946701050e-01,2.578166723251342773e-01,3.363445401191711426e-01,2.349624633789062500e-01,-7.355644553899765015e-02,6.170754134654998779e-02
3.231370151042938232e-01,4.893826842308044434e-01,5.338070169091224670e-02,3.390596807003021240e-01,6.679787635803222656e-01,1.000000000000000000e+00,1.602438651025295258e-02,1.256767362356185913e-01,1.968227773904800415e-01,3.329910933971405029e-01,2.032121643424034119e-02,1.781906485557556152e-01,3.988081514835357666e-01,-9.869015216827392578e-02,4.945688880980014801e-03,-2.964418148621916771e-03,-1.446654796600341797e-01,-2.977071404457092285e-01,1.303097903728485107e-01,3.028414547443389893e-01,2.894689738750457764e-01,2.410510182380676270e-02,2.987969219684600830e-01,4.197674989700317383e-01,6.447503715753555298e-02,-1.759927272796630859e-01,1.722563803195953369e-01,3.950269520282745361e-01,3.425641655921936035e-01,1.013214066624641418e-01,1.032506674528121948e-02,1.213638186454772949e-01,3.732609450817108154e-01,3.447839617729187012e-02,8.248063921928405762e-02,2.766751348972320557e-01,7.906674593687057495e-02,1.373905967921018600e-02,1.002787724137306213e-01,2.087240815162658691e-01,5.746340751647949219e-01,6.782357692718505859e-01,4.382111430168151855e-01,3.935398757457733154e-01,5.134856700897216797e-01,4.816871881484985352e-01,2.138451337814331055e-01,2.786436080932617188e-01
-1.433693245053291321e-02,-2.333327680826187134e-01,6.196908354759216309e-01,4.437119662761688232e-01,-4.060409031808376312e-03,1.602438651025295258e-02,1.000000000000000000e+00,-3.324629366397857666e-02,-1.985134631395339966e-01,-2.621563076972961426e-01,3.364009559154510498e-01,-1.854209005832672119e-01,-2.139173001050949097e-01,2.617797553539276123e-01,7.121978700160980225e-02,-2.104137539863586426e-01,8.043899536132812500e-01,7.565449476242065430e-01,5.521527528762817383e-01,4.541717767715454102e-01,4.506398141384124756e-01,3.510469198226928711e-01,-3.841540515422821045e-01,-2.564927041530609131e-01,-6.765577197074890137e-02,7.994988560676574707e-01,-6.794288009405136108e-02,-3.733645752072334290e-02,1.138917803764343262e-01,2.749797999858856201e-01,3.203202486038208008e-01,5.021407455205917358e-02,-7.758802920579910278e-02,-8.355859667062759399e-02,-3.807145953178405762e-01,-3.604304194450378418e-01,9.241534769535064697e-02,-6.219188868999481201e-02,-2.772676348686218262e-01,-4.069883227348327637e-01,-1.083196178078651428e-01,-1.191334798932075500e-02,2.215819954872131348e-01,-1.989731937646865845e-01,-5.371702834963798523e-02,4.140064120292663574e-02,-3.285019397735595703e-01,-3.898521363735198975e-01
-1.014137268066406250e-01,6.093646585941314697e-02,-9.835471212863922119e-02,-2.319304645061492920e-01,2.347725778818130493e-01,1.256767362356185913e-01,-3.324629366397857666e-02,1.000000000000000000e+00,6.861529946327209473e-01,4.618067741394042969e-01,5.228502154350280762e-01,6.848540902137756348e-01,5.182711482048034668e-01,2.815018296241760254e-01,6.127445697784423828e-01,5.086671710014343262e-01,-1.272638887166976929e-01,-5.265606939792633057e-02,-1.111564487218856812e-01,-2.389171570539474487e-01,-2.218338549137115479e-01,-1.303693950176239014e-01,4.462778866291046143e-01,1.938907653093338013e-01,-5.406103655695915222e-02,-5.165820196270942688e-02,-1.667167991399765015e-01,-1.366142779588699341e-01,-1.897493004798889160e-01,1.867344677448272705e-01,3.578583523631095886e-02,-1.359803825616836548e-01,5.205297470092773438e-01,1.612096130847930908e-01,4.638349413871765137e-01,3.442329168319702148e-01,1.940594017505645752e-01,6.896469593048095703e-01,5.797567963600158691e-01,4.421900808811187744e-01,-8.304550498723983765e-02,1.032872870564460754e-01,9.498345665633678436e-03,4.340982437133789062e-01,8.202190510928630829e-03,6.392218172550201416e-02,1.737646907567977905e-01,8.432575315237045288e-02
-1.987598538398742676e-01,2.450012564659118652e-01,-2.740019559860229492e-01,-3.394459784030914307e-01,1.664011627435684204e-01,1.968227773904800415e-01,-1.985134631395339966e-01,6.861529946327209473e-01,1.000000000000000000e+00,7.305386066436767578e-01,3.445912599563598633e-01,7.179831862449645996e-01,6.437512040138244629e-01,1.460932195186614990e-01,3.900933861732482910e-01,4.805946350097656250e-01,-2.414969354867935181e-01,-2.042655646800994873e-01,-2.011681199073791504e-01,-2.141185700893402100e-01,-2.433880716562271118e-01,-1.934161186218261719e-01,5.633232593536376953e-01,3.897342979907989502e-01,1.958414725959300995e-02,-2.421532273292541504e-01,-1.227590516209602356e-01,-1.579535752534866333e-01,-2.822255194187164307e-01,1.156457886099815369e-01,2.716900967061519623e-02,-9.966636449098587036e-02,4.900149405002593994e-01,1.156130582094192505e-01,6.057549118995666504e-01,5.400858521461486816e-01,2.023404687643051147e-01,6.013413071632385254e-01,6.135442256927490234e-01,5.824621915817260742e-01,7.583520375192165375e-03,2.827228307723999023e-01,9.963678568601608276e-02,5.800012350082397461e-01,9.447465091943740845e-02,2.372526079416275024e-01,3.406547605991363525e-01,2.539266943931579590e-01
-7.785329222679138184e-02,4.100694060325622559e-01,-3.687483966350555420e-01,-2.492048591375350952e-01,2.228225916624069214e-01,3.329910933971405029e-01,-2.621563076972961426e-01,4.618067741394042969e-01,7.305386066436767578e-01,1.000000000000000000e+00,1.559188216924667358e-01,6.445143222808837891e-01,7.317972779273986816e-01,3.124044463038444519e-02,2.046135514974594116e-01,3.946616649627685547e-01,-2.464631348848342896e-01,-2.822303175926208496e-01,-5.898167565464973450e-02,-6.708400696516036987e-02,-1.537007391452789307e-01,-1.754410862922668457e-01,6.171820163726806641e-01,4.965994060039520264e-01,5.012099444866180420e-02,-3.945029973983764648e-01,-9.608823060989379883e-02,-4.015974700450897217e-02,-1.920057088136672974e-01,6.401507556438446045e-02,-9.980760514736175537e-03,-2.154079265892505646e-03,4.559513032436370850e-01,1.230300962924957275e-01,4.543465673923492432e-01,5.502004623413085938e-01,1.794126629829406738e-01,3.950999677181243896e-01,4.557212889194488525e-01,5.956762433052062988e-01,1.897535622119903564e-01,4.763115346431732178e-01,2.623113691806793213e-01,6.252590417861938477e-01,3.318691849708557129e-01,5.462607741355895996e-01,3.639378845691680908e-01,3.465864062309265137e-01
-6.689250469207763672e-02,-3.203618526458740234e-02,2.493411898612976074e-01,-8.552996814250946045e-02,1.822130382061004639e-01,2.032121643424034119e-02,3.364009559154510498e-01,5.228502154350280762e-01,3.445912599563598633e-01,1.559188216924667358e-01,1.000000000000000000e+00,4.376992881298065186e-01,1.425098329782485962e-01,4.488677978515625000e-01,3.758547604084014893e-01,7.342564314603805542e-02,2.884133756160736084e-01,2.909615039825439453e-01,7.882463186979293823e-02,-8.023831248283386230e-02,-9.438946098089218140e-02,-8.035692572593688965e-02,-2.681927941739559174e-02,-1.262288987636566162e-01,1.192589923739433289e-01,2.978194355964660645e-01,-4.319431725889444351e-03,-7.879482209682464600e-02,-1.028869301080703735e-01,1.111526936292648315e-01,-4.435289651155471802e-02,-3.152822554111480713e-01,3.709962368011474609e-01,2.415780425071716309e-01,7.021163403987884521e-02,3.783739358186721802e-02,2.248770147562026978e-01,3.188602030277252197e-01,7.402716577053070068e-02,5.461525171995162964e-02,-6.547386944293975830e-02,-2.927478961646556854e-02,-6.763192266225814819e-02,1.667945832014083862e-01,-2.693740185350179672e-03,-1.035099755972623825e-02,-2.133246213197708130e-01,-2.617430090904235840e-01
-1.078240126371383667e-01,1.341937929391860962e-01,-2.224867641925811768e-01,-2.412373572587966919e-01,2.299506217241287231e-01,1.781906485557556152e-01,-1.854209005832672119e-01,6.848540902137756348e-01,7.179831862449645996e-01,6.445143222808837891e-01,4.376992881298065186e-01,1.000000000000000000e+00,7.051665782928466797e-01,1.649566739797592163e-01,5.497853755950927734e-01,5.769612789154052734e-01,-2.340935915708541870e-01,-1.678555756807327271e-01,-1.833852380514144897e-01,-2.478216886520385742e-01,-2.345864921808242798e-01,-7.308237999677658081e-02,6.207366585731506348e-01,3.650866746902465820e-01,1.955353617668151855e-01,-2.523325383663177490e-01,-1.948464289307594299e-02,-3.305812180042266846e-02,-1.505962014198303223e-01,8.380492776632308960e-02,1.175596751272678375e-02,-1.087121888995170593e-01,4.049469828605651855e-01,8.947769552469253540e-02,5.255157947540283203e-01,5.144441127777099609e-01,2.197354435920715332e-01,6.146044731140136719e-01,6.050742864608764648e-01,5.842192173004150391e-01,-4.065188020467758179e-02,1.946976482868194580e-01,1.524014584720134735e-02,4.320766329765319824e-01,6.730303168296813965e-02,1.805887818336486816e-01,3.587740659713745117e-01,2.971301972866058350e-01
-4.052430018782615662e-02,2.458757609128952026e-01,-3.473311960697174072e-01,-1.805849522352218628e-01,3.404963910579681396e-01,3.988081514835357666e-01,-2.139173001050949097e-01,5.182711482048034668e-01,6.437512040138244629e-01,7.317972779273986816e-01,1.425098329782485962e-01,7.051665782928466797e-01,1.000000000000000000e+00,6.297931820154190063e-02,3.303714394569396973e-01,4.931656122207641602e-01,-2.637593150138854980e-01,-2.694112658500671387e-01,-6.604210287332534790e-02,-2.137735718861222267e-03,-7.066544611006975174e-03,-9.173575043678283691e-02,7.501256465911865234e-01,5.101310610771179199e-01,3.853653371334075928e-02,-3.578891456127166748e-01,-1.133034527301788330e-01,-2.618200704455375671e-02,-1.272848993539810181e-01,9.475087374448776245e-02,2.117055840790271759e-02,6.767405569553375244e-02,3.928538262844085693e-01,1.052710562944412231e-01,3.862131237983703613e-01,5.097508430480957031e-01,1.789353489875793457e-01,4.377177953720092773e-01,5.312473177909851074e-01,5.630034804344177246e-01,1.292836070060729980e-01,4.064256250858306885e-01,2.290680110454559326e-01,5.400415658950805664e-01,2.343839108943939209e-01,4.084359109401702881e-01,4.164311587810516357e-01,4.244951009750366211e-01
-3.301043510437011719e-01,-1.857999712228775024e-02,3.686049953103065491e-02,-2.293531447649002075e-01,-1.894576102495193481e-02,-9.869015216827392578e-02,2.617797553539276123e-01,2.815018296241760254e-01,1.460932195186614990e-01,3.124044463038444519e-02,4.488677978515625000e-01,1.649566739797592163e-01,6.297931820154190063e-02,1.000000000000000000e+00,1.770472377538681030e-01,-5.713707953691482544e-02,2.726991772651672363e-01,2.841508686542510986e-01,1.880531571805477142e-02,-3.669675439596176147e-02,-6.160694733262062073e-02,-8.323399722576141357e-02,-8.057141304016113281e-02,-4.024870693683624268e-02,1.328080743551254272e-01,2.658596336841583252e-01,-3.902981802821159363e-02,-2.711476981639862061e-01,-1.963892579078674316e-01,1.236838027834892273e-01,8.322904258966445923e-02,-1.564575433731079102e-01,-8.262845128774642944e-02,1.429194211959838867e-01,3.568715602159500122e-02,-2.044485323131084442e-02,2.089446038007736206e-01,1.793180853128433228e-01,7.044091075658798218e-02,2.015038579702377319e-02,4.194298386573791504e-02,1.473961863666772842e-02,2.951397746801376343e-02,4.070856794714927673e-02,-1.199165172874927521e-02,3.342865407466888428e-02,-8.627277612686157227e-02,-1.953802853822708130e-01
-2.658666074275970459e-01,-2.846020087599754333e-02,-7.553425431251525879e-02,-9.915748238563537598e-02,-4.490908980369567871e-02,4.945688880980014801e-03,7.121978700160980225e-02,6.127445697784423828e-01,3.900933861732482910e-01,2.046135514974594116e-01,3.758547604084014893e-01,5.497853755950927734e-01,3.303714394569396973e-01,1.770472377538681030e-01,1.000000000000000000e+00,6.413781046867370605e-01,-2.030028589069843292e-02,5.349772423505783081e-02,6.536240130662918091e-02,-4.173090681433677673e-02,4.131062701344490051e-02,1.463915705680847168e-01,3.268935680389404297e-01,1.940101534128189087e-01,-6.067864969372749329e-02,2.589035592973232269e-02,-2.434557229280471802e-01,-2.519642114639282227e-01,-2.201134711503982544e-01,2.924937307834625244e-01,1.946337670087814331e-01,1.253635138273239136e-01,1.888472735881805420e-01,6.693422049283981323e-02,4.014010131359100342e-01,2.243839800357818604e-01,2.942815423011779785e-01,7.794168591499328613e-01,5.670429468154907227e-01,3.178986012935638428e-01,-2.082220762968063354e-01,6.670609861612319946e-02,7.031044363975524902e-02,2.374775260686874390e-01,-1.168931573629379272e-01,-4.368731286376714706e-03,2.187784910202026367e-01,9.847138822078704834e-02
-6.672668457031250000e-02,6.091514229774475098e-02,-3.596999049186706543e-01,-2.356303930282592773e-01,6.040231138467788696e-02,-2.964418148621916771e-03,-2.104137539863586426e-01,5.086671710014343262e-01,4.805946350097656250e-01,3.946616649627685547e-01,7.342564314603805542e-02,5.769612789154052734e-01,4.931656122207641602e-01,-5.713707953691482544e-02,6.413781046867370605e-01,1.000000000000000000e+00,-3.073896765708923340e-01,-1.887868642807006836e-01,-2.563546597957611084e-01,-2.146628797054290771e-01,-1.473048776388168335e-01,-8.029575645923614502e-02,5.858372449874877930e-01,2.331936806440353394e-01,-7.620983570814132690e-02,-2.062605768442153931e-01,-1.330500096082687378e-01,-1.007342413067817688e-01,-1.635466217994689941e-01,9.210364520549774170e-02,3.436956927180290222e-02,1.204238533973693848e-01,2.671562433242797852e-01,4.909304901957511902e-02,6.097481250762939453e-01,4.095793068408966064e-01,2.181802392005920410e-01,6.595301032066345215e-01,7.104981541633605957e-01,5.123346447944641113e-01,-1.295972466468811035e-01,7.191126793622970581e-02,-1.747338846325874329e-02,3.107101023197174072e-01,-7.009451091289520264e-02,4.967366531491279602e-02,2.491045147180557251e-01,1.942596435546875000e-01
-6.977850198745727539e-02,-2.060493528842926025e-01,5.052915215492248535e-01,2.862178087234497070e-01,-1.048258692026138306e-01,-1.446654796600341797e-01,8.043899536132812500e-01,-1.272638887166976929e-01,-2.414969354867935181e-01,-2.464631348848342896e-01,2.884133756160736084e-01,-2.340935915708541870e-01,-2.637593150138854980e-01,2.726991772651672363e-01,-2.030028589069843292e-02,-3.073896765708923340e-01,1.000000000000000000e+00,8.457453846931457520e-01,6.533140540122985840e-01,5.251142382621765137e-01,4.522491693496704102e-01,3.578855097293853760e-01,-4.404720962047576904e-01,-3.144192397594451904e-01,-9.552938491106033325e-02,6.747688055038452148e-01,-5.473327264189720154e-02,-1.248352900147438049e-01,2.139114961028099060e-02,1.700118184089660645e-01,2.603125870227813721e-01,-4.128611087799072266e-02,-1.104736328125000000e-01,-4.268376529216766357e-02,-4.355194866657257080e-01,-3.743630647659301758e-01,6.265266239643096924e-02,-1.275323480367660522e-01,-3.600021600723266602e-01,-3.914536237716674805e-01,-8.633602410554885864e-02,-3.658908978104591370e-02,2.189143002033233643e-01,-2.100016623735427856e-01,-4.948927834630012512e-02,6.312067061662673950e-02,-3.615886270999908447e-01,-3.998632729053497314e-01
-8.811721950769424438e-02,-3.519169092178344727e-01,4.893544316291809082e-01,2.350091040134429932e-01,-1.675597131252288818e-01,-2.977071404457092285e-01,7.565449476242065430e-01,-5.265606939792633057e-02,-2.042655646800994873e-01,-2.822303175926208496e-01,2.909615039825439453e-01,-1.678555756807327271e-01,-2.694112658500671387e-01,2.841508686542510986e-01,5.349772423505783081e-02,-1.887868642807006836e-01,8.457453846931457520e-01,1.000000000000000000e+00,5.070239901542663574e-01,3.619435727596282959e-01,3.436225354671478271e-01,3.889286518096923828e-01,-3.945733606815338135e-01,-3.286526501178741455e-01,-1.658310182392597198e-02,6.997370719909667969e-01,-5.749242007732391357e-02,-1.312733739614486694e-01,2.662340644747018814e-03,1.374914348125457764e-01,3.219317197799682617e-01,-4.312474280595779419e-03,-1.228844001889228821e-01,-1.119761541485786438e-01,-3.895106911659240723e-01,-3.571817874908447266e-01,2.764189243316650391e-02,-5.645372346043586731e-02,-2.685295045375823975e-01,-3.585005402565002441e-01,-2.849671244621276855e-01,-2.371790111064910889e-01,7.793043553829193115e-02,-2.761594653129577637e-01,-2.124056369066238403e-01,-1.063737347722053528e-01,-3.180546760559082031e-01,-4.012303054332733154e-01
1.842275820672512054e-02,-3.173041716217994690e-02,4.239652454853057861e-01,4.668225049972534180e-01,8.169642649590969086e-03,1.303097903728485107e-01,5.521527528762817383e-01,-1.111564487218856812e-01,-2.011681199073791504e-01,-5.898167565464973450e-02,7.882463186979293823e-02,-1.833852380514144897e-01,-6.604210287332534790e-02,1.880531571805477142e-02,6.536240130662918091e-02,-2.563546597957611084e-01,6.533140540122985840e-01,5.070239901542663574e-01,1.000000000000000000e+00,7.038435935974121094e-01,6.229200363159179688e-01,4.409599602222442627e-01,-2.289581596851348877e-01,-5.028090626001358032e-02,-1.638838052749633789e-01,3.539885878562927246e-01,-1.702411323785781860e-01,-5.269236396998167038e-03,1.312804520130157471e-01,3.310666680335998535e-01,2.867141664028167725e-01,1.690408736467361450e-01,-1.474021701142191887e-03,-8.495093882083892822e-02,-4.037879109382629395e-01,-2.740138471126556396e-01,8.176211267709732056e-02,-6.105888262391090393e-02,-2.342589050531387329e-01,-2.463281750679016113e-01,2.502538263797760010e-02,2.176821976900100708e-01,5.459549427032470703e-01,-2.740705758333206177e-02,1.555378586053848267e-01,3.346920311450958252e-01,-1.497184783220291138e-01,-1.465876102447509766e-01
4.212908446788787842e-03,1.840538233518600464e-01,2.546143829822540283e-01,4.010976850986480713e-01,5.687315016984939575e-02,3.028414547443389893e-01,4.541717767715454102e-01,-2.389171570539474487e-01,-2.141185700893402100e-01,-6.708400696516036987e-02,-8.023831248283386230e-02,-2.478216886520385742e-01,-2.137735718861222267e-03,-3.669675439596176147e-02,-4.173090681433677673e-02,-2.146628797054290771e-01,5.251142382621765137e-01,3.619435727596282959e-01,7.038435935974121094e-01,1.000000000000000000e+00,8.350488543510437012e-01,4.706289470195770264e-01,-1.300355494022369385e-01,9.933067858219146729e-02,-1.249971464276313782e-01,2.533434331417083740e-01,-6.904372014105319977e-03,9.836209006607532501e-03,1.385642439126968384e-01,2.137559056282043457e-01,2.983296215534210205e-01,2.870808839797973633e-01,-4.992482066154479980e-02,4.868953488767147064e-03,-3.130510747432708740e-01,-2.040746957063674927e-01,6.504160165786743164e-02,-1.176123693585395813e-01,-2.340158373117446899e-01,-2.220420241355895996e-01,2.863318920135498047e-01,3.599626719951629639e-01,5.517323017120361328e-01,4.727449640631675720e-02,2.900066673755645752e-01,3.838891983032226562e-01,-4.351657629013061523e-02,3.799667349085211754e-03
3.965099528431892395e-02,2.190012112259864807e-02,2.949346601963043213e-01,4.877076148986816406e-01,6.777137517929077148e-02,2.894689738750457764e-01,4.506398141384124756e-01,-2.218338549137115479e-01,-2.433880716562271118e-01,-1.537007391452789307e-01,-9.438946098089218140e-02,-2.345864921808242798e-01,-7.066544611006975174e-03,-6.160694733262062073e-02,4.131062701344490051e-02,-1.473048776388168335e-01,4.522491693496704102e-01,3.436225354671478271e-01,6.229200363159179688e-01,8.350488543510437012e-01,1.000000000000000000e+00,6.334663629531860352e-01,-1.159409508109092712e-01,1.347306370735168457e-01,-2.082024961709976196e-01,2.727797031402587891e-01,-1.847726665437221527e-02,1.935619302093982697e-02,1.724395900964736938e-01,3.687672317028045654e-01,4.609681665897369385e-01,4.581844806671142578e-01,-1.144977062940597534e-01,-6.392347812652587891e-02,-3.120134472846984863e-01,-2.385251224040985107e-01,9.587992681190371513e-04,-1.058471724390983582e-01,-2.213605344295501709e-01,-2.490554004907608032e-01,1.538982242345809937e-01,2.526733577251434326e-01,5.216096639633178711e-01,-5.831984803080558777e-02,1.212705373764038086e-01,2.238765954971313477e-01,5.631436407566070557e-02,5.579053983092308044e-02
-3.672934696078300476e-02,-2.222085595130920410e-01,3.994738161563873291e-01,4.977773427963256836e-01,-1.396495401859283447e-01,2.410510182380676270e-02,3.510469198226928711e-01,-1.303693950176239014e-01,-1.934161186218261719e-01,-1.754410862922668457e-01,-8.035692572593688965e-02,-7.308237999677658081e-02,-9.173575043678283691e-02,-8.323399722576141357e-02,1.463915705680847168e-01,-8.029575645923614502e-02,3.578855097293853760e-01,3.889286518096923828e-01,4.409599602222442627e-01,4.706289470195770264e-01,6.334663629531860352e-01,1.000000000000000000e+00,-6.097894534468650818e-02,1.873462051153182983e-01,-1.124787777662277222e-01,2.221177369356155396e-01,-3.106380999088287354e-02,2.300031855702400208e-02,1.518579125404357910e-01,4.124957323074340820e-01,7.010877728462219238e-01,6.203890442848205566e-01,-2.732386291027069092e-01,-2.589170038700103760e-01,-2.311162054538726807e-01,-2.348209172487258911e-01,-3.641749173402786255e-02,-1.555888634175062180e-02,-1.635570973157882690e-01,-2.187507599592208862e-01,-1.532859504222869873e-01,-3.363535925745964050e-02,2.750348746776580811e-01,-2.457282394170761108e-01,-1.637436300516128540e-01,-6.196954473853111267e-02,2.612205147743225098e-01,2.179532945156097412e-01
-2.774351276457309723e-02,1.980929076671600342e-01,-4.149116873741149902e-01,-2.254694253206253052e-01,2.509019672870635986e-01,2.987969219684600830e-01,-3.841540515422821045e-01,4.462778866291046143e-01,5.633232593536376953e-01,6.171820163726806641e-01,-2.681927941739559174e-02,6.207366585731506348e-01,7.501256465911865234e-01,-8.057141304016113281e-02,3.268935680389404297e-01,5.858372449874877930e-01,-4.404720962047576904e-01,-3.945733606815338135e-01,-2.289581596851348877e-01,-1.300355494022369385e-01,-1.159409508109092712e-01,-6.097894534468650818e-02,1.000000000000000000e+00,6.359077692031860352e-01,7.775779813528060913e-02,-4.675680696964263916e-01,-5.131574720144271851e-02,1.068376284092664719e-02,-9.666059166193008423e-02,-1.296871574595570564e-03,6.859628111124038696e-02,1.963262706995010376e-01,2.902441024780273438e-01,-1.513555413112044334e-03,5.252656340599060059e-01,6.640562415122985840e-01,1.464799344539642334e-01,5.000762343406677246e-01,6.610506176948547363e-01,7.427463531494140625e-01,4.796944931149482727e-02,3.019702434539794922e-01,1.284570693969726562e-01,4.358829557895660400e-01,1.022863090038299561e-01,2.625020444393157959e-01,5.438490509986877441e-01,6.358386874198913574e-01
-1.594197750091552734e-01,3.292813301086425781e-01,-2.684724032878875732e-01,-7.480306178331375122e-02,1.164022162556648254e-01,4.197674989700317383e-01,-2.564927041530609131e-01,1.938907653093338013e-01,3.897342979907989502e-01,4.965994060039520264e-01,-1.262288987636566162e-01,3.650866746902465820e-01,5.101310610771179199e-01,-4.024870693683624268e-02,1.940101534128189087e-01,2.331936806440353394e-01,-3.144192397594451904e-01,-3.286526501178741455e-01,-5.028090626001358032e-02,9.933067858219146729e-02,1.347306370735168457e-01,1.873462051153182983e-01,6.359077692031860352e-01,1.000000000000000000e+00,4.377398267388343811e-02,-3.444741368293762207e-01,-4.285782109946012497e-03,-1.805246807634830475e-02,-4.352792724967002869e-02,2.592171430587768555e-01,3.585326373577117920e-01,4.433448016643524170e-01,9.326732903718948364e-02,-4.707555845379829407e-02,4.014498293399810791e-01,6.255810260772705078e-01,9.183092415332794189e-02,3.593651950359344482e-01,4.207097291946411133e-01,5.233305096626281738e-01,2.204452008008956909e-01,5.061102509498596191e-01,3.870304822921752930e-01,3.167609870433807373e-01,2.801042795181274414e-01,4.627699553966522217e-01,7.479624748229980469e-01,5.866178274154663086e-01
7.530464977025985718e-02,3.284149244427680969e-02,4.040476866066455841e-03,3.122097626328468323e-02,1.175595372915267944e-01,6.447503715753555298e-02,-6.765577197074890137e-02,-5.406103655695915222e-02,1.958414725959300995e-02,5.012099444866180420e-02,1.192589923739433289e-01,1.955353617668151855e-01,3.853653371334075928e-02,1.328080743551254272e-01,-6.067864969372749329e-02,-7.620983570814132690e-02,-9.552938491106033325e-02,-1.658310182392597198e-02,-1.638838052749633789e-01,-1.249971464276313782e-01,-2.082024961709976196e-01,-1.124787777662277222e-01,7.775779813528060913e-02,4.377398267388343811e-02,1.000000000000000000e+00,-2.208671718835830688e-02,3.585205078125000000e-01,3.836138546466827393e-01,2.642972171306610107e-01,-3.857896029949188232e-01,-1.343131214380264282e-01,-2.152295410633087158e-01,-3.813662752509117126e-02,-5.601094663143157959e-02,2.148701250553131104e-02,1.264886409044265747e-01,-4.581812396645545959e-02,-6.512528657913208008e-02,4.093980044126510620e-02,1.288521885871887207e-01,4.796496033668518066e-02,-7.832343876361846924e-02,-1.246725320816040039e-01,-6.353034079074859619e-02,-1.537508796900510788e-02,-5.296753346920013428e-02,3.809232264757156372e-02,1.769936680793762207e-01
2.985186316072940826e-02,-3.173241615295410156e-01,6.524670720100402832e-01,3.663585782051086426e-01,-8.242915570735931396e-02,-1.759927272796630859e-01,7.994988560676574707e-01,-5.165820196270942688e-02,-2.421532273292541504e-01,-3.945029973983764648e-01,2.978194355964660645e-01,-2.523325383663177490e-01,-3.578891456127166748e-01,2.658596336841583252e-01,2.589035592973232269e-02,-2.062605768442153931e-01,6.747688055038452148e-01,6.997370719909667969e-01,3.539885878562927246e-01,2.533434331417083740e-01,2.727797031402587891e-01,2.221177369356155396e-01,-4.675680696964263916e-01,-3.444741368293762207e-01,-2.208671718835830688e-02,1.000000000000000000e+00,-7.107884157449007034e-03,1.215849351137876511e-02,1.868495494127273560e-01,2.451415210962295532e-01,2.763843536376953125e-01,-2.068654261529445648e-02,-1.104845404624938965e-01,-5.152904614806175232e-02,-3.177336752414703369e-01,-3.281399309635162354e-01,2.387411519885063171e-02,-8.733215928077697754e-02,-2.658370435237884521e-01,-4.268360435962677002e-01,-1.830531060695648193e-01,-2.456030994653701782e-01,-1.295920740813016891e-02,-3.170964419841766357e-01,-1.685081422328948975e-01,-1.759507209062576294e-01,-3.618048131465911865e-01,-4.967806041240692139e-01
3.856526017189025879e-01,1.852585226297378540e-01,1.513775885105133057e-01,1.694995462894439697e-01,3.309930860996246338e-01,1.722563803195953369e-01,-6.794288009405136108e-02,-1.667167991399765015e-01,-1.227590516209602356e-01,-9.608823060989379883e-02,-4.319431725889444351e-03,-1.948464289307594299e-02,-1.133034527301788330e-01,-3.902981802821159363e-02,-2.434557229280471802e-01,-1.330500096082687378e-01,-5.473327264189720154e-02,-5.749242007732391357e-02,-1.702411323785781860e-01,-6.904372014105319977e-03,-1.847726665437221527e-02,-3.106380999088287354e-02,-5.131574720144271851e-02,-4.285782109946012497e-03,3.585205078125000000e-01,-7.107884157449007034e-03,1.000000000000000000e+00,4.928228557109832764e-01,4.458247125148773193e-01,-3.245017230510711670e-01,-1.543147116899490356e-01,-1.525241583585739136e-01,1.323367059230804443e-01,1.269377171993255615e-01,8.648797869682312012e-02,8.291707187891006470e-02,-3.414164483547210693e-01,-1.815895140171051025e-01,-1.146390438079833984e-01,1.575748994946479797e-02,4.027639031410217285e-01,1.541900914162397385e-02,-1.536229699850082397e-01,-1.736930012702941895e-01,8.511166274547576904e-02,-7.334293425083160400e-02,-6.642884016036987305e-02,3.783193603157997131e-02
8.284716606140136719e-01,3.700036555528640747e-02,3.779375553131103516e-01,5.838914513587951660e-01,6.058333516120910645e-01,3.950269520282745361e-01,-3.733645752072334290e-02,-1.366142779588699341e-01,-1.579535752534866333e-01,-4.015974700450897217e-02,-7.879482209682464600e-02,-3.305812180042266846e-02,-2.618200704455375671e-02,-2.711476981639862061e-01,-2.519642114639282227e-01,-1.007342413067817688e-01,-1.248352900147438049e-01,-1.312733739614486694e-01,-5.269236396998167038e-03,9.836209006607532501e-03,1.935619302093982697e-02,2.300031855702400208e-02,1.068376284092664719e-02,-1.805246807634830475e-02,3.836138546466827393e-01,1.215849351137876511e-02,4.928228557109832764e-01,1.000000000000000000e+00,8.503919839859008789e-01,-1.158805266022682190e-01,-1.168395727872848511e-01,-1.027579754590988159e-01,2.561705708503723145e-01,-1.132593601942062378e-01,-1.484773904085159302e-01,2.164337225258350372e-02,-1.933022737503051758e-01,-3.165125250816345215e-01,-1.832567453384399414e-01,-2.621340006589889526e-02,2.449331879615783691e-01,2.664462104439735413e-02,-5.053231865167617798e-02,-1.522694677114486694e-01,1.029076054692268372e-01,-3.139791265130043030e-02,-1.123316138982772827e-01,5.950761586427688599e-02
7.629680633544921875e-01,-6.821574270725250244e-02,4.940103888511657715e-01,6.793467998504638672e-01,5.086398720741271973e-01,3.425641655921936035e-01,1.138917803764343262e-01,-1.897493004798889160e-01,-2.822255194187164307e-01,-1.920057088136672974e-01,-1.028869301080703735e-01,-1.505962014198303223e-01,-1.272848993539810181e-01,-1.963892579078674316e-01,-2.201134711503982544e-01,-1.635466217994689941e-01,2.139114961028099060e-02,2.662340644747018814e-03,1.312804520130157471e-01,1.385642439126968384e-01,1.724395900964736938e-01,1.518579125404357910e-01,-9.666059166193008423e-02,-4.352792724967002869e-02,2.642972171306610107e-01,1.868495494127273560e-01,4.458247125148773193e-01,8.503919839859008789e-01,1.000000000000000000e+00,6.586730480194091797e-02,4.132517427206039429e-02,1.012145448476076126e-02,1.317322254180908203e-01,-9.168911725282669067e-02,-2.342516332864761353e-01,-8.391679823398590088e-02,-2.241346538066864014e-01,-3.165836632251739502e-01,-2.161404937505722046e-01,-1.346467733383178711e-01,2.066016793251037598e-01,4.281726200133562088e-03,3.880895674228668213e-02,-2.973460555076599121e-01,6.578329205513000488e-02,-8.092118799686431885e-02,-1.170511245727539062e-01,-1.284977886825799942e-02
-1.043576821684837341e-01,-4.557851329445838928e-02,2.660820186138153076e-01,2.799149453639984131e-01,-4.425212368369102478e-02,1.013214066624641418e-01,2.749797999858856201e-01,1.867344677448272705e-01,1.156457886099815369e-01,6.401507556438446045e-02,1.111526936292648315e-01,8.380492776632308960e-02,9.475087374448776245e-02,1.236838027834892273e-01,2.924937307834625244e-01,9.210364520549774170e-02,1.700118184089660645e-01,1.374914348125457764e-01,3.310666680335998535e-01,2.137559056282043457e-01,3.687672317028045654e-01,4.124957323074340820e-01,-1.296871574595570564e-03,2.592171430587768555e-01,-3.857896029949188232e-01,2.451415210962295532e-01,-3.245017230510711670e-01,-1.158805266022682190e-01,6.586730480194091797e-02,1.000000000000000000e+00,6.159556508064270020e-01,4.319334924221038818e-01,-1.672612852416932583e-03,-4.452795162796974182e-02,3.431417047977447510e-02,3.075101599097251892e-02,7.676092535257339478e-02,2.109737098217010498e-01,9.758862853050231934e-02,-6.471432000398635864e-02,-1.104958206415176392e-01,1.668570339679718018e-01,3.403999507427215576e-01,4.202131181955337524e-02,3.059408068656921387e-02,1.215276569128036499e-01,2.542211413383483887e-01,-1.788564212620258331e-02
-2.004566937685012817e-01,-1.879910975694656372e-01,2.562515437602996826e-01,2.890750467777252197e-01,-1.926797628402709961e-01,1.032506674528121948e-02,3.203202486038208008e-01,3.578583523631095886e-02,2.716900967061519623e-02,-9.980760514736175537e-03,-4.435289651155471802e-02,1.175596751272678375e-02,2.117055840790271759e-02,8.322904258966445923e-02,1.946337670087814331e-01,3.436956927180290222e-02,2.603125870227813721e-01,3.219317197799682617e-01,2.867141664028167725e-01,2.983296215534210205e-01,4.609681665897369385e-01,7.010877728462219238e-01,6.859628111124038696e-02,3.585326373577117920e-01,-1.343131214380264282e-01,2.763843536376953125e-01,-1.543147116899490356e-01,-1.168395727872848511e-01,4.132517427206039429e-02,6.159556508064270020e-01,1.000000000000000000e+00,6.641999483108520508e-01,-2.382800281047821045e-01,-2.395983338356018066e-01,-2.085266076028347015e-02,-3.209327161312103271e-02,-6.432269699871540070e-03,1.442233324050903320e-01,4.880669713020324707e-02,-9.352856874465942383e-02,-1.859489530324935913e-01,5.282004550099372864e-02,3.539450764656066895e-01,-1.129539012908935547e-01,-1.449777632951736450e-01,3.300697356462478638e-02,3.951341509819030762e-01,1.572519838809967041e-01
-1.368299126625061035e-01,-2.010681293904781342e-02,-1.095761545002460480e-02,2.801162004470825195e-01,-1.824347525835037231e-01,1.213638186454772949e-01,5.021407455205917358e-02,-1.359803825616836548e-01,-9.966636449098587036e-02,-2.154079265892505646e-03,-3.152822554111480713e-01,-1.087121888995170593e-01,6.767405569553375244e-02,-1.564575433731079102e-01,1.253635138273239136e-01,1.204238533973693848e-01,-4.128611087799072266e-02,-4.312474280595779419e-03,1.690408736467361450e-01,2.870808839797973633e-01,4.581844806671142578e-01,6.203890442848205566e-01,1.963262706995010376e-01,4.433448016643524170e-01,-2.152295410633087158e-01,-2.068654261529445648e-02,-1.525241583585739136e-01,-1.027579754590988159e-01,1.012145448476076126e-02,4.319334924221038818e-01,6.641999483108520508e-01,1.000000000000000000e+00,-2.849879562854766846e-01,-2.217810153961181641e-01,-4.470121581107378006e-03,5.394386872649192810e-02,-3.016789816319942474e-02,6.306845694780349731e-02,6.568363308906555176e-02,-3.867524862289428711e-02,-5.951774865388870239e-02,1.419559121131896973e-01,3.271956443786621094e-01,-3.513366356492042542e-02,-3.184215351939201355e-02,9.503699839115142822e-02,4.834175109863281250e-01,3.419964909553527832e-01
