1.000000000000000000e+00,2.984926998615264893e-01,6.292049288749694824e-01,6.504149436950683594e-01,5.074995160102844238e-01,5.353798270225524902e-01,4.198423624038696289e-01,3.639434576034545898e-01,4.809069931507110596e-01,3.263544440269470215e-01,3.509322106838226318e-01,4.321378767490386963e-01,4.059970974922180176e-01,3.276398479938507080e-01,3.168505430221557617e-01,3.507971465587615967e-01,3.394216597080230713e-01,3.341944515705108643e-01,1.807963401079177856e-01,3.408814072608947754e-01,3.517948687076568604e-01,4.202139973640441895e-01,1.726448982954025269e-01,2.361507117748260498e-01,5.783365368843078613e-01,4.797659814357757568e-01,4.154750108718872070e-01,7.836214900016784668e-01,6.625387668609619141e-01,5.607700943946838379e-01,4.544659554958343506e-01,3.417009115219116211e-01,4.930254518985748291e-01,2.634893655776977539e-01,8.930091559886932373e-02,2.766738533973693848e-01,4.895088821649551392e-02,2.015203088521957397e-01,1.633315235376358032e-01,1.221358105540275574e-01,3.601855337619781494e-01,2.373400479555130005e-01,1.857443451881408691e-01,2.489850968122482300e-01,8.436690270900726318e-02,2.657272517681121826e-01,2.476835548877716064e-01,2.708326876163482666e-01
2.984926998615264893e-01,1.000000000000000000e+00,3.174864947795867920e-01,3.507440388202667236e-01,4.034463465213775635e-01,3.721316456794738770e-01,5.780702233314514160e-01,2.436444312334060669e-01,4.247317612171173096e-01,5.361855030059814453e-01,2.714296877384185791e-01,2.532720863819122314e-01,5.532658100128173828e-01,1.455632001161575317e-01,2.086541354656219482e-01,3.577071428298950195e-01,5.157471895217895508e-01,4.903650283813476562e-01,3.637281954288482666e-01,5.382718443870544434e-01,5.264412164688110352e-01,4.423412680625915527e-01,5.153332352638244629e-01,4.926737546920776367e-01,1.751888841390609741e-01,3.662719130516052246e-01,3.172261118888854980e-01,2.601191103458404541e-01,4.000654518604278564e-01,2.621336579322814941e-01,4.307241439819335938e-01,4.653938412666320801e-01,3.590286970138549805e-01,2.034870088100433350e-01,2.141872942447662354e-01,3.945919573307037354e-01,-2.680081129074096680e-02,2.104655355215072632e-01,3.553426563739776611e-01,3.961386978626251221e-01,5.670078396797180176e-01,4.678705930709838867e-01,3.487763702869415283e-01,3.385524749755859375e-01,6.331462860107421875e-01,5.380859971046447754e-01,4.673840105533599854e-01,4.483550488948822021e-01
6.292049288749694824e-01,3.174864947795867920e-01,1.000000000000000000e+00,6.792801618576049805e-01,5.477332472801208496e-01,5.106473565101623535e-01,4.740853607654571533e-01,3.464486002922058105e-01,4.445842206478118896e-01,3.033614158630371094e-01,3.162377774715423584e-01,5.286946296691894531e-01,4.769604802131652832e-01,1.836188435554504395e-01,2.838655710220336914e-01,4.433258175849914551e-01,4.030557572841644287e-01,2.619476914405822754e-01,2.336345613002777100e-01,3.568067550659179688e-01,3.295353353023529053e-01,3.943471312522888184e-01,2.611234784126281738e-01,1.907732933759689331e-01,3.308164775371551514e-01,4.843985736370086670e-01,3.729914426803588867e-01,5.606516003608703613e-01,5.275393128395080566e-01,4.750554859638214111e-01,3.113599717617034912e-01,3.028031587600708008e-01,4.022306203842163086e-01,8.525552600622177124e-02,1.864258050918579102e-01,3.483732938766479492e-01,-2.520579285919666290e-02,1.387829780578613281e-01,2.191632539033889771e-01,2.354242950677871704e-01,2.844590544700622559e-01,1.376197785139083862e-01,1.583427786827087402e-01,3.664742410182952881e-01,1.398980170488357544e-01,2.919664382934570312e-01,1.801089644432067871e-01,2.768597304821014404e-01
6.504149436950683594e-01,3.507440388202667236e-01,6.792801618576049805e-01,1.000000000000000000e+00,5.532144904136657715e-01,5.827828645706176758e-01,6.413012742996215820e-01,3.096700906753540039e-01,4.974337816238403320e-01,3.273923397064208984e-01,2.772539258003234863e-01,3.794190883636474609e-01,4.564927518367767334e-01,1.844690591096878052e-01,2.296317368745803833e-01,4.964454472064971924e-01,5.431668758392333984e-01,4.713612496852874756e-01,3.643410205841064453e-01,5.117627382278442383e-01,4.483309388160705566e-01,5.351737737655639648e-01,3.861393332481384277e-01,2.352392524480819702e-01,2.494594156742095947e-01,5.624907016754150391e-01,2.738352119922637939e-01,4.325114190578460693e-01,4.259859323501586914e-01,4.414809346199035645e-01,3.849704563617706299e-01,2.802472412586212158e-01,3.776642382144927979e-01,1.018693596124649048e-01,1.693730056285858154e-01,3.959254920482635498e-01,7.286955136805772781e-03,1.547192484140396118e-01,2.700172662734985352e-01,2.968657910823822021e-01,4.310995340347290039e-01,3.207876086235046387e-01,2.832681238651275635e-01,3.204795420169830322e-01,9.324733167886734009e-02,2.805828452110290527e-01,1.977338939905166626e-01,3.572815656661987305e-01
5.074995160102844238e-01,4.034463465213775635e-01,5.477332472801208496e-01,5.532144904136657715e-01,1.000000000000000000e+00,6.592625379562377930e-01,5.184945464134216309e-01,2.965264916419982910e-01,4.487302303314208984e-01,4.553937613964080811e-01,4.134262800216674805e-01,4.673072397708892822e-01,5.355261564254760742e-01,6.221961602568626404e-02,1.363843381404876709e-01,4.265329837799072266e-01,4.473764300346374512e-01,3.393310010433197021e-01,2.399112731218338013e-01,3.646498024463653564e-01,2.756707370281219482e-01,4.083223044872283936e-01,3.060824871063232422e-01,2.975621521472930908e-01,3.001561164855957031e-01,4.383029937744140625e-01,3.146595954895019531e-01,4.368445873260498047e-01,3.489811718463897705e-01,3.404844105243682861e-01,2.855229675769805908e-01,1.910724192857742310e-01,3.240373730659484863e-01,1.010883413255214691e-02,1.651303619146347046e-01,3.023108541965484619e-01,-4.620990529656410217e-02,9.980333596467971802e-02,2.445675730705261230e-01,2.211938947439193726e-01,5.309865474700927734e-01,3.125004470348358154e-01,3.432437777519226074e-01,4.265034794807434082e-01,2.447597086429595947e-01,3.918599188327789307e-01,2.035968750715255737e-01,2.707637548446655273e-01
5.353798270225524902e-01,3.721316456794738770e-01,5.106473565101623535e-01,5.827828645706176758e-01,6.592625379562377930e-01,1.000000000000000000e+00,5.544502735137939453e-01,4.368795454502105713e-01,4.419948756694793701e-01,3.997367620468139648e-01,2.532708644866943359e-01,3.967384994029998779e-01,4.883300364017486572e-01,2.330754250288009644e-01,1.081232167780399323e-02,3.154301643371582031e-01,4.920952320098876953e-01,4.346025288105010986e-01,3.982295393943786621e-01,4.424792528152465820e-01,3.083641529083251953e-01,4.661822915077209473e-01,3.232310116291046143e-01,2.156035453081130981e-01,2.322350889444351196e-01,5.078555345535278320e-01,2.394521236419677734e-01,3.749231398105621338e-01,4.011645913124084473e-01,4.650259912014007568e-01,4.297066926956176758e-01,2.449111491441726685e-01,3.224085569381713867e-01,2.581971138715744019e-02,-6.668298738077282906e-04,3.291859328746795654e-01,7.873342931270599365e-02,4.576243809424340725e-04,1.157017126679420471e-01,1.910815089941024780e-01,4.857510328292846680e-01,4.061261415481567383e-01,3.453186154365539551e-01,2.734483182430267334e-01,1.547567248344421387e-01,2.978816926479339600e-01,1.948712021112442017e-01,2.808753252029418945e-01
4.198423624038696289e-01,5.780702233314514160e-01,4.740853607654571533e-01,6.413012742996215820e-01,5.184945464134216309e-01,5.544502735137939453e-01,1.000000000000000000e+00,2.881826460361480713e-01,5.548210144042968750e-01,5.650227665901184082e-01,3.201126754283905029e-01,3.705841898918151855e-01,5.545746088027954102e-01,1.737713366746902466e-01,1.269503235816955566e-01,5.260982513427734375e-01,8.637314438819885254e-01,8.163186907768249512e-01,6.746927499771118164e-01,6.989201307296752930e-01,5.674039125442504883e-01,6.596949696540832520e-01,7.641543745994567871e-01,3.789770603179931641e-01,1.736143529415130615e-01,6.652344465255737305e-01,2.731577157974243164e-01,2.024014741182327271e-01,3.622364401817321777e-01,2.884326875209808350e-01,4.717791974544525146e-01,3.950046598911285400e-01,3.513249158859252930e-01,8.343909680843353271e-02,3.131279647350311279e-01,4.625551700592041016e-01,-8.431409485638141632e-03,1.768341660499572754e-01,4.154456555843353271e-01,4.864453077316284180e-01,4.564841687679290771e-01,5.364314317703247070e-01,5.525435209274291992e-01,3.434056043624877930e-01,3.644551038742065430e-01,5.364298224449157715e-01,3.657287657260894775e-01,5.735234618186950684e-01
3.639434576034545898e-01,2.436444312334060669e-01,3.464486002922058105e-01,3.096700906753540039e-01,2.965264916419982910e-01,4.368795454502105713e-01,2.881826460361480713e-01,1.000000000000000000e+00,3.495956361293792725e-01,2.821474671363830566e-01,3.188369572162628174e-01,3.409162461757659912e-01,3.153665959835052490e-01,3.376004099845886230e-01,-2.762817032635211945e-02,1.234543770551681519e-01,3.072057962417602539e-01,2.505059540271759033e-01,2.034209668636322021e-01,2.458820492029190063e-01,2.097121179103851318e-01,2.944202721118927002e-01,1.825205683708190918e-01,2.523286044597625732e-01,6.972081959247589111e-02,4.041950106620788574e-01,2.438001781702041626e-01,2.914043366909027100e-01,2.794496417045593262e-01,3.050301969051361084e-01,2.121167629957199097e-01,3.112258911132812500e-01,3.041559159755706787e-01,2.358925938606262207e-01,9.583794325590133667e-02,3.717983067035675049e-01,2.765306970104575157e-03,-1.116624251008033752e-01,-8.298807591199874878e-02,1.160469576716423035e-01,3.270980119705200195e-01,1.698916107416152954e-01,4.450830072164535522e-02,2.724542915821075439e-01,-1.670947670936584473e-02,1.244644746184349060e-01,3.081492185592651367e-01,1.802818924188613892e-01
4.809069931507110596e-01,4.247317612171173096e-01,4.445842206478118896e-01,4.974337816238403320e-01,4.487302303314208984e-01,4.419948756694793701e-01,5.548210144042968750e-01,3.495956361293792725e-01,1.000000000000000000e+00,6.659293770790100098e-01,5.265406966209411621e-01,5.990055799484252930e-01,5.373367071151733398e-01,1.978726536035537720e-01,3.175548613071441650e-01,4.400346577167510986e-01,5.546481609344482422e-01,4.855835437774658203e-01,2.957055568695068359e-01,4.204847514629364014e-01,3.615571558475494385e-01,4.220604896545410156e-01,4.616917669773101807e-01,5.482933521270751953e-01,4.286412000656127930e-01,5.891126990318298340e-01,4.050310850143432617e-01,3.747062087059020996e-01,4.246454834938049316e-01,4.406993985176086426e-01,4.273044168949127197e-01,4.462508261203765869e-01,4.038426578044891357e-01,9.671045839786529541e-02,3.114445507526397705e-01,5.473998188972473145e-01,9.472074359655380249e-02,2.179890125989913940e-01,3.264871835708618164e-01,2.865670621395111084e-01,4.833146929740905762e-01,2.786208093166351318e-01,2.747094333171844482e-01,6.017383337020874023e-01,1.193874999880790710e-01,4.639509320259094238e-01,3.916291594505310059e-01,3.856787979602813721e-01
3.263544440269470215e-01,5.361855030059814453e-01,3.033614158630371094e-01,3.273923397064208984e-01,4.553937613964080811e-01,3.997367620468139648e-01,5.650227665901184082e-01,2.821474671363830566e-01,6.659293770790100098e-01,1.000000000000000000e+00,4.917567372322082520e-01,6.357620954513549805e-01,6.515294313430786133e-01,1.308387964963912964e-01,1.671102792024612427e-01,4.236808121204376221e-01,6.125035881996154785e-01,4.941880404949188232e-01,3.812642395496368408e-01,5.613394379615783691e-01,4.946539402008056641e-01,4.743196666240692139e-01,5.509018898010253906e-01,5.810412168502807617e-01,2.056523859500885010e-01,4.038774371147155762e-01,2.809779345989227295e-01,2.664374411106109619e-01,3.208056688308715820e-01,3.380703032016754150e-01,4.297256469726562500e-01,4.737604558467864990e-01,2.039263099431991577e-01,8.172720670700073242e-02,3.744078874588012695e-01,4.982967376708984375e-01,9.351363405585289001e-03,1.520316004753112793e-01,3.663070201873779297e-01,4.072442054748535156e-01,4.485725462436676025e-01,3.735220730304718018e-01,3.785076141357421875e-01,4.879651367664337158e-01,3.962967097759246826e-01,6.587092876434326172e-01,4.572761356830596924e-01,3.954070210456848145e-01
3.509322106838226318e-01,2.714296877384185791e-01,3.162377774715423584e-01,2.772539258003234863e-01,4.134262800216674805e-01,2.532708644866943359e-01,3.201126754283905029e-01,3.188369572162628174e-01,5.265406966209411621e-01,4.917567372322082520e-01,1.000000000000000000e+00,6.822440028190612793e-01,4.856753945350646973e-01,1.884848922491073608e-01,4.244106113910675049e-01,3.484095036983489990e-01,3.886163532733917236e-01,2.302118986845016479e-01,7.638932019472122192e-02,1.716671586036682129e-01,2.276025563478469849e-01,2.479079514741897583e-01,2.580405771732330322e-01,4.023352563381195068e-01,3.362679779529571533e-01,3.301246762275695801e-01,3.695723414421081543e-01,3.919406235218048096e-01,3.019671738147735596e-01,2.643433511257171631e-01,1.974642425775527954e-01,2.976213693618774414e-01,2.599308788776397705e-01,4.713784530758857727e-02,2.907506823539733887e-01,3.423244357109069824e-01,-3.520826343446969986e-03,3.187948763370513916e-01,3.748927116394042969e-01,1.533674448728561401e-01,3.881187438964843750e-01,2.345404326915740967e-01,1.741104125976562500e-01,4.261290431022644043e-01,1.677157282829284668e-01,3.389073908329010010e-01,3.055951595306396484e-01,1.929760128259658813e-01
4.321378767490386963e-01,2.532720863819122314e-01,5.286946296691894531e-01,3.794190883636474609e-01,4.673072397708892822e-01,3.967384994029998779e-01,3.705841898918151855e-01,3.409162461757659912e-01,5.990055799484252930e-01,6.357620954513549805e-01,6.822440028190612793e-01,1.000000000000000000e+00,6.253536939620971680e-01,1.858079880475997925e-01,3.627467155456542969e-01,5.580342411994934082e-01,4.719350039958953857e-01,3.075950741767883301e-01,2.013592272996902466e-01,3.007078170776367188e-01,2.982518076896667480e-01,4.362152218818664551e-01,3.525716066360473633e-01,4.078794419765472412e-01,3.684458434581756592e-01,3.295360505580902100e-01,4.174530804157257080e-01,4.409694373607635498e-01,3.612062036991119385e-01,4.681212306022644043e-01,3.629172146320343018e-01,3.616785109043121338e-01,3.114157021045684814e-01,-4.425475001335144043e-02,2.487632930278778076e-01,4.665519297122955322e-01,5.132609605789184570e-02,2.252880930900573730e-01,3.719377815723419189e-01,2.224105000495910645e-01,3.021973967552185059e-01,1.625466346740722656e-01,1.836388707160949707e-01,5.205669999122619629e-01,1.420831829309463501e-01,3.871519863605499268e-01,3.290946483612060547e-01,2.537494301795959473e-01
4.059970974922180176e-01,5.532658100128173828e-01,4.769604802131652832e-01,4.564927518367767334e-01,5.355261564254760742e-01,4.883300364017486572e-01,5.545746088027954102e-01,3.153665959835052490e-01,5.373367071151733398e-01,6.515294313430786133e-01,4.856753945350646973e-01,6.253536939620971680e-01,1.000000000000000000e+00,2.601579725742340088e-01,3.178722858428955078e-01,5.090026855468750000e-01,5.714368820190429688e-01,4.590239226818084717e-01,3.607475757598876953e-01,5.668855309486389160e-01,5.220304727554321289e-01,5.363124608993530273e-01,4.726784229278564453e-01,4.350857436656951904e-01,2.930364608764648438e-01,3.727924823760986328e-01,2.986391782760620117e-01,3.277939558029174805e-01,3.047438263893127441e-01,4.077192544937133789e-01,3.942754864692687988e-01,3.124008178710937500e-01,3.046706020832061768e-01,1.464069634675979614e-01,1.380330622196197510e-01,3.309658169746398926e-01,4.803792759776115417e-02,2.241858541965484619e-01,2.268941402435302734e-01,2.613296806812286377e-01,4.607951641082763672e-01,2.877220213413238525e-01,3.092440664768218994e-01,4.420397281646728516e-01,3.511349558830261230e-01,4.481298327445983887e-01,3.173154592514038086e-01,3.305205404758453369e-01
3.276398479938507080e-01,1.455632001161575317e-01,1.836188435554504395e-01,1.844690591096878052e-01,6.221961602568626404e-02,2.330754250288009644e-01,1.737713366746902466e-01,3.376004099845886230e-01,1.978726536035537720e-01,1.308387964963912964e-01,1.884848922491073608e-01,1.858079880475997925e-01,2.601579725742340088e-01,1.000000000000000000e+00,2.340426146984100342e-01,1.113123744726181030e-01,1.469201594591140747e-01,1.765867024660110474e-01,9.311845898628234863e-02,1.203838661313056946e-01,9.337786585092544556e-02,1.706885397434234619e-01,9.955062717199325562e-02,2.088546156883239746e-01,2.776333689689636230e-01,1.977685987949371338e-01,1.076963990926742554e-01,2.631147503852844238e-01,2.103700935840606689e-01,2.445422857999801636e-01,1.409205943346023560e-01,1.515058875083923340e-01,2.031299471855163574e-01,7.672946155071258545e-02,-1.568388193845748901e-01,6.782385054975748062e-03,4.565003514289855957e-01,9.817127138376235962e-02,-6.958670914173126221e-02,-5.683047696948051453e-02,1.655007451772689819e-01,2.743994630873203278e-02,3.956747055053710938e-02,1.358792483806610107e-01,-2.427153661847114563e-02,-3.398215398192405701e-02,1.451091766357421875e-01,1.279112696647644043e-01
3.168505430221557617e-01,2.086541354656219482e-01,2.838655710220336914e-01,2.296317368745803833e-01,1.363843381404876709e-01,1.081232167780399323e-02,1.269503235816955566e-01,-2.762817032635211945e-02,3.175548613071441650e-01,1.671102792024612427e-01,4.244106113910675049e-01,3.627467155456542969e-01,3.178722858428955078e-01,2.340426146984100342e-01,1.000000000000000000e+00,4.363277554512023926e-01,1.321036070585250854e-01,3.381739184260368347e-02,4.658488184213638306e-02,9.897013008594512939e-02,1.042306795716285706e-01,1.195681020617485046e-01,1.603458076715469360e-01,2.603415846824645996e-01,3.620190322399139404e-01,3.406175225973129272e-02,2.532988786697387695e-01,3.436846733093261719e-01,3.032844364643096924e-01,2.583864927291870117e-01,4.951399564743041992e-02,1.344801336526870728e-01,1.513374298810958862e-01,2.956680953502655029e-01,1.004128083586692810e-01,8.667820692062377930e-02,1.047149226069450378e-01,7.151109576225280762e-01,4.138921201229095459e-01,6.055681407451629639e-02,1.423755139112472534e-01,-6.012881174683570862e-02,3.531120344996452332e-02,3.314208686351776123e-01,1.456541419029235840e-01,1.512427330017089844e-01,1.418943852186203003e-01,1.623445302248001099e-01
3.507971465587615967e-01,3.577071428298950195e-01,4.433258175849914551e-01,4.964454472064971924e-01,4.265329837799072266e-01,3.154301643371582031e-01,5.260982513427734375e-01,1.234543770551681519e-01,4.400346577167510986e-01,4.236808121204376221e-01,3.484095036983489990e-01,5.580342411994934082e-01,5.090026855468750000e-01,1.113123744726181030e-01,4.363277554512023926e-01,1.000000000000000000e+00,5.048708915710449219e-01,4.742796421051025391e-01,3.811033964157104492e-01,3.992438614368438721e-01,3.070233166217803955e-01,6.028867959976196289e-01,6.406238079071044922e-01,3.589489459991455078e-01,2.771280705928802490e-01,3.182502388954162598e-01,4.285597503185272217e-01,2.640215754508972168e-01,2.829368412494659424e-01,3.343506455421447754e-01,3.872275352478027344e-01,2.948018908500671387e-01,3.356190323829650879e-01,4.407724365592002869e-02,2.690399885177612305e-01,4.076033532619476318e-01,1.093253716826438904e-01,3.661570250988006592e-01,5.927991271018981934e-01,4.603939056396484375e-01,2.231920361518859863e-01,1.611662060022354126e-01,2.586420178413391113e-01,3.235753774642944336e-01,3.208496272563934326e-01,3.937993347644805908e-01,3.440635204315185547e-01,4.740245640277862549e-01
3.394216597080230713e-01,5.157471895217895508e-01,4.030557572841644287e-01,5.431668758392333984e-01,4.473764300346374512e-01,4.920952320098876953e-01,8.637314438819885254e-01,3.072057962417602539e-01,5.546481609344482422e-01,6.125035881996154785e-01,3.886163532733917236e-01,4.719350039958953857e-01,5.714368820190429688e-01,1.469201594591140747e-01,1.321036070585250854e-01,5.048708915710449219e-01,1.000000000000000000e+00,7.671266794204711914e-01,6.865825057029724121e-01,6.889070868492126465e-01,5.797069668769836426e-01,6.480704545974731445e-01,7.305051088333129883e-01,4.266973435878753662e-01,1.900580823421478271e-01,5.805339813232421875e-01,2.852221131324768066e-01,1.600690335035324097e-01,2.860041260719299316e-01,3.418338000774383545e-01,4.728296995162963867e-01,4.182973206043243408e-01,3.217637240886688232e-01,8.390017598867416382e-02,2.943480610847473145e-01,4.962713122367858887e-01,7.971062324941158295e-03,1.795275509357452393e-01,4.008511900901794434e-01,4.632596373558044434e-01,4.086315333843231201e-01,5.196084976196289062e-01,5.792731046676635742e-01,3.901070654392242432e-01,3.044783473014831543e-01,5.180575251579284668e-01,4.058971405029296875e-01,5.411304235458374023e-01
3.341944515705108643e-01,4.903650283813476562e-01,2.619476914405822754e-01,4.713612496852874756e-01,3.393310010433197021e-01,4.346025288105010986e-01,8.163186907768249512e-01,2.505059540271759033e-01,4.855835437774658203e-01,4.941880404949188232e-01,2.302118986845016479e-01,3.075950741767883301e-01,4.590239226818084717e-01,1.765867024660110474e-01,3.381739184260368347e-02,4.742796421051025391e-01,7.671266794204711914e-01,1.000000000000000000e+00,6.810369491577148438e-01,6.627599596977233887e-01,5.908327698707580566e-01,7.059755325317382812e-01,7.420942187309265137e-01,3.263826370239257812e-01,1.453774720430374146e-01,5.690161585807800293e-01,2.118351459503173828e-01,1.278527230024337769e-01,3.110074102878570557e-01,2.688488662242889404e-01,5.819663405418395996e-01,4.510300755500793457e-01,3.145910203456878662e-01,1.073287948966026306e-01,2.660075128078460693e-01,4.526354372501373291e-01,8.760626614093780518e-02,1.067605763673782349e-01,3.591007292270660400e-01,4.325970411300659180e-01,3.884658217430114746e-01,5.139522552490234375e-01,5.020572543144226074e-01,2.328297197818756104e-01,2.616100311279296875e-01,4.740331172943115234e-01,4.028289616107940674e-01,5.714115500450134277e-01
1.807963401079177856e-01,3.637281954288482666e-01,2.336345613002777100e-01,3.643410205841064453e-01,2.399112731218338013e-01,3.982295393943786621e-01,6.746927499771118164e-01,2.034209668636322021e-01,2.957055568695068359e-01,3.812642395496368408e-01,7.638932019472122192e-02,2.013592272996902466e-01,3.607475757598876953e-01,9.311845898628234863e-02,4.658488184213638306e-02,3.811033964157104492e-01,6.865825057029724121e-01,6.810369491577148438e-01,1.000000000000000000e+00,7.044285535812377930e-01,4.922730028629302979e-01,6.211032867431640625e-01,6.680403351783752441e-01,2.025803178548812866e-01,2.085445076227188110e-02,3.230468928813934326e-01,1.218789592385292053e-01,1.805542223155498505e-02,2.265158891677856445e-01,3.203710317611694336e-01,4.799820780754089355e-01,3.505670428276062012e-01,1.963426023721694946e-01,9.876325726509094238e-02,1.585830897092819214e-01,3.231944739818572998e-01,3.514860570430755615e-02,1.385128349065780640e-01,2.319926470518112183e-01,3.381609320640563965e-01,2.176679372787475586e-01,4.026863574981689453e-01,4.868860542774200439e-01,1.398852765560150146e-01,3.193328678607940674e-01,4.664681255817413330e-01,3.304592370986938477e-01,5.468968749046325684e-01
3.408814072608947754e-01,5.382718443870544434e-01,3.568067550659179688e-01,5.117627382278442383e-01,3.646498024463653564e-01,4.424792528152465820e-01,6.989201307296752930e-01,2.458820492029190063e-01,4.204847514629364014e-01,5.613394379615783691e-01,1.716671586036682129e-01,3.007078170776367188e-01,5.668855309486389160e-01,1.203838661313056946e-01,9.897013008594512939e-02,3.992438614368438721e-01,6.889070868492126465e-01,6.627599596977233887e-01,7.044285535812377930e-01,1.000000000000000000e+00,7.738865017890930176e-01,6.350398063659667969e-01,5.949565172195434570e-01,2.847117185592651367e-01,9.395059943199157715e-02,4.155313074588775635e-01,1.550922542810440063e-01,1.799751222133636475e-01,3.410070240497589111e-01,3.652230203151702881e-01,5.381356477737426758e-01,4.854160547256469727e-01,2.147722095251083374e-01,2.008205801248550415e-01,1.931740641593933105e-01,3.693167269229888916e-01,2.140145748853683472e-03,1.321354806423187256e-01,2.747715413570404053e-01,3.724035024642944336e-01,4.436958134174346924e-01,5.766832232475280762e-01,5.478101968765258789e-01,2.909603118896484375e-01,3.894014358520507812e-01,5.702707171440124512e-01,3.348309397697448730e-01,5.493295192718505859e-01
3.517948687076568604e-01,5.264412164688110352e-01,3.295353353023529053e-01,4.483309388160705566e-01,2.756707370281219482e-01,3.083641529083251953e-01,5.674039125442504883e-01,2.097121179103851318e-01,3.615571558475494385e-01,4.946539402008056641e-01,2.276025563478469849e-01,2.982518076896667480e-01,5.220304727554321289e-01,9.337786585092544556e-02,1.042306795716285706e-01,3.070233166217803955e-01,5.797069668769836426e-01,5.908327698707580566e-01,4.922730028629302979e-01,7.738865017890930176e-01,1.000000000000000000e+00,5.624842047691345215e-01,4.486352503299713135e-01,2.799139320850372314e-01,1.098315045237541199e-01,2.895584106445312500e-01,1.878342926502227783e-01,2.570453286170959473e-01,3.722192943096160889e-01,3.155152201652526855e-01,5.106859207153320312e-01,5.003464221954345703e-01,2.494038492441177368e-01,2.430528402328491211e-01,1.811864376068115234e-01,2.929975092411041260e-01,-3.903460875153541565e-02,9.627272933721542358e-02,2.625312507152557373e-01,2.993750572204589844e-01,4.510957896709442139e-01,5.309426784515380859e-01,4.312386512756347656e-01,2.487587928771972656e-01,3.373797833919525146e-01,4.757328033447265625e-01,3.323801755905151367e-01,3.968622088432312012e-01
4.202139973640441895e-01,4.423412680625915527e-01,3.943471312522888184e-01,5.351737737655639648e-01,4.083223044872283936e-01,4.661822915077209473e-01,6.596949696540832520e-01,2.944202721118927002e-01,4.220604896545410156e-01,4.743196666240692139e-01,2.479079514741897583e-01,4.362152218818664551e-01,5.363124608993530273e-01,1.706885397434234619e-01,1.195681020617485046e-01,6.028867959976196289e-01,6.480704545974731445e-01,7.059755325317382812e-01,6.211032867431640625e-01,6.350398063659667969e-01,5.624842047691345215e-01,1.000000000000000000e+00,6.475110650062561035e-01,3.458226025104522705e-01,2.349362671375274658e-01,3.630545437335968018e-01,3.359633386135101318e-01,2.876614630222320557e-01,3.442789614200592041e-01,5.177712440490722656e-01,7.250865101814270020e-01,5.445717573165893555e-01,3.612317740917205811e-01,1.282588690519332886e-01,2.271746397018432617e-01,4.615581333637237549e-01,3.193157538771629333e-02,1.331308633089065552e-01,3.240831196308135986e-01,3.868035972118377686e-01,2.824057638645172119e-01,4.200063049793243408e-01,4.166040718555450439e-01,2.782618105411529541e-01,2.696029245853424072e-01,4.176341593265533447e-01,4.956121146678924561e-01,6.798107624053955078e-01
1.726448982954025269e-01,5.153332352638244629e-01,2.611234784126281738e-01,3.861393332481384277e-01,3.060824871063232422e-01,3.232310116291046143e-01,7.641543745994567871e-01,1.825205683708190918e-01,4.616917669773101807e-01,5.509018898010253906e-01,2.580405771732330322e-01,3.525716066360473633e-01,4.726784229278564453e-01,9.955062717199325562e-02,1.603458076715469360e-01,6.406238079071044922e-01,7.305051088333129883e-01,7.420942187309265137e-01,6.680403351783752441e-01,5.949565172195434570e-01,4.486352503299713135e-01,6.475110650062561035e-01,1.000000000000000000e+00,4.756397604942321777e-01,8.169427514076232910e-02,4.578293263912200928e-01,2.647913992404937744e-01,1.950588077306747437e-02,1.731149405241012573e-01,1.526331156492233276e-01,4.296261966228485107e-01,4.163368642330169678e-01,2.778258919715881348e-01,3.332273662090301514e-02,4.162245392799377441e-01,5.243783593177795410e-01,4.474609717726707458e-02,2.291458100080490112e-01,5.276921987533569336e-01,6.567192077636718750e-01,2.544556260108947754e-01,4.370824098587036133e-01,4.994814991950988770e-01,2.636037468910217285e-01,4.244941771030426025e-01,5.567319989204406738e-01,4.531774222850799561e-01,6.517182588577270508e-01
2.361507117748260498e-01,4.926737546920776367e-01,1.907732933759689331e-01,2.352392524480819702e-01,2.975621521472930908e-01,2.156035453081130981e-01,3.789770603179931641e-01,2.523286044597625732e-01,5.482933521270751953e-01,5.810412168502807617e-01,4.023352563381195068e-01,4.078794419765472412e-01,4.350857436656951904e-01,2.088546156883239746e-01,2.603415846824645996e-01,3.589489459991455078e-01,4.266973435878753662e-01,3.263826370239257812e-01,2.025803178548812866e-01,2.847117185592651367e-01,2.799139320850372314e-01,3.458226025104522705e-01,4.756397604942321777e-01,1.000000000000000000e+00,2.322979569435119629e-01,3.291546106338500977e-01,2.211997956037521362e-01,2.609814703464508057e-01,2.659447193145751953e-01,3.311413824558258057e-01,3.775876760482788086e-01,5.807489156723022461e-01,2.069850414991378784e-01,1.063122153282165527e-01,3.233122825622558594e-01,5.847411155700683594e-01,7.774916291236877441e-02,2.269550859928131104e-01,3.667451739311218262e-01,4.291681945323944092e-01,4.545428454875946045e-01,2.228085845708847046e-01,2.452677935361862183e-01,4.473990499973297119e-01,2.973133027553558350e-01,4.926754236221313477e-01,7.375897765159606934e-01,3.997324407100677490e-01
5.783365368843078613e-01,1.751888841390609741e-01,3.308164775371551514e-01,2.494594156742095947e-01,3.001561164855957031e-01,2.322350889444351196e-01,1.736143529415130615e-01,6.972081959247589111e-02,4.286412000656127930e-01,2.056523859500885010e-01,3.362679779529571533e-01,3.684458434581756592e-01,2.930364608764648438e-01,2.776333689689636230e-01,3.620190322399139404e-01,2.771280705928802490e-01,1.900580823421478271e-01,1.453774720430374146e-01,2.085445076227188110e-02,9.395059943199157715e-02,1.098315045237541199e-01,2.349362671375274658e-01,8.169427514076232910e-02,2.322979569435119629e-01,1.000000000000000000e+00,2.073586434125900269e-01,6.173215508460998535e-01,5.974889397621154785e-01,4.419643878936767578e-01,3.973731398582458496e-01,2.711244821548461914e-01,1.673858463764190674e-01,6.436459422111511230e-01,1.647927165031433105e-01,4.981461912393569946e-02,2.006674557924270630e-01,1.315942406654357910e-01,1.956379562616348267e-01,1.117376759648323059e-01,7.133981585502624512e-02,1.405906677246093750e-01,7.110717892646789551e-02,8.306317776441574097e-02,1.964039057493209839e-01,5.552351474761962891e-02,8.960510790348052979e-02,2.332550585269927979e-01,1.273081898689270020e-01
4.797659814357757568e-01,3.662719130516052246e-01,4.843985736370086670e-01,5.624907016754150391e-01,4.383029937744140625e-01,5.078555345535278320e-01,6.652344465255737305e-01,4.041950106620788574e-01,5.891126990318298340e-01,4.038774371147155762e-01,3.301246762275695801e-01,3.295360505580902100e-01,3.727924823760986328e-01,1.977685987949371338e-01,3.406175225973129272e-02,3.182502388954162598e-01,5.805339813232421875e-01,5.690161585807800293e-01,3.230468928813934326e-01,4.155313074588775635e-01,2.895584106445312500e-01,3.630545437335968018e-01,4.578293263912200928e-01,3.291546106338500977e-01,2.073586434125900269e-01,1.000000000000000000e+00,2.788863480091094971e-01,3.441618978977203369e-01,4.619934558868408203e-01,2.767137289047241211e-01,3.427275419235229492e-01,3.535265028476715088e-01,3.649893403053283691e-01,1.354712545871734619e-01,3.099909424781799316e-01,4.689304530620574951e-01,5.632561445236206055e-02,7.578314840793609619e-02,2.299231737852096558e-01,3.028213381767272949e-01,4.561741352081298828e-01,3.495154976844787598e-01,3.051862120628356934e-01,3.421878516674041748e-01,8.598780632019042969e-02,3.397665023803710938e-01,3.063342273235321045e-01,4.028455018997192383e-01
4.154750108718872070e-01,3.172261118888854980e-01,3.729914426803588867e-01,2.738352119922637939e-01,3.146595954895019531e-01,2.394521236419677734e-01,2.731577157974243164e-01,2.438001781702041626e-01,4.050310850143432617e-01,2.809779345989227295e-01,3.695723414421081543e-01,4.174530804157257080e-01,2.986391782760620117e-01,1.076963990926742554e-01,2.532988786697387695e-01,4.285597503185272217e-01,2.852221131324768066e-01,2.118351459503173828e-01,1.218789592385292053e-01,1.550922542810440063e-01,1.878342926502227783e-01,3.359633386135101318e-01,2.647913992404937744e-01,2.211997956037521362e-01,6.173215508460998535e-01,2.788863480091094971e-01,1.000000000000000000e+00,4.408614337444305420e-01,4.263820648193359375e-01,2.705120742321014404e-01,2.521254420280456543e-01,2.647368907928466797e-01,7.709478735923767090e-01,8.626635372638702393e-02,2.375961840152740479e-01,3.913684189319610596e-01,5.802304949611425400e-03,1.198174953460693359e-01,2.173370718955993652e-01,2.571510076522827148e-01,1.676561981439590454e-01,1.321591883897781372e-01,1.103932932019233704e-01,2.160797715187072754e-01,2.503965198993682861e-01,2.340600937604904175e-01,3.342803120613098145e-01,2.302843034267425537e-01
7.836214900016784668e-01,2.601191103458404541e-01,5.606516003608703613e-01,4.325114190578460693e-01,4.368445873260498047e-01,3.749231398105621338e-01,2.024014741182327271e-01,2.914043366909027100e-01,3.747062087059020996e-01,2.664374411106109619e-01,3.919406235218048096e-01,4.409694373607635498e-01,3.277939558029174805e-01,2.631147503852844238e-01,3.436846733093261719e-01,2.640215754508972168e-01,1.600690335035324097e-01,1.278527230024337769e-01,1.805542223155498505e-02,1.799751222133636475e-01,2.570453286170959473e-01,2.876614630222320557e-01,1.950588077306747437e-02,2.609814703464508057e-01,5.974889397621154785e-01,3.441618978977203369e-01,4.408614337444305420e-01,1.000000000000000000e+00,7.412246465682983398e-01,5.577867031097412109e-01,3.818963468074798584e-01,3.652160167694091797e-01,4.146828949451446533e-01,3.036390841007232666e-01,1.219662949442863464e-01,2.056065499782562256e-01,-3.417150583118200302e-03,2.032394856214523315e-01,1.203327625989913940e-01,-5.948280915617942810e-03,2.964934110641479492e-01,1.537117362022399902e-01,9.642954170703887939e-02,2.560160160064697266e-01,1.408711522817611694e-01,2.526639699935913086e-01,2.800367474555969238e-01,1.802694648504257202e-01
6.625387668609619141e-01,4.000654518604278564e-01,5.275393128395080566e-01,4.259859323501586914e-01,3.489811718463897705e-01,4.011645913124084473e-01,3.622364401817321777e-01,2.794496417045593262e-01,4.246454834938049316e-01,3.208056688308715820e-01,3.019671738147735596e-01,3.612062036991119385e-01,3.047438263893127441e-01,2.103700935840606689e-01,3.032844364643096924e-01,2.829368412494659424e-01,2.860041260719299316e-01,3.110074102878570557e-01,2.265158891677856445e-01,3.410070240497589111e-01,3.722192943096160889e-01,3.442789614200592041e-01,1.731149405241012573e-01,2.659447193145751953e-01,4.419643878936767578e-01,4.619934558868408203e-01,4.263820648193359375e-01,7.412246465682983398e-01,1.000000000000000000e+00,5.590757131576538086e-01,4.906609356403350830e-01,5.051859617233276367e-01,4.345693886280059814e-01,3.535578548908233643e-01,1.473304033279418945e-01,3.145544528961181641e-01,5.957910325378179550e-03,2.447456568479537964e-01,2.152121663093566895e-01,1.217619255185127258e-01,3.454356491565704346e-01,2.552206516265869141e-01,2.328466176986694336e-01,2.107890248298645020e-01,1.974332034587860107e-01,3.242440521717071533e-01,3.280992805957794189e-01,3.430150747299194336e-01
5.607700943946838379e-01,2.621336579322814941e-01,4.750554859638214111e-01,4.414809346199035645e-01,3.404844105243682861e-01,4.650259912014007568e-01,2.884326875209808350e-01,3.050301969051361084e-01,4.406993985176086426e-01,3.380703032016754150e-01,2.643433511257171631e-01,4.681212306022644043e-01,4.077192544937133789e-01,2.445422857999801636e-01,2.583864927291870117e-01,3.343506455421447754e-01,3.418338000774383545e-01,2.688488662242889404e-01,3.203710317611694336e-01,3.652230203151702881e-01,3.155152201652526855e-01,5.177712440490722656e-01,1.526331156492233276e-01,3.311413824558258057e-01,3.973731398582458496e-01,2.767137289047241211e-01,2.705120742321014404e-01,5.577867031097412109e-01,5.590757131576538086e-01,1.000000000000000000e+00,7.236205339431762695e-01,5.314411520957946777e-01,2.934023439884185791e-01,2.363147437572479248e-01,-1.074094604700803757e-02,3.630429506301879883e-01,8.259208500385284424e-02,1.874617338180541992e-01,8.086702972650527954e-02,6.031371653079986572e-02,2.911988794803619385e-01,1.736405938863754272e-01,1.962886899709701538e-01,3.302340209484100342e-01,4.191152751445770264e-02,2.618111968040466309e-01,4.246280193328857422e-01,4.191359281539916992e-01
4.544659554958343506e-01,4.307241439819335938e-01,3.113599717617034912e-01,3.849704563617706299e-01,2.855229675769805908e-01,4.297066926956176758e-01,4.717791974544525146e-01,2.121167629957199097e-01,4.273044168949127197e-01,4.297256469726562500e-01,1.974642425775527954e-01,3.629172146320343018e-01,3.942754864692687988e-01,1.409205943346023560e-01,4.951399564743041992e-02,3.872275352478027344e-01,4.728296995162963867e-01,5.819663405418395996e-01,4.799820780754089355e-01,5.381356477737426758e-01,5.106859207153320312e-01,7.250865101814270020e-01,4.296261966228485107e-01,3.775876760482788086e-01,2.711244821548461914e-01,3.427275419235229492e-01,2.521254420280456543e-01,3.818963468074798584e-01,4.906609356403350830e-01,7.236205339431762695e-01,1.000000000000000000e+00,7.203940153121948242e-01,3.283677697181701660e-01,2.017630040645599365e-01,1.754050403833389282e-01,4.806372821331024170e-01,6.264201551675796509e-02,1.223623305559158325e-01,2.502774298191070557e-01,3.231430053710937500e-01,3.322199583053588867e-01,4.379487633705139160e-01,3.595542907714843750e-01,2.182960212230682373e-01,2.519397735595703125e-01,4.667473435401916504e-01,5.750753283500671387e-01,5.783182978630065918e-01
3.417009115219116211e-01,4.653938412666320801e-01,3.028031587600708008e-01,2.802472412586212158e-01,1.910724192857742310e-01,2.449111491441726685e-01,3.950046598911285400e-01,3.112258911132812500e-01,4.462508261203765869e-01,4.737604558467864990e-01,2.976213693618774414e-01,3.616785109043121338e-01,3.124008178710937500e-01,1.515058875083923340e-01,1.344801336526870728e-01,2.948018908500671387e-01,4.182973206043243408e-01,4.510300755500793457e-01,3.505670428276062012e-01,4.854160547256469727e-01,5.003464221954345703e-01,5.445717573165893555e-01,4.163368642330169678e-01,5.807489156723022461e-01,1.673858463764190674e-01,3.535265028476715088e-01,2.647368907928466797e-01,3.652160167694091797e-01,5.051859617233276367e-01,5.314411520957946777e-01,7.203940153121948242e-01,1.000000000000000000e+00,2.894505858421325684e-01,2.485722750425338745e-01,3.495052158832550049e-01,5.775001645088195801e-01,3.049602918326854706e-02,1.724060922861099243e-01,2.987808883190155029e-01,3.423351347446441650e-01,3.462809026241302490e-01,4.019764065742492676e-01,3.193483948707580566e-01,3.055491745471954346e-01,2.650102674961090088e-01,5.342367291450500488e-01,7.373259663581848145e-01,5.851559638977050781e-01
4.930254518985748291e-01,3.590286970138549805e-01,4.022306203842163086e-01,3.776642382144927979e-01,3.240373730659484863e-01,3.224085569381713867e-01,3.513249158859252930e-01,3.041559159755706787e-01,4.038426578044891357e-01,2.039263099431991577e-01,2.599308788776397705e-01,3.114157021045684814e-01,3.046706020832061768e-01,2.031299471855163574e-01,1.513374298810958862e-01,3.356190323829650879e-01,3.217637240886688232e-01,3.145910203456878662e-01,1.963426023721694946e-01,2.147722095251083374e-01,2.494038492441177368e-01,3.612317740917205811e-01,2.778258919715881348e-01,2.069850414991378784e-01,6.436459422111511230e-01,3.649893403053283691e-01,7.709478735923767090e-01,4.146828949451446533e-01,4.345693886280059814e-01,2.934023439884185791e-01,3.283677697181701660e-01,2.894505858421325684e-01,1.000000000000000000e+00,5.181973800063133240e-02,1.563119888305664062e-01,4.171121716499328613e-01,2.816253900527954102e-02,2.872857451438903809e-02,1.491625159978866577e-01,2.959578633308410645e-01,2.117174416780471802e-01,2.060376703739166260e-01,1.350172013044357300e-01,1.205089613795280457e-01,1.752560138702392578e-01,1.698529869318008423e-01,3.478834629058837891e-01,2.086672484874725342e-01
