1.000000000000000000e+00,2.336401641368865967e-01,3.582422435283660889e-01,1.650239825248718262e-01,3.380808830261230469e-01,3.482613265514373779e-01,2.512945532798767090e-01,3.136799931526184082e-01,1.998029202222824097e-01,2.731825113296508789e-01,2.092129886150360107e-01,2.876431047916412354e-01,2.131412178277969360e-01,4.639977216720581055e-01,4.154647290706634521e-01,2.575678750872612000e-02,2.201338261365890503e-01,1.440953314304351807e-01,2.043845504522323608e-01,4.386669695377349854e-01,3.187168240547180176e-01,1.440513730049133301e-01,-8.327654749155044556e-02,2.089334465563297272e-02,3.881950676441192627e-01,3.366981446743011475e-01,2.950219511985778809e-01,3.349952101707458496e-01,3.660803735256195068e-01,2.728933691978454590e-01,2.451598942279815674e-01,1.339557766914367676e-01,4.005636870861053467e-01,1.905367821455001831e-01,-1.903373748064041138e-01,2.719598263502120972e-02,2.229503542184829712e-01,4.126279056072235107e-02,1.588662564754486084e-01,1.609535515308380127e-02,3.236276805400848389e-01,2.140387594699859619e-01,2.636260092258453369e-01,1.913885474205017090e-01,1.686356067657470703e-01,2.856164276599884033e-01,2.213582023978233337e-02,1.877374574542045593e-02
2.336401641368865967e-01,1.000000000000000000e+00,1.670440733432769775e-01,8.772864937782287598e-02,3.397741913795471191e-02,3.983188569545745850e-01,2.009527236223220825e-01,1.433022320270538330e-01,2.281798124313354492e-01,2.770381569862365723e-01,1.702636480331420898e-03,1.417736262083053589e-01,1.299667805433273315e-01,1.385259777307510376e-01,1.445624530315399170e-01,-2.208309061825275421e-02,3.156091272830963135e-02,5.493231862783432007e-02,1.294119060039520264e-01,1.863985955715179443e-01,1.956042498350143433e-01,-2.211025916039943695e-02,-6.500940024852752686e-02,1.588516123592853546e-02,2.565121836960315704e-02,2.892231643199920654e-01,1.724752224981784821e-02,2.643983364105224609e-01,3.602655827999114990e-01,1.347565650939941406e-01,8.835389465093612671e-02,-1.311017125844955444e-01,1.367464959621429443e-01,-8.631276339292526245e-02,1.735350638628005981e-01,-9.038417041301727295e-02,1.320440620183944702e-01,-7.670186460018157959e-03,-9.905318915843963623e-02,-1.569313108921051025e-01,3.435255289077758789e-01,3.274122178554534912e-01,1.880661547183990479e-01,5.104700326919555664e-01,5.182428359985351562e-01,3.172851800918579102e-01,-1.812077872455120087e-02,-1.223271787166595459e-01
3.582422435283660889e-01,1.670440733432769775e-01,1.000000000000000000e+00,6.522580981254577637e-01,7.777516543865203857e-02,2.298131138086318970e-01,3.642133176326751709e-01,1.516527384519577026e-01,8.790219575166702271e-02,1.904772222042083740e-01,3.079466223716735840e-01,3.814912140369415283e-01,4.408173263072967529e-02,-8.158215880393981934e-02,1.561813950538635254e-01,2.327353507280349731e-02,1.916107535362243652e-01,-2.710321731865406036e-02,-1.173222512006759644e-01,2.245656400918960571e-01,5.057495832443237305e-01,2.551050670444965363e-02,-4.913583397865295410e-02,-8.140585571527481079e-02,-1.053260043263435364e-01,3.020998537540435791e-01,-7.568712811917066574e-03,5.198954939842224121e-01,4.029875695705413818e-01,3.161038160324096680e-01,1.120301187038421631e-01,-2.340721487998962402e-01,-4.594843089580535889e-02,3.110262937843799591e-02,5.927398800849914551e-02,-9.180787205696105957e-02,-2.878452278673648834e-02,-1.300400644540786743e-01,-3.011831268668174744e-02,-7.411174476146697998e-02,1.248003169894218445e-02,2.356835901737213135e-01,-1.503334939479827881e-02,6.070334464311599731e-02,2.525361776351928711e-01,5.742963403463363647e-02,-2.442407906055450439e-01,-1.564430743455886841e-01
1.650239825248718262e-01,8.772864937782287598e-02,6.522580981254577637e-01,1.000000000000000000e+00,1.163663193583488464e-01,1.014277935028076172e-01,3.437719345092773438e-01,-8.278328180313110352e-02,-1.203934922814369202e-01,-8.556392043828964233e-03,6.666820496320724487e-02,1.502309143543243408e-01,-2.214625664055347443e-02,-1.950549036264419556e-01,8.677897602319717407e-02,6.935023516416549683e-02,1.477561891078948975e-01,-6.082931905984878540e-02,5.272984877228736877e-02,3.344600200653076172e-01,4.097779691219329834e-01,7.052512466907501221e-02,-7.785689830780029297e-02,-8.671842515468597412e-02,-3.035577535629272461e-01,2.463473081588745117e-01,-2.491773813962936401e-01,3.055936098098754883e-01,1.484011709690093994e-01,1.294580698013305664e-01,-6.633615703321993351e-04,-2.039371877908706665e-01,-2.615929841995239258e-01,-1.103649195283651352e-02,7.215152680873870850e-02,-1.168822795152664185e-01,-1.025274172425270081e-01,-1.131747215986251831e-01,-1.230780780315399170e-01,-4.766693711280822754e-02,1.366237364709377289e-02,1.697443425655364990e-01,-6.478176265954971313e-02,-1.055625677108764648e-01,1.371768712997436523e-01,-6.248306483030319214e-02,-2.349366843700408936e-01,-1.519885063171386719e-01
3.380808830261230469e-01,3.397741913795471191e-02,7.777516543865203857e-02,1.163663193583488464e-01,1.000000000000000000e+00,4.082801640033721924e-01,1.114054322242736816e-01,8.223272860050201416e-02,-1.495351921766996384e-02,1.126571670174598694e-01,-9.129283577203750610e-02,2.218467369675636292e-02,3.641860485076904297e-01,1.357501149177551270e-01,1.764203161001205444e-01,1.209435835480690002e-01,5.006629973649978638e-02,1.734495162963867188e-01,4.456863701343536377e-01,4.224687218666076660e-01,-4.232779145240783691e-02,2.085097730159759521e-01,-9.554714709520339966e-02,1.487178802490234375e-01,6.498977541923522949e-02,1.970274895429611206e-01,-1.730083115398883820e-02,-4.334010556340217590e-02,-1.097100507467985153e-02,-1.015998497605323792e-01,8.750421553850173950e-02,2.992775738239288330e-01,1.695981770753860474e-01,1.206007674336433411e-01,-1.297162026166915894e-01,7.435756176710128784e-02,1.496401131153106689e-01,1.088322922587394714e-01,1.351877301931381226e-01,7.832972705364227295e-02,4.135947823524475098e-01,9.507673233747482300e-02,2.827111780643463135e-01,-5.766592547297477722e-02,5.643140524625778198e-02,2.243275493383407593e-01,1.935150921344757080e-01,3.168626502156257629e-02
3.482613265514373779e-01,3.983188569545745850e-01,2.298131138086318970e-01,1.014277935028076172e-01,4.082801640033721924e-01,1.000000000000000000e+00,2.687679827213287354e-01,1.153580695390701294e-01,1.355263441801071167e-01,2.241146713495254517e-01,-5.872434750199317932e-02,1.021589934825897217e-01,2.428752779960632324e-01,1.739033460617065430e-01,1.133669167757034302e-01,9.147482924163341522e-03,1.462816745042800903e-01,1.544401496648788452e-01,3.011002540588378906e-01,3.469298779964447021e-01,9.433674812316894531e-02,-2.645936794579029083e-02,-5.857978388667106628e-02,3.134811669588088989e-02,1.216855421662330627e-01,3.828518092632293701e-01,2.512521669268608093e-02,1.197875887155532837e-01,2.302176207304000854e-01,-5.316048115491867065e-02,-2.232669387012720108e-03,7.276259362697601318e-02,1.916364729404449463e-01,-1.738330908119678497e-02,-2.581851184368133545e-02,-2.811421640217304230e-02,6.534907966852188110e-02,-8.081865310668945312e-02,-4.619393497705459595e-03,3.325655590742826462e-03,4.793882668018341064e-01,2.549678385257720947e-01,3.218730092048645020e-01,1.133485734462738037e-01,2.217192649841308594e-01,3.140421211719512939e-01,3.217707946896553040e-02,-1.365869194269180298e-01
2.512945532798767090e-01,2.009527236223220825e-01,3.642133176326751709e-01,3.437719345092773438e-01,1.114054322242736816e-01,2.687679827213287354e-01,1.000000000000000000e+00,7.781572639942169189e-02,1.694546192884445190e-01,2.882253229618072510e-01,1.496501713991165161e-01,2.033220380544662476e-01,9.098705649375915527e-02,6.954581290483474731e-02,2.310385853052139282e-01,1.515450924634933472e-01,7.036330699920654297e-01,2.415194958448410034e-01,8.772708475589752197e-02,1.738934069871902466e-01,1.863052099943161011e-01,1.143905371427536011e-01,1.084160581231117249e-01,5.852161720395088196e-02,7.756048440933227539e-02,5.543948411941528320e-01,8.738115429878234863e-02,2.052713036537170410e-01,1.891284734010696411e-01,1.104229241609573364e-01,5.359881743788719177e-02,9.794077277183532715e-02,-2.364142419537529349e-04,1.184161230921745300e-01,-3.649448603391647339e-02,9.155723452568054199e-02,5.276564043015241623e-03,-2.245683781802654266e-02,1.609652638435363770e-01,2.113729864358901978e-01,9.772805124521255493e-02,4.415995180606842041e-01,1.229001879692077637e-01,4.302770271897315979e-02,2.500422894954681396e-01,1.514743417501449585e-01,4.790241643786430359e-02,6.795850396156311035e-02
3.136799931526184082e-01,1.433022320270538330e-01,1.516527384519577026e-01,-8.278328180313110352e-02,8.223272860050201416e-02,1.153580695390701294e-01,7.781572639942169189e-02,1.000000000000000000e+00,3.670884668827056885e-01,2.785218060016632080e-01,5.165577530860900879e-01,5.313312411308288574e-01,9.271174669265747070e-02,2.913573980331420898e-01,4.017158448696136475e-01,3.329341858625411987e-02,5.514432117342948914e-02,-8.553570136427879333e-03,-1.574986726045608521e-01,1.958108320832252502e-02,1.994290351867675781e-01,2.382032386958599091e-02,-3.135981038212776184e-02,-6.811829656362533569e-02,3.324299752712249756e-01,1.256458014249801636e-01,3.957945406436920166e-01,2.181543707847595215e-01,1.561470031738281250e-01,2.071499824523925781e-01,1.679239422082901001e-01,-6.951274350285530090e-03,5.074032545089721680e-01,5.523111224174499512e-01,9.481395035982131958e-02,1.847182512283325195e-01,2.493644207715988159e-01,2.585897147655487061e-01,2.594801485538482666e-01,1.161320060491561890e-01,-3.450191020965576172e-02,1.505467146635055542e-01,7.149430364370346069e-02,2.966157793998718262e-01,2.897721156477928162e-02,2.641203068196773529e-02,-6.347002089023590088e-02,-2.763322181999683380e-02
1.998029202222824097e-01,2.281798124313354492e-01,8.790219575166702271e-02,-1.203934922814369202e-01,-1.495351921766996384e-02,1.355263441801071167e-01,1.694546192884445190e-01,3.670884668827056885e-01,1.000000000000000000e+00,5.036623477935791016e-01,3.583885729312896729e-01,4.711868166923522949e-01,1.559103131294250488e-01,1.649754643440246582e-01,1.449061632156372070e-01,9.518170263618230820e-04,1.349332481622695923e-01,-5.529412627220153809e-02,-1.519082486629486084e-01,-1.665982976555824280e-02,1.950260102748870850e-01,-5.537940561771392822e-02,2.218882180750370026e-02,1.744533702731132507e-02,2.403326928615570068e-01,6.230582296848297119e-02,3.224410116672515869e-01,2.369339466094970703e-01,1.863852590322494507e-01,1.024411767721176147e-01,1.329436302185058594e-01,-2.569088712334632874e-02,3.021310865879058838e-01,1.427388936281204224e-01,1.813340336084365845e-01,1.710228472948074341e-01,2.399113178253173828e-01,-2.373858122155070305e-03,9.068168699741363525e-02,4.466678574681282043e-02,-1.079742331057786942e-02,1.280627399682998657e-01,-1.710092648863792419e-03,4.740852117538452148e-01,6.921952962875366211e-02,2.136169672012329102e-01,-2.501947060227394104e-02,5.410496518015861511e-02
2.731825113296508789e-01,2.770381569862365723e-01,1.904772222042083740e-01,-8.556392043828964233e-03,1.126571670174598694e-01,2.241146713495254517e-01,2.882253229618072510e-01,2.785218060016632080e-01,5.036623477935791016e-01,1.000000000000000000e+00,2.762888371944427490e-01,4.748432338237762451e-01,3.708338737487792969e-01,2.004946470260620117e-01,2.608906030654907227e-01,1.307949423789978027e-01,2.870480418205261230e-01,2.503812611103057861e-01,-4.891922231763601303e-03,2.406269162893295288e-01,2.972019016742706299e-01,2.699403762817382812e-01,2.582914829254150391e-01,5.530189722776412964e-02,1.746719032526016235e-01,1.834316998720169067e-01,2.445112764835357666e-01,2.316763401031494141e-01,2.695147097110748291e-01,2.765470743179321289e-01,2.990947961807250977e-01,5.384497344493865967e-02,1.672266423702239990e-01,1.570664346218109131e-01,6.448688358068466187e-02,1.883922964334487915e-01,2.070852071046829224e-01,1.035233512520790100e-01,3.648170232772827148e-01,2.075683921575546265e-01,1.673187017440795898e-01,3.295688629150390625e-01,1.823982000350952148e-01,3.147016167640686035e-01,3.119620382785797119e-01,5.139855146408081055e-01,1.871849782764911652e-02,1.248193532228469849e-01
2.092129886150360107e-01,1.702636480331420898e-03,3.079466223716735840e-01,6.666820496320724487e-02,-9.129283577203750610e-02,-5.872434750199317932e-02,1.496501713991165161e-01,5.165577530860900879e-01,3.583885729312896729e-01,2.762888371944427490e-01,1.000000000000000000e+00,6.107465028762817383e-01,-1.148462370038032532e-01,1.795981079339981079e-01,3.767799139022827148e-01,1.995256170630455017e-02,1.388392299413681030e-01,-1.356081813573837280e-01,-4.171713590621948242e-01,-3.068440780043601990e-02,4.900507032871246338e-01,3.487825393676757812e-02,-5.400809645652770996e-02,-1.183573678135871887e-01,3.303821682929992676e-01,3.383243456482887268e-02,4.976885616779327393e-01,4.573988914489746094e-01,2.894640862941741943e-01,4.307945966720581055e-01,2.723754942417144775e-01,-1.771768778562545776e-01,3.686695694923400879e-01,2.505713105201721191e-01,1.698376536369323730e-01,4.746190831065177917e-02,1.700718998908996582e-01,1.124158501625061035e-01,1.911259740591049194e-01,4.869761690497398376e-02,-2.951158285140991211e-01,7.608371227979660034e-02,-2.257845103740692139e-01,2.242343276739120483e-01,1.130695641040802002e-01,-3.198419138789176941e-02,-2.080077081918716431e-01,-6.484457105398178101e-02
2.876431047916412354e-01,1.417736262083053589e-01,3.814912140369415283e-01,1.502309143543243408e-01,2.218467369675636292e-02,1.021589934825897217e-01,2.033220380544662476e-01,5.313312411308288574e-01,4.711868166923522949e-01,4.748432338237762451e-01,6.107465028762817383e-01,1.000000000000000000e+00,1.485483497381210327e-01,2.136284410953521729e-01,4.123023748397827148e-01,1.408536285161972046e-01,1.200929805636405945e-01,-5.300660803914070129e-02,-2.420052886009216309e-01,1.397249102592468262e-01,4.663451910018920898e-01,4.862569645047187805e-02,2.131698839366436005e-02,3.676996752619743347e-02,1.764784157276153564e-01,1.566925197839736938e-01,3.694014549255371094e-01,3.954082429409027100e-01,2.850594222545623779e-01,2.821803390979766846e-01,2.553400099277496338e-01,-6.722590327262878418e-02,3.715830743312835693e-01,2.502962350845336914e-01,1.296123713254928589e-01,1.703962236642837524e-01,2.399644702672958374e-01,1.028938442468643188e-01,1.659656912088394165e-01,4.161449894309043884e-02,-8.056291937828063965e-02,2.374033033847808838e-01,-7.675955537706613541e-03,2.880341410636901855e-01,1.748136430978775024e-01,1.428868472576141357e-01,-7.411087304353713989e-02,9.599398821592330933e-03
2.131412178277969360e-01,1.299667805433273315e-01,4.408173263072967529e-02,-2.214625664055347443e-02,3.641860485076904297e-01,2.428752779960632324e-01,9.098705649375915527e-02,9.271174669265747070e-02,1.559103131294250488e-01,3.708338737487792969e-01,-1.148462370038032532e-01,1.485483497381210327e-01,1.000000000000000000e+00,1.477941572666168213e-01,1.668556481599807739e-01,3.184372484683990479e-01,1.318386644124984741e-01,3.518990576267242432e-01,4.703703522682189941e-01,3.967265486717224121e-01,-4.847719520330429077e-02,2.365777641534805298e-01,1.807798445224761963e-01,1.523140519857406616e-01,-3.816397860646247864e-02,1.719243526458740234e-01,1.765175140462815762e-03,-2.204299569129943848e-01,-2.174249850213527679e-02,-3.243610961362719536e-03,1.502494215965270996e-01,1.661398857831954956e-01,2.157028019428253174e-02,2.028601765632629395e-01,4.232060909271240234e-02,9.218857437372207642e-02,1.632359921932220459e-01,2.202751636505126953e-01,2.075481265783309937e-01,6.195385381579399109e-02,4.096573293209075928e-01,2.695259451866149902e-01,5.240617394447326660e-01,1.013678088784217834e-01,1.405746191740036011e-01,5.516857504844665527e-01,1.137319058179855347e-01,6.588772684335708618e-02
4.639977216720581055e-01,1.385259777307510376e-01,-8.158215880393981934e-02,-1.950549036264419556e-01,1.357501149177551270e-01,1.739033460617065430e-01,6.954581290483474731e-02,2.913573980331420898e-01,1.649754643440246582e-01,2.004946470260620117e-01,1.795981079339981079e-01,2.136284410953521729e-01,1.477941572666168213e-01,1.000000000000000000e+00,4.912762641906738281e-01,2.229052968323230743e-02,1.769411265850067139e-01,1.187665015459060669e-01,1.496462672948837280e-01,2.897134721279144287e-01,1.370096653699874878e-01,9.960696846246719360e-02,4.986612871289253235e-02,-1.023308653384447098e-02,4.951153099536895752e-01,1.636937111616134644e-01,3.675414025783538818e-01,1.085122451186180115e-01,1.501418352127075195e-01,1.402687132358551025e-01,9.542702138423919678e-02,1.410764306783676147e-01,4.450070559978485107e-01,2.350147813558578491e-01,-7.098762691020965576e-02,1.150994896888732910e-01,4.133205115795135498e-01,2.187786102294921875e-01,1.562099307775497437e-01,2.686039730906486511e-02,1.599099338054656982e-01,8.053461462259292603e-02,1.488741636276245117e-01,2.583979368209838867e-01,3.253524005413055420e-02,1.631851941347122192e-01,3.551798686385154724e-02,9.387534111738204956e-02
4.154647290706634521e-01,1.445624530315399170e-01,1.561813950538635254e-01,8.677897602319717407e-02,1.764203161001205444e-01,1.133669167757034302e-01,2.310385853052139282e-01,4.017158448696136475e-01,1.449061632156372070e-01,2.608906030654907227e-01,3.767799139022827148e-01,4.123023748397827148e-01,1.668556481599807739e-01,4.912762641906738281e-01,1.000000000000000000e+00,3.099623918533325195e-01,2.572411298751831055e-01,4.188955575227737427e-02,1.708578877151012421e-02,3.595518767833709717e-01,3.843458592891693115e-01,1.931298077106475830e-01,5.634170398116111755e-02,-9.254643321037292480e-02,3.707966208457946777e-01,1.743367314338684082e-01,4.017235338687896729e-01,2.918101251125335693e-01,1.964225620031356812e-01,3.074269294738769531e-01,2.293172925710678101e-01,3.862352296710014343e-02,3.387027084827423096e-01,4.241827428340911865e-01,-4.072394594550132751e-02,3.076950646936893463e-02,2.690828740596771240e-01,4.187806844711303711e-01,3.109210729598999023e-01,7.686620205640792847e-02,1.288903877139091492e-02,1.787224560976028442e-01,3.068930283188819885e-02,1.647278517484664917e-01,2.332042902708053589e-01,1.776866912841796875e-01,-8.211690187454223633e-02,-8.394967764616012573e-03
2.575678750872612000e-02,-2.208309061825275421e-02,2.327353507280349731e-02,6.935023516416549683e-02,1.209435835480690002e-01,9.147482924163341522e-03,1.515450924634933472e-01,3.329341858625411987e-02,9.518170263618230820e-04,1.307949423789978027e-01,1.995256170630455017e-02,1.408536285161972046e-01,3.184372484683990479e-01,2.229052968323230743e-02,3.099623918533325195e-01,1.000000000000000000e+00,5.272478610277175903e-02,1.795077621936798096e-01,1.723385304212570190e-01,1.643268018960952759e-01,3.265929222106933594e-02,3.758317828178405762e-01,3.669145703315734863e-01,1.292714923620223999e-01,-1.323127597570419312e-01,1.666036844253540039e-01,5.574340000748634338e-02,-1.063884347677230835e-01,-5.113036558032035828e-02,4.237534478306770325e-02,1.140209063887596130e-01,1.429421603679656982e-01,-9.167306870222091675e-02,1.915788352489471436e-01,-1.295078098773956299e-01,1.374762654304504395e-01,1.532905846834182739e-01,7.798276841640472412e-02,2.949260771274566650e-01,2.074609547853469849e-01,9.562901407480239868e-02,7.402339577674865723e-02,7.645986229181289673e-02,-8.591571450233459473e-02,1.347305923700332642e-01,1.491364836692810059e-01,1.355787515640258789e-01,2.273240387439727783e-01
2.201338261365890503e-01,3.156091272830963135e-02,1.916107535362243652e-01,1.477561891078948975e-01,5.006629973649978638e-02,1.462816745042800903e-01,7.036330699920654297e-01,5.514432117342948914e-02,1.349332481622695923e-01,2.870480418205261230e-01,1.388392299413681030e-01,1.200929805636405945e-01,1.318386644124984741e-01,1.769411265850067139e-01,2.572411298751831055e-01,5.272478610277175903e-02,1.000000000000000000e+00,3.392405807971954346e-01,9.923455864191055298e-02,1.720989644527435303e-01,1.429889053106307983e-01,1.670085489749908447e-01,1.631664186716079712e-01,-2.345406636595726013e-02,1.887149065732955933e-01,2.720339596271514893e-01,1.420737504959106445e-01,8.928300440311431885e-02,8.656483143568038940e-02,1.879895627498626709e-01,9.893602132797241211e-02,1.117352619767189026e-01,4.551219195127487183e-02,1.596838831901550293e-01,-1.035611494444310665e-03,8.222479373216629028e-02,4.012994840741157532e-02,1.071703433990478516e-01,2.604763209819793701e-01,2.331214100122451782e-01,-5.309334024786949158e-02,3.032090365886688232e-01,9.998890012502670288e-02,5.330979079008102417e-02,1.838876157999038696e-01,1.343127340078353882e-01,3.111826721578836441e-03,4.159563407301902771e-02
1.440953314304351807e-01,5.493231862783432007e-02,-2.710321731865406036e-02,-6.082931905984878540e-02,1.734495162963867188e-01,1.544401496648788452e-01,2.415194958448410034e-01,-8.553570136427879333e-03,-5.529412627220153809e-02,2.503812611103057861e-01,-1.356081813573837280e-01,-5.300660803914070129e-02,3.518990576267242432e-01,1.187665015459060669e-01,4.188955575227737427e-02,1.795077621936798096e-01,3.392405807971954346e-01,1.000000000000000000e+00,2.834365963935852051e-01,8.238898962736129761e-02,-1.778653562068939209e-01,4.779335856437683105e-01,2.750198543071746826e-01,2.356369197368621826e-01,-6.486524362117052078e-04,2.669973373413085938e-01,-4.439077526330947876e-02,-1.948568522930145264e-01,-1.413307711482048035e-02,9.980840235948562622e-02,2.403446137905120850e-01,2.978218793869018555e-01,-7.130910456180572510e-02,9.863426536321640015e-02,-1.905345469713211060e-01,2.589564025402069092e-01,1.753075718879699707e-01,1.132059544324874878e-01,3.932205438613891602e-01,3.451305329799652100e-01,2.456914633512496948e-01,2.240494489669799805e-01,3.244171738624572754e-01,-7.832453399896621704e-02,1.032285764813423157e-01,2.753405869007110596e-01,2.459084391593933105e-01,5.317229311913251877e-03
2.043845504522323608e-01,1.294119060039520264e-01,-1.173222512006759644e-01,5.272984877228736877e-02,4.456863701343536377e-01,3.011002540588378906e-01,8.772708475589752197e-02,-1.574986726045608521e-01,-1.519082486629486084e-01,-4.891922231763601303e-03,-4.171713590621948242e-01,-2.420052886009216309e-01,4.703703522682189941e-01,1.496462672948837280e-01,1.708578877151012421e-02,1.723385304212570190e-01,9.923455864191055298e-02,2.834365963935852051e-01,1.000000000000000000e+00,5.111653208732604980e-01,-2.980909645557403564e-01,1.578699350357055664e-01,5.325281247496604919e-02,1.463131159543991089e-01,-9.960598498582839966e-02,2.613915801048278809e-01,-2.255385369062423706e-01,-2.992920279502868652e-01,-4.398911073803901672e-02,-2.345819473266601562e-01,-1.010793894529342651e-01,2.851190268993377686e-01,-7.639271765947341919e-02,6.066677346825599670e-02,-1.335198879241943359e-01,8.014998584985733032e-02,5.076683312654495239e-02,7.352552562952041626e-02,-7.345457095652818680e-03,2.708193846046924591e-02,5.302752256393432617e-01,2.360965162515640259e-01,5.819702148437500000e-01,-6.631878763437271118e-02,1.067774184048175812e-02,3.023304641246795654e-01,1.965246349573135376e-01,6.668842583894729614e-02
4.386669695377349854e-01,1.863985955715179443e-01,2.245656400918960571e-01,3.344600200653076172e-01,4.224687218666076660e-01,3.469298779964447021e-01,1.738934069871902466e-01,1.958108320832252502e-02,-1.665982976555824280e-02,2.406269162893295288e-01,-3.068440780043601990e-02,1.397249102592468262e-01,3.967265486717224121e-01,2.897134721279144287e-01,3.595518767833709717e-01,1.643268018960952759e-01,1.720989644527435303e-01,8.238898962736129761e-02,5.111653208732604980e-01,1.000000000000000000e+00,3.790366649627685547e-01,2.725234925746917725e-01,-3.016539663076400757e-02,-1.392813771963119507e-01,3.005198948085308075e-02,2.060373872518539429e-01,-3.847139328718185425e-02,1.297585070133209229e-01,2.055854350328445435e-01,1.968327760696411133e-01,1.429809331893920898e-01,8.903668494895100594e-04,4.582566022872924805e-02,1.135243922472000122e-01,-3.550661727786064148e-02,-1.501549333333969116e-01,1.170215159654617310e-01,1.405452638864517212e-01,5.299895256757736206e-02,-7.658711820840835571e-02,3.327762782573699951e-01,2.061057984828948975e-01,3.289338052272796631e-01,8.354295045137405396e-03,1.552743017673492432e-01,2.998735606670379639e-01,-1.125545650720596313e-01,-8.148131519556045532e-02
3.187168240547180176e-01,1.956042498350143433e-01,5.057495832443237305e-01,4.097779691219329834e-01,-4.232779145240783691e-02,9.433674812316894531e-02,1.863052099943161011e-01,1.994290351867675781e-01,1.950260102748870850e-01,2.972019016742706299e-01,4.900507032871246338e-01,4.663451910018920898e-01,-4.847719520330429077e-02,1.370096653699874878e-01,3.843458592891693115e-01,3.265929222106933594e-02,1.429889053106307983e-01,-1.778653562068939209e-01,-2.980909645557403564e-01,3.790366649627685547e-01,1.000000000000000000e+00,1.932544410228729248e-01,-7.852102816104888916e-02,-2.866679131984710693e-01,1.572820246219635010e-01,4.468081519007682800e-02,2.375699281692504883e-01,6.335694789886474609e-01,4.368734061717987061e-01,5.953181982040405273e-01,3.915469050407409668e-01,-3.203917145729064941e-01,1.088693886995315552e-01,5.012965947389602661e-02,1.713671833276748657e-01,-2.470465451478958130e-01,7.537160068750381470e-02,2.075641974806785583e-02,2.864225767552852631e-02,-1.502864807844161987e-01,-2.030537724494934082e-01,1.252193450927734375e-01,-2.082547694444656372e-01,1.460190117359161377e-01,3.074581027030944824e-01,4.897911101579666138e-02,-3.460699915885925293e-01,-1.552570313215255737e-01
1.440513730049133301e-01,-2.211025916039943695e-02,2.551050670444965363e-02,7.052512466907501221e-02,2.085097730159759521e-01,-2.645936794579029083e-02,1.143905371427536011e-01,2.382032386958599091e-02,-5.537940561771392822e-02,2.699403762817382812e-01,3.487825393676757812e-02,4.862569645047187805e-02,2.365777641534805298e-01,9.960696846246719360e-02,1.931298077106475830e-01,3.758317828178405762e-01,1.670085489749908447e-01,4.779335856437683105e-01,1.578699350357055664e-01,2.725234925746917725e-01,1.932544410228729248e-01,1.000000000000000000e+00,3.694569468498229980e-01,2.176752984523773193e-01,-3.204548265784978867e-03,1.433932781219482422e-01,7.907059043645858765e-02,3.310985118150711060e-02,1.241951510310173035e-01,3.422468900680541992e-01,5.651316642761230469e-01,3.560439050197601318e-01,-1.003208681941032410e-01,2.096454352140426636e-01,-1.895492523908615112e-01,2.820294201374053955e-01,1.954579651355743408e-01,1.321986466646194458e-01,4.867669939994812012e-01,3.118128180503845215e-01,1.413337737321853638e-01,9.200506657361984253e-02,7.445623725652694702e-02,-1.179592534899711609e-01,1.164795979857444763e-01,1.362198442220687866e-01,2.669273912906646729e-01,1.781139522790908813e-01
-8.327654749155044556e-02,-6.500940024852752686e-02,-4.913583397865295410e-02,-7.785689830780029297e-02,-9.554714709520339966e-02,-5.857978388667106628e-02,1.084160581231117249e-01,-3.135981038212776184e-02,2.218882180750370026e-02,2.582914829254150391e-01,-5.400809645652770996e-02,2.131698839366436005e-02,1.807798445224761963e-01,4.986612871289253235e-02,5.634170398116111755e-02,3.669145703315734863e-01,1.631664186716079712e-01,2.750198543071746826e-01,5.325281247496604919e-02,-3.016539663076400757e-02,-7.852102816104888916e-02,3.694569468498229980e-01,1.000000000000000000e+00,2.487719804048538208e-01,-3.520654141902923584e-02,2.313487045466899872e-02,2.404745295643806458e-02,-1.530865430831909180e-01,-6.202507764101028442e-02,1.392390299588441849e-02,2.898070402443408966e-02,2.872079908847808838e-01,-8.204607665538787842e-02,2.063002884387969971e-01,-7.900948822498321533e-02,3.158644139766693115e-01,-3.127231076359748840e-02,5.887955054640769958e-02,4.812607169151306152e-01,5.296162366867065430e-01,-2.963315136730670929e-02,9.228716604411602020e-03,8.743213862180709839e-02,-3.762764483690261841e-02,1.864808984100818634e-02,9.627846628427505493e-02,2.621172666549682617e-01,4.299625754356384277e-01
2.089334465563297272e-02,1.588516123592853546e-02,-8.140585571527481079e-02,-8.671842515468597412e-02,1.487178802490234375e-01,3.134811669588088989e-02,5.852161720395088196e-02,-6.811829656362533569e-02,1.744533702731132507e-02,5.530189722776412964e-02,-1.183573678135871887e-01,3.676996752619743347e-02,1.523140519857406616e-01,-1.023308653384447098e-02,-9.254643321037292480e-02,1.292714923620223999e-01,-2.345406636595726013e-02,2.356369197368621826e-01,1.463131159543991089e-01,-1.392813771963119507e-01,-2.866679131984710693e-01,2.176752984523773193e-01,2.487719804048538208e-01,1.000000000000000000e+00,-7.876223325729370117e-02,2.205770611763000488e-01,4.548939689993858337e-02,-1.320028007030487061e-01,-1.481088064610958099e-02,-1.763710379600524902e-01,2.408230602741241455e-01,6.075809597969055176e-01,3.432403132319450378e-02,1.731384173035621643e-02,-1.275572180747985840e-01,5.596799850463867188e-01,1.097030118107795715e-01,-6.362403929233551025e-02,1.180552691221237183e-01,3.115604817867279053e-01,2.556144297122955322e-01,1.393525116145610809e-02,1.603220403194427490e-01,-2.074941247701644897e-02,-2.278172969818115234e-02,1.609082520008087158e-01,7.533299326896667480e-01,3.275629580020904541e-01
3.881950676441192627e-01,2.565121836960315704e-02,-1.053260043263435364e-01,-3.035577535629272461e-01,6.498977541923522949e-02,1.216855421662330627e-01,7.756048440933227539e-02,3.324299752712249756e-01,2.403326928615570068e-01,1.746719032526016235e-01,3.303821682929992676e-01,1.764784157276153564e-01,-3.816397860646247864e-02,4.951153099536895752e-01,3.707966208457946777e-01,-1.323127597570419312e-01,1.887149065732955933e-01,-6.486524362117052078e-04,-9.960598498582839966e-02,3.005198948085308075e-02,1.572820246219635010e-01,-3.204548265784978867e-03,-3.520654141902923584e-02,-7.876223325729370117e-02,1.000000000000000000e+00,7.186206430196762085e-02,6.285114884376525879e-01,2.526512444019317627e-01,1.106146797537803650e-01,2.221630364656448364e-01,1.506592333316802979e-01,5.644465610384941101e-02,6.695038080215454102e-01,2.112036347389221191e-01,4.980663210153579712e-02,5.745184049010276794e-02,1.456664949655532837e-01,1.676293909549713135e-01,2.078261971473693848e-01,2.621168084442615509e-02,-1.218522489070892334e-01,-4.047399759292602539e-02,-4.521063342690467834e-02,2.571176886558532715e-01,-6.616603583097457886e-02,-3.778425743803381920e-03,-1.658346131443977356e-02,7.102795690298080444e-02
3.366981446743011475e-01,2.892231643199920654e-01,3.020998537540435791e-01,2.463473081588745117e-01,1.970274895429611206e-01,3.828518092632293701e-01,5.543948411941528320e-01,1.256458014249801636e-01,6.230582296848297119e-02,1.834316998720169067e-01,3.383243456482887268e-02,1.566925197839736938e-01,1.719243526458740234e-01,1.636937111616134644e-01,1.743367314338684082e-01,1.666036844253540039e-01,2.720339596271514893e-01,2.669973373413085938e-01,2.613915801048278809e-01,2.060373872518539429e-01,4.468081519007682800e-02,1.433932781219482422e-01,2.313487045466899872e-02,2.205770611763000488e-01,7.186206430196762085e-02,1.000000000000000000e+00,6.534624844789505005e-02,1.861474066972732544e-01,2.850295901298522949e-01,3.240232914686203003e-02,6.672101467847824097e-02,2.299437224864959717e-01,8.546580374240875244e-02,8.883295208215713501e-02,-1.487305164337158203e-01,2.274895906448364258e-01,4.462737962603569031e-02,-9.324046969413757324e-02,9.027292579412460327e-02,1.457155644893646240e-01,4.291271269321441650e-01,4.334627091884613037e-01,3.032067716121673584e-01,2.508560009300708771e-02,1.710888594388961792e-01,1.632966697216033936e-01,1.784630417823791504e-01,1.196524314582347870e-02
2.950219511985778809e-01,1.724752224981784821e-02,-7.568712811917066574e-03,-2.491773813962936401e-01,-1.730083115398883820e-02,2.512521669268608093e-02,8.738115429878234863e-02,3.957945406436920166e-01,3.224410116672515869e-01,2.445112764835357666e-01,4.976885616779327393e-01,3.694014549255371094e-01,1.765175140462815762e-03,3.675414025783538818e-01,4.017235338687896729e-01,5.574340000748634338e-02,1.420737504959106445e-01,-4.439077526330947876e-02,-2.255385369062423706e-01,-3.847139328718185425e-02,2.375699281692504883e-01,7.907059043645858765e-02,2.404745295643806458e-02,4.548939689993858337e-02,6.285114884376525879e-01,6.534624844789505005e-02,1.000000000000000000e+00,2.861675024032592773e-01,1.917973160743713379e-01,2.431320548057556152e-01,2.394280284643173218e-01,4.924548044800758362e-02,6.337700486183166504e-01,2.084476202726364136e-01,6.760475039482116699e-02,1.243515461683273315e-01,1.754742860794067383e-01,1.138276085257530212e-01,2.636451721191406250e-01,1.196600124239921570e-01,-1.813746243715286255e-01,-5.869685113430023193e-02,-1.335537284612655640e-01,2.411987781524658203e-01,1.971726864576339722e-02,1.602041348814964294e-02,5.031237378716468811e-02,8.332362025976181030e-02
3.349952101707458496e-01,2.643983364105224609e-01,5.198954939842224121e-01,3.055936098098754883e-01,-4.334010556340217590e-02,1.197875887155532837e-01,2.052713036537170410e-01,2.181543707847595215e-01,2.369339466094970703e-01,2.316763401031494141e-01,4.573988914489746094e-01,3.954082429409027100e-01,-2.204299569129943848e-01,1.085122451186180115e-01,2.918101251125335693e-01,-1.063884347677230835e-01,8.928300440311431885e-02,-1.948568522930145264e-01,-2.992920279502868652e-01,1.297585070133209229e-01,6.335694789886474609e-01,3.310985118150711060e-02,-1.530865430831909180e-01,-1.320028007030487061e-01,2.526512444019317627e-01,1.861474066972732544e-01,2.861675024032592773e-01,1.000000000000000000e+00,6.464813947677612305e-01,4.992792010307312012e-01,2.968805730342864990e-01,-2.126495689153671265e-01,2.281593680381774902e-01,1.341071352362632751e-02,1.749118715524673462e-01,-1.013315767049789429e-01,1.152287470176815987e-03,-7.774617522954940796e-02,-4.043459519743919373e-02,-1.641242355108261108e-01,-8.722326904535293579e-02,1.412498354911804199e-01,-2.311403006315231323e-01,2.545045316219329834e-01,2.484535425901412964e-01,-2.078968845307826996e-02,-1.895631998777389526e-01,-8.851444721221923828e-02
3.660803735256195068e-01,3.602655827999114990e-01,4.029875695705413818e-01,1.484011709690093994e-01,-1.097100507467985153e-02,2.302176207304000854e-01,1.891284734010696411e-01,1.561470031738281250e-01,1.863852590322494507e-01,2.695147097110748291e-01,2.894640862941741943e-01,2.850594222545623779e-01,-2.174249850213527679e-02,1.501418352127075195e-01,1.964225620031356812e-01,-5.113036558032035828e-02,8.656483143568038940e-02,-1.413307711482048035e-02,-4.398911073803901672e-02,2.055854350328445435e-01,4.368734061717987061e-01,1.241951510310173035e-01,-6.202507764101028442e-02,-1.481088064610958099e-02,1.106146797537803650e-01,2.850295901298522949e-01,1.917973160743713379e-01,6.464813947677612305e-01,1.000000000000000000e+00,4.016454815864562988e-01,3.318026065826416016e-01,-3.816148266196250916e-02,1.427062898874282837e-01,1.786665804684162140e-02,7.003748416900634766e-02,-5.194694176316261292e-02,2.519662119448184967e-02,-6.604926288127899170e-02,1.213736459612846375e-02,-1.044359654188156128e-01,1.838999986648559570e-01,2.753657400608062744e-01,1.236116588115692139e-01,2.186413407325744629e-01,3.301022350788116455e-01,2.080529928207397461e-01,-8.136083371937274933e-03,-1.184489652514457703e-01
2.728933691978454590e-01,1.347565650939941406e-01,3.161038160324096680e-01,1.294580698013305664e-01,-1.015998497605323792e-01,-5.316048115491867065e-02,1.104229241609573364e-01,2.071499824523925781e-01,1.024411767721176147e-01,2.765470743179321289e-01,4.307945966720581055e-01,2.821803390979766846e-01,-3.243610961362719536e-03,1.402687132358551025e-01,3.074269294738769531e-01,4.237534478306770325e-02,1.879895627498626709e-01,9.980840235948562622e-02,-2.345819473266601562e-01,1.968327760696411133e-01,5.953181982040405273e-01,3.422468900680541992e-01,1.392390299588441849e-02,-1.763710379600524902e-01,2.221630364656448364e-01,3.240232914686203003e-02,2.431320548057556152e-01,4.992792010307312012e-01,4.016454815864562988e-01,1.000000000000000000e+00,5.692097544670104980e-01,-2.084282487630844116e-01,8.499136567115783691e-02,1.332313120365142822e-01,9.602592140436172485e-02,-8.216930925846099854e-02,6.235130131244659424e-02,7.755158096551895142e-02,2.264778017997741699e-01,-5.978288874030113220e-02,-1.193602234125137329e-01,1.391152441501617432e-01,-9.169614315032958984e-02,1.176934167742729187e-01,2.808987200260162354e-01,6.433539837598800659e-02,-1.786388158798217773e-01,-1.196644082665443420e-01
2.451598942279815674e-01,8.835389465093612671e-02,1.120301187038421631e-01,-6.633615703321993351e-04,8.750421553850173950e-02,-2.232669387012720108e-03,5.359881743788719177e-02,1.679239422082901001e-01,1.329436302185058594e-01,2.990947961807250977e-01,2.723754942417144775e-01,2.553400099277496338e-01,1.502494215965270996e-01,9.542702138423919678e-02,2.293172925710678101e-01,1.140209063887596130e-01,9.893602132797241211e-02,2.403446137905120850e-01,-1.010793894529342651e-01,1.429809331893920898e-01,3.915469050407409668e-01,5.651316642761230469e-01,2.898070402443408966e-02,2.408230602741241455e-01,1.506592333316802979e-01,6.672101467847824097e-02,2.394280284643173218e-01,2.968805730342864990e-01,3.318026065826416016e-01,5.692097544670104980e-01,1.000000000000000000e+00,2.425210177898406982e-01,6.114629656076431274e-02,1.457045227289199829e-01,-3.498988971114158630e-02,2.348615378141403198e-01,2.484777271747589111e-01,1.221197918057441711e-01,3.004210591316223145e-01,8.577106148004531860e-02,6.351238489151000977e-02,1.290861964225769043e-01,1.785284467041492462e-02,2.523769438266754150e-02,2.376003414392471313e-01,1.826128810644149780e-01,2.562083005905151367e-01,3.674474731087684631e-02
1.339557766914367676e-01,-1.311017125844955444e-01,-2.340721487998962402e-01,-2.039371877908706665e-01,2.992775738239288330e-01,7.276259362697601318e-02,9.794077277183532715e-02,-6.951274350285530090e-03,-2.569088712334632874e-02,5.384497344493865967e-02,-1.771768778562545776e-01,-6.722590327262878418e-02,1.661398857831954956e-01,1.410764306783676147e-01,3.862352296710014343e-02,1.429421603679656982e-01,1.117352619767189026e-01,2.978218793869018555e-01,2.851190268993377686e-01,8.903668494895100594e-04,-3.203917145729064941e-01,3.560439050197601318e-01,2.872079908847808838e-01,6.075809597969055176e-01,5.644465610384941101e-02,2.299437224864959717e-01,4.924548044800758362e-02,-2.126495689153671265e-01,-3.816148266196250916e-02,-2.084282487630844116e-01,2.425210177898406982e-01,1.000000000000000000e+00,3.471110388636589050e-02,2.090182602405548096e-01,-2.680516541004180908e-01,5.678902268409729004e-01,1.448651850223541260e-01,7.654172182083129883e-02,2.929071485996246338e-01,4.279505610466003418e-01,3.111057877540588379e-01,7.823102921247482300e-02,2.848944664001464844e-01,-1.728048473596572876e-01,-1.234913989901542664e-01,1.423468440771102905e-01,7.336359024047851562e-01,4.698596298694610596e-01
4.005636870861053467e-01,1.367464959621429443e-01,-4.594843089580535889e-02,-2.615929841995239258e-01,1.695981770753860474e-01,1.916364729404449463e-01,-2.364142419537529349e-04,5.074032545089721680e-01,3.021310865879058838e-01,1.672266423702239990e-01,3.686695694923400879e-01,3.715830743312835693e-01,2.157028019428253174e-02,4.450070559978485107e-01,3.387027084827423096e-01,-9.167306870222091675e-02,4.551219195127487183e-02,-7.130910456180572510e-02,-7.639271765947341919e-02,4.582566022872924805e-02,1.088693886995315552e-01,-1.003208681941032410e-01,-8.204607665538787842e-02,3.432403132319450378e-02,6.695038080215454102e-01,8.546580374240875244e-02,6.337700486183166504e-01,2.281593680381774902e-01,1.427062898874282837e-01,8.499136567115783691e-02,6.114629656076431274e-02,3.471110388636589050e-02,1.000000000000000000e+00,2.391229867935180664e-01,8.699238300323486328e-02,9.781299531459808350e-02,1.509868949651718140e-01,1.449384093284606934e-01,1.492704898118972778e-01,4.177341610193252563e-02,-4.379013553261756897e-02,-4.578202217817306519e-02,-1.992069743573665619e-02,3.380446135997772217e-01,-1.440784614533185959e-02,-3.521376475691795349e-02,5.944409966468811035e-02,3.024819679558277130e-02
