1.000000000000000000e+00,-4.845262691378593445e-02,3.252151310443878174e-01,3.829894363880157471e-01,1.759768724441528320e-01,5.767415743321180344e-03,3.947359696030616760e-02,2.669686675071716309e-01,2.127675153315067291e-02,1.369131058454513550e-01,2.882825732231140137e-01,3.037652671337127686e-01,2.123396843671798706e-01,3.757496476173400879e-01,3.279359340667724609e-01,1.510042697191238403e-01,1.250633597373962402e-02,3.129593096673488617e-03,-4.709109663963317871e-02,1.260740906000137329e-01,3.033658564090728760e-01,1.918267309665679932e-01,2.030579186975955963e-02,5.077753216028213501e-02,4.511460959911346436e-01,1.621929258108139038e-01,3.167897760868072510e-01,4.094856381416320801e-01,1.113031283020973206e-01,5.874641984701156616e-02,9.027220308780670166e-03,1.380132436752319336e-01,5.214915275573730469e-01,2.287179678678512573e-01,2.208490520715713501e-01,8.153869956731796265e-02,3.056315779685974121e-01,1.105941236019134521e-01,-8.304794877767562866e-02,-1.373069882392883301e-01,-6.886211782693862915e-02,-9.713148325681686401e-02,-4.050338268280029297e-02,1.632753461599349976e-01,-8.220046013593673706e-02,1.512005552649497986e-02,6.224003806710243225e-02,1.242518499493598938e-01
-4.845262691378593445e-02,1.000000000000000000e+00,-1.668591648340225220e-01,5.814296379685401917e-02,4.767149984836578369e-01,4.527839720249176025e-01,2.205003052949905396e-01,9.570180624723434448e-02,2.971488237380981445e-01,3.959531784057617188e-01,1.334324330091476440e-01,3.953194245696067810e-02,2.162270545959472656e-01,7.473639398813247681e-02,6.021994724869728088e-02,1.837233603000640869e-01,9.050744771957397461e-02,5.308296531438827515e-02,9.488612413406372070e-02,2.757267951965332031e-01,2.200426906347274780e-01,6.381154060363769531e-02,1.753128468990325928e-01,2.628014981746673584e-01,-4.585104808211326599e-02,2.405563294887542725e-01,-3.406818807125091553e-01,3.031006455421447754e-01,4.161490499973297119e-01,3.577530756592750549e-02,3.006781935691833496e-01,3.338721096515655518e-01,4.878377169370651245e-02,9.109802544116973877e-02,6.580108404159545898e-02,6.599194556474685669e-02,4.437003284692764282e-02,7.382402569055557251e-02,1.602284908294677734e-01,3.004586994647979736e-01,5.638919472694396973e-01,5.488129258155822754e-01,2.715665996074676514e-01,5.284205675125122070e-01,6.072584986686706543e-01,2.229739278554916382e-01,1.576493680477142334e-01,1.765964627265930176e-01
3.252151310443878174e-01,-1.668591648340225220e-01,1.000000000000000000e+00,4.618760645389556885e-01,-1.091305464506149292e-01,-2.349941805005073547e-02,-5.631248932331800461e-03,-7.484711706638336182e-02,-1.679465472698211670e-01,-2.057643085718154907e-01,9.108223766088485718e-02,1.825841516256332397e-01,3.145133145153522491e-03,-5.686505138874053955e-02,1.677536815404891968e-01,8.582537621259689331e-02,-8.914006873965263367e-03,1.787331327795982361e-02,-8.261457085609436035e-02,-1.301008760929107666e-01,1.144323945045471191e-01,2.278924882411956787e-01,2.719196863472461700e-02,-1.572405397891998291e-01,2.763104438781738281e-01,1.373673677444458008e-01,1.434339731931686401e-01,4.050731658935546875e-01,2.250592112541198730e-01,2.277830839157104492e-01,4.931017383933067322e-02,4.862161725759506226e-02,2.522625029087066650e-02,-2.750075422227382660e-03,4.724553972482681274e-02,-2.401413582265377045e-02,-6.788953393697738647e-02,2.549756877124309540e-02,-7.900815457105636597e-02,-8.510067313909530640e-02,7.674818858504295349e-03,-6.226235255599021912e-02,-9.821289032697677612e-02,-1.203285306692123413e-01,-1.301574110984802246e-01,-1.389998048543930054e-01,-1.028890386223793030e-01,5.651751905679702759e-02
3.829894363880157471e-01,5.814296379685401917e-02,4.618760645389556885e-01,1.000000000000000000e+00,2.533311545848846436e-01,2.234476208686828613e-01,2.508345842361450195e-01,-1.345723122358322144e-01,-1.832636594772338867e-01,-9.007754735648632050e-03,9.818859398365020752e-02,1.542143076658248901e-01,3.043914735317230225e-01,-3.786603361368179321e-02,1.249065846204757690e-01,3.006104230880737305e-01,7.144007086753845215e-02,1.667284220457077026e-01,1.317279487848281860e-01,3.204600811004638672e-01,4.879406988620758057e-01,3.600687384605407715e-01,2.062086164951324463e-01,1.025534570217132568e-01,-7.233024388551712036e-02,3.530984222888946533e-01,-9.078022837638854980e-02,3.459181785583496094e-01,4.046103358268737793e-01,3.497431874275207520e-01,2.769721746444702148e-01,2.825493514537811279e-01,2.890435233712196350e-02,6.029694341123104095e-03,4.808546230196952820e-02,1.008085235953330994e-01,3.149163722991943359e-02,1.062316522002220154e-01,1.238684505224227905e-01,1.005376353859901428e-01,2.001969218254089355e-01,2.418277263641357422e-01,2.320211678743362427e-01,-4.187140241265296936e-02,4.158920422196388245e-02,7.721108198165893555e-02,3.971444815397262573e-02,1.309371292591094971e-01
1.759768724441528320e-01,4.767149984836578369e-01,-1.091305464506149292e-01,2.533311545848846436e-01,1.000000000000000000e+00,7.223516106605529785e-01,3.052321076393127441e-01,4.360817372798919678e-02,9.281968325376510620e-02,3.214890062808990479e-01,1.002573072910308838e-01,8.799752593040466309e-02,3.655894398689270020e-01,-6.119668483734130859e-02,1.257771253585815430e-01,3.671852648258209229e-01,1.414449065923690796e-01,1.322936415672302246e-01,3.069575130939483643e-01,4.502780139446258545e-01,2.139263451099395752e-01,7.541412860155105591e-02,1.921159774065017700e-01,2.729465626180171967e-02,-4.589679837226867676e-02,1.691552996635437012e-01,-3.193001151084899902e-01,1.627708673477172852e-01,2.490237802267074585e-01,-2.384830638766288757e-02,1.485447585582733154e-01,1.533899009227752686e-01,4.838591814041137695e-02,9.963415563106536865e-03,-9.864336997270584106e-02,-1.067513525485992432e-01,-4.582679364830255508e-03,-2.358646690845489502e-02,1.397370249032974243e-01,1.714083701372146606e-01,5.438613891601562500e-01,4.362715780735015869e-01,3.071343302726745605e-01,1.082844883203506470e-01,3.046510219573974609e-01,2.216983288526535034e-01,5.221533775329589844e-02,9.792350232601165771e-03
5.767415743321180344e-03,4.527839720249176025e-01,-2.349941805005073547e-02,2.234476208686828613e-01,7.223516106605529785e-01,1.000000000000000000e+00,4.593682587146759033e-01,-1.704628951847553253e-02,1.556066572666168213e-01,3.070764541625976562e-01,2.198262065649032593e-01,1.710777133703231812e-01,4.140758812427520752e-01,-1.438368558883666992e-01,3.039759770035743713e-02,4.025697708129882812e-01,3.256753683090209961e-01,2.568529248237609863e-01,3.978193402290344238e-01,2.958737909793853760e-01,2.278051972389221191e-01,2.060376256704330444e-01,3.046975135803222656e-01,9.760792553424835205e-02,-3.464508336037397385e-03,2.648734450340270996e-01,-3.350941240787506104e-01,2.615045309066772461e-01,4.095554351806640625e-01,2.034888714551925659e-01,3.040492832660675049e-01,2.071481049060821533e-01,-8.724197745323181152e-02,-7.338835299015045166e-02,-1.237546876072883606e-01,1.527730934321880341e-02,-1.550077646970748901e-01,-2.599983848631381989e-02,1.634006649255752563e-01,3.198094666004180908e-01,6.199264526367187500e-01,5.947749614715576172e-01,3.700080513954162598e-01,4.888096824288368225e-03,3.463623821735382080e-01,2.539434731006622314e-01,1.608400344848632812e-01,-1.187045685946941376e-02
3.947359696030616760e-02,2.205003052949905396e-01,-5.631248932331800461e-03,2.508345842361450195e-01,3.052321076393127441e-01,4.593682587146759033e-01,1.000000000000000000e+00,1.981907188892364502e-01,4.190918505191802979e-01,4.907620847225189209e-01,1.046378761529922485e-01,1.416001468896865845e-01,5.265647768974304199e-01,8.937516063451766968e-02,-1.957808807492256165e-02,2.493375837802886963e-01,8.273045420646667480e-01,8.323017954826354980e-01,7.901308536529541016e-01,4.471521973609924316e-01,2.237454354763031006e-01,4.423279762268066406e-01,6.501584053039550781e-01,4.951770603656768799e-01,8.770684152841567993e-02,6.262652277946472168e-01,2.064950168132781982e-01,5.667280778288841248e-02,1.589277982711791992e-01,3.618791401386260986e-01,5.181142091751098633e-01,2.651982009410858154e-01,1.702880561351776123e-01,9.188650548458099365e-02,2.052175849676132202e-01,3.878428936004638672e-01,8.755744248628616333e-02,1.692483872175216675e-01,4.182209670543670654e-01,3.934944868087768555e-01,1.325959861278533936e-01,4.061159789562225342e-01,6.538800001144409180e-01,2.927514910697937012e-01,5.198206305503845215e-01,7.359189391136169434e-01,4.266582131385803223e-01,3.133072853088378906e-01
2.669686675071716309e-01,9.570180624723434448e-02,-7.484711706638336182e-02,-1.345723122358322144e-01,4.360817372798919678e-02,-1.704628951847553253e-02,1.981907188892364502e-01,1.000000000000000000e+00,4.679837822914123535e-01,3.711400926113128662e-01,3.911026120185852051e-01,2.293907552957534790e-01,2.374567687511444092e-01,7.038372159004211426e-01,5.100606679916381836e-01,1.730098277330398560e-01,1.225155070424079895e-01,1.833679527044296265e-01,1.553441137075424194e-01,1.586961597204208374e-01,6.018634885549545288e-02,1.832587867975234985e-01,2.722431123256683350e-01,3.566892445087432861e-01,2.982910573482513428e-01,3.249710798263549805e-01,2.171436697244644165e-01,1.318943351507186890e-01,4.542003199458122253e-02,1.657297313213348389e-01,2.686928808689117432e-01,2.574608027935028076e-01,4.217070341110229492e-01,6.298270225524902344e-01,2.309304028749465942e-01,3.767967224121093750e-01,4.823652207851409912e-01,4.159128367900848389e-01,1.328191608190536499e-01,9.728619456291198730e-02,-8.520537056028842926e-03,5.872214585542678833e-02,9.172604978084564209e-02,3.424299955368041992e-01,2.884191572666168213e-01,3.911150395870208740e-01,3.117997348308563232e-01,3.357096314430236816e-01
2.127675153315067291e-02,2.971488237380981445e-01,-1.679465472698211670e-01,-1.832636594772338867e-01,9.281968325376510620e-02,1.556066572666168213e-01,4.190918505191802979e-01,4.679837822914123535e-01,1.000000000000000000e+00,7.237838506698608398e-01,3.011664152145385742e-01,4.223820865154266357e-01,5.040319561958312988e-01,2.492009252309799194e-01,1.281609386205673218e-01,2.359414696693420410e-01,3.283581435680389404e-01,3.586743772029876709e-01,3.669032752513885498e-01,3.425917625427246094e-01,1.800224184989929199e-01,1.986061632633209229e-01,4.483127892017364502e-01,4.517326951026916504e-01,1.053705736994743347e-01,4.660811126232147217e-01,1.711667925119400024e-01,9.725300222635269165e-02,1.310767978429794312e-01,1.688201427459716797e-01,3.841260671615600586e-01,4.156062602996826172e-01,3.766268789768218994e-01,1.809993982315063477e-01,3.973922729492187500e-01,5.172855257987976074e-01,1.143484115600585938e-01,1.207154914736747742e-01,2.573077082633972168e-01,2.663259506225585938e-01,1.413253396749496460e-01,3.423800766468048096e-01,3.419255614280700684e-01,5.648971199989318848e-01,4.275555312633514404e-01,5.729128718376159668e-01,3.376047313213348389e-01,4.612975418567657471e-01
1.369131058454513550e-01,3.959531784057617188e-01,-2.057643085718154907e-01,-9.007754735648632050e-03,3.214890062808990479e-01,3.070764541625976562e-01,4.907620847225189209e-01,3.711400926113128662e-01,7.237838506698608398e-01,1.000000000000000000e+00,3.067199885845184326e-01,4.353646934032440186e-01,5.505430698394775391e-01,2.480318397283554077e-01,1.284700781106948853e-01,2.972395718097686768e-01,4.124534726142883301e-01,3.948674499988555908e-01,4.499070942401885986e-01,4.857093989849090576e-01,2.817658185958862305e-01,2.513272166252136230e-01,4.785516858100891113e-01,5.081661343574523926e-01,1.630416363477706909e-01,3.968669176101684570e-01,1.286575049161911011e-01,1.081477031111717224e-01,1.116327717900276184e-01,2.175260633230209351e-01,4.203059375286102295e-01,4.400578141212463379e-01,3.898270130157470703e-01,1.307170242071151733e-01,2.982973158359527588e-01,3.914225399494171143e-01,2.045273482799530029e-01,1.305786222219467163e-01,2.881231606006622314e-01,2.574185132980346680e-01,2.329728454351425171e-01,3.433403670787811279e-01,4.126217663288116455e-01,4.530569612979888916e-01,5.161233544349670410e-01,6.363667249679565430e-01,4.248531460762023926e-01,3.964579105377197266e-01
2.882825732231140137e-01,1.334324330091476440e-01,9.108223766088485718e-02,9.818859398365020752e-02,1.002573072910308838e-01,2.198262065649032593e-01,1.046378761529922485e-01,3.911026120185852051e-01,3.011664152145385742e-01,3.067199885845184326e-01,1.000000000000000000e+00,4.948253035545349121e-01,3.639684617519378662e-01,3.427676856517791748e-01,3.611265420913696289e-01,2.769945561885833740e-01,4.430221021175384521e-02,6.701284646987915039e-02,8.627156913280487061e-02,1.014932021498680115e-01,2.784349918365478516e-01,2.943532466888427734e-01,3.048886060714721680e-01,2.571699917316436768e-01,2.835421860218048096e-01,2.406035214662551880e-01,4.350880160927772522e-02,3.729567825794219971e-01,2.798387408256530762e-01,2.578251361846923828e-01,3.381988406181335449e-01,3.401859104633331299e-01,3.905846178531646729e-01,2.782352864742279053e-01,2.248465716838836670e-01,3.241116106510162354e-01,1.178760156035423279e-01,2.278344631195068359e-01,1.164238005876541138e-01,1.723929494619369507e-01,1.636213064193725586e-01,2.558378577232360840e-01,1.630415320396423340e-01,1.192641407251358032e-01,1.271434575319290161e-01,1.817398965358734131e-01,2.994156777858734131e-01,2.419503331184387207e-01
3.037652671337127686e-01,3.953194245696067810e-02,1.825841516256332397e-01,1.542143076658248901e-01,8.799752593040466309e-02,1.710777133703231812e-01,1.416001468896865845e-01,2.293907552957534790e-01,4.223820865154266357e-01,4.353646934032440186e-01,4.948253035545349121e-01,1.000000000000000000e+00,5.677511096000671387e-01,1.151529178023338318e-01,2.324438393115997314e-01,4.106044173240661621e-01,1.063858419656753540e-01,1.275500655174255371e-01,1.680717617273330688e-01,1.886076927185058594e-01,4.163794517517089844e-01,3.837660551071166992e-01,3.544254302978515625e-01,2.771542668342590332e-01,3.070994317531585693e-01,2.878123223781585693e-01,2.506251037120819092e-01,3.964101672172546387e-01,3.033814132213592529e-01,3.743901550769805908e-01,4.096638560295104980e-01,4.106400012969970703e-01,4.236474037170410156e-01,8.195314556360244751e-02,3.853906691074371338e-01,4.323930144309997559e-01,3.839419782161712646e-02,7.147070020437240601e-02,1.921842098236083984e-01,2.599394023418426514e-01,2.138347327709197998e-01,2.677250206470489502e-01,2.254533469676971436e-01,1.932429224252700806e-01,6.054762378334999084e-02,2.375255525112152100e-01,2.986425757408142090e-01,2.104636430740356445e-01
2.123396843671798706e-01,2.162270545959472656e-01,3.145133145153522491e-03,3.043914735317230225e-01,3.655894398689270020e-01,4.140758812427520752e-01,5.265647768974304199e-01,2.374567687511444092e-01,5.040319561958312988e-01,5.505430698394775391e-01,3.639684617519378662e-01,5.677511096000671387e-01,1.000000000000000000e+00,1.502636969089508057e-01,2.035745680332183838e-01,6.784455776214599609e-01,3.309773504734039307e-01,4.876869320869445801e-01,4.871295690536499023e-01,6.000483632087707520e-01,6.216903924942016602e-01,6.148748993873596191e-01,7.088091969490051270e-01,4.456204771995544434e-01,-7.443363219499588013e-02,6.227961778640747070e-01,7.397263497114181519e-02,2.504976689815521240e-01,3.722563087940216064e-01,3.745277822017669678e-01,5.780828595161437988e-01,5.139954686164855957e-01,3.015182316303253174e-01,1.388569474220275879e-01,3.549087643623352051e-01,5.060985684394836426e-01,8.798506855964660645e-02,2.338111996650695801e-01,4.240410029888153076e-01,3.618676066398620605e-01,3.165450096130371094e-01,5.281472206115722656e-01,5.984149575233459473e-01,3.265557885169982910e-01,3.779678046703338623e-01,5.930963754653930664e-01,3.691057860851287842e-01,4.821273684501647949e-01
3.757496476173400879e-01,7.473639398813247681e-02,-5.686505138874053955e-02,-3.786603361368179321e-02,-6.119668483734130859e-02,-1.438368558883666992e-01,8.937516063451766968e-02,7.038372159004211426e-01,2.492009252309799194e-01,2.480318397283554077e-01,3.427676856517791748e-01,1.151529178023338318e-01,1.502636969089508057e-01,1.000000000000000000e+00,5.141029953956604004e-01,4.240017011761665344e-02,5.408827587962150574e-02,9.905219823122024536e-02,2.744182571768760681e-02,1.037656366825103760e-01,1.352225244045257568e-01,2.103358507156372070e-01,1.688242852687835693e-01,3.607996702194213867e-01,2.403803020715713501e-01,3.022623956203460693e-01,2.048223316669464111e-01,1.408854275941848755e-01,4.138942062854766846e-02,1.471845209598541260e-01,2.172346264123916626e-01,2.456064820289611816e-01,4.221848547458648682e-01,5.762661099433898926e-01,1.756747961044311523e-01,2.502011060714721680e-01,6.303471326828002930e-01,4.765164852142333984e-01,4.765687510371208191e-02,-1.596365310251712799e-02,-5.787328258156776428e-02,-5.676431581377983093e-03,7.012534886598587036e-02,2.125979214906692505e-01,2.327327877283096313e-01,2.535063028335571289e-01,2.738540470600128174e-01,3.301215767860412598e-01
3.279359340667724609e-01,6.021994724869728088e-02,1.677536815404891968e-01,1.249065846204757690e-01,1.257771253585815430e-01,3.039759770035743713e-02,-1.957808807492256165e-02,5.100606679916381836e-01,1.281609386205673218e-01,1.284700781106948853e-01,3.611265420913696289e-01,2.324438393115997314e-01,2.035745680332183838e-01,5.141029953956604004e-01,1.000000000000000000e+00,2.996294796466827393e-01,-1.147043183445930481e-01,-8.054204285144805908e-02,-6.872815638780593872e-02,9.317338466644287109e-02,1.781287044286727905e-01,1.059257164597511292e-01,1.100670248270034790e-01,1.360114514827728271e-01,1.656299233436584473e-01,2.425985932350158691e-01,-3.498598933219909668e-02,2.890481054782867432e-01,2.512672841548919678e-01,2.129407376050949097e-01,1.464999616146087646e-01,2.140167951583862305e-01,2.742793262004852295e-01,5.798541307449340820e-01,8.845066279172897339e-02,1.386452764272689819e-01,3.944413661956787109e-01,4.953170120716094971e-01,6.205968093127012253e-03,-2.915917336940765381e-02,2.043995857238769531e-01,1.432608813047409058e-01,6.580505520105361938e-02,2.475320920348167419e-02,1.291501820087432861e-01,1.098593324422836304e-01,7.102778553962707520e-02,1.817121654748916626e-01
1.510042697191238403e-01,1.837233603000640869e-01,8.582537621259689331e-02,3.006104230880737305e-01,3.671852648258209229e-01,4.025697708129882812e-01,2.493375837802886963e-01,1.730098277330398560e-01,2.359414696693420410e-01,2.972395718097686768e-01,2.769945561885833740e-01,4.106044173240661621e-01,6.784455776214599609e-01,4.240017011761665344e-02,2.996294796466827393e-01,1.000000000000000000e+00,4.061212018132209778e-02,1.720937639474868774e-01,2.178706228733062744e-01,4.122907221317291260e-01,5.051549077033996582e-01,4.635233283042907715e-01,5.022734403610229492e-01,2.775225341320037842e-01,-1.878102272748947144e-01,4.250282049179077148e-01,-6.221619620919227600e-02,2.497327029705047607e-01,3.924484550952911377e-01,2.678607702255249023e-01,3.921700417995452881e-01,3.907192349433898926e-01,1.963434368371963501e-01,1.139448061585426331e-01,2.591564357280731201e-01,3.832534551620483398e-01,-7.740077096968889236e-03,1.866096109151840210e-01,3.909835815429687500e-01,3.179541528224945068e-01,3.123916685581207275e-01,4.359229803085327148e-01,3.479050397872924805e-01,1.273036897182464600e-01,2.746495902538299561e-01,3.265282809734344482e-01,2.190406918525695801e-01,3.532948195934295654e-01
1.250633597373962402e-02,9.050744771957397461e-02,-8.914006873965263367e-03,7.144007086753845215e-02,1.414449065923690796e-01,3.256753683090209961e-01,8.273045420646667480e-01,1.225155070424079895e-01,3.283581435680389404e-01,4.124534726142883301e-01,4.430221021175384521e-02,1.063858419656753540e-01,3.309773504734039307e-01,5.408827587962150574e-02,-1.147043183445930481e-01,4.061212018132209778e-02,1.000000000000000000e+00,8.149809241294860840e-01,7.987239360809326172e-01,2.330291271209716797e-01,2.002908661961555481e-02,3.155009746551513672e-01,5.074878334999084473e-01,4.180031120777130127e-01,2.289382517337799072e-01,3.822533786296844482e-01,2.989035844802856445e-01,-5.187588930130004883e-02,-4.804180935025215149e-02,3.113482892513275146e-01,3.702432811260223389e-01,7.448060065507888794e-02,1.252630203962326050e-01,4.922147095203399658e-02,1.207843795418739319e-01,2.441016882658004761e-01,4.321056604385375977e-02,1.025121882557868958e-01,2.836315035820007324e-01,2.980417311191558838e-01,-1.993536762893199921e-02,2.180060297250747681e-01,5.071072578430175781e-01,1.754206568002700806e-01,4.591352939605712891e-01,6.559568047523498535e-01,4.060993492603302002e-01,8.000687509775161743e-02
3.129593096673488617e-03,5.308296531438827515e-02,1.787331327795982361e-02,1.667284220457077026e-01,1.322936415672302246e-01,2.568529248237609863e-01,8.323017954826354980e-01,1.833679527044296265e-01,3.586743772029876709e-01,3.948674499988555908e-01,6.701284646987915039e-02,1.275500655174255371e-01,4.876869320869445801e-01,9.905219823122024536e-02,-8.054204285144805908e-02,1.720937639474868774e-01,8.149809241294860840e-01,1.000000000000000000e+00,8.083137273788452148e-01,3.920961320400238037e-01,1.860415041446685791e-01,4.904717803001403809e-01,6.899363398551940918e-01,4.411398470401763916e-01,6.061661988496780396e-02,5.642462372779846191e-01,3.204779028892517090e-01,-6.306900829076766968e-02,1.424689404666423798e-02,3.408317267894744873e-01,5.074030160903930664e-01,1.995712518692016602e-01,1.403619796037673950e-01,1.115270182490348816e-01,1.920464634895324707e-01,3.638119101524353027e-01,1.115914210677146912e-01,1.906236708164215088e-01,4.030633866786956787e-01,3.136382102966308594e-01,-2.307263761758804321e-02,2.670563757419586182e-01,6.148657798767089844e-01,2.710951566696166992e-01,4.342387616634368896e-01,7.396379113197326660e-01,3.581090569496154785e-01,2.829768955707550049e-01
-4.709109663963317871e-02,9.488612413406372070e-02,-8.261457085609436035e-02,1.317279487848281860e-01,3.069575130939483643e-01,3.978193402290344238e-01,7.901308536529541016e-01,1.553441137075424194e-01,3.669032752513885498e-01,4.499070942401885986e-01,8.627156913280487061e-02,1.680717617273330688e-01,4.871295690536499023e-01,2.744182571768760681e-02,-6.872815638780593872e-02,2.178706228733062744e-01,7.987239360809326172e-01,8.083137273788452148e-01,1.000000000000000000e+00,4.259467422962188721e-01,1.011087819933891296e-01,3.981185853481292725e-01,6.410769820213317871e-01,4.076716899871826172e-01,6.646211445331573486e-02,4.346176385879516602e-01,2.515064179897308350e-01,-9.241358190774917603e-02,4.087409749627113342e-02,3.157754540443420410e-01,4.305830299854278564e-01,1.487049311399459839e-01,1.486510783433914185e-01,8.526638895273208618e-02,1.582116782665252686e-01,3.033897280693054199e-01,2.252181991934776306e-02,1.231355965137481689e-01,4.046656191349029541e-01,3.427477478981018066e-01,6.910514086484909058e-02,3.099974989891052246e-01,5.963699221611022949e-01,2.001119703054428101e-01,4.340129792690277100e-01,6.797202229499816895e-01,3.725539743900299072e-01,2.075548768043518066e-01
1.260740906000137329e-01,2.757267951965332031e-01,-1.301008760929107666e-01,3.204600811004638672e-01,4.502780139446258545e-01,2.958737909793853760e-01,4.471521973609924316e-01,1.586961597204208374e-01,3.425917625427246094e-01,4.857093989849090576e-01,1.014932021498680115e-01,1.886076927185058594e-01,6.000483632087707520e-01,1.037656366825103760e-01,9.317338466644287109e-02,4.122907221317291260e-01,2.330291271209716797e-01,3.920961320400238037e-01,4.259467422962188721e-01,1.000000000000000000e+00,6.272705197334289551e-01,4.057328999042510986e-01,4.216071963310241699e-01,2.756918370723724365e-01,-2.494476288557052612e-01,4.746832549571990967e-01,-1.067243292927742004e-01,1.055960282683372498e-01,2.172935307025909424e-01,9.212592989206314087e-02,3.715924918651580811e-01,4.082732200622558594e-01,2.040238976478576660e-01,7.004323601722717285e-02,2.155708670616149902e-01,2.357439249753952026e-01,1.080232188105583191e-01,2.057483941316604614e-01,3.485990166664123535e-01,1.649340391159057617e-01,2.085223793983459473e-01,4.505968093872070312e-01,6.191892623901367188e-01,2.684120237827301025e-01,3.998706936836242676e-01,5.751451253890991211e-01,2.265031933784484863e-01,4.020974040031433105e-01
3.033658564090728760e-01,2.200426906347274780e-01,1.144323945045471191e-01,4.879406988620758057e-01,2.139263451099395752e-01,2.278051972389221191e-01,2.237454354763031006e-01,6.018634885549545288e-02,1.800224184989929199e-01,2.817658185958862305e-01,2.784349918365478516e-01,4.163794517517089844e-01,6.216903924942016602e-01,1.352225244045257568e-01,1.781287044286727905e-01,5.051549077033996582e-01,2.002908661961555481e-02,1.860415041446685791e-01,1.011087819933891296e-01,6.272705197334289551e-01,1.000000000000000000e+00,5.993300676345825195e-01,3.897707462310791016e-01,2.385998964309692383e-01,-1.120423898100852966e-01,4.627409577369689941e-01,-1.047531813383102417e-01,4.648999571800231934e-01,4.873145520687103271e-01,3.000905811786651611e-01,4.640854001045227051e-01,5.091127753257751465e-01,1.663353145122528076e-01,8.676743134856224060e-03,1.645889729261398315e-01,2.610189318656921387e-01,4.678196832537651062e-02,2.011360824108123779e-01,1.708951443433761597e-01,1.380433589220046997e-01,2.804322242736816406e-01,4.810052812099456787e-01,4.869051873683929443e-01,1.622934788465499878e-01,2.399746179580688477e-01,3.306410014629364014e-01,1.803982108831405640e-01,3.897681236267089844e-01
1.918267309665679932e-01,6.381154060363769531e-02,2.278924882411956787e-01,3.600687384605407715e-01,7.541412860155105591e-02,2.060376256704330444e-01,4.423279762268066406e-01,1.832587867975234985e-01,1.986061632633209229e-01,2.513272166252136230e-01,2.943532466888427734e-01,3.837660551071166992e-01,6.148748993873596191e-01,2.103358507156372070e-01,1.059257164597511292e-01,4.635233283042907715e-01,3.155009746551513672e-01,4.904717803001403809e-01,3.981185853481292725e-01,4.057328999042510986e-01,5.993300676345825195e-01,1.000000000000000000e+00,6.932845115661621094e-01,4.957616329193115234e-01,6.503573153167963028e-03,5.569828152656555176e-01,1.835584491491317749e-01,3.995559513568878174e-01,4.375862479209899902e-01,5.732797384262084961e-01,7.345675230026245117e-01,5.558180212974548340e-01,1.842576563358306885e-01,1.540180444717407227e-01,2.916752696037292480e-01,4.849494397640228271e-01,1.034137085080146790e-01,2.758499979972839355e-01,3.517660200595855713e-01,2.792354524135589600e-01,1.101183742284774780e-01,4.029520153999328613e-01,5.169114470481872559e-01,1.402442902326583862e-01,3.222027719020843506e-01,4.594440162181854248e-01,4.166610538959503174e-01,5.719264149665832520e-01
2.030579186975955963e-02,1.753128468990325928e-01,2.719196863472461700e-02,2.062086164951324463e-01,1.921159774065017700e-01,3.046975135803222656e-01,6.501584053039550781e-01,2.722431123256683350e-01,4.483127892017364502e-01,4.785516858100891113e-01,3.048886060714721680e-01,3.544254302978515625e-01,7.088091969490051270e-01,1.688242852687835693e-01,1.100670248270034790e-01,5.022734403610229492e-01,5.074878334999084473e-01,6.899363398551940918e-01,6.410769820213317871e-01,4.216071963310241699e-01,3.897707462310791016e-01,6.932845115661621094e-01,1.000000000000000000e+00,5.847553014755249023e-01,-8.998906239867210388e-03,6.383783221244812012e-01,2.016995549201965332e-01,1.632547825574874878e-01,2.943555712699890137e-01,4.825184941291809082e-01,7.001110911369323730e-01,4.858526885509490967e-01,2.481364458799362183e-01,2.438833117485046387e-01,3.207774162292480469e-01,5.678812265396118164e-01,1.607317328453063965e-01,3.038791120052337646e-01,5.407770872116088867e-01,4.883423149585723877e-01,1.659865826368331909e-01,4.470904767513275146e-01,6.379013657569885254e-01,3.123124837875366211e-01,4.426141679286956787e-01,6.724774241447448730e-01,4.781263470649719238e-01,5.876922011375427246e-01
5.077753216028213501e-02,2.628014981746673584e-01,-1.572405397891998291e-01,1.025534570217132568e-01,2.729465626180171967e-02,9.760792553424835205e-02,4.951770603656768799e-01,3.566892445087432861e-01,4.517326951026916504e-01,5.081661343574523926e-01,2.571699917316436768e-01,2.771542668342590332e-01,4.456204771995544434e-01,3.607996702194213867e-01,1.360114514827728271e-01,2.775225341320037842e-01,4.180031120777130127e-01,4.411398470401763916e-01,4.076716899871826172e-01,2.756918370723724365e-01,2.385998964309692383e-01,4.957616329193115234e-01,5.847553014755249023e-01,1.000000000000000000e+00,2.713857404887676239e-02,5.222579240798950195e-01,2.441860884428024292e-01,1.186934038996696472e-01,1.949358433485031128e-01,4.676750004291534424e-01,6.470703482627868652e-01,5.558062195777893066e-01,3.568838536739349365e-01,2.290607094764709473e-01,3.925075829029083252e-01,6.736389994621276855e-01,2.494702786207199097e-01,2.380149215459823608e-01,4.747678637504577637e-01,4.735066294670104980e-01,2.750236541032791138e-02,2.860644161701202393e-01,4.684591591358184814e-01,3.393434882164001465e-01,4.879630506038665771e-01,5.672686696052551270e-01,7.150725126266479492e-01,4.552021026611328125e-01
4.511460959911346436e-01,-4.585104808211326599e-02,2.763104438781738281e-01,-7.233024388551712036e-02,-4.589679837226867676e-02,-3.464508336037397385e-03,8.770684152841567993e-02,2.982910573482513428e-01,1.053705736994743347e-01,1.630416363477706909e-01,2.835421860218048096e-01,3.070994317531585693e-01,-7.443363219499588013e-02,2.403803020715713501e-01,1.656299233436584473e-01,-1.878102272748947144e-01,2.289382517337799072e-01,6.061661988496780396e-02,6.646211445331573486e-02,-2.494476288557052612e-01,-1.120423898100852966e-01,6.503573153167963028e-03,-8.998906239867210388e-03,2.713857404887676239e-02,1.000000000000000000e+00,-1.220008730888366699e-01,4.477320909500122070e-01,3.767238259315490723e-01,-6.160009652376174927e-02,9.350991994142532349e-02,-2.888155728578567505e-02,-6.121524423360824585e-02,4.337971210479736328e-01,1.554976850748062134e-01,2.314938232302665710e-02,-4.655906185507774353e-02,1.978833824396133423e-01,-2.768306620419025421e-02,-1.939167529344558716e-01,-6.492502242326736450e-02,-9.905966371297836304e-02,-2.256069332361221313e-01,-1.398234367370605469e-01,6.888206303119659424e-02,-7.603178918361663818e-02,-1.065659150481224060e-02,9.463036060333251953e-02,-8.904311060905456543e-02
1.621929258108139038e-01,2.405563294887542725e-01,1.373673677444458008e-01,3.530984222888946533e-01,1.691552996635437012e-01,2.648734450340270996e-01,6.262652277946472168e-01,3.249710798263549805e-01,4.660811126232147217e-01,3.968669176101684570e-01,2.406035214662551880e-01,2.878123223781585693e-01,6.227961778640747070e-01,3.022623956203460693e-01,2.425985932350158691e-01,4.250282049179077148e-01,3.822533786296844482e-01,5.642462372779846191e-01,4.346176385879516602e-01,4.746832549571990967e-01,4.627409577369689941e-01,5.569828152656555176e-01,6.383783221244812012e-01,5.222579240798950195e-01,-1.220008730888366699e-01,1.000000000000000000e+00,6.759516894817352295e-02,2.737348079681396484e-01,4.863495230674743652e-01,4.738208651542663574e-01,6.568595767021179199e-01,5.664999485015869141e-01,2.208232432603836060e-01,2.251212596893310547e-01,3.827897012233734131e-01,5.886205434799194336e-01,1.662307530641555786e-01,3.488163053989410400e-01,4.540856182575225830e-01,3.764573335647583008e-01,2.262940704822540283e-01,5.410672426223754883e-01,5.929614901542663574e-01,4.096175730228424072e-01,4.545837342739105225e-01,6.413166522979736328e-01,3.339553773403167725e-01,5.639146566390991211e-01
3.167897760868072510e-01,-3.406818807125091553e-01,1.434339731931686401e-01,-9.078022837638854980e-02,-3.193001151084899902e-01,-3.350941240787506104e-01,2.064950168132781982e-01,2.171436697244644165e-01,1.711667925119400024e-01,1.286575049161911011e-01,4.350880160927772522e-02,2.506251037120819092e-01,7.397263497114181519e-02,2.048223316669464111e-01,-3.498598933219909668e-02,-6.221619620919227600e-02,2.989035844802856445e-01,3.204779028892517090e-01,2.515064179897308350e-01,-1.067243292927742004e-01,-1.047531813383102417e-01,1.835584491491317749e-01,2.016995549201965332e-01,2.441860884428024292e-01,4.477320909500122070e-01,6.759516894817352295e-02,1.000000000000000000e+00,-6.348967552185058594e-02,-2.874996960163116455e-01,1.481218636035919189e-01,3.085484914481639862e-02,-6.035976484417915344e-02,5.328203439712524414e-01,1.463955789804458618e-01,3.599147498607635498e-01,3.010673224925994873e-01,2.305636405944824219e-01,2.472645789384841919e-02,1.434239745140075684e-01,1.840698346495628357e-02,-5.421954989433288574e-01,-3.884405195713043213e-01,1.195802073925733566e-02,2.133760303258895874e-01,-9.789353609085083008e-02,1.800255626440048218e-01,2.264903634786605835e-01,1.227328777313232422e-01
4.094856381416320801e-01,3.031006455421447754e-01,4.050731658935546875e-01,3.459181785583496094e-01,1.627708673477172852e-01,2.615045309066772461e-01,5.667280778288841248e-02,1.318943351507186890e-01,9.725300222635269165e-02,1.081477031111717224e-01,3.729567825794219971e-01,3.964101672172546387e-01,2.504976689815521240e-01,1.408854275941848755e-01,2.890481054782867432e-01,2.497327029705047607e-01,-5.187588930130004883e-02,-6.306900829076766968e-02,-9.241358190774917603e-02,1.055960282683372498e-01,4.648999571800231934e-01,3.995559513568878174e-01,1.632547825574874878e-01,1.186934038996696472e-01,3.767238259315490723e-01,2.737348079681396484e-01,-6.348967552185058594e-02,1.000000000000000000e+00,7.259597182273864746e-01,3.826582431793212891e-01,3.787155449390411377e-01,4.052697718143463135e-01,1.893411427736282349e-01,9.221575409173965454e-02,1.088311150670051575e-01,1.612350642681121826e-01,2.103939838707447052e-02,1.036258563399314880e-01,-3.077742829918861389e-02,1.095358729362487793e-01,3.961583077907562256e-01,4.568589329719543457e-01,1.795331537723541260e-01,1.126167997717857361e-01,1.369084715843200684e-01,1.058472413569688797e-02,1.268052458763122559e-01,2.368070483207702637e-01
1.113031283020973206e-01,4.161490499973297119e-01,2.250592112541198730e-01,4.046103358268737793e-01,2.490237802267074585e-01,4.095554351806640625e-01,1.589277982711791992e-01,4.542003199458122253e-02,1.310767978429794312e-01,1.116327717900276184e-01,2.798387408256530762e-01,3.033814132213592529e-01,3.722563087940216064e-01,4.138942062854766846e-02,2.512672841548919678e-01,3.924484550952911377e-01,-4.804180935025215149e-02,1.424689404666423798e-02,4.087409749627113342e-02,2.172935307025909424e-01,4.873145520687103271e-01,4.375862479209899902e-01,2.943555712699890137e-01,1.949358433485031128e-01,-6.160009652376174927e-02,4.863495230674743652e-01,-2.874996960163116455e-01,7.259597182273864746e-01,1.000000000000000000e+00,5.313532948493957520e-01,5.321354866027832031e-01,5.056767463684082031e-01,-5.243076756596565247e-02,7.295324653387069702e-02,1.225398033857345581e-01,2.809601724147796631e-01,-9.744476526975631714e-02,1.295830309391021729e-01,1.851366311311721802e-01,2.900387644767761230e-01,5.781447887420654297e-01,7.057121992111206055e-01,3.132039904594421387e-01,1.378904432058334351e-01,2.701421380043029785e-01,1.086817979812622070e-01,1.457164138555526733e-01,3.087079226970672607e-01
5.874641984701156616e-02,3.577530756592750549e-02,2.277830839157104492e-01,3.497431874275207520e-01,-2.384830638766288757e-02,2.034888714551925659e-01,3.618791401386260986e-01,1.657297313213348389e-01,1.688201427459716797e-01,2.175260633230209351e-01,2.578251361846923828e-01,3.743901550769805908e-01,3.745277822017669678e-01,1.471845209598541260e-01,2.129407376050949097e-01,2.678607702255249023e-01,3.113482892513275146e-01,3.408317267894744873e-01,3.157754540443420410e-01,9.212592989206314087e-02,3.000905811786651611e-01,5.732797384262084961e-01,4.825184941291809082e-01,4.676750004291534424e-01,9.350991994142532349e-02,4.738208651542663574e-01,1.481218636035919189e-01,3.826582431793212891e-01,5.313532948493957520e-01,1.000000000000000000e+00,6.515150070190429688e-01,4.882898926734924316e-01,2.040337212383747101e-02,1.865235567092895508e-01,1.907651573419570923e-01,4.765137135982513428e-01,9.861469268798828125e-02,2.421770989894866943e-01,2.517669200897216797e-01,3.472802937030792236e-01,2.219266444444656372e-01,4.294690191745758057e-01,3.537952899932861328e-01,5.226042121648788452e-02,2.373513430356979370e-01,3.367808461189270020e-01,3.887736797332763672e-01,2.973543405532836914e-01
9.027220308780670166e-03,3.006781935691833496e-01,4.931017383933067322e-02,2.769721746444702148e-01,1.485447585582733154e-01,3.040492832660675049e-01,5.181142091751098633e-01,2.686928808689117432e-01,3.841260671615600586e-01,4.203059375286102295e-01,3.381988406181335449e-01,4.096638560295104980e-01,5.780828595161437988e-01,2.172346264123916626e-01,1.464999616146087646e-01,3.921700417995452881e-01,3.702432811260223389e-01,5.074030160903930664e-01,4.305830299854278564e-01,3.715924918651580811e-01,4.640854001045227051e-01,7.345675230026245117e-01,7.001110911369323730e-01,6.470703482627868652e-01,-2.888155728578567505e-02,6.568595767021179199e-01,3.085484914481639862e-02,3.787155449390411377e-01,5.321354866027832031e-01,6.515150070190429688e-01,1.000000000000000000e+00,7.072254419326782227e-01,1.377854943275451660e-01,2.031321823596954346e-01,3.374888300895690918e-01,6.036316156387329102e-01,1.410260200500488281e-01,2.896189391613006592e-01,4.703576266765594482e-01,5.042899250984191895e-01,3.432110249996185303e-01,5.980610251426696777e-01,5.920350551605224609e-01,2.441032677888870239e-01,4.651567339897155762e-01,5.721366405487060547e-01,5.581463575363159180e-01,5.154345631599426270e-01
1.380132436752319336e-01,3.338721096515655518e-01,4.862161725759506226e-02,2.825493514537811279e-01,1.533899009227752686e-01,2.071481049060821533e-01,2.651982009410858154e-01,2.574608027935028076e-01,4.156062602996826172e-01,4.400578141212463379e-01,3.401859104633331299e-01,4.106400012969970703e-01,5.139954686164855957e-01,2.456064820289611816e-01,2.140167951583862305e-01,3.907192349433898926e-01,7.448060065507888794e-02,1.995712518692016602e-01,1.487049311399459839e-01,4.082732200622558594e-01,5.091127753257751465e-01,5.558180212974548340e-01,4.858526885509490967e-01,5.558062195777893066e-01,-6.121524423360824585e-02,5.664999485015869141e-01,-6.035976484417915344e-02,4.052697718143463135e-01,5.056767463684082031e-01,4.882898926734924316e-01,7.072254419326782227e-01,1.000000000000000000e+00,2.511541545391082764e-01,1.945912986993789673e-01,4.128921031951904297e-01,5.865406990051269531e-01,1.593638509511947632e-01,2.758078277111053467e-01,3.835501074790954590e-01,4.140917062759399414e-01,3.596129417419433594e-01,5.302203297615051270e-01,4.298149347305297852e-01,2.964859902858734131e-01,3.614840209484100342e-01,4.376296699047088623e-01,5.043321251869201660e-01,5.904672741889953613e-01
5.214915275573730469e-01,4.878377169370651245e-02,2.522625029087066650e-02,2.890435233712196350e-02,4.838591814041137695e-02,-8.724197745323181152e-02,1.702880561351776123e-01,4.217070341110229492e-01,3.766268789768218994e-01,3.898270130157470703e-01,3.905846178531646729e-01,4.236474037170410156e-01,3.015182316303253174e-01,4.221848547458648682e-01,2.742793262004852295e-01,1.963434368371963501e-01,1.252630203962326050e-01,1.403619796037673950e-01,1.486510783433914185e-01,2.040238976478576660e-01,1.663353145122528076e-01,1.842576563358306885e-01,2.481364458799362183e-01,3.568838536739349365e-01,4.337971210479736328e-01,2.208232432603836060e-01,5.328203439712524414e-01,1.893411427736282349e-01,-5.243076756596565247e-02,2.040337212383747101e-02,1.377854943275451660e-01,2.511541545391082764e-01,1.000000000000000000e+00,3.385233879089355469e-01,5.114089250564575195e-01,4.222671687602996826e-01,2.840619087219238281e-01,1.068161725997924805e-01,2.709393501281738281e-01,1.484567672014236450e-01,-2.052509784698486328e-01,-7.546902447938919067e-02,1.382038444280624390e-01,3.471253216266632080e-01,1.326166391372680664e-01,2.832999527454376221e-01,3.552307188510894775e-01,3.545878827571868896e-01
