1.000000000000000000e+00,3.880279362201690674e-01,7.898738980293273926e-02,4.254951179027557373e-01,5.988863706588745117e-01,5.552536249160766602e-01,1.093035042285919189e-01,-2.743411362171173096e-01,2.190821105614304543e-03,3.568674027919769287e-01,-1.987553685903549194e-01,-2.106848508119583130e-01,1.024643033742904663e-01,-1.226807981729507446e-01,-2.249064445495605469e-01,-1.299134790897369385e-01,-1.110099256038665771e-01,7.425566017627716064e-02,6.793402135372161865e-02,2.422877252101898193e-01,2.959247231483459473e-01,3.679518997669219971e-01,-7.136049121618270874e-02,5.216317623853683472e-02,-2.692740410566329956e-02,-5.232328921556472778e-02,8.947095274925231934e-02,6.077153682708740234e-01,6.384485960006713867e-01,2.992469966411590576e-01,2.470670044422149658e-01,1.529668569564819336e-01,5.610836297273635864e-02,-1.433556079864501953e-01,-3.334219157695770264e-01,-3.112559951841831207e-02,3.174503892660140991e-02,-2.835886776447296143e-01,-3.041616380214691162e-01,-3.351754844188690186e-01,4.967224597930908203e-01,3.335780203342437744e-01,2.454140037298202515e-01,2.150316238403320312e-01,3.365330398082733154e-01,2.833148837089538574e-01,2.907710336148738861e-02,3.586537390947341919e-02
3.880279362201690674e-01,1.000000000000000000e+00,-1.617856025695800781e-01,-3.265198692679405212e-02,4.414164721965789795e-01,4.156589806079864502e-01,4.890160262584686279e-02,-2.046541422605514526e-01,3.276352286338806152e-01,5.071600079536437988e-01,-1.777871847152709961e-01,-8.111280947923660278e-02,1.976049840450286865e-01,-3.703226149082183838e-01,-4.042014181613922119e-01,-2.784295082092285156e-01,-4.450169205665588379e-02,1.205693557858467102e-01,1.700938791036605835e-01,1.830143779516220093e-01,5.280618742108345032e-02,8.777727931737899780e-02,-7.212981581687927246e-02,5.583916231989860535e-02,-4.225085675716400146e-02,-1.099245548248291016e-01,1.730210781097412109e-01,4.448663294315338135e-01,5.033883452415466309e-01,7.848649471998214722e-02,2.216688171029090881e-02,6.156452000141143799e-02,2.728396952152252197e-01,-2.024207860231399536e-01,-1.814913600683212280e-01,1.267096307128667831e-02,-1.124857291579246521e-01,-3.007913827896118164e-01,-1.975441873073577881e-01,-2.435840517282485962e-01,5.477557778358459473e-01,4.497102499008178711e-01,4.114509224891662598e-01,6.258876919746398926e-01,6.370981931686401367e-01,5.592073798179626465e-01,-9.764434769749641418e-03,-2.066925354301929474e-02
7.898738980293273926e-02,-1.617856025695800781e-01,1.000000000000000000e+00,5.681600570678710938e-01,-3.486697003245353699e-02,7.571774534881114960e-03,4.379146397113800049e-01,5.401186645030975342e-02,4.302170500159263611e-02,-4.043520987033843994e-02,-2.952623739838600159e-02,5.482961982488632202e-02,1.929262131452560425e-01,2.164753079414367676e-01,2.056774497032165527e-01,2.470513135194778442e-01,2.868785858154296875e-01,1.835976690053939819e-01,2.050496339797973633e-01,2.289550304412841797e-01,2.033019959926605225e-01,2.530238032341003418e-01,2.275331318378448486e-01,2.678908966481685638e-02,4.302802309393882751e-02,4.975686073303222656e-01,-1.205685734748840332e-02,7.173220813274383545e-02,7.220765203237533569e-02,2.823344469070434570e-01,1.421493291854858398e-01,-8.119602687656879425e-03,6.797181814908981323e-02,1.405287832021713257e-01,2.396458201110363007e-02,1.342706680297851562e-01,2.196985930204391479e-01,9.322108328342437744e-02,5.786857008934020996e-02,3.749374672770500183e-02,-2.148786634206771851e-01,-1.187001839280128479e-01,2.236372604966163635e-02,-4.608202725648880005e-02,-6.943906098604202271e-02,-2.547676488757133484e-02,6.463517248630523682e-02,-1.167765539139509201e-02
4.254951179027557373e-01,-3.265198692679405212e-02,5.681600570678710938e-01,1.000000000000000000e+00,1.337302029132843018e-01,2.254735678434371948e-01,3.095187544822692871e-01,2.172213606536388397e-02,-1.526901684701442719e-02,3.252781927585601807e-02,-4.614576324820518494e-02,4.460357129573822021e-02,1.459019929170608521e-01,2.417122423648834229e-01,2.425976544618606567e-01,2.537081241607666016e-01,1.186349242925643921e-01,8.234316855669021606e-02,1.802505999803543091e-01,4.034406542778015137e-01,4.203661978244781494e-01,4.152366220951080322e-01,7.698971033096313477e-02,1.608514599502086639e-02,2.420466765761375427e-02,2.904178798198699951e-01,2.565140090882778168e-02,2.362960875034332275e-01,2.782692015171051025e-01,4.331726133823394775e-01,2.873690724372863770e-01,-4.722416400909423828e-03,9.615488350391387939e-02,1.674638539552688599e-01,-8.732418715953826904e-02,2.782000787556171417e-02,1.738200187683105469e-01,9.859308600425720215e-02,-8.994778990745544434e-02,-8.934640139341354370e-02,-4.813920333981513977e-02,-8.713939040899276733e-02,1.240636557340621948e-01,2.116141654551029205e-02,-1.505571696907281876e-02,-2.949634380638599396e-02,-1.500495336949825287e-02,3.435672027990221977e-03
5.988863706588745117e-01,4.414164721965789795e-01,-3.486697003245353699e-02,1.337302029132843018e-01,1.000000000000000000e+00,7.279095053672790527e-01,1.775666326284408569e-01,-4.119797646999359131e-01,-5.507957562804222107e-02,4.077692627906799316e-01,-1.991484463214874268e-01,-1.862189322710037231e-01,1.959239244461059570e-01,-2.349794656038284302e-01,-4.033164978027343750e-01,-1.538308709859848022e-01,5.119100678712129593e-03,1.797330975532531738e-01,1.892899423837661743e-01,2.130342721939086914e-01,2.131189405918121338e-01,2.624247372150421143e-01,2.249915525317192078e-02,5.331184715032577515e-02,-1.478248685598373413e-01,-5.128400772809982300e-02,-7.967863976955413818e-02,5.900297760963439941e-01,6.119245886802673340e-01,1.826738119125366211e-01,1.758161783218383789e-01,1.780145168304443359e-01,-9.707431495189666748e-02,-2.581450045108795166e-01,-2.395674437284469604e-01,6.397386547178030014e-03,-5.882084369659423828e-02,-3.413741290569305420e-01,-2.019973248243331909e-01,-2.530501186847686768e-01,6.139383912086486816e-01,6.042094826698303223e-01,3.472014665603637695e-01,1.125141084194183350e-01,4.453781247138977051e-01,4.654440581798553467e-01,5.940032377839088440e-02,2.802348881959915161e-02
5.552536249160766602e-01,4.156589806079864502e-01,7.571774534881114960e-03,2.254735678434371948e-01,7.279095053672790527e-01,1.000000000000000000e+00,2.313092052936553955e-01,-2.993034720420837402e-01,-1.722240634262561798e-02,3.804047107696533203e-01,-1.253601014614105225e-01,-5.531712248921394348e-02,1.932410150766372681e-01,-2.385438531637191772e-01,-3.097165524959564209e-01,-6.882367283105850220e-02,5.380124226212501526e-02,2.340405434370040894e-01,2.465635538101196289e-01,3.152047395706176758e-01,2.898215651512145996e-01,3.251889348030090332e-01,1.071510463953018188e-02,6.905762851238250732e-02,-1.225220635533332825e-01,-1.804002001881599426e-02,-4.271345585584640503e-02,5.865584611892700195e-01,6.239699721336364746e-01,2.217545658349990845e-01,2.179979681968688965e-01,2.019845545291900635e-01,-6.732363998889923096e-02,-1.800223588943481445e-01,-1.541308611631393433e-01,2.905612997710704803e-02,-6.517504155635833740e-02,-2.511962056159973145e-01,-1.881819516420364380e-01,-2.022657543420791626e-01,5.616567730903625488e-01,5.602240562438964844e-01,3.925586938858032227e-01,1.486774981021881104e-01,4.598688185214996338e-01,4.118038713932037354e-01,8.365764468908309937e-02,1.704960130155086517e-02
1.093035042285919189e-01,4.890160262584686279e-02,4.379146397113800049e-01,3.095187544822692871e-01,1.775666326284408569e-01,2.313092052936553955e-01,1.000000000000000000e+00,1.269932650029659271e-02,1.806485205888748169e-01,3.042795360088348389e-01,8.223599940538406372e-02,2.921721041202545166e-01,4.928181469440460205e-01,6.711624562740325928e-02,-6.781327724456787109e-02,2.346545606851577759e-01,7.197563052177429199e-01,6.589651107788085938e-01,5.684443116188049316e-01,3.257223367691040039e-01,1.830292195081710815e-01,4.197357594966888428e-01,4.960499405860900879e-01,1.539239883422851562e-01,1.531856954097747803e-01,5.875715613365173340e-01,5.472998693585395813e-02,2.589345872402191162e-01,2.743477821350097656e-01,3.988101780414581299e-01,2.602508366107940674e-01,1.802634894847869873e-01,5.073750391602516174e-02,9.340424090623855591e-02,2.920055575668811798e-02,2.642926573753356934e-01,4.370809998363256454e-03,5.352199822664260864e-02,9.813488274812698364e-02,2.345041632652282715e-01,-1.151299104094505310e-02,2.459198832511901855e-01,3.549341857433319092e-01,8.718608319759368896e-02,2.643940746784210205e-01,2.774468064308166504e-01,2.416533380746841431e-01,2.041149735450744629e-01
-2.743411362171173096e-01,-2.046541422605514526e-01,5.401186645030975342e-02,2.172213606536388397e-02,-4.119797646999359131e-01,-2.993034720420837402e-01,1.269932650029659271e-02,1.000000000000000000e+00,3.346752524375915527e-01,-1.810683608055114746e-01,6.117237806320190430e-01,4.385059475898742676e-01,-6.555684842169284821e-03,4.946318268775939941e-01,5.679312348365783691e-01,3.098283708095550537e-01,3.483335301280021667e-02,-2.556671760976314545e-02,-6.336348131299018860e-03,-3.714833408594131470e-02,-1.342322081327438354e-01,-6.701217591762542725e-02,1.519633233547210693e-01,1.199103146791458130e-01,3.470148742198944092e-01,1.519410964101552963e-02,4.230006635189056396e-01,-2.294271290302276611e-01,-2.441483438014984131e-01,-1.833478547632694244e-02,-2.729323320090770721e-02,2.103601582348346710e-02,4.321398437023162842e-01,6.266359090805053711e-01,3.954887986183166504e-01,1.053206026554107666e-01,3.602365255355834961e-01,6.417245268821716309e-01,3.875496983528137207e-01,2.689103484153747559e-01,-3.313164710998535156e-01,-2.722671926021575928e-01,-6.295000016689300537e-02,9.396648406982421875e-02,-2.000728696584701538e-01,-2.436591386795043945e-01,9.297915548086166382e-02,9.213277697563171387e-02
2.190821105614304543e-03,3.276352286338806152e-01,4.302170500159263611e-02,-1.526901684701442719e-02,-5.507957562804222107e-02,-1.722240634262561798e-02,1.806485205888748169e-01,3.346752524375915527e-01,1.000000000000000000e+00,2.451870739459991455e-01,2.914626002311706543e-01,4.099409282207489014e-01,2.932938933372497559e-01,7.269332557916641235e-02,1.196575164794921875e-01,8.620405197143554688e-02,1.485141217708587646e-01,2.065775841474533081e-01,1.289053410291671753e-01,5.148130655288696289e-02,-1.267056465148925781e-01,3.142480179667472839e-02,1.950674355030059814e-01,3.974743932485580444e-02,2.667764127254486084e-01,9.756228327751159668e-02,3.862811625003814697e-01,1.232969313859939575e-01,1.114733740687370300e-01,-4.674149386119097471e-04,-6.705098599195480347e-02,2.086414396762847900e-02,4.784944653511047363e-01,1.654764860868453979e-01,9.294666349887847900e-02,4.799949750304222107e-02,9.305277466773986816e-02,2.364543378353118896e-01,1.706832498311996460e-01,2.150748297572135925e-02,4.954896494746208191e-02,1.296993643045425415e-01,2.260934859514236450e-01,4.854527413845062256e-01,2.431536465883255005e-01,1.352697610855102539e-01,1.971154659986495972e-02,1.904236525297164917e-02
3.568674027919769287e-01,5.071600079536437988e-01,-4.043520987033843994e-02,3.252781927585601807e-02,4.077692627906799316e-01,3.804047107696533203e-01,3.042795360088348389e-01,-1.810683608055114746e-01,2.451870739459991455e-01,1.000000000000000000e+00,-7.930316030979156494e-02,1.759026944637298584e-01,4.597991108894348145e-01,-2.235274165868759155e-01,-3.923140764236450195e-01,-5.575947836041450500e-02,2.297767102718353271e-01,3.531502783298492432e-01,3.134133219718933105e-01,2.897210717201232910e-01,2.073953598737716675e-01,3.134879171848297119e-01,2.228337377309799194e-01,1.995743662118911743e-01,7.089341431856155396e-02,7.712128758430480957e-02,8.787380903959274292e-02,4.709861278533935547e-01,4.723716974258422852e-01,2.016855031251907349e-01,2.108773142099380493e-01,2.173697352409362793e-01,4.041022807359695435e-02,-1.544862836599349976e-01,-1.024211123585700989e-01,1.646028012037277222e-01,-1.152600646018981934e-01,-1.982961297035217285e-01,-5.387813225388526917e-02,2.623129449784755707e-02,4.511598646640777588e-01,4.285027682781219482e-01,3.796449005603790283e-01,3.759682178497314453e-01,6.103457808494567871e-01,6.065289378166198730e-01,1.954429149627685547e-01,1.612088084220886230e-01
-1.987553685903549194e-01,-1.777871847152709961e-01,-2.952623739838600159e-02,-4.614576324820518494e-02,-1.991484463214874268e-01,-1.253601014614105225e-01,8.223599940538406372e-02,6.117237806320190430e-01,2.914626002311706543e-01,-7.930316030979156494e-02,1.000000000000000000e+00,5.167787671089172363e-01,8.846465498208999634e-02,4.471785426139831543e-01,4.307052195072174072e-01,2.504158616065979004e-01,9.277179092168807983e-02,8.524529635906219482e-02,3.256500139832496643e-02,-1.211632862687110901e-01,-1.066915094852447510e-01,4.544015973806381226e-03,1.931050568819046021e-01,1.314984112977981567e-01,5.066345334053039551e-01,-5.191667936742305756e-03,3.943925797939300537e-01,-4.092058166861534119e-02,-1.460738033056259155e-01,-2.608343586325645447e-02,3.211865574121475220e-02,6.026902236044406891e-03,3.052446246147155762e-01,4.750885963439941406e-01,3.156164586544036865e-01,1.103496849536895752e-01,1.924417018890380859e-01,5.502306222915649414e-01,3.292098045349121094e-01,2.987006902694702148e-01,-1.603983044624328613e-01,-1.115368679165840149e-01,-5.843662470579147339e-02,5.590147338807582855e-03,-1.597015410661697388e-01,-2.254947721958160400e-01,6.986008584499359131e-02,9.392376244068145752e-02
-2.106848508119583130e-01,-8.111280947923660278e-02,5.482961982488632202e-02,4.460357129573822021e-02,-1.862189322710037231e-01,-5.531712248921394348e-02,2.921721041202545166e-01,4.385059475898742676e-01,4.099409282207489014e-01,1.759026944637298584e-01,5.167787671089172363e-01,1.000000000000000000e+00,4.227857887744903564e-01,2.888720631599426270e-01,2.977405488491058350e-01,3.845298290252685547e-01,3.680867254734039307e-01,3.354659974575042725e-01,1.826475858688354492e-01,1.415736228227615356e-01,1.494140923023223877e-01,2.260185033082962036e-01,3.954626023769378662e-01,1.179288402199745178e-01,4.054713547229766846e-01,2.262171953916549683e-01,2.287696748971939087e-01,1.421038806438446045e-02,-8.692437410354614258e-02,1.326535046100616455e-01,2.009724527597427368e-01,5.359177663922309875e-02,2.000368237495422363e-01,3.129079043865203857e-01,2.540332674980163574e-01,1.569392979145050049e-01,4.744281992316246033e-02,4.656930267810821533e-01,3.481806814670562744e-01,3.912639915943145752e-01,-1.205641701817512512e-01,2.066509099677205086e-03,1.210885867476463318e-01,1.060381531715393066e-01,1.737984642386436462e-02,-3.461955487728118896e-02,1.120588853955268860e-01,1.335566192865371704e-01
1.024643033742904663e-01,1.976049840450286865e-01,1.929262131452560425e-01,1.459019929170608521e-01,1.959239244461059570e-01,1.932410150766372681e-01,4.928181469440460205e-01,-6.555684842169284821e-03,2.932938933372497559e-01,4.597991108894348145e-01,8.846465498208999634e-02,4.227857887744903564e-01,1.000000000000000000e+00,5.954926088452339172e-02,-1.284648180007934570e-01,3.562762439250946045e-01,4.825768172740936279e-01,5.373781919479370117e-01,4.507702887058258057e-01,4.459431767463684082e-01,3.554366230964660645e-01,5.280421376228332520e-01,6.276400089263916016e-01,2.475644052028656006e-01,1.472770869731903076e-01,3.568273186683654785e-01,8.456711471080780029e-02,2.236549109220504761e-01,2.045721262693405151e-01,3.810584247112274170e-01,4.053428173065185547e-01,2.778328657150268555e-01,8.075597137212753296e-02,5.293797701597213745e-02,7.797780632972717285e-02,3.066336214542388916e-01,4.505113884806632996e-02,8.230090141296386719e-02,2.879575788974761963e-01,2.629993855953216553e-01,1.341746747493743896e-01,2.608852088451385498e-01,4.132659733295440674e-01,2.306594401597976685e-01,3.020685315132141113e-01,3.449438810348510742e-01,2.821218669414520264e-01,2.530656456947326660e-01
-1.226807981729507446e-01,-3.703226149082183838e-01,2.164753079414367676e-01,2.417122423648834229e-01,-2.349794656038284302e-01,-2.385438531637191772e-01,6.711624562740325928e-02,4.946318268775939941e-01,7.269332557916641235e-02,-2.235274165868759155e-01,4.471785426139831543e-01,2.888720631599426270e-01,5.954926088452339172e-02,1.000000000000000000e+00,5.949479341506958008e-01,3.903855085372924805e-01,4.407334327697753906e-02,-5.643147230148315430e-02,3.835939615964889526e-02,1.053921282291412354e-01,1.294561624526977539e-01,1.200649440288543701e-01,2.173420637845993042e-01,7.874491810798645020e-02,2.799070179462432861e-01,9.535713493824005127e-02,1.796949207782745361e-01,-2.442176342010498047e-01,-2.794362902641296387e-01,1.669119745492935181e-01,1.251790821552276611e-01,-5.768456682562828064e-02,1.966615319252014160e-01,5.990405678749084473e-01,3.007642924785614014e-01,9.198329597711563110e-02,4.319031834602355957e-01,5.565639734268188477e-01,2.970400154590606689e-01,1.943180412054061890e-01,-3.520050346851348877e-01,-2.510192692279815674e-01,-1.503451466560363770e-01,-1.750253438949584961e-01,-3.404420912265777588e-01,-2.746734619140625000e-01,2.424873225390911102e-02,1.250859797000885010e-01
-2.249064445495605469e-01,-4.042014181613922119e-01,2.056774497032165527e-01,2.425976544618606567e-01,-4.033164978027343750e-01,-3.097165524959564209e-01,-6.781327724456787109e-02,5.679312348365783691e-01,1.196575164794921875e-01,-3.923140764236450195e-01,4.307052195072174072e-01,2.977405488491058350e-01,-1.284648180007934570e-01,5.949479341506958008e-01,1.000000000000000000e+00,4.216912090778350830e-01,-5.687694251537322998e-02,-1.718894243240356445e-01,-1.404973864555358887e-01,-5.058682337403297424e-02,-1.919019594788551331e-02,-3.916290029883384705e-02,6.663207709789276123e-02,-3.167214244604110718e-02,2.674915492534637451e-01,6.302918493747711182e-02,2.321138679981231689e-01,-2.864659726619720459e-01,-3.396013081073760986e-01,3.578796982765197754e-02,-2.616266533732414246e-02,-1.728240847587585449e-01,2.800626754760742188e-01,5.612838268280029297e-01,3.728429079055786133e-01,-1.792748458683490753e-02,3.755268454551696777e-01,6.591925024986267090e-01,2.541592419147491455e-01,1.084587872028350830e-01,-4.623907208442687988e-01,-3.825272917747497559e-01,-2.105607986450195312e-01,-2.080662250518798828e-01,-4.060436487197875977e-01,-4.113244116306304932e-01,-6.871624290943145752e-02,-4.551664739847183228e-02
-1.299134790897369385e-01,-2.784295082092285156e-01,2.470513135194778442e-01,2.537081241607666016e-01,-1.538308709859848022e-01,-6.882367283105850220e-02,2.346545606851577759e-01,3.098283708095550537e-01,8.620405197143554688e-02,-5.575947836041450500e-02,2.504158616065979004e-01,3.845298290252685547e-01,3.562762439250946045e-01,3.903855085372924805e-01,4.216912090778350830e-01,1.000000000000000000e+00,2.333945482969284058e-01,2.095234990119934082e-01,2.126062214374542236e-01,3.616401255130767822e-01,3.341155946254730225e-01,3.783993721008300781e-01,4.852498173713684082e-01,1.258616745471954346e-01,1.346736401319503784e-01,2.898528277873992920e-01,5.866498127579689026e-02,-2.233250886201858521e-01,-2.097466737031936646e-01,2.778705954551696777e-01,3.021055161952972412e-01,1.702284514904022217e-01,8.693350851535797119e-02,4.331818521022796631e-01,3.021270036697387695e-01,2.082228809595108032e-01,3.136525750160217285e-01,4.569133520126342773e-01,4.640740752220153809e-01,3.296538591384887695e-01,-2.861691713333129883e-01,-1.314024329185485840e-01,1.072356998920440674e-01,-1.332369744777679443e-01,-1.799881756305694580e-01,-1.139635071158409119e-01,1.504985839128494263e-01,2.768761813640594482e-01
-1.110099256038665771e-01,-4.450169205665588379e-02,2.868785858154296875e-01,1.186349242925643921e-01,5.119100678712129593e-03,5.380124226212501526e-02,7.197563052177429199e-01,3.483335301280021667e-02,1.485141217708587646e-01,2.297767102718353271e-01,9.277179092168807983e-02,3.680867254734039307e-01,4.825768172740936279e-01,4.407334327697753906e-02,-5.687694251537322998e-02,2.333945482969284058e-01,1.000000000000000000e+00,6.571902632713317871e-01,5.318936705589294434e-01,2.360839098691940308e-01,1.138799935579299927e-01,3.447714745998382568e-01,5.290198326110839844e-01,1.301772147417068481e-01,1.685469448566436768e-01,5.360611081123352051e-01,-7.110315840691328049e-03,1.077523082494735718e-01,9.344152361154556274e-02,2.724945545196533203e-01,2.297285795211791992e-01,1.421808898448944092e-01,-4.509150236845016479e-02,6.737131625413894653e-02,7.559671998023986816e-02,2.745240628719329834e-01,-7.072120159864425659e-02,7.682405412197113037e-02,1.465008407831192017e-01,3.191008865833282471e-01,-9.794116765260696411e-02,1.697413325309753418e-01,2.580018639564514160e-01,2.353797852993011475e-02,1.812435388565063477e-01,2.139252126216888428e-01,2.571097910404205322e-01,1.910952627658843994e-01
7.425566017627716064e-02,1.205693557858467102e-01,1.835976690053939819e-01,8.234316855669021606e-02,1.797330975532531738e-01,2.340405434370040894e-01,6.589651107788085938e-01,-2.556671760976314545e-02,2.065775841474533081e-01,3.531502783298492432e-01,8.524529635906219482e-02,3.354659974575042725e-01,5.373781919479370117e-01,-5.643147230148315430e-02,-1.718894243240356445e-01,2.095234990119934082e-01,6.571902632713317871e-01,1.000000000000000000e+00,5.350220799446105957e-01,3.050116896629333496e-01,2.025370150804519653e-01,4.817738831043243408e-01,5.195698142051696777e-01,1.472562402486801147e-01,1.486359983682632446e-01,4.774820804595947266e-01,5.672026053071022034e-02,2.749287784099578857e-01,2.803230285644531250e-01,2.904393970966339111e-01,3.270773291587829590e-01,2.273696511983871460e-01,-7.217181846499443054e-03,-2.404659986495971680e-02,1.210044883191585541e-02,2.457900494337081909e-01,-8.741815388202667236e-02,-1.557479891926050186e-02,1.173368170857429504e-01,2.129648923873901367e-01,1.253386884927749634e-01,3.144529163837432861e-01,3.726059496402740479e-01,1.093126013875007629e-01,3.154545128345489502e-01,3.050872981548309326e-01,2.425044924020767212e-01,1.699562221765518188e-01
6.793402135372161865e-02,1.700938791036605835e-01,2.050496339797973633e-01,1.802505999803543091e-01,1.892899423837661743e-01,2.465635538101196289e-01,5.684443116188049316e-01,-6.336348131299018860e-03,1.289053410291671753e-01,3.134133219718933105e-01,3.256500139832496643e-02,1.826475858688354492e-01,4.507702887058258057e-01,3.835939615964889526e-02,-1.404973864555358887e-01,2.126062214374542236e-01,5.318936705589294434e-01,5.350220799446105957e-01,1.000000000000000000e+00,5.007500052452087402e-01,2.695091366767883301e-01,3.535443842411041260e-01,3.789447546005249023e-01,9.249271452426910400e-02,7.895315438508987427e-02,4.002886414527893066e-01,2.583350799977779388e-02,2.039336413145065308e-01,2.511339187622070312e-01,2.720282375812530518e-01,2.130126357078552246e-01,1.253346651792526245e-01,2.768968977034091949e-02,7.661288231611251831e-02,9.243128821253776550e-03,1.675230115652084351e-01,-2.774772420525550842e-02,-3.054243884980678558e-02,7.195839285850524902e-02,9.809023141860961914e-02,5.255389586091041565e-02,2.699866294860839844e-01,4.806649386882781982e-01,1.473076343536376953e-01,2.756337523460388184e-01,3.499474227428436279e-01,1.067736521363258362e-01,1.342676579952239990e-01
2.422877252101898193e-01,1.830143779516220093e-01,2.289550304412841797e-01,4.034406542778015137e-01,2.130342721939086914e-01,3.152047395706176758e-01,3.257223367691040039e-01,-3.714833408594131470e-02,5.148130655288696289e-02,2.897210717201232910e-01,-1.211632862687110901e-01,1.415736228227615356e-01,4.459431767463684082e-01,1.053921282291412354e-01,-5.058682337403297424e-02,3.616401255130767822e-01,2.360839098691940308e-01,3.050116896629333496e-01,5.007500052452087402e-01,1.000000000000000000e+00,6.139621734619140625e-01,5.181736350059509277e-01,2.775323688983917236e-01,1.410010457038879395e-01,-9.795676171779632568e-02,2.917889654636383057e-01,-7.674951851367950439e-02,1.581488251686096191e-01,2.707109749317169189e-01,4.860294461250305176e-01,4.342215359210968018e-01,1.803898811340332031e-01,4.222401976585388184e-02,1.197257637977600098e-01,8.671519346535205841e-03,1.669190973043441772e-01,1.306362301111221313e-01,-2.248123288154602051e-03,1.244515553116798401e-01,7.517819851636886597e-02,9.808272868394851685e-02,1.762096285820007324e-01,5.003894567489624023e-01,1.840547770261764526e-01,2.398808002471923828e-01,2.970084547996520996e-01,9.235768765211105347e-02,1.668224334716796875e-01
2.959247231483459473e-01,5.280618742108345032e-02,2.033019959926605225e-01,4.203661978244781494e-01,2.131189405918121338e-01,2.898215651512145996e-01,1.830292195081710815e-01,-1.342322081327438354e-01,-1.267056465148925781e-01,2.073953598737716675e-01,-1.066915094852447510e-01,1.494140923023223877e-01,3.554366230964660645e-01,1.294561624526977539e-01,-1.919019594788551331e-02,3.341155946254730225e-01,1.138799935579299927e-01,2.025370150804519653e-01,2.695091366767883301e-01,6.139621734619140625e-01,1.000000000000000000e+00,5.586851835250854492e-01,1.986419409513473511e-01,5.434132367372512817e-02,-1.034960225224494934e-01,1.781837791204452515e-01,-1.534704715013504028e-01,1.410752981901168823e-01,1.739973574876785278e-01,4.694632291793823242e-01,5.280892252922058105e-01,1.575113683938980103e-01,-1.184412017464637756e-01,8.703554421663284302e-02,-2.733926288783550262e-02,5.820724740624427795e-02,1.356825083494186401e-01,-4.497481137514114380e-02,6.075686961412429810e-02,4.885121062397956848e-02,1.270309239625930786e-01,8.943741023540496826e-02,2.376769483089447021e-01,2.881313674151897430e-02,9.891799837350845337e-02,1.694626212120056152e-01,3.540404513478279114e-02,1.183718964457511902e-01
3.679518997669219971e-01,8.777727931737899780e-02,2.530238032341003418e-01,4.152366220951080322e-01,2.624247372150421143e-01,3.251889348030090332e-01,4.197357594966888428e-01,-6.701217591762542725e-02,3.142480179667472839e-02,3.134879171848297119e-01,4.544015973806381226e-03,2.260185033082962036e-01,5.280421376228332520e-01,1.200649440288543701e-01,-3.916290029883384705e-02,3.783993721008300781e-01,3.447714745998382568e-01,4.817738831043243408e-01,3.535443842411041260e-01,5.181736350059509277e-01,5.586851835250854492e-01,1.000000000000000000e+00,4.799401462078094482e-01,2.655747532844543457e-01,7.153347134590148926e-02,2.934912145137786865e-01,2.760308235883712769e-02,2.569321095943450928e-01,2.640246450901031494e-01,5.337451100349426270e-01,6.146405339241027832e-01,3.528949320316314697e-01,-8.699897676706314087e-03,1.091876477003097534e-01,3.974204417318105698e-03,2.866635620594024658e-01,1.165766268968582153e-01,1.298003178089857101e-02,1.453012228012084961e-01,1.200943663716316223e-01,1.539756059646606445e-01,2.059377431869506836e-01,2.951903045177459717e-01,9.842687100172042847e-02,1.893696635961532593e-01,1.934675872325897217e-01,3.063638210296630859e-01,2.687655389308929443e-01
-7.136049121618270874e-02,-7.212981581687927246e-02,2.275331318378448486e-01,7.698971033096313477e-02,2.249915525317192078e-02,1.071510463953018188e-02,4.960499405860900879e-01,1.519633233547210693e-01,1.950674355030059814e-01,2.228337377309799194e-01,1.931050568819046021e-01,3.954626023769378662e-01,6.276400089263916016e-01,2.173420637845993042e-01,6.663207709789276123e-02,4.852498173713684082e-01,5.290198326110839844e-01,5.195698142051696777e-01,3.789447546005249023e-01,2.775323688983917236e-01,1.986419409513473511e-01,4.799401462078094482e-01,1.000000000000000000e+00,3.084794580936431885e-01,1.969379484653472900e-01,3.649964630603790283e-01,8.815648406744003296e-02,3.527230769395828247e-02,1.391987665556371212e-03,2.894377708435058594e-01,3.900005519390106201e-01,3.664354085922241211e-01,6.358571350574493408e-02,2.392584532499313354e-01,2.011013180017471313e-01,4.211517572402954102e-01,1.772046089172363281e-01,2.927211523056030273e-01,4.542971849441528320e-01,4.401524960994720459e-01,-6.179776787757873535e-02,1.499509066343307495e-01,2.103874087333679199e-01,2.320206910371780396e-02,6.208919361233711243e-02,1.445791274309158325e-01,3.977113068103790283e-01,4.263143241405487061e-01
5.216317623853683472e-02,5.583916231989860535e-02,2.678908966481685638e-02,1.608514599502086639e-02,5.331184715032577515e-02,6.905762851238250732e-02,1.539239883422851562e-01,1.199103146791458130e-01,3.974743932485580444e-02,1.995743662118911743e-01,1.314984112977981567e-01,1.179288402199745178e-01,2.475644052028656006e-01,7.874491810798645020e-02,-3.167214244604110718e-02,1.258616745471954346e-01,1.301772147417068481e-01,1.472562402486801147e-01,9.249271452426910400e-02,1.410010457038879395e-01,5.434132367372512817e-02,2.655747532844543457e-01,3.084794580936431885e-01,1.000000000000000000e+00,9.984917007386684418e-03,7.389158010482788086e-02,1.211562678217887878e-01,2.965534478425979614e-02,4.939291626214981079e-02,3.666080534458160400e-01,4.885925054550170898e-01,6.145439743995666504e-01,1.541700214147567749e-01,1.724115610122680664e-01,2.321942746639251709e-01,7.044333815574645996e-01,1.749210804700851440e-01,1.461232602596282959e-01,2.894509434700012207e-01,3.662804365158081055e-01,-1.699876971542835236e-03,3.763221949338912964e-02,1.351437419652938843e-01,1.135944649577140808e-01,1.369877457618713379e-01,1.220863685011863708e-01,7.083180546760559082e-01,5.423601865768432617e-01
-2.692740410566329956e-02,-4.225085675716400146e-02,4.302802309393882751e-02,2.420466765761375427e-02,-1.478248685598373413e-01,-1.225220635533332825e-01,1.531856954097747803e-01,3.470148742198944092e-01,2.667764127254486084e-01,7.089341431856155396e-02,5.066345334053039551e-01,4.054713547229766846e-01,1.472770869731903076e-01,2.799070179462432861e-01,2.674915492534637451e-01,1.346736401319503784e-01,1.685469448566436768e-01,1.486359983682632446e-01,7.895315438508987427e-02,-9.795676171779632568e-02,-1.034960225224494934e-01,7.153347134590148926e-02,1.969379484653472900e-01,9.984917007386684418e-03,1.000000000000000000e+00,8.034986257553100586e-02,5.242950320243835449e-01,1.417222172021865845e-01,-2.297186478972434998e-02,-6.682054698467254639e-02,-6.308141350746154785e-02,-1.541540920734405518e-01,3.102447688579559326e-01,3.165592551231384277e-01,9.613823890686035156e-02,2.064201282337307930e-03,2.721731923520565033e-02,3.210403025150299072e-01,7.467271387577056885e-02,2.026712000370025635e-01,-1.275377422571182251e-01,-1.273911595344543457e-01,-9.967512637376785278e-02,9.128174930810928345e-02,-3.188781440258026123e-02,-1.084715947508811951e-01,-7.436014711856842041e-02,8.092465996742248535e-02
-5.232328921556472778e-02,-1.099245548248291016e-01,4.975686073303222656e-01,2.904178798198699951e-01,-5.128400772809982300e-02,-1.804002001881599426e-02,5.875715613365173340e-01,1.519410964101552963e-02,9.756228327751159668e-02,7.712128758430480957e-02,-5.191667936742305756e-03,2.262171953916549683e-01,3.568273186683654785e-01,9.535713493824005127e-02,6.302918493747711182e-02,2.898528277873992920e-01,5.360611081123352051e-01,4.774820804595947266e-01,4.002886414527893066e-01,2.917889654636383057e-01,1.781837791204452515e-01,2.934912145137786865e-01,3.649964630603790283e-01,7.389158010482788086e-02,8.034986257553100586e-02,1.000000000000000000e+00,-7.994432747364044189e-02,6.184352561831474304e-02,8.025426417589187622e-02,3.729451894760131836e-01,2.362976819276809692e-01,7.382344454526901245e-02,-4.205574467778205872e-02,6.505540013313293457e-02,7.864583283662796021e-02,2.245022207498550415e-01,5.206279084086418152e-02,6.159515678882598877e-02,1.693625152111053467e-01,2.749917507171630859e-01,-1.836148053407669067e-01,6.337387114763259888e-02,2.592641413211822510e-01,9.014043956995010376e-03,1.053438633680343628e-01,1.280219554901123047e-01,9.899667650461196899e-02,1.743008047342300415e-01
8.947095274925231934e-02,1.730210781097412109e-01,-1.205685734748840332e-02,2.565140090882778168e-02,-7.967863976955413818e-02,-4.271345585584640503e-02,5.472998693585395813e-02,4.230006635189056396e-01,3.862811625003814697e-01,8.787380903959274292e-02,3.943925797939300537e-01,2.287696748971939087e-01,8.456711471080780029e-02,1.796949207782745361e-01,2.321138679981231689e-01,5.866498127579689026e-02,-7.110315840691328049e-03,5.672026053071022034e-02,2.583350799977779388e-02,-7.674951851367950439e-02,-1.534704715013504028e-01,2.760308235883712769e-02,8.815648406744003296e-02,1.211562678217887878e-01,5.242950320243835449e-01,-7.994432747364044189e-02,1.000000000000000000e+00,1.344444751739501953e-01,6.323346495628356934e-02,-1.148000732064247131e-02,-3.040723688900470734e-02,3.651617094874382019e-02,6.121767759323120117e-01,3.305063247680664062e-01,1.578322798013687134e-01,4.662261903285980225e-02,1.703530251979827881e-01,3.015779256820678711e-01,3.801022097468376160e-02,-4.066605865955352783e-02,-3.934461250901222229e-02,-1.099688708782196045e-01,2.675424562767148018e-03,2.507883012294769287e-01,7.372498512268066406e-02,-1.626841910183429718e-02,6.772409379482269287e-02,1.106495484709739685e-01
6.077153682708740234e-01,4.448663294315338135e-01,7.173220813274383545e-02,2.362960875034332275e-01,5.900297760963439941e-01,5.865584611892700195e-01,2.589345872402191162e-01,-2.294271290302276611e-01,1.232969313859939575e-01,4.709861278533935547e-01,-4.092058166861534119e-02,1.421038806438446045e-02,2.236549109220504761e-01,-2.442176342010498047e-01,-2.864659726619720459e-01,-2.233250886201858521e-01,1.077523082494735718e-01,2.749287784099578857e-01,2.039336413145065308e-01,1.581488251686096191e-01,1.410752981901168823e-01,2.569321095943450928e-01,3.527230769395828247e-02,2.965534478425979614e-02,1.417222172021865845e-01,6.184352561831474304e-02,1.344444751739501953e-01,1.000000000000000000e+00,7.585354447364807129e-01,1.750912517309188843e-01,1.212544217705726624e-01,7.160732895135879517e-02,2.799337916076183319e-02,-2.422446459531784058e-01,-2.912842929363250732e-01,1.261545403394848108e-04,-1.480435878038406372e-01,-2.577084302902221680e-01,-2.761938273906707764e-01,-2.355017811059951782e-01,5.647936463356018066e-01,4.882971346378326416e-01,3.473328053951263428e-01,2.352782487869262695e-01,4.859317839145660400e-01,4.324840307235717773e-01,1.217941287904977798e-02,-2.558838389813899994e-02
6.384485960006713867e-01,5.033883452415466309e-01,7.220765203237533569e-02,2.782692015171051025e-01,6.119245886802673340e-01,6.239699721336364746e-01,2.743477821350097656e-01,-2.441483438014984131e-01,1.114733740687370300e-01,4.723716974258422852e-01,-1.460738033056259155e-01,-8.692437410354614258e-02,2.045721262693405151e-01,-2.794362902641296387e-01,-3.396013081073760986e-01,-2.097466737031936646e-01,9.344152361154556274e-02,2.803230285644531250e-01,2.511339187622070312e-01,2.707109749317169189e-01,1.739973574876785278e-01,2.640246450901031494e-01,1.391987665556371212e-03,4.939291626214981079e-02,-2.297186478972434998e-02,8.025426417589187622e-02,6.323346495628356934e-02,7.585354447364807129e-01,1.000000000000000000e+00,2.464382201433181763e-01,1.565260142087936401e-01,1.259201318025588989e-01,3.166215121746063232e-02,-2.323817759752273560e-01,-2.902237176895141602e-01,2.942779473960399628e-02,-1.043697446584701538e-01,-3.015192747116088867e-01,-2.596506774425506592e-01,-2.413433641195297241e-01,5.651617646217346191e-01,5.135664939880371094e-01,4.386766552925109863e-01,2.889999747276306152e-01,5.329231023788452148e-01,4.796366393566131592e-01,4.081280529499053955e-02,-7.179294712841510773e-03
2.992469966411590576e-01,7.848649471998214722e-02,2.823344469070434570e-01,4.331726133823394775e-01,1.826738119125366211e-01,2.217545658349990845e-01,3.988101780414581299e-01,-1.833478547632694244e-02,-4.674149386119097471e-04,2.016855031251907349e-01,-2.608343586325645447e-02,1.326535046100616455e-01,3.810584247112274170e-01,1.669119745492935181e-01,3.578796982765197754e-02,2.778705954551696777e-01,2.724945545196533203e-01,2.904393970966339111e-01,2.720282375812530518e-01,4.860294461250305176e-01,4.694632291793823242e-01,5.337451100349426270e-01,2.894377708435058594e-01,3.666080534458160400e-01,-6.682054698467254639e-02,3.729451894760131836e-01,-1.148000732064247131e-02,1.750912517309188843e-01,2.464382201433181763e-01,1.000000000000000000e+00,6.041307449340820312e-01,2.989602982997894287e-01,1.203097477555274963e-01,2.043033093214035034e-01,8.310258388519287109e-02,3.650393784046173096e-01,2.328422069549560547e-01,6.094780936837196350e-02,1.592064797878265381e-01,1.349275559186935425e-01,2.326330356299877167e-02,1.669349819421768188e-01,3.765569627285003662e-01,1.484075337648391724e-01,1.799912601709365845e-01,1.970271766185760498e-01,3.177203834056854248e-01,3.248968124389648438e-01
2.470670044422149658e-01,2.216688171029090881e-02,1.421493291854858398e-01,2.873690724372863770e-01,1.758161783218383789e-01,2.179979681968688965e-01,2.602508366107940674e-01,-2.729323320090770721e-02,-6.705098599195480347e-02,2.108773142099380493e-01,3.211865574121475220e-02,2.009724527597427368e-01,4.053428173065185547e-01,1.251790821552276611e-01,-2.616266533732414246e-02,3.021055161952972412e-01,2.297285795211791992e-01,3.270773291587829590e-01,2.130126357078552246e-01,4.342215359210968018e-01,5.280892252922058105e-01,6.146405339241027832e-01,3.900005519390106201e-01,4.885925054550170898e-01,-6.308141350746154785e-02,2.362976819276809692e-01,-3.040723688900470734e-02,1.212544217705726624e-01,1.565260142087936401e-01,6.041307449340820312e-01,1.000000000000000000e+00,5.224134922027587891e-01,-1.178557798266410828e-02,1.419625878334045410e-01,1.371700763702392578e-01,4.634668827056884766e-01,2.022633403539657593e-01,6.830212473869323730e-02,2.359604537487030029e-01,2.538019120693206787e-01,9.155821055173873901e-02,1.215360090136528015e-01,2.543419897556304932e-01,6.157647445797920227e-02,1.228988915681838989e-01,1.387834846973419189e-01,4.675336182117462158e-01,4.288303852081298828e-01
1.529668569564819336e-01,6.156452000141143799e-02,-8.119602687656879425e-03,-4.722416400909423828e-03,1.780145168304443359e-01,2.019845545291900635e-01,1.802634894847869873e-01,2.103601582348346710e-02,2.086414396762847900e-02,2.173697352409362793e-01,6.026902236044406891e-03,5.359177663922309875e-02,2.778328657150268555e-01,-5.768456682562828064e-02,-1.728240847587585449e-01,1.702284514904022217e-01,1.421808898448944092e-01,2.273696511983871460e-01,1.253346651792526245e-01,1.803898811340332031e-01,1.575113683938980103e-01,3.528949320316314697e-01,3.664354085922241211e-01,6.145439743995666504e-01,-1.541540920734405518e-01,7.382344454526901245e-02,3.651617094874382019e-02,7.160732895135879517e-02,1.259201318025588989e-01,2.989602982997894287e-01,5.224134922027587891e-01,1.000000000000000000e+00,-2.068880386650562286e-02,6.264589726924896240e-02,1.315473318099975586e-01,5.892518758773803711e-01,1.669898629188537598e-01,4.390295222401618958e-02,2.654184997081756592e-01,2.954264879226684570e-01,1.022245511412620544e-01,1.388247013092041016e-01,1.700757890939712524e-01,7.065811008214950562e-02,1.874706149101257324e-01,1.812582910060882568e-01,6.781964898109436035e-01,6.010308265686035156e-01
5.610836297273635864e-02,2.728396952152252197e-01,6.797181814908981323e-02,9.615488350391387939e-02,-9.707431495189666748e-02,-6.732363998889923096e-02,5.073750391602516174e-02,4.321398437023162842e-01,4.784944653511047363e-01,4.041022807359695435e-02,3.052446246147155762e-01,2.000368237495422363e-01,8.075597137212753296e-02,1.966615319252014160e-01,2.800626754760742188e-01,8.693350851535797119e-02,-4.509150236845016479e-02,-7.217181846499443054e-03,2.768968977034091949e-02,4.222401976585388184e-02,-1.184412017464637756e-01,-8.699897676706314087e-03,6.358571350574493408e-02,1.541700214147567749e-01,3.102447688579559326e-01,-4.205574467778205872e-02,6.121767759323120117e-01,2.799337916076183319e-02,3.166215121746063232e-02,1.203097477555274963e-01,-1.178557798266410828e-02,-2.068880386650562286e-02,1.000000000000000000e+00,3.639532029628753662e-01,1.710106283426284790e-01,5.586329102516174316e-02,2.544545531272888184e-01,3.322356045246124268e-01,1.065937727689743042e-01,-8.459477126598358154e-02,-7.304640859365463257e-02,-8.720906078815460205e-02,1.261988878250122070e-01,4.097976684570312500e-01,7.883915305137634277e-02,-8.271850529126822948e-04,5.768366158008575439e-02,2.529770135879516602e-02
