1.000000000000000000e+00,2.498249560594558716e-01,-5.451123043894767761e-02,2.875611782073974609e-01,5.736379027366638184e-01,3.525762259960174561e-01,1.646706461906433105e-01,3.433281779289245605e-01,1.294385641813278198e-01,6.932931393384933472e-02,2.339124977588653564e-01,1.102194935083389282e-01,5.217367038130760193e-02,3.959726914763450623e-02,8.759085834026336670e-02,1.527642011642456055e-01,2.747244536876678467e-01,5.589710921049118042e-02,1.155828386545181274e-01,1.223604381084442139e-01,8.127593994140625000e-02,-4.357814416289329529e-02,1.599895358085632324e-01,-1.215296760201454163e-01,4.995165169239044189e-01,-2.085992544889450073e-01,4.788539707660675049e-01,5.684481859207153320e-01,2.814606726169586182e-01,-1.301947385072708130e-01,-1.018641516566276550e-01,-2.140653580427169800e-01,5.613141655921936035e-01,1.081099957227706909e-01,-1.317440867424011230e-01,1.454446092247962952e-02,1.158311292529106140e-01,-1.711836904287338257e-01,6.543128285557031631e-03,3.681147471070289612e-02,5.081540346145629883e-01,1.623710393905639648e-01,1.095136776566505432e-01,2.718499004840850830e-01,-5.075872316956520081e-02,2.684111520648002625e-02,-1.806696951389312744e-01,-1.107687503099441528e-01
2.498249560594558716e-01,1.000000000000000000e+00,1.581629663705825806e-01,3.206402063369750977e-01,4.188752770423889160e-01,4.436972141265869141e-01,2.694743275642395020e-01,1.038791090250015259e-01,5.071600675582885742e-01,3.784811496734619141e-01,3.630021214485168457e-01,4.859849810600280762e-01,3.195818066596984863e-01,-1.397743523120880127e-01,3.502680361270904541e-01,1.173372790217399597e-01,3.256233930587768555e-01,3.738009035587310791e-01,6.395894289016723633e-02,1.981479376554489136e-01,3.192892670631408691e-01,3.891590833663940430e-01,2.397648692131042480e-01,2.014430761337280273e-01,3.041592054069042206e-02,-7.500438392162322998e-02,4.356366097927093506e-01,3.632425069808959961e-01,2.252644151449203491e-01,7.287590205669403076e-02,3.731732666492462158e-01,2.253589630126953125e-01,3.241530954837799072e-01,4.005046784877777100e-01,3.101594559848308563e-02,3.339177370071411133e-01,9.162809699773788452e-02,2.565588355064392090e-01,2.285324595868587494e-02,3.946780860424041748e-01,4.718368947505950928e-01,5.520899891853332520e-01,1.853489577770233154e-01,5.697402358055114746e-01,4.415934383869171143e-01,2.747798562049865723e-01,2.243539392948150635e-01,1.684707552194595337e-01
-5.451123043894767761e-02,1.581629663705825806e-01,1.000000000000000000e+00,3.551578223705291748e-01,-3.343040868639945984e-02,1.408668458461761475e-01,2.361540794372558594e-01,-1.656187176704406738e-01,2.341901808977127075e-01,1.904601752758026123e-01,5.319590494036674500e-02,1.307982206344604492e-01,1.826714277267456055e-01,-1.614100486040115356e-01,1.298928260803222656e-01,5.574453994631767273e-02,1.055663973093032837e-01,1.186066269874572754e-01,1.086429283022880554e-01,1.364234685897827148e-01,2.148176133632659912e-01,2.427018582820892334e-01,9.023784846067428589e-02,1.978600621223449707e-01,-1.307273954153060913e-01,2.845633327960968018e-01,5.746666714549064636e-02,2.255587428808212280e-01,-8.683341438882052898e-04,3.899534046649932861e-02,2.795498967170715332e-01,1.185185685753822327e-01,-1.556753814220428467e-01,1.348503977060317993e-01,3.981298580765724182e-02,1.664138734340667725e-01,-8.190547674894332886e-02,1.282034665346145630e-01,6.867448240518569946e-02,2.395788431167602539e-01,-1.727598533034324646e-02,1.190989762544631958e-01,1.198592111468315125e-01,2.467676438391208649e-02,9.827274829149246216e-02,1.647672057151794434e-01,1.286149024963378906e-01,4.778234288096427917e-02
2.875611782073974609e-01,3.206402063369750977e-01,3.551578223705291748e-01,1.000000000000000000e+00,3.952921628952026367e-01,5.130283236503601074e-01,4.494346678256988525e-01,3.061528131365776062e-02,2.005054503679275513e-01,2.997855842113494873e-01,1.615209579467773438e-01,1.434709131717681885e-01,3.887411653995513916e-01,-1.759292930364608765e-01,7.194585353136062622e-02,3.116011917591094971e-01,4.471821784973144531e-01,1.277002245187759399e-01,3.180195987224578857e-01,3.684057295322418213e-01,3.243206739425659180e-01,2.341365963220596313e-01,2.337643057107925415e-01,9.994350373744964600e-02,1.861385852098464966e-01,2.258115634322166443e-02,2.593103647232055664e-01,5.006557703018188477e-01,2.699912786483764648e-01,3.691114485263824463e-02,2.104016244411468506e-01,2.741468371823430061e-03,-1.549794897437095642e-02,1.641785204410552979e-01,6.363835651427507401e-03,2.176071852445602417e-01,1.847675070166587830e-02,6.999146193265914917e-02,2.384059131145477295e-01,2.660783231258392334e-01,2.050781250000000000e-01,3.202064335346221924e-01,4.656086862087249756e-01,1.266053617000579834e-01,1.895048022270202637e-01,3.566456735134124756e-01,5.549928918480873108e-02,2.943434519693255424e-03
5.736379027366638184e-01,4.188752770423889160e-01,-3.343040868639945984e-02,3.952921628952026367e-01,1.000000000000000000e+00,6.525069475173950195e-01,2.237804830074310303e-01,4.050554633140563965e-01,2.236895412206649780e-01,2.331425100564956665e-01,4.737982451915740967e-01,2.110002040863037109e-01,3.743374347686767578e-01,7.562490552663803101e-02,1.738358438014984131e-01,3.429522514343261719e-01,3.125793337821960449e-01,1.893491446971893311e-01,1.254582107067108154e-01,3.225847482681274414e-01,2.954450249671936035e-01,1.013365909457206726e-01,1.768243908882141113e-01,-5.771959945559501648e-02,4.065003097057342529e-01,-5.658546090126037598e-02,4.563897550106048584e-01,3.851043879985809326e-01,2.250844836235046387e-01,-1.942139714956283569e-01,7.689125835895538330e-02,-1.177569255232810974e-01,4.360993504524230957e-01,2.070970982313156128e-01,-1.861384212970733643e-01,-2.659565024077892303e-02,1.588890403509140015e-01,-1.077867075800895691e-01,1.180314049124717712e-01,1.389582306146621704e-01,5.682166814804077148e-01,3.401660323143005371e-01,2.434589415788650513e-01,3.568066954612731934e-01,5.971992388367652893e-02,1.835431605577468872e-01,-8.745185285806655884e-02,-1.272680312395095825e-01
3.525762259960174561e-01,4.436972141265869141e-01,1.408668458461761475e-01,5.130283236503601074e-01,6.525069475173950195e-01,1.000000000000000000e+00,4.296537935733795166e-01,1.777452975511550903e-01,2.884494960308074951e-01,4.008329212665557861e-01,2.734090387821197510e-01,3.507189750671386719e-01,5.369511842727661133e-01,-9.949176758527755737e-02,1.768808811902999878e-01,4.063120484352111816e-01,3.820002675056457520e-01,2.590671181678771973e-01,2.128754109144210815e-01,4.412939846515655518e-01,4.925129413604736328e-01,2.860641777515411377e-01,1.287846267223358154e-01,3.431952372193336487e-02,7.218240201473236084e-02,1.188486889004707336e-01,2.916682064533233643e-01,2.944281995296478271e-01,3.228551745414733887e-01,-2.715077809989452362e-02,1.938722282648086548e-01,-4.697701334953308105e-02,1.499917209148406982e-01,2.890225350856781006e-01,-1.363910436630249023e-01,5.288475751876831055e-02,1.127901598811149597e-01,5.062685161828994751e-02,2.207265049219131470e-01,2.177698463201522827e-01,4.387900531291961670e-01,5.610612630844116211e-01,2.445534467697143555e-01,3.182981312274932861e-01,1.608913391828536987e-01,2.518144845962524414e-01,-4.309212043881416321e-02,-1.573083102703094482e-01
1.646706461906433105e-01,2.694743275642395020e-01,2.361540794372558594e-01,4.494346678256988525e-01,2.237804830074310303e-01,4.296537935733795166e-01,1.000000000000000000e+00,1.186987310647964478e-01,2.856866419315338135e-01,3.728375732898712158e-01,1.738781332969665527e-01,2.899612784385681152e-01,4.131901860237121582e-01,-9.208606928586959839e-02,1.483403444290161133e-01,2.235081791877746582e-01,5.164161324501037598e-01,1.272080391645431519e-01,2.306143790483474731e-01,3.828524351119995117e-01,2.905411720275878906e-01,2.176434397697448730e-01,2.642366588115692139e-01,-4.478695243597030640e-02,6.902641057968139648e-02,3.408724069595336914e-01,7.542633265256881714e-02,2.223902791738510132e-01,3.964712321758270264e-01,2.732392959296703339e-02,1.018978431820869446e-01,6.930586881935596466e-03,-3.094474039971828461e-02,2.260148972272872925e-01,-1.816167868673801422e-02,1.169555857777595520e-01,8.709045499563217163e-02,5.876519158482551575e-02,1.354078948497772217e-01,1.605625152587890625e-01,2.369730770587921143e-01,3.714060783386230469e-01,2.809486091136932373e-01,2.426361888647079468e-01,8.845546841621398926e-02,2.339732348918914795e-01,-8.079546689987182617e-02,-8.372051268815994263e-02
3.433281779289245605e-01,1.038791090250015259e-01,-1.656187176704406738e-01,3.061528131365776062e-02,4.050554633140563965e-01,1.777452975511550903e-01,1.186987310647964478e-01,1.000000000000000000e+00,8.766666799783706665e-02,-3.513783216476440430e-02,4.154805541038513184e-01,-6.852865964174270630e-02,1.842865198850631714e-01,5.199382901191711426e-01,1.341447979211807251e-01,2.440177649259567261e-01,2.942848801612854004e-01,2.277910523116588593e-02,3.681160509586334229e-01,4.394063055515289307e-01,2.264070361852645874e-01,-6.682978570461273193e-02,2.727547585964202881e-01,-1.814044415950775146e-01,4.662919640541076660e-01,3.655472770333290100e-02,1.447391659021377563e-01,5.038449075073003769e-03,1.519792526960372925e-01,-4.491608217358589172e-02,-6.673829257488250732e-02,-1.784323304891586304e-01,4.592480659484863281e-01,1.426440179347991943e-01,-2.090755105018615723e-01,-3.997713327407836914e-02,5.851376056671142578e-01,-1.307252794504165649e-01,1.910476088523864746e-01,-2.664660662412643433e-02,2.967173159122467041e-01,3.815109608694911003e-03,1.100684404373168945e-01,1.332193315029144287e-01,-9.690658748149871826e-02,-8.864762261509895325e-03,-2.150723934173583984e-01,-1.493007987737655640e-01
1.294385641813278198e-01,5.071600675582885742e-01,2.341901808977127075e-01,2.005054503679275513e-01,2.236895412206649780e-01,2.884494960308074951e-01,2.856866419315338135e-01,8.766666799783706665e-02,1.000000000000000000e+00,5.025352239608764648e-01,4.502728879451751709e-01,5.796219110488891602e-01,2.168395519256591797e-01,-6.670603901147842407e-02,4.460341334342956543e-01,6.670347601175308228e-02,2.327654510736465454e-01,2.683281004428863525e-01,4.856339842081069946e-02,1.872154474258422852e-01,2.454409152269363403e-01,3.392468094825744629e-01,1.405378282070159912e-01,1.549608111381530762e-01,-5.413704365491867065e-02,5.296866223216056824e-02,2.748688459396362305e-01,1.408539563417434692e-01,1.071684435009956360e-01,-4.591863602399826050e-02,2.634773254394531250e-01,2.248764187097549438e-01,2.240240722894668579e-01,4.304395020008087158e-01,9.638137370347976685e-02,1.573905348777770996e-01,1.656575649976730347e-01,3.172806799411773682e-01,7.788810133934020996e-02,2.702637612819671631e-01,3.218199610710144043e-01,4.897995293140411377e-01,-4.432559013366699219e-02,5.521262884140014648e-01,2.748733460903167725e-01,2.095739096403121948e-01,1.771951913833618164e-01,1.562848389148712158e-01
6.932931393384933472e-02,3.784811496734619141e-01,1.904601752758026123e-01,2.997855842113494873e-01,2.331425100564956665e-01,4.008329212665557861e-01,3.728375732898712158e-01,-3.513783216476440430e-02,5.025352239608764648e-01,1.000000000000000000e+00,2.684096992015838623e-01,7.047341465950012207e-01,4.327732622623443604e-01,-1.443370282649993896e-01,3.792661130428314209e-01,8.108329772949218750e-02,2.386888414621353149e-01,2.053647786378860474e-01,4.177726060152053833e-02,3.132731020450592041e-01,4.111334681510925293e-01,3.135951161384582520e-01,2.929614298045635223e-02,1.269221771508455276e-02,-1.163890287280082703e-01,6.683059781789779663e-02,7.432752847671508789e-02,1.488511115312576294e-01,1.374035924673080444e-01,-6.684370338916778564e-02,2.343007922172546387e-01,2.862344682216644287e-02,-3.046806715428829193e-02,2.416892796754837036e-01,2.402842789888381958e-02,4.600591585040092468e-02,5.847555119544267654e-03,2.912521362304687500e-01,1.114060357213020325e-01,2.153786718845367432e-01,3.207847476005554199e-01,6.647146940231323242e-01,1.550506204366683960e-01,4.608532190322875977e-01,3.376106619834899902e-01,5.440112948417663574e-01,1.952977105975151062e-02,6.938029080629348755e-02
2.339124977588653564e-01,3.630021214485168457e-01,5.319590494036674500e-02,1.615209579467773438e-01,4.737982451915740967e-01,2.734090387821197510e-01,1.738781332969665527e-01,4.154805541038513184e-01,4.502728879451751709e-01,2.684096992015838623e-01,1.000000000000000000e+00,3.205781280994415283e-01,2.746643722057342529e-01,3.282583653926849365e-01,4.465844929218292236e-01,1.321078985929489136e-01,2.117787450551986694e-01,1.493171304464340210e-01,-2.631976082921028137e-02,2.111077606678009033e-01,1.314731091260910034e-01,1.400034874677658081e-01,9.951484203338623047e-02,4.049132391810417175e-02,2.482046484947204590e-01,9.424898773431777954e-02,3.512080907821655273e-01,8.305167406797409058e-02,-2.516063489019870758e-02,-1.950630694627761841e-01,8.263470232486724854e-02,9.926906973123550415e-02,3.894967138767242432e-01,3.037846386432647705e-01,-1.302833259105682373e-01,-2.049617096781730652e-02,2.891232371330261230e-01,7.611528038978576660e-02,-1.241271421313285828e-01,1.024955064058303833e-01,3.619725406169891357e-01,2.712810635566711426e-01,5.002091452479362488e-02,4.188703596591949463e-01,8.213749527931213379e-02,1.623807996511459351e-01,5.286590754985809326e-02,9.291242808103561401e-02
1.102194935083389282e-01,4.859849810600280762e-01,1.307982206344604492e-01,1.434709131717681885e-01,2.110002040863037109e-01,3.507189750671386719e-01,2.899612784385681152e-01,-6.852865964174270630e-02,5.796219110488891602e-01,7.047341465950012207e-01,3.205781280994415283e-01,1.000000000000000000e+00,3.437493145465850830e-01,-9.603164345026016235e-02,5.398382544517517090e-01,4.231004044413566589e-02,1.877085715532302856e-01,3.247439265251159668e-01,-1.555545628070831299e-01,8.156860619783401489e-02,2.962676584720611572e-01,3.194859027862548828e-01,9.334634244441986084e-02,1.165358126163482666e-01,-1.404714286327362061e-01,6.643670611083507538e-03,1.825717687606811523e-01,1.374259740114212036e-01,1.294071078300476074e-01,-5.216572061181068420e-02,2.485950440168380737e-01,1.291930824518203735e-01,1.125486046075820923e-01,3.642637431621551514e-01,1.136029139161109924e-02,6.903988867998123169e-02,4.737040773034095764e-02,3.200084865093231201e-01,-3.826554864645004272e-02,2.394075542688369751e-01,3.803936541080474854e-01,6.341018080711364746e-01,-3.539555892348289490e-02,5.495954751968383789e-01,3.209590017795562744e-01,3.235976099967956543e-01,1.308608800172805786e-01,1.165997833013534546e-01
5.217367038130760193e-02,3.195818066596984863e-01,1.826714277267456055e-01,3.887411653995513916e-01,3.743374347686767578e-01,5.369511842727661133e-01,4.131901860237121582e-01,1.842865198850631714e-01,2.168395519256591797e-01,4.327732622623443604e-01,2.746643722057342529e-01,3.437493145465850830e-01,1.000000000000000000e+00,8.157680928707122803e-02,2.323494702577590942e-01,4.869568347930908203e-01,4.939814507961273193e-01,3.483530879020690918e-01,1.848244071006774902e-01,4.743996262550354004e-01,4.694228470325469971e-01,2.605454623699188232e-01,3.831391334533691406e-01,9.621325880289077759e-02,7.541624456644058228e-02,2.277424931526184082e-01,1.376130282878875732e-01,1.751033812761306763e-01,3.213375210762023926e-01,2.317105606198310852e-02,3.409691452980041504e-01,9.174347360385581851e-05,9.228944033384323120e-02,3.331102430820465088e-01,-7.250639796257019043e-02,2.695435881614685059e-01,2.127034366130828857e-01,1.545955091714859009e-01,1.670957058668136597e-01,2.803414463996887207e-01,2.602843344211578369e-01,5.006952881813049316e-01,2.906876802444458008e-01,3.057340383529663086e-01,1.971188187599182129e-01,3.226141929626464844e-01,-1.389995310455560684e-02,-1.820732653141021729e-01
3.959726914763450623e-02,-1.397743523120880127e-01,-1.614100486040115356e-01,-1.759292930364608765e-01,7.562490552663803101e-02,-9.949176758527755737e-02,-9.208606928586959839e-02,5.199382901191711426e-01,-6.670603901147842407e-02,-1.443370282649993896e-01,3.282583653926849365e-01,-9.603164345026016235e-02,8.157680928707122803e-02,1.000000000000000000e+00,1.994392275810241699e-01,1.035420075058937073e-01,9.592323005199432373e-02,1.134907826781272888e-01,-6.184781715273857117e-02,-3.690625773742794991e-03,-6.919851154088973999e-02,-5.902918428182601929e-02,1.162663772702217102e-01,-1.195610594004392624e-02,1.432504951953887939e-01,5.577992647886276245e-02,8.710703253746032715e-02,-2.441845387220382690e-01,-9.973349422216415405e-02,2.218721620738506317e-02,-5.893698334693908691e-02,-5.282030254602432251e-02,2.455714344978332520e-01,4.591820389032363892e-02,-1.410652101039886475e-01,-2.022102009505033493e-03,6.003478169441223145e-01,-1.016514152288436890e-01,-1.445630192756652832e-01,-1.098408252000808716e-01,4.672586172819137573e-02,-1.808035820722579956e-01,-8.605899661779403687e-02,-5.220296978950500488e-02,-2.053411006927490234e-01,-1.969210952520370483e-01,-6.808231025934219360e-02,-6.757617811672389507e-04
8.759085834026336670e-02,3.502680361270904541e-01,1.298928260803222656e-01,7.194585353136062622e-02,1.738358438014984131e-01,1.768808811902999878e-01,1.483403444290161133e-01,1.341447979211807251e-01,4.460341334342956543e-01,3.792661130428314209e-01,4.465844929218292236e-01,5.398382544517517090e-01,2.323494702577590942e-01,1.994392275810241699e-01,1.000000000000000000e+00,1.135962456464767456e-01,1.474352478981018066e-01,2.745813131332397461e-01,-6.115297228097915649e-02,1.101464182138442993e-01,2.631457448005676270e-01,3.157004117965698242e-01,1.826675534248352051e-01,1.720065772533416748e-01,-4.123916476964950562e-02,1.556693390011787415e-02,2.244028002023696899e-01,7.458073645830154419e-02,-7.208382338285446167e-02,-1.256173700094223022e-01,2.122921496629714966e-01,1.593261659145355225e-01,2.093165516853332520e-01,3.296909034252166748e-01,-2.701408788561820984e-02,1.363833993673324585e-01,3.021152615547180176e-01,4.553659856319427490e-01,-3.862747922539710999e-02,3.443440496921539307e-01,2.244203984737396240e-01,3.468262851238250732e-01,-1.431680936366319656e-02,3.639456629753112793e-01,2.870101928710937500e-01,2.132567316293716431e-01,1.637421995401382446e-01,1.109540238976478577e-01
1.527642011642456055e-01,1.173372790217399597e-01,5.574453994631767273e-02,3.116011917591094971e-01,3.429522514343261719e-01,4.063120484352111816e-01,2.235081791877746582e-01,2.440177649259567261e-01,6.670347601175308228e-02,8.108329772949218750e-02,1.321078985929489136e-01,4.231004044413566589e-02,4.869568347930908203e-01,1.035420075058937073e-01,1.135962456464767456e-01,1.000000000000000000e+00,3.214285671710968018e-01,2.227728664875030518e-01,4.176798760890960693e-01,3.942586779594421387e-01,3.763171434402465820e-01,1.840441301465034485e-02,2.057658880949020386e-01,3.234059363603591919e-02,2.606627345085144043e-01,-1.674020476639270782e-02,2.045028060674667358e-01,1.421984583139419556e-01,2.656139433383941650e-01,4.177480190992355347e-02,1.122404113411903381e-01,-1.413402706384658813e-01,2.116873562335968018e-01,1.291960030794143677e-01,-5.811884533613920212e-03,7.945633679628372192e-02,2.811845839023590088e-01,9.834158420562744141e-02,4.881203770637512207e-01,1.700563728809356689e-01,1.183404624462127686e-01,1.687276363372802734e-01,2.909595370292663574e-01,7.070954889059066772e-02,1.008902713656425476e-01,1.618857830762863159e-01,-7.761516422033309937e-02,-2.026744484901428223e-01
2.747244536876678467e-01,3.256233930587768555e-01,1.055663973093032837e-01,4.471821784973144531e-01,3.125793337821960449e-01,3.820002675056457520e-01,5.164161324501037598e-01,2.942848801612854004e-01,2.327654510736465454e-01,2.386888414621353149e-01,2.117787450551986694e-01,1.877085715532302856e-01,4.939814507961273193e-01,9.592323005199432373e-02,1.474352478981018066e-01,3.214285671710968018e-01,1.000000000000000000e+00,4.127589166164398193e-01,3.958987593650817871e-01,4.329294264316558838e-01,2.844638824462890625e-01,1.760070621967315674e-01,3.894762098789215088e-01,1.628711074590682983e-02,2.337361723184585571e-01,3.089827857911586761e-02,2.469576150178909302e-01,3.223666846752166748e-01,3.798173069953918457e-01,9.537494182586669922e-02,2.678695917129516602e-01,-8.682076819241046906e-03,2.772597670555114746e-01,3.110841214656829834e-01,-2.053556405007839203e-02,3.269002735614776611e-01,3.209215700626373291e-01,9.784357994794845581e-02,1.606903076171875000e-01,2.354536354541778564e-01,2.734512388706207275e-01,3.433672189712524414e-01,3.122481703758239746e-01,3.009717464447021484e-01,1.450635790824890137e-01,1.741246581077575684e-01,-7.710800319910049438e-02,-1.188624724745750427e-01
5.589710921049118042e-02,3.738009035587310791e-01,1.186066269874572754e-01,1.277002245187759399e-01,1.893491446971893311e-01,2.590671181678771973e-01,1.272080391645431519e-01,2.277910523116588593e-02,2.683281004428863525e-01,2.053647786378860474e-01,1.493171304464340210e-01,3.247439265251159668e-01,3.483530879020690918e-01,1.134907826781272888e-01,2.745813131332397461e-01,2.227728664875030518e-01,4.127589166164398193e-01,1.000000000000000000e+00,3.335823863744735718e-02,1.594974994659423828e-01,3.324895799160003662e-01,4.027946889400482178e-01,2.642872929573059082e-01,3.092286884784698486e-01,-1.120563298463821411e-01,-5.887291952967643738e-02,2.188511639833450317e-01,1.191266551613807678e-01,1.870973706245422363e-01,2.206821292638778687e-01,5.800946950912475586e-01,1.979447305202484131e-01,2.272334098815917969e-01,3.167285025119781494e-01,3.812734037637710571e-02,3.596322834491729736e-01,2.218749821186065674e-01,2.072787880897521973e-01,2.397141233086585999e-02,3.032779097557067871e-01,2.270926833152770996e-01,3.696115911006927490e-01,6.185957416892051697e-02,3.052527904510498047e-01,1.923475861549377441e-01,1.147429049015045166e-01,2.265679389238357544e-01,4.931452125310897827e-02
1.155828386545181274e-01,6.395894289016723633e-02,1.086429283022880554e-01,3.180195987224578857e-01,1.254582107067108154e-01,2.128754109144210815e-01,2.306143790483474731e-01,3.681160509586334229e-01,4.856339842081069946e-02,4.177726060152053833e-02,-2.631976082921028137e-02,-1.555545628070831299e-01,1.848244071006774902e-01,-6.184781715273857117e-02,-6.115297228097915649e-02,4.176798760890960693e-01,3.958987593650817871e-01,3.335823863744735718e-02,1.000000000000000000e+00,6.073973774909973145e-01,4.039615094661712646e-01,4.348754882812500000e-02,1.670024394989013672e-01,-7.632058113813400269e-02,2.433883547782897949e-01,3.411180898547172546e-02,3.020472638309001923e-02,1.402104496955871582e-01,1.679055392742156982e-01,5.128693953156471252e-02,5.638089030981063843e-02,-4.570435732603073120e-02,1.306470334529876709e-01,2.742786332964897156e-02,-3.057160601019859314e-02,8.810266852378845215e-02,2.451655566692352295e-01,9.049807488918304443e-02,5.522888302803039551e-01,1.047665849328041077e-01,1.686869002878665924e-02,4.208638146519660950e-02,2.773181200027465820e-01,-3.339406847953796387e-02,1.708641797304153442e-01,1.838754266500473022e-01,-1.041719466447830200e-01,-7.432336360216140747e-02
1.223604381084442139e-01,1.981479376554489136e-01,1.364234685897827148e-01,3.684057295322418213e-01,3.225847482681274414e-01,4.412939846515655518e-01,3.828524351119995117e-01,4.394063055515289307e-01,1.872154474258422852e-01,3.132731020450592041e-01,2.111077606678009033e-01,8.156860619783401489e-02,4.743996262550354004e-01,-3.690625773742794991e-03,1.101464182138442993e-01,3.942586779594421387e-01,4.329294264316558838e-01,1.594974994659423828e-01,6.073973774909973145e-01,1.000000000000000000e+00,6.816362738609313965e-01,1.460204720497131348e-01,2.077974677085876465e-01,-7.891824841499328613e-02,1.411374062299728394e-01,1.423880606889724731e-01,-1.083666738122701645e-02,1.100818887352943420e-01,2.054923772811889648e-01,2.896476909518241882e-02,1.474112421274185181e-01,-1.283247321844100952e-01,1.076285019516944885e-01,1.367598474025726318e-01,-4.459771513938903809e-02,8.356990665197372437e-02,3.003608882427215576e-01,1.652981638908386230e-01,4.922860860824584961e-01,1.273869276046752930e-01,1.755076497793197632e-01,3.237075805664062500e-01,4.208994209766387939e-01,1.853711456060409546e-01,1.928466707468032837e-01,4.152623116970062256e-01,-1.821215599775314331e-01,-2.550341784954071045e-01
8.127593994140625000e-02,3.192892670631408691e-01,2.148176133632659912e-01,3.243206739425659180e-01,2.954450249671936035e-01,4.925129413604736328e-01,2.905411720275878906e-01,2.264070361852645874e-01,2.454409152269363403e-01,4.111334681510925293e-01,1.314731091260910034e-01,2.962676584720611572e-01,4.694228470325469971e-01,-6.919851154088973999e-02,2.631457448005676270e-01,3.763171434402465820e-01,2.844638824462890625e-01,3.324895799160003662e-01,4.039615094661712646e-01,6.816362738609313965e-01,1.000000000000000000e+00,4.067941606044769287e-01,2.594499588012695312e-01,1.783499121665954590e-02,-1.179835349321365356e-01,8.096607029438018799e-02,3.556901356205344200e-03,1.276432424783706665e-01,1.943546235561370850e-01,1.108491197228431702e-01,2.933000624179840088e-01,-8.388429880142211914e-02,5.545466393232345581e-02,2.835665047168731689e-01,6.729320157319307327e-03,1.238103508949279785e-01,2.657164931297302246e-01,2.565687894821166992e-01,3.952417075634002686e-01,3.000677227973937988e-01,2.155113518238067627e-01,4.626531004905700684e-01,2.859947085380554199e-01,3.034125268459320068e-01,2.960229218006134033e-01,3.904767632484436035e-01,-5.298205092549324036e-02,-1.791868656873703003e-01
-4.357814416289329529e-02,3.891590833663940430e-01,2.427018582820892334e-01,2.341365963220596313e-01,1.013365909457206726e-01,2.860641777515411377e-01,2.176434397697448730e-01,-6.682978570461273193e-02,3.392468094825744629e-01,3.135951161384582520e-01,1.400034874677658081e-01,3.194859027862548828e-01,2.605454623699188232e-01,-5.902918428182601929e-02,3.157004117965698242e-01,1.840441301465034485e-02,1.760070621967315674e-01,4.027946889400482178e-01,4.348754882812500000e-02,1.460204720497131348e-01,4.067941606044769287e-01,1.000000000000000000e+00,3.287071287631988525e-01,3.475552499294281006e-01,-2.825702130794525146e-01,1.048115938901901245e-01,7.128109037876129150e-02,1.304368525743484497e-01,8.833356201648712158e-02,1.051550209522247314e-01,4.642961025238037109e-01,4.550160467624664307e-01,-7.185270637273788452e-02,3.378045856952667236e-01,3.232084214687347412e-02,3.363459408283233643e-01,1.283690482378005981e-01,2.742945253849029541e-01,3.438171744346618652e-02,5.506078600883483887e-01,1.215115413069725037e-01,3.801180124282836914e-01,3.927909210324287415e-02,2.791973948478698730e-01,2.710067033767700195e-01,1.992124319076538086e-01,3.997046351432800293e-01,3.820573091506958008e-01
1.599895358085632324e-01,2.397648692131042480e-01,9.023784846067428589e-02,2.337643057107925415e-01,1.768243908882141113e-01,1.287846267223358154e-01,2.642366588115692139e-01,2.727547585964202881e-01,1.405378282070159912e-01,2.929614298045635223e-02,9.951484203338623047e-02,9.334634244441986084e-02,3.831391334533691406e-01,1.162663772702217102e-01,1.826675534248352051e-01,2.057658880949020386e-01,3.894762098789215088e-01,2.642872929573059082e-01,1.670024394989013672e-01,2.077974677085876465e-01,2.594499588012695312e-01,3.287071287631988525e-01,1.000000000000000000e+00,1.992163807153701782e-01,1.877219676971435547e-01,7.978487759828567505e-03,5.864325910806655884e-02,2.580365836620330811e-01,3.637888431549072266e-01,9.682323038578033447e-02,2.238927334547042847e-01,8.264227956533432007e-02,1.518710553646087646e-01,2.668506205081939697e-01,-6.630180031061172485e-02,4.532551765441894531e-01,3.119719624519348145e-01,9.076967090368270874e-02,1.255266368389129639e-02,4.528914690017700195e-01,3.324649855494499207e-02,1.865299642086029053e-01,2.765966653823852539e-01,2.372247576713562012e-01,1.537591964006423950e-01,1.413686424493789673e-01,1.554792672395706177e-01,-2.140043769031763077e-03
-1.215296760201454163e-01,2.014430761337280273e-01,1.978600621223449707e-01,9.994350373744964600e-02,-5.771959945559501648e-02,3.431952372193336487e-02,-4.478695243597030640e-02,-1.814044415950775146e-01,1.549608111381530762e-01,1.269221771508455276e-02,4.049132391810417175e-02,1.165358126163482666e-01,9.621325880289077759e-02,-1.195610594004392624e-02,1.720065772533416748e-01,3.234059363603591919e-02,1.628711074590682983e-02,3.092286884784698486e-01,-7.632058113813400269e-02,-7.891824841499328613e-02,1.783499121665954590e-02,3.475552499294281006e-01,1.992163807153701782e-01,1.000000000000000000e+00,-1.706469953060150146e-01,-7.981570065021514893e-02,3.280418738722801208e-02,-4.920470342040061951e-02,-3.707073256373405457e-02,1.927920579910278320e-01,5.381770730018615723e-01,5.461052656173706055e-01,-5.078712478280067444e-02,1.539722830057144165e-01,7.519929856061935425e-02,4.993291497230529785e-01,-2.333083748817443848e-02,2.451877743005752563e-01,-1.879933476448059082e-02,4.556377530097961426e-01,-4.606487974524497986e-02,1.123819425702095032e-01,5.215497687458992004e-02,7.309036701917648315e-02,1.815703511238098145e-01,1.235113367438316345e-01,7.458921074867248535e-01,3.221126794815063477e-01
4.995165169239044189e-01,3.041592054069042206e-02,-1.307273954153060913e-01,1.861385852098464966e-01,4.065003097057342529e-01,7.218240201473236084e-02,6.902641057968139648e-02,4.662919640541076660e-01,-5.413704365491867065e-02,-1.163890287280082703e-01,2.482046484947204590e-01,-1.404714286327362061e-01,7.541624456644058228e-02,1.432504951953887939e-01,-4.123916476964950562e-02,2.606627345085144043e-01,2.337361723184585571e-01,-1.120563298463821411e-01,2.433883547782897949e-01,1.411374062299728394e-01,-1.179835349321365356e-01,-2.825702130794525146e-01,1.877219676971435547e-01,-1.706469953060150146e-01,1.000000000000000000e+00,-1.522458493709564209e-01,3.931179940700531006e-01,3.942523002624511719e-01,2.206858545541763306e-01,-1.483733654022216797e-01,-1.026361286640167236e-01,-2.439092546701431274e-01,4.913092851638793945e-01,7.214602082967758179e-02,-1.526664048433303833e-01,-4.653158783912658691e-02,1.226130127906799316e-01,-2.316958606243133545e-01,1.113155186176300049e-01,-8.804158121347427368e-02,2.794682681560516357e-01,-1.267003864049911499e-01,1.388576924800872803e-01,4.783852398395538330e-02,-1.445947289466857910e-01,-3.040623664855957031e-02,-2.227338850498199463e-01,-1.865702420473098755e-01
-2.085992544889450073e-01,-7.500438392162322998e-02,2.845633327960968018e-01,2.258115634322166443e-02,-5.658546090126037598e-02,1.188486889004707336e-01,3.408724069595336914e-01,3.655472770333290100e-02,5.296866223216056824e-02,6.683059781789779663e-02,9.424898773431777954e-02,6.643670611083507538e-03,2.277424931526184082e-01,5.577992647886276245e-02,1.556693390011787415e-02,-1.674020476639270782e-02,3.089827857911586761e-02,-5.887291952967643738e-02,3.411180898547172546e-02,1.423880606889724731e-01,8.096607029438018799e-02,1.048115938901901245e-01,7.978487759828567505e-03,-7.981570065021514893e-02,-1.522458493709564209e-01,1.000000000000000000e+00,-1.063052043318748474e-01,-2.040040045976638794e-01,1.080771628767251968e-02,-5.131763964891433716e-02,3.691479936242103577e-02,-1.162941753864288330e-02,-1.712483018636703491e-01,3.678821772336959839e-02,-7.040593773126602173e-02,-8.470577001571655273e-02,-1.800674572587013245e-02,-4.622125625610351562e-02,-1.939236000180244446e-02,-6.876648217439651489e-02,-8.029767870903015137e-02,4.513967409729957581e-02,-6.626661866903305054e-02,-9.411881864070892334e-02,-6.988255679607391357e-02,-4.375252500176429749e-02,-1.010408475995063782e-01,-6.456256657838821411e-02
4.788539707660675049e-01,4.356366097927093506e-01,5.746666714549064636e-02,2.593103647232055664e-01,4.563897550106048584e-01,2.916682064533233643e-01,7.542633265256881714e-02,1.447391659021377563e-01,2.748688459396362305e-01,7.432752847671508789e-02,3.512080907821655273e-01,1.825717687606811523e-01,1.376130282878875732e-01,8.710703253746032715e-02,2.244028002023696899e-01,2.045028060674667358e-01,2.469576150178909302e-01,2.188511639833450317e-01,3.020472638309001923e-02,-1.083666738122701645e-02,3.556901356205344200e-03,7.128109037876129150e-02,5.864325910806655884e-02,3.280418738722801208e-02,3.931179940700531006e-01,-1.063052043318748474e-01,1.000000000000000000e+00,4.727053046226501465e-01,1.288736462593078613e-01,-3.053847700357437134e-02,1.223740354180335999e-01,-1.953538507223129272e-02,6.080908179283142090e-01,2.800220549106597900e-01,-5.478641018271446228e-02,1.390524059534072876e-01,1.163223609328269958e-01,2.270514518022537231e-02,-5.272066220641136169e-02,6.469739973545074463e-02,4.665291905403137207e-01,1.336282342672348022e-01,1.954514905810356140e-02,2.963168919086456299e-01,3.530544787645339966e-02,-7.067538797855377197e-02,-2.134930156171321869e-02,-7.694247178733348846e-03
5.684481859207153320e-01,3.632425069808959961e-01,2.255587428808212280e-01,5.006557703018188477e-01,3.851043879985809326e-01,2.944281995296478271e-01,2.223902791738510132e-01,5.038449075073003769e-03,1.408539563417434692e-01,1.488511115312576294e-01,8.305167406797409058e-02,1.374259740114212036e-01,1.751033812761306763e-01,-2.441845387220382690e-01,7.458073645830154419e-02,1.421984583139419556e-01,3.223666846752166748e-01,1.191266551613807678e-01,1.402104496955871582e-01,1.100818887352943420e-01,1.276432424783706665e-01,1.304368525743484497e-01,2.580365836620330811e-01,-4.920470342040061951e-02,3.942523002624511719e-01,-2.040040045976638794e-01,4.727053046226501465e-01,1.000000000000000000e+00,4.373081326484680176e-01,5.740071088075637817e-02,1.498789191246032715e-01,-5.497526004910469055e-02,3.424546122550964355e-01,1.102852076292037964e-01,-7.744669914245605469e-02,1.896810531616210938e-01,-8.315460383892059326e-02,-3.566645830869674683e-02,-2.647832036018371582e-02,2.231735289096832275e-01,3.321137428283691406e-01,2.303775250911712646e-01,2.270627915859222412e-01,2.284763753414154053e-01,1.680816113948822021e-01,1.610355228185653687e-01,-8.220753073692321777e-02,-6.462978571653366089e-02
2.814606726169586182e-01,2.252644151449203491e-01,-8.683341438882052898e-04,2.699912786483764648e-01,2.250844836235046387e-01,3.228551745414733887e-01,3.964712321758270264e-01,1.519792526960372925e-01,1.071684435009956360e-01,1.374035924673080444e-01,-2.516063489019870758e-02,1.294071078300476074e-01,3.213375210762023926e-01,-9.973349422216415405e-02,-7.208382338285446167e-02,2.656139433383941650e-01,3.798173069953918457e-01,1.870973706245422363e-01,1.679055392742156982e-01,2.054923772811889648e-01,1.943546235561370850e-01,8.833356201648712158e-02,3.637888431549072266e-01,-3.707073256373405457e-02,2.206858545541763306e-01,1.080771628767251968e-02,1.288736462593078613e-01,4.373081326484680176e-01,1.000000000000000000e+00,4.303812086582183838e-01,2.275472581386566162e-01,-1.333257704973220825e-01,1.773035228252410889e-01,1.385239958763122559e-01,-4.045216739177703857e-02,2.249547392129898071e-01,1.003208905458450317e-01,-5.938236787915229797e-02,8.373910188674926758e-02,2.013704776763916016e-01,1.574074029922485352e-01,3.842065930366516113e-01,2.199728637933731079e-01,1.871472746133804321e-01,1.536627262830734253e-01,7.865770906209945679e-02,-1.208401098847389221e-01,-2.555767893791198730e-01
-1.301947385072708130e-01,7.287590205669403076e-02,3.899534046649932861e-02,3.691114485263824463e-02,-1.942139714956283569e-01,-2.715077809989452362e-02,2.732392959296703339e-02,-4.491608217358589172e-02,-4.591863602399826050e-02,-6.684370338916778564e-02,-1.950630694627761841e-01,-5.216572061181068420e-02,2.317105606198310852e-02,2.218721620738506317e-02,-1.256173700094223022e-01,4.177480190992355347e-02,9.537494182586669922e-02,2.206821292638778687e-01,5.128693953156471252e-02,2.896476909518241882e-02,1.108491197228431702e-01,1.051550209522247314e-01,9.682323038578033447e-02,1.927920579910278320e-01,-1.483733654022216797e-01,-5.131763964891433716e-02,-3.053847700357437134e-02,5.740071088075637817e-02,4.303812086582183838e-01,1.000000000000000000e+00,3.905645310878753662e-01,5.823614448308944702e-02,-1.250123977661132812e-02,1.879511028528213501e-02,1.800698637962341309e-01,2.787565588951110840e-01,2.721868082880973816e-02,7.179416716098785400e-02,3.648522123694419861e-02,7.828257977962493896e-02,-1.063594892621040344e-01,9.678292274475097656e-02,8.402485400438308716e-02,-4.374280944466590881e-02,1.410506367683410645e-01,-7.360373856499791145e-04,1.020700857043266296e-01,-6.537285447120666504e-02
-1.018641516566276550e-01,3.731732666492462158e-01,2.795498967170715332e-01,2.104016244411468506e-01,7.689125835895538330e-02,1.938722282648086548e-01,1.018978431820869446e-01,-6.673829257488250732e-02,2.634773254394531250e-01,2.343007922172546387e-01,8.263470232486724854e-02,2.485950440168380737e-01,3.409691452980041504e-01,-5.893698334693908691e-02,2.122921496629714966e-01,1.122404113411903381e-01,2.678695917129516602e-01,5.800946950912475586e-01,5.638089030981063843e-02,1.474112421274185181e-01,2.933000624179840088e-01,4.642961025238037109e-01,2.238927334547042847e-01,5.381770730018615723e-01,-1.026361286640167236e-01,3.691479936242103577e-02,1.223740354180335999e-01,1.498789191246032715e-01,2.275472581386566162e-01,3.905645310878753662e-01,1.000000000000000000e+00,3.957406580448150635e-01,5.186004936695098877e-02,3.675110042095184326e-01,9.478672593832015991e-02,4.971391856670379639e-01,6.551884114742279053e-02,3.184745609760284424e-01,6.904165446758270264e-02,4.793811440467834473e-01,1.281012594699859619e-01,3.575967848300933838e-01,4.649014025926589966e-02,1.814592033624649048e-01,2.808297872543334961e-01,1.566855758428573608e-01,4.575924277305603027e-01,1.137867271900177002e-01
-2.140653580427169800e-01,2.253589630126953125e-01,1.185185685753822327e-01,2.741468371823430061e-03,-1.177569255232810974e-01,-4.697701334953308105e-02,6.930586881935596466e-03,-1.784323304891586304e-01,2.248764187097549438e-01,2.862344682216644287e-02,9.926906973123550415e-02,1.291930824518203735e-01,9.174347360385581851e-05,-5.282030254602432251e-02,1.593261659145355225e-01,-1.413402706384658813e-01,-8.682076819241046906e-03,1.979447305202484131e-01,-4.570435732603073120e-02,-1.283247321844100952e-01,-8.388429880142211914e-02,4.550160467624664307e-01,8.264227956533432007e-02,5.461052656173706055e-01,-2.439092546701431274e-01,-1.162941753864288330e-02,-1.953538507223129272e-02,-5.497526004910469055e-02,-1.333257704973220825e-01,5.823614448308944702e-02,3.957406580448150635e-01,1.000000000000000000e+00,-1.072890162467956543e-01,1.238872632384300232e-01,8.134777843952178955e-02,2.564217448234558105e-01,-9.480901807546615601e-02,2.293437719345092773e-01,-9.783518314361572266e-02,3.596005439758300781e-01,-5.082593858242034912e-02,9.922661632299423218e-02,-8.975163847208023071e-02,1.087065488100051880e-01,2.094682157039642334e-01,4.383895918726921082e-02,7.019723653793334961e-01,6.075662970542907715e-01
5.613141655921936035e-01,3.241530954837799072e-01,-1.556753814220428467e-01,-1.549794897437095642e-02,4.360993504524230957e-01,1.499917209148406982e-01,-3.094474039971828461e-02,4.592480659484863281e-01,2.240240722894668579e-01,-3.046806715428829193e-02,3.894967138767242432e-01,1.125486046075820923e-01,9.228944033384323120e-02,2.455714344978332520e-01,2.093165516853332520e-01,2.116873562335968018e-01,2.772597670555114746e-01,2.272334098815917969e-01,1.306470334529876709e-01,1.076285019516944885e-01,5.545466393232345581e-02,-7.185270637273788452e-02,1.518710553646087646e-01,-5.078712478280067444e-02,4.913092851638793945e-01,-1.712483018636703491e-01,6.080908179283142090e-01,3.424546122550964355e-01,1.773035228252410889e-01,-1.250123977661132812e-02,5.186004936695098877e-02,-1.072890162467956543e-01,1.000000000000000000e+00,2.733441591262817383e-01,-1.022301316261291504e-01,7.494023442268371582e-02,2.932706177234649658e-01,-3.619040548801422119e-02,-2.307535894215106964e-02,1.927271857857704163e-02,4.578534066677093506e-01,8.625539392232894897e-02,-7.396955788135528564e-02,3.238994479179382324e-01,2.593222307041287422e-04,-1.327608972787857056e-01,-1.067541763186454773e-01,-1.056808680295944214e-01
