1.000000000000000000e+00,4.408893361687660217e-02,2.955560982227325439e-01,3.291681408882141113e-01,3.991475105285644531e-01,3.002353012561798096e-01,4.095399379730224609e-02,3.704051971435546875e-01,3.703647255897521973e-01,-2.124890238046646118e-01,2.503604888916015625e-01,-2.264322936534881592e-01,-1.533134728670120239e-01,2.626283280551433563e-02,-1.612422466278076172e-01,-1.830842532217502594e-02,2.027021497488021851e-01,1.267865896224975586e-01,3.164501488208770752e-01,2.056351900100708008e-01,4.063886776566505432e-02,-1.000220254063606262e-01,2.096954137086868286e-01,-1.206395775079727173e-01,4.457864463329315186e-01,5.375695228576660156e-02,3.529255986213684082e-01,4.881610870361328125e-01,2.598324120044708252e-01,-5.814151465892791748e-02,6.416639685630798340e-02,-6.885638087987899780e-02,3.768156170845031738e-01,-7.729352265596389771e-02,-8.657756447792053223e-02,1.290337741374969482e-01,2.204540967941284180e-01,4.954300075769424438e-02,1.916430294513702393e-01,2.118739485740661621e-01,2.843592464923858643e-01,-7.340639084577560425e-02,6.930810213088989258e-02,1.975701451301574707e-01,-1.538540124893188477e-01,-7.159540802240371704e-02,-1.019040718674659729e-01,-1.158147975802421570e-01
4.408893361687660217e-02,1.000000000000000000e+00,-3.775958344340324402e-02,6.160430982708930969e-02,4.001447260379791260e-01,2.112172693014144897e-01,2.285703718662261963e-01,7.251480221748352051e-02,4.073958694934844971e-01,3.734464943408966064e-01,1.190918907523155212e-01,4.030916392803192139e-01,3.447417616844177246e-01,-1.818438172340393066e-01,2.724123895168304443e-01,4.190815985202789307e-01,9.288331121206283569e-02,-2.846692875027656555e-02,3.124066255986690521e-02,1.935196667909622192e-01,2.740197479724884033e-01,-1.575487703084945679e-01,-1.254990100860595703e-01,6.997846812009811401e-02,-7.535213232040405273e-02,-7.812172174453735352e-03,1.437645554542541504e-01,1.424312591552734375e-01,1.298244446516036987e-01,3.837539581581950188e-03,5.387335084378719330e-03,1.468970812857151031e-02,2.478688210248947144e-01,3.597730696201324463e-01,1.431240290403366089e-01,5.192711576819419861e-02,2.611427381634712219e-02,3.259911537170410156e-01,1.676375567913055420e-01,1.782256662845611572e-01,5.087339878082275391e-01,5.852985382080078125e-01,2.040408737957477570e-02,5.969812273979187012e-01,4.652982950210571289e-01,3.473721742630004883e-01,2.552554942667484283e-02,-1.328285783529281616e-01
2.955560982227325439e-01,-3.775958344340324402e-02,1.000000000000000000e+00,2.892374694347381592e-01,1.107819899916648865e-01,9.796364605426788330e-02,1.655080616474151611e-01,-1.041071191430091858e-01,6.492967903614044189e-02,1.138469427824020386e-01,-6.561177223920822144e-02,1.004887670278549194e-01,9.927892684936523438e-02,-1.728361994028091431e-01,1.482195705175399780e-01,6.645578891038894653e-02,1.983867585659027100e-01,-3.174642100930213928e-02,-2.783253043889999390e-02,1.169033497571945190e-01,6.316388957202434540e-03,1.201773434877395630e-01,2.038129605352878571e-02,1.728755086660385132e-01,4.104693979024887085e-02,2.852869629859924316e-01,1.446168273687362671e-01,1.892897784709930420e-01,9.079311788082122803e-02,7.554799318313598633e-02,1.526320725679397583e-01,1.499038785696029663e-01,1.056958213448524475e-01,-1.066558882594108582e-01,1.409487873315811157e-01,1.048150584101676941e-01,-2.242158539593219757e-02,1.705806702375411987e-01,2.309877276420593262e-01,1.748856008052825928e-01,1.224009171128273010e-01,1.131587475538253784e-01,8.176297694444656372e-02,-5.146030709147453308e-02,7.298759371042251587e-02,1.811238527297973633e-01,1.932847946882247925e-01,2.311944961547851562e-01
3.291681408882141113e-01,6.160430982708930969e-02,2.892374694347381592e-01,1.000000000000000000e+00,2.301842123270034790e-01,5.449033975601196289e-01,3.114461004734039307e-01,-7.047525048255920410e-02,1.687926426529884338e-02,1.646572500467300415e-01,-3.980737552046775818e-02,-1.034881733357906342e-02,1.840568780899047852e-01,-7.125860452651977539e-02,8.873058855533599854e-02,-3.281225264072418213e-02,2.235456407070159912e-01,-6.878004968166351318e-02,1.893405616283416748e-01,2.712324261665344238e-01,1.161977350711822510e-01,-8.369270712137222290e-03,1.374448388814926147e-01,-6.328322738409042358e-02,2.812615931034088135e-01,9.975513070821762085e-02,1.893442720174789429e-01,4.409090578556060791e-01,3.176150619983673096e-01,-4.579884000122547150e-03,-1.153930798172950745e-01,-1.611450314521789551e-01,9.399379603564739227e-03,-5.863527581095695496e-02,-2.563701570034027100e-02,-4.934173077344894409e-02,-8.222272992134094238e-02,1.425469517707824707e-01,-1.055955141782760620e-01,-7.457382231950759888e-02,2.451733201742172241e-01,1.744681298732757568e-01,3.304110467433929443e-01,-1.113185007125139236e-02,1.195442378520965576e-01,1.771131306886672974e-01,-8.390699326992034912e-02,-1.382528394460678101e-01
3.991475105285644531e-01,4.001447260379791260e-01,1.107819899916648865e-01,2.301842123270034790e-01,1.000000000000000000e+00,4.177386462688446045e-01,2.069977968931198120e-01,2.772024869918823242e-01,4.525198936462402344e-01,-2.972793206572532654e-02,3.148655593395233154e-01,8.267344534397125244e-02,1.480868160724639893e-01,3.808780014514923096e-02,5.760281160473823547e-02,4.258177578449249268e-01,1.602258682250976562e-01,1.614993661642074585e-01,1.258284896612167358e-01,2.943866550922393799e-01,3.875783681869506836e-01,-4.959857836365699768e-02,3.572580963373184204e-02,-1.514672338962554932e-01,1.003995239734649658e-01,4.526022076606750488e-02,2.545530200004577637e-01,1.465332508087158203e-01,8.671993762254714966e-02,-5.587448179721832275e-02,1.266925036907196045e-01,8.735474944114685059e-02,4.292313158512115479e-01,6.051728874444961548e-02,1.293422654271125793e-02,-1.255725175142288208e-01,1.755210012197494507e-01,2.394171357154846191e-01,2.351877093315124512e-01,1.998808234930038452e-01,5.803307294845581055e-01,2.425456047058105469e-01,7.200868427753448486e-02,5.127730965614318848e-01,-6.473278626799583435e-03,6.255210936069488525e-02,-1.208413541316986084e-01,-4.788128659129142761e-02
3.002353012561798096e-01,2.112172693014144897e-01,9.796364605426788330e-02,5.449033975601196289e-01,4.177386462688446045e-01,1.000000000000000000e+00,3.041844666004180908e-01,1.167014911770820618e-01,1.803179681301116943e-01,2.165825217962265015e-01,2.347273230552673340e-01,1.558179855346679688e-01,4.175913929939270020e-01,1.149003803730010986e-01,1.987901926040649414e-01,3.555014431476593018e-01,1.402344107627868652e-01,-4.649975337088108063e-03,2.714327275753021240e-01,3.128676712512969971e-01,3.606547117233276367e-01,-1.144554615020751953e-01,5.704505369067192078e-02,-1.312189698219299316e-01,3.065491914749145508e-01,4.715278744697570801e-02,3.360309004783630371e-01,2.633793056011199951e-01,9.951634705066680908e-02,-4.767518118023872375e-02,-8.511028438806533813e-02,-6.591615825891494751e-02,2.893176376819610596e-01,4.070249944925308228e-02,-7.936953753232955933e-02,-1.342946290969848633e-01,-8.110321313142776489e-02,2.478598356246948242e-01,-3.732051700353622437e-02,-9.187942743301391602e-02,3.952297270298004150e-01,3.302194476127624512e-01,4.681484699249267578e-01,1.394363194704055786e-01,1.649495512247085571e-01,2.933578193187713623e-01,-8.153585344552993774e-02,-1.881521791219711304e-01
4.095399379730224609e-02,2.285703718662261963e-01,1.655080616474151611e-01,3.114461004734039307e-01,2.069977968931198120e-01,3.041844666004180908e-01,1.000000000000000000e+00,1.946527138352394104e-02,9.125003963708877563e-02,2.959810495376586914e-01,1.725210249423980713e-01,3.080651760101318359e-01,3.675198554992675781e-01,-2.040848322212696075e-02,3.117373585700988770e-01,3.300610482692718506e-01,5.881661772727966309e-01,2.984466850757598877e-01,1.525706648826599121e-01,1.950223445892333984e-01,2.899091839790344238e-01,1.267620325088500977e-01,2.792113926261663437e-03,5.568772926926612854e-02,3.043005615472793579e-02,4.135006666183471680e-01,3.938397765159606934e-01,2.191208004951477051e-01,1.082020550966262817e-01,4.538982361555099487e-02,2.748046219348907471e-01,3.048162162303924561e-02,3.450903892517089844e-01,-9.048593789339065552e-02,4.865618795156478882e-02,1.613707989454269409e-01,-5.267908796668052673e-02,3.536224663257598877e-01,2.168629467487335205e-01,1.488893777132034302e-01,3.309429287910461426e-01,3.544857203960418701e-01,3.073795437812805176e-01,9.886553138494491577e-02,3.027278482913970947e-01,3.208488821983337402e-01,4.903358593583106995e-02,3.766299039125442505e-02
3.704051971435546875e-01,7.251480221748352051e-02,-1.041071191430091858e-01,-7.047525048255920410e-02,2.772024869918823242e-01,1.167014911770820618e-01,1.946527138352394104e-02,1.000000000000000000e+00,4.077603816986083984e-01,-2.608344554901123047e-01,6.178763508796691895e-01,-1.998171508312225342e-01,-1.180083304643630981e-01,4.884589910507202148e-01,8.644686313346028328e-04,4.794123023748397827e-02,2.901910841464996338e-01,2.871971726417541504e-01,4.099869430065155029e-01,3.545507490634918213e-01,1.758245378732681274e-01,-5.935367569327354431e-02,4.537650346755981445e-01,-7.169014215469360352e-02,4.429214894771575928e-01,-8.450323715806007385e-03,3.268211483955383301e-01,1.515366882085800171e-01,4.721271246671676636e-02,-1.192631423473358154e-01,4.234962537884712219e-02,-2.431065216660499573e-02,3.628164529800415039e-01,1.787766367197036743e-01,-2.201680541038513184e-01,8.006326109170913696e-02,6.637410521507263184e-01,7.241539657115936279e-02,9.934342652559280396e-02,2.555864155292510986e-01,2.555845975875854492e-01,-1.410849988460540771e-01,1.836762018501758575e-02,2.965860664844512939e-01,-1.309482306241989136e-01,-1.074644401669502258e-01,-1.874875873327255249e-01,-2.000061720609664917e-01
3.703647255897521973e-01,4.073958694934844971e-01,6.492967903614044189e-02,1.687926426529884338e-02,4.525198936462402344e-01,1.803179681301116943e-01,9.125003963708877563e-02,4.077603816986083984e-01,1.000000000000000000e+00,1.733646392822265625e-01,4.669757485389709473e-01,2.187304943799972534e-01,1.033640354871749878e-01,-2.814923785626888275e-02,2.450156807899475098e-01,2.174718230962753296e-01,8.979856967926025391e-02,-8.545517176389694214e-02,3.411466777324676514e-01,4.675660431385040283e-01,3.526372909545898438e-01,2.611061744391918182e-02,2.073819488286972046e-01,-1.601013168692588806e-02,1.296896934509277344e-01,-3.278762102127075195e-02,1.730085164308547974e-01,8.562690019607543945e-02,-9.744260460138320923e-02,-1.140567138791084290e-01,3.797777369618415833e-02,5.902307108044624329e-02,2.670020163059234619e-01,1.402046233415603638e-01,-3.309585899114608765e-02,-1.234104260802268982e-01,3.779988884925842285e-01,1.769741326570510864e-01,1.876269280910491943e-01,2.789650261402130127e-01,3.686564862728118896e-01,2.886722981929779053e-01,1.046662032604217529e-01,6.891061067581176758e-01,7.612360268831253052e-02,1.805139183998107910e-01,-4.982865229249000549e-02,-8.600825816392898560e-02
-2.124890238046646118e-01,3.734464943408966064e-01,1.138469427824020386e-01,1.646572500467300415e-01,-2.972793206572532654e-02,2.165825217962265015e-01,2.959810495376586914e-01,-2.608344554901123047e-01,1.733646392822265625e-01,1.000000000000000000e+00,6.493621040135622025e-03,7.977286577224731445e-01,6.122780442237854004e-01,-1.889005601406097412e-01,6.416745185852050781e-01,2.313394993543624878e-01,1.074598878622055054e-01,-3.000224530696868896e-01,-3.736016899347305298e-02,1.513743251562118530e-01,1.253235787153244019e-01,4.319566860795021057e-02,-1.120084822177886963e-01,1.794408559799194336e-01,4.849229939281940460e-03,8.943927288055419922e-02,3.848467767238616943e-02,-1.107859052717685699e-02,-5.624135956168174744e-02,-1.269959211349487305e-01,-9.371168166399002075e-02,-3.705456852912902832e-02,-5.061621591448783875e-02,-5.228754878044128418e-02,4.819488897919654846e-02,-8.513153344392776489e-02,-3.051804900169372559e-01,2.587481141090393066e-01,-4.816479608416557312e-02,-1.717911362648010254e-01,9.665980935096740723e-02,6.090886592864990234e-01,3.596005737781524658e-01,1.264799237251281738e-01,6.519571542739868164e-01,7.261828780174255371e-01,1.650865226984024048e-01,-2.599454298615455627e-02
2.503604888916015625e-01,1.190918907523155212e-01,-6.561177223920822144e-02,-3.980737552046775818e-02,3.148655593395233154e-01,2.347273230552673340e-01,1.725210249423980713e-01,6.178763508796691895e-01,4.669757485389709473e-01,6.493621040135622025e-03,1.000000000000000000e+00,8.854438364505767822e-02,1.536935418844223022e-01,3.940583467483520508e-01,2.859244048595428467e-01,2.832786738872528076e-01,2.127667218446731567e-01,1.171784624457359314e-01,3.561260998249053955e-01,3.438452482223510742e-01,2.633441388607025146e-01,2.140848524868488312e-02,3.348865807056427002e-01,2.770361863076686859e-02,2.729241251945495605e-01,3.228781372308731079e-02,3.017567396163940430e-01,-2.680500969290733337e-02,-5.253648757934570312e-02,-2.509370446205139160e-01,5.430958420038223267e-02,2.608892135322093964e-02,3.833810389041900635e-01,1.232206895947456360e-01,-2.287512421607971191e-01,-8.740441501140594482e-02,4.247877597808837891e-01,2.517399191856384277e-01,1.550195068120956421e-01,1.654268354177474976e-01,3.044162988662719727e-01,9.366209059953689575e-02,1.621878445148468018e-01,3.210272789001464844e-01,4.315108433365821838e-02,1.269025355577468872e-01,-4.564956575632095337e-02,-2.489046566188335419e-02
-2.264322936534881592e-01,4.030916392803192139e-01,1.004887670278549194e-01,-1.034881733357906342e-02,8.267344534397125244e-02,1.558179855346679688e-01,3.080651760101318359e-01,-1.998171508312225342e-01,2.187304943799972534e-01,7.977286577224731445e-01,8.854438364505767822e-02,1.000000000000000000e+00,5.943179130554199219e-01,-8.902809023857116699e-02,7.069911360740661621e-01,4.252116978168487549e-01,1.061237081885337830e-01,-1.983878612518310547e-01,-1.401986330747604370e-01,5.769226327538490295e-02,1.433519572019577026e-01,1.321922149509191513e-02,-2.256844937801361084e-01,1.377582103013992310e-01,-7.874263823032379150e-02,1.288896352052688599e-01,4.422281682491302490e-02,-1.814092695713043213e-01,-1.526602357625961304e-01,-1.530317962169647217e-01,-2.675206400454044342e-02,5.382736772298812866e-02,9.477695822715759277e-02,-4.779916256666183472e-02,1.225423961877822876e-01,-1.372097134590148926e-01,-2.457142323255538940e-01,2.860597670078277588e-01,7.008934020996093750e-02,-1.148214936256408691e-01,1.123761534690856934e-01,6.529569625854492188e-01,2.278577387332916260e-01,1.933395415544509888e-01,5.775462985038757324e-01,6.482822299003601074e-01,1.968384683132171631e-01,6.024217605590820312e-02
-1.533134728670120239e-01,3.447417616844177246e-01,9.927892684936523438e-02,1.840568780899047852e-01,1.480868160724639893e-01,4.175913929939270020e-01,3.675198554992675781e-01,-1.180083304643630981e-01,1.033640354871749878e-01,6.122780442237854004e-01,1.536935418844223022e-01,5.943179130554199219e-01,1.000000000000000000e+00,-8.521084487438201904e-02,5.856127738952636719e-01,5.930030345916748047e-01,1.633166372776031494e-01,-1.388555765151977539e-01,3.115645237267017365e-02,2.453454881906509399e-01,4.248795509338378906e-01,1.530212610960006714e-01,8.153754286468029022e-03,1.863418817520141602e-01,-1.128442678600549698e-02,1.064731478691101074e-01,1.894369125366210938e-01,-7.218016684055328369e-02,-1.349862515926361084e-01,-2.530978620052337646e-01,-9.954909980297088623e-02,-1.492981147021055222e-02,2.251347154378890991e-01,-8.293149061501026154e-03,-3.292701207101345062e-03,-4.129725694656372070e-02,-2.463365793228149414e-01,3.949322402477264404e-01,9.160570800304412842e-02,-4.792644828557968140e-02,3.448311090469360352e-01,5.810691714286804199e-01,5.039864182472229004e-01,1.072396486997604370e-01,4.796776473522186279e-01,6.186313629150390625e-01,1.708682477474212646e-01,9.559372812509536743e-02
2.626283280551433563e-02,-1.818438172340393066e-01,-1.728361994028091431e-01,-7.125860452651977539e-02,3.808780014514923096e-02,1.149003803730010986e-01,-2.040848322212696075e-02,4.884589910507202148e-01,-2.814923785626888275e-02,-1.889005601406097412e-01,3.940583467483520508e-01,-8.902809023857116699e-02,-8.521084487438201904e-02,1.000000000000000000e+00,5.670640990138053894e-02,-1.798273250460624695e-02,7.679809629917144775e-02,1.538685560226440430e-01,6.303886324167251587e-02,-1.693628728389739990e-04,-1.017664000391960144e-01,-1.708991378545761108e-01,2.116340696811676025e-01,-1.329248547554016113e-01,2.846730649471282959e-01,-3.428635746240615845e-02,-4.252327233552932739e-02,-1.155467033386230469e-01,-1.242847964167594910e-01,-1.398961991071701050e-01,-1.301413215696811676e-02,-2.244135551154613495e-02,2.279312815517187119e-03,9.115478396415710449e-02,-2.214826047420501709e-01,-6.851357966661453247e-02,4.114486873149871826e-01,-5.519551411271095276e-02,-1.929236799478530884e-01,-8.922987431287765503e-02,-1.789405941963195801e-01,-2.287755608558654785e-01,-9.289202839136123657e-02,-6.928718090057373047e-02,-1.123957931995391846e-01,-1.164926663041114807e-01,-9.954509139060974121e-02,-1.273255646228790283e-01
-1.612422466278076172e-01,2.724123895168304443e-01,1.482195705175399780e-01,8.873058855533599854e-02,5.760281160473823547e-02,1.987901926040649414e-01,3.117373585700988770e-01,8.644686313346028328e-04,2.450156807899475098e-01,6.416745185852050781e-01,2.859244048595428467e-01,7.069911360740661621e-01,5.856127738952636719e-01,5.670640990138053894e-02,1.000000000000000000e+00,4.166825413703918457e-01,1.925737559795379639e-01,-1.305507719516754150e-01,-2.006898820400238037e-02,2.488556802272796631e-01,2.468819320201873779e-01,9.519897401332855225e-02,-7.734495401382446289e-02,1.755615472793579102e-01,-3.097665496170520782e-02,1.003743335604667664e-01,1.565714329481124878e-01,-1.502189040184020996e-01,-1.625615805387496948e-01,-2.270469516515731812e-01,-4.250454902648925781e-02,8.415653719566762447e-04,1.431601494550704956e-01,4.783676192164421082e-02,-8.142515085637569427e-03,-1.595954447984695435e-01,-4.318330064415931702e-02,4.660520851612091064e-01,9.402687847614288330e-02,-6.520722806453704834e-02,1.944809705018997192e-01,5.585523843765258789e-01,3.231438696384429932e-01,1.448930203914642334e-01,4.706918001174926758e-01,5.903623104095458984e-01,1.923551559448242188e-01,1.334360241889953613e-01
-1.830842532217502594e-02,4.190815985202789307e-01,6.645578891038894653e-02,-3.281225264072418213e-02,4.258177578449249268e-01,3.555014431476593018e-01,3.300610482692718506e-01,4.794123023748397827e-02,2.174718230962753296e-01,2.313394993543624878e-01,2.832786738872528076e-01,4.252116978168487549e-01,5.930030345916748047e-01,-1.798273250460624695e-02,4.166825413703918457e-01,1.000000000000000000e+00,1.492398828268051147e-01,1.144768819212913513e-01,5.317465215921401978e-02,1.679915040731430054e-01,5.518907308578491211e-01,6.758113205432891846e-02,-9.130854159593582153e-02,3.557987138628959656e-02,-1.353601366281509399e-01,4.623421654105186462e-02,3.017982244491577148e-01,-1.367910504341125488e-01,-1.283279806375503540e-01,-1.340361833572387695e-01,7.880641520023345947e-02,8.595096319913864136e-02,5.566443204879760742e-01,1.055715754628181458e-01,1.474391222000122070e-01,-9.418570250272750854e-02,-3.323267400264739990e-02,4.296697974205017090e-01,3.717426061630249023e-01,2.166864275932312012e-01,4.740393757820129395e-01,5.377599596977233887e-01,2.311981916427612305e-01,3.097366094589233398e-01,2.404036968946456909e-01,3.210423290729522705e-01,6.329570710659027100e-02,1.290574818849563599e-01
2.027021497488021851e-01,9.288331121206283569e-02,1.983867585659027100e-01,2.235456407070159912e-01,1.602258682250976562e-01,1.402344107627868652e-01,5.881661772727966309e-01,2.901910841464996338e-01,8.979856967926025391e-02,1.074598878622055054e-01,2.127667218446731567e-01,1.061237081885337830e-01,1.633166372776031494e-01,7.679809629917144775e-02,1.925737559795379639e-01,1.492398828268051147e-01,1.000000000000000000e+00,5.762472748756408691e-01,3.705063462257385254e-01,3.589294552803039551e-01,2.831367552280426025e-01,1.737741082906723022e-01,2.537926137447357178e-01,4.521417245268821716e-02,2.873709499835968018e-01,3.232593834400177002e-01,4.554341137409210205e-01,2.559263110160827637e-01,1.374763101339340210e-01,8.520539104938507080e-02,2.937487661838531494e-01,-7.231947034597396851e-02,3.737894892692565918e-01,-8.139486610889434814e-02,5.710320174694061279e-02,3.079956769943237305e-01,1.680271923542022705e-01,2.913283109664916992e-01,3.568765521049499512e-01,3.422428071498870850e-01,2.878350615501403809e-01,1.227345913648605347e-01,2.372908294200897217e-01,4.782184958457946777e-02,1.460336297750473022e-01,1.864829212427139282e-01,-1.122850701212882996e-01,-1.133676394820213318e-01
1.267865896224975586e-01,-2.846692875027656555e-02,-3.174642100930213928e-02,-6.878004968166351318e-02,1.614993661642074585e-01,-4.649975337088108063e-03,2.984466850757598877e-01,2.871971726417541504e-01,-8.545517176389694214e-02,-3.000224530696868896e-01,1.171784624457359314e-01,-1.983878612518310547e-01,-1.388555765151977539e-01,1.538685560226440430e-01,-1.305507719516754150e-01,1.144768819212913513e-01,5.762472748756408691e-01,1.000000000000000000e+00,1.852085888385772705e-01,9.219750016927719116e-02,1.841816157102584839e-01,8.629164844751358032e-02,6.239652633666992188e-02,-3.237139806151390076e-02,8.495002985000610352e-02,1.915198862552642822e-01,2.992461919784545898e-01,6.504908204078674316e-02,1.301917731761932373e-01,2.599113881587982178e-01,4.335099458694458008e-01,9.712526202201843262e-02,3.435539007186889648e-01,7.207250595092773438e-02,1.682299673557281494e-01,3.158414959907531738e-01,2.035251259803771973e-01,1.839433610439300537e-01,2.853461205959320068e-01,3.043553531169891357e-01,2.028160989284515381e-01,-1.306480914354324341e-01,-3.302416950464248657e-02,1.177287101745605469e-02,-1.365627497434616089e-01,-1.784724891185760498e-01,-7.245936989784240723e-02,-2.329338900744915009e-02
3.164501488208770752e-01,3.124066255986690521e-02,-2.783253043889999390e-02,1.893405616283416748e-01,1.258284896612167358e-01,2.714327275753021240e-01,1.525706648826599121e-01,4.099869430065155029e-01,3.411466777324676514e-01,-3.736016899347305298e-02,3.561260998249053955e-01,-1.401986330747604370e-01,3.115645237267017365e-02,6.303886324167251587e-02,-2.006898820400238037e-02,5.317465215921401978e-02,3.705063462257385254e-01,1.852085888385772705e-01,1.000000000000000000e+00,6.196608543395996094e-01,3.987375497817993164e-01,1.811166256666183472e-01,4.965016245841979980e-01,-5.894202739000320435e-02,3.067203462123870850e-01,-3.394924476742744446e-02,1.911509782075881958e-01,2.553758025169372559e-01,3.305896744132041931e-02,-1.023790910840034485e-01,2.270161872729659081e-03,-2.244828268885612488e-02,1.465937346220016479e-01,7.437835633754730225e-02,-1.931881904602050781e-02,-1.297972910106182098e-02,2.269883751869201660e-01,1.283374875783920288e-01,1.600219011306762695e-01,2.173549830913543701e-01,2.192467749118804932e-01,-2.666709572076797485e-02,3.227711021900177002e-01,2.491108775138854980e-01,-5.223052948713302612e-02,3.867947682738304138e-02,-2.389616817235946655e-01,-2.233253866434097290e-01
2.056351900100708008e-01,1.935196667909622192e-01,1.169033497571945190e-01,2.712324261665344238e-01,2.943866550922393799e-01,3.128676712512969971e-01,1.950223445892333984e-01,3.545507490634918213e-01,4.675660431385040283e-01,1.513743251562118530e-01,3.438452482223510742e-01,5.769226327538490295e-02,2.453454881906509399e-01,-1.693628728389739990e-04,2.488556802272796631e-01,1.679915040731430054e-01,3.589294552803039551e-01,9.219750016927719116e-02,6.196608543395996094e-01,1.000000000000000000e+00,6.122650504112243652e-01,2.229551374912261963e-01,4.828310012817382812e-01,2.586572989821434021e-02,2.261338531970977783e-01,-1.179991140961647034e-01,2.139737457036972046e-01,1.920879185199737549e-01,8.714587427675724030e-03,-8.545052260160446167e-02,-5.652759689837694168e-03,-2.159536443650722504e-02,1.405940800905227661e-01,8.477523177862167358e-02,-2.218480221927165985e-03,-6.336718052625656128e-02,2.939513921737670898e-01,2.148102819919586182e-01,2.287257909774780273e-01,3.685990571975708008e-01,4.093766212463378906e-01,1.654782146215438843e-01,3.708441555500030518e-01,3.925946652889251709e-01,8.522760868072509766e-02,1.986664533615112305e-01,-1.649259924888610840e-01,-1.513909250497817993e-01
4.063886776566505432e-02,2.740197479724884033e-01,6.316388957202434540e-03,1.161977350711822510e-01,3.875783681869506836e-01,3.606547117233276367e-01,2.899091839790344238e-01,1.758245378732681274e-01,3.526372909545898438e-01,1.253235787153244019e-01,2.633441388607025146e-01,1.433519572019577026e-01,4.248795509338378906e-01,-1.017664000391960144e-01,2.468819320201873779e-01,5.518907308578491211e-01,2.831367552280426025e-01,1.841816157102584839e-01,3.987375497817993164e-01,6.122650504112243652e-01,1.000000000000000000e+00,3.629733026027679443e-01,2.707752585411071777e-01,-1.251173112541437149e-02,9.280313737690448761e-03,1.937566557899117470e-03,2.808389663696289062e-01,2.306657657027244568e-02,-8.574685454368591309e-02,-8.017822983674705029e-04,8.430942147970199585e-02,2.032892778515815735e-02,3.988426625728607178e-01,1.219677627086639404e-01,8.475176244974136353e-02,-1.260033696889877319e-01,1.432399302721023560e-01,3.574792146682739258e-01,3.473131358623504639e-01,3.467368483543395996e-01,5.040365457534790039e-01,3.372848033905029297e-01,3.687500655651092529e-01,3.713019490242004395e-01,3.797253966331481934e-02,1.977020353078842163e-01,-1.054022535681724548e-01,-4.528515413403511047e-02
-1.000220254063606262e-01,-1.575487703084945679e-01,1.201773434877395630e-01,-8.369270712137222290e-03,-4.959857836365699768e-02,-1.144554615020751953e-01,1.267620325088500977e-01,-5.935367569327354431e-02,2.611061744391918182e-02,4.319566860795021057e-02,2.140848524868488312e-02,1.321922149509191513e-02,1.530212610960006714e-01,-1.708991378545761108e-01,9.519897401332855225e-02,6.758113205432891846e-02,1.737741082906723022e-01,8.629164844751358032e-02,1.811166256666183472e-01,2.229551374912261963e-01,3.629733026027679443e-01,1.000000000000000000e+00,1.745807528495788574e-01,2.527230978012084961e-01,-6.181076914072036743e-02,2.055836766958236694e-01,5.016402155160903931e-02,-1.022491976618766785e-01,-1.673039793968200684e-01,-3.800674527883529663e-02,2.924836575984954834e-01,2.513759434223175049e-01,2.858981676399707794e-02,-1.800899058580398560e-01,1.044820249080657959e-01,1.871052943170070648e-02,-5.781587585806846619e-02,1.691192090511322021e-01,2.402254045009613037e-01,1.305600255727767944e-01,3.679925948381423950e-02,-3.450243175029754639e-02,1.865319907665252686e-01,-4.052261263132095337e-02,-1.167617440223693848e-01,-1.708000153303146362e-02,1.426941007375717163e-01,3.865741789340972900e-01
2.096954137086868286e-01,-1.254990100860595703e-01,2.038129605352878571e-02,1.374448388814926147e-01,3.572580963373184204e-02,5.704505369067192078e-02,2.792113926261663437e-03,4.537650346755981445e-01,2.073819488286972046e-01,-1.120084822177886963e-01,3.348865807056427002e-01,-2.256844937801361084e-01,8.153754286468029022e-03,2.116340696811676025e-01,-7.734495401382446289e-02,-9.130854159593582153e-02,2.537926137447357178e-01,6.239652633666992188e-02,4.965016245841979980e-01,4.828310012817382812e-01,2.707752585411071777e-01,1.745807528495788574e-01,1.000000000000000000e+00,1.695110201835632324e-01,4.826636612415313721e-01,-1.252434998750686646e-01,9.628675878047943115e-02,2.689504027366638184e-01,5.806868150830268860e-02,-1.901027262210845947e-01,-5.701234098523855209e-03,-2.265363372862339020e-02,4.099103435873985291e-02,4.334983974695205688e-02,-1.480555832386016846e-01,2.178989797830581665e-01,3.448472917079925537e-01,7.075159251689910889e-02,1.098752915859222412e-01,3.362705707550048828e-01,8.388607203960418701e-02,-2.198827117681503296e-01,1.970753967761993408e-01,5.703177675604820251e-02,-6.894721090793609619e-02,-7.229599356651306152e-02,-1.088325455784797668e-01,-9.468656778335571289e-02
-1.206395775079727173e-01,6.997846812009811401e-02,1.728755086660385132e-01,-6.328322738409042358e-02,-1.514672338962554932e-01,-1.312189698219299316e-01,5.568772926926612854e-02,-7.169014215469360352e-02,-1.601013168692588806e-02,1.794408559799194336e-01,2.770361863076686859e-02,1.377582103013992310e-01,1.863418817520141602e-01,-1.329248547554016113e-01,1.755615472793579102e-01,3.557987138628959656e-02,4.521417245268821716e-02,-3.237139806151390076e-02,-5.894202739000320435e-02,2.586572989821434021e-02,-1.251173112541437149e-02,2.527230978012084961e-01,1.695110201835632324e-01,1.000000000000000000e+00,-1.848577335476875305e-02,5.202305689454078674e-02,1.971411332488059998e-02,1.498323027044534683e-02,2.045875601470470428e-02,-9.260960668325424194e-02,3.383995890617370605e-01,4.275718331336975098e-01,1.621733047068119049e-02,5.103643983602523804e-02,1.353012621402740479e-01,3.957141339778900146e-01,-7.843914628028869629e-02,2.478852868080139160e-01,1.298300921916961670e-01,1.129602864384651184e-01,9.381768107414245605e-02,1.174757406115531921e-01,1.597802489995956421e-01,-6.674011796712875366e-02,2.768445611000061035e-01,1.956295818090438843e-01,7.121496200561523438e-01,4.436106681823730469e-01
4.457864463329315186e-01,-7.535213232040405273e-02,4.104693979024887085e-02,2.812615931034088135e-01,1.003995239734649658e-01,3.065491914749145508e-01,3.043005615472793579e-02,4.429214894771575928e-01,1.296896934509277344e-01,4.849229939281940460e-03,2.729241251945495605e-01,-7.874263823032379150e-02,-1.128442678600549698e-02,2.846730649471282959e-01,-3.097665496170520782e-02,-1.353601366281509399e-01,2.873709499835968018e-01,8.495002985000610352e-02,3.067203462123870850e-01,2.261338531970977783e-01,9.280313737690448761e-03,-6.181076914072036743e-02,4.826636612415313721e-01,-1.848577335476875305e-02,1.000000000000000000e+00,-1.957757212221622467e-02,3.789802789688110352e-01,4.846031367778778076e-01,2.412150800228118896e-01,-9.819547832012176514e-02,-3.059112001210451126e-03,-1.233888342976570129e-01,2.563279867172241211e-01,-1.662634462118148804e-01,-2.088171243667602539e-01,1.503251343965530396e-01,1.481528580188751221e-01,3.668331354856491089e-02,2.630478957144077867e-05,3.886157646775245667e-02,1.053365990519523621e-01,-7.704040408134460449e-02,1.954323500394821167e-01,-8.748550713062286377e-02,5.022253841161727905e-02,2.617795951664447784e-02,-1.465138196945190430e-01,-2.342052310705184937e-01
5.375695228576660156e-02,-7.812172174453735352e-03,2.852869629859924316e-01,9.975513070821762085e-02,4.526022076606750488e-02,4.715278744697570801e-02,4.135006666183471680e-01,-8.450323715806007385e-03,-3.278762102127075195e-02,8.943927288055419922e-02,3.228781372308731079e-02,1.288896352052688599e-01,1.064731478691101074e-01,-3.428635746240615845e-02,1.003743335604667664e-01,4.623421654105186462e-02,3.232593834400177002e-01,1.915198862552642822e-01,-3.394924476742744446e-02,-1.179991140961647034e-01,1.937566557899117470e-03,2.055836766958236694e-01,-1.252434998750686646e-01,5.202305689454078674e-02,-1.957757212221622467e-02,1.000000000000000000e+00,1.762561351060867310e-01,2.668502740561962128e-03,-2.041886374354362488e-02,4.923253878951072693e-02,2.021733075380325317e-01,3.647069633007049561e-02,1.329640895128250122e-01,-1.833757013082504272e-01,-3.989534080028533936e-02,6.983782351016998291e-02,-4.954296723008155823e-02,1.408033072948455811e-01,1.120980009436607361e-01,4.145092144608497620e-02,6.709043681621551514e-02,1.147755905985832214e-01,2.967239543795585632e-02,-3.528853878378868103e-02,1.289897710084915161e-01,1.548533737659454346e-01,6.929843872785568237e-02,4.854242131114006042e-02
3.529255986213684082e-01,1.437645554542541504e-01,1.446168273687362671e-01,1.893442720174789429e-01,2.545530200004577637e-01,3.360309004783630371e-01,3.938397765159606934e-01,3.268211483955383301e-01,1.730085164308547974e-01,3.848467767238616943e-02,3.017567396163940430e-01,4.422281682491302490e-02,1.894369125366210938e-01,-4.252327233552932739e-02,1.565714329481124878e-01,3.017982244491577148e-01,4.554341137409210205e-01,2.992461919784545898e-01,1.911509782075881958e-01,2.139737457036972046e-01,2.808389663696289062e-01,5.016402155160903931e-02,9.628675878047943115e-02,1.971411332488059998e-02,3.789802789688110352e-01,1.762561351060867310e-01,1.000000000000000000e+00,4.445736110210418701e-01,3.269295394420623779e-01,1.081314608454704285e-01,2.991352081298828125e-01,-1.316817104816436768e-02,7.174726128578186035e-01,-2.116316556930541992e-01,-7.308287173509597778e-02,2.748238146305084229e-01,1.348754614591598511e-01,3.147202730178833008e-01,3.661642372608184814e-01,2.500866651535034180e-01,5.289456248283386230e-01,1.706744730472564697e-01,3.406981229782104492e-01,4.400778189301490784e-02,8.540907502174377441e-02,1.276813596487045288e-01,-4.495655745267868042e-02,-1.570624485611915588e-02
4.881610870361328125e-01,1.424312591552734375e-01,1.892897784709930420e-01,4.409090578556060791e-01,1.465332508087158203e-01,2.633793056011199951e-01,2.191208004951477051e-01,1.515366882085800171e-01,8.562690019607543945e-02,-1.107859052717685699e-02,-2.680500969290733337e-02,-1.814092695713043213e-01,-7.218016684055328369e-02,-1.155467033386230469e-01,-1.502189040184020996e-01,-1.367910504341125488e-01,2.559263110160827637e-01,6.504908204078674316e-02,2.553758025169372559e-01,1.920879185199737549e-01,2.306657657027244568e-02,-1.022491976618766785e-01,2.689504027366638184e-01,1.498323027044534683e-02,4.846031367778778076e-01,2.668502740561962128e-03,4.445736110210418701e-01,1.000000000000000000e+00,5.023477673530578613e-01,7.715905457735061646e-02,7.701694965362548828e-02,-5.983112752437591553e-02,2.290344834327697754e-01,-4.276730865240097046e-02,2.923700259998440742e-03,3.185411691665649414e-01,7.639336399734020233e-03,1.303573846817016602e-01,4.471626505255699158e-02,9.899857640266418457e-02,2.989032268524169922e-01,-2.997622452676296234e-02,1.622611284255981445e-01,-3.031885717064142227e-03,9.551632404327392578e-02,1.048324536532163620e-02,-9.162027388811111450e-02,-1.612075567245483398e-01
2.598324120044708252e-01,1.298244446516036987e-01,9.079311788082122803e-02,3.176150619983673096e-01,8.671993762254714966e-02,9.951634705066680908e-02,1.082020550966262817e-01,4.721271246671676636e-02,-9.744260460138320923e-02,-5.624135956168174744e-02,-5.253648757934570312e-02,-1.526602357625961304e-01,-1.349862515926361084e-01,-1.242847964167594910e-01,-1.625615805387496948e-01,-1.283279806375503540e-01,1.374763101339340210e-01,1.301917731761932373e-01,3.305896744132041931e-02,8.714587427675724030e-03,-8.574685454368591309e-02,-1.673039793968200684e-01,5.806868150830268860e-02,2.045875601470470428e-02,2.412150800228118896e-01,-2.041886374354362488e-02,3.269295394420623779e-01,5.023477673530578613e-01,1.000000000000000000e+00,4.085943102836608887e-01,1.429554969072341919e-01,-1.631371304392814636e-02,1.605036407709121704e-01,6.666687875986099243e-02,6.365191191434860229e-02,2.538388371467590332e-01,-2.645342424511909485e-02,5.231224745512008667e-02,3.732021152973175049e-02,2.336734160780906677e-02,1.676934957504272461e-01,-3.454038128256797791e-02,5.192708969116210938e-02,-4.335755109786987305e-02,8.305614441633224487e-02,-4.364717751741409302e-02,-1.335136778652667999e-02,-7.591494917869567871e-02
-5.814151465892791748e-02,3.837539581581950188e-03,7.554799318313598633e-02,-4.579884000122547150e-03,-5.587448179721832275e-02,-4.767518118023872375e-02,4.538982361555099487e-02,-1.192631423473358154e-01,-1.140567138791084290e-01,-1.269959211349487305e-01,-2.509370446205139160e-01,-1.530317962169647217e-01,-2.530978620052337646e-01,-1.398961991071701050e-01,-2.270469516515731812e-01,-1.340361833572387695e-01,8.520539104938507080e-02,2.599113881587982178e-01,-1.023790910840034485e-01,-8.545052260160446167e-02,-8.017822983674705029e-04,-3.800674527883529663e-02,-1.901027262210845947e-01,-9.260960668325424194e-02,-9.819547832012176514e-02,4.923253878951072693e-02,1.081314608454704285e-01,7.715905457735061646e-02,4.085943102836608887e-01,1.000000000000000000e+00,3.704422712326049805e-01,1.163426786661148071e-01,-7.501798681914806366e-03,4.260402545332908630e-02,2.263227552175521851e-01,1.654851138591766357e-01,1.884393766522407532e-02,-9.833630919456481934e-02,8.412806689739227295e-02,6.371252983808517456e-02,-5.837326124310493469e-02,-5.956767126917839050e-02,-6.184666603803634644e-02,-5.101022124290466309e-02,-1.033384948968887329e-01,-1.668334752321243286e-01,-4.810413718223571777e-02,-7.955118268728256226e-02
6.416639685630798340e-02,5.387335084378719330e-03,1.526320725679397583e-01,-1.153930798172950745e-01,1.266925036907196045e-01,-8.511028438806533813e-02,2.748046219348907471e-01,4.234962537884712219e-02,3.797777369618415833e-02,-9.371168166399002075e-02,5.430958420038223267e-02,-2.675206400454044342e-02,-9.954909980297088623e-02,-1.301413215696811676e-02,-4.250454902648925781e-02,7.880641520023345947e-02,2.937487661838531494e-01,4.335099458694458008e-01,2.270161872729659081e-03,-5.652759689837694168e-03,8.430942147970199585e-02,2.924836575984954834e-01,-5.701234098523855209e-03,3.383995890617370605e-01,-3.059112001210451126e-03,2.021733075380325317e-01,2.991352081298828125e-01,7.701694965362548828e-02,1.429554969072341919e-01,3.704422712326049805e-01,1.000000000000000000e+00,6.135269999504089355e-01,2.574591338634490967e-01,-1.069916263222694397e-01,1.627016514539718628e-01,3.263038694858551025e-01,8.335908502340316772e-02,1.513274013996124268e-01,2.601244747638702393e-01,1.517630219459533691e-01,1.567872315645217896e-01,-5.977134406566619873e-02,5.092933773994445801e-03,2.111872099339962006e-02,-2.835014648735523224e-02,-8.814330399036407471e-02,3.689403533935546875e-01,3.006280362606048584e-01
-6.885638087987899780e-02,1.468970812857151031e-02,1.499038785696029663e-01,-1.611450314521789551e-01,8.735474944114685059e-02,-6.591615825891494751e-02,3.048162162303924561e-02,-2.431065216660499573e-02,5.902307108044624329e-02,-3.705456852912902832e-02,2.608892135322093964e-02,5.382736772298812866e-02,-1.492981147021055222e-02,-2.244135551154613495e-02,8.415653719566762447e-04,8.595096319913864136e-02,-7.231947034597396851e-02,9.712526202201843262e-02,-2.244828268885612488e-02,-2.159536443650722504e-02,2.032892778515815735e-02,2.513759434223175049e-01,-2.265363372862339020e-02,4.275718331336975098e-01,-1.233888342976570129e-01,3.647069633007049561e-02,-1.316817104816436768e-02,-5.983112752437591553e-02,-1.631371304392814636e-02,1.163426786661148071e-01,6.135269999504089355e-01,1.000000000000000000e+00,4.483693838119506836e-02,6.937178969383239746e-02,1.344612687826156616e-01,4.300625994801521301e-02,-2.202939055860042572e-02,1.110382378101348877e-01,5.371829122304916382e-02,-7.829654216766357422e-02,5.483984574675559998e-02,-2.181177400052547455e-02,-1.999504864215850830e-02,5.378663167357444763e-02,3.670010948553681374e-03,-3.459629788994789124e-02,5.376597642898559570e-01,4.798370003700256348e-01
