1.000000000000000000e+00,-4.606677591800689697e-02,3.853229582309722900e-01,5.263816714286804199e-01,2.259544134140014648e-01,2.184840440750122070e-01,1.264035105705261230e-01,2.029903233051300049e-01,-1.575667061842978001e-03,2.445117942988872528e-02,2.324302047491073608e-01,4.628986120223999023e-01,3.730708062648773193e-01,2.928896546363830566e-01,2.426948696374893188e-01,9.240861982107162476e-02,1.227577775716781616e-01,-1.777988672256469727e-02,2.927013440057635307e-03,1.905486285686492920e-01,4.860751330852508545e-01,2.417489290237426758e-01,-4.255928099155426025e-02,1.250452846288681030e-01,4.763582348823547363e-01,8.201126754283905029e-02,8.702515810728073120e-02,1.860682368278503418e-01,4.888405557721853256e-03,3.960598409175872803e-01,1.341728121042251587e-01,-1.107633020728826523e-02,5.384508371353149414e-01,1.237388104200363159e-01,6.831370294094085693e-02,1.531243789941072464e-02,2.806940078735351562e-01,1.044489964842796326e-01,-2.736772038042545319e-02,-5.598051100969314575e-02,-1.073591262102127075e-01,-1.913270168006420135e-02,5.382910743355751038e-02,-9.824512898921966553e-02,1.165307536721229553e-01,-1.833832561969757080e-01,1.147067099809646606e-01,-2.080514281988143921e-02
-4.606677591800689697e-02,1.000000000000000000e+00,2.479806244373321533e-01,6.270553171634674072e-02,3.747679889202117920e-01,4.829799532890319824e-01,3.815273046493530273e-01,2.585811167955398560e-02,2.800196409225463867e-01,3.287784755229949951e-01,-1.421709358692169189e-01,-3.939238935708999634e-02,-4.897835664451122284e-03,-5.326640978455543518e-02,3.646815940737724304e-02,-6.744816899299621582e-02,2.177219092845916748e-01,1.625597476959228516e-01,2.364628165960311890e-01,4.104314744472503662e-01,8.593694865703582764e-02,-5.088153854012489319e-02,-1.332187652587890625e-02,9.301000274717807770e-03,-4.214220643043518066e-01,4.601161181926727295e-01,2.346920594573020935e-02,3.964903652667999268e-01,5.883625745773315430e-01,-9.038103371858596802e-02,-6.090194731950759888e-02,1.625583469867706299e-01,1.043298244476318359e-01,-4.335846006870269775e-02,-2.165640704333782196e-02,-9.928637742996215820e-02,-8.613121509552001953e-02,-2.683701366186141968e-02,2.835379913449287415e-02,-2.082704752683639526e-02,6.627291440963745117e-01,6.584410667419433594e-01,3.459089994430541992e-01,4.860067069530487061e-01,4.679797589778900146e-01,2.955471277236938477e-01,4.481165111064910889e-02,-2.721424028277397156e-02
3.853229582309722900e-01,2.479806244373321533e-01,1.000000000000000000e+00,5.150232315063476562e-01,4.287337958812713623e-01,2.435151487588882446e-01,3.232082128524780273e-01,1.360386312007904053e-01,1.266272515058517456e-01,1.792407780885696411e-01,2.026802748441696167e-01,3.108130097389221191e-01,2.712174654006958008e-01,2.438544034957885742e-01,1.476531028747558594e-01,-1.850105822086334229e-01,1.734106540679931641e-01,-1.186354923993349075e-02,-9.695758670568466187e-02,2.176824212074279785e-01,5.027028918266296387e-01,4.844210296869277954e-02,-2.640587985515594482e-01,7.214464247226715088e-02,3.798864549025893211e-03,2.956346869468688965e-01,5.367881432175636292e-02,5.676175951957702637e-01,3.938959538936614990e-01,1.287219077348709106e-01,-5.069411918520927429e-02,-2.799050125759094954e-04,2.629028856754302979e-01,1.125721726566553116e-02,6.604054011404514313e-03,-3.892331197857856750e-02,7.785855233669281006e-02,-4.986524954438209534e-02,-8.155095577239990234e-02,-4.171872511506080627e-02,2.216230928897857666e-01,1.707267910242080688e-01,4.060850664973258972e-02,-8.958911895751953125e-02,1.813181936740875244e-01,-9.951578825712203979e-02,9.948245435953140259e-02,-1.387786865234375000e-01
5.263816714286804199e-01,6.270553171634674072e-02,5.150232315063476562e-01,1.000000000000000000e+00,3.703673779964447021e-01,1.880528181791305542e-01,1.283979564905166626e-01,2.856919018086045980e-04,-4.796661064028739929e-02,-8.833757787942886353e-02,1.118942573666572571e-01,3.255553543567657471e-01,3.571578860282897949e-01,2.066700458526611328e-01,1.889785975217819214e-01,1.655358672142028809e-01,8.871775865554809570e-02,7.514731585979461670e-02,3.768092766404151917e-02,1.704442203044891357e-01,4.694338142871856689e-01,3.856440782546997070e-01,-1.296980828046798706e-01,-7.086652517318725586e-02,1.712341457605361938e-01,2.943630563095211983e-03,3.176994994282722473e-02,3.533649742603302002e-01,9.247375279664993286e-02,2.399815917015075684e-01,4.451835528016090393e-02,-1.094707474112510681e-01,2.979395687580108643e-01,8.048630505800247192e-02,9.332224726676940918e-02,-1.178553253412246704e-01,1.842576116323471069e-01,3.966897726058959961e-02,-4.111663624644279480e-02,-7.389094680547714233e-02,-4.730731621384620667e-02,-3.929237276315689087e-02,-9.973187744617462158e-02,-4.977590963244438171e-02,7.347235083580017090e-02,-3.108444511890411377e-01,-9.028156846761703491e-02,-2.545519769191741943e-01
2.259544134140014648e-01,3.747679889202117920e-01,4.287337958812713623e-01,3.703673779964447021e-01,1.000000000000000000e+00,5.330885052680969238e-01,2.594441771507263184e-01,4.036922007799148560e-02,1.792306154966354370e-01,2.623648643493652344e-01,1.054509356617927551e-01,2.090703994035720825e-01,3.132244348526000977e-01,1.619861125946044922e-01,6.868898868560791016e-02,1.217336859554052353e-02,1.413122117519378662e-01,7.178062200546264648e-02,-2.135693654417991638e-02,1.883852332830429077e-01,3.931230306625366211e-01,4.187915846705436707e-02,-9.885222464799880981e-02,-8.755080401897430420e-02,-1.264814287424087524e-01,1.754600405693054199e-01,1.520857810974121094e-01,4.350831210613250732e-01,3.322825729846954346e-01,-9.284877032041549683e-02,-1.543241143226623535e-01,-2.693961001932621002e-02,3.067200481891632080e-01,-6.057985592633485794e-03,-1.409718953073024750e-02,-1.816969960927963257e-01,-1.013943832367658615e-02,-1.820299960672855377e-02,4.473259299993515015e-02,-3.411258012056350708e-02,3.222851157188415527e-01,1.461261212825775146e-01,-3.670931980013847351e-02,8.541028201580047607e-02,2.461732476949691772e-01,-7.017574459314346313e-02,-5.633370950818061829e-02,-2.076301574707031250e-01
2.184840440750122070e-01,4.829799532890319824e-01,2.435151487588882446e-01,1.880528181791305542e-01,5.330885052680969238e-01,1.000000000000000000e+00,4.880387485027313232e-01,5.215838924050331116e-02,2.047917544841766357e-01,1.975124180316925049e-01,-5.489464849233627319e-02,3.718438744544982910e-02,2.161315977573394775e-01,1.557911001145839691e-02,4.548661410808563232e-02,8.805459737777709961e-02,3.810758590698242188e-01,3.482509255409240723e-01,4.153770208358764648e-01,5.358386039733886719e-01,2.014818042516708374e-01,7.999835908412933350e-02,1.559920012950897217e-01,9.213276952505111694e-02,-1.506956517696380615e-01,4.990713894367218018e-01,-8.239768445491790771e-02,2.382337003946304321e-01,3.988544642925262451e-01,4.129795730113983154e-02,8.865892142057418823e-02,2.545370757579803467e-01,2.441858351230621338e-01,5.434432066977024078e-03,-9.299665689468383789e-02,-3.856987878680229187e-02,5.753285437822341919e-02,5.822147056460380554e-02,1.421509832143783569e-01,1.758965291082859039e-02,4.806639850139617920e-01,4.455711841583251953e-01,3.529994785785675049e-01,2.130560278892517090e-01,2.721701860427856445e-01,1.164679080247879028e-01,7.597617805004119873e-02,-6.242209672927856445e-02
1.264035105705261230e-01,3.815273046493530273e-01,3.232082128524780273e-01,1.283979564905166626e-01,2.594441771507263184e-01,4.880387485027313232e-01,1.000000000000000000e+00,7.427002489566802979e-02,2.010547667741775513e-01,2.943257391452789307e-01,3.948406502604484558e-02,-4.892189987003803253e-03,8.241114765405654907e-02,1.292130053043365479e-01,5.933782085776329041e-03,-4.729988053441047668e-02,7.048451900482177734e-01,5.082055330276489258e-01,4.114507734775543213e-01,4.416615068912506104e-01,6.789234280586242676e-02,7.800788152962923050e-03,1.748303323984146118e-01,2.051020115613937378e-01,-2.735364437103271484e-02,6.882273554801940918e-01,-3.023918531835079193e-02,1.741660982370376587e-01,3.326677083969116211e-01,-4.664778709411621094e-02,5.229351669549942017e-02,2.336602807044982910e-01,1.791771948337554932e-01,4.848901554942131042e-02,-3.322426229715347290e-02,1.021007448434829712e-01,1.881065815687179565e-01,5.371525138616561890e-02,1.493827849626541138e-01,1.702033579349517822e-01,3.376044929027557373e-01,4.598702192306518555e-01,3.644434511661529541e-01,4.821060225367546082e-02,1.916942745447158813e-01,1.313867270946502686e-01,1.931288391351699829e-01,9.134944528341293335e-02
2.029903233051300049e-01,2.585811167955398560e-02,1.360386312007904053e-01,2.856919018086045980e-04,4.036922007799148560e-02,5.215838924050331116e-02,7.427002489566802979e-02,1.000000000000000000e+00,1.402398198843002319e-01,6.421862542629241943e-02,3.865962624549865723e-01,3.028500676155090332e-01,6.427502632141113281e-02,3.576462268829345703e-01,2.143157422542572021e-01,-7.346771657466888428e-02,8.849885314702987671e-03,-1.890360862016677856e-01,-1.653748452663421631e-01,-6.397724896669387817e-02,3.886400163173675537e-02,-2.198074012994766235e-01,-6.913404911756515503e-02,1.128800213336944580e-01,2.882389426231384277e-01,5.155335739254951477e-02,4.690509289503097534e-02,-3.102065436542034149e-02,7.448120415210723877e-02,1.688641309738159180e-01,-6.494564563035964966e-02,-4.417462274432182312e-02,2.423077523708343506e-01,4.531832635402679443e-01,2.392384856939315796e-01,1.507779508829116821e-01,3.567212224006652832e-01,2.105353027582168579e-01,-7.824625819921493530e-02,-3.222891828045248985e-03,1.266360562294721603e-02,2.536270208656787872e-02,1.419563591480255127e-01,1.761067062616348267e-01,2.959416210651397705e-01,1.936716735363006592e-01,1.203587651252746582e-01,6.721023470163345337e-02
-1.575667061842978001e-03,2.800196409225463867e-01,1.266272515058517456e-01,-4.796661064028739929e-02,1.792306154966354370e-01,2.047917544841766357e-01,2.010547667741775513e-01,1.402398198843002319e-01,1.000000000000000000e+00,3.874846100807189941e-01,2.923028469085693359e-01,2.766897380352020264e-01,1.096596419811248779e-01,1.687619686126708984e-01,-1.483746059238910675e-02,-1.532818526029586792e-01,1.326708793640136719e-01,-7.038949429988861084e-02,-9.955729544162750244e-02,1.419290155172348022e-01,1.226157844066619873e-01,-1.820391118526458740e-01,1.528942678123712540e-02,1.379833817481994629e-01,-1.379223912954330444e-01,1.968672722578048706e-01,-1.178463622927665710e-01,1.432872414588928223e-01,2.045879065990447998e-01,3.796122968196868896e-02,-1.661461591720581055e-02,1.004426404833793640e-01,5.765732377767562866e-02,-4.871847480535507202e-02,1.198836043477058411e-01,1.362545341253280640e-01,1.563475281000137329e-01,5.832382291555404663e-02,-1.592550985515117645e-02,-3.125893324613571167e-02,2.675054371356964111e-01,3.502233326435089111e-01,2.459854483604431152e-01,7.263803482055664062e-02,1.842244118452072144e-01,2.192561626434326172e-01,9.532464295625686646e-02,9.864365309476852417e-02
2.445117942988872528e-02,3.287784755229949951e-01,1.792407780885696411e-01,-8.833757787942886353e-02,2.623648643493652344e-01,1.975124180316925049e-01,2.943257391452789307e-01,6.421862542629241943e-02,3.874846100807189941e-01,1.000000000000000000e+00,2.119158506393432617e-01,2.764950692653656006e-01,9.955415129661560059e-02,8.413174748420715332e-02,-8.836133778095245361e-02,-2.109558135271072388e-01,1.895375996828079224e-01,-4.853864759206771851e-02,-1.206014305353164673e-01,2.243477702140808105e-01,2.979103028774261475e-01,-2.123435884714126587e-01,-3.082785941660404205e-02,2.711518295109272003e-02,-1.986854970455169678e-01,2.590335011482238770e-01,1.643947064876556396e-01,3.891369402408599854e-01,3.884927630424499512e-01,3.894944209605455399e-03,-2.050925195217132568e-01,3.390360623598098755e-02,5.409380421042442322e-03,-7.076343148946762085e-02,2.172990329563617706e-02,-4.925107210874557495e-02,2.947241440415382385e-02,-6.251358985900878906e-02,2.578794024884700775e-02,-2.725563757121562958e-02,3.201163411140441895e-01,3.538057506084442139e-01,2.782835364341735840e-01,-1.107819750905036926e-02,3.563173711299896240e-01,4.272006154060363770e-01,1.311554014682769775e-01,5.229053646326065063e-02
2.324302047491073608e-01,-1.421709358692169189e-01,2.026802748441696167e-01,1.118942573666572571e-01,1.054509356617927551e-01,-5.489464849233627319e-02,3.948406502604484558e-02,3.865962624549865723e-01,2.923028469085693359e-01,2.119158506393432617e-01,1.000000000000000000e+00,5.756944417953491211e-01,2.730358541011810303e-01,3.728725016117095947e-01,3.865382969379425049e-01,-6.354611366987228394e-02,9.912197291851043701e-02,-2.273592650890350342e-01,-2.474539577960968018e-01,-1.113187521696090698e-01,3.647176027297973633e-01,-6.897185742855072021e-02,-1.192361637949943542e-01,1.663704514503479004e-01,2.803065180778503418e-01,-5.921304970979690552e-02,1.556377410888671875e-01,1.275216192007064819e-01,5.829589068889617920e-02,3.413980901241302490e-01,1.622691564261913300e-02,2.088158158585429192e-03,2.332019358873367310e-01,3.762918710708618164e-01,3.491519987583160400e-01,2.435863912105560303e-01,2.443431615829467773e-01,3.297685682773590088e-01,7.576753199100494385e-02,1.059380546212196350e-01,-1.401420533657073975e-01,-4.151610285043716431e-02,4.108295217156410217e-02,-1.658748090267181396e-01,7.969441264867782593e-02,3.092105314135551453e-02,2.189241200685501099e-01,5.756737291812896729e-02
4.628986120223999023e-01,-3.939238935708999634e-02,3.108130097389221191e-01,3.255553543567657471e-01,2.090703994035720825e-01,3.718438744544982910e-02,-4.892189987003803253e-03,3.028500676155090332e-01,2.766897380352020264e-01,2.764950692653656006e-01,5.756944417953491211e-01,1.000000000000000000e+00,4.431340992450714111e-01,3.692843914031982422e-01,3.190622925758361816e-01,6.152190640568733215e-02,-2.064178884029388428e-02,-3.147281408309936523e-01,-3.582557737827301025e-01,-5.934312939643859863e-02,5.729424357414245605e-01,1.485248189419507980e-02,-1.883246004581451416e-01,8.057727664709091187e-02,2.799690961837768555e-01,-5.706298723816871643e-02,1.447560489177703857e-01,3.157229423522949219e-01,1.278778612613677979e-01,3.850151300430297852e-01,-7.533468306064605713e-02,-8.346322178840637207e-02,3.690572679042816162e-01,9.986723214387893677e-02,2.177110612392425537e-01,5.391790345311164856e-02,1.672903150320053101e-01,1.341577470302581787e-01,-9.180046617984771729e-02,-1.959778517484664917e-01,-9.012181311845779419e-02,3.976436331868171692e-02,-3.848484903573989868e-02,-7.447413355112075806e-02,1.700762212276458740e-01,-6.978186313062906265e-03,6.916835159063339233e-02,-1.624312251806259155e-02
3.730708062648773193e-01,-4.897835664451122284e-03,2.712174654006958008e-01,3.571578860282897949e-01,3.132244348526000977e-01,2.161315977573394775e-01,8.241114765405654907e-02,6.427502632141113281e-02,1.096596419811248779e-01,9.955415129661560059e-02,2.730358541011810303e-01,4.431340992450714111e-01,1.000000000000000000e+00,2.518038451671600342e-01,2.772575020790100098e-01,3.667788505554199219e-01,1.046344041824340820e-01,1.559002697467803955e-01,-2.457493916153907776e-02,1.687880307435989380e-01,4.529278278350830078e-01,3.817338943481445312e-01,2.056594043970108032e-01,2.037472836673259735e-02,2.904231548309326172e-01,3.902133926749229431e-02,2.239713817834854126e-01,9.906132519245147705e-02,2.468691579997539520e-02,2.937834858894348145e-01,2.539215385913848877e-01,-9.378851205110549927e-02,4.046249091625213623e-01,6.774365901947021484e-02,1.446398198604583740e-01,-1.290006935596466064e-02,2.045389413833618164e-01,2.898423671722412109e-01,1.761961132287979126e-01,-7.054214924573898315e-02,-9.554281085729598999e-02,-4.571770504117012024e-02,-6.743986159563064575e-02,5.317327752709388733e-02,7.710494846105575562e-02,-7.424917817115783691e-02,5.951658636331558228e-02,-8.153837919235229492e-02
2.928896546363830566e-01,-5.326640978455543518e-02,2.438544034957885742e-01,2.066700458526611328e-01,1.619861125946044922e-01,1.557911001145839691e-02,1.292130053043365479e-01,3.576462268829345703e-01,1.687619686126708984e-01,8.413174748420715332e-02,3.728725016117095947e-01,3.692843914031982422e-01,2.518038451671600342e-01,1.000000000000000000e+00,3.205958902835845947e-01,5.402088537812232971e-02,6.713135540485382080e-02,-9.834463149309158325e-02,-1.670534610748291016e-01,-5.533063784241676331e-02,2.006239891052246094e-01,3.706327825784683228e-02,6.914270669221878052e-02,1.393181979656219482e-01,2.193470895290374756e-01,3.227283805608749390e-02,2.561666443943977356e-02,6.114846467971801758e-02,2.440946362912654877e-02,1.689873933792114258e-01,7.308995723724365234e-02,1.401816261932253838e-03,2.513020038604736328e-01,1.288079470396041870e-01,1.465364694595336914e-01,1.827517002820968628e-01,5.701196789741516113e-01,2.123081088066101074e-01,4.939066246151924133e-02,1.610410213470458984e-01,-3.938601538538932800e-02,1.095514278858900070e-02,2.497105300426483154e-02,-6.400546431541442871e-02,9.289623051881790161e-02,-2.813949435949325562e-02,1.444819122552871704e-01,1.584384143352508545e-01
2.426948696374893188e-01,3.646815940737724304e-02,1.476531028747558594e-01,1.889785975217819214e-01,6.868898868560791016e-02,4.548661410808563232e-02,5.933782085776329041e-03,2.143157422542572021e-01,-1.483746059238910675e-02,-8.836133778095245361e-02,3.865382969379425049e-01,3.190622925758361816e-01,2.772575020790100098e-01,3.205958902835845947e-01,1.000000000000000000e+00,2.992706298828125000e-01,5.357836186885833740e-02,-8.662062138319015503e-02,-5.387342534959316254e-03,-2.721409872174263000e-02,1.664923280477523804e-01,1.661250591278076172e-01,3.124876320362091064e-02,1.944545097649097443e-02,1.342957019805908203e-01,-5.546223744750022888e-02,2.164905816316604614e-01,1.375713497400283813e-01,1.100308895111083984e-01,2.151968628168106079e-01,6.301224976778030396e-02,-2.816377952694892883e-02,3.206238150596618652e-01,3.521270155906677246e-01,2.177843451499938965e-02,2.951312623918056488e-02,1.979771554470062256e-01,5.069247484207153320e-01,6.330170482397079468e-02,1.226014643907546997e-02,-6.886976212263107300e-02,3.224813193082809448e-02,2.967313118278980255e-02,1.171957850456237793e-01,1.076006069779396057e-01,-2.231639623641967773e-02,6.207896023988723755e-02,5.599757283926010132e-02
9.240861982107162476e-02,-6.744816899299621582e-02,-1.850105822086334229e-01,1.655358672142028809e-01,1.217336859554052353e-02,8.805459737777709961e-02,-4.729988053441047668e-02,-7.346771657466888428e-02,-1.532818526029586792e-01,-2.109558135271072388e-01,-6.354611366987228394e-02,6.152190640568733215e-02,3.667788505554199219e-01,5.402088537812232971e-02,2.992706298828125000e-01,1.000000000000000000e+00,1.697220653295516968e-02,3.452644944190979004e-01,2.997808754444122314e-01,7.184990495443344116e-02,-1.184834688901901245e-01,4.290013313293457031e-01,4.074109494686126709e-01,-1.473013907670974731e-01,5.375546216964721680e-02,-4.857322573661804199e-02,-1.865258626639842987e-02,-1.786547005176544189e-01,-4.514256864786148071e-02,-1.714182272553443909e-02,2.400861680507659912e-01,-2.813840098679065704e-02,1.975412666797637939e-01,8.557020872831344604e-02,-1.001327112317085266e-01,-1.455723345279693604e-01,7.413672655820846558e-02,2.787450551986694336e-01,3.164378702640533447e-01,-9.604921564459800720e-03,-1.169877871870994568e-01,-1.514373868703842163e-01,-1.234295740723609924e-01,1.166707128286361694e-01,1.220167614519596100e-02,-8.123485743999481201e-02,-1.200396940112113953e-01,-7.413065992295742035e-03
1.227577775716781616e-01,2.177219092845916748e-01,1.734106540679931641e-01,8.871775865554809570e-02,1.413122117519378662e-01,3.810758590698242188e-01,7.048451900482177734e-01,8.849885314702987671e-03,1.326708793640136719e-01,1.895375996828079224e-01,9.912197291851043701e-02,-2.064178884029388428e-02,1.046344041824340820e-01,6.713135540485382080e-02,5.357836186885833740e-02,1.697220653295516968e-02,1.000000000000000000e+00,5.478987693786621094e-01,5.312379598617553711e-01,3.765966594219207764e-01,6.277690827846527100e-02,7.649561762809753418e-02,2.097198218107223511e-01,2.815512120723724365e-01,1.215273961424827576e-01,4.411055445671081543e-01,3.378282487392425537e-02,-1.138699240982532501e-02,1.540920734405517578e-01,1.270533502101898193e-01,1.754388660192489624e-01,2.650037407875061035e-01,1.830126792192459106e-01,1.086154952645301819e-01,8.471502922475337982e-03,1.802734881639480591e-01,1.114516407251358032e-01,1.374966949224472046e-01,2.096289992332458496e-01,2.013997137546539307e-01,1.178400292992591858e-01,3.890357911586761475e-01,4.360864758491516113e-01,8.223411440849304199e-02,2.136207073926925659e-01,1.385720521211624146e-01,2.770831286907196045e-01,1.113186329603195190e-01
-1.777988672256469727e-02,1.625597476959228516e-01,-1.186354923993349075e-02,7.514731585979461670e-02,7.178062200546264648e-02,3.482509255409240723e-01,5.082055330276489258e-01,-1.890360862016677856e-01,-7.038949429988861084e-02,-4.853864759206771851e-02,-2.273592650890350342e-01,-3.147281408309936523e-01,1.559002697467803955e-01,-9.834463149309158325e-02,-8.662062138319015503e-02,3.452644944190979004e-01,5.478987693786621094e-01,1.000000000000000000e+00,6.874910593032836914e-01,3.962403237819671631e-01,-2.109937071800231934e-01,4.034156501293182373e-01,5.114896893501281738e-01,8.576139062643051147e-02,-3.395801037549972534e-02,4.142544269561767578e-01,-5.054474249482154846e-02,-1.772937774658203125e-01,6.782805174589157104e-02,-1.042748913168907166e-01,3.638685345649719238e-01,2.857105433940887451e-01,7.534176111221313477e-02,5.062994360923767090e-02,-8.189537376165390015e-02,7.030993700027465820e-03,8.467107266187667847e-02,1.119799688458442688e-01,3.893301784992218018e-01,2.707857787609100342e-01,1.074527204036712646e-01,1.544101834297180176e-01,2.070537805557250977e-01,1.123654842376708984e-01,-4.452595487236976624e-02,-4.048645123839378357e-02,8.987392485141754150e-02,4.748995974659919739e-02
2.927013440057635307e-03,2.364628165960311890e-01,-9.695758670568466187e-02,3.768092766404151917e-02,-2.135693654417991638e-02,4.153770208358764648e-01,4.114507734775543213e-01,-1.653748452663421631e-01,-9.955729544162750244e-02,-1.206014305353164673e-01,-2.474539577960968018e-01,-3.582557737827301025e-01,-2.457493916153907776e-02,-1.670534610748291016e-01,-5.387342534959316254e-03,2.997808754444122314e-01,5.312379598617553711e-01,6.874910593032836914e-01,1.000000000000000000e+00,5.376348495483398438e-01,-2.506404817104339600e-01,2.577430307865142822e-01,3.511454164981842041e-01,7.878907024860382080e-02,-9.673967212438583374e-02,3.570539355278015137e-01,-1.045695319771766663e-01,-1.310751736164093018e-01,1.500538140535354614e-01,-4.651142656803131104e-02,3.059123754501342773e-01,2.755361497402191162e-01,4.289571940898895264e-02,1.018102988600730896e-01,-1.328245848417282104e-01,1.003894675523042679e-02,-8.730868808925151825e-03,8.949664980173110962e-02,2.433932870626449585e-01,1.425283998250961304e-01,1.830442249774932861e-01,3.252611756324768066e-01,4.221706092357635498e-01,1.764613538980484009e-01,1.172283291816711426e-02,6.285200268030166626e-02,6.482570618391036987e-02,-1.793501432985067368e-03
1.905486285686492920e-01,4.104314744472503662e-01,2.176824212074279785e-01,1.704442203044891357e-01,1.883852332830429077e-01,5.358386039733886719e-01,4.416615068912506104e-01,-6.397724896669387817e-02,1.419290155172348022e-01,2.243477702140808105e-01,-1.113187521696090698e-01,-5.934312939643859863e-02,1.687880307435989380e-01,-5.533063784241676331e-02,-2.721409872174263000e-02,7.184990495443344116e-02,3.765966594219207764e-01,3.962403237819671631e-01,5.376348495483398438e-01,1.000000000000000000e+00,2.404989004135131836e-01,1.915512382984161377e-01,2.175733596086502075e-01,1.009638682007789612e-01,-1.851635426282882690e-01,5.042705535888671875e-01,-1.548805534839630127e-01,1.920935362577438354e-01,3.781503438949584961e-01,6.207631900906562805e-02,2.063027024269104004e-01,3.028118312358856201e-01,8.133533596992492676e-02,3.961678966879844666e-02,-9.022321552038192749e-02,-1.670521125197410583e-02,7.458013296127319336e-02,2.590748481452465057e-02,1.613426804542541504e-01,6.717547029256820679e-02,4.808905720710754395e-01,4.923627674579620361e-01,4.577058851718902588e-01,3.232202306389808655e-02,1.587821990251541138e-01,1.581778824329376221e-01,1.334456652402877808e-01,1.784932799637317657e-02
4.860751330852508545e-01,8.593694865703582764e-02,5.027028918266296387e-01,4.694338142871856689e-01,3.931230306625366211e-01,2.014818042516708374e-01,6.789234280586242676e-02,3.886400163173675537e-02,1.226157844066619873e-01,2.979103028774261475e-01,3.647176027297973633e-01,5.729424357414245605e-01,4.529278278350830078e-01,2.006239891052246094e-01,1.664923280477523804e-01,-1.184834688901901245e-01,6.277690827846527100e-02,-2.109937071800231934e-01,-2.506404817104339600e-01,2.404989004135131836e-01,1.000000000000000000e+00,1.229224130511283875e-01,-2.942463457584381104e-01,-1.802919059991836548e-02,1.268278509378433228e-01,-8.542284369468688965e-03,1.612578928470611572e-01,4.859569072723388672e-01,2.235875725746154785e-01,3.872473835945129395e-01,-5.833254382014274597e-02,-6.810966879129409790e-02,2.472086399793624878e-01,1.852401532232761383e-02,1.198201403021812439e-01,-8.932989090681076050e-02,1.042013689875602722e-01,1.338426209986209869e-02,-8.852443099021911621e-02,-1.499370187520980835e-01,5.366321653127670288e-02,8.440063893795013428e-02,3.230585483834147453e-03,-1.674853414297103882e-01,1.627262830734252930e-01,-1.337323784828186035e-01,5.162143334746360779e-02,-1.976804286241531372e-01
2.417489290237426758e-01,-5.088153854012489319e-02,4.844210296869277954e-02,3.856440782546997070e-01,4.187915846705436707e-02,7.999835908412933350e-02,7.800788152962923050e-03,-2.198074012994766235e-01,-1.820391118526458740e-01,-2.123435884714126587e-01,-6.897185742855072021e-02,1.485248189419507980e-02,3.817338943481445312e-01,3.706327825784683228e-02,1.661250591278076172e-01,4.290013313293457031e-01,7.649561762809753418e-02,4.034156501293182373e-01,2.577430307865142822e-01,1.915512382984161377e-01,1.229224130511283875e-01,1.000000000000000000e+00,4.562665820121765137e-01,9.332191944122314453e-02,1.835047006607055664e-01,8.318084292113780975e-03,5.280910059809684753e-03,1.800284720957279205e-02,-3.116909228265285492e-02,2.938894331455230713e-01,6.255217790603637695e-01,2.985398173332214355e-01,2.451041340827941895e-01,1.673226803541183472e-01,-2.395260334014892578e-02,5.780319869518280029e-02,1.215336471796035767e-01,2.529612183570861816e-01,3.750434815883636475e-01,2.113472819328308105e-01,-1.265032738447189331e-01,-7.208735495805740356e-02,-5.275915190577507019e-02,-2.919404208660125732e-02,-4.766256362199783325e-02,-2.217038273811340332e-01,6.047115474939346313e-02,1.231214851140975952e-01
-4.255928099155426025e-02,-1.332187652587890625e-02,-2.640587985515594482e-01,-1.296980828046798706e-01,-9.885222464799880981e-02,1.559920012950897217e-01,1.748303323984146118e-01,-6.913404911756515503e-02,1.528942678123712540e-02,-3.082785941660404205e-02,-1.192361637949943542e-01,-1.883246004581451416e-01,2.056594043970108032e-01,6.914270669221878052e-02,3.124876320362091064e-02,4.074109494686126709e-01,2.097198218107223511e-01,5.114896893501281738e-01,3.511454164981842041e-01,2.175733596086502075e-01,-2.942463457584381104e-01,4.562665820121765137e-01,1.000000000000000000e+00,2.194081842899322510e-01,1.150586009025573730e-01,1.918621212244033813e-01,-1.263405084609985352e-01,-3.371917009353637695e-01,-9.370242059230804443e-02,2.024567499756813049e-02,5.057607889175415039e-01,4.171845912933349609e-01,1.258007138967514038e-01,7.549320906400680542e-02,-4.921316355466842651e-02,1.794412583112716675e-01,1.977664530277252197e-01,2.831547260284423828e-01,5.437325835227966309e-01,4.716740846633911133e-01,4.422174766659736633e-02,4.869123548269271851e-02,1.618508994579315186e-01,8.162616193294525146e-02,-7.582174241542816162e-02,1.051859855651855469e-01,1.931896954774856567e-01,4.942549169063568115e-01
1.250452846288681030e-01,9.301000274717807770e-03,7.214464247226715088e-02,-7.086652517318725586e-02,-8.755080401897430420e-02,9.213276952505111694e-02,2.051020115613937378e-01,1.128800213336944580e-01,1.379833817481994629e-01,2.711518295109272003e-02,1.663704514503479004e-01,8.057727664709091187e-02,2.037472836673259735e-02,1.393181979656219482e-01,1.944545097649097443e-02,-1.473013907670974731e-01,2.815512120723724365e-01,8.576139062643051147e-02,7.878907024860382080e-02,1.009638682007789612e-01,-1.802919059991836548e-02,9.332191944122314453e-02,2.194081842899322510e-01,1.000000000000000000e+00,3.210172355175018311e-01,1.610707789659500122e-01,-1.096810996532440186e-01,-9.039921313524246216e-02,-1.571087283082306385e-03,3.257768452167510986e-01,4.240831434726715088e-01,6.187388300895690918e-01,2.624204754829406738e-01,9.457045793533325195e-02,1.010144203901290894e-01,7.673785686492919922e-01,1.417420506477355957e-01,9.187564998865127563e-02,2.838259041309356689e-01,4.226438105106353760e-01,2.948550879955291748e-02,1.923082023859024048e-01,2.725552916526794434e-01,-3.623744845390319824e-02,-3.036937676370143890e-03,1.156508997082710266e-01,7.297382950782775879e-01,5.259103178977966309e-01
4.763582348823547363e-01,-4.214220643043518066e-01,3.798864549025893211e-03,1.712341457605361938e-01,-1.264814287424087524e-01,-1.506956517696380615e-01,-2.735364437103271484e-02,2.882389426231384277e-01,-1.379223912954330444e-01,-1.986854970455169678e-01,2.803065180778503418e-01,2.799690961837768555e-01,2.904231548309326172e-01,2.193470895290374756e-01,1.342957019805908203e-01,5.375546216964721680e-02,1.215273961424827576e-01,-3.395801037549972534e-02,-9.673967212438583374e-02,-1.851635426282882690e-01,1.268278509378433228e-01,1.835047006607055664e-01,1.150586009025573730e-01,3.210172355175018311e-01,1.000000000000000000e+00,-1.746373027563095093e-01,1.819792538881301880e-01,-2.981856465339660645e-01,-4.602527320384979248e-01,4.057610630989074707e-01,2.436769455671310425e-01,-2.207082323729991913e-02,4.758332371711730957e-01,2.603713870048522949e-01,2.480183839797973633e-01,3.285138905048370361e-01,2.902505993843078613e-01,2.301895916461944580e-01,6.992124021053314209e-02,9.984861314296722412e-02,-4.626431763172149658e-01,-3.216417729854583740e-01,-9.125781059265136719e-02,-1.321775168180465698e-01,-4.581577330827713013e-02,-1.160799488425254822e-01,2.330547869205474854e-01,1.821986436843872070e-01
8.201126754283905029e-02,4.601161181926727295e-01,2.956346869468688965e-01,2.943630563095211983e-03,1.754600405693054199e-01,4.990713894367218018e-01,6.882273554801940918e-01,5.155335739254951477e-02,1.968672722578048706e-01,2.590335011482238770e-01,-5.921304970979690552e-02,-5.706298723816871643e-02,3.902133926749229431e-02,3.227283805608749390e-02,-5.546223744750022888e-02,-4.857322573661804199e-02,4.411055445671081543e-01,4.142544269561767578e-01,3.570539355278015137e-01,5.042705535888671875e-01,-8.542284369468688965e-03,8.318084292113780975e-03,1.918621212244033813e-01,1.610707789659500122e-01,-1.746373027563095093e-01,1.000000000000000000e+00,-1.375805884599685669e-01,2.116867899894714355e-01,4.463319182395935059e-01,-7.672567665576934814e-02,1.614368557929992676e-01,3.050253689289093018e-01,1.133351027965545654e-01,-3.482144384179264307e-04,-1.273812204599380493e-01,6.262336671352386475e-02,6.421057879924774170e-02,-1.448761392384767532e-02,1.560021936893463135e-01,1.048347204923629761e-01,5.376541018486022949e-01,5.293869972229003906e-01,4.029951095581054688e-01,7.807490229606628418e-02,1.815359294414520264e-01,1.902058124542236328e-01,1.865515857934951782e-01,9.217602014541625977e-02
8.702515810728073120e-02,2.346920594573020935e-02,5.367881432175636292e-02,3.176994994282722473e-02,1.520857810974121094e-01,-8.239768445491790771e-02,-3.023918531835079193e-02,4.690509289503097534e-02,-1.178463622927665710e-01,1.643947064876556396e-01,1.556377410888671875e-01,1.447560489177703857e-01,2.239713817834854126e-01,2.561666443943977356e-02,2.164905816316604614e-01,-1.865258626639842987e-02,3.378282487392425537e-02,-5.054474249482154846e-02,-1.045695319771766663e-01,-1.548805534839630127e-01,1.612578928470611572e-01,5.280910059809684753e-03,-1.263405084609985352e-01,-1.096810996532440186e-01,1.819792538881301880e-01,-1.375805884599685669e-01,1.000000000000000000e+00,1.123718470335006714e-01,-1.893020607531070709e-02,1.146740391850471497e-01,-6.138644367456436157e-02,-2.156581729650497437e-01,1.941804438829421997e-01,1.026899591088294983e-01,1.171008199453353882e-01,-1.017637625336647034e-01,-3.260542079806327820e-02,6.174512580037117004e-02,-1.171445287764072418e-02,-5.095760896801948547e-02,-1.483104526996612549e-01,-1.408062726259231567e-01,-9.002712368965148926e-02,1.122393906116485596e-01,9.777159988880157471e-02,1.158026978373527527e-01,-2.345124818384647369e-02,-1.851471662521362305e-01
1.860682368278503418e-01,3.964903652667999268e-01,5.676175951957702637e-01,3.533649742603302002e-01,4.350831210613250732e-01,2.382337003946304321e-01,1.741660982370376587e-01,-3.102065436542034149e-02,1.432872414588928223e-01,3.891369402408599854e-01,1.275216192007064819e-01,3.157229423522949219e-01,9.906132519245147705e-02,6.114846467971801758e-02,1.375713497400283813e-01,-1.786547005176544189e-01,-1.138699240982532501e-02,-1.772937774658203125e-01,-1.310751736164093018e-01,1.920935362577438354e-01,4.859569072723388672e-01,1.800284720957279205e-02,-3.371917009353637695e-01,-9.039921313524246216e-02,-2.981856465339660645e-01,2.116867899894714355e-01,1.123718470335006714e-01,1.000000000000000000e+00,6.585920453071594238e-01,1.198725476861000061e-01,-1.521254330873489380e-01,-6.379465572535991669e-03,4.334035515785217285e-02,-7.660841196775436401e-02,-6.938256323337554932e-02,-1.810191422700881958e-01,-1.313761919736862183e-01,-1.308710277080535889e-01,-7.977645844221115112e-02,-1.422202736139297485e-01,3.636076748371124268e-01,3.027040660381317139e-01,1.444370448589324951e-01,-4.338861256837844849e-02,2.520816922187805176e-01,-1.738556474447250366e-02,-3.670604154467582703e-02,-2.231349200010299683e-01
4.888405557721853256e-03,5.883625745773315430e-01,3.938959538936614990e-01,9.247375279664993286e-02,3.322825729846954346e-01,3.988544642925262451e-01,3.326677083969116211e-01,7.448120415210723877e-02,2.045879065990447998e-01,3.884927630424499512e-01,5.829589068889617920e-02,1.278778612613677979e-01,2.468691579997539520e-02,2.440946362912654877e-02,1.100308895111083984e-01,-4.514256864786148071e-02,1.540920734405517578e-01,6.782805174589157104e-02,1.500538140535354614e-01,3.781503438949584961e-01,2.235875725746154785e-01,-3.116909228265285492e-02,-9.370242059230804443e-02,-1.571087283082306385e-03,-4.602527320384979248e-01,4.463319182395935059e-01,-1.893020607531070709e-02,6.585920453071594238e-01,1.000000000000000000e+00,7.663406431674957275e-02,1.547664497047662735e-02,2.010202407836914062e-01,2.051562536507844925e-03,-1.340118050575256348e-02,-1.306457966566085815e-01,-9.666141867637634277e-02,-1.547070294618606567e-01,-9.297461062669754028e-02,5.329654365777969360e-02,-7.360024377703666687e-03,5.911056995391845703e-01,5.204444527626037598e-01,3.533872663974761963e-01,1.591897457838058472e-01,3.739928901195526123e-01,2.170989960432052612e-01,8.064311742782592773e-02,-5.361356958746910095e-02
3.960598409175872803e-01,-9.038103371858596802e-02,1.287219077348709106e-01,2.399815917015075684e-01,-9.284877032041549683e-02,4.129795730113983154e-02,-4.664778709411621094e-02,1.688641309738159180e-01,3.796122968196868896e-02,3.894944209605455399e-03,3.413980901241302490e-01,3.850151300430297852e-01,2.937834858894348145e-01,1.689873933792114258e-01,2.151968628168106079e-01,-1.714182272553443909e-02,1.270533502101898193e-01,-1.042748913168907166e-01,-4.651142656803131104e-02,6.207631900906562805e-02,3.872473835945129395e-01,2.938894331455230713e-01,2.024567499756813049e-02,3.257768452167510986e-01,4.057610630989074707e-01,-7.672567665576934814e-02,1.146740391850471497e-01,1.198725476861000061e-01,7.663406431674957275e-02,1.000000000000000000e+00,4.634658098220825195e-01,1.946950852870941162e-01,2.769333422183990479e-01,1.889161318540573120e-01,2.719835340976715088e-01,3.018456101417541504e-01,1.745292097330093384e-01,1.990028023719787598e-01,9.152431041002273560e-02,4.920779913663864136e-02,-1.441283077001571655e-01,8.383527398109436035e-02,2.193665653467178345e-01,4.058233276009559631e-02,1.679158061742782593e-01,-2.956586144864559174e-02,2.767630815505981445e-01,1.182184517383575439e-01
1.341728121042251587e-01,-6.090194731950759888e-02,-5.069411918520927429e-02,4.451835528016090393e-02,-1.543241143226623535e-01,8.865892142057418823e-02,5.229351669549942017e-02,-6.494564563035964966e-02,-1.661461591720581055e-02,-2.050925195217132568e-01,1.622691564261913300e-02,-7.533468306064605713e-02,2.539215385913848877e-01,7.308995723724365234e-02,6.301224976778030396e-02,2.400861680507659912e-01,1.754388660192489624e-01,3.638685345649719238e-01,3.059123754501342773e-01,2.063027024269104004e-01,-5.833254382014274597e-02,6.255217790603637695e-01,5.057607889175415039e-01,4.240831434726715088e-01,2.436769455671310425e-01,1.614368557929992676e-01,-6.138644367456436157e-02,-1.521254330873489380e-01,1.547664497047662735e-02,4.634658098220825195e-01,1.000000000000000000e+00,5.436636805534362793e-01,2.252397090196609497e-01,1.504236608743667603e-01,6.774718314409255981e-02,4.100216925144195557e-01,1.497652232646942139e-01,2.349048107862472534e-01,4.335928559303283691e-01,3.019143640995025635e-01,-2.847032248973846436e-02,1.095532476902008057e-01,2.327795326709747314e-01,4.385313764214515686e-02,-3.335061669349670410e-02,-5.025858804583549500e-02,3.784724175930023193e-01,3.579688966274261475e-01
-1.107633020728826523e-02,1.625583469867706299e-01,-2.799050125759094954e-04,-1.094707474112510681e-01,-2.693961001932621002e-02,2.545370757579803467e-01,2.336602807044982910e-01,-4.417462274432182312e-02,1.004426404833793640e-01,3.390360623598098755e-02,2.088158158585429192e-03,-8.346322178840637207e-02,-9.378851205110549927e-02,1.401816261932253838e-03,-2.816377952694892883e-02,-2.813840098679065704e-02,2.650037407875061035e-01,2.857105433940887451e-01,2.755361497402191162e-01,3.028118312358856201e-01,-6.810966879129409790e-02,2.985398173332214355e-01,4.171845912933349609e-01,6.187388300895690918e-01,-2.207082323729991913e-02,3.050253689289093018e-01,-2.156581729650497437e-01,-6.379465572535991669e-03,2.010202407836914062e-01,1.946950852870941162e-01,5.436636805534362793e-01,1.000000000000000000e+00,1.044236570596694946e-01,1.223710179328918457e-01,-8.444027602672576904e-02,5.458373427391052246e-01,6.030688062310218811e-02,6.125272437930107117e-02,4.272098541259765625e-01,4.913231730461120605e-01,2.397334128618240356e-01,3.300161063671112061e-01,3.693077266216278076e-01,-1.413914654403924942e-02,-1.527036912739276886e-02,9.026093780994415283e-02,5.918163061141967773e-01,4.960869550704956055e-01
