1.000000000000000000e+00,3.109019100666046143e-01,4.292638301849365234e-01,5.467016696929931641e-01,4.687643647193908691e-01,4.550489783287048340e-01,1.848531812429428101e-01,1.235742345452308655e-01,2.069712877273559570e-01,9.995452314615249634e-02,2.114970833063125610e-01,3.632401227951049805e-01,1.302653551101684570e-01,3.301029503345489502e-01,4.151868224143981934e-01,2.355246990919113159e-01,1.878269314765930176e-01,3.236255433876067400e-04,4.138641431927680969e-02,1.898485980927944183e-02,2.296337485313415527e-01,2.435544878244400024e-01,9.980360418558120728e-02,2.213949561119079590e-01,4.886179864406585693e-01,1.492224335670471191e-01,3.646398186683654785e-01,6.360043883323669434e-01,6.212494969367980957e-01,3.691553473472595215e-01,2.546157836914062500e-01,1.628587245941162109e-01,4.996699690818786621e-01,1.221298128366470337e-01,6.231347471475601196e-02,1.893674582242965698e-01,1.930175870656967163e-01,3.262927234172821045e-01,4.107397422194480896e-02,-1.821374148130416870e-02,4.071232974529266357e-01,2.054051756858825684e-01,1.211115643382072449e-01,-3.530472889542579651e-02,8.669121563434600830e-02,1.159987319260835648e-02,1.605767160654067993e-01,1.672204583883285522e-01
3.109019100666046143e-01,1.000000000000000000e+00,7.613706588745117188e-02,9.195891022682189941e-02,5.645060539245605469e-01,4.654965698719024658e-01,1.353301703929901123e-01,4.590842425823211670e-01,4.723160266876220703e-01,3.124693334102630615e-01,1.754672080278396606e-02,1.352438032627105713e-01,1.728161275386810303e-01,2.615971565246582031e-01,3.886517286300659180e-01,2.456761300563812256e-01,6.196548417210578918e-02,1.358582526445388794e-01,1.701382100582122803e-01,1.907918155193328857e-01,8.945347368717193604e-02,1.653741300106048584e-01,3.453078866004943848e-01,3.190100491046905518e-01,3.531989455223083496e-01,1.599819064140319824e-01,4.232704639434814453e-01,4.868409037590026855e-01,5.467027425765991211e-01,1.238237023353576660e-01,1.184646263718605042e-01,3.309978544712066650e-01,5.499997138977050781e-01,-6.927354633808135986e-02,8.085066825151443481e-02,3.206637501716613770e-01,1.708181798458099365e-01,3.806313872337341309e-01,8.442807197570800781e-02,-3.406831994652748108e-02,6.991900205612182617e-01,5.946316123008728027e-01,3.158715367317199707e-01,5.663519501686096191e-01,4.412402510643005371e-01,3.418069481849670410e-01,2.560293078422546387e-01,3.664379119873046875e-01
4.292638301849365234e-01,7.613706588745117188e-02,1.000000000000000000e+00,5.376666784286499023e-01,2.136581242084503174e-01,2.777022719383239746e-01,3.932509720325469971e-01,3.776337951421737671e-02,7.646919228136539459e-03,5.513310059905052185e-02,5.654896050691604614e-02,2.133308798074722290e-01,1.630778312683105469e-01,1.331418752670288086e-01,2.258642017841339111e-01,1.892970800399780273e-01,3.602401018142700195e-01,1.976216435432434082e-01,-2.793107414618134499e-03,8.274861425161361694e-02,3.295998871326446533e-01,2.664619088172912598e-01,5.937954038381576538e-02,5.222890153527259827e-02,1.209869608283042908e-01,4.993034303188323975e-01,1.392975300550460815e-01,3.857102990150451660e-01,3.806588649749755859e-01,4.005010724067687988e-01,2.915334701538085938e-01,6.690456718206405640e-02,1.815208345651626587e-01,1.644059419631958008e-01,-1.902256533503532410e-02,-7.628532499074935913e-02,8.232665061950683594e-02,2.013537883758544922e-01,1.080696806311607361e-01,-4.261801019310951233e-03,1.561081260442733765e-01,1.044596955180168152e-01,9.174183011054992676e-02,-1.402783095836639404e-01,1.648333370685577393e-01,9.602280706167221069e-02,7.837699353694915771e-02,-2.580213826149702072e-03
5.467016696929931641e-01,9.195891022682189941e-02,5.376666784286499023e-01,1.000000000000000000e+00,1.971535384654998779e-01,3.219704627990722656e-01,2.998403012752532959e-01,8.112990856170654297e-02,-4.018473438918590546e-03,2.266073785722255707e-02,8.042763918638229370e-02,2.695197165012359619e-01,7.673047482967376709e-02,1.414420455694198608e-01,1.788615733385086060e-01,8.867907524108886719e-02,3.701570034027099609e-01,1.680519580841064453e-01,1.597670763731002808e-01,1.568810492753982544e-01,3.168888390064239502e-01,3.015762865543365479e-01,-7.935530692338943481e-02,1.879576407372951508e-02,1.783365309238433838e-01,2.180526554584503174e-01,1.668341308832168579e-01,4.227925837039947510e-01,3.375344276428222656e-01,3.248541653156280518e-01,2.472364008426666260e-01,7.898706942796707153e-02,2.155263870954513550e-01,9.630766510963439941e-02,1.627102680504322052e-02,-7.920688949525356293e-03,1.221613436937332153e-01,1.159659773111343384e-01,2.777015231549739838e-02,-9.448983520269393921e-02,1.395756453275680542e-01,6.417798995971679688e-02,4.210539534687995911e-02,-8.633418381214141846e-02,5.256762728095054626e-03,-5.379724875092506409e-02,6.343420594930648804e-02,-7.677353918552398682e-02
4.687643647193908691e-01,5.645060539245605469e-01,2.136581242084503174e-01,1.971535384654998779e-01,1.000000000000000000e+00,7.130289077758789062e-01,3.272060155868530273e-01,3.393755853176116943e-01,4.168345630168914795e-01,3.055461645126342773e-01,4.060409963130950928e-02,1.513458937406539917e-01,3.167364597320556641e-01,2.729879915714263916e-01,2.990948557853698730e-01,2.705893814563751221e-01,1.582395434379577637e-01,2.182507365942001343e-01,2.523739635944366455e-01,3.099848926067352295e-01,2.341414391994476318e-01,1.175732910633087158e-01,3.372482657432556152e-01,2.467526346445083618e-01,2.594125866889953613e-01,2.539874315261840820e-01,1.446289718151092529e-01,5.263624191284179688e-01,5.364814400672912598e-01,6.719756871461868286e-02,3.709300607442855835e-02,2.795808613300323486e-01,4.466647207736968994e-01,-5.833730474114418030e-02,-6.761724501848220825e-02,2.246024757623672485e-01,1.529499888420104980e-01,3.523911833763122559e-01,1.354535520076751709e-01,2.150048874318599701e-02,7.128714323043823242e-01,5.489373207092285156e-01,2.976299226284027100e-01,2.407507151365280151e-01,1.873533129692077637e-01,3.274649679660797119e-01,1.870540529489517212e-01,3.984673023223876953e-01
4.550489783287048340e-01,4.654965698719024658e-01,2.777022719383239746e-01,3.219704627990722656e-01,7.130289077758789062e-01,1.000000000000000000e+00,2.911970615386962891e-01,2.800974547863006592e-01,2.596416473388671875e-01,1.857512742280960083e-01,1.920590735971927643e-02,2.269510477781295776e-01,3.700698316097259521e-01,1.636522710323333740e-01,2.707143127918243408e-01,3.243134021759033203e-01,7.925833761692047119e-02,1.462936550378799438e-01,1.773045808076858521e-01,3.554541468620300293e-01,4.719215929508209229e-01,2.942069172859191895e-01,2.358668446540832520e-01,1.463895738124847412e-01,1.570302695035934448e-01,2.195295393466949463e-01,1.138415336608886719e-01,4.273841381072998047e-01,3.979500532150268555e-01,1.369067430496215820e-01,1.202065274119377136e-01,2.317417562007904053e-01,4.212095141410827637e-01,-4.011099785566329956e-02,-5.145829916000366211e-02,1.262797862291336060e-01,6.672920286655426025e-02,2.804356813430786133e-01,1.454627662897109985e-01,9.863242506980895996e-03,6.277627944946289062e-01,4.235103130340576172e-01,2.459247261285781860e-01,1.473799645900726318e-01,1.759571135044097900e-01,2.354834228754043579e-01,1.374636739492416382e-01,2.322517782449722290e-01
1.848531812429428101e-01,1.353301703929901123e-01,3.932509720325469971e-01,2.998403012752532959e-01,3.272060155868530273e-01,2.911970615386962891e-01,1.000000000000000000e+00,6.786695867776870728e-02,2.528147101402282715e-01,4.464509785175323486e-01,1.577299274504184723e-02,3.063698112964630127e-02,3.591239750385284424e-01,8.903993666172027588e-02,-4.853196442127227783e-02,1.472299993038177490e-01,7.008531093597412109e-01,7.251255512237548828e-01,6.152600049972534180e-01,5.041945576667785645e-01,1.615014225244522095e-01,1.410246640443801880e-01,4.659245312213897705e-01,2.652018666267395020e-01,-1.597944051027297974e-01,6.880231499671936035e-01,-1.124111935496330261e-01,6.718128919601440430e-02,2.495314478874206543e-01,2.185142636299133301e-01,2.607131600379943848e-01,4.023418128490447998e-01,-3.535239771008491516e-02,1.693182885646820068e-01,-6.695477664470672607e-02,2.293637841939926147e-01,3.622419759631156921e-02,1.897628009319305420e-01,2.963601350784301758e-01,3.442164063453674316e-01,1.429157853126525879e-01,4.792327582836151123e-01,5.776250958442687988e-01,8.688421919941902161e-03,1.467427164316177368e-01,5.467959642410278320e-01,3.028024435043334961e-01,3.111874461174011230e-01
1.235742345452308655e-01,4.590842425823211670e-01,3.776337951421737671e-02,8.112990856170654297e-02,3.393755853176116943e-01,2.800974547863006592e-01,6.786695867776870728e-02,1.000000000000000000e+00,5.052230358123779297e-01,2.660663723945617676e-01,3.692220449447631836e-01,3.729265034198760986e-01,2.886940240859985352e-01,3.950605392456054688e-01,4.318699240684509277e-01,3.320806920528411865e-01,3.619842603802680969e-02,1.180799305438995361e-01,8.979880064725875854e-02,1.248176321387290955e-01,1.582850962877273560e-01,1.404585391283035278e-01,1.523531228303909302e-01,5.554553493857383728e-02,7.020989060401916504e-02,-3.242726624011993408e-02,4.598158225417137146e-02,1.922326683998107910e-01,2.308506369590759277e-01,1.329449564218521118e-01,7.615274190902709961e-02,1.282492876052856445e-01,3.443052470684051514e-01,1.069369688630104065e-01,2.125371992588043213e-01,1.146728023886680603e-01,4.478482902050018311e-01,3.898833692073822021e-01,2.069756984710693359e-01,-3.471644595265388489e-02,3.490889668464660645e-01,3.528774678707122803e-01,1.750660538673400879e-01,4.793947637081146240e-01,1.668600142002105713e-01,1.918313801288604736e-01,3.616299107670783997e-02,-1.159637980163097382e-02
2.069712877273559570e-01,4.723160266876220703e-01,7.646919228136539459e-03,-4.018473438918590546e-03,4.168345630168914795e-01,2.596416473388671875e-01,2.528147101402282715e-01,5.052230358123779297e-01,1.000000000000000000e+00,5.748879313468933105e-01,3.419773578643798828e-01,3.029385507106781006e-01,3.820559680461883545e-01,2.946779429912567139e-01,3.282901644706726074e-01,3.877069354057312012e-01,2.257215827703475952e-01,2.842020988464355469e-01,2.586151361465454102e-01,1.980063617229461670e-01,7.101102173328399658e-02,1.951048225164413452e-01,4.234869480133056641e-01,3.446542620658874512e-01,1.680541336536407471e-01,1.506900191307067871e-01,1.411975622177124023e-01,2.583518028259277344e-01,3.629144132137298584e-01,2.733440101146697998e-01,2.489596754312515259e-01,3.890962898731231689e-01,2.770846188068389893e-01,-3.785307705402374268e-02,4.993615299463272095e-02,3.529784977436065674e-01,2.764307260513305664e-01,4.019495546817779541e-01,2.722624540328979492e-01,2.027182579040527344e-01,4.087302088737487793e-01,5.198861360549926758e-01,3.601414859294891357e-01,3.788220882415771484e-01,2.055409699678421021e-01,4.131522178649902344e-01,2.816240191459655762e-01,2.648180425167083740e-01
9.995452314615249634e-02,3.124693334102630615e-01,5.513310059905052185e-02,2.266073785722255707e-02,3.055461645126342773e-01,1.857512742280960083e-01,4.464509785175323486e-01,2.660663723945617676e-01,5.748879313468933105e-01,1.000000000000000000e+00,1.910494565963745117e-01,2.151305526494979858e-01,5.795565843582153320e-01,2.342489659786224365e-01,1.056336835026741028e-01,2.817638516426086426e-01,3.895123302936553955e-01,4.285629093647003174e-01,4.063195884227752686e-01,4.204457700252532959e-01,1.673744469881057739e-01,1.979336887598037720e-01,5.452277660369873047e-01,4.084580838680267334e-01,-3.623727709054946899e-02,3.026851415634155273e-01,5.769716948270797729e-02,5.470126122236251831e-02,1.997501403093338013e-01,2.942703068256378174e-01,3.328291475772857666e-01,4.699718058109283447e-01,8.636863529682159424e-02,1.712533831596374512e-01,1.278646439313888550e-01,3.983406722545623779e-01,1.970664113759994507e-01,3.674982190132141113e-01,3.789053559303283691e-01,3.732796013355255127e-01,2.187487632036209106e-01,4.769195318222045898e-01,4.528493285179138184e-01,2.651229500770568848e-01,2.735308408737182617e-01,6.216216087341308594e-01,3.802880346775054932e-01,3.786872029304504395e-01
2.114970833063125610e-01,1.754672080278396606e-02,5.654896050691604614e-02,8.042763918638229370e-02,4.060409963130950928e-02,1.920590735971927643e-02,1.577299274504184723e-02,3.692220449447631836e-01,3.419773578643798828e-01,1.910494565963745117e-01,1.000000000000000000e+00,6.130959987640380859e-01,2.318530231714248657e-01,4.768537878990173340e-01,3.905223608016967773e-01,2.012627571821212769e-01,5.794442072510719299e-02,1.091312523931264877e-02,-2.339966036379337311e-02,-1.702162176370620728e-01,2.714299410581588745e-02,1.350588947534561157e-01,6.786108762025833130e-02,9.312649816274642944e-02,8.756849914789199829e-02,-2.882082248106598854e-03,-2.008754201233386993e-02,1.105998605489730835e-01,9.521210193634033203e-02,4.180689156055450439e-01,2.394303232431411743e-01,7.279038429260253906e-02,8.714271336793899536e-02,1.674004048109054565e-01,1.477141827344894409e-01,1.126310527324676514e-01,3.501636981964111328e-01,2.407223135232925415e-01,2.339783497154712677e-02,1.474365442991256714e-01,1.160765346139669418e-02,8.666165173053741455e-02,8.117407560348510742e-02,2.495738491415977478e-02,4.609899967908859253e-02,2.495438419282436371e-02,6.602317839860916138e-02,-1.004516109824180603e-01
3.632401227951049805e-01,1.352438032627105713e-01,2.133308798074722290e-01,2.695197165012359619e-01,1.513458937406539917e-01,2.269510477781295776e-01,3.063698112964630127e-02,3.729265034198760986e-01,3.029385507106781006e-01,2.151305526494979858e-01,6.130959987640380859e-01,1.000000000000000000e+00,3.130071163177490234e-01,4.607200026512145996e-01,3.941454291343688965e-01,2.083212882280349731e-01,8.910191804170608521e-02,-5.842408537864685059e-02,-6.262939423322677612e-02,-1.290892809629440308e-01,2.473123818635940552e-01,2.035838663578033447e-01,2.805148018524050713e-03,-1.224881876260042191e-02,1.479962021112442017e-01,-3.507550107315182686e-03,5.995273217558860779e-02,2.753709554672241211e-01,1.751482188701629639e-01,4.252272248268127441e-01,1.800389736890792847e-01,5.759958922863006592e-02,2.255300283432006836e-01,1.764618605375289917e-01,1.679627299308776855e-01,1.348951179534196854e-02,2.341055423021316528e-01,2.426942884922027588e-01,5.974350497126579285e-02,8.821795135736465454e-02,7.682173699140548706e-02,1.098294183611869812e-01,6.548177450895309448e-02,3.985034674406051636e-02,4.238418117165565491e-02,-4.001289233565330505e-02,-4.022193700075149536e-02,-1.037596911191940308e-01
1.302653551101684570e-01,1.728161275386810303e-01,1.630778312683105469e-01,7.673047482967376709e-02,3.167364597320556641e-01,3.700698316097259521e-01,3.591239750385284424e-01,2.886940240859985352e-01,3.820559680461883545e-01,5.795565843582153320e-01,2.318530231714248657e-01,3.130071163177490234e-01,1.000000000000000000e+00,3.229873478412628174e-01,1.727674305438995361e-01,4.383432269096374512e-01,1.998322010040283203e-01,2.700329720973968506e-01,3.076972365379333496e-01,5.323576927185058594e-01,5.478751063346862793e-01,4.393461048603057861e-01,5.394365191459655762e-01,3.068074285984039307e-01,-1.367029547691345215e-01,1.715992838144302368e-01,-6.960698962211608887e-02,2.511144150048494339e-03,8.008084446191787720e-02,3.252813220024108887e-01,3.750143051147460938e-01,4.142850339412689209e-01,1.132606863975524902e-01,2.684983313083648682e-01,1.759042441844940186e-01,2.202112227678298950e-01,2.418839037418365479e-01,3.781327605247497559e-01,4.115732908248901367e-01,3.867229819297790527e-01,2.254573553800582886e-01,3.375003635883331299e-01,3.599223494529724121e-01,1.357253291644155979e-03,1.570471674203872681e-01,5.116031765937805176e-01,2.932536303997039795e-01,3.475725352764129639e-01
3.301029503345489502e-01,2.615971565246582031e-01,1.331418752670288086e-01,1.414420455694198608e-01,2.729879915714263916e-01,1.636522710323333740e-01,8.903993666172027588e-02,3.950605392456054688e-01,2.946779429912567139e-01,2.342489659786224365e-01,4.768537878990173340e-01,4.607200026512145996e-01,3.229873478412628174e-01,1.000000000000000000e+00,5.238904356956481934e-01,3.140732944011688232e-01,1.260821819305419922e-01,8.076203614473342896e-02,5.387615412473678589e-02,6.727534532546997070e-02,1.646466702222824097e-01,1.995506435632705688e-01,2.336299270391464233e-01,1.562013030052185059e-01,7.591576129198074341e-02,9.020260721445083618e-02,9.346053004264831543e-02,2.626492381095886230e-01,2.785498499870300293e-01,2.716237604618072510e-01,2.020237147808074951e-01,1.206707656383514404e-01,2.175637036561965942e-01,2.750325202941894531e-01,1.247888058423995972e-01,1.293116062879562378e-01,5.595773458480834961e-01,4.612838029861450195e-01,1.277692914009094238e-01,1.299669742584228516e-01,2.499189674854278564e-01,2.694784104824066162e-01,1.961612403392791748e-01,6.770500540733337402e-02,6.309659034013748169e-02,1.462302654981613159e-01,7.221294194459915161e-02,1.493648737668991089e-01
4.151868224143981934e-01,3.886517286300659180e-01,2.258642017841339111e-01,1.788615733385086060e-01,2.990948557853698730e-01,2.707143127918243408e-01,-4.853196442127227783e-02,4.318699240684509277e-01,3.282901644706726074e-01,1.056336835026741028e-01,3.905223608016967773e-01,3.941454291343688965e-01,1.727674305438995361e-01,5.238904356956481934e-01,1.000000000000000000e+00,4.483530521392822266e-01,-7.369371503591537476e-02,-7.065984606742858887e-02,-1.398671269416809082e-01,-6.073040887713432312e-02,2.071563303470611572e-01,2.879060208797454834e-01,1.039377003908157349e-01,1.211291849613189697e-01,2.858874201774597168e-01,6.580261047929525375e-03,2.643418312072753906e-01,4.182720184326171875e-01,3.859409391880035400e-01,2.594345510005950928e-01,2.030947506427764893e-01,1.005040258169174194e-01,4.648123681545257568e-01,8.447863906621932983e-02,1.240808367729187012e-01,9.110960364341735840e-02,4.254082143306732178e-01,5.555812716484069824e-01,1.263603195548057556e-02,-1.055198386311531067e-01,4.201560616493225098e-01,2.358832061290740967e-01,1.637680083513259888e-02,1.796054542064666748e-01,1.826965957880020142e-01,4.644454270601272583e-02,5.436505377292633057e-02,4.722942784428596497e-02
2.355246990919113159e-01,2.456761300563812256e-01,1.892970800399780273e-01,8.867907524108886719e-02,2.705893814563751221e-01,3.243134021759033203e-01,1.472299993038177490e-01,3.320806920528411865e-01,3.877069354057312012e-01,2.817638516426086426e-01,2.012627571821212769e-01,2.083212882280349731e-01,4.383432269096374512e-01,3.140732944011688232e-01,4.483530521392822266e-01,1.000000000000000000e+00,6.121554411947727203e-03,9.272565692663192749e-02,3.392027691006660461e-02,2.452852129936218262e-01,3.545694053173065186e-01,4.373157918453216553e-01,3.874343931674957275e-01,2.770299911499023438e-01,-3.102301247417926788e-02,9.323565661907196045e-02,-1.596899889409542084e-02,9.813778102397918701e-02,2.005648910999298096e-01,3.014328479766845703e-01,4.008195400238037109e-01,2.548101544380187988e-01,2.250303924083709717e-01,2.364624664187431335e-02,2.287905067205429077e-01,2.680116295814514160e-01,3.099742829799652100e-01,5.577152967453002930e-01,5.039047598838806152e-01,2.234104424715042114e-01,3.405660986900329590e-01,2.718816399574279785e-01,2.220809161663055420e-01,1.174111738801002502e-01,2.652742266654968262e-01,3.000682592391967773e-01,2.881644070148468018e-01,1.500924378633499146e-01
1.878269314765930176e-01,6.196548417210578918e-02,3.602401018142700195e-01,3.701570034027099609e-01,1.582395434379577637e-01,7.925833761692047119e-02,7.008531093597412109e-01,3.619842603802680969e-02,2.257215827703475952e-01,3.895123302936553955e-01,5.794442072510719299e-02,8.910191804170608521e-02,1.998322010040283203e-01,1.260821819305419922e-01,-7.369371503591537476e-02,6.121554411947727203e-03,1.000000000000000000e+00,6.627873182296752930e-01,5.201804041862487793e-01,2.891569137573242188e-01,2.584796398878097534e-02,9.635372459888458252e-02,2.715277969837188721e-01,1.661059707403182983e-01,-3.779359906911849976e-02,4.930461645126342773e-01,6.132332608103752136e-03,1.128613427281379700e-01,2.078016102313995361e-01,2.578862905502319336e-01,2.327318340539932251e-01,2.949602901935577393e-01,-3.989948704838752747e-02,1.959817260503768921e-01,-3.199134394526481628e-02,1.337883919477462769e-01,7.495931535959243774e-02,1.295294463634490967e-01,2.032228112220764160e-01,2.693919539451599121e-01,-2.347589284181594849e-02,3.468757569789886475e-01,4.279271960258483887e-01,2.491859346628189087e-02,4.855166375637054443e-02,3.493400216102600098e-01,1.766803264617919922e-01,1.948151290416717529e-01
3.236255433876067400e-04,1.358582526445388794e-01,1.976216435432434082e-01,1.680519580841064453e-01,2.182507365942001343e-01,1.462936550378799438e-01,7.251255512237548828e-01,1.180799305438995361e-01,2.842020988464355469e-01,4.285629093647003174e-01,1.091312523931264877e-02,-5.842408537864685059e-02,2.700329720973968506e-01,8.076203614473342896e-02,-7.065984606742858887e-02,9.272565692663192749e-02,6.627873182296752930e-01,1.000000000000000000e+00,6.405059099197387695e-01,4.936702847480773926e-01,7.848051190376281738e-02,1.709357202053070068e-01,4.638415575027465820e-01,2.110172957181930542e-01,-1.577187925577163696e-01,5.329823493957519531e-01,-1.034368798136711121e-01,-2.260233648121356964e-02,1.315707415342330933e-01,1.826204806566238403e-01,2.716848850250244141e-01,3.835584521293640137e-01,-6.105348467826843262e-02,1.099760830402374268e-01,-5.615831539034843445e-02,2.222571671009063721e-01,9.113790094852447510e-02,1.756751537322998047e-01,2.267074882984161377e-01,2.892634272575378418e-01,5.650065466761589050e-02,4.265042245388031006e-01,5.612061619758605957e-01,7.846271991729736328e-02,6.175860390067100525e-02,4.958098530769348145e-01,2.409633845090866089e-01,2.774609029293060303e-01
4.138641431927680969e-02,1.701382100582122803e-01,-2.793107414618134499e-03,1.597670763731002808e-01,2.523739635944366455e-01,1.773045808076858521e-01,6.152600049972534180e-01,8.979880064725875854e-02,2.586151361465454102e-01,4.063195884227752686e-01,-2.339966036379337311e-02,-6.262939423322677612e-02,3.076972365379333496e-01,5.387615412473678589e-02,-1.398671269416809082e-01,3.392027691006660461e-02,5.201804041862487793e-01,6.405059099197387695e-01,1.000000000000000000e+00,6.014232039451599121e-01,8.936794847249984741e-02,1.091013327240943909e-01,4.400040507316589355e-01,2.475678026676177979e-01,-1.459073722362518311e-01,3.538368344306945801e-01,-9.442733973264694214e-02,-3.180344030261039734e-02,1.445472389459609985e-01,7.593163102865219116e-02,1.792940050363540649e-01,4.653874635696411133e-01,-7.353146374225616455e-02,9.496219456195831299e-02,-1.427536550909280777e-02,2.989768087863922119e-01,1.056761965155601501e-01,1.309255808591842651e-01,1.995735019445419312e-01,3.061710894107818604e-01,1.188084408640861511e-01,4.388474225997924805e-01,6.095086336135864258e-01,7.342427968978881836e-02,3.462603315711021423e-02,5.257319808006286621e-01,2.911906838417053223e-01,3.597561120986938477e-01
1.898485980927944183e-02,1.907918155193328857e-01,8.274861425161361694e-02,1.568810492753982544e-01,3.099848926067352295e-01,3.554541468620300293e-01,5.041945576667785645e-01,1.248176321387290955e-01,1.980063617229461670e-01,4.204457700252532959e-01,-1.702162176370620728e-01,-1.290892809629440308e-01,5.323576927185058594e-01,6.727534532546997070e-02,-6.073040887713432312e-02,2.452852129936218262e-01,2.891569137573242188e-01,4.936702847480773926e-01,6.014232039451599121e-01,1.000000000000000000e+00,5.174813866615295410e-01,3.505306243896484375e-01,4.390575885772705078e-01,2.414815276861190796e-01,-2.859114110469818115e-01,3.054590225219726562e-01,-1.635499149560928345e-01,-5.873579159379005432e-02,1.144766733050346375e-01,4.088168963789939880e-02,2.640457749366760254e-01,4.139091968536376953e-01,-3.497153148055076599e-02,1.227269768714904785e-01,5.895705427974462509e-03,2.071228027343750000e-01,8.757448941469192505e-02,2.397821396589279175e-01,3.339055180549621582e-01,2.289234250783920288e-01,2.529510259628295898e-01,3.942110836505889893e-01,4.783909022808074951e-01,4.468843713402748108e-02,9.899663925170898438e-02,5.711519122123718262e-01,3.123057186603546143e-01,3.667038381099700928e-01
2.296337485313415527e-01,8.945347368717193604e-02,3.295998871326446533e-01,3.168888390064239502e-01,2.341414391994476318e-01,4.719215929508209229e-01,1.615014225244522095e-01,1.582850962877273560e-01,7.101102173328399658e-02,1.673744469881057739e-01,2.714299410581588745e-02,2.473123818635940552e-01,5.478751063346862793e-01,1.646466702222824097e-01,2.071563303470611572e-01,3.545694053173065186e-01,2.584796398878097534e-02,7.848051190376281738e-02,8.936794847249984741e-02,5.174813866615295410e-01,1.000000000000000000e+00,5.893976688385009766e-01,1.103533133864402771e-01,4.973821714520454407e-02,-1.576617062091827393e-01,9.302640706300735474e-02,-8.065554499626159668e-02,1.242008060216903687e-01,1.340662389993667603e-01,2.939516603946685791e-01,3.768088221549987793e-01,2.289481163024902344e-01,8.503969013690948486e-02,1.645155996084213257e-01,2.987649850547313690e-02,-5.827218294143676758e-02,9.160257875919342041e-02,2.406756281852722168e-01,2.090490311384201050e-01,3.966709226369857788e-02,2.687449753284454346e-01,1.432473212480545044e-01,1.275259107351303101e-01,-1.205867454409599304e-01,1.402245461940765381e-01,2.261765897274017334e-01,1.693503409624099731e-01,7.519790530204772949e-02
2.435544878244400024e-01,1.653741300106048584e-01,2.664619088172912598e-01,3.015762865543365479e-01,1.175732910633087158e-01,2.942069172859191895e-01,1.410246640443801880e-01,1.404585391283035278e-01,1.951048225164413452e-01,1.979336887598037720e-01,1.350588947534561157e-01,2.035838663578033447e-01,4.393461048603057861e-01,1.995506435632705688e-01,2.879060208797454834e-01,4.373157918453216553e-01,9.635372459888458252e-02,1.709357202053070068e-01,1.091013327240943909e-01,3.505306243896484375e-01,5.893976688385009766e-01,1.000000000000000000e+00,3.011740744113922119e-01,3.031992614269256592e-01,5.476397275924682617e-02,9.917584061622619629e-02,1.318274885416030884e-01,2.017067372798919678e-01,1.878475397825241089e-01,5.197944641113281250e-01,6.556568145751953125e-01,4.507626891136169434e-01,1.801693439483642578e-01,1.880815923213958740e-01,1.163359582424163818e-01,1.730635464191436768e-01,1.953297853469848633e-01,3.160633742809295654e-01,2.567279934883117676e-01,1.237722113728523254e-01,2.364472597837448120e-01,1.911441385746002197e-01,1.450023949146270752e-01,-9.084399789571762085e-02,8.309786021709442139e-02,1.570168435573577881e-01,3.445526063442230225e-01,2.714878320693969727e-01
9.980360418558120728e-02,3.453078866004943848e-01,5.937954038381576538e-02,-7.935530692338943481e-02,3.372482657432556152e-01,2.358668446540832520e-01,4.659245312213897705e-01,1.523531228303909302e-01,4.234869480133056641e-01,5.452277660369873047e-01,6.786108762025833130e-02,2.805148018524050713e-03,5.394365191459655762e-01,2.336299270391464233e-01,1.039377003908157349e-01,3.874343931674957275e-01,2.715277969837188721e-01,4.638415575027465820e-01,4.400040507316589355e-01,4.390575885772705078e-01,1.103533133864402771e-01,3.011740744113922119e-01,1.000000000000000000e+00,5.571733713150024414e-01,3.566881269216537476e-02,3.432942032814025879e-01,1.128684878349304199e-01,6.921934336423873901e-02,1.946180760860443115e-01,2.203472107648849487e-01,3.238535821437835693e-01,5.333670973777770996e-01,1.785078793764114380e-01,1.216859966516494751e-01,1.298833191394805908e-01,5.298155546188354492e-01,1.397911608219146729e-01,3.783076107501983643e-01,4.343732297420501709e-01,5.714275836944580078e-01,2.999961376190185547e-01,4.921548068523406982e-01,5.329199433326721191e-01,1.459079682826995850e-01,2.026930600404739380e-01,5.600059032440185547e-01,4.458151459693908691e-01,6.365315914154052734e-01
2.213949561119079590e-01,3.190100491046905518e-01,5.222890153527259827e-02,1.879576407372951508e-02,2.467526346445083618e-01,1.463895738124847412e-01,2.652018666267395020e-01,5.554553493857383728e-02,3.446542620658874512e-01,4.084580838680267334e-01,9.312649816274642944e-02,-1.224881876260042191e-02,3.068074285984039307e-01,1.562013030052185059e-01,1.211291849613189697e-01,2.770299911499023438e-01,1.661059707403182983e-01,2.110172957181930542e-01,2.475678026676177979e-01,2.414815276861190796e-01,4.973821714520454407e-02,3.031992614269256592e-01,5.571733713150024414e-01,1.000000000000000000e+00,6.670171022415161133e-02,2.875910997390747070e-01,1.514494270086288452e-01,1.271353960037231445e-01,3.180845677852630615e-01,3.788321018218994141e-01,5.422097444534301758e-01,6.404135823249816895e-01,1.196022778749465942e-01,9.304217249155044556e-02,7.202161848545074463e-02,7.344736456871032715e-01,1.097679883241653442e-01,3.237551748752593994e-01,2.746137380599975586e-01,3.377003073692321777e-01,3.023550212383270264e-01,4.242348074913024902e-01,4.013999402523040771e-01,1.401791274547576904e-01,3.194361925125122070e-01,4.535742700099945068e-01,7.444230318069458008e-01,4.765841066837310791e-01
4.886179864406585693e-01,3.531989455223083496e-01,1.209869608283042908e-01,1.783365309238433838e-01,2.594125866889953613e-01,1.570302695035934448e-01,-1.597944051027297974e-01,7.020989060401916504e-02,1.680541336536407471e-01,-3.623727709054946899e-02,8.756849914789199829e-02,1.479962021112442017e-01,-1.367029547691345215e-01,7.591576129198074341e-02,2.858874201774597168e-01,-3.102301247417926788e-02,-3.779359906911849976e-02,-1.577187925577163696e-01,-1.459073722362518311e-01,-2.859114110469818115e-01,-1.576617062091827393e-01,5.476397275924682617e-02,3.566881269216537476e-02,6.670171022415161133e-02,1.000000000000000000e+00,-1.255369037389755249e-01,6.862274408340454102e-01,5.913323760032653809e-01,4.008211791515350342e-01,9.599078446626663208e-02,-7.149446755647659302e-02,-4.299399256706237793e-02,6.576894521713256836e-01,-1.552019715309143066e-01,2.283387817442417145e-02,8.655598759651184082e-02,2.643551118671894073e-02,5.076408758759498596e-02,-1.948058009147644043e-01,-1.638381034135818481e-01,2.980213463306427002e-01,-1.050803530961275101e-02,-1.766598969697952271e-01,1.640978902578353882e-01,4.942261512042023242e-05,-2.304894179105758667e-01,-5.387731641530990601e-02,1.949981600046157837e-01
1.492224335670471191e-01,1.599819064140319824e-01,4.993034303188323975e-01,2.180526554584503174e-01,2.539874315261840820e-01,2.195295393466949463e-01,6.880231499671936035e-01,-3.242726624011993408e-02,1.506900191307067871e-01,3.026851415634155273e-01,-2.882082248106598854e-03,-3.507550107315182686e-03,1.715992838144302368e-01,9.020260721445083618e-02,6.580261047929525375e-03,9.323565661907196045e-02,4.930461645126342773e-01,5.329823493957519531e-01,3.538368344306945801e-01,3.054590225219726562e-01,9.302640706300735474e-02,9.917584061622619629e-02,3.432942032814025879e-01,2.875910997390747070e-01,-1.255369037389755249e-01,1.000000000000000000e+00,-4.840860888361930847e-02,1.367636173963546753e-01,3.070712685585021973e-01,2.685253918170928955e-01,2.864439785480499268e-01,3.216966092586517334e-01,-5.561516433954238892e-02,1.278785914182662964e-01,-1.476905643939971924e-01,2.072466909885406494e-01,3.286356513854116201e-04,1.691248565912246704e-01,1.927085667848587036e-01,2.019261568784713745e-01,1.817496418952941895e-01,4.031980633735656738e-01,4.939749836921691895e-01,1.071304455399513245e-02,2.547661364078521729e-01,4.765464961528778076e-01,3.048130869865417480e-01,2.385205328464508057e-01
3.646398186683654785e-01,4.232704639434814453e-01,1.392975300550460815e-01,1.668341308832168579e-01,1.446289718151092529e-01,1.138415336608886719e-01,-1.124111935496330261e-01,4.598158225417137146e-02,1.411975622177124023e-01,5.769716948270797729e-02,-2.008754201233386993e-02,5.995273217558860779e-02,-6.960698962211608887e-02,9.346053004264831543e-02,2.643418312072753906e-01,-1.596899889409542084e-02,6.132332608103752136e-03,-1.034368798136711121e-01,-9.442733973264694214e-02,-1.635499149560928345e-01,-8.065554499626159668e-02,1.318274885416030884e-01,1.128684878349304199e-01,1.514494270086288452e-01,6.862274408340454102e-01,-4.840860888361930847e-02,1.000000000000000000e+00,4.628429114818572998e-01,3.450201153755187988e-01,1.057546958327293396e-01,1.834091916680335999e-02,3.323910012841224670e-02,6.316053867340087891e-01,-5.778571218252182007e-02,6.455533951520919800e-02,1.332593411207199097e-01,6.981923431158065796e-02,6.739433109760284424e-02,-9.300440549850463867e-02,-8.703986555337905884e-02,2.788745760917663574e-01,2.596906572580337524e-02,-1.142081692814826965e-01,1.848284304141998291e-01,1.328887343406677246e-01,-8.239235728979110718e-02,2.641712501645088196e-02,2.122473418712615967e-01
6.360043883323669434e-01,4.868409037590026855e-01,3.857102990150451660e-01,4.227925837039947510e-01,5.263624191284179688e-01,4.273841381072998047e-01,6.718128919601440430e-02,1.922326683998107910e-01,2.583518028259277344e-01,5.470126122236251831e-02,1.105998605489730835e-01,2.753709554672241211e-01,2.511144150048494339e-03,2.626492381095886230e-01,4.182720184326171875e-01,9.813778102397918701e-02,1.128613427281379700e-01,-2.260233648121356964e-02,-3.180344030261039734e-02,-5.873579159379005432e-02,1.242008060216903687e-01,2.017067372798919678e-01,6.921934336423873901e-02,1.271353960037231445e-01,5.913323760032653809e-01,1.367636173963546753e-01,4.628429114818572998e-01,1.000000000000000000e+00,7.169277667999267578e-01,2.816830575466156006e-01,8.155663311481475830e-02,1.185481026768684387e-01,5.527266263961791992e-01,-3.461745008826255798e-02,-5.546489357948303223e-02,6.513050198554992676e-02,1.280556619167327881e-01,2.772537469863891602e-01,-5.792444944381713867e-02,-1.921808123588562012e-01,5.510423779487609863e-01,2.739683091640472412e-01,-1.569550111889839172e-02,1.350011825561523438e-01,7.462725043296813965e-02,-3.990080580115318298e-02,3.087453916668891907e-02,2.005095332860946655e-01
6.212494969367980957e-01,5.467027425765991211e-01,3.806588649749755859e-01,3.375344276428222656e-01,5.364814400672912598e-01,3.979500532150268555e-01,2.495314478874206543e-01,2.308506369590759277e-01,3.629144132137298584e-01,1.997501403093338013e-01,9.521210193634033203e-02,1.751482188701629639e-01,8.008084446191787720e-02,2.785498499870300293e-01,3.859409391880035400e-01,2.005648910999298096e-01,2.078016102313995361e-01,1.315707415342330933e-01,1.445472389459609985e-01,1.144766733050346375e-01,1.340662389993667603e-01,1.878475397825241089e-01,1.946180760860443115e-01,3.180845677852630615e-01,4.008211791515350342e-01,3.070712685585021973e-01,3.450201153755187988e-01,7.169277667999267578e-01,1.000000000000000000e+00,3.305569887161254883e-01,2.431222200393676758e-01,3.004068136215209961e-01,4.206033647060394287e-01,5.273102317005395889e-03,-1.778970845043659210e-02,2.479017972946166992e-01,1.816067099571228027e-01,3.502583801746368408e-01,4.519699513912200928e-02,-8.809228241443634033e-02,5.934637784957885742e-01,4.452748298645019531e-01,2.369251549243927002e-01,1.772008389234542847e-01,2.599632740020751953e-01,2.455450594425201416e-01,2.504411935806274414e-01,2.852686345577239990e-01
3.691553473472595215e-01,1.238237023353576660e-01,4.005010724067687988e-01,3.248541653156280518e-01,6.719756871461868286e-02,1.369067430496215820e-01,2.185142636299133301e-01,1.329449564218521118e-01,2.733440101146697998e-01,2.942703068256378174e-01,4.180689156055450439e-01,4.252272248268127441e-01,3.252813220024108887e-01,2.716237604618072510e-01,2.594345510005950928e-01,3.014328479766845703e-01,2.578862905502319336e-01,1.826204806566238403e-01,7.593163102865219116e-02,4.088168963789939880e-02,2.939516603946685791e-01,5.197944641113281250e-01,2.203472107648849487e-01,3.788321018218994141e-01,9.599078446626663208e-02,2.685253918170928955e-01,1.057546958327293396e-01,2.816830575466156006e-01,3.305569887161254883e-01,1.000000000000000000e+00,7.082841396331787109e-01,4.266256392002105713e-01,1.331302970647811890e-01,3.067094385623931885e-01,2.417924106121063232e-01,3.041142523288726807e-01,2.246326655149459839e-01,3.241077363491058350e-01,2.157182544469833374e-01,1.886969506740570068e-01,9.963367134332656860e-02,2.118585705757141113e-01,2.347822785377502441e-01,-2.652999758720397949e-02,1.888729929924011230e-01,2.170018702745437622e-01,3.923787474632263184e-01,7.357265055179595947e-02
2.546157836914062500e-01,1.184646263718605042e-01,2.915334701538085938e-01,2.472364008426666260e-01,3.709300607442855835e-02,1.202065274119377136e-01,2.607131600379943848e-01,7.615274190902709961e-02,2.489596754312515259e-01,3.328291475772857666e-01,2.394303232431411743e-01,1.800389736890792847e-01,3.750143051147460938e-01,2.020237147808074951e-01,2.030947506427764893e-01,4.008195400238037109e-01,2.327318340539932251e-01,2.716848850250244141e-01,1.792940050363540649e-01,2.640457749366760254e-01,3.768088221549987793e-01,6.556568145751953125e-01,3.238535821437835693e-01,5.422097444534301758e-01,-7.149446755647659302e-02,2.864439785480499268e-01,1.834091916680335999e-02,8.155663311481475830e-02,2.431222200393676758e-01,7.082841396331787109e-01,1.000000000000000000e+00,6.064831018447875977e-01,2.432546345517039299e-03,2.698685824871063232e-01,1.864474713802337646e-01,4.263244867324829102e-01,2.168433815240859985e-01,3.685609102249145508e-01,2.938752770423889160e-01,2.130277752876281738e-01,1.324065029621124268e-01,2.549898326396942139e-01,3.235003352165222168e-01,-7.003398984670639038e-02,2.336092144250869751e-01,3.396308124065399170e-01,5.969347357749938965e-01,2.023039162158966064e-01
1.628587245941162109e-01,3.309978544712066650e-01,6.690456718206405640e-02,7.898706942796707153e-02,2.795808613300323486e-01,2.317417562007904053e-01,4.023418128490447998e-01,1.282492876052856445e-01,3.890962898731231689e-01,4.699718058109283447e-01,7.279038429260253906e-02,5.759958922863006592e-02,4.142850339412689209e-01,1.206707656383514404e-01,1.005040258169174194e-01,2.548101544380187988e-01,2.949602901935577393e-01,3.835584521293640137e-01,4.653874635696411133e-01,4.139091968536376953e-01,2.289481163024902344e-01,4.507626891136169434e-01,5.333670973777770996e-01,6.404135823249816895e-01,-4.299399256706237793e-02,3.216966092586517334e-01,3.323910012841224670e-02,1.185481026768684387e-01,3.004068136215209961e-01,4.266256392002105713e-01,6.064831018447875977e-01,1.000000000000000000e+00,4.936386644840240479e-02,1.098742261528968811e-01,4.487844556570053101e-02,5.736494660377502441e-01,6.118284165859222412e-02,3.112507462501525879e-01,3.039273023605346680e-01,2.875608503818511963e-01,3.165329992771148682e-01,5.165604948997497559e-01,5.008990764617919922e-01,4.008906334638595581e-02,1.417402923107147217e-01,4.763582944869995117e-01,6.656813621520996094e-01,4.815711677074432373e-01
4.996699690818786621e-01,5.499997138977050781e-01,1.815208345651626587e-01,2.155263870954513550e-01,4.466647207736968994e-01,4.212095141410827637e-01,-3.535239771008491516e-02,3.443052470684051514e-01,2.770846188068389893e-01,8.636863529682159424e-02,8.714271336793899536e-02,2.255300283432006836e-01,1.132606863975524902e-01,2.175637036561965942e-01,4.648123681545257568e-01,2.250303924083709717e-01,-3.989948704838752747e-02,-6.105348467826843262e-02,-7.353146374225616455e-02,-3.497153148055076599e-02,8.503969013690948486e-02,1.801693439483642578e-01,1.785078793764114380e-01,1.196022778749465942e-01,6.576894521713256836e-01,-5.561516433954238892e-02,6.316053867340087891e-01,5.527266263961791992e-01,4.206033647060394287e-01,1.331302970647811890e-01,2.432546345517039299e-03,4.936386644840240479e-02,1.000000000000000000e+00,-7.337270677089691162e-02,1.333271712064743042e-01,1.508961766958236694e-01,1.825717240571975708e-01,2.731232345104217529e-01,-1.151489373296499252e-02,-1.085692793130874634e-01,4.587260782718658447e-01,1.490695923566818237e-01,-3.400128334760665894e-02,3.448469042778015137e-01,1.291606575250625610e-01,-2.983353845775127411e-02,5.614720750600099564e-03,2.147601842880249023e-01
