1.000000000000000000e+00,-4.385685548186302185e-02,4.544821977615356445e-01,4.660851061344146729e-01,3.923210203647613525e-01,3.830661177635192871e-01,3.407557904720306396e-01,1.063427999615669250e-01,1.067057624459266663e-01,3.117827475070953369e-01,2.117438763380050659e-01,4.396499395370483398e-01,5.379408970475196838e-02,1.342831999063491821e-01,4.918267205357551575e-02,-2.418106421828269958e-02,3.002828955650329590e-01,2.871604561805725098e-01,2.184891402721405029e-01,2.483642995357513428e-01,4.589281976222991943e-01,3.849583864212036133e-01,-1.370857208967208862e-01,-1.088121682405471802e-01,2.734425961971282959e-01,2.943518459796905518e-01,2.299660295248031616e-01,5.532915592193603516e-01,3.257696330547332764e-01,1.829741746187210083e-01,1.834773272275924683e-01,-6.787463277578353882e-02,3.919734358787536621e-01,2.031416296958923340e-01,6.649474054574966431e-02,-1.819504499435424805e-01,1.977498084306716919e-01,8.963564038276672363e-02,-7.103614509105682373e-02,-1.033989191055297852e-01,2.190562635660171509e-01,1.136762872338294983e-01,1.330819129943847656e-01,1.529746595770120621e-02,5.514074116945266724e-02,1.005957648158073425e-01,-7.797218114137649536e-02,-6.981895421631634235e-04
-4.385685548186302185e-02,1.000000000000000000e+00,-7.928270846605300903e-02,4.749080166220664978e-02,2.734859585762023926e-01,2.626784145832061768e-01,-5.519800353795289993e-03,2.220511585474014282e-01,3.473202884197235107e-01,2.286982685327529907e-01,2.225148230791091919e-01,7.942176610231399536e-02,1.921016573905944824e-01,3.869088739156723022e-02,-4.600694775581359863e-02,1.388085335493087769e-01,2.528499439358711243e-02,-3.039641678333282471e-02,1.379385292530059814e-01,1.207504868507385254e-01,1.694215983152389526e-01,4.058297723531723022e-03,1.172489523887634277e-01,1.601457148790359497e-01,-7.304962724447250366e-02,2.724221162497997284e-02,1.440161745995283127e-02,2.707715034484863281e-01,6.012113094329833984e-01,2.926960587501525879e-01,8.704211562871932983e-02,1.105680391192436218e-01,5.328611657023429871e-02,1.143408268690109253e-01,3.371735811233520508e-01,1.271667033433914185e-01,3.953307494521141052e-02,1.560959368944168091e-01,1.296160072088241577e-01,1.169630438089370728e-01,4.357331395149230957e-01,3.185667097568511963e-01,2.251087725162506104e-01,4.626038074493408203e-01,3.338412642478942871e-01,2.397082448005676270e-01,5.042490735650062561e-02,-3.543338552117347717e-02
4.544821977615356445e-01,-7.928270846605300903e-02,1.000000000000000000e+00,7.943270802497863770e-01,3.677546381950378418e-01,2.321480661630630493e-01,4.409146606922149658e-01,5.135691724717617035e-03,-1.639297455549240112e-01,9.002906084060668945e-02,2.071184366941452026e-01,2.660036683082580566e-01,1.306572109460830688e-01,-3.643350303173065186e-02,-9.720261394977569580e-02,3.510251268744468689e-02,3.081455528736114502e-01,2.787378430366516113e-01,2.412273585796356201e-01,1.838292926549911499e-01,4.016893506050109863e-01,6.069963574409484863e-01,-7.689231634140014648e-02,-6.990309059619903564e-02,1.303789764642715454e-01,4.790666401386260986e-01,-5.917355790734291077e-02,6.122088432312011719e-01,3.603953123092651367e-01,2.234727889299392700e-01,1.480557322502136230e-01,-9.469100087881088257e-02,1.510750055313110352e-01,-6.050565466284751892e-02,-1.370724663138389587e-02,-1.422621607780456543e-01,5.153953656554222107e-02,-1.290227938443422318e-02,-2.805134654045104980e-02,-8.536089956760406494e-02,2.233686745166778564e-01,9.216570109128952026e-02,1.593916118144989014e-02,-1.196610629558563232e-01,1.935224980115890503e-01,1.102827116847038269e-01,-8.460377156734466553e-02,8.087036758661270142e-02
4.660851061344146729e-01,4.749080166220664978e-02,7.943270802497863770e-01,1.000000000000000000e+00,3.933324515819549561e-01,2.913859188556671143e-01,3.916520774364471436e-01,-1.026408374309539795e-01,-2.210906445980072021e-01,1.447394210845232010e-02,7.882481068372726440e-02,2.136676460504531860e-01,1.052654460072517395e-01,-9.447023272514343262e-02,-1.400233805179595947e-01,5.588585138320922852e-02,2.562140226364135742e-01,2.147930115461349487e-01,2.887348532676696777e-01,2.356828898191452026e-01,4.968469142913818359e-01,6.500957012176513672e-01,-1.263771057128906250e-01,-7.385092973709106445e-02,-1.326149608939886093e-02,3.464637994766235352e-01,-7.060891389846801758e-02,6.501567959785461426e-01,4.575562775135040283e-01,2.224335819482803345e-01,7.782290130853652954e-02,-4.138763993978500366e-02,3.990810737013816833e-02,-1.193413734436035156e-01,-3.974280506372451782e-02,-1.458137929439544678e-01,2.698404714465141296e-02,-8.624862879514694214e-02,-1.072484180331230164e-01,-1.038047149777412415e-01,2.942480742931365967e-01,1.097804233431816101e-01,1.820130273699760437e-02,-4.407051950693130493e-02,1.784564405679702759e-01,5.085414275527000427e-02,-8.104649931192398071e-02,7.119558006525039673e-02
3.923210203647613525e-01,2.734859585762023926e-01,3.677546381950378418e-01,3.933324515819549561e-01,1.000000000000000000e+00,6.878660321235656738e-01,2.073079794645309448e-01,2.010666728019714355e-01,2.620567381381988525e-01,4.050894677639007568e-01,2.309081405401229858e-01,2.825625538825988770e-01,5.371231436729431152e-01,5.569389089941978455e-02,-5.944792926311492920e-02,2.802505791187286377e-01,9.403933584690093994e-02,2.049503624439239502e-01,3.456832170486450195e-01,3.823512196540832520e-01,4.134429693222045898e-01,3.021547794342041016e-01,1.265100389719009399e-01,1.133693084120750427e-01,1.055558323860168457e-01,2.383099049329757690e-01,1.041369512677192688e-01,5.551896095275878906e-01,3.852916061878204346e-01,5.792191624641418457e-02,7.005252689123153687e-02,6.602535396814346313e-02,3.949168324470520020e-01,1.249385848641395569e-01,1.945213079452514648e-01,1.030137836933135986e-01,1.611174643039703369e-01,1.376753002405166626e-01,2.439237982034683228e-01,6.866224855184555054e-02,5.976463556289672852e-01,2.257299721240997314e-01,3.158883750438690186e-01,2.675311565399169922e-01,2.170005440711975098e-01,2.728488147258758545e-01,1.083666980266571045e-01,1.056117191910743713e-01
3.830661177635192871e-01,2.626784145832061768e-01,2.321480661630630493e-01,2.913859188556671143e-01,6.878660321235656738e-01,1.000000000000000000e+00,4.359367787837982178e-01,9.419555217027664185e-02,2.152680158615112305e-01,3.817298710346221924e-01,7.075923681259155273e-02,7.634432613849639893e-02,4.386976361274719238e-01,9.490906447172164917e-02,-1.057924628257751465e-01,1.923642158508300781e-01,3.358911275863647461e-01,3.808946013450622559e-01,5.688983798027038574e-01,5.751916170120239258e-01,4.117675125598907471e-01,2.191796898841857910e-01,1.787067353725433350e-01,2.023045867681503296e-01,8.186338096857070923e-02,3.512195944786071777e-01,1.149187013506889343e-01,3.879759311676025391e-01,3.417893946170806885e-01,5.413945391774177551e-02,2.026855200529098511e-01,3.442033231258392334e-01,2.719145715236663818e-01,9.772846102714538574e-02,1.304053664207458496e-01,1.472062766551971436e-01,2.109356671571731567e-01,1.176737248897552490e-01,1.979905217885971069e-01,1.113237142562866211e-01,5.399623513221740723e-01,3.968550562858581543e-01,5.362095236778259277e-01,2.551435530185699463e-01,2.032148391008377075e-01,3.014421463012695312e-01,2.837638556957244873e-01,1.613421738147735596e-01
3.407557904720306396e-01,-5.519800353795289993e-03,4.409146606922149658e-01,3.916520774364471436e-01,2.073079794645309448e-01,4.359367787837982178e-01,1.000000000000000000e+00,1.684484630823135376e-01,-1.111603714525699615e-02,6.849346309900283813e-02,4.294241592288017273e-02,5.829931795597076416e-02,-1.963860355317592621e-02,1.949358433485031128e-01,-3.383011091500520706e-03,7.022156566381454468e-02,8.303981423377990723e-01,6.715866327285766602e-01,6.690351366996765137e-01,4.588435292243957520e-01,1.625107526779174805e-01,3.221339881420135498e-01,4.102320969104766846e-02,-1.172353792935609818e-02,2.056617736816406250e-01,6.206332445144653320e-01,7.411926239728927612e-02,2.239344418048858643e-01,2.308186590671539307e-01,2.399314790964126587e-01,3.661282062530517578e-01,2.365736216306686401e-01,2.098767906427383423e-01,1.667460054159164429e-01,-2.618049271404743195e-02,-1.197094768285751343e-01,2.680928409099578857e-01,1.800519824028015137e-01,1.164800673723220825e-01,5.478860810399055481e-02,1.180116236209869385e-01,4.939118325710296631e-01,3.506012856960296631e-01,-5.674683675169944763e-02,1.613770127296447754e-01,2.292097806930541992e-01,1.784912049770355225e-01,-2.033337205648422241e-02
1.063427999615669250e-01,2.220511585474014282e-01,5.135691724717617035e-03,-1.026408374309539795e-01,2.010666728019714355e-01,9.419555217027664185e-02,1.684484630823135376e-01,1.000000000000000000e+00,5.094099044799804688e-01,3.358157277107238770e-01,5.801557302474975586e-01,4.704565107822418213e-01,1.443941742181777954e-01,5.840564966201782227e-01,2.577683031558990479e-01,2.955998480319976807e-01,2.395244091749191284e-01,3.336527347564697266e-01,7.684954255819320679e-02,-4.031091183423995972e-02,-7.513375580310821533e-02,9.125699847936630249e-02,2.042860090732574463e-01,-8.725813776254653931e-02,3.600914180278778076e-01,1.542053520679473877e-01,2.258550375699996948e-01,1.347116678953170776e-01,6.930862367153167725e-02,2.116236686706542969e-01,2.531483471393585205e-01,-1.052792891860008240e-01,4.906434118747711182e-01,5.058862566947937012e-01,3.852891027927398682e-01,-6.721103191375732422e-02,4.279844760894775391e-01,5.044234395027160645e-01,3.392891585826873779e-01,2.312947362661361694e-01,6.365166604518890381e-02,1.386841088533401489e-01,8.544757962226867676e-02,2.341054826974868774e-01,3.786411508917808533e-02,1.324956864118576050e-01,-4.806502908468246460e-02,-1.521997898817062378e-01
1.067057624459266663e-01,3.473202884197235107e-01,-1.639297455549240112e-01,-2.210906445980072021e-01,2.620567381381988525e-01,2.152680158615112305e-01,-1.111603714525699615e-02,5.094099044799804688e-01,1.000000000000000000e+00,5.490214228630065918e-01,4.509862661361694336e-01,3.941343724727630615e-01,3.066962361335754395e-01,2.498315274715423584e-01,9.005358442664146423e-03,2.808148860931396484e-01,1.353884395211935043e-02,7.296263426542282104e-02,2.307991124689579010e-02,6.356107443571090698e-02,3.150744363665580750e-02,-6.309267878532409668e-02,3.060783445835113525e-01,-2.370682777836918831e-03,1.898931711912155151e-01,3.930415958166122437e-02,2.288745790719985962e-01,8.981832861900329590e-02,1.157327368855476379e-01,1.423482447862625122e-01,1.873555183410644531e-01,-4.851367324590682983e-02,3.388735055923461914e-01,3.340615630149841309e-01,3.867371380329132080e-01,1.718800067901611328e-01,2.320365905761718750e-01,2.687109410762786865e-01,3.907586038112640381e-01,3.007017374038696289e-01,1.689577549695968628e-01,1.691429615020751953e-01,2.704182267189025879e-01,5.098872184753417969e-01,8.039847016334533691e-02,2.203852832317352295e-01,-1.483888085931539536e-02,-3.948481753468513489e-02
3.117827475070953369e-01,2.286982685327529907e-01,9.002906084060668945e-02,1.447394210845232010e-02,4.050894677639007568e-01,3.817298710346221924e-01,6.849346309900283813e-02,3.358157277107238770e-01,5.490214228630065918e-01,1.000000000000000000e+00,4.215574264526367188e-01,3.768118023872375488e-01,4.810789525508880615e-01,1.611349433660507202e-01,-2.426498197019100189e-02,8.023007959127426147e-02,4.267364367842674255e-02,5.223637074232101440e-02,7.152908295392990112e-02,1.683792918920516968e-01,2.451976984739303589e-01,6.451803445816040039e-02,3.568489849567413330e-01,1.610691547393798828e-01,1.095859929919242859e-01,9.531767107546329498e-03,7.333178073167800903e-02,3.046211302280426025e-01,2.120537012815475464e-01,1.407139748334884644e-01,8.065100014209747314e-02,-9.403975307941436768e-02,3.045850992202758789e-01,2.583189904689788818e-01,1.558458507061004639e-01,1.068452224135398865e-01,1.718826293945312500e-01,1.679519414901733398e-01,1.674769222736358643e-01,2.962715737521648407e-02,4.093008637428283691e-01,1.613139510154724121e-01,2.974714040756225586e-01,3.134051859378814697e-01,2.010442018508911133e-01,3.426035642623901367e-01,1.403643190860748291e-02,9.339443594217300415e-02
2.117438763380050659e-01,2.225148230791091919e-01,2.071184366941452026e-01,7.882481068372726440e-02,2.309081405401229858e-01,7.075923681259155273e-02,4.294241592288017273e-02,5.801557302474975586e-01,4.509862661361694336e-01,4.215574264526367188e-01,1.000000000000000000e+00,5.852138400077819824e-01,2.354447096586227417e-01,2.554008662700653076e-01,3.443730622529983521e-02,2.314980775117874146e-01,7.453552633523941040e-02,9.004999697208404541e-02,-1.315517574548721313e-01,-1.667819768190383911e-01,4.582497105002403259e-02,2.594304978847503662e-01,2.220782488584518433e-01,6.879881955683231354e-03,3.943642973899841309e-01,5.770464241504669189e-02,7.455688714981079102e-02,3.880544602870941162e-01,2.441816329956054688e-01,2.691141664981842041e-01,1.561743468046188354e-01,-2.510108649730682373e-01,4.345935881137847900e-01,3.600800931453704834e-01,4.356923997402191162e-01,1.106509380042552948e-02,1.800398081541061401e-01,3.743493258953094482e-01,3.029059171676635742e-01,2.689262330532073975e-01,1.695782840251922607e-01,1.143528074026107788e-01,1.730483211576938629e-02,2.270437330007553101e-01,1.848279833793640137e-01,2.066529095172882080e-01,-5.982985347509384155e-02,1.740041188895702362e-02
4.396499395370483398e-01,7.942176610231399536e-02,2.660036683082580566e-01,2.136676460504531860e-01,2.825625538825988770e-01,7.634432613849639893e-02,5.829931795597076416e-02,4.704565107822418213e-01,3.941343724727630615e-01,3.768118023872375488e-01,5.852138400077819824e-01,1.000000000000000000e+00,2.407844811677932739e-01,1.902553588151931763e-01,1.737602055072784424e-01,2.817620635032653809e-01,4.963609203696250916e-02,9.292253851890563965e-02,-1.780838221311569214e-01,-1.928495317697525024e-01,2.285991758108139038e-01,3.716600537300109863e-01,3.720024600625038147e-02,-1.966848373413085938e-01,3.427874147891998291e-01,1.438135653734207153e-02,2.039629220962524414e-01,4.446969032287597656e-01,1.938467472791671753e-01,2.207285612821578979e-01,1.077678054571151733e-01,-3.671233355998992920e-01,4.850932955741882324e-01,2.796517908573150635e-01,3.170131146907806396e-01,-5.428874120116233826e-02,1.267844736576080322e-01,2.284403443336486816e-01,1.681945025920867920e-01,1.412062942981719971e-01,7.088509947061538696e-02,-8.598548360168933868e-03,-3.495898842811584473e-02,1.907998025417327881e-01,-6.820778828114271164e-03,5.991270765662193298e-02,-2.234751582145690918e-01,-1.173084527254104614e-01
5.379408970475196838e-02,1.921016573905944824e-01,1.306572109460830688e-01,1.052654460072517395e-01,5.371231436729431152e-01,4.386976361274719238e-01,-1.963860355317592621e-02,1.443941742181777954e-01,3.066962361335754395e-01,4.810789525508880615e-01,2.354447096586227417e-01,2.407844811677932739e-01,1.000000000000000000e+00,1.308494061231613159e-02,6.000806391239166260e-02,4.176936447620391846e-01,-1.198793426156044006e-01,6.975504569709300995e-03,1.660192757844924927e-01,3.479827046394348145e-01,3.583170473575592041e-01,1.918333768844604492e-01,4.704601466655731201e-01,3.959118127822875977e-01,-7.436915766447782516e-03,-2.074100263416767120e-02,-3.497079387307167053e-02,2.473668009042739868e-01,1.967086493968963623e-01,1.116357222199440002e-01,1.401585191488265991e-01,1.562692075967788696e-01,2.073097527027130127e-01,9.406678378582000732e-02,1.587238907814025879e-01,3.869884610176086426e-01,8.234198391437530518e-02,2.086187899112701416e-01,3.567177653312683105e-01,1.595250815153121948e-01,4.676693677902221680e-01,2.005710601806640625e-01,3.365226089954376221e-01,3.226956725120544434e-01,2.299801260232925415e-01,3.101815283298492432e-01,3.011887073516845703e-01,3.142286241054534912e-01
1.342831999063491821e-01,3.869088739156723022e-02,-3.643350303173065186e-02,-9.447023272514343262e-02,5.569389089941978455e-02,9.490906447172164917e-02,1.949358433485031128e-01,5.840564966201782227e-01,2.498315274715423584e-01,1.611349433660507202e-01,2.554008662700653076e-01,1.902553588151931763e-01,1.308494061231613159e-02,1.000000000000000000e+00,3.965701162815093994e-01,1.454058438539505005e-01,2.884181141853332520e-01,3.925623893737792969e-01,2.580296397209167480e-01,1.545899361371994019e-01,6.021339073777198792e-02,7.715900242328643799e-02,7.593973726034164429e-02,-3.848922997713088989e-02,2.557475864887237549e-01,1.647990196943283081e-01,2.748340666294097900e-01,-4.004713147878646851e-02,1.050810329616069794e-02,1.340203583240509033e-01,2.732629477977752686e-01,9.826236963272094727e-02,3.151227831840515137e-01,3.223569691181182861e-01,1.249118000268936157e-01,-1.647515594959259033e-01,6.473074555397033691e-01,4.555427134037017822e-01,1.325980126857757568e-01,1.190877705812454224e-01,-4.264767840504646301e-02,9.492000937461853027e-02,8.980193734169006348e-02,5.597461014986038208e-02,4.687973484396934509e-02,3.275125473737716675e-02,2.863933891057968140e-02,-9.560862183570861816e-02
4.918267205357551575e-02,-4.600694775581359863e-02,-9.720261394977569580e-02,-1.400233805179595947e-01,-5.944792926311492920e-02,-1.057924628257751465e-01,-3.383011091500520706e-03,2.577683031558990479e-01,9.005358442664146423e-03,-2.426498197019100189e-02,3.443730622529983521e-02,1.737602055072784424e-01,6.000806391239166260e-02,3.965701162815093994e-01,1.000000000000000000e+00,3.168633878231048584e-01,6.546186655759811401e-02,2.280354499816894531e-01,9.315347298979759216e-03,9.690708667039871216e-02,1.006096303462982178e-01,7.908421754837036133e-02,-3.259783610701560974e-02,-4.533959086984395981e-03,5.627843365073204041e-02,3.313230723142623901e-02,2.378772497177124023e-01,-1.262309998273849487e-01,-8.980421721935272217e-02,9.116668999195098877e-02,2.478404790163040161e-01,-5.189611110836267471e-03,1.443778872489929199e-01,1.947394013404846191e-01,3.972545266151428223e-02,-1.046031638979911804e-01,2.386620640754699707e-01,4.133993089199066162e-01,-7.239746302366256714e-02,-1.529493480920791626e-01,-1.098004356026649475e-01,-5.685013532638549805e-02,-1.364208012819290161e-02,-9.962400048971176147e-02,-6.760102510452270508e-02,-1.045321971178054810e-01,-8.905532769858837128e-03,-1.028360202908515930e-01
-2.418106421828269958e-02,1.388085335493087769e-01,3.510251268744468689e-02,5.588585138320922852e-02,2.802505791187286377e-01,1.923642158508300781e-01,7.022156566381454468e-02,2.955998480319976807e-01,2.808148860931396484e-01,8.023007959127426147e-02,2.314980775117874146e-01,2.817620635032653809e-01,4.176936447620391846e-01,1.454058438539505005e-01,3.168633878231048584e-01,1.000000000000000000e+00,-6.480758544057607651e-03,2.062363624572753906e-01,1.463763564825057983e-01,1.523698121309280396e-01,3.970200568437576294e-02,2.704631686210632324e-01,3.343121707439422607e-01,6.459809839725494385e-02,8.144104480743408203e-02,1.157043054699897766e-01,1.502059549093246460e-01,1.126279085874557495e-01,1.437769681215286255e-01,9.675062447786331177e-02,1.770880520343780518e-01,3.068972378969192505e-02,2.127326428890228271e-01,2.469465434551239014e-01,3.708634972572326660e-01,1.275908648967742920e-01,2.400815933942794800e-01,3.851772844791412354e-01,4.395364820957183838e-01,2.532614171504974365e-01,5.156443640589714050e-02,1.051510795950889587e-01,1.554181277751922607e-01,1.973881870508193970e-01,1.126807555556297302e-02,1.074808984994888306e-01,1.371394246816635132e-01,7.953197695314884186e-03
3.002828955650329590e-01,2.528499439358711243e-02,3.081455528736114502e-01,2.562140226364135742e-01,9.403933584690093994e-02,3.358911275863647461e-01,8.303981423377990723e-01,2.395244091749191284e-01,1.353884395211935043e-02,4.267364367842674255e-02,7.453552633523941040e-02,4.963609203696250916e-02,-1.198793426156044006e-01,2.884181141853332520e-01,6.546186655759811401e-02,-6.480758544057607651e-03,1.000000000000000000e+00,7.334132194519042969e-01,5.896314382553100586e-01,3.792502284049987793e-01,1.178231537342071533e-01,2.190085202455520630e-01,5.668580066412687302e-03,-9.552877396345138550e-02,2.073346972465515137e-01,5.200623869895935059e-01,8.992078155279159546e-02,1.200399249792098999e-01,1.622856557369232178e-01,2.762514352798461914e-01,3.663902878761291504e-01,2.077569067478179932e-01,2.038295567035675049e-01,1.747824251651763916e-01,-3.578354045748710632e-02,-1.894137561321258545e-01,2.711392045021057129e-01,1.643416285514831543e-01,3.581742942333221436e-02,3.471250832080841064e-02,4.587433114647865295e-02,4.195474982261657715e-01,3.054736256599426270e-01,-6.658235192298889160e-02,1.156970784068107605e-01,1.738189905881881714e-01,9.115342795848846436e-02,-8.754287660121917725e-02
2.871604561805725098e-01,-3.039641678333282471e-02,2.787378430366516113e-01,2.147930115461349487e-01,2.049503624439239502e-01,3.808946013450622559e-01,6.715866327285766602e-01,3.336527347564697266e-01,7.296263426542282104e-02,5.223637074232101440e-02,9.004999697208404541e-02,9.292253851890563965e-02,6.975504569709300995e-03,3.925623893737792969e-01,2.280354499816894531e-01,2.062363624572753906e-01,7.334132194519042969e-01,1.000000000000000000e+00,5.607151985168457031e-01,4.365394711494445801e-01,2.014380842447280884e-01,2.997200787067413330e-01,7.986658066511154175e-02,-7.192815095186233521e-02,1.542922705411911011e-01,5.776562690734863281e-01,2.138644903898239136e-01,1.367546021938323975e-01,8.441949635744094849e-02,2.016553133726119995e-01,4.476185739040374756e-01,2.256560027599334717e-01,2.555525302886962891e-01,2.155014127492904663e-01,5.071515962481498718e-02,-1.400368809700012207e-01,3.045456409454345703e-01,2.266438156366348267e-01,9.727743268013000488e-02,6.739315390586853027e-02,7.437939196825027466e-02,2.875838875770568848e-01,2.964790463447570801e-01,-5.808793380856513977e-02,4.713584482669830322e-02,1.493548750877380371e-01,1.345380097627639771e-01,-6.780824065208435059e-02
2.184891402721405029e-01,1.379385292530059814e-01,2.412273585796356201e-01,2.887348532676696777e-01,3.456832170486450195e-01,5.688983798027038574e-01,6.690351366996765137e-01,7.684954255819320679e-02,2.307991124689579010e-02,7.152908295392990112e-02,-1.315517574548721313e-01,-1.780838221311569214e-01,1.660192757844924927e-01,2.580296397209167480e-01,9.315347298979759216e-03,1.463763564825057983e-01,5.896314382553100586e-01,5.607151985168457031e-01,1.000000000000000000e+00,7.111893296241760254e-01,2.712219059467315674e-01,2.123942524194717407e-01,5.655960366129875183e-02,1.812594383955001831e-01,8.791557699441909790e-02,4.976623654365539551e-01,7.907991111278533936e-02,1.573960930109024048e-01,2.954390347003936768e-01,1.965413987636566162e-01,3.559005558490753174e-01,4.216831624507904053e-01,1.166934743523597717e-01,1.153325438499450684e-01,-2.893495187163352966e-02,-1.885762030724436045e-04,3.464064896106719971e-01,2.029077261686325073e-01,1.241372376680374146e-01,2.939258702099323273e-02,2.543871104717254639e-01,5.637776255607604980e-01,5.489822030067443848e-01,7.077661156654357910e-02,2.742562294006347656e-01,3.071132600307464600e-01,3.686626255512237549e-01,5.416355654597282410e-02
2.483642995357513428e-01,1.207504868507385254e-01,1.838292926549911499e-01,2.356828898191452026e-01,3.823512196540832520e-01,5.751916170120239258e-01,4.588435292243957520e-01,-4.031091183423995972e-02,6.356107443571090698e-02,1.683792918920516968e-01,-1.667819768190383911e-01,-1.928495317697525024e-01,3.479827046394348145e-01,1.545899361371994019e-01,9.690708667039871216e-02,1.523698121309280396e-01,3.792502284049987793e-01,4.365394711494445801e-01,7.111893296241760254e-01,1.000000000000000000e+00,5.444720983505249023e-01,1.669296920299530029e-01,1.476769000291824341e-01,3.096019327640533447e-01,-1.197505146265029907e-01,4.166991412639617920e-01,4.832552000880241394e-02,1.569035053253173828e-01,2.723377346992492676e-01,1.516011059284210205e-01,3.339485824108123779e-01,4.363895356655120850e-01,6.694676727056503296e-02,6.184002384543418884e-02,-7.873241603374481201e-02,1.046454980969429016e-01,2.397837936878204346e-01,9.631528705358505249e-02,1.420812606811523438e-01,-9.484640322625637054e-03,3.505118191242218018e-01,5.196548104286193848e-01,6.275240182876586914e-01,1.239025443792343140e-01,2.886528968811035156e-01,3.503647744655609131e-01,4.545896947383880615e-01,1.509860306978225708e-01
4.589281976222991943e-01,1.694215983152389526e-01,4.016893506050109863e-01,4.968469142913818359e-01,4.134429693222045898e-01,4.117675125598907471e-01,1.625107526779174805e-01,-7.513375580310821533e-02,3.150744363665580750e-02,2.451976984739303589e-01,4.582497105002403259e-02,2.285991758108139038e-01,3.583170473575592041e-01,6.021339073777198792e-02,1.006096303462982178e-01,3.970200568437576294e-02,1.178231537342071533e-01,2.014380842447280884e-01,2.712219059467315674e-01,5.444720983505249023e-01,1.000000000000000000e+00,4.317853748798370361e-01,-3.842232003808021545e-02,1.361345797777175903e-01,-2.186856567859649658e-01,1.872935593128204346e-01,-3.192510083317756653e-02,5.039455294609069824e-01,4.381448626518249512e-01,3.272026777267456055e-01,2.472254931926727295e-01,1.370637565851211548e-01,8.272942155599594116e-02,-1.051640883088111877e-01,-5.216305330395698547e-02,-6.858931854367256165e-03,-1.573236659169197083e-02,-8.339143544435501099e-02,-9.368015080690383911e-02,-1.228931024670600891e-01,4.521256089210510254e-01,2.435048669576644897e-01,3.326963782310485840e-01,9.696597605943679810e-02,2.935401201248168945e-01,2.320321351289749146e-01,1.130028665065765381e-01,1.175724044442176819e-01
3.849583864212036133e-01,4.058297723531723022e-03,6.069963574409484863e-01,6.500957012176513672e-01,3.021547794342041016e-01,2.191796898841857910e-01,3.221339881420135498e-01,9.125699847936630249e-02,-6.309267878532409668e-02,6.451803445816040039e-02,2.594304978847503662e-01,3.716600537300109863e-01,1.918333768844604492e-01,7.715900242328643799e-02,7.908421754837036133e-02,2.704631686210632324e-01,2.190085202455520630e-01,2.997200787067413330e-01,2.123942524194717407e-01,1.669296920299530029e-01,4.317853748798370361e-01,1.000000000000000000e+00,1.345765143632888794e-01,-2.618560940027236938e-02,1.205912679433822632e-01,2.830082476139068604e-01,-8.201815653592348099e-04,5.034889578819274902e-01,3.561046123504638672e-01,2.705193758010864258e-01,3.711020648479461670e-01,2.082348614931106567e-02,6.092988699674606323e-02,-3.444757312536239624e-02,1.248920485377311707e-01,-2.603266946971416473e-02,7.638957351446151733e-02,1.636462509632110596e-01,5.083614960312843323e-02,9.927174448966979980e-02,1.391282826662063599e-01,7.981480658054351807e-02,5.631639063358306885e-02,-1.086519216187298298e-03,9.609089791774749756e-02,3.027625381946563721e-02,6.478647142648696899e-02,1.931971609592437744e-01
-1.370857208967208862e-01,1.172489523887634277e-01,-7.689231634140014648e-02,-1.263771057128906250e-01,1.265100389719009399e-01,1.787067353725433350e-01,4.102320969104766846e-02,2.042860090732574463e-01,3.060783445835113525e-01,3.568489849567413330e-01,2.220782488584518433e-01,3.720024600625038147e-02,4.704601466655731201e-01,7.593973726034164429e-02,-3.259783610701560974e-02,3.343121707439422607e-01,5.668580066412687302e-03,7.986658066511154175e-02,5.655960366129875183e-02,1.476769000291824341e-01,-3.842232003808021545e-02,1.345765143632888794e-01,1.000000000000000000e+00,4.405320882797241211e-01,5.020976811647415161e-02,-8.446668088436126709e-02,-9.696277976036071777e-02,-4.715996608138084412e-02,1.153651159256696701e-02,4.679165780544281006e-02,2.428562343120574951e-01,2.275190949440002441e-01,4.614383354783058167e-02,1.046813055872917175e-01,2.742553949356079102e-01,5.168128609657287598e-01,1.223395615816116333e-01,3.439347147941589355e-01,5.933679342269897461e-01,5.752161741256713867e-01,1.381202489137649536e-01,1.977913528680801392e-01,2.306191325187683105e-01,2.712040245532989502e-01,1.966906487941741943e-01,3.448474705219268799e-01,3.940776586532592773e-01,4.966752231121063232e-01
-1.088121682405471802e-01,1.601457148790359497e-01,-6.990309059619903564e-02,-7.385092973709106445e-02,1.133693084120750427e-01,2.023045867681503296e-01,-1.172353792935609818e-02,-8.725813776254653931e-02,-2.370682777836918831e-03,1.610691547393798828e-01,6.879881955683231354e-03,-1.966848373413085938e-01,3.959118127822875977e-01,-3.848922997713088989e-02,-4.533959086984395981e-03,6.459809839725494385e-02,-9.552877396345138550e-02,-7.192815095186233521e-02,1.812594383955001831e-01,3.096019327640533447e-01,1.361345797777175903e-01,-2.618560940027236938e-02,4.405320882797241211e-01,1.000000000000000000e+00,-2.790757082402706146e-02,-5.118152871727943420e-02,-8.273567259311676025e-02,-1.447584573179483414e-02,1.277414262294769287e-01,7.575098425149917603e-02,2.727141380310058594e-01,4.578751027584075928e-01,-4.771735984832048416e-03,7.641156017780303955e-02,1.643252670764923096e-01,5.593678951263427734e-01,5.406639724969863892e-02,1.909250020980834961e-01,3.308392763137817383e-01,3.544620573520660400e-01,2.521820962429046631e-01,3.116152286529541016e-01,1.919091194868087769e-01,6.674472987651824951e-02,4.614272713661193848e-01,4.676088690757751465e-01,6.669088006019592285e-01,5.611874461174011230e-01
2.734425961971282959e-01,-7.304962724447250366e-02,1.303789764642715454e-01,-1.326149608939886093e-02,1.055558323860168457e-01,8.186338096857070923e-02,2.056617736816406250e-01,3.600914180278778076e-01,1.898931711912155151e-01,1.095859929919242859e-01,3.943642973899841309e-01,3.427874147891998291e-01,-7.436915766447782516e-03,2.557475864887237549e-01,5.627843365073204041e-02,8.144104480743408203e-02,2.073346972465515137e-01,1.542922705411911011e-01,8.791557699441909790e-02,-1.197505146265029907e-01,-2.186856567859649658e-01,1.205912679433822632e-01,5.020976811647415161e-02,-2.790757082402706146e-02,1.000000000000000000e+00,1.451424509286880493e-01,5.055342912673950195e-01,1.581616550683975220e-01,-1.398151088505983353e-02,2.167672477662563324e-02,1.366320550441741943e-01,-1.271083950996398926e-01,5.485271811485290527e-01,3.950655758380889893e-01,2.033192664384841919e-01,-2.453861571848392487e-02,3.954865634441375732e-01,3.178612589836120605e-01,1.855254620313644409e-01,2.261759638786315918e-01,-1.465115100145339966e-01,1.298388242721557617e-01,2.518162876367568970e-02,6.261623650789260864e-02,6.660920381546020508e-02,1.082677096128463745e-01,2.743907645344734192e-02,7.655026018619537354e-02
2.943518459796905518e-01,2.724221162497997284e-02,4.790666401386260986e-01,3.464637994766235352e-01,2.383099049329757690e-01,3.512195944786071777e-01,6.206332445144653320e-01,1.542053520679473877e-01,3.930415958166122437e-02,9.531767107546329498e-03,5.770464241504669189e-02,1.438135653734207153e-02,-2.074100263416767120e-02,1.647990196943283081e-01,3.313230723142623901e-02,1.157043054699897766e-01,5.200623869895935059e-01,5.776562690734863281e-01,4.976623654365539551e-01,4.166991412639617920e-01,1.872935593128204346e-01,2.830082476139068604e-01,-8.446668088436126709e-02,-5.118152871727943420e-02,1.451424509286880493e-01,1.000000000000000000e+00,1.960764229297637939e-01,2.723242640495300293e-01,2.460310161113739014e-01,1.673263460397720337e-01,3.777522742748260498e-01,1.796471476554870605e-01,1.786825507879257202e-01,1.059186011552810669e-01,1.127911359071731567e-01,-1.398259699344635010e-01,2.227551341056823730e-01,1.272309124469757080e-01,1.224395409226417542e-01,-2.734853886067867279e-02,1.335295736789703369e-01,3.137199282646179199e-01,2.594061791896820068e-01,-8.176919817924499512e-02,1.388909965753555298e-01,1.550846993923187256e-01,8.233343064785003662e-02,-1.233262196183204651e-01
2.299660295248031616e-01,1.440161745995283127e-02,-5.917355790734291077e-02,-7.060891389846801758e-02,1.041369512677192688e-01,1.149187013506889343e-01,7.411926239728927612e-02,2.258550375699996948e-01,2.288745790719985962e-01,7.333178073167800903e-02,7.455688714981079102e-02,2.039629220962524414e-01,-3.497079387307167053e-02,2.748340666294097900e-01,2.378772497177124023e-01,1.502059549093246460e-01,8.992078155279159546e-02,2.138644903898239136e-01,7.907991111278533936e-02,4.832552000880241394e-02,-3.192510083317756653e-02,-8.201815653592348099e-04,-9.696277976036071777e-02,-8.273567259311676025e-02,5.055342912673950195e-01,1.960764229297637939e-01,1.000000000000000000e+00,1.103163287043571472e-01,1.507373154163360596e-02,-6.125365383923053741e-03,1.623111367225646973e-01,-5.908823013305664062e-02,4.244863390922546387e-01,3.474608659744262695e-01,1.647876650094985962e-01,-9.200135618448257446e-02,3.623377382755279541e-01,1.369629204273223877e-01,2.175412327051162720e-02,1.297492347657680511e-02,-3.600616380572319031e-02,-1.296007819473743439e-02,9.188754111528396606e-02,1.005467474460601807e-01,-8.357577025890350342e-02,-3.739093244075775146e-02,-4.319134354591369629e-02,-1.190871819853782654e-01
5.532915592193603516e-01,2.707715034484863281e-01,6.122088432312011719e-01,6.501567959785461426e-01,5.551896095275878906e-01,3.879759311676025391e-01,2.239344418048858643e-01,1.347116678953170776e-01,8.981832861900329590e-02,3.046211302280426025e-01,3.880544602870941162e-01,4.446969032287597656e-01,2.473668009042739868e-01,-4.004713147878646851e-02,-1.262309998273849487e-01,1.126279085874557495e-01,1.200399249792098999e-01,1.367546021938323975e-01,1.573960930109024048e-01,1.569035053253173828e-01,5.039455294609069824e-01,5.034889578819274902e-01,-4.715996608138084412e-02,-1.447584573179483414e-02,1.581616550683975220e-01,2.723242640495300293e-01,1.103163287043571472e-01,1.000000000000000000e+00,6.419805884361267090e-01,3.571597039699554443e-01,1.331016868352890015e-01,-1.632541716098785400e-01,3.007376194000244141e-01,1.365351676940917969e-01,2.466796189546585083e-01,-2.846775949001312256e-02,6.035002321004867554e-02,4.433812946081161499e-02,2.152110077440738678e-02,-4.840004257857799530e-03,4.640291631221771240e-01,1.919083744287490845e-01,1.680520623922348022e-01,1.564036905765533447e-01,2.733173966407775879e-01,2.090503424406051636e-01,-8.382340520620346069e-02,5.541880428791046143e-02
3.257696330547332764e-01,6.012113094329833984e-01,3.603953123092651367e-01,4.575562775135040283e-01,3.852916061878204346e-01,3.417893946170806885e-01,2.308186590671539307e-01,6.930862367153167725e-02,1.157327368855476379e-01,2.120537012815475464e-01,2.441816329956054688e-01,1.938467472791671753e-01,1.967086493968963623e-01,1.050810329616069794e-02,-8.980421721935272217e-02,1.437769681215286255e-01,1.622856557369232178e-01,8.441949635744094849e-02,2.954390347003936768e-01,2.723377346992492676e-01,4.381448626518249512e-01,3.561046123504638672e-01,1.153651159256696701e-02,1.277414262294769287e-01,-1.398151088505983353e-02,2.460310161113739014e-01,1.507373154163360596e-02,6.419805884361267090e-01,1.000000000000000000e+00,5.085933208465576172e-01,2.471934109926223755e-01,9.220694005489349365e-02,9.826652705669403076e-02,7.508774846792221069e-02,2.509430646896362305e-01,-1.052159257233142853e-02,1.220198348164558411e-01,1.064939647912979126e-01,4.505005851387977600e-02,1.739740604534745216e-03,4.502680599689483643e-01,3.904734253883361816e-01,3.007180988788604736e-01,3.097591698169708252e-01,4.311870336532592773e-01,2.830833196640014648e-01,4.770128801465034485e-02,1.122280117124319077e-02
1.829741746187210083e-01,2.926960587501525879e-01,2.234727889299392700e-01,2.224335819482803345e-01,5.792191624641418457e-02,5.413945391774177551e-02,2.399314790964126587e-01,2.116236686706542969e-01,1.423482447862625122e-01,1.407139748334884644e-01,2.691141664981842041e-01,2.207285612821578979e-01,1.116357222199440002e-01,1.340203583240509033e-01,9.116668999195098877e-02,9.675062447786331177e-02,2.762514352798461914e-01,2.016553133726119995e-01,1.965413987636566162e-01,1.516011059284210205e-01,3.272026777267456055e-01,2.705193758010864258e-01,4.679165780544281006e-02,7.575098425149917603e-02,2.167672477662563324e-02,1.673263460397720337e-01,-6.125365383923053741e-03,3.571597039699554443e-01,5.085933208465576172e-01,1.000000000000000000e+00,4.646808505058288574e-01,-2.181518636643886566e-02,1.754822283983230591e-01,2.010551989078521729e-01,1.366493403911590576e-01,2.224791981279850006e-02,6.685825437307357788e-02,1.610262840986251831e-01,4.593084007501602173e-02,2.338087745010852814e-02,2.750063538551330566e-01,3.570323288440704346e-01,2.541613578796386719e-01,1.432232260704040527e-01,4.317199289798736572e-01,3.208283185958862305e-01,2.400066889822483063e-02,4.182085767388343811e-02
1.834773272275924683e-01,8.704211562871932983e-02,1.480557322502136230e-01,7.782290130853652954e-02,7.005252689123153687e-02,2.026855200529098511e-01,3.661282062530517578e-01,2.531483471393585205e-01,1.873555183410644531e-01,8.065100014209747314e-02,1.561743468046188354e-01,1.077678054571151733e-01,1.401585191488265991e-01,2.732629477977752686e-01,2.478404790163040161e-01,1.770880520343780518e-01,3.663902878761291504e-01,4.476185739040374756e-01,3.559005558490753174e-01,3.339485824108123779e-01,2.472254931926727295e-01,3.711020648479461670e-01,2.428562343120574951e-01,2.727141380310058594e-01,1.366320550441741943e-01,3.777522742748260498e-01,1.623111367225646973e-01,1.331016868352890015e-01,2.471934109926223755e-01,4.646808505058288574e-01,1.000000000000000000e+00,4.208347201347351074e-01,1.447197198867797852e-01,1.834076195955276489e-01,2.494438886642456055e-01,2.110332995653152466e-01,2.687075436115264893e-01,3.994383513927459717e-01,2.486348450183868408e-01,2.481397539377212524e-01,6.089946255087852478e-02,2.892851829528808594e-01,2.793136239051818848e-01,1.064250692725181580e-01,2.567065060138702393e-01,2.234709411859512329e-01,3.574034273624420166e-01,1.124372184276580811e-01
-6.787463277578353882e-02,1.105680391192436218e-01,-9.469100087881088257e-02,-4.138763993978500366e-02,6.602535396814346313e-02,3.442033231258392334e-01,2.365736216306686401e-01,-1.052792891860008240e-01,-4.851367324590682983e-02,-9.403975307941436768e-02,-2.510108649730682373e-01,-3.671233355998992920e-01,1.562692075967788696e-01,9.826236963272094727e-02,-5.189611110836267471e-03,3.068972378969192505e-02,2.077569067478179932e-01,2.256560027599334717e-01,4.216831624507904053e-01,4.363895356655120850e-01,1.370637565851211548e-01,2.082348614931106567e-02,2.275190949440002441e-01,4.578751027584075928e-01,-1.271083950996398926e-01,1.796471476554870605e-01,-5.908823013305664062e-02,-1.632541716098785400e-01,9.220694005489349365e-02,-2.181518636643886566e-02,4.208347201347351074e-01,1.000000000000000000e+00,-1.433179974555969238e-01,-3.147925809025764465e-02,7.325527071952819824e-02,4.103972911834716797e-01,1.757385432720184326e-01,1.794927418231964111e-01,2.383227050304412842e-01,2.688882052898406982e-01,8.496586233377456665e-02,2.119155079126358032e-01,2.594302594661712646e-01,1.099833473563194275e-01,8.585246652364730835e-02,7.257296890020370483e-02,5.751218199729919434e-01,2.703661322593688965e-01
3.919734358787536621e-01,5.328611657023429871e-02,1.510750055313110352e-01,3.990810737013816833e-02,3.949168324470520020e-01,2.719145715236663818e-01,2.098767906427383423e-01,4.906434118747711182e-01,3.388735055923461914e-01,3.045850992202758789e-01,4.345935881137847900e-01,4.850932955741882324e-01,2.073097527027130127e-01,3.151227831840515137e-01,1.443778872489929199e-01,2.127326428890228271e-01,2.038295567035675049e-01,2.555525302886962891e-01,1.166934743523597717e-01,6.694676727056503296e-02,8.272942155599594116e-02,6.092988699674606323e-02,4.614383354783058167e-02,-4.771735984832048416e-03,5.485271811485290527e-01,1.786825507879257202e-01,4.244863390922546387e-01,3.007376194000244141e-01,9.826652705669403076e-02,1.754822283983230591e-01,1.447197198867797852e-01,-1.433179974555969238e-01,1.000000000000000000e+00,4.781461358070373535e-01,2.706872820854187012e-01,-2.162964828312397003e-02,3.698577880859375000e-01,3.339475095272064209e-01,3.213019967079162598e-01,2.006166875362396240e-01,2.509344816207885742e-01,2.537266314029693604e-01,1.591609418392181396e-01,1.584414243698120117e-01,2.080520391464233398e-01,2.761091589927673340e-01,-1.935570151545107365e-03,-2.084997482597827911e-02
