1.000000000000000000e+00,4.124751091003417969e-01,1.119890529662370682e-02,1.491890400648117065e-01,3.836608529090881348e-01,4.003629982471466064e-01,-2.300461055710911751e-03,4.888656735420227051e-01,7.400253415107727051e-02,1.554822176694869995e-01,3.917485177516937256e-01,2.117372453212738037e-01,-1.620847582817077637e-01,4.204195737838745117e-01,1.239496171474456787e-01,4.976401850581169128e-02,8.219525963068008423e-02,-4.971474409103393555e-03,-1.109926775097846985e-02,-6.319873034954071045e-02,9.092899970710277557e-03,1.272055059671401978e-01,-5.055766925215721130e-02,-2.503937482833862305e-01,4.972491264343261719e-01,-2.101837545633316040e-01,5.178395509719848633e-01,4.707853496074676514e-01,2.175250053405761719e-01,-3.330726027488708496e-01,-3.123876452445983887e-01,1.893488690257072449e-02,5.121933817863464355e-01,7.736122608184814453e-02,1.614302247762680054e-01,-1.905746310949325562e-01,4.268900454044342041e-01,4.259387031197547913e-02,5.494926497340202332e-02,-1.825947761535644531e-01,4.022441506385803223e-01,3.513928651809692383e-01,-1.876232326030731201e-01,1.438517868518829346e-01,1.644325703382492065e-01,3.992017882410436869e-04,2.972558140754699707e-02,1.582182794809341431e-01
4.124751091003417969e-01,1.000000000000000000e+00,1.536763012409210205e-01,4.385096728801727295e-01,3.277508020401000977e-01,5.859907269477844238e-01,2.342570573091506958e-01,4.494024515151977539e-01,2.867709696292877197e-01,2.978546023368835449e-01,4.896028041839599609e-01,4.224929511547088623e-01,-1.662731170654296875e-01,2.862991988658905029e-01,4.311641156673431396e-01,1.088296473026275635e-01,1.354403942823410034e-01,1.486852765083312988e-01,-1.823523938655853271e-01,-7.789675146341323853e-02,9.229081124067306519e-02,2.187234610319137573e-01,-2.190670520067214966e-01,-2.123476415872573853e-01,2.218952625989913940e-01,-7.567193359136581421e-02,3.141402304172515869e-01,2.943734228610992432e-01,4.416778087615966797e-01,-1.017635390162467957e-01,-3.501681238412857056e-02,9.281852282583713531e-03,2.510081827640533447e-01,4.092709124088287354e-01,3.876869380474090576e-01,-1.929444223642349243e-01,3.506264686584472656e-01,3.158762156963348389e-01,1.295912414789199829e-01,-2.330588847398757935e-01,6.978296637535095215e-01,6.430004239082336426e-01,-8.934786915779113770e-02,4.718037843704223633e-01,5.239537358283996582e-01,2.020542025566101074e-01,7.632146030664443970e-02,1.577524654567241669e-02
1.119890529662370682e-02,1.536763012409210205e-01,1.000000000000000000e+00,6.200664043426513672e-01,-2.975188195705413818e-01,-9.797099232673645020e-02,1.311122328042984009e-01,-1.301919519901275635e-01,7.877701893448829651e-03,-1.207770556211471558e-01,-5.107050389051437378e-02,-5.598376691341400146e-02,1.108921989798545837e-01,-4.708193615078926086e-02,2.409532107412815094e-02,9.593902528285980225e-02,-5.864953249692916870e-02,1.486454159021377563e-01,-9.461789578199386597e-02,-6.614753603935241699e-02,-5.837045609951019287e-02,2.355902455747127533e-02,9.659877419471740723e-02,1.397219300270080566e-01,1.457714103162288666e-02,3.096910715103149414e-01,-1.009984239935874939e-01,2.597361505031585693e-01,2.637576758861541748e-01,1.709818840026855469e-02,7.518436014652252197e-02,1.980074942111968994e-01,-6.332067307084798813e-03,-5.052952468395233154e-02,2.571945488452911377e-01,1.160933747887611389e-01,-4.837704449892044067e-02,1.525094211101531982e-01,9.333758056163787842e-02,9.072055667638778687e-02,-2.265293337404727936e-02,1.818496547639369965e-02,-8.455271273851394653e-02,3.687755763530731201e-02,1.013519824482500553e-03,-2.533038205001503229e-04,7.676190137863159180e-02,4.130896180868148804e-02
1.491890400648117065e-01,4.385096728801727295e-01,6.200664043426513672e-01,1.000000000000000000e+00,-1.498660305514931679e-03,2.694882452487945557e-01,2.356211543083190918e-01,1.444019526243209839e-01,7.360293716192245483e-02,-2.576185762882232666e-02,1.395630240440368652e-01,1.027781292796134949e-01,-8.359569311141967773e-02,6.526749581098556519e-02,1.145322546362876892e-01,3.508221358060836792e-02,-1.701665297150611877e-02,1.711027622222900391e-01,-3.217968940734863281e-01,-1.497366279363632202e-01,3.743378072977066040e-02,1.687829196453094482e-01,-1.424512267112731934e-01,-4.564287513494491577e-02,1.897172480821609497e-01,-7.071848958730697632e-02,8.845504373311996460e-02,1.893433630466461182e-01,2.249750047922134399e-01,-1.669178009033203125e-01,1.843773759901523590e-02,1.243887320160865784e-01,1.083782091736793518e-01,1.020637080073356628e-01,1.979885399341583252e-01,-7.999278604984283447e-02,1.341838389635086060e-01,1.178635358810424805e-01,5.051165353506803513e-03,-1.387090533971786499e-01,4.020051658153533936e-01,2.402417361736297607e-01,-2.472291439771652222e-01,1.082998663187026978e-01,1.893617808818817139e-01,-2.167839370667934418e-02,7.602080702781677246e-02,-1.976880012080073357e-04
3.836608529090881348e-01,3.277508020401000977e-01,-2.975188195705413818e-01,-1.498660305514931679e-03,1.000000000000000000e+00,5.170497894287109375e-01,-2.082713134586811066e-02,3.645516335964202881e-01,1.505000144243240356e-01,3.263234794139862061e-01,2.874648272991180420e-01,3.530454337596893311e-01,-5.439578741788864136e-02,2.393836230039596558e-01,3.433995246887207031e-01,1.586887091398239136e-01,8.903349936008453369e-02,-1.872377702966332436e-03,-4.812203720211982727e-02,3.822977840900421143e-02,2.090937644243240356e-01,2.274617105722427368e-01,2.015798352658748627e-02,-2.980497293174266815e-02,1.846564114093780518e-01,-4.078062474727630615e-01,3.101859986782073975e-01,-4.304321482777595520e-02,-1.465026438236236572e-01,-2.410836368799209595e-01,-6.858571618795394897e-02,3.304902464151382446e-02,2.428137511014938354e-01,1.390831619501113892e-01,1.199580952525138855e-01,-3.366354480385780334e-02,2.149081528186798096e-01,1.240821480751037598e-01,1.326799243688583374e-01,-1.756969280540943146e-02,4.621032774448394775e-01,3.274629414081573486e-01,-2.277203463017940521e-02,1.822123527526855469e-01,2.216967940330505371e-01,1.162264570593833923e-01,1.321880221366882324e-01,1.979764252901077271e-01
4.003629982471466064e-01,5.859907269477844238e-01,-9.797099232673645020e-02,2.694882452487945557e-01,5.170497894287109375e-01,1.000000000000000000e+00,3.304592967033386230e-01,4.467409849166870117e-01,2.490250468254089355e-01,2.862190902233123779e-01,3.679179549217224121e-01,4.046596884727478027e-01,-9.062467515468597412e-02,2.835050225257873535e-01,3.655367493629455566e-01,3.287008032202720642e-02,3.352261483669281006e-01,1.368027180433273315e-01,3.305367380380630493e-02,1.405081152915954590e-01,2.481847107410430908e-01,2.831306755542755127e-01,-6.839501857757568359e-02,-1.592771708965301514e-01,3.160027265548706055e-01,-1.315088123083114624e-01,4.192467927932739258e-01,1.031136959791183472e-01,1.355257928371429443e-01,-1.617993265390396118e-01,-5.057001486420631409e-02,1.067301491275429726e-03,3.117267787456512451e-01,2.325958907604217529e-01,1.959750950336456299e-01,-1.823958158493041992e-01,2.749302089214324951e-01,1.385466158390045166e-01,4.337337240576744080e-02,-1.818200349807739258e-01,6.855239868164062500e-01,5.795938968658447266e-01,1.653245836496353149e-02,3.684301674365997314e-01,3.995943367481231689e-01,2.015234380960464478e-01,1.004409790039062500e-01,3.159715980291366577e-02
-2.300461055710911751e-03,2.342570573091506958e-01,1.311122328042984009e-01,2.356211543083190918e-01,-2.082713134586811066e-02,3.304592967033386230e-01,1.000000000000000000e+00,3.116921186447143555e-01,1.258108913898468018e-01,-1.680437177419662476e-01,2.783365249633789062e-01,2.256913855671882629e-02,1.190375834703445435e-01,1.544710993766784668e-01,-7.292114198207855225e-02,2.052904851734638214e-02,6.902212500572204590e-01,3.594353497028350830e-01,1.877055913209915161e-01,2.934039831161499023e-01,1.805806905031204224e-01,2.971841096878051758e-01,2.168562114238739014e-01,1.035388484597206116e-01,2.184770852327346802e-01,2.929569482803344727e-01,7.771352678537368774e-02,6.803204119205474854e-02,2.641518414020538330e-01,3.914717137813568115e-01,2.232978343963623047e-01,4.364381730556488037e-02,1.225033923983573914e-01,1.183566674590110779e-01,6.226303800940513611e-02,-8.597266860306262970e-03,8.506070822477340698e-02,-1.528139412403106689e-01,-6.866871565580368042e-02,-1.457166112959384918e-02,2.800245583057403564e-01,1.836756169795989990e-01,1.516465097665786743e-01,7.785718888044357300e-02,2.077702581882476807e-01,9.885688126087188721e-02,8.858193457126617432e-02,1.868933290243148804e-01
4.888656735420227051e-01,4.494024515151977539e-01,-1.301919519901275635e-01,1.444019526243209839e-01,3.645516335964202881e-01,4.467409849166870117e-01,3.116921186447143555e-01,1.000000000000000000e+00,8.928465098142623901e-02,1.059725042432546616e-02,4.561475217342376709e-01,7.830427587032318115e-02,-2.615994513034820557e-01,4.252203106880187988e-01,2.777229622006416321e-02,-1.110585257411003113e-01,3.428788483142852783e-01,1.400414705276489258e-01,-6.764517631381750107e-03,4.639083519577980042e-02,1.045922040939331055e-01,3.022489845752716064e-01,-7.804462313652038574e-02,-1.835845559835433960e-01,3.693586885929107666e-01,-1.022197082638740540e-01,4.039731919765472412e-01,2.080455124378204346e-01,2.024261355400085449e-01,-7.571214437484741211e-02,-6.135335937142372131e-02,8.282905817031860352e-02,3.730455338954925537e-01,2.155494689941406250e-01,-7.711195200681686401e-02,-2.498597055673599243e-01,5.006686449050903320e-01,-4.489351063966751099e-02,-1.751472651958465576e-01,-2.308536767959594727e-01,4.853397905826568604e-01,2.457938790321350098e-01,-1.409819573163986206e-01,1.023448109626770020e-01,1.636894792318344116e-01,1.825347915291786194e-02,1.121877878904342651e-01,1.851932108402252197e-01
7.400253415107727051e-02,2.867709696292877197e-01,7.877701893448829651e-03,7.360293716192245483e-02,1.505000144243240356e-01,2.490250468254089355e-01,1.258108913898468018e-01,8.928465098142623901e-02,1.000000000000000000e+00,3.024975955486297607e-01,4.058458209037780762e-01,3.223344385623931885e-01,-1.144694685935974121e-01,1.945863515138626099e-01,4.281841516494750977e-01,4.073281586170196533e-02,1.245714575052261353e-01,9.434410370886325836e-03,-1.586061529815196991e-02,-7.872159034013748169e-02,4.937380924820899963e-02,2.269745804369449615e-02,-1.507578492164611816e-01,-1.556564420461654663e-01,-9.109940729103982449e-04,-6.070804223418235779e-02,2.245099097490310669e-02,1.000443324446678162e-01,1.600292921066284180e-01,1.178952455520629883e-01,8.437750488519668579e-02,-9.505923837423324585e-02,-7.161621749401092529e-02,2.497437894344329834e-01,1.644922941923141479e-01,-1.378892511129379272e-01,2.469156533479690552e-01,1.694376766681671143e-01,-6.990609318017959595e-02,-9.477883577346801758e-02,2.402318716049194336e-01,4.370487034320831299e-01,2.539267577230930328e-02,5.974282026290893555e-01,2.573116719722747803e-01,1.931049823760986328e-01,-8.025386929512023926e-02,-1.361562032252550125e-02
1.554822176694869995e-01,2.978546023368835449e-01,-1.207770556211471558e-01,-2.576185762882232666e-02,3.263234794139862061e-01,2.862190902233123779e-01,-1.680437177419662476e-01,1.059725042432546616e-02,3.024975955486297607e-01,1.000000000000000000e+00,1.311789453029632568e-01,7.049537897109985352e-01,1.882990896701812744e-01,5.387503653764724731e-02,6.412516236305236816e-01,3.375500738620758057e-01,-7.178041338920593262e-02,1.165085211396217346e-01,4.415457602590322495e-03,2.113465517759323120e-01,4.791806936264038086e-01,2.700556814670562744e-01,-4.349994286894798279e-02,-5.691396072506904602e-03,-2.474809810519218445e-02,-1.256474256515502930e-01,2.060773372650146484e-01,-1.630303859710693359e-01,-1.205453276634216309e-02,-4.271272942423820496e-02,2.079100310802459717e-01,1.331962198019027710e-01,-2.285991981625556946e-02,1.170184016227722168e-01,3.247840404510498047e-01,1.317958906292915344e-02,8.424913138151168823e-02,2.826464176177978516e-01,3.763341009616851807e-01,2.792777307331562042e-02,2.341923117637634277e-01,5.900187492370605469e-01,2.706019878387451172e-01,3.596264719963073730e-01,4.826337099075317383e-01,6.281387805938720703e-01,2.025838792324066162e-01,-3.826459497213363647e-02
3.917485177516937256e-01,4.896028041839599609e-01,-5.107050389051437378e-02,1.395630240440368652e-01,2.874648272991180420e-01,3.679179549217224121e-01,2.783365249633789062e-01,4.561475217342376709e-01,4.058458209037780762e-01,1.311789453029632568e-01,1.000000000000000000e+00,3.982931077480316162e-01,-1.634171605110168457e-01,6.101775765419006348e-01,2.857706546783447266e-01,1.083839908242225647e-01,1.480043530464172363e-01,-9.895086986944079399e-04,-2.203375846147537231e-01,-2.085552364587783813e-01,-3.765299916267395020e-02,1.121594905853271484e-01,-5.036422610282897949e-02,-2.021246701478958130e-01,2.264809012413024902e-01,-1.569747552275657654e-02,4.085462093353271484e-01,2.847631871700286865e-01,3.801950216293334961e-01,2.816678769886493683e-02,-8.076564222574234009e-02,-9.140470623970031738e-02,3.604016602039337158e-01,3.722974658012390137e-01,1.822712719440460205e-01,-1.279817968606948853e-01,5.142664909362792969e-01,7.023122906684875488e-02,1.680978387594223022e-02,-1.358408629894256592e-01,4.411931633949279785e-01,4.006432294845581055e-01,-2.249621152877807617e-01,3.384880125522613525e-01,2.571102976799011230e-01,-3.478718176484107971e-02,-7.196784764528274536e-02,2.531201839447021484e-01
2.117372453212738037e-01,4.224929511547088623e-01,-5.598376691341400146e-02,1.027781292796134949e-01,3.530454337596893311e-01,4.046596884727478027e-01,2.256913855671882629e-02,7.830427587032318115e-02,3.223344385623931885e-01,7.049537897109985352e-01,3.982931077480316162e-01,1.000000000000000000e+00,2.419585287570953369e-01,3.230278789997100830e-01,6.870698928833007812e-01,3.926504552364349365e-01,3.690497949719429016e-02,1.392453163862228394e-01,-5.858170241117477417e-02,1.441311091184616089e-01,4.123859107494354248e-01,2.841684818267822266e-01,2.980135381221771240e-02,-5.845575407147407532e-02,3.150577098131179810e-02,-5.074946582317352295e-02,3.734850287437438965e-01,-4.686211794614791870e-02,1.306027472019195557e-01,-7.082809228450059891e-03,1.480398029088973999e-01,3.621259331703186035e-02,1.123287975788116455e-01,3.087430000305175781e-01,3.793473243713378906e-01,2.420562133193016052e-02,2.248331904411315918e-01,2.505022287368774414e-01,3.749494850635528564e-01,1.207472849637269974e-02,3.573570847511291504e-01,6.484212875366210938e-01,1.890825033187866211e-01,4.097917675971984863e-01,5.635175704956054688e-01,4.772545397281646729e-01,9.723831713199615479e-02,9.208568930625915527e-02
-1.620847582817077637e-01,-1.662731170654296875e-01,1.108921989798545837e-01,-8.359569311141967773e-02,-5.439578741788864136e-02,-9.062467515468597412e-02,1.190375834703445435e-01,-2.615994513034820557e-01,-1.144694685935974121e-01,1.882990896701812744e-01,-1.634171605110168457e-01,2.419585287570953369e-01,1.000000000000000000e+00,2.864817343652248383e-02,7.979309558868408203e-02,3.212642967700958252e-01,7.236938178539276123e-02,1.557993143796920776e-01,1.970622241497039795e-01,4.267072677612304688e-01,3.912191987037658691e-01,1.344243139028549194e-01,6.368369460105895996e-01,5.747668743133544922e-01,-1.396300494670867920e-01,2.898275256156921387e-01,8.355918340384960175e-03,-1.514387875795364380e-01,-1.243820413947105408e-02,3.753296136856079102e-01,4.263342916965484619e-01,2.894292175769805908e-01,-1.231952384114265442e-01,-9.141908586025238037e-02,7.985027134418487549e-02,5.985652804374694824e-01,-2.114756107330322266e-01,-7.314171642065048218e-02,2.644632160663604736e-01,6.322526335716247559e-01,-1.747407466173171997e-01,4.069108515977859497e-03,4.746967256069183350e-01,-6.129359081387519836e-02,4.899866506457328796e-02,2.967697978019714355e-01,2.722107470035552979e-01,1.638303697109222412e-01
4.204195737838745117e-01,2.862991988658905029e-01,-4.708193615078926086e-02,6.526749581098556519e-02,2.393836230039596558e-01,2.835050225257873535e-01,1.544710993766784668e-01,4.252203106880187988e-01,1.945863515138626099e-01,5.387503653764724731e-02,6.101775765419006348e-01,3.230278789997100830e-01,2.864817343652248383e-02,1.000000000000000000e+00,2.271254211664199829e-01,1.417111605405807495e-01,1.249944344162940979e-01,-6.336153298616409302e-02,-1.284716129302978516e-01,-1.466574519872665405e-01,-5.026432499289512634e-02,5.976835638284683228e-02,1.154548674821853638e-01,-1.180217415094375610e-01,9.800430387258529663e-02,3.695856081321835518e-03,4.888840615749359131e-01,3.407774269580841064e-01,3.241146802902221680e-01,-3.410315886139869690e-02,-1.347492635250091553e-01,-6.746868044137954712e-02,2.836835980415344238e-01,2.902744412422180176e-01,1.378261148929595947e-01,-5.061524920165538788e-03,6.330698728561401367e-01,3.617057204246520996e-02,4.188078269362449646e-02,-2.909304946660995483e-02,2.985300421714782715e-01,2.444884926080703735e-01,-1.673587113618850708e-01,2.628596723079681396e-01,1.490371972322463989e-01,-8.727331459522247314e-02,-8.581642992794513702e-03,3.217269480228424072e-01
1.239496171474456787e-01,4.311641156673431396e-01,2.409532107412815094e-02,1.145322546362876892e-01,3.433995246887207031e-01,3.655367493629455566e-01,-7.292114198207855225e-02,2.777229622006416321e-02,4.281841516494750977e-01,6.412516236305236816e-01,2.857706546783447266e-01,6.870698928833007812e-01,7.979309558868408203e-02,2.271254211664199829e-01,1.000000000000000000e+00,3.181481361389160156e-01,2.372898533940315247e-02,9.369120746850967407e-02,4.091111943125724792e-02,9.627740085124969482e-02,2.793986797332763672e-01,2.273868471384048462e-01,-4.799800366163253784e-02,-1.040510386228561401e-01,-1.497894972562789917e-01,-1.048507168889045715e-01,2.112468481063842773e-01,-3.398985788226127625e-02,7.863116264343261719e-02,-7.739809900522232056e-02,9.852476418018341064e-02,5.812163650989532471e-02,2.167812921106815338e-02,3.129376471042633057e-01,4.691315591335296631e-01,-5.537196621298789978e-02,2.360512167215347290e-01,5.728257894515991211e-01,3.059054315090179443e-01,-4.693754017353057861e-02,3.180993199348449707e-01,6.183760166168212891e-01,1.910098344087600708e-01,5.562686920166015625e-01,4.567729532718658447e-01,4.492447972297668457e-01,5.028646439313888550e-02,6.110132858157157898e-02
4.976401850581169128e-02,1.088296473026275635e-01,9.593902528285980225e-02,3.508221358060836792e-02,1.586887091398239136e-01,3.287008032202720642e-02,2.052904851734638214e-02,-1.110585257411003113e-01,4.073281586170196533e-02,3.375500738620758057e-01,1.083839908242225647e-01,3.926504552364349365e-01,3.212642967700958252e-01,1.417111605405807495e-01,3.181481361389160156e-01,1.000000000000000000e+00,-2.462777309119701385e-02,-1.879131235182285309e-02,-7.807695120573043823e-02,-7.741427421569824219e-02,3.286238387227058411e-02,4.092851188033819199e-03,1.788780987262725830e-01,1.347359418869018555e-01,-1.012761145830154419e-01,6.292299181222915649e-02,1.173590645194053650e-01,-1.676710247993469238e-01,-1.018184125423431396e-01,-5.103692412376403809e-02,-4.425036534667015076e-02,-4.244663193821907043e-02,-7.004144042730331421e-02,2.180903218686580658e-02,4.330787658691406250e-01,2.560978531837463379e-01,-2.183201536536216736e-02,2.230601608753204346e-01,7.321571111679077148e-01,2.582494020462036133e-01,-3.031628765165805817e-02,2.643429934978485107e-01,1.638103276491165161e-03,7.538563758134841919e-02,2.793288528919219971e-01,2.440411597490310669e-01,8.571628481149673462e-02,8.819928765296936035e-02
8.219525963068008423e-02,1.354403942823410034e-01,-5.864953249692916870e-02,-1.701665297150611877e-02,8.903349936008453369e-02,3.352261483669281006e-01,6.902212500572204590e-01,3.428788483142852783e-01,1.245714575052261353e-01,-7.178041338920593262e-02,1.480043530464172363e-01,3.690497949719429016e-02,7.236938178539276123e-02,1.249944344162940979e-01,2.372898533940315247e-02,-2.462777309119701385e-02,1.000000000000000000e+00,4.780847132205963135e-01,5.374867916107177734e-01,5.146732926368713379e-01,2.867597043514251709e-01,4.204097390174865723e-01,2.069986015558242798e-01,-1.169671211391687393e-02,1.673468202352523804e-01,1.711482703685760498e-01,1.284283250570297241e-01,7.900544255971908569e-02,1.050892695784568787e-01,2.969222068786621094e-01,1.793572902679443359e-01,7.776511460542678833e-02,1.429802477359771729e-01,9.274634718894958496e-02,5.725793913006782532e-02,-1.245690360665321350e-01,1.397822648286819458e-01,-1.245416253805160522e-01,-8.481736481189727783e-02,-1.154293119907379150e-01,1.702909767627716064e-01,2.237498909235000610e-01,3.409165740013122559e-01,1.457771211862564087e-01,2.929597795009613037e-01,2.532909214496612549e-01,1.480438001453876495e-02,2.037601917982101440e-01
-4.971474409103393555e-03,1.486852765083312988e-01,1.486454159021377563e-01,1.711027622222900391e-01,-1.872377702966332436e-03,1.368027180433273315e-01,3.594353497028350830e-01,1.400414705276489258e-01,9.434410370886325836e-03,1.165085211396217346e-01,-9.895086986944079399e-04,1.392453163862228394e-01,1.557993143796920776e-01,-6.336153298616409302e-02,9.369120746850967407e-02,-1.879131235182285309e-02,4.780847132205963135e-01,1.000000000000000000e+00,2.241512686014175415e-01,5.316177606582641602e-01,5.566248893737792969e-01,7.029743790626525879e-01,4.299082327634096146e-03,-5.474572535604238510e-03,1.262559741735458374e-01,1.925855726003646851e-01,-3.436199156567454338e-03,3.429832309484481812e-02,1.866614222526550293e-01,1.673734933137893677e-01,4.780087471008300781e-01,3.827319741249084473e-01,1.226365715265274048e-01,8.835166692733764648e-02,9.227463603019714355e-02,-1.511148810386657715e-01,7.443211972713470459e-02,-4.534776508808135986e-02,-4.130968078970909119e-02,-1.449250280857086182e-01,1.482768952846527100e-01,2.205656319856643677e-01,3.876091241836547852e-01,6.900981813669204712e-02,3.178476989269256592e-01,3.456496298313140869e-01,5.226792395114898682e-02,7.945320755243301392e-02
-1.109926775097846985e-02,-1.823523938655853271e-01,-9.461789578199386597e-02,-3.217968940734863281e-01,-4.812203720211982727e-02,3.305367380380630493e-02,1.877055913209915161e-01,-6.764517631381750107e-03,-1.586061529815196991e-02,4.415457602590322495e-03,-2.203375846147537231e-01,-5.858170241117477417e-02,1.970622241497039795e-01,-1.284716129302978516e-01,4.091111943125724792e-02,-7.807695120573043823e-02,5.374867916107177734e-01,2.241512686014175415e-01,1.000000000000000000e+00,6.407786011695861816e-01,2.566726207733154297e-01,1.334049552679061890e-01,3.583071827888488770e-01,1.038682162761688232e-01,-4.669909924268722534e-02,1.260405033826828003e-01,7.837267592549324036e-03,-1.817023381590843201e-02,-1.272122263908386230e-01,3.001596331596374512e-01,9.425164759159088135e-02,3.680616244673728943e-02,3.452575951814651489e-02,-1.815866678953170776e-02,1.872335188090801239e-02,3.171423822641372681e-02,-8.288133889436721802e-02,-2.484106831252574921e-02,-4.389555752277374268e-02,8.013558387756347656e-02,-2.027274519205093384e-01,5.045470222830772400e-02,5.841539502143859863e-01,6.344072520732879639e-02,7.829516381025314331e-02,3.433571457862854004e-01,-8.541197329759597778e-02,5.725799500942230225e-02
-6.319873034954071045e-02,-7.789675146341323853e-02,-6.614753603935241699e-02,-1.497366279363632202e-01,3.822977840900421143e-02,1.405081152915954590e-01,2.934039831161499023e-01,4.639083519577980042e-02,-7.872159034013748169e-02,2.113465517759323120e-01,-2.085552364587783813e-01,1.441311091184616089e-01,4.267072677612304688e-01,-1.466574519872665405e-01,9.627740085124969482e-02,-7.741427421569824219e-02,5.146732926368713379e-01,5.316177606582641602e-01,6.407786011695861816e-01,1.000000000000000000e+00,6.770247817039489746e-01,4.574378132820129395e-01,3.643812239170074463e-01,2.321009784936904907e-01,4.543486610054969788e-02,1.658941507339477539e-01,3.563523665070533752e-02,-1.258511692285537720e-01,-6.115250289440155029e-02,3.273613154888153076e-01,4.142549335956573486e-01,2.628631591796875000e-01,5.621748417615890503e-02,-2.038154751062393188e-02,-1.942398725077509880e-03,9.213563799858093262e-02,-9.755289554595947266e-02,-9.942135959863662720e-02,-1.233700569719076157e-02,1.270021200180053711e-01,-2.596314810216426849e-02,1.274314820766448975e-01,6.973451972007751465e-01,-1.065643969923257828e-02,2.067982405424118042e-01,5.099653005599975586e-01,1.259273439645767212e-01,5.057382583618164062e-02
9.092899970710277557e-03,9.229081124067306519e-02,-5.837045609951019287e-02,3.743378072977066040e-02,2.090937644243240356e-01,2.481847107410430908e-01,1.805806905031204224e-01,1.045922040939331055e-01,4.937380924820899963e-02,4.791806936264038086e-01,-3.765299916267395020e-02,4.123859107494354248e-01,3.912191987037658691e-01,-5.026432499289512634e-02,2.793986797332763672e-01,3.286238387227058411e-02,2.867597043514251709e-01,5.566248893737792969e-01,2.566726207733154297e-01,6.770247817039489746e-01,1.000000000000000000e+00,6.435194015502929688e-01,2.427581995725631714e-01,2.174762785434722900e-01,1.130579262971878052e-01,2.351586334407329559e-02,1.351388990879058838e-01,-2.292913496494293213e-01,-5.290851369500160217e-02,2.233927100896835327e-01,5.302151441574096680e-01,3.855987191200256348e-01,4.380982741713523865e-02,6.142034381628036499e-02,3.938673436641693115e-02,9.066139906644821167e-02,3.020425559952855110e-03,-7.955544441938400269e-02,5.990788340568542480e-02,1.030428186058998108e-01,1.722023189067840576e-01,3.124955892562866211e-01,5.176711082458496094e-01,6.528058648109436035e-02,3.685257732868194580e-01,5.451307892799377441e-01,2.882024943828582764e-01,1.677057892084121704e-01
1.272055059671401978e-01,2.187234610319137573e-01,2.355902455747127533e-02,1.687829196453094482e-01,2.274617105722427368e-01,2.831306755542755127e-01,2.971841096878051758e-01,3.022489845752716064e-01,2.269745804369449615e-02,2.700556814670562744e-01,1.121594905853271484e-01,2.841684818267822266e-01,1.344243139028549194e-01,5.976835638284683228e-02,2.273868471384048462e-01,4.092851188033819199e-03,4.204097390174865723e-01,7.029743790626525879e-01,1.334049552679061890e-01,4.574378132820129395e-01,6.435194015502929688e-01,1.000000000000000000e+00,1.065792962908744812e-01,4.685264825820922852e-02,1.875610053539276123e-01,7.548300921916961670e-02,1.911601573228836060e-01,-5.083608627319335938e-02,9.606623649597167969e-02,8.357120305299758911e-02,4.761216044425964355e-01,5.247535705566406250e-01,1.830119490623474121e-01,1.452223509550094604e-01,3.779619932174682617e-02,-1.240382716059684753e-01,1.866608858108520508e-01,1.153439655900001526e-02,-5.075502395629882812e-02,-1.114295199513435364e-01,2.899756133556365967e-01,3.015030324459075928e-01,2.552574276924133301e-01,9.925466775894165039e-02,3.228556215763092041e-01,3.297521173954010010e-01,2.436054944992065430e-01,4.038587808609008789e-01
-5.055766925215721130e-02,-2.190670520067214966e-01,9.659877419471740723e-02,-1.424512267112731934e-01,2.015798352658748627e-02,-6.839501857757568359e-02,2.168562114238739014e-01,-7.804462313652038574e-02,-1.507578492164611816e-01,-4.349994286894798279e-02,-5.036422610282897949e-02,2.980135381221771240e-02,6.368369460105895996e-01,1.154548674821853638e-01,-4.799800366163253784e-02,1.788780987262725830e-01,2.069986015558242798e-01,4.299082327634096146e-03,3.583071827888488770e-01,3.643812239170074463e-01,2.427581995725631714e-01,1.065792962908744812e-01,1.000000000000000000e+00,6.657605171203613281e-01,-5.392933636903762817e-02,2.527372539043426514e-01,1.111050620675086975e-01,-5.037867650389671326e-02,-5.885323882102966309e-02,3.905197978019714355e-01,2.478755563497543335e-01,2.211672812700271606e-01,4.622941091656684875e-02,-9.303533285856246948e-02,-6.651457399129867554e-03,6.444349288940429688e-01,-9.350311011075973511e-02,-1.179899498820304871e-01,1.447060257196426392e-01,6.390563249588012695e-01,-1.856061220169067383e-01,-1.154246777296066284e-01,3.569362461566925049e-01,-1.590767204761505127e-01,-1.176213026046752930e-01,9.648788720369338989e-02,2.739681303501129150e-01,4.711632132530212402e-01
-2.503937482833862305e-01,-2.123476415872573853e-01,1.397219300270080566e-01,-4.564287513494491577e-02,-2.980497293174266815e-02,-1.592771708965301514e-01,1.035388484597206116e-01,-1.835845559835433960e-01,-1.556564420461654663e-01,-5.691396072506904602e-03,-2.021246701478958130e-01,-5.845575407147407532e-02,5.747668743133544922e-01,-1.180217415094375610e-01,-1.040510386228561401e-01,1.347359418869018555e-01,-1.169671211391687393e-02,-5.474572535604238510e-03,1.038682162761688232e-01,2.321009784936904907e-01,2.174762785434722900e-01,4.685264825820922852e-02,6.657605171203613281e-01,1.000000000000000000e+00,-1.040631234645843506e-01,2.380887866020202637e-01,-1.637135595083236694e-01,-1.674953252077102661e-01,-8.428653329610824585e-02,4.280728697776794434e-01,4.369002282619476318e-01,2.926994264125823975e-01,-1.624313592910766602e-01,-1.568278819322586060e-01,-7.375425845384597778e-02,7.674589753150939941e-01,-2.484400868415832520e-01,-8.040972054004669189e-02,1.592479348182678223e-01,7.536215782165527344e-01,-1.982846856117248535e-01,-1.909582763910293579e-01,2.899011671543121338e-01,-1.914168447256088257e-01,-1.257212609052658081e-01,1.216942816972732544e-01,4.647561609745025635e-01,2.607387900352478027e-01
4.972491264343261719e-01,2.218952625989913940e-01,1.457714103162288666e-02,1.897172480821609497e-01,1.846564114093780518e-01,3.160027265548706055e-01,2.184770852327346802e-01,3.693586885929107666e-01,-9.109940729103982449e-04,-2.474809810519218445e-02,2.264809012413024902e-01,3.150577098131179810e-02,-1.396300494670867920e-01,9.800430387258529663e-02,-1.497894972562789917e-01,-1.012761145830154419e-01,1.673468202352523804e-01,1.262559741735458374e-01,-4.669909924268722534e-02,4.543486610054969788e-02,1.130579262971878052e-01,1.875610053539276123e-01,-5.392933636903762817e-02,-1.040631234645843506e-01,1.000000000000000000e+00,-4.822368174791336060e-02,3.021377921104431152e-01,2.014996111392974854e-01,6.615670770406723022e-02,-2.131298184394836426e-01,-1.182077750563621521e-01,-8.364873938262462616e-03,5.493388772010803223e-01,-4.214276745915412903e-02,-8.476319164037704468e-02,-1.833303570747375488e-01,1.036774292588233948e-01,-1.787016689777374268e-01,-1.375316083431243896e-01,-1.360857039690017700e-01,2.859271466732025146e-01,1.467998772859573364e-01,-1.134784594178199768e-01,-9.113642573356628418e-02,4.012483730912208557e-02,-1.173127535730600357e-02,6.574342399835586548e-02,-1.526883523911237717e-02
-2.101837545633316040e-01,-7.567193359136581421e-02,3.096910715103149414e-01,-7.071848958730697632e-02,-4.078062474727630615e-01,-1.315088123083114624e-01,2.929569482803344727e-01,-1.022197082638740540e-01,-6.070804223418235779e-02,-1.256474256515502930e-01,-1.569747552275657654e-02,-5.074946582317352295e-02,2.898275256156921387e-01,3.695856081321835518e-03,-1.048507168889045715e-01,6.292299181222915649e-02,1.711482703685760498e-01,1.925855726003646851e-01,1.260405033826828003e-01,1.658941507339477539e-01,2.351586334407329559e-02,7.548300921916961670e-02,2.527372539043426514e-01,2.380887866020202637e-01,-4.822368174791336060e-02,1.000000000000000000e+00,-2.662591449916362762e-02,1.040546670556068420e-01,3.526614606380462646e-01,3.384668231010437012e-01,2.590724825859069824e-01,1.759149134159088135e-01,-2.879025600850582123e-02,-4.955682903528213501e-02,7.294129580259323120e-02,2.356505244970321655e-01,-1.287199109792709351e-01,1.279247831553220749e-02,6.857505440711975098e-02,2.507315576076507568e-01,-1.853993088006973267e-01,-1.053214296698570251e-01,1.899410635232925415e-01,-5.984866619110107422e-02,-5.329174920916557312e-03,7.152791321277618408e-02,7.460197806358337402e-02,7.320117950439453125e-02
5.178395509719848633e-01,3.141402304172515869e-01,-1.009984239935874939e-01,8.845504373311996460e-02,3.101859986782073975e-01,4.192467927932739258e-01,7.771352678537368774e-02,4.039731919765472412e-01,2.245099097490310669e-02,2.060773372650146484e-01,4.085462093353271484e-01,3.734850287437438965e-01,8.355918340384960175e-03,4.888840615749359131e-01,2.112468481063842773e-01,1.173590645194053650e-01,1.284283250570297241e-01,-3.436199156567454338e-03,7.837267592549324036e-03,3.563523665070533752e-02,1.351388990879058838e-01,1.911601573228836060e-01,1.111050620675086975e-01,-1.637135595083236694e-01,3.021377921104431152e-01,-2.662591449916362762e-02,1.000000000000000000e+00,2.265438139438629150e-01,1.558641493320465088e-01,-1.740161031484603882e-01,-1.675615906715393066e-01,4.924752283841371536e-03,5.397882461547851562e-01,2.172726243734359741e-01,1.930893063545227051e-01,-3.758057206869125366e-02,4.609861969947814941e-01,6.053288280963897705e-02,1.305769383907318115e-01,-9.031704068183898926e-02,3.392845094203948975e-01,3.223074376583099365e-01,-6.239787116646766663e-02,1.166080087423324585e-01,2.573791444301605225e-01,5.015539377927780151e-02,1.381369214504957199e-02,2.702101469039916992e-01
4.707853496074676514e-01,2.943734228610992432e-01,2.597361505031585693e-01,1.893433630466461182e-01,-4.304321482777595520e-02,1.031136959791183472e-01,6.803204119205474854e-02,2.080455124378204346e-01,1.000443324446678162e-01,-1.630303859710693359e-01,2.847631871700286865e-01,-4.686211794614791870e-02,-1.514387875795364380e-01,3.407774269580841064e-01,-3.398985788226127625e-02,-1.676710247993469238e-01,7.900544255971908569e-02,3.429832309484481812e-02,-1.817023381590843201e-02,-1.258511692285537720e-01,-2.292913496494293213e-01,-5.083608627319335938e-02,-5.037867650389671326e-02,-1.674953252077102661e-01,2.014996111392974854e-01,1.040546670556068420e-01,2.265438139438629150e-01,1.000000000000000000e+00,6.156872510910034180e-01,-1.161971986293792725e-01,-2.613283991813659668e-01,-3.979754075407981873e-02,3.446595966815948486e-01,1.206981018185615540e-01,7.683402299880981445e-02,-1.442293673753738403e-01,4.129571020603179932e-01,5.606039240956306458e-02,-1.500193476676940918e-01,-1.701542884111404419e-01,2.014128267765045166e-01,1.578676998615264893e-01,-1.316343098878860474e-01,2.380347847938537598e-01,8.171150088310241699e-02,-1.075747981667518616e-01,-5.681020766496658325e-02,9.340424835681915283e-02
2.175250053405761719e-01,4.416778087615966797e-01,2.637576758861541748e-01,2.249750047922134399e-01,-1.465026438236236572e-01,1.355257928371429443e-01,2.641518414020538330e-01,2.024261355400085449e-01,1.600292921066284180e-01,-1.205453276634216309e-02,3.801950216293334961e-01,1.306027472019195557e-01,-1.243820413947105408e-02,3.241146802902221680e-01,7.863116264343261719e-02,-1.018184125423431396e-01,1.050892695784568787e-01,1.866614222526550293e-01,-1.272122263908386230e-01,-6.115250289440155029e-02,-5.290851369500160217e-02,9.606623649597167969e-02,-5.885323882102966309e-02,-8.428653329610824585e-02,6.615670770406723022e-02,3.526614606380462646e-01,1.558641493320465088e-01,6.156872510910034180e-01,1.000000000000000000e+00,2.167603671550750732e-01,8.551245927810668945e-02,7.458300143480300903e-02,1.887701749801635742e-01,3.081798851490020752e-01,1.186459809541702271e-01,-7.673025131225585938e-02,3.654612898826599121e-01,9.886995702981948853e-02,-1.238353252410888672e-01,-1.189482137560844421e-01,2.769061625003814697e-01,2.825853526592254639e-01,-7.978145964443683624e-03,3.039700984954833984e-01,2.531944513320922852e-01,3.295328095555305481e-02,2.068668976426124573e-02,8.934959769248962402e-02
-3.330726027488708496e-01,-1.017635390162467957e-01,1.709818840026855469e-02,-1.669178009033203125e-01,-2.410836368799209595e-01,-1.617993265390396118e-01,3.914717137813568115e-01,-7.571214437484741211e-02,1.178952455520629883e-01,-4.271272942423820496e-02,2.816678769886493683e-02,-7.082809228450059891e-03,3.753296136856079102e-01,-3.410315886139869690e-02,-7.739809900522232056e-02,-5.103692412376403809e-02,2.969222068786621094e-01,1.673734933137893677e-01,3.001596331596374512e-01,3.273613154888153076e-01,2.233927100896835327e-01,8.357120305299758911e-02,3.905197978019714355e-01,4.280728697776794434e-01,-2.131298184394836426e-01,3.384668231010437012e-01,-1.740161031484603882e-01,-1.161971986293792725e-01,2.167603671550750732e-01,1.000000000000000000e+00,5.287339687347412109e-01,1.844811588525772095e-01,-2.180490493774414062e-01,1.437833756208419800e-01,-2.543605305254459381e-02,3.634322583675384521e-01,-1.097579225897789001e-01,-1.234375834465026855e-01,-8.013926446437835693e-02,3.365103304386138916e-01,-1.954923272132873535e-01,-4.756489396095275879e-02,4.239431023597717285e-01,8.642875403165817261e-02,8.283910900354385376e-02,1.807202398777008057e-01,1.525644809007644653e-01,1.954838335514068604e-01
-3.123876452445983887e-01,-3.501681238412857056e-02,7.518436014652252197e-02,1.843773759901523590e-02,-6.858571618795394897e-02,-5.057001486420631409e-02,2.232978343963623047e-01,-6.135335937142372131e-02,8.437750488519668579e-02,2.079100310802459717e-01,-8.076564222574234009e-02,1.480398029088973999e-01,4.263342916965484619e-01,-1.347492635250091553e-01,9.852476418018341064e-02,-4.425036534667015076e-02,1.793572902679443359e-01,4.780087471008300781e-01,9.425164759159088135e-02,4.142549335956573486e-01,5.302151441574096680e-01,4.761216044425964355e-01,2.478755563497543335e-01,4.369002282619476318e-01,-1.182077750563621521e-01,2.590724825859069824e-01,-1.675615906715393066e-01,-2.613283991813659668e-01,8.551245927810668945e-02,5.287339687347412109e-01,1.000000000000000000e+00,5.367404818534851074e-01,-2.132261097431182861e-01,1.028962060809135437e-02,-7.824848592281341553e-02,2.869861125946044922e-01,-1.407829374074935913e-01,-8.092474192380905151e-02,-7.435360550880432129e-02,3.134829998016357422e-01,-2.146913111209869385e-02,3.789268061518669128e-02,4.233237802982330322e-01,5.215226486325263977e-02,1.058288887143135071e-01,3.145366311073303223e-01,3.433567881584167480e-01,1.717309504747390747e-01
1.893488690257072449e-02,9.281852282583713531e-03,1.980074942111968994e-01,1.243887320160865784e-01,3.304902464151382446e-02,1.067301491275429726e-03,4.364381730556488037e-02,8.282905817031860352e-02,-9.505923837423324585e-02,1.331962198019027710e-01,-9.140470623970031738e-02,3.621259331703186035e-02,2.894292175769805908e-01,-6.746868044137954712e-02,5.812163650989532471e-02,-4.244663193821907043e-02,7.776511460542678833e-02,3.827319741249084473e-01,3.680616244673728943e-02,2.628631591796875000e-01,3.855987191200256348e-01,5.247535705566406250e-01,2.211672812700271606e-01,2.926994264125823975e-01,-8.364873938262462616e-03,1.759149134159088135e-01,4.924752283841371536e-03,-3.979754075407981873e-02,7.458300143480300903e-02,1.844811588525772095e-01,5.367404818534851074e-01,1.000000000000000000e+00,7.012800779193639755e-03,-4.010480269789695740e-02,-4.636102169752120972e-02,1.513334661722183228e-01,1.230685319751501083e-02,5.932474881410598755e-02,-9.317726641893386841e-02,2.115441411733627319e-01,-2.955109113827347755e-03,-1.288869697600603104e-02,1.904375404119491577e-01,-4.275522008538246155e-02,2.138162590563297272e-02,1.738568097352981567e-01,4.894743859767913818e-01,3.974569141864776611e-01
