1.000000000000000000e+00,5.678060054779052734e-01,-1.537993401288986206e-01,-4.002944380044937134e-02,6.546708345413208008e-01,4.609243571758270264e-01,-1.825844049453735352e-01,3.183305263519287109e-01,2.358192205429077148e-01,6.325208395719528198e-02,6.643166393041610718e-02,-6.282205879688262939e-02,-7.871784269809722900e-02,-7.490510493516921997e-02,-1.549863666296005249e-01,-1.378475278615951538e-01,-2.884902358055114746e-01,-1.896714121103286743e-01,-1.779891103506088257e-01,-1.543732881546020508e-01,-1.988095790147781372e-01,-1.360812485218048096e-01,2.599530518054962158e-01,2.272454053163528442e-01,6.184141635894775391e-01,-1.358970403671264648e-01,6.602029800415039062e-01,7.372820377349853516e-01,3.391567766666412354e-01,-1.885812431573867798e-01,-2.187724560499191284e-01,5.824764817953109741e-02,6.726334691047668457e-01,-9.981268644332885742e-02,-6.779635697603225708e-02,2.850659787654876709e-01,-3.278698027133941650e-02,-1.535098105669021606e-01,-2.029877752065658569e-01,7.403681427240371704e-02,6.185936927795410156e-01,2.636854052543640137e-01,-1.311295181512832642e-01,3.782021105289459229e-01,-1.655368693172931671e-02,-9.743615984916687012e-03,9.133362770080566406e-02,2.549836933612823486e-01
5.678060054779052734e-01,1.000000000000000000e+00,-9.657123684883117676e-02,-9.188637137413024902e-02,5.741476416587829590e-01,4.467113912105560303e-01,-9.574144333600997925e-02,1.780622899532318115e-01,3.594141900539398193e-01,3.229112029075622559e-01,5.910124257206916809e-02,2.107671350240707397e-01,-5.964121967554092407e-02,-1.556589901447296143e-01,1.880446635186672211e-02,3.378698974847793579e-02,-2.181914448738098145e-01,-1.598917245864868164e-01,-1.564337909221649170e-01,-1.148888394236564636e-01,-1.389545798301696777e-01,-1.766933053731918335e-01,5.364536121487617493e-02,5.200565606355667114e-02,4.010395109653472900e-01,-4.375764355063438416e-02,5.423883795738220215e-01,5.710107088088989258e-01,3.206303417682647705e-01,-1.449459642171859741e-01,-1.766552329063415527e-01,-3.067478537559509277e-02,5.587027668952941895e-01,6.697390973567962646e-02,1.021776571869850159e-01,1.111731082201004028e-01,-1.034322902560234070e-01,3.274048492312431335e-02,-3.923126030713319778e-03,8.981260657310485840e-02,6.492874622344970703e-01,4.418942034244537354e-01,-4.859845712780952454e-02,5.657674074172973633e-01,1.693432629108428955e-01,5.764432251453399658e-02,-1.415056549012660980e-02,4.782756790518760681e-02
-1.537993401288986206e-01,-9.657123684883117676e-02,1.000000000000000000e+00,2.586180269718170166e-01,-1.693736165761947632e-01,-4.700287058949470520e-02,2.947967052459716797e-01,-1.768965572118759155e-01,-5.670056864619255066e-02,8.592497557401657104e-02,-1.570342779159545898e-01,1.082013919949531555e-01,9.521287679672241211e-02,-2.221971377730369568e-02,1.067232806235551834e-02,1.137504950165748596e-01,2.589716315269470215e-01,1.145594194531440735e-01,2.872656881809234619e-01,2.019363492727279663e-01,1.715417504310607910e-01,4.656769335269927979e-02,-3.577908128499984741e-02,-4.843302071094512939e-02,-2.240138351917266846e-01,2.404147684574127197e-01,-2.102076560258865356e-01,-2.285212092101573944e-02,-1.494154483079910278e-01,-1.495951414108276367e-01,4.867056384682655334e-02,-7.741827517747879028e-02,-1.911669373512268066e-01,9.201824665069580078e-02,-2.381256408989429474e-02,-5.414041504263877869e-02,-1.520478259772062302e-02,6.427054852247238159e-02,1.443367600440979004e-01,-2.681760862469673157e-02,-1.706324517726898193e-01,3.437725082039833069e-02,1.489260196685791016e-01,-5.704677104949951172e-02,-8.058283478021621704e-03,1.347178965806961060e-01,-7.383803278207778931e-02,-1.390008181333541870e-01
-4.002944380044937134e-02,-9.188637137413024902e-02,2.586180269718170166e-01,1.000000000000000000e+00,-1.642427965998649597e-02,1.982042193412780762e-01,5.581349730491638184e-01,-1.474248711019754410e-02,4.470133408904075623e-02,-2.456876914948225021e-03,3.294178470969200134e-02,7.213348895311355591e-02,5.973834171891212463e-02,1.182214543223381042e-01,6.907705217599868774e-02,1.143983798101544380e-03,4.445603191852569580e-01,2.473414987325668335e-01,4.704180359840393066e-01,3.836435973644256592e-01,3.343458771705627441e-01,1.681435108184814453e-01,7.136666099540889263e-04,-2.952975593507289886e-02,-1.802509725093841553e-01,1.532785743474960327e-01,-1.197826042771339417e-01,5.470972508192062378e-02,2.150098383426666260e-01,2.305714190006256104e-01,2.149900346994400024e-01,5.783412605524063110e-03,-1.996806412935256958e-01,1.323866844177246094e-01,1.354525387287139893e-01,-8.748088777065277100e-02,1.075725257396697998e-01,1.337805986404418945e-01,9.993027895689010620e-02,-6.527833640575408936e-02,-7.645487040281295776e-02,1.365126818418502808e-01,2.737825214862823486e-01,-3.283988218754529953e-03,8.095198124647140503e-02,1.956588178873062134e-01,-3.515838831663131714e-02,-1.188407093286514282e-01
6.546708345413208008e-01,5.741476416587829590e-01,-1.693736165761947632e-01,-1.642427965998649597e-02,1.000000000000000000e+00,5.832185745239257812e-01,-1.089273095130920410e-01,3.476291894912719727e-01,4.580506682395935059e-01,5.443909019231796265e-02,2.078967839479446411e-01,-8.534561097621917725e-02,-3.249266371130943298e-02,7.460090797394514084e-03,-7.422539591789245605e-02,-1.745168566703796387e-01,-2.414577454328536987e-01,-1.794975697994232178e-01,-1.961566805839538574e-01,-1.102392189204692841e-02,-1.596911996603012085e-02,-4.104233533143997192e-02,2.288629561662673950e-01,1.517854779958724976e-01,5.302934050559997559e-01,-1.867806166410446167e-01,5.181729793548583984e-01,5.837062001228332520e-01,3.457857072353363037e-01,-8.017241954803466797e-02,-1.827142834663391113e-01,-1.383351162075996399e-02,5.110983848571777344e-01,-1.336224563419818878e-02,-7.802320271730422974e-02,1.332399845123291016e-01,4.168374463915824890e-02,-1.174971759319305420e-01,-1.774898916482925415e-01,1.357784774154424667e-02,6.916970014572143555e-01,3.183284103870391846e-01,-2.190561965107917786e-03,5.340739488601684570e-01,-3.258390352129936218e-02,2.150196768343448639e-02,-3.664754563942551613e-03,2.370190769433975220e-01
4.609243571758270264e-01,4.467113912105560303e-01,-4.700287058949470520e-02,1.982042193412780762e-01,5.832185745239257812e-01,1.000000000000000000e+00,1.470896601676940918e-01,1.457049697637557983e-01,3.244521617889404297e-01,1.585574150085449219e-01,7.476708292961120605e-02,2.110330155119299889e-03,1.191989108920097351e-01,-6.455350667238235474e-02,-1.126735731959342957e-01,-3.087579272687435150e-02,-3.980414569377899170e-02,-1.424572914838790894e-01,4.967388510704040527e-02,2.240798808634281158e-02,-1.963023655116558075e-02,-1.199244856834411621e-01,1.365595161914825439e-01,1.607103645801544189e-01,2.913553416728973389e-01,-3.567515313625335693e-02,3.908702135086059570e-01,4.777082502841949463e-01,4.814950525760650635e-01,3.281511366367340088e-02,-1.162478402256965637e-01,6.297797709703445435e-02,3.189189136028289795e-01,5.207135155797004700e-02,2.651698514819145203e-02,1.340424716472625732e-01,-4.166299849748611450e-02,3.414451610296964645e-03,-9.961348026990890503e-02,2.975170873105525970e-02,4.405537843704223633e-01,5.263730883598327637e-01,2.171244472265243530e-01,4.042900800704956055e-01,1.994994878768920898e-01,2.326006442308425903e-01,9.556475281715393066e-02,1.259919553995132446e-01
-1.825844049453735352e-01,-9.574144333600997925e-02,2.947967052459716797e-01,5.581349730491638184e-01,-1.089273095130920410e-01,1.470896601676940918e-01,1.000000000000000000e+00,-6.225302442908287048e-02,6.525000184774398804e-02,1.567133963108062744e-01,1.514806225895881653e-02,1.817326098680496216e-01,1.779569536447525024e-01,8.992567658424377441e-02,1.105580180883407593e-01,1.331077069044113159e-01,6.133542656898498535e-01,3.538730144500732422e-01,4.736226499080657959e-01,3.998039364814758301e-01,3.502359390258789062e-01,1.441789567470550537e-01,1.887086778879165649e-03,-6.032381579279899597e-02,-2.588319182395935059e-01,4.050590693950653076e-01,-2.072390317916870117e-01,-1.089957728981971741e-01,6.994082778692245483e-02,2.768615484237670898e-01,3.084061443805694580e-01,2.771879732608795166e-02,-2.725396454334259033e-01,1.728016585111618042e-01,1.912501752376556396e-01,-6.815957278013229370e-02,1.420714557170867920e-01,1.610303223133087158e-01,1.753353476524353027e-01,-3.261355310678482056e-02,-1.442108154296875000e-01,2.169094383716583252e-01,2.751473188400268555e-01,1.378264185041189194e-02,8.101303875446319580e-02,2.679797708988189697e-01,-3.239754214882850647e-02,-1.827205121517181396e-01
3.183305263519287109e-01,1.780622899532318115e-01,-1.768965572118759155e-01,-1.474248711019754410e-02,3.476291894912719727e-01,1.457049697637557983e-01,-6.225302442908287048e-02,1.000000000000000000e+00,3.153768777847290039e-01,-1.286461204290390015e-01,5.668389201164245605e-01,-6.431694328784942627e-02,-1.067365780472755432e-01,5.904774069786071777e-01,2.045423239469528198e-01,-3.101414740085601807e-01,-9.504252672195434570e-02,-2.396117523312568665e-02,-9.514701366424560547e-02,6.634670495986938477e-02,6.675571948289871216e-02,-1.682112738490104675e-02,1.150553375482559204e-01,-3.600646927952766418e-02,5.437057018280029297e-01,-7.929155230522155762e-02,3.566787540912628174e-01,1.968051195144653320e-01,1.050541996955871582e-01,-3.525680303573608398e-02,-1.228781566023826599e-01,-1.194484755396842957e-01,3.730632364749908447e-01,2.864871323108673096e-01,-2.030084282159805298e-01,-1.116921603679656982e-01,5.981668233871459961e-01,-8.036048710346221924e-02,-3.026485443115234375e-01,-2.002494335174560547e-01,2.644150257110595703e-01,-1.912787323817610741e-03,-6.130633875727653503e-02,2.716164886951446533e-01,-9.022225439548492432e-02,-2.508242800831794739e-02,-1.605344265699386597e-01,6.299608200788497925e-02
2.358192205429077148e-01,3.594141900539398193e-01,-5.670056864619255066e-02,4.470133408904075623e-02,4.580506682395935059e-01,3.244521617889404297e-01,6.525000184774398804e-02,3.153768777847290039e-01,1.000000000000000000e+00,1.778331845998764038e-01,4.745773673057556152e-01,2.040622532367706299e-01,1.207814924418926239e-02,1.765741109848022461e-01,3.170030415058135986e-01,9.793691337108612061e-03,-9.641995653510093689e-03,-9.847971796989440918e-02,-1.785328611731529236e-02,2.600283026695251465e-01,1.933567523956298828e-01,-3.658973798155784607e-02,7.008546590805053711e-02,-1.513603031635284424e-01,2.674091458320617676e-01,-7.759251445531845093e-02,1.919599175453186035e-01,1.517432481050491333e-01,1.781128495931625366e-01,6.876187026500701904e-02,-1.291101872920989990e-01,-2.646361291408538818e-01,1.582252383232116699e-01,9.297596663236618042e-02,1.089116036891937256e-01,-1.691403090953826904e-01,1.904275864362716675e-01,1.622942835092544556e-01,1.738257557153701782e-01,-9.273386001586914062e-02,3.224622607231140137e-01,2.640228271484375000e-01,1.240127608180046082e-01,6.501944661140441895e-01,-4.522059112787246704e-02,9.012387692928314209e-02,-3.294734954833984375e-01,-1.739437282085418701e-01
6.325208395719528198e-02,3.229112029075622559e-01,8.592497557401657104e-02,-2.456876914948225021e-03,5.443909019231796265e-02,1.585574150085449219e-01,1.567133963108062744e-01,-1.286461204290390015e-01,1.778331845998764038e-01,1.000000000000000000e+00,1.721295714378356934e-02,5.880185365676879883e-01,3.302489519119262695e-01,-2.130793035030364990e-01,3.174065947532653809e-01,3.945003151893615723e-01,1.611789762973785400e-01,9.433434903621673584e-02,5.844868347048759460e-02,1.207608357071876526e-01,3.555915877223014832e-02,-1.910208314657211304e-01,1.739908941090106964e-02,-2.149483002722263336e-02,-3.032747097313404083e-02,4.271472245454788208e-02,8.351040631532669067e-02,1.015529707074165344e-01,6.169970333576202393e-02,7.626049220561981201e-02,6.330739706754684448e-02,-1.606217585504055023e-02,8.671014010906219482e-02,-4.617648664861917496e-03,2.763672471046447754e-01,1.351305842399597168e-01,-1.178455054759979248e-01,2.662663161754608154e-01,2.782747745513916016e-01,8.858920633792877197e-02,1.138168722391128540e-01,4.617189466953277588e-01,2.646499872207641602e-01,3.041397333145141602e-01,4.095354378223419189e-01,4.852861762046813965e-01,1.226327568292617798e-02,-1.488258093595504761e-01
6.643166393041610718e-02,5.910124257206916809e-02,-1.570342779159545898e-01,3.294178470969200134e-02,2.078967839479446411e-01,7.476708292961120605e-02,1.514806225895881653e-02,5.668389201164245605e-01,4.745773673057556152e-01,1.721295714378356934e-02,1.000000000000000000e+00,1.284627169370651245e-01,6.064546760171651840e-03,5.284593105316162109e-01,4.407124817371368408e-01,-1.326426863670349121e-01,5.713151302188634872e-03,2.026285044848918915e-02,4.301382601261138916e-02,2.262883633375167847e-01,1.752906441688537598e-01,3.942588716745376587e-02,-3.420401364564895630e-03,-2.268259972333908081e-01,2.697350978851318359e-01,-6.445491313934326172e-02,6.135994568467140198e-02,-9.133654832839965820e-02,2.668482623994350433e-02,6.939536333084106445e-02,-9.728837013244628906e-02,-1.883533000946044922e-01,7.042191177606582642e-02,2.434350103139877319e-01,-4.789429157972335815e-02,-2.804462313652038574e-01,4.481773078441619873e-01,8.898091316223144531e-02,-5.005183070898056030e-02,-1.827004551887512207e-01,1.367794573307037354e-01,5.419170856475830078e-02,4.180747643113136292e-02,3.184697628021240234e-01,-3.285807743668556213e-02,6.645866483449935913e-02,-3.228626549243927002e-01,-1.269497275352478027e-01
-6.282205879688262939e-02,2.107671350240707397e-01,1.082013919949531555e-01,7.213348895311355591e-02,-8.534561097621917725e-02,2.110330155119299889e-03,1.817326098680496216e-01,-6.431694328784942627e-02,2.040622532367706299e-01,5.880185365676879883e-01,1.284627169370651245e-01,1.000000000000000000e+00,1.370026320219039917e-01,-2.650082670152187347e-02,5.180223584175109863e-01,5.037602782249450684e-01,1.695856899023056030e-01,9.337341785430908203e-02,8.494548499584197998e-02,5.981307849287986755e-02,-9.826621040701866150e-03,-1.650087088346481323e-01,-5.803744867444038391e-02,-2.028075903654098511e-01,-5.916485935449600220e-02,1.863829493522644043e-01,8.167829364538192749e-03,-2.305395668372511864e-03,1.145289987325668335e-01,-3.245898708701133728e-02,2.775845676660537720e-02,-5.394329875707626343e-02,1.913258619606494904e-02,1.462754327803850174e-02,2.541036009788513184e-01,-3.766536712646484375e-02,-6.171938031911849976e-03,3.748107850551605225e-01,4.272941946983337402e-01,1.762675493955612183e-01,-1.501642540097236633e-02,2.585329115390777588e-01,5.413667112588882446e-02,2.470830082893371582e-01,3.600657880306243896e-01,2.162359654903411865e-01,-1.564728617668151855e-01,-2.796298861503601074e-01
-7.871784269809722900e-02,-5.964121967554092407e-02,9.521287679672241211e-02,5.973834171891212463e-02,-3.249266371130943298e-02,1.191989108920097351e-01,1.779569536447525024e-01,-1.067365780472755432e-01,1.207814924418926239e-02,3.302489519119262695e-01,6.064546760171651840e-03,1.370026320219039917e-01,1.000000000000000000e+00,-9.825719892978668213e-02,6.296353880316019058e-03,3.103069067001342773e-01,2.852192223072052002e-01,1.842729598283767700e-01,2.539775967597961426e-01,2.886763513088226318e-01,2.905420362949371338e-01,1.715153008699417114e-01,3.642453849315643311e-01,2.761549353599548340e-01,-1.351327002048492432e-01,5.847216770052909851e-02,-7.399575412273406982e-02,-9.230217337608337402e-02,9.166686795651912689e-03,1.415903121232986450e-01,2.135733664035797119e-01,1.749265342950820923e-01,-1.197864934802055359e-01,-1.497394987381994724e-04,1.368326991796493530e-01,3.228556513786315918e-01,9.127814322710037231e-03,1.020840778946876526e-01,1.129273325204849243e-01,2.586884498596191406e-01,-9.452825039625167847e-02,2.382439523935317993e-01,4.055687189102172852e-01,3.691299259662628174e-02,1.757231503725051880e-01,4.278393387794494629e-01,1.791017651557922363e-01,1.740086376667022705e-01
-7.490510493516921997e-02,-1.556589901447296143e-01,-2.221971377730369568e-02,1.182214543223381042e-01,7.460090797394514084e-03,-6.455350667238235474e-02,8.992567658424377441e-02,5.904774069786071777e-01,1.765741109848022461e-01,-2.130793035030364990e-01,5.284593105316162109e-01,-2.650082670152187347e-02,-9.825719892978668213e-02,1.000000000000000000e+00,2.749228775501251221e-01,-2.072226554155349731e-01,9.019846469163894653e-02,6.886997073888778687e-02,1.339045166969299316e-01,1.962095350027084351e-01,1.689789891242980957e-01,7.461380958557128906e-02,8.567286655306816101e-03,-2.471730560064315796e-01,1.509249806404113770e-01,5.521993339061737061e-02,-6.526590138673782349e-02,-1.596247255802154541e-01,-9.599389135837554932e-02,1.356665883213281631e-02,-9.388343989849090576e-02,-1.712270379066467285e-01,-1.038447245955467224e-01,1.557597815990447998e-01,-1.600122898817062378e-01,-2.749148011207580566e-01,6.442780494689941406e-01,-3.321065008640289307e-02,-1.598983705043792725e-01,-2.277216762304306030e-01,-4.509545490145683289e-02,-1.372823119163513184e-01,2.981480211019515991e-02,7.213819026947021484e-02,-9.375431388616561890e-02,1.090170466341078281e-03,-2.630791962146759033e-01,-1.284984201192855835e-01
-1.549863666296005249e-01,1.880446635186672211e-02,1.067232806235551834e-02,6.907705217599868774e-02,-7.422539591789245605e-02,-1.126735731959342957e-01,1.105580180883407593e-01,2.045423239469528198e-01,3.170030415058135986e-01,3.174065947532653809e-01,4.407124817371368408e-01,5.180223584175109863e-01,6.296353880316019058e-03,2.749228775501251221e-01,1.000000000000000000e+00,3.171427845954895020e-01,1.897646486759185791e-01,5.503615736961364746e-02,7.181207090616226196e-02,1.969413757324218750e-01,9.685248136520385742e-02,-1.126844286918640137e-01,-1.024362668395042419e-01,-2.966729104518890381e-01,2.280495874583721161e-02,2.411788562312722206e-03,-9.975607693195343018e-02,-1.758885830640792847e-01,5.613915994763374329e-02,9.598774462938308716e-02,3.149634227156639099e-02,-2.537256777286529541e-01,-8.583922684192657471e-02,1.108021214604377747e-01,2.449586987495422363e-01,-1.818769127130508423e-01,2.521456480026245117e-01,5.267931222915649414e-01,3.709066808223724365e-01,5.594629328697919846e-03,-1.839183270931243896e-02,7.823233306407928467e-02,4.504835233092308044e-02,2.358988672494888306e-01,2.315767854452133179e-01,1.003875508904457092e-01,-3.755634427070617676e-01,-4.223315715789794922e-01
-1.378475278615951538e-01,3.378698974847793579e-02,1.137504950165748596e-01,1.143983798101544380e-03,-1.745168566703796387e-01,-3.087579272687435150e-02,1.331077069044113159e-01,-3.101414740085601807e-01,9.793691337108612061e-03,3.945003151893615723e-01,-1.326426863670349121e-01,5.037602782249450684e-01,3.103069067001342773e-01,-2.072226554155349731e-01,3.171427845954895020e-01,1.000000000000000000e+00,2.789109945297241211e-01,7.877948135137557983e-02,1.700354516506195068e-01,2.345479279756546021e-02,-2.654105983674526215e-02,-1.326344311237335205e-01,-6.890858057886362076e-03,-9.832114726305007935e-02,-2.161524891853332520e-01,1.817019730806350708e-01,-1.014589890837669373e-01,-9.130898118019104004e-02,3.718995675444602966e-02,4.711285606026649475e-02,8.243460953235626221e-02,3.224562481045722961e-02,-9.607978910207748413e-02,-1.641778945922851562e-01,4.324758350849151611e-01,1.366907209157943726e-01,-2.042371779680252075e-01,4.529877007007598877e-01,6.204820275306701660e-01,4.388234019279479980e-01,-5.989143252372741699e-02,2.134397178888320923e-01,1.504825204610824585e-01,8.736763894557952881e-02,3.261810541152954102e-01,2.239132076501846313e-01,-1.548103056848049164e-02,-2.429178655147552490e-01
-2.884902358055114746e-01,-2.181914448738098145e-01,2.589716315269470215e-01,4.445603191852569580e-01,-2.414577454328536987e-01,-3.980414569377899170e-02,6.133542656898498535e-01,-9.504252672195434570e-02,-9.641995653510093689e-03,1.611789762973785400e-01,5.713151302188634872e-03,1.695856899023056030e-01,2.852192223072052002e-01,9.019846469163894653e-02,1.897646486759185791e-01,2.789109945297241211e-01,1.000000000000000000e+00,5.976193547248840332e-01,5.754322409629821777e-01,5.155656337738037109e-01,4.682854712009429932e-01,1.709375977516174316e-01,5.829704180359840393e-02,-5.853563919663429260e-02,-2.992699444293975830e-01,1.889504939317703247e-01,-3.098398447036743164e-01,-2.579700052738189697e-01,-9.694059938192367554e-02,3.209908604621887207e-01,3.866795897483825684e-01,-5.083193071186542511e-03,-3.591962456703186035e-01,9.583814442157745361e-02,2.846680581569671631e-01,-5.291943624615669250e-02,1.057499200105667114e-01,2.469683885574340820e-01,2.596785724163055420e-01,1.764832250773906708e-02,-2.255638390779495239e-01,4.480110481381416321e-02,4.155963361263275146e-01,-9.432265162467956543e-02,4.547241330146789551e-02,3.194503784179687500e-01,-6.002518907189369202e-02,-2.771700322628021240e-01
-1.896714121103286743e-01,-1.598917245864868164e-01,1.145594194531440735e-01,2.473414987325668335e-01,-1.794975697994232178e-01,-1.424572914838790894e-01,3.538730144500732422e-01,-2.396117523312568665e-02,-9.847971796989440918e-02,9.433434903621673584e-02,2.026285044848918915e-02,9.337341785430908203e-02,1.842729598283767700e-01,6.886997073888778687e-02,5.503615736961364746e-02,7.877948135137557983e-02,5.976193547248840332e-01,1.000000000000000000e+00,3.642620146274566650e-01,4.037854075431823730e-01,4.428676068782806396e-01,2.550018429756164551e-01,5.186069756746292114e-02,-3.622613102197647095e-02,-1.206152215600013733e-01,-1.200198195874691010e-02,-2.071943134069442749e-01,-2.082510888576507568e-01,-2.179164439439773560e-01,2.561889588832855225e-01,4.473443925380706787e-01,9.886128455400466919e-02,-1.888592541217803955e-01,9.075213968753814697e-02,1.070838049054145813e-01,-9.822904318571090698e-02,5.465540289878845215e-02,2.655398845672607422e-02,7.957519590854644775e-02,-9.728989005088806152e-02,-1.587207317352294922e-01,-1.062260642647743225e-01,2.689013779163360596e-01,-1.512151509523391724e-01,-5.222728103399276733e-02,2.286595851182937622e-01,6.523890886455774307e-03,-1.303920000791549683e-01
-1.779891103506088257e-01,-1.564337909221649170e-01,2.872656881809234619e-01,4.704180359840393066e-01,-1.961566805839538574e-01,4.967388510704040527e-02,4.736226499080657959e-01,-9.514701366424560547e-02,-1.785328611731529236e-02,5.844868347048759460e-02,4.301382601261138916e-02,8.494548499584197998e-02,2.539775967597961426e-01,1.339045166969299316e-01,7.181207090616226196e-02,1.700354516506195068e-01,5.754322409629821777e-01,3.642620146274566650e-01,1.000000000000000000e+00,5.800631642341613770e-01,5.067396759986877441e-01,1.883276104927062988e-01,1.648744940757751465e-01,-9.651999175548553467e-02,-2.408807873725891113e-01,1.726400405168533325e-01,-2.141645550727844238e-01,-1.216872036457061768e-01,-4.380962252616882324e-02,2.231551110744476318e-01,1.370201259851455688e-01,-7.042735069990158081e-02,-3.068221807479858398e-01,1.012708544731140137e-01,1.964785605669021606e-01,-7.537913322448730469e-02,1.256674379110336304e-01,1.708081215620040894e-01,2.002753019332885742e-01,4.585205018520355225e-02,-1.899282038211822510e-01,7.355316728353500366e-02,3.759224712848663330e-01,-3.658133372664451599e-02,6.411798298358917236e-02,3.345424532890319824e-01,-1.465894430875778198e-01,-2.695418000221252441e-01
-1.543732881546020508e-01,-1.148888394236564636e-01,2.019363492727279663e-01,3.836435973644256592e-01,-1.102392189204692841e-02,2.240798808634281158e-02,3.998039364814758301e-01,6.634670495986938477e-02,2.600283026695251465e-01,1.207608357071876526e-01,2.262883633375167847e-01,5.981307849287986755e-02,2.886763513088226318e-01,1.962095350027084351e-01,1.969413757324218750e-01,2.345479279756546021e-02,5.155656337738037109e-01,4.037854075431823730e-01,5.800631642341613770e-01,1.000000000000000000e+00,7.375252246856689453e-01,2.903884351253509521e-01,2.780325710773468018e-01,-6.208676099777221680e-02,-1.458752006292343140e-01,-2.080794796347618103e-02,-2.279008477926254272e-01,-1.616001576185226440e-01,-7.698987424373626709e-02,3.314234316349029541e-01,1.735075861215591431e-01,-1.889541298151016235e-01,-3.017319142818450928e-01,1.257482916116714478e-01,1.420764625072479248e-01,-9.517883509397506714e-02,2.588380277156829834e-01,1.706389486789703369e-01,1.917090117931365967e-01,-4.126925021409988403e-02,-8.473255485296249390e-02,2.488342858850955963e-02,4.846546351909637451e-01,1.549164354801177979e-01,-6.260734051465988159e-02,3.498616814613342285e-01,-2.593529820442199707e-01,-2.305319160223007202e-01
-1.988095790147781372e-01,-1.389545798301696777e-01,1.715417504310607910e-01,3.343458771705627441e-01,-1.596911996603012085e-02,-1.963023655116558075e-02,3.502359390258789062e-01,6.675571948289871216e-02,1.933567523956298828e-01,3.555915877223014832e-02,1.752906441688537598e-01,-9.826621040701866150e-03,2.905420362949371338e-01,1.689789891242980957e-01,9.685248136520385742e-02,-2.654105983674526215e-02,4.682854712009429932e-01,4.428676068782806396e-01,5.067396759986877441e-01,7.375252246856689453e-01,1.000000000000000000e+00,4.153975844383239746e-01,2.402077764272689819e-01,-5.279041081666946411e-02,-1.714342832565307617e-01,-2.290127612650394440e-02,-2.448427677154541016e-01,-2.004431784152984619e-01,-8.759394288063049316e-02,2.810457944869995117e-01,1.955121010541915894e-01,-1.688647419214248657e-01,-2.856878936290740967e-01,1.955852210521697998e-01,5.541330203413963318e-02,-1.355720162391662598e-01,2.252906113862991333e-01,9.383497387170791626e-02,1.207287982106208801e-01,-5.495558679103851318e-02,-9.855076670646667480e-02,-6.324899196624755859e-02,4.226856529712677002e-01,9.816025197505950928e-02,-1.304970085620880127e-01,2.522817850112915039e-01,-2.413222789764404297e-01,-1.520029306411743164e-01
-1.360812485218048096e-01,-1.766933053731918335e-01,4.656769335269927979e-02,1.681435108184814453e-01,-4.104233533143997192e-02,-1.199244856834411621e-01,1.441789567470550537e-01,-1.682112738490104675e-02,-3.658973798155784607e-02,-1.910208314657211304e-01,3.942588716745376587e-02,-1.650087088346481323e-01,1.715153008699417114e-01,7.461380958557128906e-02,-1.126844286918640137e-01,-1.326344311237335205e-01,1.709375977516174316e-01,2.550018429756164551e-01,1.883276104927062988e-01,2.903884351253509521e-01,4.153975844383239746e-01,1.000000000000000000e+00,1.872480660676956177e-01,1.193123310804367065e-01,-1.862244457006454468e-01,-3.337875753641128540e-02,-2.060762941837310791e-01,-1.479296535253524780e-01,-6.243304163217544556e-02,8.964831382036209106e-02,3.236101865768432617e-01,1.870094686746597290e-01,-2.123745977878570557e-01,1.271707266569137573e-01,-4.255179688334465027e-02,-3.866238147020339966e-02,1.392115354537963867e-01,-4.662946611642837524e-02,-5.899632349610328674e-02,6.901796162128448486e-02,-1.195991560816764832e-01,-1.083815321326255798e-01,2.562145516276359558e-02,-9.176173806190490723e-02,-1.754722744226455688e-01,-6.039760261774063110e-02,-4.999973252415657043e-02,2.893671989440917969e-01
2.599530518054962158e-01,5.364536121487617493e-02,-3.577908128499984741e-02,7.136666099540889263e-04,2.288629561662673950e-01,1.365595161914825439e-01,1.887086778879165649e-03,1.150553375482559204e-01,7.008546590805053711e-02,1.739908941090106964e-02,-3.420401364564895630e-03,-5.803744867444038391e-02,3.642453849315643311e-01,8.567286655306816101e-03,-1.024362668395042419e-01,-6.890858057886362076e-03,5.829704180359840393e-02,5.186069756746292114e-02,1.648744940757751465e-01,2.780325710773468018e-01,2.402077764272689819e-01,1.872480660676956177e-01,1.000000000000000000e+00,4.579924046993255615e-01,1.546035856008529663e-01,-4.170508682727813721e-02,1.478853970766067505e-01,2.372660189867019653e-01,1.327580064535140991e-01,6.212875992059707642e-02,6.697060912847518921e-02,8.228477090597152710e-02,8.760482817888259888e-02,-5.324001237750053406e-02,4.760546144098043442e-04,5.388830304145812988e-01,2.006647735834121704e-01,-6.063493783585727215e-04,-3.462623804807662964e-02,3.843258619308471680e-01,1.353783905506134033e-01,1.546301692724227905e-02,2.463414892554283142e-02,9.273260831832885742e-02,-5.502249673008918762e-02,4.593900591135025024e-02,1.187272667884826660e-01,2.767632305622100830e-01
2.272454053163528442e-01,5.200565606355667114e-02,-4.843302071094512939e-02,-2.952975593507289886e-02,1.517854779958724976e-01,1.607103645801544189e-01,-6.032381579279899597e-02,-3.600646927952766418e-02,-1.513603031635284424e-01,-2.149483002722263336e-02,-2.268259972333908081e-01,-2.028075903654098511e-01,2.761549353599548340e-01,-2.471730560064315796e-01,-2.966729104518890381e-01,-9.832114726305007935e-02,-5.853563919663429260e-02,-3.622613102197647095e-02,-9.651999175548553467e-02,-6.208676099777221680e-02,-5.279041081666946411e-02,1.193123310804367065e-01,4.579924046993255615e-01,1.000000000000000000e+00,4.960475489497184753e-02,-1.026167497038841248e-01,1.726007908582687378e-01,2.652485668659210205e-01,1.765444129705429077e-01,4.612268134951591492e-02,3.331986665725708008e-01,4.419218897819519043e-01,1.568666249513626099e-01,-4.167114570736885071e-02,-1.396114658564329147e-02,5.938012003898620605e-01,-4.545465484261512756e-02,-8.287497609853744507e-02,-1.997256278991699219e-01,2.876904904842376709e-01,7.735157012939453125e-02,1.127393618226051331e-01,1.198786869645118713e-02,-9.571638703346252441e-02,2.715021930634975433e-02,4.673739522695541382e-02,6.318624615669250488e-01,5.154419541358947754e-01
6.184141635894775391e-01,4.010395109653472900e-01,-2.240138351917266846e-01,-1.802509725093841553e-01,5.302934050559997559e-01,2.913553416728973389e-01,-2.588319182395935059e-01,5.437057018280029297e-01,2.674091458320617676e-01,-3.032747097313404083e-02,2.697350978851318359e-01,-5.916485935449600220e-02,-1.351327002048492432e-01,1.509249806404113770e-01,2.280495874583721161e-02,-2.161524891853332520e-01,-2.992699444293975830e-01,-1.206152215600013733e-01,-2.408807873725891113e-01,-1.458752006292343140e-01,-1.714342832565307617e-01,-1.862244457006454468e-01,1.546035856008529663e-01,4.960475489497184753e-02,1.000000000000000000e+00,-1.991002708673477173e-01,6.568022370338439941e-01,5.282552838325500488e-01,1.796459257602691650e-01,-1.512871235609054565e-01,-2.019616067409515381e-01,-1.445819903165102005e-02,6.582660675048828125e-01,5.212728399783372879e-03,-1.245688572525978088e-01,7.208438217639923096e-02,1.503179967403411865e-01,-9.444537758827209473e-02,-2.596583664417266846e-01,-9.359278529882431030e-02,4.597192108631134033e-01,9.806343913078308105e-02,-1.633808612823486328e-01,3.085034787654876709e-01,-2.244487032294273376e-02,-4.940640926361083984e-02,-4.913527145981788635e-02,1.693096309900283813e-01
-1.358970403671264648e-01,-4.375764355063438416e-02,2.404147684574127197e-01,1.532785743474960327e-01,-1.867806166410446167e-01,-3.567515313625335693e-02,4.050590693950653076e-01,-7.929155230522155762e-02,-7.759251445531845093e-02,4.271472245454788208e-02,-6.445491313934326172e-02,1.863829493522644043e-01,5.847216770052909851e-02,5.521993339061737061e-02,2.411788562312722206e-03,1.817019730806350708e-01,1.889504939317703247e-01,-1.200198195874691010e-02,1.726400405168533325e-01,-2.080794796347618103e-02,-2.290127612650394440e-02,-3.337875753641128540e-02,-4.170508682727813721e-02,-1.026167497038841248e-01,-1.991002708673477173e-01,1.000000000000000000e+00,-7.829497754573822021e-02,-6.433247774839401245e-02,9.842196106910705566e-02,-8.470230549573898315e-02,1.570207066833972931e-02,8.251237682998180389e-03,-1.190090402960777283e-01,1.342238634824752808e-01,8.157268166542053223e-02,2.293278090655803680e-02,8.165279775857925415e-02,1.398374736309051514e-01,1.885837912559509277e-01,1.178310886025428772e-01,-1.286994665861129761e-01,2.826084941625595093e-02,-4.623846337199211121e-02,-3.459824249148368835e-02,1.065124645829200745e-01,8.175575174391269684e-03,-2.294698357582092285e-02,-9.003009647130966187e-02
6.602029800415039062e-01,5.423883795738220215e-01,-2.102076560258865356e-01,-1.197826042771339417e-01,5.181729793548583984e-01,3.908702135086059570e-01,-2.072390317916870117e-01,3.566787540912628174e-01,1.919599175453186035e-01,8.351040631532669067e-02,6.135994568467140198e-02,8.167829364538192749e-03,-7.399575412273406982e-02,-6.526590138673782349e-02,-9.975607693195343018e-02,-1.014589890837669373e-01,-3.098398447036743164e-01,-2.071943134069442749e-01,-2.141645550727844238e-01,-2.279008477926254272e-01,-2.448427677154541016e-01,-2.060762941837310791e-01,1.478853970766067505e-01,1.726007908582687378e-01,6.568022370338439941e-01,-7.829497754573822021e-02,1.000000000000000000e+00,6.483144760131835938e-01,3.436677753925323486e-01,-1.451640129089355469e-01,-1.738707125186920166e-01,7.473231106996536255e-02,7.444370388984680176e-01,-2.027613483369350433e-02,5.747405812144279480e-02,2.289411276578903198e-01,1.348747499287128448e-02,-1.376747898757457733e-02,-1.609738469123840332e-01,6.581757217645645142e-02,5.088889598846435547e-01,2.678417563438415527e-01,-1.011198237538337708e-01,3.236245512962341309e-01,1.368156075477600098e-01,3.333025425672531128e-02,1.132244691252708435e-01,2.279071509838104248e-01
7.372820377349853516e-01,5.710107088088989258e-01,-2.285212092101573944e-02,5.470972508192062378e-02,5.837062001228332520e-01,4.777082502841949463e-01,-1.089957728981971741e-01,1.968051195144653320e-01,1.517432481050491333e-01,1.015529707074165344e-01,-9.133654832839965820e-02,-2.305395668372511864e-03,-9.230217337608337402e-02,-1.596247255802154541e-01,-1.758885830640792847e-01,-9.130898118019104004e-02,-2.579700052738189697e-01,-2.082510888576507568e-01,-1.216872036457061768e-01,-1.616001576185226440e-01,-2.004431784152984619e-01,-1.479296535253524780e-01,2.372660189867019653e-01,2.652485668659210205e-01,5.282552838325500488e-01,-6.433247774839401245e-02,6.483144760131835938e-01,1.000000000000000000e+00,4.286309182643890381e-01,-1.637276709079742432e-01,-1.311717033386230469e-01,1.225177645683288574e-01,6.218440532684326172e-01,-1.087680906057357788e-01,-2.306566201150417328e-02,3.143636286258697510e-01,-8.267863094806671143e-02,-9.435082972049713135e-02,-1.585721522569656372e-01,1.173673197627067566e-01,5.774427652359008789e-01,3.191503584384918213e-01,-1.012302488088607788e-01,3.324426710605621338e-01,1.074505597352981567e-01,1.024243887513875961e-02,1.486120373010635376e-01,2.639973461627960205e-01
3.391567766666412354e-01,3.206303417682647705e-01,-1.494154483079910278e-01,2.150098383426666260e-01,3.457857072353363037e-01,4.814950525760650635e-01,6.994082778692245483e-02,1.050541996955871582e-01,1.781128495931625366e-01,6.169970333576202393e-02,2.668482623994350433e-02,1.145289987325668335e-01,9.166686795651912689e-03,-9.599389135837554932e-02,5.613915994763374329e-02,3.718995675444602966e-02,-9.694059938192367554e-02,-2.179164439439773560e-01,-4.380962252616882324e-02,-7.698987424373626709e-02,-8.759394288063049316e-02,-6.243304163217544556e-02,1.327580064535140991e-01,1.765444129705429077e-01,1.796459257602691650e-01,9.842196106910705566e-02,3.436677753925323486e-01,4.286309182643890381e-01,1.000000000000000000e+00,8.589406311511993408e-02,-2.717527002096176147e-02,5.567317828536033630e-02,2.882769107818603516e-01,4.661645367741584778e-02,8.057171106338500977e-02,2.310473918914794922e-01,-2.239616774022579193e-02,1.665511727333068848e-01,-6.518681999295949936e-03,1.491430550813674927e-01,2.908975183963775635e-01,3.440051972866058350e-01,1.362651307135820389e-02,2.817875444889068604e-01,2.507007718086242676e-01,-4.203590005636215210e-02,6.161157041788101196e-02,9.367455542087554932e-02
-1.885812431573867798e-01,-1.449459642171859741e-01,-1.495951414108276367e-01,2.305714190006256104e-01,-8.017241954803466797e-02,3.281511366367340088e-02,2.768615484237670898e-01,-3.525680303573608398e-02,6.876187026500701904e-02,7.626049220561981201e-02,6.939536333084106445e-02,-3.245898708701133728e-02,1.415903121232986450e-01,1.356665883213281631e-02,9.598774462938308716e-02,4.711285606026649475e-02,3.209908604621887207e-01,2.561889588832855225e-01,2.231551110744476318e-01,3.314234316349029541e-01,2.810457944869995117e-01,8.964831382036209106e-02,6.212875992059707642e-02,4.612268134951591492e-02,-1.512871235609054565e-01,-8.470230549573898315e-02,-1.451640129089355469e-01,-1.637276709079742432e-01,8.589406311511993408e-02,1.000000000000000000e+00,3.398295938968658447e-01,7.346056401729583740e-02,-2.429139316082000732e-01,3.235993906855583191e-02,2.785307466983795166e-01,2.494717761874198914e-02,5.590304732322692871e-02,1.364714056253433228e-01,1.245698034763336182e-01,-7.748377509415149689e-03,-6.465262174606323242e-02,9.634634852409362793e-02,3.238484561443328857e-01,-4.447774589061737061e-02,1.140732020139694214e-01,2.746280729770660400e-01,4.526011645793914795e-02,-7.818654179573059082e-02
-2.187724560499191284e-01,-1.766552329063415527e-01,4.867056384682655334e-02,2.149900346994400024e-01,-1.827142834663391113e-01,-1.162478402256965637e-01,3.084061443805694580e-01,-1.228781566023826599e-01,-1.291101872920989990e-01,6.330739706754684448e-02,-9.728837013244628906e-02,2.775845676660537720e-02,2.135733664035797119e-01,-9.388343989849090576e-02,3.149634227156639099e-02,8.243460953235626221e-02,3.866795897483825684e-01,4.473443925380706787e-01,1.370201259851455688e-01,1.735075861215591431e-01,1.955121010541915894e-01,3.236101865768432617e-01,6.697060912847518921e-02,3.331986665725708008e-01,-2.019616067409515381e-01,1.570207066833972931e-02,-1.738707125186920166e-01,-1.311717033386230469e-01,-2.717527002096176147e-02,3.398295938968658447e-01,1.000000000000000000e+00,5.015989542007446289e-01,-1.939274817705154419e-01,8.623964339494705200e-02,1.469771862030029297e-01,1.326879411935806274e-01,4.057005047798156738e-03,1.168513670563697815e-01,4.869154095649719238e-02,5.629845708608627319e-02,-1.762968599796295166e-01,5.322220269590616226e-03,1.752412021160125732e-01,-1.905317306518554688e-01,9.196562319993972778e-02,1.395287066698074341e-01,3.505281507968902588e-01,2.024206370115280151e-01
5.824764817953109741e-02,-3.067478537559509277e-02,-7.741827517747879028e-02,5.783412605524063110e-03,-1.383351162075996399e-02,6.297797709703445435e-02,2.771879732608795166e-02,-1.194484755396842957e-01,-2.646361291408538818e-01,-1.606217585504055023e-02,-1.883533000946044922e-01,-5.394329875707626343e-02,1.749265342950820923e-01,-1.712270379066467285e-01,-2.537256777286529541e-01,3.224562481045722961e-02,-5.083193071186542511e-03,9.886128455400466919e-02,-7.042735069990158081e-02,-1.889541298151016235e-01,-1.688647419214248657e-01,1.870094686746597290e-01,8.228477090597152710e-02,4.419218897819519043e-01,-1.445819903165102005e-02,8.251237682998180389e-03,7.473231106996536255e-02,1.225177645683288574e-01,5.567317828536033630e-02,7.346056401729583740e-02,5.015989542007446289e-01,1.000000000000000000e+00,5.658388882875442505e-02,-8.064195513725280762e-02,-8.952392265200614929e-03,2.731520235538482666e-01,-1.626854687929153442e-01,-1.438459753990173340e-01,-1.474848538637161255e-01,2.020175904035568237e-01,-1.630686596035957336e-02,1.057494431734085083e-01,1.007449906319379807e-02,-2.109386026859283447e-01,1.431360095739364624e-01,9.638006240129470825e-02,5.896809697151184082e-01,5.145790576934814453e-01
