1.000000000000000000e+00,-3.552527725696563721e-02,5.025017075240612030e-03,2.349839173257350922e-02,2.345032542943954468e-01,8.411781489849090576e-02,-2.640789188444614410e-02,-6.216049194335937500e-03,2.009418904781341553e-01,2.178066223859786987e-01,1.642046123743057251e-01,1.854607909917831421e-01,3.496629297733306885e-01,8.742742985486984253e-02,1.448687016963958740e-01,2.524891495704650879e-01,1.276363879442214966e-01,1.740443706512451172e-01,1.776057630777359009e-01,2.475010156631469727e-01,3.833635449409484863e-01,3.607163727283477783e-01,3.035998642444610596e-01,9.714046865701675415e-02,-7.641980797052383423e-02,-1.328219473361968994e-01,-1.088331639766693115e-02,1.820190995931625366e-01,1.672658026218414307e-01,3.056252598762512207e-01,4.146279394626617432e-01,1.434739232063293457e-01,-6.388650089502334595e-02,2.123834788799285889e-01,-1.155822910368442535e-02,2.716512382030487061e-01,8.962824195623397827e-02,2.245485037565231323e-01,1.940911263227462769e-01,1.888274848461151123e-01,4.143662005662918091e-02,2.182509899139404297e-01,1.220802515745162964e-01,1.633944958448410034e-01,7.391139864921569824e-02,9.196388721466064453e-02,1.215610429644584656e-01,3.630303144454956055e-01
-3.552527725696563721e-02,1.000000000000000000e+00,1.727002114057540894e-02,6.130769103765487671e-02,-6.440636934712529182e-04,6.354863289743661880e-03,4.514743108302354813e-03,2.055389583110809326e-01,2.103668302297592163e-01,2.847340106964111328e-01,1.474535763263702393e-01,1.606136262416839600e-01,-2.996894344687461853e-02,9.582674503326416016e-02,1.596429646015167236e-01,1.412730198353528976e-02,-1.767679862678050995e-02,-1.729544252157211304e-02,6.059288280084729195e-04,-9.914967417716979980e-02,-2.484155632555484772e-02,3.316150978207588196e-02,-1.469008624553680420e-01,8.072230964899063110e-02,2.168461494147777557e-02,3.628834709525108337e-02,7.957424223423004150e-02,1.389949470758438110e-01,3.544116020202636719e-01,2.884794473648071289e-01,1.579817384481430054e-01,2.093452066183090210e-01,1.795514374971389771e-01,1.804279983043670654e-01,1.219130679965019226e-01,8.787178248167037964e-02,1.882695555686950684e-01,1.105659902095794678e-01,3.764519095420837402e-02,-1.098816841840744019e-01,3.157257139682769775e-01,4.153812825679779053e-01,1.445048954337835312e-03,3.599577844142913818e-01,2.685562968254089355e-01,1.994888931512832642e-01,7.398471236228942871e-02,1.208853572607040405e-01
5.025017075240612030e-03,1.727002114057540894e-02,1.000000000000000000e+00,3.668982684612274170e-01,-2.543891370296478271e-01,-1.040729880332946777e-01,-5.596283078193664551e-02,4.397595673799514771e-02,-1.607930809259414673e-01,-8.147994987666606903e-03,-1.253944039344787598e-01,-1.251145005226135254e-01,-3.937658295035362244e-02,-1.118844449520111084e-01,-7.693364471197128296e-02,3.814152628183364868e-02,-1.095634177327156067e-01,-2.628413438796997070e-01,2.501446520909667015e-03,1.784008927643299103e-02,-1.068234443664550781e-02,-1.447636783123016357e-01,1.988731175661087036e-01,5.760312452912330627e-02,-1.625385694205760956e-02,1.603251695632934570e-01,8.993929624557495117e-02,4.514445960521697998e-01,1.526713073253631592e-01,-1.246464718133211136e-02,-2.441675215959548950e-01,-4.416474327445030212e-02,-1.725642755627632141e-02,2.551174350082874298e-02,1.198821812868118286e-01,1.266452819108963013e-01,-6.834829598665237427e-02,7.109635323286056519e-02,2.966681960970163345e-03,1.839002668857574463e-01,-1.148661375045776367e-01,-5.993695557117462158e-02,2.041344903409481049e-02,-6.834432482719421387e-02,4.721598699688911438e-02,6.675519049167633057e-02,6.530126929283142090e-02,-2.441714555025100708e-01
2.349839173257350922e-02,6.130769103765487671e-02,3.668982684612274170e-01,1.000000000000000000e+00,2.551311850547790527e-01,1.245131790637969971e-01,2.304311990737915039e-01,-1.043364405632019043e-01,-1.687511503696441650e-01,-1.719368994235992432e-01,-1.454704999923706055e-01,-1.480696946382522583e-01,-9.704659692943096161e-03,-1.988120526075363159e-01,-1.689530909061431885e-01,-4.698065295815467834e-02,4.408767819404602051e-02,3.521090745925903320e-02,-1.411659717559814453e-01,-1.031391248106956482e-01,-1.182524412870407104e-01,-6.347036361694335938e-02,1.690654084086418152e-02,-3.401539102196693420e-02,-6.651634722948074341e-02,2.146420329809188843e-01,1.073260209523141384e-04,2.049037218093872070e-01,1.565478146076202393e-01,-6.290153414011001587e-02,-7.379871606826782227e-02,1.226691901683807373e-02,-2.014185674488544464e-02,5.933332443237304688e-02,3.777596354484558105e-02,8.609127253293991089e-03,-1.204275265336036682e-01,-1.525464747101068497e-02,-2.329019643366336823e-02,4.168668016791343689e-02,1.123894974589347839e-01,-1.404908299446105957e-01,-7.100490480661392212e-02,-1.803761869668960571e-01,-9.243550896644592285e-02,-1.534353196620941162e-01,2.186016552150249481e-02,-1.540615856647491455e-01
2.345032542943954468e-01,-6.440636934712529182e-04,-2.543891370296478271e-01,2.551311850547790527e-01,1.000000000000000000e+00,5.527870059013366699e-01,4.375334084033966064e-01,2.810662612318992615e-02,4.064961895346641541e-02,-1.522916108369827271e-01,5.675945430994033813e-02,-1.281860768795013428e-01,8.948974311351776123e-02,6.929203402251005173e-03,-1.548371613025665283e-01,-1.512790750712156296e-02,1.878808438777923584e-01,2.446141242980957031e-01,4.731947928667068481e-02,1.911362558603286743e-01,9.066459536552429199e-02,1.858207732439041138e-01,1.237918157130479813e-02,1.258870773017406464e-02,-1.144261956214904785e-01,-4.116423428058624268e-02,2.274286560714244843e-02,-4.028362408280372620e-02,4.517159238457679749e-02,-3.644348308444023132e-02,1.592693626880645752e-01,-8.747621625661849976e-02,4.667092487215995789e-02,2.036189734935760498e-01,2.356365090236067772e-03,3.737279772758483887e-02,-1.826878637075424194e-02,9.946795552968978882e-02,6.559791415929794312e-02,-1.557445060461759567e-02,2.547605335712432861e-01,8.414296433329582214e-03,1.022682189941406250e-01,-4.088882729411125183e-02,-3.073547966778278351e-02,-8.071433752775192261e-02,-4.080338403582572937e-02,9.168127179145812988e-02
8.411781489849090576e-02,6.354863289743661880e-03,-1.040729880332946777e-01,1.245131790637969971e-01,5.527870059013366699e-01,1.000000000000000000e+00,4.279970228672027588e-01,8.764633536338806152e-02,-7.275816053152084351e-02,-9.449176490306854248e-02,4.933988302946090698e-02,5.266057699918746948e-02,2.024072259664535522e-01,1.028600335121154785e-01,5.899687856435775757e-02,1.213147938251495361e-01,1.804320812225341797e-01,2.238074690103530884e-01,2.526307106018066406e-01,3.463216423988342285e-01,5.903838574886322021e-02,8.262800425291061401e-02,2.610324509441852570e-02,2.644057944416999817e-02,-6.256442517042160034e-02,-4.307529702782630920e-02,-1.321552228182554245e-02,1.173464506864547729e-01,-9.415008826181292534e-04,-1.111232563853263855e-01,6.487320363521575928e-02,1.979323849081993103e-02,-5.675515159964561462e-02,1.654199808835983276e-01,7.722856104373931885e-02,4.447988793253898621e-02,-8.430153131484985352e-02,5.527690052986145020e-02,1.687407940626144409e-01,2.902747876942157745e-02,2.512118816375732422e-01,8.070912212133407593e-02,3.585047423839569092e-01,-6.364999711513519287e-02,4.027174040675163269e-02,9.073822200298309326e-02,-3.563870210200548172e-03,4.785104654729366302e-03
-2.640789188444614410e-02,4.514743108302354813e-03,-5.596283078193664551e-02,2.304311990737915039e-01,4.375334084033966064e-01,4.279970228672027588e-01,1.000000000000000000e+00,1.146324202418327332e-01,7.241805642843246460e-02,-1.553284674882888794e-01,1.738857328891754150e-01,-1.198887750506401062e-01,-3.588761389255523682e-02,6.067025288939476013e-02,-1.161955222487449646e-01,2.263701148331165314e-02,5.072888135910034180e-01,1.646852940320968628e-01,1.544460505247116089e-01,2.260163873434066772e-01,2.486807992681860924e-03,8.851239085197448730e-02,1.692666709423065186e-01,-2.397948130965232849e-02,-1.641037464141845703e-01,3.038654029369354248e-01,-7.544433325529098511e-02,-7.095693051815032959e-02,1.175443306565284729e-01,5.204665660858154297e-02,3.194114938378334045e-02,-2.091199755668640137e-01,-1.339075863361358643e-01,9.631641209125518799e-02,-1.619010865688323975e-01,-7.399734854698181152e-02,-3.697299957275390625e-02,2.508916519582271576e-02,-2.038612030446529388e-03,-1.028815051540732384e-03,1.577402502298355103e-01,-1.005805507302284241e-01,7.823844999074935913e-02,-6.777324713766574860e-03,-3.267183899879455566e-02,-8.621852844953536987e-02,-4.585016518831253052e-02,-5.834328476339578629e-03
-6.216049194335937500e-03,2.055389583110809326e-01,4.397595673799514771e-02,-1.043364405632019043e-01,2.810662612318992615e-02,8.764633536338806152e-02,1.146324202418327332e-01,1.000000000000000000e+00,3.522602021694183350e-01,8.509147912263870239e-02,4.073902666568756104e-01,5.698574706912040710e-02,-1.155896112322807312e-01,3.802679777145385742e-01,2.559871673583984375e-01,5.313032120466232300e-02,-4.844576492905616760e-02,-1.953522711992263794e-01,4.005773738026618958e-02,-3.827391937375068665e-02,-6.567094475030899048e-02,-1.559236794710159302e-01,5.537860840559005737e-02,1.704634279012680054e-01,2.023711949586868286e-01,1.025260388851165771e-01,1.951385587453842163e-01,1.804099678993225098e-01,3.168273568153381348e-01,2.451495230197906494e-01,-4.287838935852050781e-02,-2.221675589680671692e-02,2.150936126708984375e-01,3.034165501594543457e-01,1.235619932413101196e-02,5.895354598760604858e-02,3.549316525459289551e-01,2.512081861495971680e-01,-1.076876074075698853e-01,1.020012721419334412e-01,1.096794456243515015e-01,1.467413753271102905e-01,1.085629407316446304e-02,3.294111788272857666e-01,1.545332670211791992e-01,8.174057304859161377e-02,-5.450630187988281250e-02,-8.069204539060592651e-02
2.009418904781341553e-01,2.103668302297592163e-01,-1.607930809259414673e-01,-1.687511503696441650e-01,4.064961895346641541e-02,-7.275816053152084351e-02,7.241805642843246460e-02,3.522602021694183350e-01,1.000000000000000000e+00,1.954756975173950195e-01,5.909315347671508789e-01,1.693845540285110474e-01,-3.829895332455635071e-02,3.871790766716003418e-01,3.002264797687530518e-01,1.894485950469970703e-01,2.043014317750930786e-01,-1.428019162267446518e-02,1.682913154363632202e-01,-1.018532738089561462e-01,8.777191489934921265e-02,1.544537246227264404e-01,2.323157489299774170e-01,8.228252083063125610e-02,2.392224268987774849e-03,-4.149646684527397156e-02,7.391590625047683716e-02,-8.544623106718063354e-02,2.391351014375686646e-01,3.503313958644866943e-01,2.038028836250305176e-01,-2.116467431187629700e-02,-2.599785104393959045e-02,2.432673275470733643e-01,-3.831589967012405396e-02,6.207889690995216370e-02,2.053616940975189209e-01,1.914749145507812500e-01,-5.991629883646965027e-02,7.612518221139907837e-02,-5.183040723204612732e-02,3.540954887866973877e-01,-1.277103126049041748e-01,5.543144345283508301e-01,7.944677770137786865e-02,-6.805446930229663849e-03,-1.036777272820472717e-01,2.744278013706207275e-01
2.178066223859786987e-01,2.847340106964111328e-01,-8.147994987666606903e-03,-1.719368994235992432e-01,-1.522916108369827271e-01,-9.449176490306854248e-02,-1.553284674882888794e-01,8.509147912263870239e-02,1.954756975173950195e-01,1.000000000000000000e+00,4.961131513118743896e-02,5.193908214569091797e-01,4.073013067245483398e-01,8.169793337583541870e-02,2.761809527873992920e-01,1.753302365541458130e-01,1.420972794294357300e-01,2.021392136812210083e-01,2.321518957614898682e-01,2.902932763099670410e-01,5.094161033630371094e-01,3.882883191108703613e-01,1.190687809139490128e-02,1.972302943468093872e-01,1.418628692626953125e-01,1.293516159057617188e-01,-5.951401963829994202e-02,1.290270984172821045e-01,1.677024960517883301e-01,3.187858164310455322e-01,4.052881002426147461e-01,3.983144164085388184e-01,7.363522890955209732e-04,8.278623223304748535e-02,1.722694784402847290e-01,1.468813270330429077e-01,1.596653312444686890e-01,6.671839207410812378e-02,7.872715592384338379e-02,7.258210331201553345e-02,5.120626091957092285e-02,5.190839767456054688e-01,4.053792953491210938e-01,3.274271488189697266e-01,5.193673968315124512e-01,6.460428237915039062e-01,2.189124673604965210e-01,2.731647789478302002e-01
1.642046123743057251e-01,1.474535763263702393e-01,-1.253944039344787598e-01,-1.454704999923706055e-01,5.675945430994033813e-02,4.933988302946090698e-02,1.738857328891754150e-01,4.073902666568756104e-01,5.909315347671508789e-01,4.961131513118743896e-02,1.000000000000000000e+00,3.619306981563568115e-01,3.148927539587020874e-02,6.130845546722412109e-01,5.043978095054626465e-01,3.330729305744171143e-01,1.294673532247543335e-01,-4.446785524487495422e-02,3.383293747901916504e-02,-1.201211512088775635e-01,-4.633781965821981430e-03,4.686475172638893127e-02,1.779843717813491821e-01,1.352298259735107422e-01,-2.111646113917231560e-03,2.800269797444343567e-02,9.218861162662506104e-02,-6.362387910485267639e-03,2.778117060661315918e-01,2.591878771781921387e-01,1.547373384237289429e-01,-7.521909475326538086e-02,6.389385554939508438e-03,2.556800246238708496e-01,-3.662098199129104614e-02,1.141123920679092407e-01,2.191108763217926025e-01,1.062764525413513184e-01,5.403635650873184204e-02,1.031575873494148254e-01,4.669880867004394531e-02,2.025489509105682373e-01,-1.539637148380279541e-01,4.018988311290740967e-01,-6.030409713275730610e-04,-1.211148947477340698e-01,-1.387416422367095947e-01,9.407518059015274048e-02
1.854607909917831421e-01,1.606136262416839600e-01,-1.251145005226135254e-01,-1.480696946382522583e-01,-1.281860768795013428e-01,5.266057699918746948e-02,-1.198887750506401062e-01,5.698574706912040710e-02,1.693845540285110474e-01,5.193908214569091797e-01,3.619306981563568115e-01,1.000000000000000000e+00,4.269822239875793457e-01,4.021263718605041504e-01,6.612703204154968262e-01,3.510277569293975830e-01,1.292535215616226196e-01,2.629892528057098389e-01,1.614160984754562378e-01,1.854543387889862061e-01,3.260301947593688965e-01,3.011748790740966797e-01,-3.536803647875785828e-02,1.630670726299285889e-01,2.965431287884712219e-02,1.311359554529190063e-01,-1.730199158191680908e-02,6.124472618103027344e-02,1.163461208343505859e-01,2.004079073667526245e-01,3.631288707256317139e-01,4.026420116424560547e-01,-3.121702931821346283e-02,1.380422264337539673e-01,1.447410732507705688e-01,1.029034256935119629e-01,1.364374309778213501e-01,5.598300695419311523e-02,1.572460979223251343e-01,4.603809863328933716e-02,8.602655678987503052e-02,3.277912437915802002e-01,2.897680997848510742e-01,2.635171115398406982e-01,2.858901023864746094e-01,2.876970767974853516e-01,1.859367638826370239e-01,2.302205860614776611e-01
3.496629297733306885e-01,-2.996894344687461853e-02,-3.937658295035362244e-02,-9.704659692943096161e-03,8.948974311351776123e-02,2.024072259664535522e-01,-3.588761389255523682e-02,-1.155896112322807312e-01,-3.829895332455635071e-02,4.073013067245483398e-01,3.148927539587020874e-02,4.269822239875793457e-01,1.000000000000000000e+00,1.425081789493560791e-01,2.209354192018508911e-01,4.156937301158905029e-01,1.848274320363998413e-01,2.586933374404907227e-01,3.058846592903137207e-01,5.265838503837585449e-01,5.659529566764831543e-01,4.192143082618713379e-01,2.391938269138336182e-01,1.702188998460769653e-01,-6.204713881015777588e-02,-3.524515777826309204e-02,-1.029675975441932678e-01,7.497030496597290039e-02,-2.224401384592056274e-02,2.265526950359344482e-01,3.737014532089233398e-01,4.051978886127471924e-01,-7.610297203063964844e-02,-6.827778997831046581e-04,1.714159399271011353e-01,2.268446832895278931e-01,6.818700581789016724e-02,5.553575232625007629e-02,3.024905920028686523e-01,2.365908026695251465e-01,8.254017680883407593e-02,2.051672190427780151e-01,3.632383346557617188e-01,1.138239726424217224e-01,1.904115825891494751e-01,3.513058423995971680e-01,2.614126205444335938e-01,2.995272278785705566e-01
8.742742985486984253e-02,9.582674503326416016e-02,-1.118844449520111084e-01,-1.988120526075363159e-01,6.929203402251005173e-03,1.028600335121154785e-01,6.067025288939476013e-02,3.802679777145385742e-01,3.871790766716003418e-01,8.169793337583541870e-02,6.130845546722412109e-01,4.021263718605041504e-01,1.425081789493560791e-01,1.000000000000000000e+00,5.577161908149719238e-01,3.351168334484100342e-01,7.052823156118392944e-02,2.817042730748653412e-02,1.397479027509689331e-01,3.559206426143646240e-02,3.440393880009651184e-02,3.979579359292984009e-02,1.076815351843833923e-01,9.083656966686248779e-02,7.813993841409683228e-03,-2.712157554924488068e-02,6.980548053979873657e-02,1.841256860643625259e-03,1.829416602849960327e-01,2.364511191844940186e-01,1.979808211326599121e-01,7.661759853363037109e-02,9.998013079166412354e-02,1.932830363512039185e-01,1.285807928070425987e-03,7.928835600614547729e-02,2.477774769067764282e-01,1.439897418022155762e-01,8.735342323780059814e-02,1.423865109682083130e-01,2.113885991275310516e-02,1.285440325736999512e-01,-4.603679478168487549e-02,3.574778139591217041e-01,4.023773595690727234e-02,-3.327813372015953064e-02,-2.358155883848667145e-02,9.828998893499374390e-02
1.448687016963958740e-01,1.596429646015167236e-01,-7.693364471197128296e-02,-1.689530909061431885e-01,-1.548371613025665283e-01,5.899687856435775757e-02,-1.161955222487449646e-01,2.559871673583984375e-01,3.002264797687530518e-01,2.761809527873992920e-01,5.043978095054626465e-01,6.612703204154968262e-01,2.209354192018508911e-01,5.577161908149719238e-01,1.000000000000000000e+00,4.342646896839141846e-01,7.652679830789566040e-02,1.021767333149909973e-01,2.514162361621856689e-01,8.347375690937042236e-02,6.679820269346237183e-02,8.509822189807891846e-02,2.089324221014976501e-02,1.223212331533432007e-01,2.699212543666362762e-02,-2.616042830049991608e-02,4.197698831558227539e-02,8.735667914152145386e-02,1.039163395762443542e-01,1.709727197885513306e-01,2.003329247236251831e-01,2.361238300800323486e-01,-1.347298268228769302e-02,2.051300555467605591e-01,1.153464540839195251e-01,8.686304092407226562e-02,1.460490524768829346e-01,2.048921436071395874e-01,1.161668747663497925e-01,2.215943671762943268e-02,6.208889931440353394e-02,2.140115946531295776e-01,1.275265514850616455e-01,3.182326853275299072e-01,1.624753773212432861e-01,8.303368091583251953e-02,8.367095887660980225e-02,1.542181968688964844e-01
2.524891495704650879e-01,1.412730198353528976e-02,3.814152628183364868e-02,-4.698065295815467834e-02,-1.512790750712156296e-02,1.213147938251495361e-01,2.263701148331165314e-02,5.313032120466232300e-02,1.894485950469970703e-01,1.753302365541458130e-01,3.330729305744171143e-01,3.510277569293975830e-01,4.156937301158905029e-01,3.351168334484100342e-01,4.342646896839141846e-01,1.000000000000000000e+00,1.758978664875030518e-01,5.019267275929450989e-02,3.015677332878112793e-01,1.963349431753158569e-01,1.560227870941162109e-01,1.783282011747360229e-01,4.486937522888183594e-01,5.735477432608604431e-02,-6.861333549022674561e-02,-1.691282689571380615e-01,-1.078415215015411377e-01,3.910534456372261047e-02,-1.103773992508649826e-02,2.092295140027999878e-01,2.439673542976379395e-01,6.658058613538742065e-02,-1.161803379654884338e-01,-2.099051512777805328e-02,7.339838892221450806e-02,2.153707891702651978e-01,3.414763137698173523e-02,1.538529992103576660e-01,4.401512444019317627e-01,2.622175216674804688e-01,7.198082655668258667e-02,2.640155553817749023e-01,6.032907962799072266e-02,2.315006554126739502e-01,4.657031223177909851e-02,4.693166539072990417e-02,1.100447550415992737e-01,1.612429320812225342e-01
1.276363879442214966e-01,-1.767679862678050995e-02,-1.095634177327156067e-01,4.408767819404602051e-02,1.878808438777923584e-01,1.804320812225341797e-01,5.072888135910034180e-01,-4.844576492905616760e-02,2.043014317750930786e-01,1.420972794294357300e-01,1.294673532247543335e-01,1.292535215616226196e-01,1.848274320363998413e-01,7.052823156118392944e-02,7.652679830789566040e-02,1.758978664875030518e-01,1.000000000000000000e+00,5.010008215904235840e-01,4.764903187751770020e-01,4.520163536071777344e-01,3.433287143707275391e-01,5.056127309799194336e-01,3.468330502510070801e-01,-1.896319095976650715e-03,-1.676601767539978027e-01,1.123858317732810974e-01,-1.302822381258010864e-01,-2.309492975473403931e-01,-1.264649629592895508e-01,7.781004160642623901e-02,3.350056111812591553e-01,8.193124085664749146e-02,-2.091376632452011108e-01,8.019197732210159302e-03,-5.031676590442657471e-02,-1.847369037568569183e-02,-2.473385771736502647e-03,3.837219253182411194e-02,1.425888389348983765e-02,9.850323945283889771e-02,-2.239813283085823059e-02,7.044538855552673340e-02,1.332203298807144165e-01,1.286057084798812866e-01,1.043451279401779175e-01,8.600752055644989014e-02,1.438148468732833862e-01,3.663585186004638672e-01
1.740443706512451172e-01,-1.729544252157211304e-02,-2.628413438796997070e-01,3.521090745925903320e-02,2.446141242980957031e-01,2.238074690103530884e-01,1.646852940320968628e-01,-1.953522711992263794e-01,-1.428019162267446518e-02,2.021392136812210083e-01,-4.446785524487495422e-02,2.629892528057098389e-01,2.586933374404907227e-01,2.817042730748653412e-02,1.021767333149909973e-01,5.019267275929450989e-02,5.010008215904235840e-01,1.000000000000000000e+00,2.033038884401321411e-01,3.738634884357452393e-01,3.835649788379669189e-01,6.332908272743225098e-01,-1.818075031042098999e-02,-1.179115287959575653e-02,-3.220997378230094910e-02,-6.216977164149284363e-02,-1.731966286897659302e-01,-2.543860077857971191e-01,-1.985509693622589111e-01,-9.444109350442886353e-02,5.101792216300964355e-01,3.177076578140258789e-01,-8.762333542108535767e-02,-2.896692231297492981e-02,6.971375644207000732e-02,-5.317079648375511169e-02,-4.445999860763549805e-02,-4.458094015717506409e-02,8.227215730585157871e-04,-5.293884873390197754e-02,4.679765552282333374e-02,1.186410523951053619e-02,2.707561850547790527e-01,4.000566899776458740e-03,1.325339078903198242e-01,1.538262516260147095e-01,2.159894704818725586e-01,3.611836135387420654e-01
1.776057630777359009e-01,6.059288280084729195e-04,2.501446520909667015e-03,-1.411659717559814453e-01,4.731947928667068481e-02,2.526307106018066406e-01,1.544460505247116089e-01,4.005773738026618958e-02,1.682913154363632202e-01,2.321518957614898682e-01,3.383293747901916504e-02,1.614160984754562378e-01,3.058846592903137207e-01,1.397479027509689331e-01,2.514162361621856689e-01,3.015677332878112793e-01,4.764903187751770020e-01,2.033038884401321411e-01,1.000000000000000000e+00,5.571345090866088867e-01,2.988619804382324219e-01,3.041359186172485352e-01,3.248052299022674561e-01,1.141502335667610168e-01,-1.209030747413635254e-01,-1.159860566258430481e-01,-9.788707643747329712e-02,-1.213293615728616714e-02,-2.324561178684234619e-01,1.089954897761344910e-01,1.927490979433059692e-01,2.427042871713638306e-01,-1.510639935731887817e-01,2.134665660560131073e-02,4.083963483572006226e-02,7.458607852458953857e-02,-5.060200020670890808e-02,1.958704590797424316e-01,1.355665177106857300e-01,1.775669306516647339e-01,-4.907188192009925842e-02,2.630667090415954590e-01,3.451284170150756836e-01,1.914494335651397705e-01,1.858103871345520020e-01,2.370349317789077759e-01,2.108417153358459473e-01,3.888930976390838623e-01
2.475010156631469727e-01,-9.914967417716979980e-02,1.784008927643299103e-02,-1.031391248106956482e-01,1.911362558603286743e-01,3.463216423988342285e-01,2.260163873434066772e-01,-3.827391937375068665e-02,-1.018532738089561462e-01,2.902932763099670410e-01,-1.201211512088775635e-01,1.854543387889862061e-01,5.265838503837585449e-01,3.559206426143646240e-02,8.347375690937042236e-02,1.963349431753158569e-01,4.520163536071777344e-01,3.738634884357452393e-01,5.571345090866088867e-01,1.000000000000000000e+00,6.267828941345214844e-01,4.406768083572387695e-01,2.867103219032287598e-01,1.288834512233734131e-01,-1.332211643457412720e-01,-1.053562909364700317e-01,-1.129295825958251953e-01,2.198158577084541321e-02,-1.934822946786880493e-01,6.234370172023773193e-03,2.631135880947113037e-01,2.636181116104125977e-01,-1.536650657653808594e-01,1.134604401886463165e-02,4.827154055237770081e-02,1.114588826894760132e-01,3.292424231767654419e-02,9.652812778949737549e-02,1.501341313123703003e-01,1.767350435256958008e-01,4.249001294374465942e-02,3.962045162916183472e-02,4.817706644535064697e-01,-2.398111857473850250e-02,1.970025151968002319e-01,3.929989933967590332e-01,2.847807109355926514e-01,2.793501913547515869e-01
3.833635449409484863e-01,-2.484155632555484772e-02,-1.068234443664550781e-02,-1.182524412870407104e-01,9.066459536552429199e-02,5.903838574886322021e-02,2.486807992681860924e-03,-6.567094475030899048e-02,8.777191489934921265e-02,5.094161033630371094e-01,-4.633781965821981430e-03,3.260301947593688965e-01,5.659529566764831543e-01,3.440393880009651184e-02,6.679820269346237183e-02,1.560227870941162109e-01,3.433287143707275391e-01,3.835649788379669189e-01,2.988619804382324219e-01,6.267828941345214844e-01,1.000000000000000000e+00,5.959577560424804688e-01,2.450414150953292847e-01,2.859875857830047607e-01,-9.187472611665725708e-02,-8.801038376986980438e-03,-1.040917113423347473e-01,1.782161928713321686e-02,-5.076064728200435638e-03,1.989985406398773193e-01,5.070959329605102539e-01,3.697498142719268799e-01,-1.273336559534072876e-01,2.620681561529636383e-02,9.952241182327270508e-02,2.261296361684799194e-01,1.030236110091209412e-01,1.425059139728546143e-02,1.195903420448303223e-01,2.672284841537475586e-01,5.923269316554069519e-03,2.184456288814544678e-01,3.781702220439910889e-01,1.115689873695373535e-01,2.766704261302947998e-01,4.633779823780059814e-01,2.992959022521972656e-01,3.717591762542724609e-01
3.607163727283477783e-01,3.316150978207588196e-02,-1.447636783123016357e-01,-6.347036361694335938e-02,1.858207732439041138e-01,8.262800425291061401e-02,8.851239085197448730e-02,-1.559236794710159302e-01,1.544537246227264404e-01,3.882883191108703613e-01,4.686475172638893127e-02,3.011748790740966797e-01,4.192143082618713379e-01,3.979579359292984009e-02,8.509822189807891846e-02,1.783282011747360229e-01,5.056127309799194336e-01,6.332908272743225098e-01,3.041359186172485352e-01,4.406768083572387695e-01,5.959577560424804688e-01,1.000000000000000000e+00,2.428387254476547241e-01,1.210220083594322205e-01,-1.055373847484588623e-01,-4.689412936568260193e-02,-1.460272818803787231e-01,-1.447779089212417603e-01,-1.343760192394256592e-01,1.079939082264900208e-01,5.632970333099365234e-01,3.174797594547271729e-01,-1.211865842342376709e-01,-2.496421150863170624e-02,1.218634918332099915e-01,7.897482812404632568e-02,-7.853153161704540253e-03,1.394873950630426407e-02,1.219576895236968994e-01,9.261004626750946045e-02,4.605783149600028992e-02,2.673620581626892090e-01,1.787161827087402344e-01,1.443196237087249756e-01,1.949038505554199219e-01,2.685834467411041260e-01,2.261721342802047729e-01,5.889205336570739746e-01
3.035998642444610596e-01,-1.469008624553680420e-01,1.988731175661087036e-01,1.690654084086418152e-02,1.237918157130479813e-02,2.610324509441852570e-02,1.692666709423065186e-01,5.537860840559005737e-02,2.323157489299774170e-01,1.190687809139490128e-02,1.779843717813491821e-01,-3.536803647875785828e-02,2.391938269138336182e-01,1.076815351843833923e-01,2.089324221014976501e-02,4.486937522888183594e-01,3.468330502510070801e-01,-1.818075031042098999e-02,3.248052299022674561e-01,2.867103219032287598e-01,2.450414150953292847e-01,2.428387254476547241e-01,1.000000000000000000e+00,1.931876093149185181e-01,-1.893304288387298584e-01,-1.353297084569931030e-01,-6.181507185101509094e-02,5.355432257056236267e-02,-7.816190272569656372e-02,1.492078006267547607e-01,9.120153635740280151e-02,-1.222162619233131409e-01,-2.334873527288436890e-01,-2.435078658163547516e-02,-6.884060800075531006e-02,3.322978317737579346e-01,-6.033942475914955139e-02,1.180396825075149536e-01,2.871680259704589844e-01,5.056972503662109375e-01,-5.028031393885612488e-02,8.854323625564575195e-02,-6.473982334136962891e-02,1.373282074928283691e-01,-4.939447343349456787e-02,1.315846014767885208e-02,7.285349816083908081e-02,2.452699393033981323e-01
9.714046865701675415e-02,8.072230964899063110e-02,5.760312452912330627e-02,-3.401539102196693420e-02,1.258870773017406464e-02,2.644057944416999817e-02,-2.397948130965232849e-02,1.704634279012680054e-01,8.228252083063125610e-02,1.972302943468093872e-01,1.352298259735107422e-01,1.630670726299285889e-01,1.702188998460769653e-01,9.083656966686248779e-02,1.223212331533432007e-01,5.735477432608604431e-02,-1.896319095976650715e-03,-1.179115287959575653e-02,1.141502335667610168e-01,1.288834512233734131e-01,2.859875857830047607e-01,1.210220083594322205e-01,1.931876093149185181e-01,1.000000000000000000e+00,3.132707253098487854e-02,8.823280781507492065e-02,-2.363022044301033020e-02,1.861657947301864624e-01,1.655407845973968506e-01,1.889581680297851562e-01,1.817947328090667725e-01,2.806311249732971191e-01,8.806825615465641022e-03,9.233426302671432495e-02,1.905260533094406128e-01,4.843863248825073242e-01,6.780464202165603638e-02,8.373188227415084839e-02,1.751254349946975708e-01,3.986710906028747559e-01,5.386302992701530457e-02,1.193530336022377014e-01,1.662874519824981689e-01,8.786929398775100708e-02,1.198204830288887024e-01,2.467571347951889038e-01,2.747167944908142090e-01,1.017217785120010376e-01
-7.641980797052383423e-02,2.168461494147777557e-02,-1.625385694205760956e-02,-6.651634722948074341e-02,-1.144261956214904785e-01,-6.256442517042160034e-02,-1.641037464141845703e-01,2.023711949586868286e-01,2.392224268987774849e-03,1.418628692626953125e-01,-2.111646113917231560e-03,2.965431287884712219e-02,-6.204713881015777588e-02,7.813993841409683228e-03,2.699212543666362762e-02,-6.861333549022674561e-02,-1.676601767539978027e-01,-3.220997378230094910e-02,-1.209030747413635254e-01,-1.332211643457412720e-01,-9.187472611665725708e-02,-1.055373847484588623e-01,-1.893304288387298584e-01,3.132707253098487854e-02,1.000000000000000000e+00,4.057354107499122620e-02,1.347745396196842194e-02,4.899166896939277649e-02,-1.975877769291400909e-02,-6.784279644489288330e-02,-8.748822659254074097e-02,2.426152117550373077e-02,3.465695083141326904e-01,-2.580264024436473846e-02,4.871933534741401672e-02,-5.540017411112785339e-02,8.086261153221130371e-02,-1.364001631736755371e-01,-1.694441735744476318e-01,-5.580580607056617737e-02,-3.249568864703178406e-02,3.243156522512435913e-02,8.182075619697570801e-02,6.417098641395568848e-02,5.799042433500289917e-02,1.797640472650527954e-01,-5.108010396361351013e-02,-1.069474443793296814e-01
-1.328219473361968994e-01,3.628834709525108337e-02,1.603251695632934570e-01,2.146420329809188843e-01,-4.116423428058624268e-02,-4.307529702782630920e-02,3.038654029369354248e-01,1.025260388851165771e-01,-4.149646684527397156e-02,1.293516159057617188e-01,2.800269797444343567e-02,1.311359554529190063e-01,-3.524515777826309204e-02,-2.712157554924488068e-02,-2.616042830049991608e-02,-1.691282689571380615e-01,1.123858317732810974e-01,-6.216977164149284363e-02,-1.159860566258430481e-01,-1.053562909364700317e-01,-8.801038376986980438e-03,-4.689412936568260193e-02,-1.353297084569931030e-01,8.823280781507492065e-02,4.057354107499122620e-02,1.000000000000000000e+00,5.910442024469375610e-02,1.374400556087493896e-01,2.590741217136383057e-01,1.910782754421234131e-01,-2.039584890007972717e-02,-2.449718303978443146e-03,1.798441074788570404e-02,1.393469870090484619e-01,-1.506054867058992386e-02,-2.155764959752559662e-02,6.540376693010330200e-02,-5.271204933524131775e-02,-1.378689259290695190e-01,5.291315913200378418e-02,-1.034965366125106812e-02,-4.732496663928031921e-02,4.477534070611000061e-02,1.511885412037372589e-02,1.577248126268386841e-01,4.747611284255981445e-02,4.908252879977226257e-02,-1.533996313810348511e-01
-1.088331639766693115e-02,7.957424223423004150e-02,8.993929624557495117e-02,1.073260209523141384e-04,2.274286560714244843e-02,-1.321552228182554245e-02,-7.544433325529098511e-02,1.951385587453842163e-01,7.391590625047683716e-02,-5.951401963829994202e-02,9.218861162662506104e-02,-1.730199158191680908e-02,-1.029675975441932678e-01,6.980548053979873657e-02,4.197698831558227539e-02,-1.078415215015411377e-01,-1.302822381258010864e-01,-1.731966286897659302e-01,-9.788707643747329712e-02,-1.129295825958251953e-01,-1.040917113423347473e-01,-1.460272818803787231e-01,-6.181507185101509094e-02,-2.363022044301033020e-02,1.347745396196842194e-02,5.910442024469375610e-02,1.000000000000000000e+00,1.017586886882781982e-01,1.315583139657974243e-01,-8.950235322117805481e-03,-7.153103500604629517e-02,-3.021965362131595612e-02,4.995093941688537598e-01,2.087469696998596191e-01,-3.972273319959640503e-02,1.743952929973602295e-02,2.634179294109344482e-01,6.694907695055007935e-02,-6.151632219552993774e-02,-3.130645491182804108e-03,7.928362488746643066e-02,-4.932850599288940430e-02,-9.517398476600646973e-02,4.396829754114151001e-02,6.950162351131439209e-02,-7.199349999427795410e-02,-1.036784350872039795e-01,-1.139361038804054260e-01
1.820190995931625366e-01,1.389949470758438110e-01,4.514445960521697998e-01,2.049037218093872070e-01,-4.028362408280372620e-02,1.173464506864547729e-01,-7.095693051815032959e-02,1.804099678993225098e-01,-8.544623106718063354e-02,1.290270984172821045e-01,-6.362387910485267639e-03,6.124472618103027344e-02,7.497030496597290039e-02,1.841256860643625259e-03,8.735667914152145386e-02,3.910534456372261047e-02,-2.309492975473403931e-01,-2.543860077857971191e-01,-1.213293615728616714e-02,2.198158577084541321e-02,1.782161928713321686e-02,-1.447779089212417603e-01,5.355432257056236267e-02,1.861657947301864624e-01,4.899166896939277649e-02,1.374400556087493896e-01,1.017586886882781982e-01,1.000000000000000000e+00,4.524556398391723633e-01,1.706088334321975708e-01,-7.656455039978027344e-02,6.267763674259185791e-02,8.386801183223724365e-02,2.684781849384307861e-01,1.729386597871780396e-01,1.849078983068466187e-01,-1.198117434978485107e-02,2.295742481946945190e-01,1.007386595010757446e-01,9.922003000974655151e-02,1.572302281856536865e-01,1.720745861530303955e-01,1.716022044420242310e-01,4.068595916032791138e-02,1.519442051649093628e-01,1.751069426536560059e-01,6.308142840862274170e-02,-9.076952934265136719e-02
1.672658026218414307e-01,3.544116020202636719e-01,1.526713073253631592e-01,1.565478146076202393e-01,4.517159238457679749e-02,-9.415008826181292534e-04,1.175443306565284729e-01,3.168273568153381348e-01,2.391351014375686646e-01,1.677024960517883301e-01,2.778117060661315918e-01,1.163461208343505859e-01,-2.224401384592056274e-02,1.829416602849960327e-01,1.039163395762443542e-01,-1.103773992508649826e-02,-1.264649629592895508e-01,-1.985509693622589111e-01,-2.324561178684234619e-01,-1.934822946786880493e-01,-5.076064728200435638e-03,-1.343760192394256592e-01,-7.816190272569656372e-02,1.655407845973968506e-01,-1.975877769291400909e-02,2.590741217136383057e-01,1.315583139657974243e-01,4.524556398391723633e-01,1.000000000000000000e+00,5.429159402847290039e-01,1.460571289062500000e-01,8.762360364198684692e-02,1.913381069898605347e-01,3.025572896003723145e-01,1.154856905341148376e-01,1.052956283092498779e-01,2.089444100856781006e-01,2.194741368293762207e-01,1.143699418753385544e-02,5.347912199795246124e-03,1.909802258014678955e-01,2.342431843280792236e-01,1.134086214005947113e-02,2.640868425369262695e-01,2.266787439584732056e-01,1.027980372309684753e-01,8.271921979030594230e-05,-2.057417109608650208e-02
3.056252598762512207e-01,2.884794473648071289e-01,-1.246464718133211136e-02,-6.290153414011001587e-02,-3.644348308444023132e-02,-1.111232563853263855e-01,5.204665660858154297e-02,2.451495230197906494e-01,3.503313958644866943e-01,3.187858164310455322e-01,2.591878771781921387e-01,2.004079073667526245e-01,2.265526950359344482e-01,2.364511191844940186e-01,1.709727197885513306e-01,2.092295140027999878e-01,7.781004160642623901e-02,-9.444109350442886353e-02,1.089954897761344910e-01,6.234370172023773193e-03,1.989985406398773193e-01,1.079939082264900208e-01,1.492078006267547607e-01,1.889581680297851562e-01,-6.784279644489288330e-02,1.910782754421234131e-01,-8.950235322117805481e-03,1.706088334321975708e-01,5.429159402847290039e-01,1.000000000000000000e+00,3.696291446685791016e-01,1.831282377243041992e-01,1.272578537464141846e-01,1.375146508216857910e-01,9.828213602304458618e-02,1.848300248384475708e-01,2.708515226840972900e-01,2.610391974449157715e-01,1.395917981863021851e-01,1.656453609466552734e-01,9.213818609714508057e-02,3.802701234817504883e-01,2.303509414196014404e-02,4.267598390579223633e-01,2.879362106323242188e-01,1.662405431270599365e-01,1.300112754106521606e-01,2.963548600673675537e-01
4.146279394626617432e-01,1.579817384481430054e-01,-2.441675215959548950e-01,-7.379871606826782227e-02,1.592693626880645752e-01,6.487320363521575928e-02,3.194114938378334045e-02,-4.287838935852050781e-02,2.038028836250305176e-01,4.052881002426147461e-01,1.547373384237289429e-01,3.631288707256317139e-01,3.737014532089233398e-01,1.979808211326599121e-01,2.003329247236251831e-01,2.439673542976379395e-01,3.350056111812591553e-01,5.101792216300964355e-01,1.927490979433059692e-01,2.631135880947113037e-01,5.070959329605102539e-01,5.632970333099365234e-01,9.120153635740280151e-02,1.817947328090667725e-01,-8.748822659254074097e-02,-2.039584890007972717e-02,-7.153103500604629517e-02,-7.656455039978027344e-02,1.460571289062500000e-01,3.696291446685791016e-01,1.000000000000000000e+00,4.191406667232513428e-01,8.014008402824401855e-03,6.226690486073493958e-02,1.116383522748947144e-01,2.029150128364562988e-01,2.198411822319030762e-01,3.838859871029853821e-02,1.793271005153656006e-01,1.936454921960830688e-01,1.418532729148864746e-01,3.365084230899810791e-01,1.862701326608657837e-01,2.210056036710739136e-01,2.675287425518035889e-01,2.635627388954162598e-01,3.378736078739166260e-01,4.106045663356781006e-01
1.434739232063293457e-01,2.093452066183090210e-01,-4.416474327445030212e-02,1.226691901683807373e-02,-8.747621625661849976e-02,1.979323849081993103e-02,-2.091199755668640137e-01,-2.221675589680671692e-02,-2.116467431187629700e-02,3.983144164085388184e-01,-7.521909475326538086e-02,4.026420116424560547e-01,4.051978886127471924e-01,7.661759853363037109e-02,2.361238300800323486e-01,6.658058613538742065e-02,8.193124085664749146e-02,3.177076578140258789e-01,2.427042871713638306e-01,2.636181116104125977e-01,3.697498142719268799e-01,3.174797594547271729e-01,-1.222162619233131409e-01,2.806311249732971191e-01,2.426152117550373077e-02,-2.449718303978443146e-03,-3.021965362131595612e-02,6.267763674259185791e-02,8.762360364198684692e-02,1.831282377243041992e-01,4.191406667232513428e-01,1.000000000000000000e+00,1.202035695314407349e-01,2.066689077764749527e-03,1.973827481269836426e-01,7.719068974256515503e-02,1.502350270748138428e-01,5.734379962086677551e-02,3.304651752114295959e-02,9.923148155212402344e-02,5.824096128344535828e-02,2.284273654222488403e-01,3.300435543060302734e-01,9.684552252292633057e-02,2.727653384208679199e-01,3.428263664245605469e-01,3.865305185317993164e-01,3.376020789146423340e-01
