1.000000000000000000e+00,-8.276328444480895996e-02,5.126059055328369141e-01,6.094948649406433105e-01,4.001808464527130127e-01,4.480204582214355469e-01,1.469508111476898193e-01,-3.017636016011238098e-02,-5.170943215489387512e-02,7.409367710351943970e-02,-1.342146545648574829e-01,-5.290498584508895874e-02,-2.134583294391632080e-01,-4.544215276837348938e-02,-1.314276754856109619e-01,-1.862570792436599731e-01,3.177192062139511108e-02,-3.194433152675628662e-01,1.202669069170951843e-01,1.142793055623769760e-02,5.401831492781639099e-02,-3.197065591812133789e-01,-3.858350813388824463e-01,-1.108890101313591003e-01,1.256444603204727173e-01,-9.048356674611568451e-03,9.842541813850402832e-02,6.926059722900390625e-01,2.089230120182037354e-01,-6.017909198999404907e-02,-3.130202889442443848e-01,-5.261185020208358765e-02,2.132995128631591797e-01,-1.693800091743469238e-01,-2.424582391977310181e-01,-1.244313642382621765e-01,4.542247205972671509e-02,-1.585615277290344238e-01,-2.790832519531250000e-01,-3.413552045822143555e-01,2.566867768764495850e-01,5.359895154833793640e-02,-9.643997997045516968e-02,1.060694605112075806e-01,-1.213667169213294983e-01,-3.887414466589689255e-03,-4.354977607727050781e-02,-2.859932184219360352e-01
-8.276328444480895996e-02,1.000000000000000000e+00,-1.508738193660974503e-02,-1.048731729388237000e-01,2.384329438209533691e-01,8.138157427310943604e-02,2.601634263992309570e-01,1.188888028264045715e-01,-1.479051262140274048e-01,-2.439649589359760284e-02,-1.147395372390747070e-01,-8.071895688772201538e-02,-7.401247508823871613e-03,1.492624133825302124e-01,1.078538149595260620e-01,8.206132054328918457e-02,2.192322611808776855e-01,2.323004007339477539e-01,1.488548368215560913e-01,1.805128157138824463e-01,-2.246360667049884796e-02,1.122759282588958740e-01,9.917563945055007935e-02,3.643845915794372559e-01,-1.008440181612968445e-02,3.281319141387939453e-01,2.145113348960876465e-01,1.103183925151824951e-01,5.014903545379638672e-01,2.505260705947875977e-01,2.525832056999206543e-01,1.505668163299560547e-01,1.583832055330276489e-01,1.887697130441665649e-01,1.688086092472076416e-01,3.677178621292114258e-01,2.550436258316040039e-01,1.460239440202713013e-01,1.840827912092208862e-01,2.261058986186981201e-01,4.631520211696624756e-01,3.899595737457275391e-01,3.808610439300537109e-01,4.956602752208709717e-01,5.632274746894836426e-01,2.719177603721618652e-01,2.601816654205322266e-01,2.929770946502685547e-01
5.126059055328369141e-01,-1.508738193660974503e-02,1.000000000000000000e+00,5.390616655349731445e-01,2.053496092557907104e-01,3.040878176689147949e-01,4.430955946445465088e-01,9.688784927129745483e-02,5.460457131266593933e-02,1.040898486971855164e-01,1.248088777065277100e-01,2.078153192996978760e-01,-1.068691536784172058e-02,1.633470505475997925e-01,1.795018762350082397e-01,5.788231641054153442e-02,3.306731879711151123e-01,6.533639132976531982e-02,2.048126906156539917e-01,8.633590489625930786e-02,1.658976525068283081e-01,-1.108016539365053177e-02,-1.132617220282554626e-01,-9.837880730628967285e-02,1.002346351742744446e-01,3.434156775474548340e-01,1.108584254980087280e-01,5.674816370010375977e-01,2.355504781007766724e-01,2.036394625902175903e-01,-3.326328843832015991e-02,-8.306122571229934692e-02,1.502432823181152344e-01,7.360281795263290405e-02,-8.221243321895599365e-02,-2.274426445364952087e-02,2.653701305389404297e-01,1.589559167623519897e-01,-8.583665639162063599e-02,-3.755026683211326599e-02,2.303648591041564941e-01,1.687412559986114502e-01,8.133120834827423096e-02,2.510716021060943604e-01,4.262160509824752808e-02,1.505602747201919556e-01,-1.031358093023300171e-01,-5.473231896758079529e-02
6.094948649406433105e-01,-1.048731729388237000e-01,5.390616655349731445e-01,1.000000000000000000e+00,3.722530603408813477e-01,5.278314948081970215e-01,3.418480455875396729e-01,-2.461728006601333618e-01,-6.641452759504318237e-02,3.814857080578804016e-02,-1.683471798896789551e-01,-5.334287136793136597e-02,-1.081214621663093567e-01,-1.662362813949584961e-01,-4.316588118672370911e-02,1.270274668931961060e-01,1.870757043361663818e-01,1.720548607409000397e-03,3.267760574817657471e-01,2.490641176700592041e-01,2.147009372711181641e-01,5.505603179335594177e-02,-1.990729868412017822e-01,-1.174244955182075500e-01,-2.744141817092895508e-01,2.189799956977367401e-02,-1.048038303852081299e-01,5.063152909278869629e-01,6.912416219711303711e-02,7.682409882545471191e-02,-3.436088562011718750e-02,1.241983659565448761e-02,-2.384675294160842896e-01,-2.067870050668716431e-01,-8.320648968219757080e-02,-7.966890186071395874e-02,7.728441804647445679e-02,-3.183257952332496643e-02,-2.214288562536239624e-01,-2.099524885416030884e-01,3.653819859027862549e-02,-4.227001219987869263e-02,-1.009705364704132080e-01,6.498648226261138916e-02,-1.138283386826515198e-01,-4.960403218865394592e-02,-7.989879697561264038e-02,-8.528328686952590942e-02
4.001808464527130127e-01,2.384329438209533691e-01,2.053496092557907104e-01,3.722530603408813477e-01,1.000000000000000000e+00,6.014633178710937500e-01,2.170885950326919556e-01,-1.701278612017631531e-02,2.395908720791339874e-02,1.067992001771926880e-01,-1.092823594808578491e-01,9.766083955764770508e-02,1.464327424764633179e-01,2.288568168878555298e-01,2.463517189025878906e-01,2.808416485786437988e-01,6.597426533699035645e-02,4.568885266780853271e-02,1.222858503460884094e-01,3.107767999172210693e-01,2.618520557880401611e-01,1.322076916694641113e-01,-1.026047393679618835e-01,-9.847868233919143677e-02,-3.237597644329071045e-02,1.127467975020408630e-01,6.381687521934509277e-02,2.220050245523452759e-01,2.235969752073287964e-01,-5.684760212898254395e-02,-1.116403341293334961e-01,-1.123836115002632141e-01,8.768035471439361572e-02,-6.127670407295227051e-02,-6.863027811050415039e-02,-1.203854382038116455e-01,3.025041818618774414e-01,1.620991714298725128e-02,-2.166440784931182861e-01,-1.756368279457092285e-01,3.052447140216827393e-01,2.743295729160308838e-01,1.067806705832481384e-01,2.046541124582290649e-01,1.541466712951660156e-01,2.966472208499908447e-01,-2.517924644052982330e-02,-1.102498173713684082e-01
4.480204582214355469e-01,8.138157427310943604e-02,3.040878176689147949e-01,5.278314948081970215e-01,6.014633178710937500e-01,1.000000000000000000e+00,3.930172622203826904e-01,4.634152166545391083e-03,2.131418287754058838e-01,1.942127048969268799e-01,9.837303310632705688e-03,1.340608298778533936e-01,9.588098526000976562e-02,1.032784134149551392e-01,9.898715466260910034e-02,2.018163204193115234e-01,1.523294448852539062e-01,-8.657025173306465149e-03,2.064660489559173584e-01,1.096655726432800293e-01,6.358046829700469971e-02,-6.925804167985916138e-02,-8.852946013212203979e-02,-2.177653610706329346e-01,-1.494840532541275024e-01,6.961836665868759155e-02,-7.769183814525604248e-02,3.396849632263183594e-01,1.082521281205117702e-03,-6.015183031558990479e-02,-1.855939626693725586e-01,-1.265779584646224976e-01,-2.389425411820411682e-02,-7.481453567743301392e-02,-9.606591612100601196e-02,-1.687833219766616821e-01,1.235765218734741211e-01,7.245987653732299805e-02,-2.042365521192550659e-01,-1.187727823853492737e-01,2.594664990901947021e-01,2.358003556728363037e-01,7.557959854602813721e-02,1.492788493633270264e-01,8.134260773658752441e-02,2.478210479021072388e-01,-1.229150146245956421e-01,-1.264214515686035156e-01
1.469508111476898193e-01,2.601634263992309570e-01,4.430955946445465088e-01,3.418480455875396729e-01,2.170885950326919556e-01,3.930172622203826904e-01,1.000000000000000000e+00,2.363890036940574646e-02,8.710049837827682495e-02,1.380969285964965820e-01,-2.212372049689292908e-02,-3.120343387126922607e-02,-5.883632227778434753e-02,7.952171564102172852e-02,1.111367791891098022e-01,8.753361552953720093e-02,7.701928615570068359e-01,4.499399363994598389e-01,4.519080519676208496e-01,2.700460255146026611e-01,-9.787549264729022980e-03,5.541170760989189148e-02,3.656939417123794556e-02,7.822338491678237915e-02,-5.755899101495742798e-02,5.363247990608215332e-01,8.429631590843200684e-02,3.382060527801513672e-01,2.375700473785400391e-01,1.892601847648620605e-01,1.512334793806076050e-01,2.554070577025413513e-02,-5.168523266911506653e-02,6.494519114494323730e-02,-1.267725252546370029e-03,1.082271412014961243e-01,2.937327027320861816e-01,1.389081478118896484e-01,-3.770356997847557068e-02,1.006436496973037720e-01,3.671378791332244873e-01,5.452643632888793945e-01,4.902135431766510010e-01,3.653452694416046143e-01,3.804230391979217529e-01,4.395307600498199463e-01,3.123479336500167847e-02,9.193258732557296753e-02
-3.017636016011238098e-02,1.188888028264045715e-01,9.688784927129745483e-02,-2.461728006601333618e-01,-1.701278612017631531e-02,4.634152166545391083e-03,2.363890036940574646e-02,1.000000000000000000e+00,4.932442605495452881e-01,4.545345604419708252e-01,5.942351818084716797e-01,4.576361179351806641e-01,2.814839780330657959e-01,4.805394411087036133e-01,8.024298399686813354e-02,4.202422127127647400e-02,6.467510759830474854e-02,4.699378460645675659e-02,-1.549332886934280396e-01,-2.586928009986877441e-01,-1.018976122140884399e-01,-6.730540096759796143e-02,1.933934688568115234e-01,-9.499736875295639038e-02,2.969558835029602051e-01,1.117662936449050903e-01,1.290532797574996948e-01,1.047305483371019363e-02,3.440011292695999146e-02,-4.503094777464866638e-02,-1.115681901574134827e-01,-2.134278714656829834e-01,4.236271083354949951e-01,3.528541922569274902e-01,1.307181715965270996e-01,-3.344273939728736877e-02,2.841259539127349854e-01,2.037765979766845703e-01,1.582019031047821045e-01,1.148137077689170837e-01,2.220937162637710571e-01,1.423741430044174194e-01,7.981155067682266235e-02,3.205938935279846191e-01,2.077314704656600952e-01,2.407833337783813477e-01,-1.124263703823089600e-01,-3.344821184873580933e-02
-5.170943215489387512e-02,-1.479051262140274048e-01,5.460457131266593933e-02,-6.641452759504318237e-02,2.395908720791339874e-02,2.131418287754058838e-01,8.710049837827682495e-02,4.932442605495452881e-01,1.000000000000000000e+00,6.288433074951171875e-01,6.044059395790100098e-01,5.444839000701904297e-01,3.709459602832794189e-01,2.412997782230377197e-01,5.366263445466756821e-03,8.012177795171737671e-02,9.488227963447570801e-02,5.171910300850868225e-02,-1.427938789129257202e-01,-2.729781568050384521e-01,-9.937428869307041168e-03,3.089261427521705627e-02,6.386671215295791626e-02,-1.666369885206222534e-01,6.491026282310485840e-02,-5.264521762728691101e-02,-4.947645589709281921e-02,-8.998905867338180542e-02,-1.635704189538955688e-01,6.737335771322250366e-02,-1.831753924489021301e-02,-6.771649420261383057e-02,1.181361377239227295e-01,4.621081799268722534e-02,1.203406229615211487e-01,-8.451410382986068726e-02,1.442072093486785889e-01,8.524086326360702515e-02,-3.931686654686927795e-02,-1.456753537058830261e-02,-1.557667180895805359e-02,1.640816926956176758e-01,8.136458694934844971e-02,2.281760275363922119e-01,1.399967521429061890e-01,3.031678497791290283e-01,-5.998175963759422302e-02,-9.957072138786315918e-02
7.409367710351943970e-02,-2.439649589359760284e-02,1.040898486971855164e-01,3.814857080578804016e-02,1.067992001771926880e-01,1.942127048969268799e-01,1.380969285964965820e-01,4.545345604419708252e-01,6.288433074951171875e-01,1.000000000000000000e+00,4.792308211326599121e-01,4.917156696319580078e-01,5.546922087669372559e-01,2.554717063903808594e-01,-5.693261697888374329e-02,4.651661217212677002e-02,1.937804669141769409e-01,1.372029036283493042e-01,-5.358245223760604858e-02,1.600693538784980774e-02,1.949941068887710571e-01,1.232708096504211426e-01,1.393126547336578369e-01,-1.559776961803436279e-01,-5.849246308207511902e-02,-4.278896749019622803e-02,-1.522255409508943558e-02,3.510645776987075806e-02,9.664461016654968262e-03,1.647879630327224731e-01,1.497992724180221558e-01,-3.333770856261253357e-02,1.451630517840385437e-02,-3.296851366758346558e-02,1.229304373264312744e-01,-1.394256949424743652e-01,2.122647762298583984e-01,-1.619151420891284943e-02,-4.200251400470733643e-02,-1.343798339366912842e-01,1.031229048967361450e-01,1.787658184766769409e-01,1.617883294820785522e-01,3.587086200714111328e-01,1.948731392621994019e-01,3.973103165626525879e-01,-7.307779509574174881e-03,-2.506580650806427002e-01
-1.342146545648574829e-01,-1.147395372390747070e-01,1.248088777065277100e-01,-1.683471798896789551e-01,-1.092823594808578491e-01,9.837303310632705688e-03,-2.212372049689292908e-02,5.942351818084716797e-01,6.044059395790100098e-01,4.792308211326599121e-01,1.000000000000000000e+00,6.363216638565063477e-01,4.400871694087982178e-01,4.103786647319793701e-01,1.655170917510986328e-01,1.756447553634643555e-01,7.142642140388488770e-02,5.389953404664993286e-02,-1.197944581508636475e-01,-2.712198495864868164e-01,-1.902285031974315643e-02,4.879377409815788269e-02,2.783036530017852783e-01,-1.772218197584152222e-01,1.367001980543136597e-01,-5.875129625201225281e-02,-1.144059002399444580e-02,-4.450321942567825317e-02,-1.159488931298255920e-01,1.077613756060600281e-01,6.413765251636505127e-02,-1.758807003498077393e-01,2.028445005416870117e-01,3.109994530677795410e-01,2.198266983032226562e-01,-7.906575500965118408e-02,2.410044968128204346e-01,3.492997586727142334e-01,2.321667224168777466e-01,1.866445392370223999e-01,1.271085347980260849e-02,2.562241815030574799e-02,-1.078820507973432541e-02,2.259955108165740967e-01,1.033677160739898682e-01,1.642987430095672607e-01,-1.362049281597137451e-01,1.789135113358497620e-02
-5.290498584508895874e-02,-8.071895688772201538e-02,2.078153192996978760e-01,-5.334287136793136597e-02,9.766083955764770508e-02,1.340608298778533936e-01,-3.120343387126922607e-02,4.576361179351806641e-01,5.444839000701904297e-01,4.917156696319580078e-01,6.363216638565063477e-01,1.000000000000000000e+00,5.868440866470336914e-01,5.725228190422058105e-01,4.140541851520538330e-01,3.862977027893066406e-01,-2.102902531623840332e-02,9.034195542335510254e-02,-2.358073294162750244e-01,-1.700490117073059082e-01,2.612299621105194092e-01,2.068067640066146851e-01,2.347762435674667358e-01,-2.208062112331390381e-01,4.357818514108657837e-02,-7.257770746946334839e-02,7.485481351613998413e-02,-1.189201995730400085e-01,-3.570424392819404602e-02,8.609984070062637329e-02,-5.779322236776351929e-02,-2.045335173606872559e-01,2.905679941177368164e-01,2.046152204275131226e-01,2.319352477788925171e-01,-1.164466738700866699e-01,3.509590923786163330e-01,2.238191068172454834e-01,1.093572527170181274e-01,9.785727411508560181e-02,1.588250696659088135e-02,7.622065395116806030e-02,-6.169234984554350376e-04,2.322445511817932129e-01,7.264088094234466553e-02,2.209857553243637085e-01,-1.688949763774871826e-01,-2.996230730786919594e-03
-2.134583294391632080e-01,-7.401247508823871613e-03,-1.068691536784172058e-02,-1.081214621663093567e-01,1.464327424764633179e-01,9.588098526000976562e-02,-5.883632227778434753e-02,2.814839780330657959e-01,3.709459602832794189e-01,5.546922087669372559e-01,4.400871694087982178e-01,5.868440866470336914e-01,1.000000000000000000e+00,4.095969498157501221e-01,2.751480042934417725e-01,4.396080076694488525e-01,-4.204020649194717407e-02,2.411598712205886841e-01,-1.448220312595367432e-01,9.710916131734848022e-02,3.419958353042602539e-01,3.835409879684448242e-01,4.870174825191497803e-01,-2.418983429670333862e-01,-1.134943962097167969e-01,-1.582253277301788330e-01,-4.671450704336166382e-02,-2.442767620086669922e-01,-8.680164068937301636e-02,1.551982760429382324e-01,2.246216982603073120e-01,-1.287037283182144165e-01,-3.488017618656158447e-02,7.056841254234313965e-02,2.134679257869720459e-01,-1.820422112941741943e-01,2.658599317073822021e-01,1.879971772432327271e-01,1.175641417503356934e-01,5.877742916345596313e-02,-4.557003825902938843e-02,2.476251870393753052e-02,4.464763775467872620e-02,2.370227426290512085e-01,6.385620683431625366e-02,2.920182943344116211e-01,-9.408628195524215698e-02,-1.489252448081970215e-01
-4.544215276837348938e-02,1.492624133825302124e-01,1.633470505475997925e-01,-1.662362813949584961e-01,2.288568168878555298e-01,1.032784134149551392e-01,7.952171564102172852e-02,4.805394411087036133e-01,2.412997782230377197e-01,2.554717063903808594e-01,4.103786647319793701e-01,5.725228190422058105e-01,4.095969498157501221e-01,1.000000000000000000e+00,5.333771705627441406e-01,2.890545427799224854e-01,9.038628637790679932e-02,1.150980070233345032e-01,-1.140585765242576599e-01,3.754398599267005920e-02,2.170918285846710205e-01,1.177146881818771362e-01,2.170049399137496948e-01,8.680743165314197540e-03,2.595779895782470703e-01,1.425532847642898560e-01,1.835256665945053101e-01,-7.853902876377105713e-02,8.985032141208648682e-02,-5.401253700256347656e-02,-8.248089253902435303e-02,-1.157602965831756592e-01,3.875285685062408447e-01,3.906093835830688477e-01,1.876639127731323242e-01,1.527838874608278275e-02,4.983556568622589111e-01,3.996791541576385498e-01,1.738996803760528564e-01,1.345763504505157471e-01,1.781189739704132080e-01,2.129645347595214844e-01,1.197089329361915588e-01,2.786410152912139893e-01,1.425354629755020142e-01,2.709645032882690430e-01,-2.032127790153026581e-02,7.622867077589035034e-02
-1.314276754856109619e-01,1.078538149595260620e-01,1.795018762350082397e-01,-4.316588118672370911e-02,2.463517189025878906e-01,9.898715466260910034e-02,1.111367791891098022e-01,8.024298399686813354e-02,5.366263445466756821e-03,-5.693261697888374329e-02,1.655170917510986328e-01,4.140541851520538330e-01,2.751480042934417725e-01,5.333771705627441406e-01,1.000000000000000000e+00,5.583983659744262695e-01,5.157069116830825806e-02,2.038841396570205688e-01,-6.791101396083831787e-02,1.012985780835151672e-01,1.827346533536911011e-01,2.596390545368194580e-01,1.492930948734283447e-01,-1.201836690306663513e-01,1.701017618179321289e-01,1.524910181760787964e-01,1.805139929056167603e-01,-2.357701361179351807e-01,-4.504505917429924011e-02,-4.722149297595024109e-02,-4.665976390242576599e-02,-2.468661963939666748e-01,1.875633746385574341e-01,3.804358541965484619e-01,-1.313101220875978470e-02,-1.120516136288642883e-01,4.071278572082519531e-01,4.674793779850006104e-01,3.000517189502716064e-02,1.109726428985595703e-01,5.718573555350303650e-02,1.179756820201873779e-01,-1.309530530124902725e-02,1.288174241781234741e-01,9.024428576231002808e-02,1.533323973417282104e-01,-1.667727828025817871e-01,4.621502384543418884e-02
-1.862570792436599731e-01,8.206132054328918457e-02,5.788231641054153442e-02,1.270274668931961060e-01,2.808416485786437988e-01,2.018163204193115234e-01,8.753361552953720093e-02,4.202422127127647400e-02,8.012177795171737671e-02,4.651661217212677002e-02,1.756447553634643555e-01,3.862977027893066406e-01,4.396080076694488525e-01,2.890545427799224854e-01,5.583983659744262695e-01,1.000000000000000000e+00,-1.394939981400966644e-02,4.023167490959167480e-01,6.056670099496841431e-02,1.902553737163543701e-01,1.907206624746322632e-01,5.347434878349304199e-01,4.528065025806427002e-01,-2.349495291709899902e-01,-1.839203685522079468e-01,-1.886668615043163300e-02,-4.784841090440750122e-02,-2.635897397994995117e-01,-8.547217398881912231e-02,2.670218236744403839e-02,6.380849331617355347e-02,-2.245107889175415039e-01,-1.063760444521903992e-01,7.131134718656539917e-02,9.120696783065795898e-02,-1.141561269760131836e-01,4.156428277492523193e-01,3.103437721729278564e-01,1.544661968946456909e-01,2.397993355989456177e-01,-7.067054510116577148e-02,5.197764560580253601e-02,-5.816995166242122650e-03,2.124801725149154663e-01,6.140271574258804321e-02,1.321545243263244629e-01,-2.277051657438278198e-01,1.162889301776885986e-01
3.177192062139511108e-02,2.192322611808776855e-01,3.306731879711151123e-01,1.870757043361663818e-01,6.597426533699035645e-02,1.523294448852539062e-01,7.701928615570068359e-01,6.467510759830474854e-02,9.488227963447570801e-02,1.937804669141769409e-01,7.142642140388488770e-02,-2.102902531623840332e-02,-4.204020649194717407e-02,9.038628637790679932e-02,5.157069116830825806e-02,-1.394939981400966644e-02,1.000000000000000000e+00,5.145168900489807129e-01,4.375183284282684326e-01,2.310248166322708130e-01,-1.373828388750553131e-03,5.068784579634666443e-02,6.828226894140243530e-02,2.299197465181350708e-01,-6.346576660871505737e-02,4.312844276428222656e-01,9.112437814474105835e-02,2.258938252925872803e-01,2.312712967395782471e-01,2.424463182687759399e-01,2.751873731613159180e-01,1.545586287975311279e-01,-6.448034197092056274e-02,1.080896630883216858e-01,8.020150661468505859e-02,2.444098889827728271e-01,2.917244136333465576e-01,1.613176167011260986e-01,3.075397573411464691e-02,1.122341379523277283e-01,2.229660153388977051e-01,4.692874848842620850e-01,5.160068869590759277e-01,3.691450953483581543e-01,3.735185563564300537e-01,4.118235707283020020e-01,1.936038881540298462e-01,1.715079247951507568e-01
-3.194433152675628662e-01,2.323004007339477539e-01,6.533639132976531982e-02,1.720548607409000397e-03,4.568885266780853271e-02,-8.657025173306465149e-03,4.499399363994598389e-01,4.699378460645675659e-02,5.171910300850868225e-02,1.372029036283493042e-01,5.389953404664993286e-02,9.034195542335510254e-02,2.411598712205886841e-01,1.150980070233345032e-01,2.038841396570205688e-01,4.023167490959167480e-01,5.145168900489807129e-01,1.000000000000000000e+00,3.443184494972229004e-01,2.886151969432830811e-01,7.724603265523910522e-02,4.908197522163391113e-01,3.646748363971710205e-01,5.183234810829162598e-02,-2.249762266874313354e-01,3.500324785709381104e-01,-4.417566210031509399e-02,-1.487279832363128662e-01,1.653164327144622803e-01,2.246796786785125732e-01,3.452883958816528320e-01,3.414465487003326416e-02,-2.143319100141525269e-01,1.129648759961128235e-01,8.732914924621582031e-02,9.987565875053405762e-02,3.327471613883972168e-01,1.463116109371185303e-01,1.032731533050537109e-01,2.115510404109954834e-01,6.605266779661178589e-02,2.578661739826202393e-01,4.389826953411102295e-01,3.529971539974212646e-01,3.027377128601074219e-01,3.163760304450988770e-01,3.009002842009067535e-02,2.111006528139114380e-01
1.202669069170951843e-01,1.488548368215560913e-01,2.048126906156539917e-01,3.267760574817657471e-01,1.222858503460884094e-01,2.064660489559173584e-01,4.519080519676208496e-01,-1.549332886934280396e-01,-1.427938789129257202e-01,-5.358245223760604858e-02,-1.197944581508636475e-01,-2.358073294162750244e-01,-1.448220312595367432e-01,-1.140585765242576599e-01,-6.791101396083831787e-02,6.056670099496841431e-02,4.375183284282684326e-01,3.443184494972229004e-01,1.000000000000000000e+00,5.024638772010803223e-01,-8.128891140222549438e-02,-1.446252688765525818e-02,9.809750318527221680e-02,9.940732270479202271e-03,-1.980092078447341919e-01,2.833279669284820557e-01,-4.862392693758010864e-02,2.457615733146667480e-01,7.837221026420593262e-02,-2.121080085635185242e-02,4.873709380626678467e-02,2.456116490066051483e-02,-2.129928767681121826e-01,-7.491997629404067993e-02,-8.826479315757751465e-02,6.194049492478370667e-02,2.066779434680938721e-01,8.852911740541458130e-02,-2.798837982118129730e-02,2.020848542451858521e-02,1.373935490846633911e-01,2.408811748027801514e-01,3.419346809387207031e-01,1.633760929107666016e-01,8.492770045995712280e-02,2.358578741550445557e-01,-2.721369825303554535e-02,1.144638285040855408e-01
1.142793055623769760e-02,1.805128157138824463e-01,8.633590489625930786e-02,2.490641176700592041e-01,3.107767999172210693e-01,1.096655726432800293e-01,2.700460255146026611e-01,-2.586928009986877441e-01,-2.729781568050384521e-01,1.600693538784980774e-02,-2.712198495864868164e-01,-1.700490117073059082e-01,9.710916131734848022e-02,3.754398599267005920e-02,1.012985780835151672e-01,1.902553737163543701e-01,2.310248166322708130e-01,2.886151969432830811e-01,5.024638772010803223e-01,1.000000000000000000e+00,5.219696760177612305e-01,3.492444753646850586e-01,5.900862067937850952e-02,4.688255488872528076e-02,-2.047999650239944458e-01,2.493937462568283081e-01,-7.172840088605880737e-02,4.417128488421440125e-02,2.115728706121444702e-01,7.696522027254104614e-02,2.630434930324554443e-01,1.043081954121589661e-01,-2.297159433364868164e-01,-1.334372311830520630e-01,-1.171264704316854477e-02,-3.153936192393302917e-02,2.706944644451141357e-01,-2.335748635232448578e-02,-5.265443027019500732e-02,-1.342377066612243652e-01,1.182230710983276367e-01,2.202815860509872437e-01,2.691641747951507568e-01,1.109305992722511292e-01,6.776724755764007568e-02,2.333547174930572510e-01,5.822226405143737793e-02,-2.339034341275691986e-02
5.401831492781639099e-02,-2.246360667049884796e-02,1.658976525068283081e-01,2.147009372711181641e-01,2.618520557880401611e-01,6.358046829700469971e-02,-9.787549264729022980e-03,-1.018976122140884399e-01,-9.937428869307041168e-03,1.949941068887710571e-01,-1.902285031974315643e-02,2.612299621105194092e-01,3.419958353042602539e-01,2.170918285846710205e-01,1.827346533536911011e-01,1.907206624746322632e-01,-1.373828388750553131e-03,7.724603265523910522e-02,-8.128891140222549438e-02,5.219696760177612305e-01,1.000000000000000000e+00,4.998491406440734863e-01,-6.693445891141891479e-02,1.612218655645847321e-02,-1.439038813114166260e-01,-1.113630831241607666e-02,-9.501461684703826904e-02,-1.951893605291843414e-02,1.987939774990081787e-01,2.497171312570571899e-01,2.679150700569152832e-01,1.526430845260620117e-01,-9.050332009792327881e-02,-9.387630224227905273e-02,8.520516008138656616e-02,-6.703690439462661743e-02,1.847717761993408203e-01,-8.775509893894195557e-02,-8.496144413948059082e-02,-2.212520390748977661e-01,8.946054615080356598e-03,7.303372025489807129e-02,1.392594631761312485e-02,5.522722005844116211e-02,-3.570400178432464600e-02,1.086360588669776917e-01,1.057486012578010559e-01,-5.631484091281890869e-02
-3.197065591812133789e-01,1.122759282588958740e-01,-1.108016539365053177e-02,5.505603179335594177e-02,1.322076916694641113e-01,-6.925804167985916138e-02,5.541170760989189148e-02,-6.730540096759796143e-02,3.089261427521705627e-02,1.232708096504211426e-01,4.879377409815788269e-02,2.068067640066146851e-01,3.835409879684448242e-01,1.177146881818771362e-01,2.596390545368194580e-01,5.347434878349304199e-01,5.068784579634666443e-02,4.908197522163391113e-01,-1.446252688765525818e-02,3.492444753646850586e-01,4.998491406440734863e-01,1.000000000000000000e+00,2.975522279739379883e-01,3.726725699380040169e-03,-2.693791985511779785e-01,1.994479820132255554e-02,-1.710514575242996216e-01,-2.573473155498504639e-01,1.240645423531532288e-01,3.503656387329101562e-01,4.824260473251342773e-01,1.052582412958145142e-01,-3.074580729007720947e-01,-6.519730389118194580e-02,5.897144600749015808e-02,2.692939899861812592e-02,2.470197826623916626e-01,5.831348523497581482e-02,1.522698998451232910e-01,1.601384282112121582e-01,-6.191045045852661133e-02,5.145946145057678223e-02,9.278512001037597656e-02,2.013931274414062500e-01,1.210875287652015686e-01,9.643483161926269531e-02,1.252093911170959473e-02,1.975166350603103638e-01
-3.858350813388824463e-01,9.917563945055007935e-02,-1.132617220282554626e-01,-1.990729868412017822e-01,-1.026047393679618835e-01,-8.852946013212203979e-02,3.656939417123794556e-02,1.933934688568115234e-01,6.386671215295791626e-02,1.393126547336578369e-01,2.783036530017852783e-01,2.347762435674667358e-01,4.870174825191497803e-01,2.170049399137496948e-01,1.492930948734283447e-01,4.528065025806427002e-01,6.828226894140243530e-02,3.646748363971710205e-01,9.809750318527221680e-02,5.900862067937850952e-02,-6.693445891141891479e-02,2.975522279739379883e-01,1.000000000000000000e+00,-4.570021107792854309e-02,-1.839891374111175537e-01,-1.829871162772178650e-02,-9.305299818515777588e-02,-2.678857743740081787e-01,-9.107974916696548462e-02,6.967333704233169556e-02,2.458181679248809814e-01,-8.525962475687265396e-04,-1.319081336259841919e-01,1.580651104450225830e-01,3.165118396282196045e-01,9.056254476308822632e-02,2.346677929162979126e-01,2.888018488883972168e-01,5.396791100502014160e-01,5.214989781379699707e-01,-1.126275584101676941e-01,1.632620953023433685e-02,1.032430380582809448e-01,1.488250494003295898e-01,2.877088449895381927e-02,1.844606399536132812e-01,-4.358351603150367737e-02,2.501664459705352783e-01
-1.108890101313591003e-01,3.643845915794372559e-01,-9.837880730628967285e-02,-1.174244955182075500e-01,-9.847868233919143677e-02,-2.177653610706329346e-01,7.822338491678237915e-02,-9.499736875295639038e-02,-1.666369885206222534e-01,-1.559776961803436279e-01,-1.772218197584152222e-01,-2.208062112331390381e-01,-2.418983429670333862e-01,8.680743165314197540e-03,-1.201836690306663513e-01,-2.349495291709899902e-01,2.299197465181350708e-01,5.183234810829162598e-02,9.940732270479202271e-03,4.688255488872528076e-02,1.612218655645847321e-02,3.726725699380040169e-03,-4.570021107792854309e-02,1.000000000000000000e+00,-2.303980849683284760e-02,1.467320173978805542e-01,5.205053091049194336e-02,6.738603115081787109e-02,3.637055158615112305e-01,2.903440594673156738e-01,3.374565839767456055e-01,6.760424971580505371e-01,-4.700698889791965485e-03,9.139090776443481445e-02,3.023320138454437256e-01,8.032363653182983398e-01,1.025356911122798920e-02,7.016685605049133301e-02,3.234531879425048828e-01,2.498686164617538452e-01,1.097149550914764404e-01,1.588145643472671509e-01,2.590662837028503418e-01,8.125948160886764526e-02,3.028736710548400879e-01,6.497007608413696289e-02,7.512688040733337402e-01,5.054874420166015625e-01
1.256444603204727173e-01,-1.008440181612968445e-02,1.002346351742744446e-01,-2.744141817092895508e-01,-3.237597644329071045e-02,-1.494840532541275024e-01,-5.755899101495742798e-02,2.969558835029602051e-01,6.491026282310485840e-02,-5.849246308207511902e-02,1.367001980543136597e-01,4.357818514108657837e-02,-1.134943962097167969e-01,2.595779895782470703e-01,1.701017618179321289e-01,-1.839203685522079468e-01,-6.346576660871505737e-02,-2.249762266874313354e-01,-1.980092078447341919e-01,-2.047999650239944458e-01,-1.439038813114166260e-01,-2.693791985511779785e-01,-1.839891374111175537e-01,-2.303980849683284760e-02,1.000000000000000000e+00,1.361245363950729370e-01,5.557518005371093750e-01,1.104627400636672974e-01,6.640718132257461548e-02,-1.748550981283187866e-01,-2.586821317672729492e-01,-1.788065880537033081e-01,4.936569333076477051e-01,1.744685173034667969e-01,-1.678494065999984741e-01,-7.510687410831451416e-02,9.009190648794174194e-02,7.522511482238769531e-02,-6.213853508234024048e-02,-5.668367072939872742e-02,2.037068009376525879e-01,9.197439253330230713e-02,-2.101329155266284943e-02,8.142748475074768066e-02,6.710798293352127075e-02,9.792722016572952271e-02,-5.231748893857002258e-02,-1.576299071311950684e-01
-9.048356674611568451e-03,3.281319141387939453e-01,3.434156775474548340e-01,2.189799956977367401e-02,1.127467975020408630e-01,6.961836665868759155e-02,5.363247990608215332e-01,1.117662936449050903e-01,-5.264521762728691101e-02,-4.278896749019622803e-02,-5.875129625201225281e-02,-7.257770746946334839e-02,-1.582253277301788330e-01,1.425532847642898560e-01,1.524910181760787964e-01,-1.886668615043163300e-02,4.312844276428222656e-01,3.500324785709381104e-01,2.833279669284820557e-01,2.493937462568283081e-01,-1.113630831241607666e-02,1.994479820132255554e-02,-1.829871162772178650e-02,1.467320173978805542e-01,1.361245363950729370e-01,1.000000000000000000e+00,1.218536570668220520e-01,2.565678358078002930e-01,4.310134947299957275e-01,2.398621290922164917e-01,1.535059660673141479e-01,-7.946330006234347820e-04,1.337618976831436157e-01,2.945824861526489258e-01,2.624290250241756439e-02,1.422126591205596924e-01,2.297120839357376099e-01,1.271652281284332275e-01,5.151270702481269836e-02,1.343030482530593872e-01,4.015052020549774170e-01,4.876369833946228027e-01,5.080126523971557617e-01,2.629685699939727783e-01,4.290813207626342773e-01,3.407444059848785400e-01,4.203664511442184448e-02,1.560649573802947998e-01
9.842541813850402832e-02,2.145113348960876465e-01,1.108584254980087280e-01,-1.048038303852081299e-01,6.381687521934509277e-02,-7.769183814525604248e-02,8.429631590843200684e-02,1.290532797574996948e-01,-4.947645589709281921e-02,-1.522255409508943558e-02,-1.144059002399444580e-02,7.485481351613998413e-02,-4.671450704336166382e-02,1.835256665945053101e-01,1.805139929056167603e-01,-4.784841090440750122e-02,9.112437814474105835e-02,-4.417566210031509399e-02,-4.862392693758010864e-02,-7.172840088605880737e-02,-9.501461684703826904e-02,-1.710514575242996216e-01,-9.305299818515777588e-02,5.205053091049194336e-02,5.557518005371093750e-01,1.218536570668220520e-01,1.000000000000000000e+00,1.297841519117355347e-01,1.313861608505249023e-01,-8.565018326044082642e-02,-1.219575852155685425e-01,-7.870030403137207031e-02,3.658042848110198975e-01,1.184659674763679504e-01,8.658438920974731445e-02,4.947410896420478821e-02,1.651336997747421265e-01,1.055803373456001282e-01,-4.896203055977821350e-02,-3.012516070157289505e-03,1.262212246656417847e-01,5.206676200032234192e-02,5.299353599548339844e-02,2.452571243047714233e-01,1.032810136675834656e-01,1.159849166870117188e-01,4.198528360575437546e-03,-3.251788020133972168e-02
6.926059722900390625e-01,1.103183925151824951e-01,5.674816370010375977e-01,5.063152909278869629e-01,2.220050245523452759e-01,3.396849632263183594e-01,3.382060527801513672e-01,1.047305483371019363e-02,-8.998905867338180542e-02,3.510645776987075806e-02,-4.450321942567825317e-02,-1.189201995730400085e-01,-2.442767620086669922e-01,-7.853902876377105713e-02,-2.357701361179351807e-01,-2.635897397994995117e-01,2.258938252925872803e-01,-1.487279832363128662e-01,2.457615733146667480e-01,4.417128488421440125e-02,-1.951893605291843414e-02,-2.573473155498504639e-01,-2.678857743740081787e-01,6.738603115081787109e-02,1.104627400636672974e-01,2.565678358078002930e-01,1.297841519117355347e-01,1.000000000000000000e+00,4.879678487777709961e-01,2.586576342582702637e-01,-1.927007175981998444e-02,1.961061358451843262e-02,1.111878007650375366e-01,-2.944294176995754242e-02,-8.556126803159713745e-02,5.844485759735107422e-02,2.046260796487331390e-02,-4.458388313651084900e-02,-1.189102455973625183e-01,-1.248274818062782288e-01,4.409567415714263916e-01,1.687222570180892944e-01,1.662458479404449463e-01,2.264971584081649780e-01,1.279224008321762085e-01,6.785933673381805420e-02,2.766790986061096191e-02,-5.529473349452018738e-02
2.089230120182037354e-01,5.014903545379638672e-01,2.355504781007766724e-01,6.912416219711303711e-02,2.235969752073287964e-01,1.082521281205117702e-03,2.375700473785400391e-01,3.440011292695999146e-02,-1.635704189538955688e-01,9.664461016654968262e-03,-1.159488931298255920e-01,-3.570424392819404602e-02,-8.680164068937301636e-02,8.985032141208648682e-02,-4.504505917429924011e-02,-8.547217398881912231e-02,2.312712967395782471e-01,1.653164327144622803e-01,7.837221026420593262e-02,2.115728706121444702e-01,1.987939774990081787e-01,1.240645423531532288e-01,-9.107974916696548462e-02,3.637055158615112305e-01,6.640718132257461548e-02,4.310134947299957275e-01,1.313861608505249023e-01,4.879678487777709961e-01,1.000000000000000000e+00,5.324125885963439941e-01,2.983519732952117920e-01,1.857698410749435425e-01,1.732593923807144165e-01,6.658662110567092896e-02,1.435833126306533813e-01,2.884031236171722412e-01,1.952435821294784546e-01,-8.363641053438186646e-02,6.072105839848518372e-02,5.770743638277053833e-02,4.629380404949188232e-01,3.907504379749298096e-01,4.566132426261901855e-01,3.639948070049285889e-01,4.659415781497955322e-01,2.345662564039230347e-01,2.652677893638610840e-01,1.978672891855239868e-01
-6.017909198999404907e-02,2.505260705947875977e-01,2.036394625902175903e-01,7.682409882545471191e-02,-5.684760212898254395e-02,-6.015183031558990479e-02,1.892601847648620605e-01,-4.503094777464866638e-02,6.737335771322250366e-02,1.647879630327224731e-01,1.077613756060600281e-01,8.609984070062637329e-02,1.551982760429382324e-01,-5.401253700256347656e-02,-4.722149297595024109e-02,2.670218236744403839e-02,2.424463182687759399e-01,2.246796786785125732e-01,-2.121080085635185242e-02,7.696522027254104614e-02,2.497171312570571899e-01,3.503656387329101562e-01,6.967333704233169556e-02,2.903440594673156738e-01,-1.748550981283187866e-01,2.398621290922164917e-01,-8.565018326044082642e-02,2.586576342582702637e-01,5.324125885963439941e-01,1.000000000000000000e+00,6.839207410812377930e-01,3.089241385459899902e-01,-1.528556793928146362e-01,5.999396741390228271e-02,2.422446310520172119e-01,2.941723763942718506e-01,7.045095413923263550e-02,3.005792200565338135e-02,1.376557648181915283e-01,1.389444917440414429e-01,1.494980454444885254e-01,2.348805516958236694e-01,3.424931168556213379e-01,2.984899580478668213e-01,3.829165101051330566e-01,1.880571842193603516e-01,2.748898863792419434e-01,1.999682039022445679e-01
-3.130202889442443848e-01,2.525832056999206543e-01,-3.326328843832015991e-02,-3.436088562011718750e-02,-1.116403341293334961e-01,-1.855939626693725586e-01,1.512334793806076050e-01,-1.115681901574134827e-01,-1.831753924489021301e-02,1.497992724180221558e-01,6.413765251636505127e-02,-5.779322236776351929e-02,2.246216982603073120e-01,-8.248089253902435303e-02,-4.665976390242576599e-02,6.380849331617355347e-02,2.751873731613159180e-01,3.452883958816528320e-01,4.873709380626678467e-02,2.630434930324554443e-01,2.679150700569152832e-01,4.824260473251342773e-01,2.458181679248809814e-01,3.374565839767456055e-01,-2.586821317672729492e-01,1.535059660673141479e-01,-1.219575852155685425e-01,-1.927007175981998444e-02,2.983519732952117920e-01,6.839207410812377930e-01,1.000000000000000000e+00,4.689895808696746826e-01,-3.569474518299102783e-01,6.467143446207046509e-02,3.309676647186279297e-01,3.462905287742614746e-01,4.873152822256088257e-02,1.843465864658355713e-01,3.123679757118225098e-01,2.089739888906478882e-01,2.451758459210395813e-02,1.342298388481140137e-01,3.310512900352478027e-01,2.221994698047637939e-01,3.247238993644714355e-01,2.119832932949066162e-01,4.030096530914306641e-01,1.989699453115463257e-01
-5.261185020208358765e-02,1.505668163299560547e-01,-8.306122571229934692e-02,1.241983659565448761e-02,-1.123836115002632141e-01,-1.265779584646224976e-01,2.554070577025413513e-02,-2.134278714656829834e-01,-6.771649420261383057e-02,-3.333770856261253357e-02,-1.758807003498077393e-01,-2.045335173606872559e-01,-1.287037283182144165e-01,-1.157602965831756592e-01,-2.468661963939666748e-01,-2.245107889175415039e-01,1.545586287975311279e-01,3.414465487003326416e-02,2.456116490066051483e-02,1.043081954121589661e-01,1.526430845260620117e-01,1.052582412958145142e-01,-8.525962475687265396e-04,6.760424971580505371e-01,-1.788065880537033081e-01,-7.946330006234347820e-04,-7.870030403137207031e-02,1.961061358451843262e-02,1.857698410749435425e-01,3.089241385459899902e-01,4.689895808696746826e-01,1.000000000000000000e+00,-1.920719891786575317e-01,-5.040913075208663940e-02,3.671294748783111572e-01,6.418760418891906738e-01,-7.763826847076416016e-02,4.431150481104850769e-02,3.373313546180725098e-01,6.988336890935897827e-02,-7.719913870096206665e-02,4.101162776350975037e-02,1.852322518825531006e-01,-2.417662926018238068e-02,8.017692714929580688e-02,6.777077913284301758e-02,7.919648289680480957e-01,2.615266740322113037e-01
