1.000000000000000000e+00,-2.960186637938022614e-02,2.942723035812377930e-01,1.931740045547485352e-01,6.828845739364624023e-01,4.499455690383911133e-01,-1.182590201497077942e-01,2.280749678611755371e-01,3.544999957084655762e-01,8.994475752115249634e-02,2.627935409545898438e-01,7.661110907793045044e-02,2.397172152996063232e-01,-6.331472843885421753e-02,1.863164268434047699e-02,3.214427232742309570e-01,-3.884584875777363777e-03,9.272964298725128174e-02,1.267023235559463501e-01,8.308910578489303589e-02,2.119139283895492554e-01,-2.553577534854412079e-03,2.963536381721496582e-01,-2.054654806852340698e-02,4.269737005233764648e-01,2.934184670448303223e-02,3.833606839179992676e-01,6.653817296028137207e-01,2.750130593776702881e-01,-2.386253029108047485e-01,4.737886413931846619e-02,-1.785371750593185425e-01,5.246375799179077148e-01,-3.005917184054851532e-02,-3.633902966976165771e-02,1.078456267714500427e-01,-5.674886330962181091e-02,9.909448213875293732e-03,-1.351569686084985733e-02,1.500093936920166016e-01,4.560669064521789551e-01,8.234429173171520233e-03,2.975955903530120850e-01,1.243299320340156555e-01,9.411268867552280426e-03,2.686197757720947266e-01,-1.622619926929473877e-01,7.365614920854568481e-02
-2.960186637938022614e-02,1.000000000000000000e+00,1.041593775153160095e-01,2.970433235168457031e-01,9.789890050888061523e-02,3.206210434436798096e-01,4.286009967327117920e-01,-8.025548607110977173e-02,3.004108369350433350e-01,5.333257317543029785e-01,9.174710512161254883e-02,4.098486006259918213e-01,4.301463961601257324e-01,-1.780171990394592285e-01,1.208181008696556091e-01,2.680702805519104004e-01,2.122390121221542358e-01,1.029004082083702087e-01,5.172647535800933838e-02,1.296297758817672729e-01,9.061418473720550537e-02,-2.435075864195823669e-02,2.532762289047241211e-01,3.736657202243804932e-01,1.703031957149505615e-01,2.079423516988754272e-01,3.316068351268768311e-01,4.069522768259048462e-02,3.134899735450744629e-01,3.165426552295684814e-01,9.124259650707244873e-02,1.100859716534614563e-01,2.990810871124267578e-01,2.082680165767669678e-01,2.082657068967819214e-01,3.442534208297729492e-01,-1.964779794216156006e-01,3.550449013710021973e-01,3.979182541370391846e-01,1.871521770954132080e-01,4.396531283855438232e-01,7.300167083740234375e-01,3.742462024092674255e-02,6.486002206802368164e-01,5.371806025505065918e-01,2.668971121311187744e-01,2.332632541656494141e-01,2.294008880853652954e-01
2.942723035812377930e-01,1.041593775153160095e-01,1.000000000000000000e+00,5.451239943504333496e-01,2.267453074455261230e-01,2.268409281969070435e-01,2.977805137634277344e-01,8.686228841543197632e-02,6.088699214160442352e-03,8.719459176063537598e-02,-7.673466205596923828e-02,-1.051738932728767395e-01,6.455171853303909302e-02,7.205187529325485229e-02,-3.388854861259460449e-02,1.153567805886268616e-01,3.558395206928253174e-01,3.457069993019104004e-01,2.538791298866271973e-01,2.542586922645568848e-01,2.471283972263336182e-01,2.519374787807464600e-01,1.610426306724548340e-01,6.625930964946746826e-02,2.633526921272277832e-01,3.224147558212280273e-01,3.084901273250579834e-01,3.786207437515258789e-01,3.783950507640838623e-01,2.843717038631439209e-01,3.351159989833831787e-01,-1.617716848850250244e-01,2.107833474874496460e-01,1.282798498868942261e-01,1.293577700853347778e-01,2.923060953617095947e-01,1.492343991994857788e-01,1.803169697523117065e-01,-2.832622267305850983e-02,1.340705752372741699e-01,2.856080532073974609e-01,8.159067481756210327e-02,3.102487325668334961e-02,9.583199024200439453e-02,1.411417615599930286e-03,-2.662528539076447487e-03,-6.086374446749687195e-02,5.130112543702125549e-02
1.931740045547485352e-01,2.970433235168457031e-01,5.451239943504333496e-01,1.000000000000000000e+00,2.692864835262298584e-01,4.603689908981323242e-01,6.675904393196105957e-01,2.664837986230850220e-03,5.798184126615524292e-02,3.032757639884948730e-01,-7.456258684396743774e-02,-3.134102374315261841e-02,3.318685293197631836e-01,5.352162197232246399e-02,-3.797753900289535522e-02,1.259960383176803589e-01,6.347402334213256836e-01,5.443793535232543945e-01,4.137431681156158447e-01,5.066157579421997070e-01,4.504222571849822998e-01,3.112310171127319336e-01,2.848283052444458008e-01,2.611814737319946289e-01,1.029580682516098022e-01,3.915093541145324707e-01,2.524954974651336670e-01,3.383373618125915527e-01,5.190340280532836914e-01,4.095501601696014404e-01,4.236609935760498047e-01,-1.892756856977939606e-02,1.183879226446151733e-01,2.940858528017997742e-02,9.369186311960220337e-02,2.987625896930694580e-01,1.104689761996269226e-01,1.388179510831832886e-01,2.482059225440025330e-02,1.277927756309509277e-01,3.558354675769805908e-01,3.898706138134002686e-01,1.811641603708267212e-01,1.212359368801116943e-01,2.866040468215942383e-01,2.473928034305572510e-01,7.957648485898971558e-02,1.663362234830856323e-01
6.828845739364624023e-01,9.789890050888061523e-02,2.267453074455261230e-01,2.692864835262298584e-01,1.000000000000000000e+00,5.571687221527099609e-01,-2.246649749577045441e-02,2.532612681388854980e-01,5.112908482551574707e-01,2.674095034599304199e-01,3.461945354938507080e-01,1.839364320039749146e-01,4.414432644844055176e-01,-6.613282859325408936e-02,1.791904270648956299e-01,3.727490603923797607e-01,1.007327139377593994e-01,1.468756645917892456e-01,1.510739475488662720e-01,2.482259720563888550e-01,3.303322196006774902e-01,2.898293733596801758e-02,3.467522263526916504e-01,4.661376029253005981e-02,3.382837474346160889e-01,1.006574779748916626e-01,4.449810981750488281e-01,4.410961568355560303e-01,2.149901837110519409e-01,-2.057604193687438965e-01,-1.592320390045642853e-02,-4.923918470740318298e-02,5.037295818328857422e-01,-6.545514613389968872e-02,-1.623561680316925049e-01,6.765040010213851929e-02,-4.876628145575523376e-02,9.851360321044921875e-02,1.537471730262041092e-02,2.884221971035003662e-01,6.058511137962341309e-01,1.236311122775077820e-01,3.438107073307037354e-01,2.488959133625030518e-01,1.158162429928779602e-01,3.915226161479949951e-01,-1.754441298544406891e-02,1.558803170919418335e-01
4.499455690383911133e-01,3.206210434436798096e-01,2.268409281969070435e-01,4.603689908981323242e-01,5.571687221527099609e-01,1.000000000000000000e+00,3.904185593128204346e-01,1.369375437498092651e-01,4.884096682071685791e-01,3.860259354114532471e-01,2.748599946498870850e-01,2.328168302774429321e-01,4.853258132934570312e-01,-1.420756727457046509e-01,1.605853140354156494e-01,5.286985039710998535e-01,3.173893392086029053e-01,3.241781294345855713e-01,7.741212099790573120e-02,2.173050045967102051e-01,4.087292253971099854e-01,1.108385249972343445e-01,2.669698596000671387e-01,3.756486177444458008e-01,1.769102364778518677e-01,2.584290504455566406e-01,5.209079980850219727e-01,3.814159333705902100e-01,1.915684193372726440e-01,-3.442199667915701866e-03,2.214046120643615723e-01,1.519453972578048706e-01,4.303067028522491455e-01,-5.883826874196529388e-03,8.583978563547134399e-02,2.916401028633117676e-01,-1.107093915343284607e-01,3.090735375881195068e-01,1.135782301425933838e-01,2.974770665168762207e-01,6.348853707313537598e-01,4.281681180000305176e-01,2.730236947536468506e-01,3.947757780551910400e-01,2.337555587291717529e-01,4.355318844318389893e-01,2.460544109344482422e-01,2.062743157148361206e-01
-1.182590201497077942e-01,4.286009967327117920e-01,2.977805137634277344e-01,6.675904393196105957e-01,-2.246649749577045441e-02,3.904185593128204346e-01,1.000000000000000000e+00,-1.788415480405092239e-03,5.055163800716400146e-02,3.894634544849395752e-01,-8.133760094642639160e-02,9.073793143033981323e-02,3.121407628059387207e-01,7.183509320020675659e-02,6.298417598009109497e-02,7.965223491191864014e-02,7.113801836967468262e-01,5.023192763328552246e-01,3.614225685596466064e-01,4.657032489776611328e-01,3.665756583213806152e-01,4.006400704383850098e-01,2.820990085601806641e-01,4.264078736305236816e-01,-1.754173077642917633e-02,2.455462813377380371e-01,1.341039389371871948e-01,1.114984899759292603e-01,4.128322601318359375e-01,5.505356192588806152e-01,4.889832735061645508e-01,1.523136794567108154e-01,-2.049251832067966461e-02,8.868569880723953247e-02,1.523183286190032959e-01,3.347970247268676758e-01,1.169330328702926636e-01,2.647395431995391846e-01,2.368452847003936768e-01,2.208523601293563843e-01,1.686169654130935669e-01,5.577842593193054199e-01,8.433715254068374634e-02,2.250141799449920654e-01,4.214470982551574707e-01,2.556764781475067139e-01,2.512830495834350586e-01,2.002308964729309082e-01
2.280749678611755371e-01,-8.025548607110977173e-02,8.686228841543197632e-02,2.664837986230850220e-03,2.532612681388854980e-01,1.369375437498092651e-01,-1.788415480405092239e-03,1.000000000000000000e+00,2.885635793209075928e-01,1.025545448064804077e-01,6.299628615379333496e-01,3.065120875835418701e-01,1.673885285854339600e-01,6.762483716011047363e-01,6.283944249153137207e-01,2.098140418529510498e-01,2.202200293540954590e-01,1.225032508373260498e-01,3.237541615962982178e-01,2.660565078258514404e-01,1.138619780540466309e-01,1.243775933980941772e-01,3.106187283992767334e-01,-1.153772026300430298e-01,5.545797348022460938e-01,1.706762984395027161e-02,2.273032218217849731e-01,-2.615887206047773361e-03,7.974925637245178223e-02,-1.918826252222061157e-01,-5.363757908344268799e-02,-1.349233090877532959e-01,4.381124079227447510e-01,4.042263627052307129e-01,-2.536107897758483887e-01,-1.383047699928283691e-01,6.584729552268981934e-01,4.333438575267791748e-01,6.665185838937759399e-02,2.547511160373687744e-01,9.706819802522659302e-02,-1.222541555762290955e-01,-9.117886424064636230e-02,6.219200417399406433e-02,-6.743628531694412231e-02,2.965703420341014862e-02,-1.576549708843231201e-01,-7.399019598960876465e-02
3.544999957084655762e-01,3.004108369350433350e-01,6.088699214160442352e-03,5.798184126615524292e-02,5.112908482551574707e-01,4.884096682071685791e-01,5.055163800716400146e-02,2.885635793209075928e-01,1.000000000000000000e+00,4.757772088050842285e-01,5.876355767250061035e-01,5.667046308517456055e-01,4.375852942466735840e-01,-9.737351536750793457e-02,4.869201481342315674e-01,5.377833843231201172e-01,5.629876255989074707e-02,-5.889565497636795044e-02,-1.812885457184165716e-04,1.151061132550239563e-01,2.617293894290924072e-01,2.170182764530181885e-02,3.899235427379608154e-01,1.028955131769180298e-01,3.478601872920989990e-01,7.095716148614883423e-02,5.046791434288024902e-01,9.731591492891311646e-02,8.378393948078155518e-03,-2.736918926239013672e-01,-1.651615351438522339e-01,1.485266685485839844e-01,5.122689008712768555e-01,5.897764116525650024e-03,-1.336302161216735840e-01,2.833485417068004608e-02,-7.208712399005889893e-02,2.981199026107788086e-01,3.593421876430511475e-01,5.245945453643798828e-01,3.978297710418701172e-01,3.137202262878417969e-01,3.864938020706176758e-02,5.454297065734863281e-01,1.865033656358718872e-01,3.262238800525665283e-01,9.276835620403289795e-02,2.243150919675827026e-01
8.994475752115249634e-02,5.333257317543029785e-01,8.719459176063537598e-02,3.032757639884948730e-01,2.674095034599304199e-01,3.860259354114532471e-01,3.894634544849395752e-01,1.025545448064804077e-01,4.757772088050842285e-01,1.000000000000000000e+00,3.130884170532226562e-01,6.404049396514892578e-01,5.816071629524230957e-01,-8.029963076114654541e-02,4.605899751186370850e-01,2.276096194982528687e-01,2.898700833320617676e-01,5.186891555786132812e-02,1.893126666545867920e-01,3.193478882312774658e-01,2.824532389640808105e-01,2.092735022306442261e-01,3.616864979267120361e-01,2.046066820621490479e-01,1.875301003456115723e-01,1.768126934766769409e-01,2.098519951105117798e-01,7.060174643993377686e-02,1.992221176624298096e-01,1.072603836655616760e-01,-6.188863888382911682e-02,1.342015564441680908e-01,1.916551738977432251e-01,1.399373710155487061e-01,-1.475436054170131683e-02,1.297361403703689575e-01,-5.694811046123504639e-02,3.896545767784118652e-01,3.411562740802764893e-01,2.857235670089721680e-01,3.313274681568145752e-01,5.639945864677429199e-01,2.202424705028533936e-01,5.008655190467834473e-01,5.451434850692749023e-01,5.706040859222412109e-01,9.760523587465286255e-02,1.964245140552520752e-01
2.627935409545898438e-01,9.174710512161254883e-02,-7.673466205596923828e-02,-7.456258684396743774e-02,3.461945354938507080e-01,2.748599946498870850e-01,-8.133760094642639160e-02,6.299628615379333496e-01,5.876355767250061035e-01,3.130884170532226562e-01,1.000000000000000000e+00,5.965048670768737793e-01,3.445580303668975830e-01,3.318062126636505127e-01,6.838260293006896973e-01,4.424577653408050537e-01,2.350649051368236542e-02,-1.442131251096725464e-01,1.170406341552734375e-01,1.191500350832939148e-01,1.344136148691177368e-01,-4.379489645361900330e-02,3.315700888633728027e-01,-7.307556271553039551e-02,4.586940109729766846e-01,4.337410628795623779e-02,2.716152966022491455e-01,-4.726381227374076843e-02,-7.412231713533401489e-02,-3.903792202472686768e-01,-3.358697295188903809e-01,3.539924696087837219e-02,4.170638918876647949e-01,1.935658156871795654e-01,-2.346391230821609497e-01,-1.749136298894882202e-01,2.674705088138580322e-01,4.063599407672882080e-01,2.877870202064514160e-01,3.581205308437347412e-01,1.794424951076507568e-01,7.560701668262481689e-02,-7.802718877792358398e-02,3.154709637165069580e-01,6.298095732927322388e-02,1.905409395694732666e-01,-3.343540057539939880e-02,7.317721843719482422e-02
7.661110907793045044e-02,4.098486006259918213e-01,-1.051738932728767395e-01,-3.134102374315261841e-02,1.839364320039749146e-01,2.328168302774429321e-01,9.073793143033981323e-02,3.065120875835418701e-01,5.667046308517456055e-01,6.404049396514892578e-01,5.965048670768737793e-01,1.000000000000000000e+00,4.464359879493713379e-01,7.403825968503952026e-02,6.584343910217285156e-01,3.254453539848327637e-01,2.429788000881671906e-02,-1.748556643724441528e-01,-8.292965590953826904e-03,8.872410655021667480e-02,1.012444198131561279e-01,3.047758713364601135e-02,3.237337768077850342e-01,2.053571492433547974e-02,2.936161160469055176e-01,1.273295190185308456e-02,1.782876998186111450e-01,-1.079490184783935547e-01,2.656215429306030273e-02,-1.188330575823783875e-01,-3.008040487766265869e-01,1.591487675905227661e-01,2.492581903934478760e-01,2.116553187370300293e-01,-3.948172926902770996e-02,-1.013048440217971802e-01,-7.758338935673236847e-03,4.317638576030731201e-01,4.406950175762176514e-01,3.561976850032806396e-01,1.933714151382446289e-01,3.322291076183319092e-01,6.543046981096267700e-02,5.161264538764953613e-01,3.468172252178192139e-01,3.951475620269775391e-01,2.833592705428600311e-02,1.552636474370956421e-01
2.397172152996063232e-01,4.301463961601257324e-01,6.455171853303909302e-02,3.318685293197631836e-01,4.414432644844055176e-01,4.853258132934570312e-01,3.121407628059387207e-01,1.673885285854339600e-01,4.375852942466735840e-01,5.816071629524230957e-01,3.445580303668975830e-01,4.464359879493713379e-01,1.000000000000000000e+00,-4.378058947622776031e-03,3.179432749748229980e-01,4.767104387283325195e-01,2.744977176189422607e-01,1.515799611806869507e-01,1.760390400886535645e-01,3.712972998619079590e-01,4.300853908061981201e-01,9.498609602451324463e-02,4.948269426822662354e-01,2.462422847747802734e-01,2.277561277151107788e-01,1.140062361955642700e-01,3.191283941268920898e-01,1.172867417335510254e-01,2.496093213558197021e-01,3.492099046707153320e-02,-4.192048683762550354e-03,7.344011962413787842e-02,3.448490202426910400e-01,1.757849939167499542e-02,-3.794156759977340698e-02,2.165630757808685303e-01,-5.574201419949531555e-02,2.999751269817352295e-01,2.850251793861389160e-01,3.127543032169342041e-01,4.474482834339141846e-01,4.534085094928741455e-01,2.603703439235687256e-01,3.552100658416748047e-01,4.377877712249755859e-01,4.689792692661285400e-01,7.568851858377456665e-02,2.287643700838088989e-01
-6.331472843885421753e-02,-1.780171990394592285e-01,7.205187529325485229e-02,5.352162197232246399e-02,-6.613282859325408936e-02,-1.420756727457046509e-01,7.183509320020675659e-02,6.762483716011047363e-01,-9.737351536750793457e-02,-8.029963076114654541e-02,3.318062126636505127e-01,7.403825968503952026e-02,-4.378058947622776031e-03,1.000000000000000000e+00,4.279991388320922852e-01,-3.556657955050468445e-02,2.937946915626525879e-01,1.928513646125793457e-01,4.011912047863006592e-01,3.030405640602111816e-01,5.169453099370002747e-02,1.832800358533859253e-01,1.907429844141006470e-01,-1.324942260980606079e-01,3.250270783901214600e-01,-9.454821702092885971e-05,-5.484732612967491150e-02,-1.261309534311294556e-01,1.603541225194931030e-01,7.944565266370773315e-03,5.087441951036453247e-02,-1.399452835321426392e-01,9.786123037338256836e-02,3.606972098350524902e-01,-1.938409805297851562e-01,-1.131813153624534607e-01,7.372530102729797363e-01,2.837479114532470703e-01,1.418631616979837418e-02,8.911927044391632080e-02,-1.740621477365493774e-01,-1.784404367208480835e-01,-1.449699252843856812e-01,-1.986887007951736450e-01,-6.092957034707069397e-02,-1.413497477769851685e-01,-1.740833222866058350e-01,-1.620889455080032349e-01
1.863164268434047699e-02,1.208181008696556091e-01,-3.388854861259460449e-02,-3.797753900289535522e-02,1.791904270648956299e-01,1.605853140354156494e-01,6.298417598009109497e-02,6.283944249153137207e-01,4.869201481342315674e-01,4.605899751186370850e-01,6.838260293006896973e-01,6.584343910217285156e-01,3.179432749748229980e-01,4.279991388320922852e-01,1.000000000000000000e+00,2.308952957391738892e-01,2.023402601480484009e-01,-3.886878490447998047e-02,1.576441079378128052e-01,2.198367863893508911e-01,1.586067974567413330e-01,1.316772848367691040e-01,3.015051782131195068e-01,-8.315610140562057495e-02,3.623918890953063965e-01,7.077734917402267456e-02,1.556035876274108887e-01,-1.998745650053024292e-01,-1.316981017589569092e-02,-1.905344575643539429e-01,-2.780418992042541504e-01,-1.052274089306592941e-02,2.693234682083129883e-01,3.495241999626159668e-01,-2.325772196054458618e-01,-2.270999550819396973e-01,3.679485023021697998e-01,5.506221652030944824e-01,3.177879452705383301e-01,3.770343959331512451e-01,7.979790866374969482e-02,1.108896210789680481e-01,-1.648126356303691864e-02,2.705141901969909668e-01,1.544834524393081665e-01,2.422387450933456421e-01,-7.676943391561508179e-02,2.652738010510802269e-03
3.214427232742309570e-01,2.680702805519104004e-01,1.153567805886268616e-01,1.259960383176803589e-01,3.727490603923797607e-01,5.286985039710998535e-01,7.965223491191864014e-02,2.098140418529510498e-01,5.377833843231201172e-01,2.276096194982528687e-01,4.424577653408050537e-01,3.254453539848327637e-01,4.767104387283325195e-01,-3.556657955050468445e-02,2.308952957391738892e-01,1.000000000000000000e+00,8.020856231451034546e-02,1.148978397250175476e-01,2.326985355466604233e-03,7.412450015544891357e-02,3.665113151073455811e-01,-1.386286318302154541e-01,3.123615682125091553e-01,2.389959841966629028e-01,2.483164966106414795e-01,8.317131549119949341e-02,5.091780424118041992e-01,1.496203243732452393e-01,4.038259014487266541e-02,-1.588997244834899902e-01,3.077827580273151398e-02,6.440279632806777954e-02,5.421334505081176758e-01,2.916063554584980011e-02,3.145802766084671021e-02,2.726700007915496826e-01,-7.620861381292343140e-02,2.816272675991058350e-01,3.372716903686523438e-01,3.934431374073028564e-01,4.825386106967926025e-01,2.423421144485473633e-01,9.180809371173381805e-03,3.809469044208526611e-01,4.315315186977386475e-02,1.522528678178787231e-01,1.683723181486129761e-01,2.022831588983535767e-01
-3.884584875777363777e-03,2.122390121221542358e-01,3.558395206928253174e-01,6.347402334213256836e-01,1.007327139377593994e-01,3.173893392086029053e-01,7.113801836967468262e-01,2.202200293540954590e-01,5.629876255989074707e-02,2.898700833320617676e-01,2.350649051368236542e-02,2.429788000881671906e-02,2.744977176189422607e-01,2.937946915626525879e-01,2.023402601480484009e-01,8.020856231451034546e-02,1.000000000000000000e+00,6.767312288284301758e-01,5.826125741004943848e-01,5.875667333602905273e-01,4.869846999645233154e-01,3.647682368755340576e-01,3.373602926731109619e-01,2.461858391761779785e-01,1.131135076284408569e-01,3.263801932334899902e-01,1.535805016756057739e-01,1.403595507144927979e-01,4.063030183315277100e-01,3.696830272674560547e-01,4.399071931838989258e-01,-1.414181012660264969e-02,8.934473991394042969e-02,1.901813447475433350e-01,2.707157982513308525e-03,2.264696806669235229e-01,3.608545064926147461e-01,3.047975897789001465e-01,1.523701697587966919e-01,2.112042158842086792e-01,1.777858883142471313e-01,3.289295434951782227e-01,1.205915510654449463e-01,5.825705453753471375e-02,2.386232167482376099e-01,2.396610677242279053e-01,9.372750669717788696e-02,1.227002069354057312e-01
9.272964298725128174e-02,1.029004082083702087e-01,3.457069993019104004e-01,5.443793535232543945e-01,1.468756645917892456e-01,3.241781294345855713e-01,5.023192763328552246e-01,1.225032508373260498e-01,-5.889565497636795044e-02,5.186891555786132812e-02,-1.442131251096725464e-01,-1.748556643724441528e-01,1.515799611806869507e-01,1.928513646125793457e-01,-3.886878490447998047e-02,1.148978397250175476e-01,6.767312288284301758e-01,1.000000000000000000e+00,3.261788487434387207e-01,4.032260477542877197e-01,4.170073568820953369e-01,2.352693229913711548e-01,1.585787534713745117e-01,2.934942245483398438e-01,3.532305709086358547e-05,2.123907357454299927e-01,1.799021661281585693e-01,2.131673395633697510e-01,3.888016939163208008e-01,3.746317625045776367e-01,6.296303272247314453e-01,-2.040715329349040985e-02,1.839742362499237061e-01,1.537770330905914307e-01,3.117454797029495239e-02,3.493432700634002686e-01,2.838760614395141602e-01,1.726745218038558960e-01,-7.112422958016395569e-03,8.138509094715118408e-02,2.896249890327453613e-01,1.211593821644783020e-01,1.923544257879257202e-01,-4.876448586583137512e-02,5.679888278245925903e-02,1.010743752121925354e-01,1.258056312799453735e-01,9.237708896398544312e-02
1.267023235559463501e-01,5.172647535800933838e-02,2.538791298866271973e-01,4.137431681156158447e-01,1.510739475488662720e-01,7.741212099790573120e-02,3.614225685596466064e-01,3.237541615962982178e-01,-1.812885457184165716e-04,1.893126666545867920e-01,1.170406341552734375e-01,-8.292965590953826904e-03,1.760390400886535645e-01,4.011912047863006592e-01,1.576441079378128052e-01,2.326985355466604233e-03,5.826125741004943848e-01,3.261788487434387207e-01,1.000000000000000000e+00,7.123590707778930664e-01,4.043971300125122070e-01,3.093999326229095459e-01,3.724714815616607666e-01,-1.102237924933433533e-01,2.946318686008453369e-01,2.221335768699645996e-01,-2.047045528888702393e-02,1.286963224411010742e-01,3.065663278102874756e-01,1.441380828619003296e-01,1.157158836722373962e-01,-2.603141963481903076e-01,1.010896638035774231e-01,1.224539428949356079e-01,-4.149345308542251587e-02,-2.163931727409362793e-02,4.819783866405487061e-01,1.238967999815940857e-01,8.290734887123107910e-02,1.014141514897346497e-01,2.271162718534469604e-02,1.205746009945869446e-01,1.176476851105690002e-01,-2.117362432181835175e-02,1.685186773538589478e-01,1.791541278362274170e-01,-2.086079418659210205e-01,-2.083512581884860992e-02
8.308910578489303589e-02,1.296297758817672729e-01,2.542586922645568848e-01,5.066157579421997070e-01,2.482259720563888550e-01,2.173050045967102051e-01,4.657032489776611328e-01,2.660565078258514404e-01,1.151061132550239563e-01,3.193478882312774658e-01,1.191500350832939148e-01,8.872410655021667480e-02,3.712972998619079590e-01,3.030405640602111816e-01,2.198367863893508911e-01,7.412450015544891357e-02,5.875667333602905273e-01,4.032260477542877197e-01,7.123590707778930664e-01,1.000000000000000000e+00,6.311535835266113281e-01,4.752722680568695068e-01,3.898286223411560059e-01,-9.634147584438323975e-02,1.650455296039581299e-01,2.165954709053039551e-01,-2.962674386799335480e-02,1.524412445724010468e-02,2.904809713363647461e-01,2.256546765565872192e-01,1.502984017133712769e-01,-2.560709118843078613e-01,6.542317569255828857e-02,6.282284855842590332e-02,-2.567301318049430847e-02,-5.803485587239265442e-02,4.019133150577545166e-01,1.626678556203842163e-01,1.166990250349044800e-01,1.728871017694473267e-01,9.965788573026657104e-02,2.049639075994491577e-01,2.567200064659118652e-01,7.037116587162017822e-02,2.572509646415710449e-01,2.990496158599853516e-01,-2.031953334808349609e-01,1.573602296411991119e-02
2.119139283895492554e-01,9.061418473720550537e-02,2.471283972263336182e-01,4.504222571849822998e-01,3.303322196006774902e-01,4.087292253971099854e-01,3.665756583213806152e-01,1.138619780540466309e-01,2.617293894290924072e-01,2.824532389640808105e-01,1.344136148691177368e-01,1.012444198131561279e-01,4.300853908061981201e-01,5.169453099370002747e-02,1.586067974567413330e-01,3.665113151073455811e-01,4.869846999645233154e-01,4.170073568820953369e-01,4.043971300125122070e-01,6.311535835266113281e-01,1.000000000000000000e+00,3.734430670738220215e-01,3.210719823837280273e-01,2.259859628975391388e-02,3.362205252051353455e-02,2.555693089962005615e-01,1.650039553642272949e-01,1.616193205118179321e-01,1.578752249479293823e-01,1.350963711738586426e-01,2.046035379171371460e-01,-1.698523312807083130e-01,2.166142910718917847e-01,-4.741720389574766159e-03,3.422859683632850647e-02,6.969423592090606689e-02,1.124190986156463623e-01,1.553517580032348633e-01,1.789546161890029907e-01,2.127974331378936768e-01,3.289524614810943604e-01,2.043328881263732910e-01,2.331121563911437988e-01,1.280842125415802002e-01,1.527922004461288452e-01,2.878141999244689941e-01,-9.661605209112167358e-02,9.544678777456283569e-02
-2.553577534854412079e-03,-2.435075864195823669e-02,2.519374787807464600e-01,3.112310171127319336e-01,2.898293733596801758e-02,1.108385249972343445e-01,4.006400704383850098e-01,1.243775933980941772e-01,2.170182764530181885e-02,2.092735022306442261e-01,-4.379489645361900330e-02,3.047758713364601135e-02,9.498609602451324463e-02,1.832800358533859253e-01,1.316772848367691040e-01,-1.386286318302154541e-01,3.647682368755340576e-01,2.352693229913711548e-01,3.093999326229095459e-01,4.752722680568695068e-01,3.734430670738220215e-01,1.000000000000000000e+00,2.327719032764434814e-01,-1.735273562371730804e-02,6.862376630306243896e-02,2.574486844241619110e-02,-3.617429733276367188e-02,4.241671040654182434e-02,2.009708732366561890e-01,3.450985252857208252e-01,3.174735605716705322e-01,9.016025811433792114e-02,-1.402076631784439087e-01,-2.049024216830730438e-02,1.262681633234024048e-01,5.461973696947097778e-02,2.060696482658386230e-01,1.020669117569923401e-01,5.709696933627128601e-02,2.646317780017852783e-01,-7.309186458587646484e-02,9.608212858438491821e-02,1.855250597000122070e-01,7.693969644606113434e-03,1.948313564062118530e-01,1.539720743894577026e-01,-9.876465052366256714e-02,1.273920089006423950e-01
2.963536381721496582e-01,2.532762289047241211e-01,1.610426306724548340e-01,2.848283052444458008e-01,3.467522263526916504e-01,2.669698596000671387e-01,2.820990085601806641e-01,3.106187283992767334e-01,3.899235427379608154e-01,3.616864979267120361e-01,3.315700888633728027e-01,3.237337768077850342e-01,4.948269426822662354e-01,1.907429844141006470e-01,3.015051782131195068e-01,3.123615682125091553e-01,3.373602926731109619e-01,1.585787534713745117e-01,3.724714815616607666e-01,3.898286223411560059e-01,3.210719823837280273e-01,2.327719032764434814e-01,1.000000000000000000e+00,3.635324537754058838e-02,5.017391443252563477e-01,3.107444941997528076e-02,2.884911894798278809e-01,2.566150426864624023e-01,3.547851443290710449e-01,5.337075516581535339e-02,4.234377667307853699e-02,-1.505016069859266281e-02,3.281962275505065918e-01,1.174391284584999084e-01,-1.308129075914621353e-02,2.078490406274795532e-01,2.074968963861465454e-01,2.274242341518402100e-01,3.291336297988891602e-01,5.205042362213134766e-01,2.225988656282424927e-01,2.929616570472717285e-01,5.806334316730499268e-02,2.695573866367340088e-01,2.913998067378997803e-01,1.956319808959960938e-01,-1.011470556259155273e-01,2.998576462268829346e-01
-2.054654806852340698e-02,3.736657202243804932e-01,6.625930964946746826e-02,2.611814737319946289e-01,4.661376029253005981e-02,3.756486177444458008e-01,4.264078736305236816e-01,-1.153772026300430298e-01,1.028955131769180298e-01,2.046066820621490479e-01,-7.307556271553039551e-02,2.053571492433547974e-02,2.462422847747802734e-01,-1.324942260980606079e-01,-8.315610140562057495e-02,2.389959841966629028e-01,2.461858391761779785e-01,2.934942245483398438e-01,-1.102237924933433533e-01,-9.634147584438323975e-02,2.259859628975391388e-02,-1.735273562371730804e-02,3.635324537754058838e-02,1.000000000000000000e+00,-3.765843063592910767e-02,9.116913378238677979e-02,2.948170602321624756e-01,2.254647463560104370e-01,2.160899341106414795e-01,3.485429584980010986e-01,5.334630608558654785e-01,5.398530364036560059e-01,1.357113271951675415e-01,-7.538926729466766119e-05,2.214872092008590698e-01,6.015833020210266113e-01,-1.501560360193252563e-01,2.778891623020172119e-01,1.824043244123458862e-01,1.728317290544509888e-01,2.906540930271148682e-01,4.472797513008117676e-01,6.169253587722778320e-02,2.290780395269393921e-01,3.022661209106445312e-01,2.097537517547607422e-01,7.331309914588928223e-01,3.571479618549346924e-01
4.269737005233764648e-01,1.703031957149505615e-01,2.633526921272277832e-01,1.029580682516098022e-01,3.382837474346160889e-01,1.769102364778518677e-01,-1.754173077642917633e-02,5.545797348022460938e-01,3.478601872920989990e-01,1.875301003456115723e-01,4.586940109729766846e-01,2.936161160469055176e-01,2.277561277151107788e-01,3.250270783901214600e-01,3.623918890953063965e-01,2.483164966106414795e-01,1.131135076284408569e-01,3.532305709086358547e-05,2.946318686008453369e-01,1.650455296039581299e-01,3.362205252051353455e-02,6.862376630306243896e-02,5.017391443252563477e-01,-3.765843063592910767e-02,1.000000000000000000e+00,4.863287508487701416e-02,4.565562009811401367e-01,3.059364259243011475e-01,2.924563884735107422e-01,-1.014752686023712158e-01,-6.269340217113494873e-02,-1.284006536006927490e-01,5.467694997787475586e-01,3.306564688682556152e-01,-1.543417340144515038e-03,1.110172197222709656e-01,3.575333654880523682e-01,3.711173236370086670e-01,1.419985890388488770e-01,2.552965283393859863e-01,1.909648627042770386e-01,8.162325620651245117e-02,-5.531933158636093140e-02,2.700019180774688721e-01,1.420492678880691528e-01,3.594641759991645813e-02,-1.484621167182922363e-01,7.565722614526748657e-02
2.934184670448303223e-02,2.079423516988754272e-01,3.224147558212280273e-01,3.915093541145324707e-01,1.006574779748916626e-01,2.584290504455566406e-01,2.455462813377380371e-01,1.706762984395027161e-02,7.095716148614883423e-02,1.768126934766769409e-01,4.337410628795623779e-02,1.273295190185308456e-02,1.140062361955642700e-01,-9.454821702092885971e-05,7.077734917402267456e-02,8.317131549119949341e-02,3.263801932334899902e-01,2.123907357454299927e-01,2.221335768699645996e-01,2.165954709053039551e-01,2.555693089962005615e-01,2.574486844241619110e-02,3.107444941997528076e-02,9.116913378238677979e-02,4.863287508487701416e-02,1.000000000000000000e+00,1.469329744577407837e-01,4.192884266376495361e-02,5.134489759802818298e-02,6.888216733932495117e-02,9.983871132135391235e-03,-1.058335155248641968e-01,9.118160605430603027e-02,1.549872308969497681e-01,1.353904604911804199e-01,8.085575699806213379e-02,7.583276182413101196e-02,1.208460107445716858e-01,5.412514880299568176e-02,-6.653048098087310791e-03,2.146981656551361084e-01,2.067741006612777710e-01,1.641682684421539307e-01,1.697958260774612427e-01,4.273829981684684753e-02,1.585560590028762817e-01,3.412679210305213928e-02,-5.862635746598243713e-02
3.833606839179992676e-01,3.316068351268768311e-01,3.084901273250579834e-01,2.524954974651336670e-01,4.449810981750488281e-01,5.209079980850219727e-01,1.341039389371871948e-01,2.273032218217849731e-01,5.046791434288024902e-01,2.098519951105117798e-01,2.716152966022491455e-01,1.782876998186111450e-01,3.191283941268920898e-01,-5.484732612967491150e-02,1.556035876274108887e-01,5.091780424118041992e-01,1.535805016756057739e-01,1.799021661281585693e-01,-2.047045528888702393e-02,-2.962674386799335480e-02,1.650039553642272949e-01,-3.617429733276367188e-02,2.884911894798278809e-01,2.948170602321624756e-01,4.565562009811401367e-01,1.469329744577407837e-01,1.000000000000000000e+00,3.674830794334411621e-01,2.907424867153167725e-01,3.090334124863147736e-02,1.984544843435287476e-01,8.606410771608352661e-02,6.875287294387817383e-01,6.766781955957412720e-02,8.425132371485233307e-03,3.725324571132659912e-01,-6.493990123271942139e-02,3.302728533744812012e-01,1.456669569015502930e-01,3.548309504985809326e-01,6.006387472152709961e-01,2.883904278278350830e-01,-1.184457726776599884e-02,3.622681200504302979e-01,1.130399554967880249e-01,1.358623206615447998e-01,2.008619755506515503e-01,2.496486008167266846e-01
6.653817296028137207e-01,4.069522768259048462e-02,3.786207437515258789e-01,3.383373618125915527e-01,4.410961568355560303e-01,3.814159333705902100e-01,1.114984899759292603e-01,-2.615887206047773361e-03,9.731591492891311646e-02,7.060174643993377686e-02,-4.726381227374076843e-02,-1.079490184783935547e-01,1.172867417335510254e-01,-1.261309534311294556e-01,-1.998745650053024292e-01,1.496203243732452393e-01,1.403595507144927979e-01,2.131673395633697510e-01,1.286963224411010742e-01,1.524412445724010468e-02,1.616193205118179321e-01,4.241671040654182434e-02,2.566150426864624023e-01,2.254647463560104370e-01,3.059364259243011475e-01,4.192884266376495361e-02,3.674830794334411621e-01,1.000000000000000000e+00,4.473765194416046143e-01,7.763121277093887329e-02,3.288939297199249268e-01,-1.155572850257158279e-02,3.110298514366149902e-01,2.082094550132751465e-02,1.221453770995140076e-01,3.934736549854278564e-01,-9.129825979471206665e-02,3.860702365636825562e-02,-4.370775446295738220e-02,8.708944916725158691e-02,4.102154970169067383e-01,1.427108794450759888e-01,2.795724570751190186e-01,3.981509804725646973e-02,1.765910685062408447e-01,2.496194839477539062e-01,3.458584845066070557e-02,1.199684739112854004e-01
2.750130593776702881e-01,3.134899735450744629e-01,3.783950507640838623e-01,5.190340280532836914e-01,2.149901837110519409e-01,1.915684193372726440e-01,4.128322601318359375e-01,7.974925637245178223e-02,8.378393948078155518e-03,1.992221176624298096e-01,-7.412231713533401489e-02,2.656215429306030273e-02,2.496093213558197021e-01,1.603541225194931030e-01,-1.316981017589569092e-02,4.038259014487266541e-02,4.063030183315277100e-01,3.888016939163208008e-01,3.065663278102874756e-01,2.904809713363647461e-01,1.578752249479293823e-01,2.009708732366561890e-01,3.547851443290710449e-01,2.160899341106414795e-01,2.924563884735107422e-01,5.134489759802818298e-02,2.907424867153167725e-01,4.473765194416046143e-01,1.000000000000000000e+00,4.876929521560668945e-01,4.032066762447357178e-01,-3.453713655471801758e-02,2.399477064609527588e-01,1.441771239042282104e-01,5.823651701211929321e-02,3.177861273288726807e-01,1.354347020387649536e-01,1.512868404388427734e-01,8.951641619205474854e-02,1.255267411470413208e-01,2.586347460746765137e-01,3.790192902088165283e-01,1.366827636957168579e-01,1.049576848745346069e-01,4.591349959373474121e-01,1.659341305494308472e-01,4.389657638967037201e-03,1.579344123601913452e-01
-2.386253029108047485e-01,3.165426552295684814e-01,2.843717038631439209e-01,4.095501601696014404e-01,-2.057604193687438965e-01,-3.442199667915701866e-03,5.505356192588806152e-01,-1.918826252222061157e-01,-2.736918926239013672e-01,1.072603836655616760e-01,-3.903792202472686768e-01,-1.188330575823783875e-01,3.492099046707153320e-02,7.944565266370773315e-03,-1.905344575643539429e-01,-1.588997244834899902e-01,3.696830272674560547e-01,3.746317625045776367e-01,1.441380828619003296e-01,2.256546765565872192e-01,1.350963711738586426e-01,3.450985252857208252e-01,5.337075516581535339e-02,3.485429584980010986e-01,-1.014752686023712158e-01,6.888216733932495117e-02,3.090334124863147736e-02,7.763121277093887329e-02,4.876929521560668945e-01,1.000000000000000000e+00,6.005432605743408203e-01,1.547196507453918457e-01,-1.626502126455307007e-01,1.312515735626220703e-01,3.082070350646972656e-01,4.275950789451599121e-01,3.365296870470046997e-02,1.079464405775070190e-01,1.243682503700256348e-01,6.604931503534317017e-02,3.021188825368881226e-02,3.182770311832427979e-01,1.284517347812652588e-01,1.187892109155654907e-01,3.483001589775085449e-01,9.388432651758193970e-02,2.574428021907806396e-01,1.821478605270385742e-01
4.737886413931846619e-02,9.124259650707244873e-02,3.351159989833831787e-01,4.236609935760498047e-01,-1.592320390045642853e-02,2.214046120643615723e-01,4.889832735061645508e-01,-5.363757908344268799e-02,-1.651615351438522339e-01,-6.188863888382911682e-02,-3.358697295188903809e-01,-3.008040487766265869e-01,-4.192048683762550354e-03,5.087441951036453247e-02,-2.780418992042541504e-01,3.077827580273151398e-02,4.399071931838989258e-01,6.296303272247314453e-01,1.157158836722373962e-01,1.502984017133712769e-01,2.046035379171371460e-01,3.174735605716705322e-01,4.234377667307853699e-02,5.334630608558654785e-01,-6.269340217113494873e-02,9.983871132135391235e-03,1.984544843435287476e-01,3.288939297199249268e-01,4.032066762447357178e-01,6.005432605743408203e-01,1.000000000000000000e+00,2.667982578277587891e-01,5.230840295553207397e-02,5.990405008196830750e-02,2.561415433883666992e-01,5.751724243164062500e-01,1.101247295737266541e-01,9.955374896526336670e-02,7.482368964701890945e-03,1.120802760124206543e-01,1.874817907810211182e-01,1.399469971656799316e-01,1.108019277453422546e-01,-5.047246068716049194e-02,1.042596846818923950e-01,1.210989523679018021e-02,3.959340751171112061e-01,2.183314114809036255e-01
-1.785371750593185425e-01,1.100859716534614563e-01,-1.617716848850250244e-01,-1.892756856977939606e-02,-4.923918470740318298e-02,1.519453972578048706e-01,1.523136794567108154e-01,-1.349233090877532959e-01,1.485266685485839844e-01,1.342015564441680908e-01,3.539924696087837219e-02,1.591487675905227661e-01,7.344011962413787842e-02,-1.399452835321426392e-01,-1.052274089306592941e-02,6.440279632806777954e-02,-1.414181012660264969e-02,-2.040715329349040985e-02,-2.603141963481903076e-01,-2.560709118843078613e-01,-1.698523312807083130e-01,9.016025811433792114e-02,-1.505016069859266281e-02,5.398530364036560059e-01,-1.284006536006927490e-01,-1.058335155248641968e-01,8.606410771608352661e-02,-1.155572850257158279e-02,-3.453713655471801758e-02,1.547196507453918457e-01,2.667982578277587891e-01,1.000000000000000000e+00,-1.223438382148742676e-01,-1.189243793487548828e-01,1.426418125629425049e-01,3.110900223255157471e-01,-2.142164856195449829e-01,9.225073456764221191e-02,1.331989765167236328e-01,2.346535474061965942e-01,3.507574729155749083e-04,1.754187494516372681e-01,2.802087552845478058e-02,1.911580860614776611e-01,1.888913065195083618e-01,1.411667615175247192e-01,6.710163354873657227e-01,4.792345166206359863e-01
5.246375799179077148e-01,2.990810871124267578e-01,2.107833474874496460e-01,1.183879226446151733e-01,5.037295818328857422e-01,4.303067028522491455e-01,-2.049251832067966461e-02,4.381124079227447510e-01,5.122689008712768555e-01,1.916551738977432251e-01,4.170638918876647949e-01,2.492581903934478760e-01,3.448490202426910400e-01,9.786123037338256836e-02,2.693234682083129883e-01,5.421334505081176758e-01,8.934473991394042969e-02,1.839742362499237061e-01,1.010896638035774231e-01,6.542317569255828857e-02,2.166142910718917847e-01,-1.402076631784439087e-01,3.281962275505065918e-01,1.357113271951675415e-01,5.467694997787475586e-01,9.118160605430603027e-02,6.875287294387817383e-01,3.110298514366149902e-01,2.399477064609527588e-01,-1.626502126455307007e-01,5.230840295553207397e-02,-1.223438382148742676e-01,1.000000000000000000e+00,2.695423066616058350e-01,-4.556924849748611450e-02,1.964537501335144043e-01,1.259595602750778198e-01,3.758828639984130859e-01,1.842754632234573364e-01,2.658138275146484375e-01,5.846012234687805176e-01,1.852086037397384644e-01,-2.984392829239368439e-02,3.631564974784851074e-01,6.491369754076004028e-02,1.035006195306777954e-01,-2.541291341185569763e-02,1.255267113447189331e-01
