1.000000000000000000e+00,6.945555014681303874e-06,2.709264159202575684e-01,2.461110204458236694e-01,2.806185483932495117e-01,3.175725936889648438e-01,1.557663828134536743e-01,8.378300815820693970e-02,-5.167663842439651489e-02,4.485439509153366089e-02,-4.842348396778106689e-02,-1.447104513645172119e-01,-1.125037819147109985e-01,3.438402339816093445e-02,-3.312823474407196045e-01,-2.363214269280433655e-02,5.554600059986114502e-02,7.790887355804443359e-02,2.392737753689289093e-02,1.030350103974342346e-01,5.917875096201896667e-02,-4.247202724218368530e-02,-8.463290333747863770e-02,1.144688576459884644e-01,-2.211600095033645630e-01,1.410813480615615845e-01,-2.522757947444915771e-01,3.276598453521728516e-01,2.533506155014038086e-01,-5.393706262111663818e-02,3.882220014929771423e-02,1.713096499443054199e-01,3.656788729131221771e-03,-1.366600990295410156e-01,-6.402766704559326172e-02,1.194980088621377945e-02,-1.358144101686775684e-03,-1.867022067308425903e-01,-9.021800011396408081e-02,-5.098125711083412170e-02,1.536146700382232666e-01,1.399516016244888306e-01,4.334167018532752991e-02,-1.317608505487442017e-01,1.626464352011680603e-02,2.560759708285331726e-02,1.278289407491683960e-01,-3.222054988145828247e-02
6.945555014681303874e-06,1.000000000000000000e+00,5.600012373179197311e-03,-8.724633604288101196e-02,-1.065917313098907471e-02,1.136250942945480347e-01,3.465417921543121338e-01,1.916030645370483398e-01,2.057792395353317261e-01,3.838089406490325928e-01,4.595227167010307312e-02,-4.575936123728752136e-02,1.221268624067306519e-01,7.565704733133316040e-02,1.305146962404251099e-01,-4.854286462068557739e-02,3.402761220932006836e-01,4.268169701099395752e-01,4.179809689521789551e-01,2.408592402935028076e-01,-2.663232153281569481e-03,-1.518139243125915527e-01,5.914253741502761841e-02,1.094999685883522034e-01,-1.646639108657836914e-01,2.730156779289245605e-01,5.461325496435165405e-02,-5.388925317674875259e-03,2.484429776668548584e-01,-4.199069738388061523e-02,-7.380919158458709717e-02,-1.009947881102561951e-01,1.921917796134948730e-01,7.054537069052457809e-03,-6.453324574977159500e-03,8.907277137041091919e-02,-7.408574968576431274e-02,-9.958153590559959412e-03,-6.889043841511011124e-03,-8.508775383234024048e-02,4.014033377170562744e-01,4.924214482307434082e-01,3.390713334083557129e-01,4.210233390331268311e-01,5.579737424850463867e-01,5.133373141288757324e-01,4.053443670272827148e-02,-1.771796643733978271e-01
2.709264159202575684e-01,5.600012373179197311e-03,1.000000000000000000e+00,3.618217110633850098e-01,2.806348204612731934e-01,3.460856974124908447e-01,2.344442456960678101e-01,-4.985601454973220825e-02,-2.101020514965057373e-01,-7.231093198060989380e-02,-2.082164399325847626e-02,-4.545141756534576416e-02,3.120727278292179108e-02,2.027593106031417847e-01,-1.113390782848000526e-03,1.022745966911315918e-01,1.997091770172119141e-01,9.631574898958206177e-02,6.615605950355529785e-02,1.585906147956848145e-01,2.641504108905792236e-01,2.728421613574028015e-02,4.190997779369354248e-02,-5.134244635701179504e-02,-6.558880209922790527e-02,1.068793907761573792e-01,-1.134137734770774841e-01,3.537492454051971436e-01,1.285129785537719727e-01,-3.326448425650596619e-02,-5.543471779674291611e-03,-7.432705909013748169e-02,-5.774854496121406555e-02,1.355983037501573563e-02,-5.623572319746017456e-02,-4.553592205047607422e-02,8.300052583217620850e-02,6.808086484670639038e-02,1.732021570205688477e-02,3.949998877942562103e-03,1.959332674741744995e-01,1.735579073429107666e-01,9.249883145093917847e-02,-1.343357264995574951e-01,1.120480597019195557e-01,3.891147300601005554e-02,-6.740479171276092529e-02,-1.248657703399658203e-01
2.461110204458236694e-01,-8.724633604288101196e-02,3.618217110633850098e-01,1.000000000000000000e+00,4.168562591075897217e-01,4.625766277313232422e-01,1.964251995086669922e-01,-1.077104359865188599e-01,-8.900412917137145996e-02,-1.217496991157531738e-01,1.031871885061264038e-01,1.595510393381118774e-01,2.448536753654479980e-01,-3.485875204205513000e-02,-1.449211239814758301e-01,-6.592800468206405640e-02,2.877189405262470245e-02,-2.249231562018394470e-02,-9.193804115056991577e-02,2.185767143964767456e-01,3.825771212577819824e-01,3.335973918437957764e-01,-7.532177120447158813e-02,1.877317726612091064e-01,-3.018632717430591583e-02,7.043996453285217285e-02,-3.919494152069091797e-02,2.922946214675903320e-01,-7.232441008090972900e-02,3.186901286244392395e-02,1.331692039966583252e-01,1.936450153589248657e-01,3.115762211382389069e-02,5.927686765789985657e-02,1.003859341144561768e-01,1.611327826976776123e-01,5.276921391487121582e-02,6.377443671226501465e-02,3.874480258673429489e-03,4.608117043972015381e-02,1.056910157203674316e-01,-1.520254556089639664e-02,-1.671156138181686401e-01,-5.192705616354942322e-02,-1.455206722021102905e-01,-2.817244827747344971e-01,8.759023249149322510e-02,-4.773182794451713562e-02
2.806185483932495117e-01,-1.065917313098907471e-02,2.806348204612731934e-01,4.168562591075897217e-01,1.000000000000000000e+00,5.202036499977111816e-01,3.227214813232421875e-01,1.086011603474617004e-01,-1.218792945146560669e-01,7.417817413806915283e-02,7.094208151102066040e-02,2.669090963900089264e-02,2.222793847322463989e-01,3.577007725834846497e-02,-1.140184774994850159e-01,2.543556988239288330e-01,1.511193662881851196e-01,6.640364229679107666e-02,1.443055570125579834e-01,2.352266460657119751e-01,1.385628432035446167e-01,3.078048825263977051e-01,9.158714115619659424e-02,1.281817853450775146e-01,2.237394079566001892e-02,1.734511926770210266e-02,-7.988055050373077393e-02,2.953515350818634033e-01,-9.752650558948516846e-02,3.399035707116127014e-02,1.088526025414466858e-01,1.771216392517089844e-01,9.667676687240600586e-02,1.363787986338138580e-02,4.525978490710258484e-02,6.967402994632720947e-02,1.737951934337615967e-01,1.972475945949554443e-01,9.088176488876342773e-02,3.327166289091110229e-02,2.300550937652587891e-01,1.758926361799240112e-01,6.267604231834411621e-02,-8.296556770801544189e-02,5.900641158223152161e-02,4.463532194495201111e-02,1.721848398447036743e-01,-1.032864674925804138e-02
3.175725936889648438e-01,1.136250942945480347e-01,3.460856974124908447e-01,4.625766277313232422e-01,5.202036499977111816e-01,1.000000000000000000e+00,3.738471865653991699e-01,1.139945760369300842e-01,-6.412257999181747437e-02,1.189230531454086304e-01,1.512539535760879517e-01,9.818395227193832397e-02,1.637086868286132812e-01,2.264584880322217941e-03,-1.817579716444015503e-01,-5.683425068855285645e-02,1.943562328815460205e-01,7.012969255447387695e-02,4.808238521218299866e-02,1.353969126939773560e-01,2.114305496215820312e-01,5.518443137407302856e-02,-5.668117478489875793e-02,1.008155271410942078e-01,-1.576290726661682129e-01,2.583415210247039795e-01,-1.541647315025329590e-01,2.402527928352355957e-01,-8.273173123598098755e-03,-1.072628721594810486e-01,-3.058126755058765411e-02,9.386305510997772217e-02,6.551638990640640259e-02,-1.508450955152511597e-01,-2.377228625118732452e-02,-2.861034683883190155e-02,-6.951403920538723469e-04,-7.891505211591720581e-02,-6.730105727910995483e-02,-5.647704377770423889e-02,3.723377883434295654e-01,2.047966867685317993e-01,6.403291225433349609e-02,-6.305187195539474487e-02,1.142892986536026001e-01,7.709913700819015503e-02,5.419407784938812256e-02,-5.770599097013473511e-02
1.557663828134536743e-01,3.465417921543121338e-01,2.344442456960678101e-01,1.964251995086669922e-01,3.227214813232421875e-01,3.738471865653991699e-01,1.000000000000000000e+00,1.569165736436843872e-01,1.010273247957229614e-01,2.840948700904846191e-01,1.096075624227523804e-01,1.269524544477462769e-01,1.479916274547576904e-01,-3.475929424166679382e-02,-4.565004259347915649e-03,1.152092292904853821e-01,6.379413604736328125e-01,3.305471241474151611e-01,3.302937746047973633e-01,2.165373265743255615e-01,-6.649089604616165161e-02,5.172912031412124634e-02,1.521311253309249878e-01,1.549057513475418091e-01,-9.071163833141326904e-03,5.869624614715576172e-01,-9.110327064990997314e-02,1.923880428075790405e-01,2.426367402076721191e-01,4.954564850777387619e-03,9.507895261049270630e-02,1.330604702234268188e-01,6.806459277868270874e-02,-9.973634779453277588e-02,7.987675257027149200e-03,5.298774316906929016e-02,1.397222746163606644e-02,2.126978011801838875e-03,8.198796212673187256e-02,2.282856963574886322e-03,3.447672724723815918e-01,3.681903183460235596e-01,1.925218254327774048e-01,8.999862521886825562e-02,3.542151749134063721e-01,3.202679157257080078e-01,2.234772592782974243e-01,-1.043200120329856873e-01
8.378300815820693970e-02,1.916030645370483398e-01,-4.985601454973220825e-02,-1.077104359865188599e-01,1.086011603474617004e-01,1.139945760369300842e-01,1.569165736436843872e-01,1.000000000000000000e+00,2.146211117506027222e-01,2.793551683425903320e-01,4.676677882671356201e-01,2.436948567628860474e-01,1.261621862649917603e-01,1.370617896318435669e-01,2.593975514173507690e-02,-1.561582088470458984e-02,2.335281968116760254e-01,6.098940968513488770e-02,6.233277544379234314e-02,-2.551758103072643280e-02,3.128703683614730835e-02,-4.292032122611999512e-02,9.376935660839080811e-02,1.581837683916091919e-01,-5.282421479932963848e-04,7.652988284826278687e-02,1.704449057579040527e-01,-5.008917301893234253e-02,7.023390382528305054e-02,1.692880988121032715e-01,1.042886003851890564e-01,1.541083306074142456e-01,3.473578095436096191e-01,1.456941068172454834e-01,2.397222816944122314e-01,4.917201772332191467e-02,-1.100963330827653408e-03,1.155563890933990479e-01,1.599415764212608337e-02,2.975426055490970612e-02,1.046267375349998474e-01,1.102567017078399658e-01,1.112120971083641052e-01,2.080975025892257690e-01,1.401703506708145142e-01,2.074300497770309448e-01,2.264469265937805176e-01,6.196360662579536438e-02
-5.167663842439651489e-02,2.057792395353317261e-01,-2.101020514965057373e-01,-8.900412917137145996e-02,-1.218792945146560669e-01,-6.412257999181747437e-02,1.010273247957229614e-01,2.146211117506027222e-01,1.000000000000000000e+00,2.789546549320220947e-01,1.573938131332397461e-01,2.922958433628082275e-01,2.999639213085174561e-01,-1.188815571367740631e-02,-9.022393822669982910e-02,-1.261711716651916504e-01,7.111807912588119507e-02,3.262911736965179443e-02,3.098584152758121490e-02,-1.754496060311794281e-02,-1.493276935070753098e-02,-3.043003566563129425e-02,1.394692063331604004e-01,8.496773988008499146e-02,3.642368316650390625e-02,1.499001681804656982e-01,2.481464445590972900e-01,-4.575158655643463135e-02,1.304932404309511185e-02,8.937750011682510376e-02,2.798560075461864471e-02,9.182798862457275391e-02,1.418019235134124756e-01,-8.046574890613555908e-02,1.546645909547805786e-01,4.673357307910919189e-02,8.226469904184341431e-02,-1.177398860454559326e-01,-3.831848502159118652e-02,-7.264745235443115234e-02,3.411483019590377808e-02,8.061695098876953125e-02,3.786604478955268860e-02,4.471506178379058838e-01,3.499799221754074097e-02,1.625446975231170654e-01,9.023964405059814453e-02,4.037895053625106812e-02
4.485439509153366089e-02,3.838089406490325928e-01,-7.231093198060989380e-02,-1.217496991157531738e-01,7.417817413806915283e-02,1.189230531454086304e-01,2.840948700904846191e-01,2.793551683425903320e-01,2.789546549320220947e-01,1.000000000000000000e+00,1.976629942655563354e-01,2.022721767425537109e-01,2.124481201171875000e-01,-2.126870909705758095e-03,1.204875633120536804e-01,-5.592525377869606018e-02,3.527592122554779053e-01,2.955518066883087158e-01,2.016652524471282959e-01,1.370931863784790039e-01,-5.151600018143653870e-02,-5.574322491884231567e-02,2.107383012771606445e-01,1.247225552797317505e-01,-4.270775243639945984e-03,2.386970371007919312e-01,9.783872961997985840e-02,-3.729657083749771118e-02,1.878937631845474243e-01,1.435525566339492798e-01,8.296235650777816772e-02,8.875742554664611816e-02,1.921105384826660156e-01,-1.262697391211986542e-02,1.133399680256843567e-01,4.143386706709861755e-02,9.229377657175064087e-02,4.945959150791168213e-02,1.100394502282142639e-01,2.339238859713077545e-02,3.017424046993255615e-01,3.282284140586853027e-01,2.502755224704742432e-01,2.510522603988647461e-01,4.534707069396972656e-01,5.438692569732666016e-01,1.883931010961532593e-01,8.579990826547145844e-03
-4.842348396778106689e-02,4.595227167010307312e-02,-2.082164399325847626e-02,1.031871885061264038e-01,7.094208151102066040e-02,1.512539535760879517e-01,1.096075624227523804e-01,4.676677882671356201e-01,1.573938131332397461e-01,1.976629942655563354e-01,1.000000000000000000e+00,4.579963386058807373e-01,2.126288264989852905e-01,-6.940200924873352051e-02,5.876204371452331543e-02,-5.601989105343818665e-02,1.376262903213500977e-01,-4.484849423170089722e-02,-4.400743916630744934e-02,-7.583945244550704956e-02,1.283982545137405396e-01,1.042196974158287048e-01,7.837273180484771729e-02,1.413217037916183472e-01,1.687854081392288208e-01,2.808700501918792725e-02,1.860022097826004028e-01,-1.362022850662469864e-02,-6.449675653129816055e-03,2.231717109680175781e-01,1.879514753818511963e-01,2.192920744419097900e-01,2.119940370321273804e-01,1.620131582021713257e-01,3.382256925106048584e-01,6.246671453118324280e-02,-3.434336185455322266e-02,1.318742036819458008e-01,4.851314425468444824e-02,1.358104646205902100e-01,5.039048194885253906e-02,3.666085377335548401e-02,4.301618412137031555e-02,8.615813404321670532e-02,2.986215427517890930e-02,6.861741840839385986e-02,1.924111396074295044e-01,1.232963651418685913e-01
-1.447104513645172119e-01,-4.575936123728752136e-02,-4.545141756534576416e-02,1.595510393381118774e-01,2.669090963900089264e-02,9.818395227193832397e-02,1.269524544477462769e-01,2.436948567628860474e-01,2.922958433628082275e-01,2.022721767425537109e-01,4.579963386058807373e-01,1.000000000000000000e+00,3.671064376831054688e-01,-9.362406126456335187e-05,1.097814217209815979e-01,-1.785648763179779053e-01,6.070269271731376648e-02,-2.465101927518844604e-01,-2.483993768692016602e-01,-1.603448390960693359e-01,1.919528543949127197e-01,8.601953089237213135e-02,6.511825323104858398e-02,1.627824604511260986e-01,2.977537810802459717e-01,1.393394917249679565e-01,3.393578231334686279e-01,9.336090087890625000e-02,-8.772542327642440796e-02,1.231358274817466736e-01,4.486519470810890198e-02,1.947751641273498535e-01,2.051216214895248413e-01,7.832032442092895508e-02,3.050457239151000977e-01,5.679025501012802124e-02,-8.713337592780590057e-03,1.229178160429000854e-01,-3.700942546129226685e-02,1.044655367732048035e-01,-8.434717543423175812e-03,-5.630907416343688965e-02,-2.076377570629119873e-01,7.911672443151473999e-02,-8.014057576656341553e-02,-1.002124249935150146e-01,1.778147071599960327e-01,1.558213531970977783e-01
-1.125037819147109985e-01,1.221268624067306519e-01,3.120727278292179108e-02,2.448536753654479980e-01,2.222793847322463989e-01,1.637086868286132812e-01,1.479916274547576904e-01,1.261621862649917603e-01,2.999639213085174561e-01,2.124481201171875000e-01,2.126288264989852905e-01,3.671064376831054688e-01,1.000000000000000000e+00,9.607144445180892944e-02,6.744065135717391968e-02,5.612659454345703125e-02,2.667875960469245911e-02,1.801156066358089447e-02,-1.353661436587572098e-02,3.592463433742523193e-01,3.661576211452484131e-01,3.501864373683929443e-01,2.002564221620559692e-01,1.181537732481956482e-01,1.362284421920776367e-01,5.388758704066276550e-02,2.535926401615142822e-01,4.534049704670906067e-02,-6.203621253371238708e-02,2.100808918476104736e-01,2.029653638601303101e-01,1.883160024881362915e-01,2.228872030973434448e-01,1.029763072729110718e-01,8.142048865556716919e-02,1.258170455694198608e-01,1.789529770612716675e-01,1.484519541263580322e-01,9.733861684799194336e-02,7.401617616415023804e-02,2.287725061178207397e-01,8.356556296348571777e-02,-1.270774286240339279e-02,2.540312409400939941e-01,-2.789919823408126831e-02,-1.141748018562793732e-02,9.732808917760848999e-02,3.823650255799293518e-02
3.438402339816093445e-02,7.565704733133316040e-02,2.027593106031417847e-01,-3.485875204205513000e-02,3.577007725834846497e-02,2.264584880322217941e-03,-3.475929424166679382e-02,1.370617896318435669e-01,-1.188815571367740631e-02,-2.126870909705758095e-03,-6.940200924873352051e-02,-9.362406126456335187e-05,9.607144445180892944e-02,1.000000000000000000e+00,2.294546067714691162e-01,-1.300111878663301468e-02,3.511987999081611633e-02,2.615241333842277527e-02,6.721976399421691895e-02,1.200213134288787842e-01,1.783651411533355713e-01,-5.422080308198928833e-02,4.107984527945518494e-02,-4.903835058212280273e-02,-2.246845513582229614e-02,-5.461632087826728821e-02,1.012395247817039490e-01,8.107079565525054932e-02,3.962187096476554871e-02,3.172802180051803589e-02,-5.867062881588935852e-02,-9.546598792076110840e-02,1.836422085762023926e-01,2.574492394924163818e-01,-1.024654507637023926e-01,-2.619030512869358063e-02,4.031286537647247314e-01,2.855421006679534912e-01,7.724304497241973877e-02,2.819485031068325043e-02,2.691711299121379852e-03,8.475937694311141968e-02,8.674879372119903564e-02,-1.131236925721168518e-02,2.110851556062698364e-02,4.409414157271385193e-02,-6.688511464744806290e-03,3.157579526305198669e-02
-3.312823474407196045e-01,1.305146962404251099e-01,-1.113390782848000526e-03,-1.449211239814758301e-01,-1.140184774994850159e-01,-1.817579716444015503e-01,-4.565004259347915649e-03,2.593975514173507690e-02,-9.022393822669982910e-02,1.204875633120536804e-01,5.876204371452331543e-02,1.097814217209815979e-01,6.744065135717391968e-02,2.294546067714691162e-01,1.000000000000000000e+00,1.669692099094390869e-01,2.621526643633842468e-02,1.120023243129253387e-02,6.605431903153657913e-03,3.612999245524406433e-02,2.188015356659889221e-02,-1.502405945211648941e-02,1.747155040502548218e-01,-1.120432093739509583e-01,1.239870861172676086e-01,-6.492184102535247803e-02,1.712928265333175659e-01,-7.971870899200439453e-02,-4.952877387404441833e-02,7.433160394430160522e-02,-2.055978216230869293e-02,-1.431385725736618042e-01,5.927931144833564758e-02,3.260028660297393799e-01,1.041495241224765778e-02,-5.106099322438240051e-02,1.583361029624938965e-01,4.788661599159240723e-01,1.317174285650253296e-01,9.681175649166107178e-02,-5.202410742640495300e-02,6.414967775344848633e-02,3.097562305629253387e-02,-2.349609322845935822e-02,1.620317548513412476e-01,9.121474623680114746e-02,-3.772857412695884705e-02,7.865404337644577026e-02
-2.363214269280433655e-02,-4.854286462068557739e-02,1.022745966911315918e-01,-6.592800468206405640e-02,2.543556988239288330e-01,-5.683425068855285645e-02,1.152092292904853821e-01,-1.561582088470458984e-02,-1.261711716651916504e-01,-5.592525377869606018e-02,-5.601989105343818665e-02,-1.785648763179779053e-01,5.612659454345703125e-02,-1.300111878663301468e-02,1.669692099094390869e-01,1.000000000000000000e+00,3.283640742301940918e-02,1.206919699907302856e-01,2.371491491794586182e-01,2.287255823612213135e-01,-9.497021883726119995e-02,1.397722512483596802e-01,2.225950807332992554e-01,-1.283556669950485229e-01,-6.052638590335845947e-02,-7.910351455211639404e-02,-1.184767261147499084e-01,-3.292466327548027039e-02,-7.774186134338378906e-02,1.092690601944923401e-01,1.523083150386810303e-01,1.244045514613389969e-02,-9.818366169929504395e-02,-1.041833776980638504e-02,3.253214433789253235e-02,-5.093115940690040588e-02,1.942412257194519043e-01,1.438235789537429810e-01,2.330398410558700562e-01,3.445136174559593201e-02,-8.116609603166580200e-02,8.254926651716232300e-03,1.748753935098648071e-01,-6.695418059825897217e-02,-5.845497548580169678e-02,7.352651655673980713e-02,-4.380562156438827515e-02,-7.421553618769394234e-06
5.554600059986114502e-02,3.402761220932006836e-01,1.997091770172119141e-01,2.877189405262470245e-02,1.511193662881851196e-01,1.943562328815460205e-01,6.379413604736328125e-01,2.335281968116760254e-01,7.111807912588119507e-02,3.527592122554779053e-01,1.376262903213500977e-01,6.070269271731376648e-02,2.667875960469245911e-02,3.511987999081611633e-02,2.621526643633842468e-02,3.283640742301940918e-02,1.000000000000000000e+00,5.134780406951904297e-01,4.158840775489807129e-01,1.519109010696411133e-01,-5.933134816586971283e-03,-4.719419032335281372e-02,7.312574237585067749e-02,1.014323681592941284e-01,8.377140015363693237e-02,3.933302164077758789e-01,1.899550296366214752e-02,5.456811934709548950e-02,2.184590995311737061e-01,7.213266938924789429e-02,6.485699862241744995e-02,-1.206649281084537506e-02,2.287315279245376587e-01,-5.539729446172714233e-02,7.156834006309509277e-02,2.361494489014148712e-02,-3.205674514174461365e-02,-3.665046021342277527e-02,1.255489438772201538e-01,-4.621648788452148438e-02,2.197938412427902222e-01,3.463107943534851074e-01,3.228953480720520020e-01,1.249594390392303467e-01,4.371726810932159424e-01,4.449113011360168457e-01,1.319434344768524170e-01,-1.613249778747558594e-01
7.790887355804443359e-02,4.268169701099395752e-01,9.631574898958206177e-02,-2.249231562018394470e-02,6.640364229679107666e-02,7.012969255447387695e-02,3.305471241474151611e-01,6.098940968513488770e-02,3.262911736965179443e-02,2.955518066883087158e-01,-4.484849423170089722e-02,-2.465101927518844604e-01,1.801156066358089447e-02,2.615241333842277527e-02,1.120023243129253387e-02,1.206919699907302856e-01,5.134780406951904297e-01,1.000000000000000000e+00,5.955331921577453613e-01,3.906756937503814697e-01,3.032016381621360779e-02,1.335897017270326614e-02,5.925889313220977783e-02,1.510495785623788834e-02,-1.833886206150054932e-01,8.157577365636825562e-02,-1.166072767227888107e-02,-9.938000142574310303e-02,1.512035280466079712e-01,1.467234268784523010e-02,1.006924882531166077e-01,-1.489222198724746704e-01,1.074509322643280029e-01,-1.858299411833286285e-02,-1.869982667267322540e-02,3.368949517607688904e-02,-4.764797165989875793e-03,-1.969777047634124756e-02,1.119900271296501160e-01,-1.384881436824798584e-01,9.668296575546264648e-02,3.883952200412750244e-01,5.024524331092834473e-01,3.045769035816192627e-01,3.696464300155639648e-01,4.986147582530975342e-01,-7.146005332469940186e-02,-2.902982234954833984e-01
2.392737753689289093e-02,4.179809689521789551e-01,6.615605950355529785e-02,-9.193804115056991577e-02,1.443055570125579834e-01,4.808238521218299866e-02,3.302937746047973633e-01,6.233277544379234314e-02,3.098584152758121490e-02,2.016652524471282959e-01,-4.400743916630744934e-02,-2.483993768692016602e-01,-1.353661436587572098e-02,6.721976399421691895e-02,6.605431903153657913e-03,2.371491491794586182e-01,4.158840775489807129e-01,5.955331921577453613e-01,1.000000000000000000e+00,4.554207623004913330e-01,-2.789715304970741272e-02,-1.629232466220855713e-01,-3.460771590471267700e-02,-1.076011285185813904e-01,-1.209532767534255981e-01,1.304739713668823242e-01,3.622595593333244324e-02,-2.810071595013141632e-02,1.833523064851760864e-01,-5.783783271908760071e-02,-1.320543140172958374e-01,-2.667276561260223389e-01,1.754855811595916748e-01,-3.640818223357200623e-02,1.632655039429664612e-02,-1.153127029538154602e-01,-3.911652043461799622e-02,4.335972014814615250e-03,8.838199079036712646e-03,-2.052734047174453735e-01,8.789667487144470215e-02,3.324532806873321533e-01,5.105479359626770020e-01,2.814041376113891602e-01,3.308043181896209717e-01,5.076768398284912109e-01,-1.518162190914154053e-01,-3.753017485141754150e-01
1.030350103974342346e-01,2.408592402935028076e-01,1.585906147956848145e-01,2.185767143964767456e-01,2.352266460657119751e-01,1.353969126939773560e-01,2.165373265743255615e-01,-2.551758103072643280e-02,-1.754496060311794281e-02,1.370931863784790039e-01,-7.583945244550704956e-02,-1.603448390960693359e-01,3.592463433742523193e-01,1.200213134288787842e-01,3.612999245524406433e-02,2.287255823612213135e-01,1.519109010696411133e-01,3.906756937503814697e-01,4.554207623004913330e-01,1.000000000000000000e+00,3.856059908866882324e-01,1.340223103761672974e-01,-2.825704775750637054e-02,-1.156572997570037842e-01,-2.072771489620208740e-01,4.663675278425216675e-02,-2.383045293390750885e-02,9.517109021544456482e-03,1.483526378870010376e-01,3.045821096748113632e-03,3.907462209463119507e-02,-1.286992281675338745e-01,5.457012727856636047e-02,4.498435184359550476e-03,2.656677505001425743e-03,-7.984411716461181641e-02,1.752160936594009399e-01,9.721574187278747559e-02,-1.512326393276453018e-02,-1.413922011852264404e-01,1.365618109703063965e-01,1.884481608867645264e-01,2.787701189517974854e-01,1.804323494434356689e-01,1.253063827753067017e-01,1.818092018365859985e-01,-1.525703370571136475e-01,-3.141270875930786133e-01
5.917875096201896667e-02,-2.663232153281569481e-03,2.641504108905792236e-01,3.825771212577819824e-01,1.385628432035446167e-01,2.114305496215820312e-01,-6.649089604616165161e-02,3.128703683614730835e-02,-1.493276935070753098e-02,-5.151600018143653870e-02,1.283982545137405396e-01,1.919528543949127197e-01,3.661576211452484131e-01,1.783651411533355713e-01,2.188015356659889221e-02,-9.497021883726119995e-02,-5.933134816586971283e-03,3.032016381621360779e-02,-2.789715304970741272e-02,3.856059908866882324e-01,1.000000000000000000e+00,2.901142239570617676e-01,-1.068229228258132935e-02,-5.302909761667251587e-02,-5.096070840954780579e-02,-1.289735883474349976e-01,1.332367360591888428e-01,2.090051919221878052e-01,9.697465598583221436e-02,1.588822156190872192e-01,1.028980463743209839e-01,2.567486651241779327e-02,1.424665004014968872e-01,1.948570758104324341e-01,1.048555150628089905e-01,-3.872931376099586487e-02,1.118501871824264526e-01,1.826660335063934326e-01,-3.980081900954246521e-02,-8.878912776708602905e-03,3.092601336538791656e-02,6.243076175451278687e-02,-5.342642962932586670e-02,1.405373029410839081e-02,-7.506383210420608521e-02,-1.232965067028999329e-01,-1.028435751795768738e-01,-4.565018415451049805e-02
-4.247202724218368530e-02,-1.518139243125915527e-01,2.728421613574028015e-02,3.335973918437957764e-01,3.078048825263977051e-01,5.518443137407302856e-02,5.172912031412124634e-02,-4.292032122611999512e-02,-3.043003566563129425e-02,-5.574322491884231567e-02,1.042196974158287048e-01,8.601953089237213135e-02,3.501864373683929443e-01,-5.422080308198928833e-02,-1.502405945211648941e-02,1.397722512483596802e-01,-4.719419032335281372e-02,1.335897017270326614e-02,-1.629232466220855713e-01,1.340223103761672974e-01,2.901142239570617676e-01,1.000000000000000000e+00,4.043147265911102295e-01,2.720604836940765381e-01,2.195534855127334595e-01,-8.564087748527526855e-02,2.742320671677589417e-02,1.550026834011077881e-01,-8.683227747678756714e-02,3.418243527412414551e-01,6.038635373115539551e-01,4.794711470603942871e-01,1.509061735123395920e-02,1.604499965906143188e-01,9.106019139289855957e-02,3.137417435646057129e-01,1.458165943622589111e-01,2.424522489309310913e-01,3.193207085132598877e-01,2.831284105777740479e-01,6.059493403881788254e-03,-2.205382473766803741e-02,-1.801958680152893066e-01,-1.218358427286148071e-01,-1.793185174465179443e-01,-2.646215856075286865e-01,2.599163353443145752e-01,2.935799360275268555e-01
-8.463290333747863770e-02,5.914253741502761841e-02,4.190997779369354248e-02,-7.532177120447158813e-02,9.158714115619659424e-02,-5.668117478489875793e-02,1.521311253309249878e-01,9.376935660839080811e-02,1.394692063331604004e-01,2.107383012771606445e-01,7.837273180484771729e-02,6.511825323104858398e-02,2.002564221620559692e-01,4.107984527945518494e-02,1.747155040502548218e-01,2.225950807332992554e-01,7.312574237585067749e-02,5.925889313220977783e-02,-3.460771590471267700e-02,-2.825704775750637054e-02,-1.068229228258132935e-02,4.043147265911102295e-01,1.000000000000000000e+00,1.645159274339675903e-01,1.846039891242980957e-01,4.167260229587554932e-02,1.171633377671241760e-01,4.935450479388237000e-02,3.955610096454620361e-02,2.806214392185211182e-01,3.742342293262481689e-01,3.693508207798004150e-01,8.005789667367935181e-02,9.552218019962310791e-02,1.402944624423980713e-01,1.970853656530380249e-01,1.932164728641510010e-01,2.142260670661926270e-01,4.804254770278930664e-01,4.285434484481811523e-01,1.006649211049079895e-01,5.620222911238670349e-02,3.754294943064451218e-03,7.347630709409713745e-02,5.738624185323715210e-02,9.076617658138275146e-02,2.342943698167800903e-01,4.401083886623382568e-01
1.144688576459884644e-01,1.094999685883522034e-01,-5.134244635701179504e-02,1.877317726612091064e-01,1.281817853450775146e-01,1.008155271410942078e-01,1.549057513475418091e-01,1.581837683916091919e-01,8.496773988008499146e-02,1.247225552797317505e-01,1.413217037916183472e-01,1.627824604511260986e-01,1.181537732481956482e-01,-4.903835058212280273e-02,-1.120432093739509583e-01,-1.283556669950485229e-01,1.014323681592941284e-01,1.510495785623788834e-02,-1.076011285185813904e-01,-1.156572997570037842e-01,-5.302909761667251587e-02,2.720604836940765381e-01,1.645159274339675903e-01,1.000000000000000000e+00,1.042686253786087036e-01,2.073971480131149292e-01,1.127768121659755707e-02,1.324781030416488647e-01,4.220825806260108948e-02,1.196882054209709167e-01,3.278371691703796387e-01,6.238920688629150391e-01,1.485534310340881348e-01,7.092989981174468994e-03,3.226237371563911438e-02,7.185943126678466797e-01,-1.360361874103546143e-01,-6.776330620050430298e-02,1.978262364864349365e-01,3.713493049144744873e-01,1.565120816230773926e-01,3.015163540840148926e-02,-8.488240838050842285e-02,6.725692749023437500e-02,1.199712902307510376e-01,-3.383540897630155087e-04,6.407520174980163574e-01,8.064392209053039551e-02
-2.211600095033645630e-01,-1.646639108657836914e-01,-6.558880209922790527e-02,-3.018632717430591583e-02,2.237394079566001892e-02,-1.576290726661682129e-01,-9.071163833141326904e-03,-5.282421479932963848e-04,3.642368316650390625e-02,-4.270775243639945984e-03,1.687854081392288208e-01,2.977537810802459717e-01,1.362284421920776367e-01,-2.246845513582229614e-02,1.239870861172676086e-01,-6.052638590335845947e-02,8.377140015363693237e-02,-1.833886206150054932e-01,-1.209532767534255981e-01,-2.072771489620208740e-01,-5.096070840954780579e-02,2.195534855127334595e-01,1.846039891242980957e-01,1.042686253786087036e-01,1.000000000000000000e+00,1.845496520400047302e-02,3.999628424644470215e-01,1.265489012002944946e-01,-8.454512059688568115e-02,1.901204437017440796e-01,1.623013168573379517e-01,1.937883049249649048e-01,2.156466990709304810e-01,1.787126362323760986e-01,1.719837784767150879e-01,8.028977364301681519e-02,-1.979385688900947571e-02,1.775869876146316528e-01,1.295260041952133179e-01,2.156890928745269775e-01,-9.122711420059204102e-02,-1.262131333351135254e-01,-1.763105243444442749e-01,-9.263972193002700806e-02,-6.764213740825653076e-02,-1.236477643251419067e-01,1.950345337390899658e-01,1.187413036823272705e-01
1.410813480615615845e-01,2.730156779289245605e-01,1.068793907761573792e-01,7.043996453285217285e-02,1.734511926770210266e-02,2.583415210247039795e-01,5.869624614715576172e-01,7.652988284826278687e-02,1.499001681804656982e-01,2.386970371007919312e-01,2.808700501918792725e-02,1.393394917249679565e-01,5.388758704066276550e-02,-5.461632087826728821e-02,-6.492184102535247803e-02,-7.910351455211639404e-02,3.933302164077758789e-01,8.157577365636825562e-02,1.304739713668823242e-01,4.663675278425216675e-02,-1.289735883474349976e-01,-8.564087748527526855e-02,4.167260229587554932e-02,2.073971480131149292e-01,1.845496520400047302e-02,1.000000000000000000e+00,-1.533946245908737183e-01,1.967644691467285156e-01,3.416537046432495117e-01,-1.126320660114288330e-01,9.291684255003929138e-03,1.270140409469604492e-01,-6.031804252415895462e-03,-1.715724021196365356e-01,-7.045291364192962646e-02,7.597040385007858276e-02,-4.847870767116546631e-02,-1.376253366470336914e-01,-1.027851644903421402e-02,1.577689684927463531e-02,3.985134363174438477e-01,1.946607530117034912e-01,1.638346910476684570e-02,5.952670797705650330e-02,2.891210615634918213e-01,1.599134206771850586e-01,1.972324103116989136e-01,-5.678160861134529114e-02
-2.522757947444915771e-01,5.461325496435165405e-02,-1.134137734770774841e-01,-3.919494152069091797e-02,-7.988055050373077393e-02,-1.541647315025329590e-01,-9.110327064990997314e-02,1.704449057579040527e-01,2.481464445590972900e-01,9.783872961997985840e-02,1.860022097826004028e-01,3.393578231334686279e-01,2.535926401615142822e-01,1.012395247817039490e-01,1.712928265333175659e-01,-1.184767261147499084e-01,1.899550296366214752e-02,-1.166072767227888107e-02,3.622595593333244324e-02,-2.383045293390750885e-02,1.332367360591888428e-01,2.742320671677589417e-02,1.171633377671241760e-01,1.127768121659755707e-02,3.999628424644470215e-01,-1.533946245908737183e-01,1.000000000000000000e+00,-4.761186987161636353e-02,-1.488710939884185791e-01,1.154285594820976257e-01,-6.634283065795898438e-02,-1.401184499263763428e-02,4.728699922561645508e-01,2.944439351558685303e-01,4.155386090278625488e-01,2.345467731356620789e-02,4.170439671725034714e-03,1.672976315021514893e-01,4.471184685826301575e-02,1.223135218024253845e-01,-2.378700226545333862e-01,-4.989581182599067688e-02,7.720104418694972992e-03,3.036397993564605713e-01,-4.174727946519851685e-02,2.999864891171455383e-02,2.801798470318317413e-02,3.328122198581695557e-02
3.276598453521728516e-01,-5.388925317674875259e-03,3.537492454051971436e-01,2.922946214675903320e-01,2.953515350818634033e-01,2.402527928352355957e-01,1.923880428075790405e-01,-5.008917301893234253e-02,-4.575158655643463135e-02,-3.729657083749771118e-02,-1.362022850662469864e-02,9.336090087890625000e-02,4.534049704670906067e-02,8.107079565525054932e-02,-7.971870899200439453e-02,-3.292466327548027039e-02,5.456811934709548950e-02,-9.938000142574310303e-02,-2.810071595013141632e-02,9.517109021544456482e-03,2.090051919221878052e-01,1.550026834011077881e-01,4.935450479388237000e-02,1.324781030416488647e-01,1.265489012002944946e-01,1.967644691467285156e-01,-4.761186987161636353e-02,1.000000000000000000e+00,3.814943134784698486e-01,8.471262454986572266e-02,1.658620312809944153e-02,1.680969446897506714e-01,-1.848972216248512268e-02,-1.442321203649044037e-02,-1.073135342448949814e-02,6.991483271121978760e-02,-4.316480457782745361e-02,1.591091230511665344e-02,-6.387231498956680298e-02,-2.683965303003787994e-02,1.558503210544586182e-01,9.701345115900039673e-02,-1.399402618408203125e-01,-4.698159918189048767e-02,2.242472209036350250e-02,-1.172420755028724670e-01,1.346909105777740479e-01,8.577525615692138672e-02
2.533506155014038086e-01,2.484429776668548584e-01,1.285129785537719727e-01,-7.232441008090972900e-02,-9.752650558948516846e-02,-8.273173123598098755e-03,2.426367402076721191e-01,7.023390382528305054e-02,1.304932404309511185e-02,1.878937631845474243e-01,-6.449675653129816055e-03,-8.772542327642440796e-02,-6.203621253371238708e-02,3.962187096476554871e-02,-4.952877387404441833e-02,-7.774186134338378906e-02,2.184590995311737061e-01,1.512035280466079712e-01,1.833523064851760864e-01,1.483526378870010376e-01,9.697465598583221436e-02,-8.683227747678756714e-02,3.955610096454620361e-02,4.220825806260108948e-02,-8.454512059688568115e-02,3.416537046432495117e-01,-1.488710939884185791e-01,3.814943134784698486e-01,1.000000000000000000e+00,2.572286725044250488e-01,1.462839841842651367e-01,1.207494586706161499e-01,8.463708683848381042e-03,-4.168804734945297241e-02,-7.028385996818542480e-02,-3.246976807713508606e-02,-2.924822457134723663e-02,-8.828230202198028564e-02,-5.025317147374153137e-02,-8.602725714445114136e-02,2.937162518501281738e-01,1.908560097217559814e-01,1.651549339294433594e-01,7.711113989353179932e-02,2.406079918146133423e-01,1.991406232118606567e-01,1.492114216089248657e-01,-2.426051907241344452e-02
-5.393706262111663818e-02,-4.199069738388061523e-02,-3.326448425650596619e-02,3.186901286244392395e-02,3.399035707116127014e-02,-1.072628721594810486e-01,4.954564850777387619e-03,1.692880988121032715e-01,8.937750011682510376e-02,1.435525566339492798e-01,2.231717109680175781e-01,1.231358274817466736e-01,2.100808918476104736e-01,3.172802180051803589e-02,7.433160394430160522e-02,1.092690601944923401e-01,7.213266938924789429e-02,1.467234268784523010e-02,-5.783783271908760071e-02,3.045821096748113632e-03,1.588822156190872192e-01,3.418243527412414551e-01,2.806214392185211182e-01,1.196882054209709167e-01,1.901204437017440796e-01,-1.126320660114288330e-01,1.154285594820976257e-01,8.471262454986572266e-02,2.572286725044250488e-01,1.000000000000000000e+00,6.052790880203247070e-01,3.800196051597595215e-01,1.007573753595352173e-01,1.889471411705017090e-01,1.713307052850723267e-01,1.129750832915306091e-01,1.326269954442977905e-01,1.531529426574707031e-01,2.590690851211547852e-01,9.401652961969375610e-02,2.539779432117938995e-02,5.006118863821029663e-02,3.454898297786712646e-02,8.794679306447505951e-03,-3.065448068082332611e-02,4.402315989136695862e-02,2.881151735782623291e-01,2.345527857542037964e-01
3.882220014929771423e-02,-7.380919158458709717e-02,-5.543471779674291611e-03,1.331692039966583252e-01,1.088526025414466858e-01,-3.058126755058765411e-02,9.507895261049270630e-02,1.042886003851890564e-01,2.798560075461864471e-02,8.296235650777816772e-02,1.879514753818511963e-01,4.486519470810890198e-02,2.029653638601303101e-01,-5.867062881588935852e-02,-2.055978216230869293e-02,1.523083150386810303e-01,6.485699862241744995e-02,1.006924882531166077e-01,-1.320543140172958374e-01,3.907462209463119507e-02,1.028980463743209839e-01,6.038635373115539551e-01,3.742342293262481689e-01,3.278371691703796387e-01,1.623013168573379517e-01,9.291684255003929138e-03,-6.634283065795898438e-02,1.658620312809944153e-02,1.462839841842651367e-01,6.052790880203247070e-01,1.000000000000000000e+00,5.789353847503662109e-01,1.411633938550949097e-02,1.317528039216995239e-01,6.906581670045852661e-02,3.395893871784210205e-01,1.526850014925003052e-01,1.144207492470741272e-01,3.797850906848907471e-01,2.609321177005767822e-01,4.996377229690551758e-02,1.691110618412494659e-02,-3.563715610653162003e-03,-9.491091966629028320e-02,-7.796106487512588501e-02,-8.431611955165863037e-02,3.967519104480743408e-01,2.537423372268676758e-01
1.713096499443054199e-01,-1.009947881102561951e-01,-7.432705909013748169e-02,1.936450153589248657e-01,1.771216392517089844e-01,9.386305510997772217e-02,1.330604702234268188e-01,1.541083306074142456e-01,9.182798862457275391e-02,8.875742554664611816e-02,2.192920744419097900e-01,1.947751641273498535e-01,1.883160024881362915e-01,-9.546598792076110840e-02,-1.431385725736618042e-01,1.244045514613389969e-02,-1.206649281084537506e-02,-1.489222198724746704e-01,-2.667276561260223389e-01,-1.286992281675338745e-01,2.567486651241779327e-02,4.794711470603942871e-01,3.693508207798004150e-01,6.238920688629150391e-01,1.937883049249649048e-01,1.270140409469604492e-01,-1.401184499263763428e-02,1.680969446897506714e-01,1.207494586706161499e-01,3.800196051597595215e-01,5.789353847503662109e-01,1.000000000000000000e+00,3.095183148980140686e-02,3.586046397686004639e-02,9.193100035190582275e-02,5.099782943725585938e-01,3.937868773937225342e-02,1.895256340503692627e-02,2.988756299018859863e-01,3.605738580226898193e-01,1.375544071197509766e-01,-6.354094482958316803e-03,-1.569768488407135010e-01,-7.645630836486816406e-02,-7.685472816228866577e-02,-1.148309037089347839e-01,6.877503395080566406e-01,2.900058925151824951e-01
