1.000000000000000000e+00,6.424154043197631836e-01,2.557845115661621094e-01,1.045645549893379211e-01,-1.141635850071907043e-01,-1.364695280790328979e-01,5.263020396232604980e-01,2.323870509862899780e-01,-1.127728223800659180e-01,-1.625013202428817749e-01,4.724881649017333984e-01,2.140292525291442871e-01,2.579702734947204590e-01,-2.777008153498172760e-02,-2.020910531282424927e-01,-1.392330974340438843e-01,3.747444748878479004e-01,5.273478627204895020e-01,6.045876741409301758e-01,5.001072883605957031e-01,-6.331202387809753418e-02,-5.712171271443367004e-02,-1.413163989782333374e-01,-1.344823986291885376e-01,-2.917253971099853516e-01,-3.100212514400482178e-01,-2.302743494510650635e-01,-2.430644482374191284e-01,4.402264356613159180e-01,3.906825780868530273e-01,-2.348593063652515411e-02,-5.770830437541007996e-02,3.611816465854644775e-01,2.981712222099304199e-01,-1.821622997522354126e-01,-1.766862124204635620e-01,4.329944029450416565e-02,5.909181386232376099e-02,5.990099906921386719e-02,5.792338028550148010e-02,7.957495003938674927e-02,4.500147327780723572e-02,2.206713706254959106e-01,1.472280919551849365e-01,2.521066069602966309e-01,1.219741404056549072e-01,1.998377442359924316e-01,1.665148138999938965e-01,6.751085072755813599e-02,1.123673990368843079e-01,2.684797346591949463e-01,4.097554774489253759e-04,1.480660140514373779e-01,1.107632219791412354e-01,1.497943103313446045e-01,1.603787243366241455e-01,6.664251685142517090e-01,5.419963002204895020e-01,6.256926655769348145e-01,5.056186914443969727e-01,4.810751676559448242e-01,2.308662384748458862e-01,4.941744506359100342e-01,4.488688707351684570e-01,-6.911994516849517822e-02,-2.576158046722412109e-01,2.937838435173034668e-01,1.562095880508422852e-01,5.347694158554077148e-01,1.712308377027511597e-01,1.233511790633201599e-01,8.322526514530181885e-02,2.931015491485595703e-01,2.280975729227066040e-01,3.275213539600372314e-01,2.425503134727478027e-01,2.819053232669830322e-01,6.343168765306472778e-02,4.180949926376342773e-02,4.097215235233306885e-01,2.981670200824737549e-01,2.595598995685577393e-01,2.229179441928863525e-02,2.492991238832473755e-01,1.222457736730575562e-01,-7.578883320093154907e-02,-4.752275999635457993e-04,-6.861282885074615479e-02,-9.895486384630203247e-02,-4.734632745385169983e-02,2.353915423154830933e-01,1.906931698322296143e-01,5.018477886915206909e-02,5.083447322249412537e-02,-9.653844684362411499e-02,-8.488606661558151245e-02,1.779144257307052612e-01,2.547316849231719971e-01,3.481893837451934814e-01,3.667477965354919434e-01,1.385360956192016602e-01,2.613250017166137695e-01,3.449361622333526611e-01,3.873854279518127441e-01,7.745581120252609253e-02,-1.671760529279708862e-02,1.493680626153945923e-01,1.378596872091293335e-01,1.776131540536880493e-01,9.666433557868003845e-03,4.946860298514366150e-02,3.051761686801910400e-01,9.975814819335937500e-02,1.609319448471069336e-01,9.428105503320693970e-02,-2.276094071567058563e-02
6.424154043197631836e-01,1.000000000000000000e+00,4.362244158983230591e-02,1.352040618658065796e-01,-8.104325085878372192e-02,-1.102096363902091980e-01,3.516612350940704346e-01,3.046904802322387695e-01,-9.857377409934997559e-02,-1.175758242607116699e-01,2.798835337162017822e-01,3.682291507720947266e-01,7.491628080606460571e-02,1.166746467351913452e-01,-2.681789100170135498e-01,-1.071839779615402222e-01,3.767244219779968262e-01,6.243147253990173340e-01,5.259938836097717285e-01,6.556731462478637695e-01,-4.891885444521903992e-02,-4.861547052860260010e-02,-2.309915572404861450e-01,-1.424107700586318970e-01,-3.540619611740112305e-01,-3.270840048789978027e-01,-1.939186304807662964e-01,-1.944644898176193237e-01,4.252649843692779541e-01,5.195102095603942871e-01,-9.627454914152622223e-03,-1.053144806064665318e-03,4.008692800998687744e-01,4.383156597614288330e-01,-1.773479580879211426e-01,-9.455758333206176758e-02,7.753297686576843262e-02,7.384887337684631348e-02,1.223168671131134033e-01,1.410906314849853516e-01,1.529134809970855713e-01,1.140590310096740723e-01,1.942381113767623901e-01,1.795675456523895264e-01,3.481898009777069092e-01,2.816793918609619141e-01,2.808829247951507568e-01,2.314888685941696167e-01,2.059477418661117554e-01,1.579698026180267334e-01,2.925261855125427246e-01,1.528126653283834457e-02,2.272137403488159180e-01,2.001396715641021729e-01,1.953284591436386108e-01,2.556812465190887451e-01,6.082749962806701660e-01,7.266095280647277832e-01,4.955616891384124756e-01,5.455362796783447266e-01,3.611847758293151855e-01,3.301608562469482422e-01,4.829645454883575439e-01,5.689291357994079590e-01,-2.306313663721084595e-01,-1.208938434720039368e-01,2.782351672649383545e-01,2.541592121124267578e-01,5.702028870582580566e-01,3.210554122924804688e-01,9.561254084110260010e-02,9.540616720914840698e-02,2.747859954833984375e-01,2.613008320331573486e-01,2.887742221355438232e-01,2.732885181903839111e-01,2.504487037658691406e-01,1.618594825267791748e-01,2.028087228536605835e-01,4.859059154987335205e-01,3.810691237449645996e-01,4.338118433952331543e-01,-5.434465780854225159e-02,3.151433467864990234e-01,7.317070662975311279e-02,6.536978483200073242e-02,-5.939107388257980347e-02,-1.148268207907676697e-01,-1.659892052412033081e-01,-1.289541572332382202e-01,1.803854852914810181e-01,1.609505712985992432e-01,-2.415961585938930511e-02,-7.262200117111206055e-02,-8.803927153348922729e-02,-8.021292835474014282e-02,2.164900451898574829e-01,2.681666910648345947e-01,4.308674633502960205e-01,3.790306448936462402e-01,1.331925392150878906e-01,2.953841686248779297e-01,2.893024981021881104e-01,3.964020907878875732e-01,8.289067447185516357e-02,6.385587900876998901e-02,8.688865602016448975e-02,1.234168335795402527e-01,1.058146283030509949e-01,5.504217743873596191e-02,7.891502231359481812e-02,3.674138784408569336e-01,1.633450239896774292e-01,1.575698703527450562e-01,1.156722083687782288e-01,-1.393723767250776291e-02
2.557845115661621094e-01,4.362244158983230591e-02,1.000000000000000000e+00,3.206853866577148438e-01,-5.529118701815605164e-02,-9.647681564092636108e-02,4.217368066310882568e-01,-2.755424939095973969e-02,-1.231927275657653809e-01,-1.457337141036987305e-01,1.599281728267669678e-01,-1.697155982255935669e-01,2.618266046047210693e-01,-9.069874137639999390e-02,1.008179634809494019e-01,-5.027782917022705078e-02,-2.260563969612121582e-01,-1.563565582036972046e-01,3.439832329750061035e-01,6.230010092258453369e-02,5.818416923284530640e-02,-4.730530455708503723e-02,5.528165698051452637e-01,2.473244369029998779e-01,2.179482430219650269e-01,9.548497200012207031e-02,-2.991348132491111755e-02,-1.285838335752487183e-01,-9.335400909185409546e-02,-1.389940530061721802e-01,2.217736393213272095e-01,1.101037114858627319e-01,7.614694535732269287e-02,-3.885233029723167419e-02,1.783487796783447266e-01,2.347282133996486664e-02,6.540115457028150558e-03,-7.260764949023723602e-03,2.257774211466312408e-02,8.709729649126529694e-03,-2.449924945831298828e-01,-1.764671653509140015e-01,1.817339658737182617e-02,4.280349984765052795e-02,2.905137604102492332e-03,-7.680475711822509766e-02,2.751433104276657104e-02,4.384726285934448242e-03,4.903173074126243591e-02,1.641478091478347778e-01,1.267431974411010742e-01,9.187890589237213135e-02,7.021406292915344238e-02,8.780430257320404053e-02,7.344637811183929443e-02,-8.264211937785148621e-03,4.709875211119651794e-02,4.559908062219619751e-02,1.620749384164810181e-01,-3.615544736385345459e-02,1.306654065847396851e-01,-1.211974769830703735e-01,-2.407199591398239136e-01,-2.560419142246246338e-01,5.157454013824462891e-01,7.503028959035873413e-02,1.378120183944702148e-01,-1.031088978052139282e-01,5.310684069991111755e-02,2.856802381575107574e-02,-2.049719542264938354e-02,-9.584087878465652466e-02,-9.197390824556350708e-02,-7.633768022060394287e-02,-1.839757338166236877e-02,-1.085762456059455872e-01,-8.323654532432556152e-03,-1.378897428512573242e-01,-1.730853170156478882e-01,1.027696300297975540e-02,-2.030030488967895508e-01,-1.463678330183029175e-01,1.749246753752231598e-02,-1.480993926525115967e-01,9.525933861732482910e-02,-1.794231981039047241e-01,1.625797152519226074e-01,1.895757615566253662e-01,3.604132235050201416e-01,2.017548829317092896e-01,-2.128116600215435028e-02,-2.702066302299499512e-02,-9.455306455492973328e-03,2.282027304172515869e-01,-5.268306285142898560e-02,-8.830238133668899536e-02,7.432564347982406616e-02,3.637111932039260864e-02,-1.552593149244785309e-02,-2.598257176578044891e-02,1.628685183823108673e-02,-3.835979849100112915e-02,3.451371937990188599e-02,-1.295869797468185425e-01,-7.821693271398544312e-02,-1.145142987370491028e-01,1.373088508844375610e-01,2.258341200649738312e-02,1.301242858171463013e-01,-7.177322171628475189e-03,2.007042290642857552e-03,-2.071621455252170563e-02,-9.579282253980636597e-03,-1.324121467769145966e-02,-2.294879592955112457e-02,-5.221205577254295349e-02
1.045645549893379211e-01,1.352040618658065796e-01,3.206853866577148438e-01,1.000000000000000000e+00,-2.090076655149459839e-01,5.958639085292816162e-02,2.459177672863006592e-01,5.618562698364257812e-01,-2.475606948137283325e-01,7.563563436269760132e-02,3.784731030464172363e-02,3.200764358043670654e-01,1.724650710821151733e-01,3.022643327713012695e-01,-1.225887909531593323e-01,1.486303657293319702e-01,-2.730536162853240967e-01,-1.140872389078140259e-01,9.104192256927490234e-02,2.373865246772766113e-01,-1.041239500045776367e-01,-3.394765034317970276e-02,3.995425105094909668e-01,6.406383514404296875e-01,7.999171316623687744e-02,2.123864740133285522e-01,-7.402700185775756836e-02,-6.681467592716217041e-02,-1.933420300483703613e-01,-4.913772642612457275e-02,1.811484694480895996e-01,4.276665747165679932e-01,-9.748010337352752686e-02,6.070217117667198181e-02,1.115189585834741592e-02,6.406571716070175171e-02,-1.149981915950775146e-01,-2.086501568555831909e-02,-8.517657220363616943e-02,2.822297066450119019e-02,-1.428108662366867065e-01,-1.277176886796951294e-01,-5.845756083726882935e-02,-5.174025148153305054e-02,-8.480820804834365845e-02,-8.961670845746994019e-02,-5.479293316602706909e-02,-1.236858069896697998e-01,1.015432551503181458e-02,9.586017578840255737e-02,5.849002301692962646e-02,7.122733443975448608e-02,-3.330785036087036133e-02,-7.567567378282546997e-02,-9.442998468875885010e-02,-7.750713825225830078e-02,-2.754883654415607452e-02,-2.447111764922738075e-03,1.021435484290122986e-01,1.864314973354339600e-01,-1.803917111828923225e-03,1.754208505153656006e-01,-2.571666240692138672e-01,-1.258469820022583008e-01,1.861075907945632935e-01,4.552842080593109131e-01,1.475201994180679321e-01,1.917468905448913574e-01,-2.098460868000984192e-02,2.871533297002315521e-02,-1.646451354026794434e-01,-6.648097932338714600e-02,-1.660849004983901978e-01,-8.572060614824295044e-02,-1.032024174928665161e-01,-4.330317676067352295e-02,-7.918541878461837769e-02,-1.345815360546112061e-01,-2.621133327484130859e-01,9.455780498683452606e-03,-2.907276749610900879e-01,-9.164607524871826172e-02,-5.853325873613357544e-02,-1.549675874412059784e-02,-1.245690584182739258e-01,1.347870081663131714e-01,-8.710655383765697479e-03,1.245127320289611816e-01,8.937139809131622314e-02,3.055180311203002930e-01,-5.812671780586242676e-02,-1.009452044963836670e-01,2.153866589069366455e-01,3.475098684430122375e-02,-1.846737265586853027e-01,-1.545073240995407104e-01,-1.289789825677871704e-01,-6.306294351816177368e-02,-1.505464315414428711e-01,-1.859840899705886841e-01,1.931601949036121368e-02,5.192294716835021973e-02,-3.804298117756843567e-02,-2.032459527254104614e-02,-1.033143401145935059e-01,-1.634439677000045776e-01,1.679721325635910034e-01,5.484607443213462830e-02,1.027851738035678864e-02,-8.555478602647781372e-02,-8.237294852733612061e-02,-1.511788517236709595e-01,-1.234312802553176880e-01,-3.063912317156791687e-02,-5.212344229221343994e-02,-1.406576484441757202e-01
-1.141635850071907043e-01,-8.104325085878372192e-02,-5.529118701815605164e-02,-2.090076655149459839e-01,1.000000000000000000e+00,4.229537248611450195e-01,4.346280544996261597e-02,-5.860408395528793335e-02,6.235704421997070312e-01,2.955821752548217773e-01,1.474815327674150467e-02,-5.533482506871223450e-02,6.148858740925788879e-02,-4.409347102046012878e-02,3.965646028518676758e-01,8.061231672763824463e-02,-3.479334339499473572e-02,9.255088120698928833e-02,-1.198848113417625427e-01,-5.079223588109016418e-02,2.640732824802398682e-01,2.556814253330230713e-01,8.092178963124752045e-03,1.115044299513101578e-02,1.455096900463104248e-01,1.929923593997955322e-01,3.305655717849731445e-01,3.613349199295043945e-01,1.121741607785224915e-01,4.438247159123420715e-02,2.074716985225677490e-01,7.252258062362670898e-02,9.965291619300842285e-02,7.569389045238494873e-02,1.337547600269317627e-01,7.184249162673950195e-02,5.977874994277954102e-02,-8.881504833698272705e-02,1.408314704895019531e-01,1.241465471684932709e-02,1.153277084231376648e-01,4.803209379315376282e-02,-9.155614674091339111e-02,3.166968934237957001e-03,-8.750268258154392242e-03,5.400248616933822632e-02,-6.921090930700302124e-02,-1.025229785591363907e-02,-1.177821978926658630e-01,-1.042361930012702942e-01,-3.766134753823280334e-02,-3.375136107206344604e-02,-2.448389306664466858e-02,9.964159689843654633e-03,1.424164623022079468e-01,-1.123318634927272797e-02,-3.789758682250976562e-02,3.580833226442337036e-02,7.147759199142456055e-02,1.690027676522731781e-02,2.008367478847503662e-01,1.393047422170639038e-01,-1.240900158882141113e-02,4.492276161909103394e-02,4.427683725953102112e-02,4.494142252951860428e-03,1.308716088533401489e-01,1.167798265814781189e-01,-9.047700464725494385e-02,4.546866193413734436e-02,-5.253715813159942627e-02,-6.986378878355026245e-02,-8.811589330434799194e-02,-1.316343843936920166e-01,-1.771384775638580322e-01,-1.910105049610137939e-01,-1.029499620199203491e-01,-1.342210103757679462e-03,6.441771984100341797e-02,-2.897238591685891151e-03,2.393154613673686981e-02,4.812444001436233521e-02,2.243227511644363403e-01,-6.761851161718368530e-02,8.761677145957946777e-02,1.090392097830772400e-02,5.195548292249441147e-03,-7.002327591180801392e-02,1.848053634166717529e-01,-8.988031186163425446e-03,-3.978404775261878967e-02,-1.653399169445037842e-01,-1.329199969768524170e-02,1.510736439377069473e-02,1.496261060237884521e-01,1.536967456340789795e-01,1.491951793432235718e-01,6.737419962882995605e-02,1.063068024814128876e-02,-6.553711835294961929e-03,1.614407449960708618e-01,-1.189703494310379028e-01,8.272887766361236572e-02,-1.621503233909606934e-01,2.893320024013519287e-01,2.607970237731933594e-01,-3.623982518911361694e-02,-1.750884950160980225e-01,-4.089378565549850464e-02,2.647186443209648132e-02,-9.321993589401245117e-02,9.374955296516418457e-02,1.161521524190902710e-01,9.369942545890808105e-02,1.834227144718170166e-01,2.365866154432296753e-01
-1.364695280790328979e-01,-1.102096363902091980e-01,-9.647681564092636108e-02,5.958639085292816162e-02,4.229537248611450195e-01,1.000000000000000000e+00,-1.925647705793380737e-01,1.362550407648086548e-01,5.247088670730590820e-01,6.445536017417907715e-01,-1.714290529489517212e-01,1.161210387945175171e-01,-6.527634710073471069e-02,2.975896298885345459e-01,3.640577495098114014e-01,4.794823229312896729e-01,-2.351326942443847656e-01,-9.147875010967254639e-02,-2.335351407527923584e-01,-1.426421850919723511e-01,2.333950102329254150e-01,3.979777097702026367e-01,9.449795819818973541e-03,1.430067121982574463e-01,2.227587550878524780e-01,5.113342404365539551e-01,4.894780814647674561e-01,6.187976598739624023e-01,-1.586353033781051636e-01,5.918959528207778931e-02,3.880776092410087585e-02,1.554798930883407593e-01,-1.719422191381454468e-01,-6.194639205932617188e-02,1.027526333928108215e-01,1.269667595624923706e-01,2.690938487648963928e-02,8.247411251068115234e-02,7.851261645555496216e-02,9.852813184261322021e-02,6.441951263695955276e-03,3.792604431509971619e-02,-1.002713292837142944e-01,-1.105998083949089050e-01,-1.053246781229972839e-01,-7.188612222671508789e-02,-1.619689017534255981e-01,-1.552953571081161499e-01,-1.636352390050888062e-01,9.823400527238845825e-03,-1.127528995275497437e-01,-1.548567507416009903e-02,-1.064245253801345825e-01,-6.640869379043579102e-02,6.494153290987014771e-02,-4.563006386160850525e-02,-1.109941899776458740e-01,-8.333850651979446411e-02,3.104720264673233032e-02,9.847523272037506104e-02,4.168075043708086014e-03,4.147129878401756287e-02,-1.548461616039276123e-01,-1.005002632737159729e-01,-4.120554029941558838e-02,7.794822752475738525e-02,-1.789571531116962433e-02,5.417702719569206238e-02,-1.566174626350402832e-01,1.805272512137889862e-02,-1.723280921578407288e-02,4.590632021427154541e-02,-1.042127832770347595e-01,-2.768937870860099792e-02,-1.315637379884719849e-01,-1.171721890568733215e-01,-1.440591365098953247e-01,-3.899890929460525513e-02,-7.054274529218673706e-02,-1.033014357089996338e-01,-1.117213442921638489e-01,-4.189036414027214050e-02,1.152946054935455322e-01,4.028236493468284607e-02,-8.343850821256637573e-02,-2.591678872704505920e-02,2.437781356275081635e-02,1.893638372421264648e-01,1.534761488437652588e-01,1.943568587303161621e-01,2.130831405520439148e-02,2.628123620525002480e-03,2.047992646694183350e-01,1.542400866746902466e-01,3.640061244368553162e-03,4.923686385154724121e-02,-1.263591554015874863e-02,-8.837479352951049805e-02,-6.749502569437026978e-02,-5.558007210493087769e-02,4.498024657368659973e-02,-5.381990596652030945e-02,-6.970409303903579712e-02,-2.000769525766372681e-01,1.172439083456993103e-01,1.053656339645385742e-01,3.688587993383407593e-02,-1.757462173700332642e-01,-4.035063832998275757e-02,5.026583559811115265e-03,-5.691654048860073090e-03,6.547421216964721680e-02,5.725277587771415710e-02,-1.584754511713981628e-02,1.238946244120597839e-01,1.579834371805191040e-01
5.263020396232604980e-01,3.516612350940704346e-01,4.217368066310882568e-01,2.459177672863006592e-01,4.346280544996261597e-02,-1.925647705793380737e-01,1.000000000000000000e+00,3.694926798343658447e-01,-7.311832159757614136e-02,-1.747160404920578003e-01,4.191814661026000977e-01,1.087455749511718750e-01,3.583814799785614014e-01,-5.263588950037956238e-02,-2.538003921508789062e-01,-2.011054456233978271e-01,1.135826408863067627e-01,3.251533210277557373e-01,4.756681025028228760e-01,3.557152450084686279e-01,-1.453971713781356812e-01,-1.495642811059951782e-01,2.546843700110912323e-02,1.825876720249652863e-02,-3.287363946437835693e-01,-3.153319656848907471e-01,-4.231877923011779785e-01,-3.957385122776031494e-01,2.302966713905334473e-01,1.964045464992523193e-01,1.378045827150344849e-01,9.748725593090057373e-02,2.993114590644836426e-01,2.312984466552734375e-01,-1.305814236402511597e-01,-1.082070544362068176e-01,-4.283159598708152771e-02,-1.083726584911346436e-01,-7.625153660774230957e-02,-7.829203456640243530e-02,6.521286070346832275e-02,-3.480288013815879822e-02,8.533912897109985352e-02,8.408448100090026855e-02,1.639501601457595825e-01,9.214717149734497070e-02,9.063441306352615356e-02,5.685225501656532288e-02,1.866397634148597717e-02,-1.109400950372219086e-02,1.634721904993057251e-01,-3.616142086684703827e-03,6.369283795356750488e-02,1.300627738237380981e-01,-3.952205181121826172e-02,-1.384062878787517548e-02,2.916581332683563232e-01,2.386880815029144287e-01,3.857666254043579102e-01,2.882389426231384277e-01,3.253949880599975586e-01,2.901958823204040527e-01,2.266296893358230591e-01,3.283228874206542969e-01,1.607474386692047119e-01,2.815947681665420532e-02,2.814001142978668213e-01,1.663910001516342163e-01,2.702975869178771973e-01,4.067450761795043945e-02,-1.021134480834007263e-01,-1.508745551109313965e-01,1.870667748153209686e-02,-2.249229326844215393e-02,1.562906987965106964e-02,-4.299525916576385498e-02,1.058117151260375977e-01,-5.592907592654228210e-02,-1.389124244451522827e-01,2.953049540519714355e-01,3.614393994212150574e-02,1.984007060527801514e-01,-6.404807418584823608e-02,1.345920413732528687e-01,9.519018977880477905e-02,-1.207586377859115601e-02,-3.637033328413963318e-02,-6.244895234704017639e-02,-1.529358420521020889e-02,1.776164583861827850e-02,1.274123191833496094e-01,2.447177097201347351e-02,3.988431300967931747e-03,6.895787268877029419e-02,-7.248134166002273560e-02,-6.090721115469932556e-02,9.176453202962875366e-02,1.339326053857803345e-01,1.021379753947257996e-01,1.210474893450737000e-01,1.298368871212005615e-01,1.156747192144393921e-01,2.563510835170745850e-01,2.024603635072708130e-01,5.042802169919013977e-02,-3.359000384807586670e-02,1.855702549219131470e-01,1.562925577163696289e-01,7.862563431262969971e-02,-6.717856228351593018e-02,-7.616093009710311890e-02,5.313707143068313599e-02,-1.072171516716480255e-02,1.170910373330116272e-01,5.290565080940723419e-03,-1.319789048284292221e-02
2.323870509862899780e-01,3.046904802322387695e-01,-2.755424939095973969e-02,5.618562698364257812e-01,-5.860408395528793335e-02,1.362550407648086548e-01,3.694926798343658447e-01,1.000000000000000000e+00,-1.550112664699554443e-01,1.541536599397659302e-01,1.467774957418441772e-01,5.178712010383605957e-01,1.579677611589431763e-01,4.179303348064422607e-01,-3.087961673736572266e-01,1.988328248262405396e-01,-1.126119960099458694e-02,2.485597431659698486e-01,1.136080920696258545e-01,3.065412342548370361e-01,-1.839274764060974121e-01,-4.383379220962524414e-02,8.082048967480659485e-03,3.857127726078033447e-01,-2.292611002922058105e-01,-2.876143343746662140e-02,-2.523142397403717041e-01,-1.552090942859649658e-01,7.111752033233642578e-02,3.287198841571807861e-01,1.684395712800323963e-03,2.763110697269439697e-01,4.590392485260963440e-02,2.841786444187164307e-01,-1.786878705024719238e-01,-2.382359653711318970e-02,-7.337730377912521362e-02,3.940997645258903503e-03,-8.112568408250808716e-02,4.276508092880249023e-02,4.336146637797355652e-02,1.924755983054637909e-02,-7.367565482854843140e-02,-6.042531505227088928e-02,-1.727445796132087708e-02,4.997988231480121613e-03,-2.828150242567062378e-02,-4.964582994580268860e-02,-6.185518950223922729e-02,-3.819655254483222961e-02,-2.124665491282939911e-02,-1.679453849792480469e-01,-1.156216859817504883e-01,-1.499951034784317017e-01,-1.595842540264129639e-01,-1.150271221995353699e-01,8.617688715457916260e-02,8.866254240274429321e-02,1.355625689029693604e-01,3.508504629135131836e-01,2.105851918458938599e-01,5.405842065811157227e-01,8.465588092803955078e-02,2.462881952524185181e-01,-1.157611757516860962e-01,3.151737749576568604e-01,2.801311761140823364e-02,1.836870461702346802e-01,1.532957144081592560e-02,-4.590467549860477448e-03,-7.869955152273178101e-02,4.737377911806106567e-02,-1.854997687041759491e-02,1.543732136487960815e-01,-7.377925328910350800e-03,1.095440760254859924e-01,1.848916709423065186e-02,-1.205644011497497559e-02,-1.362272351980209351e-01,1.829320490360260010e-01,-4.670017957687377930e-02,1.147222667932510376e-01,-8.255323767662048340e-02,1.769136786460876465e-01,-1.537166386842727661e-01,1.226273104548454285e-01,-1.505501866340637207e-01,2.321375720202922821e-02,-1.831351816654205322e-01,1.252438127994537354e-01,-7.784912735223770142e-02,-1.225526556372642517e-01,8.381199091672897339e-02,-1.267653107643127441e-01,-1.946275085210800171e-01,-1.529152542352676392e-01,-9.761030972003936768e-02,-2.282603085041046143e-02,-1.176585480570793152e-01,-9.725487977266311646e-02,-5.676055699586868286e-02,1.098992526531219482e-01,-4.135048389434814453e-02,1.413638442754745483e-01,-9.026917815208435059e-02,-8.735133707523345947e-02,1.378938853740692139e-01,8.927926421165466309e-02,-4.646653681993484497e-02,-1.048756763339042664e-01,-1.265068203210830688e-01,-3.430315852165222168e-02,-9.097721427679061890e-02,-4.926119372248649597e-02,-2.987909130752086639e-02,-6.146984547376632690e-02
-1.127728223800659180e-01,-9.857377409934997559e-02,-1.231927275657653809e-01,-2.475606948137283325e-01,6.235704421997070312e-01,5.247088670730590820e-01,-7.311832159757614136e-02,-1.550112664699554443e-01,1.000000000000000000e+00,3.700254857540130615e-01,-2.675538882613182068e-02,-1.469041034579277039e-02,3.159238398075103760e-02,1.089458633214235306e-02,5.179320573806762695e-01,1.488385498523712158e-01,-5.928944796323776245e-02,6.414160132408142090e-02,-1.652685552835464478e-01,-1.476882845163345337e-01,3.250131309032440186e-01,3.157204389572143555e-01,-1.259383410215377808e-01,-1.126215308904647827e-01,1.328326016664505005e-01,2.059958279132843018e-01,3.992560207843780518e-01,4.238881766796112061e-01,-6.147498497739434242e-04,8.929298818111419678e-02,8.382854610681533813e-02,2.848992357030510902e-03,1.329290121793746948e-02,-4.143060371279716492e-02,2.947426587343215942e-02,-2.612126618623733521e-02,1.240319982171058655e-01,-3.701896592974662781e-02,1.693360954523086548e-01,1.862703263759613037e-02,1.670662313699722290e-01,5.177220329642295837e-02,-3.378212079405784607e-02,1.582932285964488983e-02,1.814477727748453617e-03,3.006487712264060974e-02,-8.854989707469940186e-02,-3.738913312554359436e-02,-1.101610809564590454e-01,-4.848917946219444275e-02,-3.673252835869789124e-02,6.684023141860961914e-02,-1.393031142652034760e-02,3.404933959245681763e-02,9.011851251125335693e-02,-2.413884364068508148e-02,-2.165160514414310455e-02,4.889493808150291443e-03,6.422846764326095581e-02,4.603161476552486420e-03,1.132655516266822815e-01,1.819076016545295715e-02,3.712685033679008484e-02,6.180466338992118835e-02,-4.378203768283128738e-03,-9.964971244335174561e-02,5.609754472970962524e-02,5.306502431631088257e-02,-3.098328411579132080e-02,6.113189831376075745e-02,-1.014886870980262756e-01,-1.002529859542846680e-01,-7.631349563598632812e-02,-8.127889782190322876e-02,-1.034114733338356018e-01,-1.383748799562454224e-01,-1.009631454944610596e-01,6.867969781160354614e-02,9.922672808170318604e-02,-3.451144695281982422e-02,3.955729305744171143e-02,8.138303458690643311e-02,2.563211619853973389e-01,2.968190796673297882e-02,7.518989592790603638e-02,1.732866466045379639e-02,8.864666521549224854e-02,-4.101201891899108887e-02,1.725622862577438354e-01,-3.265475109219551086e-02,1.592689007520675659e-02,-2.609432116150856018e-02,8.521456271409988403e-03,4.358242452144622803e-02,1.534506678581237793e-01,1.498489081859588623e-01,1.099227219820022583e-01,5.211916938424110413e-02,1.545389927923679352e-02,5.253724381327629089e-02,2.063737250864505768e-02,-1.305891722440719604e-01,-4.161296878010034561e-03,-1.540382504463195801e-01,2.204589247703552246e-01,2.141258120536804199e-01,-6.976103037595748901e-02,-1.449101865291595459e-01,-6.271190941333770752e-02,-2.551838383078575134e-02,-4.271181672811508179e-02,9.914433956146240234e-02,9.594719856977462769e-02,6.179317831993103027e-02,1.729387491941452026e-01,2.394737303256988525e-01
-1.625013202428817749e-01,-1.175758242607116699e-01,-1.457337141036987305e-01,7.563563436269760132e-02,2.955821752548217773e-01,6.445536017417907715e-01,-1.747160404920578003e-01,1.541536599397659302e-01,3.700254857540130615e-01,1.000000000000000000e+00,-4.569450393319129944e-02,1.899927109479904175e-01,2.238260768353939056e-02,4.612811207771301270e-01,3.946707248687744141e-01,6.606920957565307617e-01,-1.117946356534957886e-01,-1.793405227363109589e-02,-1.829095929861068726e-01,-4.646848142147064209e-02,2.522724568843841553e-01,4.328600466251373291e-01,-8.494690991938114166e-03,1.804545521736145020e-01,2.572010457515716553e-01,5.359196662902832031e-01,3.946135938167572021e-01,5.550594329833984375e-01,-7.285791635513305664e-02,1.290331780910491943e-01,1.647080779075622559e-01,2.497659623622894287e-01,-6.950078904628753662e-02,-1.108335796743631363e-03,3.383782133460044861e-02,1.003173366189002991e-01,5.163930356502532959e-02,8.250871300697326660e-02,7.058648765087127686e-02,7.499367743730545044e-02,7.999549061059951782e-02,1.244128122925758362e-01,-8.694786578416824341e-02,-3.989335522055625916e-02,-8.219565451145172119e-02,-2.019293140619993210e-03,-1.124184578657150269e-01,-1.022748947143554688e-01,-8.138597011566162109e-02,-2.838209457695484161e-02,-6.488389521837234497e-02,3.397980704903602600e-02,-7.945715636014938354e-02,-7.602360099554061890e-02,6.152034550905227661e-02,-3.114783205091953278e-02,-1.880798339843750000e-01,-1.167143210768699646e-01,-4.179616644978523254e-02,-9.128514677286148071e-03,5.510558839887380600e-03,7.445576041936874390e-02,-8.590863645076751709e-02,-4.664307087659835815e-02,1.930936798453330994e-02,1.000778377056121826e-01,4.724587500095367432e-02,1.009836867451667786e-01,-1.697839796543121338e-01,-3.226781263947486877e-02,4.056377336382865906e-02,9.347932040691375732e-02,-7.261972129344940186e-02,1.194070652127265930e-02,-1.042967140674591064e-01,-9.272915124893188477e-02,-1.300243735313415527e-01,-6.156112998723983765e-02,-4.783153161406517029e-02,-1.234634965658187866e-01,-1.199532747268676758e-01,-6.842859089374542236e-02,1.320997774600982666e-01,1.650757789611816406e-01,-3.371175006031990051e-02,6.250888854265213013e-02,9.048844873905181885e-02,3.251185715198516846e-01,1.436778903007507324e-01,1.256232410669326782e-01,1.728886179625988007e-02,-6.464991718530654907e-02,1.442977786064147949e-01,3.127591684460639954e-02,-7.126321643590927124e-02,-6.890769302845001221e-02,-1.437665615230798721e-02,-1.790187805891036987e-01,-6.635924428701400757e-02,-9.429690986871719360e-02,3.457009792327880859e-02,-1.186695545911788940e-01,-7.906064391136169434e-02,-1.946277618408203125e-01,1.284332126379013062e-01,8.137597888708114624e-02,-9.255548007786273956e-03,-1.516582965850830078e-01,-9.585481882095336914e-02,-9.337556362152099609e-02,-4.118548333644866943e-02,4.988840222358703613e-02,1.285578757524490356e-01,8.649625815451145172e-03,1.045416519045829773e-01,1.024276018142700195e-01
4.724881649017333984e-01,2.798835337162017822e-01,1.599281728267669678e-01,3.784731030464172363e-02,1.474815327674150467e-02,-1.714290529489517212e-01,4.191814661026000977e-01,1.467774957418441772e-01,-2.675538882613182068e-02,-4.569450393319129944e-02,1.000000000000000000e+00,3.274653255939483643e-01,6.473646163940429688e-01,1.517459601163864136e-01,1.371504217386245728e-01,-4.303188994526863098e-03,3.318873643875122070e-01,3.894695639610290527e-01,4.626551270484924316e-01,2.909972965717315674e-01,1.580823585391044617e-02,4.016010835766792297e-02,1.818607188761234283e-02,7.497279345989227295e-02,-1.238635629415512085e-01,-1.679163575172424316e-01,-1.413933038711547852e-01,-1.391735225915908813e-01,4.677786529064178467e-01,2.973774373531341553e-01,2.758158445358276367e-01,2.011225074529647827e-01,2.570396959781646729e-01,2.378693372011184692e-01,-1.380966007709503174e-01,-1.687460988759994507e-01,5.588918551802635193e-02,2.177539281547069550e-02,1.935259103775024414e-01,1.365836858749389648e-01,2.331303656101226807e-01,1.335089504718780518e-01,1.270792931318283081e-01,2.946873903274536133e-01,1.596042215824127197e-01,2.142860293388366699e-01,1.650154143571853638e-01,2.550959885120391846e-01,1.457776129245758057e-01,9.344286471605300903e-02,2.453806847333908081e-01,2.418445236980915070e-02,1.826535314321517944e-01,9.930423647165298462e-02,2.655289173126220703e-01,1.693168133497238159e-01,2.258241623640060425e-01,2.300034165382385254e-01,2.748471498489379883e-01,1.222232431173324585e-01,2.168934494256973267e-01,9.794513881206512451e-02,3.041751682758331299e-01,3.041113615036010742e-01,1.500769853591918945e-01,-1.675422936677932739e-01,2.108712643384933472e-01,9.401675313711166382e-02,2.259881794452667236e-01,6.298642605543136597e-02,1.439649909734725952e-01,-3.256989177316427231e-03,2.051146328449249268e-01,8.669152110815048218e-02,2.087152898311614990e-01,1.272120028734207153e-01,1.568545550107955933e-01,-7.335232943296432495e-02,3.337896615266799927e-02,3.203997611999511719e-01,2.640884816646575928e-01,2.954452633857727051e-01,3.630811572074890137e-01,2.969878911972045898e-01,4.001273810863494873e-01,1.540565341711044312e-01,2.758964300155639648e-01,8.028075844049453735e-02,1.352376341819763184e-01,-2.511281333863735199e-02,1.063708513975143433e-01,-6.642872840166091919e-02,2.552160061895847321e-02,-1.451529562473297119e-01,-4.199989605695009232e-03,-4.566602781414985657e-02,2.455437034368515015e-01,1.422884315252304077e-01,1.686606705188751221e-01,1.212693527340888977e-01,2.014580816030502319e-01,-1.003084424883127213e-02,2.532666325569152832e-01,1.279683560132980347e-01,1.947277337312698364e-01,8.169469237327575684e-02,7.077635824680328369e-02,4.856774210929870605e-02,1.350357830524444580e-01,6.496728956699371338e-02,-5.502460896968841553e-02,1.375505030155181885e-01,3.140526264905929565e-02,8.899123221635818481e-02,1.516029089689254761e-01,4.901310056447982788e-02
2.140292525291442871e-01,3.682291507720947266e-01,-1.697155982255935669e-01,3.200764358043670654e-01,-5.533482506871223450e-02,1.161210387945175171e-01,1.087455749511718750e-01,5.178712010383605957e-01,-1.469041034579277039e-02,1.899927109479904175e-01,3.274653255939483643e-01,1.000000000000000000e+00,3.397536277770996094e-01,6.034186482429504395e-01,-7.071615010499954224e-02,2.681383788585662842e-01,8.047084510326385498e-02,2.962744534015655518e-01,1.310808956623077393e-01,3.700877130031585693e-01,-1.496962551027536392e-02,1.214660480618476868e-01,-1.141348704695701599e-01,2.090785503387451172e-01,-1.573683023452758789e-01,-3.437631204724311829e-02,-8.629268407821655273e-02,-2.735381247475743294e-03,1.886956542730331421e-01,4.240988492965698242e-01,9.728765115141868591e-03,1.766135394573211670e-01,2.747297845780849457e-02,2.527285516262054443e-01,-1.571761220693588257e-01,-3.703316301107406616e-02,1.186105459928512573e-01,1.779536455869674683e-01,1.321629583835601807e-01,2.026134431362152100e-01,1.559966653585433960e-01,1.291098594665527344e-01,2.306131087243556976e-02,8.495589345693588257e-02,6.904773414134979248e-02,1.289591193199157715e-01,7.995504885911941528e-02,5.317175388336181641e-02,1.385421454906463623e-01,9.572927653789520264e-02,1.466736942529678345e-01,-7.569581270217895508e-02,9.571868181228637695e-02,-5.002183467149734497e-02,1.519640684127807617e-01,1.415072083473205566e-01,1.122705936431884766e-01,1.239286735653877258e-01,1.332727968692779541e-01,2.644242346286773682e-01,1.593012809753417969e-01,3.123800456523895264e-01,1.467882245779037476e-01,2.209419310092926025e-01,-1.400115489959716797e-01,1.732800304889678955e-01,-2.937300363555550575e-03,1.081624627113342285e-01,9.764389693737030029e-02,8.928273618221282959e-02,5.615930631756782532e-02,1.341032087802886963e-01,8.102572709321975708e-02,2.182713150978088379e-01,7.580443471670150757e-02,2.192630618810653687e-01,2.276187390089035034e-02,1.036314070224761963e-01,1.413083672523498535e-01,1.238264441490173340e-01,1.974163502454757690e-01,2.594033181667327881e-01,1.122817024588584900e-01,2.963700592517852783e-01,1.484865397214889526e-01,2.898710072040557861e-01,1.006475649774074554e-02,7.012135535478591919e-02,-1.167491227388381958e-01,1.159737184643745422e-01,5.261439830064773560e-02,-5.930244922637939453e-02,1.195641085505485535e-01,-2.154049575328826904e-01,-6.786096841096878052e-02,-3.761036694049835205e-02,7.498782128095626831e-02,-6.782551645301282406e-04,9.339299052953720093e-02,-2.209136495366692543e-03,1.166442409157752991e-01,4.706741869449615479e-02,3.832658007740974426e-02,6.111714243888854980e-02,5.053336918354034424e-02,4.027984291315078735e-02,6.617449223995208740e-02,3.953224420547485352e-02,7.656254619359970093e-02,5.445681884884834290e-02,-8.716018497943878174e-02,1.489814668893814087e-01,9.857963025569915771e-02,1.514728553593158722e-02,1.386420875787734985e-01,6.142506375908851624e-02
2.579702734947204590e-01,7.491628080606460571e-02,2.618266046047210693e-01,1.724650710821151733e-01,6.148858740925788879e-02,-6.527634710073471069e-02,3.583814799785614014e-01,1.579677611589431763e-01,3.159238398075103760e-02,2.238260768353939056e-02,6.473646163940429688e-01,3.397536277770996094e-01,1.000000000000000000e+00,3.041620552539825439e-01,2.823415398597717285e-01,1.632353216409683228e-01,-2.518409863114356995e-02,1.163849309086799622e-01,2.447689175605773926e-01,1.491741836071014404e-01,6.988016515970230103e-02,1.378330141305923462e-01,2.422229349613189697e-01,2.370373904705047607e-01,9.268695116043090820e-02,1.849929802119731903e-02,-7.004310842603445053e-03,-1.042499579489231110e-02,1.784630268812179565e-01,6.878917664289474487e-02,2.663594782352447510e-01,2.201405465602874756e-01,-5.866246297955513000e-03,2.723176032304763794e-02,-6.477930396795272827e-02,-1.125918179750442505e-01,2.288881875574588776e-02,6.058748811483383179e-03,1.587747186422348022e-01,2.128788530826568604e-01,1.276380121707916260e-01,7.549800723791122437e-02,-7.009030133485794067e-02,1.304955482482910156e-01,5.500264465808868408e-03,1.173509061336517334e-01,9.956905618309974670e-03,9.121737629175186157e-02,7.067966461181640625e-02,7.896292954683303833e-02,2.185152024030685425e-01,3.945797681808471680e-02,1.749545484781265259e-01,6.749241054058074951e-02,3.169956803321838379e-01,1.754302382469177246e-01,7.908483035862445831e-03,6.695929914712905884e-02,2.305165380239486694e-01,5.911735817790031433e-02,1.940246373414993286e-01,1.021504327654838562e-01,-4.688692465424537659e-02,3.345961496233940125e-02,3.082107901573181152e-01,1.063695624470710754e-01,1.343681514263153076e-01,1.244778651744127274e-02,3.960220515727996826e-02,8.932330459356307983e-02,-3.327518329024314880e-02,-1.387050300836563110e-01,-2.206955850124359131e-02,-1.080967709422111511e-01,3.650608286261558533e-02,-5.824548006057739258e-02,-8.911176770925521851e-02,-2.576219439506530762e-01,-7.825853675603866577e-02,1.207816079258918762e-01,2.147278003394603729e-02,2.007146775722503662e-01,3.405592739582061768e-01,2.307359576225280762e-01,4.548831284046173096e-01,2.735947966575622559e-01,2.732546329498291016e-01,2.285672426223754883e-01,3.466019630432128906e-01,2.716846764087677002e-01,1.020368933677673340e-01,-1.250112503767013550e-01,1.139277145266532898e-01,-6.425001472234725952e-02,-1.940222643315792084e-02,-1.303604245185852051e-02,2.094613313674926758e-01,4.005003347992897034e-02,8.036854118108749390e-02,-2.895669639110565186e-02,2.505684196949005127e-01,-2.777906507253646851e-02,1.713525354862213135e-01,-4.740487411618232727e-02,2.204129546880722046e-01,8.495641499757766724e-02,4.320762678980827332e-02,-3.021043539047241211e-02,1.435778737068176270e-01,5.516524612903594971e-02,-1.901105940341949463e-01,3.316168859601020813e-02,2.782709896564483643e-02,2.522374689579010010e-02,1.388164162635803223e-01,6.274612247943878174e-02
