1.000000000000000000e+00,5.272659063339233398e-01,5.878472328186035156e-01,5.083947777748107910e-01,4.003084897994995117e-01,2.046831697225570679e-01,7.072490453720092773e-01,4.383294880390167236e-01,3.939044475555419922e-01,2.070606946945190430e-01,6.035705208778381348e-01,4.767599701881408691e-01,7.038006186485290527e-01,4.013295769691467285e-01,4.763715863227844238e-01,2.495987862348556519e-01,4.442104995250701904e-01,3.550944924354553223e-01,7.432714104652404785e-01,7.058709859848022461e-01,2.251497060060501099e-01,2.028243541717529297e-01,5.309370160102844238e-01,4.754303693771362305e-01,2.742141485214233398e-01,1.370492726564407349e-01,1.789405792951583862e-01,3.469283506274223328e-02,3.595978617668151855e-01,1.698576658964157104e-01,5.663297176361083984e-01,3.837419748306274414e-01,6.816298365592956543e-01,5.228585600852966309e-01,2.736744582653045654e-01,2.739914059638977051e-01,2.352732717990875244e-01,1.931493431329727173e-01,1.334455907344818115e-01,9.294797480106353760e-02,4.835836887359619141e-01,3.456983268260955811e-01,6.287918686866760254e-01,6.434704661369323730e-01,6.184648275375366211e-01,6.052023172378540039e-01,6.471102833747863770e-01,6.525976657867431641e-01,6.423929333686828613e-01,5.365796089172363281e-01,6.937376856803894043e-01,5.348104238510131836e-01,6.262443661689758301e-01,2.622762322425842285e-01,5.081420540809631348e-01,2.237549424171447754e-01,8.176143169403076172e-01,4.547627568244934082e-01,7.240375876426696777e-01,5.596861243247985840e-01,7.303723692893981934e-01,3.308834135532379150e-01,6.754889488220214844e-01,2.374284267425537109e-01,3.361171483993530273e-01,2.019908875226974487e-01,6.279302835464477539e-01,6.507878303527832031e-01,6.925938129425048828e-01,7.351179718971252441e-01,2.806390821933746338e-01,2.692306935787200928e-01,4.647704660892486572e-01,4.412839412689208984e-01,4.508644938468933105e-01,2.628866434097290039e-01,6.099847555160522461e-01,5.554528236389160156e-01,2.520940899848937988e-01,3.306905031204223633e-01,5.021141171455383301e-01,3.557349741458892822e-01,3.303404664620757103e-03,1.812101900577545166e-01,6.286074519157409668e-01,5.778484344482421875e-01,1.918470859527587891e-01,2.899657189846038818e-01,5.375527143478393555e-01,1.210424900054931641e-01,5.121096968650817871e-01,2.504441440105438232e-01,3.181743025779724121e-01,2.069508582353591919e-01,-7.117025554180145264e-02,-6.719790399074554443e-02,4.829317927360534668e-01,3.513548672199249268e-01,5.616909861564636230e-01,3.629757165908813477e-01,1.888198405504226685e-01,3.851029276847839355e-01,2.394459694623947144e-01,3.714823126792907715e-01,2.442689239978790283e-01,2.624328434467315674e-01,4.379864037036895752e-02,-1.245266571640968323e-01,1.393157988786697388e-01,3.498052656650543213e-01,5.805951952934265137e-01,3.883471488952636719e-01,4.480928182601928711e-01,1.939570903778076172e-01,2.273147553205490112e-01,1.965288370847702026e-01
5.272659063339233398e-01,1.000000000000000000e+00,2.263426035642623901e-01,4.952802658081054688e-01,-4.262676835060119629e-02,2.349217534065246582e-01,2.695056796073913574e-01,6.814495325088500977e-01,9.442758560180664062e-02,2.618379294872283936e-01,2.438895553350448608e-01,6.403968334197998047e-01,2.421061843633651733e-01,5.503677129745483398e-01,6.339883804321289062e-02,4.574638903141021729e-01,4.572261571884155273e-01,6.808127164840698242e-01,5.813609957695007324e-01,6.586968302726745605e-01,4.609984462149441242e-04,1.375730186700820923e-01,3.396447896957397461e-01,3.394233882427215576e-01,4.799040406942367554e-02,1.884804815053939819e-01,-6.015796214342117310e-02,5.437357351183891296e-02,4.193463921546936035e-01,3.386889994144439697e-01,3.033285140991210938e-01,4.490271806716918945e-01,5.377933382987976074e-01,6.384808421134948730e-01,9.548027068376541138e-02,1.787916123867034912e-01,2.196001708507537842e-01,1.581908613443374634e-01,1.699983030557632446e-01,1.902191191911697388e-01,3.589459061622619629e-01,2.484428435564041138e-01,3.736048638820648193e-01,5.021290183067321777e-01,4.075886905193328857e-01,5.627663135528564453e-01,4.771804213523864746e-01,5.308679938316345215e-01,4.811759591102600098e-01,5.323271155357360840e-01,4.260487556457519531e-01,5.071739554405212402e-01,4.328930675983428955e-01,3.190790712833404541e-01,3.066591918468475342e-01,2.373830527067184448e-01,5.602409243583679199e-01,7.919839620590209961e-01,5.600442886352539062e-01,6.832450032234191895e-01,4.082227051258087158e-01,6.125679016113281250e-01,4.666010737419128418e-01,6.618520617485046387e-01,-7.757032662630081177e-02,2.804824411869049072e-01,3.933496475219726562e-01,5.017246007919311523e-01,5.847846269607543945e-01,6.937078237533569336e-01,2.800217568874359131e-01,4.204531908035278320e-01,4.348429143428802490e-01,4.456624388694763184e-01,3.705784082412719727e-01,3.345946073532104492e-01,4.731011390686035156e-01,5.508460998535156250e-01,2.822444438934326172e-01,4.901176393032073975e-01,4.535711407661437988e-01,6.549199819564819336e-01,4.212146997451782227e-02,3.589955270290374756e-01,2.855224609375000000e-01,5.672156214714050293e-01,1.514105498790740967e-01,2.587634623050689697e-01,1.922351419925689697e-01,2.928769290447235107e-01,4.141346812248229980e-01,1.175239682197570801e-01,3.140684366226196289e-01,1.859176754951477051e-01,4.156029224395751953e-02,4.002504423260688782e-02,3.760585486888885498e-01,3.076508343219757080e-01,4.545464515686035156e-01,3.156015574932098389e-01,2.040461450815200806e-01,2.044671028852462769e-01,2.805581390857696533e-01,3.009283840656280518e-01,2.028281390666961670e-01,1.796241253614425659e-01,1.876978427171707153e-01,-4.959917068481445312e-02,1.910251379013061523e-01,2.712198197841644287e-01,4.626331031322479248e-01,4.004215598106384277e-01,3.884939551353454590e-01,2.613303959369659424e-01,3.094034492969512939e-01,1.769709289073944092e-01
5.878472328186035156e-01,2.263426035642623901e-01,1.000000000000000000e+00,6.437895894050598145e-01,3.369958400726318359e-01,-5.892147868871688843e-02,7.639226913452148438e-01,2.761410176753997803e-01,2.598114907741546631e-01,-1.826324909925460815e-01,5.729997158050537109e-01,2.274499684572219849e-01,5.174821019172668457e-01,1.546442210674285889e-01,3.874720931053161621e-01,6.413328647613525391e-02,2.949718534946441650e-01,4.585935547947883606e-02,6.246999502182006836e-01,5.553454756736755371e-01,1.545995175838470459e-01,9.467551112174987793e-02,8.037772178649902344e-01,7.296459078788757324e-01,5.544276833534240723e-01,1.200383231043815613e-01,3.216704428195953369e-01,-4.400826990604400635e-02,2.164772152900695801e-01,3.256081618019379675e-05,5.843809843063354492e-01,4.808934330940246582e-01,5.462241768836975098e-01,3.611526191234588623e-01,5.448899865150451660e-01,4.175741374492645264e-01,3.242059051990509033e-01,1.067069917917251587e-01,2.522674798965454102e-01,1.427049636840820312e-01,3.899089694023132324e-01,2.926053404808044434e-01,5.720153450965881348e-01,5.454882383346557617e-01,5.133216381072998047e-01,4.486470222473144531e-01,4.155865609645843506e-01,4.401042163372039795e-01,4.470378458499908447e-01,3.658768534660339355e-01,6.455425024032592773e-01,4.069261252880096436e-01,3.268647193908691406e-01,1.780143082141876221e-01,4.575423598289489746e-01,1.586075872182846069e-01,4.858667552471160889e-01,1.964595615863800049e-01,4.167553484439849854e-01,2.130986303091049194e-01,4.659079611301422119e-01,4.284662008285522461e-02,3.769936859607696533e-01,-8.132796734571456909e-02,6.607885360717773438e-01,3.271160125732421875e-01,6.853595972061157227e-01,5.448188781738281250e-01,4.449134171009063721e-01,3.787446022033691406e-01,1.537496447563171387e-01,1.889820992946624756e-01,4.609046578407287598e-01,4.507160484790802002e-01,3.443719744682312012e-01,2.790733575820922852e-01,5.673879981040954590e-01,4.904441535472869873e-01,2.210741341114044189e-01,2.002097666263580322e-01,2.545650303363800049e-01,1.786660999059677124e-01,3.135658102110028267e-03,7.427743822336196899e-02,6.925612688064575195e-01,4.740509092807769775e-01,3.566786944866180420e-01,3.352936506271362305e-01,6.062721014022827148e-01,1.424008309841156006e-01,3.154851794242858887e-01,1.736304312944412231e-01,3.923969268798828125e-01,4.316012859344482422e-01,-9.796939790248870850e-02,-9.211672097444534302e-02,2.652731835842132568e-01,1.615269035100936890e-01,2.461395114660263062e-01,1.694088429212570190e-01,2.414328753948211670e-01,5.391707420349121094e-01,3.129061162471771240e-01,4.622363150119781494e-01,3.428139686584472656e-01,3.895973563194274902e-01,1.974844336509704590e-01,7.603432238101959229e-02,3.546943888068199158e-02,2.728228867053985596e-01,4.313162863254547119e-01,2.352918684482574463e-01,3.271928429603576660e-01,2.628547847270965576e-01,3.060233891010284424e-01,2.612307965755462646e-01
5.083947777748107910e-01,4.952802658081054688e-01,6.437895894050598145e-01,1.000000000000000000e+00,9.162084758281707764e-02,1.536166518926620483e-01,5.963913202285766602e-01,6.833056807518005371e-01,1.164423972368240356e-01,9.407123178243637085e-02,4.259462356567382812e-01,4.796808063983917236e-01,3.445705771446228027e-01,4.506480395793914795e-01,1.470277309417724609e-01,3.530485033988952637e-01,3.273785710334777832e-01,3.033494055271148682e-01,6.454451084136962891e-01,6.903557777404785156e-01,8.030287176370620728e-02,2.297787219285964966e-01,6.802557110786437988e-01,7.711037397384643555e-01,3.257045149803161621e-01,1.900821328163146973e-01,7.138723880052566528e-02,-1.241850666701793671e-02,3.083857893943786621e-01,1.434073001146316528e-01,5.072805881500244141e-01,5.900666117668151855e-01,5.509907007217407227e-01,5.287867188453674316e-01,3.928968310356140137e-01,3.677656650543212891e-01,2.829712629318237305e-01,1.217953041195869446e-01,2.278524935245513916e-01,1.998068839311599731e-01,3.588699996471405029e-01,2.794265449047088623e-01,5.178375244140625000e-01,5.536032915115356445e-01,5.178037285804748535e-01,5.862470269203186035e-01,4.337841272354125977e-01,4.918831884860992432e-01,4.736003577709197998e-01,4.637066125869750977e-01,5.718368291854858398e-01,5.130738019943237305e-01,3.286488354206085205e-01,2.441965192556381226e-01,4.023903310298919678e-01,2.139856070280075073e-01,4.992885887622833252e-01,3.895981609821319580e-01,4.805084466934204102e-01,4.573649466037750244e-01,4.176818430423736572e-01,4.104095995426177979e-01,3.961933255195617676e-01,3.472165465354919434e-01,4.038494825363159180e-01,5.363202691078186035e-01,5.997967123985290527e-01,6.258895397186279297e-01,5.087195038795471191e-01,4.831824898719787598e-01,2.533792853355407715e-01,2.926148176193237305e-01,4.641465544700622559e-01,4.504674673080444336e-01,2.911460697650909424e-01,2.731242775917053223e-01,5.178403854370117188e-01,5.545241832733154297e-01,2.768400609493255615e-01,3.162455260753631592e-01,3.215912878513336182e-01,3.973212838172912598e-01,8.132018265314400196e-04,2.572567164897918701e-01,5.425047278404235840e-01,6.534652709960937500e-01,3.110770583152770996e-01,3.538535535335540771e-01,3.927341997623443604e-01,3.202858269214630127e-01,3.783829510211944580e-01,1.271419674158096313e-01,4.692314267158508301e-01,4.115077257156372070e-01,-2.638593688607215881e-02,-7.110404223203659058e-02,2.880995571613311768e-01,2.120821028947830200e-01,3.012178540229797363e-01,1.650608777999877930e-01,3.306262493133544922e-01,5.043659210205078125e-01,3.743357062339782715e-01,4.773043990135192871e-01,3.484814763069152832e-01,3.474804162979125977e-01,2.221458703279495239e-01,5.617081373929977417e-02,1.053592935204505920e-01,3.262203335762023926e-01,4.489262402057647705e-01,2.593674957752227783e-01,3.430613875389099121e-01,2.396939545869827271e-01,3.062758445739746094e-01,2.685593366622924805e-01
4.003084897994995117e-01,-4.262676835060119629e-02,3.369958400726318359e-01,9.162084758281707764e-02,1.000000000000000000e+00,4.315313100814819336e-01,3.670940995216369629e-01,-9.917917102575302124e-02,6.170177459716796875e-01,2.973076999187469482e-01,3.602136075496673584e-01,-3.398736938834190369e-02,4.213101267814636230e-01,1.366543956100940704e-02,6.952502131462097168e-01,8.295205980539321899e-02,1.614830642938613892e-01,-4.675623029470443726e-02,3.089215755462646484e-01,1.653630882501602173e-01,3.477059006690979004e-01,2.593011260032653809e-01,3.657607138156890869e-01,2.027934640645980835e-01,3.837041854858398438e-01,2.979108691215515137e-01,5.419954657554626465e-01,3.407487869262695312e-01,6.703748553991317749e-02,-1.261719167232513428e-01,4.181303381919860840e-01,1.284203976392745972e-01,3.446466922760009766e-01,1.466225683689117432e-01,2.302068322896957397e-01,1.027163788676261902e-01,8.143625408411026001e-02,5.347783118486404419e-02,-1.624453626573085785e-02,3.522843122482299805e-02,2.671040594577789307e-01,8.077474683523178101e-02,2.483355551958084106e-01,2.137754559516906738e-01,2.212136536836624146e-01,1.233304738998413086e-01,2.224699407815933228e-01,2.152869403362274170e-01,1.844582408666610718e-01,3.803348541259765625e-02,2.818504869937896729e-01,4.671772941946983337e-02,1.756209880113601685e-01,4.402223974466323853e-02,1.781501322984695435e-01,1.349604576826095581e-01,2.908670306205749512e-01,-5.331293493509292603e-02,1.636929959058761597e-01,-1.593079045414924622e-02,3.236892819404602051e-01,-7.115583121776580811e-02,2.336825728416442871e-01,-1.930162310600280762e-01,3.831435143947601318e-01,1.323083788156509399e-01,3.335644006729125977e-01,2.927027642726898193e-01,1.905464082956314087e-01,2.279603332281112671e-01,2.667062282562255859e-01,1.448748409748077393e-01,2.200104743242263794e-01,1.635301709175109863e-01,2.480922937393188477e-01,1.658447235822677612e-01,3.071618974208831787e-01,2.052975744009017944e-01,6.911134719848632812e-02,1.371185332536697388e-01,2.042824327945709229e-01,2.282137982547283173e-02,7.441292703151702881e-02,-1.634935438632965088e-01,4.225832223892211914e-01,1.621776968240737915e-01,1.216487586498260498e-01,1.059373617172241211e-01,3.697376847267150879e-01,5.601952970027923584e-02,2.945426702499389648e-01,2.010284960269927979e-01,1.707207560539245605e-01,6.596384942531585693e-02,-6.004918366670608521e-02,-2.967727743089199066e-02,2.241166681051254272e-01,2.220654040575027466e-01,2.831869423389434814e-01,2.389967888593673706e-01,6.674428284168243408e-02,1.390811651945114136e-01,4.828182607889175415e-02,9.818945825099945068e-02,7.763630896806716919e-02,1.668531000614166260e-01,-1.395097374916076660e-01,-8.276233822107315063e-02,1.307360976934432983e-01,1.427897512912750244e-01,2.910136282444000244e-01,1.969777196645736694e-01,1.372700482606887817e-01,8.441448211669921875e-03,7.139731198549270630e-02,1.060714498162269592e-01
2.046831697225570679e-01,2.349217534065246582e-01,-5.892147868871688843e-02,1.536166518926620483e-01,4.315313100814819336e-01,1.000000000000000000e+00,5.822578445076942444e-03,2.758055329322814941e-01,4.371231496334075928e-01,6.832837462425231934e-01,1.142823398113250732e-01,1.985086202621459961e-01,1.334140002727508545e-01,3.489383757114410400e-01,3.474256694316864014e-01,4.934130311012268066e-01,1.752841919660568237e-01,3.030974268913269043e-01,2.425589710474014282e-01,2.079333513975143433e-01,2.005646526813507080e-01,2.121152579784393311e-01,8.651955425739288330e-02,8.053562045097351074e-02,-5.241080000996589661e-02,3.229707181453704834e-01,1.573115885257720947e-01,4.837284684181213379e-01,9.937117248773574829e-02,2.975562028586864471e-02,1.542668938636779785e-01,1.888994425535202026e-01,2.729742825031280518e-01,3.279617130756378174e-01,-4.160704091191291809e-02,7.679245434701442719e-03,7.527407258749008179e-03,-3.603973612189292908e-02,-5.357982590794563293e-02,1.146053150296211243e-01,1.794938892126083374e-01,8.573714643716812134e-02,6.983398646116256714e-02,1.481075286865234375e-01,9.782775491476058960e-02,1.867559701204299927e-01,2.213270217180252075e-01,2.759524583816528320e-01,1.469919383525848389e-01,9.174291044473648071e-02,9.025245904922485352e-02,6.544809043407440186e-02,6.650552898645401001e-02,1.056984886527061462e-01,8.745185285806655884e-02,2.058107256889343262e-01,1.711412966251373291e-01,2.189524918794631958e-01,1.862313747406005859e-01,2.187620848417282104e-01,2.013616859912872314e-01,2.952130138874053955e-01,2.205221354961395264e-01,2.719347774982452393e-01,-1.232791692018508911e-01,1.296392679214477539e-01,1.265333145856857300e-01,2.774438858032226562e-01,1.805398017168045044e-01,3.130917251110076904e-01,3.489673435688018799e-01,2.619622349739074707e-01,1.656597554683685303e-01,1.530980616807937622e-01,7.949773967266082764e-02,1.725055277347564697e-01,2.048200219869613647e-01,1.816426068544387817e-01,4.006450995802879333e-02,2.164277881383895874e-01,2.231235057115554810e-01,2.543863654136657715e-01,5.845995247364044189e-02,1.177304759621620178e-01,9.539171308279037476e-02,2.395562380552291870e-01,1.084448546171188354e-01,7.999340444803237915e-02,9.462831169366836548e-02,2.755194306373596191e-01,3.337590098381042480e-01,1.511064767837524414e-01,1.493519097566604614e-01,2.432533353567123413e-02,5.524072330445051193e-03,4.331245645880699158e-02,2.640951871871948242e-01,2.925829291343688965e-01,3.005729913711547852e-01,2.434353232383728027e-01,1.023222133517265320e-01,9.970291703939437866e-02,9.668859839439392090e-02,1.135321632027626038e-01,5.961419269442558289e-02,1.044562011957168579e-01,-7.760198414325714111e-02,-1.270624101161956787e-01,1.172753795981407166e-01,1.590731292963027954e-01,2.778387367725372314e-01,1.661515235900878906e-01,7.501155138015747070e-02,-1.064330711960792542e-02,6.723310053348541260e-02,5.434293672442436218e-02
7.072490453720092773e-01,2.695056796073913574e-01,7.639226913452148438e-01,5.963913202285766602e-01,3.670940995216369629e-01,5.822578445076942444e-03,1.000000000000000000e+00,3.773134052753448486e-01,3.187440335750579834e-01,-8.489774190820753574e-04,5.923036932945251465e-01,2.798727750778198242e-01,7.081884741783142090e-01,1.968640089035034180e-01,3.571537137031555176e-01,3.381005721166729927e-03,3.470655679702758789e-01,8.369207382202148438e-02,6.474977731704711914e-01,6.089577674865722656e-01,1.972226053476333618e-01,1.036303788423538208e-01,6.418968439102172852e-01,6.186145544052124023e-01,3.250801861286163330e-01,-6.961613893508911133e-02,2.077152580022811890e-01,-1.200269088149070740e-01,2.940562963485717773e-01,2.624165266752243042e-02,5.683155655860900879e-01,3.657190501689910889e-01,5.606685876846313477e-01,3.796785473823547363e-01,4.859202504158020020e-01,4.083591103553771973e-01,3.028785884380340576e-01,1.383344680070877075e-01,1.961949765682220459e-01,7.964719831943511963e-02,3.817113041877746582e-01,3.236012458801269531e-01,6.147629022598266602e-01,5.586048960685729980e-01,5.582908987998962402e-01,4.967358112335205078e-01,4.747835993766784668e-01,4.744856357574462891e-01,5.067439675331115723e-01,4.041866660118103027e-01,6.710647344589233398e-01,5.162613987922668457e-01,4.166519939899444580e-01,2.066656351089477539e-01,4.554847776889801025e-01,1.623503565788269043e-01,6.059098839759826660e-01,2.152692526578903198e-01,5.431593656539916992e-01,3.586555719375610352e-01,6.464582085609436035e-01,1.933099031448364258e-01,5.678678154945373535e-01,4.956151917576789856e-02,5.613232254981994629e-01,2.993294894695281982e-01,6.964621543884277344e-01,6.314833164215087891e-01,5.304793715476989746e-01,4.802321791648864746e-01,1.366302669048309326e-01,9.585096687078475952e-02,4.434906542301177979e-01,4.276627004146575928e-01,3.684006631374359131e-01,2.619537413120269775e-01,5.750281810760498047e-01,4.905441403388977051e-01,1.860032379627227783e-01,1.616493761539459229e-01,3.417979478836059570e-01,1.557002663612365723e-01,-7.350094616413116455e-02,-1.195416692644357681e-02,6.439926028251647949e-01,4.636465907096862793e-01,2.129525840282440186e-01,2.932830750942230225e-01,5.682674646377563477e-01,1.151768043637275696e-01,3.429063558578491211e-01,2.001018524169921875e-01,3.297548592090606689e-01,2.956170439720153809e-01,-1.626485437154769897e-01,-1.564241647720336914e-01,2.418757677078247070e-01,1.863111853599548340e-01,3.135208785533905029e-01,2.156103849411010742e-01,1.970084309577941895e-01,4.661380648612976074e-01,2.424933463335037231e-01,3.931707441806793213e-01,2.876570224761962891e-01,2.973686158657073975e-01,1.545339971780776978e-01,-3.364944458007812500e-02,4.663763567805290222e-02,2.549540400505065918e-01,4.279126226902008057e-01,2.337113916873931885e-01,3.456196784973144531e-01,2.082568407058715820e-01,2.895856797695159912e-01,2.099225372076034546e-01
4.383294880390167236e-01,6.814495325088500977e-01,2.761410176753997803e-01,6.833056807518005371e-01,-9.917917102575302124e-02,2.758055329322814941e-01,3.773134052753448486e-01,1.000000000000000000e+00,9.887862205505371094e-02,3.331613540649414062e-01,2.011698484420776367e-01,6.426991224288940430e-01,2.005650699138641357e-01,6.252018809318542480e-01,-5.733423680067062378e-02,4.508117735385894775e-01,3.303082287311553955e-01,5.494325757026672363e-01,5.544871687889099121e-01,6.554904580116271973e-01,4.074064642190933228e-02,1.242703497409820557e-01,3.820780813694000244e-01,4.663826227188110352e-01,-3.372944891452789307e-02,1.031359508633613586e-01,-1.655452847480773926e-01,2.069585397839546204e-02,3.105219900608062744e-01,1.823182404041290283e-01,2.518978118896484375e-01,3.989508152008056641e-01,4.702188074588775635e-01,5.942000746726989746e-01,2.153187841176986694e-01,2.702980041503906250e-01,1.875615864992141724e-01,1.600156128406524658e-01,1.193202957510948181e-01,2.328367978334426880e-01,3.248853683471679688e-01,2.593284547328948975e-01,3.931949436664581299e-01,4.892996847629547119e-01,4.001623988151550293e-01,5.680141448974609375e-01,4.300786554813385010e-01,4.921273589134216309e-01,4.265857934951782227e-01,4.783445894718170166e-01,4.354674816131591797e-01,5.742525458335876465e-01,2.680735588073730469e-01,2.963150143623352051e-01,2.652978301048278809e-01,2.805909514427185059e-01,4.026491045951843262e-01,6.038360595703125000e-01,4.867171049118041992e-01,6.438239216804504395e-01,3.937176167964935303e-01,6.901656389236450195e-01,4.328887164592742920e-01,6.977443695068359375e-01,5.384048447012901306e-02,4.558376669883728027e-01,4.486874043941497803e-01,6.159029006958007812e-01,4.852080941200256348e-01,5.398133397102355957e-01,1.769066452980041504e-01,2.397597283124923706e-01,3.585878312587738037e-01,3.911966681480407715e-01,2.896470725536346436e-01,2.490288615226745605e-01,4.741608500480651855e-01,5.633205175399780273e-01,1.735871583223342896e-01,2.891132235527038574e-01,2.931421995162963867e-01,4.839569032192230225e-01,-9.950837492942810059e-02,2.593657970428466797e-01,2.361915707588195801e-01,6.070419549942016602e-01,1.489396244287490845e-01,3.110868334770202637e-01,1.955996155738830566e-01,4.430789351463317871e-01,4.124736785888671875e-01,2.220437079668045044e-01,3.735342323780059814e-01,3.294933438301086426e-01,-6.242236122488975525e-02,-2.958650328218936920e-02,3.226495683193206787e-01,2.885019779205322266e-01,3.768144547939300537e-01,2.981988787651062012e-01,2.083336710929870605e-01,3.168391883373260498e-01,2.837965786457061768e-01,3.673356175422668457e-01,2.428804486989974976e-01,2.013553380966186523e-01,2.678934931755065918e-01,1.844297721982002258e-02,7.697347551584243774e-02,3.244048058986663818e-01,4.555665552616119385e-01,3.048146069049835205e-01,3.624739050865173340e-01,2.356877028942108154e-01,3.283879160881042480e-01,2.145066857337951660e-01
3.939044475555419922e-01,9.442758560180664062e-02,2.598114907741546631e-01,1.164423972368240356e-01,6.170177459716796875e-01,4.371231496334075928e-01,3.187440335750579834e-01,9.887862205505371094e-02,1.000000000000000000e+00,3.568399548530578613e-01,3.244192898273468018e-01,1.190984621644020081e-01,3.665807545185089111e-01,1.789911389350891113e-01,5.350957512855529785e-01,1.437411308288574219e-01,1.435646414756774902e-01,6.027377396821975708e-02,3.066558837890625000e-01,2.146917432546615601e-01,2.513603568077087402e-01,1.944662481546401978e-01,2.792010009288787842e-01,1.953287720680236816e-01,2.098772674798965454e-01,2.182062417268753052e-01,3.162931203842163086e-01,2.969271242618560791e-01,5.435344204306602478e-02,-8.907959610223770142e-02,2.520998716354370117e-01,1.014899611473083496e-01,3.639610111713409424e-01,2.046349793672561646e-01,7.860001921653747559e-02,4.778990522027015686e-02,2.792059257626533508e-02,5.801173672080039978e-02,-9.612233191728591919e-02,3.460817784070968628e-02,1.656772047281265259e-01,1.058896258473396301e-01,1.743156909942626953e-01,1.755369007587432861e-01,1.758940815925598145e-01,1.323799490928649902e-01,2.312510311603546143e-01,2.126037925481796265e-01,1.279662847518920898e-01,1.944057270884513855e-02,2.330898493528366089e-01,5.508799478411674500e-02,1.698058843612670898e-01,9.310462325811386108e-02,1.344595551490783691e-01,1.427086293697357178e-01,2.810775637626647949e-01,3.517513722181320190e-02,2.064782381057739258e-01,8.543787896633148193e-02,3.561229705810546875e-01,6.303343921899795532e-02,2.389604002237319946e-01,-3.738688677549362183e-02,1.977750211954116821e-01,1.065845787525177002e-01,2.687562108039855957e-01,2.968568801879882812e-01,2.294340729713439941e-01,2.454466223716735840e-01,2.965821027755737305e-01,1.911130696535110474e-01,1.653588265180587769e-01,1.809993386268615723e-01,1.867583394050598145e-01,2.079003453254699707e-01,3.117362260818481445e-01,2.566452920436859131e-01,-6.637701881118118763e-04,5.963978171348571777e-02,2.056520283222198486e-01,5.664226412773132324e-02,3.567433729767799377e-02,-7.088876515626907349e-02,3.187243342399597168e-01,1.849980801343917847e-01,3.648483008146286011e-02,1.221965625882148743e-01,2.972486317157745361e-01,1.086368411779403687e-01,3.364200890064239502e-01,2.662996351718902588e-01,1.935895830392837524e-01,1.227926611900329590e-01,-6.165359541773796082e-02,4.020075127482414246e-02,2.002391815185546875e-01,2.533685863018035889e-01,3.092724084854125977e-01,2.764448821544647217e-01,1.204938068985939026e-01,1.626173257827758789e-01,1.267905235290527344e-01,1.777926385402679443e-01,1.422801464796066284e-01,2.034594714641571045e-01,-8.010197430849075317e-02,-1.284465342760086060e-01,1.429801583290100098e-01,2.122157365083694458e-01,3.014764785766601562e-01,2.264902889728546143e-01,1.898956298828125000e-01,1.421191245317459106e-01,1.731300354003906250e-01,1.771138608455657959e-01
2.070606946945190430e-01,2.618379294872283936e-01,-1.826324909925460815e-01,9.407123178243637085e-02,2.973076999187469482e-01,6.832837462425231934e-01,-8.489774190820753574e-04,3.331613540649414062e-01,3.568399548530578613e-01,1.000000000000000000e+00,6.743954867124557495e-02,3.316142261028289795e-01,1.788911819458007812e-01,4.369949698448181152e-01,2.591505050659179688e-01,4.709478616714477539e-01,1.326791793107986450e-01,2.838971614837646484e-01,1.261735707521438599e-01,1.925983428955078125e-01,1.331689655780792236e-01,2.425931245088577271e-01,-1.240477897226810455e-02,3.495217114686965942e-02,-2.038529962301254272e-01,1.961648762226104736e-01,2.885396778583526611e-02,3.370662927627563477e-01,1.069541573524475098e-01,3.300119191408157349e-02,2.977176196873188019e-02,5.164712294936180115e-02,1.390521824359893799e-01,2.416913062334060669e-01,-9.355813264846801758e-02,-2.548803016543388367e-02,-4.886190593242645264e-02,3.458759188652038574e-02,-1.087997630238533020e-01,1.800357736647129059e-02,1.522978395223617554e-01,3.215640410780906677e-02,5.268809944391250610e-02,1.525104641914367676e-01,8.638493716716766357e-02,1.975781172513961792e-01,1.776469498872756958e-01,2.477255314588546753e-01,1.747762560844421387e-01,1.859823912382125854e-01,9.707923978567123413e-02,1.904009580612182617e-01,9.586942940950393677e-02,1.609063893556594849e-01,2.767807804048061371e-02,2.196349799633026123e-01,1.508925557136535645e-01,2.397493720054626465e-01,2.244683653116226196e-01,3.589729070663452148e-01,2.357568293809890747e-01,4.145734608173370361e-01,2.863817512989044189e-01,3.904309868812561035e-01,-2.085311263799667358e-01,1.384080499410629272e-01,5.058705061674118042e-02,2.560607790946960449e-01,2.145920246839523315e-01,3.488454520702362061e-01,2.057758867740631104e-01,1.109628006815910339e-01,1.270597577095031738e-01,1.171137988567352295e-01,8.539121598005294800e-02,3.895056620240211487e-02,1.635278165340423584e-01,1.772147715091705322e-01,3.739995136857032776e-02,1.270188540220260620e-01,1.966662555932998657e-01,2.328313589096069336e-01,-4.723291099071502686e-02,6.379360798746347427e-03,2.217848785221576691e-02,2.759271860122680664e-01,1.205093972384929657e-02,8.324430137872695923e-02,1.963568106293678284e-02,2.721700966358184814e-01,3.603087365627288818e-01,2.232507914304733276e-01,1.436848342418670654e-01,-3.883250802755355835e-02,-5.462365224957466125e-02,-1.331354677677154541e-02,2.095868587493896484e-01,2.439012229442596436e-01,3.106594085693359375e-01,3.172270655632019043e-01,-8.349107811227440834e-04,-1.229659467935562134e-02,-1.299213245511054993e-02,2.695065550506114960e-02,9.452394209802150726e-03,1.585930027067661285e-02,-1.555085089057683945e-02,-1.823478043079376221e-01,1.908529847860336304e-01,1.983305811882019043e-01,2.809318900108337402e-01,2.026944905519485474e-01,3.453394398093223572e-02,-2.537260949611663818e-02,1.126608550548553467e-01,7.642844319343566895e-02
6.035705208778381348e-01,2.438895553350448608e-01,5.729997158050537109e-01,4.259462356567382812e-01,3.602136075496673584e-01,1.142823398113250732e-01,5.923036932945251465e-01,2.011698484420776367e-01,3.244192898273468018e-01,6.743954867124557495e-02,1.000000000000000000e+00,3.805257081985473633e-01,7.153335213661193848e-01,3.666110634803771973e-01,4.275216758251190186e-01,2.573714554309844971e-01,4.954793751239776611e-01,2.192150950431823730e-01,5.492258071899414062e-01,5.080331563949584961e-01,1.475228071212768555e-01,1.133531630039215088e-01,5.173353552818298340e-01,4.940866529941558838e-01,3.049487769603729248e-01,5.286822468042373657e-02,1.031154617667198181e-01,-5.302461981773376465e-02,4.539313614368438721e-01,2.309295982122421265e-01,6.130535006523132324e-01,4.598358869552612305e-01,5.527819395065307617e-01,3.923264741897583008e-01,4.363442659378051758e-01,3.690783679485321045e-01,2.336457073688507080e-01,1.738586276769638062e-01,2.241453528404235840e-01,1.310765296220779419e-01,4.589005708694458008e-01,3.313111364841461182e-01,5.328937768936157227e-01,5.035908222198486328e-01,5.138465762138366699e-01,4.551801681518554688e-01,4.998755455017089844e-01,5.104038119316101074e-01,4.312177598476409912e-01,3.520146608352661133e-01,5.786688923835754395e-01,3.608916997909545898e-01,4.434990584850311279e-01,2.352986782789230347e-01,4.254384934902191162e-01,1.330253779888153076e-01,5.472066402435302734e-01,2.300376445055007935e-01,3.970294892787933350e-01,1.921110749244689941e-01,4.928190410137176514e-01,9.732786566019058228e-02,5.202302932739257812e-01,6.660592555999755859e-02,4.059801399707794189e-01,1.924346685409545898e-01,5.775287747383117676e-01,4.663278162479400635e-01,5.509689450263977051e-01,4.454554617404937744e-01,2.922172546386718750e-01,2.869998216629028320e-01,5.281036496162414551e-01,4.563836455345153809e-01,3.890703916549682617e-01,2.878324985504150391e-01,5.691724419593811035e-01,4.944426417350769043e-01,3.028413951396942139e-01,3.264213800430297852e-01,4.421845674514770508e-01,3.131998181343078613e-01,1.137024313211441040e-01,1.779069751501083374e-01,6.875544786453247070e-01,5.047308206558227539e-01,2.726666927337646484e-01,2.383903861045837402e-01,4.742260873317718506e-01,8.943601697683334351e-02,4.156240224838256836e-01,2.003456652164459229e-01,3.131387233734130859e-01,2.400007545948028564e-01,-4.109946265816688538e-02,-6.461245566606521606e-02,3.666603863239288330e-01,2.501832842826843262e-01,3.324505984783172607e-01,2.412062883377075195e-01,2.093050181865692139e-01,4.282987117767333984e-01,3.254352509975433350e-01,4.472588598728179932e-01,3.285798430442810059e-01,3.526303172111511230e-01,1.037011668086051941e-01,-1.273654103279113770e-01,3.079582564532756805e-02,3.728699088096618652e-01,4.346335530281066895e-01,2.720130980014801025e-01,2.851017713546752930e-01,2.002601176500320435e-01,2.296118736267089844e-01,9.452349692583084106e-02
4.767599701881408691e-01,6.403968334197998047e-01,2.274499684572219849e-01,4.796808063983917236e-01,-3.398736938834190369e-02,1.985086202621459961e-01,2.798727750778198242e-01,6.426991224288940430e-01,1.190984621644020081e-01,3.316142261028289795e-01,3.805257081985473633e-01,1.000000000000000000e+00,3.291065096855163574e-01,7.459071278572082520e-01,1.143390536308288574e-01,5.518025755882263184e-01,4.814193248748779297e-01,5.774904489517211914e-01,5.242455005645751953e-01,6.336807608604431152e-01,9.012236446142196655e-02,1.549114435911178589e-01,3.339769542217254639e-01,3.685087859630584717e-01,4.508754238486289978e-02,1.479237228631973267e-01,-1.249949187040328979e-01,5.534802004694938660e-02,4.359585046768188477e-01,4.122706353664398193e-01,3.600995242595672607e-01,4.029688835144042969e-01,4.660436213016510010e-01,5.615895390510559082e-01,2.131025791168212891e-01,2.375875711441040039e-01,1.768641471862792969e-01,1.944580674171447754e-01,2.221700698137283325e-01,1.720064878463745117e-01,3.845821619033813477e-01,2.737630009651184082e-01,3.315796554088592529e-01,4.430556893348693848e-01,3.915110826492309570e-01,5.159918069839477539e-01,4.495882391929626465e-01,5.110512375831604004e-01,4.505881369113922119e-01,4.453254044055938721e-01,4.311833083629608154e-01,5.136856436729431152e-01,4.100042283535003662e-01,3.172773122787475586e-01,3.161785304546356201e-01,2.278341799974441528e-01,4.499792158603668213e-01,5.676977038383483887e-01,4.643769562244415283e-01,5.869132280349731445e-01,4.143094420433044434e-01,5.889666080474853516e-01,4.450770616531372070e-01,6.224792599678039551e-01,7.951147109270095825e-02,3.798654675483703613e-01,3.913276493549346924e-01,5.116701126098632812e-01,4.755422174930572510e-01,5.764379501342773438e-01,1.807226538658142090e-01,2.289477884769439697e-01,3.721333742141723633e-01,3.831208646297454834e-01,3.197275698184967041e-01,2.821303308010101318e-01,4.702084362506866455e-01,5.497882962226867676e-01,3.104624152183532715e-01,3.913628756999969482e-01,3.740937411785125732e-01,5.561415553092956543e-01,2.921195887029170990e-02,3.544841110706329346e-01,3.208288848400115967e-01,6.367626786231994629e-01,1.672079712152481079e-01,3.360412716865539551e-01,1.991782635450363159e-01,3.525797128677368164e-01,3.995765447616577148e-01,1.773875355720520020e-01,2.744873166084289551e-01,2.081308811902999878e-01,4.587342217564582825e-02,6.390077620744705200e-02,3.970430791378021240e-01,3.008516132831573486e-01,3.913102149963378906e-01,2.719484865665435791e-01,1.165031418204307556e-01,2.138535529375076294e-01,1.961654126644134521e-01,2.889432609081268311e-01,2.001782357692718506e-01,1.874343603849411011e-01,2.031212449073791504e-01,-7.261705398559570312e-02,2.414014041423797607e-01,3.774650692939758301e-01,4.696361124515533447e-01,2.941195666790008545e-01,2.338111996650695801e-01,1.083653941750526428e-01,2.275381982326507568e-01,1.034514829516410828e-01
7.038006186485290527e-01,2.421061843633651733e-01,5.174821019172668457e-01,3.445705771446228027e-01,4.213101267814636230e-01,1.334140002727508545e-01,7.081884741783142090e-01,2.005650699138641357e-01,3.665807545185089111e-01,1.788911819458007812e-01,7.153335213661193848e-01,3.291065096855163574e-01,1.000000000000000000e+00,3.267113268375396729e-01,5.103986859321594238e-01,1.316223442554473877e-01,4.256379306316375732e-01,1.826589554548263550e-01,5.465103983879089355e-01,5.131860375404357910e-01,2.093484997749328613e-01,1.198732480406761169e-01,4.528012871742248535e-01,4.273566305637359619e-01,2.104158997535705566e-01,-4.894286021590232849e-02,1.530986875295639038e-01,-9.155189990997314453e-02,3.662383258342742920e-01,1.509923487901687622e-01,5.643042325973510742e-01,3.084653317928314209e-01,5.396419167518615723e-01,3.524168729782104492e-01,2.942433655261993408e-01,2.859519422054290771e-01,2.730916142463684082e-01,1.804663538932800293e-01,1.626252532005310059e-01,8.899437263607978821e-03,4.586758613586425781e-01,3.700709939002990723e-01,6.317551732063293457e-01,5.703127384185791016e-01,5.815013051033020020e-01,4.933422803878784180e-01,5.939609408378601074e-01,5.891565084457397461e-01,5.623263120651245117e-01,4.449139237403869629e-01,6.500028967857360840e-01,4.668454527854919434e-01,5.621247291564941406e-01,2.537993490695953369e-01,4.825043380260467529e-01,1.102577820420265198e-01,6.176967620849609375e-01,1.781135201454162598e-01,5.799688100814819336e-01,3.533846139907836914e-01,6.920144557952880859e-01,1.333472281694412231e-01,6.453921794891357422e-01,6.406510621309280396e-02,3.474569022655487061e-01,1.310544162988662720e-01,5.636792778968811035e-01,5.055662393569946289e-01,6.047587394714355469e-01,5.261885523796081543e-01,2.294941395521163940e-01,1.346988081932067871e-01,4.263838231563568115e-01,4.346687197685241699e-01,3.520393073558807373e-01,2.349081784486770630e-01,5.363095998764038086e-01,4.455152750015258789e-01,2.102239876985549927e-01,2.724097669124603271e-01,4.659963548183441162e-01,2.313397824764251709e-01,8.365477621555328369e-02,9.277377277612686157e-02,6.403651237487792969e-01,4.726916551589965820e-01,1.853273659944534302e-01,2.276999205350875854e-01,5.250660777091979980e-01,7.426287978887557983e-03,4.229833483695983887e-01,2.020967453718185425e-01,2.934080064296722412e-01,1.629765927791595459e-01,-1.210194677114486694e-01,-1.639194041490554810e-01,3.479106724262237549e-01,2.461587935686111450e-01,4.266386330127716064e-01,2.838622331619262695e-01,1.608410775661468506e-01,3.870829343795776367e-01,2.255529463291168213e-01,3.638496994972229004e-01,2.373013645410537720e-01,2.562973499298095703e-01,2.779860794544219971e-02,-1.924631595611572266e-01,1.484719919972121716e-03,2.903486788272857666e-01,4.655372798442840576e-01,3.038485348224639893e-01,3.130518794059753418e-01,1.120394617319107056e-01,1.953437328338623047e-01,8.879858255386352539e-02
