1.000000000000000000e+00,6.443242430686950684e-01,7.593433856964111328e-01,6.737135052680969238e-01,4.372702538967132568e-02,1.721468418836593628e-01,7.497628331184387207e-01,5.976486206054687500e-01,1.144689396023750305e-01,4.906967282295227051e-02,5.517618656158447266e-01,4.695492982864379883e-01,4.968038201332092285e-01,4.552402198314666748e-01,2.054729014635086060e-01,1.089864671230316162e-01,2.462321668863296509e-01,2.891135513782501221e-01,6.608588695526123047e-01,6.431457400321960449e-01,-3.248865902423858643e-02,2.148158475756645203e-02,6.666395068168640137e-01,6.825954318046569824e-01,2.468467801809310913e-01,2.974916100502014160e-01,-7.652647048234939575e-02,1.386157423257827759e-02,1.028011217713356018e-01,1.828443259000778198e-02,4.612791538238525391e-01,4.944379329681396484e-01,4.964695870876312256e-01,4.936517179012298584e-01,5.617261049337685108e-04,-4.069309215992689133e-03,-2.175192534923553467e-01,-1.909878551959991455e-01,-2.058695107698440552e-01,-2.504008412361145020e-01,-1.388907134532928467e-01,-9.450186789035797119e-02,-2.263392359018325806e-01,-1.869931519031524658e-01,-6.734168529510498047e-02,-5.744448304176330566e-02,-1.603960096836090088e-01,-2.440982013940811157e-01,8.676400780677795410e-02,1.222047507762908936e-01,-7.253189384937286377e-02,-5.415079370141029358e-02,-1.490827351808547974e-01,-1.473938673734664917e-01,-1.276536881923675537e-01,-2.646359205245971680e-01,7.571512460708618164e-01,5.285773277282714844e-01,5.726966261863708496e-01,4.658789336681365967e-01,5.015742778778076172e-01,3.583826124668121338e-01,2.888135612010955811e-01,3.039499521255493164e-01,2.628982067108154297e-01,2.462458163499832153e-01,4.213273525238037109e-01,3.284945189952850342e-01,6.138992905616760254e-01,5.087039470672607422e-01,-6.764113157987594604e-02,8.318874239921569824e-02,1.764738857746124268e-01,2.267707437276840210e-01,8.806796371936798096e-02,2.665956504642963409e-02,-5.099907144904136658e-02,1.605617813766002655e-02,-1.364395171403884888e-01,6.217097397893667221e-03,-1.222033612430095673e-02,2.902896085288375616e-04,-8.254738897085189819e-02,-1.368616670370101929e-01,-6.159806624054908752e-02,-1.987403482198715210e-01,-1.495697051286697388e-01,-1.948571018874645233e-02,-4.711373522877693176e-02,-1.517500728368759155e-01,-2.649553492665290833e-02,-1.830960363149642944e-01,9.638450108468532562e-03,-4.649772308766841888e-03,-3.373077213764190674e-01,-4.192769527435302734e-01,-3.141988515853881836e-01,-3.417647778987884521e-01,-1.796202063560485840e-01,-2.006589621305465698e-01,-2.023174613714218140e-02,-2.652225829660892487e-02,-4.851251468062400818e-02,-9.753856062889099121e-02,-2.588147819042205811e-01,-2.422659695148468018e-01,-9.775868058204650879e-02,-1.384861022233963013e-01,-2.140505015850067139e-01,-3.614816069602966309e-01,-3.701826930046081543e-01,-3.327825963497161865e-01,-1.275094747543334961e-01,-2.220130264759063721e-01,-2.875720560550689697e-01,-2.065264880657196045e-01
6.443242430686950684e-01,1.000000000000000000e+00,5.419715642929077148e-01,7.328739762306213379e-01,-1.762460917234420776e-01,2.814038693904876709e-01,5.541213750839233398e-01,7.114431858062744141e-01,-5.839505419135093689e-02,1.743147373199462891e-01,2.811174690723419189e-01,6.292985677719116211e-01,2.881817817687988281e-01,6.156901121139526367e-01,1.642834395170211792e-01,3.462417721748352051e-01,3.741721063852310181e-02,5.349302887916564941e-01,6.394739747047424316e-01,5.530070066452026367e-01,8.873019367456436157e-02,1.025935262441635132e-01,5.673686265945434570e-01,6.423792243003845215e-01,8.387143909931182861e-02,1.923621147871017456e-01,-1.950772255659103394e-01,-8.476053923368453979e-02,1.113776192069053650e-01,2.378982752561569214e-01,3.713133633136749268e-01,4.730660319328308105e-01,4.739790558815002441e-01,4.266527891159057617e-01,-9.540978819131851196e-02,-6.194543838500976562e-02,-1.463002562522888184e-01,-9.629049152135848999e-02,-2.611424215137958527e-02,-7.003259658813476562e-02,8.875077962875366211e-02,4.018578305840492249e-02,-8.295246958732604980e-02,3.150328993797302246e-02,-5.933800339698791504e-02,8.246696740388870239e-02,-5.669431295245885849e-03,-1.872955262660980225e-02,1.531133800745010376e-01,2.233532369136810303e-01,8.277353644371032715e-02,1.877355575561523438e-01,7.241244614124298096e-02,1.152117252349853516e-01,1.273055374622344971e-01,7.430797815322875977e-02,6.925686597824096680e-01,8.046778440475463867e-01,5.670019984245300293e-01,5.337241291999816895e-01,4.362022578716278076e-01,4.829738736152648926e-01,1.437695175409317017e-01,5.123201608657836914e-01,1.770044118165969849e-01,3.698121011257171631e-01,5.083156228065490723e-01,4.318611323833465576e-01,6.958396434783935547e-01,6.130837202072143555e-01,-9.634992480278015137e-02,2.610910870134830475e-02,1.898592412471771240e-01,1.340844929218292236e-01,1.715701371431350708e-01,-8.906001597642898560e-02,-1.160451844334602356e-01,-9.604148566722869873e-02,-2.448521256446838379e-01,1.908011883497238159e-01,1.353113260120153427e-02,2.876641750335693359e-01,-1.010394170880317688e-01,8.200451731681823730e-02,-3.640888258814811707e-03,1.221786513924598694e-01,5.004933476448059082e-02,2.224780172109603882e-01,1.162929981946945190e-01,2.076967954635620117e-01,1.223699599504470825e-01,-1.292106807231903076e-01,2.723382785916328430e-02,3.635467588901519775e-02,-1.814260929822921753e-01,-2.394349128007888794e-01,-1.304472982883453369e-01,-1.253585666418075562e-01,-1.736688800156116486e-02,-2.915643155574798584e-02,9.885978698730468750e-02,-3.032083623111248016e-02,1.175780594348907471e-01,-2.441742084920406342e-02,-1.119459718465805054e-01,-6.256677955389022827e-02,-5.080151557922363281e-02,-1.747632622718811035e-01,-6.800834834575653076e-02,-2.643039226531982422e-01,-2.646570503711700439e-01,-1.484565287828445435e-01,-6.270460039377212524e-02,-1.682817488908767700e-01,-2.111803591251373291e-01,-7.334084063768386841e-02
7.593433856964111328e-01,5.419715642929077148e-01,1.000000000000000000e+00,7.391594648361206055e-01,6.654344499111175537e-02,1.573293656110763550e-01,8.342159390449523926e-01,6.270309090614318848e-01,1.291425079107284546e-01,7.518593221902847290e-02,5.591121315956115723e-01,4.474704861640930176e-01,5.319995880126953125e-01,4.662254750728607178e-01,2.272449880838394165e-01,1.400430947542190552e-01,1.347889155149459839e-01,2.523608207702636719e-01,6.584524512290954590e-01,5.743795037269592285e-01,5.897248163819313049e-02,8.387444913387298584e-02,8.269459605216979980e-01,7.858977317810058594e-01,3.741583824157714844e-01,4.223704636096954346e-01,7.606070488691329956e-03,7.805224508047103882e-02,9.551744908094406128e-02,3.731153532862663269e-02,6.268644332885742188e-01,6.075890660285949707e-01,5.214178562164306641e-01,5.223286151885986328e-01,8.246703445911407471e-02,4.219537228345870972e-02,-1.788410246372222900e-01,-2.162330746650695801e-01,-1.860286891460418701e-01,-2.681427001953125000e-01,-1.313537359237670898e-01,-1.594085693359375000e-01,-2.636534869670867920e-01,-2.371911406517028809e-01,-2.872109971940517426e-02,-1.090285032987594604e-01,-2.678285241127014160e-01,-2.812255620956420898e-01,-2.932401746511459351e-02,2.848298987373709679e-03,-2.293519526720046997e-01,-1.566285192966461182e-01,-2.841181457042694092e-01,-2.150906026363372803e-01,-1.791228204965591431e-01,-3.002408146858215332e-01,5.477373003959655762e-01,3.788364529609680176e-01,4.493522047996520996e-01,4.004137814044952393e-01,4.122388958930969238e-01,3.057998120784759521e-01,1.215295717120170593e-01,2.676620185375213623e-01,2.444281727075576782e-01,2.345252633094787598e-01,4.202686548233032227e-01,3.376049995422363281e-01,5.054282546043395996e-01,3.527234196662902832e-01,5.903766676783561707e-02,1.770279854536056519e-01,2.592683136463165283e-01,2.532233297824859619e-01,1.391445398330688477e-01,2.508211694657802582e-02,6.005185842514038086e-02,8.887247741222381592e-02,-2.139155417680740356e-01,-9.307553060352802277e-03,-1.318476349115371704e-01,-1.000816076993942261e-01,-8.736373484134674072e-02,-1.675844341516494751e-01,-1.061029434204101562e-01,-2.736674845218658447e-01,-1.670496761798858643e-01,-6.033487990498542786e-02,-7.705463469028472900e-02,-1.788816154003143311e-01,-5.285853147506713867e-02,-1.088618338108062744e-01,-8.640177547931671143e-03,1.842603459954261780e-02,-2.457181364297866821e-01,-3.318146467208862305e-01,-2.674545943737030029e-01,-3.306720852851867676e-01,-1.855087429285049438e-01,-1.820005774497985840e-01,2.789623569697141647e-03,3.362371772527694702e-02,-1.284979004412889481e-02,-6.649067252874374390e-02,-2.064664959907531738e-01,-1.813309937715530396e-01,-3.157904744148254395e-02,-2.415796183049678802e-02,-1.520448625087738037e-01,-2.724226415157318115e-01,-2.985087633132934570e-01,-3.227470517158508301e-01,-1.504617780447006226e-01,-2.179000675678253174e-01,-2.073503136634826660e-01,-2.626273632049560547e-01
6.737135052680969238e-01,7.328739762306213379e-01,7.391594648361206055e-01,1.000000000000000000e+00,-9.162743389606475830e-02,2.352227419614791870e-01,7.166126370429992676e-01,8.457774519920349121e-01,-1.137492712587118149e-02,1.648973822593688965e-01,4.469213783740997314e-01,6.511995792388916016e-01,4.366351664066314697e-01,6.694110631942749023e-01,2.287537604570388794e-01,3.340487182140350342e-01,3.190635144710540771e-02,4.213311970233917236e-01,6.163123250007629395e-01,4.823264181613922119e-01,1.184778735041618347e-01,1.668873280286788940e-01,7.642464637756347656e-01,8.335189819335937500e-01,2.856641411781311035e-01,4.007917642593383789e-01,-1.119123920798301697e-01,-4.385445639491081238e-02,1.206426173448562622e-01,1.581758260726928711e-01,6.017084717750549316e-01,6.695487499237060547e-01,4.355342090129852295e-01,4.351573288440704346e-01,-1.117901504039764404e-02,1.736550405621528625e-02,-1.964487582445144653e-01,-2.406934350728988647e-01,-1.439693272113800049e-01,-2.234575450420379639e-01,-3.960619121789932251e-02,-9.939292818307876587e-02,-2.057956159114837646e-01,-1.562888920307159424e-01,-9.089331328868865967e-02,-1.054586097598075867e-01,-1.943502128124237061e-01,-2.193554341793060303e-01,3.594725206494331360e-02,5.107646808028221130e-02,-9.404675662517547607e-02,-4.293769598007202148e-02,-1.945225149393081665e-01,-1.099706366658210754e-01,-8.326783031225204468e-02,-1.848728805780410767e-01,5.618290901184082031e-01,5.437756776809692383e-01,5.387267470359802246e-01,4.985538125038146973e-01,4.918098449707031250e-01,5.008910894393920898e-01,1.064224094152450562e-01,4.441017210483551025e-01,2.686819732189178467e-01,4.394570589065551758e-01,4.787849783897399902e-01,3.999810218811035156e-01,5.238717794418334961e-01,3.948625028133392334e-01,5.040703807026147842e-03,1.592581868171691895e-01,3.187977075576782227e-01,1.795664876699447632e-01,2.300958931446075439e-01,-7.763334363698959351e-02,-7.232324569486081600e-04,2.445811172947287560e-03,-2.744731009006500244e-01,5.846546217799186707e-02,-6.193353235721588135e-02,1.163167431950569153e-01,-8.021860569715499878e-02,1.848011379479430616e-06,-9.823970496654510498e-03,-6.544385850429534912e-02,-1.463249698281288147e-02,1.226370185613632202e-01,2.812057733535766602e-02,3.396330028772354126e-02,9.517893940210342407e-02,-1.400890052318572998e-01,6.881359964609146118e-02,3.537232056260108948e-02,-2.586610913276672363e-01,-3.436281085014343262e-01,-2.434803098440170288e-01,-2.892364263534545898e-01,-9.451106190681457520e-02,-1.110579371452331543e-01,1.100563481450080872e-01,3.752910718321800232e-02,9.500863403081893921e-02,-6.038333289325237274e-03,-1.556623131036758423e-01,-1.383898258209228516e-01,-1.475841552019119263e-02,-4.712125658988952637e-02,-1.020551696419715881e-01,-3.226137459278106689e-01,-3.512327671051025391e-01,-2.805619835853576660e-01,-1.045838594436645508e-01,-1.995040476322174072e-01,-1.794089078903198242e-01,-2.173120677471160889e-01
4.372702538967132568e-02,-1.762460917234420776e-01,6.654344499111175537e-02,-9.162743389606475830e-02,1.000000000000000000e+00,5.821282267570495605e-01,5.183957889676094055e-02,-1.130750328302383423e-01,7.569035291671752930e-01,5.006840229034423828e-01,2.277241796255111694e-01,2.522065769881010056e-04,2.093637734651565552e-01,-4.365403950214385986e-02,4.010511338710784912e-01,1.642487049102783203e-01,2.711356580257415771e-01,-7.803701609373092651e-02,-7.484437525272369385e-02,-2.860371023416519165e-02,1.202136278152465820e-01,1.771094501018524170e-01,9.289298951625823975e-02,3.129981458187103271e-02,5.664952993392944336e-01,5.112891197204589844e-01,6.788288950920104980e-01,7.404229640960693359e-01,1.472713351249694824e-01,5.366495251655578613e-02,9.879001230001449585e-02,8.495175279676914215e-03,4.501773789525032043e-02,6.138748303055763245e-02,2.462715357542037964e-01,2.801195681095123291e-01,1.295675039291381836e-01,2.417851984500885010e-01,1.134966220706701279e-02,-6.718829274177551270e-02,-1.273298636078834534e-02,2.988626249134540558e-02,2.001048624515533447e-01,3.572258725762367249e-02,1.080252230167388916e-01,-5.615085735917091370e-02,3.062218055129051208e-02,4.057702142745256424e-03,-1.915064267814159393e-02,-1.739813536405563354e-01,3.737189620733261108e-02,-2.037841379642486572e-01,-4.247996956110000610e-03,-2.287473082542419434e-01,1.430443371646106243e-03,-1.014969050884246826e-01,5.037728114984929562e-04,-2.228392064571380615e-01,-6.455155462026596069e-02,-1.923531889915466309e-01,1.104916557669639587e-01,-1.259287893772125244e-01,1.895630210638046265e-01,-1.202822551131248474e-01,1.822091937065124512e-01,-1.653320044279098511e-01,-7.795623503625392914e-03,7.823590422049164772e-04,-1.365406960248947144e-01,-1.875987201929092407e-01,-4.031357914209365845e-02,9.864141792058944702e-02,6.762031465768814087e-02,2.453764677047729492e-01,1.441790610551834106e-01,3.943630158901214600e-01,1.319531053304672241e-01,1.600040793418884277e-01,2.386246472597122192e-01,4.547058418393135071e-02,1.345838308334350586e-01,-6.386661529541015625e-02,3.613465726375579834e-01,-1.523433625698089600e-01,1.334024220705032349e-01,-6.782394647598266602e-02,-1.195354312658309937e-01,-9.165354818105697632e-02,1.313332915306091309e-01,-1.108974814414978027e-01,1.446527801454067230e-02,2.551095485687255859e-01,1.988490372896194458e-01,2.700065970420837402e-01,6.530983373522758484e-03,-1.485805865377187729e-02,3.613718599081039429e-02,1.611472107470035553e-02,1.276712417602539062e-01,1.173381283879280090e-01,3.230072185397148132e-02,1.338910609483718872e-01,-5.238131061196327209e-02,-2.864430472254753113e-02,4.949022829532623291e-02,3.623043373227119446e-02,-2.808912284672260284e-02,-2.411093562841415405e-02,3.473142907023429871e-02,5.630039051175117493e-02,1.012575775384902954e-01,7.043685019016265869e-02,1.015571653842926025e-01,2.009826451539993286e-01,1.141989678144454956e-01,2.471782825887203217e-02
1.721468418836593628e-01,2.814038693904876709e-01,1.573293656110763550e-01,2.352227419614791870e-01,5.821282267570495605e-01,1.000000000000000000e+00,1.612076610326766968e-01,2.593690752983093262e-01,6.632938981056213379e-01,7.938222885131835938e-01,2.443472892045974731e-01,4.055182337760925293e-01,2.067351788282394409e-01,4.014964699745178223e-01,4.861310720443725586e-01,6.213431358337402344e-01,2.277415096759796143e-01,2.838890552520751953e-01,2.060211747884750366e-01,1.774404644966125488e-01,2.039585113525390625e-01,2.862503528594970703e-01,2.929146289825439453e-01,2.929877936840057373e-01,3.098321259021759033e-01,5.175585746765136719e-01,4.204216003417968750e-01,5.446099042892456055e-01,2.580073475837707520e-01,3.056631982326507568e-01,2.352329939603805542e-01,2.737036049365997314e-01,3.349112272262573242e-01,3.061375617980957031e-01,9.193418174982070923e-02,1.508991569280624390e-01,6.021367758512496948e-02,1.667404770851135254e-01,5.354558303952217102e-02,-1.015023291110992432e-01,1.278103888034820557e-01,4.104939475655555725e-02,1.318830400705337524e-01,1.158294677734375000e-01,-1.173818111419677734e-02,-1.506531983613967896e-02,-1.240089302882552147e-03,6.897146254777908325e-02,-8.077704161405563354e-02,-1.663597077131271362e-01,1.483717281371355057e-02,-8.456226438283920288e-02,6.798098981380462646e-02,-1.254431903362274170e-01,1.576092094182968140e-01,1.214876547455787659e-01,2.326627075672149658e-01,1.957148015499114990e-01,2.574567869305610657e-02,-8.897890895605087280e-02,1.917884051799774170e-01,1.140124648809432983e-01,1.587377637624740601e-01,1.976039260625839233e-01,1.212277859449386597e-01,-2.030682377517223358e-02,1.626958400011062622e-01,1.916255354881286621e-01,1.840510368347167969e-01,1.010580435395240784e-01,-1.031691059470176697e-01,3.453176468610763550e-02,2.308452576398849487e-01,2.521024346351623535e-01,3.628305792808532715e-01,3.142568767070770264e-01,-4.000560194253921509e-02,-4.269551485776901245e-02,1.117736697196960449e-01,2.938180267810821533e-01,1.756968796253204346e-01,2.010547518730163574e-01,2.383181452751159668e-01,-3.650567494332790375e-03,8.596751093864440918e-02,1.231812387704849243e-01,-4.158370941877365112e-02,8.838779479265213013e-02,1.575538367033004761e-01,1.099746748805046082e-01,2.767270430922508240e-02,1.032295525074005127e-01,2.947031147778034210e-02,7.264719903469085693e-02,8.344540372490882874e-03,-1.637016888707876205e-03,3.273914009332656860e-02,4.061298817396163940e-02,1.000987067818641663e-01,9.379157423973083496e-02,-1.774082146584987640e-02,-1.157175004482269287e-01,-3.546534106135368347e-02,-1.631563454866409302e-01,2.051133103668689728e-02,6.457789242267608643e-02,-1.976164244115352631e-02,-1.853689253330230713e-01,3.460472449660301208e-02,-4.688238352537155151e-02,-1.208524033427238464e-02,-1.606214791536331177e-02,-3.096116241067647934e-03,2.817253395915031433e-02,-3.282321617007255554e-02,5.428955331444740295e-02
7.497628331184387207e-01,5.541213750839233398e-01,8.342159390449523926e-01,7.166126370429992676e-01,5.183957889676094055e-02,1.612076610326766968e-01,1.000000000000000000e+00,6.526792049407958984e-01,1.024331226944923401e-01,6.337676942348480225e-02,6.442056298255920410e-01,4.617602825164794922e-01,6.733429431915283203e-01,4.907564818859100342e-01,3.130348324775695801e-01,1.730592995882034302e-01,1.930217593908309937e-01,3.233702778816223145e-01,6.487876176834106445e-01,5.329476594924926758e-01,1.188550367951393127e-01,1.677220314741134644e-01,7.854179739952087402e-01,7.472007274627685547e-01,3.294487893581390381e-01,4.039331674575805664e-01,-1.707975193858146667e-02,8.411779254674911499e-02,2.144740223884582520e-01,1.027220413088798523e-01,6.625570058822631836e-01,6.723756194114685059e-01,5.554955005645751953e-01,5.737928748130798340e-01,9.350280463695526123e-02,3.153423219919204712e-02,-2.112052887678146362e-01,-1.963462680578231812e-01,-1.897699236869812012e-01,-2.642960846424102783e-01,-1.055288910865783691e-01,-1.203980520367622375e-01,-1.996718347072601318e-01,-1.846511214971542358e-01,-7.226472371257841587e-04,-8.660485595464706421e-02,-1.903406828641891479e-01,-2.340678572654724121e-01,5.284169688820838928e-02,7.046601176261901855e-02,-1.851770728826522827e-01,-8.277991414070129395e-02,-2.381961941719055176e-01,-1.577494293451309204e-01,-1.806652396917343140e-01,-3.158958852291107178e-01,5.737770795822143555e-01,4.026668965816497803e-01,4.712567925453186035e-01,3.893536925315856934e-01,4.264636337757110596e-01,2.881786525249481201e-01,1.643983721733093262e-01,3.334338366985321045e-01,2.481566071510314941e-01,2.673092782497406006e-01,4.501653611660003662e-01,3.602434694766998291e-01,4.696009457111358643e-01,3.860705494880676270e-01,1.079222112894058228e-01,2.395278960466384888e-01,3.226165771484375000e-01,2.725165188312530518e-01,1.924418359994888306e-01,7.582851499319076538e-02,1.016750186681747437e-01,1.730840355157852173e-01,-1.845590025186538696e-01,4.314495716243982315e-03,-7.501905411481857300e-02,-4.562952369451522827e-02,-5.372544005513191223e-02,-1.708102524280548096e-01,-1.153002828359603882e-01,-2.596264481544494629e-01,-1.441625058650970459e-01,-5.268483608961105347e-02,-6.214882805943489075e-02,-1.452497839927673340e-01,-6.679368764162063599e-02,-1.639771312475204468e-01,-4.966609179973602295e-02,-2.213384397327899933e-02,-2.339671999216079712e-01,-3.443249166011810303e-01,-2.308232188224792480e-01,-2.825152277946472168e-01,-1.428223997354507446e-01,-1.608338505029678345e-01,-9.173894301056861877e-03,-5.359454080462455750e-03,-3.612009435892105103e-02,-1.038527116179466248e-01,-2.562742531299591064e-01,-2.368510961532592773e-01,-1.480170190334320068e-01,-1.039791479706764221e-01,-1.446616947650909424e-01,-2.514449059963226318e-01,-3.030304014682769775e-01,-2.854091227054595947e-01,-1.366356164216995239e-01,-2.532952129840850830e-01,-2.479391545057296753e-01,-2.374738901853561401e-01
5.976486206054687500e-01,7.114431858062744141e-01,6.270309090614318848e-01,8.457774519920349121e-01,-1.130750328302383423e-01,2.593690752983093262e-01,6.526792049407958984e-01,1.000000000000000000e+00,-1.084091234952211380e-02,2.483175396919250488e-01,4.203906953334808350e-01,7.049317955970764160e-01,3.995176553726196289e-01,7.425654530525207520e-01,2.177997529506683350e-01,4.110828340053558350e-01,7.853990793228149414e-02,4.400535821914672852e-01,5.562366843223571777e-01,4.376746118068695068e-01,1.564222872257232666e-01,1.755563616752624512e-01,6.859727501869201660e-01,7.669007182121276855e-01,2.144693434238433838e-01,3.725519478321075439e-01,-1.707573384046554565e-01,-7.311274856328964233e-02,1.649097055196762085e-01,2.121656686067581177e-01,5.491863489151000977e-01,6.315931677818298340e-01,4.296129047870635986e-01,4.502093791961669922e-01,-3.760109096765518188e-02,-2.145433612167835236e-02,-2.292787730693817139e-01,-2.516485452651977539e-01,-1.231949478387832642e-01,-2.241256982088088989e-01,-3.811986418440937996e-03,-1.124612316489219666e-01,-1.782817691564559937e-01,-1.461210995912551880e-01,-1.075704544782638550e-01,-1.123230606317520142e-01,-1.576709896326065063e-01,-1.895036101341247559e-01,4.664715752005577087e-02,3.744777664542198181e-02,-9.321038424968719482e-02,-2.730620093643665314e-02,-1.586564332246780396e-01,-1.063316985964775085e-01,-5.098108574748039246e-02,-1.626483201980590820e-01,5.165829062461853027e-01,5.063762068748474121e-01,5.052928328514099121e-01,4.690538942813873291e-01,4.922775030136108398e-01,5.588384270668029785e-01,1.664544939994812012e-01,5.077074170112609863e-01,2.013600021600723267e-01,4.509330987930297852e-01,4.425867199897766113e-01,3.821071684360504150e-01,4.638197124004364014e-01,3.386322855949401855e-01,-6.882698088884353638e-02,1.049880534410476685e-01,3.513725697994232178e-01,1.841582655906677246e-01,2.315191626548767090e-01,-6.215272843837738037e-02,-1.965416967868804932e-02,-1.044626254588365555e-02,-2.291324883699417114e-01,1.230523064732551575e-01,9.815122000873088837e-03,1.902624964714050293e-01,-7.097750157117843628e-02,3.012969903647899628e-02,5.688872770406305790e-04,-4.932974278926849365e-02,3.839197382330894470e-02,1.383560448884963989e-01,7.397195696830749512e-02,7.297219336032867432e-02,1.176643446087837219e-01,-1.292974501848220825e-01,8.415038883686065674e-02,4.030108824372291565e-02,-1.875702738761901855e-01,-2.897058427333831787e-01,-1.759225279092788696e-01,-2.159273773431777954e-01,-9.541679755784571171e-04,-2.288584783673286438e-02,1.759981811046600342e-01,6.165742874145507812e-02,1.496974229812622070e-01,3.413036093115806580e-02,-1.155733093619346619e-01,-1.099147200584411621e-01,-6.604011356830596924e-02,-6.108943372964859009e-02,-1.983275450766086578e-02,-2.762126922607421875e-01,-3.330549299716949463e-01,-2.263014316558837891e-01,-4.001585766673088074e-02,-1.229795292019844055e-01,-1.119309887290000916e-01,-1.634430289268493652e-01
1.144689396023750305e-01,-5.839505419135093689e-02,1.291425079107284546e-01,-1.137492712587118149e-02,7.569035291671752930e-01,6.632938981056213379e-01,1.024331226944923401e-01,-1.084091234952211380e-02,1.000000000000000000e+00,6.691397428512573242e-01,3.157809078693389893e-01,1.545515209436416626e-01,2.344973087310791016e-01,1.540050208568572998e-01,5.019389986991882324e-01,3.743509352207183838e-01,3.565748035907745361e-01,6.363598257303237915e-02,6.213423609733581543e-02,7.881591469049453735e-02,2.289829701185226440e-01,2.734126150608062744e-01,1.748324334621429443e-01,8.587034046649932861e-02,4.818836450576782227e-01,5.355858206748962402e-01,5.053561925888061523e-01,5.874187946319580078e-01,2.561338543891906738e-01,1.797316968441009521e-01,1.841804832220077515e-01,1.082045659422874451e-01,2.127390652894973755e-01,1.854551583528518677e-01,2.912387847900390625e-01,2.702599763870239258e-01,1.566136181354522705e-01,2.130832076072692871e-01,1.131587624549865723e-01,-6.478185206651687622e-02,8.774265646934509277e-02,2.359800040721893311e-02,1.765958815813064575e-01,1.427767425775527954e-01,1.153884679079055786e-01,5.453464016318321228e-02,3.555264696478843689e-02,8.827956765890121460e-02,-5.542499199509620667e-02,-1.794616281986236572e-01,-2.759836241602897644e-02,-1.923828423023223877e-01,-3.333186730742454529e-02,-2.666238546371459961e-01,1.087017878890037537e-01,-7.518548518419265747e-03,1.076545864343643188e-01,-1.056745946407318115e-01,-8.531045913696289062e-02,-2.099586576223373413e-01,1.451305449008941650e-01,-7.243854552507400513e-02,2.006059736013412476e-01,-4.943314567208290100e-02,2.067387402057647705e-01,-1.401539742946624756e-01,6.163574010133743286e-02,1.164950057864189148e-01,-3.624089062213897705e-02,-1.007158979773521423e-01,-1.040177699178457260e-02,1.293369829654693604e-01,2.477839440107345581e-01,4.046238362789154053e-01,3.198929131031036377e-01,4.266105592250823975e-01,1.334115713834762573e-01,1.408378481864929199e-01,2.724295258522033691e-01,1.794873774051666260e-01,1.861895322799682617e-01,-2.499949559569358826e-02,3.202906250953674316e-01,-7.565063238143920898e-02,1.478640735149383545e-01,-8.380997925996780396e-02,-6.041479110717773438e-02,-2.197029069066047668e-02,1.759046465158462524e-01,-1.026333421468734741e-01,-1.392226945608854294e-02,2.216496318578720093e-01,9.324144572019577026e-02,1.857348382472991943e-01,7.274101674556732178e-02,6.829226016998291016e-02,1.194987967610359192e-01,5.644087493419647217e-02,1.251090914011001587e-01,1.701172590255737305e-01,4.783870279788970947e-02,3.519616276025772095e-02,1.653666375204920769e-03,-7.824260741472244263e-02,8.111802488565444946e-02,6.607426702976226807e-02,5.951711907982826233e-02,1.398125477135181427e-02,5.010978132486343384e-02,1.188627406954765320e-01,1.458377391099929810e-01,5.537324771285057068e-02,7.942466437816619873e-02,1.870537251234054565e-01,1.445053368806838989e-01,7.628235220909118652e-02
4.906967282295227051e-02,1.743147373199462891e-01,7.518593221902847290e-02,1.648973822593688965e-01,5.006840229034423828e-01,7.938222885131835938e-01,6.337676942348480225e-02,2.483175396919250488e-01,6.691397428512573242e-01,1.000000000000000000e+00,1.653843224048614502e-01,3.869369626045227051e-01,1.217144206166267395e-01,4.437918961048126221e-01,4.076783359050750732e-01,6.906762719154357910e-01,2.014231532812118530e-01,2.545210421085357666e-01,1.290830224752426147e-01,9.184576570987701416e-02,2.357227355241775513e-01,2.564980387687683105e-01,2.156756073236465454e-01,1.867499202489852905e-01,2.507946193218231201e-01,4.784666299819946289e-01,3.308258056640625000e-01,4.472090005874633789e-01,2.563068866729736328e-01,3.180949389934539795e-01,2.017963826656341553e-01,2.054042816162109375e-01,2.773155868053436279e-01,2.554371654987335205e-01,1.012387499213218689e-01,1.551668345928192139e-01,2.803369052708148956e-02,1.025935932993888855e-01,7.039575278759002686e-02,-1.376918852329254150e-01,1.412856578826904297e-01,-7.023629546165466309e-02,1.288297027349472046e-01,1.256448030471801758e-01,-5.841080565005540848e-03,-1.362854265607893467e-03,-1.817939989268779755e-02,9.139051288366317749e-02,-1.335186958312988281e-01,-2.370243221521377563e-01,-8.269492536783218384e-02,-1.492090374231338501e-01,3.043686971068382263e-03,-1.724876314401626587e-01,1.599207371473312378e-01,1.204091012477874756e-01,1.280853152275085449e-01,9.462840110063552856e-02,-4.141994565725326538e-02,-1.193244308233261108e-01,1.541832685470581055e-01,1.493274420499801636e-01,1.454046964645385742e-01,1.877625733613967896e-01,6.282387673854827881e-02,-2.566393092274665833e-02,1.083526909351348877e-01,1.821308434009552002e-01,7.518355548381805420e-02,-3.834603354334831238e-02,-9.478415548801422119e-02,6.880306173115968704e-03,2.593093514442443848e-01,2.016365826129913330e-01,3.775217235088348389e-01,2.394457906484603882e-01,-4.147290065884590149e-02,-8.965258300304412842e-02,1.483785808086395264e-01,3.480661511421203613e-01,1.940393596887588501e-01,1.936180442571640015e-01,2.385741174221038818e-01,1.293547358363866806e-02,8.186460286378860474e-02,7.138626277446746826e-02,4.103106260299682617e-02,3.780726343393325806e-02,1.369118392467498779e-01,7.262148708105087280e-02,2.024904452264308929e-02,1.241951435804367065e-01,1.178625691682100296e-02,6.617168337106704712e-02,9.649399667978286743e-02,1.026810482144355774e-01,1.071660295128822327e-01,7.985704392194747925e-02,1.275583207607269287e-01,1.719217449426651001e-01,6.089704856276512146e-02,-4.966524243354797363e-02,5.937779694795608521e-02,-8.276598900556564331e-02,1.138788014650344849e-01,1.368715763092041016e-01,8.061077445745468140e-02,-7.230828702449798584e-02,1.082942336797714233e-01,4.868980124592781067e-02,4.226229712367057800e-02,3.453615680336952209e-02,6.510784476995468140e-02,1.501633524894714355e-01,1.035120934247970581e-01,9.860591590404510498e-02
5.517618656158447266e-01,2.811174690723419189e-01,5.591121315956115723e-01,4.469213783740997314e-01,2.277241796255111694e-01,2.443472892045974731e-01,6.442056298255920410e-01,4.203906953334808350e-01,3.157809078693389893e-01,1.653843224048614502e-01,1.000000000000000000e+00,4.414050579071044922e-01,7.510499358177185059e-01,4.707315266132354736e-01,5.239794254302978516e-01,2.741136848926544189e-01,5.234220027923583984e-01,2.466618269681930542e-01,4.237144887447357178e-01,2.615459561347961426e-01,2.293456345796585083e-01,3.345479071140289307e-01,5.467418432235717773e-01,5.080343484878540039e-01,3.966472446918487549e-01,4.979305267333984375e-01,1.138243973255157471e-01,1.995961070060729980e-01,4.485217332839965820e-01,2.077437788248062134e-01,6.444592475891113281e-01,5.992684960365295410e-01,4.618446230888366699e-01,4.504184722900390625e-01,1.563505679368972778e-01,1.338301450014114380e-01,-6.762776989489793777e-03,-1.329737715423107147e-02,-5.375673621892929077e-02,-1.623789519071578979e-01,-1.536703575402498245e-02,-1.750398054718971252e-02,-3.129491209983825684e-02,-6.746703386306762695e-02,4.805042594671249390e-02,-9.334974735975265503e-02,-9.873171150684356689e-02,-1.112298145890235901e-01,2.385661751031875610e-02,-6.539367884397506714e-02,-1.107337251305580139e-01,-1.318751126527786255e-01,-2.164349704980850220e-01,-2.398953586816787720e-01,-7.113268971443176270e-02,-2.455346435308456421e-01,3.894666135311126709e-01,1.330971717834472656e-01,2.358672320842742920e-01,9.436669945716857910e-02,4.563758671283721924e-01,1.807382404804229736e-01,3.332962393760681152e-01,2.337599843740463257e-01,3.728689253330230713e-01,1.705702245235443115e-01,2.547847926616668701e-01,1.996805071830749512e-01,1.910242587327957153e-01,1.480437368154525757e-01,1.495917439460754395e-01,3.144906163215637207e-01,3.994537293910980225e-01,4.087888598442077637e-01,2.340731024742126465e-01,2.711721658706665039e-01,1.200738251209259033e-01,1.928282082080841064e-01,1.044190749526023865e-01,6.159786507487297058e-02,1.976992338895797729e-01,1.710703072603791952e-04,1.714641451835632324e-01,-5.495329573750495911e-02,1.430752575397491455e-01,-1.930679976940155029e-01,-6.052780151367187500e-02,2.650441601872444153e-02,6.357992440462112427e-02,-2.065401226282119751e-01,-1.161788552999496460e-01,-1.028090491890907288e-01,-9.579254686832427979e-02,-9.392929822206497192e-02,-1.590781062841415405e-01,-2.580213844776153564e-01,-1.133753284811973572e-01,-1.648014038801193237e-01,-8.841858804225921631e-02,-1.172752454876899719e-01,-2.443772368133068085e-02,-9.789306670427322388e-02,-7.441046088933944702e-02,-1.265525072813034058e-01,-2.244715541601181030e-01,-2.110238969326019287e-01,-1.598651111125946045e-01,-3.106004558503627777e-02,-1.390645056962966919e-01,-1.303687989711761475e-01,-1.823173314332962036e-01,-1.996974498033523560e-01,-9.939848631620407104e-02,-1.259197890758514404e-01,-1.813575476408004761e-01,-1.899059861898422241e-01
4.695492982864379883e-01,6.292985677719116211e-01,4.474704861640930176e-01,6.511995792388916016e-01,2.522065769881010056e-04,4.055182337760925293e-01,4.617602825164794922e-01,7.049317955970764160e-01,1.545515209436416626e-01,3.869369626045227051e-01,4.414050579071044922e-01,1.000000000000000000e+00,4.145133793354034424e-01,7.903761267662048340e-01,2.854576408863067627e-01,5.259443521499633789e-01,2.298836410045623779e-01,5.759482979774475098e-01,4.603674411773681641e-01,3.949753046035766602e-01,1.598335653543472290e-01,2.121370136737823486e-01,5.566977262496948242e-01,6.181612014770507812e-01,2.360361665487289429e-01,3.828853666782379150e-01,-9.858980774879455566e-02,1.619597151875495911e-02,2.703885436058044434e-01,4.188575744628906250e-01,5.033782124519348145e-01,5.672897696495056152e-01,4.976992905139923096e-01,4.924399852752685547e-01,-2.631691284477710724e-02,2.248425409197807312e-02,-1.097894981503486633e-01,-8.485509455204010010e-02,-1.407701428979635239e-02,-9.626182168722152710e-02,1.101482585072517395e-01,-8.829122409224510193e-03,-2.891827933490276337e-02,-6.240188609808683395e-03,-4.736191127449274063e-03,2.458329545333981514e-03,-7.906790822744369507e-02,-4.221527650952339172e-02,5.828729271888732910e-02,-3.452243655920028687e-02,-1.567335240542888641e-02,-2.969403006136417389e-02,-6.150917708873748779e-02,-8.798457682132720947e-02,8.828426897525787354e-02,1.687685213983058929e-02,4.557278156280517578e-01,4.666094779968261719e-01,3.490270078182220459e-01,2.376435250043869019e-01,5.768363475799560547e-01,5.782606005668640137e-01,3.502728641033172607e-01,6.006404161453247070e-01,2.983726561069488525e-01,4.123218655586242676e-01,4.630967974662780762e-01,4.720602929592132568e-01,4.162562191486358643e-01,3.145165741443634033e-01,-5.777340382337570190e-02,1.726963073015213013e-01,3.422645628452301025e-01,3.110830187797546387e-01,2.937557697296142578e-01,1.818480715155601501e-02,-4.545972868800163269e-02,-5.299061536788940430e-02,-5.597959086298942566e-02,3.366084098815917969e-01,1.492479443550109863e-01,3.454884588718414307e-01,6.412155926227569580e-02,2.150973677635192871e-01,1.157011836767196655e-01,1.605052500963211060e-01,1.202914491295814514e-01,2.233913242816925049e-01,1.174692362546920776e-01,1.557825356721878052e-01,8.402508497238159180e-02,-7.022388279438018799e-02,2.319439314305782318e-02,-2.852701209485530853e-02,-9.253896772861480713e-02,-1.510718166828155518e-01,-8.293809741735458374e-02,-1.057333499193191528e-01,1.504828222095966339e-02,-5.822224920848384500e-05,8.051767945289611816e-02,-9.260264784097671509e-02,9.821478277444839478e-02,-6.181904301047325134e-02,-2.998315542936325073e-02,-2.154932357370853424e-02,-7.261252403259277344e-02,-1.057070195674896240e-01,-2.653694339096546173e-02,-1.916939169168472290e-01,-2.117147296667098999e-01,-1.701994687318801880e-01,-8.978942781686782837e-02,-1.086053475737571716e-01,-7.536415755748748779e-02,-3.047967888414859772e-02
4.968038201332092285e-01,2.881817817687988281e-01,5.319995880126953125e-01,4.366351664066314697e-01,2.093637734651565552e-01,2.067351788282394409e-01,6.733429431915283203e-01,3.995176553726196289e-01,2.344973087310791016e-01,1.217144206166267395e-01,7.510499358177185059e-01,4.145133793354034424e-01,1.000000000000000000e+00,4.289046823978424072e-01,5.294929146766662598e-01,2.320882230997085571e-01,4.436832070350646973e-01,3.451041281223297119e-01,3.720561861991882324e-01,2.178658097982406616e-01,2.410921603441238403e-01,3.526006042957305908e-01,5.231454968452453613e-01,4.906664490699768066e-01,4.046138525009155273e-01,4.982657134532928467e-01,1.603172421455383301e-01,2.140438556671142578e-01,5.048924684524536133e-01,2.903626263141632080e-01,6.776999235153198242e-01,6.658205986022949219e-01,4.115408957004547119e-01,4.278812110424041748e-01,1.247556582093238831e-01,1.213047131896018982e-01,2.196910791099071503e-02,3.422491624951362610e-02,-5.938505381345748901e-02,-1.411360353231430054e-01,7.239824160933494568e-03,6.947507616132497787e-03,-5.685231648385524750e-03,-4.583112522959709167e-02,7.521796971559524536e-02,-5.076962336897850037e-02,-8.760007470846176147e-02,-1.213652640581130981e-01,8.799380064010620117e-02,1.931765489280223846e-02,-6.472755223512649536e-02,-7.309442013502120972e-02,-1.810907572507858276e-01,-1.700769960880279541e-01,-1.124835535883903503e-01,-2.547572553157806396e-01,3.366264402866363525e-01,1.601429581642150879e-01,2.743084430694580078e-01,1.291403770446777344e-01,3.958844244480133057e-01,1.728831529617309570e-01,3.652338087558746338e-01,2.993718087673187256e-01,3.185031414031982422e-01,2.053821682929992676e-01,3.010282218456268311e-01,2.636394798755645752e-01,1.875243782997131348e-01,1.704525798559188843e-01,2.721249461174011230e-01,4.301718473434448242e-01,3.925834298133850098e-01,3.546337485313415527e-01,2.863341271877288818e-01,1.913530677556991577e-01,2.269862145185470581e-01,2.828375399112701416e-01,1.113600209355354309e-01,1.310235112905502319e-01,2.068084180355072021e-01,9.802336990833282471e-02,2.630760371685028076e-01,-2.965205349028110504e-02,1.223137602210044861e-01,-1.247276887297630310e-01,-2.218149974942207336e-02,-2.100546658039093018e-02,2.634078031405806541e-03,-1.464661955833435059e-01,-4.209365323185920715e-02,-5.791332200169563293e-02,-3.901322185993194580e-02,-6.423839181661605835e-02,-1.022736579179763794e-01,-2.268818765878677368e-01,-7.894753664731979370e-02,-1.695327758789062500e-01,-6.697862595319747925e-02,-1.140524521470069885e-01,-6.132606416940689087e-02,-8.754588663578033447e-02,-8.462359756231307983e-02,-1.528496146202087402e-01,-1.990945935249328613e-01,-1.762209683656692505e-01,-1.833867579698562622e-01,-9.670130908489227295e-02,-1.008503958582878113e-01,-8.138127624988555908e-02,-1.099580898880958557e-01,-1.687263697385787964e-01,-7.443163543939590454e-02,-1.869017034769058228e-01,-2.039252817630767822e-01,-2.122562527656555176e-01
