1.000000000000000000e+00,5.991410613059997559e-01,3.275423943996429443e-01,4.267234504222869873e-01,-5.777914822101593018e-02,-2.185992337763309479e-02,4.555136859416961670e-01,4.213238358497619629e-01,-1.629330068826675415e-01,-1.367726624011993408e-01,2.936232686042785645e-01,4.829065203666687012e-01,2.995156347751617432e-01,2.190198600292205811e-01,5.046740639954805374e-03,-8.656453341245651245e-02,3.842396736145019531e-01,3.680175244808197021e-01,2.367871701717376709e-01,2.883100509643554688e-01,-2.779432013630867004e-02,-7.232194393873214722e-02,3.061090707778930664e-01,2.554513514041900635e-01,-1.043185293674468994e-01,-3.700552741065621376e-03,2.196750603616237640e-02,9.875125437974929810e-02,2.673527896404266357e-01,2.984146475791931152e-01,1.272513717412948608e-01,2.697447836399078369e-01,3.339474797248840332e-01,3.228835761547088623e-01,2.914576232433319092e-01,3.376500010490417480e-01,2.024632990360260010e-01,2.097540795803070068e-01,2.797892391681671143e-01,1.559134721755981445e-01,6.520934402942657471e-02,4.781512916088104248e-02,2.824342250823974609e-02,-3.411521436646580696e-03,-4.068629816174507141e-02,-1.628220826387405396e-01,1.813667118549346924e-01,1.032475307583808899e-01,-2.563829533755779266e-02,-1.364171952009201050e-01,6.406100094318389893e-02,-4.009031504392623901e-02,1.043154969811439514e-01,7.375069707632064819e-02,7.430271804332733154e-02,2.182835042476654053e-01,6.131624579429626465e-01,4.744636416435241699e-01,2.858551144599914551e-01,1.687799394130706787e-01,2.870025932788848877e-01,1.167071312665939331e-01,3.515254557132720947e-01,1.895556747913360596e-01,1.959535181522369385e-01,4.502141848206520081e-02,2.254395633935928345e-01,2.645400464534759521e-01,3.535048067569732666e-01,8.242911845445632935e-02,3.405160009860992432e-01,2.364580482244491577e-01,2.268577069044113159e-01,3.396812677383422852e-01,1.511387974023818970e-01,2.896822988986968994e-01,1.262921392917633057e-01,1.883550584316253662e-01,3.213825225830078125e-01,2.653456926345825195e-01,4.160358309745788574e-01,4.147908389568328857e-01,5.145348235964775085e-02,2.214743988588452339e-03,4.131013751029968262e-01,3.659282326698303223e-01,8.151352405548095703e-02,-2.763257175683975220e-02,2.179309278726577759e-01,1.126259490847587585e-01,-5.034370720386505127e-02,1.238630618900060654e-02,-1.467657741159200668e-03,-1.887930184602737427e-02,2.669658362865447998e-01,2.418863177299499512e-01,2.815419435501098633e-01,2.322970032691955566e-01,8.835507184267044067e-02,1.676664203405380249e-01,2.211351096630096436e-01,1.097478941082954407e-01,3.458648920059204102e-01,3.421594798564910889e-01,2.623834908008575439e-01,2.332565933465957642e-01,1.830613464117050171e-01,2.558255195617675781e-01,3.762853890657424927e-02,8.370450139045715332e-02,1.270126104354858398e-01,1.243487969040870667e-01,3.986840322613716125e-02,-3.413097187876701355e-02,1.605802029371261597e-01,9.453712403774261475e-02
5.991410613059997559e-01,1.000000000000000000e+00,2.221986949443817139e-01,4.709199965000152588e-01,1.275162696838378906e-01,1.958760470151901245e-01,3.022747337818145752e-01,4.637040495872497559e-01,1.140010878443717957e-01,1.878067553043365479e-01,2.561834454536437988e-01,4.190993309020996094e-01,3.002420961856842041e-01,2.521887123584747314e-01,1.635589748620986938e-01,1.849508732557296753e-01,3.191513121128082275e-01,3.956643640995025635e-01,1.409377157688140869e-01,2.054548859596252441e-01,2.979184687137603760e-02,5.841961130499839783e-02,2.214837968349456787e-01,2.200727015733718872e-01,8.208403736352920532e-02,1.594988405704498291e-01,2.046621292829513550e-01,2.209832370281219482e-01,2.894896268844604492e-01,3.593745529651641846e-01,1.555228978395462036e-01,2.464043945074081421e-01,2.767863273620605469e-01,2.741070091724395752e-01,2.489829063415527344e-01,3.095890879631042480e-01,2.652905583381652832e-01,1.828351765871047974e-01,2.627774775028228760e-01,2.842662632465362549e-01,8.225788176059722900e-02,9.357006847858428955e-02,1.093603819608688354e-01,2.238126285374164581e-02,-4.553528502583503723e-02,-8.121278136968612671e-02,1.635632216930389404e-01,1.259904205799102783e-01,5.886441469192504883e-02,-3.045397112146019936e-03,2.118310518562793732e-02,2.236656844615936279e-02,6.562790274620056152e-02,1.669532507658004761e-01,2.002464979887008667e-01,4.344353377819061279e-01,6.155417561531066895e-01,6.364424228668212891e-01,3.315968215465545654e-01,1.926435381174087524e-01,4.051368534564971924e-01,7.730611413717269897e-02,3.330520689487457275e-01,4.120978415012359619e-01,2.810058295726776123e-01,2.484534680843353271e-01,2.528093159198760986e-01,2.965438365936279297e-01,2.972020804882049561e-01,1.811067312955856323e-01,3.345192372798919678e-01,3.839840590953826904e-01,2.699036300182342529e-01,3.599735498428344727e-01,2.379034012556076050e-01,3.183137774467468262e-01,3.072358667850494385e-01,3.516205847263336182e-01,2.018710225820541382e-01,2.696501016616821289e-01,3.673016428947448730e-01,4.518642723560333252e-01,1.426834315061569214e-01,2.360299229621887207e-01,3.676780760288238525e-01,4.709561765193939209e-01,1.477584540843963623e-01,2.337528616189956665e-01,2.942255437374114990e-01,3.725352287292480469e-01,7.557586580514907837e-02,2.154581248760223389e-01,3.776469454169273376e-02,1.090524271130561829e-01,2.110821604728698730e-01,2.238277494907379150e-01,3.262884914875030518e-01,3.203150629997253418e-01,2.614572048187255859e-01,3.769436776638031006e-01,3.168721497058868408e-01,3.050542175769805908e-01,3.788830041885375977e-01,4.956302642822265625e-01,3.796146512031555176e-01,3.805725872516632080e-01,2.072303593158721924e-01,2.595306038856506348e-01,9.690781682729721069e-02,1.478394716978073120e-01,1.558029502630233765e-01,1.870272159576416016e-01,1.126346364617347717e-01,1.302752345800399780e-01,3.095423579216003418e-01,2.606758475303649902e-01
3.275423943996429443e-01,2.221986949443817139e-01,1.000000000000000000e+00,5.513178110122680664e-01,8.553463965654373169e-02,-1.276767905801534653e-02,7.154698371887207031e-01,4.585407674312591553e-01,9.513311088085174561e-02,-6.345252692699432373e-02,1.914087682962417603e-01,9.265524893999099731e-02,4.161266386508941650e-01,1.404436230659484863e-01,6.888245791196823120e-02,-1.272637248039245605e-01,5.783369764685630798e-02,8.252022787928581238e-03,2.271105647087097168e-01,9.220582991838455200e-02,8.554109185934066772e-02,-3.336383402347564697e-02,5.226683616638183594e-01,4.022209644317626953e-01,-1.125199440866708755e-02,-5.882661417126655579e-02,1.921063959598541260e-01,8.573921769857406616e-02,1.867205649614334106e-01,6.442774552851915359e-03,2.714301645755767822e-01,3.000765442848205566e-01,1.141721978783607483e-01,1.606313288211822510e-01,1.400576438754796982e-03,7.500930875539779663e-02,9.224621951580047607e-02,6.134916841983795166e-02,2.775013744831085205e-01,6.868116557598114014e-02,1.617975980043411255e-01,2.815934643149375916e-02,9.118288755416870117e-03,-6.526508927345275879e-02,-1.172886043787002563e-01,-1.247702687978744507e-01,1.582841761410236359e-02,-2.418340370059013367e-02,-1.121056005358695984e-01,-1.826858520507812500e-01,3.490228578448295593e-02,-1.325159668922424316e-01,6.952578574419021606e-02,-7.282499223947525024e-02,3.269887566566467285e-01,4.429033026099205017e-02,3.824473619461059570e-01,1.412087082862854004e-01,1.814973801374435425e-01,2.082839161157608032e-01,2.204089313745498657e-01,1.963974684476852417e-01,4.869964122772216797e-01,8.899344503879547119e-02,1.115675643086433411e-01,-1.788818091154098511e-01,-1.566306874155998230e-02,5.101071298122406006e-02,7.310643047094345093e-02,-9.724760800600051880e-02,3.367317020893096924e-01,6.755314767360687256e-02,2.248138785362243652e-01,-5.626484286040067673e-03,3.085276782512664795e-01,5.150670185685157776e-02,-2.687321417033672333e-02,-6.229146849364042282e-03,3.947835788130760193e-02,1.269524823874235153e-02,2.773255705833435059e-01,8.269727975130081177e-02,2.506720423698425293e-01,-3.448960557579994202e-02,2.432235032320022583e-01,-1.912009157240390778e-02,1.461226046085357666e-01,-1.004543155431747437e-02,2.009119391441345215e-01,-6.300508975982666016e-02,3.351513743400573730e-01,1.158756092190742493e-01,2.978548109531402588e-01,1.061714664101600647e-01,2.382781654596328735e-01,2.017924636602401733e-01,1.633190065622329712e-01,1.475049108266830444e-01,7.453288137912750244e-02,-4.520413279533386230e-02,1.832667887210845947e-01,-3.904285281896591187e-02,1.698325425386428833e-01,1.822626218199729919e-02,-1.596180722117424011e-02,7.617478724569082260e-03,2.999144047498703003e-02,1.129245012998580933e-01,1.374028474092483521e-01,2.489523291587829590e-01,7.519897073507308960e-02,8.045337349176406860e-02,9.393140673637390137e-02,1.605036668479442596e-02,1.890600426122546196e-03,2.318535372614860535e-02
4.267234504222869873e-01,4.709199965000152588e-01,5.513178110122680664e-01,1.000000000000000000e+00,1.388449966907501221e-01,2.004677057266235352e-01,4.958058595657348633e-01,5.252190828323364258e-01,1.476648449897766113e-01,1.452827006578445435e-01,2.375963777303695679e-01,2.809699773788452148e-01,3.863592743873596191e-01,2.366367876529693604e-01,1.882224529981613159e-01,1.005325019359588623e-01,1.645516455173492432e-01,2.023226618766784668e-01,2.839401960372924805e-01,2.450532466173171997e-01,9.765500575304031372e-02,7.982863485813140869e-02,4.336899816989898682e-01,4.912302494049072266e-01,2.625492028892040253e-02,1.195534318685531616e-01,2.088038176298141479e-01,1.424815356731414795e-01,2.280726432800292969e-01,1.729155480861663818e-01,1.937837451696395874e-01,3.611302971839904785e-01,2.193888127803802490e-01,2.855364084243774414e-01,4.329264163970947266e-02,1.299804598093032837e-01,8.332962542772293091e-02,8.081493526697158813e-02,1.741826087236404419e-01,2.076105624437332153e-01,1.499111503362655640e-01,1.211075559258460999e-01,4.845696687698364258e-02,-7.428302615880966187e-02,-1.248181015253067017e-01,-1.422653198242187500e-01,-1.473365724086761475e-02,2.451477758586406708e-02,-1.188471242785453796e-01,-1.487926840782165527e-01,-5.156064033508300781e-02,-1.254586279392242432e-01,-4.279497265815734863e-02,5.668501928448677063e-02,1.862132251262664795e-01,2.305707633495330811e-01,4.416216313838958740e-01,3.674629032611846924e-01,1.675055772066116333e-01,8.575266599655151367e-02,2.658338844776153564e-01,1.111128255724906921e-01,3.448517024517059326e-01,2.978821694850921631e-01,9.238041192293167114e-02,-1.038167104125022888e-01,-2.676713652908802032e-02,5.376777797937393188e-02,2.246057540178298950e-01,1.717543229460716248e-02,2.606736421585083008e-01,1.439899206161499023e-01,2.713608741760253906e-01,1.645632833242416382e-01,3.075254261493682861e-01,2.412005811929702759e-01,6.581404805183410645e-02,1.027993485331535339e-01,9.747960418462753296e-02,1.083653271198272705e-01,2.629716992378234863e-01,2.634361982345581055e-01,2.024181038141250610e-01,1.344471573829650879e-01,2.559314668178558350e-01,1.942013502120971680e-01,1.260370165109634399e-01,1.830342859029769897e-01,1.848829388618469238e-01,2.183640152215957642e-01,1.800118535757064819e-01,2.888628840446472168e-01,1.312223672866821289e-01,1.808055937290191650e-01,1.759565919637680054e-01,2.124419808387756348e-01,1.515696793794631958e-01,2.726632654666900635e-01,8.055721968412399292e-02,8.215202391147613525e-02,1.766823232173919678e-01,1.891037672758102417e-01,1.891314685344696045e-01,2.556510865688323975e-01,1.460586339235305786e-01,1.414355486631393433e-01,9.396228939294815063e-02,1.767102479934692383e-01,1.829153895378112793e-01,1.735066473484039307e-01,1.111721992492675781e-01,1.089770942926406860e-01,3.532594814896583557e-02,7.052985578775405884e-02,2.068690508604049683e-01,1.867781579494476318e-01
-5.777914822101593018e-02,1.275162696838378906e-01,8.553463965654373169e-02,1.388449966907501221e-01,1.000000000000000000e+00,6.497252583503723145e-01,9.134829044342041016e-02,3.293237462639808655e-02,5.715131163597106934e-01,3.492271006107330322e-01,9.817279875278472900e-02,-9.118779003620147705e-02,2.177841812372207642e-01,-1.411791145801544189e-02,3.826483488082885742e-01,3.076032102108001709e-01,-5.417269840836524963e-02,-1.760499477386474609e-01,-1.729174703359603882e-02,-1.105995327234268188e-01,2.659272253513336182e-01,2.519671022891998291e-01,2.862228453159332275e-01,1.988775581121444702e-01,6.633575558662414551e-01,5.368136167526245117e-01,6.710824370384216309e-01,5.003547668457031250e-01,-1.149336155503988266e-02,-1.403687745332717896e-01,2.964101135730743408e-01,1.253396719694137573e-01,-1.902238130569458008e-01,-2.340723425149917603e-01,-2.851874232292175293e-01,-2.161171734333038330e-01,-1.880694329738616943e-01,-2.088991701602935791e-01,-1.208356693387031555e-01,7.921175658702850342e-02,1.508801728487014771e-01,1.089448630809783936e-01,-1.532262414693832397e-01,-1.202956661581993103e-01,-6.524100899696350098e-02,-5.074815452098846436e-02,-2.564489543437957764e-01,-7.783656567335128784e-02,-1.035866364836692810e-01,-7.663547247648239136e-02,-2.186745107173919678e-01,-1.087839752435684204e-01,2.715735435485839844e-01,2.005328983068466187e-01,3.617810010910034180e-01,1.450109183788299561e-01,1.610154360532760620e-01,1.145788952708244324e-01,7.472588121891021729e-02,1.822567433118820190e-01,7.616409566253423691e-03,7.915050722658634186e-03,7.782350480556488037e-02,9.170777350664138794e-02,-1.677443385124206543e-01,-1.065081730484962463e-01,-1.985061913728713989e-01,-1.297621577978134155e-01,-3.222823143005371094e-02,1.677570194005966187e-01,6.961892545223236084e-02,4.829019680619239807e-02,6.544172018766403198e-02,8.772887289524078369e-03,1.084194555878639221e-01,-9.667076915502548218e-02,1.426870822906494141e-01,1.190243288874626160e-01,-1.406935751438140869e-01,-1.509456187486648560e-01,-4.236355423927307129e-03,-6.642237305641174316e-02,5.304864645004272461e-01,3.079387545585632324e-01,4.581085219979286194e-02,-2.118855342268943787e-02,5.037166476249694824e-01,4.362286627292633057e-01,3.414126038551330566e-01,2.717155218124389648e-01,3.427401483058929443e-01,2.998606264591217041e-01,2.600098252296447754e-01,2.539166510105133057e-01,-3.382706549018621445e-03,-1.088524907827377319e-01,1.396910194307565689e-02,1.883819848299026489e-01,1.127417758107185364e-01,2.773725241422653198e-02,1.933182775974273682e-01,2.305361330509185791e-01,2.082696706056594849e-01,1.860279440879821777e-01,1.481475234031677246e-01,9.449700266122817993e-02,-1.545123383402824402e-02,6.060280650854110718e-02,2.480967044830322266e-01,5.458871647715568542e-02,2.671410441398620605e-01,1.016383543610572815e-01,4.876919835805892944e-02,2.534383237361907959e-01,2.817329764366149902e-01,3.470606803894042969e-01
-2.185992337763309479e-02,1.958760470151901245e-01,-1.276767905801534653e-02,2.004677057266235352e-01,6.497252583503723145e-01,1.000000000000000000e+00,1.358694396913051605e-02,6.342837959527969360e-02,4.906711280345916748e-01,5.207099318504333496e-01,1.487858891487121582e-01,4.705150425434112549e-02,2.014151513576507568e-01,2.008782625198364258e-01,4.059975147247314453e-01,5.581623315811157227e-01,4.303533060010522604e-04,-6.712214648723602295e-02,1.234959512948989868e-01,5.593764036893844604e-02,2.752780020236968994e-01,3.407515585422515869e-01,1.473885774612426758e-01,2.227527946233749390e-01,5.609438419342041016e-01,5.810822844505310059e-01,6.250901222229003906e-01,6.304829120635986328e-01,8.653680235147476196e-02,1.939452439546585083e-02,1.830234676599502563e-01,1.294170469045639038e-01,-1.176605299115180969e-01,-1.168500706553459167e-01,-2.268505990505218506e-01,-1.115258634090423584e-01,-6.244336441159248352e-02,-6.483000516891479492e-02,2.274975180625915527e-02,2.623628079891204834e-01,1.681978702545166016e-01,1.428188979625701904e-01,-2.112138420343399048e-01,-2.138361930847167969e-01,-8.108218014240264893e-02,-1.138667315244674683e-01,-2.852278053760528564e-01,-1.444633752107620239e-01,-1.931509226560592651e-01,-1.436047255992889404e-01,-2.935812771320343018e-01,-1.867359131574630737e-01,1.021240577101707458e-01,9.673911333084106445e-02,2.720560431480407715e-01,2.385005056858062744e-01,1.604824066162109375e-01,1.501040160655975342e-01,1.553944498300552368e-01,1.745485812425613403e-01,1.061202306300401688e-02,7.658124715089797974e-02,7.469037175178527832e-02,2.403686642646789551e-01,-1.588544398546218872e-01,-1.056645959615707397e-01,-7.918061316013336182e-02,-1.262671947479248047e-01,6.854714453220367432e-02,1.918865144252777100e-01,7.642999291419982910e-02,1.100316494703292847e-01,9.010919183492660522e-02,1.130143702030181885e-01,1.021510586142539978e-01,-1.652717031538486481e-02,1.069710478186607361e-01,1.145995259284973145e-01,-1.522043645381927490e-01,-1.515297591686248779e-01,-6.496378220617771149e-03,2.797682024538516998e-02,5.061795711517333984e-01,5.879560708999633789e-01,4.431130737066268921e-02,6.250864267349243164e-02,3.888441920280456543e-01,5.617496371269226074e-01,3.486712574958801270e-01,4.405990540981292725e-01,2.800724208354949951e-01,4.315878152847290039e-01,2.481742501258850098e-01,3.235753476619720459e-01,-8.398607373237609863e-02,-1.015926748514175415e-01,7.674550171941518784e-03,1.922462731599807739e-01,1.089398264884948730e-01,1.051012054085731506e-01,2.329569160938262939e-01,3.896131217479705811e-01,2.155096530914306641e-01,2.642065286636352539e-01,2.103084772825241089e-01,1.270643621683120728e-01,8.716491609811782837e-02,1.217197775840759277e-01,1.590203940868377686e-01,-8.677826263010501862e-03,1.176249608397483826e-01,2.130620367825031281e-02,7.196692749857902527e-03,1.905565410852432251e-01,2.290533483028411865e-01,3.039802610874176025e-01
4.555136859416961670e-01,3.022747337818145752e-01,7.154698371887207031e-01,4.958058595657348633e-01,9.134829044342041016e-02,1.358694396913051605e-02,1.000000000000000000e+00,6.300905942916870117e-01,1.081849634647369385e-01,-2.996790595352649689e-02,3.755962848663330078e-01,3.030812442302703857e-01,5.893321633338928223e-01,3.613440096378326416e-01,7.049266993999481201e-02,-1.061431616544723511e-01,2.779093980789184570e-01,2.519000470638275146e-01,2.213430702686309814e-01,8.294132351875305176e-02,1.584550924599170685e-02,-1.134873926639556885e-01,5.528939366340637207e-01,4.623855948448181152e-01,2.259136550128459930e-02,1.163120660930871964e-02,2.845881283283233643e-01,1.743671894073486328e-01,2.868906557559967041e-01,9.749855101108551025e-02,2.863869071006774902e-01,3.197289109230041504e-01,1.872175186872482300e-01,2.174945324659347534e-01,-2.366768755018711090e-02,4.550936445593833923e-02,4.290903732180595398e-02,9.826859459280967712e-03,2.733450829982757568e-01,4.317310079932212830e-02,1.050601229071617126e-01,-2.155715040862560272e-02,6.707387417554855347e-02,-6.621756404638290405e-02,-2.222974747419357300e-01,-1.779252290725708008e-01,2.069675922393798828e-02,1.246233936399221420e-02,-6.344386935234069824e-02,-1.908857971429824829e-01,1.366516351699829102e-01,-8.095419406890869141e-02,7.851067930459976196e-02,-4.553947970271110535e-02,2.815994620323181152e-01,1.636708527803421021e-01,5.213689208030700684e-01,2.813404500484466553e-01,2.868694067001342773e-01,2.446627169847488403e-01,3.302235305309295654e-01,1.031371355056762695e-01,5.451968312263488770e-01,1.775762438774108887e-01,2.088617384433746338e-01,-2.143854051828384399e-01,2.133605303242802620e-03,2.008744329214096069e-02,2.437485754489898682e-02,-1.591248512268066406e-01,3.720671236515045166e-01,9.815993905067443848e-02,2.278215587139129639e-01,1.105657964944839478e-01,3.187507688999176025e-01,1.612216234207153320e-01,-1.293904986232519150e-02,6.999813020229339600e-02,2.439602017402648926e-01,1.757130473852157593e-01,5.306729078292846680e-01,3.648033440113067627e-01,2.408782541751861572e-01,-7.973406463861465454e-03,4.553050100803375244e-01,1.956519484519958496e-01,1.580803990364074707e-01,4.868146777153015137e-02,3.788810372352600098e-01,1.451347619295120239e-01,3.125213086605072021e-01,1.925228089094161987e-01,2.562779784202575684e-01,1.727267652750015259e-01,2.483740746974945068e-01,2.385006844997406006e-01,1.794307827949523926e-01,1.803768128156661987e-01,6.177919358015060425e-02,2.647454664111137390e-02,3.498991727828979492e-01,1.619841754436492920e-01,4.001415371894836426e-01,2.284453362226486206e-01,1.538501828908920288e-01,2.407505661249160767e-01,1.375073790550231934e-01,2.414863854646682739e-01,5.454625189304351807e-02,1.431342810392379761e-01,1.022133082151412964e-01,7.775625586509704590e-02,4.862034693360328674e-02,-2.399644628167152405e-02,4.757297784090042114e-02,5.054427310824394226e-02
4.213238358497619629e-01,4.637040495872497559e-01,4.585407674312591553e-01,5.252190828323364258e-01,3.293237462639808655e-02,6.342837959527969360e-02,6.300905942916870117e-01,1.000000000000000000e+00,3.040746971964836121e-02,1.529877930879592896e-01,2.481687217950820923e-01,3.615555763244628906e-01,4.941534698009490967e-01,5.013554692268371582e-01,3.292567655444145203e-02,2.345957793295383453e-02,2.884095013141632080e-01,3.754454255104064941e-01,2.065949887037277222e-01,1.545813232660293579e-01,-8.741741627454757690e-02,-1.392542123794555664e-01,4.722033143043518066e-01,4.200944304466247559e-01,-2.509077265858650208e-02,1.187832653522491455e-01,2.568769156932830811e-01,1.850088238716125488e-01,2.547288239002227783e-01,1.766120195388793945e-01,2.358408719301223755e-01,3.548139333724975586e-01,3.160876333713531494e-01,3.407044410705566406e-01,1.163397636264562607e-02,1.156024262309074402e-01,9.155911207199096680e-02,1.246722415089607239e-01,2.388943731784820557e-01,1.195230036973953247e-01,5.354763567447662354e-02,-9.165749885141849518e-03,5.918549746274948120e-02,-5.423413962125778198e-02,-1.038876324892044067e-01,-1.416967660188674927e-01,-9.318181127309799194e-02,-1.033631488680839539e-01,-9.236792474985122681e-02,-1.897885352373123169e-01,-1.983970031142234802e-02,-1.470886617898941040e-01,8.695317059755325317e-02,5.062668770551681519e-02,1.698531955480575562e-01,2.776447832584381104e-01,4.367433786392211914e-01,4.639092087745666504e-01,2.474386841058731079e-01,1.358290016651153564e-01,3.853017985820770264e-01,9.863849729299545288e-02,4.363681077957153320e-01,4.104839265346527100e-01,1.675603240728378296e-01,-1.495614051818847656e-01,-1.255437079817056656e-02,5.644698441028594971e-02,1.559173613786697388e-01,-6.995733082294464111e-02,3.330094218254089355e-01,2.049433588981628418e-01,2.323006242513656616e-01,1.362071782350540161e-01,2.907735705375671387e-01,2.599228918552398682e-01,1.311698853969573975e-01,2.857646346092224121e-01,2.113933712244033813e-01,1.943819820880889893e-01,4.554393291473388672e-01,4.380615055561065674e-01,1.786483526229858398e-01,1.716932207345962524e-01,3.857593238353729248e-01,3.234007656574249268e-01,2.014293521642684937e-01,2.481448054313659668e-01,2.325844913721084595e-01,3.348957896232604980e-01,1.578600853681564331e-01,3.098387718200683594e-01,9.926322102546691895e-02,1.566560417413711548e-01,1.652522385120391846e-01,2.406536787748336792e-01,1.649509519338607788e-01,1.816333830356597900e-01,-6.390804797410964966e-02,6.825315207242965698e-02,3.076601326465606689e-01,2.668843865394592285e-01,2.384784966707229614e-01,2.916466593742370605e-01,5.207995325326919556e-02,1.500215828418731689e-01,8.531659841537475586e-02,1.736654192209243774e-01,5.017171055078506470e-02,1.335118804126977921e-02,1.580875515937805176e-01,5.940906703472137451e-02,-4.547659307718276978e-02,-1.488433182239532471e-01,9.352418035268783569e-02,1.030709873884916306e-02
-1.629330068826675415e-01,1.140010878443717957e-01,9.513311088085174561e-02,1.476648449897766113e-01,5.715131163597106934e-01,4.906711280345916748e-01,1.081849634647369385e-01,3.040746971964836121e-02,1.000000000000000000e+00,5.999726653099060059e-01,2.497269809246063232e-01,-2.480684965848922729e-02,3.251848816871643066e-01,2.225598506629467010e-02,6.525046229362487793e-01,5.430039167404174805e-01,1.254408657550811768e-01,4.684419557452201843e-02,1.689402945339679718e-02,-7.842425256967544556e-02,3.046371042728424072e-01,2.673250138759613037e-01,-9.449584037065505981e-02,-5.775190517306327820e-02,3.242506384849548340e-01,1.781267225742340088e-01,4.788107573986053467e-01,2.948000729084014893e-01,2.584589421749114990e-01,1.093355864286422729e-01,8.113959431648254395e-02,1.190060842782258987e-02,-1.223220750689506531e-01,-1.801639795303344727e-01,-2.883290350437164307e-01,-2.080975174903869629e-01,-8.063933998346328735e-02,-1.314287036657333374e-01,-1.921118982136249542e-02,1.475173383951187134e-01,1.958467662334442139e-01,-1.327484287321567535e-02,-3.807792440056800842e-02,-1.497949659824371338e-01,-1.985923647880554199e-01,-1.261420696973800659e-01,-1.643601506948471069e-01,-5.640409886837005615e-02,-4.512773081660270691e-02,-3.862075135111808777e-02,-1.244526058435440063e-01,-4.046142846345901489e-02,-6.458676606416702271e-02,8.542354404926300049e-02,2.986063659191131592e-01,1.596921831369400024e-01,1.021483913064002991e-01,1.963517814874649048e-01,8.357952535152435303e-02,2.166943848133087158e-01,1.781645566225051880e-01,3.930894657969474792e-03,1.621136963367462158e-01,1.496484726667404175e-01,3.551958128809928894e-02,1.540227886289358139e-02,-1.032482981681823730e-01,-5.937710776925086975e-02,-4.453820735216140747e-02,6.731393188238143921e-02,1.655060350894927979e-01,2.041045874357223511e-01,1.371672004461288452e-01,1.358608901500701904e-01,2.413761615753173828e-01,-2.473395434208214283e-04,2.522516548633575439e-01,2.333150506019592285e-01,-6.188016384840011597e-02,-6.107255816459655762e-02,1.480279266834259033e-01,5.627667531371116638e-02,4.860175549983978271e-01,3.743665218353271484e-01,1.652857065200805664e-01,1.161938682198524475e-01,2.665806114673614502e-01,4.285762310028076172e-01,4.465881884098052979e-01,3.341204524040222168e-01,4.664502143859863281e-01,3.561824858188629150e-01,3.261660933494567871e-01,3.262375295162200928e-01,5.029981490224599838e-03,-2.651040814816951752e-02,-6.781043112277984619e-02,3.303567320108413696e-02,3.176089525222778320e-01,1.434247046709060669e-01,3.075406253337860107e-01,3.177905082702636719e-01,1.716102808713912964e-01,2.242419570684432983e-01,1.613994836807250977e-01,1.403785347938537598e-01,8.266460895538330078e-02,-2.105397358536720276e-02,5.912590399384498596e-02,9.664507955312728882e-02,-1.545497328042984009e-01,-6.721814721822738647e-02,2.826637215912342072e-02,3.630131483078002930e-01,3.383790254592895508e-01,2.911363542079925537e-01
-1.367726624011993408e-01,1.878067553043365479e-01,-6.345252692699432373e-02,1.452827006578445435e-01,3.492271006107330322e-01,5.207099318504333496e-01,-2.996790595352649689e-02,1.529877930879592896e-01,5.999726653099060059e-01,1.000000000000000000e+00,2.872146964073181152e-01,8.497026562690734863e-02,2.599671483039855957e-01,6.912639737129211426e-02,5.992752313613891602e-01,6.578009128570556641e-01,2.068091183900833130e-01,1.722603589296340942e-01,8.216791599988937378e-02,4.142784327268600464e-02,3.320130705833435059e-01,2.228664457798004150e-01,-1.498181074857711792e-01,-7.407210767269134521e-03,2.129707038402557373e-01,2.480581104755401611e-01,3.915321528911590576e-01,2.746076583862304688e-01,2.902991473674774170e-01,9.809669107198715210e-02,1.271796822547912598e-01,1.523916125297546387e-01,2.884300425648689270e-02,-1.061379257589578629e-02,-1.763431578874588013e-01,-7.359848171472549438e-02,-6.604553200304508209e-03,-7.771105039864778519e-03,1.098281219601631165e-01,2.158523797988891602e-01,1.345548033714294434e-01,-6.914216279983520508e-02,1.960362866520881653e-02,-1.070934012532234192e-01,-9.154594689607620239e-02,-9.803307801485061646e-02,-1.381731629371643066e-01,-1.465940922498703003e-01,-1.167672500014305115e-01,-8.451791852712631226e-02,-1.790673285722732544e-01,-1.151239871978759766e-01,-1.741209626197814941e-01,5.141945183277130127e-02,7.278446853160858154e-02,1.654597967863082886e-01,3.141345083713531494e-02,1.809868365526199341e-01,6.314246356487274170e-02,6.617703009396791458e-03,1.399338841438293457e-01,-7.707848399877548218e-02,-1.931653823703527451e-04,1.639785617589950562e-01,6.942854821681976318e-02,-1.550949458032846451e-02,-2.360887080430984497e-02,-7.545192539691925049e-02,5.968036875128746033e-02,-3.910874202847480774e-02,1.662733405828475952e-01,1.551578938961029053e-01,1.103360056877136230e-01,6.613674759864807129e-02,1.733952164649963379e-01,2.091539092361927032e-02,1.561256349086761475e-01,1.989237219095230103e-01,-5.724534764885902405e-02,1.306870486587285995e-02,6.734039634466171265e-02,1.256536096334457397e-01,3.407977521419525146e-01,4.250817894935607910e-01,1.665409207344055176e-01,2.010903060436248779e-01,1.515420377254486084e-01,4.294784069061279297e-01,3.646534681320190430e-01,4.889998733997344971e-01,2.294156849384307861e-01,3.837813138961791992e-01,1.695037037134170532e-01,3.552513718605041504e-01,8.043354004621505737e-02,1.322515010833740234e-01,-8.409694582223892212e-02,-7.916344702243804932e-02,7.189995050430297852e-02,8.696248382329940796e-02,2.852780222892761230e-01,4.698434174060821533e-01,1.120449304580688477e-01,3.192420899868011475e-01,1.148600280284881592e-01,6.328956037759780884e-02,1.115133240818977356e-01,5.041965469717979431e-02,1.090159714221954346e-01,8.272281289100646973e-02,-2.611807286739349365e-01,-2.062136083841323853e-01,-9.816413372755050659e-02,2.817808687686920166e-01,3.634392619132995605e-01,3.178564906120300293e-01
2.936232686042785645e-01,2.561834454536437988e-01,1.914087682962417603e-01,2.375963777303695679e-01,9.817279875278472900e-02,1.487858891487121582e-01,3.755962848663330078e-01,2.481687217950820923e-01,2.497269809246063232e-01,2.872146964073181152e-01,1.000000000000000000e+00,6.220248937606811523e-01,6.375247240066528320e-01,3.921874463558197021e-01,3.901714384555816650e-01,2.680212855339050293e-01,6.150779128074645996e-01,5.587621331214904785e-01,1.719384342432022095e-01,4.906218871474266052e-02,3.523217737674713135e-01,2.514932453632354736e-01,1.425906717777252197e-01,2.863521873950958252e-01,1.260107755661010742e-01,1.523447036743164062e-01,3.051010072231292725e-01,1.987558156251907349e-01,5.032178163528442383e-01,3.174020051956176758e-01,3.322958350181579590e-01,3.549012839794158936e-01,6.111935898661613464e-02,1.059668809175491333e-01,-8.537048846483230591e-02,-3.487164527177810669e-02,7.327411323785781860e-03,2.852325886487960815e-02,1.818757355213165283e-01,2.192960679531097412e-01,1.078080460429191589e-01,-2.092156931757926941e-02,3.285790383815765381e-01,1.612549126148223877e-01,-1.595616042613983154e-01,-1.037656739354133606e-01,2.687340378761291504e-01,2.588330507278442383e-01,5.125712975859642029e-02,-1.541711017489433289e-02,3.387778401374816895e-01,1.611651480197906494e-01,-9.382911771535873413e-02,1.260356903076171875e-01,-8.512441813945770264e-02,1.619636714458465576e-01,2.775815427303314209e-01,1.553683578968048096e-01,1.851061880588531494e-01,1.212745755910873413e-01,2.272176146507263184e-01,-1.423759311437606812e-01,9.283038973808288574e-02,-4.813294112682342529e-02,3.998328745365142822e-01,6.405670940876007080e-02,2.272738330066204071e-02,-7.151614129543304443e-02,-1.105659902095794678e-01,-3.408174514770507812e-01,3.308188617229461670e-01,2.219823598861694336e-01,2.720214128494262695e-01,3.154622018337249756e-01,1.463505476713180542e-01,1.735342592000961304e-01,9.240961819887161255e-02,1.265765577554702759e-01,3.082884252071380615e-01,3.291283845901489258e-01,4.754313826560974121e-01,4.862896800041198730e-01,4.832468181848526001e-02,8.799715898931026459e-03,5.327036380767822266e-01,5.258859395980834961e-01,-1.840834617614746094e-01,-5.411188676953315735e-02,5.217482447624206543e-01,4.152655005455017090e-01,-6.217583268880844116e-02,4.354128614068031311e-02,-9.331479668617248535e-02,8.427902311086654663e-02,1.683854162693023682e-01,2.942398190498352051e-01,3.679391229525208473e-03,1.008672118186950684e-01,1.582649350166320801e-01,1.738531291484832764e-01,3.827486336231231689e-01,3.032654821872711182e-01,4.718517661094665527e-01,4.093366265296936035e-01,3.203704655170440674e-01,3.714744448661804199e-01,1.265212148427963257e-01,2.517381608486175537e-01,5.032039433717727661e-02,2.250229008495807648e-02,-2.567440867424011230e-01,-1.517158597707748413e-01,-1.365316212177276611e-01,3.052613437175750732e-01,3.646929860115051270e-01,2.456541955471038818e-01
4.829065203666687012e-01,4.190993309020996094e-01,9.265524893999099731e-02,2.809699773788452148e-01,-9.118779003620147705e-02,4.705150425434112549e-02,3.030812442302703857e-01,3.615555763244628906e-01,-2.480684965848922729e-02,8.497026562690734863e-02,6.220248937606811523e-01,1.000000000000000000e+00,3.948691785335540771e-01,5.395437479019165039e-01,8.227381110191345215e-02,1.550814509391784668e-01,5.817338228225708008e-01,6.830080151557922363e-01,1.925190985202789307e-01,1.610428690910339355e-01,1.095575392246246338e-01,1.702900677919387817e-01,2.099461108446121216e-01,3.270221948623657227e-01,2.073047915473580360e-03,1.314919441938400269e-01,1.696206480264663696e-01,2.171054035425186157e-01,4.022058546543121338e-01,4.849094748497009277e-01,3.015119731426239014e-01,4.075546860694885254e-01,2.581982314586639404e-01,3.118552863597869873e-01,1.800847202539443970e-01,2.247701883316040039e-01,1.838059723377227783e-01,2.413163334131240845e-01,2.170810103416442871e-01,2.850305438041687012e-01,1.707719406113028526e-03,8.754878491163253784e-02,2.636724710464477539e-01,1.501382440328598022e-01,-4.739626497030258179e-02,-3.074105456471443176e-02,2.851880490779876709e-01,2.506497800350189209e-01,7.275867462158203125e-02,-9.292418137192726135e-03,2.693412303924560547e-01,1.299430280923843384e-01,-4.687891341745853424e-03,9.267880022525787354e-02,-8.947221934795379639e-02,3.321191966533660889e-01,3.491368889808654785e-01,3.078934848308563232e-01,1.934534013271331787e-01,7.810288667678833008e-02,2.503279447555541992e-01,-1.258663684129714966e-01,8.505684882402420044e-02,9.521607309579849243e-02,3.270002007484436035e-01,6.665500253438949585e-02,1.579438149929046631e-01,1.005398929119110107e-01,6.903995573520660400e-02,-1.970591098070144653e-01,3.339535593986511230e-01,3.416555225849151611e-01,1.679216027259826660e-01,4.405620396137237549e-01,7.901103794574737549e-02,3.086376190185546875e-01,1.243515014648437500e-01,2.416985780000686646e-01,4.370894134044647217e-01,4.514116942882537842e-01,4.895185232162475586e-01,5.909291505813598633e-01,-1.248724833130836487e-01,4.222344234585762024e-02,4.963442087173461914e-01,5.547337532043457031e-01,-2.158886641263961792e-01,-5.574069172143936157e-02,2.937071025371551514e-01,3.436751663684844971e-01,-1.756429225206375122e-01,8.696975186467170715e-03,-1.925252079963684082e-01,-6.175356358289718628e-02,1.345797479152679443e-01,2.910864949226379395e-01,1.639166027307510376e-01,2.405633628368377686e-01,8.724606037139892578e-02,2.305120080709457397e-01,2.504443526268005371e-01,2.044293582439422607e-01,3.653823137283325195e-01,3.602745831012725830e-01,2.888777554035186768e-01,3.929481208324432373e-01,1.382389813661575317e-01,2.667059004306793213e-01,3.453530371189117432e-02,-1.259994320571422577e-02,-6.747324764728546143e-02,-2.080474980175495148e-02,-1.362879425287246704e-01,4.920600354671478271e-02,2.383381277322769165e-01,1.155865266919136047e-01
2.995156347751617432e-01,3.002420961856842041e-01,4.161266386508941650e-01,3.863592743873596191e-01,2.177841812372207642e-01,2.014151513576507568e-01,5.893321633338928223e-01,4.941534698009490967e-01,3.251848816871643066e-01,2.599671483039855957e-01,6.375247240066528320e-01,3.948691785335540771e-01,1.000000000000000000e+00,4.661910235881805420e-01,4.472850263118743896e-01,1.958200931549072266e-01,4.535426497459411621e-01,3.728822767734527588e-01,1.322440207004547119e-01,-5.642851348966360092e-03,2.565967738628387451e-01,1.657146364450454712e-01,2.960490584373474121e-01,2.949319481849670410e-01,1.495537459850311279e-01,1.993648111820220947e-01,3.871948421001434326e-01,2.417478263378143311e-01,4.656200110912322998e-01,2.390763312578201294e-01,2.798999547958374023e-01,2.702552080154418945e-01,1.328367143869400024e-01,1.367218345403671265e-01,-1.302577406167984009e-01,-7.372046262025833130e-02,1.202993560582399368e-02,-2.725043147802352905e-02,1.656188964843750000e-01,1.574723571538925171e-01,1.641693562269210815e-01,1.233249530196189880e-02,2.328831553459167480e-01,9.441434592008590698e-02,-7.896319776773452759e-02,-8.185535669326782227e-02,2.902209013700485229e-02,5.411494523286819458e-02,4.903586581349372864e-02,-5.247212201356887817e-02,2.122228741645812988e-01,6.545720249414443970e-02,2.446295320987701416e-02,1.539149582386016846e-01,1.205134317278862000e-01,2.085204422473907471e-01,4.112649857997894287e-01,3.350309431552886963e-01,3.139029741287231445e-01,2.207464724779129028e-01,3.600159883499145508e-01,8.708138763904571533e-02,4.030548334121704102e-01,1.858465969562530518e-01,2.749488651752471924e-01,6.495155394077301025e-03,1.614484004676342010e-03,-3.340229392051696777e-03,-3.600298985838890076e-02,-1.469643115997314453e-01,3.891751766204833984e-01,2.506214678287506104e-01,3.862177133560180664e-01,2.735942602157592773e-01,3.308144807815551758e-01,2.490851730108261108e-01,1.627031117677688599e-01,2.345936894416809082e-01,1.968079209327697754e-01,1.223648414015769958e-01,5.453972220420837402e-01,3.905482292175292969e-01,3.154928088188171387e-01,1.514517515897750854e-01,5.050435662269592285e-01,3.953901529312133789e-01,1.072377339005470276e-01,1.258217543363571167e-01,5.255855917930603027e-01,3.734464347362518311e-01,2.085968405008316040e-01,2.709363400936126709e-01,1.845603883266448975e-01,2.286832332611083984e-01,1.352477818727493286e-01,2.242008894681930542e-01,-8.219659328460693359e-03,1.568299829959869385e-01,1.347806006669998169e-01,1.362881362438201904e-01,4.435231089591979980e-01,3.346161544322967529e-01,3.981596529483795166e-01,3.448324799537658691e-01,2.204129099845886230e-01,2.843315601348876953e-01,1.351489573717117310e-01,1.731418967247009277e-01,1.475967187434434891e-02,-4.659109748899936676e-03,-6.459985673427581787e-02,-7.972452789545059204e-02,-2.731393836438655853e-02,1.400498151779174805e-01,2.701460123062133789e-01,1.618638783693313599e-01
