1.000000000000000000e+00,2.063983678817749023e-01,2.544553875923156738e-01,4.828853905200958252e-01,2.945054695010185242e-02,-5.020521581172943115e-02,3.461909592151641846e-01,1.730911880731582642e-01,5.317477509379386902e-02,-1.264864653348922729e-01,4.139236509799957275e-01,-1.194087713956832886e-01,1.704915165901184082e-01,-3.173068165779113770e-02,1.060079634189605713e-01,-5.584589391946792603e-02,2.107903361320495605e-01,-1.175365075469017029e-01,2.748927474021911621e-01,4.793922007083892822e-01,-2.299078740179538727e-02,6.902342289686203003e-02,-1.943496018648147583e-01,1.975437551736831665e-01,3.821500763297080994e-02,-2.462123148143291473e-02,4.802962020039558411e-02,-1.237508282065391541e-02,3.404318392276763916e-01,6.353928893804550171e-02,6.271439790725708008e-02,5.069740489125251770e-02,4.244457483291625977e-01,3.471640944480895996e-01,8.824589848518371582e-02,1.040173619985580444e-01,-1.655283719301223755e-01,1.507749557495117188e-01,-1.124774664640426636e-02,1.866560876369476318e-01,8.038974553346633911e-02,1.258727610111236572e-01,2.401206828653812408e-02,1.506769210100173950e-01,2.690501697361469269e-02,1.740806847810745239e-01,1.019085384905338287e-02,3.705459460616111755e-02,1.163925044238567352e-02,1.875337064266204834e-01,1.791346073150634766e-01,1.016214638948440552e-01,1.365824788808822632e-01,-5.141778290271759033e-02,-2.765831351280212402e-02,6.727994419634342194e-03,4.582279026508331299e-01,1.145179793238639832e-01,2.379314154386520386e-01,5.116019025444984436e-02,2.918965816497802734e-01,3.496928140521049500e-03,2.851745579391717911e-03,-1.054779514670372009e-01,2.572057843208312988e-01,1.733091771602630615e-01,2.078242450952529907e-01,5.206106975674629211e-02,3.245772719383239746e-01,1.212791725993156433e-01,6.038168817758560181e-02,-5.488854274153709412e-02,2.670051455497741699e-01,9.171839803457260132e-02,1.653599590063095093e-01,8.384940028190612793e-02,8.419355750083923340e-02,-3.674944490194320679e-02,2.341987639665603638e-01,1.310189962387084961e-01,-1.560915820300579071e-02,-6.318906694650650024e-02,2.564975619316101074e-01,1.593301743268966675e-01,1.478758603334426880e-01,2.794347703456878662e-02,3.024267256259918213e-01,-2.385874278843402863e-02,-2.220336534082889557e-02,-4.802893102169036865e-02,-6.946706771850585938e-02,-1.070662587881088257e-01,-1.125410646200180054e-01,-9.273049235343933105e-02,3.150369448121637106e-04,4.404817894101142883e-02,2.403375320136547089e-02,-1.158463656902313232e-01,8.869793266057968140e-03,-1.158749684691429138e-01,-1.283872723579406738e-01,-4.980080574750900269e-02,-6.884214282035827637e-02,-8.928604423999786377e-02,4.167792201042175293e-02,5.461888760328292847e-02,3.991443663835525513e-02,1.407461017370223999e-01,-4.359408468008041382e-02,9.810694307088851929e-02,1.395120471715927124e-01,2.711774036288261414e-02,-9.391789138317108154e-02,6.093468051403760910e-03,1.683879941701889038e-01,2.785680890083312988e-01
2.063983678817749023e-01,1.000000000000000000e+00,-9.028205275535583496e-02,9.750258177518844604e-02,1.596166789531707764e-01,1.597151756286621094e-01,-1.682210266590118408e-01,1.905291378498077393e-01,6.223889440298080444e-02,4.858902469277381897e-02,1.415751278400421143e-01,4.220451116561889648e-01,-1.697524189949035645e-01,2.318003028631210327e-01,4.947382956743240356e-02,1.383655220270156860e-01,1.824019700288772583e-01,1.683885455131530762e-01,-1.887728646397590637e-02,2.010637670755386353e-01,-1.141934772022068501e-03,2.039185352623462677e-02,-6.372067332267761230e-02,1.107587292790412903e-01,2.232228964567184448e-01,1.630947440862655640e-01,1.830485314130783081e-01,2.069529742002487183e-01,8.113172650337219238e-02,1.588107198476791382e-01,3.469835594296455383e-02,1.100725084543228149e-01,2.476900815963745117e-01,3.279654979705810547e-01,-8.430460467934608459e-03,-6.953177601099014282e-02,-1.696932017803192139e-01,-7.740362733602523804e-02,-1.143617704510688782e-01,2.676233090460300446e-02,-1.160834729671478271e-01,3.827904537320137024e-02,-2.642833441495895386e-02,3.649024292826652527e-02,6.875284947454929352e-03,1.929663866758346558e-02,-1.002372577786445618e-01,-7.228653877973556519e-02,2.408078014850616455e-01,1.580292880535125732e-01,3.481008112430572510e-01,2.738389968872070312e-01,7.440181821584701538e-02,1.729358220472931862e-03,-2.152465730905532837e-01,-1.372598558664321899e-01,5.373108386993408203e-01,5.495696067810058594e-01,1.104779690504074097e-01,1.775102168321609497e-01,2.732611894607543945e-01,2.273043245077133179e-01,1.636485606431961060e-01,2.131809145212173462e-01,3.864829242229461670e-02,1.387328803539276123e-01,8.177725225687026978e-02,1.220012679696083069e-01,3.288907408714294434e-01,3.952373266220092773e-01,-1.622491329908370972e-01,-5.535319074988365173e-02,-2.104994468390941620e-02,8.258650451898574829e-02,-3.478748723864555359e-02,2.233250439167022705e-02,4.480471834540367126e-02,1.328447610139846802e-01,7.239636778831481934e-02,6.418135017156600952e-02,-1.596960611641407013e-02,3.311357274651527405e-02,2.374032735824584961e-01,3.609483540058135986e-01,-3.390702232718467712e-02,1.506202816963195801e-01,2.264674603939056396e-01,2.003827840089797974e-01,-1.501660048961639404e-01,1.129077747464179993e-01,-1.228716596961021423e-01,-9.742616862058639526e-02,-1.523187458515167236e-01,-4.990915581583976746e-02,-1.772110611200332642e-01,-1.328529566526412964e-01,-1.313404589891433716e-01,-2.553771138191223145e-01,-1.323343515396118164e-01,-2.061054259538650513e-01,-4.053765535354614258e-02,4.085269570350646973e-02,-5.021446850150823593e-03,-2.224050089716911316e-02,-7.093857228755950928e-02,-4.292314872145652771e-03,7.122277468442916870e-02,1.316801309585571289e-01,-2.963837981224060059e-01,-2.572816312313079834e-01,-1.402773857116699219e-01,-1.032869443297386169e-01,-8.543955534696578979e-02,-8.587858825922012329e-02,-3.506755828857421875e-02,8.172275871038436890e-02
2.544553875923156738e-01,-9.028205275535583496e-02,1.000000000000000000e+00,3.922203779220581055e-01,1.905015297234058380e-02,-1.259000599384307861e-01,7.070606946945190430e-01,1.876818537712097168e-01,2.128428220748901367e-01,-1.523463129997253418e-01,1.739809960126876831e-01,-1.487531960010528564e-01,3.546002507209777832e-01,-7.703338563442230225e-02,1.515899002552032471e-01,-6.288223713636398315e-02,1.394849866628646851e-01,-9.111468493938446045e-02,5.576088279485702515e-02,2.186489145969972014e-04,4.080661386251449585e-02,-3.758658203878439963e-05,4.712843894958496094e-01,4.666297435760498047e-01,8.015115559101104736e-02,-6.108260527253150940e-02,-8.880167454481124878e-02,-1.321329027414321899e-01,2.910245954990386963e-01,6.072107329964637756e-02,3.226989507675170898e-01,2.249791026115417480e-01,1.221061125397682190e-01,1.462995111942291260e-01,-2.277836017310619354e-02,-3.810959309339523315e-02,-6.081593409180641174e-02,2.782593071460723877e-01,1.290772259235382080e-01,2.652153074741363525e-01,2.558361887931823730e-01,2.759315967559814453e-01,-4.255839437246322632e-02,3.544668480753898621e-02,1.180873289704322815e-01,1.351594179868698120e-01,-1.478841006755828857e-01,-3.034666553139686584e-02,-1.291870325803756714e-01,1.003434807062149048e-01,-8.663169294595718384e-02,9.668423235416412354e-02,-1.168002933263778687e-01,2.962169237434864044e-02,-1.178784146904945374e-01,3.857680037617683411e-02,-4.587954655289649963e-02,2.997621335089206696e-02,2.165980450809001923e-02,-1.383418291807174683e-01,-6.773440539836883545e-02,-1.155520752072334290e-01,-5.629411339759826660e-02,-1.005603969097137451e-01,-2.181271277368068695e-02,-3.191588446497917175e-02,-1.594449579715728760e-02,-1.655634194612503052e-01,-1.163249760866165161e-01,-1.732743978500366211e-01,1.432459056377410889e-01,1.402519792318344116e-01,1.436050087213516235e-01,1.237653717398643494e-01,1.572709977626800537e-01,1.257980316877365112e-01,1.597166620194911957e-02,-9.199123829603195190e-02,1.781165041029453278e-02,6.018391251564025879e-02,-3.464898036327213049e-04,-2.169683575630187988e-02,2.116292417049407959e-01,8.597342669963836670e-02,3.024691715836524963e-03,-3.175154328346252441e-02,1.297270208597183228e-01,-7.616671174764633179e-02,5.482655763626098633e-02,-2.176566235721111298e-02,-1.431601941585540771e-01,-1.015133857727050781e-01,-1.472225636243820190e-01,-1.395095735788345337e-01,1.829340457916259766e-01,1.620359569787979126e-01,9.225019253790378571e-03,-6.988413631916046143e-02,-1.124464720487594604e-01,-1.115039065480232239e-01,-7.222545798867940903e-03,-6.826903671026229858e-02,6.081227213144302368e-02,1.045168042182922363e-01,2.572622895240783691e-01,2.569790780544281006e-01,2.397986203432083130e-01,2.635489106178283691e-01,1.259625703096389771e-01,1.403879970312118530e-01,-1.187532767653465271e-01,-7.842486351728439331e-02,-1.683313548564910889e-01,-4.199872910976409912e-02,2.211367785930633545e-01,3.058984577655792236e-01
4.828853905200958252e-01,9.750258177518844604e-02,3.922203779220581055e-01,1.000000000000000000e+00,2.492607533931732178e-01,2.321189790964126587e-01,4.466863274574279785e-01,6.397238969802856445e-01,3.296470940113067627e-01,1.811548024415969849e-01,3.036707937717437744e-01,1.584399640560150146e-01,7.940520346164703369e-02,3.319462537765502930e-01,1.313714683055877686e-01,2.949117124080657959e-01,1.641728132963180542e-01,1.671443134546279907e-01,1.953517198562622070e-01,3.604035079479217529e-01,1.112794056534767151e-01,1.605060845613479614e-01,1.011118665337562561e-01,6.364594697952270508e-01,3.601879477500915527e-01,3.624321818351745605e-01,2.877362966537475586e-01,2.915539145469665527e-01,3.277749419212341309e-01,4.064575731754302979e-01,1.873300224542617798e-01,4.023823738098144531e-01,1.740195006132125854e-01,1.666808575391769409e-01,-1.722551733255386353e-01,-1.598977297544479370e-01,-3.554065898060798645e-02,2.387225478887557983e-01,1.687878160737454891e-03,2.513242959976196289e-01,1.631573885679244995e-01,2.127198129892349243e-01,-8.072333782911300659e-02,1.114997714757919312e-01,5.188305675983428955e-02,2.258190363645553589e-01,-1.328124403953552246e-01,-7.295108865946531296e-03,1.429627463221549988e-02,8.011764287948608398e-02,8.260113745927810669e-02,1.732170432806015015e-01,-6.526141613721847534e-02,1.113688386976718903e-02,-1.240840926766395569e-02,1.593323647975921631e-01,1.029329746961593628e-01,2.897986769676208496e-01,2.379832416772842407e-01,1.289929896593093872e-01,9.753742814064025879e-02,1.376238316297531128e-01,-1.867575645446777344e-01,-1.848250813782215118e-02,2.091826498508453369e-01,2.804720997810363770e-01,8.361268788576126099e-02,-7.095403969287872314e-02,2.043148875236511230e-01,7.459161430597305298e-02,1.070546954870223999e-01,1.657775640487670898e-01,2.913179397583007812e-01,3.376418650150299072e-01,1.684914380311965942e-01,2.415272295475006104e-01,8.447289466857910156e-02,1.080753561109304428e-02,2.007539719343185425e-01,1.582780182361602783e-01,-3.156515583395957947e-02,1.237722411751747131e-01,3.123285993933677673e-02,2.437256723642349243e-01,1.808856427669525146e-02,1.287838518619537354e-01,2.353602349758148193e-01,2.383692115545272827e-01,-2.455192804336547852e-02,1.549362689256668091e-01,-8.902027457952499390e-02,-8.490200340747833252e-02,-1.246508136391639709e-01,-1.104134395718574524e-01,4.774803295731544495e-02,8.224768191576004028e-02,6.039056181907653809e-02,-5.499710142612457275e-02,-1.259832922369241714e-02,-1.179550811648368835e-01,-1.030463352799415588e-02,-3.669439814984798431e-03,2.662931010127067566e-02,9.723266214132308960e-02,1.800084859132766724e-01,1.449242383241653442e-01,1.617111414670944214e-01,2.890805602073669434e-01,1.113421469926834106e-02,6.690204143524169922e-02,-5.516080558300018311e-02,-1.016007512807846069e-01,-1.576540023088455200e-01,-2.594238892197608948e-02,1.281467974185943604e-01,1.847046762704849243e-01
2.945054695010185242e-02,1.596166789531707764e-01,1.905015297234058380e-02,2.492607533931732178e-01,1.000000000000000000e+00,7.251169085502624512e-01,-2.119081839919090271e-02,3.763377368450164795e-01,6.214103698730468750e-01,4.015531241893768311e-01,1.264357864856719971e-01,3.377214670181274414e-01,1.036586984992027283e-02,3.829564452171325684e-01,4.063374996185302734e-01,5.401843190193176270e-01,6.452924013137817383e-02,1.999019533395767212e-01,-9.762020409107208252e-02,-1.234324835240840912e-02,5.998922884464263916e-02,1.659831404685974121e-01,1.010380759835243225e-01,3.334127366542816162e-01,6.197617053985595703e-01,6.111749410629272461e-01,6.483623385429382324e-01,6.156273484230041504e-01,3.911667317152023315e-02,4.344737529754638672e-01,9.860580414533615112e-02,3.381077349185943604e-01,-5.157377198338508606e-02,-2.939130365848541260e-02,-1.844031065702438354e-01,-2.812080979347229004e-01,1.118703559041023254e-02,-7.387636601924896240e-02,-9.190252050757408142e-03,2.082158066332340240e-02,1.847777143120765686e-02,1.156851425766944885e-01,-1.086283475160598755e-01,-1.830820366740226746e-02,-3.590860590338706970e-02,5.383108928799629211e-02,-1.702600717544555664e-01,-1.173503398895263672e-01,1.329028159379959106e-01,-3.106092102825641632e-02,1.715738028287887573e-01,1.364523917436599731e-01,-5.904280766844749451e-02,-1.554853562265634537e-02,-9.969154000282287598e-02,-6.316757947206497192e-02,1.627098023891448975e-02,2.456298619508743286e-01,9.719755500555038452e-02,1.606128811836242676e-01,1.029991265386343002e-02,1.637149453163146973e-01,-9.647735953330993652e-02,5.021103844046592712e-02,5.028110370039939880e-02,9.011627733707427979e-02,-1.129471212625503540e-01,-1.403184682130813599e-01,7.879065722227096558e-02,1.157292723655700684e-01,-2.999508082866668701e-01,-5.084766447544097900e-02,-1.719027906656265259e-01,1.836674362421035767e-01,-1.358045786619186401e-01,-4.493280500173568726e-02,-6.904549151659011841e-02,4.492349177598953247e-02,-3.653626190498471260e-03,2.152021043002605438e-02,-3.136149048805236816e-02,3.075076267123222351e-02,-6.617321167141199112e-03,1.890722811222076416e-01,-4.601707682013511658e-02,1.636833138763904572e-02,1.546010524034500122e-01,3.822506666183471680e-01,-6.456665694713592529e-02,1.111239194869995117e-01,-4.690844193100929260e-02,-1.696894913911819458e-01,-7.349818199872970581e-02,-1.995513141155242920e-01,-1.045560687780380249e-01,-1.003191098570823669e-01,-7.488125562667846680e-02,-9.680963307619094849e-02,-1.137997359037399292e-01,-2.417200207710266113e-01,2.224083058536052704e-02,-1.188651621341705322e-01,-2.586834877729415894e-02,-1.066175010055303574e-02,-2.494594454765319824e-02,-7.208058238029479980e-02,1.233721245080232620e-02,7.889892905950546265e-02,4.314419347792863846e-03,-1.553566157817840576e-01,-1.873124092817306519e-01,-1.595872491598129272e-01,-1.128259003162384033e-01,-3.256509825587272644e-02,-7.206881791353225708e-02,-6.198868155479431152e-03
-5.020521581172943115e-02,1.597151756286621094e-01,-1.259000599384307861e-01,2.321189790964126587e-01,7.251169085502624512e-01,1.000000000000000000e+00,-1.772493273019790649e-01,4.860889315605163574e-01,5.820649266242980957e-01,6.435636281967163086e-01,2.861649543046951294e-02,4.337761998176574707e-01,-1.162044554948806763e-01,5.285845994949340820e-01,3.438462316989898682e-01,7.076140046119689941e-01,6.474977359175682068e-03,2.766002714633941650e-01,-1.017539724707603455e-01,-2.465416304767131805e-02,1.108206659555435181e-01,2.270063012838363647e-01,5.221003666520118713e-02,2.390685230493545532e-01,6.192032098770141602e-01,7.032145857810974121e-01,7.241088747978210449e-01,7.278347611427307129e-01,-1.140952110290527344e-01,4.931921064853668213e-01,1.071599498391151428e-02,3.431850969791412354e-01,-1.184973716735839844e-01,-7.231966406106948853e-02,-2.043044418096542358e-01,-2.638958692550659180e-01,1.342326700687408447e-01,-9.816972166299819946e-02,3.947381302714347839e-02,2.505423314869403839e-02,-2.070456556975841522e-02,5.752965807914733887e-02,-4.566121473908424377e-02,6.036133319139480591e-02,6.815799133619293571e-05,8.786487579345703125e-02,-9.607914835214614868e-02,8.159969002008438110e-03,1.740767359733581543e-01,-6.987269967794418335e-03,2.150174677371978760e-01,2.390773594379425049e-01,-8.195329457521438599e-03,1.116145476698875427e-01,5.979668931104242802e-04,4.980299249291419983e-02,9.067704901099205017e-03,2.389268428087234497e-01,7.552617788314819336e-02,1.477994620800018311e-01,-3.151990473270416260e-02,1.802286952733993530e-01,-1.479985415935516357e-01,5.584318935871124268e-02,5.479183793067932129e-02,1.249037533998489380e-01,-1.135235875844955444e-01,-1.001017689704895020e-01,1.096680462360382080e-01,1.548558175563812256e-01,-3.282887339591979980e-01,-2.729173749685287476e-02,-1.621970683336257935e-01,1.777422130107879639e-01,-1.267862170934677124e-01,-3.051092661917209625e-02,6.610683165490627289e-03,1.848329156637191772e-01,3.287365892902016640e-03,-9.328100830316543579e-03,-6.417910009622573853e-02,1.003064364194869995e-01,-1.696839034557342529e-01,1.101556494832038879e-01,-3.222026675939559937e-02,1.698685437440872192e-01,5.533839762210845947e-02,5.463192462921142578e-01,-4.036339744925498962e-02,3.043590486049652100e-01,1.095088124275207520e-01,-3.523022308945655823e-02,1.004215478897094727e-01,-4.564202204346656799e-02,-8.613085001707077026e-02,-3.733348473906517029e-02,-5.024236161261796951e-03,-9.234623983502388000e-03,4.485617950558662415e-02,-1.343658864498138428e-01,1.107628196477890015e-01,-2.756672538816928864e-02,5.073670670390129089e-02,3.721991553902626038e-02,-1.145530305802822113e-02,-6.420426815748214722e-02,-2.158058062195777893e-02,5.347835272550582886e-02,2.679577842354774475e-02,-8.451092243194580078e-02,-9.289234131574630737e-02,-4.694485291838645935e-02,6.186240166425704956e-02,4.256402701139450073e-02,-7.357870042324066162e-02,-7.528019137680530548e-03
3.461909592151641846e-01,-1.682210266590118408e-01,7.070606946945190430e-01,4.466863274574279785e-01,-2.119081839919090271e-02,-1.772493273019790649e-01,1.000000000000000000e+00,2.014407813549041748e-01,1.189462468028068542e-01,-2.774805426597595215e-01,2.844651341438293457e-01,-2.041389942169189453e-01,4.440874457359313965e-01,-8.144325017929077148e-02,4.000290483236312866e-02,-1.553191989660263062e-01,1.210207268595695496e-01,-1.189618259668350220e-01,-3.587103215977549553e-03,-3.285126015543937683e-02,5.122145637869834900e-02,-5.466296337544918060e-03,3.063331246376037598e-01,4.649362862110137939e-01,1.828884519636631012e-02,-9.131646901369094849e-02,-9.939491748809814453e-02,-1.518980413675308228e-01,3.957567811012268066e-01,3.615085408091545105e-02,2.965507507324218750e-01,2.108305692672729492e-01,7.680236548185348511e-02,7.821319997310638428e-02,-9.394860267639160156e-02,-7.907952368259429932e-02,-7.394083589315414429e-02,2.424366176128387451e-01,4.922585934400558472e-02,1.925743222236633301e-01,3.533815443515777588e-01,2.529653608798980713e-01,-7.631172239780426025e-02,-2.638940326869487762e-02,2.978190081194043159e-03,2.916132472455501556e-02,-1.625198870897293091e-01,-1.113052889704704285e-01,-2.110701054334640503e-01,-1.905181258916854858e-02,-1.358566582202911377e-01,-1.095954626798629761e-01,-1.265759766101837158e-01,-1.882767379283905029e-01,-6.766145676374435425e-02,-5.044212564826011658e-02,-8.422986418008804321e-02,-1.287744492292404175e-01,1.223591528832912445e-02,-1.805494129657745361e-01,-1.209340840578079224e-01,-2.080777287483215332e-01,-2.262764573097229004e-01,-3.147585690021514893e-01,5.478790029883384705e-02,-8.661314845085144043e-02,-1.347241085022687912e-02,-1.911386102437973022e-01,-1.667059361934661865e-01,-3.092471957206726074e-01,2.720326483249664307e-01,2.014923691749572754e-01,2.974568903446197510e-01,2.339251637458801270e-01,2.386433333158493042e-01,2.393951565027236938e-01,-2.398399822413921356e-02,-1.733943521976470947e-01,4.272738844156265259e-02,6.549775600433349609e-02,-4.057049378752708435e-02,-5.433148145675659180e-02,2.475244998931884766e-01,1.554024219512939453e-01,2.614102885127067566e-02,-2.007385194301605225e-01,2.331786155700683594e-01,-1.182273402810096741e-01,9.290003776550292969e-02,-1.168291717767715454e-01,-2.160032987594604492e-01,-1.761232316493988037e-01,-2.272650301456451416e-01,-1.819543987512588501e-01,1.118198260664939880e-01,7.417736202478408813e-02,-2.842239663004875183e-02,-6.954219192266464233e-02,-1.526011079549789429e-01,-1.156116873025894165e-01,-6.025068834424018860e-02,-5.731017142534255981e-02,2.951842918992042542e-02,7.498624175786972046e-02,1.850678175687789917e-01,2.523141503334045410e-01,2.496811300516128540e-01,2.770125865936279297e-01,9.172831475734710693e-02,1.539651602506637573e-01,-1.470970064401626587e-01,-1.615074723958969116e-01,-2.532462179660797119e-01,-6.998451054096221924e-02,1.639884710311889648e-01,1.927639544010162354e-01
1.730911880731582642e-01,1.905291378498077393e-01,1.876818537712097168e-01,6.397238969802856445e-01,3.763377368450164795e-01,4.860889315605163574e-01,2.014407813549041748e-01,1.000000000000000000e+00,4.433184862136840820e-01,5.313361287117004395e-01,2.783046364784240723e-01,5.040764212608337402e-01,6.445708870887756348e-02,6.765614151954650879e-01,1.539646387100219727e-01,5.958694815635681152e-01,2.018949538469314575e-01,3.548658490180969238e-01,-8.397238701581954956e-02,4.680740460753440857e-02,2.864345908164978027e-01,2.603140175342559814e-01,1.847822666168212891e-01,5.540501475334167480e-01,5.192189812660217285e-01,5.946825146675109863e-01,4.787137508392333984e-01,5.672509670257568359e-01,2.574697732925415039e-01,6.429039239883422852e-01,2.442474514245986938e-01,5.664374828338623047e-01,-3.485000878572463989e-02,1.226590666919946671e-02,-2.777220010757446289e-01,-3.248298168182373047e-01,1.934279650449752808e-01,1.974022984504699707e-01,1.073718816041946411e-01,2.263221591711044312e-01,2.173516899347305298e-01,2.346040904521942139e-01,-1.050943955779075623e-01,-3.574734786525368690e-03,7.078461349010467529e-02,1.700016558170318604e-01,-2.288976460695266724e-01,-6.746995449066162109e-02,1.520889699459075928e-01,8.004396222531795502e-03,1.644425988197326660e-01,2.269960641860961914e-01,-1.368684768676757812e-01,9.589127264916896820e-03,-8.003054186701774597e-03,1.610844433307647705e-01,6.926031410694122314e-02,2.998239398002624512e-01,1.628270298242568970e-01,1.323252022266387939e-01,-1.774470508098602295e-02,1.892249733209609985e-01,-2.523954212665557861e-01,-1.278454717248678207e-02,1.007840558886528015e-01,2.012070417404174805e-01,-9.347738698124885559e-03,-1.139890998601913452e-01,1.927386969327926636e-01,1.652303189039230347e-01,9.129967540502548218e-02,3.316115736961364746e-01,2.361385673284530640e-01,4.667929708957672119e-01,1.563109755516052246e-01,3.071309030055999756e-01,1.596955955028533936e-01,2.155408561229705811e-01,1.537073999643325806e-01,1.120522096753120422e-01,-4.030465334653854370e-02,2.258410602807998657e-01,-9.250634163618087769e-02,2.437393367290496826e-01,-3.676242381334304810e-02,2.107649445533752441e-01,2.076276391744613647e-01,5.229978561401367188e-01,-6.493219640105962753e-03,3.559572994709014893e-01,-7.623067498207092285e-02,-6.796038150787353516e-02,-7.619129866361618042e-02,-8.480445295572280884e-02,3.624758496880531311e-02,5.935931205749511719e-02,2.567888982594013214e-02,-8.739320561289787292e-03,-5.059054493904113770e-02,-1.587478518486022949e-01,5.792258679866790771e-02,4.967078566551208496e-03,7.328543812036514282e-02,1.103087961673736572e-01,9.061048179864883423e-02,7.998532056808471680e-02,1.290557980537414551e-01,2.359105199575424194e-01,4.747167974710464478e-02,3.936485201120376587e-02,-2.031628042459487915e-01,-1.825619190931320190e-01,-1.254584044218063354e-01,-1.736627891659736633e-02,-3.982678428292274475e-02,1.382504403591156006e-02
5.317477509379386902e-02,6.223889440298080444e-02,2.128428220748901367e-01,3.296470940113067627e-01,6.214103698730468750e-01,5.820649266242980957e-01,1.189462468028068542e-01,4.433184862136840820e-01,1.000000000000000000e+00,5.261526703834533691e-01,1.873023808002471924e-01,3.425133526325225830e-01,1.358948796987533569e-01,4.227972328662872314e-01,5.563337206840515137e-01,5.936763286590576172e-01,1.170915663242340088e-01,2.261303812265396118e-01,-4.672123119235038757e-02,-1.423649769276380539e-02,1.816044002771377563e-01,1.829484701156616211e-01,2.290449440479278564e-01,4.454084634780883789e-01,6.299288272857666016e-01,6.026858091354370117e-01,5.449414253234863281e-01,5.111210346221923828e-01,1.638676524162292480e-01,5.376181602478027344e-01,2.554684579372406006e-01,4.469022154808044434e-01,-2.852201089262962341e-02,-2.773352153599262238e-02,-2.002038806676864624e-01,-2.984920442104339600e-01,1.871923804283142090e-01,9.986691921949386597e-02,2.054936289787292480e-01,2.225118726491928101e-01,1.452354788780212402e-01,2.704069018363952637e-01,-1.658701151609420776e-01,1.501064375042915344e-02,2.589031867682933807e-02,1.512676775455474854e-01,-2.390075176954269409e-01,-6.980709731578826904e-02,1.195037961006164551e-01,3.889820352196693420e-02,6.288963556289672852e-02,2.233939319849014282e-01,-1.981451511383056641e-01,7.333213090896606445e-02,-6.085841450840234756e-03,9.687718749046325684e-02,2.058278210461139679e-02,1.935881674289703369e-01,1.300180256366729736e-01,8.682158589363098145e-02,-3.667598590254783630e-02,1.179329082369804382e-01,-1.567839533090591431e-01,-9.741069748997688293e-03,-1.637655869126319885e-02,2.905688062310218811e-02,-1.316420435905456543e-01,-1.804782301187515259e-01,1.216994300484657288e-01,1.467020660638809204e-01,-1.230377703905105591e-01,9.032496809959411621e-02,-1.207189168781042099e-02,2.717206478118896484e-01,5.526779592037200928e-02,9.360504150390625000e-02,1.086726486682891846e-01,1.643360555171966553e-01,7.184921950101852417e-02,1.272833496332168579e-01,-2.042202278971672058e-02,4.957502707839012146e-02,-5.819949507713317871e-02,1.835920661687850952e-01,-1.075774952769279480e-01,3.984213247895240784e-02,1.507616639137268066e-01,4.678944051265716553e-01,3.831726685166358948e-02,2.433873713016510010e-01,-8.586023002862930298e-03,-1.348422169685363770e-01,-5.242348462343215942e-02,-1.630711853504180908e-01,1.313704252243041992e-01,1.754843592643737793e-01,1.173448935151100159e-01,7.605008035898208618e-02,-1.925367116928100586e-02,-2.244638204574584961e-01,1.419527232646942139e-01,-3.264332190155982971e-02,9.630075842142105103e-02,1.751902401447296143e-01,1.709848493337631226e-01,9.384907037019729614e-02,8.166761696338653564e-02,2.013075202703475952e-01,2.121976464986801147e-01,6.786146014928817749e-02,-1.461452096700668335e-01,-1.692381948232650757e-01,-9.203556925058364868e-02,6.256245076656341553e-02,9.058318287134170532e-02,1.575384736061096191e-01
-1.264864653348922729e-01,4.858902469277381897e-02,-1.523463129997253418e-01,1.811548024415969849e-01,4.015531241893768311e-01,6.435636281967163086e-01,-2.774805426597595215e-01,5.313361287117004395e-01,5.261526703834533691e-01,1.000000000000000000e+00,2.454005181789398193e-02,4.844051003456115723e-01,-1.408565491437911987e-01,6.002346277236938477e-01,3.425089120864868164e-01,7.405920624732971191e-01,1.000073775649070740e-01,3.483206331729888916e-01,-5.728675797581672668e-02,-1.753182336688041687e-02,2.467041164636611938e-01,2.769842743873596191e-01,6.262370198965072632e-02,1.292545944452285767e-01,4.807396531105041504e-01,6.418850421905517578e-01,5.432565808296203613e-01,6.213728785514831543e-01,-7.134193927049636841e-02,5.739551782608032227e-01,8.773937821388244629e-02,3.751454949378967285e-01,-8.410415053367614746e-02,-4.756934940814971924e-02,-1.180255711078643799e-01,-1.775571405887603760e-01,3.749689161777496338e-01,6.421290338039398193e-02,2.544116377830505371e-01,1.672946959733963013e-01,6.325268000364303589e-02,1.310345232486724854e-01,-1.818832568824291229e-02,9.537266939878463745e-02,1.001202538609504700e-01,1.927703768014907837e-01,-7.013379782438278198e-02,1.272598356008529663e-01,2.131985127925872803e-01,5.829721316695213318e-02,1.457928121089935303e-01,3.363638818264007568e-01,-8.929496258497238159e-02,2.409450709819793701e-01,1.400249451398849487e-01,2.874854505062103271e-01,9.794159792363643646e-03,1.635457724332809448e-01,1.162841916084289551e-01,1.114309728145599365e-01,-5.956246703863143921e-02,1.695535033941268921e-01,-1.092556938529014587e-01,6.054228916764259338e-02,-8.200673386454582214e-03,1.052868813276290894e-01,-5.203148350119590759e-02,-4.033888876438140869e-02,2.208678126335144043e-01,2.471707165241241455e-01,-1.148369088768959045e-01,1.714284867048263550e-01,-1.322673819959163666e-02,2.073919475078582764e-01,4.981186985969543457e-02,6.685157865285873413e-02,2.688781023025512695e-01,4.142508208751678467e-01,1.296635270118713379e-01,9.291608631610870361e-02,2.038447745144367218e-02,2.368119060993194580e-01,-3.523069620132446289e-01,-1.432947907596826553e-02,-2.257173322141170502e-02,3.386414945125579834e-01,-4.301929473876953125e-02,6.341008543968200684e-01,5.266179889440536499e-02,5.192757248878479004e-01,2.055356800556182861e-01,9.347958862781524658e-02,2.022613137960433960e-01,7.538848370313644409e-02,1.106046214699745178e-01,1.752616167068481445e-01,1.803212165832519531e-01,1.846264749765396118e-01,1.864011436700820923e-01,-3.825765475630760193e-02,1.926180720329284668e-01,6.279821693897247314e-02,1.387392282485961914e-01,1.368813365697860718e-01,5.889425799250602722e-02,-2.304422669112682343e-02,-4.498966038227081299e-02,6.382966041564941406e-02,1.713133454322814941e-01,1.347730457782745361e-01,1.949099451303482056e-02,4.648626223206520081e-02,1.909486949443817139e-01,1.563306599855422974e-01,-3.560444712638854980e-02,-2.067221701145172119e-02
4.139236509799957275e-01,1.415751278400421143e-01,1.739809960126876831e-01,3.036707937717437744e-01,1.264357864856719971e-01,2.861649543046951294e-02,2.844651341438293457e-01,2.783046364784240723e-01,1.873023808002471924e-01,2.454005181789398193e-02,1.000000000000000000e+00,3.120003640651702881e-01,5.307598114013671875e-01,3.153910934925079346e-01,6.868305057287216187e-02,5.799612775444984436e-02,5.169795751571655273e-01,2.953843474388122559e-01,-1.378942281007766724e-01,-2.182666957378387451e-02,2.054690569639205933e-01,1.238863989710807800e-01,-1.581369638442993164e-01,2.657571732997894287e-01,1.528769880533218384e-01,1.128060966730117798e-01,1.146665439009666443e-01,1.457349210977554321e-01,5.129677057266235352e-01,3.719071745872497559e-01,1.004361137747764587e-01,1.233277544379234314e-01,4.497979581356048584e-02,6.472016102634370327e-04,-1.114485263824462891e-01,-1.834589987993240356e-01,2.068673223257064819e-01,2.679851055145263672e-01,2.139517813920974731e-01,2.689726352691650391e-01,3.807112872600555420e-01,2.764632403850555420e-01,-1.680846065282821655e-01,-2.109097242355346680e-01,5.039894953370094299e-02,-4.951717704534530640e-02,-2.531274557113647461e-01,-2.529008984565734863e-01,1.758944988250732422e-01,-9.062130004167556763e-02,1.076291948556900024e-01,-1.678314805030822754e-01,-1.246751248836517334e-01,-3.098408877849578857e-01,1.093023642897605896e-01,2.455877698957920074e-02,3.897390067577362061e-01,1.720434054732322693e-02,2.880208790302276611e-01,1.657700836658477783e-01,3.311735689640045166e-01,1.663936078548431396e-01,-1.543504185974597931e-02,-9.041831642389297485e-02,3.187085986137390137e-01,5.138045549392700195e-02,1.666661202907562256e-01,4.108960181474685669e-02,2.172149866819381714e-01,7.771275937557220459e-02,2.115657627582550049e-01,2.275774180889129639e-01,3.422165811061859131e-01,3.588616251945495605e-01,3.181532621383666992e-01,2.836516797542572021e-01,1.944397091865539551e-01,1.062334626913070679e-01,4.101162552833557129e-01,2.862892448902130127e-01,3.132168352603912354e-01,2.046052664518356323e-01,2.870555222034454346e-01,2.260451316833496094e-01,2.756518721580505371e-01,-1.089436635375022888e-01,3.887054920196533203e-01,9.709288924932479858e-02,3.000761866569519043e-01,4.069013893604278564e-02,-8.227234333753585815e-02,-1.794966757297515869e-01,-1.498941928148269653e-01,-1.608024835586547852e-01,1.155013516545295715e-01,1.391124725341796875e-01,8.191342651844024658e-02,5.224113538861274719e-02,-6.624875962734222412e-02,-1.381916105747222900e-01,1.304434835910797119e-01,6.207372248172760010e-02,1.970005631446838379e-01,1.345259249210357666e-01,1.531572639942169189e-01,1.779076308012008667e-01,2.859787642955780029e-01,3.030965328216552734e-01,1.132686287164688110e-01,1.184199303388595581e-01,-1.191242933273315430e-01,-2.292956709861755371e-01,-2.173383235931396484e-01,2.759981155395507812e-02,1.132080331444740295e-01,2.017151862382888794e-01
-1.194087713956832886e-01,4.220451116561889648e-01,-1.487531960010528564e-01,1.584399640560150146e-01,3.377214670181274414e-01,4.337761998176574707e-01,-2.041389942169189453e-01,5.040764212608337402e-01,3.425133526325225830e-01,4.844051003456115723e-01,3.120003640651702881e-01,1.000000000000000000e+00,5.546593666076660156e-02,6.937535405158996582e-01,1.335600465536117554e-01,5.049161911010742188e-01,2.709070146083831787e-01,5.834808349609375000e-01,-1.864390224218368530e-01,-1.073586344718933105e-01,2.165657877922058105e-01,1.782797873020172119e-01,-7.774207741022109985e-02,1.800736933946609497e-01,4.007906019687652588e-01,4.570721387863159180e-01,3.784825503826141357e-01,4.863837957382202148e-01,1.411639899015426636e-01,6.132072210311889648e-01,3.729325905442237854e-02,2.550813257694244385e-01,-9.131463617086410522e-02,-2.639670670032501221e-02,-1.578375101089477539e-01,-2.288399636745452881e-01,2.955289781093597412e-01,1.313698589801788330e-01,1.642738878726959229e-01,1.433718949556350708e-01,1.583837717771530151e-01,1.872226297855377197e-01,-2.637182734906673431e-02,-7.158388942480087280e-02,1.195478811860084534e-01,2.864370867609977722e-02,-1.832207292318344116e-01,-7.727850228548049927e-02,3.065682351589202881e-01,-4.844278842210769653e-02,1.903383284807205200e-01,1.383523792028427124e-01,-1.111848726868629456e-01,-2.166264131665229797e-02,4.401366412639617920e-02,1.174900233745574951e-01,1.701173782348632812e-01,3.077354133129119873e-01,1.449139863252639771e-01,2.520935237407684326e-01,7.387232780456542969e-02,3.312697708606719971e-01,-8.634616434574127197e-02,1.457359045743942261e-01,1.188511624932289124e-01,1.396101862192153931e-01,5.704821646213531494e-02,1.046051308512687683e-01,2.931564748287200928e-01,3.080213963985443115e-01,-1.919864304363727570e-02,2.449218481779098511e-01,7.526382058858871460e-02,3.936594128608703613e-01,1.300107836723327637e-01,2.580793797969818115e-01,1.648330986499786377e-01,3.068768382072448730e-01,2.118538618087768555e-01,1.776245385408401489e-01,1.321511715650558472e-01,3.443561792373657227e-01,-7.405877113342285156e-02,2.680422365665435791e-01,4.597605392336845398e-02,2.200004160404205322e-01,1.278596967458724976e-01,5.088534951210021973e-01,9.793063253164291382e-02,3.913102149963378906e-01,-1.167238503694534302e-02,1.547905616462230682e-03,-3.543727099895477295e-02,7.655576919205486774e-04,2.489391341805458069e-02,4.520803689956665039e-02,3.299061581492424011e-02,4.027647897601127625e-02,-2.899787947535514832e-02,-8.694326132535934448e-02,1.672747135162353516e-01,9.433568269014358521e-02,1.762607842683792114e-01,1.715618222951889038e-01,4.771186038851737976e-02,8.969216048717498779e-02,1.199367567896842957e-01,2.007647007703781128e-01,4.382719844579696655e-02,-4.848207533359527588e-02,-1.742718964815139771e-01,-1.455157548189163208e-01,2.458182396367192268e-03,5.381743609905242920e-02,-6.662726402282714844e-02,-4.588377196341753006e-03
1.704915165901184082e-01,-1.697524189949035645e-01,3.546002507209777832e-01,7.940520346164703369e-02,1.036586984992027283e-02,-1.162044554948806763e-01,4.440874457359313965e-01,6.445708870887756348e-02,1.358948796987533569e-01,-1.408565491437911987e-01,5.307598114013671875e-01,5.546593666076660156e-02,1.000000000000000000e+00,1.391843706369400024e-01,5.925869569182395935e-02,-9.023238718509674072e-02,3.053932487964630127e-01,7.614220678806304932e-02,-1.960470080375671387e-01,-3.120073676109313965e-01,1.595658212900161743e-01,4.936314746737480164e-02,5.642426013946533203e-02,1.402030587196350098e-01,4.808553960174322128e-03,-7.847862690687179565e-02,-6.209011748433113098e-02,-6.814342737197875977e-02,4.642803966999053955e-01,1.511348485946655273e-01,1.364724934101104736e-01,4.981409385800361633e-02,-1.316757798194885254e-01,-1.575165688991546631e-01,-9.479123353958129883e-02,-1.107485890388488770e-01,1.702190637588500977e-01,2.403866499662399292e-01,2.364750355482101440e-01,2.465810328722000122e-01,4.539951384067535400e-01,3.412577509880065918e-01,-6.754790246486663818e-02,-1.460670232772827148e-01,1.376213431358337402e-01,-1.334781385958194733e-02,-1.540209650993347168e-01,-1.690921485424041748e-01,6.766190379858016968e-02,-6.678400933742523193e-02,-1.884507201611995697e-02,-2.320174723863601685e-01,-7.349469512701034546e-02,-2.496538758277893066e-01,1.370156854391098022e-01,-9.373845532536506653e-03,4.886276647448539734e-02,-2.403271943330764771e-01,1.883527487516403198e-01,5.208741500973701477e-02,1.185128092765808105e-01,1.880739256739616394e-02,-9.811758249998092651e-02,-1.870529055595397949e-01,2.539014220237731934e-01,-6.097305193543434143e-02,1.416370421648025513e-01,4.095176700502634048e-03,-7.783246785402297974e-02,-1.291930377483367920e-01,2.407735735177993774e-01,1.948528438806533813e-01,2.554734349250793457e-01,2.546146214008331299e-01,2.450011670589447021e-01,2.380305230617523193e-01,2.379346080124378204e-02,-6.837844103574752808e-02,1.776466369628906250e-01,7.669090479612350464e-02,2.306227833032608032e-01,7.816064357757568359e-02,3.364459276199340820e-01,1.176007390022277832e-01,2.633530497550964355e-01,-1.759160310029983521e-01,3.203524947166442871e-01,-3.491688519716262817e-02,3.564765453338623047e-01,-3.391937166452407837e-02,-4.152122512459754944e-02,-8.699107170104980469e-02,-8.240512013435363770e-02,-7.665009051561355591e-02,1.934230774641036987e-01,1.385858058929443359e-01,2.551513351500034332e-02,5.820487067103385925e-02,-2.906724810600280762e-02,2.111319685354828835e-03,1.614678353071212769e-01,7.324355840682983398e-02,2.652508914470672607e-01,1.966284662485122681e-01,2.299883216619491577e-01,2.641493976116180420e-01,3.697756230831146240e-01,2.938385605812072754e-01,2.476614415645599365e-01,1.948589682579040527e-01,-1.624699532985687256e-01,-1.635352671146392822e-01,-1.558059155941009521e-01,9.616647846996784210e-03,1.416251957416534424e-01,1.732588559389114380e-01
