1.000000000000000000e+00,4.294667840003967285e-01,4.130789935588836670e-01,4.784468710422515869e-01,2.724698483943939209e-01,2.154629230499267578e-01,6.550322771072387695e-01,4.302833974361419678e-01,1.410339921712875366e-01,-4.968425258994102478e-02,4.884163141250610352e-01,2.609997391700744629e-01,4.277319014072418213e-01,2.512750327587127686e-01,3.309794962406158447e-01,4.358984529972076416e-02,3.913954794406890869e-01,1.981763094663619995e-01,6.184416413307189941e-01,5.953209400177001953e-01,-3.474515303969383240e-02,-6.190505623817443848e-02,2.959746420383453369e-01,4.782108068466186523e-01,2.036462277173995972e-01,3.074575662612915039e-01,1.325026601552963257e-01,1.441425532102584839e-01,2.094233930110931396e-01,4.177661612629890442e-02,2.569300234317779541e-01,3.929814100265502930e-01,4.517298340797424316e-01,4.025610983371734619e-01,1.848446875810623169e-01,1.245583966374397278e-01,9.927839785814285278e-02,7.681088894605636597e-02,3.757869452238082886e-02,1.255818363279104233e-02,5.382752045989036560e-02,1.897675567306578159e-03,8.043993264436721802e-02,-3.345064586028456688e-03,2.406366020441055298e-01,1.341314166784286499e-01,-1.029513478279113770e-01,-9.693694114685058594e-02,2.734028697013854980e-01,2.300289422273635864e-01,7.947160303592681885e-02,4.485738277435302734e-02,-2.058028988540172577e-02,-9.686214476823806763e-02,1.578600853681564331e-01,7.191449403762817383e-03,7.102630138397216797e-01,3.776122629642486572e-01,6.043503284454345703e-01,4.548353254795074463e-01,6.377410292625427246e-01,3.591772019863128662e-01,3.672679364681243896e-01,2.628115117549896240e-01,3.410848677158355713e-01,3.185428082942962646e-01,4.060333669185638428e-01,2.822847366333007812e-01,3.639944791793823242e-01,2.011136114597320557e-01,3.472125232219696045e-01,7.297590374946594238e-02,3.200942873954772949e-01,8.200433105230331421e-02,1.725625246763229370e-01,-1.371636800467967987e-02,2.654668092727661133e-01,-2.721408614888787270e-03,2.933963537216186523e-01,1.796445101499557495e-01,1.821252852678298950e-01,2.685485780239105225e-02,-1.064420789480209351e-01,4.714690893888473511e-02,1.413432657718658447e-01,-7.697575725615024567e-03,-3.812854364514350891e-02,1.338959634304046631e-01,2.748976349830627441e-01,-1.738781332969665527e-01,4.268061369657516479e-02,1.228987649083137512e-01,-2.248229272663593292e-02,2.775146067142486572e-02,-3.900064155459403992e-02,-1.388880759477615356e-01,5.163100548088550568e-03,2.690406516194343567e-02,6.072007864713668823e-02,1.014429628849029541e-01,1.547597795724868774e-01,1.468770503997802734e-01,1.659557670354843140e-01,8.362665772438049316e-02,-1.348814070224761963e-01,-1.983125209808349609e-01,-1.395233273506164551e-01,-8.339583873748779297e-02,-3.914231806993484497e-02,3.619991615414619446e-02,4.941365215927362442e-03,1.720053553581237793e-01,7.676214724779129028e-02,-1.124108396470546722e-02,-6.834477931261062622e-02,-1.309445053339004517e-01
4.294667840003967285e-01,1.000000000000000000e+00,3.450710475444793701e-01,3.861244916915893555e-01,1.727616339921951294e-01,1.525756418704986572e-01,2.074610143899917603e-01,3.574066758155822754e-01,1.502105295658111572e-01,1.719341129064559937e-01,2.106804102659225464e-01,5.149333477020263672e-01,5.356984212994575500e-02,3.204867243766784668e-01,7.751291245222091675e-02,2.284206002950668335e-01,2.378175109624862671e-01,4.031898677349090576e-01,4.284046888351440430e-01,6.072627902030944824e-01,-1.407897844910621643e-02,4.803364165127277374e-03,2.532060146331787109e-01,2.180470526218414307e-01,-1.120969578623771667e-01,-8.127330988645553589e-02,1.728329509496688843e-01,1.424647122621536255e-01,-2.098503410816192627e-01,-2.599246613681316376e-02,-4.058907181024551392e-02,-8.525934070348739624e-02,2.747170329093933105e-01,2.141576260328292847e-01,-7.854174822568893433e-02,-1.515469700098037720e-01,-1.731510609388351440e-01,-3.543987125158309937e-02,-1.650877110660076141e-02,3.887363895773887634e-02,-1.335929613560438156e-03,1.239889580756425858e-02,-4.363730177283287048e-02,-2.855161437764763832e-03,3.664895594120025635e-01,3.243892490863800049e-01,-1.901695579290390015e-01,-1.336124241352081299e-01,1.833756715059280396e-01,3.893075883388519287e-01,-1.017305068671703339e-02,1.961194872856140137e-01,-9.055890142917633057e-02,-1.301629394292831421e-01,8.622263371944427490e-02,1.200866177678108215e-01,5.008867979049682617e-01,7.294473648071289062e-01,4.421731531620025635e-01,5.600824952125549316e-01,4.031682312488555908e-01,4.948318898677825928e-01,6.372904032468795776e-02,5.413212776184082031e-01,-4.106008261442184448e-02,1.934203207492828369e-01,3.171308040618896484e-01,3.189350068569183350e-01,3.545767962932586670e-01,3.254689276218414307e-01,-3.524150699377059937e-02,-3.733380511403083801e-02,-6.083156913518905640e-02,-5.140151828527450562e-02,2.720439434051513672e-02,-2.797440439462661743e-02,1.382611840963363647e-01,2.093541324138641357e-01,3.545937687158584595e-02,4.908073320984840393e-02,-9.032531827688217163e-02,2.215351760387420654e-01,2.739557065069675446e-02,4.772907868027687073e-02,-1.513528376817703247e-01,1.211734265089035034e-01,1.385782063007354736e-01,1.161356493830680847e-01,-7.369792461395263672e-02,1.198786720633506775e-01,-4.496362805366516113e-02,-6.958960741758346558e-02,-1.426739394664764404e-01,-1.243116855621337891e-01,-6.973478011786937714e-03,-1.190117821097373962e-01,-8.603847026824951172e-02,-1.129314005374908447e-01,1.127753593027591705e-02,-3.508338704705238342e-02,-3.064750134944915771e-02,-1.042914688587188721e-01,2.623591758310794830e-02,-1.680185496807098389e-01,-2.579469084739685059e-01,-2.479540705680847168e-01,-2.012926489114761353e-01,-3.655302524566650391e-02,-5.288522690534591675e-02,-4.387639090418815613e-02,-1.478032469749450684e-01,-2.009829320013523102e-02,-2.485760115087032318e-02,-1.693753749132156372e-01,-3.023414611816406250e-01,-1.412188261747360229e-01
4.130789935588836670e-01,3.450710475444793701e-01,1.000000000000000000e+00,4.891964495182037354e-01,3.335810899734497070e-01,2.056302428245544434e-01,5.928277373313903809e-01,3.011805415153503418e-01,2.370526790618896484e-01,2.394226342439651489e-01,2.306615114212036133e-01,2.266094088554382324e-01,3.460312485694885254e-01,1.814785152673721313e-01,2.718375027179718018e-01,2.379899621009826660e-01,3.669577836990356445e-02,1.133901029825210571e-01,5.434518456459045410e-01,3.395658433437347412e-01,8.563570678234100342e-02,1.003461480140686035e-01,7.135532498359680176e-01,5.420864820480346680e-01,1.552878618240356445e-01,1.611316800117492676e-01,2.470664381980895996e-01,2.521396279335021973e-01,-1.629651486873626709e-01,2.654663473367691040e-02,4.601424038410186768e-01,1.199638396501541138e-01,2.907860577106475830e-01,2.215226143598556519e-01,2.634797692298889160e-01,7.488098740577697754e-02,9.194712038151919842e-04,4.914401471614837646e-02,6.999625265598297119e-02,1.143911406397819519e-01,8.921017497777938843e-02,1.380326785147190094e-02,-6.399539113044738770e-02,1.143849454820156097e-02,1.512108594179153442e-01,2.991651184856891632e-02,-1.006894037127494812e-01,-1.480429023504257202e-01,1.460524052381515503e-01,2.261313796043395996e-01,1.280826926231384277e-01,7.882463186979293823e-02,-4.338131099939346313e-02,-9.821763634681701660e-02,8.830746263265609741e-02,2.955414168536663055e-02,2.503986358642578125e-01,2.855412960052490234e-01,3.973535597324371338e-01,3.113353252410888672e-01,3.456688225269317627e-01,3.771707117557525635e-01,1.127251908183097839e-01,2.129940390586853027e-01,5.083577036857604980e-01,3.370011746883392334e-01,3.862605392932891846e-01,2.303581982851028442e-01,1.329387277364730835e-01,2.981163002550601959e-02,1.756475307047367096e-02,5.460419878363609314e-02,2.566149085760116577e-02,7.243380416184663773e-03,5.937911570072174072e-02,-3.418631106615066528e-02,2.032103836536407471e-01,2.202736288309097290e-01,5.860213562846183777e-02,1.464261263608932495e-01,2.207454666495323181e-02,2.241647839546203613e-01,1.526277065277099609e-01,-1.207162812352180481e-02,2.822609841823577881e-01,1.776635199785232544e-01,1.482052206993103027e-01,6.457994878292083740e-02,8.997473865747451782e-02,7.674439251422882080e-02,1.626020073890686035e-01,1.598672419786453247e-01,1.086259260773658752e-01,1.368198394775390625e-01,-4.890318587422370911e-02,-1.482206284999847412e-01,3.413567319512367249e-02,-2.744369208812713623e-02,5.860362574458122253e-02,1.167426556348800659e-01,1.448913216590881348e-01,9.460005909204483032e-02,9.191746264696121216e-02,-3.101994656026363373e-02,-9.061779826879501343e-02,-9.555957466363906860e-02,-1.049833297729492188e-01,-7.943210005760192871e-02,-7.863454520702362061e-02,-2.062800340354442596e-03,7.724160701036453247e-02,9.809560328722000122e-02,9.497179836034774780e-02,2.065726742148399353e-02,-1.339213848114013672e-01,-1.735945492982864380e-01
4.784468710422515869e-01,3.861244916915893555e-01,4.891964495182037354e-01,1.000000000000000000e+00,2.807313501834869385e-01,4.303299784660339355e-01,6.192362308502197266e-01,7.571024298667907715e-01,7.206001132726669312e-02,2.377335876226425171e-01,1.569757014513015747e-01,3.853051066398620605e-01,2.918276488780975342e-01,4.832785427570343018e-01,1.811787188053131104e-01,2.330012023448944092e-01,-3.480526432394981384e-02,-6.860594730824232101e-03,5.273011922836303711e-01,4.747047722339630127e-01,-1.005739672109484673e-03,-1.344789983704686165e-03,5.395601391792297363e-01,7.838881611824035645e-01,2.941825389862060547e-01,4.590053558349609375e-01,1.027007699012756348e-01,1.776524931192398071e-01,5.474467203021049500e-02,-6.925447285175323486e-02,3.702147305011749268e-01,4.923359751701354980e-01,1.316171288490295410e-01,1.765162646770477295e-01,1.205730363726615906e-01,9.012039750814437866e-02,-9.745573997497558594e-02,-2.735550887882709503e-02,-8.585978299379348755e-02,-3.157006204128265381e-02,-8.739485591650009155e-02,-9.117308259010314941e-02,8.282936178147792816e-04,-7.328182458877563477e-02,7.532612234354019165e-02,-3.469808399677276611e-02,-1.800737529993057251e-01,-1.448227614164352417e-01,1.860076785087585449e-01,2.241086214780807495e-01,5.235719308257102966e-02,2.004411630332469940e-02,-1.051924377679824829e-01,-9.225101768970489502e-02,-8.753022551536560059e-02,-1.449888497591018677e-01,2.643708586692810059e-01,2.798278629779815674e-01,3.825371265411376953e-01,5.167444944381713867e-01,3.098316490650177002e-01,4.584612548351287842e-01,-3.187683224678039551e-02,9.080547839403152466e-02,4.781225621700286865e-01,6.336641907691955566e-01,1.719127744436264038e-01,1.020227745175361633e-01,1.906227916479110718e-01,4.349330440163612366e-02,2.341029196977615356e-01,3.446256741881370544e-02,1.444685310125350952e-01,1.093484461307525635e-02,1.079990938305854797e-01,-8.411403745412826538e-02,9.356348961591720581e-02,-1.097639799118041992e-01,1.129166260361671448e-01,1.231642514467239380e-01,-6.886146962642669678e-02,1.046849116683006287e-01,-6.273563206195831299e-02,-1.124209258705377579e-02,1.431862264871597290e-01,2.349534630775451660e-01,-6.967517733573913574e-02,1.119706332683563232e-01,-3.026925027370452881e-02,-1.258266121149063110e-01,1.596504300832748413e-01,1.722290068864822388e-01,1.478820741176605225e-01,4.855778440833091736e-02,-5.400486290454864502e-02,-1.680482476949691772e-01,-1.091340780258178711e-01,-7.413894683122634888e-02,-3.992893174290657043e-02,2.320364303886890411e-02,1.767409294843673706e-01,1.140958964824676514e-01,8.739615231752395630e-02,-2.809584140777587891e-02,-1.478099822998046875e-01,-2.213788032531738281e-01,-1.469222456216812134e-01,-4.392551630735397339e-02,-3.559911251068115234e-02,-7.816485315561294556e-02,-1.120351478457450867e-01,3.958203643560409546e-02,4.505927860736846924e-02,-3.824780881404876709e-02,-9.342087060213088989e-02,-1.049876362085342407e-01
2.724698483943939209e-01,1.727616339921951294e-01,3.335810899734497070e-01,2.807313501834869385e-01,1.000000000000000000e+00,3.290794789791107178e-01,2.715494930744171143e-01,1.802635043859481812e-01,6.866422295570373535e-01,4.432348906993865967e-01,1.668269634246826172e-01,1.896823346614837646e-01,2.608171999454498291e-01,1.360601782798767090e-01,4.524224698543548584e-01,4.229580461978912354e-01,1.722862869501113892e-01,1.063205003738403320e-01,2.602186501026153564e-01,2.044733613729476929e-01,2.043373882770538330e-01,1.714281439781188965e-01,3.848160803318023682e-01,2.988383769989013672e-01,3.370614647865295410e-01,2.428551465272903442e-01,4.584578573703765869e-01,3.594020009040832520e-01,4.545719921588897705e-02,1.998995095491409302e-01,3.167655169963836670e-01,1.595507860183715820e-01,2.385814487934112549e-01,2.473801970481872559e-01,2.138245552778244019e-01,1.813668198883533478e-02,8.226174116134643555e-02,6.578630954027175903e-02,1.769587397575378418e-01,1.694819778203964233e-01,1.084451526403427124e-01,1.274415105581283569e-01,-2.347920984029769897e-01,-1.766120344400405884e-01,-1.209726557135581970e-01,-1.981339007616043091e-01,-1.237044557929039001e-01,-1.630201786756515503e-01,-1.849281936883926392e-01,-1.613172441720962524e-01,-8.476035296916961670e-02,-2.415935844182968140e-01,-1.498723477125167847e-01,-1.938874125480651855e-01,1.998332515358924866e-02,-5.834859609603881836e-02,2.869823276996612549e-01,2.585577666759490967e-01,2.693878412246704102e-01,1.432667374610900879e-01,2.571418583393096924e-01,2.257813811302185059e-01,6.535801291465759277e-02,6.163922324776649475e-02,3.974106013774871826e-01,2.590080797672271729e-01,1.324322670698165894e-01,9.923178702592849731e-02,2.299448102712631226e-01,1.867142319679260254e-01,7.146612554788589478e-02,4.847706854343414307e-02,4.184487089514732361e-02,-2.982948161661624908e-02,2.726753801107406616e-02,-6.587318331003189087e-02,1.759429574012756348e-01,1.394532918930053711e-01,1.533100605010986328e-01,9.533318132162094116e-02,5.565892532467842102e-02,7.835060358047485352e-02,2.099288441240787506e-02,8.830358833074569702e-02,2.033601701259613037e-01,9.069692343473434448e-02,2.614918053150177002e-01,2.477479130029678345e-01,1.318754702806472778e-01,1.360288262367248535e-01,1.323759257793426514e-01,2.900412380695343018e-01,1.913397163152694702e-01,2.362442761659622192e-01,-2.486165426671504974e-02,-5.494438111782073975e-02,3.997926041483879089e-02,-9.790120646357536316e-03,-5.697724968194961548e-02,5.396906659007072449e-02,1.759348809719085693e-01,9.866483509540557861e-02,1.160922199487686157e-01,3.713500872254371643e-02,2.743444032967090607e-02,4.619764536619186401e-02,-3.981595113873481750e-02,-2.208887971937656403e-02,1.482926029711961746e-02,-9.755103848874568939e-03,5.245401337742805481e-02,5.056646093726158142e-02,8.697101473808288574e-02,7.874815165996551514e-02,-2.661874704062938690e-02,-5.105822533369064331e-02
2.154629230499267578e-01,1.525756418704986572e-01,2.056302428245544434e-01,4.303299784660339355e-01,3.290794789791107178e-01,1.000000000000000000e+00,3.036735355854034424e-01,3.804183602333068848e-01,2.102848589420318604e-01,5.187112689018249512e-01,6.338049471378326416e-02,2.445125728845596313e-01,2.286989837884902954e-01,3.194135725498199463e-01,3.245368599891662598e-01,4.382860660552978516e-01,1.181796099990606308e-02,3.309947252273559570e-02,1.839089393615722656e-01,1.531651169061660767e-01,8.369963616132736206e-02,6.200680881738662720e-02,2.410189211368560791e-01,3.764080107212066650e-01,2.046128362417221069e-01,4.862203896045684814e-01,4.136112332344055176e-01,4.987774491310119629e-01,1.481190025806427002e-01,1.301568746566772461e-01,2.895483970642089844e-01,3.113931417465209961e-01,4.237481951713562012e-02,6.622067093849182129e-02,-4.447090439498424530e-03,-5.002909526228904724e-02,1.365072578191757202e-01,2.124620527029037476e-01,1.627395600080490112e-01,2.083995342254638672e-01,7.576763629913330078e-02,1.441746652126312256e-01,-5.683884397149085999e-02,-5.418602377176284790e-02,4.363670572638511658e-02,-7.584468275308609009e-02,-8.690788596868515015e-02,-1.851335912942886353e-02,1.157485172152519226e-01,8.685976266860961914e-02,4.616223648190498352e-02,-2.947646565735340118e-02,-9.121280163526535034e-02,-2.479562535881996155e-02,-5.473083630204200745e-02,2.280220622196793556e-03,9.477508813142776489e-02,1.524514257907867432e-01,2.007830291986465454e-01,2.320517897605895996e-01,1.327995061874389648e-01,2.315564602613449097e-01,-1.061826422810554504e-01,3.688952326774597168e-02,2.353957146406173706e-01,3.097420036792755127e-01,-3.044767305254936218e-02,-5.840038508176803589e-02,1.310437917709350586e-01,1.969504728913307190e-02,1.239342465996742249e-01,2.513111941516399384e-02,1.455053687095642090e-01,-1.167459320276975632e-02,1.335205137729644775e-01,4.315541300456970930e-04,5.434223636984825134e-02,-1.587294600903987885e-02,3.892456367611885071e-02,9.619504213333129883e-02,-9.372731298208236694e-02,8.756954967975616455e-02,5.032424256205558777e-02,1.540949344635009766e-01,2.369360812008380890e-02,2.338455170392990112e-01,-4.823036491870880127e-02,2.577836811542510986e-01,-2.573007717728614807e-02,1.188980340957641602e-01,1.318647563457489014e-01,2.391935586929321289e-01,1.097659245133399963e-01,1.464349478483200073e-01,-3.367725876159965992e-04,3.036451525986194611e-02,-5.081719253212213516e-03,1.094407308846712112e-02,-6.972604244947433472e-02,5.586479231715202332e-02,9.312143176794052124e-02,1.282431781291961670e-01,7.758712023496627808e-02,1.099538654088973999e-01,1.345001067966222763e-02,-1.398599985986948013e-02,-6.392655521631240845e-02,-2.090392634272575378e-02,1.339616030454635620e-01,7.682903856039047241e-02,1.546946447342634201e-02,4.110305383801460266e-02,1.140010803937911987e-01,1.254423707723617554e-01,5.354258045554161072e-02,7.150350511074066162e-02
6.550322771072387695e-01,2.074610143899917603e-01,5.928277373313903809e-01,6.192362308502197266e-01,2.715494930744171143e-01,3.036735355854034424e-01,1.000000000000000000e+00,5.943103432655334473e-01,1.528395712375640869e-01,8.318465948104858398e-02,4.287996292114257812e-01,2.734246551990509033e-01,5.801471471786499023e-01,3.840887844562530518e-01,3.540185689926147461e-01,1.166144013404846191e-01,1.529198437929153442e-01,3.546594455838203430e-02,5.828896760940551758e-01,3.902027010917663574e-01,-2.158539369702339172e-02,-1.539808511734008789e-02,4.828505218029022217e-01,6.894707679748535156e-01,2.695645391941070557e-01,4.084270894527435303e-01,9.262305498123168945e-02,1.199668571352958679e-01,2.333599776029586792e-01,4.530057311058044434e-02,5.237095952033996582e-01,5.430331826210021973e-01,2.714529037475585938e-01,2.773275375366210938e-01,1.864901185035705566e-01,1.722890585660934448e-01,1.127997115254402161e-01,9.131875634193420410e-02,3.473087027668952942e-02,3.852564468979835510e-02,4.183374345302581787e-02,-2.119712904095649719e-02,1.450542062520980835e-01,6.774817407131195068e-02,2.004180848598480225e-01,8.435822278261184692e-02,-1.399395614862442017e-02,-4.120780155062675476e-02,2.939169704914093018e-01,2.462127208709716797e-01,1.823996156454086304e-01,8.015070855617523193e-02,-3.433444723486900330e-02,-4.773588851094245911e-02,1.139674633741378784e-01,3.804348409175872803e-03,3.743467330932617188e-01,1.411691457033157349e-01,4.548009037971496582e-01,3.410642445087432861e-01,5.083912611007690430e-01,3.749337196350097656e-01,3.052510917186737061e-01,1.615737825632095337e-01,5.177714228630065918e-01,4.721279144287109375e-01,2.847926020622253418e-01,1.489196568727493286e-01,1.081627383828163147e-01,-4.210738465189933777e-02,3.422245383262634277e-01,8.706204593181610107e-02,3.138664364814758301e-01,8.071666955947875977e-02,1.810220032930374146e-01,-5.400966852903366089e-02,2.545775771141052246e-01,-3.308070823550224304e-02,2.243275046348571777e-01,2.173953503370285034e-01,1.402059346437454224e-01,1.105506941676139832e-01,-7.221793383359909058e-02,1.638029585592448711e-03,2.783928513526916504e-01,1.457277983427047729e-01,-1.063021942973136902e-01,5.181655660271644592e-02,2.352349907159805298e-01,-1.882833540439605713e-01,1.636528372764587402e-01,2.036156058311462402e-01,1.007453650236129761e-01,1.176695749163627625e-01,-3.974510356783866882e-02,-1.270373761653900146e-01,3.847410157322883606e-02,5.761847645044326782e-02,1.315555870532989502e-01,2.216907441616058350e-01,2.467042356729507446e-01,2.589961588382720947e-01,2.275823950767517090e-01,1.760900914669036865e-01,-3.725925087928771973e-02,-1.194534748792648315e-01,-8.052936196327209473e-02,-3.017057664692401886e-02,-4.924781154841184616e-03,3.258304670453071594e-02,6.351149082183837891e-02,2.059631645679473877e-01,1.553984880447387695e-01,8.667878061532974243e-02,1.840898580849170685e-02,-1.144595220685005188e-01
4.302833974361419678e-01,3.574066758155822754e-01,3.011805415153503418e-01,7.571024298667907715e-01,1.802635043859481812e-01,3.804183602333068848e-01,5.943103432655334473e-01,1.000000000000000000e+00,3.246683999896049500e-02,2.199780195951461792e-01,1.809678673744201660e-01,5.094795227050781250e-01,3.245289325714111328e-01,5.943205356597900391e-01,9.238238632678985596e-02,1.702535897493362427e-01,3.260113298892974854e-02,5.463425070047378540e-02,4.367714822292327881e-01,4.102819561958312988e-01,-3.996091336011886597e-02,-5.317121744155883789e-02,3.144021034240722656e-01,6.611340641975402832e-01,1.189156994223594666e-01,3.300904035568237305e-01,-6.254757940769195557e-02,-1.834014616906642914e-02,1.411585360765457153e-01,-3.754013776779174805e-02,2.862238883972167969e-01,4.890325367450714111e-01,8.845353126525878906e-02,1.872903704643249512e-01,1.667657494544982910e-02,1.379851251840591431e-01,-1.635091453790664673e-01,-9.601914882659912109e-02,-1.784958541393280029e-01,-1.477399319410324097e-01,-1.719052344560623169e-01,-1.179011836647987366e-01,7.309731841087341309e-02,-2.838292345404624939e-02,1.490864902734756470e-01,9.334051609039306641e-02,-1.836307048797607422e-01,-1.636270731687545776e-01,2.026624530553817749e-01,2.414447963237762451e-01,-1.516898535192012787e-02,4.934514686465263367e-02,-2.084170281887054443e-01,-1.496400982141494751e-01,-1.709056645631790161e-01,-1.998264938592910767e-01,2.418422400951385498e-01,2.303710877895355225e-01,2.797213494777679443e-01,4.587629139423370361e-01,3.568772971630096436e-01,5.231922268867492676e-01,1.010571047663688660e-01,2.344309091567993164e-01,3.458870351314544678e-01,6.208217740058898926e-01,3.755605593323707581e-02,2.684240229427814484e-02,7.964471727609634399e-02,-3.745608404278755188e-02,2.431863546371459961e-01,5.621843785047531128e-02,1.792913079261779785e-01,4.318746551871299744e-02,1.187974214553833008e-01,-7.544481754302978516e-02,6.861265003681182861e-02,-1.595430821180343628e-01,1.089660003781318665e-01,1.101542189717292786e-01,-4.490115866065025330e-02,9.926355630159378052e-02,-2.125983983278274536e-01,-8.128312975168228149e-02,-2.780851535499095917e-02,1.503305137157440186e-01,-2.283257693052291870e-01,-3.995277360081672668e-02,-5.600979179143905640e-02,-1.801046580076217651e-01,6.051607802510261536e-02,9.499000757932662964e-02,6.138233467936515808e-02,-4.798021540045738220e-02,-8.519154787063598633e-02,-1.664403378963470459e-01,-1.936164647340774536e-01,-1.369988620281219482e-01,-7.133752852678298950e-02,-1.513371244072914124e-02,1.240359917283058167e-01,1.137261688709259033e-01,7.810109108686447144e-02,1.209843251854181290e-02,-1.665250957012176514e-01,-2.461199164390563965e-01,-1.458874195814132690e-01,1.000319328159093857e-02,-9.363829158246517181e-03,-1.245609447360038757e-01,-1.834708303213119507e-01,-2.733593061566352844e-02,1.604247465729713440e-02,-8.805878460407257080e-02,-1.076942905783653259e-01,-1.019499972462654114e-01
1.410339921712875366e-01,1.502105295658111572e-01,2.370526790618896484e-01,7.206001132726669312e-02,6.866422295570373535e-01,2.102848589420318604e-01,1.528395712375640869e-01,3.246683999896049500e-02,1.000000000000000000e+00,5.472360253334045410e-01,1.195159107446670532e-01,8.337895572185516357e-02,2.061301618814468384e-01,3.799159079790115356e-02,4.829814732074737549e-01,4.443102180957794189e-01,1.589362621307373047e-01,9.817896783351898193e-02,1.657399982213973999e-01,1.387214213609695435e-01,2.197101414203643799e-01,1.831016242504119873e-01,2.452226132154464722e-01,5.922224372625350952e-02,1.938546299934387207e-01,9.452256560325622559e-02,3.885918259620666504e-01,2.583368122577667236e-01,-1.885247416794300079e-02,1.370608210563659668e-01,1.943184733390808105e-01,-5.046876147389411926e-02,1.789111644029617310e-01,1.951049417257308960e-01,9.555523842573165894e-02,-6.560703366994857788e-02,1.455913782119750977e-01,1.339484155178070068e-01,3.081584572792053223e-01,2.252141386270523071e-01,2.369605302810668945e-01,2.280897647142410278e-01,-2.484236508607864380e-01,-1.481264084577560425e-01,-1.726342290639877319e-01,-1.863524168729782104e-01,-6.464128196239471436e-02,-1.235815212130546570e-01,-2.386044561862945557e-01,-2.163828015327453613e-01,-6.598909944295883179e-02,-2.337200492620468140e-01,-5.360724404454231262e-02,-1.288794428110122681e-01,1.146980598568916321e-01,4.750443249940872192e-02,2.368188649415969849e-01,2.526775002479553223e-01,2.385847866535186768e-01,1.057144999504089355e-01,2.446671575307846069e-01,1.860656440258026123e-01,3.350757062435150146e-02,4.807776957750320435e-02,2.439385503530502319e-01,1.173136159777641296e-01,1.253182590007781982e-01,1.182513907551765442e-01,2.334601432085037231e-01,2.497008740901947021e-01,-1.916435360908508301e-02,-6.836882233619689941e-02,-2.160678850486874580e-03,-9.561704099178314209e-02,3.357135877013206482e-02,-2.099594660103321075e-02,1.457730084657669067e-01,1.734907627105712891e-01,-3.559548640623688698e-03,3.927044197916984558e-02,7.135557383298873901e-02,5.669135227799415588e-02,1.326095908880233765e-01,1.222410649061203003e-01,1.941020786762237549e-01,1.237285956740379333e-01,3.954295217990875244e-01,2.727207243442535400e-01,1.993055492639541626e-01,3.166947364807128906e-01,1.613825261592864990e-01,2.138596922159194946e-01,2.388616204261779785e-01,2.480475157499313354e-01,2.475551888346672058e-02,1.844732277095317841e-02,1.222549602389335632e-01,4.212720692157745361e-02,1.478028576821088791e-02,7.442028075456619263e-02,2.375826388597488403e-01,1.178732365369796753e-01,1.983706504106521606e-01,1.086195260286331177e-01,1.263939738273620605e-01,1.639687418937683105e-01,-3.124755062162876129e-02,1.344784200191497803e-01,1.223982498049736023e-01,4.598764330148696899e-02,7.995076477527618408e-02,7.127750664949417114e-02,1.085726916790008545e-01,1.612248569726943970e-01,3.894330933690071106e-02,-7.893831282854080200e-02
-4.968425258994102478e-02,1.719341129064559937e-01,2.394226342439651489e-01,2.377335876226425171e-01,4.432348906993865967e-01,5.187112689018249512e-01,8.318465948104858398e-02,2.199780195951461792e-01,5.472360253334045410e-01,1.000000000000000000e+00,-1.140372082591056824e-02,2.410700470209121704e-01,1.051679700613021851e-01,2.166846692562103271e-01,2.420707195997238159e-01,5.803083777427673340e-01,-5.170130357146263123e-02,7.789791375398635864e-02,8.580692112445831299e-02,6.852516531944274902e-02,1.936171203851699829e-01,1.815885901451110840e-01,3.174978792667388916e-01,1.642363220453262329e-01,1.152262166142463684e-01,1.973948776721954346e-01,2.956460416316986084e-01,3.119734823703765869e-01,-7.997149229049682617e-02,1.283091753721237183e-01,1.867839992046356201e-01,-3.920561820268630981e-02,3.750096634030342102e-02,8.320067822933197021e-02,-1.909069903194904327e-02,-1.094360649585723877e-01,-8.672389201819896698e-03,5.806456506252288818e-02,1.542879641056060791e-01,1.760174483060836792e-01,1.167159304022789001e-01,1.812572479248046875e-01,-2.455945909023284912e-01,-1.661134809255599976e-01,-8.022633939981460571e-02,-1.313942670822143555e-01,-1.308692395687103271e-01,-1.361450850963592529e-01,-1.755483448505401611e-01,-8.936214447021484375e-02,-8.800894021987915039e-02,-1.763972640037536621e-01,-1.667077541351318359e-01,-9.509845077991485596e-02,-1.231690943241119385e-01,-8.232842199504375458e-03,-1.911556161940097809e-02,2.459188848733901978e-01,1.243399158120155334e-01,1.699927896261215210e-01,3.566095978021621704e-02,2.566612660884857178e-01,-1.945974081754684448e-01,9.287982434034347534e-02,2.153548598289489746e-01,2.455390691757202148e-01,-2.955080475658178329e-03,1.333912275731563568e-02,1.483425199985504150e-01,1.327121108770370483e-01,-1.070700287818908691e-01,-7.086227089166641235e-02,-1.142571642994880676e-01,-1.242164522409439087e-01,3.797161160036921501e-03,-9.290255606174468994e-02,-5.652039498090744019e-02,6.252714991569519043e-02,-1.825014650821685791e-01,2.811321802437305450e-02,-1.310771554708480835e-01,1.268304437398910522e-01,1.352079659700393677e-01,1.075436621904373169e-01,4.040567670017480850e-03,2.164997309446334839e-01,2.160047143697738647e-01,2.166782617568969727e-01,-1.979697793722152710e-01,3.687759339809417725e-01,1.493567973375320435e-01,1.609403043985366821e-01,2.382084280252456665e-01,1.960259824991226196e-01,5.431828647851943970e-02,1.107901930809020996e-01,-6.623086519539356232e-03,-2.429118752479553223e-02,-1.253896057605743408e-01,-4.002189263701438904e-02,1.525673717260360718e-01,5.953576043248176575e-02,8.087214827537536621e-02,1.406131591647863388e-02,9.289316833019256592e-02,8.361031115055084229e-02,-2.671507187187671661e-02,8.062954246997833252e-02,1.941294819116592407e-01,6.602276861667633057e-02,-3.130902722477912903e-02,-3.818490356206893921e-02,6.990382820367813110e-02,1.508817225694656372e-01,6.884709000587463379e-02,8.118720352649688721e-02
4.884163141250610352e-01,2.106804102659225464e-01,2.306615114212036133e-01,1.569757014513015747e-01,1.668269634246826172e-01,6.338049471378326416e-02,4.287996292114257812e-01,1.809678673744201660e-01,1.195159107446670532e-01,-1.140372082591056824e-02,1.000000000000000000e+00,3.501377701759338379e-01,6.049683094024658203e-01,3.428319096565246582e-01,4.348020553588867188e-01,1.989935636520385742e-01,5.149519443511962891e-01,3.886765241622924805e-01,3.309122323989868164e-01,3.390877246856689453e-01,9.744098782539367676e-02,1.577824950218200684e-01,2.070628702640533447e-01,2.650921940803527832e-01,1.688812226057052612e-01,1.770438402891159058e-01,1.230088770389556885e-01,9.363300353288650513e-02,3.902638256549835205e-01,3.330476582050323486e-01,4.107930660247802734e-01,2.994942665100097656e-01,3.229261040687561035e-01,2.838374078273773193e-01,7.951907813549041748e-02,1.736702173948287964e-01,3.610334098339080811e-01,3.284053802490234375e-01,2.622047662734985352e-01,2.733894884586334229e-01,3.137995600700378418e-01,2.409419268369674683e-01,2.006496042013168335e-01,1.565412282943725586e-01,3.364556729793548584e-01,2.734370529651641846e-01,1.565589308738708496e-01,1.307131201028823853e-01,1.718590259552001953e-01,1.307485699653625488e-01,1.902260482311248779e-01,9.473863244056701660e-02,9.926115721464157104e-02,4.155403748154640198e-02,3.594709336757659912e-01,2.773912250995635986e-01,4.542065858840942383e-01,2.675911486148834229e-01,3.329460024833679199e-01,1.475650370121002197e-01,3.650282621383666992e-01,1.311676353216171265e-01,4.743008911609649658e-01,3.654502928256988525e-01,1.131778508424758911e-01,3.510154038667678833e-02,3.177738785743713379e-01,2.464932799339294434e-01,2.857806980609893799e-01,2.128543555736541748e-01,3.336257040500640869e-01,1.115395873785018921e-01,3.104678094387054443e-01,1.266784071922302246e-01,1.152108162641525269e-01,-4.058073833584785461e-02,3.230980634689331055e-01,1.672390848398208618e-01,2.735967636108398438e-01,3.273476660251617432e-01,3.936977982521057129e-01,2.982511818408966064e-01,1.959350556135177612e-01,2.913242578506469727e-01,3.457776904106140137e-01,1.855528652667999268e-01,2.615856938064098358e-03,1.335916072130203247e-01,1.934032738208770752e-01,-3.229143843054771423e-02,1.119681224226951599e-01,1.238102689385414124e-01,4.859353415668010712e-03,6.022771820425987244e-02,1.015045717358589172e-01,2.951269969344139099e-02,2.521805465221405029e-01,2.246178835630416870e-01,2.767514884471893311e-01,2.780308127403259277e-01,2.541891932487487793e-01,1.395648568868637085e-01,2.947035431861877441e-01,2.157097458839416504e-01,6.891948729753494263e-02,6.168545782566070557e-02,-2.867582999169826508e-02,5.489621683955192566e-02,-9.126757271587848663e-03,1.993094533681869507e-01,1.894187629222869873e-01,3.158965706825256348e-01,2.407175153493881226e-01,1.688817739486694336e-01,7.914100587368011475e-02,4.071687906980514526e-02
2.609997391700744629e-01,5.149333477020263672e-01,2.266094088554382324e-01,3.853051066398620605e-01,1.896823346614837646e-01,2.445125728845596313e-01,2.734246551990509033e-01,5.094795227050781250e-01,8.337895572185516357e-02,2.410700470209121704e-01,3.501377701759338379e-01,1.000000000000000000e+00,2.581929862499237061e-01,6.580370068550109863e-01,1.002215296030044556e-01,3.585156798362731934e-01,2.667306065559387207e-01,4.379320740699768066e-01,2.637463212013244629e-01,3.573292493820190430e-01,5.833137780427932739e-02,6.048464030027389526e-02,2.417532205581665039e-01,3.298824131488800049e-01,-6.770732998847961426e-02,-2.408557943999767303e-02,1.451888829469680786e-01,8.905529230833053589e-02,9.857603907585144043e-02,2.680513858795166016e-01,1.778488010168075562e-01,1.281982213258743286e-01,1.967639774084091187e-01,2.540917992591857910e-01,-1.108349338173866272e-01,-6.526655983179807663e-03,-9.890371561050415039e-02,6.335830688476562500e-02,-3.665599599480628967e-02,7.067716866731643677e-02,-2.129099331796169281e-02,9.633801132440567017e-02,1.541334949433803558e-02,5.712964385747909546e-02,3.013294041156768799e-01,2.751383483409881592e-01,-1.459713131189346313e-01,-1.146099790930747986e-01,1.252464056015014648e-01,2.473257929086685181e-01,7.179466541856527328e-03,1.469787061214447021e-01,-2.055869251489639282e-01,-1.742952913045883179e-01,-5.088876932859420776e-03,6.227007508277893066e-02,2.626120746135711670e-01,4.250707924365997314e-01,1.687925159931182861e-01,2.945003509521484375e-01,2.770702540874481201e-01,3.390666246414184570e-01,2.850512564182281494e-01,5.828731656074523926e-01,7.932934165000915527e-02,2.843883931636810303e-01,6.887172162532806396e-02,1.283091902732849121e-01,1.388712823390960693e-01,9.220485389232635498e-02,8.242873102426528931e-02,1.072930544614791870e-01,5.154928565025329590e-02,9.153141081333160400e-02,3.287564218044281006e-02,-2.660511760041117668e-03,9.057484567165374756e-02,1.194110140204429626e-01,1.384079754352569580e-01,1.301556229591369629e-01,1.289909780025482178e-01,3.809158802032470703e-01,2.314303070306777954e-02,9.165634959936141968e-02,9.591419366188347340e-04,2.656690180301666260e-01,-7.313320040702819824e-02,2.404982037842273712e-02,-1.994851678609848022e-01,9.029728919267654419e-02,-5.699313431978225708e-02,5.085286498069763184e-02,-1.001940816640853882e-01,-7.220304757356643677e-02,5.479358136653900146e-03,-5.414717644453048706e-02,-7.014294713735580444e-02,-5.685770884156227112e-02,-1.441810652613639832e-02,1.460951939225196838e-02,1.936487480998039246e-02,-3.117036074399948120e-02,4.744239151477813721e-02,-4.508442059159278870e-02,-1.476939022541046143e-01,-1.919615864753723145e-01,-1.963788866996765137e-01,-8.805729448795318604e-03,-2.090996876358985901e-02,-1.257238350808620453e-02,-1.390786319971084595e-01,2.901761606335639954e-02,1.084358841180801392e-01,-4.495326429605484009e-02,-1.524467021226882935e-01,2.422674931585788727e-02
4.277319014072418213e-01,5.356984212994575500e-02,3.460312485694885254e-01,2.918276488780975342e-01,2.608171999454498291e-01,2.286989837884902954e-01,5.801471471786499023e-01,3.245289325714111328e-01,2.061301618814468384e-01,1.051679700613021851e-01,6.049683094024658203e-01,2.581929862499237061e-01,1.000000000000000000e+00,4.414487183094024658e-01,5.669042468070983887e-01,2.562701702117919922e-01,2.375975251197814941e-01,9.657976776361465454e-02,3.865970373153686523e-01,1.909102946519851685e-01,4.113320726901292801e-03,1.883591152727603912e-02,3.617656826972961426e-01,4.321026802062988281e-01,2.212354093790054321e-01,3.167271018028259277e-01,9.924186766147613525e-02,1.014585718512535095e-01,4.044216871261596680e-01,2.337260991334915161e-01,5.700564384460449219e-01,4.551216065883636475e-01,1.497815996408462524e-01,1.820750534534454346e-01,1.402669548988342285e-01,1.497972458600997925e-01,3.091100752353668213e-01,3.068186044692993164e-01,1.974891424179077148e-01,1.570921987295150757e-01,2.489296197891235352e-01,1.756009310483932495e-01,1.624715924263000488e-01,1.132024899125099182e-01,1.458034813404083252e-01,9.985614567995071411e-02,8.233769237995147705e-02,1.052798926830291748e-01,1.711816787719726562e-01,8.832274377346038818e-02,2.441003918647766113e-01,1.372046489268541336e-02,1.541381236165761948e-02,2.160755544900894165e-02,2.289073914289474487e-01,1.370791047811508179e-01,2.503098845481872559e-01,6.869370490312576294e-02,3.572158813476562500e-01,1.580432802438735962e-01,4.102116227149963379e-01,2.471791356801986694e-01,3.890623450279235840e-01,2.119694948196411133e-01,3.614758849143981934e-01,2.143345773220062256e-01,2.135684192180633545e-01,1.037186905741691589e-01,1.264332979917526245e-01,1.969599351286888123e-02,2.981323897838592529e-01,9.689266979694366455e-02,3.753090500831604004e-01,1.149614527821540833e-01,1.979273855686187744e-01,-4.758435301482677460e-03,2.973066866397857666e-01,3.722576797008514404e-02,2.179114520549774170e-01,2.438669502735137939e-01,2.746287882328033447e-01,2.787128686904907227e-01,1.701837182044982910e-01,2.292601168155670166e-01,4.670092761516571045e-01,3.094311058521270752e-01,3.941754251718521118e-02,1.460143476724624634e-01,3.524461984634399414e-01,9.136259905062615871e-04,2.516757547855377197e-01,2.991369664669036865e-01,2.158097326755523682e-01,2.274974882602691650e-01,5.039736628532409668e-02,1.570947654545307159e-02,1.847715675830841064e-01,1.573113352060317993e-01,2.217070460319519043e-01,3.056612908840179443e-01,3.425760865211486816e-01,3.102538287639617920e-01,3.531106710433959961e-01,2.800526022911071777e-01,9.457825124263763428e-02,6.354264914989471436e-02,7.887652143836021423e-03,1.110823005437850952e-01,3.373459726572036743e-02,1.108316630125045776e-01,1.828595697879791260e-01,3.123503029346466064e-01,2.574802637100219727e-01,2.165480703115463257e-01,1.611031591892242432e-01,9.442630223929882050e-03
