1.000000000000000000e+00,4.494208693504333496e-01,5.036776661872863770e-01,2.737290561199188232e-01,1.054198071360588074e-01,2.205006778240203857e-01,3.023685812950134277e-01,5.611666478216648102e-03,2.192932963371276855e-01,1.905398219823837280e-01,3.818733394145965576e-01,4.420647863298654556e-03,3.301372528076171875e-01,4.539440944790840149e-02,1.909008622169494629e-02,-1.789700618246570230e-04,3.448217213153839111e-01,-1.488503813743591309e-01,5.422770380973815918e-01,4.557931721210479736e-01,-2.394363433122634888e-01,-1.384218037128448486e-01,3.288648724555969238e-01,2.749983966350555420e-01,4.671954363584518433e-02,-2.327521517872810364e-02,-1.238419339060783386e-01,-5.905016441829502583e-04,6.125444918870925903e-02,-1.772041171789169312e-01,8.139539510011672974e-02,7.888106256723403931e-02,4.586295187473297119e-01,3.047533035278320312e-01,8.510563522577285767e-02,3.590553766116499901e-03,-1.439722478389739990e-01,-3.533228859305381775e-02,2.494608312845230103e-01,8.187951892614364624e-02,-1.562020480632781982e-01,3.385470062494277954e-02,1.484660804271697998e-01,2.071109861135482788e-01,2.138265967369079590e-01,1.928250193595886230e-01,2.722595930099487305e-01,2.426812201738357544e-01,2.612982392311096191e-01,1.912660747766494751e-01,1.404534578323364258e-01,-9.109211154282093048e-03,1.049257293343544006e-01,8.183442056179046631e-02,3.258788585662841797e-01,7.667270302772521973e-02,6.912443637847900391e-01,3.057747185230255127e-01,5.797897577285766602e-01,2.554802596569061279e-01,4.274677932262420654e-01,-1.415617763996124268e-01,3.827393949031829834e-01,-2.045731991529464722e-01,2.236857414245605469e-01,-2.364911139011383057e-01,4.630878567695617676e-01,2.594155371189117432e-01,5.018139481544494629e-01,4.438799321651458740e-01,1.330457776784896851e-01,5.932722985744476318e-02,2.422353625297546387e-02,-1.013268381357192993e-01,-1.466317009180784225e-02,-1.850489526987075806e-01,1.545209586620330811e-01,8.938146382570266724e-02,1.580804288387298584e-01,8.054447919130325317e-02,2.299508303403854370e-01,-1.627046763896942139e-01,-1.236862167716026306e-01,-1.228076741099357605e-01,1.976315826177597046e-01,-1.442750394344329834e-01,8.458265662193298340e-02,7.450760155916213989e-02,3.272376656532287598e-01,8.836382627487182617e-02,8.079479634761810303e-02,1.252746582031250000e-02,9.950298815965652466e-02,-6.347750127315521240e-02,-6.566461175680160522e-02,-1.163768954575061798e-02,7.306917011737823486e-02,3.944166377186775208e-02,1.379328668117523193e-01,-9.326224774122238159e-02,2.052687667310237885e-02,-7.311956956982612610e-03,-7.469215989112854004e-02,-1.825473457574844360e-01,-1.551678627729415894e-01,-2.347393482923507690e-01,7.412663847208023071e-02,-1.205367408692836761e-02,-1.690750825218856335e-03,3.061411902308464050e-02,1.377940773963928223e-01,1.668162196874618530e-01,-3.978780936449766159e-03,-4.793439060449600220e-02,-1.508839875459671021e-01,-2.294404208660125732e-01
4.494208693504333496e-01,1.000000000000000000e+00,2.142353057861328125e-01,2.345088273286819458e-01,9.069531410932540894e-02,2.550313770771026611e-01,2.313827350735664368e-02,1.930399090051651001e-01,1.507720351219177246e-01,3.060205876827239990e-01,1.812472753226757050e-02,2.776114642620086670e-01,-1.020307838916778564e-02,7.538553327322006226e-02,-4.424487054347991943e-02,7.559571415185928345e-02,2.247399836778640747e-01,2.461762726306915283e-01,3.304665982723236084e-01,4.325825572013854980e-01,-5.862097814679145813e-02,-7.691179867833852768e-03,5.217541381716728210e-02,1.558628529310226440e-01,-3.725002286955714226e-03,-3.314849734306335449e-02,-9.066010266542434692e-02,5.930406507104635239e-03,5.110527202486991882e-02,-2.423119358718395233e-02,-6.838036328554153442e-02,-3.709122538566589355e-02,2.723931968212127686e-01,3.247051239013671875e-01,-2.143589407205581665e-01,-2.709291875362396240e-01,-1.878896504640579224e-01,8.054641634225845337e-02,1.726882755756378174e-01,9.603849053382873535e-02,-7.916173338890075684e-02,2.611519210040569305e-02,-8.860632777214050293e-02,2.482208609580993652e-02,-7.830759882926940918e-02,2.924544177949428558e-02,6.002963706851005554e-02,1.149504482746124268e-01,2.675429731607437134e-02,9.716826677322387695e-02,-7.293378561735153198e-02,-2.102204598486423492e-02,-5.112855136394500732e-02,1.722489669919013977e-02,2.022814750671386719e-01,9.292277693748474121e-02,4.478843510150909424e-01,6.358593702316284180e-01,3.454161584377288818e-01,3.155144155025482178e-01,1.129883080720901489e-01,9.412313997745513916e-02,5.389749258756637573e-02,2.411755025386810303e-01,-8.004444092512130737e-02,-8.870462328195571899e-02,3.001351654529571533e-01,4.875730723142623901e-02,5.121631622314453125e-01,3.606499731540679932e-01,-1.004233397543430328e-02,9.061520546674728394e-02,6.240448355674743652e-02,3.376256674528121948e-02,-1.193788275122642517e-01,-1.731575578451156616e-01,-1.077646762132644653e-01,-7.069274783134460449e-02,1.992031484842300415e-01,2.109185457229614258e-01,6.761471927165985107e-02,2.235729843378067017e-01,-1.139414682984352112e-01,1.021054163575172424e-01,-5.764283239841461182e-02,1.331384927034378052e-01,-8.493798226118087769e-02,9.130198508501052856e-02,1.810494512319564819e-01,5.309471487998962402e-02,-1.252737827599048615e-03,4.106381163001060486e-02,4.521453380584716797e-02,1.026443764567375183e-02,-6.381935626268386841e-02,-8.772400021553039551e-02,-3.897795453667640686e-02,-6.665276736021041870e-02,-6.832637824118137360e-03,-3.426919132471084595e-02,1.433019936084747314e-01,1.510788798332214355e-01,-3.189685568213462830e-02,2.464914880692958832e-02,-1.882168799638748169e-01,-2.578053772449493408e-01,-5.223648995161056519e-02,5.408057570457458496e-02,-3.464834764599800110e-02,-3.132720664143562317e-02,-8.458679169416427612e-02,-2.900745719671249390e-02,8.913873881101608276e-02,-7.440583407878875732e-02,-2.270979583263397217e-01,-2.202318012714385986e-01
5.036776661872863770e-01,2.142353057861328125e-01,1.000000000000000000e+00,5.248098969459533691e-01,3.203826546669006348e-01,3.236658573150634766e-01,5.145450830459594727e-01,2.564812898635864258e-01,5.286881327629089355e-01,3.203303515911102295e-01,1.693490296602249146e-01,1.266269534826278687e-01,3.706395626068115234e-01,2.994747459888458252e-01,3.083395361900329590e-01,2.638275325298309326e-01,2.791041135787963867e-01,-7.210658490657806396e-02,4.972459673881530762e-01,4.209655821323394775e-01,-8.179112523794174194e-02,1.084295213222503662e-01,6.434301137924194336e-01,5.729739069938659668e-01,4.743383526802062988e-01,3.721992671489715576e-01,1.518653929233551025e-01,1.797003149986267090e-01,7.280119508504867554e-02,6.448274850845336914e-02,4.206211864948272705e-01,4.179024696350097656e-01,3.272444903850555420e-01,1.919196695089340210e-01,3.382384181022644043e-01,1.894021481275558472e-01,6.256218254566192627e-02,2.281786203384399414e-01,3.860818147659301758e-01,2.678630650043487549e-01,-7.420512288808822632e-02,1.473398655652999878e-01,2.298529297113418579e-01,1.145020946860313416e-01,1.067210212349891663e-01,-1.712143421173095703e-03,2.258111983537673950e-01,2.477235794067382812e-01,1.565067023038864136e-01,-6.071097776293754578e-02,1.052993983030319214e-01,-1.273330748081207275e-01,4.722469672560691833e-02,1.209193766117095947e-01,4.374432861804962158e-01,2.728654146194458008e-01,4.090639054775238037e-01,1.763219684362411499e-01,3.635679185390472412e-01,8.854856342077255249e-02,4.057489931583404541e-01,-2.198987305164337158e-01,3.417654931545257568e-01,-2.715833783149719238e-01,3.299989998340606689e-01,-2.846928238868713379e-01,3.629905879497528076e-01,2.276185303926467896e-01,3.616985678672790527e-01,3.443167805671691895e-01,3.351933658123016357e-01,3.106607198715209961e-01,2.463367283344268799e-01,2.071115374565124512e-01,2.309169769287109375e-01,1.039282456040382385e-01,2.257070094347000122e-01,2.278250604867935181e-01,2.671105563640594482e-01,5.536120850592851639e-03,3.263434469699859619e-01,-1.698044501245021820e-02,-5.320635065436363220e-02,2.003974765539169312e-01,1.991468816995620728e-01,8.264495432376861572e-02,2.496022582054138184e-01,3.739357292652130127e-01,4.396224617958068848e-01,2.995893955230712891e-01,8.182931691408157349e-02,1.141083985567092896e-01,9.002133458852767944e-02,5.889276415109634399e-02,2.064058482646942139e-01,1.677368879318237305e-01,2.664095461368560791e-01,2.444390952587127686e-01,2.577252388000488281e-01,-6.149238441139459610e-03,-9.383901022374629974e-03,1.019723713397979736e-01,-7.351673394441604614e-02,-9.909793734550476074e-02,-2.740708924829959869e-02,-4.515740275382995605e-02,1.318708956241607666e-01,8.699122071266174316e-02,3.613228350877761841e-02,1.700944602489471436e-01,2.589341700077056885e-01,2.446288913488388062e-01,-1.033575925976037979e-02,-4.044778645038604736e-02,-4.588148370385169983e-02,-8.980590105056762695e-02
2.737290561199188232e-01,2.345088273286819458e-01,5.248098969459533691e-01,1.000000000000000000e+00,3.937922120094299316e-01,4.207864999771118164e-01,3.209338486194610596e-01,5.764677524566650391e-01,4.735940992832183838e-01,3.861079812049865723e-01,9.070142172276973724e-03,2.395605444908142090e-01,1.053192690014839172e-01,3.423984050750732422e-01,2.117882072925567627e-01,3.233195245265960693e-01,1.581818908452987671e-01,6.306100985966622829e-04,3.703501522541046143e-01,5.165114998817443848e-01,-1.499193999916315079e-02,2.385158091783523560e-01,5.773892998695373535e-01,6.511784195899963379e-01,4.751670062541961670e-01,4.323408007621765137e-01,1.542692631483078003e-01,2.772137820720672607e-01,2.214109897613525391e-02,1.057933196425437927e-01,3.740830719470977783e-01,4.809495508670806885e-01,3.422001898288726807e-01,3.835027515888214111e-01,1.792124807834625244e-01,1.357279270887374878e-01,-1.847331970930099487e-02,1.741371750831604004e-01,3.574007451534271240e-01,1.536318808794021606e-01,-1.370380967855453491e-01,8.819184452295303345e-02,1.643589287996292114e-01,1.022548973560333252e-02,5.123260617256164551e-02,1.024197135120630264e-02,7.282024621963500977e-02,1.487803608179092407e-01,8.691348135471343994e-02,-3.017330169677734375e-02,-6.906623486429452896e-03,-7.962984591722488403e-02,-8.960832655429840088e-02,1.275919526815414429e-01,2.723613679409027100e-01,1.848648637533187866e-01,2.767328023910522461e-01,2.191929668188095093e-01,3.131553828716278076e-01,1.503774970769882202e-01,3.813459277153015137e-01,-1.045356541872024536e-01,2.033774256706237793e-01,-1.426192373037338257e-01,2.785116732120513916e-01,-1.402521282434463501e-01,2.846809625625610352e-01,2.534494400024414062e-01,2.568196952342987061e-01,2.661719322204589844e-01,2.991408407688140869e-01,3.378148674964904785e-01,1.956244707107543945e-01,2.080136984586715698e-01,1.301442533731460571e-01,4.475483205169439316e-03,8.415156602859497070e-02,1.721771061420440674e-01,2.613266706466674805e-01,-6.543467938899993896e-02,1.701811701059341431e-01,-3.598757088184356689e-02,-1.235681101679801941e-01,2.499339133501052856e-01,-7.436256855726242065e-02,1.735236346721649170e-01,1.630131453275680542e-01,3.938188552856445312e-01,2.615751922130584717e-01,3.423387408256530762e-01,-1.776367425918579102e-03,-1.501347031444311142e-02,1.384633332490921021e-01,5.762261897325515747e-02,1.569139063358306885e-01,1.022542566061019897e-01,1.395095288753509521e-01,1.376389861106872559e-01,1.848361045122146606e-01,-7.897276431322097778e-02,4.289682209491729736e-02,3.549775481224060059e-02,-1.463073492050170898e-01,-1.539564281702041626e-01,-8.585830777883529663e-02,-1.149821132421493530e-01,-1.950936566572636366e-04,1.476470232009887695e-01,1.057026069611310959e-02,1.251913905143737793e-01,1.275084316730499268e-01,1.935795992612838745e-01,-1.245351731777191162e-01,-1.563316881656646729e-01,-1.130177900195121765e-01,-7.245881482958793640e-03
1.054198071360588074e-01,9.069531410932540894e-02,3.203826546669006348e-01,3.937922120094299316e-01,1.000000000000000000e+00,5.719861388206481934e-01,3.044970929622650146e-01,4.009533524513244629e-01,6.316941976547241211e-01,4.718084037303924561e-01,8.288338780403137207e-03,2.148381173610687256e-01,1.978632062673568726e-01,3.182497918605804443e-01,5.498944520950317383e-01,4.592817723751068115e-01,1.748832762241363525e-01,1.615687161684036255e-01,9.922466427087783813e-02,2.057910263538360596e-01,2.741092741489410400e-01,4.110729396343231201e-01,3.637014925479888916e-01,4.702698886394500732e-01,4.892939329147338867e-01,4.843986928462982178e-01,5.836441516876220703e-01,6.022132635116577148e-01,7.692406326532363892e-02,1.975529193878173828e-01,3.986601233482360840e-01,4.147568047046661377e-01,1.737202107906341553e-01,2.225624769926071167e-01,1.331939995288848877e-01,6.345140188932418823e-02,3.880380839109420776e-02,2.925735414028167725e-01,1.488103270530700684e-01,1.277266144752502441e-01,-4.276645928621292114e-02,1.939494162797927856e-01,7.282879203557968140e-02,8.821099065244197845e-03,-3.876184299588203430e-02,-1.014826819300651550e-01,3.280530497431755066e-02,6.502246111631393433e-02,-1.293331850320100784e-02,-1.140251383185386658e-01,-6.053430587053298950e-02,-1.642174571752548218e-01,-7.296969741582870483e-02,1.057258695363998413e-01,1.276940107345581055e-01,1.415890604257583618e-01,1.389735192060470581e-01,2.129723876714706421e-01,1.303616911172866821e-01,3.317770361900329590e-02,2.107201069593429565e-01,-5.324973538517951965e-02,1.341559141874313354e-01,-7.292932271957397461e-02,1.363843232393264771e-01,-1.950484812259674072e-01,1.036378443241119385e-01,4.981276020407676697e-02,6.754281371831893921e-02,1.393613666296005249e-01,2.886527180671691895e-01,2.967747747898101807e-01,2.496304064989089966e-01,3.013452887535095215e-01,1.681472957134246826e-01,9.226202219724655151e-02,1.392068266868591309e-01,1.798296421766281128e-01,2.062927335500717163e-01,-2.098690718412399292e-02,1.112923845648765564e-01,1.973986253142356873e-02,-6.228215992450714111e-02,2.024748772382736206e-01,-6.603570282459259033e-02,1.234511658549308777e-01,1.472625434398651123e-01,2.870682179927825928e-01,2.222860604524612427e-01,2.719279825687408447e-01,-1.353176683187484741e-01,-1.018022000789642334e-02,7.925034314393997192e-02,7.893046736717224121e-02,2.210875302553176880e-01,1.503117531538009644e-01,9.745734184980392456e-02,1.251122206449508667e-01,4.293000698089599609e-02,-2.677769400179386139e-02,-1.242375671863555908e-01,-4.788839071989059448e-02,-2.603806555271148682e-01,-1.727872490882873535e-01,-9.003198891878128052e-02,-4.432554170489311218e-02,-4.296629130840301514e-02,1.163302958011627197e-01,2.872535400092601776e-02,1.125668510794639587e-01,1.054768040776252747e-01,9.508980810642242432e-02,-3.778465092182159424e-02,-2.320138365030288696e-02,1.024528667330741882e-01,1.152912825345993042e-01
2.205006778240203857e-01,2.550313770771026611e-01,3.236658573150634766e-01,4.207864999771118164e-01,5.719861388206481934e-01,1.000000000000000000e+00,2.055132240056991577e-01,3.341037034988403320e-01,5.651364326477050781e-01,7.280960083007812500e-01,1.039852201938629150e-02,1.607719212770462036e-01,9.556396305561065674e-02,2.151421159505844116e-01,3.100270628929138184e-01,5.256769657135009766e-01,7.999578863382339478e-02,5.115393176674842834e-02,2.516965568065643311e-01,3.534847795963287354e-01,1.668558418750762939e-01,3.290262520313262939e-01,3.845614194869995117e-01,4.932212531566619873e-01,3.283499181270599365e-01,4.212110936641693115e-01,4.460509121417999268e-01,6.096568107604980469e-01,3.349004546180367470e-03,1.962708495557308197e-02,3.037453293800354004e-01,3.493068814277648926e-01,2.454787343740463257e-01,3.541396558284759521e-01,4.773319885134696960e-02,4.019076004624366760e-02,-1.249925866723060608e-01,2.098677307367324829e-01,1.841051578521728516e-01,1.477193236351013184e-01,-1.065721958875656128e-01,1.073197647929191589e-01,4.391981661319732666e-02,4.271781817078590393e-02,-2.700150199234485626e-02,-3.273430466651916504e-02,1.172262281179428101e-01,2.134107500314712524e-01,-5.020530149340629578e-02,-7.202561199665069580e-02,-1.408980190753936768e-01,-1.364138871431350708e-01,-1.792107336223125458e-02,1.327514797449111938e-01,2.329863011837005615e-01,1.918014734983444214e-01,2.634090483188629150e-01,3.010063767433166504e-01,1.855496913194656372e-01,1.037602499127388000e-01,1.972431838512420654e-01,-3.425908461213111877e-02,1.585672050714492798e-01,1.516503281891345978e-02,7.292264699935913086e-02,-1.356182992458343506e-01,2.517914772033691406e-01,1.503329277038574219e-01,2.766633033752441406e-01,2.340750098228454590e-01,1.974175870418548584e-01,2.678958177566528320e-01,1.129394546151161194e-01,1.553085893392562866e-01,5.159249901771545410e-02,-9.647944569587707520e-02,5.288399383425712585e-02,1.383626312017440796e-01,1.005917638540267944e-01,4.054833948612213135e-02,1.809075847268104553e-02,3.513608127832412720e-02,-2.088592052459716797e-01,6.895057857036590576e-02,-1.226604059338569641e-01,1.690462380647659302e-01,-3.078921698033809662e-03,2.843667864799499512e-01,2.868308722972869873e-01,3.273234665393829346e-01,8.108361810445785522e-02,9.667482227087020874e-02,2.619747817516326904e-01,2.238539010286331177e-01,8.845749497413635254e-02,5.992730334401130676e-02,1.266227364540100098e-01,6.774012744426727295e-02,1.601986736059188843e-01,3.969737514853477478e-02,1.398123651742935181e-01,1.777309924364089966e-01,-5.995593592524528503e-02,-1.234304532408714294e-01,-1.099689155817031860e-01,-1.687292456626892090e-01,8.890681900084018707e-03,1.038294807076454163e-01,2.673295885324478149e-02,1.327002048492431641e-01,9.271228313446044922e-02,1.211008280515670776e-01,4.207294434309005737e-02,-3.186585009098052979e-02,-1.022346690297126770e-01,3.386135771870613098e-02
3.023685812950134277e-01,2.313827350735664368e-02,5.145450830459594727e-01,3.209338486194610596e-01,3.044970929622650146e-01,2.055132240056991577e-01,1.000000000000000000e+00,2.868669927120208740e-01,4.365549087524414062e-01,1.953963637351989746e-01,4.183030724525451660e-01,2.403100878000259399e-01,6.136808395385742188e-01,3.568989634513854980e-01,4.229309260845184326e-01,2.340248525142669678e-01,3.658218085765838623e-01,1.010930910706520081e-01,1.800285726785659790e-01,6.155866757035255432e-02,7.436037063598632812e-02,1.663093864917755127e-01,5.139389038085937500e-01,3.970274031162261963e-01,3.595097661018371582e-01,2.609840929508209229e-01,2.271817624568939209e-01,1.764262467622756958e-01,3.618619143962860107e-01,2.438112646341323853e-01,5.404093265533447266e-01,4.278333187103271484e-01,2.387157976627349854e-01,1.426819413900375366e-01,2.082822769880294800e-01,1.771464496850967407e-01,1.518085598945617676e-01,6.710686534643173218e-02,2.455033212900161743e-01,1.121621355414390564e-01,5.768393725156784058e-02,5.143087357282638550e-02,5.829864740371704102e-02,-3.754004091024398804e-02,-3.114213002845644951e-03,-7.188821583986282349e-02,-3.344025835394859314e-02,-6.681068241596221924e-02,5.939519777894020081e-02,-1.516364887356758118e-02,1.801316812634468079e-02,-4.291419684886932373e-02,-9.162623900920152664e-04,-4.689393937587738037e-02,1.466489881277084351e-01,-2.585842274129390717e-03,2.105297744274139404e-01,1.104111596941947937e-01,1.757178306579589844e-01,6.774895638227462769e-02,2.400232851505279541e-01,-4.091354785487055779e-04,3.074429035186767578e-01,-6.755311787128448486e-02,1.536961495876312256e-01,-1.133086532354354858e-01,1.257977727800607681e-02,5.932768341153860092e-03,-4.102520644664764404e-02,-5.944925174117088318e-02,5.335378050804138184e-01,4.853851497173309326e-01,3.427186906337738037e-01,2.914359569549560547e-01,2.391249537467956543e-01,2.564359903335571289e-01,2.605371773242950439e-01,2.795551419258117676e-01,2.428065091371536255e-01,1.034414991736412048e-01,3.022632896900177002e-01,5.386218801140785217e-02,1.886666119098663330e-01,1.364026516675949097e-01,1.902240067720413208e-01,-1.506666392087936401e-01,2.535707652568817139e-01,6.406554579734802246e-02,1.846356689929962158e-01,-1.969365775585174561e-02,3.342241421341896057e-02,-1.613314263522624969e-02,-2.699022740125656128e-02,-2.027869075536727905e-01,1.519218385219573975e-01,5.988344177603721619e-02,1.651602983474731445e-01,8.555594086647033691e-02,1.625097095966339111e-01,-6.844707578420639038e-02,-1.893464773893356323e-01,-1.655694097280502319e-01,-2.471654713153839111e-01,-2.147016972303390503e-01,-7.831767201423645020e-02,-6.360659003257751465e-02,9.936287254095077515e-02,-6.254983693361282349e-02,-6.092552840709686279e-02,8.085595443844795227e-03,8.361601829528808594e-02,2.766534127295017242e-02,6.407040357589721680e-02,-1.498393435031175613e-02,3.203455731272697449e-02,-9.255877882242202759e-02
5.611666478216648102e-03,1.930399090051651001e-01,2.564812898635864258e-01,5.764677524566650391e-01,4.009533524513244629e-01,3.341037034988403320e-01,2.868669927120208740e-01,1.000000000000000000e+00,4.029464423656463623e-01,3.193581402301788330e-01,1.046466361731290817e-02,5.706400871276855469e-01,1.196654736995697021e-01,5.854225158691406250e-01,3.661323189735412598e-01,3.745434284210205078e-01,2.081767469644546509e-01,3.591617047786712646e-01,7.906185090541839600e-02,2.160226106643676758e-01,3.011494278907775879e-01,3.652209639549255371e-01,3.380597233772277832e-01,4.524416029453277588e-01,4.582702517509460449e-01,4.495258033275604248e-01,3.382586240768432617e-01,3.277056217193603516e-01,2.110439389944076538e-01,3.706676959991455078e-01,3.798584043979644775e-01,4.323628544807434082e-01,2.408529222011566162e-01,3.189267516136169434e-01,-2.005148865282535553e-02,2.373083308339118958e-02,1.215599924325942993e-01,3.116030693054199219e-01,2.459878474473953247e-01,1.912792921066284180e-01,1.434025354683399200e-02,1.085131764411926270e-01,-1.386421639472246170e-02,-1.509955674409866333e-01,-2.112875580787658691e-01,-1.530558615922927856e-01,-1.278840452432632446e-01,-1.476959045976400375e-02,-1.009588465094566345e-01,-1.339224874973297119e-01,-9.997212886810302734e-02,-1.340375095605850220e-01,-1.807724088430404663e-01,1.241595968604087830e-01,1.060791760683059692e-01,1.355458796024322510e-01,6.172361969947814941e-02,1.787042915821075439e-01,4.534699395298957825e-02,-3.312685340642929077e-02,2.706494331359863281e-01,-9.303411841392517090e-02,1.835122257471084595e-01,2.286040922626852989e-03,1.600881963968276978e-01,-1.852718591690063477e-01,-2.882307395339012146e-02,-1.565286889672279358e-02,-2.921474224422127008e-04,4.461437463760375977e-02,3.571456074714660645e-01,4.451355040073394775e-01,3.510303199291229248e-01,4.165467619895935059e-01,2.307180017232894897e-01,2.141205966472625732e-01,9.444817900657653809e-02,2.023921161890029907e-01,3.247416019439697266e-01,4.048322513699531555e-02,1.964547038078308105e-01,1.911598294973373413e-01,1.275663375854492188e-01,4.247479140758514404e-01,-6.853108853101730347e-02,2.279099673032760620e-01,1.784708648920059204e-01,3.417652249336242676e-01,1.221332177519798279e-01,2.424154132604598999e-01,-1.589173078536987305e-01,-7.276263087987899780e-02,7.757353037595748901e-02,7.640335708856582642e-02,2.597354352474212646e-01,1.449339985847473145e-01,1.361847221851348877e-01,1.364457607269287109e-01,8.656014502048492432e-02,-7.128315512090921402e-03,-1.752918586134910583e-02,-2.866819966584444046e-03,-2.144149392843246460e-01,-8.200686424970626831e-02,-9.505619108676910400e-02,-8.592301607131958008e-02,-6.362456083297729492e-02,1.716897487640380859e-01,-2.639430807903409004e-03,9.894164651632308960e-02,3.454963117837905884e-02,1.018970310688018799e-01,-8.189118653535842896e-02,-1.013823896646499634e-01,1.252112444490194321e-03,5.343571305274963379e-02
2.192932963371276855e-01,1.507720351219177246e-01,5.286881327629089355e-01,4.735940992832183838e-01,6.316941976547241211e-01,5.651364326477050781e-01,4.365549087524414062e-01,4.029464423656463623e-01,1.000000000000000000e+00,5.510927438735961914e-01,9.403767436742782593e-02,2.764597237110137939e-01,3.595697581768035889e-01,4.012256264686584473e-01,6.052074432373046875e-01,5.067524909973144531e-01,2.372364848852157593e-01,1.639194190502166748e-01,2.787005901336669922e-01,2.901759743690490723e-01,1.760466843843460083e-01,3.552207350730895996e-01,5.525901317596435547e-01,5.619826912879943848e-01,5.894544124603271484e-01,5.469108223915100098e-01,4.874784052371978760e-01,4.988809227943420410e-01,1.298847198486328125e-01,2.485632896423339844e-01,5.237548947334289551e-01,4.761450588703155518e-01,1.966970860958099365e-01,1.677299886941909790e-01,2.164204269647598267e-01,1.104150414466857910e-01,4.980684444308280945e-02,3.252443969249725342e-01,2.410141825675964355e-01,2.176482230424880981e-01,-3.144251182675361633e-02,1.912206560373306274e-01,9.995139390230178833e-02,1.927804574370384216e-02,-4.273859784007072449e-02,-1.292352825403213501e-01,7.680388540029525757e-02,1.354770660400390625e-01,-2.856904827058315277e-02,-1.574532240629196167e-01,-5.309265479445457458e-02,-1.966671347618103027e-01,-3.074207715690135956e-02,1.149566173553466797e-01,2.819457352161407471e-01,2.503537237644195557e-01,2.442539632320404053e-01,2.173051089048385620e-01,1.836868524551391602e-01,1.975918933749198914e-02,2.769465446472167969e-01,-1.502208113670349121e-01,2.202089726924896240e-01,-1.179963499307632446e-01,1.881085783243179321e-01,-2.530749440193176270e-01,1.313899308443069458e-01,5.399823561310768127e-02,1.638277173042297363e-01,1.694810241460800171e-01,3.795586526393890381e-01,3.887606561183929443e-01,2.555166780948638916e-01,3.307997584342956543e-01,2.014553546905517578e-01,1.669961661100387573e-01,1.663392931222915649e-01,2.059380114078521729e-01,2.631265223026275635e-01,4.719984158873558044e-02,2.711254060268402100e-01,1.263201385736465454e-01,-5.358094722032546997e-02,2.758202850818634033e-01,4.475567117333412170e-02,1.553701162338256836e-01,2.011868804693222046e-01,3.505833745002746582e-01,3.545165061950683594e-01,2.875182032585144043e-01,8.203762583434581757e-03,1.023996397852897644e-01,9.696410596370697021e-02,9.008371829986572266e-02,2.240578085184097290e-01,1.548849344253540039e-01,2.105445563793182373e-01,2.288994193077087402e-01,2.049458622932434082e-01,6.389012187719345093e-02,-6.194213032722473145e-02,6.801603734493255615e-02,-1.642876565456390381e-01,-6.388254463672637939e-02,-1.668967492878437042e-02,2.972042653709650040e-03,2.346652373671531677e-02,1.050719022750854492e-01,3.052166476845741272e-02,1.944045424461364746e-01,1.845623552799224854e-01,1.430857479572296143e-01,9.969865530729293823e-02,7.049752771854400635e-02,8.072381466627120972e-02,7.486124336719512939e-02
1.905398219823837280e-01,3.060205876827239990e-01,3.203303515911102295e-01,3.861079812049865723e-01,4.718084037303924561e-01,7.280960083007812500e-01,1.953963637351989746e-01,3.193581402301788330e-01,5.510927438735961914e-01,1.000000000000000000e+00,-2.534140273928642273e-02,2.170412987470626831e-01,8.753404766321182251e-02,2.372408956289291382e-01,2.881036102771759033e-01,5.165898799896240234e-01,4.783787578344345093e-02,9.400728344917297363e-02,2.029925137758255005e-01,3.107350468635559082e-01,1.702315956354141235e-01,2.924036383628845215e-01,3.273176848888397217e-01,4.819210469722747803e-01,3.419507741928100586e-01,4.190827906131744385e-01,3.922420442104339600e-01,4.878569245338439941e-01,2.120217308402061462e-02,4.014206677675247192e-02,2.728910148143768311e-01,2.992926537990570068e-01,1.257213652133941650e-01,2.364000231027603149e-01,-1.015707664191722870e-02,-2.818016894161701202e-02,-1.038699597120285034e-01,2.743420302867889404e-01,1.087123975157737732e-01,2.014457732439041138e-01,-3.140253946185112000e-02,1.209058389067649841e-01,-8.672341704368591309e-02,-7.526174187660217285e-02,-1.839227825403213501e-01,-1.656161546707153320e-01,-8.408733643591403961e-03,1.462641954421997070e-01,-1.842693686485290527e-01,-1.636194139719009399e-01,-2.524847984313964844e-01,-1.959216147661209106e-01,-1.215870231389999390e-01,6.984549760818481445e-02,1.834285557270050049e-01,1.874106228351593018e-01,2.479374408721923828e-01,3.468550443649291992e-01,1.484742164611816406e-01,9.734246879816055298e-02,1.458899080753326416e-01,-4.420710727572441101e-02,7.404337823390960693e-02,4.400765150785446167e-02,-5.734322126954793930e-03,-1.552884131669998169e-01,1.698456406593322754e-01,2.589381113648414612e-02,2.784267365932464600e-01,1.677859276533126831e-01,1.914251893758773804e-01,2.790851891040802002e-01,1.094637215137481689e-01,1.680889725685119629e-01,3.812500461935997009e-02,-8.322877436876296997e-02,-1.584612019360065460e-02,7.629796117544174194e-02,7.851628959178924561e-02,1.446596719324588776e-02,-2.995748445391654968e-02,1.212951615452766418e-01,-1.858604401350021362e-01,1.357490271329879761e-01,-1.829209476709365845e-01,2.046473026275634766e-01,-7.479993253946304321e-02,3.054699301719665527e-01,2.011870443820953369e-01,2.726483643054962158e-01,4.030792415142059326e-02,1.233467161655426025e-01,1.561082303524017334e-01,1.762115955352783203e-01,9.508600085973739624e-02,6.056596338748931885e-02,1.225358396768569946e-01,4.687087237834930420e-02,1.279581934213638306e-01,6.811229884624481201e-02,1.266726851463317871e-01,2.285191565752029419e-01,-9.168995916843414307e-02,-6.707039475440979004e-02,-1.540282368659973145e-01,-2.136200368404388428e-01,3.899067267775535583e-02,1.095796972513198853e-01,5.325808189809322357e-03,1.152086406946182251e-01,3.298392985016107559e-03,-4.136648029088973999e-03,7.913433760404586792e-02,-3.211828321218490601e-02,-1.157592982053756714e-01,-1.479336991906166077e-02
3.818733394145965576e-01,1.812472753226757050e-02,1.693490296602249146e-01,9.070142172276973724e-03,8.288338780403137207e-03,1.039852201938629150e-02,4.183030724525451660e-01,1.046466361731290817e-02,9.403767436742782593e-02,-2.534140273928642273e-02,1.000000000000000000e+00,1.981021612882614136e-01,6.449775695800781250e-01,2.405852377414703369e-01,1.654662191867828369e-01,3.142026439309120178e-02,5.130879878997802734e-01,2.716311067342758179e-02,1.743040084838867188e-01,2.425575070083141327e-02,-1.373933628201484680e-02,-3.098713466897606850e-03,1.876296848058700562e-01,5.454376712441444397e-02,2.623760513961315155e-02,-9.240160882472991943e-02,-5.091959238052368164e-02,-7.633360801264643669e-04,4.826310873031616211e-01,1.366780996322631836e-01,2.205951213836669922e-01,1.454968601465225220e-01,3.572436869144439697e-01,2.551109194755554199e-01,3.484912589192390442e-02,1.612412035465240479e-01,1.401655375957489014e-01,-8.145011216402053833e-02,1.563312411308288574e-01,8.912633359432220459e-02,6.074610725045204163e-02,-5.251380149275064468e-03,1.172609552741050720e-01,1.796776205301284790e-01,1.704796105623245239e-01,2.184251695871353149e-01,7.561440020799636841e-02,5.047880858182907104e-02,2.673753798007965088e-01,3.214563429355621338e-01,2.338755428791046143e-01,2.680913805961608887e-01,1.233912110328674316e-01,1.004064604640007019e-01,8.055524528026580811e-02,-4.570587351918220520e-02,2.771062850952148438e-01,-4.093979299068450928e-02,2.261621206998825073e-01,7.352937757968902588e-02,1.987402588129043579e-01,-9.338520467281341553e-02,3.262505233287811279e-01,-9.652720391750335693e-02,1.343277245759963989e-01,-2.587449923157691956e-02,1.117217615246772766e-01,1.173878535628318787e-01,-2.377767488360404968e-02,-3.752181772142648697e-03,3.761267066001892090e-01,2.476784437894821167e-01,2.643530964851379395e-01,8.100973814725875854e-02,1.498562544584274292e-01,1.290231794118881226e-01,3.951508700847625732e-01,2.889607250690460205e-01,1.863199472427368164e-01,1.349729150533676147e-01,2.813002467155456543e-01,-8.375495672225952148e-02,2.378313094377517700e-01,-6.736132502555847168e-02,2.885805070400238037e-01,-2.533249258995056152e-01,1.802903711795806885e-01,-1.778483390808105469e-01,8.004345744848251343e-02,-7.565256953239440918e-02,1.130496058613061905e-02,-5.647894740104675293e-02,-1.235873922705650330e-01,-3.155064284801483154e-01,6.387590896338224411e-03,2.663995372131466866e-03,7.332880795001983643e-02,1.859014295041561127e-02,1.476311832666397095e-01,-2.567682601511478424e-02,-2.208585739135742188e-01,-2.892954051494598389e-01,-1.663236320018768311e-01,-2.208718061447143555e-01,-5.734685808420181274e-02,-6.998474895954132080e-02,1.121817305684089661e-01,-1.046122610569000244e-01,3.624422941356897354e-03,-6.733313202857971191e-02,1.010963842272758484e-01,8.232869207859039307e-02,4.043151438236236572e-02,8.441205322742462158e-02,8.989559859037399292e-02,-3.070608153939247131e-02
4.420647863298654556e-03,2.776114642620086670e-01,1.266269534826278687e-01,2.395605444908142090e-01,2.148381173610687256e-01,1.607719212770462036e-01,2.403100878000259399e-01,5.706400871276855469e-01,2.764597237110137939e-01,2.170412987470626831e-01,1.981021612882614136e-01,1.000000000000000000e+00,2.600755989551544189e-01,6.250311136245727539e-01,4.337384700775146484e-01,3.651765286922454834e-01,3.840534985065460205e-01,6.152920126914978027e-01,1.014233306050300598e-01,9.865064173936843872e-02,3.705851137638092041e-01,3.695892989635467529e-01,1.574155241250991821e-01,1.700226962566375732e-01,3.062649667263031006e-01,2.057651579380035400e-01,2.803680896759033203e-01,1.979590654373168945e-01,4.165452420711517334e-01,5.411077141761779785e-01,2.861840724945068359e-01,2.279601097106933594e-01,2.675172388553619385e-01,2.850111424922943115e-01,-5.700181424617767334e-02,1.993566937744617462e-02,2.049918025732040405e-01,3.851830065250396729e-01,1.723411083221435547e-01,2.950923442840576172e-01,1.376487463712692261e-01,1.043836176395416260e-01,-2.827117219567298889e-02,-7.359253615140914917e-02,-2.579188048839569092e-01,-1.341809034347534180e-01,-8.983468264341354370e-02,2.853131480515003204e-02,-8.402244746685028076e-02,-5.962944403290748596e-02,4.689676687121391296e-02,4.583623632788658142e-02,-4.208019003272056580e-02,1.692910045385360718e-01,9.759309142827987671e-02,2.192447781562805176e-01,-4.321509227156639099e-02,1.891252696514129639e-01,-1.164638549089431763e-01,-1.138996779918670654e-01,4.055741056799888611e-02,-8.810408413410186768e-02,9.047343581914901733e-02,1.691562533378601074e-01,2.838540077209472656e-02,-1.487668901681900024e-01,-1.368178129196166992e-01,-1.476115286350250244e-01,-5.621516704559326172e-02,-6.801532208919525146e-02,4.334428906440734863e-01,4.873383045196533203e-01,4.995731711387634277e-01,5.516024231910705566e-01,3.180721402168273926e-01,4.069679975509643555e-01,2.360966205596923828e-01,2.969090044498443604e-01,4.255071580410003662e-01,2.502883672714233398e-01,3.102295100688934326e-01,4.658365249633789062e-01,2.791832685470581055e-01,5.089993476867675781e-01,7.556193321943283081e-02,3.113588988780975342e-01,1.895061135292053223e-01,1.857457756996154785e-01,9.889192879199981689e-02,1.635147780179977417e-01,-1.228285357356071472e-01,4.623831063508987427e-02,-2.584212645888328552e-02,1.887854561209678650e-02,2.519385516643524170e-01,1.546553224325180054e-01,1.797615885734558105e-01,2.152947634458541870e-01,1.145387589931488037e-01,1.396428197622299194e-01,-6.236667931079864502e-02,7.114972174167633057e-02,-1.070953756570816040e-01,1.674717068672180176e-01,-4.272866062819957733e-03,6.109303236007690430e-02,-2.482047490775585175e-02,1.632346212863922119e-01,-4.815452545881271362e-02,1.098866984248161316e-01,9.889982640743255615e-02,9.227170795202255249e-02,1.233090236783027649e-01,6.581089645624160767e-02,8.164761960506439209e-02,9.529180824756622314e-03
3.301372528076171875e-01,-1.020307838916778564e-02,3.706395626068115234e-01,1.053192690014839172e-01,1.978632062673568726e-01,9.556396305561065674e-02,6.136808395385742188e-01,1.196654736995697021e-01,3.595697581768035889e-01,8.753404766321182251e-02,6.449775695800781250e-01,2.600755989551544189e-01,1.000000000000000000e+00,3.938668966293334961e-01,4.378778934478759766e-01,1.963807940483093262e-01,4.571167528629302979e-01,9.348664432764053345e-02,1.693685203790664673e-01,-7.342268712818622589e-03,8.990985900163650513e-02,1.018508374691009521e-01,3.583012521266937256e-01,1.986462771892547607e-01,2.443538606166839600e-01,1.431923061609268188e-01,1.725524514913558960e-01,1.167963147163391113e-01,4.644861519336700439e-01,2.555276453495025635e-01,4.078273773193359375e-01,2.624874114990234375e-01,2.274517863988876343e-01,8.652724325656890869e-02,1.649809926748275757e-01,1.921999305486679077e-01,2.200674265623092651e-01,7.240107655525207520e-02,2.443815469741821289e-01,1.721986830234527588e-01,1.064033582806587219e-01,8.212798088788986206e-02,8.116531372070312500e-02,8.628499507904052734e-02,3.930745273828506470e-02,2.235616184771060944e-02,3.630726411938667297e-02,1.986997574567794800e-02,1.526539623737335205e-01,1.294964402914047241e-01,1.579354554414749146e-01,1.189464777708053589e-01,1.013200357556343079e-01,7.659254968166351318e-02,1.757353395223617554e-01,3.708705306053161621e-02,2.081615626811981201e-01,-2.770167402923107147e-02,1.844130009412765503e-01,2.775800600647926331e-02,2.144970148801803589e-01,-1.237770020961761475e-01,3.087932765483856201e-01,-1.435647457838058472e-01,1.836140602827072144e-01,-1.025893390178680420e-01,3.389203175902366638e-02,2.794425003230571747e-02,-1.893107593059539795e-02,-4.007326439023017883e-03,4.609298706054687500e-01,3.436400890350341797e-01,3.112614452838897705e-01,2.242741435766220093e-01,2.179708331823348999e-01,2.468271702527999878e-01,3.773748874664306641e-01,3.307413756847381592e-01,2.454775422811508179e-01,1.137863174080848694e-01,3.199006617069244385e-01,1.210677623748779297e-02,2.470163702964782715e-01,7.657617330551147461e-02,3.205808699131011963e-01,-1.317194104194641113e-01,2.244688570499420166e-01,-2.406641282141208649e-02,2.056466639041900635e-01,-2.488420903682708740e-02,3.378562256693840027e-02,3.809698298573493958e-02,-9.749780595302581787e-02,-2.286058366298675537e-01,1.728644669055938721e-01,1.157225295901298523e-01,1.726498752832412720e-01,1.218770593404769897e-01,1.881492584943771362e-01,2.043933235108852386e-02,-2.818572521209716797e-01,-2.187257856130599976e-01,-2.260843366384506226e-01,-1.760679334402084351e-01,-2.752620540559291840e-02,-1.741229742765426636e-02,1.732069253921508789e-01,-3.054758161306381226e-02,-3.183184936642646790e-02,1.357007678598165512e-02,1.497845351696014404e-01,7.115930318832397461e-02,1.011938974261283875e-01,1.073004826903343201e-01,1.600000262260437012e-01,-1.308094058185815811e-02
