1.000000000000000000e+00,4.838848412036895752e-01,2.246973365545272827e-01,2.974386811256408691e-01,-1.022742316126823425e-01,-8.257920295000076294e-02,1.548562943935394287e-01,2.431631982326507568e-01,-8.947455137968063354e-02,-7.194492220878601074e-02,1.893110573291778564e-01,1.111020669341087341e-01,1.661052256822586060e-01,1.529069691896438599e-01,4.472968727350234985e-02,-1.529646515846252441e-01,2.929139733314514160e-01,2.428260594606399536e-01,3.369667530059814453e-01,4.418869316577911377e-01,-1.675325818359851837e-02,-7.143725454807281494e-02,-1.345225870609283447e-01,2.673996798694133759e-02,-6.954517960548400879e-02,-9.610754996538162231e-02,-6.407608091831207275e-02,-3.333378583192825317e-02,2.450648248195648193e-01,3.772986680269241333e-02,-5.979160591959953308e-02,4.589618474710732698e-04,3.398341834545135498e-01,3.025935292243957520e-01,1.577974706888198853e-01,6.527935713529586792e-02,1.187561824917793274e-01,9.720171988010406494e-02,1.699712425470352173e-01,1.759967952966690063e-02,6.243055313825607300e-02,4.978664219379425049e-02,1.366169154644012451e-01,2.258823215961456299e-01,9.316682815551757812e-02,6.453585624694824219e-02,2.020165473222732544e-01,1.728624999523162842e-01,1.266534924507141113e-01,9.172321856021881104e-02,1.640861630439758301e-01,7.788851857185363770e-02,3.279309272766113281e-01,3.139999508857727051e-01,1.807601451873779297e-01,5.700265243649482727e-02,4.250802397727966309e-01,2.473863512277603149e-01,1.458319425582885742e-01,1.091155633330345154e-01,2.500455081462860107e-01,1.623651683330535889e-01,3.825215995311737061e-01,3.586772382259368896e-01,2.768778204917907715e-01,2.467446327209472656e-01,2.132170945405960083e-01,2.538111209869384766e-01,3.587464690208435059e-01,2.544701993465423584e-01,3.073574043810367584e-02,3.626923635601997375e-02,1.487262994050979614e-01,5.023719742894172668e-02,1.284143924713134766e-01,1.431446149945259094e-02,1.928088665008544922e-01,1.773904711008071899e-01,2.528388500213623047e-01,2.778599560260772705e-01,4.346483647823333740e-01,3.056893050670623779e-01,9.271147847175598145e-02,-4.059676453471183777e-02,4.397278130054473877e-01,3.398257791996002197e-01,-2.330888435244560242e-02,-1.516941636800765991e-01,1.385231465101242065e-01,1.049518063664436340e-01,2.413020581007003784e-01,8.622191101312637329e-02,2.082712203264236450e-01,6.428962200880050659e-02,6.670518219470977783e-02,1.453823037445545197e-02,5.578607320785522461e-02,1.478127483278512955e-02,1.889615654945373535e-01,7.665774971246719360e-02,2.058711796998977661e-01,-1.754386723041534424e-02,2.000405043363571167e-01,-2.207764983177185059e-02,1.991902887821197510e-01,1.415632665157318115e-01,1.706804633140563965e-01,9.032522141933441162e-02,6.574963778257369995e-02,3.669929876923561096e-02,6.926296278834342957e-03,1.467507630586624146e-01,1.023399755358695984e-01,2.036178559064865112e-01,2.036471366882324219e-01,2.351134270429611206e-01
4.838848412036895752e-01,1.000000000000000000e+00,8.332820981740951538e-02,1.980499327182769775e-01,-1.564154922962188721e-01,-6.286735832691192627e-02,-1.032774671912193298e-01,1.314481645822525024e-01,-1.417959928512573242e-01,-3.206875920295715332e-02,1.285012662410736084e-01,1.929540634155273438e-01,-2.175799198448657990e-02,1.715287715196609497e-01,-5.371555685997009277e-02,-4.965466260910034180e-02,2.469734400510787964e-01,3.391985595226287842e-01,2.746213972568511963e-01,3.978007733821868896e-01,-7.519547641277313232e-02,-8.510415256023406982e-02,-1.140546053647994995e-01,-6.028413400053977966e-02,-6.890767812728881836e-02,-7.943272590637207031e-02,-1.131575554609298706e-01,-6.073658820241689682e-03,1.232621967792510986e-01,7.565564662218093872e-02,-1.195747107267379761e-01,-7.579845190048217773e-02,3.601517081260681152e-01,3.603930473327636719e-01,1.539183408021926880e-01,7.871638238430023193e-02,-5.345632787793874741e-03,-7.853143848478794098e-03,9.975705295801162720e-02,5.275215022265911102e-03,4.776164889335632324e-03,9.509481489658355713e-03,1.437533646821975708e-01,2.588058710098266602e-01,1.567276865243911743e-01,2.188945263624191284e-01,1.095259040594100952e-01,1.132860258221626282e-01,2.445039749145507812e-01,2.765731513500213623e-01,3.338050842285156250e-01,2.966528534889221191e-01,3.848878145217895508e-01,3.159503042697906494e-01,2.907573245465755463e-02,-3.674829378724098206e-02,4.810266792774200439e-01,5.053449869155883789e-01,2.908340990543365479e-01,2.870838344097137451e-01,3.973700404167175293e-01,3.886696994304656982e-01,3.983457386493682861e-01,4.763692915439605713e-01,4.038373231887817383e-01,3.964097499847412109e-01,3.202009201049804688e-01,3.707606792449951172e-01,4.034054279327392578e-01,4.046381115913391113e-01,-2.575438283383846283e-02,-3.404581686481833458e-03,7.591931521892547607e-02,7.316076755523681641e-02,9.449256211519241333e-02,4.084058851003646851e-02,1.531811952590942383e-01,1.724417060613632202e-01,2.235057950019836426e-01,2.847539186477661133e-01,3.776825070381164551e-01,2.691057026386260986e-01,5.980128422379493713e-02,9.662609547376632690e-03,4.050413668155670166e-01,2.937840819358825684e-01,3.517954424023628235e-02,-1.014806851744651794e-01,6.085521355271339417e-02,3.846387565135955811e-02,1.556500643491744995e-01,3.110505174845457077e-03,1.268150955438613892e-01,-9.707505523692816496e-05,-5.578073859214782715e-02,-7.528401166200637817e-02,-5.960706621408462524e-02,-9.069034457206726074e-02,4.671292379498481750e-02,-3.103270754218101501e-02,1.482649594545364380e-01,-8.164764195680618286e-02,1.404161602258682251e-01,-6.615336239337921143e-02,1.542477458715438843e-01,6.124412640929222107e-02,1.649558246135711670e-01,1.041354387998580933e-01,-7.607378810644149780e-02,-9.705115854740142822e-02,-8.348061144351959229e-02,4.431910067796707153e-02,3.697545034810900688e-03,7.143784314393997192e-02,7.188446074724197388e-02,1.759185343980789185e-01
2.246973365545272827e-01,8.332820981740951538e-02,1.000000000000000000e+00,4.523918628692626953e-01,1.790906339883804321e-01,4.536613821983337402e-02,3.520137071609497070e-01,2.635394334793090820e-01,1.737616062164306641e-01,6.610613316297531128e-02,1.898084580898284912e-01,1.728529781103134155e-01,1.508153527975082397e-01,4.896832630038261414e-02,1.384600996971130371e-01,5.953216552734375000e-02,1.727784574031829834e-01,9.997833520174026489e-02,2.377666831016540527e-01,1.484277248382568359e-01,1.264748275279998779e-01,7.520347088575363159e-02,2.962849140167236328e-01,2.173936963081359863e-01,1.442102640867233276e-01,1.306225210428237915e-01,1.196764558553695679e-01,8.191129565238952637e-02,2.671414315700531006e-01,1.236483231186866760e-01,2.125829905271530151e-01,2.382896840572357178e-01,8.715807646512985229e-02,1.255413740873336792e-01,6.468333303928375244e-03,2.681867592036724091e-02,2.693308293819427490e-01,3.309502899646759033e-01,2.982374727725982666e-01,2.717405557632446289e-01,1.683282703161239624e-01,2.341308742761611938e-01,8.966580033302307129e-02,5.272801592946052551e-02,9.690189734101295471e-03,6.676283199340105057e-03,1.058336421847343445e-01,1.124667748808860779e-01,1.080191135406494141e-02,9.060672484338283539e-03,1.381950732320547104e-02,2.496472559869289398e-02,1.043858155608177185e-01,9.465447813272476196e-02,3.037811815738677979e-01,2.568649947643280029e-01,6.369987130165100098e-02,-1.416498795151710510e-02,1.906375400722026825e-02,-2.586231380701065063e-02,1.567025296390056610e-02,-8.772021532058715820e-02,5.805836617946624756e-02,-7.443428039550781250e-02,1.696071401238441467e-02,-5.155371502041816711e-02,-1.883711316622793674e-03,-1.338770729489624500e-03,7.282985001802444458e-02,-1.135887391865253448e-02,1.521116942167282104e-01,1.650992929935455322e-01,1.869998425245285034e-01,2.247478216886520386e-01,1.508268564939498901e-01,1.935993283987045288e-01,1.830945312976837158e-01,2.347154617309570312e-01,1.326754093170166016e-01,1.091823577880859375e-01,1.086995899677276611e-01,1.173642650246620178e-01,1.196480542421340942e-02,5.279175564646720886e-02,1.866115480661392212e-01,2.367267757654190063e-01,7.956973277032375336e-03,8.131461590528488159e-02,3.357048928737640381e-01,2.845472395420074463e-01,2.897094190120697021e-01,1.920308172702789307e-01,2.326965183019638062e-01,1.802591681480407715e-01,2.389319241046905518e-01,1.961705684661865234e-01,1.919681876897811890e-01,2.022914588451385498e-01,2.831797003746032715e-01,1.890888810157775879e-01,3.934884071350097656e-01,1.294041574001312256e-01,4.277892112731933594e-01,1.370292752981185913e-01,3.765496909618377686e-01,2.810376286506652832e-01,3.317813277244567871e-01,2.477233260869979858e-01,1.583144813776016235e-01,1.784233450889587402e-01,1.016178056597709656e-01,1.177033185958862305e-01,1.818795204162597656e-01,2.390983849763870239e-01,2.868790030479431152e-01,2.614333033561706543e-01
2.974386811256408691e-01,1.980499327182769775e-01,4.523918628692626953e-01,1.000000000000000000e+00,-2.905679680407047272e-02,6.983998231589794159e-03,3.220313787460327148e-01,4.256377518177032471e-01,1.934093050658702850e-02,5.698480829596519470e-02,1.085040941834449768e-01,1.287240386009216309e-01,8.455626666545867920e-02,7.637539505958557129e-02,-2.258919551968574524e-02,-3.015593625605106354e-02,1.074437573552131653e-01,5.738601088523864746e-02,2.419007867574691772e-01,2.246935963630676270e-01,2.391301654279232025e-02,-5.388405546545982361e-02,8.933974057435989380e-02,6.152138113975524902e-02,-3.952842205762863159e-02,2.629717346280813217e-03,-1.042218878865242004e-02,5.743659567087888718e-03,1.376879364252090454e-01,5.901586264371871948e-02,4.478487186133861542e-03,9.418706595897674561e-02,1.685878634452819824e-02,2.876777574419975281e-02,-1.036471500992774963e-01,-9.322252124547958374e-02,2.061829566955566406e-01,2.661916613578796387e-01,2.080698758363723755e-01,1.372449994087219238e-01,7.352298498153686523e-02,1.043314114212989807e-01,1.966213732957839966e-01,1.173875555396080017e-01,7.167981564998626709e-02,6.706140190362930298e-02,1.699614226818084717e-01,1.293450295925140381e-01,5.715227499604225159e-02,2.386526390910148621e-02,1.463114619255065918e-01,7.093005627393722534e-02,2.851410508155822754e-01,1.493603587150573730e-01,2.421177327632904053e-01,1.954397559165954590e-01,8.490476757287979126e-02,4.533876106142997742e-02,5.010801181197166443e-02,2.927649300545454025e-03,5.134965106844902039e-02,4.669891204684972763e-03,8.690305054187774658e-02,1.247145887464284897e-02,9.887447208166122437e-02,3.151504322886466980e-02,-1.511380728334188461e-02,-7.771586533635854721e-03,7.888066768646240234e-02,9.622752666473388672e-03,-4.602526128292083740e-02,-2.426503598690032959e-02,4.941930994391441345e-02,9.128048270940780640e-02,1.126814410090446472e-01,1.158444136381149292e-01,1.626702249050140381e-01,1.486057341098785400e-01,6.166606396436691284e-02,4.831973090767860413e-02,1.034641265869140625e-01,1.012190803885459900e-01,3.958801180124282837e-02,1.164243789389729500e-03,2.164986878633499146e-01,2.339300960302352905e-01,-2.968716621398925781e-02,5.893362220376729965e-03,3.000411093235015869e-01,2.245370745658874512e-01,3.626384139060974121e-01,2.233601063489913940e-01,3.558774292469024658e-01,2.199300229549407959e-01,1.343797892332077026e-01,1.325794458389282227e-01,7.855812460184097290e-02,9.512478113174438477e-02,2.755664288997650146e-01,2.277754545211791992e-01,3.759244978427886963e-01,1.659018695354461670e-01,3.450985252857208252e-01,1.628226935863494873e-01,2.982170879840850830e-01,2.895814776420593262e-01,2.060063332319259644e-01,1.359309256076812744e-01,-2.198215015232563019e-02,9.948781691491603851e-03,2.322140894830226898e-02,1.689753383398056030e-01,2.238795161247253418e-01,2.424857616424560547e-01,2.825761735439300537e-01,1.908229440450668335e-01
-1.022742316126823425e-01,-1.564154922962188721e-01,1.790906339883804321e-01,-2.905679680407047272e-02,1.000000000000000000e+00,4.294870495796203613e-01,1.425601392984390259e-01,8.259879797697067261e-02,3.589887917041778564e-01,2.544755935668945312e-01,8.311460167169570923e-02,1.724228858947753906e-01,1.232355758547782898e-01,1.469240039587020874e-01,3.176604211330413818e-01,3.603689968585968018e-01,4.692568629980087280e-02,6.014586240053176880e-02,-7.356479018926620483e-02,-1.113575175404548645e-01,2.444130182266235352e-01,2.340083420276641846e-01,3.370108008384704590e-01,2.220328301191329956e-01,5.281512141227722168e-01,4.789353013038635254e-01,5.313624143600463867e-01,3.915662765502929688e-01,1.548061519861221313e-01,2.213075160980224609e-01,3.415056467056274414e-01,3.169490694999694824e-01,-2.091474086046218872e-02,-6.354498118162155151e-02,3.719644621014595032e-03,1.074454262852668762e-01,1.333705186843872070e-01,1.475414037704467773e-01,1.313478052616119385e-01,2.654654979705810547e-01,1.547830104827880859e-01,2.027503401041030884e-01,-2.941876091063022614e-02,-1.335698813199996948e-01,5.444913357496261597e-02,-1.990603469312191010e-02,-1.368713378906250000e-01,-8.282282948493957520e-02,4.304041154682636261e-03,-4.737542942166328430e-03,-9.246008098125457764e-02,-5.319497734308242798e-02,-2.147468775510787964e-01,-6.365433335304260254e-02,1.759388893842697144e-01,1.467540264129638672e-01,-8.215685188770294189e-02,-1.708520948886871338e-01,-1.353704836219549179e-02,2.609622897580265999e-03,-5.490553006529808044e-02,-9.587602317333221436e-02,-1.697341203689575195e-01,-1.989636123180389404e-01,-7.811126857995986938e-02,-6.610216945409774780e-02,4.204306006431579590e-02,-1.550508779473602772e-03,-6.439172662794589996e-03,-1.492255274206399918e-02,2.377407848834991455e-01,2.270162552595138550e-01,5.817331001162528992e-02,2.850485146045684814e-01,-4.016607999801635742e-02,2.063265419565141201e-04,3.279175236821174622e-02,1.211441457271575928e-01,1.354157775640487671e-01,1.462494209408760071e-02,-9.022969007492065430e-02,-6.446016579866409302e-02,1.238652411848306656e-02,1.439710855484008789e-01,-8.858165889978408813e-02,-4.303737357258796692e-02,9.620653092861175537e-02,2.844065725803375244e-01,1.247584596276283264e-01,1.059524267911911011e-01,-4.706547781825065613e-02,-1.088385470211505890e-02,-6.845174729824066162e-02,-1.937886886298656464e-02,1.526668071746826172e-01,1.401617228984832764e-01,7.147067785263061523e-02,1.209340319037437439e-01,-8.868100121617317200e-03,-2.509191259741783142e-02,8.539257198572158813e-02,3.205089271068572998e-02,1.361004710197448730e-01,2.895503677427768707e-02,7.287411391735076904e-02,1.474222168326377869e-02,1.532419323921203613e-01,1.427075713872909546e-01,1.515325903892517090e-01,2.177578359842300415e-01,4.038746468722820282e-03,-5.237014591693878174e-02,-2.159031294286251068e-02,2.027531713247299194e-02,5.531832575798034668e-02,-5.550096556544303894e-02
-8.257920295000076294e-02,-6.286735832691192627e-02,4.536613821983337402e-02,6.983998231589794159e-03,4.294870495796203613e-01,1.000000000000000000e+00,7.834383845329284668e-02,1.006103381514549255e-01,2.344672977924346924e-01,3.610247969627380371e-01,6.420487910509109497e-02,1.760308742523193359e-01,4.045952484011650085e-02,1.201091855764389038e-01,2.361685335636138916e-01,3.966332972049713135e-01,8.141017518937587738e-03,3.881840035319328308e-02,-6.816183775663375854e-02,-3.213603422045707703e-02,7.398754358291625977e-02,9.061071276664733887e-02,1.387039124965667725e-01,1.411427855491638184e-01,3.321942090988159180e-01,3.955400586128234863e-01,2.926967144012451172e-01,4.059545397758483887e-01,3.705935180187225342e-02,1.977921426296234131e-01,7.845268398523330688e-02,6.417906284332275391e-02,-7.119286805391311646e-02,-9.054715931415557861e-02,-8.527655899524688721e-02,2.260659076273441315e-02,7.809343189001083374e-02,7.384844124317169189e-02,1.020622178912162781e-01,1.839483827352523804e-01,4.844241961836814880e-02,1.114242002367973328e-01,6.591360270977020264e-02,-4.038295894861221313e-02,9.215459227561950684e-02,6.346417218446731567e-02,-9.951265156269073486e-02,-7.340733706951141357e-02,7.383253425359725952e-02,6.962881889194250107e-04,5.310159549117088318e-02,2.670517563819885254e-02,-6.194512173533439636e-02,-7.440960407257080078e-02,1.131904348731040955e-01,7.181508839130401611e-02,-5.154696479439735413e-02,-5.729082226753234863e-02,3.153010830283164978e-02,6.521644443273544312e-02,-2.325552050024271011e-03,3.428323194384574890e-02,-1.704288274049758911e-01,-1.430912911891937256e-01,5.518948659300804138e-03,2.084280923008918762e-02,4.786485433578491211e-02,5.074967164546251297e-03,5.593312531709671021e-02,7.849651575088500977e-02,4.579316824674606323e-02,8.292841166257858276e-02,-7.119141519069671631e-02,1.800453513860702515e-01,-9.782621264457702637e-02,-8.873119950294494629e-02,-2.905189059674739838e-02,6.744530051946640015e-02,8.812467753887176514e-02,-1.271706633269786835e-02,-7.425771653652191162e-02,-2.313385531306266785e-02,-3.002694249153137207e-02,1.238869428634643555e-01,-1.507694832980632782e-02,-9.518651291728019714e-03,5.511574447154998779e-02,2.909643650054931641e-01,1.198456361889839172e-01,6.274357438087463379e-02,-8.342286571860313416e-03,-4.490147903561592102e-02,-3.139274567365646362e-02,-5.821788683533668518e-02,2.402615174651145935e-02,4.935346543788909912e-02,-3.967440128326416016e-02,-1.898621767759323120e-02,-5.947393178939819336e-02,-5.657474324107170105e-02,8.054421097040176392e-02,2.233306877315044403e-03,5.936125665903091431e-02,7.636295165866613388e-03,1.333739142864942551e-02,-2.472403645515441895e-02,5.303417518734931946e-02,9.911063313484191895e-02,-8.179734647274017334e-02,-8.871472440659999847e-03,-9.179078787565231323e-02,-9.850149601697921753e-02,-1.000548005104064941e-01,-5.942304432392120361e-02,1.037930697202682495e-02,-3.540466725826263428e-02
1.548562943935394287e-01,-1.032774671912193298e-01,3.520137071609497070e-01,3.220313787460327148e-01,1.425601392984390259e-01,7.834383845329284668e-02,1.000000000000000000e+00,4.532664120197296143e-01,2.728334069252014160e-01,-9.124094620347023010e-03,1.562979072332382202e-01,1.113108992576599121e-01,4.463692903518676758e-01,2.233031690120697021e-01,1.695469021797180176e-01,-4.704074189066886902e-02,1.910285800695419312e-01,5.157776921987533569e-02,4.694517701864242554e-02,9.742192924022674561e-02,1.218065395951271057e-01,1.052705347537994385e-01,1.922751814126968384e-01,2.528433203697204590e-01,1.064125001430511475e-01,1.437515318393707275e-01,1.342628002166748047e-01,1.273835599422454834e-01,2.747026979923248291e-01,1.359158456325531006e-01,2.421900779008865356e-01,3.021364808082580566e-01,-5.325395241379737854e-02,-3.676437959074974060e-02,-1.124471202492713928e-01,-5.859074369072914124e-02,2.076654136180877686e-01,2.650129199028015137e-01,2.487738728523254395e-01,1.659624427556991577e-01,2.081411629915237427e-01,1.896377354860305786e-01,-8.563562296330928802e-03,-1.158572584390640259e-01,-1.812424510717391968e-02,-1.533673703670501709e-01,-1.071059331297874451e-02,-2.267604507505893707e-02,-1.258901804685592651e-01,-1.448645740747451782e-01,-1.629010736942291260e-01,-1.722794622182846069e-01,-8.829881250858306885e-02,-6.036969274282455444e-02,2.332620173692703247e-01,1.388615667819976807e-01,-9.167482703924179077e-02,-2.158090323209762573e-01,-1.382398307323455811e-01,-1.436884254217147827e-01,-1.304838955402374268e-01,-1.941174715757369995e-01,-6.053327396512031555e-02,-1.630034744739532471e-01,-1.122293546795845032e-01,-1.669303327798843384e-01,-1.047083660960197449e-01,-1.406389474868774414e-01,-6.361904740333557129e-02,-9.435378760099411011e-02,1.419108957052230835e-01,1.681836098432540894e-01,2.047300040721893311e-01,1.837663799524307251e-01,1.324119120836257935e-01,8.477985858917236328e-02,1.092287674546241760e-01,7.948472350835800171e-02,1.654862016439437866e-01,2.880716882646083832e-02,1.180418059229850769e-01,1.192542538046836853e-01,5.026514828205108643e-02,1.443175077438354492e-01,1.077635735273361206e-01,1.306874006986618042e-01,9.069248288869857788e-02,1.427077800035476685e-01,2.890931665897369385e-01,2.248171120882034302e-01,1.280148178339004517e-01,1.038395911455154419e-01,1.425547450780868530e-01,1.262730956077575684e-01,1.630404740571975708e-01,1.164141595363616943e-01,1.282282769680023193e-01,1.192671880125999451e-01,1.643104702234268188e-01,1.345779597759246826e-01,2.399618476629257202e-01,1.344276070594787598e-01,2.887752354145050049e-01,1.305294632911682129e-01,2.062169462442398071e-01,2.061876654624938965e-01,2.013184726238250732e-01,5.441177636384963989e-02,1.057101786136627197e-01,1.357555985450744629e-01,6.532567739486694336e-02,4.935142025351524353e-02,1.150735542178153992e-01,1.573931425809860229e-01,1.699309945106506348e-01,3.782426193356513977e-02
2.431631982326507568e-01,1.314481645822525024e-01,2.635394334793090820e-01,4.256377518177032471e-01,8.259879797697067261e-02,1.006103381514549255e-01,4.532664120197296143e-01,1.000000000000000000e+00,2.065831571817398071e-01,1.576222479343414307e-01,1.798519343137741089e-01,2.682468295097351074e-01,3.814867436885833740e-01,4.243806898593902588e-01,1.658383458852767944e-01,9.448845684528350830e-02,2.033233940601348877e-01,1.743270307779312134e-01,1.219077557325363159e-01,1.911124140024185181e-01,1.317461580038070679e-01,7.187760621309280396e-02,1.268265545368194580e-01,1.141236945986747742e-01,1.861978508532047272e-02,9.118136763572692871e-02,5.932402238249778748e-02,1.319159716367721558e-01,2.653715610504150391e-01,2.805848121643066406e-01,1.826813071966171265e-01,2.803882956504821777e-01,3.493548557162284851e-02,1.587169803678989410e-02,-1.080497577786445618e-01,-1.118878871202468872e-01,1.715480387210845947e-01,1.973417550325393677e-01,2.451443374156951904e-01,1.424261778593063354e-01,2.407213151454925537e-01,2.208122014999389648e-01,3.053847514092922211e-02,-1.094576492905616760e-01,7.245977967977523804e-02,-1.957610063254833221e-02,-4.948735982179641724e-02,-9.132999181747436523e-02,4.654098302125930786e-02,-1.053742319345474243e-02,8.442773669958114624e-02,-3.571059554815292358e-02,8.498057723045349121e-02,-9.757211431860923767e-03,1.357681006193161011e-01,3.759882971644401550e-02,7.742457091808319092e-02,-3.310854732990264893e-02,1.896264217793941498e-02,1.909368857741355896e-02,5.707329884171485901e-02,1.174909155815839767e-02,3.124111704528331757e-02,-3.380763158202171326e-02,7.947187125682830811e-02,1.562166307121515274e-02,9.832426905632019043e-03,-4.998239129781723022e-02,1.260377019643783569e-01,7.688164710998535156e-02,1.222006529569625854e-01,1.796409338712692261e-01,1.793685555458068848e-01,2.321442812681198120e-01,1.745275259017944336e-01,1.075914204120635986e-01,1.353748738765716553e-01,5.970548465847969055e-02,1.992887407541275024e-01,7.181985676288604736e-02,2.251264005899429321e-01,1.198416873812675476e-01,1.917074024677276611e-01,1.853242218494415283e-01,2.517059445381164551e-01,1.093523278832435608e-01,7.342722266912460327e-02,1.141424179077148438e-01,2.445203661918640137e-01,1.108513772487640381e-01,1.428589522838592529e-01,3.653417900204658508e-02,1.706736236810684204e-01,5.075930804014205933e-02,6.428226083517074585e-02,3.334900736808776855e-02,-1.310907769948244095e-02,-5.241360515356063843e-03,9.027662873268127441e-02,6.458607316017150879e-02,2.284021377563476562e-01,5.792330577969551086e-02,2.231067568063735962e-01,7.334471493959426880e-02,1.495710015296936035e-01,1.512822061777114868e-01,1.580291092395782471e-01,7.861001044511795044e-02,-4.590777307748794556e-02,-1.540796924382448196e-02,-9.037414193153381348e-02,9.033595211803913116e-03,5.762262269854545593e-02,8.832692354917526245e-02,1.363540589809417725e-01,6.450867652893066406e-02
-8.947455137968063354e-02,-1.417959928512573242e-01,1.737616062164306641e-01,1.934093050658702850e-02,3.589887917041778564e-01,2.344672977924346924e-01,2.728334069252014160e-01,2.065831571817398071e-01,1.000000000000000000e+00,3.637226223945617676e-01,1.377653181552886963e-01,2.200947850942611694e-01,3.593491017818450928e-01,2.963670194149017334e-01,4.345308840274810791e-01,3.257445693016052246e-01,-2.535687526687979698e-03,1.125493198633193970e-01,-1.804790496826171875e-01,-8.613676577806472778e-02,2.445731461048126221e-01,2.525697946548461914e-01,2.968278825283050537e-01,2.947812676429748535e-01,1.818909645080566406e-01,2.358825355768203735e-01,2.550840675830841064e-01,2.857416272163391113e-01,1.936187297105789185e-01,3.731061518192291260e-01,3.525147140026092529e-01,3.257310390472412109e-01,-1.611321568489074707e-01,-1.539003401994705200e-01,-1.587497740983963013e-01,-7.931360602378845215e-02,1.976080089807510376e-01,2.118729203939437866e-01,2.334576100111007690e-01,3.026457130908966064e-01,2.921444475650787354e-01,2.929619848728179932e-01,4.570256918668746948e-02,-1.063443198800086975e-01,8.237434178590774536e-02,2.294759452342987061e-02,-1.635720878839492798e-01,-8.040218800306320190e-02,1.020831894129514694e-02,2.219788031652569771e-03,-4.565136134624481201e-02,1.655703037977218628e-02,-1.856359690427780151e-01,-1.059673801064491272e-01,1.179661825299263000e-01,1.509888321161270142e-01,-1.056291013956069946e-01,-1.715440899133682251e-01,-8.895937353372573853e-02,1.584727130830287933e-02,-9.789966046810150146e-02,-5.185135453939437866e-02,-2.645575106143951416e-01,-2.572937607765197754e-01,-1.363715678453445435e-01,-1.029575020074844360e-01,-6.162462010979652405e-02,-1.142469048500061035e-01,-1.703579537570476532e-02,5.888443440198898315e-02,1.616969704627990723e-01,2.112933546304702759e-01,1.896366775035858154e-01,3.190304040908813477e-01,1.285446733236312866e-01,1.301310807466506958e-01,7.506593596190214157e-03,3.902615979313850403e-02,1.511316448450088501e-01,-2.940879948437213898e-02,-1.999807916581630707e-02,-6.585934013128280640e-02,1.049652919173240662e-01,3.757435679435729980e-01,-2.714963443577289581e-02,-4.955545812845230103e-02,9.647386521100997925e-02,3.994726836681365967e-01,2.137557715177536011e-01,1.311763226985931396e-01,-3.597154468297958374e-02,2.821543440222740173e-02,-3.956132009625434875e-02,3.614284098148345947e-02,7.313516736030578613e-02,8.138640969991683960e-02,2.448154799640178680e-02,1.069555804133415222e-01,6.108715198934078217e-03,5.601765587925910950e-02,9.367571771144866943e-02,1.205625385046005249e-01,9.391682595014572144e-02,1.464622914791107178e-01,-5.226984247565269470e-02,-5.181004293262958527e-03,2.592311985790729523e-02,1.564234644174575806e-01,2.290639095008373260e-02,8.955878019332885742e-02,-3.764943778514862061e-02,-1.072343066334724426e-01,-6.409547477960586548e-02,3.229445219039916992e-02,3.623115271329879761e-02,-4.355383664369583130e-02
-7.194492220878601074e-02,-3.206875920295715332e-02,6.610613316297531128e-02,5.698480829596519470e-02,2.544755935668945312e-01,3.610247969627380371e-01,-9.124094620347023010e-03,1.576222479343414307e-01,3.637226223945617676e-01,1.000000000000000000e+00,1.041926369071006775e-01,2.599090039730072021e-01,9.856900572776794434e-02,2.560813128948211670e-01,2.994339168071746826e-01,5.556031465530395508e-01,-4.693283699452877045e-03,7.763845473527908325e-02,-6.920669972896575928e-02,2.011289121583104134e-03,1.925614029169082642e-01,1.665503382682800293e-01,1.550011634826660156e-01,9.838719666004180908e-02,4.775166511535644531e-02,1.627959161996841431e-01,1.190512552857398987e-01,2.420898526906967163e-01,4.590913280844688416e-02,3.654810488224029541e-01,1.417017430067062378e-01,1.001480594277381897e-01,-1.062529012560844421e-01,-1.221864745020866394e-01,-1.031397506594657898e-01,-8.078768104314804077e-02,1.701465994119644165e-01,1.441963315010070801e-01,1.588514000177383423e-01,2.955024242401123047e-01,1.386629343032836914e-01,2.399978488683700562e-01,1.926663815975189209e-01,1.522378809750080109e-02,1.592283099889755249e-01,2.062800526618957520e-01,-8.974599093198776245e-02,-3.964911401271820068e-02,1.494347304105758667e-01,5.279996246099472046e-02,2.029304951429367065e-01,1.658733934164047241e-01,1.605389453470706940e-02,-7.816263288259506226e-02,8.333027362823486328e-02,1.511719673871994019e-01,-6.021725479513406754e-03,-1.614426379092037678e-03,8.150535076856613159e-02,1.358660608530044556e-01,8.151988685131072998e-02,1.337955743074417114e-01,-1.921451985836029053e-01,-1.845526248216629028e-01,7.863163203001022339e-02,7.727610319852828979e-02,8.164940774440765381e-02,1.238937582820653915e-02,1.677495539188385010e-01,1.881345212459564209e-01,1.051088422536849976e-02,1.171794831752777100e-01,-5.909915640950202942e-02,2.408780753612518311e-01,2.510827593505382538e-02,8.604720979928970337e-02,-3.916483744978904724e-02,5.817378684878349304e-02,1.152686700224876404e-01,-3.328591957688331604e-02,-8.440278470516204834e-03,-6.082187965512275696e-02,5.943955853581428528e-02,2.538579106330871582e-01,4.898305237293243408e-02,-2.510263398289680481e-02,-4.335692524909973145e-02,3.841347694396972656e-01,1.801782846450805664e-01,8.102915436029434204e-02,5.750203877687454224e-02,2.744609490036964417e-02,3.403441607952117920e-02,-1.384408120065927505e-02,1.073274016380310059e-02,5.065185576677322388e-02,-8.296760171651840210e-02,1.413836423307657242e-02,-1.128248497843742371e-02,3.323012962937355042e-02,1.076856702566146851e-01,1.444771979004144669e-02,2.174143306910991669e-02,5.514186620712280273e-02,-8.730160444974899292e-02,-5.223587900400161743e-02,-2.065213397145271301e-02,1.538751721382141113e-01,-7.027658075094223022e-02,-5.254745110869407654e-02,-1.461474299430847168e-01,-6.941093504428863525e-02,-7.135490328073501587e-02,-6.671587377786636353e-02,3.606349602341651917e-02,5.843472853302955627e-02
1.893110573291778564e-01,1.285012662410736084e-01,1.898084580898284912e-01,1.085040941834449768e-01,8.311460167169570923e-02,6.420487910509109497e-02,1.562979072332382202e-01,1.798519343137741089e-01,1.377653181552886963e-01,1.041926369071006775e-01,1.000000000000000000e+00,5.137174129486083984e-01,3.607078492641448975e-01,2.529354393482208252e-01,2.381033450365066528e-01,1.769092082977294922e-01,4.463583827018737793e-01,2.215225249528884888e-01,-1.721076220273971558e-01,-9.294951707124710083e-02,3.130126595497131348e-01,2.858850359916687012e-01,2.755005061626434326e-01,2.244413644075393677e-01,8.022217452526092529e-02,1.109937280416488647e-01,9.620529413223266602e-02,1.856556832790374756e-01,4.634977579116821289e-01,3.480450212955474854e-01,3.152561187744140625e-01,2.907830476760864258e-01,1.046912744641304016e-01,1.503196060657501221e-01,8.060786873102188110e-02,1.424556076526641846e-01,2.828014791011810303e-01,2.049010097980499268e-01,3.061475455760955811e-01,2.399043440818786621e-01,3.050983548164367676e-01,3.279735743999481201e-01,-8.444020897150039673e-02,-1.819207817316055298e-01,1.067707166075706482e-01,8.856581896543502808e-02,-2.735440731048583984e-01,-2.187776118516921997e-01,1.251866221427917480e-01,1.045213416218757629e-01,8.644336462020874023e-02,7.199262827634811401e-02,-1.932665556669235229e-01,-1.933038681745529175e-01,3.123054979369044304e-03,1.312437467277050018e-03,2.465218156576156616e-01,1.271414905786514282e-01,2.371762096881866455e-01,1.977966576814651489e-01,2.398164272308349609e-01,2.165122330188751221e-01,4.338074848055839539e-02,1.117250230163335800e-02,2.372245639562606812e-01,1.347847729921340942e-01,1.725995689630508423e-01,1.830216944217681885e-01,1.037462428212165833e-01,1.630828231573104858e-01,2.844395339488983154e-01,3.593392670154571533e-01,3.504007458686828613e-01,4.104771614074707031e-01,2.707156836986541748e-01,3.130264282226562500e-01,6.028819829225540161e-02,1.752926856279373169e-01,3.019857406616210938e-01,1.760980039834976196e-01,2.501090168952941895e-01,2.540866434574127197e-01,1.802274882793426514e-01,2.247522473335266113e-01,2.499312609434127808e-01,1.988166123628616333e-01,1.312798708677291870e-01,1.608437597751617432e-01,1.960199475288391113e-01,1.058678030967712402e-01,-1.817477345466613770e-01,-2.516158521175384521e-01,-2.326815277338027954e-01,-2.333645671606063843e-01,-2.526478283107280731e-02,-8.257003128528594971e-02,-5.204917863011360168e-02,-5.744879692792892456e-02,-1.597144603729248047e-01,-2.239214479923248291e-01,-1.733177155256271362e-02,-1.887931078672409058e-01,8.349744975566864014e-02,-1.474043428897857666e-01,9.150111675262451172e-02,-7.232577539980411530e-03,1.658868193626403809e-01,1.746857613325119019e-01,9.998630732297897339e-03,3.193329647183418274e-02,-5.028243735432624817e-02,-2.541733086109161377e-01,-2.021598964929580688e-01,-1.918516308069229126e-01,-1.257312893867492676e-01,3.324395418167114258e-02
1.111020669341087341e-01,1.929540634155273438e-01,1.728529781103134155e-01,1.287240386009216309e-01,1.724228858947753906e-01,1.760308742523193359e-01,1.113108992576599121e-01,2.682468295097351074e-01,2.200947850942611694e-01,2.599090039730072021e-01,5.137174129486083984e-01,1.000000000000000000e+00,3.164317011833190918e-01,4.188534319400787354e-01,2.329726964235305786e-01,3.270960748195648193e-01,3.547448515892028809e-01,3.499809801578521729e-01,-1.447640806436538696e-01,-6.854024529457092285e-02,3.010575175285339355e-01,3.033154904842376709e-01,3.222423791885375977e-01,1.916809529066085815e-01,1.157511398196220398e-01,1.744483411312103271e-01,1.351585984230041504e-01,2.778165340423583984e-01,3.878452777862548828e-01,5.045551657676696777e-01,3.291230797767639160e-01,3.078082799911499023e-01,7.037626206874847412e-02,1.083619147539138794e-01,1.205678191035985947e-02,1.097367852926254272e-01,2.411886900663375854e-01,2.002295702695846558e-01,3.217858374118804932e-01,3.258466124534606934e-01,3.487581908702850342e-01,3.923808932304382324e-01,-4.853371903300285339e-02,-1.880487650632858276e-01,1.642462015151977539e-01,1.514238268136978149e-01,-3.068670332431793213e-01,-2.256741225719451904e-01,1.780484318733215332e-01,1.789015829563140869e-01,1.580455452203750610e-01,1.347526460886001587e-01,-1.489444524049758911e-01,-1.693423241376876831e-01,2.298521064221858978e-02,3.348934277892112732e-02,1.921870410442352295e-01,1.746789067983627319e-01,2.798126339912414551e-01,3.008306324481964111e-01,2.250461876392364502e-01,2.876771092414855957e-01,-5.379596725106239319e-02,1.657618582248687744e-02,2.702679336071014404e-01,2.118763327598571777e-01,2.029528915882110596e-01,1.807447075843811035e-01,1.165595576167106628e-01,2.173938900232315063e-01,2.845593690872192383e-01,3.756243586540222168e-01,2.716218531131744385e-01,4.605852663516998291e-01,2.222732752561569214e-01,2.606711089611053467e-01,8.882117271423339844e-02,1.843122690916061401e-01,3.741627633571624756e-01,2.253161221742630005e-01,2.407282888889312744e-01,2.558187544345855713e-01,1.886080801486968994e-01,3.148551583290100098e-01,2.867340743541717529e-01,1.521799713373184204e-01,1.452140361070632935e-01,3.051808774471282959e-01,2.129098773002624512e-01,1.179207637906074524e-01,-1.395934522151947021e-01,-1.958490312099456787e-01,-1.793115586042404175e-01,-1.854488551616668701e-01,1.345417648553848267e-02,-9.933932684361934662e-03,-9.630949050188064575e-02,-4.988083988428115845e-02,-1.602368801832199097e-01,-1.837528496980667114e-01,3.652821108698844910e-02,-1.254425048828125000e-01,9.057699888944625854e-02,-6.994628161191940308e-02,7.821248471736907959e-02,3.206095844507217407e-02,1.609986126422882080e-01,2.588115036487579346e-01,-3.005104139447212219e-02,3.174266591668128967e-02,-1.141486614942550659e-01,-2.384792566299438477e-01,-2.109511345624923706e-01,-1.895968019962310791e-01,-5.266753211617469788e-02,6.156262382864952087e-02
1.661052256822586060e-01,-2.175799198448657990e-02,1.508153527975082397e-01,8.455626666545867920e-02,1.232355758547782898e-01,4.045952484011650085e-02,4.463692903518676758e-01,3.814867436885833740e-01,3.593491017818450928e-01,9.856900572776794434e-02,3.607078492641448975e-01,3.164317011833190918e-01,1.000000000000000000e+00,4.341705143451690674e-01,3.555214703083038330e-01,1.005152016878128052e-01,2.821347713470458984e-01,1.288647502660751343e-01,-1.186096817255020142e-01,2.506919763982295990e-02,2.530566155910491943e-01,2.608737349510192871e-01,2.642343342304229736e-01,3.654881417751312256e-01,8.662765845656394958e-03,6.432174891233444214e-02,9.727877378463745117e-02,1.590845286846160889e-01,4.285900890827178955e-01,3.189927041530609131e-01,3.836165666580200195e-01,4.247411191463470459e-01,6.224417686462402344e-02,7.833798974752426147e-02,-4.285334423184394836e-02,-4.354524239897727966e-02,1.596962958574295044e-01,1.722935289144515991e-01,2.390746623277664185e-01,1.609458923339843750e-01,3.438262343406677246e-01,2.856177985668182373e-01,-8.109100162982940674e-02,-2.341868877410888672e-01,1.408997625112533569e-01,-3.476480394601821899e-02,-2.177437245845794678e-01,-2.083058208227157593e-01,6.906928867101669312e-02,3.476912900805473328e-02,-1.935672946274280548e-02,-5.669021606445312500e-02,-1.853650361299514771e-01,-1.596384644508361816e-01,1.914100348949432373e-02,-1.758730039000511169e-02,1.296464949846267700e-01,-6.416293978691101074e-02,3.703569993376731873e-02,6.368949264287948608e-02,3.911662474274635315e-02,-8.961637649917975068e-05,-1.211776956915855408e-02,-9.525369107723236084e-02,1.973150111734867096e-02,-2.410112880170345306e-02,4.373155534267425537e-02,-2.419388480484485626e-02,8.865720033645629883e-02,1.021808534860610962e-01,2.886372506618499756e-01,3.572821319103240967e-01,3.340647816658020020e-01,3.368439972400665283e-01,2.337693721055984497e-01,2.037555426359176636e-01,4.361443594098091125e-02,6.141792610287666321e-02,2.497816532850265503e-01,3.914292156696319580e-02,2.051340639591217041e-01,1.153141781687736511e-01,2.460595518350601196e-01,2.701453864574432373e-01,1.572321355342864990e-01,5.052022263407707214e-02,1.030853241682052612e-01,1.707413196563720703e-01,1.623535752296447754e-01,5.030228570103645325e-02,-1.250510811805725098e-01,-1.592900604009628296e-01,-1.077970266342163086e-01,-1.357512623071670532e-01,-1.641497015953063965e-03,-4.725043103098869324e-02,-5.194019526243209839e-02,-5.252524092793464661e-02,-8.893682062625885010e-02,-1.177356317639350891e-01,3.138581290841102600e-02,-1.056298017501831055e-01,1.199956685304641724e-01,-8.395010232925415039e-02,5.018715932965278625e-02,2.521626651287078857e-02,1.259689331054687500e-01,3.891892731189727783e-02,3.312624245882034302e-02,2.698858454823493958e-02,-1.032710000872612000e-01,-1.762375235557556152e-01,-1.395979523658752441e-01,-8.262727409601211548e-02,-3.829306736588478088e-02,9.235456585884094238e-03
