1.000000000000000000e+00,5.577364563941955566e-01,6.526988744735717773e-01,4.454081952571868896e-01,9.920973330736160278e-02,-1.059075370430946350e-01,6.999785900115966797e-01,4.114602208137512207e-01,1.342338025569915771e-01,2.123488485813140869e-02,5.269315242767333984e-01,2.570848464965820312e-01,6.349452137947082520e-01,2.598553597927093506e-01,2.563172280788421631e-01,1.795430034399032593e-01,2.952945530414581299e-01,1.966275423765182495e-01,6.825296282768249512e-01,6.097155213356018066e-01,-2.155795693397521973e-02,1.416300088167190552e-01,4.988243579864501953e-01,4.266848564147949219e-01,2.612254619598388672e-01,1.760292947292327881e-01,9.149026870727539062e-02,5.023984983563423157e-02,3.045134842395782471e-01,1.650374382734298706e-01,2.876269817352294922e-01,2.604397535324096680e-01,6.557055711746215820e-01,5.072712898254394531e-01,2.365478277206420898e-01,9.511965326964855194e-03,1.450815498828887939e-01,2.695753276348114014e-01,-3.137880191206932068e-02,1.209059655666351318e-01,3.148428499698638916e-01,2.803849279880523682e-01,3.609684705734252930e-01,2.743327319622039795e-01,3.671012222766876221e-01,3.985477983951568604e-01,3.698575496673583984e-01,3.162111937999725342e-01,4.880577325820922852e-01,4.807555079460144043e-01,5.266656875610351562e-01,4.529621005058288574e-01,4.097895920276641846e-01,3.656030297279357910e-01,2.576915323734283447e-01,1.940560787916183472e-01,7.042933702468872070e-01,4.901327192783355713e-01,7.166188955307006836e-01,4.242390394210815430e-01,7.213116884231567383e-01,2.360341697931289673e-01,4.171895682811737061e-01,2.816072404384613037e-01,4.830331802368164062e-01,3.169910013675689697e-01,6.096235513687133789e-01,3.245250284671783447e-01,5.966526269912719727e-01,5.072934627532958984e-01,2.989067733287811279e-01,3.187508583068847656e-01,4.321751892566680908e-01,2.743694782257080078e-01,3.113651275634765625e-01,1.890954077243804932e-01,3.988578617572784424e-01,3.368222415447235107e-01,1.948881298303604126e-01,1.452246755361557007e-01,3.166263699531555176e-01,2.064918875694274902e-01,2.885480597615242004e-02,1.625077128410339355e-01,4.781477153301239014e-01,3.257991373538970947e-01,2.170061022043228149e-01,-3.805343434214591980e-02,4.764668345451354980e-01,1.522310525178909302e-01,1.484596282243728638e-01,3.103659451007843018e-01,3.715258836746215820e-01,2.374025583267211914e-01,-8.438984304666519165e-02,-5.017451569437980652e-02,-6.095561757683753967e-02,6.118369847536087036e-02,2.298350036144256592e-01,3.269508779048919678e-01,1.309275478124618530e-01,1.150913089513778687e-01,1.850952953100204468e-01,1.039952784776687622e-01,1.841843277215957642e-01,8.397246710956096649e-03,-3.208712115883827209e-02,6.334403157234191895e-02,-2.439329028129577637e-02,-1.456321179866790771e-01,2.650546282529830933e-02,7.865729182958602905e-02,1.517307013273239136e-01,1.426405757665634155e-01,2.214855253696441650e-01,1.040715202689170837e-01
5.577364563941955566e-01,1.000000000000000000e+00,3.941499888896942139e-01,5.422029495239257812e-01,4.483875259757041931e-02,8.119489997625350952e-02,4.228114783763885498e-01,5.365011096000671387e-01,4.494959488511085510e-02,1.289937943220138550e-01,3.393326401710510254e-01,3.721466660499572754e-01,4.090833961963653564e-01,4.215595126152038574e-01,1.719018369913101196e-01,2.682826519012451172e-01,3.423437774181365967e-01,4.491037428379058838e-01,5.057689547538757324e-01,6.717160940170288086e-01,5.687914323061704636e-03,1.223764792084693909e-01,3.189400136470794678e-01,3.292005360126495361e-01,1.187327280640602112e-01,2.127650380134582520e-01,2.675142697989940643e-02,1.217709481716156006e-01,3.469321727752685547e-01,2.627553641796112061e-01,1.637879014015197754e-01,3.749063313007354736e-01,5.297353863716125488e-01,5.721636414527893066e-01,1.925425827503204346e-01,-4.243377596139907837e-02,2.162960767745971680e-01,3.378826677799224854e-01,1.569361984729766846e-02,8.580199629068374634e-02,3.435713052749633789e-01,2.665929496288299561e-01,3.859765529632568359e-01,3.501472771167755127e-01,3.216063976287841797e-01,4.942814409732818604e-01,3.473454415798187256e-01,3.667409718036651611e-01,4.628693163394927979e-01,5.280464291572570801e-01,4.303226768970489502e-01,4.468696713447570801e-01,4.304704070091247559e-01,2.925302684307098389e-01,2.493309229612350464e-01,3.171306252479553223e-01,5.179843306541442871e-01,7.743154168128967285e-01,5.661039352416992188e-01,6.365982890129089355e-01,4.874350428581237793e-01,5.487812161445617676e-01,3.536315858364105225e-01,6.298115849494934082e-01,1.625763475894927979e-01,3.997063934803009033e-01,4.597494602203369141e-01,3.872057497501373291e-01,6.139016747474670410e-01,5.890285968780517578e-01,2.727776467800140381e-01,3.375515341758728027e-01,3.755769133567810059e-01,3.318117260932922363e-01,2.865231931209564209e-01,2.354437857866287231e-01,3.947218358516693115e-01,3.881616294384002686e-01,2.267764061689376831e-01,2.032439410686492920e-01,3.775508105754852295e-01,4.429652094841003418e-01,9.637639671564102173e-02,2.652260065078735352e-01,2.494457066059112549e-01,3.577755987644195557e-01,2.508341968059539795e-01,1.169451028108596802e-01,3.288010954856872559e-01,3.228812217712402344e-01,2.611689269542694092e-01,3.326015472412109375e-01,2.916023433208465576e-01,1.151841804385185242e-01,-3.952283784747123718e-02,-8.172351121902465820e-02,9.356571361422538757e-03,4.472840949892997742e-02,3.233141899108886719e-01,4.029764831066131592e-01,2.028896659612655640e-01,3.354827687144279480e-02,3.047843873500823975e-01,5.184147879481315613e-02,2.058930695056915283e-01,1.581301726400852203e-02,6.204765290021896362e-02,1.583161503076553345e-01,-5.309013184159994125e-03,-4.396000131964683533e-02,1.471371501684188843e-01,1.507059782743453979e-01,2.451299577951431274e-01,1.923359334468841553e-01,1.603455096483230591e-01,1.312478631734848022e-01
6.526988744735717773e-01,3.941499888896942139e-01,1.000000000000000000e+00,4.402867555618286133e-01,1.654341220855712891e-01,-9.275978803634643555e-02,6.902744174003601074e-01,3.100573420524597168e-01,1.801051348447799683e-01,-2.330254763364791870e-02,4.321556091308593750e-01,1.017414033412933350e-01,5.081557035446166992e-01,1.019589155912399292e-01,2.999061644077301025e-01,1.226289868354797363e-01,2.496637701988220215e-01,1.642551273107528687e-01,7.276110649108886719e-01,4.825814664363861084e-01,1.454284042119979858e-01,1.555796563625335693e-01,7.918919920921325684e-01,6.099895834922790527e-01,5.323007106781005859e-01,2.885268330574035645e-01,2.405207455158233643e-01,8.372939378023147583e-02,2.265172451734542847e-01,1.255413740873336792e-01,4.572952389717102051e-01,3.272393941879272461e-01,5.884347558021545410e-01,3.856036067008972168e-01,2.770740091800689697e-01,4.938637092709541321e-02,1.648508459329605103e-01,2.601402699947357178e-01,2.980619110167026520e-02,7.334293425083160400e-02,1.634709984064102173e-01,1.236986666917800903e-01,3.353367745876312256e-01,2.605951428413391113e-01,3.490160107612609863e-01,2.186245471239089966e-01,3.143821358680725098e-01,2.717801630496978760e-01,2.645688652992248535e-01,2.672116458415985107e-01,3.296999037265777588e-01,2.507738769054412842e-01,2.124623656272888184e-01,2.877730131149291992e-01,1.899816244840621948e-01,1.538297981023788452e-01,5.012269020080566406e-01,3.844053447246551514e-01,4.541281163692474365e-01,1.649080961942672729e-01,4.351585209369659424e-01,3.035992197692394257e-02,8.911813795566558838e-02,5.589385330677032471e-02,5.215622186660766602e-01,2.600442469120025635e-01,5.277732610702514648e-01,2.673181295394897461e-01,4.203037023544311523e-01,3.740396201610565186e-01,3.606181740760803223e-01,4.265661537647247314e-01,3.388407528400421143e-01,1.892437636852264404e-01,2.175699621438980103e-01,1.879975199699401855e-01,3.746471107006072998e-01,3.933704793453216553e-01,1.977408379316329956e-01,1.542496085166931152e-01,3.050886988639831543e-01,2.447380125522613525e-01,8.832065761089324951e-02,1.627089679241180420e-01,5.316706895828247070e-01,3.048115074634552002e-01,3.006985485553741455e-01,2.481120824813842773e-02,4.960838556289672852e-01,1.899096667766571045e-01,1.671886593103408813e-01,3.118527531623840332e-01,3.128108382225036621e-01,4.437476396560668945e-01,7.921392098069190979e-03,1.405166368931531906e-02,5.569544062018394470e-02,7.598800957202911377e-02,1.770458221435546875e-01,2.722562551498413086e-01,9.617596515454351902e-04,3.477820456027984619e-01,1.081507951021194458e-01,2.154234945774078369e-01,1.941211968660354614e-01,1.459430009126663208e-01,5.253506079316139221e-02,7.265001535415649414e-02,8.720999956130981445e-02,-1.014100760221481323e-01,1.636209934949874878e-01,1.118623241782188416e-01,1.323042362928390503e-01,1.361063122749328613e-01,1.864800751209259033e-01,2.045344412326812744e-01
4.454081952571868896e-01,5.422029495239257812e-01,4.402867555618286133e-01,1.000000000000000000e+00,9.682580828666687012e-02,2.358545549213886261e-02,4.855622351169586182e-01,7.993593811988830566e-01,1.143241524696350098e-01,1.510618329048156738e-01,2.522428035736083984e-01,2.909219264984130859e-01,3.572545051574707031e-01,4.249176383018493652e-01,6.443807482719421387e-02,1.025441363453865051e-01,2.343191206455230713e-01,2.949111461639404297e-01,3.840990960597991943e-01,4.742738902568817139e-01,4.698717594146728516e-02,9.330907464027404785e-02,3.716864883899688721e-01,6.026704311370849609e-01,-3.148880600929260254e-02,1.410765945911407471e-01,-2.814457193017005920e-02,4.060227051377296448e-02,2.098553925752639771e-01,1.391383558511734009e-01,1.765404045581817627e-01,4.479400515556335449e-01,4.893937408924102783e-01,5.441466569900512695e-01,8.999565988779067993e-02,4.138283804059028625e-02,-4.675723612308502197e-02,1.646145135164260864e-01,-9.851090610027313232e-02,4.461104050278663635e-03,2.136698216199874878e-01,1.631364077329635620e-01,1.181846037507057190e-01,2.585403807461261749e-02,5.990324541926383972e-02,2.893850207328796387e-01,1.295650005340576172e-01,6.730920076370239258e-02,1.157078742980957031e-01,2.098395526409149170e-01,1.374361664056777954e-01,1.747227758169174194e-01,2.202658355236053467e-01,7.116370648145675659e-02,6.598524749279022217e-02,2.679440677165985107e-01,4.478836059570312500e-01,3.140991628170013428e-01,3.339631259441375732e-01,2.898569703102111816e-01,3.615307509899139404e-01,2.860240936279296875e-01,2.817868292331695557e-01,3.417562246322631836e-01,9.025084227323532104e-02,3.635541200637817383e-01,2.981766462326049805e-01,2.547576427459716797e-01,3.956622481346130371e-01,3.789642453193664551e-01,2.021137624979019165e-01,2.757283747196197510e-01,2.716585397720336914e-01,3.340706527233123779e-01,1.261294782161712646e-01,1.587929725646972656e-01,2.336885333061218262e-01,2.526149153709411621e-01,1.248016953468322754e-01,1.176633611321449280e-01,3.088203668594360352e-01,2.771370112895965576e-01,2.849172987043857574e-02,1.451296210289001465e-01,1.723834872245788574e-01,3.704868853092193604e-01,2.267685532569885254e-01,1.499859839677810669e-01,3.181166052818298340e-01,4.077327549457550049e-01,6.919188052415847778e-02,1.246504783630371094e-01,2.180347144603729248e-01,-9.458544105291366577e-02,-1.036671623587608337e-01,-1.077758893370628357e-01,-5.443077906966209412e-02,-4.345978051424026489e-02,1.181239411234855652e-01,2.349330931901931763e-01,1.054339483380317688e-01,-5.272050201892852783e-02,1.351458132266998291e-01,2.700983081012964249e-03,7.639192789793014526e-02,-7.937331683933734894e-03,-2.911791391670703888e-02,1.847971826791763306e-01,1.531183440238237381e-02,-1.878412663936614990e-01,-8.279299363493919373e-03,-3.604650869965553284e-02,-7.175946980714797974e-02,9.394034743309020996e-02,6.728576123714447021e-02,1.264230906963348389e-01
9.920973330736160278e-02,4.483875259757041931e-02,1.654341220855712891e-01,9.682580828666687012e-02,1.000000000000000000e+00,6.515463590621948242e-01,1.536517590284347534e-01,-9.406866878271102905e-02,7.472234964370727539e-01,5.839804410934448242e-01,2.678237855434417725e-01,2.491338551044464111e-02,1.864293515682220459e-01,-1.280644387006759644e-01,5.775654315948486328e-01,2.852567434310913086e-01,1.130462437868118286e-01,-4.064698703587055206e-03,1.178322061896324158e-01,8.044861257076263428e-02,3.267246782779693604e-01,1.719978600740432739e-01,1.770046502351760864e-01,9.530206769704818726e-02,3.882941007614135742e-01,4.761382341384887695e-01,5.980587601661682129e-01,6.170039176940917969e-01,1.398949921131134033e-01,4.988730885088443756e-03,1.843798309564590454e-01,2.359712421894073486e-01,1.403367668390274048e-01,1.839453727006912231e-01,1.579895168542861938e-01,8.703192323446273804e-02,2.199601531028747559e-01,1.049748584628105164e-01,2.261407971382141113e-01,1.650682836771011353e-01,1.691522449254989624e-01,1.316105425357818604e-01,-2.528666891157627106e-02,-3.252573311328887939e-02,9.626130759716033936e-02,9.769610315561294556e-02,-7.802218943834304810e-02,-1.042162701487541199e-01,7.620967179536819458e-02,8.293595165014266968e-02,7.130838930606842041e-02,8.391890674829483032e-03,-1.345458328723907471e-01,-8.871600031852722168e-02,3.492546081542968750e-02,-2.416838705539703369e-02,1.491413712501525879e-01,-9.889514185488224030e-03,1.563463509082794189e-01,5.953368730843067169e-03,1.652417778968811035e-01,5.053863301873207092e-02,1.026693806052207947e-01,2.073417045176029205e-02,1.324734836816787720e-01,6.261926889419555664e-02,1.123745962977409363e-01,1.926426887512207031e-01,1.271120607852935791e-01,9.781319648027420044e-02,2.210020720958709717e-01,1.941132843494415283e-01,2.147499173879623413e-01,6.094638630747795105e-02,1.744695752859115601e-01,-8.500853925943374634e-02,3.428405150771141052e-02,6.225531175732612610e-02,1.338181197643280029e-01,1.247499510645866394e-01,7.225894182920455933e-02,6.194984167814254761e-02,5.404565483331680298e-02,-4.756793007254600525e-02,8.427581936120986938e-02,1.287775188684463501e-01,1.842913627624511719e-01,1.142210513353347778e-01,2.195450514554977417e-01,2.143242955207824707e-01,7.128701359033584595e-02,-3.143207728862762451e-02,2.174432873725891113e-01,3.163711354136466980e-02,1.013136208057403564e-01,1.116909533739089966e-01,9.766890108585357666e-02,3.451116010546684265e-02,6.917460262775421143e-02,-3.290915489196777344e-02,-1.283220201730728149e-01,-9.285359829664230347e-02,-1.141374036669731140e-01,-6.246929615736007690e-02,4.818550124764442444e-02,-6.439083069562911987e-02,-7.947865128517150879e-02,-2.416043579578399658e-01,5.974248424172401428e-02,5.150446668267250061e-02,1.326515823602676392e-01,4.976278543472290039e-02,-9.630949050188064575e-02,-1.193818151950836182e-01,-4.403258487582206726e-02,1.402726769447326660e-02
-1.059075370430946350e-01,8.119489997625350952e-02,-9.275978803634643555e-02,2.358545549213886261e-02,6.515463590621948242e-01,1.000000000000000000e+00,-1.674689501523971558e-01,-8.965288847684860229e-02,6.708083152770996094e-01,7.614251375198364258e-01,1.249229237437248230e-01,1.057582423090934753e-01,-2.577963285148143768e-03,1.387250237166881561e-02,5.102856755256652832e-01,4.671366512775421143e-01,1.019475013017654419e-01,1.320839971303939819e-01,-8.038964122533798218e-02,-2.218274772167205811e-02,3.254162967205047607e-01,1.814985871315002441e-01,-7.173305749893188477e-02,-7.906585186719894409e-02,2.401557713747024536e-01,4.764941632747650146e-01,5.656548142433166504e-01,7.158321142196655273e-01,4.755884036421775818e-02,-1.178929489105939865e-02,9.701432287693023682e-02,2.103319913148880005e-01,-2.947605028748512268e-02,1.326299905776977539e-01,1.161748021841049194e-01,1.378065496683120728e-01,2.101078182458877563e-01,1.794160455465316772e-01,2.716673016548156738e-01,2.382110208272933960e-01,1.728128045797348022e-01,1.155930981040000916e-01,-5.852533504366874695e-02,-1.111029740422964096e-02,2.142016030848026276e-02,1.534923762083053589e-01,-1.228215247392654419e-01,-2.873332239687442780e-02,3.556590236257761717e-04,5.621472001075744629e-02,-1.660404726862907410e-02,-4.309415817260742188e-02,-1.315219104290008545e-01,-1.037311926484107971e-01,8.773278445005416870e-02,1.906945854425430298e-01,3.694806247949600220e-02,3.804408758878707886e-02,-4.161307588219642639e-03,-2.818142063915729523e-02,1.391937490552663803e-02,1.318734884262084961e-01,4.541298258118331432e-04,1.608512550592422485e-01,-1.178901791572570801e-01,2.239375002682209015e-02,-2.010696940124034882e-02,1.860238760709762573e-01,-5.189349502325057983e-02,3.711956366896629333e-02,1.972890794277191162e-01,1.615508198738098145e-01,1.373623758554458618e-01,8.137667924165725708e-02,9.803242981433868408e-02,-3.830865025520324707e-02,4.616561904549598694e-02,4.903628304600715637e-02,1.037729997187852859e-02,6.879676133394241333e-02,-3.795823082327842712e-02,1.041226610541343689e-01,1.729195415973663330e-01,4.080329462885856628e-02,-9.282837808132171631e-02,8.746622502803802490e-02,1.903998702764511108e-01,2.608028352260589600e-01,4.934621229767799377e-02,3.288739919662475586e-01,1.021696701645851135e-01,-9.189102053642272949e-02,6.985546648502349854e-02,-7.149894535541534424e-02,1.372622698545455933e-01,1.499473452568054199e-01,1.878482103347778320e-01,9.722852706909179688e-02,1.442680954933166504e-01,3.459175117313861847e-03,2.693475969135761261e-02,-1.599703580141067505e-01,6.781259924173355103e-02,-3.805076004937291145e-03,1.375024169683456421e-01,7.580668479204177856e-02,3.734111040830612183e-02,-1.252698302268981934e-01,3.213394805788993835e-02,9.478665143251419067e-02,1.471643745899200439e-01,1.612544059753417969e-01,-4.244747757911682129e-02,-3.471472114324569702e-02,-3.622182086110115051e-02,2.128216065466403961e-02
6.999785900115966797e-01,4.228114783763885498e-01,6.902744174003601074e-01,4.855622351169586182e-01,1.536517590284347534e-01,-1.674689501523971558e-01,1.000000000000000000e+00,3.563350439071655273e-01,1.614832133054733276e-01,-1.457379106432199478e-02,4.360116720199584961e-01,1.017389371991157532e-01,6.552007794380187988e-01,1.072892099618911743e-01,1.736786961555480957e-01,1.598459435626864433e-03,1.761871129274368286e-01,9.360929578542709351e-02,5.325260162353515625e-01,4.928881824016571045e-01,-9.687854349613189697e-02,-3.184537217020988464e-02,5.266191959381103516e-01,4.576598107814788818e-01,1.843297779560089111e-01,2.639752812683582306e-02,-9.609013795852661133e-03,-3.571231290698051453e-02,2.543118894100189209e-01,7.226330041885375977e-02,2.378057539463043213e-01,1.840256303548812866e-01,5.599289536476135254e-01,4.248796403408050537e-01,7.290204614400863647e-02,-1.308980137109756470e-01,-4.533891100436449051e-03,1.333464682102203369e-01,-1.176513284444808960e-01,-7.623814791440963745e-02,2.217314392328262329e-01,1.349420845508575439e-01,2.809093892574310303e-01,1.365162134170532227e-01,3.405197858810424805e-01,2.553878128528594971e-01,3.127316534519195557e-01,1.684330254793167114e-01,3.710672855377197266e-01,3.194663524627685547e-01,3.586610853672027588e-01,3.010656535625457764e-01,3.309511244297027588e-01,2.476106882095336914e-01,1.794319599866867065e-01,8.368705213069915771e-02,5.240161418914794922e-01,3.776396811008453369e-01,5.607630610466003418e-01,3.618427813053131104e-01,5.417845249176025391e-01,2.733819782733917236e-01,3.262961208820343018e-01,1.967655867338180542e-01,4.121681451797485352e-01,3.189073801040649414e-01,4.864281117916107178e-01,2.038391530513763428e-01,4.816720187664031982e-01,3.839903771877288818e-01,2.217536717653274536e-01,2.960927784442901611e-01,2.969839274883270264e-01,1.625481843948364258e-01,2.051863372325897217e-01,1.333995908498764038e-01,2.492955327033996582e-01,2.668855488300323486e-01,1.397290676832199097e-01,1.323021799325942993e-01,3.125708401203155518e-01,1.451973617076873779e-01,-6.325407326221466064e-02,7.720450311899185181e-02,3.536394536495208740e-01,2.697418928146362305e-01,1.397168934345245361e-01,-1.309950053691864014e-01,4.802921116352081299e-01,1.343512535095214844e-01,1.197213903069496155e-01,2.549830973148345947e-01,3.867663443088531494e-01,2.078194022178649902e-01,-1.308798789978027344e-01,-1.129466593265533447e-01,-1.188225224614143372e-01,-5.219251662492752075e-02,1.389141082763671875e-01,2.255002707242965698e-01,5.058427155017852783e-02,1.280781328678131104e-01,1.393516510725021362e-01,9.882714599370956421e-02,1.283810287714004517e-01,-4.800422489643096924e-02,-5.632543563842773438e-02,6.957241892814636230e-02,3.613185510039329529e-02,-2.282882481813430786e-01,-1.704785041511058807e-02,-1.472182571887969971e-03,8.222653716802597046e-02,8.249153196811676025e-02,1.673693060874938965e-01,1.345992982387542725e-01
4.114602208137512207e-01,5.365011096000671387e-01,3.100573420524597168e-01,7.993593811988830566e-01,-9.406866878271102905e-02,-8.965288847684860229e-02,3.563350439071655273e-01,1.000000000000000000e+00,-4.568088799715042114e-02,6.248804554343223572e-02,1.893811970949172974e-01,4.094874858856201172e-01,3.592736721038818359e-01,6.499174237251281738e-01,-5.733913928270339966e-02,1.677285581827163696e-01,2.572683095932006836e-01,3.543383479118347168e-01,3.072277903556823730e-01,4.089633226394653320e-01,-4.630872607231140137e-02,5.238676071166992188e-02,2.426530569791793823e-01,4.495061635971069336e-01,-1.879869401454925537e-01,-1.924853213131427765e-02,-1.957862675189971924e-01,-1.134836152195930481e-01,2.182472050189971924e-01,2.089491039514541626e-01,4.718718305230140686e-02,3.741873800754547119e-01,4.308640062808990479e-01,4.792362749576568604e-01,4.507350921630859375e-02,6.038043275475502014e-02,-3.640861436724662781e-02,1.839620172977447510e-01,-1.163573190569877625e-01,-1.814588531851768494e-02,2.012345492839813232e-01,1.480324119329452515e-01,4.783884063363075256e-02,1.730282232165336609e-02,-8.367444574832916260e-02,2.054243385791778564e-01,1.003556847572326660e-01,8.656915277242660522e-02,1.630155928432941437e-02,1.108455136418342590e-01,4.242683574557304382e-02,8.292615413665771484e-02,1.996466815471649170e-01,1.627799496054649353e-02,2.138738520443439484e-02,2.596349120140075684e-01,4.152601659297943115e-01,2.807684242725372314e-01,2.391409575939178467e-01,1.945620477199554443e-01,3.451574444770812988e-01,2.452580630779266357e-01,2.590523958206176758e-01,3.984230458736419678e-01,-7.841157168149948120e-02,1.904874444007873535e-01,1.472559720277786255e-01,1.225068420171737671e-01,3.150036633014678955e-01,3.215489983558654785e-01,1.356262266635894775e-01,2.165019810199737549e-01,1.938695162534713745e-01,3.510026633739471436e-01,8.765046298503875732e-02,1.353152990341186523e-01,2.534761130809783936e-01,2.304649949073791504e-01,9.010729938745498657e-02,8.046168088912963867e-02,2.451577782630920410e-01,2.749976217746734619e-01,7.038310915231704712e-02,2.248522639274597168e-01,5.985344201326370239e-02,2.712936699390411377e-01,1.310682445764541626e-01,1.593049317598342896e-01,1.690620630979537964e-01,3.025073707103729248e-01,4.362608771771192551e-03,7.053326815366744995e-02,8.637796342372894287e-02,-1.734976023435592651e-01,-6.190414726734161377e-02,-1.069430261850357056e-01,-2.796830236911773682e-02,-2.893793582916259766e-02,7.007367163896560669e-02,2.289602011442184448e-01,1.835924088954925537e-01,-1.103595495223999023e-01,1.821689903736114502e-01,-3.676992491818964481e-04,1.021842136979103088e-01,4.553683102130889893e-03,1.164619345217943192e-02,2.211066782474517822e-01,7.658006157726049423e-03,-1.534223407506942749e-01,-6.687586754560470581e-02,5.782043561339378357e-03,-5.180427059531211853e-02,6.673201173543930054e-02,4.946394264698028564e-02,9.095840156078338623e-02
1.342338025569915771e-01,4.494959488511085510e-02,1.801051348447799683e-01,1.143241524696350098e-01,7.472234964370727539e-01,6.708083152770996094e-01,1.614832133054733276e-01,-4.568088799715042114e-02,1.000000000000000000e+00,7.034073472023010254e-01,3.691816926002502441e-01,1.136841848492622375e-01,2.693867981433868408e-01,1.387529168277978897e-02,6.259729266166687012e-01,4.100414216518402100e-01,1.863902658224105835e-01,1.945664174854755402e-02,1.463425308465957642e-01,1.444405913352966309e-01,2.354457080364227295e-01,2.052844762802124023e-01,1.586974114179611206e-01,9.162865579128265381e-02,3.871427178382873535e-01,4.679574072360992432e-01,4.914412796497344971e-01,5.803015828132629395e-01,1.681068539619445801e-01,3.756960481405258179e-02,2.918984889984130859e-01,2.717637121677398682e-01,2.144785821437835693e-01,2.158193141222000122e-01,1.420909762382507324e-01,9.273988753557205200e-02,2.279767841100692749e-01,2.075125724077224731e-01,2.205898910760879517e-01,1.923348456621170044e-01,2.151237577199935913e-01,1.589362919330596924e-01,7.639341056346893311e-03,-1.787364855408668518e-02,9.807309508323669434e-02,1.305448859930038452e-01,-2.850578539073467255e-02,-3.609510138630867004e-02,7.125832885503768921e-02,7.361678779125213623e-02,7.673077285289764404e-02,-2.196759916841983795e-02,-8.104714006185531616e-02,-8.925576508045196533e-02,8.918076753616333008e-02,9.404757618904113770e-02,2.541673779487609863e-01,-1.031833142042160034e-02,1.708056479692459106e-01,-6.228189542889595032e-02,2.306093126535415649e-01,5.798720940947532654e-02,1.410501599311828613e-01,6.206524744629859924e-02,5.228880792856216431e-02,4.480326175689697266e-02,1.311280429363250732e-01,2.176611423492431641e-01,1.385188996791839600e-01,1.510495543479919434e-01,3.036285042762756348e-01,2.915669679641723633e-01,2.897732257843017578e-01,1.324668228626251221e-01,1.501939147710800171e-01,1.194614078849554062e-02,1.013109609484672546e-01,1.301723420619964600e-01,8.878524601459503174e-02,9.691842645406723022e-02,1.368562281131744385e-01,4.398233816027641296e-02,1.267972290515899658e-01,5.199303478002548218e-02,7.942860573530197144e-02,1.151522248983383179e-01,2.064004987478256226e-01,1.480276584625244141e-01,2.402097880840301514e-01,2.160315811634063721e-01,1.323561817407608032e-01,-2.478326670825481415e-03,1.083963364362716675e-01,1.220845524221658707e-02,1.069903299212455750e-01,1.629543602466583252e-01,1.696814149618148804e-01,1.038799285888671875e-01,1.728237718343734741e-01,9.873302280902862549e-02,-5.774414911866188049e-02,-9.648127108812332153e-02,-2.034291252493858337e-02,1.324937585741281509e-02,9.449580311775207520e-02,-4.383907094597816467e-02,-2.260200493037700653e-02,-1.863911896944046021e-01,8.131697028875350952e-02,1.030667796730995178e-01,1.525494009256362915e-01,1.538668274879455566e-01,-3.347477316856384277e-02,-3.496990352869033813e-02,-1.688125659711658955e-03,3.177171945571899414e-02
2.123488485813140869e-02,1.289937943220138550e-01,-2.330254763364791870e-02,1.510618329048156738e-01,5.839804410934448242e-01,7.614251375198364258e-01,-1.457379106432199478e-02,6.248804554343223572e-02,7.034073472023010254e-01,1.000000000000000000e+00,2.093452662229537964e-01,1.885816752910614014e-01,1.235270425677299500e-01,1.753627359867095947e-01,4.581101536750793457e-01,5.583783388137817383e-01,2.127306759357452393e-01,1.357706636190414429e-01,-8.678936399519443512e-03,1.092282086610794067e-01,1.524968892335891724e-01,1.131680086255073547e-01,9.362327866256237030e-03,4.539142921566963196e-02,2.117931991815567017e-01,4.524193406105041504e-01,4.409096539020538330e-01,6.033731102943420410e-01,1.540807634592056274e-01,1.049728468060493469e-01,1.358462423086166382e-01,2.414847910404205322e-01,1.186223775148391724e-01,2.448471784591674805e-01,5.070146918296813965e-02,8.056656271219253540e-02,2.181818783283233643e-01,2.097578197717666626e-01,2.480987459421157837e-01,2.324758023023605347e-01,2.574303746223449707e-01,1.579049378633499146e-01,-1.541207917034626007e-02,-1.660449244081974030e-02,4.253044724464416504e-02,1.451578736305236816e-01,-3.381095454096794128e-02,7.310957182198762894e-03,3.968269750475883484e-02,7.018687576055526733e-02,1.083903945982456207e-02,-1.836808398365974426e-02,-9.653923660516738892e-02,-3.061387501657009125e-02,7.505282014608383179e-02,1.934064328670501709e-01,1.757697612047195435e-01,8.648368716239929199e-02,4.777286574244499207e-02,-1.590334437787532806e-02,1.076508536934852600e-01,2.434554547071456909e-01,1.168684288859367371e-01,2.153242379426956177e-01,-1.564848124980926514e-01,4.529919475317001343e-02,1.721953414380550385e-02,2.197155207395553589e-01,1.007411330938339233e-01,1.686915755271911621e-01,1.921672523021697998e-01,2.003271728754043579e-01,2.120722085237503052e-01,2.260417789220809937e-01,1.257877200841903687e-01,7.845612615346908569e-02,1.038080602884292603e-01,1.151986345648765564e-01,7.061145454645156860e-02,1.448768675327301025e-01,1.151251047849655151e-01,1.422558426856994629e-01,1.507440209388732910e-01,1.451335549354553223e-01,-1.044513955712318420e-01,1.232856810092926025e-01,1.654193550348281860e-01,2.382101118564605713e-01,8.901486545801162720e-02,2.929714620113372803e-01,1.216889172792434692e-01,-3.041135612875223160e-03,6.163427978754043579e-02,-5.560581758618354797e-02,1.244378760457038879e-01,1.733857393264770508e-01,1.856308281421661377e-01,1.392475962638854980e-01,1.794984638690948486e-01,1.164110302925109863e-01,1.200646348297595978e-02,-1.291922479867935181e-01,7.161644101142883301e-02,3.048200160264968872e-02,1.303993910551071167e-01,3.687542304396629333e-02,-9.498440660536289215e-03,-1.026561260223388672e-01,8.608295768499374390e-02,9.498185664415359497e-02,1.632271558046340942e-01,1.951684355735778809e-01,-8.422219194471836090e-03,3.256580978631973267e-02,-1.529470551759004593e-02,-6.857609841972589493e-03
5.269315242767333984e-01,3.393326401710510254e-01,4.321556091308593750e-01,2.522428035736083984e-01,2.678237855434417725e-01,1.249229237437248230e-01,4.360116720199584961e-01,1.893811970949172974e-01,3.691816926002502441e-01,2.093452662229537964e-01,1.000000000000000000e+00,3.678556382656097412e-01,6.378048658370971680e-01,2.456791847944259644e-01,4.390369057655334473e-01,2.760199010372161865e-01,3.466045558452606201e-01,2.625336647033691406e-01,5.358678102493286133e-01,4.516433179378509521e-01,8.584488928318023682e-02,1.275164783000946045e-01,3.888933062553405762e-01,2.524192631244659424e-01,2.634362578392028809e-01,2.226731032133102417e-01,1.671153903007507324e-01,1.816672980785369873e-01,4.202307462692260742e-01,2.816608250141143799e-01,4.475701451301574707e-01,4.329706728458404541e-01,3.772335946559906006e-01,3.662682473659515381e-01,1.540695875883102417e-01,3.112833388149738312e-02,9.242982417345046997e-02,2.645159363746643066e-01,3.596725314855575562e-02,1.573236584663391113e-01,1.400446444749832153e-01,2.034891247749328613e-01,2.235467433929443359e-01,1.481190770864486694e-01,2.523010075092315674e-01,2.575293779373168945e-01,1.981345564126968384e-01,1.772333830595016479e-01,3.010489940643310547e-01,2.672623991966247559e-01,2.783722877502441406e-01,2.016748636960983276e-01,1.764256358146667480e-01,1.272024810314178467e-01,1.490398943424224854e-01,1.737907379865646362e-01,4.350957572460174561e-01,3.042594194412231445e-01,4.225824475288391113e-01,1.970402151346206665e-01,4.063566923141479492e-01,2.190346568822860718e-01,2.831829488277435303e-01,2.110332697629928589e-01,2.328338474035263062e-01,1.946327537298202515e-01,3.487462997436523438e-01,1.975630074739456177e-01,3.596076965332031250e-01,3.649952113628387451e-01,3.070141077041625977e-01,2.812523245811462402e-01,3.341730535030364990e-01,1.602376103401184082e-01,2.366854995489120483e-01,9.845645725727081299e-02,2.930720746517181396e-01,3.176129460334777832e-01,1.024636924266815186e-01,1.581978350877761841e-01,2.917486727237701416e-01,2.183743566274642944e-01,2.176905572414398193e-01,2.629635930061340332e-01,3.596290647983551025e-01,2.548544406890869141e-01,2.381423562765121460e-01,1.147700771689414978e-01,3.646233379840850830e-01,2.021867930889129639e-01,2.107964307069778442e-01,1.691922396421432495e-01,2.497398257255554199e-01,1.805660873651504517e-01,1.249369308352470398e-01,1.356026381254196167e-01,1.039488539099693298e-01,1.567353904247283936e-01,2.156313657760620117e-01,2.560546696186065674e-01,1.891994178295135498e-01,6.099150329828262329e-02,1.268710047006607056e-01,1.336630433797836304e-02,9.543120115995407104e-02,-7.793515920639038086e-02,7.195807248353958130e-02,-7.977730594575405121e-03,-6.238300818949937820e-03,9.635227173566818237e-02,1.409135311841964722e-01,9.390240162611007690e-02,-1.262579206377267838e-02,5.696776509284973145e-02,6.366456300020217896e-02,1.538716554641723633e-01
2.570848464965820312e-01,3.721466660499572754e-01,1.017414033412933350e-01,2.909219264984130859e-01,2.491338551044464111e-02,1.057582423090934753e-01,1.017389371991157532e-01,4.094874858856201172e-01,1.136841848492622375e-01,1.885816752910614014e-01,3.678556382656097412e-01,1.000000000000000000e+00,3.317392170429229736e-01,5.707878470420837402e-01,1.504102498292922974e-01,3.122180104255676270e-01,4.916586875915527344e-01,6.310668587684631348e-01,2.011661678552627563e-01,3.645748794078826904e-01,2.320626527070999146e-01,1.533164530992507935e-01,1.182743459939956665e-01,1.558742970228195190e-01,-1.468175835907459259e-02,1.106000095605850220e-01,-5.470817163586616516e-02,4.425776004791259766e-02,4.820323586463928223e-01,5.171226263046264648e-01,3.310385644435882568e-01,4.398109316825866699e-01,2.887108623981475830e-01,3.370283246040344238e-01,9.667914360761642456e-02,7.260961830615997314e-02,1.690525412559509277e-01,2.368715405464172363e-01,1.096022725105285645e-01,1.590199619531631470e-01,2.513640522956848145e-01,1.808524131774902344e-01,1.158765107393264771e-01,1.530113220214843750e-01,5.994280800223350525e-02,2.306203544139862061e-01,1.793614476919174194e-01,2.613137662410736084e-01,1.050994694232940674e-01,1.352870464324951172e-01,8.607423305511474609e-02,1.037113443017005920e-01,1.363172680139541626e-01,4.899340122938156128e-02,9.613304585218429565e-02,2.780558764934539795e-01,3.021033406257629395e-01,2.128748595714569092e-01,1.902166306972503662e-01,1.417500823736190796e-01,2.696105539798736572e-01,2.323678135871887207e-01,3.031548559665679932e-01,3.906481862068176270e-01,-1.068441346287727356e-01,6.800765544176101685e-02,1.476682126522064209e-01,1.936857253313064575e-01,1.641177833080291748e-01,2.854472696781158447e-01,1.305950880050659180e-01,2.272778004407882690e-01,1.506850719451904297e-01,3.156996071338653564e-01,1.409426927566528320e-01,1.533841490745544434e-01,3.058216869831085205e-01,2.857358157634735107e-01,3.012821078300476074e-01,3.148154020309448242e-01,3.791394233703613281e-01,3.853268027305603027e-01,2.415021955966949463e-01,4.470124244689941406e-01,9.942776709794998169e-02,1.983602046966552734e-01,1.537333130836486816e-01,2.772912979125976562e-01,8.863793313503265381e-02,2.584694623947143555e-01,1.067119464278221130e-01,8.312166482210159302e-02,9.726999700069427490e-02,-5.324075743556022644e-02,3.045047819614410400e-01,2.115166783332824707e-01,2.302670031785964966e-01,2.023967206478118896e-01,2.476115524768829346e-01,3.055208027362823486e-01,2.222514897584915161e-01,-1.525064837187528610e-02,2.669053971767425537e-01,1.964359283447265625e-01,2.430698871612548828e-01,1.471944898366928101e-01,8.424612134695053101e-02,1.203181147575378418e-01,-2.446458488702774048e-02,3.307401239871978760e-01,6.822469830513000488e-02,1.393835842609405518e-01,5.631425976753234863e-02,2.341614067554473877e-01,1.827443540096282959e-01,1.296159923076629639e-01
6.349452137947082520e-01,4.090833961963653564e-01,5.081557035446166992e-01,3.572545051574707031e-01,1.864293515682220459e-01,-2.577963285148143768e-03,6.552007794380187988e-01,3.592736721038818359e-01,2.693867981433868408e-01,1.235270425677299500e-01,6.378048658370971680e-01,3.317392170429229736e-01,1.000000000000000000e+00,3.759981989860534668e-01,3.686131536960601807e-01,3.033302426338195801e-01,3.117086291313171387e-01,2.360218167304992676e-01,5.092247128486633301e-01,4.636507332324981689e-01,-5.493235960602760315e-02,-1.524781156331300735e-02,3.636258244514465332e-01,2.899014353752136230e-01,1.311411261558532715e-01,9.596425294876098633e-02,1.064572669565677643e-02,6.418197602033615112e-02,3.731866478919982910e-01,1.930315792560577393e-01,2.178070545196533203e-01,2.840021550655364990e-01,4.654067158699035645e-01,4.049358069896697998e-01,1.237108632922172546e-01,-5.559425801038742065e-02,1.234897896647453308e-01,2.872504293918609619e-01,-4.635172896087169647e-03,8.997549861669540405e-02,2.794246375560760498e-01,3.173950910568237305e-01,1.887335628271102905e-01,1.057157441973686218e-01,1.906886100769042969e-01,2.249638438224792480e-01,2.026235014200210571e-01,1.363634914159774780e-01,2.938609421253204346e-01,2.556491196155548096e-01,2.722950577735900879e-01,2.159705013036727905e-01,2.649486362934112549e-01,1.356683969497680664e-01,1.897587180137634277e-01,1.730046421289443970e-01,4.425394833087921143e-01,3.237222433090209961e-01,5.051223635673522949e-01,2.472457140684127808e-01,5.479250550270080566e-01,2.572528123855590820e-01,3.412680625915527344e-01,2.592222392559051514e-01,2.592037916183471680e-01,2.043148428201675415e-01,3.515477776527404785e-01,1.257396638393402100e-01,4.158489704132080078e-01,3.704186975955963135e-01,2.723865807056427002e-01,2.775011062622070312e-01,3.425940275192260742e-01,2.575481832027435303e-01,2.523146569728851318e-01,1.827480196952819824e-01,3.539799749851226807e-01,2.976166605949401855e-01,1.652058809995651245e-01,1.257233321666717529e-01,3.075061440467834473e-01,2.160540372133255005e-01,1.253678798675537109e-01,2.611310482025146484e-01,3.372656404972076416e-01,2.988953292369842529e-01,1.726207286119461060e-01,8.061081171035766602e-02,4.224443137645721436e-01,2.091893553733825684e-01,1.222430244088172913e-01,2.206885814666748047e-01,2.748827040195465088e-01,1.491441279649734497e-01,-6.016949191689491272e-03,2.065205201506614685e-02,-5.205135326832532883e-03,8.254301548004150391e-02,1.794002801179885864e-01,2.884435951709747314e-01,2.133429497480392456e-01,5.627252906560897827e-02,1.725277304649353027e-01,9.225331991910934448e-02,1.024280562996864319e-01,-1.014632582664489746e-01,4.556350782513618469e-02,6.425105780363082886e-02,-1.783193787559866905e-03,-1.116234287619590759e-01,-4.419770557433366776e-03,7.822112739086151123e-02,7.171720266342163086e-02,7.555606961250305176e-02,1.398690491914749146e-01,1.417971998453140259e-01
