1.000000000000000000e+00,5.004159212112426758e-01,4.735404849052429199e-01,2.232354581356048584e-01,1.131900399923324585e-01,2.924709394574165344e-02,5.033684968948364258e-01,1.493223160505294800e-01,1.389412283897399902e-01,-7.299815118312835693e-02,5.468419790267944336e-01,2.849771678447723389e-01,4.044291377067565918e-01,2.566082477569580078e-01,1.800165176391601562e-01,1.114807501435279846e-01,4.159460961818695068e-01,1.468323618173599243e-01,5.470606088638305664e-01,3.765003383159637451e-01,1.352638751268386841e-01,1.567303091287612915e-01,1.404409706592559814e-01,-1.247729267925024033e-02,5.133706331253051758e-02,7.478086650371551514e-02,7.258139550685882568e-02,2.408977597951889038e-02,2.288123667240142822e-01,2.392256408929824829e-01,-1.163287367671728134e-02,-8.258646726608276367e-02,4.316248297691345215e-01,3.116160035133361816e-01,3.281803429126739502e-01,-3.770642215386033058e-03,2.971936762332916260e-01,1.517362892627716064e-01,2.177244871854782104e-01,1.452893912792205811e-01,9.966726414859294891e-03,1.543702036142349243e-01,1.874050796031951904e-01,1.740121841430664062e-01,6.307094544172286987e-02,-8.594419341534376144e-05,2.687472999095916748e-01,8.270238339900970459e-02,1.445471346378326416e-01,9.370015561580657959e-02,3.220023214817047119e-01,2.091487869620323181e-02,1.347815096378326416e-01,8.056391775608062744e-02,1.858153939247131348e-01,7.983072847127914429e-02,5.199993252754211426e-01,4.243052303791046143e-01,3.572646677494049072e-01,8.173788338899612427e-02,5.521144866943359375e-01,1.092848274856805801e-02,2.848476767539978027e-01,-8.641217648983001709e-02,2.309178709983825684e-01,-2.374963834881782532e-02,2.776415646076202393e-01,3.848308324813842773e-02,4.597084820270538330e-01,4.593458771705627441e-01,1.415707767009735107e-01,1.357891559600830078e-01,1.337431818246841431e-01,2.218231558799743652e-01,2.429592907428741455e-01,1.746220141649246216e-01,4.108390808105468750e-01,3.381784260272979736e-01,2.567304968833923340e-01,1.274131983518600464e-01,2.805796265602111816e-01,1.082725226879119873e-01,1.214370280504226685e-01,1.557982861995697021e-01,2.421918958425521851e-01,1.131071057170629501e-02,1.111046150326728821e-01,1.248304694890975952e-01,3.217995464801788330e-01,1.779073774814605713e-01,9.824179112911224365e-02,2.646768689155578613e-01,3.795770928263664246e-02,1.867595911026000977e-01,4.554517939686775208e-02,-4.172226786613464355e-02,2.976206503808498383e-02,-5.010990053415298462e-02,1.432446986436843872e-01,1.440487205982208252e-01,8.101186156272888184e-02,1.324870884418487549e-01,1.085633486509323120e-01,1.640931963920593262e-01,6.620018929243087769e-02,2.171258032321929932e-01,3.957760334014892578e-02,2.007415890693664551e-01,1.219202578067779541e-02,1.552008837461471558e-01,1.059307679533958435e-01,1.361721456050872803e-01,1.754739433526992798e-01,1.407290250062942505e-01,5.476324632763862610e-02,7.709556072950363159e-02
5.004159212112426758e-01,1.000000000000000000e+00,2.403097301721572876e-01,3.893763124942779541e-01,3.893025219440460205e-02,1.156577318906784058e-01,2.676071822643280029e-01,4.160130023956298828e-01,-5.257618427276611328e-02,2.596157602965831757e-02,1.838541328907012939e-01,4.772866368293762207e-01,3.535915538668632507e-02,4.017078578472137451e-01,-7.455603778362274170e-02,1.571910232305526733e-01,2.964867651462554932e-01,3.449882268905639648e-01,3.589636683464050293e-01,4.566315114498138428e-01,1.528941988945007324e-01,2.275204062461853027e-01,1.594387292861938477e-01,9.647902101278305054e-02,1.092836540192365646e-02,9.393696486949920654e-02,-9.121526032686233521e-03,4.691694676876068115e-02,1.930125951766967773e-01,3.195131719112396240e-01,8.922670036554336548e-02,8.414644747972488403e-02,3.848491311073303223e-01,3.973753452301025391e-01,1.126148328185081482e-01,-6.109636742621660233e-03,3.250395059585571289e-01,1.688634157180786133e-01,1.198843941092491150e-01,1.677414625883102417e-01,5.980061739683151245e-02,2.472013831138610840e-01,2.490567564964294434e-01,2.635571956634521484e-01,1.891921162605285645e-01,1.685551255941390991e-01,1.936154067516326904e-01,1.497935801744461060e-01,5.770868435502052307e-02,1.405278593301773071e-01,9.916274249553680420e-02,2.795200236141681671e-02,1.725603640079498291e-01,1.479178518056869507e-01,6.577001512050628662e-02,1.134935319423675537e-01,4.391909837722778320e-01,5.322256088256835938e-01,1.831996589899063110e-01,1.462555378675460815e-01,2.489668875932693481e-01,2.241452932357788086e-01,1.489543914794921875e-01,1.893549561500549316e-01,2.302512060850858688e-03,5.127431452274322510e-02,1.499205976724624634e-01,5.442953854799270630e-02,4.577466249465942383e-01,4.272806048393249512e-01,2.807530947029590607e-02,1.607874333858489990e-01,1.508968919515609741e-01,2.785471677780151367e-01,1.204196289181709290e-01,2.489867359399795532e-01,2.985295057296752930e-01,3.730852901935577393e-01,1.817401051521301270e-01,2.124607712030410767e-01,2.708199620246887207e-01,2.447184175252914429e-01,1.792303323745727539e-01,1.845737546682357788e-01,6.992857903242111206e-02,7.345690578222274780e-02,1.173862516880035400e-01,1.901694238185882568e-01,6.554612517356872559e-02,2.863995730876922607e-01,1.658488959074020386e-01,5.979230254888534546e-02,7.288779318332672119e-02,1.007960829883813858e-02,1.064362674951553345e-01,8.231412619352340698e-03,2.531578065827488899e-03,-7.006115466356277466e-02,1.889607906341552734e-01,8.531461656093597412e-02,1.748449206352233887e-01,3.039965406060218811e-02,2.272645086050033569e-01,7.170353084802627563e-02,1.298224367201328278e-02,4.320020973682403564e-02,1.119254156947135925e-01,2.729904055595397949e-01,-9.099471382796764374e-03,1.227255240082740784e-01,9.611946344375610352e-02,1.969486624002456665e-01,1.569603830575942993e-01,1.318908184766769409e-01,9.245340526103973389e-02,1.062865406274795532e-01
4.735404849052429199e-01,2.403097301721572876e-01,1.000000000000000000e+00,5.013112425804138184e-01,1.567116528749465942e-01,-4.470313712954521179e-02,7.500419616699218750e-01,3.212819993495941162e-01,3.083385229110717773e-01,6.870806962251663208e-02,3.095560371875762939e-01,-2.246736921370029449e-02,3.995096087455749512e-01,-2.840099856257438660e-02,3.407555520534515381e-01,9.163667447865009308e-03,1.021632924675941467e-01,-1.146233007311820984e-01,3.831897079944610596e-01,2.001684904098510742e-01,2.823151461780071259e-02,-2.525804750621318817e-02,4.995704293251037598e-01,2.848260700702667236e-01,2.992657423019409180e-01,1.211571395397186279e-01,4.761306568980216980e-02,-8.593298494815826416e-02,6.057496368885040283e-02,-7.836308330297470093e-03,1.912081092596054077e-01,-1.126051531173288822e-03,2.620863914489746094e-01,1.373541802167892456e-01,4.611629843711853027e-01,1.887127161026000977e-01,1.148630529642105103e-01,-5.525186285376548767e-02,1.904851496219635010e-01,-1.489840075373649597e-02,-4.843055456876754761e-02,-5.827810615301132202e-02,9.879210591316223145e-02,5.043423920869827271e-02,1.512644998729228973e-02,-1.563691198825836182e-01,2.712346613407135010e-01,4.403274133801460266e-02,5.245909467339515686e-02,-2.724517509341239929e-02,2.870384454727172852e-01,-3.002341091632843018e-02,1.539980620145797729e-01,1.135891079902648926e-01,1.878039836883544922e-01,1.735121384263038635e-02,3.400777280330657959e-01,3.097315728664398193e-01,2.718855738639831543e-01,-8.280043303966522217e-02,3.675735592842102051e-01,-1.265652626752853394e-01,6.476480513811111450e-02,-3.271081745624542236e-01,4.968625605106353760e-01,2.184351980686187744e-01,3.413699567317962646e-01,-3.703277185559272766e-02,3.238230049610137939e-01,4.298088550567626953e-01,2.030626833438873291e-01,1.285101771354675293e-01,-1.102132163941860199e-02,4.987510666251182556e-02,1.308009028434753418e-01,1.318768691271543503e-02,2.382332831621170044e-01,1.238733455538749695e-01,1.393583565950393677e-01,1.679523289203643799e-02,1.002462133765220642e-01,-5.282566696405410767e-02,1.207472085952758789e-01,-3.228167444467544556e-02,3.622221946716308594e-01,5.227179080247879028e-02,1.381893754005432129e-01,6.726154126226902008e-03,3.467854559421539307e-01,5.820316448807716370e-02,8.638472110033035278e-02,4.117099940776824951e-01,1.064082905650138855e-01,3.993614017963409424e-01,-1.886763930087909102e-04,-4.709991812705993652e-02,1.057725697755813599e-01,-4.770898073911666870e-02,7.635744661092758179e-02,9.103386104106903076e-02,8.291023969650268555e-02,2.070689499378204346e-01,8.027529716491699219e-02,1.581185609102249146e-01,6.474062055349349976e-02,1.946193426847457886e-01,-8.324595540761947632e-02,4.027408361434936523e-02,3.669886291027069092e-02,5.098915845155715942e-02,1.740949749946594238e-01,1.020011827349662781e-01,1.127345561981201172e-01,2.049975246191024780e-01,-2.969783917069435120e-02,3.289042413234710693e-02
2.232354581356048584e-01,3.893763124942779541e-01,5.013112425804138184e-01,1.000000000000000000e+00,-2.313187345862388611e-02,-1.550056878477334976e-02,4.419841170310974121e-01,6.951127648353576660e-01,8.900395035743713379e-02,2.195897847414016724e-01,-5.068936571478843689e-02,2.389130741357803345e-01,2.132578752934932709e-02,1.269078999757766724e-01,-2.012257277965545654e-02,-5.685885623097419739e-02,-1.178074628114700317e-02,4.407642036676406860e-02,2.048367708921432495e-01,2.913172543048858643e-01,5.309236794710159302e-02,-1.990281976759433746e-02,4.433541297912597656e-01,4.947083294391632080e-01,2.410772591829299927e-01,1.497440487146377563e-01,-8.993913978338241577e-02,-1.171247735619544983e-01,4.519915208220481873e-02,6.965840607881546021e-02,2.631395459175109863e-01,2.245857566595077515e-01,2.236760407686233521e-01,2.965852618217468262e-01,1.868273913860321045e-01,2.809149026870727539e-01,2.735450118780136108e-02,-7.053662836551666260e-02,3.807277977466583252e-02,-9.132870286703109741e-02,-1.599203422665596008e-02,-8.858447521924972534e-02,8.891984820365905762e-02,1.057075411081314087e-01,1.036193370819091797e-01,6.380712240934371948e-02,2.182354182004928589e-01,9.694506227970123291e-02,1.698286156170070171e-03,2.341530099511146545e-02,1.021784245967864990e-01,7.139209657907485962e-02,1.392834335565567017e-01,8.630394190549850464e-02,9.003981202840805054e-02,-2.357484027743339539e-02,2.200064361095428467e-01,2.372121065855026245e-01,1.909445524215698242e-01,1.813762784004211426e-01,1.366477906703948975e-01,2.447973638772964478e-01,5.885385721921920776e-02,-4.115600604563951492e-03,2.768740057945251465e-01,4.514250159263610840e-01,2.654468119144439697e-01,2.352807372808456421e-01,2.001159042119979858e-01,2.806213498115539551e-01,-3.429067134857177734e-02,1.257737725973129272e-01,-6.078874692320823669e-02,3.337689861655235291e-02,2.928009256720542908e-02,4.910427331924438477e-02,1.336954385042190552e-01,1.889788210391998291e-01,1.075204014778137207e-01,1.044254601001739502e-01,9.155970066785812378e-02,3.333275765180587769e-02,5.953376367688179016e-02,-6.373095512390136719e-02,1.566317230463027954e-01,2.051454186439514160e-01,6.995230913162231445e-02,2.662822045385837555e-02,2.376193879172205925e-03,8.240994065999984741e-02,1.119638979434967041e-01,1.445145159959793091e-01,2.326177209615707397e-01,6.726469099521636963e-02,3.772843256592750549e-02,1.685254462063312531e-02,4.821125417947769165e-02,-1.551766507327556610e-02,1.233005896210670471e-01,5.781672894954681396e-02,2.125107645988464355e-01,2.842577919363975525e-02,1.060742661356925964e-01,5.839975550770759583e-02,1.109272800385951996e-02,3.992753848433494568e-02,3.364056721329689026e-02,9.694237262010574341e-02,6.442666798830032349e-02,4.889654740691184998e-02,1.522340774536132812e-01,1.325366646051406860e-01,-1.004800572991371155e-02,9.232228994369506836e-02,-4.783766344189643860e-02,9.283941984176635742e-02
1.131900399923324585e-01,3.893025219440460205e-02,1.567116528749465942e-01,-2.313187345862388611e-02,1.000000000000000000e+00,6.820302009582519531e-01,4.767080023884773254e-02,-1.251820325851440430e-01,6.025741100311279297e-01,4.025099575519561768e-01,-4.305380862206220627e-03,-1.305327862501144409e-01,7.552406936883926392e-02,-1.182768195867538452e-01,2.681263685226440430e-01,1.259685754776000977e-01,-8.509882725775241852e-03,-3.912333026528358459e-02,-4.413233324885368347e-02,1.255700085312128067e-02,1.252799332141876221e-01,1.845651119947433472e-01,2.375664114952087402e-01,1.655396670103073120e-01,5.423772931098937988e-01,6.363806724548339844e-01,6.794648170471191406e-01,6.704621911048889160e-01,3.118842653930187225e-02,-7.877927273511886597e-02,3.187734484672546387e-01,2.397985905408859253e-01,-2.509469864889979362e-03,3.449233481660485268e-03,2.754411995410919189e-01,2.111513316631317139e-01,1.268010139465332031e-01,-4.333956912159919739e-02,1.291318535804748535e-01,-8.544891141355037689e-03,1.648022234439849854e-02,-4.551017284393310547e-02,5.938069149851799011e-02,5.456465855240821838e-02,1.100180298089981079e-01,-1.603859290480613708e-02,5.492069572210311890e-02,6.387291848659515381e-02,4.628559574484825134e-02,6.950420886278152466e-02,1.496034115552902222e-01,7.893379032611846924e-02,1.342559754848480225e-01,1.658620536327362061e-01,1.528400629758834839e-01,4.865970462560653687e-02,3.359941542148590088e-01,2.823677957057952881e-01,6.521635502576828003e-02,-8.407586067914962769e-02,1.595714539289474487e-01,-4.580660536885261536e-02,7.938580214977264404e-02,-1.278576701879501343e-01,1.180544868111610413e-01,1.937125436961650848e-02,1.579520702362060547e-01,1.079884637147188187e-02,2.606585919857025146e-01,3.395400345325469971e-01,3.140455484390258789e-01,-6.802595406770706177e-02,4.348951205611228943e-02,-1.628052443265914917e-01,-9.492068551480770111e-03,-4.773208126425743103e-02,7.162488251924514771e-02,-6.970427930355072021e-02,-3.325276449322700500e-02,1.512733101844787598e-02,6.970617175102233887e-02,-3.210742026567459106e-02,-3.107556328177452087e-02,-1.567419618368148804e-01,1.496954560279846191e-01,-2.633270435035228729e-02,2.511072754859924316e-01,-1.221039295196533203e-01,1.718543022871017456e-01,-8.498453348875045776e-02,1.692812442779541016e-01,2.571139633655548096e-01,1.674465388059616089e-01,3.372646272182464600e-01,4.999974370002746582e-02,-1.109011564403772354e-02,8.263322710990905762e-02,5.170132964849472046e-02,-2.360496483743190765e-02,7.496415823698043823e-02,-8.880969136953353882e-02,8.761932700872421265e-02,-3.757719695568084717e-02,3.672859445214271545e-02,1.550339311361312866e-01,1.560195386409759521e-01,-6.351455301046371460e-02,-9.551198035478591919e-02,-1.945973373949527740e-02,8.132214099168777466e-02,2.333476841449737549e-01,1.055876314640045166e-01,1.753016710281372070e-01,1.593674868345260620e-01,3.020259141921997070e-01,-2.261613905429840088e-01
2.924709394574165344e-02,1.156577318906784058e-01,-4.470313712954521179e-02,-1.550056878477334976e-02,6.820302009582519531e-01,1.000000000000000000e+00,-1.097965091466903687e-01,-1.207285327836871147e-03,4.927357137203216553e-01,5.863454341888427734e-01,-1.028200611472129822e-01,3.844262287020683289e-02,1.450026407837867737e-02,7.965044677257537842e-02,1.914855092763900757e-01,2.395677268505096436e-01,-7.870929688215255737e-02,-4.665393382310867310e-02,-1.319518834352493286e-01,-7.221164554357528687e-02,1.133077442646026611e-01,2.349074333906173706e-01,9.257766604423522949e-02,1.886093802750110626e-02,3.812901675701141357e-01,5.909395813941955566e-01,5.506550669670104980e-01,6.234478354454040527e-01,1.725807972252368927e-02,-7.733703404664993286e-02,2.247511446475982666e-01,2.062270492315292358e-01,-9.264215081930160522e-02,-5.902606993913650513e-03,1.876648515462875366e-01,1.911281049251556396e-01,1.199344471096992493e-01,-4.019956290721893311e-02,5.226643383502960205e-02,-2.954717166721820831e-02,3.987092897295951843e-02,-7.795862108469009399e-02,2.256993763148784637e-02,5.558451637625694275e-02,8.958984166383743286e-02,1.536510698497295380e-02,1.952978409826755524e-02,8.568879216909408569e-02,1.434693019837141037e-02,9.043429791927337646e-02,6.697309762239456177e-02,8.306597918272018433e-02,8.322647213935852051e-02,1.267518103122711182e-01,1.531681418418884277e-01,8.724466711282730103e-02,1.749754995107650757e-01,1.638644188642501831e-01,-5.266535654664039612e-02,-3.006941173225641251e-03,1.070826500654220581e-01,2.171541601419448853e-01,4.466353729367256165e-02,5.058171972632408142e-02,-2.664498798549175262e-02,-6.479999981820583344e-03,-3.667615726590156555e-02,-3.060680255293846130e-02,1.581055223941802979e-01,1.795560568571090698e-01,2.001716345548629761e-01,-7.617461681365966797e-02,2.287231944501399994e-02,-1.895653307437896729e-01,-2.474650926887989044e-02,-4.029275849461555481e-02,-5.941575020551681519e-02,-1.328987479209899902e-01,-3.890540078282356262e-02,3.592763468623161316e-02,9.070670232176780701e-03,-5.188855156302452087e-02,-1.344643831253051758e-01,-2.557207345962524414e-01,-1.560392882674932480e-02,-8.236490935087203979e-02,1.135544180870056152e-01,-1.772052645683288574e-01,8.636771142482757568e-02,3.335819393396377563e-02,1.682298779487609863e-01,1.717735677957534790e-01,2.117559164762496948e-01,1.882095783948898315e-01,5.469482392072677612e-02,-4.027746990323066711e-02,4.957964271306991577e-02,8.063680678606033325e-02,-2.644944377243518829e-02,1.039590984582901001e-01,-1.166970804333686829e-01,-1.694020070135593414e-02,-1.265508830547332764e-01,-7.815801352262496948e-02,8.651857823133468628e-02,5.932796373963356018e-02,-6.218444183468818665e-02,-9.645419567823410034e-02,-5.976738035678863525e-02,1.125033423304557800e-01,2.319414168596267700e-01,9.321823716163635254e-02,1.006108820438385010e-01,1.376974582672119141e-01,2.946366667747497559e-01,-1.964610666036605835e-01
5.033684968948364258e-01,2.676071822643280029e-01,7.500419616699218750e-01,4.419841170310974121e-01,4.767080023884773254e-02,-1.097965091466903687e-01,1.000000000000000000e+00,3.974270224571228027e-01,2.241759747266769409e-01,-1.899293810129165649e-02,3.747736811637878418e-01,7.954829186201095581e-02,4.736942946910858154e-01,8.846070617437362671e-02,2.734942138195037842e-01,-5.503223463892936707e-02,1.252455711364746094e-01,-8.744296431541442871e-02,3.657814562320709229e-01,1.670054942369461060e-01,-7.398207671940326691e-03,-5.485322698950767517e-02,2.887277305126190186e-01,1.201257780194282532e-01,4.876293987035751343e-02,-3.911049664020538330e-02,-1.043460369110107422e-01,-2.022842913866043091e-01,8.531464636325836182e-02,2.430020086467266083e-02,3.788249567151069641e-02,-1.090185120701789856e-01,2.559431791305541992e-01,1.460292488336563110e-01,4.067460298538208008e-01,8.985006064176559448e-02,8.897428959608078003e-02,-8.342604339122772217e-02,1.660498529672622681e-01,9.580008685588836670e-03,-8.854096382856369019e-02,-5.904728174209594727e-02,4.765756055712699890e-02,1.174379233270883560e-02,-8.637095801532268524e-03,-1.528226584196090698e-01,2.239701300859451294e-01,1.337105873972177505e-02,4.452557489275932312e-02,-3.041052818298339844e-02,2.542363405227661133e-01,-6.833279132843017578e-02,4.284378886222839355e-02,4.093123972415924072e-02,1.612856388092041016e-01,-2.010350488126277924e-02,2.312346547842025757e-01,2.217935025691986084e-01,2.688203155994415283e-01,-2.036237344145774841e-02,4.503909051418304443e-01,7.366605568677186966e-03,1.187006086111068726e-01,-2.306721806526184082e-01,4.443860352039337158e-01,1.736086905002593994e-01,2.623605728149414062e-01,-4.609797149896621704e-02,2.156171500682830811e-01,3.048019111156463623e-01,1.525551378726959229e-01,1.316170245409011841e-01,-7.678047753870487213e-03,5.402750521898269653e-02,9.692650288343429565e-02,-5.010839086025953293e-03,1.851540207862854004e-01,1.157318577170372009e-01,1.527255922555923462e-01,3.391906991600990295e-02,3.964625671505928040e-02,-1.115199699997901917e-01,5.152865871787071228e-02,-6.708450615406036377e-02,2.174704819917678833e-01,-6.094497069716453552e-02,1.097735110670328140e-02,-5.272020399570465088e-02,3.421873152256011963e-01,6.927540153264999390e-02,1.849291846156120300e-02,3.575690090656280518e-01,8.182013779878616333e-02,3.135488927364349365e-01,6.135881319642066956e-02,5.492373835295438766e-03,8.035843074321746826e-02,-4.110276326537132263e-02,6.336445361375808716e-02,5.681922286748886108e-02,1.439838558435440063e-01,2.150814086198806763e-01,8.661242574453353882e-02,1.730018258094787598e-01,6.423870474100112915e-02,1.887024044990539551e-01,-6.862148642539978027e-02,9.268925338983535767e-02,4.002633690834045410e-02,7.392071187496185303e-02,1.178180873394012451e-01,7.652904838323593140e-02,1.398143023252487183e-01,2.054622918367385864e-01,-5.010268837213516235e-02,1.148921474814414978e-01
1.493223160505294800e-01,4.160130023956298828e-01,3.212819993495941162e-01,6.951127648353576660e-01,-1.251820325851440430e-01,-1.207285327836871147e-03,3.974270224571228027e-01,1.000000000000000000e+00,-2.329062484204769135e-02,1.877588778734207153e-01,-4.568275064229965210e-02,3.704682290554046631e-01,-9.987043449655175209e-04,3.156301975250244141e-01,-1.237040087580680847e-01,-8.809082955121994019e-02,7.148324046283960342e-03,1.384310573339462280e-01,1.098685711622238159e-01,1.995969265699386597e-01,9.786158800125122070e-03,-5.026166886091232300e-02,1.972323805093765259e-01,2.497873455286026001e-01,-5.026660114526748657e-02,-1.596308313310146332e-02,-2.573248147964477539e-01,-2.385613024234771729e-01,7.416006922721862793e-02,1.316225677728652954e-01,9.922023862600326538e-02,1.060551702976226807e-01,1.276735216379165649e-01,2.554312646389007568e-01,6.325926631689071655e-02,1.182161942124366760e-01,2.510167192667722702e-03,-1.189169734716415405e-01,-2.363058552145957947e-02,-9.947510063648223877e-02,-2.006695605814456940e-02,-6.463345140218734741e-02,1.695333980023860931e-02,6.250327825546264648e-02,5.046028271317481995e-02,7.759295403957366943e-02,6.291277706623077393e-02,1.917774043977260590e-02,-7.822381705045700073e-02,-9.083658456802368164e-03,-5.349978059530258179e-02,-2.421891875565052032e-02,-3.424751386046409607e-02,-2.466342039406299591e-02,-2.970031276345252991e-02,-9.336363524198532104e-02,5.090498179197311401e-02,9.800090640783309937e-02,1.094832271337509155e-01,2.395826131105422974e-01,1.342884749174118042e-01,4.412308037281036377e-01,1.102654784917831421e-01,1.968463957309722900e-01,1.403972953557968140e-01,3.491826355457305908e-01,7.980845123529434204e-02,1.666222512722015381e-01,3.841247409582138062e-02,5.994921922683715820e-02,-1.464242488145828247e-01,5.662024393677711487e-02,-5.520505458116531372e-02,2.913853526115417480e-02,-8.749983273446559906e-03,3.565438091754913330e-02,2.891074493527412415e-02,1.335618644952774048e-01,6.023592129349708557e-02,1.548899561166763306e-01,5.506788939237594604e-02,3.743555024266242981e-02,1.289188489317893982e-02,-1.011820733547210693e-01,-6.219948083162307739e-02,9.685086552053689957e-04,-7.396294176578521729e-02,-7.584272325038909912e-02,-1.206717193126678467e-01,7.101656496524810791e-02,1.901429891586303711e-02,-6.698448676615953445e-03,1.160041168332099915e-01,-6.207825616002082825e-02,7.514740526676177979e-02,3.382647782564163208e-02,-3.502332419157028198e-02,-8.796748518943786621e-02,7.325550168752670288e-02,9.939835406839847565e-03,2.612848877906799316e-01,6.014591455459594727e-02,1.623205691576004028e-01,7.240152359008789062e-02,-1.927979849278926849e-02,-3.976646065711975098e-02,5.850656703114509583e-02,5.348079279065132141e-02,6.468798220157623291e-02,1.580653153359889984e-02,4.108322784304618835e-02,8.067048341035842896e-02,-2.384520135819911957e-02,9.252245724201202393e-02,-4.873313009738922119e-02,1.339544057846069336e-01
1.389412283897399902e-01,-5.257618427276611328e-02,3.083385229110717773e-01,8.900395035743713379e-02,6.025741100311279297e-01,4.927357137203216553e-01,2.241759747266769409e-01,-2.329062484204769135e-02,1.000000000000000000e+00,5.270987153053283691e-01,8.393802493810653687e-02,-1.241343021392822266e-01,3.071202635765075684e-01,-1.103285774588584900e-01,5.453181266784667969e-01,2.310042679309844971e-01,1.267024781554937363e-02,-6.376507878303527832e-02,1.526532694697380066e-02,-3.411564510315656662e-03,8.827108144760131836e-02,8.292506635189056396e-02,3.269604742527008057e-01,1.723013818264007568e-01,4.316135346889495850e-01,3.980038464069366455e-01,3.815771639347076416e-01,3.120583295822143555e-01,1.058299914002418518e-01,-6.316108256578445435e-02,2.728489339351654053e-01,1.914154291152954102e-01,-1.868071220815181732e-02,-2.463967911899089813e-02,3.520869314670562744e-01,1.948616057634353638e-01,5.377688631415367126e-02,-1.139620319008827209e-01,1.913017034530639648e-01,-9.076394140720367432e-02,-1.624085195362567902e-02,-2.103848457336425781e-01,5.209978669881820679e-02,5.743132904171943665e-02,9.860279038548469543e-03,-5.280032008886337280e-02,1.793143451213836670e-01,1.699763387441635132e-01,1.223788969218730927e-02,1.796760782599449158e-02,2.149005532264709473e-01,5.801988020539283752e-02,1.414369493722915649e-01,1.551624685525894165e-01,2.568392753601074219e-01,6.356707960367202759e-02,2.918049395084381104e-01,1.589363217353820801e-01,6.460864841938018799e-02,-1.322529315948486328e-01,2.284767329692840576e-01,-3.208033740520477295e-02,1.805774867534637451e-01,-2.240818589925765991e-01,3.767917454242706299e-01,7.248648256063461304e-02,9.043144434690475464e-02,-4.231499135494232178e-02,1.205301433801651001e-01,2.327002882957458496e-01,2.190593332052230835e-01,-4.440139979124069214e-02,-4.696948919445276260e-03,-1.788581460714340210e-01,6.458200514316558838e-02,-7.798841595649719238e-02,1.499063987284898758e-02,-1.462192088365554810e-01,1.958799734711647034e-02,1.273821853101253510e-02,8.333877474069595337e-02,-8.849557489156723022e-02,-4.137979075312614441e-02,-2.216187715530395508e-01,3.354079425334930420e-01,-7.058227784000337124e-04,3.263592422008514404e-01,-1.447797566652297974e-01,3.196912407875061035e-01,-7.157503068447113037e-02,2.305305004119873047e-01,4.673903286457061768e-01,2.794201672077178955e-01,4.706990718841552734e-01,5.863773077726364136e-02,-9.423103183507919312e-03,1.937776505947113037e-01,8.817000687122344971e-02,8.496378362178802490e-02,2.078437656164169312e-01,1.917254552245140076e-02,1.742974072694778442e-01,-4.282076656818389893e-02,1.361187994480133057e-01,1.565283238887786865e-01,1.517677158117294312e-01,-1.066189929842948914e-01,-1.191314831376075745e-01,-1.843693666160106659e-02,1.266009956598281860e-01,2.836494445800781250e-01,1.457762122154235840e-01,1.984775811433792114e-01,2.203553617000579834e-01,2.030233889818191528e-01,-1.141700595617294312e-01
-7.299815118312835693e-02,2.596157602965831757e-02,6.870806962251663208e-02,2.195897847414016724e-01,4.025099575519561768e-01,5.863454341888427734e-01,-1.899293810129165649e-02,1.877588778734207153e-01,5.270987153053283691e-01,1.000000000000000000e+00,-1.498361527919769287e-01,1.925539225339889526e-02,5.472483858466148376e-02,8.837308734655380249e-03,2.479114383459091187e-01,2.883762717247009277e-01,-1.403060555458068848e-01,-9.062264114618301392e-02,-1.255100965499877930e-01,-1.479634642601013184e-01,3.711377456784248352e-02,4.709747806191444397e-02,2.185375690460205078e-01,1.485509127378463745e-01,2.963050603866577148e-01,3.620955944061279297e-01,2.377965748310089111e-01,2.619451880455017090e-01,-4.516293108463287354e-02,-1.601632386445999146e-01,1.945352852344512939e-01,2.236187458038330078e-01,-1.693500578403472900e-01,-9.509694576263427734e-02,1.578147709369659424e-01,1.742602735757827759e-01,-6.918967515230178833e-02,-2.162353843450546265e-01,-4.624702408909797668e-02,-2.523426413536071777e-01,-7.543074339628219604e-02,-2.876702845096588135e-01,-4.219770058989524841e-02,-4.736597836017608643e-02,1.551093626767396927e-02,-4.853982478380203247e-02,3.913406282663345337e-03,6.767182797193527222e-02,-2.937016077339649200e-02,2.306955633684992790e-03,3.569688647985458374e-02,5.287291854619979858e-02,1.061269715428352356e-01,1.064572185277938843e-01,1.122242808341979980e-01,-2.764986269176006317e-02,1.072580590844154358e-01,9.662552922964096069e-02,-2.244521304965019226e-02,-2.053595334291458130e-02,1.125575527548789978e-01,2.370124906301498413e-01,-1.822817139327526093e-02,-1.182683091610670090e-02,1.713872104883193970e-01,2.089225351810455322e-01,-5.761639028787612915e-02,-7.286648452281951904e-02,2.104640752077102661e-02,1.030760183930397034e-01,2.161929011344909668e-02,-9.597773104906082153e-02,-1.337508112192153931e-01,-2.638570070266723633e-01,-7.420819252729415894e-02,-1.716175973415374756e-01,-1.995069086551666260e-01,-2.582806944847106934e-01,-2.600558847188949585e-02,-1.355589739978313446e-02,-5.925590544939041138e-02,-1.225734874606132507e-01,-1.228087842464447021e-01,-3.745266199111938477e-01,8.034458011388778687e-02,4.613814409822225571e-03,1.030583754181861877e-01,-2.309345155954360962e-01,4.954264685511589050e-02,-1.581037184223532677e-03,2.035606056451797485e-01,2.355972677469253540e-01,2.869101762771606445e-01,2.274970412254333496e-01,-4.741110838949680328e-03,-1.149016469717025757e-01,7.837377488613128662e-03,-2.752503845840692520e-03,-1.062468253076076508e-02,1.098983138799667358e-01,-1.166374608874320984e-01,-9.160134941339492798e-02,-2.154406756162643433e-01,-1.716475486755371094e-01,-2.785563282668590546e-02,-6.394147127866744995e-02,-1.115827634930610657e-01,-2.023904472589492798e-01,-2.675417251884937286e-02,5.859332531690597534e-02,1.623866111040115356e-01,1.188654266297817230e-02,1.794219389557838440e-02,1.332810521125793457e-01,7.968648523092269897e-02,-1.000506356358528137e-01
5.468419790267944336e-01,1.838541328907012939e-01,3.095560371875762939e-01,-5.068936571478843689e-02,-4.305380862206220627e-03,-1.028200611472129822e-01,3.747736811637878418e-01,-4.568275064229965210e-02,8.393802493810653687e-02,-1.498361527919769287e-01,1.000000000000000000e+00,2.310060709714889526e-01,5.966468453407287598e-01,2.081808149814605713e-01,2.694346308708190918e-01,1.340088844299316406e-01,4.490154385566711426e-01,6.577071547508239746e-02,5.483577251434326172e-01,2.672243416309356689e-01,-2.894510887563228607e-02,-4.196679964661598206e-02,1.333133578300476074e-01,-4.165273532271385193e-02,-8.847993798553943634e-03,-7.604949921369552612e-02,2.534223720431327820e-02,-6.311146914958953857e-02,2.169920057058334351e-01,1.338853240013122559e-01,-1.101277843117713928e-01,-1.682866066694259644e-01,2.395853996276855469e-01,6.128481775522232056e-02,2.295828312635421753e-01,-5.601233616471290588e-02,1.652776002883911133e-01,1.099805086851119995e-01,8.725422620773315430e-02,9.747000783681869507e-02,-7.091690599918365479e-02,8.631430566310882568e-02,9.059575200080871582e-02,-2.448797412216663361e-02,-1.313920915126800537e-01,-1.541789174079895020e-01,8.480842411518096924e-02,-8.883898705244064331e-02,7.627326063811779022e-03,-8.690683543682098389e-02,1.608881056308746338e-01,-6.216178834438323975e-02,4.860490560531616211e-02,4.443505033850669861e-02,-1.964094489812850952e-02,-5.368956550955772400e-02,2.367073297500610352e-01,1.707622259855270386e-01,1.053261533379554749e-01,-4.974833503365516663e-02,3.621785342693328857e-01,-1.216305047273635864e-01,1.857570856809616089e-01,-1.261315196752548218e-01,2.635582685470581055e-01,-3.216214478015899658e-02,3.830311819911003113e-02,-1.567861437797546387e-01,2.532167732715606689e-01,2.053062468767166138e-01,1.843414753675460815e-01,1.191672831773757935e-01,1.898349970579147339e-01,9.661604464054107666e-02,2.024327367544174194e-01,7.092328369617462158e-02,2.683482170104980469e-01,1.434693932533264160e-01,2.053477615118026733e-01,3.008150123059749603e-02,2.341710925102233887e-01,1.122904196381568909e-01,2.397143542766571045e-01,2.804675400257110596e-01,3.210094571113586426e-01,7.191427797079086304e-02,1.422683596611022949e-01,9.529755264520645142e-02,2.527149319648742676e-01,1.614433899521827698e-02,3.068565763533115387e-02,1.940341591835021973e-01,-6.348480284214019775e-02,2.159877419471740723e-01,-2.008368447422981262e-02,-8.275927975773811340e-03,-3.271247446537017822e-02,-7.580926269292831421e-02,4.937100782990455627e-02,7.110836356878280640e-02,1.163577064871788025e-01,2.604812383651733398e-01,1.914516240358352661e-01,2.817331850528717041e-01,7.600608468055725098e-02,1.485871672630310059e-01,-5.779329687356948853e-02,7.878418266773223877e-02,3.828063234686851501e-02,3.664012998342514038e-02,-8.266396075487136841e-02,-2.988549508154392242e-02,5.594459176063537598e-02,7.591520994901657104e-02,4.569113254547119141e-02,5.352380871772766113e-02
2.849771678447723389e-01,4.772866368293762207e-01,-2.246736921370029449e-02,2.389130741357803345e-01,-1.305327862501144409e-01,3.844262287020683289e-02,7.954829186201095581e-02,3.704682290554046631e-01,-1.241343021392822266e-01,1.925539225339889526e-02,2.310060709714889526e-01,1.000000000000000000e+00,1.067778840661048889e-01,7.087199687957763672e-01,-1.670993864536285400e-01,1.776194125413894653e-01,2.511687576770782471e-01,3.975863158702850342e-01,2.510810792446136475e-01,3.646322190761566162e-01,-7.052798755466938019e-03,6.258022040128707886e-02,-2.767540328204631805e-02,-6.421743892133235931e-03,-1.088384166359901428e-01,-2.329536899924278259e-02,-1.909008324146270752e-01,-1.271756738424301147e-01,2.500918507575988770e-01,3.729117214679718018e-01,1.181565970182418823e-02,8.637961000204086304e-02,2.884613275527954102e-01,3.689714074134826660e-01,-7.218837738037109375e-02,-6.786370277404785156e-02,1.547947078943252563e-01,1.815133839845657349e-01,-5.839886516332626343e-02,4.208755679428577423e-03,4.966032132506370544e-02,2.171744704246520996e-01,1.588438004255294800e-01,1.510293930768966675e-01,1.390980929136276245e-01,1.772371530532836914e-01,2.239702455699443817e-02,2.055660821497440338e-02,7.893674820661544800e-02,1.622427403926849365e-01,6.457528471946716309e-02,1.309724897146224976e-01,-4.272132739424705505e-02,-1.708877831697463989e-02,-3.102949634194374084e-02,-2.266923710703849792e-02,5.416858196258544922e-02,-5.501077510416507721e-03,9.517394751310348511e-02,1.807758212089538574e-01,2.190239578485488892e-01,3.946880400180816650e-01,3.341341018676757812e-01,3.928810656070709229e-01,-7.286829501390457153e-02,6.821066886186599731e-02,-2.834421768784523010e-02,6.407286971807479858e-02,5.855626612901687622e-02,-5.412148311734199524e-02,-1.037610545754432678e-01,1.578337699174880981e-01,1.754423826932907104e-01,3.099584579467773438e-01,2.137836366891860962e-01,2.576386332511901855e-01,2.464132606983184814e-01,3.400896787643432617e-01,1.297686547040939331e-01,2.187844216823577881e-01,2.298199385404586792e-01,2.411796003580093384e-01,4.736049100756645203e-02,1.876194179058074951e-01,-7.399485260248184204e-02,1.348349153995513916e-01,-1.065366566181182861e-01,6.328934431076049805e-02,-1.329894512891769409e-01,1.136964857578277588e-01,3.054040484130382538e-02,-6.563241034746170044e-02,6.754464656114578247e-02,-1.328753679990768433e-01,2.907409146428108215e-02,-3.719068830832839012e-03,-8.833297342061996460e-02,-1.627344042062759399e-01,1.239513158798217773e-01,9.643732756376266479e-02,2.593059837818145752e-01,1.102099791169166565e-01,2.480134516954421997e-01,1.603143811225891113e-01,9.133822470903396606e-02,2.033301815390586853e-02,4.654700309038162231e-02,1.240977719426155090e-01,8.700793236494064331e-02,8.274690248072147369e-03,-7.178995013236999512e-02,1.271017342805862427e-01,2.510627917945384979e-02,9.192020446062088013e-02,7.415453344583511353e-02,9.370438009500503540e-02
4.044291377067565918e-01,3.535915538668632507e-02,3.995096087455749512e-01,2.132578752934932709e-02,7.552406936883926392e-02,1.450026407837867737e-02,4.736942946910858154e-01,-9.987043449655175209e-04,3.071202635765075684e-01,5.472483858466148376e-02,5.966468453407287598e-01,1.067778840661048889e-01,1.000000000000000000e+00,2.026291042566299438e-01,4.649353921413421631e-01,1.646714955568313599e-01,1.942258179187774658e-01,-7.933656871318817139e-02,2.990707159042358398e-01,-1.946186763234436512e-03,-1.286399960517883301e-01,-1.066641211509704590e-01,1.584229916334152222e-01,-3.569376841187477112e-02,6.472411751747131348e-02,-5.177182611078023911e-03,5.067439749836921692e-02,-7.561299949884414673e-02,2.165115438401699066e-02,-1.198278665542602539e-01,-1.031723320484161377e-01,-1.652683913707733154e-01,1.449389150366187096e-03,-1.307421922683715820e-01,3.044332563877105713e-01,-3.990547731518745422e-02,3.160127997398376465e-02,-1.198661178350448608e-01,5.109378322958946228e-02,-1.015919446945190430e-01,-1.202553212642669678e-01,-1.539618521928787231e-01,-7.440373301506042480e-03,-4.423434287309646606e-02,-1.027674302458763123e-01,-1.612329781055450439e-01,1.037094593048095703e-01,8.126767352223396301e-03,7.723391056060791016e-02,-3.926039114594459534e-02,1.939901262521743774e-01,-1.465447247028350830e-02,-3.774287179112434387e-02,1.632519066333770752e-02,8.185609430074691772e-02,-4.137089475989341736e-02,1.157593652606010437e-01,9.639863669872283936e-02,7.449951767921447754e-02,-1.199674680829048157e-01,3.797518610954284668e-01,-1.131579428911209106e-01,1.970023810863494873e-01,-1.697226315736770630e-01,3.258535563945770264e-01,-8.315503597259521484e-02,-2.775504253804683685e-02,-2.051136046648025513e-01,6.691267341375350952e-02,9.929747879505157471e-02,1.383760571479797363e-01,2.734468691051006317e-02,-1.928046159446239471e-02,-1.053159832954406738e-01,3.615684062242507935e-02,-1.104109510779380798e-01,5.178321525454521179e-02,-4.051947221159934998e-02,2.063780836760997772e-02,-1.074962690472602844e-01,3.089157678186893463e-02,-9.624595195055007935e-02,2.146637439727783203e-02,-3.956444561481475830e-02,2.557701170444488525e-01,-6.221218034625053406e-02,8.801726996898651123e-02,-1.054743304848670959e-01,2.988521754741668701e-01,-2.889744751155376434e-02,-3.559977188706398010e-02,3.333080112934112549e-01,1.759120449423789978e-02,3.633991479873657227e-01,-5.635278671979904175e-02,-1.041366755962371826e-01,2.857709303498268127e-02,-4.085141047835350037e-02,-1.653306186199188232e-02,7.856643944978713989e-02,1.131404191255569458e-01,2.628737092018127441e-01,1.738992147147655487e-02,1.498190760612487793e-01,-1.664344407618045807e-02,8.984511345624923706e-02,-1.167048737406730652e-01,-2.534432895481586456e-02,3.136217594146728516e-02,4.168996214866638184e-02,-1.567764580249786377e-02,-7.103522121906280518e-02,9.314379713032394648e-05,8.775495737791061401e-02,-5.092220380902290344e-03,4.043766483664512634e-02
