1.000000000000000000e+00,5.158642530441284180e-01,5.352092981338500977e-01,3.715087771415710449e-01,3.212161958217620850e-01,1.930397897958755493e-01,5.272890329360961914e-01,3.194768130779266357e-01,2.465312629938125610e-01,1.677165925502777100e-01,5.006375908851623535e-01,2.796554863452911377e-01,4.963860809803009033e-01,2.168485671281814575e-01,3.384210169315338135e-01,1.698522269725799561e-01,2.149273902177810669e-01,1.878363937139511108e-01,5.176727771759033203e-01,4.083398878574371338e-01,1.628145724534988403e-01,9.164921939373016357e-02,4.043359160423278809e-01,2.670095562934875488e-01,9.231170266866683960e-02,-1.053315624594688416e-01,9.741217643022537231e-02,-5.657318979501724243e-02,2.876138985157012939e-01,2.374951243400573730e-01,7.669689506292343140e-02,-7.142268121242523193e-02,3.215573728084564209e-01,2.717627286911010742e-01,7.213181257247924805e-02,5.077952519059181213e-02,7.201798260211944580e-02,1.193546578288078308e-01,1.509091556072235107e-01,3.251696750521659851e-02,1.892342865467071533e-01,1.185802742838859558e-01,2.161724865436553955e-01,3.659343719482421875e-01,3.251097798347473145e-01,2.268980890512466431e-01,3.697180747985839844e-01,3.161164224147796631e-01,2.110671848058700562e-01,2.678333222866058350e-01,2.309458255767822266e-01,2.436753064393997192e-01,2.653476297855377197e-01,3.022482693195343018e-01,1.612080335617065430e-01,-2.143194526433944702e-02,6.858196258544921875e-01,3.919014930725097656e-01,4.079557657241821289e-01,2.877713739871978760e-01,5.267150998115539551e-01,3.575962483882904053e-01,4.691593348979949951e-01,3.037276268005371094e-01,2.829765975475311279e-01,2.648431062698364258e-01,3.169478178024291992e-01,1.851671487092971802e-01,4.542214572429656982e-01,2.555062770843505859e-01,2.417352050542831421e-01,6.615343689918518066e-02,1.829637140035629272e-01,4.465499147772789001e-02,1.033356115221977234e-01,5.354220792651176453e-02,1.735587865114212036e-01,3.844880312681198120e-02,1.975344121456146240e-01,1.192314103245735168e-01,1.688543111085891724e-01,-6.646091118454933167e-03,1.796144992113113403e-01,1.323588192462921143e-01,1.829983890056610107e-01,7.157719880342483521e-02,2.288646064698696136e-02,-3.887218981981277466e-02,1.894858032464981079e-01,2.740042842924594879e-02,1.075719669461250305e-01,4.143338501453399658e-01,2.954702079296112061e-01,3.331773579120635986e-01,1.501566171646118164e-01,1.550560742616653442e-01,2.925285696983337402e-01,1.698924154043197632e-01,8.233972638845443726e-02,3.945318758487701416e-01,1.578518450260162354e-01,1.462093293666839600e-01,2.772596478462219238e-01,2.109359651803970337e-01,2.524195611476898193e-01,1.633680164813995361e-01,1.847774088382720947e-01,-2.960203215479850769e-03,5.801483988761901855e-02,7.166989147663116455e-02,2.554094791412353516e-01,2.833457589149475098e-01,2.431716322898864746e-01,2.176862359046936035e-01,3.414935171604156494e-01,2.047459483146667480e-01
5.158642530441284180e-01,1.000000000000000000e+00,3.662469387054443359e-01,4.401018023490905762e-01,1.718624383211135864e-01,2.765638232231140137e-01,3.191114068031311035e-01,5.327006578445434570e-01,1.800835132598876953e-02,1.610973030328750610e-01,1.605033874511718750e-01,4.052718877792358398e-01,2.635448276996612549e-01,3.426851332187652588e-01,5.558714270591735840e-02,3.054366409778594971e-01,6.981344521045684814e-02,2.286881357431411743e-01,2.705362141132354736e-01,3.855952024459838867e-01,2.396721839904785156e-01,8.589322119951248169e-02,3.097494244575500488e-01,3.344258368015289307e-01,8.224238455295562744e-02,6.487306207418441772e-02,-7.522034645080566406e-02,-5.098839476704597473e-02,2.745761275291442871e-01,3.022317886352539062e-01,1.026370897889137268e-01,1.174028217792510986e-01,1.862049698829650879e-01,3.630388379096984863e-01,-7.027782499790191650e-02,-3.614407032728195190e-02,7.357160001993179321e-02,4.416053742170333862e-02,1.131552159786224365e-01,-3.338565677404403687e-02,2.475025802850723267e-01,9.314130246639251709e-02,1.823236197233200073e-01,2.929700911045074463e-01,3.183595240116119385e-01,2.876942157745361328e-01,2.930711209774017334e-01,3.520850241184234619e-01,2.628596723079681396e-01,3.530811965465545654e-01,2.477030158042907715e-01,3.630362153053283691e-01,2.990044355392456055e-01,2.846834659576416016e-01,1.445765197277069092e-01,6.083414331078529358e-02,3.928889334201812744e-01,6.061045527458190918e-01,3.626764714717864990e-01,4.927838146686553955e-01,3.671374022960662842e-01,4.976671934127807617e-01,3.417927324771881104e-01,5.379278063774108887e-01,1.246531233191490173e-01,2.999825775623321533e-01,2.504384219646453857e-01,1.437002867460250854e-01,3.642255961894989014e-01,2.418103218078613281e-01,1.278991103172302246e-01,1.040256097912788391e-01,1.499410122632980347e-01,9.225136786699295044e-02,1.609199047088623047e-01,-2.130732312798500061e-02,8.974266052246093750e-02,-6.416872143745422363e-03,1.063430830836296082e-01,7.838448882102966309e-02,1.942307800054550171e-01,2.300506532192230225e-01,2.143725454807281494e-01,1.715426892042160034e-01,9.366188198328018188e-02,1.746082156896591187e-01,1.047889515757560730e-01,-1.287761926651000977e-01,1.575422137975692749e-01,1.364544779062271118e-01,1.790643036365509033e-01,2.753294110298156738e-01,2.175024300813674927e-01,2.335079461336135864e-01,1.479292958974838257e-01,2.656431794166564941e-01,3.236151635646820068e-01,1.962774693965911865e-01,4.495631158351898193e-02,2.900148332118988037e-01,2.285495251417160034e-01,7.835644483566284180e-02,3.361309766769409180e-01,2.020764350891113281e-01,3.510377407073974609e-01,2.641253769397735596e-01,1.370794177055358887e-01,2.790772542357444763e-02,5.862831324338912964e-02,4.061640053987503052e-02,1.424579769372940063e-01,1.930292397737503052e-01,6.077178567647933960e-02,3.300777077674865723e-01,2.909413576126098633e-01,1.353584825992584229e-01
5.352092981338500977e-01,3.662469387054443359e-01,1.000000000000000000e+00,5.288677215576171875e-01,4.564214646816253662e-01,2.885444462299346924e-01,7.373179197311401367e-01,3.621874153614044189e-01,4.476302862167358398e-01,3.485921621322631836e-01,4.142032861709594727e-01,1.284891366958618164e-01,4.519226253032684326e-01,1.961035281419754028e-01,4.335028231143951416e-01,2.105306982994079590e-01,1.682955622673034668e-01,2.432295083999633789e-01,4.950740039348602295e-01,2.658320069313049316e-01,1.144054997712373734e-02,1.001554075628519058e-02,7.212115526199340820e-01,5.495752096176147461e-01,3.547642529010772705e-01,1.029333919286727905e-01,3.014515638351440430e-01,1.826707720756530762e-01,6.535590440034866333e-02,1.981986910104751587e-01,2.364624589681625366e-01,2.219458073377609253e-01,2.815393805503845215e-01,1.948914825916290283e-01,2.787191569805145264e-01,2.457871288061141968e-01,-1.766503602266311646e-01,-1.131722778081893921e-01,-2.753137052059173584e-02,-1.120741739869117737e-01,2.705690450966358185e-03,-1.441227458417415619e-02,-5.398224294185638428e-02,1.483898460865020752e-01,1.274627596139907837e-01,-2.543634735047817230e-02,1.361203342676162720e-01,8.212343603372573853e-02,-7.406710833311080933e-02,-2.806664817035198212e-02,-9.114790707826614380e-03,1.427626982331275940e-02,-4.012181609869003296e-02,2.921375073492527008e-02,-6.570643931627273560e-02,-2.000004202127456665e-01,4.998598396778106689e-01,2.823164463043212891e-01,1.205888763070106506e-01,3.559440746903419495e-02,2.283479273319244385e-01,1.962950378656387329e-01,1.774250268936157227e-01,1.473451405763626099e-01,4.137489795684814453e-01,4.010602831840515137e-01,2.262931913137435913e-01,1.002156659960746765e-01,2.237337827682495117e-01,2.595534734427928925e-02,1.073683351278305054e-01,4.979008808732032776e-02,1.906914636492729187e-02,-3.403609618544578552e-02,-4.281122609972953796e-02,-8.602015674114227295e-02,-4.991049319505691528e-02,-7.598751038312911987e-02,1.264328807592391968e-01,1.350072622299194336e-01,-4.013741388916969299e-02,-2.002070471644401550e-02,5.352212861180305481e-02,-4.527156054973602295e-02,1.062904298305511475e-01,1.783395111560821533e-01,-1.531685888767242432e-02,-6.747757643461227417e-02,7.623052597045898438e-02,-1.126923933625221252e-01,-7.383603951893746853e-04,1.966033726930618286e-01,3.045155405998229980e-01,4.115539789199829102e-01,5.088782310485839844e-02,1.306891292333602905e-01,1.851906627416610718e-01,3.162820264697074890e-02,-8.797939121723175049e-02,1.083274483680725098e-01,2.403976917266845703e-01,1.731768101453781128e-01,1.923441141843795776e-01,2.638595104217529297e-01,3.419499397277832031e-01,2.997922003269195557e-01,1.608189940452575684e-01,8.173739537596702576e-03,5.820800736546516418e-02,-4.648606479167938232e-02,1.411227136850357056e-01,9.328673034906387329e-02,-3.422514349222183228e-02,1.757552921772003174e-01,2.603161931037902832e-01,1.358811408281326294e-01
3.715087771415710449e-01,4.401018023490905762e-01,5.288677215576171875e-01,1.000000000000000000e+00,2.246954739093780518e-01,4.306439459323883057e-01,3.466634452342987061e-01,6.445361375808715820e-01,4.703030735254287720e-02,3.199477493762969971e-01,2.094003260135650635e-01,3.889222443103790283e-01,1.147133260965347290e-01,3.903042376041412354e-01,1.734296381473541260e-01,4.265569150447845459e-01,9.920211136341094971e-02,6.231871247291564941e-02,4.269004464149475098e-01,4.440093934535980225e-01,1.615431755781173706e-01,1.086890250444412231e-01,5.915484428405761719e-01,7.413741946220397949e-01,1.793075352907180786e-01,-3.863710910081863403e-02,-9.137337654829025269e-02,-6.955146044492721558e-02,1.825552731752395630e-01,2.503131330013275146e-01,-7.228516787290573120e-02,8.463527262210845947e-02,2.503150403499603271e-01,3.183561563491821289e-01,1.475790292024612427e-01,2.384966909885406494e-01,1.896741539239883423e-01,6.604097783565521240e-02,2.859810888767242432e-01,1.610190235078334808e-02,2.535549700260162354e-01,1.616834849119186401e-01,1.051338016986846924e-01,1.297329962253570557e-01,1.522845178842544556e-01,1.041925251483917236e-01,1.417065225541591644e-02,1.270723044872283936e-01,1.749438047409057617e-02,1.518689841032028198e-01,1.704505980014801025e-01,1.726340204477310181e-01,8.603210747241973877e-02,7.460336387157440186e-02,1.298080235719680786e-01,2.830147370696067810e-02,3.112181425094604492e-01,2.948244512081146240e-01,2.799971997737884521e-01,2.528969347476959229e-01,2.453549951314926147e-01,3.403549492359161377e-01,1.988689452409744263e-01,3.059901297092437744e-01,3.952709734439849854e-01,6.283600330352783203e-01,3.154770731925964355e-01,3.348553180694580078e-01,2.553658783435821533e-01,2.064564973115921021e-01,1.222878843545913696e-01,-9.038643538951873779e-02,1.800983846187591553e-01,-7.014065980911254883e-02,1.369996517896652222e-01,4.631510004401206970e-02,1.677199453115463257e-01,5.524088069796562195e-02,1.581755578517913818e-01,7.059057801961898804e-02,1.449325084686279297e-01,7.723034173250198364e-02,2.700500786304473877e-01,1.831784285604953766e-02,3.525171875953674316e-01,5.233252048492431641e-01,2.352726459503173828e-01,6.241831183433532715e-02,2.805849313735961914e-01,2.061871737241744995e-01,4.607985727488994598e-03,2.941613197326660156e-01,3.283805549144744873e-01,3.212676644325256348e-01,7.839142531156539917e-02,1.782229393720626831e-01,1.921694278717041016e-01,3.243369609117507935e-02,-5.766146630048751831e-02,1.168654114007949829e-01,2.550719380378723145e-01,2.576352357864379883e-01,2.782590985298156738e-01,1.680736094713211060e-01,3.367582857608795166e-01,2.189970463514328003e-01,1.632337421178817749e-01,-1.781396567821502686e-02,2.861349470913410187e-02,-2.110764384269714355e-03,1.644758731126785278e-01,8.258371800184249878e-02,5.111973732709884644e-02,1.137851029634475708e-01,1.615331768989562988e-01,1.063693463802337646e-01
3.212161958217620850e-01,1.718624383211135864e-01,4.564214646816253662e-01,2.246954739093780518e-01,1.000000000000000000e+00,4.746929109096527100e-01,4.707927703857421875e-01,1.118254140019416809e-01,5.668051838874816895e-01,4.181201756000518799e-01,3.655131757259368896e-01,5.608123168349266052e-02,4.809201061725616455e-01,9.566812962293624878e-02,3.656134009361267090e-01,2.451879680156707764e-01,-3.134080767631530762e-02,-1.795689389109611511e-02,2.372060865163803101e-01,1.237568184733390808e-01,-7.984094321727752686e-03,1.349628809839487076e-02,4.705236852169036865e-01,2.867773175239562988e-01,2.888036072254180908e-01,1.707126051187515259e-01,4.694397449493408203e-01,3.356864452362060547e-01,-1.071879342198371887e-01,3.708897903561592102e-02,1.068490892648696899e-01,3.374401479959487915e-02,7.885701209306716919e-02,-7.272266596555709839e-02,1.999844610691070557e-01,2.352113425731658936e-01,-2.783009111881256104e-01,-7.624461501836776733e-02,-1.315488070249557495e-01,-1.858784258365631104e-01,-8.008585125207901001e-02,-5.940237268805503845e-02,-1.102354824542999268e-01,9.566453844308853149e-02,1.029709726572036743e-01,-1.702687516808509827e-02,7.614057511091232300e-02,4.469260200858116150e-02,-3.529127314686775208e-02,8.531948551535606384e-03,-5.128905922174453735e-02,-3.436918603256344795e-03,-7.924249023199081421e-02,5.702872574329376221e-02,-5.652955174446105957e-02,-1.852459013462066650e-01,2.289092838764190674e-01,4.047312214970588684e-02,6.982681155204772949e-02,-1.841513626277446747e-02,1.360933333635330200e-01,7.985554635524749756e-02,-3.127000853419303894e-02,-4.777985438704490662e-02,2.369592487812042236e-01,2.554631829261779785e-01,1.548381447792053223e-01,9.952254593372344971e-02,1.331482380628585815e-01,-4.575629904866218567e-02,2.593516185879707336e-02,6.215950474143028259e-02,-4.104068502783775330e-02,-2.313474193215370178e-02,-1.008864119648933411e-01,-9.517113864421844482e-02,-1.928414255380630493e-01,-1.572117209434509277e-01,-3.328973799943923950e-02,-7.452804595232009888e-02,-1.422639191150665283e-01,-1.466508656740188599e-01,-7.733670622110366821e-02,7.703102380037307739e-02,5.280214548110961914e-02,8.612370491027832031e-02,2.112023765221238136e-03,-9.729471802711486816e-02,1.268402393907308578e-02,-1.526926755905151367e-01,9.378700703382492065e-02,1.433026343584060669e-01,2.826364934444427490e-01,2.892003953456878662e-01,-6.284662336111068726e-02,7.305590435862541199e-03,5.953915417194366455e-02,1.869772560894489288e-02,-1.207749769091606140e-01,1.063065305352210999e-01,2.397685497999191284e-01,1.040923744440078735e-01,1.667837947607040405e-01,1.558665782213211060e-01,1.275154203176498413e-01,1.803438216447830200e-01,-1.062019094824790955e-01,-3.953607007861137390e-02,4.338250961154699326e-03,-7.677922397851943970e-02,5.387468636035919189e-02,9.408575296401977539e-02,2.103507891297340393e-02,1.036691740155220032e-01,1.773322373628616333e-01,6.622664630413055420e-03
1.930397897958755493e-01,2.765638232231140137e-01,2.885444462299346924e-01,4.306439459323883057e-01,4.746929109096527100e-01,1.000000000000000000e+00,2.039352804422378540e-01,3.337499499320983887e-01,2.893618345260620117e-01,5.423322319984436035e-01,2.614086568355560303e-01,1.505930870771408081e-01,1.568869501352310181e-01,2.123860716819763184e-01,1.822901815176010132e-01,5.431535243988037109e-01,-4.152982961386442184e-03,-5.329696461558341980e-02,2.524711787700653076e-01,1.451164036989212036e-01,1.867007315158843994e-01,8.980888128280639648e-02,3.538769185543060303e-01,3.570501506328582764e-01,2.005657553672790527e-01,4.285180941224098206e-02,1.287095993757247925e-01,1.609988063573837280e-01,7.931914180517196655e-02,1.952065825462341309e-01,-1.641080528497695923e-01,-7.390171289443969727e-02,-6.277212500572204590e-02,1.907232776284217834e-02,1.627341806888580322e-01,2.091039568185806274e-01,-7.152341306209564209e-03,3.444206714630126953e-02,7.641483843326568604e-02,-2.252851799130439758e-02,1.534594893455505371e-01,1.145317852497100830e-01,5.704732239246368408e-02,8.096688985824584961e-02,1.440582722425460815e-01,8.832961320877075195e-02,6.137147918343544006e-02,1.061686649918556213e-01,1.495245005935430527e-02,1.526731997728347778e-01,1.656954437494277954e-01,1.538004130125045776e-01,1.416013762354850769e-02,1.138315647840499878e-01,9.366544336080551147e-02,1.451286021620035172e-02,1.387344747781753540e-01,1.937004327774047852e-01,1.442364305257797241e-01,1.702799648046493530e-01,2.361534088850021362e-01,2.940835952758789062e-01,5.804904177784919739e-02,1.431052088737487793e-01,3.111089468002319336e-01,4.965255260467529297e-01,2.290939986705780029e-01,1.968192011117935181e-01,1.273067444562911987e-01,9.056874364614486694e-02,3.558877110481262207e-02,-4.584798589348793030e-03,5.051166191697120667e-02,-1.310177147388458252e-01,-1.210192777216434479e-02,-5.136173963546752930e-02,-7.599952071905136108e-02,-1.860257238149642944e-02,5.002789571881294250e-02,-9.379560500383377075e-02,4.509337618947029114e-02,-5.417684093117713928e-02,1.391134411096572876e-01,6.436770409345626831e-02,1.916216611862182617e-01,2.782830595970153809e-01,1.938357502222061157e-01,-2.582301385700702667e-03,1.893945187330245972e-01,1.863450109958648682e-01,1.960212439298629761e-01,2.406056523323059082e-01,3.959325551986694336e-01,3.630168735980987549e-01,8.067568391561508179e-02,1.378288716077804565e-01,1.490779668092727661e-01,2.634987980127334595e-02,4.603390023112297058e-02,2.158454656600952148e-01,3.228227198123931885e-01,2.928717732429504395e-01,1.621524840593338013e-01,2.331045120954513550e-01,1.703431308269500732e-01,2.070210427045822144e-01,7.269079796969890594e-03,5.528229102492332458e-02,1.089569330215454102e-01,9.034891612827777863e-03,1.014174893498420715e-01,1.518863290548324585e-01,7.856786996126174927e-02,2.537041306495666504e-01,2.123375982046127319e-01,1.746191233396530151e-01
5.272890329360961914e-01,3.191114068031311035e-01,7.373179197311401367e-01,3.466634452342987061e-01,4.707927703857421875e-01,2.039352804422378540e-01,1.000000000000000000e+00,3.309905827045440674e-01,5.203378200531005859e-01,2.808956503868103027e-01,4.084195196628570557e-01,8.116877824068069458e-02,5.888777971267700195e-01,1.839432418346405029e-01,3.579176068305969238e-01,4.070977866649627686e-02,9.318492561578750610e-02,1.982234269380569458e-01,3.246266543865203857e-01,1.253931969404220581e-01,-3.452113270759582520e-02,-3.887579962611198425e-02,5.656598210334777832e-01,3.636075258255004883e-01,2.696245908737182617e-01,1.937312483787536621e-01,3.766452372074127197e-01,2.859651148319244385e-01,2.162370085716247559e-02,1.415406912565231323e-01,3.315716087818145752e-01,2.371163219213485718e-01,2.221489995718002319e-01,1.007005199790000916e-01,1.609492450952529907e-01,1.582844853401184082e-01,-2.780539393424987793e-01,-1.434589326381683350e-01,-1.249685138463973999e-01,-1.301606297492980957e-01,-4.888145625591278076e-02,-5.316797271370887756e-02,-1.317753195762634277e-01,8.001620322465896606e-02,3.635441139340400696e-02,-9.787848591804504395e-02,6.655228883028030396e-02,2.129307016730308533e-02,-6.807987391948699951e-02,-6.005306914448738098e-02,-9.399621933698654175e-02,-4.838874563574790955e-02,-9.068139642477035522e-02,-4.871495068073272705e-02,-1.005765497684478760e-01,-2.567035555839538574e-01,4.036934971809387207e-01,1.985872089862823486e-01,9.451276063919067383e-02,2.528235549107193947e-03,2.196523845195770264e-01,1.719490885734558105e-01,1.775837093591690063e-01,1.040303185582160950e-01,2.957164943218231201e-01,2.699948251247406006e-01,1.557845622301101685e-01,3.655073046684265137e-02,1.826316565275192261e-01,-2.996486052870750427e-02,6.847482919692993164e-02,1.068363860249519348e-01,-6.483554095029830933e-02,1.172208692878484726e-02,-8.353732526302337646e-02,-1.262399554252624512e-01,-1.186268851161003113e-01,-1.321030110120773315e-01,4.719704017043113708e-02,5.614328756928443909e-02,-1.313810944557189941e-01,-3.323658183217048645e-02,-2.948509529232978821e-02,3.212298965081572533e-03,-4.343048855662345886e-02,1.304815337061882019e-02,-1.146479174494743347e-01,-2.062470614910125732e-01,-5.612129811197519302e-03,-2.447154223918914795e-01,-1.108145713806152344e-01,1.443453598767518997e-02,1.485763937234878540e-01,2.726027071475982666e-01,-4.471207503229379654e-03,4.846470803022384644e-02,7.496762275695800781e-02,-3.038988262414932251e-02,-1.343196034431457520e-01,2.663223631680011749e-02,2.098299115896224976e-01,1.153965219855308533e-01,2.371750324964523315e-01,2.176562994718551636e-01,2.611839473247528076e-01,2.296678423881530762e-01,5.422488227486610413e-02,4.353053867816925049e-02,-1.113582681864500046e-02,-1.488551199436187744e-01,-1.259243953973054886e-02,5.408837646245956421e-02,-1.491170674562454224e-01,1.477149724960327148e-01,2.241098582744598389e-01,1.030285581946372986e-01
3.194768130779266357e-01,5.327006578445434570e-01,3.621874153614044189e-01,6.445361375808715820e-01,1.118254140019416809e-01,3.337499499320983887e-01,3.309905827045440674e-01,1.000000000000000000e+00,-6.556905806064605713e-02,1.635659188032150269e-01,7.154624909162521362e-02,4.234850704669952393e-01,1.557132601737976074e-01,5.038901567459106445e-01,-1.216915994882583618e-01,2.235715091228485107e-01,1.060541532933712006e-02,1.562329102307558060e-02,9.061124175786972046e-02,2.099841684103012085e-01,2.097312510013580322e-01,9.880155324935913086e-02,3.317500650882720947e-01,4.697360098361968994e-01,3.999216854572296143e-02,-4.336680471897125244e-02,-2.410650551319122314e-01,-1.645307540893554688e-01,1.345471292734146118e-01,2.269973754882812500e-01,-8.410839736461639404e-02,6.527573615312576294e-02,2.639417909085750580e-02,2.527015507221221924e-01,-5.433446913957595825e-02,6.568635255098342896e-02,1.771402060985565186e-01,-1.134939938783645630e-01,2.781135439872741699e-01,-4.270981252193450928e-02,2.065618485212326050e-01,6.668804585933685303e-02,4.351424798369407654e-02,-2.000768110156059265e-02,1.493404507637023926e-01,1.909133493900299072e-01,2.394298091530799866e-03,7.733661681413650513e-02,1.789245903491973877e-01,2.305970937013626099e-01,2.640399336814880371e-01,3.085021972656250000e-01,9.493137151002883911e-02,8.081689476966857910e-03,1.245355978608131409e-01,7.740029133856296539e-03,1.905463039875030518e-01,2.858514785766601562e-01,3.923872411251068115e-01,4.102157652378082275e-01,3.486969172954559326e-01,4.899293780326843262e-01,2.469591051340103149e-01,4.341834187507629395e-01,2.732567191123962402e-01,5.421684980392456055e-01,3.588010966777801514e-01,3.146796524524688721e-01,2.434415519237518311e-01,1.497478187084197998e-01,7.133616507053375244e-02,-3.949835523962974548e-02,8.585073798894882202e-02,-1.065825968980789185e-01,8.715245127677917480e-02,-8.018915355205535889e-02,6.260681897401809692e-02,-9.111809730529785156e-02,1.467916667461395264e-01,5.313884839415550232e-02,1.455717980861663818e-01,7.280450314283370972e-02,2.243930101394653320e-01,-1.052446439862251282e-01,2.316158413887023926e-01,2.627390027046203613e-01,1.819296330213546753e-01,-1.466229259967803955e-01,2.006340771913528442e-01,1.583735346794128418e-01,1.489606127142906189e-02,1.896781027317047119e-01,1.420668661594390869e-01,2.409141212701797485e-01,8.001883327960968018e-02,1.954130083322525024e-01,1.535027623176574707e-01,-7.933337241411209106e-03,-6.251087039709091187e-02,1.010581627488136292e-01,1.906700879335403442e-01,2.726597487926483154e-01,3.032246530055999756e-01,2.204905897378921509e-01,3.040650486946105957e-01,2.243444621562957764e-01,1.795167773962020874e-01,6.709066778421401978e-02,2.377929538488388062e-02,1.307528652250766754e-02,7.247661799192428589e-02,6.216274574398994446e-02,-5.393858882598578930e-04,1.565885096788406372e-01,1.944536566734313965e-01,1.506520062685012817e-01
2.465312629938125610e-01,1.800835132598876953e-02,4.476302862167358398e-01,4.703030735254287720e-02,5.668051838874816895e-01,2.893618345260620117e-01,5.203378200531005859e-01,-6.556905806064605713e-02,1.000000000000000000e+00,5.326200723648071289e-01,3.833507001399993896e-01,-1.492124348878860474e-01,4.972451031208038330e-01,-2.369310148060321808e-02,5.744833350181579590e-01,1.371418535709381104e-01,-6.796082854270935059e-02,5.076612904667854309e-02,2.119387835264205933e-01,-8.510133624076843262e-02,-9.361730515956878662e-02,-2.102255970239639282e-01,3.815844655036926270e-01,1.192341148853302002e-01,4.103097021579742432e-01,3.940656185150146484e-01,5.527901649475097656e-01,4.509319365024566650e-01,-1.734101921319961548e-01,-1.256724074482917786e-02,2.856677472591400146e-01,1.899537444114685059e-01,8.030407130718231201e-02,-2.189900428056716919e-01,3.191188871860504150e-01,3.264069557189941406e-01,-4.370009899139404297e-01,-2.546780928969383240e-02,-3.058753907680511475e-01,-1.132384538650512695e-01,-1.987723410129547119e-01,-5.402422975748777390e-03,-1.783536970615386963e-01,1.030977442860603333e-01,-4.989153891801834106e-02,-2.020462602376937866e-01,-4.814402386546134949e-02,-9.400147199630737305e-02,-2.406637370586395264e-01,-2.040031552314758301e-01,-2.725309133529663086e-01,-2.842187285423278809e-01,-2.488037943840026855e-01,-9.882691502571105957e-02,-2.164334356784820557e-01,-2.775837481021881104e-01,2.117357999086380005e-01,-7.546955347061157227e-02,-1.442559361457824707e-01,-2.845192253589630127e-01,5.917842313647270203e-02,-4.917915165424346924e-02,-7.258675992488861084e-02,-1.639453470706939697e-01,2.845710813999176025e-01,1.692597419023513794e-01,-1.009200420230627060e-02,-3.537249192595481873e-02,-9.526240173727273941e-04,-1.402674764394760132e-01,1.907715923152863979e-04,2.107950001955032349e-01,-1.347918510437011719e-01,5.974271148443222046e-02,-2.128558456897735596e-01,-1.013202592730522156e-01,-2.871892154216766357e-01,-8.174801617860794067e-02,-1.557219773530960083e-01,-1.211681663990020752e-01,-3.138297796249389648e-01,-9.099100530147552490e-02,-2.373686283826828003e-01,-6.495868321508169174e-03,-1.993508338928222656e-01,2.529222704470157623e-02,-3.481243550777435303e-01,-6.299330294132232666e-02,-1.598498672246932983e-01,-3.229767978191375732e-01,-9.520866721868515015e-02,-6.591983884572982788e-02,1.021545976400375366e-01,1.945937275886535645e-01,-6.531739234924316406e-02,-5.963995680212974548e-02,-4.686572775244712830e-02,-8.662246912717819214e-02,-1.305146962404251099e-01,1.795756444334983826e-02,1.358013749122619629e-01,-9.118662215769290924e-03,-2.001360431313514709e-02,1.464259177446365356e-01,2.106957696378231049e-02,1.187094077467918396e-01,-1.326816976070404053e-01,-4.256683401763439178e-03,2.139027602970600128e-02,-1.576913744211196899e-01,-1.052842065691947937e-01,1.425184775143861771e-02,-1.400575339794158936e-01,-2.373012481257319450e-03,1.278006136417388916e-01,7.064258307218551636e-02
1.677165925502777100e-01,1.610973030328750610e-01,3.485921621322631836e-01,3.199477493762969971e-01,4.181201756000518799e-01,5.423322319984436035e-01,2.808956503868103027e-01,1.635659188032150269e-01,5.326200723648071289e-01,1.000000000000000000e+00,2.883039116859436035e-01,-3.042980656027793884e-02,2.356974333524703979e-01,-7.519178325310349464e-04,4.315435290336608887e-01,4.821287691593170166e-01,-9.965571016073226929e-02,-8.155775722116231918e-04,2.711404860019683838e-01,4.936712607741355896e-02,5.102656409144401550e-02,-6.779503822326660156e-02,3.798319101333618164e-01,3.764597773551940918e-01,3.550512790679931641e-01,2.331312894821166992e-01,2.771305739879608154e-01,2.776055037975311279e-01,-2.002022229135036469e-02,1.094584465026855469e-01,3.641349077224731445e-02,1.452555656433105469e-01,9.543187916278839111e-03,-6.151633709669113159e-02,2.767648100852966309e-01,3.317505419254302979e-01,-2.009078711271286011e-01,6.901559419929981232e-03,-1.763591617345809937e-01,-5.450077727437019348e-02,-4.525887314230203629e-03,3.079706430435180664e-02,-7.967226207256317139e-02,8.691056817770004272e-02,-4.184735193848609924e-02,-1.690816879272460938e-01,1.606767252087593079e-02,-1.220741495490074158e-02,-2.305545061826705933e-01,-1.033803448081016541e-01,-1.270748525857925415e-01,-1.259647905826568604e-01,-1.198301240801811218e-01,-2.866245806217193604e-02,-1.186034157872200012e-01,-1.212037280201911926e-01,1.577704846858978271e-01,1.334516704082489014e-01,-2.774711698293685913e-02,-5.768916010856628418e-02,1.051132753491401672e-01,1.114960014820098877e-01,-9.509459882974624634e-02,6.673730164766311646e-02,3.363924622535705566e-01,3.680218458175659180e-01,1.269001606851816177e-02,8.594252914190292358e-02,6.855049729347229004e-02,-4.220989719033241272e-02,-2.234433591365814209e-02,1.418756991624832153e-01,-1.248676795512437820e-02,-2.504166029393672943e-02,-9.904646873474121094e-02,-1.339723169803619385e-01,-1.500449329614639282e-01,3.028533235192298889e-02,-1.523508280515670776e-01,-1.453310400247573853e-01,-1.147188991308212280e-01,-9.196095168590545654e-02,-3.133928775787353516e-02,-3.067014552652835846e-02,-1.945550553500652313e-02,2.148852497339248657e-01,-1.813003122806549072e-01,3.984037414193153381e-02,-4.217255115509033203e-02,-1.232738792896270752e-02,7.397975772619247437e-02,1.101246997714042664e-01,3.098312020301818848e-01,2.853790521621704102e-01,-4.916178807616233826e-02,-2.718722447752952576e-02,1.036137249320745468e-02,-5.279294401407241821e-02,1.896288059651851654e-02,1.007244139909744263e-01,3.014798760414123535e-01,1.253998577594757080e-01,1.172058507800102234e-01,2.010791450738906860e-01,1.247696205973625183e-01,1.775896102190017700e-01,-6.951664388179779053e-02,3.322650119662284851e-02,9.907293319702148438e-02,-5.098311603069305420e-02,-7.901293039321899414e-02,-4.481449723243713379e-02,1.993752457201480865e-02,1.299062222242355347e-01,1.688378155231475830e-01,1.593491137027740479e-01
5.006375908851623535e-01,1.605033874511718750e-01,4.142032861709594727e-01,2.094003260135650635e-01,3.655131757259368896e-01,2.614086568355560303e-01,4.084195196628570557e-01,7.154624909162521362e-02,3.833507001399993896e-01,2.883039116859436035e-01,1.000000000000000000e+00,2.553124427795410156e-01,5.043866634368896484e-01,1.876332312822341919e-01,4.057339727878570557e-01,3.067007362842559814e-01,2.486366629600524902e-01,1.293505728244781494e-01,4.498438537120819092e-01,1.800428926944732666e-01,1.305816322565078735e-01,8.943626284599304199e-02,3.950365483760833740e-01,2.299611270427703857e-01,8.902356028556823730e-02,-8.611007034778594971e-02,1.110090315341949463e-01,-2.822853997349739075e-02,1.886519491672515869e-01,1.687540560960769653e-01,3.503076732158660889e-02,-8.837941288948059082e-02,1.501613259315490723e-01,6.529974937438964844e-02,1.310538649559020996e-01,1.041652783751487732e-01,2.140109799802303314e-02,1.197705417871475220e-01,6.795001775026321411e-02,4.567258059978485107e-02,1.462625563144683838e-01,8.442021906375885010e-02,1.166368722915649414e-01,2.328765839338302612e-01,2.467968612909317017e-01,1.316884458065032959e-01,1.835891753435134888e-01,1.486955881118774414e-01,9.064757823944091797e-02,1.533230543136596680e-01,1.693452447652816772e-01,1.460560113191604614e-01,1.673924177885055542e-01,2.350196987390518188e-01,1.102115958929061890e-01,-3.427255153656005859e-02,3.634879887104034424e-01,1.091226190328598022e-01,1.057754680514335632e-01,7.064865529537200928e-02,3.187179565429687500e-01,2.079001665115356445e-01,3.026752173900604248e-01,8.758971840143203735e-02,3.908472657203674316e-01,2.679606378078460693e-01,1.351866722106933594e-01,9.588917344808578491e-02,1.743396073579788208e-01,4.882893711328506470e-02,1.653184741735458374e-01,1.634551212191581726e-02,9.892999380826950073e-02,1.044034305959939957e-02,4.422464221715927124e-02,6.541680544614791870e-02,1.312764734029769897e-01,4.504540190100669861e-02,1.601656526327133179e-01,8.194579184055328369e-02,1.108938530087471008e-01,-9.530699253082275391e-02,1.830349862575531006e-01,7.923381775617599487e-02,2.376652508974075317e-01,1.558780074119567871e-01,-3.602566197514533997e-02,7.071405649185180664e-02,1.636307984590530396e-01,6.398148089647293091e-02,8.548272401094436646e-02,3.056123554706573486e-01,2.665797173976898193e-01,2.974849343299865723e-01,6.501183658838272095e-02,2.795230224728584290e-02,1.920867711305618286e-01,1.015343442559242249e-01,1.733922981657087803e-03,2.806675434112548828e-01,1.341371983289718628e-01,1.403490751981735229e-01,1.316552758216857910e-01,1.061179414391517639e-01,1.152030527591705322e-01,1.320503354072570801e-01,1.328207105398178101e-01,-1.420081127434968948e-02,3.979659080505371094e-02,-3.594639524817466736e-02,1.266443431377410889e-01,2.279173433780670166e-01,1.594975739717483521e-01,1.431802809238433838e-01,2.451085448265075684e-01,1.872590780258178711e-01
2.796554863452911377e-01,4.052718877792358398e-01,1.284891366958618164e-01,3.889222443103790283e-01,5.608123168349266052e-02,1.505930870771408081e-01,8.116877824068069458e-02,4.234850704669952393e-01,-1.492124348878860474e-01,-3.042980656027793884e-02,2.553124427795410156e-01,1.000000000000000000e+00,2.355791032314300537e-01,5.795698761940002441e-01,-2.719428203999996185e-02,3.009314239025115967e-01,1.460521221160888672e-01,7.146225124597549438e-02,1.256290078163146973e-01,2.828639149665832520e-01,2.903839647769927979e-01,1.647032946348190308e-01,2.283730804920196533e-01,3.538959026336669922e-01,-6.920015066862106323e-02,-1.941522210836410522e-01,-3.637295961380004883e-01,-3.876383006572723389e-01,2.986260056495666504e-01,2.029690444469451904e-01,-7.371288537979125977e-02,-6.401628255844116211e-02,8.398577570915222168e-02,2.567445039749145508e-01,-2.246738225221633911e-01,-1.648190766572952271e-01,3.050004243850708008e-01,9.825497865676879883e-02,2.626016438007354736e-01,5.541747435927391052e-02,2.994025945663452148e-01,1.244827881455421448e-01,1.950627714395523071e-01,1.331187784671783447e-01,2.978501617908477783e-01,3.107196688652038574e-01,1.089654862880706787e-01,1.644245535135269165e-01,3.257430493831634521e-01,4.103938937187194824e-01,3.288025259971618652e-01,3.813387751579284668e-01,2.865924835205078125e-01,1.775275617837905884e-01,1.793282330036163330e-01,1.348475813865661621e-01,1.575877219438552856e-01,2.588695883750915527e-01,3.773006200790405273e-01,4.715786576271057129e-01,3.417416512966156006e-01,4.128236174583435059e-01,3.136861324310302734e-01,4.437415301799774170e-01,1.197019740939140320e-01,3.400576114654541016e-01,2.179737985134124756e-01,2.567386925220489502e-01,2.170094251632690430e-01,1.863334476947784424e-01,1.076402217149734497e-01,-7.209195941686630249e-02,2.500810325145721436e-01,2.841794863343238831e-03,2.224584668874740601e-01,5.786534771323204041e-02,2.207558602094650269e-01,5.511049926280975342e-02,1.746571063995361328e-01,5.731917172670364380e-02,2.757166922092437744e-01,9.976066648960113525e-02,3.412904739379882812e-01,1.078862920403480530e-01,2.821992635726928711e-01,1.911142617464065552e-01,1.589099913835525513e-01,1.032323613762855530e-01,1.834283620119094849e-01,2.428539097309112549e-01,1.030725762248039246e-01,2.518070340156555176e-01,1.028976067900657654e-01,5.661055445671081543e-02,3.363497182726860046e-02,9.484700113534927368e-02,1.288697570562362671e-01,7.798870652914047241e-02,8.893258869647979736e-02,2.048688530921936035e-01,7.182768732309341431e-02,5.797617603093385696e-03,3.302233517169952393e-01,-8.413403481245040894e-02,1.987753659486770630e-01,5.792713537812232971e-02,1.247245594859123230e-01,-8.270011097192764282e-02,-5.402242764830589294e-03,-2.161209471523761749e-02,3.385437279939651489e-02,1.507225632667541504e-01,1.002270653843879700e-01,9.247443079948425293e-02,-3.982790187001228333e-02,1.279062870889902115e-02
4.963860809803009033e-01,2.635448276996612549e-01,4.519226253032684326e-01,1.147133260965347290e-01,4.809201061725616455e-01,1.568869501352310181e-01,5.888777971267700195e-01,1.557132601737976074e-01,4.972451031208038330e-01,2.356974333524703979e-01,5.043866634368896484e-01,2.355791032314300537e-01,1.000000000000000000e+00,3.217937946319580078e-01,3.426591455936431885e-01,1.195515468716621399e-01,1.570821553468704224e-01,1.613015979528427124e-01,1.567719131708145142e-01,3.039244562387466431e-02,2.936585433781147003e-02,-3.639412671327590942e-02,3.531653881072998047e-01,1.687922328710556030e-01,1.890307068824768066e-01,1.591118723154067993e-01,2.794084250926971436e-01,1.775317341089248657e-01,1.122295334935188293e-01,1.176072880625724792e-01,2.886288762092590332e-01,1.561626195907592773e-01,8.769094198942184448e-02,-2.786886878311634064e-02,-4.600802063941955566e-02,-3.484724089503288269e-02,-1.844507753849029541e-01,-1.030650660395622253e-01,-1.324675828218460083e-01,-1.103218197822570801e-01,-6.755067408084869385e-02,-1.444548070430755615e-01,-1.337976455688476562e-01,1.132761090993881226e-01,1.427348852157592773e-01,5.534377694129943848e-02,5.541883409023284912e-02,4.436752200126647949e-02,1.104027926921844482e-01,8.418802917003631592e-02,-1.689725182950496674e-02,6.898951530456542969e-02,3.383276611566543579e-02,3.881457820534706116e-02,-1.740424521267414093e-02,-1.186393201351165771e-01,3.034841716289520264e-01,9.573008865118026733e-02,1.514851301908493042e-01,8.230473101139068604e-02,2.660080492496490479e-01,1.593924760818481445e-01,2.989406585693359375e-01,1.524087190628051758e-01,1.812887042760848999e-01,1.596913039684295654e-01,6.022261455655097961e-02,-9.262376464903354645e-03,1.837960481643676758e-01,-7.284062448889017105e-03,7.232697308063507080e-02,1.579348295927047729e-01,-3.117697313427925110e-02,5.382968112826347351e-02,-2.603584341704845428e-02,-6.365349888801574707e-02,-9.738028794527053833e-02,-1.421868205070495605e-01,8.425003290176391602e-02,1.844235323369503021e-02,3.859153715893626213e-03,4.711497947573661804e-02,-2.119469642639160156e-02,1.115355193614959717e-01,-1.514365524053573608e-02,-5.944652110338211060e-02,-2.035872787237167358e-01,-8.753573894500732422e-02,3.109485376626253128e-03,-1.326956450939178467e-01,-5.214424058794975281e-02,5.181127414107322693e-02,3.550973907113075256e-02,1.075593307614326477e-01,-6.830993294715881348e-02,2.593728015199303627e-03,5.316809937357902527e-02,4.145517200231552124e-02,-1.289372593164443970e-01,1.064904406666755676e-01,1.050015017390251160e-01,-4.275869112461805344e-03,3.007839918136596680e-01,9.774579107761383057e-02,2.419341653585433960e-01,1.952280253171920776e-01,6.831707060337066650e-02,2.501016482710838318e-02,8.857776410877704620e-03,-1.111349985003471375e-01,-5.581507459282875061e-02,1.032232642173767090e-01,-2.375224418938159943e-02,1.043934524059295654e-01,1.400455981492996216e-01,5.232528224587440491e-02
