1.000000000000000000e+00,6.030269265174865723e-01,2.945729196071624756e-01,3.378388583660125732e-01,-7.234258204698562622e-02,-2.610413357615470886e-02,3.873861134052276611e-01,3.510837852954864502e-01,5.125036463141441345e-03,-4.346510022878646851e-02,4.186280369758605957e-01,3.283060193061828613e-01,3.283585608005523682e-01,2.604337632656097412e-01,-3.258324926719069481e-03,5.295080691576004028e-02,2.672480344772338867e-01,3.541535735130310059e-01,5.648873448371887207e-01,5.634350776672363281e-01,-6.655110418796539307e-02,-3.303951397538185120e-02,1.291633397340774536e-01,1.132186204195022583e-01,-8.641108125448226929e-02,-5.594246834516525269e-02,-1.767024695873260498e-01,-1.102347001433372498e-01,2.117652446031570435e-01,2.383330017328262329e-01,1.401208937168121338e-01,1.497166007757186890e-01,3.818625211715698242e-01,3.706053793430328369e-01,6.027868017554283142e-02,2.148805707693099976e-01,1.497538834810256958e-01,6.726703792810440063e-02,4.859276860952377319e-02,9.710540063679218292e-03,1.363149285316467285e-01,5.514140427112579346e-02,2.744563519954681396e-01,2.392993122339248657e-01,2.431096732616424561e-01,2.873424589633941650e-01,2.664316594600677490e-01,2.403262853622436523e-01,2.909270226955413818e-01,2.019569426774978638e-01,1.039019823074340820e-01,1.820063740015029907e-01,8.665284514427185059e-02,1.333615276962518692e-03,1.308350861072540283e-01,5.855456739664077759e-02,5.978937149047851562e-01,5.052895545959472656e-01,5.365147590637207031e-01,4.807515442371368408e-01,4.245028495788574219e-01,3.868193328380584717e-01,2.824291586875915527e-01,3.563729822635650635e-01,-2.926179952919483185e-02,1.894219964742660522e-01,3.976085186004638672e-01,3.451122343540191650e-01,4.626366794109344482e-01,4.910299181938171387e-01,1.718206852674484253e-01,2.052858322858810425e-01,1.917591840028762817e-01,2.118887901306152344e-01,1.331135779619216919e-01,2.088225185871124268e-01,2.829997539520263672e-01,2.698615491390228271e-01,1.386414468288421631e-01,2.783249020576477051e-01,2.319539338350296021e-01,3.178771436214447021e-01,1.068524196743965149e-01,1.210475265979766846e-01,2.070970833301544189e-01,1.398189663887023926e-01,7.722490280866622925e-02,5.148544005351141095e-06,9.087496995925903320e-02,2.316113933920860291e-02,3.377695083618164062e-01,3.534614741802215576e-01,1.512534320354461670e-01,1.865071654319763184e-01,6.290861964225769043e-02,2.022255398333072662e-02,1.814283281564712524e-01,1.181084662675857544e-01,3.187592923641204834e-01,3.120177686214447021e-01,1.531419605016708374e-01,1.472418010234832764e-01,3.322315514087677002e-01,2.509996891021728516e-01,2.715062201023101807e-01,2.700324952602386475e-01,6.630376726388931274e-02,2.187015116214752197e-01,4.828349873423576355e-02,9.935378283262252808e-02,1.062176302075386047e-01,2.723653912544250488e-01,2.817686200141906738e-01,1.889081150293350220e-01,1.558256149291992188e-01,5.101577565073966980e-02
6.030269265174865723e-01,1.000000000000000000e+00,1.569049209356307983e-01,3.276374638080596924e-01,-1.910581439733505249e-01,-9.535242803394794464e-03,3.220549821853637695e-01,4.161872863769531250e-01,-1.192487627267837524e-01,-8.713991194963455200e-02,3.635012805461883545e-01,4.259878396987915039e-01,1.988902240991592407e-01,3.461484909057617188e-01,-1.592199057340621948e-01,-2.152183651924133301e-02,2.632314562797546387e-01,4.529925882816314697e-01,4.948509335517883301e-01,6.124537587165832520e-01,-1.056053563952445984e-01,-5.302931368350982666e-02,3.084631450474262238e-02,8.297140151262283325e-02,-1.519670784473419189e-01,-6.528539955615997314e-02,-2.296114861965179443e-01,-1.904882639646530151e-01,1.665072143077850342e-01,2.240706235170364380e-01,1.476571857929229736e-01,1.701876670122146606e-01,3.945285081863403320e-01,4.713625311851501465e-01,-2.356190234422683716e-02,1.193398237228393555e-01,1.824824064970016479e-01,1.120677515864372253e-01,1.489917561411857605e-02,4.035689681768417358e-02,2.024356126785278320e-01,7.815089076757431030e-02,1.885312795639038086e-01,1.930919736623764038e-01,1.892609894275665283e-01,2.291064560413360596e-01,1.798959523439407349e-01,1.774825155735015869e-01,2.388494312763214111e-01,1.895813643932342529e-01,4.252297431230545044e-02,1.443914771080017090e-01,3.553438559174537659e-02,-2.395820058882236481e-02,4.672295972704887390e-02,1.026555802673101425e-02,4.993811547756195068e-01,6.559386849403381348e-01,2.719216346740722656e-01,4.473960399627685547e-01,2.616796195507049561e-01,5.112935900688171387e-01,2.848193347454071045e-01,5.235561132431030273e-01,-1.751953959465026855e-01,1.312040239572525024e-01,2.183431535959243774e-01,2.764986455440521240e-01,3.259581327438354492e-01,3.632284700870513916e-01,1.720461696386337280e-01,2.137929946184158325e-01,1.700103282928466797e-01,2.310655266046524048e-01,1.136741936206817627e-01,1.884292513132095337e-01,1.950256377458572388e-01,2.201409190893173218e-01,9.498357027769088745e-02,2.050462663173675537e-01,1.712302565574645996e-01,2.957234084606170654e-01,5.794763192534446716e-02,1.774786710739135742e-01,3.595810756087303162e-02,1.060119718313217163e-01,6.320087611675262451e-02,-4.362443462014198303e-02,-1.667504757642745972e-02,-3.777941316366195679e-02,3.509385585784912109e-01,2.842218875885009766e-01,1.007221490144729614e-01,1.972823441028594971e-01,4.891067370772361755e-02,5.793837457895278931e-02,1.644974201917648315e-01,1.082417890429496765e-01,3.000695109367370605e-01,1.948247700929641724e-01,8.659172803163528442e-02,5.725606530904769897e-02,2.424630075693130493e-01,2.147929072380065918e-01,2.545930445194244385e-01,2.285262197256088257e-01,8.302704244852066040e-02,2.015976011753082275e-01,8.164343982934951782e-02,8.133611828088760376e-02,6.776648014783859253e-02,1.903006434440612793e-01,2.223689705133438110e-01,1.582458019256591797e-01,1.900088042020797729e-01,7.182288169860839844e-02
2.945729196071624756e-01,1.569049209356307983e-01,1.000000000000000000e+00,5.928999185562133789e-01,2.049069255590438843e-01,2.118142507970333099e-02,6.625794172286987305e-01,4.412873089313507080e-01,2.599533498287200928e-01,7.311811298131942749e-02,3.416242003440856934e-01,3.435309231281280518e-01,4.557202756404876709e-01,3.138414323329925537e-01,3.232469856739044189e-01,2.965550422668457031e-01,1.095513999462127686e-01,1.371117085218429565e-01,4.699230194091796875e-01,2.928158342838287354e-01,1.334033310413360596e-01,1.244895309209823608e-01,6.288592815399169922e-01,5.629245042800903320e-01,2.636454701423645020e-01,2.397334426641464233e-01,8.237709850072860718e-02,6.947658956050872803e-02,2.008373588323593140e-01,1.690081208944320679e-01,4.958328604698181152e-01,4.926260709762573242e-01,4.090566039085388184e-01,3.251976370811462402e-01,2.495136559009552002e-01,2.832852005958557129e-01,1.627395898103713989e-01,1.566013246774673462e-01,7.894626259803771973e-02,2.136476896703243256e-02,7.548965513706207275e-02,3.428323194384574890e-02,1.908322125673294067e-01,1.683281511068344116e-01,1.827312707901000977e-01,1.231402456760406494e-01,2.031276822090148926e-01,1.654742211103439331e-01,1.336065381765365601e-01,1.452932655811309814e-01,1.971136331558227539e-01,1.837221086025238037e-01,1.236564591526985168e-01,1.128148660063743591e-01,7.266361266374588013e-02,-5.178685486316680908e-02,1.080685853958129883e-01,1.547655649483203888e-02,3.585255444049835205e-01,7.052470743656158447e-02,3.350424766540527344e-01,9.816142171621322632e-02,1.860258169472217560e-02,-1.422220841050148010e-02,3.458500504493713379e-01,4.453355371952056885e-01,3.582425713539123535e-01,2.550742030143737793e-01,3.274334967136383057e-01,2.998977899551391602e-01,2.405267953872680664e-01,2.694308757781982422e-01,2.164317071437835693e-01,1.883096545934677124e-01,1.799299120903015137e-01,1.173961907625198364e-01,1.943197250366210938e-01,1.949295848608016968e-01,1.146459653973579407e-01,1.095156818628311157e-01,1.640298515558242798e-01,1.053297743201255798e-01,1.828566640615463257e-01,5.078823491930961609e-02,3.301128745079040527e-01,2.616687119007110596e-01,1.539289206266403198e-01,3.025615587830543518e-03,8.651752769947052002e-02,1.811933144927024841e-02,1.093420833349227905e-01,1.385447531938552856e-01,9.823213517665863037e-02,1.105071380734443665e-01,-2.746077999472618103e-02,-6.188546121120452881e-02,3.561703115701675415e-02,-5.036817491054534912e-02,3.790834918618202209e-02,4.393091797828674316e-02,1.596559733152389526e-01,2.146504819393157959e-01,6.425976008176803589e-02,5.584007501602172852e-02,9.308121167123317719e-03,5.235353112220764160e-02,4.151575639843940735e-02,6.467663496732711792e-02,-9.918124414980411530e-03,1.106487587094306946e-01,7.560101896524429321e-02,6.993600726127624512e-02,1.727672666311264038e-02,1.020397897809743881e-02,8.270408958196640015e-02,-1.049840450286865234e-02
3.378388583660125732e-01,3.276374638080596924e-01,5.928999185562133789e-01,1.000000000000000000e+00,5.963184684514999390e-02,4.528614133596420288e-02,6.094391345977783203e-01,6.712533235549926758e-01,1.419225633144378662e-01,1.185171231627464294e-01,3.132864832878112793e-01,4.521247446537017822e-01,3.030942976474761963e-01,4.115489125251770020e-01,8.920862525701522827e-02,2.647991180419921875e-01,1.789447814226150513e-01,2.412074804306030273e-01,5.020803213119506836e-01,4.470300376415252686e-01,-9.781655855476856232e-03,-1.973957940936088562e-02,4.792436063289642334e-01,5.686959624290466309e-01,1.597300320863723755e-01,2.268135249614715576e-01,-8.475831896066665649e-02,-5.430503562092781067e-02,2.099714726209640503e-01,2.001466751098632812e-01,4.664666652679443359e-01,5.158618092536926270e-01,4.193292856216430664e-01,4.526941180229187012e-01,1.257215142250061035e-01,2.710140347480773926e-01,1.244956329464912415e-01,1.011862382292747498e-01,-4.108948633074760437e-03,3.677366068586707115e-03,7.676231116056442261e-02,-1.038829702883958817e-02,2.275946587324142456e-01,1.616129279136657715e-01,2.270071357488632202e-01,1.980235874652862549e-01,2.176218628883361816e-01,2.152788341045379639e-01,1.928028613328933716e-01,1.721186041831970215e-01,1.832261830568313599e-01,1.777614653110504150e-01,1.164480075240135193e-01,7.926455885171890259e-02,6.616280879825353622e-03,-5.007844418287277222e-02,2.044992148876190186e-01,1.552890539169311523e-01,3.024094402790069580e-01,2.638035416603088379e-01,2.891311347484588623e-01,3.404881060123443604e-01,1.238626465201377869e-01,1.910561174154281616e-01,1.456665396690368652e-01,5.045436620712280273e-01,3.388451039791107178e-01,3.802541792392730713e-01,3.326890170574188232e-01,3.425898253917694092e-01,2.431742697954177856e-01,2.757734060287475586e-01,2.383842319250106812e-01,2.176977545022964478e-01,1.951649934053421021e-01,1.601388454437255859e-01,1.415868401527404785e-01,1.966866999864578247e-01,1.153724864125251770e-01,1.104052811861038208e-01,2.044209986925125122e-01,1.575751602649688721e-01,7.913707196712493896e-02,9.907270222902297974e-02,1.273394674062728882e-01,2.598657011985778809e-01,6.960392743349075317e-02,-5.802499502897262573e-02,-3.003787435591220856e-02,-2.160076051950454712e-02,2.617155015468597412e-01,2.062181085348129272e-01,1.701854914426803589e-01,1.531326621770858765e-01,-3.744158521294593811e-02,-8.251267485320568085e-03,2.105011604726314545e-02,-1.246558129787445068e-02,1.272617280483245850e-01,5.451380088925361633e-02,2.500680983066558838e-01,2.180477827787399292e-01,1.271754950284957886e-01,1.348841190338134766e-01,1.786117325536906719e-03,3.228884935379028320e-02,6.163364648818969727e-02,1.307719051837921143e-01,-5.767643079161643982e-02,1.307793110609054565e-01,6.170293316245079041e-02,8.387336879968643188e-02,8.355642110109329224e-02,-7.370358798652887344e-03,4.807421565055847168e-02,-6.791085749864578247e-02
-7.234258204698562622e-02,-1.910581439733505249e-01,2.049069255590438843e-01,5.963184684514999390e-02,1.000000000000000000e+00,5.193366408348083496e-01,1.147193014621734619e-01,-4.524271562695503235e-02,6.386339068412780762e-01,4.792616963386535645e-01,1.232552975416183472e-01,7.191076874732971191e-03,1.745806038379669189e-01,-5.412749201059341431e-02,5.152834653854370117e-01,4.162526428699493408e-01,2.300710231065750122e-01,4.294390976428985596e-02,9.227058291435241699e-02,-7.391973485937342048e-05,3.232581615447998047e-01,2.064407169818878174e-01,2.076565623283386230e-01,1.124926358461380005e-01,4.766805768013000488e-01,4.853884279727935791e-01,3.632068336009979248e-01,2.195586264133453369e-01,2.774498462677001953e-01,1.167000234127044678e-01,2.915658950805664062e-01,1.839025616645812988e-01,1.046442016959190369e-01,2.623835206031799316e-02,3.633809089660644531e-01,2.835032641887664795e-01,7.309573888778686523e-02,1.247978508472442627e-01,8.780557662248611450e-03,-6.647627055644989014e-02,-7.359773851931095123e-03,1.031607761979103088e-01,2.169300019741058350e-01,2.360140383243560791e-01,2.900626361370086670e-01,2.285681068897247314e-01,2.448399215936660767e-01,2.029494792222976685e-01,2.602691054344177246e-01,2.863161861896514893e-01,3.342505991458892822e-01,3.029832541942596436e-01,2.197595238685607910e-01,2.046623080968856812e-01,1.199384257197380066e-01,2.255791239440441132e-02,-7.792791351675987244e-03,-1.896385103464126587e-01,1.968824714422225952e-01,-1.677891984581947327e-02,2.236693203449249268e-01,-4.799336940050125122e-02,1.838769018650054932e-01,-8.225054293870925903e-02,4.248092472553253174e-01,2.408451586961746216e-01,3.361001610755920410e-01,2.469961792230606079e-01,1.318777054548263550e-01,5.121199041604995728e-02,2.955728769302368164e-01,2.907686233520507812e-01,2.916038036346435547e-01,2.726278305053710938e-01,1.839212924242019653e-01,1.862622648477554321e-01,2.709521055221557617e-01,2.574002146720886230e-01,2.606632411479949951e-01,1.265146285295486450e-01,3.326862454414367676e-01,2.517376542091369629e-01,1.805659979581832886e-01,-1.102987751364707947e-01,3.952076435089111328e-01,2.638345062732696533e-01,9.297303855419158936e-02,-1.263871043920516968e-02,1.173764392733573914e-01,1.293586753308773041e-02,-3.360566496849060059e-02,-1.401128340512514114e-02,1.935045793652534485e-02,-3.942497819662094116e-02,-1.527703702449798584e-01,-1.160653159022331238e-01,-1.522429008036851883e-02,-4.160727187991142273e-02,4.643562063574790955e-02,6.825735419988632202e-02,3.772747516632080078e-02,2.247933857142925262e-02,-8.347054570913314819e-02,-9.685050696134567261e-02,-8.453359454870223999e-02,-5.907758697867393494e-02,7.137512415647506714e-02,6.254872772842645645e-03,-4.645842313766479492e-02,1.792301982641220093e-01,2.730745971202850342e-01,7.802102714776992798e-02,-4.660488665103912354e-02,-5.669346824288368225e-02,-8.060611784458160400e-02,-3.767272084951400757e-02
-2.610413357615470886e-02,-9.535242803394794464e-03,2.118142507970333099e-02,4.528614133596420288e-02,5.193366408348083496e-01,1.000000000000000000e+00,5.107698589563369751e-02,6.404460221529006958e-02,4.901516139507293701e-01,6.496943235397338867e-01,7.160910218954086304e-02,1.222145184874534607e-01,5.861769989132881165e-02,8.265945315361022949e-02,2.586863040924072266e-01,3.856512606143951416e-01,2.112392932176589966e-01,1.791850924491882324e-01,8.861935138702392578e-02,1.252531856298446655e-01,1.356295347213745117e-01,7.808032631874084473e-02,-3.048509731888771057e-02,-3.884466132149100304e-03,3.970749080181121826e-01,5.087749958038330078e-01,1.596138030290603638e-01,1.428103148937225342e-01,2.057844996452331543e-01,1.285491436719894409e-01,1.567241251468658447e-01,1.020711362361907959e-01,3.657109662890434265e-02,7.509774714708328247e-02,1.587913930416107178e-01,1.203326806426048279e-01,-6.156288832426071167e-02,9.723484516143798828e-03,-2.048703134059906006e-01,-1.285894960165023804e-01,5.241466313600540161e-02,9.156927466392517090e-02,4.997219517827033997e-02,9.911640733480453491e-02,1.318934261798858643e-01,1.256075352430343628e-01,7.369983196258544922e-02,4.431911557912826538e-02,1.716864407062530518e-01,1.889676451683044434e-01,1.579626202583312988e-01,1.599681377410888672e-01,1.343374103307723999e-01,6.165447086095809937e-02,-5.599218606948852539e-02,-4.317760467529296875e-03,-1.845481246709823608e-02,-3.367786854505538940e-02,5.910363420844078064e-02,7.823234796524047852e-02,6.728937476873397827e-02,8.337967097759246826e-02,1.595868021249771118e-01,6.375179439783096313e-02,9.846570342779159546e-02,1.246311888098716736e-01,1.513728797435760498e-01,1.437882483005523682e-01,-1.215853635221719742e-02,-3.167434409260749817e-02,2.718288898468017578e-01,2.776993215084075928e-01,3.216665387153625488e-01,3.199903368949890137e-01,2.698018550872802734e-01,3.033576607704162598e-01,1.871732473373413086e-01,2.309866696596145630e-01,1.005734577775001526e-01,7.000429928302764893e-02,1.743990331888198853e-01,1.911198347806930542e-01,-3.709264099597930908e-02,-1.138578206300735474e-01,8.922246843576431274e-02,1.054274514317512512e-01,-9.591846168041229248e-02,-6.672926992177963257e-02,-9.452422708272933960e-02,-7.395454496145248413e-02,-3.270992310717701912e-03,-6.142422184348106384e-02,-4.442084953188896179e-02,-9.515962749719619751e-02,-2.439348697662353516e-01,-9.472125023603439331e-02,-1.417703926563262939e-01,-8.243222534656524658e-02,7.978584035299718380e-04,-8.707652799785137177e-03,6.894036382436752319e-02,-7.782980799674987793e-02,2.400841191411018372e-02,-9.062107652425765991e-02,2.068497007712721825e-03,-7.161929458379745483e-02,1.229336634278297424e-01,-7.517581805586814880e-03,-8.427777141332626343e-02,3.873879835009574890e-02,1.144058629870414734e-01,-3.397051990032196045e-02,-4.870613664388656616e-02,-6.877323240041732788e-02,-5.215331539511680603e-02,-4.037271067500114441e-02
3.873861134052276611e-01,3.220549821853637695e-01,6.625794172286987305e-01,6.094391345977783203e-01,1.147193014621734619e-01,5.107698589563369751e-02,1.000000000000000000e+00,6.314250826835632324e-01,1.565314233303070068e-01,4.497566819190979004e-02,3.987850546836853027e-01,4.277704954147338867e-01,4.728223085403442383e-01,3.875287175178527832e-01,1.816511601209640503e-01,2.517762780189514160e-01,1.781190335750579834e-01,2.793429195880889893e-01,4.860017895698547363e-01,4.084242284297943115e-01,8.341585844755172729e-02,1.459887027740478516e-01,4.001050293445587158e-01,4.251228868961334229e-01,1.055536121129989624e-01,1.742906123399734497e-01,-4.639754816889762878e-02,3.056480921804904938e-02,2.656981945037841797e-01,2.739047706127166748e-01,4.459264874458312988e-01,4.614696204662322998e-01,4.629380702972412109e-01,4.288617670536041260e-01,1.505421549081802368e-01,2.745323777198791504e-01,1.946645379066467285e-01,1.827199161052703857e-01,6.593603640794754028e-02,5.806339904665946960e-02,1.591169685125350952e-01,5.839484557509422302e-02,2.192899733781814575e-01,2.081667631864547729e-01,2.366837114095687866e-01,1.959778368473052979e-01,2.325065881013870239e-01,2.116298377513885498e-01,2.155509293079376221e-01,1.992273330688476562e-01,1.986335515975952148e-01,2.198326885700225830e-01,1.147688403725624084e-01,9.713893383741378784e-02,5.730875208973884583e-02,-4.857159033417701721e-02,1.781663298606872559e-01,1.255889236927032471e-01,3.191661834716796875e-01,1.876579225063323975e-01,4.165567755699157715e-01,3.427866995334625244e-01,1.976987570524215698e-01,2.222007066011428833e-01,1.579896509647369385e-01,4.079772531986236572e-01,3.525616228580474854e-01,2.982841134071350098e-01,2.696361243724822998e-01,2.477006018161773682e-01,2.759225368499755859e-01,3.225554525852203369e-01,2.236738055944442749e-01,2.497214823961257935e-01,1.691602170467376709e-01,1.642167717218399048e-01,2.100285589694976807e-01,2.311655730009078979e-01,9.557334333658218384e-02,1.508354991674423218e-01,1.724930405616760254e-01,1.493474096059799194e-01,1.468979269266128540e-01,1.440551131963729858e-01,2.170839309692382812e-01,2.609498500823974609e-01,1.477908492088317871e-01,-2.565196901559829712e-02,5.856050923466682434e-02,-8.303821086883544922e-03,2.398051619529724121e-01,1.849141418933868408e-01,9.484981000423431396e-02,1.338731348514556885e-01,-1.420488394796848297e-02,-2.089028945192694664e-03,8.435975015163421631e-02,-2.810594066977500916e-02,1.661745756864547729e-01,7.162268459796905518e-02,1.507483720779418945e-01,1.762933582067489624e-01,1.305622607469558716e-01,1.258455961942672729e-01,7.772685587406158447e-02,6.962739676237106323e-02,4.454740881919860840e-02,9.256733953952789307e-02,2.335880696773529053e-02,1.029983460903167725e-01,8.512122184038162231e-02,1.202784925699234009e-01,1.331619173288345337e-01,5.802049860358238220e-02,9.656799584627151489e-02,2.659752778708934784e-02
3.510837852954864502e-01,4.161872863769531250e-01,4.412873089313507080e-01,6.712533235549926758e-01,-4.524271562695503235e-02,6.404460221529006958e-02,6.314250826835632324e-01,1.000000000000000000e+00,2.538924477994441986e-02,8.506830781698226929e-02,3.575763106346130371e-01,4.885350465774536133e-01,3.211603462696075439e-01,4.838642179965972900e-01,-1.960413902997970581e-02,1.923756599426269531e-01,2.330918163061141968e-01,3.586639463901519775e-01,4.596962928771972656e-01,4.812304973602294922e-01,-4.209074750542640686e-02,4.424020182341337204e-03,2.561808526515960693e-01,3.955971598625183105e-01,-1.328730257228016853e-03,1.384051740169525146e-01,-1.887441724538803101e-01,-6.679102033376693726e-02,2.561447322368621826e-01,2.770806550979614258e-01,3.651185631752014160e-01,4.293994903564453125e-01,4.168467223644256592e-01,4.858729541301727295e-01,5.412575975060462952e-02,2.228736281394958496e-01,1.522476971149444580e-01,1.214416697621345520e-01,-1.742302253842353821e-02,1.717448234558105469e-02,1.480783671140670776e-01,1.406628452241420746e-02,1.991912573575973511e-01,1.667504757642745972e-01,2.078009396791458130e-01,2.009817361831665039e-01,1.837994754314422607e-01,1.842976063489913940e-01,2.119453996419906616e-01,1.738331764936447144e-01,1.395828723907470703e-01,1.601509749889373779e-01,6.487039476633071899e-02,1.257493067532777786e-02,-2.223864570260047913e-02,-5.264151096343994141e-02,2.168003618717193604e-01,2.056355029344558716e-01,1.922979354858398438e-01,2.783874869346618652e-01,3.131836950778961182e-01,4.971453547477722168e-01,2.556583583354949951e-01,3.534444272518157959e-01,-1.291838567703962326e-02,3.965790867805480957e-01,2.335931211709976196e-01,3.081241250038146973e-01,2.069107443094253540e-01,2.235119193792343140e-01,2.613415420055389404e-01,2.992726862430572510e-01,2.467414736747741699e-01,2.807171642780303955e-01,2.077284157276153564e-01,2.261753529310226440e-01,1.699019670486450195e-01,2.361477166414260864e-01,8.241464197635650635e-02,1.197587698698043823e-01,1.640188395977020264e-01,1.568747311830520630e-01,4.366128891706466675e-02,1.572517454624176025e-01,4.778641089797019958e-02,2.333307415246963501e-01,4.455835744738578796e-02,-6.765631586313247681e-02,-6.272756308317184448e-02,-4.140617325901985168e-02,3.044137954711914062e-01,1.854679882526397705e-01,1.117579117417335510e-01,1.074784770607948303e-01,-3.456242755055427551e-02,1.884470321238040924e-02,3.524507209658622742e-02,-1.021306402981281281e-02,1.767788529396057129e-01,3.808273747563362122e-02,1.947561949491500854e-01,1.254745870828628540e-01,1.765704452991485596e-01,1.271515786647796631e-01,6.110525503754615784e-02,3.409847244620323181e-02,7.754518836736679077e-02,9.931682050228118896e-02,-9.025719482451677322e-04,7.996568828821182251e-02,4.930718615651130676e-02,7.233981043100357056e-02,1.266878843307495117e-01,1.820770092308521271e-02,5.175646394491195679e-02,-1.262002065777778625e-02
5.125036463141441345e-03,-1.192487627267837524e-01,2.599533498287200928e-01,1.419225633144378662e-01,6.386339068412780762e-01,4.901516139507293701e-01,1.565314233303070068e-01,2.538924477994441986e-02,1.000000000000000000e+00,5.986229777336120605e-01,2.334911525249481201e-01,1.625103354454040527e-01,3.033890128135681152e-01,1.204759255051612854e-01,5.644391179084777832e-01,4.612665176391601562e-01,3.425133526325225830e-01,2.111861109733581543e-01,1.283350735902786255e-01,4.588460922241210938e-02,3.169468939304351807e-01,1.528825610876083374e-01,2.734602987766265869e-01,2.281917929649353027e-01,5.985784530639648438e-01,6.245786547660827637e-01,1.823522895574569702e-01,4.566736891865730286e-02,3.961761891841888428e-01,2.368312627077102661e-01,4.064100980758666992e-01,3.226660788059234619e-01,1.560455858707427979e-01,9.565135836601257324e-02,4.449113011360168457e-01,3.529170453548431396e-01,9.918301552534103394e-02,1.363986134529113770e-01,4.357518255710601807e-02,-2.266275137662887573e-02,-7.970692217350006104e-02,7.176188379526138306e-02,2.383920699357986450e-01,2.990186512470245361e-01,3.340398967266082764e-01,2.885168194770812988e-01,2.198972404003143311e-01,2.306859791278839111e-01,2.855182886123657227e-01,3.248655796051025391e-01,3.559193909168243408e-01,3.487274646759033203e-01,1.902577430009841919e-01,1.542634069919586182e-01,1.454638391733169556e-01,7.266449183225631714e-02,6.248803809285163879e-02,-1.142549738287925720e-01,2.716137766838073730e-01,2.570866374298930168e-03,2.730629146099090576e-01,-2.808801457285881042e-02,2.123432010412216187e-01,-4.328596964478492737e-02,4.694373011589050293e-01,3.499287068843841553e-01,3.788582086563110352e-01,2.784141004085540771e-01,1.958878040313720703e-01,1.196234598755836487e-01,4.700185656547546387e-01,4.470891058444976807e-01,4.476559162139892578e-01,4.331434965133666992e-01,4.038351476192474365e-01,3.602012693881988525e-01,4.177953302860260010e-01,3.957676291465759277e-01,3.351944088935852051e-01,2.315350770950317383e-01,4.017384350299835205e-01,3.375366926193237305e-01,1.243749186396598816e-01,-8.252655714750289917e-02,4.589822292327880859e-01,3.359594047069549561e-01,8.874882757663726807e-02,4.095792025327682495e-02,1.751922369003295898e-01,7.344935834407806396e-02,-2.634182386100292206e-02,-5.427254736423492432e-02,2.097557298839092255e-02,-3.088081628084182739e-02,-9.270615875720977783e-02,-6.073419377207756042e-02,5.054260045289993286e-02,3.418944403529167175e-02,5.375941097736358643e-02,1.028022542595863342e-01,1.042414829134941101e-01,7.164666801691055298e-02,-1.227813307195901871e-03,-4.663057252764701843e-02,-2.377570420503616333e-02,-3.929067868739366531e-03,1.113474294543266296e-01,1.755615137517452240e-02,-3.442652150988578796e-02,2.387693524360656738e-01,3.299573659896850586e-01,5.223123356699943542e-02,-7.220415025949478149e-02,-2.898594178259372711e-02,-5.461572110652923584e-02,-5.574125424027442932e-02
-4.346510022878646851e-02,-8.713991194963455200e-02,7.311811298131942749e-02,1.185171231627464294e-01,4.792616963386535645e-01,6.496943235397338867e-01,4.497566819190979004e-02,8.506830781698226929e-02,5.986229777336120605e-01,1.000000000000000000e+00,1.161210238933563232e-01,1.610789448022842407e-01,1.484971791505813599e-01,1.524052321910858154e-01,3.699995577335357666e-01,4.618949890136718750e-01,2.936371564865112305e-01,1.906524598598480225e-01,7.882290333509445190e-02,8.443642407655715942e-02,1.429944485425949097e-01,6.168061494827270508e-02,9.384056180715560913e-02,1.606024354696273804e-01,5.378689169883728027e-01,5.940566658973693848e-01,1.399206072092056274e-01,7.744858413934707642e-02,3.059957623481750488e-01,1.741695702075958252e-01,2.507060766220092773e-01,2.111628204584121704e-01,4.499487578868865967e-02,7.187371701002120972e-02,3.014752566814422607e-01,2.373897284269332886e-01,-3.027739189565181732e-02,1.526650041341781616e-02,-1.577752381563186646e-01,-9.060138463973999023e-02,-2.848743833601474762e-02,4.854367673397064209e-02,1.377243995666503906e-01,2.090193331241607666e-01,2.302736788988113403e-01,2.103569656610488892e-01,9.732697904109954834e-02,1.390744000673294067e-01,2.254609167575836182e-01,2.551378309726715088e-01,2.506040036678314209e-01,2.519675195217132568e-01,1.194330155849456787e-01,5.865377560257911682e-02,-3.326521441340446472e-02,6.827001273632049561e-02,7.039780728518962860e-03,-1.010444313287734985e-01,1.223499849438667297e-01,5.790668353438377380e-02,1.239641159772872925e-01,2.976999804377555847e-02,1.879844814538955688e-01,1.868842635303735733e-03,2.776124179363250732e-01,2.966997027397155762e-01,2.272395491600036621e-01,2.165981084108352661e-01,5.064499750733375549e-02,3.123212233185768127e-02,3.733144998550415039e-01,3.603260219097137451e-01,4.139424860477447510e-01,3.800816833972930908e-01,3.700067996978759766e-01,3.494064211845397949e-01,2.811783254146575928e-01,3.202596306800842285e-01,2.180385738611221313e-01,1.074548810720443726e-01,2.946412563323974609e-01,2.486418634653091431e-01,-5.334764719009399414e-02,-1.222144290804862976e-01,1.948513090610504150e-01,2.142635881900787354e-01,-1.010710150003433228e-01,-5.351460073143243790e-03,-6.573963910341262817e-02,1.369990594685077667e-02,-3.017010539770126343e-02,-1.000070646405220032e-01,4.243482369929552078e-03,-1.187780052423477173e-01,-2.076143473386764526e-01,-8.235092461109161377e-02,-8.059652894735336304e-02,-2.170849777758121490e-02,-9.536937810480594635e-03,1.278154086321592331e-02,1.215065717697143555e-01,-1.213385723531246185e-02,3.090333007276058197e-02,-8.035591244697570801e-02,-1.876066811382770538e-02,-7.835953682661056519e-02,1.218795925378799438e-01,-1.487710280343890190e-03,-1.103999912738800049e-01,1.113951578736305237e-01,2.243288308382034302e-01,-6.511006504297256470e-03,-7.398809492588043213e-02,-8.381390571594238281e-02,-7.515802979469299316e-02,-7.469402998685836792e-02
4.186280369758605957e-01,3.635012805461883545e-01,3.416242003440856934e-01,3.132864832878112793e-01,1.232552975416183472e-01,7.160910218954086304e-02,3.987850546836853027e-01,3.575763106346130371e-01,2.334911525249481201e-01,1.161210238933563232e-01,1.000000000000000000e+00,5.483926534652709961e-01,6.170561909675598145e-01,4.928486049175262451e-01,2.781085968017578125e-01,2.391999959945678711e-01,4.653480947017669678e-01,5.278372168540954590e-01,3.150697350502014160e-01,2.947420477867126465e-01,9.834568202495574951e-02,5.911006033420562744e-02,2.547377049922943115e-01,2.867351472377777100e-01,1.981264352798461914e-01,2.671363353729248047e-01,-8.790037781000137329e-02,-2.334670871496200562e-01,4.705674052238464355e-01,4.101113080978393555e-01,5.035175085067749023e-01,4.857974052429199219e-01,4.257772564888000488e-01,3.936004936695098877e-01,3.487667143344879150e-01,3.000043034553527832e-01,3.059462606906890869e-01,2.578996121883392334e-01,4.719184339046478271e-02,1.058607771992683411e-01,2.171205282211303711e-01,1.481627076864242554e-01,2.333748787641525269e-01,3.072044551372528076e-01,3.087249398231506348e-01,3.232133686542510986e-01,2.039220631122589111e-01,2.498531937599182129e-01,2.689815461635589600e-01,2.873284518718719482e-01,2.066505849361419678e-01,3.169478178024291992e-01,3.422399982810020447e-02,-7.522972673177719116e-02,2.635866776108741760e-02,4.970549419522285461e-02,3.290873169898986816e-01,2.666029334068298340e-01,2.268854081630706787e-01,1.096811667084693909e-01,3.674731254577636719e-01,2.469115704298019409e-01,4.008046090602874756e-01,3.569540083408355713e-01,2.229805141687393188e-01,2.722941935062408447e-01,2.779306173324584961e-01,2.629641890525817871e-01,1.644080281257629395e-01,2.012814432382583618e-01,5.768358707427978516e-01,5.358000397682189941e-01,4.840609133243560791e-01,5.106807351112365723e-01,4.178699553012847900e-01,4.215759634971618652e-01,5.117106437683105469e-01,5.278812050819396973e-01,2.288659363985061646e-01,2.680312097072601318e-01,3.376269042491912842e-01,3.891527354717254639e-01,1.702921837568283081e-01,1.590180546045303345e-01,3.385991156101226807e-01,3.435312211513519287e-01,2.831980399787425995e-02,2.167447470128536224e-02,2.515246905386447906e-02,-1.474467851221561432e-02,1.547878831624984741e-01,1.124106124043464661e-01,1.925848424434661865e-02,6.573098152875900269e-02,3.308831155300140381e-02,6.585913896560668945e-02,1.842290312051773071e-01,1.264813244342803955e-01,1.180268898606300354e-01,1.131376251578330994e-01,1.095366477966308594e-01,2.808596938848495483e-02,1.549091786146163940e-01,5.013484880328178406e-02,1.498740017414093018e-01,1.043812781572341919e-01,1.795411407947540283e-01,1.387169659137725830e-01,6.194726005196571350e-02,2.431899309158325195e-01,3.049263656139373779e-01,1.213257163763046265e-01,5.423234775662422180e-02,2.736039087176322937e-02,1.166671365499496460e-01,3.923632949590682983e-02
3.283060193061828613e-01,4.259878396987915039e-01,3.435309231281280518e-01,4.521247446537017822e-01,7.191076874732971191e-03,1.222145184874534607e-01,4.277704954147338867e-01,4.885350465774536133e-01,1.625103354454040527e-01,1.610789448022842407e-01,5.483926534652709961e-01,1.000000000000000000e+00,4.477597773075103760e-01,6.607335805892944336e-01,1.287693232297897339e-01,2.498056143522262573e-01,2.545311450958251953e-01,4.495142996311187744e-01,3.162999153137207031e-01,3.378774225711822510e-01,-1.066175941377878189e-02,-1.923679932951927185e-02,2.860931754112243652e-01,4.071937501430511475e-01,1.443486660718917847e-01,2.591374814510345459e-01,-1.370202302932739258e-01,-2.148071676492691040e-01,2.496679723262786865e-01,2.565904259681701660e-01,4.786092340946197510e-01,5.310330390930175781e-01,4.408653378486633301e-01,5.084076523780822754e-01,1.251378506422042847e-01,1.382165998220443726e-01,1.819588690996170044e-01,1.500427871942520142e-01,-4.041974246501922607e-02,1.006944701075553894e-01,1.516213268041610718e-01,8.482728153467178345e-02,9.903954714536666870e-02,1.226609498262405396e-01,1.754619181156158447e-01,1.738206148147583008e-01,7.891736179590225220e-02,1.096848323941230774e-01,1.443262398242950439e-01,1.427832841873168945e-01,1.043467298150062561e-01,1.524620801210403442e-01,1.938980631530284882e-02,-8.319687843322753906e-02,-5.594723671674728394e-02,-3.582218661904335022e-02,1.377827525138854980e-01,2.406174391508102417e-01,1.264279186725616455e-01,7.824581861495971680e-02,2.993813157081604004e-01,3.664464652538299561e-01,2.438821941614151001e-01,3.911476433277130127e-01,1.052478700876235962e-01,3.654912114143371582e-01,1.954404115676879883e-01,2.213802039623260498e-01,9.349457919597625732e-02,1.027829498052597046e-01,4.305237531661987305e-01,4.453930258750915527e-01,3.019934296607971191e-01,3.574550151824951172e-01,2.731073796749114990e-01,2.588340938091278076e-01,2.905547022819519043e-01,3.173221945762634277e-01,7.145850360393524170e-02,9.471421688795089722e-02,1.500221788883209229e-01,2.551417052745819092e-01,5.235663801431655884e-02,2.254981547594070435e-01,1.558334678411483765e-01,2.881951332092285156e-01,-1.158409100025892258e-02,-1.008088700473308563e-03,-6.404693424701690674e-02,-4.873736575245857239e-02,1.682125329971313477e-01,6.850580126047134399e-02,8.101800829172134399e-02,1.299621611833572388e-01,-5.616048723459243774e-02,5.747340247035026550e-02,2.203625626862049103e-02,1.405209396034479141e-02,8.827955275774002075e-02,2.490405924618244171e-02,2.333758920431137085e-01,8.038187026977539062e-02,1.471498012542724609e-01,5.647732689976692200e-02,8.769817650318145752e-02,4.560840874910354614e-02,1.478520482778549194e-01,1.365602165460586548e-01,4.320827778428792953e-03,1.230044811964035034e-01,1.066667437553405762e-01,1.464243512600660324e-02,4.243909567594528198e-02,1.104715932160615921e-02,9.328966587781906128e-02,-2.019573561847209930e-02
3.283585608005523682e-01,1.988902240991592407e-01,4.557202756404876709e-01,3.030942976474761963e-01,1.745806038379669189e-01,5.861769989132881165e-02,4.728223085403442383e-01,3.211603462696075439e-01,3.033890128135681152e-01,1.484971791505813599e-01,6.170561909675598145e-01,4.477597773075103760e-01,1.000000000000000000e+00,5.052869319915771484e-01,4.068824350833892822e-01,2.729094028472900391e-01,3.421879708766937256e-01,4.557639062404632568e-01,2.453394681215286255e-01,1.963099986314773560e-01,1.471536159515380859e-01,1.712636500597000122e-01,3.897125422954559326e-01,4.291913509368896484e-01,2.973863482475280762e-01,2.883861660957336426e-01,7.248247414827346802e-02,-4.863547161221504211e-02,4.113706052303314209e-01,3.616943955421447754e-01,5.131334066390991211e-01,5.093008279800415039e-01,3.800404667854309082e-01,3.350870013236999512e-01,3.775554895401000977e-01,3.323183953762054443e-01,2.838078737258911133e-01,3.192675709724426270e-01,1.117048785090446472e-01,1.869345754384994507e-01,1.738591492176055908e-01,2.038676291704177856e-01,1.608518660068511963e-01,2.481367290019989014e-01,2.343219518661499023e-01,2.179074883460998535e-01,1.645974963903427124e-01,2.065615355968475342e-01,1.738515794277191162e-01,2.006244808435440063e-01,1.788059175014495850e-01,2.656643390655517578e-01,1.222851406782865524e-02,-4.702525585889816284e-02,5.951807275414466858e-02,9.402082115411758423e-02,2.197169661521911621e-01,1.326492428779602051e-01,2.902717888355255127e-01,4.991960525512695312e-02,3.894649744033813477e-01,1.483424603939056396e-01,2.490515559911727905e-01,1.971826702356338501e-01,2.867279052734375000e-01,3.275451064109802246e-01,3.048134744167327881e-01,2.194560319185256958e-01,2.294414639472961426e-01,2.362269461154937744e-01,5.260459780693054199e-01,5.019224882125854492e-01,3.700413405895233154e-01,4.254751205444335938e-01,2.976639270782470703e-01,3.262934386730194092e-01,4.204848706722259521e-01,4.511291086673736572e-01,1.963129639625549316e-01,2.611377835273742676e-01,2.683734893798828125e-01,2.957770824432373047e-01,1.859313100576400757e-01,1.531770527362823486e-01,3.398340046405792236e-01,2.970795035362243652e-01,7.970232516527175903e-02,7.525697350502014160e-02,9.106574952602386475e-02,6.555771082639694214e-02,6.477411836385726929e-02,6.073439121246337891e-02,4.312093183398246765e-02,2.405879832804203033e-02,7.192327082157135010e-02,6.752334535121917725e-02,2.027444243431091309e-01,1.083793565630912781e-01,6.071930751204490662e-02,7.189496606588363647e-02,1.073870062828063965e-01,8.106984198093414307e-02,9.069051593542098999e-02,4.611807875335216522e-03,7.446958124637603760e-02,5.382138490676879883e-02,1.510300189256668091e-01,8.117420226335525513e-02,5.938839539885520935e-02,2.203000932931900024e-01,2.852004468441009521e-01,1.424694657325744629e-01,2.435247972607612610e-02,9.852974675595760345e-03,9.006237983703613281e-02,7.301703840494155884e-02
