1.000000000000000000e+00,5.034908056259155273e-01,3.358174562454223633e-01,4.866006970405578613e-01,1.644958108663558960e-01,1.501576006412506104e-01,3.762906491756439209e-01,4.103887677192687988e-01,3.080769479274749756e-01,2.912394404411315918e-01,5.052284002304077148e-01,2.296938002109527588e-01,4.137524664402008057e-01,2.955684065818786621e-01,1.970072090625762939e-01,2.611030936241149902e-01,3.546646833419799805e-01,7.470287382602691650e-02,3.673650622367858887e-01,3.461908400058746338e-01,9.607615321874618530e-02,4.742737114429473877e-02,1.824363619089126587e-01,2.931624054908752441e-01,2.306240797042846680e-01,2.979625165462493896e-01,2.645695507526397705e-01,1.994374841451644897e-01,3.652772605419158936e-01,9.483695775270462036e-02,2.914997637271881104e-01,2.527031302452087402e-01,4.307172000408172607e-01,3.357763886451721191e-01,-1.185080688446760178e-02,-6.761305779218673706e-02,1.032964661717414856e-01,1.013263314962387085e-01,2.764406502246856689e-01,2.231145650148391724e-01,1.426656693220138550e-01,1.198216453194618225e-01,2.947477102279663086e-01,2.291701436042785645e-01,2.022465616464614868e-01,2.085518240928649902e-01,3.179481625556945801e-01,2.878116965293884277e-01,3.298632204532623291e-01,2.743640542030334473e-01,4.712974429130554199e-01,2.818405628204345703e-01,4.399901032447814941e-01,2.010757476091384888e-01,2.788528501987457275e-01,1.287274956703186035e-01,6.957257986068725586e-01,4.009244143962860107e-01,3.313489854335784912e-01,2.582079768180847168e-01,4.442633688449859619e-01,2.342835813760757446e-01,3.199068307876586914e-01,1.353496611118316650e-01,3.357369303703308105e-01,2.278525978326797485e-01,2.924979031085968018e-01,3.017572760581970215e-01,5.746325254440307617e-01,4.426007866859436035e-01,9.695840626955032349e-02,-2.211933955550193787e-02,3.411510586738586426e-01,2.499413341283798218e-01,1.809677779674530029e-01,2.062136977910995483e-01,2.523162961006164551e-01,2.530903816223144531e-01,6.838750094175338745e-02,-3.227578476071357727e-02,2.932120561599731445e-01,1.317376047372817993e-01,2.191732265055179596e-02,3.388027846813201904e-02,3.050663173198699951e-01,2.951378822326660156e-01,8.519476652145385742e-02,-1.852233335375785828e-02,2.748538553714752197e-01,8.817828446626663208e-02,3.688938319683074951e-01,1.304201632738113403e-01,3.477645516395568848e-01,1.119929850101470947e-01,1.529684364795684814e-01,1.044420674443244934e-01,1.386425197124481201e-01,4.347440972924232483e-02,2.950614690780639648e-01,1.532009840011596680e-01,4.234267771244049072e-01,-1.322322175838053226e-03,1.408825516700744629e-01,-5.567283555865287781e-02,3.132143244147300720e-02,7.078734040260314941e-02,-6.495949625968933105e-02,4.947028122842311859e-03,3.830276895314455032e-03,9.869505651295185089e-03,-7.973024994134902954e-02,2.160676568746566772e-01,2.766124904155731201e-01,1.869640946388244629e-01,2.907813712954521179e-02,-8.540946990251541138e-03
5.034908056259155273e-01,1.000000000000000000e+00,2.678926289081573486e-01,4.584584236145019531e-01,1.412353813648223877e-01,2.153187692165374756e-01,1.816669702529907227e-01,4.543097019195556641e-01,1.969822645187377930e-01,3.083920478820800781e-01,1.515382379293441772e-01,4.173223376274108887e-01,1.464624553918838501e-01,3.633368909358978271e-01,4.607434570789337158e-02,2.776392102241516113e-01,1.124619245529174805e-01,2.848700582981109619e-01,2.021557390689849854e-01,3.953236043453216553e-01,-3.761923313140869141e-02,9.078782983124256134e-03,5.616113543510437012e-02,2.470314800739288330e-01,2.128650993108749390e-01,1.694975197315216064e-01,1.652711629867553711e-01,1.520812362432479858e-01,7.481861859560012817e-02,1.514292061328887939e-01,1.348826885223388672e-01,1.825320571660995483e-01,3.161203861236572266e-01,3.474244177341461182e-01,-2.524951100349426270e-01,-1.901688873767852783e-01,-1.490536630153656006e-01,2.710046619176864624e-02,1.145378313958644867e-02,1.108176261186599731e-01,-4.800302535295486450e-02,6.386361271142959595e-02,2.361238002777099609e-01,2.887479960918426514e-01,2.450385838747024536e-01,2.971891462802886963e-01,1.219056993722915649e-01,2.951069176197052002e-01,3.001694083213806152e-01,4.027162790298461914e-01,3.581096529960632324e-01,4.938574135303497314e-01,2.957309782505035400e-01,4.181593358516693115e-01,2.674854185897856951e-04,1.326716244220733643e-01,4.757995903491973877e-01,6.951491236686706543e-01,3.013228476047515869e-01,3.474058210849761963e-01,2.780439257621765137e-01,3.763325512409210205e-01,1.083584651350975037e-01,2.560777068138122559e-01,2.631284892559051514e-01,3.279436230659484863e-01,2.116245478391647339e-01,2.727111876010894775e-01,3.991501927375793457e-01,4.725097715854644775e-01,-6.483973562717437744e-02,-6.945554912090301514e-02,1.869456171989440918e-01,3.200994133949279785e-01,4.352252930402755737e-02,1.744641512632369995e-01,2.948731556534767151e-02,1.348630189895629883e-01,-1.668828278779983521e-01,-2.844915352761745453e-02,4.351251944899559021e-02,2.615931332111358643e-01,-8.955602347850799561e-02,7.964022457599639893e-02,1.019995063543319702e-01,5.102267861366271973e-01,-6.944327615201473236e-03,2.473995275795459747e-02,6.829817593097686768e-02,2.930709123611450195e-01,1.516549736261367798e-01,3.250312507152557373e-01,1.879641115665435791e-01,3.511201441287994385e-01,7.112115621566772461e-02,-4.554081335663795471e-02,-1.474938634783029556e-02,-6.410691887140274048e-02,5.478147789835929871e-02,1.690803468227386475e-01,1.082076206803321838e-01,1.466136127710342407e-01,1.746653206646442413e-02,-1.140388101339340210e-02,-9.981290996074676514e-02,-4.672219976782798767e-03,-1.325681954622268677e-01,1.761525869369506836e-02,-1.347139179706573486e-01,-1.328086704015731812e-01,-1.808008104562759399e-01,7.917980849742889404e-02,1.824454218149185181e-01,6.998164206743240356e-02,-2.510161139070987701e-02,-5.693279951810836792e-02
3.358174562454223633e-01,2.678926289081573486e-01,1.000000000000000000e+00,6.952078938484191895e-01,1.217813715338706970e-01,2.840870805084705353e-02,7.584267258644104004e-01,5.765369534492492676e-01,3.350457251071929932e-01,2.002277076244354248e-01,3.614409863948822021e-01,2.460809797048568726e-01,4.783341586589813232e-01,3.310509622097015381e-01,2.900367379188537598e-01,1.967485100030899048e-01,2.157281786203384399e-01,-2.602011710405349731e-02,5.489947795867919922e-01,4.568383395671844482e-01,-6.780704017728567123e-03,3.671820461750030518e-02,4.774519801139831543e-01,6.055914163589477539e-01,2.346020191907882690e-01,1.436023414134979248e-01,1.934998035430908203e-01,5.208240449428558350e-02,3.358797729015350342e-01,1.299507450312376022e-02,4.060700237751007080e-01,4.148527681827545166e-01,1.298483312129974365e-01,1.959277689456939697e-01,-5.592845845967531204e-03,-7.905573397874832153e-02,8.384064584970474243e-02,8.651995100080966949e-03,1.381984502077102661e-01,5.104712024331092834e-02,-3.258135914802551270e-02,4.409141466021537781e-02,3.309667408466339111e-01,2.547468543052673340e-01,2.771435976028442383e-01,2.681902050971984863e-01,3.510582447052001953e-01,2.618761658668518066e-01,3.020276725292205811e-01,3.188782036304473877e-01,4.186263382434844971e-01,3.109860420227050781e-01,3.996231853961944580e-01,2.237678468227386475e-01,3.781523704528808594e-01,6.673924624919891357e-02,3.688808679580688477e-01,2.981156408786773682e-01,4.000226855278015137e-01,3.403399288654327393e-01,2.612081766128540039e-01,2.138550728559494019e-01,3.282159566879272461e-01,1.990862488746643066e-01,3.389332592487335205e-01,2.329141497611999512e-01,3.044151067733764648e-01,1.782752722501754761e-01,3.947266340255737305e-01,2.561485767364501953e-01,3.730985894799232483e-02,-1.077190786600112915e-01,1.569143086671829224e-01,1.882735639810562134e-02,8.758138120174407959e-02,9.395321458578109741e-02,1.200805231928825378e-01,1.088300868868827820e-01,3.703862801194190979e-02,-1.091480031609535217e-01,2.950630187988281250e-01,-1.215288322418928146e-02,-1.231603547930717468e-01,-7.704662531614303589e-02,2.621030807495117188e-01,1.674056351184844971e-01,7.230416685342788696e-02,-6.694296747446060181e-02,2.172671854496002197e-01,1.666902378201484680e-02,3.988294005393981934e-01,7.899135351181030273e-02,2.891688942909240723e-01,1.256135571748018265e-02,-4.771571233868598938e-02,3.286312893033027649e-02,-5.369215738028287888e-03,-1.262845285236835480e-02,2.600806653499603271e-01,7.220777124166488647e-02,2.014938592910766602e-01,-2.059405893087387085e-01,-8.199755102396011353e-02,-2.070955485105514526e-01,-1.926914006471633911e-01,-1.856784671545028687e-01,-2.606310546398162842e-01,-9.320139139890670776e-02,-8.487812010571360588e-04,-7.588285952806472778e-02,-1.381833553314208984e-01,7.812804728746414185e-02,4.267789795994758606e-02,-6.164041534066200256e-02,-5.249537527561187744e-02,-1.255692243576049805e-01
4.866006970405578613e-01,4.584584236145019531e-01,6.952078938484191895e-01,1.000000000000000000e+00,1.117510572075843811e-01,8.338800072669982910e-02,6.810605525970458984e-01,7.695943117141723633e-01,3.382058441638946533e-01,3.744514286518096924e-01,3.525286316871643066e-01,4.514101445674896240e-01,4.733981192111968994e-01,5.078602433204650879e-01,2.369486391544342041e-01,2.937623262405395508e-01,1.241140067577362061e-01,3.769082576036453247e-02,5.416848659515380859e-01,5.532183051109313965e-01,7.178658992052078247e-02,4.134289547801017761e-02,3.616455197334289551e-01,6.477447748184204102e-01,2.472783625125885010e-01,2.216198742389678955e-01,2.436518371105194092e-01,1.429112553596496582e-01,2.509995400905609131e-01,1.090231388807296753e-01,3.785678744316101074e-01,4.094663262367248535e-01,1.957360953092575073e-01,1.675572544336318970e-01,-1.344390511512756348e-01,-1.411128193140029907e-01,5.620512645691633224e-03,4.799772426486015320e-02,1.215617656707763672e-01,1.177284568548202515e-01,-5.233523622155189514e-02,1.121328547596931458e-01,3.464790880680084229e-01,2.929983139038085938e-01,2.943988144397735596e-01,2.865874171257019043e-01,2.887960374355316162e-01,1.905492842197418213e-01,3.301100134849548340e-01,3.548189401626586914e-01,4.213648736476898193e-01,3.610131144523620605e-01,4.019439816474914551e-01,3.265401721000671387e-01,3.446857929229736328e-01,1.588790565729141235e-01,4.426105320453643799e-01,4.076692759990692139e-01,3.978321254253387451e-01,3.735064864158630371e-01,3.166922032833099365e-01,2.762739360332489014e-01,2.834522128105163574e-01,2.294613718986511230e-01,2.962528169155120850e-01,2.421106249094009399e-01,2.858831286430358887e-01,2.248054295778274536e-01,5.098062753677368164e-01,3.840017020702362061e-01,2.998181991279125214e-02,-1.233362704515457153e-01,2.229093909263610840e-01,1.279041618108749390e-01,5.296426638960838318e-02,9.405943006277084351e-02,6.794859468936920166e-02,7.192938029766082764e-02,-3.863162919878959656e-02,-7.199127972126007080e-02,1.869797259569168091e-01,1.013606935739517212e-01,-1.202594563364982605e-01,3.657840937376022339e-02,1.616938859224319458e-01,3.440762162208557129e-01,2.869988232851028442e-02,-2.514092018827795982e-03,1.862050443887710571e-01,1.400094926357269287e-01,3.704324066638946533e-01,1.919063478708267212e-01,2.711243331432342529e-01,1.027223765850067139e-01,-7.186294347047805786e-02,-7.867948710918426514e-02,-1.028530746698379517e-01,-1.607642918825149536e-01,1.825100183486938477e-01,5.861362814903259277e-02,1.975193470716476440e-01,-1.170244291424751282e-01,-4.212500527501106262e-02,-1.704608947038650513e-01,-1.611068844795227051e-01,-1.465237289667129517e-01,-2.967844009399414062e-01,-1.277671754360198975e-01,-1.194991096854209900e-01,-1.845846772193908691e-01,-2.156886011362075806e-01,1.827520318329334259e-02,-1.129958662204444408e-03,-8.508269488811492920e-02,-5.564689636230468750e-02,-8.047763258218765259e-02
1.644958108663558960e-01,1.412353813648223877e-01,1.217813715338706970e-01,1.117510572075843811e-01,1.000000000000000000e+00,7.445025444030761719e-01,9.423024952411651611e-02,4.181229695677757263e-02,3.967691063880920410e-01,2.048480808734893799e-01,2.106738239526748657e-01,1.122304424643516541e-01,2.495096474885940552e-01,1.398754566907882690e-01,3.610373735427856445e-01,3.948775827884674072e-01,6.212957948446273804e-02,9.428863972425460815e-02,9.281735867261886597e-03,-4.116800054907798767e-02,-1.110386028885841370e-01,-1.501668840646743774e-01,1.664697309024631977e-03,1.148704141378402710e-01,5.260665416717529297e-01,3.964659571647644043e-01,4.048958122730255127e-01,4.533377885818481445e-01,2.035353928804397583e-01,1.510382592678070068e-01,2.034720033407211304e-01,1.750133484601974487e-01,7.658368349075317383e-02,8.498818427324295044e-02,9.767735004425048828e-02,1.016990244388580322e-01,9.575527161359786987e-02,1.116850823163986206e-01,1.055074855685234070e-01,1.140365526080131531e-01,6.528250873088836670e-02,7.183270156383514404e-02,1.052336320281028748e-01,1.112595275044441223e-01,6.461323052644729614e-02,8.955499529838562012e-02,7.823844254016876221e-02,1.115857288241386414e-01,1.032621860504150391e-01,1.208846420049667358e-01,1.844155043363571167e-01,1.366476118564605713e-01,1.680221408605575562e-01,1.145001724362373352e-01,1.936054229736328125e-02,5.140008404850959778e-02,1.565185338258743286e-01,1.188780441880226135e-01,1.609569042921066284e-01,1.010562106966972351e-01,1.720997244119644165e-01,8.087100088596343994e-02,1.011279597878456116e-01,4.411100596189498901e-02,1.542674154043197632e-01,1.079202666878700256e-01,1.474989354610443115e-01,1.504707485437393188e-01,1.523964107036590576e-01,3.720686584711074829e-02,7.992650568485260010e-02,1.168349310755729675e-01,2.501699328422546387e-01,2.264965772628784180e-01,1.627106592059135437e-02,3.504806384444236755e-02,1.224711462855339050e-01,1.295091211795806885e-01,-1.036183908581733704e-01,1.223880127072334290e-01,1.275462061166763306e-01,7.313001900911331177e-02,4.592537879943847656e-02,7.182170450687408447e-02,1.584711223840713501e-01,9.250340610742568970e-02,1.010553240776062012e-01,1.870308443903923035e-02,6.322297453880310059e-02,3.832045570015907288e-02,7.821490615606307983e-02,1.207698788493871689e-02,4.214936867356300354e-02,-5.258057732135057449e-03,3.768023103475570679e-02,4.344771057367324829e-02,4.421606659889221191e-02,3.411981835961341858e-02,5.598794296383857727e-02,-2.676030807197093964e-02,6.894967705011367798e-02,-2.190071903169155121e-02,1.404310483485460281e-02,-2.912336029112339020e-02,-4.864013288170099258e-03,-3.805773705244064331e-02,-2.410094812512397766e-02,7.925375550985336304e-02,5.455148592591285706e-02,6.351260095834732056e-02,3.542593121528625488e-02,7.943427562713623047e-02,-3.313549328595399857e-03,5.636546388268470764e-02,-5.829521641135215759e-02,-1.868797987699508667e-01
1.501576006412506104e-01,2.153187692165374756e-01,2.840870805084705353e-02,8.338800072669982910e-02,7.445025444030761719e-01,1.000000000000000000e+00,-1.287992950528860092e-02,8.078540116548538208e-02,2.896107733249664307e-01,3.255810439586639404e-01,1.487078219652175903e-01,2.045309990644454956e-01,1.441448777914047241e-01,1.979330331087112427e-01,2.680497765541076660e-01,4.693132936954498291e-01,1.923921331763267517e-02,1.557636260986328125e-01,-2.285399660468101501e-02,-1.380788162350654602e-02,-9.952588379383087158e-02,-1.350476145744323730e-01,-7.625355571508407593e-02,2.837114781141281128e-02,4.816437363624572754e-01,3.976375758647918701e-01,3.294830918312072754e-01,4.458146989345550537e-01,1.477519571781158447e-01,1.828856170177459717e-01,1.762858033180236816e-01,1.593309342861175537e-01,1.089954450726509094e-01,9.926687926054000854e-02,7.906299829483032227e-02,1.006313413381576538e-01,5.722328275442123413e-02,9.988217800855636597e-02,5.681305751204490662e-02,7.867059111595153809e-02,9.984368458390235901e-03,3.361869603395462036e-02,1.031533405184745789e-01,1.161356270313262939e-01,8.693612366914749146e-02,8.315593004226684570e-02,3.271989524364471436e-02,1.209235042333602905e-01,1.068779602646827698e-01,1.589426100254058838e-01,1.346577256917953491e-01,1.411661803722381592e-01,9.851243346929550171e-02,1.123416572809219360e-01,-5.383222550153732300e-02,2.612796379253268242e-03,1.531568467617034912e-01,1.687071621417999268e-01,1.561679095029830933e-01,1.264712661504745483e-01,1.771704256534576416e-01,1.357637196779251099e-01,1.080249473452568054e-01,9.714663773775100708e-02,1.642732620239257812e-01,1.491245925426483154e-01,1.690468937158584595e-01,1.760733127593994141e-01,1.710922867059707642e-01,8.545002341270446777e-02,4.516270011663436890e-02,8.823932707309722900e-02,2.178627401590347290e-01,2.560746073722839355e-01,7.613885682076215744e-03,7.232809066772460938e-02,1.190338134765625000e-01,1.214823275804519653e-01,-1.596224009990692139e-01,8.839090913534164429e-02,7.312993705272674561e-02,1.422950178384780884e-01,6.122348457574844360e-02,1.244196146726608276e-01,9.267808496952056885e-02,1.884270757436752319e-01,1.291988044977188110e-01,1.135583221912384033e-01,2.718535717576742172e-03,4.351083561778068542e-02,3.003417141735553741e-02,8.258999139070510864e-02,3.692367300391197205e-02,6.260002404451370239e-02,6.245056912302970886e-02,3.824564069509506226e-02,6.207884103059768677e-02,3.835617750883102417e-02,2.476383745670318604e-02,-6.952899042516946793e-03,2.857204759493470192e-03,1.483140327036380768e-02,-2.764620119705796242e-03,-1.413431204855442047e-02,-2.909366227686405182e-02,-2.992020547389984131e-02,-1.564560644328594208e-02,5.576777830719947815e-02,6.938496232032775879e-02,4.941357672214508057e-02,5.406292527914047241e-02,9.256482124328613281e-02,1.795177347958087921e-02,9.787062555551528931e-02,-8.709167130291461945e-03,-1.698129475116729736e-01
3.762906491756439209e-01,1.816669702529907227e-01,7.584267258644104004e-01,6.810605525970458984e-01,9.423024952411651611e-02,-1.287992950528860092e-02,1.000000000000000000e+00,5.969716906547546387e-01,3.718904554843902588e-01,1.900602877140045166e-01,4.466340541839599609e-01,2.419607490301132202e-01,5.927141308784484863e-01,3.565919101238250732e-01,3.322488367557525635e-01,1.572944372892379761e-01,1.952772140502929688e-01,-6.306498497724533081e-02,5.265538096427917480e-01,4.519535303115844727e-01,3.366900235414505005e-02,5.117446556687355042e-02,3.996862173080444336e-01,5.807496309280395508e-01,2.328896671533584595e-01,1.682222783565521240e-01,2.383920550346374512e-01,6.248147785663604736e-02,3.806626796722412109e-01,4.822142794728279114e-02,4.111880660057067871e-01,4.041065871715545654e-01,1.548471748828887939e-01,1.975918710231781006e-01,3.786906227469444275e-02,-6.971592456102371216e-02,1.222733259201049805e-01,5.161650851368904114e-02,2.402777820825576782e-01,1.253858655691146851e-01,3.133178502321243286e-02,7.803098857402801514e-02,2.680313289165496826e-01,2.254547327756881714e-01,2.031312733888626099e-01,2.058519721031188965e-01,3.321322798728942871e-01,2.161533385515213013e-01,2.138385176658630371e-01,2.550855875015258789e-01,3.522226810455322266e-01,2.262351512908935547e-01,3.347797095775604248e-01,1.495338231325149536e-01,3.884267508983612061e-01,1.061378717422485352e-01,3.224332332611083984e-01,2.036785632371902466e-01,3.342297673225402832e-01,2.820428013801574707e-01,2.055356949567794800e-01,1.211550608277320862e-01,2.935069799423217773e-01,1.137385740876197815e-01,2.665429413318634033e-01,1.568039357662200928e-01,2.716958522796630859e-01,1.828831136226654053e-01,4.020873010158538818e-01,2.194816619157791138e-01,4.190837591886520386e-02,-1.247549131512641907e-01,1.456951647996902466e-01,1.570539362728595734e-02,7.104397565126419067e-02,4.182588681578636169e-02,1.527626812458038330e-01,9.955032169818878174e-02,2.476112172007560730e-02,-8.752039819955825806e-02,2.907014191150665283e-01,-4.510885849595069885e-02,-7.040587067604064941e-02,-3.795997798442840576e-02,2.532669007778167725e-01,1.043973341584205627e-01,1.163325011730194092e-01,-1.927519030869007111e-02,2.517080903053283691e-01,-1.413511484861373901e-02,3.580610156059265137e-01,1.118598598986864090e-02,2.388932406902313232e-01,-5.105882883071899414e-02,-4.803916811943054199e-02,1.309614628553390503e-02,1.585982367396354675e-02,-3.062615729868412018e-02,2.447154819965362549e-01,1.068054419010877609e-02,2.213152050971984863e-01,-2.121071517467498779e-01,-5.254627764225006104e-02,-1.789727807044982910e-01,-1.119027733802795410e-01,-1.210817992687225342e-01,-1.880788207054138184e-01,-9.359987825155258179e-02,-2.535823546350002289e-02,-7.884581387042999268e-02,-1.540718525648117065e-01,4.210134223103523254e-02,4.243948031216859818e-03,-7.558507472276687622e-02,-8.359419554471969604e-02,-1.543536484241485596e-01
4.103887677192687988e-01,4.543097019195556641e-01,5.765369534492492676e-01,7.695943117141723633e-01,4.181229695677757263e-02,8.078540116548538208e-02,5.969716906547546387e-01,1.000000000000000000e+00,2.414844185113906860e-01,4.703981280326843262e-01,2.881402671337127686e-01,5.465188026428222656e-01,4.871161282062530518e-01,5.979042649269104004e-01,2.073356658220291138e-01,3.807621896266937256e-01,4.174544289708137512e-02,8.988939225673675537e-02,4.465755820274353027e-01,4.424607753753662109e-01,1.215285137295722961e-01,7.282692193984985352e-02,3.276961147785186768e-01,5.574066042900085449e-01,1.716661900281906128e-01,1.868176460266113281e-01,2.156708091497421265e-01,1.186578050255775452e-01,1.974474936723709106e-01,1.493588387966156006e-01,3.432549238204956055e-01,4.171627163887023926e-01,1.469248831272125244e-01,1.215705126523971558e-01,-1.730182617902755737e-01,-2.047946453094482422e-01,-2.483364008367061615e-02,8.224191144108772278e-03,8.411795645952224731e-02,8.772330731153488159e-02,-9.886481612920761108e-02,8.088538050651550293e-02,3.759790360927581787e-01,3.181897699832916260e-01,3.670794963836669922e-01,3.330080807209014893e-01,2.956387996673583984e-01,1.596446633338928223e-01,3.660410046577453613e-01,3.993467390537261963e-01,3.980922996997833252e-01,4.068486690521240234e-01,3.554634153842926025e-01,3.530310392379760742e-01,2.777063250541687012e-01,9.259521216154098511e-02,3.863207101821899414e-01,4.036616981029510498e-01,3.639171421527862549e-01,3.931253254413604736e-01,2.666822671890258789e-01,2.949017584323883057e-01,2.315464317798614502e-01,2.258195728063583374e-01,2.513255774974822998e-01,2.878606617450714111e-01,2.566055953502655029e-01,1.994306296110153198e-01,4.442334771156311035e-01,3.577014207839965820e-01,-6.822081655263900757e-02,-1.660762727260589600e-01,1.651801764965057373e-01,1.362454742193222046e-01,2.353963628411293030e-02,4.298001900315284729e-02,2.310372889041900635e-02,3.484070673584938049e-02,-1.230015158653259277e-01,-1.169601157307624817e-01,1.036332026124000549e-01,1.412457823753356934e-01,-1.928586661815643311e-01,4.409300908446311951e-02,1.141383796930313110e-01,3.886078000068664551e-01,9.280958212912082672e-03,3.362829610705375671e-02,1.460833698511123657e-01,1.358702331781387329e-01,3.256084322929382324e-01,2.501716613769531250e-01,2.712129056453704834e-01,1.871154606342315674e-01,-1.143498718738555908e-01,-1.337962895631790161e-01,-1.678102016448974609e-01,-2.372673749923706055e-01,1.114093363285064697e-01,3.552841022610664368e-03,1.436610221862792969e-01,-9.882477670907974243e-02,-1.158717572689056396e-01,-2.074607163667678833e-01,-2.216756194829940796e-01,-1.862077564001083374e-01,-3.304150998592376709e-01,-1.417720168828964233e-01,-1.435020714998245239e-01,-2.449619472026824951e-01,-2.978824079036712646e-01,-1.193784270435571671e-02,-7.462683133780956268e-03,-9.992893040180206299e-02,-5.243908241391181946e-02,-8.862192183732986450e-02
3.080769479274749756e-01,1.969822645187377930e-01,3.350457251071929932e-01,3.382058441638946533e-01,3.967691063880920410e-01,2.896107733249664307e-01,3.718904554843902588e-01,2.414844185113906860e-01,1.000000000000000000e+00,3.770138025283813477e-01,3.569546043872833252e-01,2.438777089118957520e-01,4.118945300579071045e-01,1.911583244800567627e-01,3.573991358280181885e-01,2.546975612640380859e-01,1.699933707714080811e-01,5.277832970023155212e-02,2.525077760219573975e-01,2.265303134918212891e-01,1.456408053636550903e-01,1.290564090013504028e-01,1.682601422071456909e-01,3.277374505996704102e-01,4.468834102153778076e-01,3.738409280776977539e-01,3.952080011367797852e-01,3.071911633014678955e-01,2.960962951183319092e-01,7.615676522254943848e-02,3.793843090534210205e-01,3.186269402503967285e-01,9.807186573743820190e-02,1.384076476097106934e-01,1.478850990533828735e-01,9.832359850406646729e-02,2.353430241346359253e-01,2.437239438295364380e-01,2.661689817905426025e-01,2.302924245595932007e-01,2.403023988008499146e-01,2.375071346759796143e-01,2.611365616321563721e-01,2.199342697858810425e-01,1.927440017461776733e-01,1.270998865365982056e-01,3.432419002056121826e-01,2.161648124456405640e-01,2.172512561082839966e-01,1.999087929725646973e-01,2.770552337169647217e-01,1.547298282384872437e-01,3.103123605251312256e-01,2.716684341430664062e-01,2.527802288532257080e-01,2.079763561487197876e-01,2.867456078529357910e-01,2.322045713663101196e-01,2.508621513843536377e-01,2.600618600845336914e-01,2.719983458518981934e-01,2.338663786649703979e-01,2.698026001453399658e-01,2.290649861097335815e-01,2.785231769084930420e-01,1.818570494651794434e-01,2.407911419868469238e-01,2.987894713878631592e-01,3.549525141716003418e-01,2.455807179212570190e-01,1.467555314302444458e-01,3.236870840191841125e-02,2.376032024621963501e-01,2.045580893754959106e-01,9.738715738058090210e-02,1.528122127056121826e-01,2.366774827241897583e-01,2.248386889696121216e-01,6.000665947794914246e-02,7.126431912183761597e-02,3.556555509567260742e-01,1.452352255582809448e-01,6.137487478554248810e-03,2.533043734729290009e-02,3.443443477153778076e-01,1.643654406070709229e-01,4.107913002371788025e-02,-6.139145046472549438e-02,2.073822617530822754e-01,6.833251565694808960e-02,2.653912603855133057e-01,1.837652176618576050e-01,2.299594283103942871e-01,7.072513550519943237e-02,4.134667292237281799e-02,8.513596653938293457e-02,9.049388766288757324e-02,2.316644787788391113e-02,2.198165655136108398e-01,9.963433444499969482e-02,2.682132124900817871e-01,-5.219906941056251526e-02,-4.808448429685086012e-04,-7.209853082895278931e-02,9.665878117084503174e-02,8.895028382539749146e-02,-3.799834847450256348e-02,1.752099245786666870e-01,6.049913819879293442e-03,-9.159349836409091949e-03,-9.837472811341285706e-03,1.385461986064910889e-01,1.756726391613483429e-02,2.852475084364414215e-02,1.498183701187372208e-02,-6.457029376178979874e-03
2.912394404411315918e-01,3.083920478820800781e-01,2.002277076244354248e-01,3.744514286518096924e-01,2.048480808734893799e-01,3.255810439586639404e-01,1.900602877140045166e-01,4.703981280326843262e-01,3.770138025283813477e-01,1.000000000000000000e+00,1.841886788606643677e-01,4.686023294925689697e-01,3.419074118137359619e-01,5.112889409065246582e-01,2.859568595886230469e-01,6.041563749313354492e-01,1.000669319182634354e-02,9.513124823570251465e-02,1.917175948619842529e-01,1.814206093549728394e-01,1.906695812940597534e-01,1.054532304406166077e-01,1.338681727647781372e-01,2.869751453399658203e-01,2.941624522209167480e-01,3.581821620464324951e-01,3.932492733001708984e-01,3.651075363159179688e-01,1.572962403297424316e-01,2.696406245231628418e-01,3.613680601119995117e-01,4.311569333076477051e-01,1.641446799039840698e-01,1.390056908130645752e-01,-3.658202709630131721e-03,-4.846273362636566162e-02,8.499999344348907471e-02,1.414850503206253052e-01,1.494999378919601440e-01,1.237958297133445740e-01,-3.339002653956413269e-02,7.072719931602478027e-02,2.763632833957672119e-01,2.268874347209930420e-01,2.632853984832763672e-01,2.054263949394226074e-01,2.454269230365753174e-01,1.525187790393829346e-01,2.883768081665039062e-01,3.356797099113464355e-01,3.201416432857513428e-01,3.112251162528991699e-01,2.912156879901885986e-01,3.624790310859680176e-01,9.032250940799713135e-02,5.182993784546852112e-02,2.884303331375122070e-01,2.904894948005676270e-01,2.238931506872177124e-01,2.788573503494262695e-01,2.928114235401153564e-01,3.311382234096527100e-01,2.031529992818832397e-01,2.476086616516113281e-01,2.338577359914779663e-01,2.754986882209777832e-01,1.482042372226715088e-01,1.723244488239288330e-01,3.883218467235565186e-01,3.194795548915863037e-01,2.910289540886878967e-02,-2.314940094947814941e-02,1.012826487421989441e-01,2.300359755754470825e-01,8.499292284250259399e-02,1.525315195322036743e-01,2.218274176120758057e-01,2.277761250734329224e-01,-6.144160032272338867e-02,-2.494465373456478119e-02,1.238553747534751892e-01,2.695780992507934570e-01,-1.445674151182174683e-01,8.827327936887741089e-02,1.020022556185722351e-01,3.380665481090545654e-01,-4.305914789438247681e-02,6.311571598052978516e-02,2.399851754307746887e-02,5.099983885884284973e-02,2.010646909475326538e-01,3.259125649929046631e-01,2.241739183664321899e-01,2.490287870168685913e-01,6.432937085628509521e-02,6.255497224628925323e-03,-1.643131114542484283e-02,-9.833566844463348389e-02,6.952266395092010498e-02,4.614773765206336975e-02,1.667603552341461182e-01,3.442479297518730164e-02,-1.432468444108963013e-01,-1.292951405048370361e-01,-3.007986769080162048e-02,-1.564917899668216705e-02,-1.179217547178268433e-01,1.450912840664386749e-02,-1.449559815227985382e-02,-9.053166210651397705e-02,-1.236820518970489502e-01,7.435163855552673340e-02,4.593428969383239746e-02,3.838647902011871338e-02,1.850110851228237152e-02,2.157605811953544617e-02
5.052284002304077148e-01,1.515382379293441772e-01,3.614409863948822021e-01,3.525286316871643066e-01,2.106738239526748657e-01,1.487078219652175903e-01,4.466340541839599609e-01,2.881402671337127686e-01,3.569546043872833252e-01,1.841886788606643677e-01,1.000000000000000000e+00,3.265542089939117432e-01,5.129374265670776367e-01,2.567082047462463379e-01,2.291133403778076172e-01,1.509496718645095825e-01,4.800845384597778320e-01,1.882875263690948486e-01,2.034116983413696289e-01,1.674029678106307983e-01,1.442695260047912598e-01,9.927383065223693848e-02,9.051647782325744629e-02,2.236261814832687378e-01,3.121367692947387695e-01,3.164893090724945068e-01,3.160939514636993408e-01,2.462600767612457275e-01,5.811367034912109375e-01,2.338824123144149780e-01,3.669652938842773438e-01,2.939136922359466553e-01,2.276227027177810669e-01,2.414801120758056641e-01,1.795939952135086060e-01,1.322808861732482910e-01,3.512241840362548828e-01,2.798224687576293945e-01,4.596352875232696533e-01,3.189320862293243408e-01,2.914720475673675537e-01,2.377515435218811035e-01,2.541600167751312256e-01,1.073598638176918030e-01,2.579774558544158936e-01,2.206466794013977051e-01,2.271669656038284302e-01,1.092216446995735168e-01,2.725505232810974121e-01,1.472513824701309204e-01,2.580285668373107910e-01,-4.050163924694061279e-02,2.393704652786254883e-01,-1.428085267543792725e-01,3.602655529975891113e-01,1.765031963586807251e-01,4.143612682819366455e-01,1.489439755678176880e-01,2.806777656078338623e-01,1.798556149005889893e-01,4.130304455757141113e-01,1.671279072761535645e-01,4.641889333724975586e-01,2.874985933303833008e-01,3.200235962867736816e-01,1.300169378519058228e-01,3.432970643043518066e-01,3.105391561985015869e-01,2.619604766368865967e-01,1.204946115612983704e-01,2.132338881492614746e-01,7.813582569360733032e-02,3.426705598831176758e-01,2.333491742610931396e-01,2.596216499805450439e-01,2.393920272588729858e-01,2.487831413745880127e-01,2.301124036312103271e-01,1.921534985303878784e-01,8.551146090030670166e-02,5.621262192726135254e-01,2.267972230911254883e-01,2.562242150306701660e-01,2.585731446743011475e-01,5.114247798919677734e-01,1.842555552721023560e-01,3.520677387714385986e-01,2.252256572246551514e-01,4.956707656383514404e-01,5.925324186682701111e-02,4.175863265991210938e-01,-1.649086922407150269e-02,3.625193536281585693e-01,-1.238326821476221085e-02,1.271760761737823486e-01,7.950270920991897583e-02,2.523519098758697510e-01,8.869051188230514526e-02,3.448728621006011963e-01,6.037966161966323853e-02,4.392018318176269531e-01,-1.346603408455848694e-02,3.281975090503692627e-01,1.571518331766128540e-01,5.465009808540344238e-02,6.385044008493423462e-02,9.943422675132751465e-02,6.817455589771270752e-02,8.224669098854064941e-02,3.533902764320373535e-02,6.809895485639572144e-02,2.657301127910614014e-01,1.493433117866516113e-01,1.602915674448013306e-01,6.638049334287643433e-02,-1.846430636942386627e-02
2.296938002109527588e-01,4.173223376274108887e-01,2.460809797048568726e-01,4.514101445674896240e-01,1.122304424643516541e-01,2.045309990644454956e-01,2.419607490301132202e-01,5.465188026428222656e-01,2.438777089118957520e-01,4.686023294925689697e-01,3.265542089939117432e-01,1.000000000000000000e+00,3.293835818767547607e-01,6.193044781684875488e-01,1.651710271835327148e-01,3.811858296394348145e-01,4.135592654347419739e-02,3.020791709423065186e-01,2.379524707794189453e-01,2.777989804744720459e-01,1.936430037021636963e-01,1.298643797636032104e-01,7.082228362560272217e-02,2.334444224834442139e-01,2.156802713871002197e-01,2.907018065452575684e-01,2.859218716621398926e-01,2.596333026885986328e-01,2.094226181507110596e-01,2.871742844581604004e-01,3.364052772521972656e-01,4.030433595180511475e-01,1.032416149973869324e-01,9.912872314453125000e-02,-5.668431520462036133e-02,-1.743749482557177544e-03,9.688761085271835327e-02,1.817580312490463257e-01,1.639480739831924438e-01,2.268485426902770996e-01,-1.091699115931987762e-03,2.531690001487731934e-01,2.879382967948913574e-01,2.650870084762573242e-01,4.035331606864929199e-01,3.156315982341766357e-01,7.014930248260498047e-02,4.943561926484107971e-02,3.048900067806243896e-01,3.027624487876892090e-01,1.693463325500488281e-01,2.020353823900222778e-01,1.171422228217124939e-01,2.116763591766357422e-01,1.760615259408950806e-01,1.424497216939926147e-01,2.123260796070098877e-01,3.609641790390014648e-01,2.480997443199157715e-01,3.523339033126831055e-01,2.146792560815811157e-01,3.327741324901580811e-01,2.866791486740112305e-01,4.409556984901428223e-01,2.398895174264907837e-01,2.837718129158020020e-01,2.374260276556015015e-01,2.601509690284729004e-01,2.922769188880920410e-01,2.964950203895568848e-01,6.919700652360916138e-02,1.902092993259429932e-02,2.658516466617584229e-01,3.329054415225982666e-01,1.904178708791732788e-01,2.163168936967849731e-01,3.259542956948280334e-02,1.143985241651535034e-01,-8.386329561471939087e-02,1.647857017815113068e-02,1.798586249351501465e-01,3.440463840961456299e-01,-1.136390566825866699e-01,2.352480143308639526e-01,1.223847940564155579e-01,4.731194972991943359e-01,5.355278775095939636e-02,1.866053789854049683e-01,8.830176293849945068e-02,2.141505479812622070e-01,2.204034179449081421e-01,3.332788348197937012e-01,1.607330739498138428e-01,2.341029793024063110e-01,-5.412381887435913086e-02,-9.127817302942276001e-02,-5.900507420301437378e-02,-1.550929695367813110e-01,4.830349609255790710e-02,2.495651505887508392e-02,2.361457049846649170e-02,1.513994671404361725e-02,-2.486470900475978851e-02,-7.301566191017627716e-03,-2.454019635915756226e-01,-1.905502974987030029e-01,-2.781377732753753662e-01,2.531609870493412018e-02,-5.222465097904205322e-02,-1.884610801935195923e-01,-1.314389407634735107e-01,1.177102886140346527e-02,-6.952500343322753906e-02,-1.831980794668197632e-02,2.004021033644676208e-02,-6.761030294001102448e-03
4.137524664402008057e-01,1.464624553918838501e-01,4.783341586589813232e-01,4.733981192111968994e-01,2.495096474885940552e-01,1.441448777914047241e-01,5.927141308784484863e-01,4.871161282062530518e-01,4.118945300579071045e-01,3.419074118137359619e-01,5.129374265670776367e-01,3.293835818767547607e-01,1.000000000000000000e+00,4.925793409347534180e-01,4.917915761470794678e-01,3.387283980846405029e-01,1.579340398311614990e-01,-1.221876963973045349e-01,3.644987642765045166e-01,2.629941999912261963e-01,3.458070755004882812e-02,-4.604933038353919983e-02,3.971739411354064941e-01,4.000863134860992432e-01,2.414176613092422485e-01,2.236121445894241333e-01,2.873446345329284668e-01,1.467488110065460205e-01,3.798099458217620850e-01,7.959699630737304688e-02,3.937920629978179932e-01,4.011593759059906006e-01,5.230632424354553223e-02,6.923872977495193481e-02,-2.224263921380043030e-02,-1.312919110059738159e-01,1.065224036574363708e-01,-4.451804608106613159e-02,3.271862566471099854e-01,1.129887476563453674e-01,-8.787175640463829041e-03,6.991945207118988037e-02,3.084674477577209473e-01,1.735805273056030273e-01,2.891172766685485840e-01,2.578049898147583008e-01,3.216123580932617188e-01,1.089294329285621643e-01,3.335951566696166992e-01,3.503745198249816895e-01,4.216973781585693359e-01,2.155539840459823608e-01,3.462909162044525146e-01,9.943290799856185913e-02,3.261401951313018799e-01,-1.041127135977149010e-03,4.046764075756072998e-01,2.300309538841247559e-01,4.157518148422241211e-01,3.792418539524078369e-01,3.743932247161865234e-01,2.657324969768524170e-01,3.304209113121032715e-01,2.041082978248596191e-01,3.980439603328704834e-01,3.070211708545684814e-01,3.064085245132446289e-01,2.193710952997207642e-01,4.460897743701934814e-01,3.131023049354553223e-01,-7.099775224924087524e-02,-1.758674979209899902e-01,2.024837881326675415e-01,1.550576929003000259e-02,6.158100441098213196e-02,4.907013475894927979e-02,1.474062800407409668e-01,1.154723316431045532e-01,-4.137764126062393188e-02,-9.747328609228134155e-02,3.284255564212799072e-01,2.053665742278099060e-02,-5.621227994561195374e-02,-5.070006591267883778e-04,3.317825794219970703e-01,1.001006886363029480e-01,1.847437769174575806e-01,2.220706455409526825e-02,2.817255258560180664e-01,-1.549692302942276001e-01,3.466784954071044922e-01,2.457157522439956665e-02,3.049586415290832520e-01,-3.030706197023391724e-02,6.617831997573375702e-03,3.752488270401954651e-02,-2.007547765970230103e-02,-9.612043201923370361e-02,1.789688020944595337e-01,-7.983694225549697876e-02,2.749661207199096680e-01,-2.049773931503295898e-01,-7.148280274122953415e-03,-1.664907783269882202e-01,-2.171119153499603271e-01,-2.044180482625961304e-01,-2.045226991176605225e-01,-1.524553447961807251e-01,6.106694415211677551e-02,-6.013324484229087830e-02,-2.658832669258117676e-01,6.461946666240692139e-02,1.159551739692687988e-02,-9.541659057140350342e-02,-1.399977803230285645e-01,-2.374802976846694946e-01
