1.000000000000000000e+00,3.651447296142578125e-01,3.094225227832794189e-01,1.615407019853591919e-01,7.931978255510330200e-02,4.637049511075019836e-02,3.595375716686248779e-01,4.955401271581649780e-02,-1.228525955229997635e-02,-9.206126630306243896e-02,2.704703211784362793e-01,7.517612725496292114e-02,1.833432912826538086e-01,-6.035660579800605774e-02,1.212444156408309937e-02,-1.058819144964218140e-01,5.878172814846038818e-02,-1.334768980741500854e-01,2.810900509357452393e-01,2.465363293886184692e-01,-5.650011822581291199e-03,-1.106563489884138107e-02,9.939951449632644653e-02,3.588640317320823669e-02,-1.116664987057447433e-02,-2.693872898817062378e-02,2.088813036680221558e-01,1.327766180038452148e-01,1.004210114479064941e-01,-5.473983660340309143e-02,-3.177817165851593018e-02,-8.366915583610534668e-02,1.437439918518066406e-01,3.367745131254196167e-02,-2.121029645204544067e-01,-2.688323855400085449e-01,-2.547673583030700684e-01,-2.846072614192962646e-01,-2.119788080453872681e-01,-2.483084350824356079e-01,-8.311616629362106323e-02,-1.367516536265611649e-02,-2.663316428661346436e-01,-3.480445146560668945e-01,-3.205769658088684082e-01,-3.591568171977996826e-01,-2.570480704307556152e-01,-3.114795088768005371e-01,-2.688254415988922119e-01,-3.033033609390258789e-01,-2.707989215850830078e-01,-3.781676888465881348e-01,-2.139666527509689331e-01,-2.918704450130462646e-01,-2.941862344741821289e-01,-3.336748480796813965e-01,6.551447510719299316e-01,2.705773413181304932e-01,4.088219702243804932e-01,3.523933291435241699e-01,2.255578637123107910e-01,1.134876236319541931e-01,8.771900087594985962e-02,-1.099231019616127014e-01,-3.670284897089004517e-02,-1.336977779865264893e-01,1.381088495254516602e-01,-3.902653232216835022e-02,5.051413774490356445e-01,3.549779355525970459e-01,1.045375764369964600e-01,8.314656466245651245e-02,-1.545031461864709854e-02,-1.676188260316848755e-01,1.338597387075424194e-01,-1.518694218248128891e-02,6.120743229985237122e-02,-9.222664870321750641e-03,-6.788074225187301636e-02,4.268570616841316223e-02,1.681746542453765869e-02,-2.574630677700042725e-01,-6.090869754552841187e-02,-7.266135513782501221e-02,-1.784773916006088257e-01,-3.462018072605133057e-01,-1.246610060334205627e-01,-8.288368582725524902e-02,-1.046535149216651917e-01,-2.188483029603958130e-01,-2.140219956636428833e-01,-2.194138914346694946e-01,-1.074349209666252136e-01,-6.840956956148147583e-02,-4.020647704601287842e-02,-1.725817024707794189e-01,-2.033992558717727661e-01,-2.698672711849212646e-01,-2.446989566087722778e-01,-2.432785183191299438e-01,-1.556995511054992676e-01,-1.840557716786861420e-02,-1.450949013233184814e-01,-1.455366611480712891e-01,-2.222921550273895264e-01,-2.205681949853897095e-01,1.072110384702682495e-01,7.836333476006984711e-03,-1.242025718092918396e-01,-2.411198802292346954e-02,-1.715442687273025513e-01,-2.636866569519042969e-01,-2.124477922916412354e-01,-2.024158686399459839e-01,-1.678251624107360840e-01,-1.169106885790824890e-01
3.651447296142578125e-01,1.000000000000000000e+00,6.319472193717956543e-02,2.855819165706634521e-01,3.632525040302425623e-04,2.001568973064422607e-01,-4.248528741300106049e-03,2.683508694171905518e-01,-7.867934554815292358e-02,1.767060756683349609e-01,4.602315276861190796e-02,3.410137891769409180e-01,-6.583970040082931519e-02,1.653828471899032593e-01,-5.003043636679649353e-02,1.233724132180213928e-01,9.265086555387824774e-05,2.677487432956695557e-01,2.621808052062988281e-01,3.272118270397186279e-01,7.147746533155441284e-02,1.706445589661598206e-02,-2.317658439278602600e-02,-2.164265606552362442e-03,5.226436536759138107e-03,9.422957152128219604e-02,1.825314462184906006e-01,1.984471082687377930e-01,1.127267852425575256e-01,1.348129212856292725e-01,-5.431494116783142090e-02,-6.992544233798980713e-02,1.862271726131439209e-01,1.780279874801635742e-01,-1.277851462364196777e-01,-1.279262006282806396e-01,-2.316976040601730347e-01,-1.794841438531875610e-01,-1.543702781200408936e-01,-1.521499156951904297e-01,-8.523856103420257568e-02,4.159067198634147644e-02,-2.868421971797943115e-01,-1.975784003734588623e-01,-2.009666711091995239e-01,-1.909336149692535400e-01,-2.147674560546875000e-01,-1.924855560064315796e-01,-1.143891587853431702e-01,-1.127580627799034119e-01,-1.851963847875595093e-01,-1.922909617424011230e-01,-1.782526224851608276e-01,-1.102973371744155884e-01,-2.358410805463790894e-01,-2.054398506879806519e-01,3.736471235752105713e-01,4.742861986160278320e-01,3.113499879837036133e-01,4.763206839561462402e-01,1.120607107877731323e-01,4.170826673507690430e-01,-2.905840612947940826e-02,2.860787510871887207e-01,-7.857934385538101196e-02,9.468119591474533081e-02,2.010143250226974487e-01,9.610593318939208984e-02,4.348066747188568115e-01,2.515956163406372070e-01,9.999155998229980469e-02,1.876828819513320923e-01,2.682752721011638641e-02,-3.654027357697486877e-02,6.164713203907012939e-02,1.677553951740264893e-01,1.456267684698104858e-01,1.563666313886642456e-01,2.974489331245422363e-02,2.374284565448760986e-01,5.126754939556121826e-02,1.332379430532455444e-01,-4.194498062133789062e-02,1.780433207750320435e-02,-1.619715541601181030e-01,-4.888542369008064270e-02,-1.085622236132621765e-01,-4.449448734521865845e-02,-1.210745349526405334e-01,-4.248132556676864624e-02,-1.141389161348342896e-01,-2.207491993904113770e-01,-9.862981736660003662e-02,-5.254947394132614136e-02,-1.676586270332336426e-01,-2.506280839443206787e-01,-2.219497859477996826e-01,-2.698496580123901367e-01,-1.562690734863281250e-01,-1.920699477195739746e-01,-1.462540179491043091e-01,-7.010255008935928345e-02,-1.053819730877876282e-01,-2.112819850444793701e-01,-1.334082037210464478e-01,-1.766303181648254395e-01,2.140104621648788452e-01,2.598715201020240784e-02,-7.030298560857772827e-02,-1.474616229534149170e-01,-2.254212647676467896e-01,-2.589654624462127686e-01,-1.414365470409393311e-01,-1.790806204080581665e-01,-1.305383890867233276e-01,-1.537557691335678101e-01
3.094225227832794189e-01,6.319472193717956543e-02,1.000000000000000000e+00,6.375599503517150879e-01,2.049816250801086426e-01,-1.149619668722152710e-01,6.685810089111328125e-01,5.243958830833435059e-01,2.463531792163848877e-01,-5.007652193307876587e-02,2.167481333017349243e-01,6.921160966157913208e-02,3.630313873291015625e-01,1.986453086137771606e-01,1.848693192005157471e-01,3.150432184338569641e-02,4.662827402353286743e-02,-1.249753907322883606e-01,4.229224920272827148e-01,3.045598864555358887e-01,-5.872625391930341721e-03,3.760413825511932373e-02,6.470828652381896973e-01,6.260251402854919434e-01,3.492235541343688965e-01,8.912621438503265381e-02,1.154982717707753181e-03,-7.688619941473007202e-02,1.030684337019920349e-01,-1.747475005686283112e-02,3.122114539146423340e-01,2.745118439197540283e-01,2.244571745395660400e-01,2.430798858404159546e-01,1.520940065383911133e-01,1.223836243152618408e-01,-2.632933109998703003e-02,-6.463664025068283081e-02,3.758528083562850952e-02,-2.396742813289165497e-02,-2.414110116660594940e-02,-4.179612547159194946e-02,-2.063805237412452698e-02,7.922070100903511047e-03,4.174336045980453491e-02,2.032960765063762665e-02,1.051753237843513489e-01,5.923043563961982727e-02,3.252626210451126099e-02,3.157112374901771545e-02,5.254907160997390747e-02,5.472367629408836365e-02,1.612757891416549683e-01,-9.088625200092792511e-03,3.982797637581825256e-02,3.029153868556022644e-02,8.571474999189376831e-02,-2.850202657282352448e-02,8.527885377407073975e-02,1.554173529148101807e-01,1.074223443865776062e-01,1.638224571943283081e-01,4.822076112031936646e-02,2.941134199500083923e-02,3.026874065399169922e-01,2.367281615734100342e-01,3.510205075144767761e-02,-2.125396952033042908e-02,8.236826211214065552e-02,-6.044512242078781128e-02,4.586920887231826782e-02,-1.832663640379905701e-02,1.159147992730140686e-01,4.147083312273025513e-02,1.277526915073394775e-01,1.497111399658024311e-03,-5.591550469398498535e-02,-3.230050206184387207e-02,-8.431616425514221191e-02,-1.134398505091667175e-01,-6.873695552349090576e-02,-1.839690953493118286e-01,3.986895829439163208e-02,-7.651561498641967773e-02,6.136548519134521484e-02,-1.148508638143539429e-01,4.339193552732467651e-02,-6.187768653035163879e-03,2.032263763248920441e-02,-8.582834899425506592e-02,1.787215769290924072e-01,1.781525313854217529e-01,3.291128575801849365e-01,2.856788933277130127e-01,3.715668804943561554e-03,-1.362394448369741440e-02,-1.850470341742038727e-02,-5.606282502412796021e-03,1.350142061710357666e-01,1.708968281745910645e-01,2.658006250858306885e-01,2.283221334218978882e-01,2.430842816829681396e-01,2.478168010711669922e-01,1.730327606201171875e-01,1.665116101503372192e-01,1.135213021188974380e-02,-8.162233233451843262e-02,-3.061888366937637329e-02,-9.953223913908004761e-02,-1.014946028590202332e-02,2.364399284124374390e-02,1.785665750503540039e-01,2.195572704076766968e-01,2.023159861564636230e-01,2.159880660474300385e-02
1.615407019853591919e-01,2.855819165706634521e-01,6.375599503517150879e-01,1.000000000000000000e+00,1.401389092206954956e-01,-4.028003290295600891e-02,4.863803982734680176e-01,7.007769942283630371e-01,1.861020922660827637e-01,1.108582913875579834e-01,1.303113698959350586e-01,2.944449782371520996e-01,2.627647519111633301e-01,3.786295354366302490e-01,1.424988210201263428e-01,1.893312036991119385e-01,5.004153773188591003e-02,1.206295713782310486e-01,4.564037024974822998e-01,3.852840662002563477e-01,5.604285374283790588e-02,9.234491735696792603e-02,5.793851017951965332e-01,6.315702795982360840e-01,3.746880888938903809e-01,1.690173596143722534e-01,-2.508326247334480286e-02,-7.379525154829025269e-02,1.568621993064880371e-01,1.355483978986740112e-01,3.297353386878967285e-01,3.176879584789276123e-01,2.771112322807312012e-01,3.794372677803039551e-01,2.100523710250854492e-01,2.170890867710113525e-01,3.067197091877460480e-02,3.524068742990493774e-02,8.408000320196151733e-02,7.815452665090560913e-02,1.695741526782512665e-02,7.451596204191446304e-03,-1.619606092572212219e-02,9.141020476818084717e-02,8.132956922054290771e-02,6.863912194967269897e-02,1.616549491882324219e-01,1.488065272569656372e-01,8.983241766691207886e-02,8.835490047931671143e-02,1.034233868122100830e-01,1.232009753584861755e-01,2.181851714849472046e-01,8.869786560535430908e-02,1.190844997763633728e-01,1.426428258419036865e-01,-1.805281266570091248e-02,9.833238273859024048e-02,2.109834738075733185e-02,1.988936513662338257e-01,6.656061112880706787e-02,3.535036742687225342e-01,3.640031442046165466e-02,2.458286881446838379e-01,2.719006836414337158e-01,3.201833069324493408e-01,4.593813791871070862e-02,3.468259796500205994e-02,6.177951768040657043e-02,-9.598296135663986206e-02,7.742391526699066162e-02,7.886647433042526245e-02,1.862558871507644653e-01,1.644298136234283447e-01,1.366009116172790527e-01,1.320414990186691284e-01,2.107675559818744659e-02,8.977672457695007324e-02,-5.825932696461677551e-02,-2.792057348415255547e-03,-1.164262555539608002e-02,2.884682267904281616e-02,3.985321894288063049e-02,-2.826944692060351372e-03,1.098904609680175781e-01,7.506429404020309448e-02,5.690867453813552856e-02,4.715621471405029297e-02,4.771098494529724121e-02,5.703538656234741211e-02,2.884096205234527588e-01,2.161540240049362183e-01,3.857655823230743408e-01,3.463768661022186279e-01,-2.255346253514289856e-02,3.784757107496261597e-03,1.640850119292736053e-02,3.304536640644073486e-02,2.349114865064620972e-01,2.442636489868164062e-01,3.129672110080718994e-01,2.629508376121520996e-01,3.010776638984680176e-01,2.579064965248107910e-01,2.684335708618164062e-01,2.280233949422836304e-01,4.880266264081001282e-02,-1.078647151589393616e-01,1.819559559226036072e-02,-1.320977509021759033e-01,4.271611571311950684e-03,7.723500579595565796e-02,2.457304596900939941e-01,2.773821055889129639e-01,2.662714421749114990e-01,3.238315880298614502e-02
7.931978255510330200e-02,3.632525040302425623e-04,2.049816250801086426e-01,1.401389092206954956e-01,1.000000000000000000e+00,5.372641086578369141e-01,1.959910541772842407e-01,6.487001478672027588e-02,6.375778317451477051e-01,5.209808945655822754e-01,2.040547132492065430e-01,7.052499800920486450e-02,2.855197489261627197e-01,1.702567040920257568e-01,5.263315439224243164e-01,4.242649078369140625e-01,1.756582707166671753e-01,8.571084588766098022e-02,4.291200265288352966e-02,1.321647036820650101e-02,1.825485378503799438e-01,1.816086024045944214e-01,3.478233814239501953e-01,2.994301617145538330e-01,4.553949534893035889e-01,3.731627166271209717e-01,5.484011173248291016e-01,4.853168725967407227e-01,2.195737361907958984e-01,1.920533925294876099e-01,3.764553070068359375e-01,3.391144275665283203e-01,3.198821246623992920e-01,3.348074853420257568e-01,2.806930840015411377e-01,2.043937444686889648e-01,1.513679884374141693e-02,2.245494909584522247e-02,5.881176143884658813e-02,5.662042647600173950e-02,1.121459677815437317e-01,9.045558422803878784e-02,-2.936741523444652557e-02,5.283224210143089294e-02,2.175836861133575439e-01,1.728713959455490112e-01,2.060982584953308105e-02,3.082699701189994812e-02,1.803628206253051758e-01,1.720474958419799805e-01,9.744390100240707397e-02,8.037284016609191895e-02,6.122756749391555786e-02,1.273453328758478165e-02,5.643995478749275208e-02,8.636776357889175415e-02,1.102343797683715820e-01,6.033194065093994141e-02,1.409654021263122559e-01,1.034101098775863647e-01,2.177675068378448486e-01,2.426678538322448730e-01,1.940581649541854858e-01,1.898391693830490112e-01,2.870025634765625000e-01,2.784478068351745605e-01,2.097634375095367432e-01,2.363943755626678467e-01,2.099767886102199554e-02,5.852568522095680237e-02,1.465568393468856812e-01,1.559353023767471313e-01,2.304825782775878906e-01,1.587965786457061768e-01,2.951402962207794189e-01,2.566852569580078125e-01,2.028509601950645447e-02,5.837624520063400269e-02,3.086703084409236908e-02,1.033851951360702515e-01,1.104256212711334229e-01,4.564843326807022095e-02,2.505995929241180420e-01,8.153785020112991333e-02,1.609737575054168701e-01,9.415197372436523438e-02,2.341623455286026001e-01,1.433434188365936279e-01,1.937807351350784302e-01,1.786151230335235596e-01,1.417424082756042480e-01,1.883806139230728149e-01,2.732749879360198975e-01,2.879592776298522949e-01,-6.234106048941612244e-02,-4.594100266695022583e-02,-5.958017334342002869e-02,2.985513070598244667e-03,4.232995212078094482e-02,1.073913648724555969e-01,9.943359345197677612e-02,1.765986531972885132e-01,6.175998225808143616e-02,1.161257848143577576e-01,6.827050237916409969e-04,7.544319331645965576e-02,-1.938188523054122925e-01,-2.894976735115051270e-01,3.447293490171432495e-02,-1.007671132683753967e-01,-2.709178812801837921e-02,-5.593067500740289688e-03,1.373704075813293457e-01,1.536745727062225342e-01,1.099481061100959778e-01,-5.362809821963310242e-02
4.637049511075019836e-02,2.001568973064422607e-01,-1.149619668722152710e-01,-4.028003290295600891e-02,5.372641086578369141e-01,1.000000000000000000e+00,-2.491496130824089050e-02,-2.870196290314197540e-02,3.820736110210418701e-01,5.580839514732360840e-01,2.573525011539459229e-01,6.717370450496673584e-02,1.692784726619720459e-01,9.253676980733871460e-02,4.701738953590393066e-01,4.605929255485534668e-01,1.134952679276466370e-01,1.081436425447463989e-01,-2.095066606998443604e-01,-1.898279339075088501e-01,3.288675546646118164e-01,2.821775078773498535e-01,6.245638802647590637e-02,6.816869229078292847e-02,2.690058946609497070e-01,5.119355916976928711e-01,5.121824741363525391e-01,5.982006788253784180e-01,2.021995633840560913e-01,2.202273309230804443e-01,2.330723106861114502e-01,2.782386243343353271e-01,2.361784279346466064e-01,2.539521753787994385e-01,1.959488242864608765e-01,8.556862920522689819e-02,-6.264514476060867310e-02,-2.287372015416622162e-02,1.722560077905654907e-02,4.263603314757347107e-02,1.712723374366760254e-01,2.044624239206314087e-01,-8.667369931936264038e-02,-3.540702909231185913e-02,6.362167000770568848e-02,2.028929814696311951e-02,-1.450546532869338989e-01,-9.818132966756820679e-02,3.738899156451225281e-02,7.574269548058509827e-03,-1.431075949221849442e-02,-1.113797724246978760e-01,-1.235908865928649902e-01,4.761433973908424377e-02,-5.415026843547821045e-02,-2.708801813423633575e-02,2.277583777904510498e-01,3.760804831981658936e-01,2.782960236072540283e-01,1.799522787332534790e-01,3.576613664627075195e-01,2.966660559177398682e-01,2.057052403688430786e-01,3.051863610744476318e-01,1.317384690046310425e-01,1.161449551582336426e-01,4.052646160125732422e-01,3.927676677703857422e-01,2.206585258245468140e-01,2.958365678787231445e-01,2.711674273014068604e-01,2.910211384296417236e-01,2.531926035881042480e-01,1.527925580739974976e-01,2.136179506778717041e-01,2.789502441883087158e-01,1.139971315860748291e-01,8.844009786844253540e-02,8.060567080974578857e-02,1.431794017553329468e-01,1.804207861423492432e-01,1.463811844587326050e-01,3.031726777553558350e-01,2.237075269222259521e-01,1.242073699831962585e-01,1.875258535146713257e-01,2.508064806461334229e-01,2.355392426252365112e-01,2.041021883487701416e-01,2.425964772701263428e-01,2.902036532759666443e-02,-1.500700227916240692e-02,5.814373493194580078e-02,1.071960330009460449e-01,-8.087763190269470215e-02,-1.139033138751983643e-01,-1.341196298599243164e-01,-1.147468835115432739e-01,-1.059741750359535217e-01,-8.580936491489410400e-02,-1.898626685142517090e-01,-5.927478894591331482e-02,-2.539458274841308594e-01,-2.074701189994812012e-01,-2.021454423666000366e-01,-1.207866743206977844e-01,-1.149129644036293030e-01,-2.447797209024429321e-01,1.245775446295738220e-02,-1.454377621412277222e-01,-1.676924079656600952e-01,-1.244779229164123535e-01,1.031420892104506493e-03,-3.835202381014823914e-02,-6.896983832120895386e-02,-1.110919862985610962e-01
3.595375716686248779e-01,-4.248528741300106049e-03,6.685810089111328125e-01,4.863803982734680176e-01,1.959910541772842407e-01,-2.491496130824089050e-02,1.000000000000000000e+00,4.353452026844024658e-01,2.643313407897949219e-01,-9.138748049736022949e-02,4.054618477821350098e-01,-2.821697108447551727e-02,5.135923624038696289e-01,1.296611130237579346e-01,2.827437222003936768e-01,4.911819938570261002e-03,7.480055093765258789e-02,-2.009178102016448975e-01,1.904961615800857544e-01,6.838097423315048218e-02,1.058488264679908752e-01,1.576816737651824951e-01,5.697895288467407227e-01,5.431677103042602539e-01,3.627066910266876221e-01,2.209012806415557861e-01,-2.116027846932411194e-02,-3.167753666639328003e-02,1.428765952587127686e-01,-1.670111529529094696e-02,3.651826679706573486e-01,3.615681529045104980e-01,2.266644239425659180e-01,2.224698811769485474e-01,1.449085623025894165e-01,5.825516954064369202e-02,-4.580210149288177490e-02,-8.388797938823699951e-02,7.496581412851810455e-03,-2.498479001224040985e-02,6.274699419736862183e-02,5.406063422560691833e-02,-1.553880982100963593e-02,-4.704828560352325439e-02,1.656919717788696289e-02,-3.735738340765237808e-03,9.896185249090194702e-03,-2.798929065465927124e-02,-6.054321303963661194e-03,-1.863540522754192352e-02,1.601661555469036102e-02,-5.839166045188903809e-02,6.095398962497711182e-02,-5.579005926847457886e-02,-2.863741666078567505e-02,-4.444595426321029663e-02,2.233369350433349609e-01,9.963200241327285767e-02,2.542807757854461670e-01,2.000101655721664429e-01,3.053728640079498291e-01,1.369501650333404541e-01,1.549083143472671509e-01,3.189717233180999756e-02,2.898110151290893555e-01,1.403004229068756104e-01,2.075665146112442017e-01,1.234873160719871521e-01,1.882856190204620361e-01,1.143266782164573669e-01,1.683083921670913696e-01,6.257892400026321411e-02,1.830387860536575317e-01,7.632124423980712891e-02,1.266924291849136353e-01,1.232383889146149158e-03,-3.239459544420242310e-02,-6.386141479015350342e-02,-1.175884082913398743e-01,-1.925743818283081055e-01,-4.442186653614044189e-02,-2.425185143947601318e-01,1.155338436365127563e-01,3.926456347107887268e-02,4.859985783696174622e-02,-1.214596852660179138e-01,1.108147650957107544e-01,7.189636677503585815e-02,4.624825343489646912e-02,-7.239010185003280640e-02,9.896555542945861816e-02,8.529387414455413818e-02,2.428084313869476318e-01,2.117009907960891724e-01,2.429830282926559448e-02,-3.563337773084640503e-02,-6.588011980056762695e-02,-6.076070666313171387e-02,2.012225426733493805e-02,5.410317331552505493e-02,1.342604160308837891e-01,1.834007501602172852e-01,6.007175520062446594e-02,9.006074815988540649e-02,1.697685383260250092e-02,3.708650171756744385e-02,-5.632515251636505127e-02,-1.518312394618988037e-01,-7.141885161399841309e-02,-9.811584651470184326e-02,-7.442130893468856812e-02,-3.182037919759750366e-02,8.259558677673339844e-02,1.470779478549957275e-01,1.076263040304183960e-01,-4.607872292399406433e-02
4.955401271581649780e-02,2.683508694171905518e-01,5.243958830833435059e-01,7.007769942283630371e-01,6.487001478672027588e-02,-2.870196290314197540e-02,4.353452026844024658e-01,1.000000000000000000e+00,1.685562878847122192e-01,1.368786394596099854e-01,1.864508986473083496e-01,3.677296340465545654e-01,3.171745240688323975e-01,4.742032289505004883e-01,1.883182823657989502e-01,2.557044029235839844e-01,1.408286690711975098e-01,2.234989255666732788e-01,3.430059552192687988e-01,2.961558103561401367e-01,1.607504189014434814e-01,1.868911534547805786e-01,5.236850976943969727e-01,5.958842635154724121e-01,3.923891186714172363e-01,2.354011535644531250e-01,-1.391881555318832397e-01,-1.454849839210510254e-01,2.620504796504974365e-01,2.564456760883331299e-01,3.599286973476409912e-01,3.749797642230987549e-01,3.062680959701538086e-01,4.280981421470642090e-01,2.849089205265045166e-01,3.022789359092712402e-01,1.094751209020614624e-01,1.230085790157318115e-01,1.594245433807373047e-01,1.710143238306045532e-01,1.117553934454917908e-01,9.531423449516296387e-02,6.755224429070949554e-03,1.568563431501388550e-01,1.259379386901855469e-01,1.291136443614959717e-01,2.151417583227157593e-01,2.197714298963546753e-01,1.634652763605117798e-01,1.426676511764526367e-01,1.636944413185119629e-01,1.639444530010223389e-01,2.709347009658813477e-01,1.693536341190338135e-01,2.038468867540359497e-01,2.349600642919540405e-01,-7.586441189050674438e-02,1.062264218926429749e-01,-1.982757262885570526e-02,1.278696507215499878e-01,1.283600479364395142e-01,3.899420499801635742e-01,1.412311047315597534e-01,3.763596713542938232e-01,2.745888233184814453e-01,3.134253621101379395e-01,5.873214453458786011e-02,7.111533731222152710e-02,-2.117503061890602112e-02,-1.471080631017684937e-01,1.486585736274719238e-01,1.530969142913818359e-01,2.988871634006500244e-01,3.000698983669281006e-01,1.492196321487426758e-01,1.970743536949157715e-01,7.392910867929458618e-02,1.327011734247207642e-01,-2.001921832561492920e-02,3.523281961679458618e-02,8.379729837179183960e-02,1.544594615697860718e-01,8.360572904348373413e-02,1.069303974509239197e-01,1.779137551784515381e-01,1.774990260601043701e-01,1.209524124860763550e-01,1.384592056274414062e-01,1.047222241759300232e-01,1.492046266794204712e-01,3.490172922611236572e-01,2.607256770133972168e-01,4.299564361572265625e-01,3.958300650119781494e-01,-3.239853307604789734e-02,8.422041311860084534e-03,5.688588321208953857e-02,9.263465553522109985e-02,3.142585158348083496e-01,3.120641112327575684e-01,3.456888794898986816e-01,2.958833873271942139e-01,3.061532676219940186e-01,2.622038722038269043e-01,2.926644086837768555e-01,2.583507299423217773e-01,-1.713504455983638763e-02,-1.096956580877304077e-01,8.281076699495315552e-02,-1.399706751108169556e-01,2.511990070343017578e-02,1.481992453336715698e-01,3.243473470211029053e-01,3.414085209369659424e-01,3.163696229457855225e-01,4.006046801805496216e-02
-1.228525955229997635e-02,-7.867934554815292358e-02,2.463531792163848877e-01,1.861020922660827637e-01,6.375778317451477051e-01,3.820736110210418701e-01,2.643313407897949219e-01,1.685562878847122192e-01,1.000000000000000000e+00,5.011406540870666504e-01,2.512454688549041748e-01,1.428524553775787354e-01,3.872236013412475586e-01,2.754912078380584717e-01,5.221129059791564941e-01,4.064002633094787598e-01,3.031928837299346924e-01,1.777122914791107178e-01,5.440622940659523010e-02,3.494499996304512024e-02,1.572334468364715576e-01,1.698554009199142456e-01,3.700796067714691162e-01,3.353805541992187500e-01,4.820835590362548828e-01,3.217612206935882568e-01,2.988752722740173340e-01,2.274903804063796997e-01,3.154380619525909424e-01,2.692017257213592529e-01,4.111413359642028809e-01,3.699784278869628906e-01,2.246586680412292480e-01,2.639620900154113770e-01,2.662528455257415771e-01,2.063726037740707397e-01,3.986996039748191833e-02,2.678702957928180695e-02,9.081582725048065186e-02,7.438067346811294556e-02,1.165643706917762756e-01,1.019065678119659424e-01,-7.739243656396865845e-02,5.026667937636375427e-02,2.933856844902038574e-01,2.296443730592727661e-01,1.288022194057703018e-02,1.515152305364608765e-02,2.409632652997970581e-01,2.314035594463348389e-01,9.251822531223297119e-02,1.340449154376983643e-01,3.064850345253944397e-02,-4.662071913480758667e-02,5.841969698667526245e-02,7.679457962512969971e-02,7.084477227181196213e-03,-7.145721465349197388e-02,7.360571622848510742e-02,4.789723455905914307e-02,1.466535031795501709e-01,2.304033339023590088e-01,1.947344392538070679e-01,1.883280128240585327e-01,2.669838666915893555e-01,3.304538428783416748e-01,1.331834942102432251e-01,1.704410314559936523e-01,-1.119314283132553101e-01,-8.030191063880920410e-02,1.274055540561676025e-01,1.541466563940048218e-01,2.711777985095977783e-01,2.489445507526397705e-01,2.259984910488128662e-01,2.406787425279617310e-01,-2.365483529865741730e-02,-7.373278494924306870e-03,7.574847340583801270e-02,1.317697167396545410e-01,1.588719934225082397e-01,1.175928637385368347e-01,2.648180127143859863e-01,1.376381516456604004e-01,1.622808873653411865e-01,8.493459224700927734e-02,2.785404026508331299e-01,1.820787191390991211e-01,1.561174690723419189e-01,1.465142071247100830e-01,1.368724256753921509e-01,1.908724755048751831e-01,3.060835897922515869e-01,3.219017684459686279e-01,-1.536161899566650391e-01,-1.025814190506935120e-01,-1.027575656771659851e-01,6.607498507946729660e-03,6.055806949734687805e-02,1.097043901681900024e-01,1.504964530467987061e-01,2.183303385972976685e-01,1.222142130136489868e-01,1.564895957708358765e-01,1.284654997289180756e-02,7.541561871767044067e-02,-2.263006418943405151e-01,-1.935751289129257202e-01,4.700072482228279114e-02,-1.698788702487945557e-01,-6.438006460666656494e-02,-1.756208203732967377e-02,1.530582010746002197e-01,1.689792275428771973e-01,1.325146406888961792e-01,-6.790306419134140015e-02
-9.206126630306243896e-02,1.767060756683349609e-01,-5.007652193307876587e-02,1.108582913875579834e-01,5.209808945655822754e-01,5.580839514732360840e-01,-9.138748049736022949e-02,1.368786394596099854e-01,5.011406540870666504e-01,1.000000000000000000e+00,1.094075143337249756e-01,3.443802595138549805e-01,1.461310237646102905e-01,3.474351763725280762e-01,4.252579510211944580e-01,6.163647174835205078e-01,2.142852991819381714e-01,3.681565225124359131e-01,3.939967229962348938e-02,6.496970355510711670e-02,2.402837872505187988e-01,2.389009296894073486e-01,1.265767365694046021e-01,1.241704374551773071e-01,3.701788187026977539e-01,3.340165913105010986e-01,3.557617366313934326e-01,3.056572973728179932e-01,2.761929333209991455e-01,4.140585660934448242e-01,2.993431985378265381e-01,2.827607095241546631e-01,2.374971359968185425e-01,3.087452352046966553e-01,2.336251735687255859e-01,2.141570001840591431e-01,8.653619140386581421e-02,1.279663592576980591e-01,1.584799736738204956e-01,1.626699268817901611e-01,1.145748123526573181e-01,1.724024564027786255e-01,-1.194299086928367615e-01,2.904815226793289185e-02,1.535241603851318359e-01,1.064254119992256165e-01,-3.013784065842628479e-02,2.186472155153751373e-02,1.175092235207557678e-01,1.405416876077651978e-01,2.762797102332115173e-02,7.330945879220962524e-02,-1.065511349588632584e-02,5.045612528920173645e-02,1.098387315869331360e-01,1.552670001983642578e-01,-3.168845921754837036e-02,1.211404651403427124e-01,-5.253811832517385483e-03,4.635686799883842468e-02,8.305858075618743896e-02,3.299109935760498047e-01,9.567337483167648315e-02,3.076121807098388672e-01,1.097690686583518982e-01,2.472619563341140747e-01,1.142575517296791077e-01,1.707688271999359131e-01,-3.890711814165115356e-02,-7.671745261177420616e-04,2.080265879631042480e-01,2.813017368316650391e-01,2.791298031806945801e-01,3.285374641418457031e-01,2.276714295148849487e-01,3.669254779815673828e-01,4.564727470278739929e-02,1.370342969894409180e-01,4.435225576162338257e-02,2.679788470268249512e-01,1.602588593959808350e-01,2.888496816158294678e-01,2.669600248336791992e-01,2.219259440898895264e-01,1.431157886981964111e-01,2.644820511341094971e-01,2.908864319324493408e-01,2.677333354949951172e-01,2.131423801183700562e-01,3.645329773426055908e-01,1.168189421296119690e-01,1.502788662910461426e-01,2.019375264644622803e-01,2.774668037891387939e-01,-7.845351099967956543e-02,-5.181268230080604553e-02,-2.413772419095039368e-02,3.703658655285835266e-02,5.597957968711853027e-02,1.007525473833084106e-01,3.170676901936531067e-02,1.699305474758148193e-01,1.474882010370492935e-02,5.050737410783767700e-02,6.146180909126996994e-03,4.152733460068702698e-02,-1.133070588111877441e-01,-1.229811981320381165e-01,1.135443225502967834e-01,-5.880249291658401489e-02,-4.341751709580421448e-02,-2.242556214332580566e-02,7.954218238592147827e-02,7.137619704008102417e-02,6.880360096693038940e-02,-7.348168641328811646e-02
2.704703211784362793e-01,4.602315276861190796e-02,2.167481333017349243e-01,1.303113698959350586e-01,2.040547132492065430e-01,2.573525011539459229e-01,4.054618477821350098e-01,1.864508986473083496e-01,2.512454688549041748e-01,1.094075143337249756e-01,1.000000000000000000e+00,2.159328013658523560e-01,6.631076335906982422e-01,3.290373086929321289e-01,5.148450136184692383e-01,3.097537159919738770e-01,3.007020652294158936e-01,3.348527103662490845e-02,-1.391571462154388428e-01,-2.189377397298812866e-01,4.628141522407531738e-01,4.600144624710083008e-01,3.098567128181457520e-01,2.446098029613494873e-01,3.895581066608428955e-01,4.306522905826568604e-01,2.892455272376537323e-02,7.881156355142593384e-02,5.045968294143676758e-01,3.521762490272521973e-01,4.703398346900939941e-01,4.943307638168334961e-01,3.064530193805694580e-01,2.698442637920379639e-01,2.166066020727157593e-01,1.139241009950637817e-01,8.396805077791213989e-02,5.995191633701324463e-02,1.531616151332855225e-01,1.854047030210494995e-01,3.679323196411132812e-01,4.077975451946258545e-01,-1.651195287704467773e-01,-1.093877106904983521e-01,-7.056768238544464111e-02,-8.551981300115585327e-02,-8.991953730583190918e-02,-1.114650443196296692e-01,-2.868831343948841095e-02,-7.184996455907821655e-02,-3.445084020495414734e-02,-1.710584908723831177e-01,-3.549891710281372070e-02,-4.771726578474044800e-02,4.614396765828132629e-02,2.150978893041610718e-02,3.216579854488372803e-01,2.682715654373168945e-01,2.893473207950592041e-01,1.312645077705383301e-01,4.941338598728179932e-01,2.528958022594451904e-01,3.976654708385467529e-01,2.598517537117004395e-01,2.886927723884582520e-01,5.322716385126113892e-02,3.259138166904449463e-01,2.292840033769607544e-01,2.039429992437362671e-01,1.801701933145523071e-01,4.881166815757751465e-01,3.949196934700012207e-01,5.081962347030639648e-01,3.584606349468231201e-01,3.439600467681884766e-01,2.703567445278167725e-01,1.742273420095443726e-01,6.389886885881423950e-02,-2.911605499684810638e-02,3.296505659818649292e-02,2.998543679714202881e-01,5.038955435156822205e-02,4.493254125118255615e-01,4.212037026882171631e-01,2.705144286155700684e-01,9.471949934959411621e-02,4.298564493656158447e-01,4.455551207065582275e-01,2.773100137710571289e-01,1.599201261997222900e-01,1.968494988977909088e-02,3.043787088245153427e-03,1.363508701324462891e-01,1.950366646051406860e-01,-1.573558198288083076e-03,-7.372163981199264526e-02,-5.559870600700378418e-02,-5.529647320508956909e-02,-3.109331056475639343e-02,-1.170329004526138306e-02,-5.639671534299850464e-02,1.458209455013275146e-01,-1.679706126451492310e-01,-1.162871792912483215e-01,-1.455802023410797119e-01,-7.600011676549911499e-02,-1.883717179298400879e-01,-1.553335338830947876e-01,7.146557420492172241e-02,-6.854378432035446167e-02,-1.274474114179611206e-01,-5.931190773844718933e-02,-6.567612756043672562e-03,6.481591612100601196e-02,4.159651324152946472e-02,-1.536945402622222900e-01
7.517612725496292114e-02,3.410137891769409180e-01,6.921160966157913208e-02,2.944449782371520996e-01,7.052499800920486450e-02,6.717370450496673584e-02,-2.821697108447551727e-02,3.677296340465545654e-01,1.428524553775787354e-01,3.443802595138549805e-01,2.159328013658523560e-01,1.000000000000000000e+00,2.575676441192626953e-01,6.295349001884460449e-01,1.728188246488571167e-01,4.516424238681793213e-01,3.208910822868347168e-01,5.571696162223815918e-01,2.570672333240509033e-01,2.935719490051269531e-01,2.338470071554183960e-01,2.277912348508834839e-01,1.382294893264770508e-01,1.532186865806579590e-01,2.448954135179519653e-01,9.854009002447128296e-02,2.413849718868732452e-02,-7.955510914325714111e-02,4.878644943237304688e-01,5.796912312507629395e-01,3.183159232139587402e-01,2.601110339164733887e-01,3.362140357494354248e-01,3.943339586257934570e-01,1.733760088682174683e-01,2.083548456430435181e-01,2.150818258523941040e-01,2.277263104915618896e-01,2.376851141452789307e-01,2.673659622669219971e-01,2.039076536893844604e-01,2.824248373508453369e-01,-2.194129675626754761e-01,2.093592658638954163e-02,-3.330830857157707214e-02,-3.358436375856399536e-02,9.260464459657669067e-02,1.080484688282012939e-01,4.664712771773338318e-02,6.272717565298080444e-02,-5.063607357442378998e-03,7.016608864068984985e-02,1.307470351457595825e-01,2.827301993966102600e-02,2.171072512865066528e-01,2.320188879966735840e-01,-2.117788186296820641e-03,3.935528174042701721e-02,-1.219817698001861572e-01,3.907918930053710938e-02,6.145698484033346176e-03,4.363389015197753906e-01,1.487157344818115234e-01,3.902177810668945312e-01,5.932575091719627380e-02,2.161965519189834595e-01,-1.165827959775924683e-01,-8.825810253620147705e-02,-8.564446866512298584e-02,-2.073775082826614380e-01,2.807235419750213623e-01,3.960202038288116455e-01,3.561623394489288330e-01,4.171874225139617920e-01,3.249405026435852051e-01,4.656324386596679688e-01,2.039859443902969360e-01,2.781586647033691406e-01,2.174302376806735992e-02,3.428719043731689453e-01,2.726566493511199951e-01,3.997375667095184326e-01,1.587532162666320801e-01,2.443382441997528076e-01,1.870734989643096924e-01,2.365407943725585938e-01,2.465638369321823120e-01,3.046927154064178467e-01,1.908181011676788330e-01,3.096467256546020508e-01,1.080155819654464722e-01,1.199330613017082214e-01,2.164328992366790771e-01,2.816827297210693359e-01,-4.589816927909851074e-02,-3.892995417118072510e-02,8.462905138731002808e-02,1.133015006780624390e-01,1.958907693624496460e-01,2.026925534009933472e-01,2.039594501256942749e-01,3.239781856536865234e-01,2.068043500185012817e-01,1.706743687391281128e-01,1.665368080139160156e-01,1.130702570080757141e-01,7.421837653964757919e-03,9.182815253734588623e-02,2.418945580720901489e-01,1.477820705622434616e-02,5.898911505937576294e-02,7.172025740146636963e-02,1.011746972799301147e-01,1.400136500597000122e-01,1.604299396276473999e-01,-7.901621609926223755e-02
1.833432912826538086e-01,-6.583970040082931519e-02,3.630313873291015625e-01,2.627647519111633301e-01,2.855197489261627197e-01,1.692784726619720459e-01,5.135923624038696289e-01,3.171745240688323975e-01,3.872236013412475586e-01,1.461310237646102905e-01,6.631076335906982422e-01,2.575676441192626953e-01,1.000000000000000000e+00,4.351533651351928711e-01,5.489558577537536621e-01,3.464919626712799072e-01,3.298411965370178223e-01,7.465176284313201904e-02,-4.005631059408187866e-02,-1.225166842341423035e-01,4.125582873821258545e-01,4.370596408843994141e-01,4.489643871784210205e-01,4.175762832164764404e-01,5.076419115066528320e-01,3.963899016380310059e-01,-6.068107672035694122e-03,-1.208711322396993637e-02,4.762202203273773193e-01,3.686824142932891846e-01,5.835241079330444336e-01,5.783544778823852539e-01,3.504299521446228027e-01,3.477634787559509277e-01,2.870277464389801025e-01,1.961517632007598877e-01,1.646889895200729370e-01,1.341011524200439453e-01,2.126746922731399536e-01,2.423593848943710327e-01,3.421193361282348633e-01,3.659441471099853516e-01,-8.244549483060836792e-02,-1.465426664799451828e-02,5.696305632591247559e-02,3.621207550168037415e-02,1.861674711108207703e-02,9.105637669563293457e-03,7.369952648878097534e-02,4.410241171717643738e-02,3.923287987709045410e-02,-2.829242311418056488e-02,8.912040293216705322e-02,-1.702110841870307922e-02,1.535030752420425415e-01,1.453758925199508667e-01,1.623386293649673462e-01,1.027471125125885010e-01,1.593517363071441650e-01,6.699129194021224976e-02,3.874956369400024414e-01,2.479541152715682983e-01,3.738260865211486816e-01,2.725186944007873535e-01,2.972667217254638672e-01,1.297334134578704834e-01,2.152981013059616089e-01,1.695390492677688599e-01,3.044112958014011383e-02,3.324611857533454895e-02,4.148378074169158936e-01,3.490734398365020752e-01,4.872215092182159424e-01,4.097492694854736328e-01,3.051094412803649902e-01,2.828157246112823486e-01,7.994595170021057129e-02,4.257728904485702515e-02,-7.516446709632873535e-02,-2.175114862620830536e-02,2.330170273780822754e-01,5.201340466737747192e-02,4.072603583335876465e-01,3.852159678936004639e-01,2.868667542934417725e-01,1.246921122074127197e-01,4.341438412666320801e-01,4.201056063175201416e-01,2.961832582950592041e-01,2.060200273990631104e-01,1.479724794626235962e-01,1.645685136318206787e-01,3.079054653644561768e-01,3.366534113883972168e-01,4.194119945168495178e-02,9.674126282334327698e-03,2.934645861387252808e-02,7.297261804342269897e-02,1.029220372438430786e-01,1.414605528116226196e-01,1.521114408969879150e-01,3.062236905097961426e-01,4.189211502671241760e-02,1.018070727586746216e-01,-1.032409816980361938e-02,5.681113898754119873e-02,-2.285654842853546143e-01,-1.579585820436477661e-01,7.560103386640548706e-02,-2.247148379683494568e-02,-3.148489445447921753e-02,4.584840685129165649e-02,1.262788921594619751e-01,2.115678191184997559e-01,1.476122289896011353e-01,-1.373160183429718018e-01
