1.000000000000000000e+00,4.712226986885070801e-01,2.173306941986083984e-01,3.364535272121429443e-01,-2.533353269100189209e-01,-2.865901589393615723e-01,2.445268481969833374e-01,1.490873694419860840e-01,-1.623469740152359009e-01,-2.358690053224563599e-01,2.657794058322906494e-01,1.276167333126068115e-01,1.383756101131439209e-01,1.418499741703271866e-02,-1.904865652322769165e-01,-1.776068359613418579e-01,1.912358850240707397e-01,2.310910075902938843e-01,4.959633946418762207e-01,5.756993293762207031e-01,5.379200726747512817e-02,1.994008570909500122e-02,7.104090414941310883e-03,5.975296720862388611e-03,-1.798826009035110474e-01,-1.783433109521865845e-01,-8.991997689008712769e-02,-1.155224815011024475e-01,1.201462596654891968e-01,1.404796540737152100e-01,-2.851108461618423462e-02,-6.665676832199096680e-02,4.188857376575469971e-01,2.615688443183898926e-01,-1.669625788927078247e-01,-1.974270939826965332e-01,1.009555160999298096e-01,1.225367486476898193e-01,-1.514934469014406204e-02,1.212824359536170959e-01,2.382142990827560425e-01,1.396989822387695312e-01,-2.661239802837371826e-01,-2.115741074085235596e-01,-2.929480969905853271e-01,-1.473860591650009155e-01,-1.237261965870857239e-01,-1.061606034636497498e-01,-3.968380987644195557e-01,-3.121572136878967285e-01,-2.963545918464660645e-01,-2.925767302513122559e-01,-1.946519017219543457e-01,-2.443873584270477295e-01,-1.757176518440246582e-01,-5.460256710648536682e-02,5.055330395698547363e-01,3.604005575180053711e-01,1.148833800107240677e-02,-4.211411811411380768e-03,2.074874639511108398e-01,9.002248942852020264e-02,9.079165756702423096e-02,1.330554187297821045e-01,-6.219825148582458496e-02,-8.524049818515777588e-02,4.226411879062652588e-02,3.930661454796791077e-02,4.419260323047637939e-01,3.235598206520080566e-01,1.749202907085418701e-01,1.441378593444824219e-01,1.559941470623016357e-01,1.007268801331520081e-01,1.309451460838317871e-01,8.257874846458435059e-02,1.144918501377105713e-01,9.954153001308441162e-02,-1.338848173618316650e-01,1.398448050022125244e-01,5.991612374782562256e-02,9.434033930301666260e-02,-2.901997650042176247e-03,1.403418332338333130e-01,-8.405110239982604980e-02,-1.177019104361534119e-01,-7.426239550113677979e-02,-2.927076444029808044e-02,-1.343144327402114868e-01,-4.423995688557624817e-02,-1.232283934950828552e-01,-1.037956103682518005e-01,-2.147233672440052032e-02,-2.247663028538227081e-02,-4.997201263904571533e-03,-6.331106275320053101e-02,1.662444509565830231e-02,3.285817429423332214e-02,-6.763750314712524414e-02,-7.494318485260009766e-02,-4.173574596643447876e-02,-1.432041972875595093e-01,-4.097925871610641479e-02,-1.094454154372215271e-01,1.128853708505630493e-01,1.849361881613731384e-02,-7.503148913383483887e-02,-4.260977730154991150e-02,-2.799713239073753357e-02,-1.744730025529861450e-01,8.360439538955688477e-02,-1.269101500511169434e-01,1.954048685729503632e-02,-1.574228331446647644e-02,8.967555314302444458e-02,7.348866015672683716e-02
4.712226986885070801e-01,1.000000000000000000e+00,-8.288398385047912598e-02,1.142272651195526123e-01,-1.428570598363876343e-01,-1.713894456624984741e-01,-1.399446278810501099e-01,-8.330406248569488525e-02,-1.303079575300216675e-01,-1.198287457227706909e-01,9.122170507907867432e-02,2.609603703022003174e-01,-1.210370883345603943e-01,3.867074474692344666e-02,-9.578346461057662964e-02,-3.529132576659321785e-03,1.238702237606048584e-01,3.291071653366088867e-01,4.128904044628143311e-01,4.654961526393890381e-01,-3.933733701705932617e-02,-7.065045088529586792e-02,-1.478162854909896851e-01,-1.874903738498687744e-01,-2.012490481138229370e-01,-1.839012503623962402e-01,-1.303736865520477295e-01,-1.901212334632873535e-01,-1.144118048250675201e-02,1.547881662845611572e-01,-8.997057378292083740e-02,-1.300064921379089355e-01,4.859217405319213867e-01,4.186590611934661865e-01,5.967149510979652405e-02,2.534765005111694336e-02,3.748172149062156677e-02,5.307838320732116699e-02,-1.487222593277692795e-02,-8.712929673492908478e-03,7.107318192720413208e-02,3.554025292396545410e-02,-1.653145402669906616e-01,-1.098535805940628052e-01,-1.054171174764633179e-01,-3.135027363896369934e-02,-6.819665431976318359e-02,-2.808139100670814514e-02,-2.207516431808471680e-01,-1.378349065780639648e-01,-1.616245806217193604e-01,-1.012385487556457520e-01,-1.027423888444900513e-01,-1.407421827316284180e-01,-7.108398526906967163e-02,-1.119260676205158234e-02,4.365626573562622070e-01,6.270741820335388184e-01,8.569540083408355713e-02,1.121142283082008362e-01,2.177915871143341064e-01,3.135814964771270752e-01,6.518348306417465210e-02,3.478229343891143799e-01,-1.240014843642711639e-02,3.685176372528076172e-02,1.456037908792495728e-01,2.038356959819793701e-01,4.244789183139801025e-01,3.480488359928131104e-01,7.134268432855606079e-02,1.244741529226303101e-01,7.332496345043182373e-02,1.182503700256347656e-01,6.681150943040847778e-02,9.709545224905014038e-02,1.564866006374359131e-01,1.795252561569213867e-01,-1.969616115093231201e-02,2.007976174354553223e-01,5.461782962083816528e-02,1.754373461008071899e-01,-1.670050024986267090e-01,7.103188335895538330e-02,-1.640439219772815704e-02,-8.732748101465404034e-04,-2.400324642658233643e-01,-1.715834438800811768e-01,-6.990402191877365112e-02,-1.405680272728204727e-02,-2.608761936426162720e-02,-1.162619082606397569e-04,6.886868923902511597e-02,8.707925677299499512e-02,1.704513728618621826e-01,1.275500953197479248e-01,1.647603064775466919e-01,1.327643543481826782e-01,4.077981784939765930e-02,2.651670016348361969e-02,6.220940500497817993e-02,5.310300737619400024e-02,9.948395192623138428e-02,1.252787113189697266e-01,1.911599338054656982e-01,2.193834185600280762e-01,-7.266472675837576389e-04,1.486454159021377563e-01,7.565322518348693848e-02,8.227975666522979736e-02,6.054361909627914429e-02,-5.857293680310249329e-02,6.959833204746246338e-02,2.919983863830566406e-02,1.624586582183837891e-01,1.713293343782424927e-01
2.173306941986083984e-01,-8.288398385047912598e-02,1.000000000000000000e+00,6.950949430465698242e-01,1.034131571650505066e-01,2.915035374462604523e-02,6.869434118270874023e-01,5.595974326133728027e-01,1.704718470573425293e-01,2.831408567726612091e-02,1.056725531816482544e-01,-7.209642976522445679e-02,2.763977944850921631e-01,-7.057772018015384674e-03,-1.319455802440643311e-01,-5.632517114281654358e-02,-8.323458582162857056e-02,-1.594980508089065552e-01,3.194710314273834229e-01,2.638369202613830566e-01,-9.384630620479583740e-02,5.150821525603532791e-03,6.387284994125366211e-01,6.990432739257812500e-01,2.485632002353668213e-01,3.175922632217407227e-01,1.115953028202056885e-01,1.295534670352935791e-01,-8.038915693759918213e-02,-1.129950135946273804e-01,3.779218792915344238e-01,3.693034350872039795e-01,1.198144108057022095e-01,1.035476177930831909e-01,-2.879733741283416748e-01,-2.336334139108657837e-01,-1.962584406137466431e-01,-1.821064949035644531e-01,-2.555159032344818115e-01,-8.349519968032836914e-02,-6.656517833471298218e-02,-5.006508156657218933e-02,-6.459353119134902954e-02,-6.543871760368347168e-02,-1.788596957921981812e-01,-9.865261614322662354e-02,-1.039106100797653198e-01,-1.117522940039634705e-01,-1.864081621170043945e-01,-9.162531234323978424e-03,-4.323821514844894409e-02,-4.601299017667770386e-02,-7.602171599864959717e-02,-3.873385488986968994e-02,-3.275321424007415771e-01,-2.183854579925537109e-01,-8.275187760591506958e-02,-2.721899747848510742e-01,-4.362871870398521423e-02,-1.236380934715270996e-01,-2.278418652713298798e-02,-1.866032481193542480e-01,-1.926218271255493164e-01,-3.124434351921081543e-01,3.682556375861167908e-02,-4.636634513735771179e-02,-1.765326708555221558e-01,-1.954934597015380859e-01,-1.394702643156051636e-01,-2.552843093872070312e-01,3.441904485225677490e-02,-2.637321315705776215e-02,-6.080282479524612427e-02,-1.520167589187622070e-01,-6.730847060680389404e-02,-6.043926626443862915e-02,-1.397654861211776733e-01,-1.799278557300567627e-01,-1.978347301483154297e-01,-1.566177904605865479e-01,-2.074907720088958740e-01,-2.449168413877487183e-01,-3.893418610095977783e-02,1.206352412700653076e-01,-2.025396525859832764e-01,-1.894645541906356812e-01,8.651176095008850098e-02,2.029920369386672974e-01,-2.612608075141906738e-01,-1.475115269422531128e-01,-1.503860354423522949e-01,-1.532941907644271851e-01,-1.265457421541213989e-01,-1.481760740280151367e-01,-2.550643384456634521e-01,-2.486326396465301514e-01,-2.231702357530593872e-01,-2.408012300729751587e-01,-1.722804456949234009e-01,-1.590792238712310791e-01,-1.124779880046844482e-01,-2.255595177412033081e-01,-1.766514927148818970e-01,-2.324623316526412964e-01,-1.668075621128082275e-01,-2.727576196193695068e-01,-1.412110030651092529e-01,-1.434792578220367432e-01,-1.124901846051216125e-01,-1.985541582107543945e-01,-7.589549571275711060e-02,-1.337459832429885864e-01,-9.727796912193298340e-02,-1.628698259592056274e-01,-2.354253530502319336e-01,-1.987859010696411133e-01
3.364535272121429443e-01,1.142272651195526123e-01,6.950949430465698242e-01,1.000000000000000000e+00,2.642689831554889679e-02,-8.104789070785045624e-03,5.923300981521606445e-01,5.854994654655456543e-01,1.348361670970916748e-01,7.788526359945535660e-03,9.444341808557510376e-02,-3.616337478160858154e-02,1.944272965192794800e-01,-3.414434380829334259e-03,-1.876698732376098633e-01,-9.362466633319854736e-02,-1.367483437061309814e-01,-1.149142906069755554e-01,4.704172313213348389e-01,4.674526751041412354e-01,-1.538288891315460205e-01,-8.218873292207717896e-02,4.863122999668121338e-01,5.921645760536193848e-01,1.766735017299652100e-01,2.589426040649414062e-01,2.475684322416782379e-02,2.033065818250179291e-02,-1.487913280725479126e-01,-1.585929244756698608e-01,2.681975662708282471e-01,2.816397249698638916e-01,1.310351788997650146e-01,6.166844069957733154e-02,-3.666177988052368164e-01,-3.274683356285095215e-01,-2.464156001806259155e-01,-2.749920189380645752e-01,-3.340876400470733643e-01,-2.096692323684692383e-01,-1.125528439879417419e-01,-1.382750570774078369e-01,-1.832208037376403809e-01,-1.868358850479125977e-01,-2.542262673377990723e-01,-1.737606972455978394e-01,-2.013937085866928101e-01,-2.102883011102676392e-01,-2.772952020168304443e-01,-1.083725690841674805e-01,-1.525408774614334106e-01,-1.728449612855911255e-01,-1.762922555208206177e-01,-1.528297811746597290e-01,-4.079127013683319092e-01,-3.206360638141632080e-01,-2.744902111589908600e-02,-1.196705922484397888e-01,-3.062164224684238434e-02,-1.315126717090606689e-01,-1.810718327760696411e-02,-1.713881343603134155e-01,-1.792200058698654175e-01,-2.356181740760803223e-01,1.065307389944791794e-02,-1.077088341116905212e-01,-1.621482074260711670e-01,-1.964993029832839966e-01,-1.221395190805196762e-02,-1.547496765851974487e-01,-1.743100956082344055e-02,-6.785245984792709351e-02,-1.064789891242980957e-01,-1.811917871236801147e-01,-1.167489886283874512e-01,-1.004687920212745667e-01,-1.716404855251312256e-01,-2.167688608169555664e-01,-2.696022391319274902e-01,-1.618703603744506836e-01,-2.344924509525299072e-01,-2.800062894821166992e-01,-1.403577774763107300e-01,2.882201410830020905e-02,-2.575914859771728516e-01,-3.242622911930084229e-01,-5.885941162705421448e-02,4.202615469694137573e-02,-3.293379843235015869e-01,-2.748253643512725830e-01,-1.886745244264602661e-01,-2.038065493106842041e-01,-1.381587833166122437e-01,-1.569813042879104614e-01,-3.019323945045471191e-01,-2.953933775424957275e-01,-2.492896020412445068e-01,-2.887534797191619873e-01,-2.113385945558547974e-01,-2.200328558683395386e-01,-1.164889633655548096e-01,-2.383980005979537964e-01,-1.672539114952087402e-01,-2.245630770921707153e-01,-1.139721944928169250e-01,-2.273887544870376587e-01,-1.625574231147766113e-01,-1.046820282936096191e-01,-2.078210562467575073e-01,-2.687069177627563477e-01,-1.550906896591186523e-01,-2.154752761125564575e-01,-1.160880550742149353e-01,-1.963130086660385132e-01,-2.231860309839248657e-01,-1.820494681596755981e-01
-2.533353269100189209e-01,-1.428570598363876343e-01,1.034131571650505066e-01,2.642689831554889679e-02,1.000000000000000000e+00,6.963234543800354004e-01,1.134088635444641113e-01,1.314844787120819092e-01,6.643951535224914551e-01,5.930705666542053223e-01,1.749625429511070251e-02,1.068238634616136551e-02,2.291192561388015747e-01,1.603193879127502441e-01,5.267775654792785645e-01,4.826829731464385986e-01,1.385784447193145752e-01,2.258605696260929108e-02,-2.078118771314620972e-01,-2.693358063697814941e-01,9.807527065277099609e-02,1.306510567665100098e-01,3.440400362014770508e-01,3.083054125308990479e-01,5.631703138351440430e-01,6.053782105445861816e-01,4.553660154342651367e-01,4.454547762870788574e-01,1.371863037347793579e-01,1.007568240165710449e-01,3.264841735363006592e-01,3.350399434566497803e-01,-2.449420094490051270e-02,3.860561177134513855e-02,1.384420394897460938e-01,1.595967561006546021e-01,1.790449582040309906e-02,-1.495895721018314362e-02,1.017763242125511169e-01,-8.147019892930984497e-03,-4.746111109852790833e-02,1.337961852550506592e-02,1.239183098077774048e-01,1.382817029953002930e-01,2.507714927196502686e-01,1.751346141099929810e-01,2.903434075415134430e-02,4.592360183596611023e-02,2.465087473392486572e-01,1.745127141475677490e-01,1.492810994386672974e-01,8.919531106948852539e-02,2.071409672498703003e-02,-6.766351405531167984e-03,8.914468437433242798e-02,2.563549787737429142e-04,-1.301915198564529419e-01,-2.113664746284484863e-01,4.824819043278694153e-02,-4.653326049447059631e-02,5.509821325540542603e-02,-8.462814241647720337e-02,1.249382123351097107e-01,-1.133467555046081543e-01,1.741318106651306152e-01,7.242681831121444702e-02,5.224391445517539978e-02,7.650498300790786743e-02,-2.802002727985382080e-01,-2.256064862012863159e-01,7.414881139993667603e-02,6.890407204627990723e-02,7.523325085639953613e-02,5.165262892842292786e-02,3.529714792966842651e-02,1.253128051757812500e-01,2.615974657237529755e-02,2.374754846096038818e-02,2.192710638046264648e-01,5.599001888185739517e-03,1.588682383298873901e-01,-3.982432186603546143e-03,8.680771291255950928e-02,8.376877754926681519e-02,2.050731778144836426e-01,8.886572718620300293e-02,1.627147644758224487e-01,1.665010303258895874e-01,1.593120545148849487e-01,3.022344550117850304e-03,-4.554619267582893372e-02,-8.874667435884475708e-02,-1.086360588669776917e-01,-1.312899291515350342e-01,-2.338922768831253052e-02,-1.079129613935947418e-02,2.888453565537929535e-02,-6.818881630897521973e-02,-9.659458883106708527e-03,-6.545848399400711060e-02,-7.298921793699264526e-02,-7.914562523365020752e-02,1.491186209022998810e-02,3.099096566438674927e-02,-8.052790910005569458e-02,-4.780538845807313919e-03,3.946762159466743469e-02,-3.053066879510879517e-02,-3.306530416011810303e-02,1.254284679889678955e-01,5.103789642453193665e-02,6.336040794849395752e-02,-3.583829477429389954e-02,-5.318572744727134705e-03,-3.145107184536755085e-04,3.575938567519187927e-02
-2.865901589393615723e-01,-1.713894456624984741e-01,2.915035374462604523e-02,-8.104789070785045624e-03,6.963234543800354004e-01,1.000000000000000000e+00,6.625845283269882202e-02,1.516717225313186646e-01,5.801374912261962891e-01,6.012111306190490723e-01,5.586983636021614075e-02,8.225460350513458252e-02,2.144960314035415649e-01,2.479349076747894287e-01,5.197082161903381348e-01,5.100558996200561523e-01,1.839722543954849243e-01,7.685328274965286255e-02,-2.162230312824249268e-01,-3.205397129058837891e-01,1.352531462907791138e-01,1.582971662282943726e-01,2.975127696990966797e-01,2.333411872386932373e-01,5.178627371788024902e-01,5.759227871894836426e-01,3.694489300251007080e-01,4.225613772869110107e-01,1.384614855051040649e-01,1.072128415107727051e-01,3.336692750453948975e-01,3.646802306175231934e-01,-4.343943670392036438e-02,4.301655292510986328e-02,1.619408428668975830e-01,1.621195077896118164e-01,1.231644209474325180e-02,-2.023808658123016357e-03,1.359916031360626221e-01,1.251636445522308350e-02,-4.878500103950500488e-02,9.214533865451812744e-02,6.212444230914115906e-02,4.473091661930084229e-02,1.771264076232910156e-01,7.200028747320175171e-02,-7.359354197978973389e-02,-6.240767985582351685e-02,2.224540114402770996e-01,1.166312694549560547e-01,7.627257704734802246e-02,1.035085413604974747e-02,-8.753909170627593994e-02,-8.853232860565185547e-02,7.109209150075912476e-02,-8.927295566536486149e-04,-1.510854363441467285e-01,-2.285170853137969971e-01,-5.775041505694389343e-02,-1.308192461729049683e-01,-1.936630532145500183e-02,-1.463260501623153687e-01,1.555183529853820801e-01,-8.650262653827667236e-02,5.037243291735649109e-02,-3.271721675992012024e-02,-5.523614585399627686e-02,-1.792422682046890259e-02,-2.595896124839782715e-01,-1.918313801288604736e-01,6.987682729959487915e-02,9.855101257562637329e-02,7.261041551828384399e-02,1.357929259538650513e-01,8.359903097152709961e-02,1.903167068958282471e-01,-9.907886385917663574e-03,1.436161249876022339e-02,2.145371884107589722e-01,5.073066428303718567e-02,1.713526695966720581e-01,6.188549473881721497e-02,1.302500814199447632e-01,3.169971331954002380e-02,1.726623177528381348e-01,6.812167167663574219e-02,1.798882335424423218e-01,1.463211625814437866e-01,1.617792695760726929e-01,-3.816705662757158279e-03,-1.315779089927673340e-01,-1.614547073841094971e-01,-2.206146717071533203e-01,-2.197565734386444092e-01,-7.496600598096847534e-02,-4.026215896010398865e-02,-4.191682487726211548e-02,-1.215244829654693604e-01,-1.140181496739387512e-01,-1.471481770277023315e-01,-1.554392576217651367e-01,-9.104753285646438599e-02,-6.831237673759460449e-02,-4.665390402078628540e-02,-1.623157709836959839e-01,-6.078634411096572876e-02,-1.114105433225631714e-02,-6.851410865783691406e-02,-9.545543044805526733e-02,9.696992486715316772e-02,-7.157184183597564697e-02,-2.948458679020404816e-02,-1.404313147068023682e-01,-8.011224865913391113e-02,-7.845649868249893188e-02,2.552143856883049011e-02
2.445268481969833374e-01,-1.399446278810501099e-01,6.869434118270874023e-01,5.923300981521606445e-01,1.134088635444641113e-01,6.625845283269882202e-02,1.000000000000000000e+00,6.418272256851196289e-01,1.561063528060913086e-01,7.344963494688272476e-03,3.439559638500213623e-01,9.315881878137588501e-02,5.114364624023437500e-01,1.612742245197296143e-01,-1.276864111423492432e-02,-1.234326977282762527e-02,9.756887704133987427e-02,5.115118809044361115e-03,1.969034224748611450e-01,1.703199297189712524e-01,6.563260406255722046e-02,1.017865836620330811e-01,5.467214584350585938e-01,5.839191675186157227e-01,2.653031647205352783e-01,3.137895166873931885e-01,1.443013548851013184e-01,1.742995828390121460e-01,1.227010190486907959e-01,3.864922747015953064e-02,4.160125553607940674e-01,4.373368620872497559e-01,6.745495647192001343e-02,4.220698028802871704e-02,-2.331575900316238403e-01,-1.753958910703659058e-01,-1.236889362335205078e-01,-8.813163638114929199e-02,-1.611299067735671997e-01,-9.977522306144237518e-03,6.564106792211532593e-02,9.903042763471603394e-02,-1.257060170173645020e-01,-1.075820773839950562e-01,-1.463798135519027710e-01,-7.968453317880630493e-02,-1.880144178867340088e-01,-1.662218123674392700e-01,-1.770638227462768555e-01,-4.974063858389854431e-02,-1.271923631429672241e-01,-1.371803581714630127e-01,-2.171359956264495850e-01,-1.748302578926086426e-01,-3.293184340000152588e-01,-2.104622125625610352e-01,-7.642854005098342896e-02,-2.965642511844635010e-01,-6.759393494576215744e-03,-1.262297034263610840e-01,-4.228428006172180176e-03,-2.009161561727523804e-01,-2.399061573669314384e-03,-2.246188968420028687e-01,4.602927714586257935e-02,-7.385240495204925537e-02,-1.167220398783683777e-01,-1.385844498872756958e-01,-2.217648625373840332e-01,-2.833243906497955322e-01,2.046238481998443604e-01,1.434122771024703979e-01,1.179275661706924438e-01,1.830504648387432098e-02,8.209851384162902832e-02,7.633870840072631836e-02,-7.449377328157424927e-02,-1.097441092133522034e-01,-1.174675971269607544e-01,-2.150553092360496521e-02,-3.592592850327491760e-02,-9.406843036413192749e-02,7.627941668033599854e-02,1.832171231508255005e-01,-1.161949485540390015e-01,-1.380046308040618896e-01,1.587430983781814575e-01,2.394353449344635010e-01,-2.065995335578918457e-01,-1.205704212188720703e-01,-2.859751284122467041e-01,-2.703886628150939941e-01,-2.732376456260681152e-01,-2.843805551528930664e-01,-3.170423209667205811e-01,-3.231429755687713623e-01,-2.864656150341033936e-01,-3.007718324661254883e-01,-2.697934806346893311e-01,-2.621385753154754639e-01,-2.598313391208648682e-01,-3.393233716487884521e-01,-2.746613323688507080e-01,-3.511823415756225586e-01,-2.621748149394989014e-01,-3.665719628334045410e-01,-2.301179915666580200e-01,-2.657209336757659912e-01,-1.847964227199554443e-01,-1.794639676809310913e-01,-9.538738429546356201e-02,-1.809789538383483887e-01,-1.722567826509475708e-01,-2.157253623008728027e-01,-2.904314696788787842e-01,-2.317733019590377808e-01
1.490873694419860840e-01,-8.330406248569488525e-02,5.595974326133728027e-01,5.854994654655456543e-01,1.314844787120819092e-01,1.516717225313186646e-01,6.418272256851196289e-01,1.000000000000000000e+00,1.693086624145507812e-01,5.952874198555946350e-02,3.164859414100646973e-01,2.713612914085388184e-01,4.485547244548797607e-01,4.003354609012603760e-01,5.172486230731010437e-02,3.639874979853630066e-02,1.711644232273101807e-01,1.561065316200256348e-01,1.361784040927886963e-01,1.080659925937652588e-01,1.731995940208435059e-01,1.726744025945663452e-01,5.083967447280883789e-01,5.480166077613830566e-01,3.397701680660247803e-01,3.703007996082305908e-01,2.381954789161682129e-01,2.602757513523101807e-01,1.976120173931121826e-01,1.788949221372604370e-01,4.055360853672027588e-01,4.521015882492065430e-01,5.079533532261848450e-02,2.020934969186782837e-02,-1.626391112804412842e-01,-1.109200343489646912e-01,-5.070478469133377075e-02,-5.942159891128540039e-02,-1.271754652261734009e-01,-3.257694095373153687e-02,9.390728175640106201e-02,1.089167073369026184e-01,-7.319664210081100464e-02,-6.647919118404388428e-02,-2.652238123118877411e-02,6.744237616658210754e-03,-1.936158686876296997e-01,-1.396103501319885254e-01,-1.520864386111497879e-02,2.248223870992660522e-02,-7.397288084030151367e-02,-1.462507247924804688e-01,-2.249565273523330688e-01,-1.886716187000274658e-01,-3.197163045406341553e-01,-2.001242786645889282e-01,-1.230271905660629272e-01,-2.332384586334228516e-01,5.736800655722618103e-02,-8.879646658897399902e-02,2.041297219693660736e-02,-1.520064920186996460e-01,6.963171809911727905e-02,-1.031294390559196472e-01,7.388535141944885254e-02,-9.397969394922256470e-02,-3.192083537578582764e-02,-1.988534256815910339e-02,-2.428666353225708008e-01,-2.770020067691802979e-01,2.489738464355468750e-01,2.350485324859619141e-01,1.797603219747543335e-01,1.393808275461196899e-01,1.602101475000381470e-01,1.630008518695831299e-01,5.965004861354827881e-02,2.788826264441013336e-02,-2.049707621335983276e-02,1.185975521802902222e-01,6.274344027042388916e-02,2.003351598978042603e-02,1.832551062107086182e-01,2.264595180749893188e-01,-2.651597559452056885e-02,-1.154448986053466797e-01,2.080741226673126221e-01,2.436225265264511108e-01,-1.234908550977706909e-01,-1.320426464080810547e-01,-2.873262763023376465e-01,-2.793357372283935547e-01,-2.760191261768341064e-01,-2.875724732875823975e-01,-3.454457521438598633e-01,-3.316396176815032959e-01,-2.884913682937622070e-01,-3.362210988998413086e-01,-2.890721559524536133e-01,-2.812837958335876465e-01,-2.791799604892730713e-01,-3.200929462909698486e-01,-2.901931703090667725e-01,-3.590683341026306152e-01,-2.676510810852050781e-01,-3.627009987831115723e-01,-1.974440366029739380e-01,-2.543191909790039062e-01,-2.041424810886383057e-01,-1.267096996307373047e-01,-1.111140847206115723e-01,-1.553422361612319946e-01,-1.363485455513000488e-01,-1.909824013710021973e-01,-3.069854080677032471e-01,-2.465550303459167480e-01
-1.623469740152359009e-01,-1.303079575300216675e-01,1.704718470573425293e-01,1.348361670970916748e-01,6.643951535224914551e-01,5.801374912261962891e-01,1.561063528060913086e-01,1.693086624145507812e-01,1.000000000000000000e+00,7.054932117462158203e-01,-4.945351928472518921e-02,-5.439418554306030273e-02,1.554955542087554932e-01,1.176019385457038879e-01,5.525676012039184570e-01,5.380309820175170898e-01,7.329599559307098389e-02,-8.906084112823009491e-03,-6.906574964523315430e-02,-1.245545297861099243e-01,-2.886432036757469177e-02,-3.029162995517253876e-02,3.683257699012756348e-01,3.241179883480072021e-01,4.174849092960357666e-01,4.871750473976135254e-01,2.936652898788452148e-01,2.840419411659240723e-01,5.363536626100540161e-02,8.485725522041320801e-02,1.648450642824172974e-01,1.744210422039031982e-01,-7.396655529737472534e-02,-3.689813241362571716e-02,2.730886079370975494e-02,2.494421228766441345e-02,6.155028566718101501e-02,9.920069016516208649e-03,1.330606043338775635e-01,4.497571662068367004e-02,-1.111708283424377441e-01,-1.335951033979654312e-02,7.565816491842269897e-02,1.082160100340843201e-01,1.164914891123771667e-01,9.490139782428741455e-02,6.219299510121345520e-02,5.765092745423316956e-02,1.061028242111206055e-01,5.037507787346839905e-02,3.049233928322792053e-02,-2.063850127160549164e-02,-1.506281271576881409e-02,-1.987737603485584259e-02,1.439210623502731323e-01,8.615239709615707397e-02,-1.991072595119476318e-01,-2.406020313501358032e-01,-2.044889703392982483e-02,-1.141939610242843628e-01,-3.548571467399597168e-02,-2.044427543878555298e-01,7.368950545787811279e-02,-1.575380861759185791e-01,1.014844104647636414e-01,-3.464268147945404053e-02,9.624044410884380341e-03,2.923227660357952118e-02,-2.372385859489440918e-01,-2.180708497762680054e-01,-4.663335531949996948e-02,-4.714440926909446716e-02,-1.187686622142791748e-02,-4.461217613425105810e-04,-3.176955878734588623e-02,2.698278054594993591e-02,-3.870300948619842529e-03,-2.130754105746746063e-02,1.337594389915466309e-01,-1.189937721937894821e-02,1.024358198046684265e-01,-5.531072244048118591e-02,-1.861221157014369965e-02,5.412997677922248840e-02,1.448594331741333008e-01,6.532410159707069397e-03,3.150946274399757385e-02,7.612206041812896729e-02,1.954054087400436401e-01,3.618886321783065796e-02,3.970712795853614807e-02,6.186568178236484528e-03,-2.772346325218677521e-02,-4.152812063694000244e-03,2.400784753262996674e-02,2.729703113436698914e-02,1.138766556978225708e-01,1.617212593555450439e-02,8.364087343215942383e-02,2.297286316752433777e-02,6.148756295442581177e-02,4.643313959240913391e-02,1.586482971906661987e-01,1.625163704156875610e-01,8.609234541654586792e-02,1.223565414547920227e-01,1.539166867733001709e-01,1.526975929737091064e-01,-3.873597085475921631e-02,-1.209847908467054367e-02,4.360357299447059631e-02,6.450419127941131592e-02,3.366742283105850220e-02,5.072211846709251404e-02,6.218466162681579590e-02,6.196467578411102295e-02
-2.358690053224563599e-01,-1.198287457227706909e-01,2.831408567726612091e-02,7.788526359945535660e-03,5.930705666542053223e-01,6.012111306190490723e-01,7.344963494688272476e-03,5.952874198555946350e-02,7.054932117462158203e-01,1.000000000000000000e+00,-1.213313937187194824e-01,-4.010986164212226868e-02,5.973158031702041626e-02,1.112317293882369995e-01,4.931805133819580078e-01,5.971335768699645996e-01,2.399817109107971191e-02,-1.597830094397068024e-02,-9.308606386184692383e-02,-1.899337470531463623e-01,-8.766666799783706665e-02,-8.001785725355148315e-02,2.493045628070831299e-01,1.672149151563644409e-01,2.840983271598815918e-01,4.103698432445526123e-01,1.769354194402694702e-01,2.005103230476379395e-01,-3.965542092919349670e-02,5.255373194813728333e-02,1.042672172188758850e-01,1.129221245646476746e-01,-1.325596719980239868e-01,-6.781610846519470215e-02,5.550032109022140503e-02,4.595497995615005493e-02,4.879544675350189209e-02,4.444847255945205688e-02,1.810688674449920654e-01,7.262540608644485474e-02,-1.707765161991119385e-01,-1.276109181344509125e-02,7.134401053190231323e-02,1.046746671199798584e-01,1.218412369489669800e-01,8.008924871683120728e-02,7.056052982807159424e-02,6.247014924883842468e-02,1.450551897287368774e-01,7.772459089756011963e-02,3.140795230865478516e-02,2.355502732098102570e-02,-1.900769537314772606e-03,1.514150481671094894e-02,2.254406213760375977e-01,1.774099916219711304e-01,-2.362781167030334473e-01,-1.797615289688110352e-01,-3.032414801418781281e-02,-6.080199405550956726e-02,-8.933803439140319824e-02,-1.260947734117507935e-01,3.402252122759819031e-02,-9.282062947750091553e-02,4.772323742508888245e-02,4.229166079312562943e-03,3.341595083475112915e-02,4.985954239964485168e-02,-1.639273762702941895e-01,-1.404316723346710205e-01,-1.284496784210205078e-01,-7.149254530668258667e-02,-1.010674163699150085e-01,-1.191874593496322632e-02,-5.094909667968750000e-02,2.288989722728729248e-02,-8.751034736633300781e-02,-7.090353965759277344e-02,1.134364083409309387e-01,3.043924691155552864e-03,5.731728672981262207e-02,1.851877570152282715e-02,-8.634383976459503174e-02,-5.403644964098930359e-02,1.336584389209747314e-01,8.585578203201293945e-02,-2.963572926819324493e-02,-2.607328630983829498e-02,2.429814636707305908e-01,1.209865659475326538e-01,1.113913804292678833e-01,7.331954687833786011e-02,1.486732438206672668e-02,4.579358175396919250e-02,8.778272569179534912e-02,1.118371114134788513e-01,1.349629163742065430e-01,8.566027879714965820e-02,1.249201223254203796e-01,9.069641679525375366e-02,1.255654096603393555e-01,1.561595052480697632e-01,2.128982990980148315e-01,2.365637719631195068e-01,1.165731251239776611e-01,1.852582246065139771e-01,1.524556726217269897e-01,2.070618420839309692e-01,-1.946927234530448914e-02,3.729073703289031982e-02,2.235413715243339539e-02,9.366606920957565308e-02,3.008382394909858704e-02,7.621604204177856445e-02,8.598669618368148804e-02,6.510315835475921631e-02
2.657794058322906494e-01,9.122170507907867432e-02,1.056725531816482544e-01,9.444341808557510376e-02,1.749625429511070251e-02,5.586983636021614075e-02,3.439559638500213623e-01,3.164859414100646973e-01,-4.945351928472518921e-02,-1.213313937187194824e-01,1.000000000000000000e+00,5.975250005722045898e-01,6.096044778823852539e-01,4.495498836040496826e-01,1.586084961891174316e-01,1.229542866349220276e-01,5.364213585853576660e-01,4.627548456192016602e-01,5.469360947608947754e-02,7.977218367159366608e-03,4.490310847759246826e-01,3.569258749485015869e-01,1.329920589923858643e-01,5.736633390188217163e-02,1.235665082931518555e-01,7.607983797788619995e-02,1.838151663541793823e-01,1.238699331879615784e-01,5.577357411384582520e-01,4.448449313640594482e-01,4.299473166465759277e-01,4.272544980049133301e-01,3.388152718544006348e-01,3.130895197391510010e-01,1.447549462318420410e-01,1.143695339560508728e-01,1.279728710651397705e-01,1.472800225019454956e-01,1.147199571132659912e-01,1.719295382499694824e-01,4.188965857028961182e-01,4.772690832614898682e-01,-1.930447220802307129e-01,-1.947786360979080200e-01,-1.676453277468681335e-02,-3.902264311909675598e-02,-2.876960933208465576e-01,-2.296418994665145874e-01,-8.975657820701599121e-02,-1.543405801057815552e-01,-1.977763026952743530e-01,-2.656531929969787598e-01,-3.446690738201141357e-01,-3.730670511722564697e-01,-2.188574373722076416e-01,-1.278563737869262695e-01,2.725350558757781982e-01,2.721521817147731781e-02,4.794241115450859070e-02,-8.633577078580856323e-02,2.224937826395034790e-01,-1.765686087310314178e-02,3.116977214813232422e-01,1.155041754245758057e-01,-9.093953296542167664e-03,-1.168018877506256104e-01,9.731104969978332520e-02,7.779380679130554199e-02,-1.398075139150023460e-03,-6.649406254291534424e-02,6.153464913368225098e-01,5.755544304847717285e-01,6.030093431472778320e-01,5.566197633743286133e-01,4.858031868934631348e-01,4.454623758792877197e-01,3.513756394386291504e-01,3.270539045333862305e-01,2.614983022212982178e-01,3.692949712276458740e-01,3.581987321376800537e-01,2.853877544403076172e-01,2.848506569862365723e-01,3.169670403003692627e-01,1.651270389556884766e-01,2.242132276296615601e-02,2.102570682764053345e-01,1.776511520147323608e-01,-4.994635283946990967e-02,-7.544221729040145874e-02,-4.425053596496582031e-01,-4.225164949893951416e-01,-4.072464406490325928e-01,-4.286203086376190186e-01,-1.797575354576110840e-01,-2.145020365715026855e-01,-1.943561136722564697e-01,-2.401637583971023560e-01,-3.533379137516021729e-01,-3.773681521415710449e-01,-4.100396335124969482e-01,-4.341706633567810059e-01,-3.508808016777038574e-01,-4.233399331569671631e-01,-3.690593838691711426e-01,-4.025508165359497070e-01,-2.561560571193695068e-01,-3.227629661560058594e-01,-1.867496967315673828e-01,7.901868224143981934e-02,-8.535246551036834717e-02,-2.091191858053207397e-01,-2.284169495105743408e-01,-2.398327887058258057e-01,-2.942056357860565186e-01,-1.169973239302635193e-01
1.276167333126068115e-01,2.609603703022003174e-01,-7.209642976522445679e-02,-3.616337478160858154e-02,1.068238634616136551e-02,8.225460350513458252e-02,9.315881878137588501e-02,2.713612914085388184e-01,-5.439418554306030273e-02,-4.010986164212226868e-02,5.975250005722045898e-01,1.000000000000000000e+00,4.010263085365295410e-01,5.961235761642456055e-01,2.170618623495101929e-01,2.089087665081024170e-01,5.603796243667602539e-01,6.505083441734313965e-01,4.236114397644996643e-02,-3.302523866295814514e-02,4.791687726974487305e-01,3.914961218833923340e-01,5.588552728295326233e-02,-8.511875569820404053e-02,2.116794139146804810e-02,-7.913243956863880157e-03,1.574761271476745605e-01,1.166514903306961060e-01,5.370715856552124023e-01,6.234115958213806152e-01,3.366221487522125244e-01,3.301729261875152588e-01,3.633733093738555908e-01,3.619893789291381836e-01,2.877550125122070312e-01,2.703927755355834961e-01,2.410205751657485962e-01,2.793312370777130127e-01,2.224311977624893188e-01,2.402390688657760620e-01,3.805249035358428955e-01,4.872179627418518066e-01,-1.032814607024192810e-01,-8.177369087934494019e-02,1.233700364828109741e-01,8.370199054479598999e-02,-1.947618126869201660e-01,-8.962216228246688843e-02,4.413215443491935730e-02,-4.019495472311973572e-02,-1.575098335742950439e-01,-1.849728375673294067e-01,-3.035995066165924072e-01,-2.854560315608978271e-01,-8.273495733737945557e-02,5.028821900486946106e-02,1.892484277486801147e-01,2.156739681959152222e-01,9.534421563148498535e-02,3.811605647206306458e-02,2.137008756399154663e-01,1.558132022619247437e-01,3.438042700290679932e-01,3.718972504138946533e-01,-2.334291813895106316e-03,-6.530036777257919312e-02,2.262994349002838135e-01,2.775344848632812500e-01,-6.534588988870382309e-03,-3.042359137907624245e-03,5.979475378990173340e-01,6.570829153060913086e-01,5.835772156715393066e-01,6.650302410125732422e-01,5.055517554283142090e-01,4.890072643756866455e-01,4.682417809963226318e-01,4.772819578647613525e-01,3.352738022804260254e-01,5.588200688362121582e-01,4.254513084888458252e-01,5.122397541999816895e-01,2.658852934837341309e-01,3.620603680610656738e-01,2.338774949312210083e-01,1.907122135162353516e-01,1.462843865156173706e-01,1.416371613740921021e-01,8.648849278688430786e-02,9.884477406740188599e-02,-3.272937834262847900e-01,-2.735359966754913330e-01,-2.965739071369171143e-01,-2.839436233043670654e-01,-6.411155313253402710e-02,-7.199766486883163452e-02,-6.096654757857322693e-02,-8.696170151233673096e-02,-2.333567291498184204e-01,-2.291209995746612549e-01,-3.074447512626647949e-01,-2.458987981081008911e-01,-2.330172955989837646e-01,-2.541752159595489502e-01,-2.605839371681213379e-01,-2.498250454664230347e-01,-1.457876265048980713e-01,-1.556393951177597046e-01,-9.552243351936340332e-02,2.121417522430419922e-01,6.677714176476001740e-03,-9.972159564495086670e-02,-1.183747351169586182e-01,-1.198308691382408142e-01,-2.006246447563171387e-01,-6.634414196014404297e-02
1.383756101131439209e-01,-1.210370883345603943e-01,2.763977944850921631e-01,1.944272965192794800e-01,2.291192561388015747e-01,2.144960314035415649e-01,5.114364624023437500e-01,4.485547244548797607e-01,1.554955542087554932e-01,5.973158031702041626e-02,6.096044778823852539e-01,4.010263085365295410e-01,1.000000000000000000e+00,4.872350394725799561e-01,3.067755997180938721e-01,2.004594057798385620e-01,4.425232708454132080e-01,2.992753684520721436e-01,-4.371359944343566895e-02,-1.034063473343849182e-01,4.057418704032897949e-01,3.770871758460998535e-01,3.410445153713226318e-01,2.662151455879211426e-01,3.007569611072540283e-01,2.841352522373199463e-01,3.488099277019500732e-01,3.098784983158111572e-01,5.397714376449584961e-01,3.831374943256378174e-01,5.714659690856933594e-01,5.716980099678039551e-01,1.720230281352996826e-01,1.774710714817047119e-01,1.550552248954772949e-01,1.621368676424026489e-01,9.184899181127548218e-02,1.017930209636688232e-01,8.167144656181335449e-02,1.092473790049552917e-01,3.077013790607452393e-01,3.564112782478332520e-01,-9.527295827865600586e-02,-9.024567902088165283e-02,6.959928572177886963e-02,4.823507741093635559e-02,-2.269033789634704590e-01,-1.692995280027389526e-01,2.557987906038761139e-02,-1.157235726714134216e-02,-6.618587672710418701e-02,-1.404832154512405396e-01,-2.765828967094421387e-01,-2.699564993381500244e-01,-1.964712589979171753e-01,-1.258291900157928467e-01,7.539492100477218628e-02,-2.032884210348129272e-01,8.989505469799041748e-02,-8.077656477689743042e-02,1.651820093393325806e-01,-1.203230246901512146e-01,2.980020046234130859e-01,-3.446244075894355774e-02,1.135611981153488159e-01,-5.712405219674110413e-02,5.500201880931854248e-02,2.755943499505519867e-02,-1.728485673666000366e-01,-1.732979863882064819e-01,5.332788825035095215e-01,5.091871023178100586e-01,4.803347885608673096e-01,4.281250536441802979e-01,3.818870484828948975e-01,3.745941519737243652e-01,1.895220577716827393e-01,1.672687083482742310e-01,2.024545818567276001e-01,2.494128793478012085e-01,3.336847126483917236e-01,1.934297084808349609e-01,3.483568429946899414e-01,3.092640936374664307e-01,1.740663498640060425e-01,4.412944242358207703e-02,3.497327268123626709e-01,3.007063269615173340e-01,-2.058090269565582275e-02,-5.686508119106292725e-02,-4.018854796886444092e-01,-3.773637115955352783e-01,-4.064626991748809814e-01,-4.299086928367614746e-01,-2.613869607448577881e-01,-2.791955769062042236e-01,-2.543021142482757568e-01,-2.738339900970458984e-01,-3.341547548770904541e-01,-3.383179306983947754e-01,-4.206570386886596680e-01,-4.272507131099700928e-01,-3.648504614830017090e-01,-4.197280704975128174e-01,-4.108550846576690674e-01,-4.151515364646911621e-01,-2.722122967243194580e-01,-3.472216725349426270e-01,-1.985549926757812500e-01,6.924667209386825562e-02,-6.510152667760848999e-02,-1.817486584186553955e-01,-2.482362091541290283e-01,-2.347369045019149780e-01,-2.828135788440704346e-01,-1.662715524435043335e-01
