1.000000000000000000e+00,2.041458487510681152e-01,-5.664649009704589844e-01,-2.550369203090667725e-01,-7.663730531930923462e-02,-4.800589382648468018e-02,-5.291268229484558105e-01,-3.073024749755859375e-01,3.920900169759988785e-03,-1.534087210893630981e-01,7.529734075069427490e-02,6.130700930953025818e-03,-3.075276017189025879e-01,-2.694804593920707703e-02,-3.664756566286087036e-02,-6.303867697715759277e-02,2.645724117755889893e-01,2.620751224458217621e-02,1.851723790168762207e-01,2.788463830947875977e-01,3.888773033395409584e-03,-9.738235920667648315e-02,-5.021056532859802246e-01,-4.594230353832244873e-01,-1.167814061045646667e-01,-4.614561796188354492e-02,-3.282774612307548523e-02,4.817814379930496216e-02,1.842851787805557251e-01,5.741824861615896225e-03,-5.295802950859069824e-01,-5.208647847175598145e-01,2.343324124813079834e-01,5.059327930212020874e-02,3.279728293418884277e-01,3.120011091232299805e-01,4.591946601867675781e-01,3.493250906467437744e-02,3.528395593166351318e-01,1.309420019388198853e-01,2.223901301622390747e-01,8.427265100181102753e-03,7.997404038906097412e-02,6.839897483587265015e-02,-8.735798299312591553e-02,-2.343606017529964447e-02,1.726975589990615845e-01,1.619485765695571899e-01,3.385984152555465698e-02,-1.831139065325260162e-02,5.061634629964828491e-02,-2.195427939295768738e-02,2.076283395290374756e-01,4.860441759228706360e-02,3.437024056911468506e-01,1.895066946744918823e-01,7.375004291534423828e-01,3.699991405010223389e-01,2.824900746345520020e-01,1.438372880220413208e-01,5.150153636932373047e-01,1.227825284004211426e-01,2.888156473636627197e-01,1.780797243118286133e-01,1.954071968793869019e-01,1.246445253491401672e-01,4.047434329986572266e-01,3.358334898948669434e-01,4.480992257595062256e-01,3.821600675582885742e-01,-9.975556284189224243e-02,-2.516526877880096436e-01,3.405089676380157471e-01,-1.382380872964859009e-01,2.737098038196563721e-01,-8.743859827518463135e-02,9.238209575414657593e-02,5.529862642288208008e-02,1.641046553850173950e-01,2.495913021266460419e-02,4.054985344409942627e-01,1.409206837415695190e-01,9.546900540590286255e-02,2.035729773342609406e-02,3.832136392593383789e-01,2.071076482534408569e-01,2.548102103173732758e-02,3.197047114372253418e-02,2.098975628614425659e-01,9.203089028596878052e-02,6.810955703258514404e-02,1.111745014786720276e-01,-4.487727954983711243e-02,-4.664301499724388123e-02,2.007571235299110413e-02,-1.145692095160484314e-01,3.430910110473632812e-01,1.308139562606811523e-01,3.602918982505798340e-01,3.419627249240875244e-01,1.076375171542167664e-01,-4.032314755022525787e-04,1.551463752985000610e-01,1.210940107703208923e-01,3.013852536678314209e-01,1.983845829963684082e-01,7.351829111576080322e-02,1.277897506952285767e-01,7.809644937515258789e-02,-1.082252338528633118e-02,2.163370996713638306e-01,2.180014848709106445e-01,9.046134352684020996e-02,2.296316921710968018e-01,2.837007641792297363e-01,1.932295709848403931e-01
2.041458487510681152e-01,1.000000000000000000e+00,1.397788524627685547e-01,3.789691030979156494e-01,9.561921656131744385e-02,2.469864785671234131e-01,1.449201107025146484e-01,2.968601882457733154e-01,2.650971710681915283e-02,9.759459644556045532e-02,2.313261851668357849e-02,3.575767278671264648e-01,7.897115498781204224e-02,2.631539106369018555e-01,-6.480709463357925415e-02,8.577228337526321411e-02,6.030853092670440674e-02,2.126788198947906494e-01,1.345698535442352295e-01,1.081204786896705627e-01,2.451834380626678467e-01,2.857342064380645752e-01,1.920450031757354736e-01,2.332493960857391357e-01,7.793430984020233154e-02,2.719417810440063477e-01,1.004921719431877136e-01,2.816569507122039795e-01,1.201878711581230164e-01,2.100187987089157104e-01,1.712359040975570679e-01,2.665047943592071533e-01,1.864042878150939941e-01,3.192478418350219727e-01,1.797073334455490112e-01,2.293467968702316284e-01,6.654175464063882828e-03,2.656419202685356140e-02,-1.181956976652145386e-01,1.313537061214447021e-01,-1.054914742708206177e-01,7.830326259136199951e-02,-1.433400064706802368e-02,-1.625697501003742218e-02,4.989453405141830444e-02,8.617386221885681152e-02,4.190676845610141754e-03,1.950581222772598267e-01,1.924592703580856323e-01,2.198301851749420166e-01,3.739982098340988159e-02,1.503410190343856812e-01,4.188743978738784790e-02,9.818105399608612061e-02,7.014769315719604492e-02,2.818908691406250000e-01,1.682400703430175781e-01,5.125812888145446777e-01,1.590383425354957581e-02,-9.033229947090148926e-02,8.508394658565521240e-02,-4.215460270643234253e-02,4.595065861940383911e-02,3.507789075374603271e-01,9.286141023039817810e-03,2.869833111763000488e-01,1.907017230987548828e-01,1.706857830286026001e-01,2.552126944065093994e-01,1.828567385673522949e-01,1.719342917203903198e-01,3.203681111335754395e-01,-1.215015649795532227e-01,1.114592179656028748e-01,-7.600793032906949520e-04,7.435399293899536133e-02,2.914815843105316162e-01,2.976801693439483643e-01,7.499150931835174561e-02,8.241166919469833374e-02,1.721971668303012848e-02,2.961127161979675293e-01,-6.802085787057876587e-02,1.817021518945693970e-01,2.888953080400824547e-03,3.602139353752136230e-01,-2.055454067885875702e-03,1.536682099103927612e-01,-1.149309147149324417e-02,2.066227495670318604e-01,6.212738156318664551e-02,1.147023811936378479e-01,-2.970972843468189240e-02,-6.389053165912628174e-02,1.786049157381057739e-01,2.288573384284973145e-01,2.348372787237167358e-01,3.642517030239105225e-01,2.155733406543731689e-01,3.659445643424987793e-01,5.274960026144981384e-02,7.236662786453962326e-03,3.790888935327529907e-02,2.671207487583160400e-01,3.024547398090362549e-01,2.466485947370529175e-01,5.150843411684036255e-02,1.623784154653549194e-01,1.299924701452255249e-01,2.095215022563934326e-01,1.924282610416412354e-01,2.052061259746551514e-01,2.152568101882934570e-02,1.296859681606292725e-01,1.441594362258911133e-01,1.399063467979431152e-01
-5.664649009704589844e-01,1.397788524627685547e-01,1.000000000000000000e+00,6.441160440444946289e-01,2.780462801456451416e-01,7.054401934146881104e-02,8.633751869201660156e-01,5.718563199043273926e-01,1.786490082740783691e-01,6.246828660368919373e-02,2.331278175115585327e-01,2.879991829395294189e-01,6.820182800292968750e-01,1.908739507198333740e-01,2.229698300361633301e-01,1.528485398739576340e-02,-1.076344493776559830e-02,2.444982379674911499e-01,6.499865651130676270e-02,-9.282246977090835571e-02,1.256128251552581787e-01,2.075751721858978271e-01,7.588542699813842773e-01,7.102407813072204590e-01,3.662677109241485596e-01,1.730467528104782104e-01,3.074182569980621338e-01,8.811509609222412109e-02,1.631642431020736694e-01,1.900333017110824585e-01,7.376515269279479980e-01,7.646108865737915039e-01,-6.876535713672637939e-02,2.138118892908096313e-01,-3.414595127105712891e-01,-3.396419286727905273e-01,-5.348578691482543945e-01,-1.744956821203231812e-01,-3.023273050785064697e-01,-1.980973929166793823e-01,-2.398739755153656006e-01,-1.396176367998123169e-01,-6.399849802255630493e-02,-6.196053698658943176e-02,-4.104831814765930176e-02,-1.912015117704868317e-02,-1.556138694286346436e-01,-9.178999811410903931e-02,-8.941617608070373535e-02,3.741364181041717529e-02,-3.460189700126647949e-02,2.087961137294769287e-02,-8.259718865156173706e-02,-4.994801711291074753e-03,-1.263014376163482666e-01,-1.512323766946792603e-01,-5.694404840469360352e-01,-6.669998168945312500e-02,-1.586774289608001709e-01,2.196674607694149017e-02,-2.788432538509368896e-01,1.246865722350776196e-03,-1.034793555736541748e-01,-6.835572421550750732e-02,6.295846402645111084e-02,4.178214818239212036e-02,-3.575169146060943604e-01,-2.381723523139953613e-01,-3.515480756759643555e-01,-2.085651308298110962e-01,2.884630858898162842e-01,4.215238988399505615e-01,-3.821233510971069336e-01,1.558219641447067261e-01,-2.636924386024475098e-01,5.066777393221855164e-02,8.715489506721496582e-02,4.709747433662414551e-02,-1.883979886770248413e-02,1.633666902780532837e-01,-1.529323160648345947e-01,-6.082255858927965164e-03,8.087021857500076294e-02,-6.980179250240325928e-02,-7.593733072280883789e-02,1.514468621462583542e-02,6.748570501804351807e-02,-9.863122552633285522e-02,9.305917471647262573e-02,-7.442352175712585449e-02,1.396707445383071899e-01,-3.568549454212188721e-02,1.664835065603256226e-01,1.832880452275276184e-02,1.995548158884048462e-01,3.277958631515502930e-01,-2.962655425071716309e-01,-6.885211169719696045e-02,-1.528257280588150024e-01,-2.365368604660034180e-01,4.154214262962341309e-02,-5.216916650533676147e-02,2.276591397821903229e-02,-6.322022527456283569e-02,-1.338241398334503174e-01,-9.286648780107498169e-02,-3.966664522886276245e-02,-6.913222372531890869e-02,4.683393239974975586e-02,1.089609339833259583e-01,-1.668611019849777222e-01,-1.459454894065856934e-01,-7.331534475088119507e-02,-1.314408779144287109e-01,-1.152556836605072021e-01,-2.162758074700832367e-02
-2.550369203090667725e-01,3.789691030979156494e-01,6.441160440444946289e-01,1.000000000000000000e+00,1.973396837711334229e-01,2.028143703937530518e-01,6.272102594375610352e-01,6.930894851684570312e-01,1.247449964284896851e-01,1.907220780849456787e-01,1.451845020055770874e-01,4.253579676151275635e-01,4.771267473697662354e-01,4.305078983306884766e-01,4.933337494730949402e-02,1.919373124837875366e-01,7.671552151441574097e-02,2.568147182464599609e-01,1.993596106767654419e-01,7.256446033716201782e-02,1.528392732143402100e-01,3.013927638530731201e-01,6.265383362770080566e-01,6.846444010734558105e-01,2.737265229225158691e-01,3.133284747600555420e-01,3.062847852706909180e-01,3.490561246871948242e-01,1.673615574836730957e-01,2.779093086719512939e-01,5.679678320884704590e-01,6.959076523780822754e-01,-1.094387937337160110e-02,2.825390696525573730e-01,-1.815114021301269531e-01,-4.151969775557518005e-02,-3.809746801853179932e-01,-1.910643726587295532e-01,-2.699225544929504395e-01,-5.919058248400688171e-02,-2.391076236963272095e-01,-5.043429881334304810e-02,-4.419009387493133545e-02,-9.494639188051223755e-02,-3.252373309805989265e-03,1.206916123628616333e-01,-1.518186330795288086e-01,3.146262839436531067e-02,9.406687319278717041e-02,1.864514499902725220e-01,3.989067301154136658e-02,9.415686130523681641e-02,-1.032977998256683350e-01,1.242461502552032471e-01,-1.216966137290000916e-01,1.559015512466430664e-01,-2.693308591842651367e-01,1.771652400493621826e-01,-1.134870946407318115e-02,-8.856134116649627686e-02,-1.140937432646751404e-01,-3.546194359660148621e-02,-8.228626102209091187e-02,2.665758132934570312e-01,5.650092661380767822e-02,1.446913629770278931e-01,-1.766227334737777710e-01,-1.302702426910400391e-01,-5.395971983671188354e-02,-9.234565310180187225e-03,3.195549547672271729e-01,4.738650619983673096e-01,-3.574744462966918945e-01,1.420670598745346069e-01,-2.594148814678192139e-01,5.812519043684005737e-02,1.651274412870407104e-01,2.216183245182037354e-01,4.650725796818733215e-02,2.079689949750900269e-01,-3.808463737368583679e-02,2.457962632179260254e-01,-6.381407380104064941e-02,1.852809041738510132e-01,-9.751520305871963501e-02,2.678022682666778564e-01,-1.859823055565357208e-02,1.372432410717010498e-01,2.046482637524604797e-02,2.165228873491287231e-01,1.860941573977470398e-02,1.716183573007583618e-01,-2.651069127023220062e-02,1.642062515020370483e-02,2.047730535268783569e-01,3.363668918609619141e-01,-5.973929166793823242e-02,2.149051576852798462e-01,-9.948682039976119995e-02,7.771126925945281982e-02,-4.770644474774599075e-03,7.707509212195873260e-03,-1.130820717662572861e-02,1.120241060853004456e-01,8.226126432418823242e-02,1.730475574731826782e-01,3.226618841290473938e-02,4.092345386743545532e-02,1.134185791015625000e-01,2.208406031131744385e-01,6.519830971956253052e-02,3.822322189807891846e-02,2.774159424006938934e-02,-2.491298690438270569e-02,9.294987656176090240e-03,7.688982039690017700e-02
-7.663730531930923462e-02,9.561921656131744385e-02,2.780462801456451416e-01,1.973396837711334229e-01,1.000000000000000000e+00,5.834075808525085449e-01,2.868363261222839355e-01,2.065683603286743164e-01,5.073291659355163574e-01,3.464266657829284668e-01,6.478378921747207642e-02,4.536561667919158936e-02,3.324111998081207275e-01,2.634268403053283691e-01,2.095686495304107666e-01,7.312603294849395752e-02,-5.915243178606033325e-02,7.899556308984756470e-02,2.921094186604022980e-02,-7.316660135984420776e-02,1.075769141316413879e-01,2.787758708000183105e-01,3.077191114425659180e-01,2.636836171150207520e-01,6.261249184608459473e-01,6.121035218238830566e-01,5.786191225051879883e-01,4.754036068916320801e-01,1.125814989209175110e-01,-1.660652458667755127e-02,2.642897665500640869e-01,2.666743099689483643e-01,-2.388259395956993103e-02,5.765986815094947815e-02,-1.965140253305435181e-01,-2.688013613224029541e-01,-1.424501389265060425e-01,-1.374642997980117798e-01,3.886538743972778320e-02,-5.581453442573547363e-02,1.269250363111495972e-01,4.612611234188079834e-02,-1.397323012351989746e-01,-1.425009965896606445e-01,-4.252306371927261353e-02,-3.963868319988250732e-02,-1.044961065053939819e-01,1.504120649769902229e-03,1.060289815068244934e-01,6.190169230103492737e-02,5.942565947771072388e-02,5.429575592279434204e-02,1.223055496811866760e-01,5.102043598890304565e-02,5.522166192531585693e-02,-4.892654344439506531e-02,-1.002355590462684631e-01,1.501701422967016697e-03,-3.913925215601921082e-02,2.811454469338059425e-03,-1.217802017927169800e-01,-5.623010545969009399e-02,-4.049658775329589844e-02,1.720665208995342255e-02,1.261829882860183716e-01,1.857105344533920288e-01,-1.995059847831726074e-01,-1.926017850637435913e-01,-2.089288234710693359e-01,-1.566341817378997803e-01,3.713363781571388245e-02,7.133354991674423218e-02,-1.767789125442504883e-01,-5.067957192659378052e-02,-1.506210863590240479e-01,-1.166985258460044861e-01,-7.349890470504760742e-02,-2.615656517446041107e-02,3.014620952308177948e-02,-6.042331457138061523e-03,9.358815103769302368e-02,8.705257624387741089e-02,3.220128118991851807e-01,1.318843513727188110e-01,1.070300489664077759e-01,2.471913546323776245e-01,4.076183438301086426e-01,2.292895168066024780e-01,2.533091604709625244e-01,2.091318666934967041e-01,6.294500082731246948e-02,5.459321662783622742e-02,-1.607729308307170868e-02,-8.910169824957847595e-03,-2.393272146582603455e-02,1.154416333884000778e-02,8.743464946746826172e-02,1.801212280988693237e-01,5.017821118235588074e-02,-5.209618061780929565e-02,9.034967422485351562e-02,7.179593294858932495e-02,1.110519170761108398e-01,1.523466110229492188e-01,1.343908905982971191e-01,4.719552397727966309e-02,-3.330986574292182922e-02,-6.564330309629440308e-02,-1.230212673544883728e-01,-2.706758119165897369e-02,6.845247000455856323e-02,1.058216094970703125e-01,-3.517124429345130920e-02,-7.461478561162948608e-02,1.568232104182243347e-02,9.602759033441543579e-02
-4.800589382648468018e-02,2.469864785671234131e-01,7.054401934146881104e-02,2.028143703937530518e-01,5.834075808525085449e-01,1.000000000000000000e+00,5.647547543048858643e-02,2.526640594005584717e-01,2.135766446590423584e-01,6.835435628890991211e-01,-1.817990988492965698e-01,1.459544748067855835e-01,-1.218162663280963898e-02,4.343307912349700928e-01,-1.257391571998596191e-01,2.801805138587951660e-01,-1.369023025035858154e-01,1.045230180025100708e-01,-9.598243981599807739e-02,-1.020317450165748596e-01,1.254488080739974976e-01,4.152988791465759277e-01,2.341129779815673828e-01,2.593793869018554688e-01,4.094463288784027100e-01,6.558395028114318848e-01,4.208506941795349121e-01,6.695144176483154297e-01,-9.685941785573959351e-02,8.926853537559509277e-02,2.035813629627227783e-01,2.338952422142028809e-01,4.461348801851272583e-02,1.585182696580886841e-01,5.227363854646682739e-02,3.999709337949752808e-02,-2.709830738604068756e-02,1.340971421450376511e-02,-2.671817317605018616e-02,1.517666280269622803e-01,-2.240853570401668549e-02,2.753715515136718750e-01,-1.051750183105468750e-01,-1.422303467988967896e-01,1.344763338565826416e-01,1.613968759775161743e-01,-1.289776861667633057e-01,4.175218194723129272e-02,3.506877124309539795e-01,2.510787546634674072e-01,1.429059207439422607e-01,1.789981275796890259e-01,7.017462700605392456e-02,8.302256464958190918e-02,-9.849119186401367188e-02,1.985104382038116455e-01,-3.587320074439048767e-02,5.097600072622299194e-02,-5.625664442777633667e-02,-2.021958231925964355e-01,-1.608051508665084839e-01,-1.666259914636611938e-01,-1.574520021677017212e-01,1.827604919672012329e-01,-2.533547021448612213e-02,2.182359993457794189e-01,-9.392000734806060791e-02,-8.185721933841705322e-02,3.561604768037796021e-02,1.507193222641944885e-02,1.007559448480606079e-01,2.443716078996658325e-01,-1.749044507741928101e-01,5.605529993772506714e-02,-1.621838510036468506e-01,4.389976337552070618e-02,1.128545124083757401e-02,1.484197527170181274e-01,-8.381392061710357666e-02,2.135000377893447876e-02,-6.784914433956146240e-02,2.430576384067535400e-01,1.082526706159114838e-02,4.190585911273956299e-01,-1.427191644906997681e-01,3.373078703880310059e-01,2.439426928758621216e-01,4.425736069679260254e-01,-6.945824623107910156e-02,4.035631716251373291e-01,-1.615398973226547241e-01,1.228992864489555359e-01,-2.500041127204895020e-01,7.505612075328826904e-02,-6.668072193861007690e-02,-7.481399923563003540e-02,2.986449003219604492e-01,3.785482347011566162e-01,-6.423950195312500000e-02,1.796561032533645630e-01,-4.597628116607666016e-02,2.101140171289443970e-01,-5.750643089413642883e-02,3.185822069644927979e-01,1.693987846374511719e-01,2.906362712383270264e-01,-9.698043140815570951e-05,4.578225314617156982e-02,-1.137107908725738525e-01,1.114782784134149551e-02,2.707808911800384521e-01,2.204768061637878418e-01,5.082722753286361694e-03,-1.005061566829681396e-01,-2.876162901520729065e-02,2.372210472822189331e-02
-5.291268229484558105e-01,1.449201107025146484e-01,8.633751869201660156e-01,6.272102594375610352e-01,2.868363261222839355e-01,5.647547543048858643e-02,1.000000000000000000e+00,5.638091564178466797e-01,1.809958517551422119e-01,4.107708856463432312e-02,2.735853493213653564e-01,2.929891645908355713e-01,7.174352407455444336e-01,1.768213808536529541e-01,2.460021227598190308e-01,-1.827013678848743439e-02,2.221064828336238861e-02,2.536289691925048828e-01,6.634883582592010498e-02,-7.750192284584045410e-02,1.280235648155212402e-01,1.890571713447570801e-01,7.405199408531188965e-01,6.829889416694641113e-01,3.862213492393493652e-01,1.733163148164749146e-01,3.084860742092132568e-01,6.800446659326553345e-02,2.030375301837921143e-01,2.153005897998809814e-01,7.236836552619934082e-01,7.433617115020751953e-01,-6.204050406813621521e-02,2.042633593082427979e-01,-3.204718530178070068e-01,-3.375505805015563965e-01,-5.144813060760498047e-01,-1.593061983585357666e-01,-2.745261490345001221e-01,-1.999268978834152222e-01,-2.077074050903320312e-01,-1.460388302803039551e-01,-7.071006298065185547e-02,-7.450416684150695801e-02,-7.297807186841964722e-02,-5.420084297657012939e-02,-1.532404422760009766e-01,-1.242410540580749512e-01,-1.223655939102172852e-01,1.111068576574325562e-02,-6.292451918125152588e-02,-2.064497023820877075e-02,-7.164704054594039917e-02,-2.089025638997554779e-02,-9.411962330341339111e-02,-1.711005866527557373e-01,-5.339631438255310059e-01,-5.448206886649131775e-02,-1.379312425851821899e-01,5.202617868781089783e-02,-2.347263693809509277e-01,2.585300616919994354e-02,-4.178064689040184021e-02,-6.166580319404602051e-02,9.742552042007446289e-02,4.116394370794296265e-02,-3.546427488327026367e-01,-2.348801344633102417e-01,-3.288738429546356201e-01,-1.772321164608001709e-01,3.078627884387969971e-01,4.176069498062133789e-01,-3.482162654399871826e-01,1.627720743417739868e-01,-2.398239821195602417e-01,6.679698079824447632e-02,1.097830832004547119e-01,4.235670715570449829e-02,2.508969337213784456e-04,1.779294759035110474e-01,-1.099692508578300476e-01,4.086819477379322052e-03,1.239192038774490356e-01,-9.929589182138442993e-02,-5.143044516444206238e-03,1.398324873298406601e-02,8.480959385633468628e-02,-1.220378726720809937e-01,1.422187387943267822e-01,-9.844332188367843628e-02,1.665154397487640381e-01,-6.494735926389694214e-02,1.758601665496826172e-01,-1.190673187375068665e-02,2.199405729770660400e-01,3.244772255420684814e-01,-3.001653254032135010e-01,-8.385650813579559326e-02,-1.230451688170433044e-01,-2.592632174491882324e-01,3.582553565502166748e-02,-8.080565184354782104e-02,3.786642849445343018e-02,-9.930374473333358765e-02,-1.366576701402664185e-01,-1.032381281256675720e-01,-2.667593955993652344e-02,-6.551880389451980591e-02,4.648318514227867126e-02,9.890750795602798462e-02,-1.714915484189987183e-01,-1.473753452301025391e-01,-9.744729846715927124e-02,-1.366129964590072632e-01,-1.022512391209602356e-01,-2.076448686420917511e-02
-3.073024749755859375e-01,2.968601882457733154e-01,5.718563199043273926e-01,6.930894851684570312e-01,2.065683603286743164e-01,2.526640594005584717e-01,5.638091564178466797e-01,1.000000000000000000e+00,8.465396240353584290e-03,2.657889425754547119e-01,1.326254308223724365e-01,4.459717571735382080e-01,4.226243197917938232e-01,5.772982835769653320e-01,-7.270337641239166260e-02,1.832630187273025513e-01,5.299803242087364197e-02,2.918224036693572998e-01,1.489219628274440765e-02,-7.860373705625534058e-02,1.086909547448158264e-01,2.443732917308807373e-01,5.794464349746704102e-01,6.435894966125488281e-01,2.669859528541564941e-01,3.213512003421783447e-01,2.918587327003479004e-01,3.608442544937133789e-01,1.000861674547195435e-01,3.260333836078643799e-01,5.230284929275512695e-01,6.333221197128295898e-01,-9.542541950941085815e-02,1.881259828805923462e-01,-2.153663039207458496e-01,-1.175607740879058838e-01,-3.572586476802825928e-01,-1.615771651268005371e-01,-2.683109045028686523e-01,-4.348684847354888916e-02,-1.619967818260192871e-01,8.854483254253864288e-03,-1.246242672204971313e-01,-1.622933596372604370e-01,-1.372558530420064926e-02,1.772404015064239502e-01,-2.713204324245452881e-01,-9.548810124397277832e-02,1.114569604396820068e-01,2.543744742870330811e-01,3.426338732242584229e-02,1.098708063364028931e-01,-1.961028575897216797e-01,1.289244741201400757e-01,-1.510956585407257080e-01,1.774570792913436890e-01,-2.920277118682861328e-01,1.564150303602218628e-01,6.030372902750968933e-02,5.198630038648843765e-03,-1.106983721256256104e-01,3.289716318249702454e-02,-3.933128714561462402e-02,3.264519870281219482e-01,5.127799510955810547e-02,1.764355748891830444e-01,-2.372805327177047729e-01,-1.599086076021194458e-01,-1.206924468278884888e-01,-8.134825527667999268e-02,3.335591554641723633e-01,4.453206062316894531e-01,-3.479563891887664795e-01,1.417021155357360840e-01,-2.529618144035339355e-01,6.114381924271583557e-02,1.715248227119445801e-01,1.885570138692855835e-01,3.562771249562501907e-03,2.081030160188674927e-01,-4.804620519280433655e-02,3.249269425868988037e-01,-3.389752656221389771e-02,3.026573657989501953e-01,-9.773725271224975586e-02,3.479967713356018066e-01,4.402243345975875854e-02,2.714902460575103760e-01,5.698775406926870346e-03,3.417014181613922119e-01,6.604975089430809021e-03,2.146293073892593384e-01,-1.043986976146697998e-01,1.955006038770079613e-03,1.661607623100280762e-01,2.700527012348175049e-01,-9.475561231374740601e-02,2.122191935777664185e-01,-2.084403634071350098e-01,3.002708964049816132e-02,-6.903498619794845581e-02,1.943690702319145203e-02,-4.549654945731163025e-02,1.109535917639732361e-01,2.275803871452808380e-02,1.389784812927246094e-01,8.368483930826187134e-02,4.078895971179008484e-02,4.256915673613548279e-02,1.660283654928207397e-01,4.162147268652915955e-02,-2.648875489830970764e-02,-6.239899247884750366e-02,-1.421349197626113892e-01,-8.001270145177841187e-02,-1.941909454762935638e-02
3.920900169759988785e-03,2.650971710681915283e-02,1.786490082740783691e-01,1.247449964284896851e-01,5.073291659355163574e-01,2.135766446590423584e-01,1.809958517551422119e-01,8.465396240353584290e-03,1.000000000000000000e+00,1.709355562925338745e-01,4.193463921546936035e-01,1.096401661634445190e-01,4.455589056015014648e-01,4.075736179947853088e-02,5.837204456329345703e-01,1.872353851795196533e-01,2.071903944015502930e-01,9.880804270505905151e-02,1.691123545169830322e-01,8.667235076427459717e-02,2.672281265258789062e-01,2.629239857196807861e-01,2.781103365123271942e-02,1.438252162188291550e-02,2.304485291242599487e-01,2.769339978694915771e-01,4.005425572395324707e-01,1.149552017450332642e-01,3.343796432018280029e-01,2.947972901165485382e-02,1.187266036868095398e-01,1.447673887014389038e-01,-3.307766094803810120e-02,-7.729958742856979370e-02,-1.063364520668983459e-01,-2.105265408754348755e-01,-5.529276281595230103e-02,-2.938753180205821991e-02,1.025142297148704529e-01,-1.133763268589973450e-01,-1.036041378974914551e-01,-7.077424228191375732e-02,1.494740247726440430e-01,9.403813630342483521e-02,1.455549057573080063e-02,-1.068272441625595093e-01,1.321223974227905273e-01,8.194202184677124023e-02,-9.541506320238113403e-02,-1.578387320041656494e-01,3.126361593604087830e-02,-7.764290273189544678e-02,1.029420271515846252e-01,-2.943534851074218750e-01,1.061054542660713196e-01,-2.512035369873046875e-01,-5.823356658220291138e-02,-1.192994648590683937e-03,-1.791755855083465576e-01,-4.954655468463897705e-02,-2.033561095595359802e-02,-5.601894482970237732e-02,-1.286449134349822998e-01,-2.850260436534881592e-01,1.212114840745925903e-01,-6.179955601692199707e-02,-1.603789478540420532e-01,-1.112869232892990112e-01,-1.613566875457763672e-01,-2.264347523450851440e-01,1.644046455621719360e-01,1.263089776039123535e-01,6.976456195116043091e-02,1.139277666807174683e-01,2.417440712451934814e-02,-5.097361281514167786e-02,6.038559135049581528e-03,2.748337574303150177e-02,1.989117264747619629e-01,7.852631807327270508e-02,2.211484611034393311e-01,-1.629722565412521362e-01,2.229972034692764282e-01,-8.743204176425933838e-02,2.463971525430679321e-01,-4.282560199499130249e-02,1.506705433130264282e-01,-1.059154421091079712e-01,4.268309772014617920e-01,-9.332400560379028320e-02,4.145225137472152710e-02,-1.587849557399749756e-01,1.403670161962509155e-01,-3.134360164403915405e-02,-7.279390469193458557e-03,1.071422174572944641e-01,-2.105876803398132324e-01,-1.380062252283096313e-01,3.283107280731201172e-02,-1.472751349210739136e-01,2.320629656314849854e-01,8.877009153366088867e-03,2.158287465572357178e-01,5.381650850176811218e-02,1.705933958292007446e-01,-9.583944827318191528e-02,1.778784353518858552e-04,-6.996415555477142334e-02,1.433060765266418457e-01,-2.700055837631225586e-01,-3.113778829574584961e-01,-2.708160281181335449e-01,-1.490657180547714233e-01,2.954798042774200439e-01,3.103425502777099609e-01,4.340590536594390869e-01
-1.534087210893630981e-01,9.759459644556045532e-02,6.246828660368919373e-02,1.907220780849456787e-01,3.464266657829284668e-01,6.835435628890991211e-01,4.107708856463432312e-02,2.657889425754547119e-01,1.709355562925338745e-01,1.000000000000000000e+00,-1.775696426630020142e-01,2.372569590806961060e-01,-4.389486461877822876e-02,4.221316277980804443e-01,-1.348982602357864380e-01,4.265739023685455322e-01,-1.560858488082885742e-01,6.760860979557037354e-02,-1.001930460333824158e-01,-1.149333044886589050e-01,6.309548765420913696e-02,3.441351056098937988e-01,1.719449460506439209e-01,2.029065191745758057e-01,1.401446163654327393e-01,4.003284871578216553e-01,2.980826497077941895e-01,4.901274442672729492e-01,-1.916630715131759644e-01,7.132846117019653320e-02,1.621028929948806763e-01,2.032214254140853882e-01,-4.291654005646705627e-02,4.685565084218978882e-02,-2.634244598448276520e-02,2.025577053427696228e-02,-1.316432356834411621e-01,2.961168251931667328e-02,-1.103744879364967346e-01,1.193157508969306946e-01,-1.236498430371284485e-01,2.846910357475280762e-01,-4.466845467686653137e-02,-1.266077309846878052e-01,1.866838335990905762e-01,1.828978061676025391e-01,-1.373116374015808105e-01,-3.229691181331872940e-03,2.664085328578948975e-01,1.951636224985122681e-01,8.450528979301452637e-02,1.111198216676712036e-01,-6.342434138059616089e-02,6.896380335092544556e-02,-2.678245306015014648e-01,1.771346479654312134e-01,-1.406817287206649780e-01,-1.114469841122627258e-01,-1.737881898880004883e-01,-2.922371625900268555e-01,-2.191519886255264282e-01,-2.081287652254104614e-01,-2.759166657924652100e-01,7.568989694118499756e-02,-1.045877933502197266e-01,6.463613361120223999e-02,-2.004135847091674805e-01,-9.888972342014312744e-02,6.782604008913040161e-02,-4.533269628882408142e-02,8.705760538578033447e-02,2.679453492164611816e-01,-1.576914191246032715e-01,1.231189146637916565e-01,-1.312879472970962524e-01,1.273629367351531982e-01,-2.918744273483753204e-02,1.344447731971740723e-01,-1.289392411708831787e-01,8.191337808966636658e-03,-1.695689260959625244e-01,1.952676177024841309e-01,-1.114042848348617554e-01,5.034451484680175781e-01,-2.563304305076599121e-01,1.883170008659362793e-01,1.036523282527923584e-01,4.266967177391052246e-01,-1.702984720468521118e-01,3.447361290454864502e-01,-2.591859698295593262e-01,1.152524501085281372e-01,-2.828155755996704102e-01,1.681534200906753540e-01,-1.091565638780593872e-01,-3.996474295854568481e-02,1.202852055430412292e-01,2.405507415533065796e-01,-2.513430714607238770e-01,1.279775500297546387e-01,-5.412901565432548523e-02,2.246481329202651978e-01,-1.091385483741760254e-01,2.525390386581420898e-01,4.004310816526412964e-02,2.179789841175079346e-01,-3.057602234184741974e-02,4.716452583670616150e-02,-3.877793252468109131e-02,-6.674223393201828003e-02,1.044292598962783813e-01,3.187043964862823486e-02,-5.367847159504890442e-02,-1.033334359526634216e-01,-6.611540913581848145e-02,6.640716642141342163e-02
7.529734075069427490e-02,2.313261851668357849e-02,2.331278175115585327e-01,1.451845020055770874e-01,6.478378921747207642e-02,-1.817990988492965698e-01,2.735853493213653564e-01,1.326254308223724365e-01,4.193463921546936035e-01,-1.775696426630020142e-01,1.000000000000000000e+00,2.947292625904083252e-01,6.042026281356811523e-01,3.453470021486282349e-02,5.546976327896118164e-01,6.032815575599670410e-02,6.738622784614562988e-01,4.993034303188323975e-01,1.783984303474426270e-01,2.185906320810317993e-01,3.964514434337615967e-01,1.649190336465835571e-01,-7.500525563955307007e-03,-6.330502778291702271e-02,4.935707524418830872e-02,-3.646959364414215088e-02,2.658555805683135986e-01,-2.052791863679885864e-01,6.615973114967346191e-01,4.060426950454711914e-01,1.935403496026992798e-01,1.277465522289276123e-01,1.666973978281021118e-01,6.518068909645080566e-02,8.828679472208023071e-02,-9.346386790275573730e-02,-1.561804488301277161e-02,2.281348221004009247e-02,1.202564015984535217e-01,-1.933879852294921875e-01,-5.865028500556945801e-02,-2.209399044513702393e-01,1.768520921468734741e-01,7.851175963878631592e-02,-6.817691773176193237e-02,-1.517689675092697144e-01,1.181747466325759888e-01,-7.015560567378997803e-02,-3.337790668010711670e-01,-2.447690963745117188e-01,-2.088172286748886108e-01,-3.395802378654479980e-01,-5.067545920610427856e-02,-3.250722885131835938e-01,2.918797135353088379e-01,-2.241167724132537842e-01,5.705474317073822021e-02,1.030253246426582336e-01,3.360515460371971130e-02,2.171896249055862427e-01,1.992495805025100708e-01,1.971881091594696045e-01,1.003540381789207458e-01,-2.811051607131958008e-01,1.651885509490966797e-01,-1.429075151681900024e-01,-8.572722785174846649e-03,8.887716382741928101e-02,-4.173517972230911255e-02,2.452013269066810608e-02,3.659728467464447021e-01,1.858525723218917847e-01,1.667438298463821411e-01,1.328708678483963013e-01,1.009325012564659119e-01,-2.093287557363510132e-02,2.785234749317169189e-01,1.366360187530517578e-01,5.249835848808288574e-01,4.586987495422363281e-01,5.059515237808227539e-01,-1.577810011804103851e-02,2.535477578639984131e-01,-1.881547123193740845e-01,5.590191483497619629e-01,-3.104578331112861633e-02,1.360801164992153645e-03,-2.626266777515411377e-01,5.850715637207031250e-01,-1.865810751914978027e-01,2.814116179943084717e-01,-1.475204080343246460e-01,2.406441569328308105e-01,-5.698050186038017273e-02,2.659338712692260742e-01,2.089928090572357178e-01,-2.389074712991714478e-01,-2.482324540615081787e-01,1.786063015460968018e-01,-1.353757679462432861e-01,6.880179792642593384e-02,-6.632875651121139526e-02,1.958528459072113037e-01,-1.528235673904418945e-01,2.183200232684612274e-02,-2.078602015972137451e-01,5.550397932529449463e-02,-6.323371827602386475e-02,2.806328833103179932e-01,-1.939613670110702515e-01,-3.579735457897186279e-01,-2.877065837383270264e-01,-1.385644376277923584e-01,3.632634580135345459e-01,3.986598253250122070e-01,4.395364522933959961e-01
6.130700930953025818e-03,3.575767278671264648e-01,2.879991829395294189e-01,4.253579676151275635e-01,4.536561667919158936e-02,1.459544748067855835e-01,2.929891645908355713e-01,4.459717571735382080e-01,1.096401661634445190e-01,2.372569590806961060e-01,2.947292625904083252e-01,1.000000000000000000e+00,2.688885927200317383e-01,5.546097755432128906e-01,5.389311537146568298e-02,2.410132139921188354e-01,2.636837661266326904e-01,4.272583127021789551e-01,1.165243163704872131e-01,6.048524007201194763e-02,1.805607080459594727e-01,2.293430864810943604e-01,2.696611881256103516e-01,3.125213086605072021e-01,-2.151638269424438477e-02,1.417744606733322144e-01,1.325543522834777832e-01,1.957278698682785034e-01,1.746573001146316528e-01,4.431939721107482910e-01,3.020607531070709229e-01,3.452506065368652344e-01,1.998481005430221558e-01,3.471671938896179199e-01,9.711110591888427734e-02,6.847317516803741455e-02,-1.850611716508865356e-01,-1.058610714972019196e-02,-1.950228363275527954e-01,4.715602472424507141e-02,-2.640032768249511719e-01,-2.366275293752551079e-03,1.619678586721420288e-01,8.056968450546264648e-02,7.755709439516067505e-02,9.684051573276519775e-02,4.924766719341278076e-02,1.269848644733428955e-01,3.265639767050743103e-02,1.016838401556015015e-01,4.776321351528167725e-02,-6.529971957206726074e-03,-8.143662661314010620e-02,-2.267686650156974792e-02,-4.917944595217704773e-02,2.341447025537490845e-01,-8.602681010961532593e-02,1.703770607709884644e-01,-2.406858839094638824e-03,-1.046248599886894226e-01,3.818279132246971130e-02,-1.841624267399311066e-02,-1.050176098942756653e-01,1.273695528507232666e-01,2.323327027261257172e-02,-8.357100887224078178e-04,1.748239807784557343e-02,5.898758023977279663e-02,1.156374365091323853e-01,3.878885507583618164e-02,2.580174803733825684e-01,3.326406478881835938e-01,-1.667645126581192017e-01,1.764968484640121460e-01,-9.847120940685272217e-02,1.612496227025985718e-01,1.668847799301147461e-01,1.865650564432144165e-01,1.227601692080497742e-01,2.710696756839752197e-01,5.051907524466514587e-02,3.256238996982574463e-01,-6.947818398475646973e-02,2.951384484767913818e-01,-4.674670752137899399e-03,2.317989915609359741e-01,-1.673929691314697266e-01,1.946958899497985840e-02,4.202063754200935364e-02,1.079625710844993591e-01,-4.618189763277769089e-03,9.884285926818847656e-02,-6.678729504346847534e-02,-1.607091911137104034e-02,8.639578521251678467e-02,1.264325678348541260e-01,-1.097390279173851013e-01,5.742929875850677490e-02,-2.558001130819320679e-02,1.767012923955917358e-01,2.756999433040618896e-02,-8.807527273893356323e-02,2.617290429770946503e-02,1.041927039623260498e-01,1.139918267726898193e-01,8.485602587461471558e-02,8.773633837699890137e-02,1.344268620014190674e-01,1.333358138799667358e-01,1.940952055156230927e-02,-9.206207096576690674e-02,-8.350147306919097900e-02,-2.118425816297531128e-02,7.138355821371078491e-02,5.342428758740425110e-02,1.118860617280006409e-01
-3.075276017189025879e-01,7.897115498781204224e-02,6.820182800292968750e-01,4.771267473697662354e-01,3.324111998081207275e-01,-1.218162663280963898e-02,7.174352407455444336e-01,4.226243197917938232e-01,4.455589056015014648e-01,-4.389486461877822876e-02,6.042026281356811523e-01,2.688885927200317383e-01,1.000000000000000000e+00,1.493992060422897339e-01,4.996594488620758057e-01,-2.442582510411739349e-02,3.158884346485137939e-01,3.471057713031768799e-01,1.292993575334548950e-01,2.142829820513725281e-02,2.867811024188995361e-01,2.411780059337615967e-01,4.688561260700225830e-01,3.966718018054962158e-01,3.551492691040039062e-01,1.652093529701232910e-01,4.046006798744201660e-01,-4.626538231968879700e-02,5.213520526885986328e-01,3.033844232559204102e-01,5.814701318740844727e-01,5.569200515747070312e-01,-3.414016391616314650e-04,1.192947849631309509e-01,-1.877990514039993286e-01,-2.874871790409088135e-01,-3.040516674518585205e-01,-1.120099648833274841e-01,-5.017391592264175415e-02,-2.618919909000396729e-01,-8.851840347051620483e-02,-1.903990358114242554e-01,5.549817159771919250e-02,4.324061796069145203e-03,-9.773047268390655518e-02,-1.603633314371109009e-01,-6.447767838835716248e-03,-9.852551668882369995e-02,-2.627645730972290039e-01,-1.641794592142105103e-01,-1.218479722738265991e-01,-1.922060847282409668e-01,-4.183243028819561005e-03,-1.935413926839828491e-01,1.264782845973968506e-01,-2.910358607769012451e-01,-3.117011487483978271e-01,3.628238290548324585e-02,-3.134500235319137573e-02,1.914382129907608032e-01,-1.077304873615503311e-02,1.492119282484054565e-01,6.824459135532379150e-02,-1.978606879711151123e-01,1.929076164960861206e-01,-8.551063947379589081e-03,-2.425531148910522461e-01,-1.130178496241569519e-01,-2.721337974071502686e-01,-1.269953399896621704e-01,4.031339585781097412e-01,3.499759435653686523e-01,-8.877741545438766479e-02,1.814612597227096558e-01,-6.060474738478660583e-02,1.399824023246765137e-02,1.846199631690979004e-01,7.310736179351806641e-02,2.202415913343429565e-01,3.100540339946746826e-01,2.088899761438369751e-01,-4.036125168204307556e-02,2.899020314216613770e-01,-2.197596877813339233e-01,3.203834295272827148e-01,3.501063445582985878e-03,1.217566803097724915e-01,-2.323207408189773560e-01,4.451615810394287109e-01,-1.822274625301361084e-01,2.621288001537322998e-01,-1.828095763921737671e-01,2.438619583845138550e-01,-7.544290274381637573e-02,2.512078881263732910e-01,2.807872891426086426e-01,-3.327227830886840820e-01,-1.934747099876403809e-01,3.470706567168235779e-02,-2.970903515815734863e-01,8.475058525800704956e-02,-1.126043274998664856e-01,1.501361578702926636e-01,-1.779782176017761230e-01,-7.805189490318298340e-02,-1.999035477638244629e-01,1.181432418525218964e-02,-1.018437594175338745e-01,1.587991565465927124e-01,-8.784125000238418579e-02,-3.289031088352203369e-01,-2.667306661605834961e-01,-1.415270417928695679e-01,1.202897131443023682e-01,1.459372937679290771e-01,2.403116971254348755e-01
