1.000000000000000000e+00,3.361418545246124268e-01,5.571650266647338867e-01,3.210540413856506348e-01,3.144243359565734863e-01,2.082741409540176392e-01,6.086365580558776855e-01,2.500201463699340820e-01,2.459624409675598145e-01,9.019899368286132812e-02,3.921872675418853760e-01,9.678675234317779541e-02,3.763274550437927246e-01,1.295721381902694702e-01,3.017340302467346191e-01,7.930468767881393433e-02,2.720369696617126465e-01,-8.599100634455680847e-03,4.711521565914154053e-01,4.474176466464996338e-01,1.546959765255451202e-02,-5.906934849917888641e-03,4.124564826488494873e-01,3.644053041934967041e-01,1.319726407527923584e-01,7.565722614526748657e-02,2.001197338104248047e-01,1.134874224662780762e-01,2.198960185050964355e-01,8.369709365069866180e-03,1.803447455167770386e-01,1.139115393161773682e-01,1.794910579919815063e-01,1.640347093343734741e-01,-5.116863176226615906e-02,-1.657449752092361450e-01,5.798158794641494751e-02,-1.499380618333816528e-01,1.316692959517240524e-02,-7.541278749704360962e-02,-2.394153736531734467e-03,-2.559799468144774437e-03,-7.951082661747932434e-03,-1.024064347147941589e-01,-1.266053915023803711e-01,-4.259393364191055298e-02,1.499279588460922241e-01,-9.609281271696090698e-02,1.549608558416366577e-01,4.057932645082473755e-03,2.077492773532867432e-01,-2.628181576728820801e-01,1.205101162195205688e-01,-1.116288974881172180e-01,1.983927041292190552e-01,-1.006407290697097778e-02,7.787599563598632812e-01,3.363522589206695557e-01,6.410563588142395020e-01,3.134962320327758789e-01,5.516511797904968262e-01,2.468038536608219147e-02,5.237733721733093262e-01,-1.895368099212646484e-02,3.490450382232666016e-01,-1.834444105625152588e-01,2.063804566860198975e-01,-6.488716602325439453e-02,3.133133649826049805e-01,3.443557918071746826e-01,-4.652928933501243591e-02,6.783685088157653809e-02,1.871315538883209229e-01,-5.353569984436035156e-03,4.414400085806846619e-02,8.263076841831207275e-02,1.646406576037406921e-02,4.155124723911285400e-02,8.013335615396499634e-02,-4.625000804662704468e-02,2.864426672458648682e-01,-1.268329322338104248e-01,2.376376539468765259e-01,1.158234104514122009e-02,2.884466648101806641e-01,-1.887014061212539673e-01,9.505994617938995361e-02,-4.187671840190887451e-02,3.637212812900543213e-01,2.421989920549094677e-04,2.016082108020782471e-01,-3.461459279060363770e-02,1.352740228176116943e-01,1.293344944715499878e-01,-2.299247682094573975e-01,-2.279441505670547485e-01,-5.478615686297416687e-02,-1.792747378349304199e-01,2.962259016931056976e-02,-7.609599083662033081e-02,7.746229320764541626e-02,9.825778007507324219e-02,6.973291188478469849e-02,1.069914698600769043e-01,5.917456373572349548e-02,1.263203471899032593e-02,5.233851261436939240e-03,-1.008999161422252655e-02,6.809006631374359131e-02,-2.659061551094055176e-01,-2.749581933021545410e-01,1.136433258652687073e-01,1.288844496011734009e-01,1.009849458932876587e-01,-4.655761271715164185e-02,-1.435197591781616211e-01
3.361418545246124268e-01,1.000000000000000000e+00,2.489816397428512573e-01,4.991230666637420654e-01,1.945645175874233246e-02,1.198822706937789917e-01,1.330307573080062866e-01,4.858900606632232666e-01,1.519426819868385792e-03,7.158639375120401382e-03,-1.137461215257644653e-01,3.910096287727355957e-01,-7.810996472835540771e-02,3.470703959465026855e-01,2.332012541592121124e-02,2.418615221977233887e-01,-3.512922674417495728e-02,4.485503435134887695e-01,3.565064668655395508e-01,5.160664319992065430e-01,8.392676711082458496e-02,7.475859951227903366e-03,2.745903134346008301e-01,3.188189566135406494e-01,1.473309844732284546e-01,1.251357197761535645e-01,1.356848329305648804e-01,1.897749155759811401e-01,-5.991160497069358826e-02,2.305115610361099243e-01,2.064908146858215332e-01,2.554046213626861572e-01,1.867645680904388428e-01,2.639746367931365967e-01,7.594397664070129395e-02,4.920198023319244385e-02,-1.102431956678628922e-02,1.190192028880119324e-01,1.265563652850687504e-03,1.007398515939712524e-01,-8.901480585336685181e-02,3.182129189372062683e-02,-7.876073941588401794e-03,-6.376426666975021362e-02,7.560587674379348755e-02,1.595224589109420776e-01,3.576632589101791382e-02,-4.397556185722351074e-02,-1.075813081115484238e-02,1.705632656812667847e-01,-1.208195239305496216e-01,3.385869413614273071e-02,-9.059379249811172485e-02,1.933364868164062500e-01,6.552898883819580078e-02,2.342459857463836670e-01,3.466582298278808594e-01,7.394002676010131836e-01,2.953194081783294678e-01,4.341845512390136719e-01,1.470383405685424805e-01,2.941844463348388672e-01,1.098400205373764038e-01,3.806096315383911133e-01,9.069078415632247925e-02,1.031409054994583130e-01,3.157314062118530273e-01,6.692695617675781250e-02,4.590425193309783936e-01,4.316019117832183838e-01,2.654482424259185791e-02,2.739190459251403809e-01,6.051030009984970093e-02,2.771905064582824707e-01,3.035868145525455475e-02,1.773649901151657104e-01,6.985638290643692017e-02,1.446204781532287598e-01,-9.914090484380722046e-02,4.799266532063484192e-02,3.651151061058044434e-02,3.415868878364562988e-01,-4.111508652567863464e-02,2.565092444419860840e-01,-4.405838996171951294e-02,2.546397447586059570e-01,8.317516185343265533e-03,2.852245271205902100e-01,2.427515760064125061e-02,3.157726824283599854e-01,1.957607083022594452e-02,8.146818727254867554e-02,-3.338780626654624939e-02,1.064117997884750366e-01,-9.847162663936614990e-02,-2.908075228333473206e-02,-7.522622495889663696e-02,2.624545246362686157e-02,2.082958631217479706e-02,2.856000699102878571e-02,5.395219847559928894e-02,1.150068417191505432e-01,1.017892435193061829e-01,3.594018518924713135e-01,1.648236648179590702e-04,-6.642509251832962036e-02,1.125413626432418823e-01,2.218044698238372803e-01,1.704997718334197998e-01,-1.331547200679779053e-01,-1.796813905239105225e-01,1.252560764551162720e-01,3.548748418688774109e-02,1.302477717399597168e-01,2.559436671435832977e-02,-1.852645576000213623e-01
5.571650266647338867e-01,2.489816397428512573e-01,1.000000000000000000e+00,4.962130486965179443e-01,3.051306009292602539e-01,2.307612299919128418e-01,7.491354942321777344e-01,3.067551553249359131e-01,2.565261125564575195e-01,7.171862572431564331e-02,3.512585461139678955e-01,3.572383150458335876e-02,4.611207246780395508e-01,1.321197301149368286e-01,3.561772704124450684e-01,9.745312482118606567e-02,4.316404834389686584e-02,-4.647619277238845825e-02,4.903289973735809326e-01,3.008867204189300537e-01,5.325288325548171997e-02,-5.877325683832168579e-02,6.946424245834350586e-01,6.087089180946350098e-01,3.733011782169342041e-01,2.450271248817443848e-01,2.656142115592956543e-01,1.368077546358108521e-01,1.230824515223503113e-01,-1.113722771406173706e-01,3.777994513511657715e-01,2.324597686529159546e-01,1.360307931900024414e-01,1.266265213489532471e-01,6.159517168998718262e-02,-9.888000041246414185e-02,7.561796158552169800e-02,-1.667339056730270386e-01,6.424320489168167114e-02,-3.298540413379669189e-02,-1.575141772627830505e-02,-5.299221258610486984e-03,4.757728427648544312e-03,-1.075533330440521240e-01,-7.420576363801956177e-02,-8.053287863731384277e-02,1.092740371823310852e-01,-9.535097330808639526e-02,1.516452580690383911e-01,7.292289286851882935e-02,2.375025600194931030e-01,-9.712584316730499268e-02,9.347464144229888916e-02,-2.784367837011814117e-02,1.890611648559570312e-01,2.107388339936733246e-02,4.722916483879089355e-01,2.563575506210327148e-01,4.350657761096954346e-01,1.772271692752838135e-01,4.293189346790313721e-01,-7.099988311529159546e-02,2.355201691389083862e-01,-1.918212771415710449e-01,5.241329669952392578e-01,-4.255700856447219849e-02,2.533161640167236328e-01,-5.151003226637840271e-02,2.060818374156951904e-01,2.468351125717163086e-01,1.173674240708351135e-01,1.515317857265472412e-01,1.769870817661285400e-01,6.591193377971649170e-02,1.038902029395103455e-01,8.268402516841888428e-02,3.795358911156654358e-02,8.488161116838455200e-02,3.320206329226493835e-02,-2.417135518044233322e-03,5.558511242270469666e-02,-1.666146665811538696e-01,2.760470509529113770e-01,-6.281053274869918823e-02,3.302171826362609863e-01,-1.014504060149192810e-01,2.163782268762588501e-01,1.339693516492843628e-01,3.492169082164764404e-01,1.106806471943855286e-01,1.361965984106063843e-01,-1.811778405681252480e-03,8.369541168212890625e-02,2.145795971155166626e-01,-2.427459210157394409e-01,-2.552300393581390381e-01,-1.067907810211181641e-01,-1.442233622074127197e-01,3.535218536853790283e-02,-3.819676861166954041e-02,1.792527735233306885e-02,1.127475351095199585e-01,4.190120846033096313e-02,3.546038269996643066e-02,6.969413906335830688e-02,-2.066607214510440826e-02,-4.132606461644172668e-02,-1.563305035233497620e-02,-2.187119051814079285e-02,-2.453094422817230225e-01,-2.446110844612121582e-01,1.091553047299385071e-01,1.610464304685592651e-01,7.656170427799224854e-02,-2.177587710320949554e-02,-9.982202202081680298e-02
3.210540413856506348e-01,4.991230666637420654e-01,4.962130486965179443e-01,1.000000000000000000e+00,1.991592198610305786e-01,4.354079365730285645e-01,3.493225574493408203e-01,7.187824845314025879e-01,2.474109679460525513e-01,2.545222640037536621e-01,3.597739338874816895e-02,3.834539055824279785e-01,1.885630339384078979e-01,4.133085310459136963e-01,1.026479154825210571e-01,3.590567409992218018e-01,-1.508602946996688843e-01,2.005419284105300903e-01,2.380802035331726074e-01,3.227344453334808350e-01,9.122407436370849609e-02,7.228466216474771500e-03,4.313892722129821777e-01,6.801223754882812500e-01,2.518907785415649414e-01,3.505685925483703613e-01,3.126440644264221191e-01,3.211547434329986572e-01,-1.518920361995697021e-01,1.021820977330207825e-01,2.801139652729034424e-01,3.485746085643768311e-01,1.763059943914413452e-01,3.088656961917877197e-01,1.040440946817398071e-01,6.927707791328430176e-02,-3.592784330248832703e-02,-1.645456068217754364e-02,2.295750193297863007e-02,1.000674813985824585e-01,-6.023802608251571655e-02,1.585430093109607697e-02,-1.273528337478637695e-01,-1.203497424721717834e-01,-3.492934629321098328e-02,1.826552450656890869e-01,5.515648517757654190e-03,-8.200647681951522827e-02,1.296134740114212036e-01,2.752608358860015869e-01,8.696623891592025757e-02,1.576552391052246094e-01,-2.446872368454933167e-02,1.252185320481657982e-03,1.325952112674713135e-01,2.385292202234268188e-01,3.160993456840515137e-01,4.619990587234497070e-01,3.189847767353057861e-01,4.470131993293762207e-01,2.977295219898223877e-01,3.158754110336303711e-01,5.230325087904930115e-02,5.604018643498420715e-02,3.152940869331359863e-01,3.015860021114349365e-01,2.954445481300354004e-01,2.638522088527679443e-01,2.406077384948730469e-01,2.836275696754455566e-01,1.924512907862663269e-02,2.624670863151550293e-01,3.456199914216995239e-02,1.986104100942611694e-01,4.391103610396385193e-02,9.603089094161987305e-02,6.875825673341751099e-02,1.881197541952133179e-01,-2.860900200903415680e-02,1.625805199146270752e-01,-3.607167676091194153e-02,1.879964619874954224e-01,-3.536346554756164551e-02,1.734250336885452271e-01,1.236615981906652451e-02,2.369912266731262207e-01,-4.925837367773056030e-02,2.171843498945236206e-01,1.308465152978897095e-01,3.557482659816741943e-01,4.089805856347084045e-02,7.517433725297451019e-03,2.112951725721359253e-01,2.065324485301971436e-01,-2.531690895557403564e-01,-1.706874072551727295e-01,-1.557120084762573242e-01,-9.284537285566329956e-02,-8.605690300464630127e-02,-8.001348376274108887e-02,8.237584680318832397e-02,1.328402161598205566e-01,1.788966008462011814e-03,1.119608953595161438e-01,6.867021322250366211e-02,-5.185599252581596375e-02,-3.648637607693672180e-02,2.624046988785266876e-02,2.775935642421245575e-02,-2.621511518955230713e-01,-2.599249482154846191e-01,6.276716291904449463e-02,8.582079410552978516e-02,7.929851859807968140e-02,-1.362175680696964264e-02,-1.794183552265167236e-01
3.144243359565734863e-01,1.945645175874233246e-02,3.051306009292602539e-01,1.991592198610305786e-01,1.000000000000000000e+00,6.462739109992980957e-01,3.606382012367248535e-01,1.168894767761230469e-01,6.316874623298645020e-01,6.391059160232543945e-01,3.735491633415222168e-01,6.216469220817089081e-03,3.173430263996124268e-01,1.658527366816997528e-02,5.523414015769958496e-01,3.849772512912750244e-01,5.823071300983428955e-02,-2.091398239135742188e-01,1.839868426322937012e-01,1.803131252527236938e-01,1.479654610157012939e-01,2.359886914491653442e-01,2.853662073612213135e-01,2.812914550304412842e-01,1.146436706185340881e-01,1.379872113466262817e-01,6.175491213798522949e-01,4.307988286018371582e-01,1.200123131275177002e-01,-4.575009271502494812e-02,1.442956924438476562e-01,6.207101419568061829e-02,1.313079744577407837e-01,1.155117899179458618e-01,-5.450144782662391663e-02,-1.433819681406021118e-01,1.533810496330261230e-01,-1.327024102210998535e-01,1.621486246585845947e-01,1.527659446001052856e-01,1.327020227909088135e-01,5.385880544781684875e-02,1.991270780563354492e-01,2.585381269454956055e-02,9.842408820986747742e-03,-6.523848325014114380e-02,1.854741275310516357e-01,1.917478279210627079e-03,1.492022573947906494e-01,-3.412593528628349304e-02,2.609105110168457031e-01,-8.397401869297027588e-02,1.860589385032653809e-01,-1.318691521883010864e-01,3.309628963470458984e-01,1.025567948818206787e-01,2.346393465995788574e-01,-1.681082881987094879e-02,2.541610896587371826e-01,2.059844881296157837e-02,3.301546573638916016e-01,-3.432828187942504883e-02,1.920331120491027832e-01,-1.934566646814346313e-01,2.587702274322509766e-01,-7.513696700334548950e-02,-4.402417317032814026e-02,-1.153592169284820557e-01,-9.113246202468872070e-02,-6.994530558586120605e-02,-1.755694895982742310e-01,-6.438408046960830688e-02,1.103330999612808228e-01,-2.919241599738597870e-02,5.248642712831497192e-02,-3.022680617868900299e-02,1.726748980581760406e-02,1.373396664857864380e-01,5.992418900132179260e-02,-1.134780701249837875e-02,1.820979863405227661e-01,-8.094047755002975464e-02,4.822001755237579346e-01,2.160811126232147217e-01,3.814546167850494385e-01,-6.389149278402328491e-02,1.435531973838806152e-01,-2.902519516646862030e-02,5.102289319038391113e-01,1.731382310390472412e-01,2.793333828449249268e-01,2.428501397371292114e-01,3.934819698333740234e-01,2.882746160030364990e-01,-1.402873694896697998e-01,-1.589956283569335938e-01,1.155955437570810318e-02,-1.855749636888504028e-01,1.787822395563125610e-01,1.301137823611497879e-02,1.688726544380187988e-01,1.698342412710189819e-01,-7.877252995967864990e-03,-8.085189014673233032e-02,1.041442677378654480e-01,6.002194061875343323e-02,-9.542760998010635376e-02,-4.081050306558609009e-02,5.996797606348991394e-02,-1.976141482591629028e-01,-2.568937838077545166e-01,1.809878498315811157e-01,3.932446539402008057e-01,3.344539105892181396e-01,1.286658644676208496e-01,2.612999267876148224e-02
2.082741409540176392e-01,1.198822706937789917e-01,2.307612299919128418e-01,4.354079365730285645e-01,6.462739109992980957e-01,1.000000000000000000e+00,1.861161440610885620e-01,3.965519964694976807e-01,6.004697084426879883e-01,7.173941135406494141e-01,1.813526153564453125e-01,1.888869553804397583e-01,2.067178040742874146e-01,2.265859246253967285e-01,3.803413808345794678e-01,5.368313193321228027e-01,-1.113046109676361084e-01,-9.519588202238082886e-02,6.520751863718032837e-02,1.895303577184677124e-01,1.416154354810714722e-01,1.850619912147521973e-01,2.216350138187408447e-01,3.986235558986663818e-01,1.026278212666511536e-01,2.228110581636428833e-01,6.173372864723205566e-01,5.376815795898437500e-01,-7.366359233856201172e-02,4.129955917596817017e-02,8.768968284130096436e-02,1.176282688975334167e-01,1.029377877712249756e-01,1.685936599969863892e-01,-5.038209632039070129e-02,-1.005097404122352600e-01,6.560562551021575928e-02,-8.876997232437133789e-02,1.133977919816970825e-01,1.819405853748321533e-01,1.251964569091796875e-01,1.151526197791099548e-01,5.667477101087570190e-02,4.393660929054021835e-03,-5.451854318380355835e-02,1.569475233554840088e-02,1.183269023895263672e-01,9.062536060810089111e-03,1.170490831136703491e-01,6.314931064844131470e-02,1.706391274929046631e-01,2.470509707927703857e-02,1.879082322120666504e-01,-4.052115231752395630e-02,2.411007732152938843e-01,2.015283405780792236e-01,1.726862043142318726e-01,8.495278656482696533e-02,1.367835253477096558e-01,1.706554293632507324e-01,2.366619855165481567e-01,1.719108521938323975e-01,8.522210270166397095e-02,-5.528653785586357117e-02,1.747028976678848267e-01,1.187165975570678711e-01,-9.697385132312774658e-02,2.717749401926994324e-02,-5.673906579613685608e-02,-2.186668291687965393e-02,-1.916428506374359131e-01,-2.416208013892173767e-02,6.127300858497619629e-02,1.952054351568222046e-02,4.311184864491224289e-03,-4.062644764780998230e-02,-3.041712194681167603e-02,1.290312558412551880e-01,6.807591021060943604e-02,9.039554744958877563e-02,8.099599182605743408e-02,6.622661650180816650e-02,2.302934527397155762e-01,2.790966033935546875e-01,1.366100460290908813e-01,7.589212805032730103e-02,-2.835156396031379700e-02,-4.557449743151664734e-02,3.299001753330230713e-01,3.276866376399993896e-01,2.430927753448486328e-01,2.195713967084884644e-01,4.446602165699005127e-01,3.247065842151641846e-01,-1.809861958026885986e-01,-1.723277270793914795e-01,-4.312978312373161316e-02,-1.699348986148834229e-01,8.031520247459411621e-02,1.844068430364131927e-02,1.836793720722198486e-01,1.936679333448410034e-01,-3.667749837040901184e-02,-5.200861766934394836e-02,1.319112628698348999e-02,3.132082638330757618e-04,-1.206277459859848022e-01,-4.487332701683044434e-02,4.576655477285385132e-02,-2.301458120346069336e-01,-2.549981772899627686e-01,1.380098611116409302e-01,3.246054351329803467e-01,2.967249751091003418e-01,1.014233529567718506e-01,-6.488919258117675781e-02
6.086365580558776855e-01,1.330307573080062866e-01,7.491354942321777344e-01,3.493225574493408203e-01,3.606382012367248535e-01,1.861161440610885620e-01,1.000000000000000000e+00,2.644195556640625000e-01,2.787483632564544678e-01,7.153053581714630127e-02,4.841049909591674805e-01,6.409221887588500977e-02,5.815905332565307617e-01,1.209383383393287659e-01,3.558076024055480957e-01,2.415153011679649353e-02,1.617675870656967163e-01,-1.370033323764801025e-01,4.161443412303924561e-01,2.185323387384414673e-01,-5.269171670079231262e-02,-1.371435821056365967e-01,6.095926165580749512e-01,4.751872718334197998e-01,1.844271868467330933e-01,7.087568193674087524e-02,2.086389362812042236e-01,7.671874761581420898e-02,1.604999899864196777e-01,-1.457609236240386963e-01,3.287118971347808838e-01,1.969650983810424805e-01,1.686217486858367920e-01,1.500136852264404297e-01,1.257424801588058472e-02,-1.456830352544784546e-01,5.351863428950309753e-02,-1.889531463384628296e-01,2.171017974615097046e-02,-4.143850877881050110e-02,1.148941367864608765e-02,-3.198782354593276978e-02,4.860951099544763565e-03,-1.121430173516273499e-01,-9.430208802223205566e-02,-1.142162084579467773e-01,1.007007285952568054e-01,-1.224419176578521729e-01,1.964037418365478516e-01,3.595817834138870239e-02,2.634750604629516602e-01,-1.672288626432418823e-01,1.124743148684501648e-01,-1.192491576075553894e-01,2.154285311698913574e-01,-3.958434984087944031e-02,5.125353932380676270e-01,1.429265290498733521e-01,5.238543748855590820e-01,1.423548609018325806e-01,5.743970870971679688e-01,-8.391842246055603027e-02,3.637389838695526123e-01,-2.217068821191787720e-01,5.081143379211425781e-01,-8.653967082500457764e-02,2.061164528131484985e-01,-9.957990050315856934e-02,8.551950752735137939e-02,1.193067505955696106e-01,4.593789950013160706e-02,8.089683949947357178e-02,1.452319175004959106e-01,3.331984858959913254e-03,9.963807463645935059e-02,7.962469756603240967e-02,4.062647745013237000e-02,8.278161287307739258e-02,6.056365370750427246e-02,-2.228360995650291443e-02,8.263187855482101440e-02,-2.482956051826477051e-01,3.200358450412750244e-01,-1.282122582197189331e-01,3.306349813938140869e-01,-2.362351268529891968e-01,1.821575611829757690e-01,3.563266992568969727e-02,3.850701451301574707e-01,-8.144260384142398834e-03,1.623441874980926514e-01,-2.412287145853042603e-02,1.367470324039459229e-01,2.015493959188461304e-01,-2.410955131053924561e-01,-2.591226100921630859e-01,-1.084964796900749207e-01,-2.127249985933303833e-01,3.760647401213645935e-02,-9.974898397922515869e-02,6.616856902837753296e-02,1.398236751556396484e-01,4.411996901035308838e-02,-1.010378729552030563e-02,7.162004709243774414e-02,-8.421055972576141357e-03,-7.936854660511016846e-02,-6.270845234394073486e-02,-5.313887819647789001e-02,-2.574512958526611328e-01,-2.852206230163574219e-01,5.978304520249366760e-02,1.708211451768875122e-01,6.111218780279159546e-02,-6.022460386157035828e-02,-6.413199752569198608e-02
2.500201463699340820e-01,4.858900606632232666e-01,3.067551553249359131e-01,7.187824845314025879e-01,1.168894767761230469e-01,3.965519964694976807e-01,2.644195556640625000e-01,1.000000000000000000e+00,2.128957957029342651e-01,2.596758902072906494e-01,-1.582655869424343109e-02,5.790581107139587402e-01,1.630952358245849609e-01,5.826710462570190430e-01,-3.043137304484844208e-02,3.702745437622070312e-01,-8.482300490140914917e-02,2.655262649059295654e-01,7.732600718736648560e-02,2.572120130062103271e-01,-7.438631262630224228e-03,-9.147612005472183228e-02,2.970697581768035889e-01,5.500711798667907715e-01,3.644475713372230530e-02,1.389048099517822266e-01,2.217506617307662964e-01,2.836188673973083496e-01,-1.407384276390075684e-01,2.151153832674026489e-01,1.748919785022735596e-01,3.132223486900329590e-01,1.619186699390411377e-01,3.326891362667083740e-01,8.652403950691223145e-02,7.914095371961593628e-02,-1.173955574631690979e-01,-2.576715871691703796e-02,-6.693253666162490845e-02,1.167098730802536011e-01,-4.159877821803092957e-02,5.076282843947410583e-02,-2.120613008737564087e-01,-1.027188077569007874e-01,-1.062559857964515686e-01,2.064978778362274170e-01,-1.485716402530670166e-01,-1.655588895082473755e-01,9.785299003124237061e-02,2.782803773880004883e-01,-6.757703609764575958e-03,1.226856783032417297e-01,-8.740817755460739136e-02,-4.677638784050941467e-02,-1.423893775790929794e-02,1.846622526645660400e-01,2.788474559783935547e-01,4.423798918724060059e-01,2.790283560752868652e-01,4.705101549625396729e-01,3.385735154151916504e-01,4.769277870655059814e-01,1.342445164918899536e-01,2.082360684871673584e-01,2.125102281570434570e-01,3.723838627338409424e-01,1.647969484329223633e-01,2.435817718505859375e-01,1.757590025663375854e-01,2.182474732398986816e-01,-4.489141330122947693e-02,1.848844885826110840e-01,-4.290753509849309921e-03,1.956713944673538208e-01,1.900966651737689972e-02,1.066510975360870361e-01,2.517539262771606445e-02,1.262600570917129517e-01,2.435341291129589081e-02,2.116098999977111816e-01,-3.423474356532096863e-02,2.839912176132202148e-01,-1.489043980836868286e-01,2.166994661092758179e-01,-1.310979425907135010e-01,2.374513745307922363e-01,-2.036233395338058472e-01,1.536547243595123291e-01,6.980426609516143799e-03,3.145955502986907959e-01,-3.873031586408615112e-02,-5.318142846226692200e-02,1.464096903800964355e-01,1.353546380996704102e-01,-2.010392993688583374e-01,-1.569799482822418213e-01,-2.326171994209289551e-01,-1.422069370746612549e-01,-1.963485479354858398e-01,-1.930619329214096069e-01,9.009312838315963745e-02,1.103119552135467529e-01,-9.577135555446147919e-03,1.445488184690475464e-01,-1.268715597689151764e-02,-7.163612544536590576e-02,-7.342213392257690430e-02,-7.793047931045293808e-03,8.542702533304691315e-03,-2.622599899768829346e-01,-3.198753595352172852e-01,-9.244924038648605347e-02,-7.063817698508501053e-03,2.922751009464263916e-02,-6.307850778102874756e-02,-1.895941346883773804e-01
2.459624409675598145e-01,1.519426819868385792e-03,2.565261125564575195e-01,2.474109679460525513e-01,6.316874623298645020e-01,6.004697084426879883e-01,2.787483632564544678e-01,2.128957957029342651e-01,1.000000000000000000e+00,6.929376721382141113e-01,3.720765113830566406e-01,1.120082736015319824e-01,3.681454956531524658e-01,1.218083128333091736e-01,5.091295838356018066e-01,4.500107169151306152e-01,3.841909393668174744e-02,-9.905353188514709473e-02,7.045082747936248779e-02,1.759400814771652222e-01,2.014288753271102905e-01,2.480885088443756104e-01,1.937277615070343018e-01,2.544016838073730469e-01,1.126644536852836609e-01,1.726607531309127808e-01,4.395397007465362549e-01,2.485086023807525635e-01,1.911505013704299927e-01,1.096253246068954468e-01,9.793522953987121582e-02,5.033857375383377075e-02,1.805055588483810425e-01,1.899383217096328735e-01,-8.994135260581970215e-02,-1.765517592430114746e-01,1.377927511930465698e-01,-5.795828625559806824e-02,1.564048826694488525e-01,1.445609778165817261e-01,7.128599286079406738e-02,2.449795231223106384e-02,1.810317635536193848e-01,1.211943775415420532e-01,8.475424721837043762e-03,3.365262225270271301e-02,2.410076707601547241e-01,1.021982580423355103e-01,2.218320816755294800e-01,2.416962198913097382e-02,2.929347455501556396e-01,-5.386463552713394165e-02,1.890602260828018188e-01,-2.288584262132644653e-01,2.643935978412628174e-01,8.618189394474029541e-02,2.371447384357452393e-01,-5.024680122733116150e-02,1.997239589691162109e-01,1.211589854210615158e-02,3.513629436492919922e-01,-5.332075525075197220e-03,2.718740701675415039e-01,-1.508638262748718262e-01,2.036428153514862061e-01,-8.156821131706237793e-02,-1.583328098058700562e-01,-7.336886227130889893e-02,-2.838576212525367737e-02,-2.164368890225887299e-02,-1.416725069284439087e-01,-2.071097306907176971e-02,2.124639451503753662e-01,6.889130175113677979e-02,1.405006796121597290e-01,6.182225793600082397e-02,1.947094500064849854e-02,8.570342510938644409e-02,7.298301160335540771e-02,4.133723303675651550e-02,2.633267939090728760e-01,4.257718846201896667e-02,3.006168901920318604e-01,2.591725885868072510e-01,3.023654818534851074e-01,-3.832655027508735657e-02,-2.573385427240282297e-04,-7.964781671762466431e-02,3.221817910671234131e-01,6.050236895680427551e-02,2.852970361709594727e-01,1.851626485586166382e-01,3.869135677814483643e-01,2.290368080139160156e-01,-1.654029935598373413e-01,-1.218190416693687439e-01,2.526574768126010895e-03,-1.303289681673049927e-01,1.823890954256057739e-01,2.951098978519439697e-02,2.530049681663513184e-01,1.728077679872512817e-01,7.080420106649398804e-02,-6.503555178642272949e-02,9.303180128335952759e-02,9.618815034627914429e-03,-1.054630130529403687e-01,-1.268265992403030396e-01,9.493651241064071655e-02,-1.314491331577301025e-01,-1.850613057613372803e-01,1.578141599893569946e-01,3.544537425041198730e-01,3.160613775253295898e-01,1.437702924013137817e-01,1.628563366830348969e-02
9.019899368286132812e-02,7.158639375120401382e-03,7.171862572431564331e-02,2.545222640037536621e-01,6.391059160232543945e-01,7.173941135406494141e-01,7.153053581714630127e-02,2.596758902072906494e-01,6.929376721382141113e-01,1.000000000000000000e+00,1.986027061939239502e-01,1.666729599237442017e-01,1.594265103340148926e-01,1.625101268291473389e-01,3.958687782287597656e-01,5.505428910255432129e-01,-7.187960296869277954e-02,-1.083892956376075745e-01,-1.021164841949939728e-02,1.476795971393585205e-01,1.892083436250686646e-01,3.024854958057403564e-01,8.358710259199142456e-02,2.388957738876342773e-01,-2.423219941556453705e-02,1.153368651866912842e-01,5.202032923698425293e-01,3.716146647930145264e-01,5.952164158225059509e-02,9.153193235397338867e-02,-1.336148008704185486e-02,3.204596787691116333e-02,8.405919373035430908e-02,1.329689621925354004e-01,-9.705410152673721313e-02,-1.314335614442825317e-01,5.114972963929176331e-02,-8.553313463926315308e-02,1.061739325523376465e-01,1.868198066949844360e-01,6.446070224046707153e-02,3.161845356225967407e-02,1.701877713203430176e-01,7.090172171592712402e-02,3.788058087229728699e-02,4.784361645579338074e-02,1.690093278884887695e-01,1.290848851203918457e-01,1.727681457996368408e-01,5.230031162500381470e-02,1.726636290550231934e-01,4.208851978182792664e-02,1.900135129690170288e-01,-9.083144366741180420e-02,2.058464586734771729e-01,1.817424744367599487e-01,5.957360193133354187e-02,-3.774127736687660217e-02,3.816585615277290344e-02,5.833968892693519592e-02,1.637849956750869751e-01,1.252435445785522461e-01,1.014253646135330200e-01,-7.543607801198959351e-02,5.840016156435012817e-02,3.006647899746894836e-02,-1.999378502368927002e-01,-5.936553329229354858e-02,-1.156173050403594971e-01,-1.219229027628898621e-01,-2.518151402473449707e-01,-1.289281547069549561e-01,6.593362987041473389e-02,-1.066032215021550655e-03,7.069724146276712418e-03,-8.758240938186645508e-02,-4.425423592329025269e-02,9.681365638971328735e-02,4.791873320937156677e-02,6.357195228338241577e-02,1.301717907190322876e-01,8.713164925575256348e-02,2.444736212491989136e-01,3.643676638603210449e-01,1.369856894016265869e-01,8.945501595735549927e-02,-4.061692580580711365e-02,-6.021250784397125244e-02,2.555571794509887695e-01,2.676295340061187744e-01,2.411288321018218994e-01,2.743862867355346680e-01,4.148401916027069092e-01,2.193171679973602295e-01,-1.414403468370437622e-01,-9.325876832008361816e-02,-1.189775764942169189e-03,-1.164720952510833740e-01,1.172722280025482178e-01,5.882972106337547302e-02,1.990049183368682861e-01,1.426243782043457031e-01,-6.172733753919601440e-02,-9.352649748325347900e-02,4.429585114121437073e-02,-1.128092780709266663e-02,-1.371377110481262207e-01,-7.539492100477218628e-02,1.147883236408233643e-01,-1.251311302185058594e-01,-1.967300027608871460e-01,1.323950439691543579e-01,3.791654109954833984e-01,3.571508228778839111e-01,1.369158178567886353e-01,3.275722032412886620e-03
3.921872675418853760e-01,-1.137461215257644653e-01,3.512585461139678955e-01,3.597739338874816895e-02,3.735491633415222168e-01,1.813526153564453125e-01,4.841049909591674805e-01,-1.582655869424343109e-02,3.720765113830566406e-01,1.986027061939239502e-01,1.000000000000000000e+00,1.239393278956413269e-01,6.762679219245910645e-01,1.824071109294891357e-01,4.515640735626220703e-01,1.647248715162277222e-01,3.772471845149993896e-01,-1.136859953403472900e-01,2.150864005088806152e-01,4.290303215384483337e-02,-5.691971257328987122e-02,-3.076915070414543152e-02,3.511724770069122314e-01,2.210638523101806641e-01,8.111624419689178467e-02,2.723685465753078461e-02,2.408291399478912354e-01,9.849184751510620117e-02,3.396466672420501709e-01,5.069399252533912659e-03,2.974928021430969238e-01,1.714973449707031250e-01,1.295807808637619019e-01,6.286972016096115112e-02,-6.514670699834823608e-02,-1.763024628162384033e-01,1.554609388113021851e-01,-7.796540856361389160e-02,1.265303045511245728e-01,-9.797040838748216629e-04,7.677120715379714966e-02,-1.391296554356813431e-02,1.395930796861648560e-01,3.216611221432685852e-02,-2.641177922487258911e-02,-1.483676135540008545e-01,1.299895495176315308e-01,-2.407223917543888092e-02,2.445009797811508179e-01,-8.647097647190093994e-02,3.778155744075775146e-01,-1.221712678670883179e-01,2.144980281591415405e-01,-2.251027822494506836e-01,2.793932855129241943e-01,-6.308545917272567749e-02,3.316918611526489258e-01,-1.396478116512298584e-01,2.898950576782226562e-01,-1.143324077129364014e-01,4.818284809589385986e-01,-1.741569042205810547e-01,4.421455860137939453e-01,-2.119841426610946655e-01,3.330171704292297363e-01,-1.683672666549682617e-01,-2.481915429234504700e-02,-2.078306078910827637e-01,-1.010214164853096008e-01,-1.285292208194732666e-01,3.195675462484359741e-02,-1.889043371193110943e-03,2.266680002212524414e-01,1.274580880999565125e-02,1.327995806932449341e-01,7.148666679859161377e-02,7.994301617145538330e-02,7.878682762384414673e-02,1.974610686302185059e-01,4.745955765247344971e-02,3.386678397655487061e-01,-1.220164746046066284e-01,4.516016542911529541e-01,1.959075778722763062e-02,4.766853153705596924e-01,-1.760573387145996094e-01,1.897814571857452393e-01,-2.755281887948513031e-02,3.748643696308135986e-01,-7.510267943143844604e-02,2.320299148559570312e-01,7.038540393114089966e-02,2.693305909633636475e-01,2.251612991094589233e-01,-1.688222885131835938e-01,-2.165929973125457764e-01,-2.617091499269008636e-02,-2.252219319343566895e-01,1.319608390331268311e-01,-5.686024948954582214e-02,1.455869078636169434e-01,1.515295803546905518e-01,5.213248729705810547e-02,-1.203206107020378113e-01,8.164842426776885986e-02,2.880143932998180389e-02,-7.960820198059082031e-02,-2.012453824281692505e-01,-1.292495131492614746e-01,-1.565598845481872559e-01,-1.683332622051239014e-01,7.119077444076538086e-02,2.193855941295623779e-01,8.100891113281250000e-02,4.528857301920652390e-03,1.367636583745479584e-02
9.678675234317779541e-02,3.910096287727355957e-01,3.572383150458335876e-02,3.834539055824279785e-01,6.216469220817089081e-03,1.888869553804397583e-01,6.409221887588500977e-02,5.790581107139587402e-01,1.120082736015319824e-01,1.666729599237442017e-01,1.239393278956413269e-01,1.000000000000000000e+00,1.936621218919754028e-01,7.377811074256896973e-01,-2.631397172808647156e-02,3.951954245567321777e-01,2.756864577531814575e-02,3.374299705028533936e-01,-3.410689905285835266e-02,2.055341452360153198e-01,-7.231613248586654663e-02,-1.176903843879699707e-01,1.558596342802047729e-01,3.294083476066589355e-01,-1.070874854922294617e-01,-7.469011098146438599e-02,1.105466857552528381e-01,1.701972931623458862e-01,-1.350329909473657608e-02,3.568377792835235596e-01,1.871159076690673828e-01,3.338879942893981934e-01,2.186104506254196167e-01,3.535087704658508301e-01,5.397969111800193787e-02,1.445643324404954910e-02,-6.481382995843887329e-02,1.726927161216735840e-01,5.033450666815042496e-03,1.763205975294113159e-01,4.434037487953901291e-03,4.546006396412849426e-02,-7.517725974321365356e-02,1.713946461677551270e-02,-2.263783104717731476e-02,1.468285471200942993e-01,-1.273026317358016968e-01,-9.726136922836303711e-02,7.571870833635330200e-02,1.552773565053939819e-01,-1.141099538654088974e-02,1.280672848224639893e-01,-4.615888372063636780e-02,-3.911446779966354370e-02,-1.267177611589431763e-02,1.029817387461662292e-01,1.135804206132888794e-01,2.731035947799682617e-01,1.115163490176200867e-01,2.267994582653045654e-01,2.593981027603149414e-01,3.446599841117858887e-01,2.068804353475570679e-01,2.991196513175964355e-01,5.090751126408576965e-02,2.713530659675598145e-01,7.588380575180053711e-02,8.159478753805160522e-02,1.011848598718643188e-01,8.979502320289611816e-02,-1.468401215970516205e-02,1.721994131803512573e-01,1.887920312583446503e-02,2.673915028572082520e-01,4.509392753243446350e-02,1.425678580999374390e-01,1.167933493852615356e-01,1.997483372688293457e-01,1.232924386858940125e-01,3.052359223365783691e-01,6.507730484008789062e-02,3.417003154754638672e-01,-4.082675278186798096e-02,2.575814723968505859e-01,-7.368572056293487549e-02,2.896088361740112305e-01,-1.209627017378807068e-01,1.955516636371612549e-01,-4.479822143912315369e-02,1.798678040504455566e-01,1.983193680644035339e-02,-9.247452020645141602e-03,1.235175654292106628e-01,8.030580729246139526e-02,-4.640369862318038940e-02,-4.582589492201805115e-02,-1.571465730667114258e-01,-9.706177562475204468e-02,-1.066159009933471680e-01,-1.675491183996200562e-01,1.292169541120529175e-01,1.114576607942581177e-01,-1.676724106073379517e-02,1.456692814826965332e-01,-4.932156577706336975e-02,-1.464876811951398849e-02,-3.717973083257675171e-02,-4.390521347522735596e-02,-1.100855842232704163e-01,-1.128559857606887817e-01,-1.832830160856246948e-01,-8.523887395858764648e-02,-1.670224219560623169e-02,-2.054231613874435425e-02,-6.309492886066436768e-02,-1.595104485750198364e-01
3.763274550437927246e-01,-7.810996472835540771e-02,4.611207246780395508e-01,1.885630339384078979e-01,3.173430263996124268e-01,2.067178040742874146e-01,5.815905332565307617e-01,1.630952358245849609e-01,3.681454956531524658e-01,1.594265103340148926e-01,6.762679219245910645e-01,1.936621218919754028e-01,1.000000000000000000e+00,3.180839419364929199e-01,3.504121303558349609e-01,1.216248050332069397e-01,2.025787979364395142e-01,-1.191410496830940247e-01,1.229723021388053894e-01,-2.466278895735740662e-02,-7.294431328773498535e-02,-1.215823665261268616e-01,3.818086683750152588e-01,3.257166445255279541e-01,9.513826668262481689e-02,1.601622626185417175e-02,2.575426995754241943e-01,1.423927545547485352e-01,1.443694829940795898e-01,-9.097496978938579559e-03,3.423014879226684570e-01,2.053603082895278931e-01,1.092648729681968689e-01,9.832636266946792603e-02,6.340167671442031860e-02,-9.957317262887954712e-02,1.684410870075225830e-01,-3.263169201090931892e-03,1.730035096406936646e-01,8.993289619684219360e-02,1.631214171648025513e-01,7.563632726669311523e-02,8.756375312805175781e-02,4.912756010890007019e-02,-8.263377845287322998e-02,-1.076680868864059448e-01,2.921142242848873138e-02,-1.051019802689552307e-01,2.738792002201080322e-01,3.064876981079578400e-02,4.184614419937133789e-01,-8.524230681359767914e-03,2.357196211814880371e-01,-1.830483525991439819e-01,2.689830362796783447e-01,-5.821950733661651611e-02,3.191450536251068115e-01,-9.194865822792053223e-02,3.337348401546478271e-01,-8.374914526939392090e-02,5.559602975845336914e-01,-8.130903542041778564e-02,3.633105158805847168e-01,-2.496276944875717163e-01,3.780854344367980957e-01,-3.474225290119647980e-03,3.876138105988502502e-02,-1.416903734207153320e-01,-1.310406923294067383e-01,-9.422516822814941406e-02,3.587128594517707825e-02,5.369552597403526306e-02,1.305526942014694214e-01,3.874930739402770996e-02,1.059127002954483032e-01,1.099284589290618896e-01,1.362919509410858154e-01,1.566334217786788940e-01,2.449089735746383667e-01,1.604309231042861938e-01,1.798829287290573120e-01,-1.376690566539764404e-01,2.948534488677978516e-01,-8.298595994710922241e-02,3.878974914550781250e-01,-1.359601765871047974e-01,7.090050727128982544e-02,-1.816142722964286804e-02,3.402313590049743652e-01,-7.388901710510253906e-02,1.435351520776748657e-01,-4.775997996330261230e-02,2.658058106899261475e-01,2.123267501592636108e-01,-2.141875773668289185e-01,-2.301705628633499146e-01,-1.367162466049194336e-01,-2.408021539449691772e-01,1.282062847167253494e-02,-1.666956692934036255e-01,1.265135109424591064e-01,1.330895274877548218e-01,4.968953877687454224e-02,-1.297124177217483521e-01,1.605972796678543091e-01,8.987568318843841553e-02,-7.173990458250045776e-02,-1.664187014102935791e-01,-1.279766708612442017e-01,-1.902740746736526489e-01,-2.131128311157226562e-01,2.219530194997787476e-02,9.947647154331207275e-02,6.502617895603179932e-02,2.381576038897037506e-02,3.828441491350531578e-03
