1.000000000000000000e+00,6.182208657264709473e-01,2.640517354011535645e-01,1.347801685333251953e-01,1.344121433794498444e-02,-1.116786748170852661e-01,2.705670595169067383e-01,2.121042460203170776e-01,-4.859530553221702576e-02,-3.707131370902061462e-02,5.402953624725341797e-01,3.451685309410095215e-01,4.694943428039550781e-01,4.323866963386535645e-01,1.456877142190933228e-01,1.287779808044433594e-01,3.190109729766845703e-01,3.151931762695312500e-01,5.298249125480651855e-01,5.247045159339904785e-01,8.936357498168945312e-02,5.306529253721237183e-02,2.022410482168197632e-01,1.306126713752746582e-01,-2.285328321158885956e-02,-7.060547918081283569e-02,1.849504932761192322e-02,-6.108204275369644165e-02,3.977091908454895020e-01,2.678353488445281982e-01,2.211439013481140137e-01,1.224700957536697388e-01,3.232094347476959229e-01,1.617783457040786743e-01,4.212348163127899170e-02,-4.048618674278259277e-02,2.326884716749191284e-01,1.271221190690994263e-01,8.463361114263534546e-02,3.463185206055641174e-02,6.131068337708711624e-03,3.638008236885070801e-02,-6.930437404662370682e-03,-6.076267361640930176e-02,-1.337872743606567383e-01,-1.490639597177505493e-01,3.507460653781890869e-02,7.569469511508941650e-02,-4.305333644151687622e-02,-8.389520645141601562e-02,9.493439644575119019e-02,5.493025109171867371e-02,2.163822948932647705e-01,1.541434973478317261e-01,1.961102336645126343e-01,2.723176218569278717e-02,6.412762403488159180e-01,4.776892066001892090e-01,2.827094197273254395e-01,2.690424025058746338e-02,3.973805308341979980e-01,2.003840804100036621e-01,3.059493601322174072e-01,2.930842041969299316e-01,-4.581185802817344666e-02,-9.083170443773269653e-02,-7.127954065799713135e-02,-2.049156427383422852e-01,3.931591510772705078e-01,1.375875025987625122e-01,7.253675907850265503e-02,4.821798950433731079e-02,1.732971817255020142e-01,2.031274139881134033e-01,2.862211167812347412e-01,1.981229335069656372e-01,2.576529979705810547e-01,2.706573903560638428e-01,4.234344661235809326e-01,2.107161730527877808e-01,3.166831135749816895e-01,1.530235856771469116e-01,2.187480926513671875e-01,1.389589011669158936e-01,2.935412824153900146e-01,1.436515524983406067e-02,9.088930487632751465e-02,-3.399246558547019958e-02,2.301377058029174805e-01,-4.402389004826545715e-02,1.549169123172760010e-01,1.839046031236648560e-01,-1.172773260623216629e-02,-4.063647612929344177e-02,-2.704184688627719879e-02,-4.387772455811500549e-02,1.268586069345474243e-01,-6.074074190109968185e-03,2.286561578512191772e-01,2.072337418794631958e-01,2.085128054022789001e-02,-5.912376567721366882e-03,3.787618875503540039e-02,7.405322790145874023e-02,-1.358856074512004852e-02,-2.260076627135276794e-02,8.587659895420074463e-02,-7.698396686464548111e-03,1.364388018846511841e-01,8.136696368455886841e-02,1.009558886289596558e-01,8.224032074213027954e-02,1.002475470304489136e-01,1.717923432588577271e-01,1.152928099036216736e-01,5.275622382760047913e-02
6.182208657264709473e-01,1.000000000000000000e+00,4.326084628701210022e-02,5.561209842562675476e-02,3.051997162401676178e-02,-8.496712893247604370e-02,-2.346257492899894714e-02,1.538524180650711060e-01,-1.564397513866424561e-01,-6.222053244709968567e-02,2.915268540382385254e-01,3.919617533683776855e-01,2.747837603092193604e-01,4.008180499076843262e-01,1.221504732966423035e-01,2.194849550724029541e-01,2.849891185760498047e-01,4.977008998394012451e-01,4.016267359256744385e-01,5.816893577575683594e-01,1.637826412916183472e-01,1.661451756954193115e-01,1.246142834424972534e-01,1.099693104624748230e-01,-1.049731299281120300e-02,3.317634807899594307e-03,6.975237280130386353e-02,8.355839550495147705e-02,3.952327072620391846e-01,2.511619627475738525e-01,1.410225033760070801e-01,1.036855950951576233e-01,3.010302782058715820e-01,2.256520539522171021e-01,1.165155414491891861e-02,-3.650506585836410522e-02,8.657056093215942383e-02,2.866367623209953308e-02,1.257999688386917114e-01,8.439629524946212769e-02,-1.026044227182865143e-02,-3.856006637215614319e-02,-1.190328076481819153e-01,-1.696329265832901001e-01,-1.074622496962547302e-01,-1.570330709218978882e-01,-9.317019581794738770e-02,-4.802768677473068237e-02,-7.210044562816619873e-02,-5.004694103263318539e-04,1.131281629204750061e-02,6.258665025234222412e-02,1.241061389446258545e-01,1.046515405178070068e-01,1.517892777919769287e-01,5.204064771533012390e-02,6.786146759986877441e-01,6.621361374855041504e-01,2.392155677080154419e-01,1.963296383619308472e-01,3.204874992370605469e-01,2.163184732198715210e-01,3.764737248420715332e-01,4.449026882648468018e-01,-1.169911697506904602e-01,-4.113858193159103394e-02,-4.337907209992408752e-02,-1.169468089938163757e-01,5.360659956932067871e-01,3.069705665111541748e-01,2.084708772599697113e-02,8.589359372854232788e-02,3.872283548116683960e-02,8.935323357582092285e-02,2.308112010359764099e-02,9.367131441831588745e-02,1.402957588434219360e-01,1.997256577014923096e-01,4.411589205265045166e-01,2.819424867630004883e-01,4.841938614845275879e-01,3.995073735713958740e-01,2.584957480430603027e-01,1.088734492659568787e-01,1.768801212310791016e-01,2.439468055963516235e-01,1.437735706567764282e-01,-1.139022186398506165e-01,5.138458311557769775e-02,5.262768641114234924e-02,-7.515355199575424194e-02,9.586615860462188721e-02,-1.360561847686767578e-01,-1.452813446521759033e-01,9.817537665367126465e-02,6.492870301008224487e-02,1.121818348765373230e-01,1.912968233227729797e-02,1.944737881422042847e-01,1.896097883582115173e-02,-7.616884261369705200e-02,3.257282823324203491e-02,-7.189908623695373535e-02,1.460795700550079346e-01,-7.420381158590316772e-02,3.237780928611755371e-02,-2.712529152631759644e-02,-2.594165690243244171e-02,1.625201553106307983e-01,1.208939030766487122e-01,-2.722758427262306213e-02,7.180102914571762085e-02,-1.981927454471588135e-02,-1.116579771041870117e-02,-7.095058262348175049e-02,8.690898120403289795e-02
2.640517354011535645e-01,4.326084628701210022e-02,1.000000000000000000e+00,5.840586423873901367e-01,1.113208010792732239e-01,8.863432705402374268e-02,6.659390926361083984e-01,5.219917297363281250e-01,2.559640407562255859e-01,7.546237111091613770e-02,2.230100035667419434e-01,3.934165835380554199e-02,2.617617845535278320e-01,1.199270859360694885e-01,2.177835851907730103e-01,-3.008029423654079437e-02,-5.065421387553215027e-02,-1.932183057069778442e-01,3.788190484046936035e-01,1.985436826944351196e-01,1.808760613203048706e-01,9.114124625921249390e-02,5.335178971290588379e-01,4.536566734313964844e-01,3.838212788105010986e-01,2.392777949571609497e-01,1.426814049482345581e-01,6.353268027305603027e-02,2.606984078884124756e-01,1.599790900945663452e-01,4.549403190612792969e-01,3.961226642131805420e-01,2.086635380983352661e-01,2.882895469665527344e-01,3.624971508979797363e-01,2.910764217376708984e-01,3.765779733657836914e-01,1.873145401477813721e-01,2.293713390827178955e-01,9.603691846132278442e-02,1.651549190282821655e-01,1.363506913185119629e-01,1.895654760301113129e-02,1.262242905795574188e-02,-2.699016630649566650e-01,-2.587088942527770996e-01,8.754746615886688232e-02,2.091085314750671387e-01,-2.510054707527160645e-01,-2.495859563350677490e-01,2.682459950447082520e-01,9.166669100522994995e-02,7.235061377286911011e-02,1.418656557798385620e-01,5.411485675722360611e-03,3.547120094299316406e-02,1.278335750102996826e-01,1.225179135799407959e-01,3.864023834466934204e-02,-1.701437383890151978e-01,1.837014257907867432e-01,4.977089166641235352e-02,-2.598687633872032166e-02,-5.248613655567169189e-02,4.135543704032897949e-01,2.576965391635894775e-01,4.647648334503173828e-02,1.322026848793029785e-01,8.705968409776687622e-02,7.898691296577453613e-02,3.087978065013885498e-01,3.363403677940368652e-01,3.165234029293060303e-01,1.968915760517120361e-01,2.790908813476562500e-01,1.578667312860488892e-01,2.538400292396545410e-01,2.184572219848632812e-01,1.320124715566635132e-01,4.994675144553184509e-02,1.768851093947887421e-02,1.153115183115005493e-01,2.589785158634185791e-01,5.270123109221458435e-02,3.856461048126220703e-01,9.962338209152221680e-02,1.229457780718803406e-01,1.107348725199699402e-01,2.868781983852386475e-01,7.497502863407135010e-02,1.936718970537185669e-01,1.085669770836830139e-01,3.095504082739353180e-02,1.195119991898536682e-01,5.467565730214118958e-02,7.886280119419097900e-02,2.219471037387847900e-01,7.645358145236968994e-02,6.132679060101509094e-02,3.149194717407226562e-01,9.430929273366928101e-02,1.244150996208190918e-01,1.060079261660575867e-01,-2.882715687155723572e-02,1.319636404514312744e-01,4.476442188024520874e-02,2.914694324135780334e-02,7.430502772331237793e-02,2.312103360891342163e-01,2.264762371778488159e-01,2.562416195869445801e-01,-1.508209705352783203e-01,-8.231877535581588745e-02,1.052565500140190125e-01,2.071168720722198486e-01,2.508181333541870117e-01
1.347801685333251953e-01,5.561209842562675476e-02,5.840586423873901367e-01,1.000000000000000000e+00,2.110542207956314087e-01,2.437902092933654785e-01,4.793950915336608887e-01,6.388922333717346191e-01,3.094704449176788330e-01,2.028097659349441528e-01,4.792208969593048096e-02,1.911803036928176880e-01,1.129393652081489563e-01,2.572001516819000244e-01,2.864154577255249023e-01,8.673438429832458496e-02,-1.918714940547943115e-01,-1.244520917534828186e-01,1.903211325407028198e-01,2.592664659023284912e-01,1.967148333787918091e-01,2.447609603404998779e-02,5.188746452331542969e-01,6.138550043106079102e-01,3.538895845413208008e-01,3.687325417995452881e-01,4.791799187660217285e-02,7.239452563226222992e-03,1.585344523191452026e-01,2.540358603000640869e-01,3.823304176330566406e-01,4.206252694129943848e-01,1.357638090848922729e-01,3.241252005100250244e-01,3.504942059516906738e-01,3.501698076725006104e-01,2.114361226558685303e-01,6.863078474998474121e-02,1.259482353925704956e-01,2.528415434062480927e-02,1.229183562099933624e-02,1.824348792433738708e-02,-1.133881732821464539e-01,-5.690732598304748535e-02,-2.894835174083709717e-01,-2.650664746761322021e-01,-3.256067167967557907e-03,1.034867689013481140e-01,-2.423127442598342896e-01,-1.231661811470985413e-01,1.339527070522308350e-01,1.417777836322784424e-01,-3.471260890364646912e-02,2.026605419814586639e-02,1.216728985309600830e-01,5.131617933511734009e-02,4.112286120653152466e-02,1.359439790248870850e-01,9.945387393236160278e-02,1.118291020393371582e-01,1.290145814418792725e-01,1.096950843930244446e-01,-7.975879125297069550e-03,6.713776290416717529e-02,4.171407520771026611e-01,5.399289131164550781e-01,4.497934505343437195e-02,2.753306329250335693e-01,1.509457379579544067e-01,2.465113550424575806e-01,1.762288212776184082e-01,2.111867070198059082e-01,2.138061970472335815e-01,8.620952814817428589e-02,1.668694615364074707e-01,7.827585190534591675e-02,9.987757354974746704e-02,1.626553684473037720e-01,7.233910262584686279e-02,1.261251419782638550e-01,3.739915043115615845e-02,1.699547022581100464e-01,2.000084519386291504e-01,3.222644701600074768e-02,2.900696992874145508e-01,2.651858329772949219e-01,1.646557301282882690e-01,1.264320462942123413e-01,2.431987971067428589e-01,2.029223889112472534e-01,1.373593062162399292e-01,6.413093954324722290e-02,1.039056014269590378e-02,-1.124864444136619568e-02,3.202334046363830566e-02,4.501828178763389587e-02,1.577109694480895996e-01,8.020105212926864624e-02,8.428453654050827026e-02,2.123667448759078979e-01,6.224500760436058044e-02,2.827013283967971802e-02,6.058179959654808044e-02,-2.610626071691513062e-02,6.593374907970428467e-02,3.009815886616706848e-02,-1.606607586145401001e-01,-3.039102768525481224e-03,2.036596983671188354e-01,1.583157181739807129e-01,1.156522482633590698e-01,-2.116931080818176270e-01,1.046251971274614334e-03,1.026820763945579529e-01,9.754355251789093018e-02,2.365090399980545044e-01
1.344121433794498444e-02,3.051997162401676178e-02,1.113208010792732239e-01,2.110542207956314087e-01,1.000000000000000000e+00,5.843895673751831055e-01,8.579044789075851440e-02,4.944575205445289612e-02,5.028524994850158691e-01,3.826212286949157715e-01,1.365031599998474121e-01,1.378390341997146606e-01,2.003303915262222290e-02,2.288097441196441650e-01,3.959208130836486816e-01,1.957913935184478760e-01,-2.419916726648807526e-02,8.682984113693237305e-02,-6.472415756434202194e-03,6.145256012678146362e-02,1.764522939920425415e-01,8.918108791112899780e-02,3.751071989536285400e-01,3.541313111782073975e-01,3.905419409275054932e-01,3.937323689460754395e-01,3.653090894222259521e-01,3.176858723163604736e-01,1.902677305042743683e-02,8.471706509590148926e-02,2.840846776962280273e-01,1.822684556245803833e-01,2.276604026556015015e-01,3.243798613548278809e-01,2.789056301116943359e-01,2.192401736974716187e-01,-9.579584002494812012e-02,6.976328790187835693e-02,2.453954815864562988e-01,1.546543985605239868e-01,-1.475481539964675903e-01,1.940062940120697021e-01,-1.554773151874542236e-01,-1.855865120887756348e-01,-1.369490176439285278e-01,-1.924031674861907959e-01,-5.661518871784210205e-02,-5.289361625909805298e-02,-1.180757135152816772e-01,-2.853019908070564270e-02,-2.427390366792678833e-01,-8.234033733606338501e-02,1.067136377096176147e-01,-1.212001312524080276e-02,1.342463046312332153e-01,5.634113028645515442e-02,-9.391052648425102234e-03,-4.591489851009100676e-04,1.374160200357437134e-01,5.425406619906425476e-02,1.000677123665809631e-01,1.498265285044908524e-02,-1.443592309951782227e-01,-1.354968547821044922e-02,3.460188210010528564e-01,3.581504523754119873e-01,-5.305441096425056458e-02,9.906510263681411743e-02,1.677058786153793335e-01,2.447382062673568726e-01,2.642147801816463470e-02,-2.812203019857406616e-02,-2.755402401089668274e-02,6.454744935035705566e-02,4.108716268092393875e-03,-8.902204222977161407e-03,2.212320715188980103e-01,2.038704156875610352e-01,1.394889354705810547e-01,1.926751136779785156e-01,2.971779555082321167e-02,1.374458670616149902e-01,3.001030683517456055e-01,2.187468111515045166e-01,2.729271650314331055e-01,3.714441657066345215e-01,1.324422806501388550e-01,1.158775016665458679e-01,2.543183863162994385e-01,5.216063559055328369e-02,2.197971567511558533e-02,1.573920845985412598e-01,6.824821978807449341e-02,-1.273994706571102142e-02,1.312809251248836517e-02,-1.255131419748067856e-02,2.280145324766635895e-02,-7.244723383337259293e-03,9.099440276622772217e-02,7.835137844085693359e-02,7.128982990980148315e-02,-5.987175554037094116e-02,4.710440337657928467e-02,-3.901229240000247955e-03,3.286007791757583618e-02,7.060780376195907593e-02,-6.533569842576980591e-02,5.855669826269149780e-02,1.217846423387527466e-01,1.015230864286422729e-01,-8.130055665969848633e-02,8.117834478616714478e-02,1.137735843658447266e-01,4.412422329187393188e-02,3.165506571531295776e-02,7.179009169340133667e-02
-1.116786748170852661e-01,-8.496712893247604370e-02,8.863432705402374268e-02,2.437902092933654785e-01,5.843895673751831055e-01,1.000000000000000000e+00,1.335915029048919678e-01,1.312922090291976929e-01,4.886645674705505371e-01,4.109470546245574951e-01,-7.267048954963684082e-02,1.610577851533889771e-01,2.681556902825832367e-02,1.467000395059585571e-01,3.569881021976470947e-01,1.673621088266372681e-01,-1.053607910871505737e-01,5.602194368839263916e-02,-6.740426272153854370e-02,1.939180539920926094e-03,8.788276463747024536e-02,-1.893064193427562714e-02,2.238130718469619751e-01,2.646617889404296875e-01,2.998775243759155273e-01,3.610558211803436279e-01,1.921561062335968018e-01,2.641850709915161133e-01,-1.258204504847526550e-02,1.518592089414596558e-01,2.134258747100830078e-01,1.628585457801818848e-01,1.965161561965942383e-01,2.607157826423645020e-01,2.549602687358856201e-01,2.062287777662277222e-01,-8.517277240753173828e-02,1.293857544660568237e-01,1.913583129644393921e-01,2.000422030687332153e-01,-4.896455630660057068e-02,1.924839168787002563e-01,-1.033103764057159424e-01,-9.507603943347930908e-02,-8.221237361431121826e-02,-1.317567080259323120e-01,3.839570656418800354e-02,-4.004579037427902222e-03,-1.412679702043533325e-01,-2.616366185247898102e-02,-2.209197282791137695e-01,-1.028557345271110535e-01,-1.506923232227563858e-02,-8.792451769113540649e-02,1.139623895287513733e-01,3.406553342938423157e-02,-1.437071859836578369e-01,-7.213387638330459595e-02,1.004183292388916016e-01,5.475339666008949280e-02,6.468090415000915527e-02,3.343940153717994690e-02,-1.683630347251892090e-01,-2.793791331350803375e-02,2.355409115552902222e-01,3.380446732044219971e-01,7.189130038022994995e-02,2.287358194589614868e-01,1.557954251766204834e-01,2.207510769367218018e-01,-2.285145595669746399e-02,-9.725476615130901337e-03,4.257400706410408020e-02,1.175768375396728516e-01,7.192163169384002686e-02,1.213708985596895218e-02,1.420554369688034058e-01,1.931777298450469971e-01,5.332390218973159790e-02,1.922946423292160034e-01,-6.162516027688980103e-02,1.107404008507728577e-01,1.186606287956237793e-01,2.044167965650558472e-01,1.316330879926681519e-01,2.551769614219665527e-01,6.843630969524383545e-02,1.508216708898544312e-01,1.723089814186096191e-01,2.915005944669246674e-02,1.200783252716064453e-01,1.400508880615234375e-01,7.409981638193130493e-02,1.640445925295352936e-02,3.848121501505374908e-03,-2.407566830515861511e-02,9.037868678569793701e-02,2.579773962497711182e-02,6.799422949552536011e-02,1.180568262934684753e-01,1.300469934940338135e-01,-6.104477867484092712e-02,4.747409373521804810e-02,-7.811442483216524124e-04,3.477717936038970947e-02,6.385421007871627808e-02,-1.405933201313018799e-01,8.468279242515563965e-02,1.568236351013183594e-01,6.526964902877807617e-02,3.678476065397262573e-02,1.041858941316604614e-01,1.392120122909545898e-01,7.554199546575546265e-02,1.097530573606491089e-01,1.047141924500465393e-01
2.705670595169067383e-01,-2.346257492899894714e-02,6.659390926361083984e-01,4.793950915336608887e-01,8.579044789075851440e-02,1.335915029048919678e-01,1.000000000000000000e+00,5.909687280654907227e-01,3.199024796485900879e-01,9.715939313173294067e-02,1.884891837835311890e-01,1.077334657311439514e-01,4.778925478458404541e-01,8.463204652070999146e-02,1.733449548482894897e-01,-1.875310540199279785e-01,1.960457116365432739e-02,-1.109732314944267273e-01,2.503780722618103027e-01,8.509487658739089966e-02,1.333970129489898682e-01,-1.417508535087108612e-02,2.678732872009277344e-01,1.888063251972198486e-01,2.673075497150421143e-01,1.572131216526031494e-01,-5.954834073781967163e-02,-1.181449592113494873e-01,2.998161613941192627e-01,2.153639644384384155e-01,3.955701291561126709e-01,2.900118529796600342e-01,2.501799166202545166e-01,2.504068017005920410e-01,2.230372875928878784e-01,2.126161307096481323e-01,3.237791359424591064e-01,2.111097127199172974e-01,1.992880553007125854e-01,1.135494709014892578e-01,1.990384310483932495e-01,1.551548093557357788e-01,8.193066716194152832e-02,5.907003954052925110e-02,-1.609416455030441284e-01,-1.815968006849288940e-01,1.974353194236755371e-01,2.474064528942108154e-01,-1.819471716880798340e-01,-2.577486038208007812e-01,2.182615548372268677e-01,-3.557283431291580200e-02,1.599402874708175659e-01,1.580560654401779175e-01,1.063784863799810410e-02,3.582881996408104897e-03,3.377803415060043335e-02,-5.804969370365142822e-02,1.589010804891586304e-01,-2.557324171066284180e-01,3.478715121746063232e-01,2.139708250761032104e-01,-7.392854243516921997e-02,-1.282814890146255493e-01,4.174053072929382324e-01,1.442797780036926270e-01,1.200874224305152893e-01,5.810255557298660278e-02,-2.600756473839282990e-03,1.637828350067138672e-02,3.043970167636871338e-01,2.760148346424102783e-01,3.478504121303558350e-01,2.470271289348602295e-01,3.004236519336700439e-01,1.524259299039840698e-01,3.101618885993957520e-01,2.554478347301483154e-01,1.234661117196083069e-01,1.755061000585556030e-01,-1.620909757912158966e-02,4.361260682344436646e-02,1.499833613634109497e-01,8.074490725994110107e-02,3.455985188484191895e-01,-2.796127647161483765e-02,6.336484849452972412e-02,1.865867674350738525e-01,2.710039615631103516e-01,-1.051233187317848206e-01,3.270968794822692871e-01,8.158488571643829346e-02,1.247138231992721558e-01,1.291197687387466431e-01,1.512821577489376068e-02,2.559477649629116058e-02,2.323157787322998047e-01,2.094418182969093323e-02,1.427500098943710327e-01,3.362368047237396240e-01,1.527917683124542236e-01,9.522015601396560669e-02,2.005938291549682617e-01,3.140903264284133911e-02,1.735656857490539551e-01,1.136072799563407898e-01,6.586229056119918823e-02,9.385362267494201660e-02,1.825943738222122192e-01,1.371246576309204102e-01,2.608838379383087158e-01,-1.660640724003314972e-02,5.200747027993202209e-02,2.159022092819213867e-01,2.553460896015167236e-01,1.750042885541915894e-01
2.121042460203170776e-01,1.538524180650711060e-01,5.219917297363281250e-01,6.388922333717346191e-01,4.944575205445289612e-02,1.312922090291976929e-01,5.909687280654907227e-01,1.000000000000000000e+00,1.616893708705902100e-01,1.051210463047027588e-01,-4.192108660936355591e-02,2.417414188385009766e-01,3.231950998306274414e-01,2.243954241275787354e-01,1.304856985807418823e-01,-7.280776649713516235e-02,-2.454778179526329041e-02,3.912320360541343689e-02,1.304646134376525879e-01,1.512621194124221802e-01,1.559941619634628296e-01,-2.418384328484535217e-02,2.677774727344512939e-01,3.428972065448760986e-01,2.871062159538269043e-01,2.395640909671783447e-01,-7.351807504892349243e-02,-7.482159137725830078e-02,2.419468164443969727e-01,2.665606737136840820e-01,3.304871618747711182e-01,3.762658834457397461e-01,2.083455473184585571e-01,3.246369659900665283e-01,2.328659743070602417e-01,2.304039746522903442e-01,2.057802081108093262e-01,5.766298994421958923e-02,1.344355493783950806e-01,1.036881878972053528e-01,1.278506368398666382e-01,6.981736421585083008e-02,-5.630959942936897278e-02,-6.904067099094390869e-02,-2.253616452217102051e-01,-2.661787867546081543e-01,5.020796880125999451e-02,1.174201294779777527e-01,-2.833199799060821533e-01,-2.433395832777023315e-01,1.572962552309036255e-01,6.689146161079406738e-03,1.046406477689743042e-01,1.167060136795043945e-01,5.801882222294807434e-02,-1.533827185630798340e-02,1.171875968575477600e-01,9.986956417560577393e-02,1.504152268171310425e-01,4.442306607961654663e-02,3.324363231658935547e-01,3.268712759017944336e-01,8.684928715229034424e-02,1.038404703140258789e-01,3.319907486438751221e-01,3.269374668598175049e-01,1.147411465644836426e-01,2.159225344657897949e-01,7.000023126602172852e-02,9.597583115100860596e-02,1.701735258102416992e-01,2.404215931892395020e-01,1.820808798074722290e-01,1.118166819214820862e-01,7.090715318918228149e-02,7.368884235620498657e-02,1.563094407320022583e-01,1.677546501159667969e-01,9.796621650457382202e-02,1.959977596998214722e-01,8.989163488149642944e-02,1.824155151844024658e-01,1.597161293029785156e-01,4.861686006188392639e-02,2.527839839458465576e-01,1.085060089826583862e-01,1.408262848854064941e-01,8.933664858341217041e-02,1.669567376375198364e-01,1.571397483348846436e-02,1.565646380186080933e-01,1.388577185571193695e-02,3.067462146282196045e-02,1.652852632105350494e-02,4.809550940990447998e-02,5.791760981082916260e-02,1.984812617301940918e-01,4.388543590903282166e-02,7.140602171421051025e-02,1.503622680902481079e-01,1.183177456259727478e-01,5.178314447402954102e-02,1.363493949174880981e-01,4.315190389752388000e-02,1.509151011705398560e-01,1.104553267359733582e-01,-3.404929861426353455e-02,4.341292008757591248e-02,1.818310469388961792e-01,1.169091314077377319e-01,1.145469173789024353e-01,-1.335665434598922729e-01,-7.187492400407791138e-02,1.881383806467056274e-01,1.748671829700469971e-01,2.283105403184890747e-01
-4.859530553221702576e-02,-1.564397513866424561e-01,2.559640407562255859e-01,3.094704449176788330e-01,5.028524994850158691e-01,4.886645674705505371e-01,3.199024796485900879e-01,1.616893708705902100e-01,1.000000000000000000e+00,4.288786053657531738e-01,8.612813055515289307e-02,1.670400649309158325e-01,1.329544484615325928e-01,1.344297230243682861e-01,4.657390415668487549e-01,7.308548688888549805e-02,-1.989896297454833984e-01,-1.295639276504516602e-01,-3.405108675360679626e-02,-1.627386175096035004e-02,2.143235951662063599e-01,4.046120122075080872e-02,3.111237585544586182e-01,2.972193360328674316e-01,3.418449163436889648e-01,3.290384113788604736e-01,1.805731505155563354e-01,1.812377721071243286e-01,5.795696377754211426e-02,1.133128777146339417e-01,2.424030303955078125e-01,1.581767052412033081e-01,9.650106728076934814e-02,1.342441141605377197e-01,2.200343459844589233e-01,2.205657809972763062e-01,2.131593599915504456e-02,4.595728963613510132e-02,4.987615346908569336e-02,3.149335458874702454e-02,-4.173514246940612793e-02,1.431296318769454956e-01,-2.561108171939849854e-01,-1.934485733509063721e-01,-3.197673857212066650e-01,-3.063517510890960693e-01,-6.044568866491317749e-02,-3.493346273899078369e-02,-2.588686943054199219e-01,-2.355272024869918823e-01,-2.676816470921039581e-02,-6.942931562662124634e-02,-9.127087146043777466e-02,-1.176241412758827209e-01,-8.996061235666275024e-02,-1.265242397785186768e-01,-1.948734223842620850e-01,-1.490552723407745361e-01,1.568874120712280273e-01,-5.943885073065757751e-02,1.849655210971832275e-01,1.192503347992897034e-01,-2.367534488439559937e-01,-1.000367701053619385e-01,5.088831186294555664e-01,3.972926735877990723e-01,-4.596299678087234497e-02,5.158757045865058899e-02,4.312052205204963684e-02,2.611730694770812988e-01,1.499696075916290283e-01,8.065092563629150391e-02,1.128349751234054565e-01,6.968121230602264404e-02,1.028553247451782227e-01,5.301895365118980408e-02,2.029511332511901855e-01,1.548523157835006714e-01,1.704067178070545197e-02,1.548393070697784424e-01,-1.419806927442550659e-01,7.426734268665313721e-02,1.602511107921600342e-01,9.886965155601501465e-02,2.984280586242675781e-01,1.663539856672286987e-01,-1.614929363131523132e-02,1.088622510433197021e-01,2.690417766571044922e-01,-6.025209650397300720e-02,2.805601656436920166e-01,1.662845313549041748e-01,2.651464641094207764e-01,5.053034052252769470e-02,6.347317248582839966e-02,3.103418461978435516e-02,7.419785112142562866e-02,-6.249905750155448914e-02,-1.145489234477281570e-02,2.156791388988494873e-01,9.935335069894790649e-02,1.506441272795200348e-02,1.816248521208763123e-02,-1.921866089105606079e-02,4.264762997627258301e-02,1.010256037116050720e-01,-3.009332157671451569e-02,4.412685707211494446e-02,1.904111504554748535e-01,2.190929353237152100e-01,6.955850124359130859e-02,-9.620210528373718262e-02,1.847881674766540527e-01,1.335929185152053833e-01,1.559786498546600342e-01,1.931290626525878906e-01
-3.707131370902061462e-02,-6.222053244709968567e-02,7.546237111091613770e-02,2.028097659349441528e-01,3.826212286949157715e-01,4.109470546245574951e-01,9.715939313173294067e-02,1.051210463047027588e-01,4.288786053657531738e-01,1.000000000000000000e+00,1.171294450759887695e-01,1.675275117158889771e-01,8.189439773559570312e-02,1.141739636659622192e-01,3.528003990650177002e-01,3.575349152088165283e-01,-2.809699252247810364e-02,3.325080499053001404e-02,1.291246805340051651e-02,1.394320861436426640e-03,5.784890800714492798e-02,1.247117891907691956e-01,1.672948002815246582e-01,1.988706141710281372e-01,8.846236765384674072e-02,1.625390052795410156e-01,3.239985108375549316e-01,3.303315043449401855e-01,-5.798298493027687073e-02,-9.924361482262611389e-03,-6.278418749570846558e-02,-1.669520884752273560e-02,6.024953443557024002e-03,1.188130024820566177e-02,-5.373627692461013794e-02,-1.209356859326362610e-01,2.132231183350086212e-02,1.492465883493423462e-01,1.148583889007568359e-01,1.575255841016769409e-01,-1.955671608448028564e-02,1.698276400566101074e-01,-1.601988635957241058e-02,-6.406129896640777588e-02,-2.111326903104782104e-01,-1.985790282487869263e-01,-1.249894350767135620e-01,-2.643514983355998993e-02,-1.769254803657531738e-01,-1.593252867460250854e-01,-1.352982521057128906e-01,-1.305127292871475220e-01,1.736598461866378784e-01,4.041810706257820129e-02,4.363308660686016083e-03,-4.255907237529754639e-02,-9.443145990371704102e-02,-6.411743909120559692e-02,9.812518209218978882e-02,4.289028421044349670e-02,1.912405490875244141e-01,2.773893177509307861e-01,-8.690696954727172852e-02,-1.430088002234697342e-02,1.444869637489318848e-01,2.347111999988555908e-01,-2.280356585979461670e-01,-1.038503944873809814e-01,-4.448531940579414368e-02,3.221800923347473145e-02,1.455965638160705566e-02,-1.626588590443134308e-02,2.135422546416521072e-03,1.502048373222351074e-01,6.117096170783042908e-02,1.583312600851058960e-01,1.296382248401641846e-01,1.485068649053573608e-01,3.704056143760681152e-02,1.265620253980159760e-02,-8.756577223539352417e-02,-2.310409769415855408e-02,1.246201470494270325e-01,1.591458916664123535e-01,5.834336578845977783e-02,6.552340835332870483e-02,2.973164618015289307e-02,9.295228868722915649e-02,3.436409533023834229e-01,1.069958657026290894e-01,1.293879747390747070e-01,1.605024039745330811e-01,3.339739888906478882e-02,8.093229681253433228e-02,-7.639618963003158569e-02,-7.146070152521133423e-02,-2.453960664570331573e-02,-8.842182904481887817e-02,4.130497947335243225e-02,1.226259693503379822e-01,-8.342757076025009155e-02,1.480316221714019775e-01,-1.240928471088409424e-01,5.209990590810775757e-02,-1.163154840469360352e-01,4.264916852116584778e-02,-5.997793748974800110e-02,1.137629374861717224e-01,1.412574648857116699e-01,-1.266996935009956360e-02,-1.267913449555635452e-02,1.171011179685592651e-01,1.040728762745857239e-01,-9.337791055440902710e-02,-3.822047263383865356e-03,1.578553766012191772e-01
5.402953624725341797e-01,2.915268540382385254e-01,2.230100035667419434e-01,4.792208969593048096e-02,1.365031599998474121e-01,-7.267048954963684082e-02,1.884891837835311890e-01,-4.192108660936355591e-02,8.612813055515289307e-02,1.171294450759887695e-01,1.000000000000000000e+00,2.460643798112869263e-01,4.434695243835449219e-01,3.919061422348022461e-01,2.296589910984039307e-01,2.724125087261199951e-01,3.532252311706542969e-01,2.025034427642822266e-01,4.146951735019683838e-01,3.329843878746032715e-01,8.883699029684066772e-02,5.999518558382987976e-02,3.438485264778137207e-01,1.881152987480163574e-01,1.598274894058704376e-02,-2.551556751132011414e-02,1.737868785858154297e-01,4.332499578595161438e-02,3.248561620712280273e-01,1.830573230981826782e-01,1.767703890800476074e-01,1.372301131486892700e-01,2.451605796813964844e-01,1.526402682065963745e-01,1.500442326068878174e-01,7.080919295549392700e-02,2.843066453933715820e-01,1.858694404363632202e-01,6.552538275718688965e-02,1.018969789147377014e-01,-1.880617463029921055e-03,8.977048099040985107e-02,1.066835150122642517e-01,4.152162000536918640e-02,-1.071014404296875000e-01,-8.140929043292999268e-02,1.012635156512260437e-01,2.017216682434082031e-01,-5.630550906062126160e-03,-2.235706523060798645e-02,1.304447054862976074e-01,1.088765338063240051e-01,3.227990567684173584e-01,2.636287212371826172e-01,2.175905257463455200e-01,1.487898081541061401e-01,3.226798176765441895e-01,1.904388815164566040e-01,1.105050668120384216e-01,-1.112955883145332336e-01,1.904532313346862793e-01,6.783252209424972534e-02,1.228247955441474915e-01,8.340125530958175659e-02,8.599661290645599365e-02,1.757033914327621460e-02,-1.867545247077941895e-01,-2.283776402473449707e-01,1.836667209863662720e-01,8.118264377117156982e-03,1.766523569822311401e-01,1.184621155261993408e-01,2.191131263971328735e-01,2.312323004007339478e-01,3.682178854942321777e-01,3.144301176071166992e-01,3.486998379230499268e-01,3.071761131286621094e-01,3.193715810775756836e-01,1.277687400579452515e-01,1.903054267168045044e-01,3.430861607193946838e-02,2.352967262268066406e-01,1.385543644428253174e-01,4.051748812198638916e-01,9.079156816005706787e-02,3.957546129822731018e-02,4.151330143213272095e-02,4.113328754901885986e-01,7.727757841348648071e-02,1.886034458875656128e-01,2.752892673015594482e-01,4.116657003760337830e-02,1.094052046537399292e-01,-9.853508323431015015e-02,-1.173199713230133057e-01,9.112181514501571655e-02,4.518545791506767273e-02,2.463259845972061157e-01,3.313224911689758301e-01,-2.496796473860740662e-02,6.346809864044189453e-02,1.817447319626808167e-02,5.310747772455215454e-02,-4.730717092752456665e-02,-2.409239672124385834e-02,6.618829071521759033e-02,5.331169068813323975e-02,1.213330924510955811e-01,9.564865380525588989e-02,1.777691394090652466e-01,2.267336249351501465e-01,1.421961337327957153e-01,9.325565397739410400e-02,1.288283765316009521e-01,4.734770953655242920e-02
3.451685309410095215e-01,3.919617533683776855e-01,3.934165835380554199e-02,1.911803036928176880e-01,1.378390341997146606e-01,1.610577851533889771e-01,1.077334657311439514e-01,2.417414188385009766e-01,1.670400649309158325e-01,1.675275117158889771e-01,2.460643798112869263e-01,1.000000000000000000e+00,3.428823947906494141e-01,5.913162827491760254e-01,3.760250508785247803e-01,2.886810600757598877e-01,1.198648810386657715e-01,4.879592955112457275e-01,1.274508237838745117e-01,2.649778127670288086e-01,1.868135035037994385e-01,-3.883939003571867943e-03,2.465231567621231079e-01,2.790189087390899658e-01,7.146216183900833130e-02,1.088027358055114746e-01,3.727153316140174866e-02,-1.977152749896049500e-02,3.379336297512054443e-01,3.836247026920318604e-01,1.868082284927368164e-01,2.233418673276901245e-01,2.404597103595733643e-01,2.994844317436218262e-01,4.782429710030555725e-02,4.560725390911102295e-02,1.415382176637649536e-01,3.753866767510771751e-03,3.896928206086158752e-02,8.285003155469894409e-02,8.351760357618331909e-02,7.895379513502120972e-02,-4.360026866197586060e-02,-6.896359473466873169e-02,-1.495637148618698120e-01,-1.234166324138641357e-01,1.177489981055259705e-01,1.333055049180984497e-01,-1.332113426178693771e-02,9.741204231977462769e-02,4.064420983195304871e-02,1.688472330570220947e-01,2.217919379472732544e-01,2.439567148685455322e-01,1.493215560913085938e-01,7.424437254667282104e-02,1.465203315019607544e-01,1.459429264068603516e-01,2.858824431896209717e-01,2.048346549272537231e-01,2.734187245368957520e-01,2.818266451358795166e-01,1.213625743985176086e-01,2.651173174381256104e-01,6.924990564584732056e-02,2.876899242401123047e-01,-9.374509751796722412e-02,2.356992289423942566e-02,1.907525211572647095e-01,2.044575661420822144e-01,1.061759367585182190e-01,2.275927364826202393e-01,2.290899157524108887e-01,2.157943993806838989e-01,1.234810128808021545e-01,2.060320675373077393e-01,1.961120367050170898e-01,1.793890148401260376e-01,2.839860916137695312e-01,4.287332892417907715e-01,2.052816301584243774e-01,2.762539386749267578e-01,2.075320184230804443e-01,1.551598608493804932e-01,2.269915640354156494e-01,2.796421349048614502e-01,9.289813786745071411e-02,6.750897318124771118e-02,1.921786367893218994e-01,1.975778304040431976e-02,2.070158720016479492e-01,8.913318067789077759e-02,9.017690271139144897e-02,-5.779928714036941528e-02,-1.764566078782081604e-02,-6.078150123357772827e-02,3.504616022109985352e-02,-4.464972764253616333e-02,1.443364769220352173e-01,2.333535104990005493e-01,1.053285002708435059e-01,1.635470055043697357e-02,1.087245568633079529e-01,1.198665723204612732e-01,6.840272247791290283e-02,9.498793631792068481e-02,-3.344535827636718750e-02,-1.938683539628982544e-02,1.595811843872070312e-01,1.157917752861976624e-01,1.718191616237163544e-02,1.243889033794403076e-01,7.522700726985931396e-02,1.694903969764709473e-01,1.810788959264755249e-01,1.461670100688934326e-01
4.694943428039550781e-01,2.747837603092193604e-01,2.617617845535278320e-01,1.129393652081489563e-01,2.003303915262222290e-02,2.681556902825832367e-02,4.778925478458404541e-01,3.231950998306274414e-01,1.329544484615325928e-01,8.189439773559570312e-02,4.434695243835449219e-01,3.428823947906494141e-01,1.000000000000000000e+00,3.491570353507995605e-01,1.745620965957641602e-01,-2.745517157018184662e-02,3.853110373020172119e-01,2.989155054092407227e-01,2.730124294757843018e-01,1.952615678310394287e-01,5.999546870589256287e-02,-6.030697748064994812e-02,8.796736598014831543e-02,1.248304359614849091e-02,5.458665639162063599e-02,3.218688303604722023e-03,-4.491977393627166748e-02,-1.518397182226181030e-01,4.346793591976165771e-01,3.794573545455932617e-01,2.352989912033081055e-01,1.632485985755920410e-01,3.378755748271942139e-01,2.312788367271423340e-01,4.730057716369628906e-02,7.537604868412017822e-02,2.515698671340942383e-01,1.974904984235763550e-01,6.398054957389831543e-02,1.311343461275100708e-01,1.181036010384559631e-01,8.746828138828277588e-02,1.269488483667373657e-01,5.057700350880622864e-02,-8.620497584342956543e-02,-7.813446968793869019e-02,1.892247647047042847e-01,1.924605965614318848e-01,-3.760718181729316711e-02,-1.017744615674018860e-01,1.472432166337966919e-01,-3.743682429194450378e-02,2.880670726299285889e-01,2.205131798982620239e-01,1.785663664340972900e-01,2.890419773757457733e-02,2.545892298221588135e-01,7.819794118404388428e-02,2.831271886825561523e-01,-1.284776628017425537e-01,5.004858970642089844e-01,3.679957687854766846e-01,1.040990352630615234e-01,1.143386885523796082e-01,7.172972708940505981e-02,-5.528101697564125061e-02,1.463276892900466919e-02,-1.456800103187561035e-01,1.231833323836326599e-01,-1.952306553721427917e-02,1.908431053161621094e-01,1.283603608608245850e-01,3.056425154209136963e-01,2.518976330757141113e-01,2.751166820526123047e-01,3.069952428340911865e-01,3.989733457565307617e-01,3.278380930423736572e-01,3.350018858909606934e-01,3.511716723442077637e-01,2.456173449754714966e-01,1.119592636823654175e-01,1.508702337741851807e-01,1.914894431829452515e-01,2.836560606956481934e-01,-8.074527233839035034e-02,-2.835833467543125153e-02,1.111928895115852356e-01,3.087666332721710205e-01,-1.408894807100296021e-01,3.586909472942352295e-01,9.723090380430221558e-02,1.573680937290191650e-01,4.885995388031005859e-02,-2.302008122205734253e-02,-4.536116495728492737e-02,2.079735398292541504e-01,-7.907106773927807808e-04,2.267845571041107178e-01,2.640463411808013916e-01,1.134489998221397400e-01,4.403571039438247681e-02,1.434748768806457520e-01,4.753550142049789429e-02,2.578184939920902252e-02,2.458356879651546478e-02,3.339796513319015503e-02,2.952159382402896881e-02,1.320268958806991577e-01,1.290090084075927734e-01,2.068292945623397827e-01,2.005146443843841553e-01,1.440276354551315308e-01,2.233571261167526245e-01,2.241644412279129028e-01,6.517367064952850342e-02
