1.000000000000000000e+00,7.518516182899475098e-01,8.204590678215026855e-01,7.316563129425048828e-01,4.235481917858123779e-01,4.562886655330657959e-01,7.728172540664672852e-01,6.626704931259155273e-01,3.076451122760772705e-01,2.352213859558105469e-01,6.030650138854980469e-01,4.637608528137207031e-01,4.655229747295379639e-01,4.315565824508666992e-01,3.026292622089385986e-01,1.195617765188217163e-01,3.578814268112182617e-01,2.506493330001831055e-01,8.569583892822265625e-01,8.317420482635498047e-01,1.254296898841857910e-01,2.069208174943923950e-01,7.587838768959045410e-01,6.996848583221435547e-01,2.934696078300476074e-01,3.615872859954833984e-01,2.455807924270629883e-01,3.549988567829132080e-01,-9.208020754158496857e-03,-2.222606725990772247e-02,4.361200928688049316e-01,4.548135101795196533e-01,8.247628808021545410e-01,7.652488350868225098e-01,3.193805515766143799e-01,3.149956464767456055e-01,-2.157852947711944580e-01,-1.898956596851348877e-01,-3.438164591789245605e-01,-3.619304299354553223e-01,-2.390576452016830444e-01,2.739447634667158127e-03,1.467048227787017822e-01,1.354265511035919189e-01,4.147792756557464600e-01,3.789209425449371338e-01,-6.284838169813156128e-02,-2.526148036122322083e-02,4.024845361709594727e-01,3.579074442386627197e-01,2.546455264091491699e-01,2.069703191518783569e-01,-4.297905415296554565e-02,1.531324069947004318e-02,-2.895221114158630371e-01,-2.172602117061614990e-01,8.744128346443176270e-01,7.682144045829772949e-01,7.928047776222229004e-01,7.302463650703430176e-01,8.354117870330810547e-01,7.151579260826110840e-01,6.145017743110656738e-01,5.277794599533081055e-01,5.484094023704528809e-01,4.480111598968505859e-01,7.593674659729003906e-01,6.925886869430541992e-01,7.250481843948364258e-01,7.140594124794006348e-01,2.376706898212432861e-01,2.626051008701324463e-01,1.224364414811134338e-01,2.657184191048145294e-02,1.866630762815475464e-01,1.143981367349624634e-01,2.500681579113006592e-01,2.172344326972961426e-01,1.000268682837486267e-01,-3.282508626580238342e-02,5.680230632424354553e-02,7.833570241928100586e-02,-1.315873414278030396e-01,1.000810414552688599e-02,3.112558647990226746e-02,-3.438477963209152222e-02,-1.245014965534210205e-01,-2.147302329540252686e-01,-1.808553040027618408e-01,-9.841469675302505493e-02,-1.195055097341537476e-01,-9.225796908140182495e-02,-3.132705390453338623e-01,-1.730300039052963257e-01,-1.728976964950561523e-01,-2.067569047212600708e-01,-1.787934750318527222e-01,-2.304066419601440430e-01,-1.243989020586013794e-01,-2.496985793113708496e-01,-3.818612396717071533e-01,-1.940948963165283203e-01,-3.590187132358551025e-01,-2.415329366922378540e-01,-3.269003331661224365e-01,-2.430324107408523560e-01,-1.222644522786140442e-01,-2.015186399221420288e-01,-2.547071576118469238e-01,-1.675072759389877319e-01,-1.462489515542984009e-01,-2.585467100143432617e-01,-3.940474092960357666e-01,-3.518112301826477051e-01,-2.195899188518524170e-01,-1.894013881683349609e-01
7.518516182899475098e-01,1.000000000000000000e+00,6.981376409530639648e-01,8.228288888931274414e-01,3.307263851165771484e-01,4.512502849102020264e-01,7.033327221870422363e-01,8.272171616554260254e-01,8.547569811344146729e-02,3.916712105274200439e-01,4.831188023090362549e-01,6.946018934249877930e-01,3.496113121509552002e-01,6.505065560340881348e-01,3.293177857995033264e-02,2.674584984779357910e-01,3.011508584022521973e-01,4.999630153179168701e-01,7.326888442039489746e-01,7.770488858222961426e-01,5.304566770792007446e-02,2.033522278070449829e-01,6.785587072372436523e-01,7.363753914833068848e-01,2.870004773139953613e-01,3.589514195919036865e-01,1.431824117898941040e-01,3.934463560581207275e-01,4.193804785609245300e-02,6.286068260669708252e-02,5.243835449218750000e-01,5.975258946418762207e-01,8.067898154258728027e-01,8.219172954559326172e-01,3.952756226062774658e-01,3.949501812458038330e-01,-1.843008249998092651e-01,-1.177065894007682800e-01,-2.934009134769439697e-01,-3.263576030731201172e-01,-2.291770428419113159e-01,2.834821864962577820e-02,1.205809935927391052e-01,1.984581500291824341e-01,4.173415899276733398e-01,4.956124722957611084e-01,-8.488804847002029419e-02,1.622466370463371277e-02,3.383564054965972900e-01,4.607410132884979248e-01,1.933635026216506958e-01,3.278841078281402588e-01,-6.236868351697921753e-02,-3.214683756232261658e-02,-2.400192767381668091e-01,-2.104565054178237915e-01,7.401654720306396484e-01,8.357104063034057617e-01,6.615297198295593262e-01,7.677365541458129883e-01,7.706860303878784180e-01,8.558958172798156738e-01,4.708119034767150879e-01,7.886556982994079590e-01,3.631052970886230469e-01,7.177547812461853027e-01,7.332796454429626465e-01,6.754365563392639160e-01,6.586884856224060059e-01,6.109860539436340332e-01,3.415829539299011230e-01,3.846575617790222168e-01,1.333074420690536499e-01,1.865752935409545898e-01,1.653406172990798950e-01,2.244473695755004883e-01,3.200049996376037598e-01,3.401508629322052002e-01,6.968639791011810303e-02,6.504901498556137085e-02,1.434407755732536316e-02,2.411794513463973999e-01,-1.602609604597091675e-01,-1.527152210474014282e-02,-7.465438544750213623e-02,6.775680184364318848e-02,-1.683559715747833252e-01,-1.919751614332199097e-01,-2.574716508388519287e-01,-2.839623764157295227e-02,-1.775346994400024414e-01,-1.468607932329177856e-01,-3.249087631702423096e-01,-2.359723746776580811e-01,-1.941568106412887573e-01,-2.114672213792800903e-01,-1.641349047422409058e-01,-2.229786068201065063e-01,-1.903304606676101685e-01,-2.733712792396545410e-01,-3.031353056430816650e-01,-1.556976884603500366e-01,-3.477986454963684082e-01,-2.626041769981384277e-01,-3.168387413024902344e-01,-3.084556162357330322e-01,-1.192479059100151062e-01,-2.657951414585113525e-01,-2.032925188541412354e-01,-1.496335566043853760e-01,-8.658105134963989258e-02,-2.477962970733642578e-01,-3.595571815967559814e-01,-3.269853293895721436e-01,-2.670084536075592041e-01,-2.553492188453674316e-01
8.204590678215026855e-01,6.981376409530639648e-01,1.000000000000000000e+00,7.748116254806518555e-01,4.634312093257904053e-01,4.963668882846832275e-01,8.648102879524230957e-01,7.442880868911743164e-01,3.181848526000976562e-01,2.657333016395568848e-01,6.220951676368713379e-01,5.791661143302917480e-01,5.074457526206970215e-01,5.141557455062866211e-01,3.338923752307891846e-01,1.884961575269699097e-01,3.952928781509399414e-01,3.367735743522644043e-01,7.760183215141296387e-01,7.215481996536254883e-01,1.721762716770172119e-01,2.568382918834686279e-01,8.735753297805786133e-01,8.060782551765441895e-01,3.501569330692291260e-01,3.911803364753723145e-01,2.939495742321014404e-01,4.013864994049072266e-01,1.300609707832336426e-01,7.481244951486587524e-02,6.320483684539794922e-01,6.483896374702453613e-01,7.950171828269958496e-01,7.865422368049621582e-01,3.960671126842498779e-01,4.205772578716278076e-01,-8.163990080356597900e-02,-8.448752015829086304e-02,-2.894313037395477295e-01,-2.429402470588684082e-01,-2.270093560218811035e-01,1.471338607370853424e-02,1.713810116052627563e-01,1.887585222721099854e-01,4.251570105552673340e-01,4.159157872200012207e-01,-1.516836113296449184e-03,3.234857693314552307e-02,3.816767036914825439e-01,3.144249916076660156e-01,2.993286252021789551e-01,2.409979999065399170e-01,-9.759572334587574005e-03,-1.280221622437238693e-02,-1.903082132339477539e-01,-1.701903641223907471e-01,7.131440639495849609e-01,6.403822302818298340e-01,6.209163665771484375e-01,5.708636045455932617e-01,7.545816302299499512e-01,6.384808421134948730e-01,6.223709583282470703e-01,5.723919868469238281e-01,6.264299154281616211e-01,5.135271549224853516e-01,6.905413866043090820e-01,6.142032742500305176e-01,5.648951530456542969e-01,5.193644762039184570e-01,4.162594974040985107e-01,4.346243143081665039e-01,2.603352963924407959e-01,1.452013254165649414e-01,3.073439896106719971e-01,1.763787418603897095e-01,3.359003365039825439e-01,3.447399437427520752e-01,1.963767856359481812e-01,1.958040893077850342e-02,1.263761371374130249e-01,2.255107015371322632e-01,-9.112601727247238159e-02,5.695359781384468079e-02,1.593179255723953247e-01,1.139510869979858398e-01,-1.146613210439682007e-01,-1.388472318649291992e-01,-1.026524603366851807e-01,2.953719347715377808e-02,-1.184463500976562500e-01,-1.708254776895046234e-02,-1.699861139059066772e-01,-7.944817841053009033e-02,-1.518245786428451538e-01,-1.359542012214660645e-01,-1.117887794971466064e-01,-1.786733120679855347e-01,-9.312637150287628174e-02,-1.675032526254653931e-01,-2.933248281478881836e-01,-1.265589147806167603e-01,-3.165296912193298340e-01,-2.432707995176315308e-01,-2.913604676723480225e-01,-2.185451090335845947e-01,-2.315640263259410858e-02,-2.342755347490310669e-01,-1.674424558877944946e-01,-7.043548673391342163e-02,-4.502246901392936707e-02,-1.455850899219512939e-01,-2.641142010688781738e-01,-2.647730410099029541e-01,-1.745074838399887085e-01,-1.477568000555038452e-01
7.316563129425048828e-01,8.228288888931274414e-01,7.748116254806518555e-01,1.000000000000000000e+00,3.117014169692993164e-01,5.038821101188659668e-01,7.102615237236022949e-01,8.522804975509643555e-01,7.113793492317199707e-02,4.711158573627471924e-01,4.955364465713500977e-01,7.035743594169616699e-01,3.362166583538055420e-01,6.646640896797180176e-01,7.446445524692535400e-02,3.864986300468444824e-01,3.214381635189056396e-01,4.907354116439819336e-01,7.461661100387573242e-01,7.954660058021545410e-01,8.355172723531723022e-02,1.939479857683181763e-01,7.964062094688415527e-01,8.466168045997619629e-01,3.317554891109466553e-01,4.238682389259338379e-01,1.420778781175613403e-01,4.083689451217651367e-01,9.130987524986267090e-02,6.327576190233230591e-02,5.270563364028930664e-01,6.694258451461791992e-01,7.657955288887023926e-01,8.189846277236938477e-01,3.817073702812194824e-01,4.295519888401031494e-01,-7.910418510437011719e-02,-1.176063716411590576e-01,-2.443648278713226318e-01,-2.538959681987762451e-01,-1.690447330474853516e-01,4.846584796905517578e-02,2.200942635536193848e-01,2.669707238674163818e-01,4.587976336479187012e-01,5.218003392219543457e-01,5.200789868831634521e-02,1.125544011592864990e-01,4.026917517185211182e-01,4.225886166095733643e-01,2.903330922126770020e-01,3.595600724220275879e-01,2.800957113504409790e-02,-3.312577679753303528e-02,-1.784936636686325073e-01,-1.243634521961212158e-01,6.755638122558593750e-01,6.810662150382995605e-01,6.320040822029113770e-01,6.366199851036071777e-01,7.159227132797241211e-01,6.900858879089355469e-01,4.701062738895416260e-01,6.955842971801757812e-01,4.969763457775115967e-01,6.924410462379455566e-01,7.481520771980285645e-01,7.150104641914367676e-01,6.007836461067199707e-01,5.315576195716857910e-01,3.223791122436523438e-01,3.611879348754882812e-01,1.792386919260025024e-01,1.852947920560836792e-01,2.323034256696701050e-01,2.511547505855560303e-01,3.152400851249694824e-01,3.767801225185394287e-01,1.041220277547836304e-01,1.419938169419765472e-02,6.264076381921768188e-02,2.523058652877807617e-01,-3.827597573399543762e-02,9.733267873525619507e-02,9.962753206491470337e-02,1.240411251783370972e-01,-6.682971864938735962e-02,-6.651573628187179565e-02,-6.917385011911392212e-02,1.159555688500404358e-01,-1.505237165838479996e-02,4.621788486838340759e-02,-1.075315922498703003e-01,-8.585127443075180054e-02,-1.228063926100730896e-01,-1.308382898569107056e-01,-9.023738652467727661e-02,-1.562443375587463379e-01,-7.965154200792312622e-02,-1.912110745906829834e-01,-1.267629116773605347e-01,-3.474349901080131531e-02,-2.098725438117980957e-01,-1.619299948215484619e-01,-2.040304094552993774e-01,-1.875570714473724365e-01,-5.951100960373878479e-02,-1.978757828474044800e-01,-1.421377211809158325e-01,-8.030506223440170288e-02,-3.219614923000335693e-02,-1.406427472829818726e-01,-2.770116031169891357e-01,-2.073757946491241455e-01,-1.620119065046310425e-01,-2.375673204660415649e-01
4.235481917858123779e-01,3.307263851165771484e-01,4.634312093257904053e-01,3.117014169692993164e-01,1.000000000000000000e+00,7.146368026733398438e-01,5.252026319503784180e-01,3.963323831558227539e-01,7.638803124427795410e-01,3.820541501045227051e-01,5.031212568283081055e-01,3.296224772930145264e-01,5.768004655838012695e-01,3.917023837566375732e-01,7.186627388000488281e-01,3.825626373291015625e-01,3.944902420043945312e-01,3.292784988880157471e-01,2.556604444980621338e-01,2.265997976064682007e-01,5.338975787162780762e-01,4.622406065464019775e-01,5.152552723884582520e-01,4.604105949401855469e-01,6.418651342391967773e-01,6.268545389175415039e-01,7.422322034835815430e-01,7.043377161026000977e-01,3.301447927951812744e-01,2.760084867477416992e-01,5.137008428573608398e-01,4.211048781871795654e-01,4.625028073787689209e-01,4.145463109016418457e-01,4.064309298992156982e-01,3.253597319126129150e-01,1.543428897857666016e-01,2.963485717773437500e-01,7.974988222122192383e-02,1.259144991636276245e-01,5.374115332961082458e-02,3.425033390522003174e-01,2.878620922565460205e-01,3.181662559509277344e-01,4.133521020412445068e-01,3.488373458385467529e-01,2.026886343955993652e-01,2.153394520282745361e-01,4.067157804965972900e-01,3.537330925464630127e-01,3.473108112812042236e-01,2.908556759357452393e-01,2.895122766494750977e-01,2.426370680332183838e-01,7.302033901214599609e-02,1.045241132378578186e-01,4.419380724430084229e-01,4.060398638248443604e-01,3.641304373741149902e-01,3.152506351470947266e-01,4.746065139770507812e-01,4.034493267536163330e-01,4.946195185184478760e-01,3.873344957828521729e-01,4.102690815925598145e-01,2.692165374755859375e-01,4.257427752017974854e-01,4.386081695556640625e-01,1.986910402774810791e-01,2.277126014232635498e-01,4.134099781513214111e-01,4.310034513473510742e-01,4.286060929298400879e-01,4.292643368244171143e-01,5.028850436210632324e-01,3.849628865718841553e-01,4.836607575416564941e-01,4.108517765998840332e-01,2.640729248523712158e-01,2.624423205852508545e-01,3.864070773124694824e-01,3.687112629413604736e-01,2.201422303915023804e-01,3.294951021671295166e-01,3.455401360988616943e-01,3.225454390048980713e-01,4.635031893849372864e-02,3.299909830093383789e-02,1.233316883444786072e-01,2.062425017356872559e-01,1.996947228908538818e-01,2.005218416452407837e-01,1.643668976612389088e-03,1.519511640071868896e-01,3.739064559340476990e-02,6.006807833909988403e-02,1.714399009943008423e-01,1.812783479690551758e-01,2.144647538661956787e-01,1.977806985378265381e-01,-1.452783495187759399e-01,1.489859540015459061e-02,-1.061948984861373901e-01,-3.902981057763099670e-02,-7.882052659988403320e-02,1.482027117162942886e-02,4.319052398204803467e-02,7.167447358369827271e-02,6.618438661098480225e-02,9.820258617401123047e-02,2.835283875465393066e-01,1.540119349956512451e-01,7.397783547639846802e-02,5.033638328313827515e-02,7.395067065954208374e-02,4.255878925323486328e-02
4.562886655330657959e-01,4.512502849102020264e-01,4.963668882846832275e-01,5.038821101188659668e-01,7.146368026733398438e-01,1.000000000000000000e+00,5.240316390991210938e-01,5.106476545333862305e-01,5.755298733711242676e-01,6.164763569831848145e-01,4.293825626373291016e-01,4.854132831096649170e-01,4.728411734104156494e-01,5.056477785110473633e-01,5.458359122276306152e-01,5.576769113540649414e-01,3.645438849925994873e-01,4.615010917186737061e-01,3.441389799118041992e-01,3.615202307701110840e-01,4.396497607231140137e-01,4.378436505794525146e-01,5.758492350578308105e-01,5.490828752517700195e-01,5.640041232109069824e-01,7.194273471832275391e-01,5.717582702636718750e-01,7.145608067512512207e-01,2.769136726856231689e-01,2.355717569589614868e-01,5.017335414886474609e-01,5.226945281028747559e-01,4.740774333477020264e-01,5.202389955520629883e-01,3.915407061576843262e-01,3.945727646350860596e-01,1.307303011417388916e-01,2.184380143880844116e-01,2.354958839714527130e-02,5.016757175326347351e-02,6.107516214251518250e-02,3.319038152694702148e-01,3.926786482334136963e-01,4.080490171909332275e-01,4.838181734085083008e-01,4.610389769077301025e-01,3.051626086235046387e-01,3.261071741580963135e-01,4.642179906368255615e-01,4.237807691097259521e-01,4.160282909870147705e-01,4.079210758209228516e-01,3.184858858585357666e-01,2.742790877819061279e-01,5.300787091255187988e-02,1.476792544126510620e-01,4.559869766235351562e-01,4.747130572795867920e-01,4.065219461917877197e-01,3.845357000827789307e-01,4.715718030929565430e-01,4.468769729137420654e-01,3.874041438102722168e-01,4.850693643093109131e-01,4.169148504734039307e-01,4.208697974681854248e-01,5.215110182762145996e-01,5.478305816650390625e-01,2.881817519664764404e-01,3.108243346214294434e-01,3.482866585254669189e-01,3.941823542118072510e-01,3.879036903381347656e-01,3.971546292304992676e-01,4.924207329750061035e-01,4.254298210144042969e-01,4.532888531684875488e-01,4.159687459468841553e-01,2.166827768087387085e-01,2.464984506368637085e-01,2.709870934486389160e-01,3.834778666496276855e-01,1.923155486583709717e-01,3.146813511848449707e-01,3.071722090244293213e-01,3.509239852428436279e-01,2.993372082710266113e-02,1.102368831634521484e-01,1.435235738754272461e-01,3.143119513988494873e-01,2.767115533351898193e-01,3.218663930892944336e-01,1.076074466109275818e-01,1.900728493928909302e-01,6.238315999507904053e-02,4.960355907678604126e-02,1.769651323556900024e-01,1.709590852260589600e-01,2.550641894340515137e-01,1.788159906864166260e-01,-1.653968915343284607e-02,1.387500762939453125e-01,-1.399294845759868622e-02,6.565664708614349365e-02,-1.758320443332195282e-02,2.578811720013618469e-02,4.381712153553962708e-02,1.016997694969177246e-01,5.976593121886253357e-02,1.255453228950500488e-01,2.468380928039550781e-01,1.697869449853897095e-01,6.402402371168136597e-02,5.549930781126022339e-02,7.424791157245635986e-02,-7.166948169469833374e-02
7.728172540664672852e-01,7.033327221870422363e-01,8.648102879524230957e-01,7.102615237236022949e-01,5.252026319503784180e-01,5.240316390991210938e-01,1.000000000000000000e+00,7.911974787712097168e-01,3.807117640972137451e-01,3.488158881664276123e-01,7.308042049407958984e-01,6.370293498039245605e-01,6.798057556152343750e-01,6.404200196266174316e-01,3.334695398807525635e-01,2.554990649223327637e-01,5.256724357604980469e-01,4.186576902866363525e-01,6.582851409912109375e-01,6.046204566955566406e-01,2.728724777698516846e-01,3.343138992786407471e-01,8.188931345939636230e-01,7.880715727806091309e-01,4.239225387573242188e-01,4.246376156806945801e-01,3.156016469001770020e-01,4.402381479740142822e-01,2.917495965957641602e-01,1.622794121503829956e-01,7.413758039474487305e-01,7.122625112533569336e-01,8.350926637649536133e-01,8.222247958183288574e-01,5.497125983238220215e-01,5.232052803039550781e-01,1.541247940622270107e-03,5.232156813144683838e-02,-1.871923506259918213e-01,-1.810342371463775635e-01,-1.155564337968826294e-01,6.376247853040695190e-02,1.461658924818038940e-01,2.008423805236816406e-01,4.332550466060638428e-01,4.518365561962127686e-01,-1.760079339146614075e-02,2.197053283452987671e-02,3.589953482151031494e-01,3.363979160785675049e-01,2.977480590343475342e-01,2.557558119297027588e-01,-2.192451246082782745e-02,-4.136712476611137390e-02,-1.222569495439529419e-01,-1.768568903207778931e-01,6.880351901054382324e-01,5.988798737525939941e-01,5.465571880340576172e-01,5.058526396751403809e-01,8.068056702613830566e-01,6.579403281211853027e-01,7.243103981018066406e-01,6.610326766967773438e-01,6.162440180778503418e-01,5.894332528114318848e-01,6.674122810363769531e-01,5.996897816658020020e-01,4.602758586406707764e-01,4.033726453781127930e-01,5.543534755706787109e-01,5.670989155769348145e-01,4.144735336303710938e-01,2.726469635963439941e-01,4.075044393539428711e-01,2.350940257310867310e-01,4.587619602680206299e-01,4.433259963989257812e-01,2.847025990486145020e-01,1.292320489883422852e-01,2.776251733303070068e-01,3.279055058956146240e-01,-2.252689329907298088e-03,1.154460906982421875e-01,2.118305712938308716e-01,1.844571381807327271e-01,-1.136516183614730835e-01,-1.878703087568283081e-01,-9.801620990037918091e-02,2.894482016563415527e-02,-1.318861842155456543e-01,-6.892021000385284424e-02,-1.974876075983047485e-01,-1.487595885992050171e-01,-1.275812685489654541e-01,-1.270046681165695190e-01,-4.434387385845184326e-02,-1.300551295280456543e-01,-8.760701119899749756e-02,-1.295188516378402710e-01,-2.976388335227966309e-01,-1.816268712282180786e-01,-3.751267492771148682e-01,-3.245888948440551758e-01,-3.394646346569061279e-01,-2.752285301685333252e-01,-3.375948220491409302e-02,-3.155854344367980957e-01,-1.258016526699066162e-01,-1.721221953630447388e-02,6.600929051637649536e-02,-1.029400303959846497e-01,-2.282827198505401611e-01,-2.735493779182434082e-01,-2.217676341533660889e-01,-1.259528845548629761e-01
6.626704931259155273e-01,8.272171616554260254e-01,7.442880868911743164e-01,8.522804975509643555e-01,3.963323831558227539e-01,5.106476545333862305e-01,7.911974787712097168e-01,1.000000000000000000e+00,1.453044414520263672e-01,5.415791273117065430e-01,5.854283571243286133e-01,7.881240844726562500e-01,4.683425426483154297e-01,7.904917597770690918e-01,9.569196403026580811e-02,4.349484145641326904e-01,4.194400608539581299e-01,5.648542046546936035e-01,6.157881021499633789e-01,6.415383219718933105e-01,1.680033653974533081e-01,2.551056742668151855e-01,7.579582333564758301e-01,8.137096166610717773e-01,4.134738147258758545e-01,4.306775033473968506e-01,1.767477393150329590e-01,4.690828621387481689e-01,2.517979443073272705e-01,2.039750218391418457e-01,6.728059053421020508e-01,7.506968379020690918e-01,7.924880981445312500e-01,8.465912938117980957e-01,5.169008374214172363e-01,5.137159824371337891e-01,8.675852790474891663e-03,3.074384480714797974e-02,-1.610020697116851807e-01,-1.871834844350814819e-01,-1.341831535100936890e-01,8.996958285570144653e-02,1.433576941490173340e-01,2.520923912525177002e-01,4.324488937854766846e-01,5.288784503936767578e-01,-2.215595729649066925e-02,7.108841836452484131e-02,3.369880914688110352e-01,4.003999233245849609e-01,2.464999258518218994e-01,3.411136269569396973e-01,-2.326180972158908844e-02,-8.418103307485580444e-02,-1.326312273740768433e-01,-1.568567007780075073e-01,6.097801327705383301e-01,6.357689499855041504e-01,5.191979408264160156e-01,5.543704032897949219e-01,7.322289347648620605e-01,7.400525808334350586e-01,5.591018199920654297e-01,7.904894948005676270e-01,4.903551340103149414e-01,7.641736865043640137e-01,6.816834211349487305e-01,6.597042083740234375e-01,4.435744881629943848e-01,3.651787936687469482e-01,5.074865221977233887e-01,5.436962842941284180e-01,3.223249614238739014e-01,3.434248268604278564e-01,3.188479840755462646e-01,3.076380193233489990e-01,4.346733987331390381e-01,4.749490320682525635e-01,2.115926146507263184e-01,1.417153775691986084e-01,1.899967640638351440e-01,3.813693821430206299e-01,1.010942505672574043e-03,1.470532268285751343e-01,1.292859464883804321e-01,2.133391648530960083e-01,-8.195680379867553711e-02,-1.284053623676300049e-01,-9.326186031103134155e-02,9.171267598867416382e-02,-6.395700573921203613e-02,-4.044089466333389282e-02,-1.643016487360000610e-01,-1.549760252237319946e-01,-1.072183921933174133e-01,-1.002382859587669373e-01,-3.450813889503479004e-02,-1.190438643097877502e-01,-9.510829299688339233e-02,-1.652310937643051147e-01,-1.611300110816955566e-01,-1.055379211902618408e-01,-2.796239852905273438e-01,-2.605628371238708496e-01,-2.619190514087677002e-01,-2.574000358581542969e-01,-3.774833306670188904e-02,-3.031745851039886475e-01,-9.747789055109024048e-02,-1.800919137895107269e-02,6.526889652013778687e-02,-1.031792461872100830e-01,-2.440234869718551636e-01,-2.293827682733535767e-01,-2.096199989318847656e-01,-1.925077289342880249e-01
3.076451122760772705e-01,8.547569811344146729e-02,3.181848526000976562e-01,7.113793492317199707e-02,7.638803124427795410e-01,5.755298733711242676e-01,3.807117640972137451e-01,1.453044414520263672e-01,1.000000000000000000e+00,2.707480192184448242e-01,4.789344072341918945e-01,1.375396400690078735e-01,6.408560872077941895e-01,1.604272872209548950e-01,8.573914766311645508e-01,2.814531028270721436e-01,4.481649994850158691e-01,2.108174115419387817e-01,1.054398268461227417e-01,4.324971884489059448e-02,5.508440732955932617e-01,4.782223403453826904e-01,3.642555773258209229e-01,2.512213885784149170e-01,5.374152064323425293e-01,5.745458006858825684e-01,7.118264436721801758e-01,5.541785955429077148e-01,3.212091028690338135e-01,2.333056479692459106e-01,3.681473433971405029e-01,2.355765551328659058e-01,2.844623029232025146e-01,1.889157593250274658e-01,3.461355865001678467e-01,2.929686605930328369e-01,2.487376332283020020e-01,3.633189201354980469e-01,1.409592628479003906e-01,2.162208557128906250e-01,1.415411084890365601e-01,3.886742889881134033e-01,3.517376482486724854e-01,3.131350874900817871e-01,3.634277582168579102e-01,2.429099977016448975e-01,3.235380053520202637e-01,2.822386324405670166e-01,3.898507654666900635e-01,2.459574639797210693e-01,3.718679547309875488e-01,2.176133841276168823e-01,3.243904709815979004e-01,3.691400587558746338e-01,1.971918642520904541e-01,1.921067833900451660e-01,3.426722884178161621e-01,2.555355429649353027e-01,2.211311608552932739e-01,1.106240302324295044e-01,3.186063468456268311e-01,1.672418564558029175e-01,4.461589157581329346e-01,1.305405348539352417e-01,4.386946856975555420e-01,3.674831241369247437e-02,2.728691697120666504e-01,2.840007245540618896e-01,7.961261272430419922e-02,1.506530195474624634e-01,3.492013216018676758e-01,3.543570339679718018e-01,4.590835869312286377e-01,3.668154478073120117e-01,5.164906978607177734e-01,2.883675694465637207e-01,4.138804674148559570e-01,3.100004196166992188e-01,3.206045329570770264e-01,3.147346675395965576e-01,4.168392419815063477e-01,2.975978255271911621e-01,2.804370522499084473e-01,3.208149373531341553e-01,4.449923932552337646e-01,3.563787043094635010e-01,6.122858077287673950e-02,1.131107956171035767e-01,2.182274609804153442e-01,2.240314334630966187e-01,2.326985150575637817e-01,2.489728033542633057e-01,7.452333718538284302e-02,2.028330564498901367e-01,1.130974814295768738e-01,1.401322484016418457e-01,2.469777166843414307e-01,2.735682725906372070e-01,3.322173357009887695e-01,3.058200180530548096e-01,-1.097227558493614197e-01,-1.786191575229167938e-02,-1.626407541334629059e-02,1.902558654546737671e-02,6.073859054595232010e-03,9.211368113756179810e-02,1.395921707153320312e-01,1.377816200256347656e-01,9.466290473937988281e-02,1.784248054027557373e-01,3.281373381614685059e-01,2.422720938920974731e-01,1.879515945911407471e-01,9.825616329908370972e-02,1.489825844764709473e-01,1.615216135978698730e-01
2.352213859558105469e-01,3.916712105274200439e-01,2.657333016395568848e-01,4.711158573627471924e-01,3.820541501045227051e-01,6.164763569831848145e-01,3.488158881664276123e-01,5.415791273117065430e-01,2.707480192184448242e-01,1.000000000000000000e+00,3.155356049537658691e-01,5.629310011863708496e-01,3.181675076484680176e-01,6.494577527046203613e-01,1.798952221870422363e-01,7.751737833023071289e-01,3.640219271183013916e-01,5.694286227226257324e-01,1.101160123944282532e-01,1.835883259773254395e-01,2.633966803550720215e-01,3.315039575099945068e-01,3.772508203983306885e-01,4.561174213886260986e-01,4.879245460033416748e-01,5.498058795928955078e-01,2.456813156604766846e-01,5.688948035240173340e-01,3.601436316967010498e-01,3.027439713478088379e-01,3.864843845367431641e-01,5.130861401557922363e-01,3.320963382720947266e-01,4.332022368907928467e-01,3.979809880256652832e-01,3.960402607917785645e-01,2.583478093147277832e-01,2.722670435905456543e-01,1.577047407627105713e-01,9.471240639686584473e-02,1.546983569860458374e-01,2.889139950275421143e-01,3.023406863212585449e-01,4.055221378803253174e-01,3.543548882007598877e-01,4.460484981536865234e-01,2.672816216945648193e-01,3.332280218601226807e-01,3.227398693561553955e-01,3.786851167678833008e-01,3.021740317344665527e-01,4.080581068992614746e-01,2.408829033374786377e-01,1.520501077175140381e-01,1.069548726081848145e-01,1.775459200143814087e-01,2.361228764057159424e-01,2.522823512554168701e-01,1.714618653059005737e-01,1.801103949546813965e-01,3.224886357784271240e-01,3.279759585857391357e-01,2.199064791202545166e-01,4.804435074329376221e-01,2.964105904102325439e-01,5.096835494041442871e-01,3.638701736927032471e-01,4.399880766868591309e-01,7.775226980447769165e-02,4.268576204776763916e-02,3.275026381015777588e-01,3.727930784225463867e-01,3.727318048477172852e-01,4.623883068561553955e-01,3.730402588844299316e-01,4.057127833366394043e-01,3.965506255626678467e-01,4.107580482959747314e-01,2.247222363948822021e-01,2.741482853889465332e-01,2.924118936061859131e-01,4.201388955116271973e-01,2.952865958213806152e-01,3.499314486980438232e-01,2.949506044387817383e-01,3.762907981872558594e-01,8.984766900539398193e-02,1.593751162290573120e-01,2.075300663709640503e-01,3.904720246791839600e-01,2.970567047595977783e-01,2.811959981918334961e-01,2.143776267766952515e-01,1.357957422733306885e-01,1.584395617246627808e-01,1.625982522964477539e-01,2.648462653160095215e-01,2.182298153638839722e-01,2.497719526290893555e-01,1.905083805322647095e-01,2.457986027002334595e-01,1.801799237728118896e-01,1.063001751899719238e-01,6.568978726863861084e-02,3.261955827474594116e-02,-9.310867637395858765e-03,1.253009289503097534e-01,2.449409221298992634e-04,1.338686645030975342e-01,1.800715178251266479e-01,2.937291860580444336e-01,2.101075947284698486e-01,1.042951270937919617e-01,1.492257863283157349e-01,4.256144538521766663e-02,-5.480876192450523376e-02
6.030650138854980469e-01,4.831188023090362549e-01,6.220951676368713379e-01,4.955364465713500977e-01,5.031212568283081055e-01,4.293825626373291016e-01,7.308042049407958984e-01,5.854283571243286133e-01,4.789344072341918945e-01,3.155356049537658691e-01,1.000000000000000000e+00,5.632589459419250488e-01,8.485648036003112793e-01,5.953474044799804688e-01,4.491725564002990723e-01,3.475627005100250244e-01,7.626206874847412109e-01,4.754115641117095947e-01,4.188517630100250244e-01,3.901777565479278564e-01,3.770464956760406494e-01,3.376012146472930908e-01,6.476756930351257324e-01,6.354647874832153320e-01,4.690834283828735352e-01,4.918008148670196533e-01,3.620535731315612793e-01,3.524534404277801514e-01,5.113489627838134766e-01,3.622150421142578125e-01,7.337293624877929688e-01,6.509724259376525879e-01,6.914077401161193848e-01,6.367553472518920898e-01,6.730090975761413574e-01,6.399424076080322266e-01,2.768102884292602539e-01,2.840676307678222656e-01,6.808496266603469849e-02,8.413241803646087646e-02,-6.013209465891122818e-03,2.415529042482376099e-01,3.230926990509033203e-01,3.655896782875061035e-01,5.264967679977416992e-01,5.416117906570434570e-01,1.930217891931533813e-01,2.197333723306655884e-01,4.730456173419952393e-01,4.567313790321350098e-01,4.473863244056701660e-01,3.893691301345825195e-01,1.554615795612335205e-01,1.481118202209472656e-01,1.105167791247367859e-01,4.787648096680641174e-02,6.041351556777954102e-01,4.604602754116058350e-01,4.229826033115386963e-01,3.017664253711700439e-01,6.849898099899291992e-01,4.297451078891754150e-01,7.711425423622131348e-01,5.390879511833190918e-01,6.102749705314636230e-01,4.789303243160247803e-01,5.943022370338439941e-01,5.576258301734924316e-01,2.836729884147644043e-01,2.645406126976013184e-01,6.677247285842895508e-01,6.642364263534545898e-01,6.003698110580444336e-01,4.416472315788269043e-01,5.599606633186340332e-01,3.683588802814483643e-01,6.116119027137756348e-01,5.678348541259765625e-01,4.777321219444274902e-01,3.212193250656127930e-01,5.208476185798645020e-01,4.747151434421539307e-01,1.311714500188827515e-01,2.445762902498245239e-01,4.261195659637451172e-01,3.662042617797851562e-01,6.336632184684276581e-03,-6.081493198871612549e-02,1.038803458213806152e-01,1.249788925051689148e-01,3.246781975030899048e-02,3.282770887017250061e-02,-1.083134636282920837e-01,-7.396941632032394409e-02,4.101993516087532043e-02,1.123325452208518982e-01,1.987276375293731689e-01,1.610167473554611206e-01,1.475978046655654907e-01,1.025777831673622131e-01,-1.946011334657669067e-01,-1.550639122724533081e-01,-2.439071536064147949e-01,-2.174671739339828491e-01,-2.409656643867492676e-01,-1.619945615530014038e-01,-3.146324306726455688e-02,-1.750934869050979614e-01,1.368471980094909668e-01,2.039515823125839233e-01,3.228554725646972656e-01,1.532023549079895020e-01,-1.063877437263727188e-02,-9.853491187095642090e-02,-1.688267737627029419e-01,-6.311525404453277588e-02
4.637608528137207031e-01,6.946018934249877930e-01,5.791661143302917480e-01,7.035743594169616699e-01,3.296224772930145264e-01,4.854132831096649170e-01,6.370293498039245605e-01,7.881240844726562500e-01,1.375396400690078735e-01,5.629310011863708496e-01,5.632589459419250488e-01,1.000000000000000000e+00,4.822943806648254395e-01,8.481451272964477539e-01,8.938344568014144897e-02,5.970556735992431641e-01,4.963402450084686279e-01,7.726324796676635742e-01,3.578560948371887207e-01,4.292040765285491943e-01,2.563642561435699463e-01,3.287298381328582764e-01,6.561542749404907227e-01,7.168655395507812500e-01,4.546591937541961670e-01,5.006787180900573730e-01,1.819712370634078979e-01,4.466182291507720947e-01,3.749878406524658203e-01,3.759888410568237305e-01,6.783586144447326660e-01,8.072124123573303223e-01,6.487621068954467773e-01,7.061272859573364258e-01,6.460015773773193359e-01,6.538702249526977539e-01,2.176949530839920044e-01,2.795194387435913086e-01,3.340988606214523315e-02,7.476540654897689819e-02,1.503726001828908920e-02,1.644026786088943481e-01,3.656615018844604492e-01,4.775615334510803223e-01,5.784085988998413086e-01,6.689350605010986328e-01,2.351538985967636108e-01,3.261516988277435303e-01,5.019179582595825195e-01,5.644482970237731934e-01,4.745328724384307861e-01,5.588665008544921875e-01,1.868523955345153809e-01,1.052218899130821228e-01,9.554269909858703613e-02,9.501049667596817017e-02,4.713726043701171875e-01,5.301523208618164062e-01,3.641071617603302002e-01,3.828713595867156982e-01,6.108767986297607422e-01,6.001533865928649902e-01,5.406860113143920898e-01,8.223395347595214844e-01,5.313094854354858398e-01,8.121803998947143555e-01,6.134402155876159668e-01,6.014820933341979980e-01,2.440831661224365234e-01,1.807317137718200684e-01,6.756668686866760254e-01,7.232926487922668457e-01,4.536992311477661133e-01,5.341485142707824707e-01,4.521302282810211182e-01,4.110282063484191895e-01,5.793203711509704590e-01,6.386936902999877930e-01,3.390316665172576904e-01,3.597685098648071289e-01,2.977113425731658936e-01,5.762796401977539062e-01,1.163719445466995239e-01,2.409700453281402588e-01,3.212588429450988770e-01,4.684242904186248779e-01,-4.098472744226455688e-02,1.069553382694721222e-02,9.298712760210037231e-02,3.468338549137115479e-01,7.794748246669769287e-02,1.443759799003601074e-01,3.550802171230316162e-02,2.441972261294722557e-03,3.546214476227760315e-02,7.933133840560913086e-02,1.927014142274856567e-01,1.586748212575912476e-01,1.247863844037055969e-01,1.033453345298767090e-01,4.746724665164947510e-02,6.107310205698013306e-02,-1.457374840974807739e-01,-1.336933225393295288e-01,-1.821462064981460571e-01,-1.892951279878616333e-01,6.689693033695220947e-02,-1.373422741889953613e-01,1.378563791513442993e-01,2.283831536769866943e-01,3.497826457023620605e-01,1.807910054922103882e-01,1.487565319985151291e-02,-5.975691229104995728e-02,-1.789870709180831909e-01,-2.083794921636581421e-01
4.655229747295379639e-01,3.496113121509552002e-01,5.074457526206970215e-01,3.362166583538055420e-01,5.768004655838012695e-01,4.728411734104156494e-01,6.798057556152343750e-01,4.683425426483154297e-01,6.408560872077941895e-01,3.181675076484680176e-01,8.485648036003112793e-01,4.822943806648254395e-01,1.000000000000000000e+00,5.307252407073974609e-01,5.721325278282165527e-01,3.564497828483581543e-01,7.515754699707031250e-01,4.622288644313812256e-01,2.588944137096405029e-01,2.090184092521667480e-01,4.981008470058441162e-01,4.358645975589752197e-01,5.489159226417541504e-01,5.129244923591613770e-01,4.997404813766479492e-01,5.203694701194763184e-01,4.654846191406250000e-01,3.895784020423889160e-01,5.617985725402832031e-01,3.732755780220031738e-01,6.893490552902221680e-01,5.716270804405212402e-01,5.745216608047485352e-01,5.099840760231018066e-01,6.855851411819458008e-01,6.196824312210083008e-01,3.381247520446777344e-01,4.216422438621520996e-01,1.495367884635925293e-01,1.902322173118591309e-01,1.231750398874282837e-01,2.842592298984527588e-01,3.344253599643707275e-01,3.809801042079925537e-01,4.894475340843200684e-01,4.784193336963653564e-01,2.426799237728118896e-01,2.421705871820449829e-01,4.287555217742919922e-01,3.929708600044250488e-01,4.188702702522277832e-01,3.315554857254028320e-01,1.730293184518814087e-01,1.836395412683486938e-01,1.878442466259002686e-01,8.753876388072967529e-02,4.720315635204315186e-01,3.412133157253265381e-01,2.954694628715515137e-01,1.920389980077743530e-01,5.965389013290405273e-01,3.478175699710845947e-01,7.353258132934570312e-01,4.575949609279632568e-01,5.986818075180053711e-01,4.016366899013519287e-01,4.792907238006591797e-01,4.582706689834594727e-01,1.268086582422256470e-01,1.390033066272735596e-01,6.621012687683105469e-01,6.647284030914306641e-01,6.600847244262695312e-01,4.922822713851928711e-01,6.274933815002441406e-01,3.550392687320709229e-01,6.200606822967529297e-01,5.576104521751403809e-01,5.104328989982604980e-01,3.923202753067016602e-01,5.974229574203491211e-01,4.974982142448425293e-01,2.653314769268035889e-01,3.317775726318359375e-01,4.857962131500244141e-01,4.362418651580810547e-01,-3.524370491504669189e-03,-3.459522128105163574e-02,1.321209222078323364e-01,1.752628237009048462e-01,7.470785826444625854e-02,6.114589422941207886e-02,-5.638182908296585083e-02,-2.152252011001110077e-02,1.058895066380500793e-01,1.319284290075302124e-01,2.597835063934326172e-01,2.209611535072326660e-01,2.071533948183059692e-01,2.104317843914031982e-01,-1.644572913646697998e-01,-1.237705573439598083e-01,-2.204668372869491577e-01,-1.762145012617111206e-01,-2.123821228742599487e-01,-1.160785779356956482e-01,4.464111849665641785e-02,-1.493552327156066895e-01,1.542316228151321411e-01,2.329021692276000977e-01,4.091742634773254395e-01,2.251113653182983398e-01,9.068162739276885986e-02,-5.665858462452888489e-02,-1.234033703804016113e-01,5.001626908779144287e-02
