1.000000000000000000e+00,5.960075259208679199e-01,5.620093345642089844e-01,3.802894949913024902e-01,-1.417165249586105347e-01,-2.972549796104431152e-01,5.140390396118164062e-01,2.802088260650634766e-01,-2.252455055713653564e-01,-3.577398657798767090e-01,2.033672332763671875e-01,1.360554099082946777e-01,2.527934908866882324e-01,-4.009593278169631958e-02,2.118981629610061646e-02,-2.421497404575347900e-01,1.877954751253128052e-01,9.018463641405105591e-02,6.361274719238281250e-01,5.463114976882934570e-01,3.955112770199775696e-02,-2.698807418346405029e-02,4.226631820201873779e-01,3.611948490142822266e-01,-1.812094300985336304e-01,-1.764513403177261353e-01,-1.061392948031425476e-01,-7.726279646158218384e-02,1.098168417811393738e-01,-4.865464940667152405e-02,1.249095275998115540e-01,5.574279278516769409e-02,4.885427355766296387e-01,4.137064516544342041e-01,-2.912629209458827972e-02,-8.522321283817291260e-02,-3.395493328571319580e-02,-5.370266735553741455e-02,7.634557038545608521e-02,5.942036211490631104e-02,1.314758956432342529e-01,1.427083909511566162e-01,6.549770385026931763e-02,-5.676824972033500671e-02,2.286384999752044678e-01,1.821747124195098877e-01,9.389695478603243828e-04,-1.760433055460453033e-02,2.942317426204681396e-01,3.264370858669281006e-01,1.487228125333786011e-01,1.644110083580017090e-01,-3.790811449289321899e-02,-1.211084574460983276e-01,4.013565555214881897e-02,-2.182827144861221313e-02,6.994588971138000488e-01,6.342126131057739258e-01,5.529007315635681152e-01,4.776133596897125244e-01,5.207918286323547363e-01,3.516034483909606934e-01,2.488961070775985718e-01,2.461610883474349976e-01,3.987449109554290771e-01,1.774326860904693604e-01,3.848378658294677734e-01,2.982856929302215576e-01,4.888591468334197998e-01,4.790262281894683838e-01,1.001420617103576660e-01,-1.492540352046489716e-03,3.092019259929656982e-02,-1.127557754516601562e-01,1.855943053960800171e-01,2.958089672029018402e-02,8.232550323009490967e-02,1.735192723572254181e-02,2.849555611610412598e-01,1.402070224285125732e-01,4.595115780830383301e-02,-1.587209999561309814e-01,-3.011786378920078278e-02,-1.424713283777236938e-01,3.097870014607906342e-02,-1.337749511003494263e-01,7.442296296358108521e-02,2.652549371123313904e-02,2.604756355285644531e-01,1.210717111825942993e-02,7.652150839567184448e-02,2.205614149570465088e-01,-1.352522429078817368e-02,1.028302758932113647e-01,2.206415683031082153e-01,1.808909326791763306e-01,2.691508531570434570e-01,3.482135478407144547e-03,-4.034152999520301819e-02,7.847049087285995483e-02,-8.091127872467041016e-02,2.374282777309417725e-01,4.918986558914184570e-02,2.539104223251342773e-01,-6.004230305552482605e-02,-1.866445690393447876e-01,1.735384948551654816e-02,-1.471381168812513351e-02,4.442533105611801147e-02,3.507378697395324707e-01,2.787124216556549072e-01,-1.182658448815345764e-01,8.569826930761337280e-02,1.133307516574859619e-01,-2.856577560305595398e-02,1.846982240676879883e-01
5.960075259208679199e-01,1.000000000000000000e+00,3.865936100482940674e-01,5.241824388504028320e-01,-1.913038343191146851e-01,-2.347983419895172119e-01,2.758771181106567383e-01,4.745590388774871826e-01,-3.665998876094818115e-01,-2.428897768259048462e-01,1.090134959667921066e-02,1.543432176113128662e-01,-5.136569961905479431e-02,1.209486927837133408e-02,-2.064648419618606567e-01,-1.550780236721038818e-01,1.689420640468597412e-01,2.673588693141937256e-02,5.185861587524414062e-01,6.391916871070861816e-01,-5.313633941113948822e-03,4.942366108298301697e-02,3.022450506687164307e-01,3.997516632080078125e-01,-2.404695302248001099e-01,-2.196534425020217896e-01,-1.970598846673965454e-01,-2.454019710421562195e-02,1.131271645426750183e-01,-1.570800133049488068e-02,6.387467682361602783e-02,1.389349997043609619e-01,5.610575079917907715e-01,5.698052048683166504e-01,-1.192619949579238892e-01,-6.655169278383255005e-02,4.194990545511245728e-02,-3.742408007383346558e-04,3.638863936066627502e-02,1.060991138219833374e-01,1.955830603837966919e-01,2.457657903432846069e-01,-7.794919610023498535e-02,-1.324331015348434448e-01,1.947903931140899658e-01,1.499096900224685669e-01,-8.636910468339920044e-02,-1.213093847036361694e-01,2.011668384075164795e-01,3.012466430664062500e-01,-1.166811119765043259e-02,1.602614820003509521e-01,-7.491636276245117188e-02,-1.698241233825683594e-01,-2.314538694918155670e-02,-4.653246700763702393e-02,5.960140824317932129e-01,7.920540571212768555e-01,6.016035676002502441e-01,6.374366879463195801e-01,5.221028923988342285e-01,6.334171295166015625e-01,2.383037209510803223e-01,4.194124639034271240e-01,3.300983905792236328e-01,4.094829857349395752e-01,4.896801114082336426e-01,4.957717359066009521e-01,4.962368309497833252e-01,4.840620160102844238e-01,1.388395112007856369e-02,-2.222852222621440887e-02,-3.931007906794548035e-02,-6.495328247547149658e-02,1.094240769743919373e-01,9.468992054462432861e-02,-1.050898898392915726e-02,4.148254543542861938e-02,3.681960105895996094e-01,1.215997338294982910e-01,-4.724138975143432617e-02,-2.460542619228363037e-01,-5.268139392137527466e-02,-2.541750371456146240e-01,-2.051114737987518311e-01,-9.714931994676589966e-02,1.231820881366729736e-01,-1.250861864537000656e-02,1.000889390707015991e-01,4.043766856193542480e-02,9.762379340827465057e-03,5.579999834299087524e-02,2.680084109306335449e-02,3.474286524578928947e-03,2.910714149475097656e-01,2.706581056118011475e-01,2.566350400447845459e-01,-1.011602282524108887e-01,-1.218839064240455627e-01,-9.829323738813400269e-02,-2.008427865803241730e-02,1.430377960205078125e-01,1.662605702877044678e-01,2.410003840923309326e-01,2.545123361051082611e-02,-1.908716708421707153e-01,9.217707812786102295e-02,7.872547209262847900e-02,1.043988689780235291e-01,4.845476150512695312e-01,2.678454816341400146e-01,-2.728236913681030273e-01,5.458967760205268860e-02,2.460938990116119385e-01,1.990004908293485641e-03,1.589108407497406006e-01
5.620093345642089844e-01,3.865936100482940674e-01,1.000000000000000000e+00,5.372110009193420410e-01,-1.155880000442266464e-02,-2.584793269634246826e-01,7.580860257148742676e-01,3.328616917133331299e-01,-5.320016667246818542e-02,-3.624603450298309326e-01,8.310622721910476685e-02,4.512120038270950317e-02,1.726758480072021484e-01,-1.311195045709609985e-01,1.176269128918647766e-01,-3.046391606330871582e-01,9.185387194156646729e-02,3.298270329833030701e-02,5.197739005088806152e-01,4.314809143543243408e-01,1.753034591674804688e-01,6.254064291715621948e-02,7.808480858802795410e-01,5.864945054054260254e-01,2.918226271867752075e-02,1.599966362118721008e-02,2.909353747963905334e-02,-1.379704624414443970e-01,1.380901336669921875e-01,-2.384783513844013214e-02,3.966358304023742676e-01,3.103194832801818848e-01,5.109748244285583496e-01,4.260213375091552734e-01,1.402170658111572266e-01,2.159463800489902496e-02,-3.592142090201377869e-02,-6.376525014638900757e-02,1.269889026880264282e-01,6.742778420448303223e-02,1.425588577985763550e-01,1.585568636655807495e-01,1.299974769353866577e-01,1.028676517307758331e-02,3.411816954612731934e-01,2.371659576892852783e-01,-1.890452229417860508e-03,-9.209177643060684204e-02,3.238480091094970703e-01,3.737741112709045410e-01,2.051312029361724854e-01,1.810506880283355713e-01,-3.513156250119209290e-02,-1.920082122087478638e-01,9.481246583163738251e-03,-1.227511242032051086e-01,4.181936681270599365e-01,4.321420490741729736e-01,5.285405516624450684e-01,4.299349486827850342e-01,5.094196796417236328e-01,3.157379627227783203e-01,1.724005788564682007e-01,2.581097483634948730e-01,4.318969547748565674e-01,3.314237892627716064e-01,5.030525326728820801e-01,4.212124943733215332e-01,2.733530402183532715e-01,3.880431056022644043e-01,2.095137685537338257e-01,1.403813064098358154e-01,-7.783610490150749683e-04,-1.285911947488784790e-01,9.934502094984054565e-02,-7.652920484542846680e-02,5.788829922676086426e-02,-2.509394288063049316e-02,3.044435977935791016e-01,2.240390479564666748e-01,6.625936925411224365e-02,-1.374151185154914856e-02,-6.852190941572189331e-02,2.095162495970726013e-02,2.023792415857315063e-01,-6.464391946792602539e-02,4.385967925190925598e-02,2.734652534127235413e-02,3.108431696891784668e-01,2.935957349836826324e-02,6.380452215671539307e-02,1.122203096747398376e-01,1.037857234477996826e-01,1.270055919885635376e-01,1.224347203969955444e-01,1.330128014087677002e-01,1.542546004056930542e-01,-1.015629023313522339e-01,-1.683008819818496704e-01,-4.652122035622596741e-02,-4.688614606857299805e-02,2.931474745273590088e-01,4.660728201270103455e-02,1.509358584880828857e-01,-6.649080198258161545e-03,-1.391591578722000122e-01,5.775795504450798035e-02,3.020515432581305504e-03,2.747392514720559120e-03,2.264587730169296265e-01,2.371876835823059082e-01,-1.419641524553298950e-01,2.628081105649471283e-02,4.982903599739074707e-02,-8.082604408264160156e-02,5.642171576619148254e-02
3.802894949913024902e-01,5.241824388504028320e-01,5.372110009193420410e-01,1.000000000000000000e+00,2.939908578991889954e-02,5.173219367861747742e-02,4.296753704547882080e-01,7.285245656967163086e-01,-1.565419435501098633e-01,-3.053763136267662048e-02,-4.978051409125328064e-02,1.462560743093490601e-01,-5.959298089146614075e-02,5.575347691774368286e-02,1.743303611874580383e-02,2.231610380113124847e-02,2.107500135898590088e-01,8.977810293436050415e-02,3.621387481689453125e-01,4.819499850273132324e-01,1.061470061540603638e-01,1.133655756711959839e-01,5.966942906379699707e-01,7.333310842514038086e-01,-3.187862411141395569e-02,5.793585255742073059e-02,-1.790099963545799255e-02,8.476192504167556763e-02,1.644068211317062378e-01,7.681384682655334473e-02,2.603383362293243408e-01,3.333316743373870850e-01,4.854632019996643066e-01,5.572709441184997559e-01,1.093750894069671631e-01,1.196067035198211670e-01,1.057874187827110291e-01,5.648512020707130432e-02,1.409809738397598267e-01,1.271187216043472290e-01,2.416215240955352783e-01,2.185432165861129761e-01,4.300031438469886780e-02,-1.089604105800390244e-02,3.384998142719268799e-01,2.830297946929931641e-01,-2.695167204365134239e-03,-5.241707433015108109e-03,2.210969626903533936e-01,4.264012277126312256e-01,3.160371258854866028e-02,2.768088877201080322e-01,-5.236450582742691040e-02,-1.020644158124923706e-01,1.415921002626419067e-02,2.072432450950145721e-02,3.166819810867309570e-01,4.499418437480926514e-01,6.112163066864013672e-01,7.069651484489440918e-01,4.040504097938537598e-01,5.895621776580810547e-01,1.331527233123779297e-01,3.060800731182098389e-01,2.218892276287078857e-01,7.032143473625183105e-01,5.523805618286132812e-01,5.872761607170104980e-01,2.719699442386627197e-01,4.166161715984344482e-01,8.861012011766433716e-02,8.417587727308273315e-02,1.004261709749698639e-02,2.463201060891151428e-02,6.376669555902481079e-02,5.697102472186088562e-02,6.080382317304611206e-02,4.027316346764564514e-02,2.845182120800018311e-01,2.036568522453308105e-01,4.168312251567840576e-02,-4.017347842454910278e-02,2.444632537662982941e-02,-5.650058761239051819e-02,-9.342021495103836060e-02,1.117496043443679810e-01,8.202385902404785156e-02,1.284310668706893921e-01,2.167320698499679565e-01,3.220042288303375244e-01,1.326007843017578125e-01,-7.155342400074005127e-02,2.277778834104537964e-01,5.392316356301307678e-02,1.395111978054046631e-01,1.734715849161148071e-01,1.995873302221298218e-01,-1.622308343648910522e-01,-1.354465633630752563e-01,-2.136593908071517944e-01,1.197139099240303040e-01,3.001890182495117188e-01,1.439471393823623657e-01,2.149866670370101929e-01,6.394809484481811523e-02,-4.749441891908645630e-02,6.684517115354537964e-02,9.317392855882644653e-02,6.465359032154083252e-02,2.926169335842132568e-01,2.446258068084716797e-01,-2.465426027774810791e-01,-4.828300699591636658e-02,1.580492109060287476e-01,1.191888120956718922e-03,5.541090667247772217e-02
-1.417165249586105347e-01,-1.913038343191146851e-01,-1.155880000442266464e-02,2.939908578991889954e-02,1.000000000000000000e+00,6.358932256698608398e-01,-6.365330517292022705e-02,6.584515795111656189e-03,5.780419111251831055e-01,4.669644534587860107e-01,1.482084393501281738e-01,2.298489809036254883e-01,1.936228126287460327e-01,2.875563204288482666e-01,5.911640524864196777e-01,4.831842184066772461e-01,6.052145734429359436e-03,1.469586193561553955e-01,-1.389042437076568604e-01,-2.062746286392211914e-01,2.282748222351074219e-01,1.640582233667373657e-01,1.059995293617248535e-01,1.172651201486587524e-01,4.635670185089111328e-01,4.766201376914978027e-01,6.578117609024047852e-01,5.953688621520996094e-01,2.964666299521923065e-02,1.971706151962280273e-01,1.965575069189071655e-01,1.583947539329528809e-01,-1.033632457256317139e-01,-7.168450951576232910e-02,2.391434609889984131e-01,1.328836381435394287e-01,4.719288349151611328e-01,7.593202590942382812e-02,2.497582435607910156e-01,1.152106225490570068e-01,3.250764608383178711e-01,8.179308846592903137e-03,1.598695963621139526e-01,1.542466431856155396e-01,3.504075109958648682e-03,6.737378984689712524e-02,1.913293749094009399e-01,1.725584864616394043e-01,-1.340806297957897186e-02,-3.947927057743072510e-02,1.581992208957672119e-01,5.615741387009620667e-02,3.840312361717224121e-01,1.817534565925598145e-01,2.956867516040802002e-01,1.130731925368309021e-01,-2.196940183639526367e-01,-2.011274099349975586e-01,-6.738325208425521851e-02,-1.117617189884185791e-01,-1.712574362754821777e-01,-1.604285687208175659e-01,-1.129114404320716858e-01,-1.382491271942853928e-02,-8.145548054017126560e-04,4.768393561244010925e-02,3.027617745101451874e-02,-4.829264432191848755e-02,-1.557163596153259277e-01,-1.228948086500167847e-01,2.093199044466018677e-01,3.151209652423858643e-01,1.327654123306274414e-01,2.671841382980346680e-01,-6.071602925658226013e-03,3.332082647830247879e-03,1.861182898283004761e-01,1.644047051668167114e-01,-6.617198139429092407e-02,1.254135221242904663e-01,1.813708543777465820e-01,3.172212541103363037e-01,4.126822054386138916e-01,3.052748739719390869e-01,2.897224128246307373e-01,3.743649125099182129e-01,-3.072177292779088020e-03,2.484104335308074951e-01,1.666816920042037964e-01,2.692839205265045166e-01,1.754860579967498779e-01,5.472837388515472412e-02,9.319414943456649780e-02,1.477840170264244080e-02,-1.164051145315170288e-01,-1.614940017461776733e-01,1.046854853630065918e-01,-1.665090397000312805e-02,2.057753801345825195e-01,1.139103900641202927e-03,7.913297414779663086e-02,2.060271240770816803e-02,-3.868921101093292236e-02,-4.598530009388923645e-02,4.662079364061355591e-02,1.759458482265472412e-01,-6.348276138305664062e-02,3.977395221590995789e-02,-7.801226526498794556e-02,-2.088309079408645630e-01,4.023683443665504456e-02,9.523466229438781738e-02,-9.236089140176773071e-02,-7.100712973624467850e-04,8.742668665945529938e-03,-3.749096393585205078e-02
-2.972549796104431152e-01,-2.347983419895172119e-01,-2.584793269634246826e-01,5.173219367861747742e-02,6.358932256698608398e-01,1.000000000000000000e+00,-2.968634068965911865e-01,1.567585468292236328e-01,5.467436909675598145e-01,7.481682300567626953e-01,2.020203918218612671e-01,2.921822965145111084e-01,1.163068860769271851e-01,4.454542696475982666e-01,4.618292450904846191e-01,6.887843012809753418e-01,1.911303848028182983e-01,2.936599254608154297e-01,-3.257265388965606689e-01,-3.016179203987121582e-01,2.225836068391799927e-01,3.137431144714355469e-01,-6.530896574258804321e-02,1.083161234855651855e-01,4.956005513668060303e-01,4.582579135894775391e-01,4.360094368457794189e-01,6.320478916168212891e-01,2.041681408882141113e-01,3.702156543731689453e-01,1.453583836555480957e-01,2.268151193857192993e-01,-1.424435973167419434e-01,-5.257376283407211304e-02,2.662654221057891846e-01,1.649285852909088135e-01,3.484320342540740967e-01,2.213468998670578003e-01,1.859297901391983032e-01,1.617261171340942383e-01,2.186992317438125610e-01,3.927529603242874146e-02,1.597347259521484375e-01,2.713694572448730469e-01,1.187483966350555420e-02,1.538990437984466553e-01,2.171852439641952515e-01,3.109824657440185547e-01,-3.768398612737655640e-02,2.019365550950169563e-03,8.102746307849884033e-02,1.226227805018424988e-01,2.424533069133758545e-01,4.647090137004852295e-01,2.561103403568267822e-01,3.296213746070861816e-01,-2.511547803878784180e-01,-2.560881376266479492e-01,-1.823821216821670532e-01,-1.095546558499336243e-01,-2.881215512752532959e-01,-8.741635829210281372e-02,-3.887502476572990417e-03,2.190452814102172852e-02,-1.481148749589920044e-01,1.563094556331634521e-01,-1.859646849334239960e-02,-4.478895664215087891e-02,-1.567855328321456909e-01,-1.752439737319946289e-01,2.429286241531372070e-01,3.749192357063293457e-01,2.779310941696166992e-01,4.264021813869476318e-01,9.130623936653137207e-02,2.000473141670227051e-01,2.700750827789306641e-01,2.516794800758361816e-01,-8.605617284774780273e-02,1.635489463806152344e-01,2.961652576923370361e-01,3.950993418693542480e-01,3.551464676856994629e-01,1.817239820957183838e-01,1.649398803710937500e-01,4.907209575176239014e-01,-3.432131558656692505e-02,2.288298457860946655e-01,-1.311111450195312500e-02,3.723548054695129395e-01,1.788467615842819214e-01,-8.513925969600677490e-02,1.018529087305068970e-01,-4.809568449854850769e-02,-1.557054221630096436e-01,-2.013590782880783081e-01,8.595683425664901733e-02,9.034807235002517700e-02,2.291146218776702881e-01,-3.292767703533172607e-02,1.825326085090637207e-01,-6.757795065641403198e-02,1.878577843308448792e-02,-4.779052361845970154e-02,7.716947793960571289e-02,1.901024878025054932e-01,2.392348460853099823e-02,1.147526316344738007e-02,5.457485094666481018e-02,-2.266668826341629028e-01,-1.359705999493598938e-02,1.869091391563415527e-01,-1.687218844890594482e-01,-5.447084829211235046e-02,-1.045505632646381855e-04,-7.008336484432220459e-02
5.140390396118164062e-01,2.758771181106567383e-01,7.580860257148742676e-01,4.296753704547882080e-01,-6.365330517292022705e-02,-2.968634068965911865e-01,1.000000000000000000e+00,3.526845574378967285e-01,-3.781553357839584351e-03,-3.830670118331909180e-01,2.400663197040557861e-01,1.810574680566787720e-01,3.476749956607818604e-01,-6.205068528652191162e-02,6.731165200471878052e-02,-3.938076794147491455e-01,1.605405062437057495e-01,1.726796030998229980e-01,3.528853356838226318e-01,2.528564929962158203e-01,1.469552665948867798e-01,-3.463460598140954971e-03,6.452349424362182617e-01,5.510569214820861816e-01,-4.372298344969749451e-02,3.193986043334007263e-02,-3.759885206818580627e-02,-2.687993347644805908e-01,1.628689467906951904e-01,5.182469636201858521e-02,5.084360241889953613e-01,3.422456085681915283e-01,4.771118462085723877e-01,3.369478285312652588e-01,1.042096763849258423e-01,2.370517700910568237e-02,-1.116364821791648865e-01,-1.107844859361648560e-01,-1.033510491251945496e-01,-9.197283536195755005e-02,1.124550104141235352e-01,5.584917217493057251e-02,1.447594016790390015e-01,6.487807631492614746e-02,4.171673655509948730e-01,3.361098766326904297e-01,1.660190150141716003e-02,-5.464891716837882996e-02,4.137427508831024170e-01,4.204440712928771973e-01,2.144809365272521973e-01,1.706058382987976074e-01,-3.754581883549690247e-02,-2.992034852504730225e-01,-5.669689550995826721e-02,-2.318957448005676270e-01,3.617398738861083984e-01,3.358505666255950928e-01,3.856523334980010986e-01,3.265314996242523193e-01,4.251335859298706055e-01,2.624792158603668213e-01,2.995632588863372803e-01,3.721795678138732910e-01,4.399673342704772949e-01,2.891175150871276855e-01,3.817712366580963135e-01,3.554215729236602783e-01,1.117250919342041016e-01,2.651346623897552490e-01,3.213500678539276123e-01,1.364393681287765503e-01,-3.425546735525131226e-02,-9.236191958189010620e-02,4.806259647011756897e-02,-9.253499656915664673e-02,1.104771196842193604e-01,4.647581279277801514e-02,2.731149196624755859e-01,2.956665158271789551e-01,1.394175291061401367e-01,4.888547584414482117e-02,-1.249893158674240112e-01,4.142227396368980408e-02,1.658966988325119019e-01,-1.281241029500961304e-01,-5.322945490479469299e-02,-7.523079216480255127e-02,1.434079557657241821e-01,-1.300919950008392334e-01,-2.012427337467670441e-02,1.113122235983610153e-02,-2.109398320317268372e-02,-2.035924419760704041e-02,4.201508592814207077e-03,1.931224018335342407e-02,9.547273069620132446e-02,-1.717073321342468262e-01,-1.062330007553100586e-01,-7.076366245746612549e-02,-6.005648896098136902e-02,1.915334165096282959e-01,1.092611253261566162e-01,5.140800401568412781e-02,2.355844900012016296e-02,-1.620573848485946655e-01,9.821574389934539795e-02,-5.197562649846076965e-02,3.719805181026458740e-02,1.548059582710266113e-01,1.299908906221389771e-01,-1.682662367820739746e-01,-8.470257371664047241e-02,-6.119674444198608398e-02,-1.311892867088317871e-01,9.185717999935150146e-02
2.802088260650634766e-01,4.745590388774871826e-01,3.328616917133331299e-01,7.285245656967163086e-01,6.584515795111656189e-03,1.567585468292236328e-01,3.526845574378967285e-01,1.000000000000000000e+00,-7.272724062204360962e-02,6.606048345565795898e-02,2.152550816535949707e-01,4.769011139869689941e-01,1.248807162046432495e-01,4.003351926803588867e-01,-4.126957058906555176e-02,1.496559977531433105e-01,3.516940474510192871e-01,2.924246191978454590e-01,7.183077186346054077e-02,1.676657795906066895e-01,1.068489477038383484e-01,1.673726886510848999e-01,4.527035951614379883e-01,6.339752078056335449e-01,4.655741900205612183e-02,1.068286523222923279e-01,-3.900188952684402466e-02,1.217458024621009827e-01,2.835458219051361084e-01,2.649682462215423584e-01,3.519895672798156738e-01,4.591552317142486572e-01,5.123844146728515625e-01,5.253580212593078613e-01,1.839583069086074829e-01,1.334291696548461914e-01,7.418248802423477173e-02,1.882258653640747070e-01,5.865965783596038818e-02,7.090773433446884155e-02,1.900535225868225098e-01,2.861556112766265869e-01,6.020727381110191345e-02,1.195774599909782410e-01,3.931909203529357910e-01,4.075136184692382812e-01,2.299165353178977966e-03,2.999000251293182373e-02,2.547935247421264648e-01,4.980160295963287354e-01,6.207408383488655090e-02,3.350820243358612061e-01,-6.442995369434356689e-02,-2.705889195203781128e-02,1.162295881658792496e-02,2.161865308880805969e-02,2.354913204908370972e-01,3.431497812271118164e-01,4.229896664619445801e-01,5.271537303924560547e-01,3.649635910987854004e-01,5.714218616485595703e-01,3.405084908008575439e-01,5.099803805351257324e-01,2.145315557718276978e-01,6.791295409202575684e-01,4.514464735984802246e-01,5.471285581588745117e-01,3.107563965022563934e-02,1.519771069288253784e-01,2.881184518337249756e-01,2.625251412391662598e-01,8.900985121726989746e-02,1.768386662006378174e-01,1.292988955974578857e-01,1.222528517246246338e-01,1.275085210800170898e-01,1.400732100009918213e-01,3.228142559528350830e-01,3.417376875877380371e-01,1.880643814802169800e-01,9.861563146114349365e-02,7.909161038696765900e-03,3.740414686035364866e-04,-1.489518880844116211e-01,1.708167195320129395e-01,-5.792162567377090454e-02,-2.618316188454627991e-02,2.063833549618721008e-02,1.799443662166595459e-01,4.603284597396850586e-02,-1.957853883504867554e-01,1.298989057540893555e-01,-1.083943545818328857e-01,1.224787207320332527e-03,2.750350162386894226e-02,1.464006900787353516e-01,-1.822512596845626831e-01,-9.525085985660552979e-02,-3.131699264049530029e-01,1.370436698198318481e-01,1.847751736640930176e-01,2.166863828897476196e-01,1.554869264364242554e-01,1.473671048879623413e-01,-1.422960683703422546e-02,4.580329731106758118e-02,2.247941307723522186e-02,1.545193195343017578e-01,2.112832516431808472e-01,1.216108202934265137e-01,-2.808750867843627930e-01,-2.288583070039749146e-01,1.226561963558197021e-01,-6.083773076534271240e-02,5.476750805974006653e-02
-2.252455055713653564e-01,-3.665998876094818115e-01,-5.320016667246818542e-02,-1.565419435501098633e-01,5.780419111251831055e-01,5.467436909675598145e-01,-3.781553357839584351e-03,-7.272724062204360962e-02,1.000000000000000000e+00,5.432067513465881348e-01,2.642884254455566406e-01,2.522997260093688965e-01,3.069485425949096680e-01,2.673021852970123291e-01,6.257060766220092773e-01,4.182972311973571777e-01,3.664951026439666748e-02,2.106067985296249390e-01,-2.408577352762222290e-01,-3.723592460155487061e-01,2.319157868623733521e-01,1.659359633922576904e-01,6.810868531465530396e-02,4.692638665437698364e-02,5.183209776878356934e-01,4.262851476669311523e-01,3.869772851467132568e-01,3.835788667201995850e-01,1.421297192573547363e-01,2.915612459182739258e-01,2.870626449584960938e-01,2.148637324571609497e-01,-1.460356563329696655e-01,-2.152347713708877563e-01,3.116889297962188721e-01,1.228479444980621338e-01,1.157326847314834595e-01,1.881783157587051392e-01,8.474919199943542480e-02,4.545544832944869995e-02,5.370395630598068237e-02,-6.027235835790634155e-02,1.974823027849197388e-01,2.281735539436340332e-01,-5.454533919692039490e-02,4.194340854883193970e-02,1.851908117532730103e-01,2.713400721549987793e-01,-9.281148016452789307e-02,-9.156351536512374878e-02,1.312307119369506836e-01,-3.299137577414512634e-02,1.193554177880287170e-01,2.981251776218414307e-01,1.320407688617706299e-01,1.778188794851303101e-01,-3.008131682872772217e-01,-3.227652311325073242e-01,-2.841840088367462158e-01,-3.125625848770141602e-01,-2.411862313747406006e-01,-3.118640482425689697e-01,-6.224868120625615120e-04,-1.132700033485889435e-02,-5.431764200329780579e-02,-8.884649723768234253e-02,-1.515318751335144043e-01,-1.875884383916854858e-01,-2.819484174251556396e-01,-2.379145622253417969e-01,3.348059356212615967e-01,3.339780569076538086e-01,1.642596274614334106e-01,2.664062082767486572e-01,5.025286227464675903e-04,5.259012803435325623e-02,2.923995554447174072e-01,2.864910662174224854e-01,-5.807744339108467102e-02,1.739615797996520996e-01,2.676067352294921875e-01,3.712340295314788818e-01,1.916512548923492432e-01,2.741204798221588135e-01,3.227950334548950195e-01,3.122760653495788574e-01,-5.431018397212028503e-02,1.069944277405738831e-01,6.026047049090266228e-04,9.699644148349761963e-02,1.162875443696975708e-01,2.879864163696765900e-02,5.666875839233398438e-02,1.256801187992095947e-02,-1.218192055821418762e-01,-1.778462678194046021e-01,3.448874875903129578e-02,1.543587297201156616e-01,2.258880436420440674e-01,9.236671030521392822e-02,9.019284695386886597e-02,-5.387027561664581299e-02,-2.670546760782599449e-03,-9.494736790657043457e-02,8.956448733806610107e-02,1.068095415830612183e-01,-2.929038554430007935e-02,-7.881093025207519531e-02,8.702552318572998047e-02,-2.104789316654205322e-01,-1.885660924017429352e-02,2.998099029064178467e-01,-9.582251310348510742e-02,-1.063161268830299377e-01,3.078204020857810974e-02,-1.282651163637638092e-02
-3.577398657798767090e-01,-2.428897768259048462e-01,-3.624603450298309326e-01,-3.053763136267662048e-02,4.669644534587860107e-01,7.481682300567626953e-01,-3.830670118331909180e-01,6.606048345565795898e-02,5.432067513465881348e-01,1.000000000000000000e+00,5.056754872202873230e-02,1.882813423871994019e-01,-1.895084977149963379e-02,2.915602922439575195e-01,3.742070794105529785e-01,6.611334681510925293e-01,6.500115245580673218e-02,1.455951035022735596e-01,-3.247899711132049561e-01,-3.134534657001495361e-01,1.652385890483856201e-01,2.162934541702270508e-01,-1.815962642431259155e-01,-5.322367418557405472e-03,3.437273800373077393e-01,2.864163815975189209e-01,2.598656713962554932e-01,5.053450465202331543e-01,1.658103764057159424e-01,2.639168798923492432e-01,3.552011400461196899e-02,1.204585283994674683e-01,-1.745488792657852173e-01,-8.753126859664916992e-02,1.955889910459518433e-01,2.841002307832241058e-02,2.039871066808700562e-01,2.042652517557144165e-01,1.027769669890403748e-01,1.489888429641723633e-01,1.614668816328048706e-01,-4.549853969365358353e-03,-1.517771370708942413e-02,8.246249705553054810e-02,-1.594532132148742676e-01,-2.902239188551902771e-02,6.562129408121109009e-02,2.335878610610961914e-01,-2.122998684644699097e-01,-1.557730734348297119e-01,-8.222373574972152710e-02,-5.282641947269439697e-02,9.413938224315643311e-02,4.175803065299987793e-01,1.324758231639862061e-01,3.674626946449279785e-01,-3.019250631332397461e-01,-2.412623316049575806e-01,-2.265081852674484253e-01,-1.669979244470596313e-01,-2.899145483970642090e-01,-9.592702984809875488e-02,-1.166646927595138550e-01,-1.620751805603504181e-02,-2.593309879302978516e-01,1.100847721099853516e-01,-1.360259503126144409e-01,-1.640883535146713257e-01,-2.187028825283050537e-01,-2.326972782611846924e-01,9.192417562007904053e-02,1.916753649711608887e-01,1.847821325063705444e-01,2.701816856861114502e-01,4.833437129855155945e-02,2.031645327806472778e-01,1.784845739603042603e-01,1.707247495651245117e-01,-6.535600870847702026e-02,5.607313662767410278e-02,1.371709108352661133e-01,1.980914473533630371e-01,2.328008860349655151e-01,7.737637311220169067e-02,4.839793313294649124e-03,3.203198015689849854e-01,-3.145666560158133507e-03,1.591207683086395264e-01,-1.152496933937072754e-01,3.512433767318725586e-01,1.172687038779258728e-01,-1.678721606731414795e-01,1.221348643302917480e-01,-5.508385226130485535e-02,-1.302497368305921555e-02,-5.390267819166183472e-02,4.744257405400276184e-02,1.789226531982421875e-01,1.444707810878753662e-01,-5.700680240988731384e-02,1.869157999753952026e-01,-9.942723810672760010e-02,5.278642103075981140e-02,-9.659686684608459473e-02,6.385255604982376099e-02,1.522401273250579834e-01,7.056616712361574173e-03,1.012389510869979858e-01,1.087677404284477234e-01,-9.497194737195968628e-02,-8.534597605466842651e-02,1.493879258632659912e-01,-1.562786400318145752e-01,-2.492548897862434387e-03,1.262452900409698486e-01,-3.292299807071685791e-02
2.033672332763671875e-01,1.090134959667921066e-02,8.310622721910476685e-02,-4.978051409125328064e-02,1.482084393501281738e-01,2.020203918218612671e-01,2.400663197040557861e-01,2.152550816535949707e-01,2.642884254455566406e-01,5.056754872202873230e-02,1.000000000000000000e+00,6.324663162231445312e-01,7.087927460670471191e-01,5.505719780921936035e-01,1.788103878498077393e-01,1.551138609647750854e-01,5.571865439414978027e-01,6.064071059226989746e-01,-1.311908010393381119e-02,-2.078983485698699951e-01,1.061802729964256287e-01,1.326262205839157104e-01,9.668456017971038818e-02,1.728505790233612061e-01,3.072167634963989258e-01,2.519682645797729492e-01,1.015418842434883118e-01,1.081671267747879028e-01,5.252925753593444824e-01,5.915417075157165527e-01,4.638553857803344727e-01,4.504205286502838135e-01,2.073092311620712280e-01,9.812896698713302612e-02,2.999433577060699463e-01,2.038953453302383423e-01,1.127302646636962891e-01,1.809551715850830078e-01,-5.749982595443725586e-02,-9.967804700136184692e-02,4.850857332348823547e-02,2.518805488944053650e-02,4.503304660320281982e-01,5.531410574913024902e-01,4.446144104003906250e-01,5.309396386146545410e-01,4.037606120109558105e-01,3.891468048095703125e-01,4.223405718803405762e-01,4.029222130775451660e-01,4.724999666213989258e-01,4.463786482810974121e-01,1.466561108827590942e-01,2.320037782192230225e-01,2.052905857563018799e-01,7.731941528618335724e-03,1.876663565635681152e-01,3.832748532295227051e-02,-9.678641706705093384e-02,-1.199930235743522644e-01,-2.542326040565967560e-02,-4.789926111698150635e-02,5.598403215408325195e-01,4.253472685813903809e-01,3.566022813320159912e-01,5.412039533257484436e-02,1.641600877046585083e-01,1.749873906373977661e-01,-7.557041198015213013e-02,-8.017009496688842773e-02,6.686554551124572754e-01,5.966524481773376465e-01,4.478853046894073486e-01,5.256170630455017090e-01,3.057334423065185547e-01,3.124403953552246094e-01,5.148090720176696777e-01,4.211957454681396484e-01,2.748441994190216064e-01,5.580233335494995117e-01,6.002011299133300781e-01,5.647701621055603027e-01,1.762110441923141479e-01,1.908228695392608643e-01,4.019085764884948730e-01,3.581624925136566162e-01,-1.575506925582885742e-01,-1.026712879538536072e-01,-3.486618772149085999e-02,-1.624215841293334961e-01,9.651882201433181763e-02,5.044171214103698730e-02,-8.340755850076675415e-02,-1.681530922651290894e-01,-2.542072534561157227e-01,-2.691412866115570068e-01,1.623318046331405640e-01,5.181771516799926758e-02,2.581474781036376953e-01,6.654969602823257446e-02,5.881448742002248764e-03,-1.429782360792160034e-01,1.259409785270690918e-01,-5.639980733394622803e-02,1.647598445415496826e-01,-7.278621941804885864e-02,-6.412806361913681030e-02,-2.745081484317779541e-01,8.747349679470062256e-02,-1.280633509159088135e-01,1.857255846261978149e-01,1.279722452163696289e-01,-1.453095823526382446e-01,-1.379663795232772827e-01,-1.451834291219711304e-01,1.624108478426933289e-02
1.360554099082946777e-01,1.543432176113128662e-01,4.512120038270950317e-02,1.462560743093490601e-01,2.298489809036254883e-01,2.921822965145111084e-01,1.810574680566787720e-01,4.769011139869689941e-01,2.522997260093688965e-01,1.882813423871994019e-01,6.324663162231445312e-01,1.000000000000000000e+00,5.804448723793029785e-01,7.426164746284484863e-01,1.435881257057189941e-01,3.529425561428070068e-01,3.704946339130401611e-01,5.784025192260742188e-01,-1.401182413101196289e-01,-2.570917904376983643e-01,1.709844321012496948e-01,1.125095263123512268e-01,2.087091505527496338e-01,2.988849282264709473e-01,4.287845492362976074e-01,3.906486332416534424e-01,2.380899786949157715e-01,2.421417385339736938e-01,3.016435801982879639e-01,5.259405374526977539e-01,5.559234023094177246e-01,5.711705088615417480e-01,2.631068229675292969e-01,2.476023435592651367e-01,4.255275130271911621e-01,2.162565290927886963e-01,1.813300102949142456e-01,1.890810430049896240e-01,-3.123077750205993652e-02,-8.793651312589645386e-02,1.163183897733688354e-01,9.217750281095504761e-02,2.077298015356063843e-01,3.464286327362060547e-01,2.910938560962677002e-01,4.345848858356475830e-01,1.331041455268859863e-01,1.928548663854598999e-01,2.899195551872253418e-01,4.000402987003326416e-01,3.184334337711334229e-01,3.976688683032989502e-01,9.632200002670288086e-02,1.621088683605194092e-01,5.964490398764610291e-02,-1.250807754695415497e-02,3.604239225387573242e-02,9.132211655378341675e-02,-1.708277501165866852e-02,-2.555197849869728088e-02,-8.894464001059532166e-03,6.127067282795906067e-02,4.505182206630706787e-01,5.473582744598388672e-01,1.491909474134445190e-01,2.531256973743438721e-01,1.997503638267517090e-01,2.265904843807220459e-01,-1.629819571971893311e-01,-2.166635841131210327e-01,6.230089068412780762e-01,5.751250982284545898e-01,1.691638380289077759e-01,4.661496281623840332e-01,9.209702908992767334e-02,2.040946930646896362e-01,3.714242577552795410e-01,4.542001485824584961e-01,2.052110880613327026e-01,5.177229046821594238e-01,4.235137999057769775e-01,5.432459712028503418e-01,2.560342848300933838e-01,2.391788810491561890e-01,1.810218840837478638e-01,3.851312398910522461e-01,-2.101290524005889893e-01,-5.969997495412826538e-02,-1.820099651813507080e-01,1.233810652047395706e-02,7.294410467147827148e-02,-1.486630141735076904e-01,-3.233067691326141357e-02,-2.122663706541061401e-01,-2.471324354410171509e-01,-2.689373195171356201e-01,7.655111700296401978e-02,-8.746853470802307129e-02,2.095938026905059814e-01,-1.277323216199874878e-01,5.733758583664894104e-02,-1.085450202226638794e-01,2.143186479806900024e-01,-1.153205931186676025e-01,2.554247677326202393e-01,2.254581265151500702e-02,1.042257528752088547e-02,-9.252416342496871948e-02,9.240356087684631348e-02,-7.397485524415969849e-02,1.015729829668998718e-01,-8.122185245156288147e-03,-2.630516886711120605e-01,-3.060612268745899200e-02,-9.084913134574890137e-02,4.870305582880973816e-02
2.527934908866882324e-01,-5.136569961905479431e-02,1.726758480072021484e-01,-5.959298089146614075e-02,1.936228126287460327e-01,1.163068860769271851e-01,3.476749956607818604e-01,1.248807162046432495e-01,3.069485425949096680e-01,-1.895084977149963379e-02,7.087927460670471191e-01,5.804448723793029785e-01,1.000000000000000000e+00,4.280211031436920166e-01,2.908048331737518311e-01,1.510893255472183228e-01,2.836910188198089600e-01,3.938540220260620117e-01,2.486874349415302277e-02,-2.374038696289062500e-01,1.755855977535247803e-01,1.390421986579895020e-01,2.088181227445602417e-01,1.461805105209350586e-01,3.730887770652770996e-01,3.352640569210052490e-01,2.497625499963760376e-01,3.933851793408393860e-02,3.093855381011962891e-01,4.086354076862335205e-01,4.454029202461242676e-01,4.240519106388092041e-01,6.211103126406669617e-02,-6.381996721029281616e-02,3.551999628543853760e-01,1.938196122646331787e-01,1.551102101802825928e-01,1.890212148427963257e-01,-4.473333805799484253e-02,-7.079052180051803589e-02,4.259950667619705200e-02,6.533221900463104248e-02,3.529287278652191162e-01,3.857713043689727783e-01,2.593761384487152100e-01,3.363302350044250488e-01,2.807436585426330566e-01,2.824004888534545898e-01,3.474636375904083252e-01,3.346441686153411865e-01,4.271528720855712891e-01,3.258632123470306396e-01,1.786545962095260620e-01,1.359111219644546509e-01,1.542381644248962402e-01,-4.842107743024826050e-02,2.546918578445911407e-02,-4.212323576211929321e-02,-6.025150418281555176e-02,-1.316924691200256348e-01,-1.016956269741058350e-01,-2.079667747020721436e-01,2.902749180793762207e-01,2.250191122293472290e-01,1.961165517568588257e-01,-3.559688478708267212e-02,4.342238977551460266e-02,1.574486121535301208e-02,-7.833235710859298706e-02,-1.228509321808815002e-01,5.932031273841857910e-01,5.251531600952148438e-01,2.545943558216094971e-01,3.780119121074676514e-01,1.529407948255538940e-01,1.905499100685119629e-01,4.757503867149353027e-01,4.085006415843963623e-01,7.091532647609710693e-02,3.831404149532318115e-01,4.054468274116516113e-01,5.022191405296325684e-01,2.025845646858215332e-01,2.608167231082916260e-01,4.034695029258728027e-01,3.206708133220672607e-01,-1.894745975732803345e-01,-6.792987883090972900e-02,7.355784624814987183e-02,-8.390137553215026855e-02,1.366454511880874634e-01,9.782563894987106323e-02,-3.238760307431221008e-02,-4.354100301861763000e-02,-2.440791428089141846e-01,-2.522849440574645996e-01,4.596780613064765930e-02,-9.597665630280971527e-03,2.657004594802856445e-01,9.663271903991699219e-02,1.897237449884414673e-02,-3.373192623257637024e-02,1.476802229881286621e-01,-5.141639336943626404e-02,2.045231461524963379e-01,-3.327371925115585327e-02,-4.016225866507738829e-04,-1.804546862840652466e-01,6.472284346818923950e-02,-1.545844227075576782e-01,1.209970265626907349e-01,1.662873774766921997e-01,-1.446676701307296753e-01,-1.156974360346794128e-01,-6.295000016689300537e-02,3.652703016996383667e-02
