1.000000000000000000e+00,5.717973113059997559e-01,5.401026606559753418e-01,3.396884799003601074e-01,-1.642947196960449219e-01,2.182016521692276001e-02,5.499418377876281738e-01,1.488241255283355713e-01,1.595993041992187500e-01,2.072063088417053223e-02,5.561259984970092773e-01,2.403960376977920532e-01,4.857878684997558594e-01,1.264545470476150513e-01,2.658108472824096680e-01,1.036316975951194763e-01,4.876239895820617676e-01,1.844015270471572876e-01,5.086845159530639648e-01,4.049855768680572510e-01,-6.173637136816978455e-02,-1.304190605878829956e-01,3.168790340423583984e-01,3.518989980220794678e-01,2.498396206647157669e-04,-4.148548096418380737e-02,1.977124810218811035e-02,4.481459036469459534e-02,3.509160280227661133e-01,1.336804777383804321e-01,-1.895445212721824646e-02,-2.412823028862476349e-02,2.574580013751983643e-01,6.713923811912536621e-02,-7.835175096988677979e-02,-1.470070332288742065e-01,2.900084108114242554e-02,1.102364659309387207e-01,1.919113285839557648e-02,2.093463689088821411e-01,1.489838510751724243e-01,1.720609515905380249e-01,-1.874807924032211304e-01,-2.111229747533798218e-01,-1.572278141975402832e-01,-2.312772423028945923e-01,-1.665347069501876831e-01,-1.297010183334350586e-01,-6.801453977823257446e-02,-9.444325417280197144e-02,-2.023334428668022156e-02,-1.300368309020996094e-01,1.197994798421859741e-01,1.101057082414627075e-01,-3.666403470560908318e-03,-2.850016765296459198e-02,6.871088147163391113e-01,5.415625572204589844e-01,4.952842295169830322e-01,3.723830580711364746e-01,5.131115913391113281e-01,2.165513038635253906e-01,4.834962189197540283e-01,1.798014044761657715e-01,2.202612608671188354e-01,5.477667227387428284e-02,1.791309565305709839e-01,-3.043580055236816406e-02,6.503014564514160156e-01,4.134635925292968750e-01,1.049116253852844238e-01,3.321118652820587158e-02,8.923076838254928589e-02,1.477260421961545944e-02,1.321876421570777893e-02,-3.084015287458896637e-02,8.108605444431304932e-02,-2.472140267491340637e-02,4.120251536369323730e-01,2.108643054962158203e-01,4.156535863876342773e-01,3.019425570964813232e-01,2.744080126285552979e-01,2.956142425537109375e-01,3.631104826927185059e-01,2.226381152868270874e-01,1.075116768479347229e-01,1.952336430549621582e-01,1.282729506492614746e-01,1.720053553581237793e-01,9.543216973543167114e-02,1.499788612127304077e-01,6.684385240077972412e-02,2.191293686628341675e-01,-1.550603359937667847e-01,-1.454563885927200317e-01,-1.331596225500106812e-01,1.985839568078517914e-02,1.539970338344573975e-01,1.360057592391967773e-01,-3.049421124160289764e-02,1.986278891563415527e-01,1.997031271457672119e-02,1.514725834131240845e-01,-2.502172812819480896e-02,-3.662593290209770203e-02,-9.415232390165328979e-02,-2.171716094017028809e-01,-3.898772224783897400e-02,-4.675375763326883316e-03,1.496871262788772583e-01,1.787087172269821167e-01,4.717210307717323303e-02,1.205080524086952209e-01,-1.162709668278694153e-01,-1.228902414441108704e-01
5.717973113059997559e-01,1.000000000000000000e+00,2.313942760229110718e-01,2.381458729505538940e-01,-2.559977471828460693e-01,-7.756100594997406006e-02,1.779261231422424316e-01,2.129458636045455933e-01,-8.229990303516387939e-02,-9.950603544712066650e-02,2.448158115148544312e-01,4.075781404972076416e-01,8.072394877672195435e-02,2.139988243579864502e-01,4.214628413319587708e-02,2.158181555569171906e-02,5.531286001205444336e-01,5.234784483909606934e-01,4.062317907810211182e-01,4.592385292053222656e-01,-1.362358331680297852e-01,-1.460060030221939087e-01,6.207114458084106445e-02,1.401902586221694946e-01,-1.495912075042724609e-01,-1.325887292623519897e-01,-1.159920245409011841e-01,-1.191999688744544983e-01,2.682211697101593018e-01,3.416159152984619141e-01,-1.088014617562294006e-01,-8.667182177305221558e-02,2.051037251949310303e-01,1.215524300932884216e-01,-2.385992407798767090e-01,-2.386894524097442627e-01,-8.357200771570205688e-02,1.859969198703765869e-01,-5.128510296344757080e-03,2.098622024059295654e-01,1.016748175024986267e-01,1.670513004064559937e-01,-1.756564378738403320e-01,-1.181505843997001648e-01,-1.596522480249404907e-01,-8.116869628429412842e-02,-1.075207367539405823e-01,2.970842458307743073e-02,-3.148807212710380554e-02,8.631028980016708374e-02,-1.182008609175682068e-01,-4.484372679144144058e-03,7.845976203680038452e-02,1.923811435699462891e-01,4.092602059245109558e-02,7.942841947078704834e-02,6.887664794921875000e-01,7.471921443939208984e-01,2.826092243194580078e-01,3.887249827384948730e-01,1.286724507808685303e-01,9.196395426988601685e-02,4.035538733005523682e-01,3.616875410079956055e-01,-1.424531936645507812e-01,-1.165737956762313843e-01,-6.198234483599662781e-02,-1.589798033237457275e-01,5.762424468994140625e-01,4.261231124401092529e-01,-2.524391561746597290e-02,1.048024557530879974e-02,3.040940500795841217e-02,1.748186647891998291e-01,2.444700337946414948e-02,1.166127473115921021e-01,-3.580091148614883423e-02,2.957696840167045593e-02,4.629540145397186279e-01,4.193423092365264893e-01,4.692567884922027588e-01,5.269683003425598145e-01,2.051850706338882446e-01,3.940762579441070557e-01,9.206391125917434692e-02,2.791384160518646240e-01,1.048620697110891342e-02,1.529894322156906128e-01,-7.164563983678817749e-03,2.751494944095611572e-01,2.375289797782897949e-02,4.862025752663612366e-02,-2.672063931822776794e-02,4.571330919861793518e-02,-1.003649160265922546e-01,-1.169131249189376831e-01,-7.629659771919250488e-02,1.464666575193405151e-01,2.319559752941131592e-01,1.009187623858451843e-01,1.575121283531188965e-01,2.127314358949661255e-01,2.111426740884780884e-01,3.203077018260955811e-01,-1.069329977035522461e-01,-7.448004931211471558e-02,-1.315378099679946899e-01,-7.396581023931503296e-02,-9.753531217575073242e-02,-1.708929799497127533e-02,8.354258537292480469e-02,2.307392060756683350e-01,3.488326072692871094e-02,1.061086058616638184e-01,-2.839282155036926270e-01,-9.709339588880538940e-02
5.401026606559753418e-01,2.313942760229110718e-01,1.000000000000000000e+00,6.213697791099548340e-01,-1.580307483673095703e-01,2.419593930244445801e-02,7.896762490272521973e-01,4.005264341831207275e-01,1.176140308380126953e-01,7.004006300121545792e-03,2.575910091400146484e-01,6.013527512550354004e-02,3.010857701301574707e-01,3.262810781598091125e-02,1.349096298217773438e-01,8.125746250152587891e-02,8.157718926668167114e-02,-9.931728988885879517e-02,4.271919131278991699e-01,3.797015249729156494e-01,-4.279670491814613342e-02,-1.405931115150451660e-01,6.770882606506347656e-01,6.515224575996398926e-01,2.450202405452728271e-01,1.532546281814575195e-01,-1.933732442557811737e-02,6.141064688563346863e-03,1.270627677440643311e-01,-1.093164905905723572e-01,2.076448053121566772e-01,1.699260473251342773e-01,2.829314768314361572e-01,1.503557413816452026e-01,2.854979634284973145e-01,1.828044652938842773e-01,5.355248600244522095e-02,8.207760751247406006e-02,3.778877109289169312e-02,1.956991553306579590e-01,1.960603743791580200e-01,1.347829550504684448e-01,-9.577987343072891235e-02,-1.648610085248947144e-01,-5.507427826523780823e-02,-1.042823195457458496e-01,-8.224476128816604614e-02,-1.382197588682174683e-01,-5.385965108871459961e-02,-9.192968159914016724e-02,-1.045130286365747452e-02,-9.206552803516387939e-02,7.362271100282669067e-02,7.816971838474273682e-02,-7.624366879463195801e-02,-8.925663679838180542e-02,2.580107152462005615e-01,1.505784243345260620e-01,4.167157411575317383e-01,2.518750429153442383e-01,4.077321588993072510e-01,2.281718403100967407e-01,1.142968907952308655e-01,4.955100640654563904e-02,5.078676939010620117e-01,2.386392802000045776e-01,3.621668219566345215e-01,1.091106608510017395e-01,3.051002919673919678e-01,1.104779094457626343e-01,1.467436254024505615e-01,8.958965539932250977e-02,1.354715675115585327e-01,1.344327814877033234e-02,5.424673855304718018e-02,-3.247391059994697571e-02,1.146034523844718933e-01,4.226640984416007996e-02,9.125963598489761353e-02,-4.995935410261154175e-02,4.173491895198822021e-02,2.974394522607326508e-02,1.926678419113159180e-01,1.593872159719467163e-01,2.744159996509552002e-01,5.507517233490943909e-02,1.286910921335220337e-01,2.194366306066513062e-01,2.607271820306777954e-02,2.054528519511222839e-02,2.264684438705444336e-01,1.037104353308677673e-01,1.852349787950515747e-01,2.876546680927276611e-01,-1.722600162029266357e-01,-1.283203959465026855e-01,-1.334846764802932739e-01,-4.400249198079109192e-02,7.468508183956146240e-02,1.585967540740966797e-01,-5.439453944563865662e-02,2.144197523593902588e-01,7.655485067516565323e-03,9.345138818025588989e-02,8.084748685359954834e-02,1.074477210640907288e-01,2.922328189015388489e-02,-4.718765243887901306e-02,3.667545318603515625e-02,-3.114545345306396484e-02,-3.855803515762090683e-03,4.245956428349018097e-03,-8.821887895464897156e-03,-1.579879410564899445e-02,-3.039179369807243347e-03,-1.254180073738098145e-01
3.396884799003601074e-01,2.381458729505538940e-01,6.213697791099548340e-01,1.000000000000000000e+00,-1.676289737224578857e-01,1.220578253269195557e-01,5.614737868309020996e-01,7.192336916923522949e-01,-1.781718805432319641e-02,1.423088163137435913e-01,1.546799391508102417e-01,2.819225490093231201e-01,1.075062751770019531e-01,2.372065782546997070e-01,-1.207690685987472534e-01,1.260801255702972412e-01,3.333642706274986267e-02,-6.373096257448196411e-03,3.232652246952056885e-01,4.428328871726989746e-01,-4.480674117803573608e-02,-8.839379251003265381e-02,4.963279366493225098e-01,6.702529191970825195e-01,1.011652499437332153e-01,2.311920225620269775e-01,-1.779094487428665161e-01,-6.518217176198959351e-02,1.115616261959075928e-01,-2.103030867874622345e-02,2.318380028009414673e-01,2.771277427673339844e-01,3.070822358131408691e-01,3.761639595031738281e-01,2.405897229909896851e-01,2.765316367149353027e-01,1.280944910831749439e-03,7.813315838575363159e-02,-2.472340129315853119e-02,1.653306335210800171e-01,1.447883993387222290e-01,6.951706111431121826e-02,-7.518029212951660156e-02,-8.621516823768615723e-02,2.401416189968585968e-02,1.895498251542448997e-03,-2.053887955844402313e-02,-9.558919817209243774e-02,8.228324353694915771e-03,-2.510904334485530853e-02,1.333878375589847565e-02,-4.951765760779380798e-02,6.997208297252655029e-02,3.503478318452835083e-02,-5.576296150684356689e-02,-2.351321093738079071e-02,1.485568434000015259e-01,1.154177561402320862e-01,2.974310517311096191e-01,2.690959572792053223e-01,3.158026635646820068e-01,4.419057965278625488e-01,3.875322267413139343e-02,2.503032088279724121e-01,2.945093512535095215e-01,3.952651023864746094e-01,3.242555260658264160e-01,2.650948464870452881e-01,1.388721019029617310e-01,5.267571657896041870e-02,1.419818699359893799e-01,2.362006753683090210e-01,7.812822610139846802e-02,7.549289613962173462e-02,1.834428682923316956e-02,2.652950026094913483e-02,8.986320346593856812e-02,1.799698472023010254e-01,8.469237014651298523e-03,-5.442764237523078918e-02,-7.598884403705596924e-02,2.780087105929851532e-02,4.633142426609992981e-02,1.231245249509811401e-01,-2.460480853915214539e-02,8.409577608108520508e-02,2.852157317101955414e-02,1.402787566184997559e-01,-8.171602338552474976e-02,8.399072289466857910e-02,3.401880264282226562e-01,-2.807882986962795258e-02,4.089603424072265625e-01,1.732810586690902710e-01,-1.791453957557678223e-01,-1.256203651428222656e-01,-8.748044818639755249e-02,-2.477594278752803802e-02,2.019131034612655640e-01,1.470741182565689087e-01,1.381123960018157959e-01,2.510599792003631592e-01,1.139279082417488098e-01,1.587444543838500977e-01,2.220962494611740112e-01,1.785216480493545532e-01,9.635763615369796753e-02,9.802573174238204956e-02,1.295148488134145737e-02,-6.380134820938110352e-02,2.352840034291148186e-03,6.275031715631484985e-02,3.954946994781494141e-02,9.922768920660018921e-02,6.602104008197784424e-02,-5.779597908258438110e-02
-1.642947196960449219e-01,-2.559977471828460693e-01,-1.580307483673095703e-01,-1.676289737224578857e-01,1.000000000000000000e+00,6.099767088890075684e-01,-1.587601006031036377e-01,-3.152195513248443604e-01,5.407465100288391113e-01,5.108051300048828125e-01,4.108256101608276367e-02,-1.915881931781768799e-01,1.697604656219482422e-01,-1.104007959365844727e-01,4.845271110534667969e-01,3.411312699317932129e-01,-8.064451068639755249e-02,-1.260002404451370239e-01,-4.080640152096748352e-02,-1.144716665148735046e-01,4.269038736820220947e-01,3.852669596672058105e-01,1.347427666187286377e-01,-3.181858733296394348e-02,4.255537688732147217e-01,3.920364379882812500e-01,6.901515126228332520e-01,6.860549449920654297e-01,6.715863477438688278e-03,-7.983090728521347046e-02,2.261795252561569214e-01,1.645726114511489868e-01,6.044382601976394653e-02,2.466689795255661011e-02,2.521522939205169678e-01,1.640540361404418945e-01,2.902171909809112549e-01,-1.008032821118831635e-02,3.280309140682220459e-01,5.284103751182556152e-02,3.532614186406135559e-02,-2.502370625734329224e-02,-4.689080268144607544e-02,-1.325272114627296105e-05,6.043986976146697998e-02,-1.232694908976554871e-01,-1.355887353420257568e-01,-1.663716286420822144e-01,-4.854836314916610718e-02,-1.407870054244995117e-01,-4.155313596129417419e-02,-1.641537696123123169e-01,-8.764403313398361206e-02,-1.526085287332534790e-01,1.422381848096847534e-01,-5.928313359618186951e-03,-1.466578245162963867e-01,-1.175833195447921753e-01,-1.376452296972274780e-01,-2.062753140926361084e-01,9.246514737606048584e-02,-8.384617418050765991e-02,-5.979325622320175171e-02,-2.571401000022888184e-01,1.803184002637863159e-01,-1.131575927138328552e-01,1.092512533068656921e-01,6.857683509588241577e-02,-5.821474641561508179e-02,6.779124028980731964e-03,2.176188826560974121e-01,1.148422509431838989e-01,1.034918874502182007e-01,-9.787305444478988647e-02,1.647096425294876099e-01,2.435295470058917999e-02,1.517362594604492188e-01,6.096164882183074951e-02,-5.527107976377010345e-03,-9.878287091851234436e-03,1.668874174356460571e-02,8.225142024457454681e-03,1.193020194768905640e-01,-1.672556698322296143e-01,3.022605478763580322e-01,2.747583203017711639e-02,4.005672335624694824e-01,1.489234715700149536e-01,3.912287354469299316e-01,3.413861617445945740e-02,1.428189426660537720e-01,2.878837883472442627e-01,1.713732779026031494e-01,3.813252151012420654e-01,7.922130823135375977e-02,2.447827719151973724e-02,5.670047551393508911e-02,-8.016075007617473602e-03,-9.596762061119079590e-02,1.995660923421382904e-02,-2.723824679851531982e-01,-1.324914097785949707e-01,-2.633590996265411377e-01,-3.084925413131713867e-01,-1.109147723764181137e-02,-8.787209540605545044e-02,-1.304001361131668091e-01,-1.130994558334350586e-01,-9.580057859420776367e-02,-1.199496258050203323e-02,1.632525324821472168e-01,1.133845094591379166e-02,6.608525291085243225e-03,-1.995910890400409698e-02,1.283094286918640137e-01,8.290558308362960815e-02
2.182016521692276001e-02,-7.756100594997406006e-02,2.419593930244445801e-02,1.220578253269195557e-01,6.099767088890075684e-01,1.000000000000000000e+00,-1.452124863862991333e-02,-6.013261526823043823e-02,4.773983955383300781e-01,7.795109748840332031e-01,9.772124886512756348e-02,4.955905023962259293e-03,2.114530056715011597e-01,1.129444837570190430e-01,3.436450660228729248e-01,5.521592497825622559e-01,-3.123236587271094322e-03,-6.753975152969360352e-02,1.980602275580167770e-03,-6.661087274551391602e-02,3.930128216743469238e-01,3.474313020706176758e-01,2.147486358880996704e-01,2.224759906530380249e-01,4.306965470314025879e-01,5.164452791213989258e-01,5.631256103515625000e-01,6.510241031646728516e-01,4.579815268516540527e-02,-3.325059264898300171e-02,1.997546404600143433e-01,2.109556645154953003e-01,2.988311089575290680e-02,1.657216437160968781e-02,2.298142611980438232e-01,1.917677968740463257e-01,2.531074285507202148e-01,5.064059421420097351e-02,3.266798257827758789e-01,1.841445863246917725e-01,2.095865011215209961e-01,1.707201898097991943e-01,-1.743854731321334839e-01,-8.078047633171081543e-02,-3.574061021208763123e-02,-1.591599434614181519e-01,-2.354908138513565063e-01,-2.090211659669876099e-01,-3.397747874259948730e-02,-1.343618780374526978e-01,-1.246973965317010880e-02,-1.576836258172988892e-01,-8.574428409337997437e-02,-1.245549917221069336e-01,4.750845953822135925e-02,-5.040225014090538025e-02,2.252834290266036987e-02,-3.309686901047825813e-03,9.182000905275344849e-02,-9.604368358850479126e-03,2.391383349895477295e-01,1.292684227228164673e-01,-5.609971471130847931e-03,-1.358740329742431641e-01,2.447709739208221436e-01,1.187075003981590271e-01,1.380547732114791870e-01,5.518133565783500671e-02,8.961866609752178192e-03,-4.362727701663970947e-02,2.634792625904083252e-01,1.588301509618759155e-01,1.545819789171218872e-01,-5.634666606783866882e-02,1.685731559991836548e-01,2.053649164736270905e-02,1.413295865058898926e-01,9.695657342672348022e-02,4.775486141443252563e-02,4.198905825614929199e-02,4.631257429718971252e-02,9.054649621248245239e-02,1.516818255186080933e-01,-1.683468930423259735e-02,2.746802866458892822e-01,1.306526213884353638e-01,3.719152510166168213e-01,3.552003204822540283e-01,2.725925147533416748e-01,1.123162135481834412e-01,3.452486395835876465e-01,3.124965727329254150e-01,3.745683729648590088e-01,3.698368072509765625e-01,-4.729237407445907593e-02,-4.754125699400901794e-02,-2.300065942108631134e-02,4.687684774398803711e-02,-6.172928586602210999e-02,8.607697486877441406e-02,-1.730145066976547241e-01,-1.001715883612632751e-01,-1.750969290733337402e-01,-2.666214704513549805e-01,8.100308477878570557e-02,-7.946369796991348267e-02,-1.317160278558731079e-01,-2.209548503160476685e-01,-1.245429664850234985e-01,-3.208465501666069031e-02,1.446566283702850342e-01,4.288374632596969604e-02,3.976715356111526489e-02,1.805247366428375244e-02,1.402058750391006470e-01,5.382068082690238953e-02
5.499418377876281738e-01,1.779261231422424316e-01,7.896762490272521973e-01,5.614737868309020996e-01,-1.587601006031036377e-01,-1.452124863862991333e-02,1.000000000000000000e+00,4.435721933841705322e-01,1.198692172765731812e-01,1.653607748448848724e-02,3.350625038146972656e-01,1.151762828230857849e-01,4.106154143810272217e-01,1.063422560691833496e-01,8.910255134105682373e-02,6.278479844331741333e-02,7.209865748882293701e-02,-1.538143157958984375e-01,4.205425381660461426e-01,3.207195401191711426e-01,-1.113510653376579285e-01,-2.022073268890380859e-01,6.290990710258483887e-01,6.146613955497741699e-01,1.135109290480613708e-01,6.465868651866912842e-02,-9.396903961896896362e-02,-7.892546057701110840e-02,1.710071116685867310e-01,-1.251041889190673828e-01,2.108315229415893555e-01,2.027047425508499146e-01,3.411983549594879150e-01,1.971098780632019043e-01,2.122996151447296143e-01,1.502279341220855713e-01,-1.624818518757820129e-02,-5.664494354277849197e-03,-7.369815558195114136e-02,8.824387937784194946e-02,1.547394692897796631e-01,1.133839115500450134e-01,-4.506552591919898987e-02,-1.140277758240699768e-01,2.526954934000968933e-02,-7.355129718780517578e-02,-7.139684259891510010e-02,-2.183972746133804321e-01,-1.777787692844867706e-02,-7.951878011226654053e-02,5.094756558537483215e-02,-1.009932309389114380e-01,9.767391718924045563e-03,-3.234913572669029236e-02,-1.211942955851554871e-01,-1.512374132871627808e-01,2.330107092857360840e-01,1.124100163578987122e-01,4.615212380886077881e-01,2.572096884250640869e-01,5.159540176391601562e-01,3.251245021820068359e-01,1.506204605102539062e-01,1.183931380510330200e-01,4.577229022979736328e-01,3.233925700187683105e-01,4.176968336105346680e-01,1.815433353185653687e-01,2.927752137184143066e-01,1.542759984731674194e-01,1.347906738519668579e-01,9.234910458326339722e-02,1.109354868531227112e-01,-2.036964148283004761e-02,3.868088498711585999e-02,-4.477617517113685608e-02,1.398068070411682129e-01,3.381705656647682190e-02,7.195930182933807373e-02,-1.166087985038757324e-01,3.548945533111691475e-03,-7.230546325445175171e-02,1.580212861299514771e-01,1.205113232135772705e-01,2.475067526102066040e-01,-2.152139320969581604e-03,3.292294219136238098e-02,9.679405391216278076e-02,7.247723173350095749e-03,-7.978077232837677002e-02,1.921367347240447998e-01,5.871433764696121216e-02,1.886422485113143921e-01,2.581150233745574951e-01,-2.317913025617599487e-01,-1.752525418996810913e-01,-1.816838532686233521e-01,-1.048067212104797363e-01,6.757017225027084351e-02,1.563438326120376587e-01,-2.784863859415054321e-02,2.562323808670043945e-01,-4.118061624467372894e-03,8.821257948875427246e-02,8.101388067007064819e-02,1.240778565406799316e-01,9.666129201650619507e-02,-5.542131885886192322e-02,4.071403294801712036e-02,-7.765910774469375610e-02,-3.748118132352828979e-02,-1.730839721858501434e-02,3.144514560699462891e-02,5.420935899019241333e-02,3.740226477384567261e-02,-1.829830706119537354e-01
1.488241255283355713e-01,2.129458636045455933e-01,4.005264341831207275e-01,7.192336916923522949e-01,-3.152195513248443604e-01,-6.013261526823043823e-02,4.435721933841705322e-01,1.000000000000000000e+00,-2.227881550788879395e-01,2.789993025362491608e-02,4.401412233710289001e-02,4.396041929721832275e-01,-3.582796081900596619e-02,3.848796784877777100e-01,-3.178535699844360352e-01,7.393412757664918900e-03,-2.650657203048467636e-03,9.172458201646804810e-02,2.322857975959777832e-01,3.891133368015289307e-01,-1.759433448314666748e-01,-1.695977598428726196e-01,3.012444674968719482e-01,5.043700337409973145e-01,-9.163441509008407593e-02,1.218287348747253418e-01,-3.937312662601470947e-01,-3.556434810161590576e-01,1.191457808017730713e-01,1.399938464164733887e-01,2.472299188375473022e-01,2.974103093147277832e-01,3.400962352752685547e-01,4.763961434364318848e-01,1.346879452466964722e-01,2.520550787448883057e-01,-1.295070499181747437e-01,2.843604795634746552e-02,-1.433005928993225098e-01,4.572515934705734253e-02,1.065783575177192688e-01,4.426694288849830627e-02,3.469101712107658386e-02,4.298119246959686279e-02,1.848752051591873169e-01,2.041986584663391113e-01,1.045521497726440430e-01,-3.991192206740379333e-02,9.126249700784683228e-02,1.060713827610015869e-01,2.460368722677230835e-02,3.142178431153297424e-02,-3.007001802325248718e-02,-4.315516352653503418e-02,-1.151688545942306519e-01,-8.254514634609222412e-02,4.278992488980293274e-02,4.046966880559921265e-02,1.851203441619873047e-01,2.515065968036651611e-01,1.809229254722595215e-01,4.077710807323455811e-01,5.545568466186523438e-02,3.689468204975128174e-01,5.661588162183761597e-02,3.411189317703247070e-01,2.511851191520690918e-01,3.093205690383911133e-01,-3.510486567392945290e-03,-3.164755180478096008e-04,9.701111912727355957e-02,2.191645503044128418e-01,4.539810493588447571e-02,1.589483320713043213e-01,6.351568549871444702e-02,8.826106786727905273e-02,8.115196228027343750e-02,2.538048028945922852e-01,-4.714788123965263367e-02,-4.172856733202934265e-02,-1.614820063114166260e-01,-3.857399150729179382e-02,-5.327294021844863892e-02,1.338328719139099121e-01,-2.633100152015686035e-01,-5.635282397270202637e-02,-1.597122550010681152e-01,-2.825708501040935516e-02,-2.375753819942474365e-01,-4.653034731745719910e-02,1.958651393651962280e-01,-1.786674410104751587e-01,2.525815367698669434e-01,-5.127830803394317627e-02,-2.070668190717697144e-01,-1.390899717807769775e-01,-1.014907956123352051e-01,-6.862878054380416870e-02,2.214291989803314209e-01,8.758568763732910156e-02,2.541716992855072021e-01,2.529814243316650391e-01,1.751445233821868896e-01,2.300366461277008057e-01,1.534871906042098999e-01,1.287474185228347778e-01,1.530273556709289551e-01,1.021759808063507080e-01,3.820571303367614746e-02,-9.137983620166778564e-02,-9.051759541034698486e-02,3.586474061012268066e-02,5.954119563102722168e-02,1.189004927873611450e-01,2.806406468152999878e-02,-9.230427443981170654e-02
1.595993041992187500e-01,-8.229990303516387939e-02,1.176140308380126953e-01,-1.781718805432319641e-02,5.407465100288391113e-01,4.773983955383300781e-01,1.198692172765731812e-01,-2.227881550788879395e-01,1.000000000000000000e+00,4.901586174964904785e-01,2.758989334106445312e-01,-7.502006366848945618e-03,4.951873719692230225e-01,6.139330565929412842e-02,5.628447532653808594e-01,3.341812193393707275e-01,1.270989626646041870e-01,1.263273297809064388e-03,1.283458173274993896e-01,-6.204648688435554504e-02,2.752231359481811523e-01,2.068852037191390991e-01,2.664346396923065186e-01,5.648942664265632629e-02,4.438511729240417480e-01,2.877336740493774414e-01,4.970220923423767090e-01,5.433161854743957520e-01,2.209747284650802612e-01,4.853301495313644409e-02,1.326487958431243896e-01,5.004209652543067932e-02,3.998622670769691467e-02,-8.727762848138809204e-02,1.765089184045791626e-01,3.856593742966651917e-02,3.813131153583526611e-01,1.491471081972122192e-01,3.234141170978546143e-01,1.383806914091110229e-01,1.392115056514739990e-01,9.316296130418777466e-02,-1.755675375461578369e-01,-1.712640374898910522e-01,-1.344707012176513672e-01,-2.996440231800079346e-01,-2.609286904335021973e-01,-1.915319710969924927e-01,-1.823853403329849243e-01,-2.447906732559204102e-01,-6.357035785913467407e-02,-2.026588767766952515e-01,-8.164900541305541992e-02,-4.840058833360671997e-02,1.039692685008049011e-01,4.222502559423446655e-02,6.033296510577201843e-02,7.642304408363997936e-04,5.784869194030761719e-02,-1.635654121637344360e-01,3.099036812782287598e-01,-3.247752785682678223e-02,7.262014597654342651e-02,-2.241044342517852783e-01,3.258603811264038086e-01,-2.527622040361166000e-03,6.419545412063598633e-02,-1.221941113471984863e-01,1.534237712621688843e-01,1.065752133727073669e-01,3.214963376522064209e-01,1.776495277881622314e-01,2.368914186954498291e-01,1.011910960078239441e-01,2.284010201692581177e-01,1.439613848924636841e-01,3.114562034606933594e-01,1.783794164657592773e-01,1.815272271633148193e-01,6.788847595453262329e-02,1.763533353805541992e-01,1.296334713697433472e-01,2.125946432352066040e-01,-2.730838581919670105e-02,4.279516935348510742e-01,1.482936739921569824e-01,4.151937067508697510e-01,2.444421201944351196e-01,3.711055517196655273e-01,1.097171753644943237e-01,1.336126625537872314e-01,3.377717733383178711e-01,1.900782287120819092e-01,4.035976231098175049e-01,4.597392107825726271e-04,-1.388706034049391747e-03,-1.599420793354511261e-02,9.164138138294219971e-02,-7.388973981142044067e-02,1.548735499382019043e-01,-1.415208131074905396e-01,5.149573460221290588e-02,-1.057263165712356567e-01,-1.090269759297370911e-01,4.160566255450248718e-03,-2.382653020322322845e-02,-9.318117797374725342e-02,-4.824485257267951965e-02,-8.302645385265350342e-02,-3.767304494976997375e-02,2.358879595994949341e-01,7.461315393447875977e-02,3.035555221140384674e-02,2.922785934060811996e-03,8.402612060308456421e-02,6.278929114341735840e-02
2.072063088417053223e-02,-9.950603544712066650e-02,7.004006300121545792e-03,1.423088163137435913e-01,5.108051300048828125e-01,7.795109748840332031e-01,1.653607748448848724e-02,2.789993025362491608e-02,4.901586174964904785e-01,1.000000000000000000e+00,1.119638234376907349e-01,4.976084083318710327e-02,2.174571007490158081e-01,1.793641895055770874e-01,3.065474033355712891e-01,6.001743078231811523e-01,-2.194570191204547882e-02,-1.121283844113349915e-01,-2.193168504163622856e-03,-1.033425927162170410e-01,2.805294096469879150e-01,2.400351315736770630e-01,1.645531803369522095e-01,1.582829803228378296e-01,3.415811955928802490e-01,4.590492248535156250e-01,4.164459407329559326e-01,5.092745423316955566e-01,6.223201006650924683e-02,-1.134574413299560547e-02,1.738301366567611694e-01,2.058647274971008301e-01,3.860310092568397522e-02,3.093368932604789734e-02,1.232369393110275269e-01,1.168527826666831970e-01,1.741797327995300293e-01,-8.001013658940792084e-03,1.941394507884979248e-01,1.085591763257980347e-01,1.658701300621032715e-01,7.783980667591094971e-02,-8.035667985677719116e-02,-1.112264767289161682e-02,3.851898387074470520e-02,-5.957164615392684937e-02,-1.205236762762069702e-01,-1.762499660253524780e-01,8.533522486686706543e-02,-2.819715999066829681e-02,1.187459081411361694e-01,-4.106900468468666077e-02,-7.287020236253738403e-02,-1.263284683227539062e-01,9.783952683210372925e-02,2.136909402906894684e-02,-1.727363653481006622e-02,-5.031226202845573425e-02,8.838693797588348389e-02,1.611806638538837433e-02,2.282157391309738159e-01,1.653465479612350464e-01,-4.092375189065933228e-02,-1.264154165983200073e-01,1.776120960712432861e-01,1.535762846469879150e-01,9.924320131540298462e-02,6.172591447830200195e-02,-1.033196691423654556e-02,-2.501416020095348358e-02,2.329231351613998413e-01,1.498693525791168213e-01,1.730505377054214478e-01,-1.480614673346281052e-02,1.857027113437652588e-01,4.649796709418296814e-02,1.468084603548049927e-01,1.203237473964691162e-01,-3.140151500701904297e-03,7.072834298014640808e-03,-7.922166958451271057e-03,1.913084648549556732e-02,7.591079175472259521e-02,-2.585405856370925903e-02,1.862826347351074219e-01,4.038939997553825378e-02,2.582999765872955322e-01,2.495794594287872314e-01,2.137307524681091309e-01,6.011393666267395020e-02,3.062076270580291748e-01,2.000936120748519897e-01,3.529019057750701904e-01,2.432730942964553833e-01,-9.027155488729476929e-02,-5.702710151672363281e-02,-2.239328064024448395e-02,3.148157894611358643e-02,-5.004567652940750122e-02,9.284730255603790283e-02,-8.280888944864273071e-02,-1.053406819701194763e-01,-1.043787077069282532e-01,-2.470750212669372559e-01,8.936627954244613647e-02,-5.351810529828071594e-02,-6.773532181978225708e-02,-1.643330603837966919e-01,-1.346092820167541504e-01,-1.067369729280471802e-01,7.759895175695419312e-02,1.516457833349704742e-02,8.815051615238189697e-02,3.402133658528327942e-02,1.405869126319885254e-01,4.433990269899368286e-02
5.561259984970092773e-01,2.448158115148544312e-01,2.575910091400146484e-01,1.546799391508102417e-01,4.108256101608276367e-02,9.772124886512756348e-02,3.350625038146972656e-01,4.401412233710289001e-02,2.758989334106445312e-01,1.119638234376907349e-01,1.000000000000000000e+00,2.779051363468170166e-01,6.564863324165344238e-01,3.428432345390319824e-01,3.508284389972686768e-01,1.912062913179397583e-01,4.506655037403106689e-01,1.016091704368591309e-01,4.468589127063751221e-01,3.063087463378906250e-01,6.540568917989730835e-02,1.471513416618108749e-02,1.854639500379562378e-01,2.142235189676284790e-01,2.275505661964416504e-02,2.452289871871471405e-02,7.957750558853149414e-02,6.179579719901084900e-02,5.014758706092834473e-01,1.501690149307250977e-01,1.256449967622756958e-01,5.609961971640586853e-02,2.999210953712463379e-01,1.262017488479614258e-01,-1.151886954903602600e-02,-2.584437094628810883e-02,1.213486120104789734e-01,-3.935189917683601379e-02,5.871501937508583069e-02,2.333293855190277100e-02,1.123550981283187866e-01,1.509980112314224243e-01,-8.622853457927703857e-02,-1.474993824958801270e-01,-5.204958468675613403e-02,-2.006953656673431396e-01,-1.307499855756759644e-01,-5.984476208686828613e-02,-6.902641803026199341e-02,-1.146756932139396667e-01,-3.785633668303489685e-02,-1.229973882436752319e-01,4.159207269549369812e-02,1.681810244917869568e-02,-5.500200204551219940e-03,-6.015110760927200317e-03,4.186624288558959961e-01,2.961900532245635986e-01,2.655922770500183105e-01,1.780150532722473145e-01,4.821607470512390137e-01,2.257822453975677490e-01,4.826352894306182861e-01,2.841968536376953125e-01,5.762184783816337585e-02,7.317453622817993164e-02,1.718803942203521729e-01,7.374063879251480103e-02,4.168998599052429199e-01,2.705341577529907227e-01,3.289594352245330811e-01,1.849890649318695068e-01,2.468617558479309082e-01,1.267605870962142944e-01,8.851420879364013672e-02,7.115040719509124756e-02,2.295750528573989868e-01,4.778119176626205444e-02,2.722275555133819580e-01,2.454707026481628418e-02,2.333567142486572266e-01,1.383710056543350220e-01,1.423081755638122559e-01,1.269150376319885254e-01,1.951606124639511108e-01,1.293931603431701660e-01,6.607220321893692017e-02,5.111407861113548279e-02,1.914141178131103516e-01,8.575317263603210449e-02,6.796209514141082764e-02,2.123760282993316650e-01,1.047782227396965027e-01,1.979948878288269043e-01,-1.514313519001007080e-01,-1.324239224195480347e-01,-8.924269676208496094e-02,6.361441314220428467e-02,1.919985115528106689e-01,2.282603681087493896e-01,6.993341445922851562e-02,2.410077452659606934e-01,6.012718379497528076e-02,1.894208937883377075e-01,5.934050306677818298e-02,3.811331465840339661e-02,6.995651125907897949e-02,-5.384266003966331482e-02,-4.206124320626258850e-02,-5.440223217010498047e-02,2.179662734270095825e-01,1.989624649286270142e-01,9.295229613780975342e-02,1.278990358114242554e-01,8.664994500577449799e-03,-1.212868392467498779e-01
2.403960376977920532e-01,4.075781404972076416e-01,6.013527512550354004e-02,2.819225490093231201e-01,-1.915881931781768799e-01,4.955905023962259293e-03,1.151762828230857849e-01,4.396041929721832275e-01,-7.502006366848945618e-03,4.976084083318710327e-02,2.779051363468170166e-01,1.000000000000000000e+00,1.418787986040115356e-01,6.613323688507080078e-01,-8.299902826547622681e-02,1.734386682510375977e-01,3.530889451503753662e-01,5.204322338104248047e-01,2.468493729829788208e-01,3.046337366104125977e-01,-7.725931704044342041e-02,-9.059394150972366333e-02,4.277476668357849121e-02,1.498616486787796021e-01,-1.208222061395645142e-01,3.361883014440536499e-02,-1.952035278081893921e-01,-2.275918573141098022e-01,3.807677030563354492e-01,5.236587524414062500e-01,1.426666676998138428e-01,1.631129384040832520e-01,2.321835458278656006e-01,3.080114126205444336e-01,-9.743124991655349731e-02,-4.158755391836166382e-02,-9.510229527950286865e-02,2.058076113462448120e-01,-2.183077111840248108e-02,6.303049623966217041e-02,1.237552389502525330e-01,1.704639792442321777e-01,-8.184809237718582153e-02,-6.212458759546279907e-02,-9.111581742763519287e-02,-7.350080460309982300e-02,-8.669340610504150391e-02,-1.911683194339275360e-02,-1.203844621777534485e-01,-4.283748567104339600e-02,-1.297332644462585449e-01,-7.763160765171051025e-02,-8.849583566188812256e-02,3.366792947053909302e-02,-9.344863146543502808e-02,-6.533591449260711670e-02,2.566272020339965820e-01,2.490181922912597656e-01,6.211216375231742859e-02,4.345064982771873474e-02,2.061644643545150757e-01,1.803406029939651489e-01,3.863185346126556396e-01,4.632597565650939941e-01,-1.100071147084236145e-01,1.369097456336021423e-02,-4.269756376743316650e-02,-4.622828215360641479e-02,1.701079905033111572e-01,5.914375185966491699e-02,2.208757549524307251e-01,3.140738308429718018e-01,1.291730552911758423e-01,4.021812081336975098e-01,1.455796211957931519e-01,2.786707580089569092e-01,2.165958136320114136e-01,3.377564251422882080e-01,2.545132339000701904e-01,2.381427139043807983e-01,1.312474161386489868e-01,2.449941039085388184e-01,1.150438636541366577e-01,2.779460251331329346e-01,-1.244599819183349609e-01,7.015195488929748535e-02,-6.602025032043457031e-02,5.186659470200538635e-02,-8.850704878568649292e-02,8.874258399009704590e-02,2.255811356008052826e-02,-9.482856094837188721e-02,1.010898202657699585e-01,-5.834256857633590698e-02,-1.775925904512405396e-01,-1.538441479206085205e-01,-1.262740194797515869e-01,8.504545688629150391e-02,1.503516137599945068e-01,5.467723682522773743e-02,3.195596337318420410e-01,2.905105650424957275e-01,2.686229348182678223e-01,3.215259015560150146e-01,1.251381821930408478e-02,2.503439609427005053e-04,9.214213490486145020e-02,3.980600088834762573e-02,-7.988895475864410400e-02,-1.055488735437393188e-01,2.555146627128124237e-02,1.257817298173904419e-01,-1.078456267714500427e-02,1.865197420120239258e-01,-3.923341631889343262e-02,-9.264031052589416504e-02
4.857878684997558594e-01,8.072394877672195435e-02,3.010857701301574707e-01,1.075062751770019531e-01,1.697604656219482422e-01,2.114530056715011597e-01,4.106154143810272217e-01,-3.582796081900596619e-02,4.951873719692230225e-01,2.174571007490158081e-01,6.564863324165344238e-01,1.418787986040115356e-01,1.000000000000000000e+00,3.337521553039550781e-01,3.982744514942169189e-01,1.808565109968185425e-01,2.793764770030975342e-01,-2.560592442750930786e-02,3.033495545387268066e-01,9.783719480037689209e-02,9.682739526033401489e-02,2.600672654807567596e-02,2.490422874689102173e-01,1.992235034704208374e-01,1.610094755887985229e-01,1.220603808760643005e-01,2.109134197235107422e-01,2.324919402599334717e-01,3.600914180278778076e-01,3.725438937544822693e-02,1.142474412918090820e-01,8.208027482032775879e-02,2.208069562911987305e-01,3.985600918531417847e-02,7.542024552822113037e-02,7.412622682750225067e-03,1.692926734685897827e-01,4.910830780863761902e-02,7.524790614843368530e-02,8.982747048139572144e-02,1.102495193481445312e-01,1.432783156633377075e-01,-1.367401480674743652e-01,-1.836474835872650146e-01,-6.196710467338562012e-02,-2.486479133367538452e-01,-1.868849843740463257e-01,-1.801517754793167114e-01,-8.051491528749465942e-02,-1.856561005115509033e-01,8.935642987489700317e-02,-1.314518898725509644e-01,1.902496442198753357e-02,-3.682541102170944214e-02,1.069494709372520447e-02,-7.367359008640050888e-03,2.652786076068878174e-01,1.602130681276321411e-01,3.182272911071777344e-01,8.389224112033843994e-02,5.394624471664428711e-01,1.515816897153854370e-01,2.892076075077056885e-01,3.187570348381996155e-02,2.887488007545471191e-01,1.553608626127243042e-01,2.374664545059204102e-01,5.740534514188766479e-02,3.235009014606475830e-01,1.938220113515853882e-01,3.229378163814544678e-01,1.381401270627975464e-01,1.405577808618545532e-01,-1.370200328528881073e-02,1.905005797743797302e-02,-1.058352086693048477e-02,2.199250310659408569e-01,2.129905298352241516e-02,1.680239289999008179e-01,-1.340879220515489578e-02,1.722388565540313721e-01,6.241948902606964111e-02,1.191667467355728149e-01,3.832612186670303345e-02,3.617895245552062988e-01,1.598593890666961670e-01,7.880565524101257324e-02,4.476331919431686401e-02,2.486645579338073730e-01,1.017961949110031128e-01,8.380599319934844971e-02,1.970265507698059082e-01,1.543401181697845459e-01,3.167896270751953125e-01,-1.445304304361343384e-01,-1.305640935897827148e-01,-1.353044956922531128e-01,-2.982253022491931915e-02,1.440631132572889328e-02,1.509215086698532104e-01,-2.709663659334182739e-02,2.319456487894058228e-01,-7.071811705827713013e-02,1.412380859255790710e-02,2.392638474702835083e-02,-1.700487773632630706e-04,6.777437776327133179e-02,-9.834472835063934326e-02,-2.113693580031394958e-02,-1.060303300619125366e-01,1.417344957590103149e-01,7.652275264263153076e-02,6.462787836790084839e-02,3.964982926845550537e-02,8.207272738218307495e-03,-1.200668290257453918e-01
