1.000000000000000000e+00,3.497345149517059326e-01,2.717500627040863037e-01,9.507257491350173950e-02,-8.821807801723480225e-02,-9.454552829265594482e-02,3.914166986942291260e-01,2.710306942462921143e-01,-4.995464533567428589e-02,-1.326713114976882935e-01,3.656879365444183350e-01,1.585285663604736328e-01,2.321825325489044189e-01,-4.857917502522468567e-02,-3.931752964854240417e-02,-1.925886273384094238e-01,2.588787078857421875e-01,1.848489195108413696e-01,4.829728901386260986e-01,3.490813076496124268e-01,3.564428910613059998e-02,-5.192342400550842285e-02,8.267670124769210815e-02,-4.979883879423141479e-02,-4.327600821852684021e-02,-6.745482236146926880e-02,-1.408366858959197998e-01,-1.703221797943115234e-01,1.737924218177795410e-01,9.201128780841827393e-02,5.804771929979324341e-02,3.081919252872467041e-02,2.494813948869705200e-01,2.099971026182174683e-01,-9.134800732135772705e-02,-8.923830837011337280e-02,7.038729265332221985e-03,5.407620221376419067e-03,1.680128276348114014e-02,-1.624221168458461761e-02,-1.566844061017036438e-02,-1.817406155169010162e-02,-4.553819820284843445e-02,-7.377400249242782593e-02,-3.509617224335670471e-02,-5.641154944896697998e-02,-1.101428568363189697e-01,-3.876500949263572693e-02,-5.503686890006065369e-02,-9.755134582519531250e-02,-8.385471254587173462e-02,-1.247281879186630249e-01,-9.645124524831771851e-02,-5.755114555358886719e-02,-9.828518331050872803e-02,-7.551739364862442017e-02,4.997133016586303711e-01,3.071442246437072754e-01,1.425739824771881104e-01,4.941795766353607178e-02,3.094443380832672119e-01,1.990818977355957031e-01,1.882374137639999390e-01,6.038803607225418091e-02,4.865873139351606369e-03,-1.062949672341346741e-01,6.734276562929153442e-02,-3.922484815120697021e-02,3.480971455574035645e-01,2.913866043090820312e-01,1.716370731592178345e-01,1.090808585286140442e-01,1.415038704872131348e-01,8.159891515970230103e-02,-1.307746116071939468e-02,5.988278985023498535e-02,1.075798794627189636e-01,2.437558025121688843e-02,8.595085144042968750e-02,1.149377897381782532e-01,1.189632564783096313e-01,4.888402298092842102e-02,1.012165751308202744e-02,7.166064460761845112e-04,-2.965703234076499939e-02,-1.186473518610000610e-01,8.732514828443527222e-02,-1.428965479135513306e-01,8.596927672624588013e-02,-1.194847077131271362e-01,-6.097246333956718445e-02,-1.040550395846366882e-01,3.281531482934951782e-02,4.516074433922767639e-02,-4.086872562766075134e-02,7.717167958617210388e-03,-4.903762042522430420e-02,-1.222105920314788818e-01,-2.857278473675251007e-02,-6.276281177997589111e-02,1.353685627691447735e-03,7.820817083120346069e-02,-6.785450037568807602e-03,4.893887788057327271e-02,-9.349071234464645386e-02,-1.173290163278579712e-01,-1.393697708845138550e-01,-4.062329977750778198e-02,1.779473823262378573e-04,6.987679004669189453e-02,1.010828278958797455e-02,-3.545239567756652832e-02,2.326585090486332774e-04,2.311768382787704468e-02,3.251897916197776794e-02,-2.802015841007232666e-02
3.497345149517059326e-01,1.000000000000000000e+00,1.132650747895240784e-01,1.985634565353393555e-01,-1.681995540857315063e-01,-8.422549813985824585e-02,1.517851352691650391e-01,2.516179084777832031e-01,-1.961241364479064941e-01,-1.416190862655639648e-01,1.298453658819198608e-01,2.627349197864532471e-01,7.085531949996948242e-02,3.854902088642120361e-02,-6.437113136053085327e-02,-7.281660288572311401e-02,1.644698232412338257e-01,2.019494473934173584e-01,3.579529523849487305e-01,4.326229095458984375e-01,-1.529167406260967255e-02,-5.557282827794551849e-03,7.347565889358520508e-02,5.988360568881034851e-02,-1.134134829044342041e-01,-9.039946645498275757e-02,-1.376518458127975464e-01,-9.317038953304290771e-02,1.600504070520401001e-01,8.858500421047210693e-02,-4.187782481312751770e-02,4.929189011454582214e-02,1.477477103471755981e-01,2.461013644933700562e-01,-2.757781185209751129e-02,-1.856293343007564545e-02,2.906523458659648895e-02,-1.783189922571182251e-02,1.277701109647750854e-01,-1.313040405511856079e-02,5.548727139830589294e-02,8.968118578195571899e-03,5.383809655904769897e-02,6.865246593952178955e-02,6.213910877704620361e-02,6.675359606742858887e-02,-2.893099561333656311e-02,7.914702594280242920e-02,1.406768895685672760e-02,5.204563587903976440e-02,2.359414286911487579e-02,5.674998834729194641e-02,2.340491116046905518e-02,-4.554668813943862915e-02,-5.219191312789916992e-02,1.357435714453458786e-02,4.139026999473571777e-01,5.643306970596313477e-01,6.320852041244506836e-02,9.348540008068084717e-02,-4.989064857363700867e-02,1.723357588052749634e-01,2.062212675809860229e-02,1.469804346561431885e-01,-1.512045711278915405e-01,-4.665560647845268250e-02,-6.691907346248626709e-02,-5.577493831515312195e-02,3.314228355884552002e-01,3.760658204555511475e-01,1.246893219649791718e-02,5.198976024985313416e-02,8.258860558271408081e-02,1.940279453992843628e-01,2.937328815460205078e-02,1.542446613311767578e-01,6.936860829591751099e-02,1.685943752527236938e-01,9.964713454246520996e-02,1.823956221342086792e-01,6.709717214107513428e-02,1.475039720535278320e-01,5.593645945191383362e-02,-2.533344551920890808e-02,-3.236201778054237366e-02,4.546054825186729431e-02,1.252621710300445557e-01,-6.059787422418594360e-02,4.075750336050987244e-02,-2.010791562497615814e-02,-2.903925068676471710e-02,-1.042886897921562195e-01,6.532602757215499878e-02,6.123193725943565369e-02,-6.488267797976732254e-03,-1.804907247424125671e-02,-7.459546625614166260e-02,-1.909346878528594971e-01,-7.939642667770385742e-02,-1.789121031761169434e-01,7.595629245042800903e-02,6.212781742215156555e-02,1.179988775402307510e-02,9.154881536960601807e-02,-3.766398131847381592e-02,1.606406457722187042e-02,1.812542788684368134e-02,-1.591132022440433502e-02,-1.398688473273068666e-04,-4.415738396346569061e-03,-1.664423197507858276e-02,-8.351308107376098633e-02,-3.824998624622821808e-03,2.209412492811679840e-02,1.830530725419521332e-02,-5.637608934193849564e-03
2.717500627040863037e-01,1.132650747895240784e-01,1.000000000000000000e+00,4.556941390037536621e-01,4.632070660591125488e-02,3.858953341841697693e-02,5.777606964111328125e-01,3.544347584247589111e-01,6.441468000411987305e-02,-1.588555052876472473e-02,1.432028710842132568e-01,-1.174186021089553833e-01,1.266364306211471558e-01,-2.395192980766296387e-01,1.031530201435089111e-01,-6.165651232004165649e-02,-2.139773033559322357e-02,-6.537207961082458496e-02,2.712088227272033691e-01,1.760818660259246826e-01,1.309291571378707886e-01,3.058011457324028015e-02,5.199499726295471191e-01,3.867005109786987305e-01,2.632423043251037598e-01,3.024158179759979248e-01,7.651760429143905640e-02,9.704381972551345825e-02,2.550418302416801453e-02,2.977384813129901886e-02,2.709590196609497070e-01,3.402559459209442139e-01,1.831957325339317322e-02,1.014935970306396484e-01,1.108192130923271179e-01,7.823776453733444214e-03,1.561716347932815552e-01,1.389544606208801270e-01,1.191423982381820679e-01,1.257314234972000122e-01,1.567799411714076996e-02,5.534426495432853699e-02,-1.414843052625656128e-01,-1.670469492673873901e-01,-1.289086788892745972e-01,-1.908067166805267334e-01,-1.756350547075271606e-01,-1.301386058330535889e-01,-1.672800183296203613e-01,-1.984958648681640625e-01,-1.727860122919082642e-01,-1.851754784584045410e-01,-1.357406824827194214e-01,-1.070471480488777161e-01,-1.000643894076347351e-01,4.786920920014381409e-02,9.554924815893173218e-02,1.314946711063385010e-01,-2.127646952867507935e-01,-2.400421798229217529e-01,-4.007226228713989258e-02,7.257327437400817871e-02,-1.502842456102371216e-01,-2.230355888605117798e-01,1.896884739398956299e-01,6.523969769477844238e-02,-8.952026814222335815e-02,-2.807261347770690918e-01,6.311981938779354095e-03,1.227696090936660767e-01,2.221952080726623535e-01,1.899513900279998779e-01,1.653595566749572754e-01,7.778520882129669189e-02,8.230257779359817505e-02,-6.611996795982122421e-03,5.919536203145980835e-02,4.575256258249282837e-02,-2.388039045035839081e-02,3.997323103249073029e-03,9.948542341589927673e-03,-5.258404184132814407e-03,-1.103060245513916016e-01,-3.674285486340522766e-02,8.896603435277938843e-02,-1.888407766819000244e-02,3.246920928359031677e-02,6.719853729009628296e-02,1.910371333360671997e-01,6.980554759502410889e-02,2.908299677073955536e-02,3.123431652784347534e-02,1.370350867509841919e-01,9.984584152698516846e-02,4.541380796581506729e-03,-9.485491900704801083e-04,-2.614996209740638733e-02,-5.095236375927925110e-02,-5.753743276000022888e-02,-8.837615698575973511e-02,-6.946267560124397278e-03,1.064222007989883423e-01,-3.965449705719947815e-02,2.976684831082820892e-02,4.938605241477489471e-03,-4.872439894825220108e-03,-1.179491207003593445e-01,-7.347556948661804199e-02,1.090551316738128662e-01,7.888903468847274780e-02,-8.386928238905966282e-04,-6.239484995603561401e-02,-1.060198619961738586e-02,2.959986962378025055e-02,3.470780700445175171e-02,-3.706865012645721436e-02
9.507257491350173950e-02,1.985634565353393555e-01,4.556941390037536621e-01,1.000000000000000000e+00,-1.312333531677722931e-02,7.609211653470993042e-02,3.498805165290832520e-01,5.200214982032775879e-01,-1.435838732868432999e-02,5.495249107480049133e-02,-5.352251604199409485e-02,-6.245349999517202377e-03,-1.311996672302484512e-02,-1.583200991153717041e-01,-6.237987801432609558e-02,-8.671471732668578625e-04,-1.342386305332183838e-01,-1.160562559962272644e-01,7.730602473020553589e-02,1.951712071895599365e-01,3.045497648417949677e-02,-1.341295707970857620e-02,4.159896969795227051e-01,5.241628885269165039e-01,1.535842418670654297e-01,1.881842315196990967e-01,1.366869360208511353e-02,7.959098368883132935e-02,-5.824970547109842300e-03,2.414280548691749573e-02,2.010710835456848145e-01,3.498980104923248291e-01,-1.709414296783506870e-03,2.023971378803253174e-01,5.592293292284011841e-02,2.769348025321960449e-02,5.721964687108993530e-02,8.065307885408401489e-02,1.172286719083786011e-01,4.669046029448509216e-02,-1.708237268030643463e-02,2.085122093558311462e-02,-1.113881990313529968e-01,-5.771328136324882507e-02,-9.466633945703506470e-02,-9.230270981788635254e-02,-2.029277682304382324e-01,-1.101137846708297729e-01,-1.281285136938095093e-01,-1.111157983541488647e-01,-1.255893111228942871e-01,-9.739619493484497070e-02,-1.293115019798278809e-01,-1.429634392261505127e-01,-1.662669926881790161e-01,-5.667646229267120361e-02,-5.623089522123336792e-02,1.379528492689132690e-01,-2.110576033592224121e-01,-9.593941271305084229e-02,-1.253706067800521851e-01,2.507551908493041992e-01,-1.923793256282806396e-01,-7.258330285549163818e-02,7.500407099723815918e-02,2.426659166812896729e-01,-1.799824386835098267e-01,-1.559020280838012695e-01,-1.065310165286064148e-01,8.173391968011856079e-02,6.978341192007064819e-02,1.426121443510055542e-01,6.806366145610809326e-02,1.237821131944656372e-01,-8.070132695138454437e-03,4.003055766224861145e-02,1.099412143230438232e-02,4.995716735720634460e-02,-2.148865722119808197e-02,-2.058698982000350952e-02,-1.170573383569717407e-01,1.677545532584190369e-02,-9.730063378810882568e-02,-6.442367285490036011e-02,-5.825536325573921204e-02,7.960714399814605713e-02,6.163980439305305481e-02,-1.716904900968074799e-02,4.853507876396179199e-02,4.816678166389465332e-02,-9.155577048659324646e-03,-2.392217703163623810e-02,6.190436333417892456e-02,1.796109415590763092e-02,-2.350532449781894684e-02,9.297433309257030487e-03,-3.810490667819976807e-02,-1.416639238595962524e-01,-8.865004777908325195e-02,-1.766629070043563843e-01,-1.591179706156253815e-02,5.425316281616687775e-03,-1.356244236230850220e-01,-6.008892506361007690e-02,-4.465894028544425964e-02,-7.138639688491821289e-02,-1.347846444696187973e-02,-4.155736789107322693e-02,1.643498800694942474e-02,9.123750030994415283e-03,-5.923694372177124023e-02,-1.211972981691360474e-01,-4.568109288811683655e-02,-7.703650277107954025e-03,-2.776422724127769470e-02,-5.277037248015403748e-02
-8.821807801723480225e-02,-1.681995540857315063e-01,4.632070660591125488e-02,-1.312333531677722931e-02,1.000000000000000000e+00,5.146098136901855469e-01,-1.196483895182609558e-01,-1.058213487267494202e-01,4.936145544052124023e-01,3.973196744918823242e-01,2.688464522361755371e-02,-6.869610399007797241e-02,-3.618396446108818054e-02,-2.299216017127037048e-02,3.833552896976470947e-01,2.630266249179840088e-01,3.274035826325416565e-02,1.220329944044351578e-02,8.378893882036209106e-02,5.885943770408630371e-02,2.364209890365600586e-01,1.624412685632705688e-01,9.692997485399246216e-02,6.093706935644149780e-02,4.881228506565093994e-02,8.626406639814376831e-02,3.625400066375732422e-01,3.396135270595550537e-01,5.615969002246856689e-02,-5.495870113372802734e-02,-3.104447387158870697e-02,-6.148166954517364502e-02,9.654200077056884766e-02,-4.414763674139976501e-02,-5.562313273549079895e-02,-9.977930784225463867e-02,2.592319250106811523e-02,1.456461939960718155e-02,3.199109807610511780e-02,1.246959641575813293e-01,2.265994101762771606e-01,1.146182045340538025e-01,-9.561352431774139404e-02,-1.438525617122650146e-01,-1.075631156563758850e-01,-9.101951122283935547e-02,-3.394253551959991455e-02,-1.236361190676689148e-01,-3.362264716997742653e-03,-5.574004724621772766e-02,-2.197314240038394928e-02,-9.530217945575714111e-02,-7.990609854459762573e-02,-1.101054102182388306e-01,7.154718972742557526e-03,3.688731417059898376e-02,1.433246675878763199e-02,-4.399520903825759888e-02,1.215046271681785583e-01,9.030795842409133911e-02,2.217474132776260376e-01,8.471848815679550171e-02,2.696310281753540039e-01,1.234090700745582581e-01,6.737336516380310059e-02,-3.226882219314575195e-02,6.386294960975646973e-02,1.381548307836055756e-02,1.045616120100021362e-01,7.641899585723876953e-02,6.790077686309814453e-02,-3.359031304717063904e-02,6.562351435422897339e-02,2.446420723572373390e-03,-3.194419667124748230e-02,-9.603266417980194092e-02,-8.559300750494003296e-02,-2.083760127425193787e-02,3.918679058551788330e-02,-2.477189339697360992e-02,1.364998519420623779e-01,-1.207938343286514282e-01,5.053306743502616882e-02,8.667857199907302856e-02,2.038259655237197876e-01,5.721208080649375916e-02,1.214200071990489960e-02,1.874793469905853271e-01,1.416265815496444702e-01,1.238714531064033508e-01,1.138722673058509827e-01,7.852847874164581299e-02,2.840542793273925781e-02,-1.930100657045841217e-02,-1.205589398741722107e-01,-9.803583472967147827e-02,-8.533565700054168701e-02,1.608701050281524658e-01,9.315352886915206909e-02,1.543993502855300903e-01,-3.870188817381858826e-02,3.585834056138992310e-02,5.121669918298721313e-02,3.223580121994018555e-02,6.106199324131011963e-02,1.287026889622211456e-02,-1.058303192257881165e-01,-2.858747839927673340e-01,-8.089656941592693329e-03,-7.705315202474594116e-02,-2.603468485176563263e-02,3.761541843414306641e-02,4.982738196849822998e-02,1.193304657936096191e-01,5.709899216890335083e-02,-7.621592283248901367e-02
-9.454552829265594482e-02,-8.422549813985824585e-02,3.858953341841697693e-02,7.609211653470993042e-02,5.146098136901855469e-01,1.000000000000000000e+00,-1.462949514389038086e-01,-3.812793642282485962e-02,4.477784037590026855e-01,5.162953138351440430e-01,-6.038567796349525452e-02,-7.153639197349548340e-02,-1.245408654212951660e-01,-6.388445198535919189e-02,3.153420984745025635e-01,2.656237185001373291e-01,-1.470162719488143921e-02,-1.316423993557691574e-02,2.045334503054618835e-02,6.738540716469287872e-03,2.843290269374847412e-01,2.611713409423828125e-01,3.508698940277099609e-02,6.388756632804870605e-02,1.331403702497482300e-01,1.956115812063217163e-01,4.181087315082550049e-01,5.007827281951904297e-01,-3.225812315940856934e-02,-6.128642335534095764e-02,-1.051181182265281677e-02,8.714738301932811737e-03,6.994842737913131714e-02,-2.440637163817882538e-02,7.052992284297943115e-02,-9.656850248575210571e-03,8.815365284681320190e-02,1.090271398425102234e-01,1.183302626013755798e-01,2.135795205831527710e-01,2.094621062278747559e-01,1.947049051523208618e-01,-9.021005593240261078e-03,-2.498154900968074799e-02,-1.215812657028436661e-02,1.841818168759346008e-02,3.862789645791053772e-02,2.548585087060928345e-02,2.480333298444747925e-02,1.583346910774707794e-02,-8.664006367325782776e-03,-9.131291881203651428e-03,-2.373360656201839447e-02,-7.518682628870010376e-03,1.064685955643653870e-01,1.297131180763244629e-01,5.237540695816278458e-03,-3.662807168439030647e-03,6.068022549152374268e-02,1.593540050089359283e-02,2.052596025168895721e-02,5.067766457796096802e-02,4.124666377902030945e-02,-7.460906170308589935e-03,7.796213775873184204e-02,5.860467255115509033e-02,3.314089030027389526e-02,1.834124326705932617e-02,7.304237782955169678e-02,8.003291487693786621e-02,5.669331923127174377e-02,-1.403962355107069016e-02,5.347215756773948669e-02,5.768534541130065918e-02,-4.188749939203262329e-03,1.730793504975736141e-03,5.646123550832271576e-03,9.940310567617416382e-02,-6.838683038949966431e-03,9.313389658927917480e-02,5.109569802880287170e-02,-2.060666494071483612e-02,2.967301011085510254e-02,1.353725790977478027e-01,6.911583244800567627e-02,1.195367872714996338e-01,2.977019362151622772e-02,2.530255317687988281e-01,1.183006241917610168e-01,1.908967643976211548e-01,5.307607725262641907e-02,6.782528012990951538e-02,6.461138371378183365e-03,-3.704784438014030457e-02,-9.728686511516571045e-02,-1.066376045346260071e-01,-9.364996105432510376e-02,9.858766943216323853e-02,3.552630543708801270e-02,5.397550389170646667e-02,-9.316986799240112305e-02,-9.064253419637680054e-03,3.804323030635714531e-03,5.313442647457122803e-02,1.752077229321002960e-02,1.415405888110399246e-02,-1.342183202505111694e-01,-2.254623025655746460e-01,2.672739326953887939e-02,-1.686244271695613861e-02,-4.684401303529739380e-02,4.440788179636001587e-03,7.545116823166608810e-03,1.184194684028625488e-01,2.243101410567760468e-02,-1.097034364938735962e-01
3.914166986942291260e-01,1.517851352691650391e-01,5.777606964111328125e-01,3.498805165290832520e-01,-1.196483895182609558e-01,-1.462949514389038086e-01,1.000000000000000000e+00,4.827084541320800781e-01,-2.625830098986625671e-02,-1.359423846006393433e-01,1.426516175270080566e-01,5.547530576586723328e-02,2.231483161449432373e-01,-1.164690628647804260e-01,-7.621333003044128418e-02,-2.189484089612960815e-01,8.906428702175617218e-03,7.948281127028167248e-04,2.444717437028884888e-01,2.030434906482696533e-01,-5.562992021441459656e-02,-1.130541190505027771e-01,3.856393098831176758e-01,2.475399225950241089e-01,1.501316875219345093e-01,1.670148968696594238e-01,-1.423382312059402466e-01,-1.437394469976425171e-01,1.893806830048561096e-02,6.062770634889602661e-02,2.875252068042755127e-01,3.098437488079071045e-01,9.925596415996551514e-02,1.767298132181167603e-01,2.822082675993442535e-02,-1.060315780341625214e-02,1.139361113309860229e-01,7.402153313159942627e-02,5.749126523733139038e-02,1.666431128978729248e-02,-8.671052008867263794e-02,-2.810396999120712280e-02,-1.995521970093250275e-02,-7.846427708864212036e-02,-2.313994430005550385e-02,-9.629280865192413330e-02,-1.045271903276443481e-01,-4.380124434828758240e-02,-1.257728785276412964e-01,-1.346322000026702881e-01,-1.279675811529159546e-01,-1.298055499792098999e-01,-9.918119758367538452e-02,-1.068435758352279663e-01,-1.071942001581192017e-01,-1.932991854846477509e-02,1.343697309494018555e-01,1.269830763339996338e-01,-1.623550951480865479e-01,-2.063858807086944580e-01,1.209776755422353745e-02,1.686813384294509888e-01,-1.171977221965789795e-01,-7.531099766492843628e-02,8.751983195543289185e-02,1.358044799417257309e-02,-2.025506459176540375e-03,-1.375256180763244629e-01,3.452200070023536682e-02,1.483835130929946899e-01,2.391258627176284790e-01,1.882209330797195435e-01,1.335333585739135742e-01,6.975568085908889771e-02,1.922626793384552002e-02,6.691789021715521812e-04,9.300384670495986938e-02,4.557439312338829041e-02,-4.430188331753015518e-03,-4.023382812738418579e-02,1.420173514634370804e-02,2.428062632679939270e-02,-6.888677179813385010e-02,-5.358595401048660278e-02,-4.485194012522697449e-02,-1.030612587928771973e-01,-1.422642823308706284e-02,-1.027293950319290161e-01,4.093522205948829651e-02,-3.897820413112640381e-02,-5.557039007544517517e-02,-2.124054543673992157e-02,7.570942491292953491e-02,5.182881280779838562e-02,-4.393647611141204834e-02,3.143781423568725586e-02,-5.783132463693618774e-02,-1.130398660898208618e-01,-8.145928382873535156e-02,-1.178327202796936035e-01,-6.144772842526435852e-02,1.734673045575618744e-02,-5.968989431858062744e-02,-1.785644143819808960e-02,-4.364654049277305603e-02,-6.287811696529388428e-02,-1.240051984786987305e-01,1.250679232180118561e-02,2.949703484773635864e-02,2.904862910509109497e-02,-4.117038473486900330e-02,-5.045236274600028992e-02,2.696731500327587128e-02,-1.789704896509647369e-02,-3.477932477835565805e-04,3.110720962285995483e-02
2.710306942462921143e-01,2.516179084777832031e-01,3.544347584247589111e-01,5.200214982032775879e-01,-1.058213487267494202e-01,-3.812793642282485962e-02,4.827084541320800781e-01,1.000000000000000000e+00,-8.215556293725967407e-02,-5.215525254607200623e-02,-4.019763320684432983e-03,2.412084043025970459e-01,9.404111653566360474e-02,-4.388336092233657837e-03,-1.714423000812530518e-01,-1.836373955011367798e-01,-4.880899563431739807e-02,3.930306434631347656e-02,1.622861921787261963e-01,3.006400167942047119e-01,-1.350208222866058350e-01,-9.521215409040451050e-02,2.632434964179992676e-01,2.927489578723907471e-01,-2.831364981830120087e-02,9.483466856181621552e-03,-2.066626995801925659e-01,-1.483618468046188354e-01,1.205094065517187119e-02,7.149476557970046997e-02,1.171876490116119385e-01,1.916453838348388672e-01,1.221971213817596436e-01,2.792277932167053223e-01,-1.291240900754928589e-01,-1.435322463512420654e-01,-8.845195919275283813e-02,-5.161551758646965027e-02,-3.901296108961105347e-02,-8.143094182014465332e-02,-1.392401307821273804e-01,-5.324931070208549500e-02,4.706901311874389648e-02,7.666869461536407471e-02,1.056616827845573425e-01,9.392010420560836792e-02,-1.025876924395561218e-01,1.504486333578824997e-02,5.884535610675811768e-02,7.471783459186553955e-02,-3.905836027115583420e-03,7.284888625144958496e-02,-7.082778960466384888e-02,-6.734909117221832275e-02,-1.744791567325592041e-01,-5.138731747865676880e-02,3.544169291853904724e-02,6.754632294178009033e-02,-6.074190512299537659e-02,-1.154282595962285995e-02,6.618057936429977417e-02,3.987954258918762207e-01,-4.093729704618453979e-02,1.758945286273956299e-01,-4.999796301126480103e-02,1.235570013523101807e-01,-9.843783825635910034e-02,-4.980939254164695740e-02,-6.449348479509353638e-02,8.213941752910614014e-02,5.032416433095932007e-02,1.074693724513053894e-01,9.743046015501022339e-03,9.098108112812042236e-02,-1.142856329679489136e-01,-1.826362498104572296e-02,2.792379446327686310e-02,6.473883241415023804e-02,-5.421701818704605103e-03,-1.920360140502452850e-02,-3.327380120754241943e-02,1.629828363656997681e-01,-9.584435820579528809e-02,-5.892755091190338135e-02,-1.324543356895446777e-01,4.772940278053283691e-02,-3.621798008680343628e-02,-1.654873043298721313e-01,-9.588858485221862793e-02,-1.407570205628871918e-02,-3.729508444666862488e-02,-2.827678062021732330e-02,7.230908423662185669e-02,7.662237435579299927e-02,-1.184533834457397461e-01,-2.200166694819927216e-02,-1.274053007364273071e-01,-1.338528692722320557e-01,-4.452273622155189514e-02,-1.148272305727005005e-01,-1.330553740262985229e-02,5.914326757192611694e-02,-1.391276866197586060e-01,2.500889450311660767e-02,-1.244838833808898926e-01,-1.149743869900703430e-01,-5.052134767174720764e-02,-2.161591500043869019e-02,-5.559803172945976257e-02,-4.032576084136962891e-02,-4.646762460470199585e-02,-4.657421633601188660e-02,6.529852002859115601e-02,-1.042604446411132812e-02,-3.762654215097427368e-02,-4.847452044486999512e-02
-4.995464533567428589e-02,-1.961241364479064941e-01,6.441468000411987305e-02,-1.435838732868432999e-02,4.936145544052124023e-01,4.477784037590026855e-01,-2.625830098986625671e-02,-8.215556293725967407e-02,1.000000000000000000e+00,5.649708509445190430e-01,1.297672539949417114e-01,-5.751417204737663269e-02,8.746151626110076904e-02,2.119186706840991974e-02,4.467551410198211670e-01,2.589672803878784180e-01,2.086006104946136475e-02,7.018944248557090759e-03,-4.679407179355621338e-02,-1.234495863318443298e-01,1.422929912805557251e-01,6.026034802198410034e-02,8.418142795562744141e-02,-2.307971380650997162e-02,2.118794322013854980e-01,1.802897453308105469e-01,3.753778040409088135e-01,2.780684530735015869e-01,2.316989004611968994e-02,-5.230235680937767029e-02,6.562682241201400757e-02,2.556557022035121918e-02,8.231475204229354858e-02,-5.859472230076789856e-02,7.530192285776138306e-02,-4.154383763670921326e-02,1.035651564598083496e-01,1.517510861158370972e-01,7.358831912279129028e-02,1.994251012802124023e-01,4.368441551923751831e-02,1.875855922698974609e-01,-4.330464079976081848e-02,-8.997935801744461060e-02,-4.123109951615333557e-02,-3.953278437256813049e-02,2.553636208176612854e-02,-1.692148623988032341e-03,-3.628216311335563660e-02,-6.052576005458831787e-02,-6.954586505889892578e-02,-1.225462779402732849e-01,-1.063398644328117371e-01,-4.406850039958953857e-02,1.088440641760826111e-01,9.388250112533569336e-02,1.459970045834779739e-02,-4.791616648435592651e-02,-1.731246337294578552e-02,-8.153713494539260864e-02,1.418239772319793701e-01,8.897373825311660767e-02,5.534552782773971558e-02,-7.187192887067794800e-02,2.603613436222076416e-01,7.594634592533111572e-02,8.326436579227447510e-02,1.975017227232456207e-02,3.905926644802093506e-02,2.346814610064029694e-02,9.144429117441177368e-02,-1.942278072237968445e-02,6.924232095479965210e-02,-2.537502534687519073e-02,2.694009989500045776e-02,-3.016661619767546654e-03,3.321080654859542847e-02,7.597739994525909424e-02,8.366255462169647217e-02,2.494893781840801239e-02,6.343889236450195312e-02,-6.671975553035736084e-02,-6.976179033517837524e-02,1.393003314733505249e-01,1.219666153192520142e-01,8.280098438262939453e-02,-2.732666768133640289e-02,2.731693387031555176e-01,1.844870001077651978e-01,1.190747097134590149e-01,1.116950437426567078e-02,3.843224793672561646e-02,-1.868926547467708588e-02,-1.194155290722846985e-01,-1.260159760713577271e-01,-7.635923475027084351e-02,-5.640283226966857910e-02,1.475889086723327637e-01,5.558795109391212463e-02,7.194293290376663208e-02,-1.545093357563018799e-01,-2.619652077555656433e-02,-1.488542463630437851e-02,-1.434978190809488297e-02,-2.300460124388337135e-03,-5.822335556149482727e-02,-1.859475821256637573e-01,-2.996701002120971680e-01,-7.217457517981529236e-03,-2.073707804083824158e-02,2.121237665414810181e-02,5.495779216289520264e-02,-1.973462849855422974e-02,5.597883835434913635e-02,-2.957003191113471985e-02,-8.893644809722900391e-02
-1.326713114976882935e-01,-1.416190862655639648e-01,-1.588555052876472473e-02,5.495249107480049133e-02,3.973196744918823242e-01,5.162953138351440430e-01,-1.359423846006393433e-01,-5.215525254607200623e-02,5.649708509445190430e-01,1.000000000000000000e+00,-4.821939766407012939e-02,-9.257142245769500732e-02,-5.919058620929718018e-02,-9.425672143697738647e-02,3.184475898742675781e-01,2.933610379695892334e-01,-9.672784805297851562e-02,-3.366018831729888916e-02,-7.125065475702285767e-02,-5.780072137713432312e-02,1.359800249338150024e-01,1.449224948883056641e-01,-1.899376139044761658e-02,-4.850949347019195557e-02,1.216944083571434021e-01,1.651661098003387451e-01,3.450117409229278564e-01,3.221102356910705566e-01,-8.507452905178070068e-02,-8.174514025449752808e-02,-3.898419439792633057e-02,-1.490812096744775772e-02,-3.307196497917175293e-02,-5.799822136759757996e-02,3.312928602099418640e-02,-5.993548780679702759e-02,9.771306067705154419e-02,5.917445570230484009e-02,1.424585133790969849e-01,1.814036816358566284e-01,1.324115842580795288e-01,1.274641901254653931e-01,-6.539491470903158188e-03,-1.171947829425334930e-02,3.378120064735412598e-02,4.549942538142204285e-02,3.079983964562416077e-02,1.598891057074069977e-02,3.490865975618362427e-02,4.997619986534118652e-02,-2.809904329478740692e-02,-2.359658665955066681e-02,-9.332052618265151978e-02,-7.363022305071353912e-03,1.592335551977157593e-01,1.297861784696578979e-01,-7.269866019487380981e-02,-6.467059999704360962e-02,5.596208386123180389e-03,2.966337464749813080e-02,5.115128681063652039e-02,1.486329585313796997e-01,-1.828390732407569885e-02,-1.475660037249326706e-02,9.762765467166900635e-02,1.070633083581924438e-01,-9.085741825401782990e-03,-1.333968434482812881e-02,-3.771954029798507690e-02,2.732155378907918930e-03,2.490705065429210663e-02,2.163401991128921509e-02,5.600589141249656677e-02,6.805039942264556885e-02,4.949198290705680847e-02,1.929171197116374969e-02,-2.638292498886585236e-03,9.677624702453613281e-02,1.736208982765674591e-02,3.374084085226058960e-02,5.495027825236320496e-02,-2.000683918595314026e-02,-1.921166293323040009e-02,5.219668149948120117e-02,6.443978101015090942e-02,6.844560801982879639e-02,4.053258802741765976e-03,2.575450837612152100e-01,1.997701376676559448e-01,1.399711221456527710e-01,-8.238602429628372192e-02,-3.274494409561157227e-02,-5.431306362152099609e-02,-1.434910446405410767e-01,-1.673549860715866089e-01,-9.545784443616867065e-02,-1.248924657702445984e-01,4.839985445141792297e-02,-3.422252833843231201e-02,-5.898689851164817810e-03,-1.447012722492218018e-01,-1.065490022301673889e-02,-1.335824877023696899e-01,-1.441460289061069489e-02,-6.803102791309356689e-02,-9.157885611057281494e-02,-1.134206056594848633e-01,-2.342636883258819580e-01,-7.112517021596431732e-03,-5.764667689800262451e-02,-7.182686775922775269e-02,1.863131858408451080e-02,-5.945033207535743713e-02,2.457405067980289459e-02,-6.446778774261474609e-02,-8.768414705991744995e-02
3.656879365444183350e-01,1.298453658819198608e-01,1.432028710842132568e-01,-5.352251604199409485e-02,2.688464522361755371e-02,-6.038567796349525452e-02,1.426516175270080566e-01,-4.019763320684432983e-03,1.297672539949417114e-01,-4.821939766407012939e-02,1.000000000000000000e+00,1.587723195552825928e-01,5.414491891860961914e-01,1.651012301445007324e-01,2.211079448461532593e-01,1.381541937589645386e-01,2.268545329570770264e-01,2.573705911636352539e-01,2.897934317588806152e-01,1.501922309398651123e-01,-2.863055653870105743e-02,-3.368818759918212891e-02,1.823527961969375610e-01,4.239757731556892395e-02,3.903383761644363403e-02,-3.184381127357482910e-02,-2.070031873881816864e-02,-6.778527516871690750e-03,2.504101693630218506e-01,1.984811574220657349e-01,8.750604838132858276e-02,7.586371898651123047e-02,1.398608237504959106e-01,9.443950653076171875e-02,6.868729740381240845e-02,4.591010510921478271e-02,1.128157004714012146e-01,2.236599177122116089e-01,1.015686243772506714e-02,1.163549125194549561e-01,4.545498639345169067e-02,1.582707166671752930e-01,-1.170179992914199829e-01,-1.083600893616676331e-01,-1.483763158321380615e-01,-1.335360258817672729e-01,-5.337524414062500000e-02,-4.001824185252189636e-02,-1.375462263822555542e-01,-1.756982207298278809e-01,-1.551089733839035034e-01,-1.414568722248077393e-01,-1.196917295455932617e-01,-2.268600650131702423e-02,-1.579147763550281525e-02,8.890821784734725952e-02,1.832012832164764404e-01,1.398168057203292847e-01,-1.086541861295700073e-01,-1.736467033624649048e-01,1.579589545726776123e-01,2.418903633952140808e-02,1.308608651161193848e-01,4.208125639706850052e-03,8.967676758766174316e-02,-5.924370884895324707e-02,6.596097350120544434e-02,-3.242567926645278931e-02,1.671623587608337402e-01,1.143463551998138428e-01,1.460295617580413818e-01,1.232021227478981018e-01,1.828694492578506470e-01,1.303377598524093628e-01,1.054548844695091248e-01,1.820639073848724365e-01,1.864686757326126099e-01,8.288947492837905884e-02,1.747923493385314941e-01,1.527664214372634888e-01,4.570901766419410706e-02,1.772281229496002197e-01,1.876350305974483490e-02,2.264336794614791870e-01,1.269848048686981201e-01,1.260651946067810059e-01,5.261988844722509384e-03,1.250205785036087036e-01,1.336047500371932983e-01,4.966975748538970947e-02,6.451731920242309570e-02,7.607757300138473511e-02,7.079491019248962402e-02,5.992051586508750916e-02,2.895161509513854980e-02,2.912530442699790001e-03,1.224000826478004456e-01,1.346348822116851807e-01,9.967787563800811768e-02,1.323000192642211914e-01,1.265695132315158844e-02,5.534538254141807556e-02,9.618181735277175903e-02,9.916476905345916748e-02,1.818063110113143921e-02,-1.628115540370345116e-03,-7.449994981288909912e-02,-1.969841681420803070e-02,6.644868105649948120e-02,9.332970529794692993e-02,1.610167622566223145e-01,9.233474731445312500e-02,6.274899095296859741e-02,9.025279432535171509e-02,7.382328063249588013e-02,3.630305454134941101e-02
1.585285663604736328e-01,2.627349197864532471e-01,-1.174186021089553833e-01,-6.245349999517202377e-03,-6.869610399007797241e-02,-7.153639197349548340e-02,5.547530576586723328e-02,2.412084043025970459e-01,-5.751417204737663269e-02,-9.257142245769500732e-02,1.587723195552825928e-01,1.000000000000000000e+00,2.093051075935363770e-01,5.415740013122558594e-01,-1.515620667487382889e-02,5.076957121491432190e-02,9.283078461885452271e-02,1.883684098720550537e-01,1.584179401397705078e-01,2.217545807361602783e-01,-8.709404617547988892e-02,-7.158613950014114380e-02,-1.254046522080898285e-02,-2.754128538072109222e-02,-1.426352411508560181e-01,-1.929065287113189697e-01,-2.028931230306625366e-01,-1.359211057424545288e-01,1.827555745840072632e-01,1.460079550743103027e-01,-9.968009777367115021e-03,-2.071617729961872101e-02,1.699423342943191528e-01,2.536375224590301514e-01,-1.371636390686035156e-01,-9.401481598615646362e-02,-2.380186691880226135e-02,1.631063222885131836e-02,-4.082200676202774048e-02,-2.468206547200679779e-02,-3.789484500885009766e-02,3.137623658403754234e-03,1.873960159718990326e-02,4.573886469006538391e-02,-1.547972089610993862e-03,1.642264425754547119e-02,-2.540747448801994324e-02,6.134190410375595093e-02,-7.496426254510879517e-02,-2.392447926104068756e-02,-6.100828945636749268e-02,1.034267060458660126e-02,-6.276727467775344849e-02,-7.917873561382293701e-02,-4.108362644910812378e-02,4.518456384539604187e-02,1.854473538696765900e-02,7.891324162483215332e-02,3.187911212444305420e-02,1.031842827796936035e-01,1.051639094948768616e-01,2.314914762973785400e-01,9.056924283504486084e-02,3.084843456745147705e-01,-1.928908973932266235e-01,-5.166248604655265808e-02,-1.362511795014142990e-02,4.931426793336868286e-02,3.217047080397605896e-02,4.982469975948333740e-02,2.406294643878936768e-02,-7.987675257027149200e-03,1.097665727138519287e-01,1.760566085577011108e-01,-2.409459091722965240e-02,8.887489140033721924e-02,7.899787276983261108e-02,9.173555672168731689e-02,1.323797404766082764e-01,1.357132345438003540e-01,-1.778208464384078979e-02,1.116305738687515259e-01,2.587835118174552917e-02,2.502029389142990112e-02,-1.147112548351287842e-01,8.924042433500289917e-02,-1.053868699818849564e-02,-5.401609465479850769e-02,-8.697465807199478149e-02,6.212152913212776184e-02,-6.686277687549591064e-02,-1.781517826020717621e-02,-6.128357350826263428e-02,-1.874141767621040344e-02,-2.141883783042430878e-02,3.400262817740440369e-02,3.534913808107376099e-02,-9.683965705335140228e-03,2.009619399905204773e-02,4.669873043894767761e-02,2.263300307095050812e-02,-6.403534114360809326e-02,-1.868066005408763885e-02,-2.043451368808746338e-02,-7.258594036102294922e-02,-8.411597460508346558e-02,5.731704086065292358e-02,1.440897211432456970e-02,-6.995317339897155762e-02,-4.874526988714933395e-03,5.797190219163894653e-02,3.273183107376098633e-02,6.107477098703384399e-02,-2.283513173460960388e-02,-1.281885337084531784e-02,4.756903275847434998e-03
2.321825325489044189e-01,7.085531949996948242e-02,1.266364306211471558e-01,-1.311996672302484512e-02,-3.618396446108818054e-02,-1.245408654212951660e-01,2.231483161449432373e-01,9.404111653566360474e-02,8.746151626110076904e-02,-5.919058620929718018e-02,5.414491891860961914e-01,2.093051075935363770e-01,1.000000000000000000e+00,2.683814465999603271e-01,1.855732649564743042e-01,1.726237088441848755e-01,4.245994985103607178e-02,1.785824596881866455e-01,1.451398283243179321e-01,7.192504405975341797e-02,-1.425553411245346069e-01,-7.605552673339843750e-02,2.139331847429275513e-01,3.954359143972396851e-02,3.439911082386970520e-02,-3.750882670283317566e-02,-5.706868600100278854e-03,3.104187920689582825e-02,1.024614349007606506e-01,1.834854930639266968e-01,9.448696672916412354e-02,7.509617507457733154e-02,8.704095333814620972e-02,1.115144416689872742e-01,-6.929782219231128693e-03,3.897411376237869263e-02,5.495191365480422974e-02,2.603724002838134766e-01,-2.428808994591236115e-02,6.832440197467803955e-02,-2.078946493566036224e-02,2.209793925285339355e-01,-1.366657167673110962e-01,-1.227136328816413879e-01,-1.852487921714782715e-01,-2.004394531250000000e-01,-9.381719678640365601e-02,-1.173084229230880737e-01,-2.220857292413711548e-01,-2.387524545192718506e-01,-2.266297638416290283e-01,-1.542210578918457031e-01,-1.715808361768722534e-01,-1.081375703215599060e-01,-8.937468379735946655e-02,9.754107450135052204e-04,-1.914403960108757019e-02,7.175866514444351196e-02,-1.810105144977569580e-01,-1.881261914968490601e-01,1.339237093925476074e-01,1.048512682318687439e-01,9.805220365524291992e-02,1.193668991327285767e-01,2.510318160057067871e-02,2.072850055992603302e-02,3.403698652982711792e-02,-4.148855432868003845e-02,5.663152784109115601e-02,1.978345401585102081e-02,5.445285886526107788e-02,8.415185660123825073e-02,4.799471050500869751e-02,1.441236883401870728e-01,2.671427838504314423e-02,1.751825064420700073e-01,1.553232222795486450e-01,2.265926450490951538e-02,7.106279488652944565e-03,9.875783324241638184e-02,-9.002434462308883667e-02,2.023788094520568848e-01,-9.635374695062637329e-02,2.574997246265411377e-01,1.198735311627388000e-01,2.218053042888641357e-01,-3.396185487508773804e-02,9.043629467487335205e-02,1.350108534097671509e-01,3.868557885289192200e-02,7.532796263694763184e-02,6.563287228345870972e-02,4.678170010447502136e-02,8.585859090089797974e-02,-9.096515364944934845e-03,-9.845348075032234192e-03,5.907298624515533447e-02,7.746572047472000122e-02,8.601651340723037720e-02,9.180221706628799438e-02,6.792348623275756836e-02,3.660173341631889343e-02,9.942618757486343384e-02,3.907826542854309082e-02,-2.170364558696746826e-02,2.039870619773864746e-02,-8.565529249608516693e-03,8.981221169233322144e-02,-5.517538264393806458e-02,1.290153525769710541e-02,6.997010856866836548e-02,5.154284089803695679e-02,9.142634272575378418e-02,7.425218820571899414e-02,8.407104015350341797e-02,2.588257566094398499e-02
