1.000000000000000000e+00,5.582036375999450684e-01,4.309802651405334473e-01,3.410646021366119385e-01,-3.221489191055297852e-01,-1.175918206572532654e-01,3.803147673606872559e-01,1.616041809320449829e-01,-8.046862483024597168e-02,-2.012123763561248779e-01,4.975322484970092773e-01,2.330150157213211060e-01,2.205469608306884766e-01,-5.199015606194734573e-03,-1.231423839926719666e-01,-1.586476266384124756e-01,4.399963021278381348e-01,1.476977616548538208e-01,7.217748165130615234e-01,7.328708767890930176e-01,-3.106175735592842102e-02,-8.156755566596984863e-02,2.391650825738906860e-01,1.453528702259063721e-01,-1.791357249021530151e-01,-3.218961060047149658e-01,-1.505921632051467896e-01,6.649266928434371948e-02,1.632707417011260986e-01,1.666160970926284790e-01,-1.382641643285751343e-01,-2.322740256786346436e-01,5.489339232444763184e-01,4.487051665782928467e-01,2.169670760631561279e-01,2.359769344329833984e-01,-1.429619453847408295e-02,1.276154816150665283e-01,1.149145886301994324e-01,-6.995621323585510254e-02,4.966328665614128113e-02,3.808718174695968628e-02,2.263050973415374756e-01,1.713716089725494385e-01,1.320235580205917358e-01,-4.527546837925910950e-02,4.314318001270294189e-01,3.533424437046051025e-01,-3.740426898002624512e-02,-6.297890841960906982e-02,5.398765206336975098e-03,-3.542972356081008911e-02,2.541623711585998535e-01,3.273769021034240723e-01,2.344205677509307861e-01,1.628547459840774536e-01,7.713289260864257812e-01,5.582699179649353027e-01,2.691522240638732910e-01,2.262802273035049438e-01,1.889596879482269287e-01,2.100856602191925049e-01,3.114858269691467285e-01,1.509259343147277832e-01,-2.082025706768035889e-01,-1.483240127563476562e-01,2.067035436630249023e-01,6.799340248107910156e-02,7.317085862159729004e-01,6.982878446578979492e-01,-1.553972363471984863e-01,-2.024379521608352661e-01,1.185077726840972900e-01,1.583586782217025757e-01,6.946760416030883789e-02,1.655859500169754028e-01,2.201353758573532104e-01,1.818281114101409912e-01,3.362283408641815186e-01,1.256678998470306396e-01,4.430053830146789551e-01,3.122319877147674561e-01,7.351415604352951050e-02,3.589679896831512451e-01,2.962386310100555420e-01,1.553004980087280273e-01,-1.373423486948013306e-01,-2.620745003223419189e-01,2.256278991699218750e-01,4.994376748800277710e-02,5.154364705085754395e-01,4.665463566780090332e-01,5.315195322036743164e-01,3.132920563220977783e-01,1.108910441398620605e-01,-1.443941425532102585e-02,3.706331551074981689e-01,1.916715502738952637e-01,4.483518004417419434e-01,4.590393304824829102e-01,1.905624270439147949e-01,2.010634839534759521e-01,2.967596054077148438e-01,1.472188830375671387e-01,1.430956870317459106e-01,1.446800827980041504e-01,3.386393785476684570e-01,2.949292063713073730e-01,7.977694272994995117e-02,1.832623593509197235e-02,2.260350584983825684e-01,5.849061161279678345e-02,2.628138363361358643e-01,1.667343825101852417e-01,1.867732107639312744e-01,1.231730878353118896e-01
5.582036375999450684e-01,1.000000000000000000e+00,3.840003907680511475e-01,4.413747489452362061e-01,-2.874851226806640625e-01,8.499232679605484009e-02,3.439518511295318604e-01,4.780884087085723877e-01,-1.839164644479751587e-01,9.593304991722106934e-02,4.561651647090911865e-01,6.409553289413452148e-01,2.947854995727539062e-01,4.538175761699676514e-01,-1.587282866239547729e-01,2.825769484043121338e-01,3.106426894664764404e-01,4.840419888496398926e-01,6.342684030532836914e-01,6.689851284027099609e-01,-1.964684017002582550e-02,6.091368384659290314e-03,2.671809196472167969e-01,1.808012872934341431e-01,-1.881489306688308716e-01,-2.311470359563827515e-01,-1.821137815713882446e-01,5.556207522749900818e-02,3.989429473876953125e-01,3.672145903110504150e-01,4.224009066820144653e-02,3.110256604850292206e-02,4.892603158950805664e-01,5.601217746734619141e-01,3.210862576961517334e-01,3.072397112846374512e-01,1.322001218795776367e-01,2.057488411664962769e-01,7.643027603626251221e-02,2.787246555089950562e-02,1.881657093763351440e-01,3.356475383043289185e-02,2.791506052017211914e-01,3.565492033958435059e-01,2.314324080944061279e-01,1.788432151079177856e-01,4.828400313854217529e-01,4.936526715755462646e-01,2.996956184506416321e-02,1.797123402357101440e-01,2.951684594154357910e-02,2.256408780813217163e-01,3.712755143642425537e-01,4.574241340160369873e-01,2.087061703205108643e-01,3.309746682643890381e-01,4.732896983623504639e-01,7.073969244956970215e-01,2.356887906789779663e-01,4.366208910942077637e-01,6.517234444618225098e-02,5.000753998756408691e-01,8.124044537544250488e-02,5.396253466606140137e-01,-2.957982420921325684e-01,1.803259104490280151e-01,2.692784667015075684e-01,1.757162362337112427e-01,6.404058933258056641e-01,5.543496012687683105e-01,-4.328919574618339539e-02,-1.177427545189857483e-02,3.261918425559997559e-01,2.877166271209716797e-01,1.843489408493041992e-01,3.231522738933563232e-01,3.816614747047424316e-01,4.415149688720703125e-01,1.188319325447082520e-01,2.745354771614074707e-01,2.176932990550994873e-01,5.098769664764404297e-01,1.194895952939987183e-01,3.156210780143737793e-01,6.730010360479354858e-02,3.940075337886810303e-01,-6.700423359870910645e-02,-1.292932033538818359e-01,2.203608900308609009e-01,2.786495983600616455e-01,4.904899299144744873e-01,5.546533465385437012e-01,5.208045840263366699e-01,3.429337143898010254e-01,1.825424134731292725e-01,5.292932316660881042e-02,3.336299657821655273e-01,2.687239646911621094e-01,3.590404987335205078e-01,4.894757270812988281e-01,1.815725117921829224e-01,2.585179209709167480e-01,2.254837304353713989e-01,2.834596633911132812e-01,2.145040780305862427e-01,2.377727329730987549e-01,3.034585714340209961e-01,3.319235146045684814e-01,1.494397819042205811e-01,1.544926017522811890e-01,3.516905009746551514e-01,3.573179244995117188e-02,2.332282662391662598e-01,1.709138453006744385e-01,2.792045176029205322e-01,5.074514821171760559e-02
4.309802651405334473e-01,3.840003907680511475e-01,1.000000000000000000e+00,7.031801939010620117e-01,-8.740919642150402069e-03,1.869953572750091553e-01,7.403547167778015137e-01,5.260394811630249023e-01,1.314552873373031616e-01,3.674959391355514526e-02,4.904792904853820801e-01,2.637973129749298096e-01,4.705123007297515869e-01,1.205816492438316345e-01,1.347260326147079468e-01,2.208692766726016998e-02,1.723411977291107178e-01,8.590757846832275391e-02,5.641038417816162109e-01,4.534407556056976318e-01,-1.764354482293128967e-02,-6.188467517495155334e-02,7.412123680114746094e-01,7.084512710571289062e-01,1.524650901556015015e-01,9.866929799318313599e-02,2.759998850524425507e-02,8.051522076129913330e-02,2.130505740642547607e-01,8.715417236089706421e-02,4.329210221767425537e-01,3.498236238956451416e-01,4.890173375606536865e-01,4.827922880649566650e-01,4.308809340000152588e-01,4.508851468563079834e-01,8.267032355070114136e-02,2.353790253400802612e-01,2.417867630720138550e-01,4.276173561811447144e-02,3.700468689203262329e-02,-8.282576501369476318e-02,4.525839984416961670e-01,4.727843999862670898e-01,3.222752809524536133e-01,3.221600949764251709e-01,5.448153018951416016e-01,4.674111008644104004e-01,3.367386460304260254e-01,3.191986083984375000e-01,4.207336306571960449e-01,3.877250254154205322e-01,4.244715273380279541e-01,5.277789235115051270e-01,4.203098714351654053e-01,2.505583763122558594e-01,2.716500759124755859e-01,2.369417250156402588e-01,3.755769133567810059e-01,3.454015851020812988e-01,2.409383356571197510e-01,2.231386899948120117e-01,2.678727507591247559e-01,1.776945590972900391e-01,2.691085040569305420e-01,2.627195417881011963e-01,4.263660609722137451e-01,3.823674321174621582e-01,3.584931790828704834e-01,3.298308849334716797e-01,1.498849242925643921e-01,1.573982089757919312e-01,3.231265842914581299e-01,1.158556118607521057e-01,2.621226310729980469e-01,1.968372911214828491e-01,3.937818408012390137e-01,2.791054546833038330e-01,1.534309536218643188e-01,6.554196774959564209e-02,1.987706422805786133e-01,1.257603764533996582e-01,3.098633512854576111e-02,1.480782479047775269e-01,2.665263712406158447e-01,2.171303182840347290e-01,1.683520525693893433e-01,-1.247138157486915588e-01,3.209158182144165039e-01,1.795823425054550171e-01,3.911626338958740234e-01,4.069052040576934814e-01,3.817755877971649170e-01,4.765836000442504883e-01,2.345724701881408691e-01,1.254503875970840454e-01,4.596137404441833496e-01,2.985317707061767578e-01,4.144415557384490967e-01,4.639661610126495361e-01,5.437320098280906677e-02,2.966251671314239502e-01,9.996240027248859406e-03,2.236662507057189941e-01,9.634240716695785522e-02,1.926357001066207886e-01,1.407578289508819580e-01,1.376707255840301514e-01,2.386111319065093994e-01,1.765065789222717285e-01,3.140930831432342529e-01,1.676523387432098389e-01,3.242585957050323486e-01,2.206185162067413330e-01,1.406056135892868042e-01,2.462393371388316154e-03
3.410646021366119385e-01,4.413747489452362061e-01,7.031801939010620117e-01,1.000000000000000000e+00,4.733321070671081543e-02,3.582033812999725342e-01,7.216731905937194824e-01,7.048224806785583496e-01,1.496974974870681763e-01,2.240488827228546143e-01,4.810204803943634033e-01,4.688863158226013184e-01,5.368109941482543945e-01,3.024982810020446777e-01,1.860179901123046875e-01,1.963461637496948242e-01,1.961590349674224854e-01,2.400129735469818115e-01,5.451915264129638672e-01,5.064194798469543457e-01,-5.767530947923660278e-02,-2.053271280601620674e-03,6.333143115043640137e-01,7.142360806465148926e-01,2.100868523120880127e-02,4.062328487634658813e-02,-6.100270524621009827e-02,1.349132210016250610e-01,3.552441596984863281e-01,1.909760683774948120e-01,4.738786220550537109e-01,4.660375416278839111e-01,5.306107401847839355e-01,5.958753228187561035e-01,3.742083609104156494e-01,4.482875466346740723e-01,8.906174451112747192e-02,2.287369072437286377e-01,2.446354180574417114e-01,9.406782686710357666e-02,5.323038995265960693e-02,-4.561186209321022034e-02,4.694737195968627930e-01,4.916490316390991211e-01,3.663444519042968750e-01,4.016767442226409912e-01,5.666131377220153809e-01,5.226868391036987305e-01,3.667736053466796875e-01,3.710601031780242920e-01,4.202776551246643066e-01,4.567082226276397705e-01,4.509365558624267578e-01,5.415546298027038574e-01,3.988256752490997314e-01,3.382385671138763428e-01,1.760990768671035767e-01,2.487060874700546265e-01,4.014083743095397949e-01,4.256790578365325928e-01,3.141087293624877930e-01,3.834417760372161865e-01,3.393301069736480713e-01,3.965815901756286621e-01,1.758460849523544312e-01,3.826119601726531982e-01,4.632310867309570312e-01,4.137474298477172852e-01,3.397313952445983887e-01,2.615364193916320801e-01,2.035512030124664307e-01,2.734670937061309814e-01,4.200506508350372314e-01,2.248500585556030273e-01,2.721024751663208008e-01,2.805688381195068359e-01,4.650994539260864258e-01,3.849597871303558350e-01,1.619298458099365234e-01,1.773051172494888306e-01,2.200253754854202271e-01,2.762592434883117676e-01,1.536324061453342438e-02,2.170892953872680664e-01,1.525022983551025391e-01,3.285613954067230225e-01,1.049905121326446533e-01,-8.196256309747695923e-02,3.237885534763336182e-01,3.213892877101898193e-01,4.298671782016754150e-01,4.663019180297851562e-01,3.909322917461395264e-01,4.347394704818725586e-01,2.185793220996856689e-01,1.715067774057388306e-01,4.576662480831146240e-01,3.846724331378936768e-01,4.481032788753509521e-01,5.114429593086242676e-01,9.495855867862701416e-02,2.657423615455627441e-01,4.858693853020668030e-02,2.979983985424041748e-01,1.225841417908668518e-01,2.440885901451110840e-01,1.262620389461517334e-01,1.722216904163360596e-01,2.385232448577880859e-01,2.109917253255844116e-01,3.833994865417480469e-01,1.983073502779006958e-01,2.601704299449920654e-01,2.269384562969207764e-01,1.789157092571258545e-01,3.888184204697608948e-02
-3.221489191055297852e-01,-2.874851226806640625e-01,-8.740919642150402069e-03,4.733321070671081543e-02,1.000000000000000000e+00,5.720054507255554199e-01,1.341470777988433838e-01,7.156504690647125244e-02,6.682170033454895020e-01,3.988008797168731689e-01,-2.009391784667968750e-02,-1.362285166978836060e-01,3.200831711292266846e-01,1.384445931762456894e-02,7.022234797477722168e-01,1.513025909662246704e-01,-1.299282163381576538e-01,-3.745497390627861023e-02,-2.621439993381500244e-01,-2.423396110534667969e-01,2.589183747768402100e-01,3.658131062984466553e-01,1.569152623414993286e-01,2.015317976474761963e-01,5.000225305557250977e-01,6.192657947540283203e-01,5.818650722503662109e-01,4.264838695526123047e-01,1.260761171579360962e-01,-7.188085466623306274e-02,4.279735088348388672e-01,4.103719294071197510e-01,7.013837993144989014e-02,1.025188639760017395e-01,4.972153156995773315e-02,5.127025768160820007e-02,3.875939548015594482e-01,2.067534029483795166e-01,1.201266348361968994e-01,3.830118775367736816e-01,1.306791156530380249e-01,-7.752669509500265121e-03,1.305105090141296387e-01,2.396102100610733032e-01,2.592759728431701660e-01,3.793295323848724365e-01,-5.943678552284836769e-04,5.336127430200576782e-02,4.077641665935516357e-01,3.674255609512329102e-01,3.643921911716461182e-01,3.260184228420257568e-01,-9.216683916747570038e-03,-1.060534343123435974e-01,1.163488775491714478e-01,2.535636723041534424e-01,-2.918074429035186768e-01,-1.632956862449645996e-01,2.744219303131103516e-01,2.232772558927536011e-01,3.590505123138427734e-01,2.028656452894210815e-01,1.836678981781005859e-01,1.517293602228164673e-01,4.556790888309478760e-01,4.378689527511596680e-01,2.999127507209777832e-01,4.121962189674377441e-01,-2.419859766960144043e-01,-2.134246230125427246e-01,1.692939251661300659e-01,1.592986583709716797e-01,1.086651682853698730e-01,6.961969193071126938e-03,2.198591232299804688e-01,5.939366295933723450e-02,1.589089483022689819e-01,1.135569363832473755e-01,-1.288666110485792160e-02,1.248484104871749878e-01,6.864588707685470581e-02,-7.521326653659343719e-03,2.359872907400131226e-01,1.602360047399997711e-02,2.307494580745697021e-01,2.249531447887420654e-01,3.512352705001831055e-01,3.735940456390380859e-01,2.093644738197326660e-01,3.297732472419738770e-01,-5.836355313658714294e-02,-1.052592322230339050e-01,-1.435338407754898071e-01,-5.442232266068458557e-02,-1.627287454903125763e-02,8.238813281059265137e-02,5.340991914272308350e-02,1.751150339841842651e-01,3.122683800756931305e-02,-1.716947928071022034e-02,-8.849445730447769165e-02,3.740151599049568176e-02,-1.234682127833366394e-01,4.808881133794784546e-02,-1.380507946014404297e-01,-7.690595090389251709e-02,-2.057584077119827271e-01,-3.113660812377929688e-01,-1.066709458827972412e-01,7.360956817865371704e-02,2.329814806580543518e-02,2.853469550609588623e-02,-1.968284249305725098e-01,1.729833930730819702e-01,1.955975219607353210e-02,7.020655274391174316e-02
-1.175918206572532654e-01,8.499232679605484009e-02,1.869953572750091553e-01,3.582033812999725342e-01,5.720054507255554199e-01,1.000000000000000000e+00,3.422306478023529053e-01,4.120371639728546143e-01,5.511903166770935059e-01,5.660955309867858887e-01,1.916537433862686157e-01,2.683806717395782471e-01,4.639197885990142822e-01,2.725640237331390381e-01,5.664196014404296875e-01,3.846632242202758789e-01,-5.269594117999076843e-02,1.960049718618392944e-01,5.814609117805957794e-03,7.539083808660507202e-02,2.592503428459167480e-01,3.961207270622253418e-01,3.216865360736846924e-01,3.761537969112396240e-01,3.526633977890014648e-01,4.546858072280883789e-01,3.612774908542633057e-01,4.771626889705657959e-01,3.135005235671997070e-01,1.681490391492843628e-01,4.740484952926635742e-01,4.767797291278839111e-01,2.779015600681304932e-01,3.817714154720306396e-01,1.896319687366485596e-01,2.314812093973159790e-01,3.037580549716949463e-01,1.996127068996429443e-01,8.153661340475082397e-02,3.639612197875976562e-01,1.188332885503768921e-01,5.099366232752799988e-02,3.480094373226165771e-01,4.366146326065063477e-01,4.254059195518493652e-01,4.953439831733703613e-01,2.938905954360961914e-01,3.538780808448791504e-01,4.266317188739776611e-01,4.485272765159606934e-01,4.051890373229980469e-01,4.713265597820281982e-01,2.081067860126495361e-01,2.355720251798629761e-01,1.790906190872192383e-01,3.762845695018768311e-01,-1.901078522205352783e-01,7.985115796327590942e-02,3.486356735229492188e-01,3.856105208396911621e-01,3.966681361198425293e-01,4.699750244617462158e-01,2.305929809808731079e-01,4.597204327583312988e-01,3.056206107139587402e-01,5.687111616134643555e-01,4.170955419540405273e-01,4.724695384502410889e-01,-1.389999594539403915e-02,-1.210279390215873718e-02,8.607225865125656128e-02,1.485619246959686279e-01,2.541572451591491699e-01,1.837270408868789673e-01,2.821915447711944580e-01,2.472290545701980591e-01,2.762067317962646484e-01,2.448318153619766235e-01,3.077613562345504761e-02,2.443116903305053711e-01,1.500844061374664307e-01,2.508975565433502197e-01,2.188952416181564331e-01,2.080764174461364746e-01,1.819663047790527344e-01,4.277253746986389160e-01,2.157102823257446289e-01,2.902469038963317871e-01,2.319916486740112305e-01,4.679464697837829590e-01,1.918430179357528687e-01,2.057749181985855103e-01,1.270077228546142578e-01,1.716534048318862915e-01,2.772772684693336487e-02,1.208795830607414246e-01,1.929881721735000610e-01,3.131546080112457275e-01,2.297031730413436890e-01,2.724347114562988281e-01,6.654537469148635864e-02,1.476968675851821899e-01,8.056124672293663025e-03,2.297380119562149048e-01,1.974014565348625183e-02,1.416818648576736450e-01,-3.811238333582878113e-02,-6.673104315996170044e-02,-9.235182404518127441e-02,1.183279529213905334e-01,2.364147305488586426e-01,1.171580031514167786e-01,-7.964312285184860229e-02,2.430941760540008545e-01,1.387234777212142944e-01,4.210142046213150024e-02
3.803147673606872559e-01,3.439518511295318604e-01,7.403547167778015137e-01,7.216731905937194824e-01,1.341470777988433838e-01,3.422306478023529053e-01,1.000000000000000000e+00,6.137286424636840820e-01,2.944192588329315186e-01,1.424338966608047485e-01,5.153991580009460449e-01,3.208054900169372559e-01,6.310000419616699219e-01,1.839177757501602173e-01,2.759061157703399658e-01,3.410384058952331543e-02,1.555172353982925415e-01,1.100981086492538452e-01,4.870284795761108398e-01,4.497598111629486084e-01,-1.790559664368629456e-02,1.036905311048030853e-02,6.589627861976623535e-01,6.893022060394287109e-01,1.609165072441101074e-01,1.438164860010147095e-01,2.085692062973976135e-02,1.529664248228073120e-01,2.869155108928680420e-01,1.209510862827301025e-01,4.774099290370941162e-01,3.975741267204284668e-01,5.135126113891601562e-01,5.293135046958923340e-01,3.753075301647186279e-01,4.151064157485961914e-01,1.479391604661941528e-01,2.714147269725799561e-01,1.838214546442031860e-01,5.823369324207305908e-02,3.143033757805824280e-02,-6.691290438175201416e-02,5.318149924278259277e-01,5.354761481285095215e-01,4.267524480819702148e-01,4.246501326560974121e-01,5.710071325302124023e-01,5.131757259368896484e-01,4.321599304676055908e-01,3.947507143020629883e-01,4.958708584308624268e-01,4.431917667388916016e-01,4.357794225215911865e-01,5.018136501312255859e-01,3.759466707706451416e-01,2.852464318275451660e-01,2.113108783960342407e-01,1.975785493850708008e-01,4.568285346031188965e-01,4.099172651767730713e-01,3.872233927249908447e-01,3.558844327926635742e-01,3.834243416786193848e-01,2.991919219493865967e-01,2.690235376358032227e-01,3.742382228374481201e-01,4.902933835983276367e-01,4.548506140708923340e-01,3.133742809295654297e-01,3.087777793407440186e-01,6.634289771318435669e-02,1.029735356569290161e-01,3.136410713195800781e-01,1.397636085748672485e-01,2.861573100090026855e-01,1.896893978118896484e-01,3.911272883415222168e-01,2.761185467243194580e-01,1.045425385236740112e-01,1.069195121526718140e-01,2.418806552886962891e-01,1.634241789579391479e-01,3.488451242446899414e-02,1.842594593763351440e-01,2.459389269351959229e-01,2.672336101531982422e-01,5.685592070221900940e-02,-1.095870733261108398e-01,2.896034419536590576e-01,2.418757677078247070e-01,4.460087716579437256e-01,4.299172163009643555e-01,4.027952551841735840e-01,4.539420604705810547e-01,1.739083826541900635e-01,1.174827441573143005e-01,4.656262695789337158e-01,3.358883559703826904e-01,4.514150321483612061e-01,4.935059249401092529e-01,7.829793542623519897e-02,2.412376254796981812e-01,3.432197868824005127e-02,2.415984272956848145e-01,7.797701656818389893e-02,1.834001690149307251e-01,1.103370934724807739e-01,1.442193239927291870e-01,1.417695730924606323e-01,1.439535170793533325e-01,3.588505983352661133e-01,2.259487509727478027e-01,2.648453414440155029e-01,2.839906811714172363e-01,1.999540179967880249e-01,2.229638397693634033e-02
1.616041809320449829e-01,4.780884087085723877e-01,5.260394811630249023e-01,7.048224806785583496e-01,7.156504690647125244e-02,4.120371639728546143e-01,6.137286424636840820e-01,1.000000000000000000e+00,1.363914757966995239e-01,3.645294308662414551e-01,4.035042524337768555e-01,6.348047256469726562e-01,5.126023888587951660e-01,5.746734738349914551e-01,1.572322696447372437e-01,4.211200177669525146e-01,1.242393031716346741e-01,3.731808066368103027e-01,3.524235785007476807e-01,3.684182465076446533e-01,-3.935374319553375244e-03,9.200721234083175659e-02,5.054284334182739258e-01,5.975958108901977539e-01,4.746503755450248718e-02,1.077935397624969482e-01,-6.863229721784591675e-02,7.696843892335891724e-02,3.773669898509979248e-01,3.432765901088714600e-01,4.895855486392974854e-01,5.163483023643493652e-01,4.367151260375976562e-01,5.651330947875976562e-01,2.957459390163421631e-01,3.720247447490692139e-01,1.189826130867004395e-01,2.477632313966751099e-01,1.483768075704574585e-01,1.002340242266654968e-01,1.186701655387878418e-01,6.877135485410690308e-02,4.305461049079895020e-01,5.103287696838378906e-01,3.719860911369323730e-01,4.573464691638946533e-01,5.091083049774169922e-01,5.154661536216735840e-01,3.518173992633819580e-01,4.215097129344940186e-01,3.903933167457580566e-01,4.837768971920013428e-01,4.761197566986083984e-01,5.138236880302429199e-01,2.533895969390869141e-01,3.195714950561523438e-01,2.955411188304424286e-02,2.687273025512695312e-01,3.402089476585388184e-01,4.305236339569091797e-01,2.999266684055328369e-01,4.933388531208038330e-01,2.103078812360763550e-01,5.439456701278686523e-01,1.073236986994743347e-01,4.955465197563171387e-01,4.057770371437072754e-01,3.934487998485565186e-01,2.265390455722808838e-01,1.895685642957687378e-01,1.489296555519104004e-01,2.935643494129180908e-01,3.561554849147796631e-01,2.807366549968719482e-01,2.135513275861740112e-01,2.460482865571975708e-01,3.802425563335418701e-01,3.687418401241302490e-01,2.696612849831581116e-02,2.314509451389312744e-01,9.922229498624801636e-02,3.393129706382751465e-01,8.783922344446182251e-02,2.283562719821929932e-01,2.628589048981666565e-02,3.867798745632171631e-01,5.150800570845603943e-02,1.036041881889104843e-02,2.074988633394241333e-01,3.330060243606567383e-01,3.580617010593414307e-01,4.218449890613555908e-01,3.278050422668457031e-01,3.677851855754852295e-01,1.066063195466995239e-01,7.721504569053649902e-02,3.117983341217041016e-01,3.218966424465179443e-01,3.388370275497436523e-01,4.422418773174285889e-01,1.499811410903930664e-01,1.379488110542297363e-01,3.254133090376853943e-02,2.331362217664718628e-01,1.679138094186782837e-01,2.264087200164794922e-01,1.122223809361457825e-01,1.522651016712188721e-01,1.232816204428672791e-01,1.070188060402870178e-01,3.754611313343048096e-01,1.612585932016372681e-01,1.772945523262023926e-01,2.220982909202575684e-01,2.808487117290496826e-01,6.575013697147369385e-02
-8.046862483024597168e-02,-1.839164644479751587e-01,1.314552873373031616e-01,1.496974974870681763e-01,6.682170033454895020e-01,5.511903166770935059e-01,2.944192588329315186e-01,1.363914757966995239e-01,1.000000000000000000e+00,3.900271654129028320e-01,1.512930393218994141e-01,-8.708764612674713135e-02,4.241595566272735596e-01,8.413406321778893471e-04,6.907210350036621094e-01,8.301994204521179199e-02,2.324543520808219910e-02,1.214909460395574570e-02,-9.255898743867874146e-02,-3.600870072841644287e-02,2.377949804067611694e-01,3.426104784011840820e-01,2.621895372867584229e-01,2.823101580142974854e-01,5.333221554756164551e-01,5.531086921691894531e-01,4.372451603412628174e-01,3.325310647487640381e-01,9.286724776029586792e-02,1.902164891362190247e-02,3.961465954780578613e-01,3.133014738559722900e-01,2.391238510608673096e-01,2.066750228404998779e-01,8.011918514966964722e-02,1.143705174326896667e-01,3.252610564231872559e-01,1.580521017313003540e-01,8.858197927474975586e-02,2.890737056732177734e-01,3.667039424180984497e-02,-2.466669138811994344e-05,2.912529706954956055e-01,3.133988082408905029e-01,3.796493411064147949e-01,3.646625876426696777e-01,1.978469640016555786e-01,1.992707103490829468e-01,4.192384779453277588e-01,3.242965340614318848e-01,4.136223495006561279e-01,3.137965500354766846e-01,6.016056239604949951e-02,-3.251946996897459030e-03,1.289225369691848755e-01,1.530535668134689331e-01,-6.565636396408081055e-02,-5.005187913775444031e-02,3.619389235973358154e-01,2.278269529342651367e-01,4.787042737007141113e-01,2.391784042119979858e-01,3.403919339179992676e-01,1.825826615095138550e-01,4.295992851257324219e-01,3.687061369419097900e-01,3.765251040458679199e-01,4.109758734703063965e-01,-4.803774505853652954e-02,5.351478699594736099e-03,-8.426844142377376556e-03,-5.120627116411924362e-03,4.758161958307027817e-03,6.326438486576080322e-02,2.109060883522033691e-01,7.822096347808837891e-02,1.295457184314727783e-01,7.490921765565872192e-02,9.966991096735000610e-02,1.946077495813369751e-01,2.369631230831146240e-01,8.602481335401535034e-02,2.961262464523315430e-01,1.795111000537872314e-01,3.638654053211212158e-01,2.333740442991256714e-01,2.176709324121475220e-01,2.673059701919555664e-01,1.939699798822402954e-01,2.484666556119918823e-01,1.383562982082366943e-01,5.426422134041786194e-02,1.356530748307704926e-02,6.291759759187698364e-02,-3.345931321382522583e-02,8.309290558099746704e-02,1.568503081798553467e-01,2.083456665277481079e-01,2.168788462877273560e-01,1.181416586041450500e-01,-3.693935275077819824e-02,2.025485038757324219e-02,-7.023113220930099487e-02,4.670397564768791199e-02,-9.167395532131195068e-02,2.050463110208511353e-02,-8.972266316413879395e-02,-1.846078038215637207e-01,-1.700917929410934448e-01,1.516812574118375778e-02,1.143595203757286072e-01,9.554657340049743652e-02,-1.388286352157592773e-01,2.104991525411605835e-01,6.700452417135238647e-02,8.559017628431320190e-02
-2.012123763561248779e-01,9.593304991722106934e-02,3.674959391355514526e-02,2.240488827228546143e-01,3.988008797168731689e-01,5.660955309867858887e-01,1.424338966608047485e-01,3.645294308662414551e-01,3.900271654129028320e-01,1.000000000000000000e+00,5.092964693903923035e-02,2.815964519977569580e-01,2.837969064712524414e-01,3.569699823856353760e-01,3.718797266483306885e-01,5.118452906608581543e-01,-9.677197039127349854e-02,2.249223142862319946e-01,-1.059847474098205566e-01,-3.516412898898124695e-02,1.095198094844818115e-01,2.821210622787475586e-01,1.609686464071273804e-01,2.387202233076095581e-01,2.802469730377197266e-01,3.917174935340881348e-01,1.850894987583160400e-01,2.371292263269424438e-01,1.924012154340744019e-01,2.324617803096771240e-01,3.588991165161132812e-01,3.985183238983154297e-01,9.488590061664581299e-02,2.048160880804061890e-01,4.204407334327697754e-02,1.079214587807655334e-01,2.168387621641159058e-01,3.905963897705078125e-02,2.614923939108848572e-02,2.705803513526916504e-01,1.041512936353683472e-01,5.554593726992607117e-02,2.045870125293731689e-01,2.868181467056274414e-01,3.061506748199462891e-01,3.648137450218200684e-01,1.649817377328872681e-01,2.309789061546325684e-01,2.559895217418670654e-01,3.411782085895538330e-01,2.403009235858917236e-01,3.337307274341583252e-01,1.828728914260864258e-01,2.095257788896560669e-01,7.157223671674728394e-02,2.359031885862350464e-01,-2.234885841608047485e-01,7.072708010673522949e-02,1.467253118753433228e-01,2.521014213562011719e-01,1.610801070928573608e-01,3.753837645053863525e-01,-8.778724819421768188e-03,3.699711859226226807e-01,9.948172420263290405e-02,4.541473984718322754e-01,1.942919641733169556e-01,2.673237025737762451e-01,-9.257400780916213989e-02,-7.488510757684707642e-02,4.001709073781967163e-02,1.532493829727172852e-01,1.367437541484832764e-01,1.469985246658325195e-01,1.693149805068969727e-01,1.328844428062438965e-01,1.433359980583190918e-01,1.678675413131713867e-01,-1.507048755884170532e-01,1.833691298961639404e-01,-2.196995168924331665e-02,2.032206803560256958e-01,1.691832393407821655e-01,1.243933066725730896e-01,-5.516006611287593842e-03,3.101957142353057861e-01,1.591353565454483032e-01,2.401427924633026123e-01,4.544132202863693237e-02,2.913250923156738281e-01,7.585773617029190063e-02,1.107393205165863037e-01,3.490959480404853821e-02,5.553880706429481506e-02,2.237796317785978317e-03,1.795179098844528198e-01,9.205626696348190308e-02,2.178729325532913208e-01,1.378962397575378418e-01,1.756474822759628296e-01,6.535927206277847290e-02,-1.941555738449096680e-02,6.153821013867855072e-03,1.001797690987586975e-01,5.272972211241722107e-02,1.107249334454536438e-01,-2.818111516535282135e-02,-1.637934148311614990e-02,-1.785764098167419434e-02,9.911140054464340210e-02,1.826629638671875000e-01,6.154157221317291260e-02,-1.680297218263149261e-02,1.055772528052330017e-01,4.844138771295547485e-02,2.418635413050651550e-02
4.975322484970092773e-01,4.561651647090911865e-01,4.904792904853820801e-01,4.810204803943634033e-01,-2.009391784667968750e-02,1.916537433862686157e-01,5.153991580009460449e-01,4.035042524337768555e-01,1.512930393218994141e-01,5.092964693903923035e-02,1.000000000000000000e+00,4.206233918666839600e-01,6.325414776802062988e-01,2.764702737331390381e-01,1.448511183261871338e-01,1.320367455482482910e-01,4.492709040641784668e-01,3.406109809875488281e-01,5.481699705123901367e-01,5.431873798370361328e-01,-3.893004357814788818e-02,-3.216663375496864319e-02,4.411198496818542480e-01,3.819072246551513672e-01,2.453104592859745026e-02,2.559982985258102417e-02,-7.586668431758880615e-02,1.079133674502372742e-01,4.402985870838165283e-01,2.951620817184448242e-01,2.318511605262756348e-01,1.680805385112762451e-01,5.544173121452331543e-01,5.414455533027648926e-01,3.343390524387359619e-01,4.302597343921661377e-01,1.375280916690826416e-01,1.697157919406890869e-01,1.151070073246955872e-01,8.777638524770736694e-02,1.563621312379837036e-01,-2.837962470948696136e-02,4.025918841361999512e-01,4.634301960468292236e-01,3.107048869132995605e-01,2.826524376869201660e-01,5.072301626205444336e-01,4.807061553001403809e-01,2.258031517267227173e-01,2.351533174514770508e-01,2.808214128017425537e-01,3.184803128242492676e-01,3.659989237785339355e-01,4.147602617740631104e-01,3.868192136287689209e-01,2.923025190830230713e-01,4.116280972957611084e-01,4.442356228828430176e-01,3.771156072616577148e-01,3.462933897972106934e-01,3.595832884311676025e-01,4.012418687343597412e-01,3.079203069210052490e-01,3.604830503463745117e-01,3.205703943967819214e-02,2.485457509756088257e-01,3.589089810848236084e-01,3.100182414054870605e-01,4.763675928115844727e-01,4.531180262565612793e-01,-7.822373881936073303e-03,-3.107086755335330963e-02,3.642658293247222900e-01,3.581749200820922852e-01,3.112078011035919189e-01,2.811447381973266602e-01,3.879186809062957764e-01,3.424561023712158203e-01,1.682927459478378296e-01,3.116250634193420410e-01,3.726466596126556396e-01,3.890889286994934082e-01,1.844682693481445312e-01,3.180405497550964355e-01,3.263662457466125488e-01,3.952741324901580811e-01,7.268504053354263306e-02,-4.571714252233505249e-02,3.177224397659301758e-01,2.239737808704376221e-01,4.194359481334686279e-01,4.431102275848388672e-01,4.098000526428222656e-01,3.536185026168823242e-01,2.411269694566726685e-01,1.403990983963012695e-01,4.256246984004974365e-01,2.892836928367614746e-01,4.600584208965301514e-01,4.286718070507049561e-01,3.973105922341346741e-02,2.532269656658172607e-01,9.848341345787048340e-02,2.422008216381072998e-01,7.254945486783981323e-02,1.329887807369232178e-01,1.668070554733276367e-01,1.792791932821273804e-01,6.682086735963821411e-02,1.598431020975112915e-01,3.717172145843505859e-01,1.369225531816482544e-01,1.631440371274948120e-01,2.189371287822723389e-01,1.988769918680191040e-01,9.095852077007293701e-02
2.330150157213211060e-01,6.409553289413452148e-01,2.637973129749298096e-01,4.688863158226013184e-01,-1.362285166978836060e-01,2.683806717395782471e-01,3.208054900169372559e-01,6.348047256469726562e-01,-8.708764612674713135e-02,2.815964519977569580e-01,4.206233918666839600e-01,1.000000000000000000e+00,3.953348994255065918e-01,6.763551235198974609e-01,-1.505599822849035263e-02,4.956233799457550049e-01,2.152967303991317749e-01,5.646032094955444336e-01,3.943276405334472656e-01,4.669173657894134521e-01,-7.129882927983999252e-03,8.598926663398742676e-02,2.551152110099792480e-01,2.535996437072753906e-01,-1.438492387533187866e-01,-9.890027344226837158e-02,-1.680302321910858154e-01,4.473607242107391357e-02,4.869231283664703369e-01,4.717973768711090088e-01,2.175554931163787842e-01,2.453562170267105103e-01,3.874248266220092773e-01,5.517114996910095215e-01,2.389944344758987427e-01,3.160236179828643799e-01,1.685550808906555176e-01,2.351045012474060059e-01,4.904967546463012695e-02,1.060326024889945984e-01,1.956151425838470459e-01,1.106875538825988770e-01,2.968458831310272217e-01,4.190405607223510742e-01,3.246814310550689697e-01,3.645081520080566406e-01,4.566456973552703857e-01,4.960794150829315186e-01,1.789604723453521729e-01,3.447148799896240234e-01,1.751698851585388184e-01,3.898130357265472412e-01,4.400347471237182617e-01,4.471551179885864258e-01,1.651029437780380249e-01,3.718582093715667725e-01,1.326867043972015381e-01,4.707187712192535400e-01,2.381746023893356323e-01,4.124196171760559082e-01,1.613830327987670898e-01,5.582103729248046875e-01,9.956173598766326904e-02,6.623931527137756348e-01,-1.823667138814926147e-01,3.909845352172851562e-01,2.870113551616668701e-01,2.427220493555068970e-01,3.635675013065338135e-01,2.807728350162506104e-01,5.422072112560272217e-02,1.864420771598815918e-01,3.983209431171417236e-01,4.246515929698944092e-01,2.302709221839904785e-01,3.701542913913726807e-01,3.950708508491516113e-01,4.507315158843994141e-01,4.710140451788902283e-02,3.256552815437316895e-01,1.620181351900100708e-01,5.355584621429443359e-01,1.481585800647735596e-01,3.061347901821136475e-01,-2.102204831317067146e-03,4.903064668178558350e-01,-3.079982474446296692e-02,1.101532392203807831e-02,1.821181625127792358e-01,3.977748453617095947e-01,4.227526485919952393e-01,5.119432806968688965e-01,4.054746031761169434e-01,2.954582571983337402e-01,1.557838469743728638e-01,8.217284083366394043e-02,2.698813378810882568e-01,2.715275287628173828e-01,3.133154809474945068e-01,4.121633172035217285e-01,1.995514333248138428e-01,1.913453936576843262e-01,1.672697663307189941e-01,3.034988939762115479e-01,2.340644299983978271e-01,2.650553286075592041e-01,1.957909315824508667e-01,2.711054384708404541e-01,1.140699237585067749e-01,1.742638647556304932e-01,3.368893563747406006e-01,4.074522852897644043e-02,1.277755796909332275e-01,1.735483556985855103e-01,2.957442998886108398e-01,3.573356568813323975e-02
2.205469608306884766e-01,2.947854995727539062e-01,4.705123007297515869e-01,5.368109941482543945e-01,3.200831711292266846e-01,4.639197885990142822e-01,6.310000419616699219e-01,5.126023888587951660e-01,4.241595566272735596e-01,2.837969064712524414e-01,6.325414776802062988e-01,3.953348994255065918e-01,1.000000000000000000e+00,3.291380107402801514e-01,4.607383906841278076e-01,2.049886286258697510e-01,1.669277101755142212e-01,2.578114867210388184e-01,3.304129838943481445e-01,3.549301922321319580e-01,3.518188372254371643e-02,9.744358807802200317e-02,4.713817238807678223e-01,4.980241358280181885e-01,1.910950243473052979e-01,2.634094059467315674e-01,8.828454464673995972e-02,2.454388439655303955e-01,4.880867600440979004e-01,2.160030305385589600e-01,4.268229901790618896e-01,3.785210549831390381e-01,4.761824607849121094e-01,5.176815986633300781e-01,2.912665605545043945e-01,4.024077355861663818e-01,2.879718542098999023e-01,2.545989155769348145e-01,1.534343212842941284e-01,1.790138930082321167e-01,1.552827656269073486e-01,-9.100034087896347046e-02,4.706510901451110840e-01,5.614185929298400879e-01,4.234024882316589355e-01,4.915175735950469971e-01,4.928301572799682617e-01,5.110011696815490723e-01,4.420388936996459961e-01,4.502143263816833496e-01,4.615380764007568359e-01,5.080131888389587402e-01,3.559075593948364258e-01,3.967612385749816895e-01,3.800113201141357422e-01,3.759189248085021973e-01,1.155244037508964539e-01,2.499490380287170410e-01,5.040901899337768555e-01,4.884259998798370361e-01,4.992305338382720947e-01,5.199999213218688965e-01,3.901225328445434570e-01,4.688938260078430176e-01,2.363962084054946899e-01,4.913766086101531982e-01,4.977415800094604492e-01,5.070535540580749512e-01,2.285697907209396362e-01,2.423444241285324097e-01,2.496334351599216461e-02,3.119580261409282684e-02,3.889756500720977783e-01,2.571760118007659912e-01,4.327306449413299561e-01,2.582992613315582275e-01,4.243470430374145508e-01,3.359047174453735352e-01,-1.289190072566270828e-02,2.503873705863952637e-01,2.347090393304824829e-01,2.846583127975463867e-01,1.793154180049896240e-01,1.864479482173919678e-01,2.698593735694885254e-01,4.397233128547668457e-01,1.367115527391433716e-01,8.427780121564865112e-02,3.440071046352386475e-01,3.674656748771667480e-01,3.844175636768341064e-01,4.151014387607574463e-01,3.590160608291625977e-01,3.758105933666229248e-01,2.341149449348449707e-01,1.314947158098220825e-01,4.322479665279388428e-01,3.407301306724548340e-01,3.825839757919311523e-01,4.192748963832855225e-01,4.987720027565956116e-02,3.090327084064483643e-01,3.095322288572788239e-02,3.564586341381072998e-01,4.494751617312431335e-02,1.634617000818252563e-01,4.809649661183357239e-02,8.052958548069000244e-02,6.010466068983078003e-02,1.804003268480300903e-01,3.885349631309509277e-01,1.683437675237655640e-01,8.951058238744735718e-02,3.197597861289978027e-01,2.605482935905456543e-01,7.097756117582321167e-02
