1.000000000000000000e+00,4.850022494792938232e-01,3.666587173938751221e-01,2.389293015003204346e-01,-7.240725308656692505e-02,-2.523814737796783447e-01,3.154495656490325928e-01,4.628231003880500793e-02,-1.385952830314636230e-01,-1.677255034446716309e-01,2.915126979351043701e-01,-6.798564642667770386e-02,2.270459830760955811e-01,-2.425266504287719727e-01,-1.699241250753402710e-01,-3.715367317199707031e-01,4.859501719474792480e-01,2.305719852447509766e-01,5.973365902900695801e-01,4.823516607284545898e-01,-2.649639174342155457e-02,7.668987661600112915e-02,1.743339300155639648e-01,7.178264856338500977e-02,9.990143030881881714e-02,5.925475433468818665e-02,5.805643647909164429e-02,4.412067309021949768e-02,2.617577612400054932e-01,1.597531139850616455e-01,2.906750738620758057e-01,2.184875607490539551e-01,2.923895716667175293e-01,2.774650156497955322e-01,-6.123960018157958984e-02,-5.600530281662940979e-02,1.446307357400655746e-02,1.318442523479461670e-01,1.185770612210035324e-02,1.310596466064453125e-01,1.519164592027664185e-01,1.435478925704956055e-01,-1.264151036739349365e-01,-1.899357289075851440e-01,1.135828942060470581e-01,1.098478212952613831e-01,1.957969553768634796e-02,-8.309360593557357788e-02,5.104766041040420532e-02,-1.345164142549037933e-02,1.011941805481910706e-01,-8.381947129964828491e-02,1.983436644077301025e-01,9.998533874750137329e-02,8.962117135524749756e-02,2.084341458976268768e-02,6.435311436653137207e-01,4.460541903972625732e-01,3.085572719573974609e-01,1.772725135087966919e-01,1.755763441324234009e-01,-7.548041641712188721e-02,3.243935108184814453e-01,1.601570472121238708e-02,-8.276057243347167969e-02,-7.414732873439788818e-02,-5.901959165930747986e-02,3.226166963577270508e-02,4.749881029129028320e-01,3.289447724819183350e-01,3.041498176753520966e-02,1.715584993362426758e-01,1.636095046997070312e-01,3.444591760635375977e-01,2.186618000268936157e-01,-4.095543920993804932e-02,-1.247466802597045898e-01,-1.514182537794113159e-01,3.530837297439575195e-01,2.087989747524261475e-01,4.107972085475921631e-01,1.202402338385581970e-01,2.129471898078918457e-01,1.529151797294616699e-01,1.931706815958023071e-01,-8.359207957983016968e-02,1.929865479469299316e-01,1.840311437845230103e-01,1.284613609313964844e-01,-1.443934440612792969e-01,1.270348322577774525e-03,1.051319837570190430e-01,-3.517965599894523621e-02,-1.213891338557004929e-02,-4.715694859623908997e-02,-1.138576399534940720e-02,8.703806251287460327e-02,7.611524313688278198e-02,1.061507593840360641e-02,4.225251264870166779e-03,6.912519037723541260e-02,1.548284012824296951e-02,1.227121800184249878e-01,2.328449636697769165e-01,4.170701280236244202e-02,-2.472536824643611908e-02,-7.473941147327423096e-02,-8.327404409646987915e-02,2.148576453328132629e-02,-1.329727843403816223e-02,-5.611875280737876892e-02,-3.130232542753219604e-02,-1.346371136605739594e-02,-6.692669540643692017e-02,-1.188080608844757080e-01,-8.099146932363510132e-02
4.850022494792938232e-01,1.000000000000000000e+00,1.531895101070404053e-01,3.992740213871002197e-01,-1.386346220970153809e-01,-1.285722404718399048e-01,1.027577444911003113e-01,2.325181514024734497e-01,-1.540043205022811890e-01,-9.522717446088790894e-02,6.495539098978042603e-02,2.743616998195648193e-01,-6.908234208822250366e-03,9.523168951272964478e-02,-1.405663788318634033e-01,-1.006122529506683350e-01,4.024615883827209473e-01,4.703879952430725098e-01,4.818258881568908691e-01,6.855849623680114746e-01,-1.335155963897705078e-01,-7.185280323028564453e-02,4.159269481897354126e-02,1.693306714296340942e-01,-4.952436313033103943e-02,3.014849685132503510e-02,-1.091665402054786682e-01,-9.750745445489883423e-02,2.181576341390609741e-01,2.688668072223663330e-01,2.721699886023998260e-02,5.181630328297615051e-02,2.701713144779205322e-01,3.238005638122558594e-01,-1.008955463767051697e-01,-1.849406026303768158e-02,-4.548363015055656433e-02,7.276808470487594604e-02,-2.445557154715061188e-02,4.879260808229446411e-02,1.083264499902725220e-01,1.072842180728912354e-01,-1.783087849617004395e-01,-2.123476862907409668e-01,2.442310899496078491e-01,1.749092042446136475e-01,-3.436148539185523987e-02,-1.095837503671646118e-01,1.317454408854246140e-02,5.543790757656097412e-02,2.253234758973121643e-02,-2.635413408279418945e-02,1.750435531139373779e-01,1.613454669713973999e-01,5.782916210591793060e-03,2.237135171890258789e-02,5.438751578330993652e-01,6.910321712493896484e-01,2.248729914426803589e-01,2.938900291919708252e-01,6.839141249656677246e-02,1.390495002269744873e-01,1.963683217763900757e-01,2.644392848014831543e-01,-1.499884128570556641e-01,6.031880155205726624e-02,-1.044009812176227570e-02,4.721496999263763428e-02,5.290381908416748047e-01,4.841757118701934814e-01,-1.507252752780914307e-01,6.378884892910718918e-03,1.102373283356428146e-02,3.144061863422393799e-01,8.539637923240661621e-02,-7.833398133516311646e-02,-1.918615400791168213e-01,-2.153430879116058350e-01,4.230539500713348389e-01,3.495694994926452637e-01,4.177367091178894043e-01,3.952582478523254395e-01,9.988225251436233521e-02,2.275035381317138672e-01,6.954231113195419312e-02,1.605165451765060425e-01,1.622255891561508179e-01,8.929449319839477539e-02,8.935777470469474792e-03,4.600793868303298950e-02,1.064540222287178040e-01,1.976149231195449829e-01,5.081788823008537292e-02,5.042655020952224731e-02,-6.020275503396987915e-02,-6.488115992397069931e-03,5.155408009886741638e-02,4.082676768302917480e-02,-6.995315104722976685e-02,-3.833184018731117249e-02,8.436920493841171265e-02,3.849779441952705383e-02,1.398684829473495483e-01,1.712093353271484375e-01,2.758221328258514404e-02,-6.319502741098403931e-02,-9.838850051164627075e-02,-1.386868506669998169e-01,-1.930944621562957764e-02,-7.967085391283035278e-02,-8.199491351842880249e-02,1.008029840886592865e-02,-3.067215532064437866e-02,4.328515753149986267e-02,-4.130483791232109070e-02,-9.065461903810501099e-02
3.666587173938751221e-01,1.531895101070404053e-01,1.000000000000000000e+00,4.514991044998168945e-01,-1.359204947948455811e-01,-3.887569308280944824e-01,7.101170420646667480e-01,2.936872243881225586e-01,-1.849677562713623047e-01,-3.463768064975738525e-01,1.591921448707580566e-01,-1.242127195000648499e-01,3.264451026916503906e-01,-1.358409877866506577e-02,-1.186940968036651611e-01,-2.169536054134368896e-01,-6.676587462425231934e-02,-1.102925539016723633e-01,3.938927054405212402e-01,1.762806028127670288e-01,-1.346962004899978638e-01,-9.046329557895660400e-02,6.598273515701293945e-01,4.617581963539123535e-01,3.561217486858367920e-01,7.509609311819076538e-02,-2.076720148324966431e-01,-3.213547766208648682e-01,-1.315078843617811799e-04,-1.592269986867904663e-01,2.847155928611755371e-01,2.877812385559082031e-01,1.444615572690963745e-01,1.831206083297729492e-01,3.006704151630401611e-01,2.071181982755661011e-01,1.870787143707275391e-02,1.089153215289115906e-01,-7.585240900516510010e-02,-2.897874452173709869e-02,-1.183640882372856140e-01,-1.112241670489311218e-01,-2.399741904810070992e-03,1.775622949935495853e-03,-1.451852172613143921e-01,-1.175906881690025330e-01,5.613294616341590881e-02,3.505578637123107910e-02,-1.650888286530971527e-02,-2.307234331965446472e-02,4.171804338693618774e-02,-1.697404682636260986e-02,4.077021032571792603e-02,-7.838368415832519531e-02,-5.660295113921165466e-02,-1.513617932796478271e-01,5.309622362256050110e-02,5.452840030193328857e-02,8.490744978189468384e-02,8.325874060392379761e-02,9.377887099981307983e-02,7.554981857538223267e-02,-1.815814077854156494e-01,-1.102875098586082458e-01,4.450876414775848389e-01,3.566681444644927979e-01,1.671490073204040527e-01,2.701394818723201752e-02,5.086188763380050659e-02,2.650268003344535828e-02,5.341829732060432434e-02,1.346875280141830444e-01,-1.544970571994781494e-01,-2.429613098502159119e-02,-1.947093941271305084e-02,-1.168819218873977661e-01,2.057784795761108398e-01,1.118765845894813538e-01,-5.391671508550643921e-02,-1.099790111184120178e-01,-1.748351454734802246e-01,-2.898402512073516846e-01,-6.038149073719978333e-02,-1.751327961683273315e-01,2.284447401762008667e-01,-3.722130507230758667e-02,-7.114683091640472412e-02,-3.900316357612609863e-02,1.185609102249145508e-01,-1.663919836282730103e-01,1.035075932741165161e-01,1.524649709463119507e-01,9.997247159481048584e-02,3.305136561393737793e-01,-5.720242857933044434e-02,-1.148994863033294678e-01,4.297698382288217545e-03,-4.476418718695640564e-02,2.554582431912422180e-02,1.350610107183456421e-01,1.704157702624797821e-02,2.561118602752685547e-01,1.799604147672653198e-01,1.936396509408950806e-01,1.267608702182769775e-01,1.910449117422103882e-01,1.148681901395320892e-02,-9.223137982189655304e-03,-7.424511760473251343e-02,-1.678202114999294281e-02,1.504050642251968384e-01,4.616794362664222717e-02,-1.273003726964816451e-04,1.411026120185852051e-01,1.403075307607650757e-01,9.247990697622299194e-02
2.389293015003204346e-01,3.992740213871002197e-01,4.514991044998168945e-01,1.000000000000000000e+00,-2.103542685508728027e-01,-6.243035942316055298e-02,4.342540502548217773e-01,6.896500587463378906e-01,-2.323757559061050415e-01,-1.009171530604362488e-01,-4.378474876284599304e-02,1.593475043773651123e-01,1.797004789113998413e-02,1.690601110458374023e-01,-2.131416201591491699e-01,-6.195401772856712341e-02,-7.012367248535156250e-02,6.651403009891510010e-02,2.297214865684509277e-01,3.570981025695800781e-01,-2.103952318429946899e-01,-5.430870130658149719e-02,2.820794582366943359e-01,5.501623153686523438e-01,-2.314805798232555389e-02,-7.789130508899688721e-02,-2.982555925846099854e-01,-2.950620353221893311e-01,-2.856652252376079559e-03,-2.649663016200065613e-02,1.078778356313705444e-01,3.080801963806152344e-01,4.482507333159446716e-02,1.790593713521957397e-01,-9.227531030774116516e-03,8.364258706569671631e-02,-1.622156500816345215e-01,-8.324392139911651611e-02,-2.146079689264297485e-01,-2.220769077539443970e-01,-1.422176808118820190e-01,-9.907332062721252441e-02,-1.443805545568466187e-01,-1.203929185867309570e-01,-1.648579984903335571e-01,-1.640421152114868164e-01,-1.145549863576889038e-01,-1.078353300690650940e-01,-2.331159636378288269e-02,-1.005848273634910583e-01,-1.079626567661762238e-02,-4.613622277975082397e-02,8.344102650880813599e-02,2.687590196728706360e-02,-1.536949127912521362e-01,-1.688160300254821777e-01,8.060758560895919800e-02,1.958997994661331177e-01,1.087300851941108704e-01,2.207051366567611694e-01,8.751168847084045410e-02,3.865706026554107666e-01,-2.850541472434997559e-02,1.607813388109207153e-01,2.144991904497146606e-01,3.877041637897491455e-01,-3.659517690539360046e-02,-2.237458946183323860e-03,7.001055032014846802e-02,-9.984807547880336642e-05,-7.650100439786911011e-02,1.970762312412261963e-01,-1.082234010100364685e-01,7.395265996456146240e-02,-8.646957576274871826e-02,-5.397208780050277710e-02,-4.929044749587774277e-03,-2.475271932780742645e-02,7.396993227303028107e-03,-9.769992530345916748e-02,-4.259966686367988586e-02,-6.897075218148529530e-04,-1.342762112617492676e-01,1.658543385565280914e-02,-7.505199313163757324e-02,1.298193186521530151e-01,-1.251957863569259644e-01,-3.316600620746612549e-02,-5.744474008679389954e-02,5.735076591372489929e-02,2.137632519006729126e-01,4.517027363181114197e-02,2.639093101024627686e-01,1.712376028299331665e-01,-1.319410204887390137e-01,-1.600002646446228027e-01,-1.319352239370346069e-01,-9.154786914587020874e-02,-2.199728973209857941e-02,1.071204468607902527e-01,1.876743584871292114e-01,2.640301883220672607e-01,2.254161089658737183e-01,3.174877464771270752e-01,1.154645904898643494e-01,4.347124695777893066e-02,-1.967065036296844482e-02,-1.937438100576400757e-01,-1.268814057111740112e-01,-1.345504075288772583e-01,-1.951599866151809692e-02,-3.756045550107955933e-02,4.611790180206298828e-03,9.774991124868392944e-02,5.995941534638404846e-02,-3.411807864904403687e-02
-7.240725308656692505e-02,-1.386346220970153809e-01,-1.359204947948455811e-01,-2.103542685508728027e-01,1.000000000000000000e+00,5.404775142669677734e-01,-1.308360844850540161e-01,-2.095941901206970215e-01,6.396654248237609863e-01,4.581601321697235107e-01,2.301179915666580200e-01,2.504405938088893890e-02,1.440589725971221924e-01,3.533311421051621437e-03,5.904554128646850586e-01,3.163744211196899414e-01,1.512531042098999023e-01,-3.492916002869606018e-02,-2.574780210852622986e-02,5.617648363113403320e-03,2.404230535030364990e-01,2.539815008640289307e-01,6.286287307739257812e-02,-8.222664147615432739e-02,2.496838122606277466e-01,4.209172427654266357e-01,5.449750423431396484e-01,5.744344592094421387e-01,1.717266738414764404e-01,1.931316107511520386e-01,2.996571063995361328e-01,2.145842462778091431e-01,4.630509763956069946e-02,7.123576477169990540e-03,1.744280308485031128e-01,7.880191504955291748e-02,1.890914738178253174e-01,1.031973063945770264e-01,2.610222995281219482e-01,2.301357239484786987e-01,1.306786537170410156e-01,1.544268578290939331e-01,1.009599938988685608e-01,6.441649049520492554e-02,1.370639353990554810e-02,2.165552414953708649e-02,9.449314326047897339e-02,2.735016122460365295e-02,-3.773331269621849060e-02,7.969416677951812744e-03,1.124419048428535461e-01,4.348180070519447327e-02,7.518132030963897705e-02,4.140159115195274353e-02,1.875327825546264648e-01,2.662866115570068359e-01,-3.810525406152009964e-03,-7.879817485809326172e-02,1.372150182723999023e-01,1.036949176341295242e-02,2.436628937721252441e-01,9.045803919434547424e-03,2.007606774568557739e-01,4.207407310605049133e-02,7.439725100994110107e-02,-9.840658307075500488e-02,2.167970836162567139e-01,2.042597979307174683e-01,3.056681528687477112e-02,6.983010470867156982e-02,2.657077610492706299e-01,2.035799771547317505e-01,2.847824096679687500e-01,2.250861525535583496e-01,3.601272106170654297e-01,1.721727550029754639e-01,1.530375778675079346e-01,1.627133935689926147e-01,2.035062201321125031e-02,-2.531735971570014954e-02,1.853684894740581512e-02,-9.903963655233383179e-02,2.076944559812545776e-01,7.997509837150573730e-02,1.998495757579803467e-01,3.757634386420249939e-02,3.820208609104156494e-01,2.822130918502807617e-01,3.951471447944641113e-01,3.233391046524047852e-01,5.362522602081298828e-02,1.560612916946411133e-01,7.994006574153900146e-02,1.926442980766296387e-01,2.168058753013610840e-01,1.727113127708435059e-01,1.816797405481338501e-01,1.995932459831237793e-01,1.187309697270393372e-01,1.225272491574287415e-01,1.610482111573219299e-02,4.341118037700653076e-02,5.563524365425109863e-02,7.291659712791442871e-03,2.289540022611618042e-01,1.370974481105804443e-01,1.425877362489700317e-01,3.991961479187011719e-02,-6.373796612024307251e-02,1.187372580170631409e-01,9.950624406337738037e-02,2.024467587471008301e-01,1.580534428358078003e-01,4.323367774486541748e-02,5.337129905819892883e-02,-1.375833293423056602e-03
-2.523814737796783447e-01,-1.285722404718399048e-01,-3.887569308280944824e-01,-6.243035942316055298e-02,5.404775142669677734e-01,1.000000000000000000e+00,-3.199703097343444824e-01,3.527413681149482727e-02,5.840154290199279785e-01,7.073054313659667969e-01,9.119006246328353882e-02,3.033888638019561768e-01,-4.946318268775939941e-02,2.985335588455200195e-01,5.366132855415344238e-01,6.114428043365478516e-01,6.867453455924987793e-02,5.085312202572822571e-02,-1.681025177240371704e-01,-3.067679889500141144e-02,2.409404963254928589e-01,2.327570319175720215e-01,-1.524409204721450806e-01,2.342819934710860252e-03,-1.222435617819428444e-03,2.525701820850372314e-01,3.313322961330413818e-01,4.377576112747192383e-01,1.572851389646530151e-01,2.693778574466705322e-01,3.871800005435943604e-02,1.507649868726730347e-01,-1.607551425695419312e-02,4.008157923817634583e-02,-2.644941397011280060e-02,4.404078423976898193e-02,1.160989999771118164e-01,-6.872368603944778442e-02,1.613220274448394775e-01,7.767555862665176392e-02,1.123617440462112427e-01,1.222929805517196655e-01,2.043108344078063965e-01,1.649292707443237305e-01,-1.045437753200531006e-01,-9.800655394792556763e-02,3.405028581619262695e-02,4.574890062212944031e-02,-1.458814553916454315e-02,-6.460207700729370117e-02,7.572682201862335205e-02,9.901973605155944824e-02,2.916536480188369751e-02,2.733958326280117035e-02,1.414305418729782104e-01,2.416085004806518555e-01,-1.619832366704940796e-01,-8.331425487995147705e-02,9.911817312240600586e-02,6.340896338224411011e-02,2.512303888797760010e-01,2.724380791187286377e-01,1.941880434751510620e-01,2.771570682525634766e-01,-6.012702733278274536e-02,5.902161356061697006e-03,7.521844655275344849e-02,1.431060582399368286e-01,-1.104253306984901428e-01,-9.129374474287033081e-02,1.195371448993682861e-01,2.445613294839859009e-01,1.817565560340881348e-01,1.931344121694564819e-01,2.137468159198760986e-01,1.775166839361190796e-01,1.366185992956161499e-01,1.610443592071533203e-01,-6.303973495960235596e-02,-1.105050519108772278e-01,-3.588797152042388916e-02,5.410561710596084595e-02,1.886282116174697876e-02,1.830666661262512207e-01,-6.724952906370162964e-02,1.760891228914260864e-01,1.757007092237472534e-01,1.513226777315139771e-01,1.978765279054641724e-01,4.890530407428741455e-01,2.156890779733657837e-01,2.028101682662963867e-02,3.205819427967071533e-01,8.005682379007339478e-02,1.626178473234176636e-01,1.420554965734481812e-01,1.187498271465301514e-01,1.669408977031707764e-01,2.236538380384445190e-01,2.376024276018142700e-01,1.840120106935501099e-01,1.058159917593002319e-01,8.091038465499877930e-02,9.572073817253112793e-03,2.202579975128173828e-01,1.490171998739242554e-01,1.719749122858047485e-01,9.114612825214862823e-03,-2.765982411801815033e-02,1.355451792478561401e-01,1.577567011117935181e-01,2.327421009540557861e-01,2.105402946472167969e-01,1.867119967937469482e-01,1.982160508632659912e-01,4.772865679115056992e-03
3.154495656490325928e-01,1.027577444911003113e-01,7.101170420646667480e-01,4.342540502548217773e-01,-1.308360844850540161e-01,-3.199703097343444824e-01,1.000000000000000000e+00,4.509618878364562988e-01,-1.705870777368545532e-01,-3.402436971664428711e-01,3.095962703227996826e-01,1.881230808794498444e-02,4.725112020969390869e-01,5.363326147198677063e-02,-1.888127624988555908e-01,-2.722494006156921387e-01,-8.332694321870803833e-02,-1.512670069932937622e-01,2.693060636520385742e-01,9.772900491952896118e-02,-2.082425504922866821e-01,-7.748997211456298828e-02,3.619186282157897949e-01,2.316681295633316040e-01,3.175283968448638916e-02,-8.358440548181533813e-02,-2.850293517112731934e-01,-3.182742595672607422e-01,9.326235204935073853e-02,-1.110098436474800110e-01,1.618980467319488525e-01,1.933023929595947266e-01,9.647273272275924683e-02,1.145363301038742065e-01,5.492460727691650391e-02,2.152812853455543518e-02,-1.163437664508819580e-01,6.267666816711425781e-03,-1.609270423650741577e-01,-1.139710620045661926e-01,-1.165328621864318848e-01,-1.140665709972381592e-01,5.341673642396926880e-02,3.939101472496986389e-02,-4.079518094658851624e-02,-5.669035017490386963e-02,6.233121082186698914e-02,4.101258143782615662e-02,1.703403517603874207e-02,5.974799022078514099e-02,1.010273024439811707e-02,3.224769607186317444e-02,-3.654709085822105408e-02,-7.497140020132064819e-02,-1.406901180744171143e-01,-1.658025085926055908e-01,-2.347421646118164062e-02,-7.579488307237625122e-02,4.594000428915023804e-02,9.019608050584793091e-02,2.714207470417022705e-01,1.871094554662704468e-01,-2.726300247013568878e-02,9.876409918069839478e-02,3.158298134803771973e-01,2.212984859943389893e-01,2.031631916761398315e-01,4.828634485602378845e-02,-1.320480257272720337e-01,-1.282425522804260254e-01,9.717509895563125610e-02,5.981043353676795959e-02,-3.343429788947105408e-02,-1.369322557002305984e-02,-5.644483026117086411e-03,2.733516506850719452e-02,1.874276250600814819e-01,1.121542677283287048e-01,-1.180300042033195496e-01,-1.933186799287796021e-01,-1.973145008087158203e-01,-3.031708002090454102e-01,-1.092157438397407532e-01,-2.315637320280075073e-01,4.473857209086418152e-02,-1.623165160417556763e-01,-1.694811284542083740e-01,-1.778873056173324585e-01,1.488170176744461060e-01,-1.828431785106658936e-01,-5.605757609009742737e-02,-4.538907669484615326e-03,-1.855971850454807281e-02,1.599770933389663696e-01,-4.657344892621040344e-02,-1.545591354370117188e-01,1.197998039424419403e-02,-9.556247293949127197e-02,4.902459681034088135e-02,8.005703985691070557e-02,7.893056422472000122e-02,3.433865606784820557e-01,1.583801507949829102e-01,2.116974145174026489e-01,1.534076184034347534e-01,1.838966161012649536e-01,1.659220270812511444e-02,7.001666352152824402e-03,-4.266213253140449524e-02,-3.338004276156425476e-02,7.057921588420867920e-02,2.759789489209651947e-02,-1.213945299386978149e-01,8.966698497533798218e-02,1.218784675002098083e-01,1.284603029489517212e-01
4.628231003880500793e-02,2.325181514024734497e-01,2.936872243881225586e-01,6.896500587463378906e-01,-2.095941901206970215e-01,3.527413681149482727e-02,4.509618878364562988e-01,1.000000000000000000e+00,-1.831206083297729492e-01,-4.263189435005187988e-02,-1.195159740746021271e-02,3.879923820495605469e-01,5.007969960570335388e-02,3.785198032855987549e-01,-1.820753067731857300e-01,8.046801388263702393e-02,-2.580034732818603516e-01,-5.105598643422126770e-02,4.162178933620452881e-02,1.121613234281539917e-01,-2.094755023717880249e-01,-6.814485788345336914e-02,8.516027778387069702e-02,4.031725823879241943e-01,-2.431949079036712646e-01,-1.950545012950897217e-01,-3.547731637954711914e-01,-3.046409487724304199e-01,-8.222470432519912720e-02,-2.779489196836948395e-02,-8.850911259651184082e-02,1.284397691488265991e-01,-1.481376588344573975e-01,3.751309588551521301e-03,-2.027420848608016968e-01,-3.717593476176261902e-02,-2.688511013984680176e-01,-2.076565623283386230e-01,-3.007246851921081543e-01,-3.199221193790435791e-01,-2.470499277114868164e-01,-2.092480808496475220e-01,1.610936783254146576e-02,2.885809168219566345e-02,-1.894551664590835571e-01,-2.009653747081756592e-01,-7.427551597356796265e-02,-2.295041084289550781e-02,2.714744955301284790e-02,9.075071662664413452e-03,-8.722571283578872681e-02,2.981862798333168030e-02,-5.713108554482460022e-02,-8.920322358608245850e-02,-2.633436024188995361e-01,-2.494534552097320557e-01,-1.529176682233810425e-01,-1.316060312092304230e-02,1.020382940769195557e-01,2.881867885589599609e-01,2.876715362071990967e-01,6.155146956443786621e-01,-1.163661926984786987e-01,2.226127535104751587e-01,2.075085639953613281e-01,4.125104546546936035e-01,-2.991877123713493347e-02,-2.145250141620635986e-02,-2.090788483619689941e-01,-2.506334483623504639e-01,-1.281502693891525269e-01,4.844322428107261658e-02,-1.612824052572250366e-01,-6.515112519264221191e-02,-1.386766731739044189e-01,1.205650530755519867e-02,7.026311755180358887e-02,4.389168694615364075e-02,-1.861018091440200806e-01,-2.522270679473876953e-01,-2.646604180335998535e-01,-1.311413943767547607e-01,-3.504238426685333252e-01,-1.403059810400009155e-01,-2.862065434455871582e-01,1.174656748771667480e-01,-3.218044936656951904e-01,-2.271902561187744141e-01,-8.871773630380630493e-02,8.131339401006698608e-02,7.199274003505706787e-02,-1.306138187646865845e-01,1.927966028451919556e-01,3.966901823878288269e-02,-9.513092041015625000e-02,-1.974866986274719238e-01,-1.285386234521865845e-01,-1.089678183197975159e-01,-2.436906844377517700e-02,6.951164454221725464e-02,2.092793583869934082e-01,3.000000715255737305e-01,1.537761390209197998e-01,2.359718382358551025e-01,8.884420990943908691e-02,7.978942245244979858e-02,4.900408908724784851e-02,-1.508980393409729004e-01,-6.557355076074600220e-02,-8.407132327556610107e-02,1.895356550812721252e-02,-4.907718673348426819e-02,-9.395128488540649414e-02,8.908718824386596680e-02,8.554558455944061279e-02,5.906248465180397034e-02
-1.385952830314636230e-01,-1.540043205022811890e-01,-1.849677562713623047e-01,-2.323757559061050415e-01,6.396654248237609863e-01,5.840154290199279785e-01,-1.705870777368545532e-01,-1.831206083297729492e-01,1.000000000000000000e+00,6.383650898933410645e-01,2.040836811065673828e-01,8.016116917133331299e-02,1.236415430903434753e-01,3.596181049942970276e-02,5.449831485748291016e-01,3.623350560665130615e-01,2.199221253395080566e-01,8.871780335903167725e-02,-1.757260598242282867e-02,2.769716084003448486e-02,2.057806104421615601e-01,1.606526672840118408e-01,9.911438450217247009e-03,-9.329324960708618164e-02,1.270093768835067749e-01,2.870930731296539307e-01,3.711400330066680908e-01,4.323816597461700439e-01,2.095353156328201294e-01,1.932338476181030273e-01,1.480604410171508789e-01,8.258554339408874512e-02,1.025819033384323120e-01,9.437917172908782959e-02,1.322578340768814087e-01,4.057920351624488831e-02,2.685892581939697266e-01,7.281655818223953247e-02,2.675553560256958008e-01,1.996584981679916382e-01,1.374678313732147217e-01,1.607653945684432983e-01,1.124062538146972656e-01,4.709258675575256348e-02,-1.582615077495574951e-02,-4.516761377453804016e-02,4.689330235123634338e-02,-1.190253999084234238e-02,-1.225241124629974365e-01,-7.622388005256652832e-02,1.234539672732353210e-01,5.123537778854370117e-02,1.804540492594242096e-02,-5.386458244174718857e-03,2.252140343189239502e-01,2.302619665861129761e-01,3.664941468741744757e-04,-4.965874925255775452e-02,1.399659216403961182e-01,-5.197007581591606140e-02,3.197327852249145508e-01,4.446291923522949219e-02,2.452214956283569336e-01,1.259042173624038696e-01,3.976592794060707092e-03,-5.031231790781021118e-02,1.517778486013412476e-01,1.968657374382019043e-01,1.012313831597566605e-02,4.878109693527221680e-02,2.228760272264480591e-01,1.291573792695999146e-01,1.625881493091583252e-01,1.289158612489700317e-01,2.249743342399597168e-01,1.976842880249023438e-01,1.026042476296424866e-01,1.297167539596557617e-01,7.747993618249893188e-02,3.151199221611022949e-02,7.379521429538726807e-02,2.585228346288204193e-02,9.067288786172866821e-02,8.669763058423995972e-02,1.824819892644882202e-01,8.147863298654556274e-02,2.865178883075714111e-01,1.739201396703720093e-01,4.233819246292114258e-01,3.764443993568420410e-01,2.082214504480361938e-01,1.759381294250488281e-01,2.819781601428985596e-01,1.775537580251693726e-01,2.237005829811096191e-01,1.629013270139694214e-01,2.102266848087310791e-01,1.602680981159210205e-01,2.354611754417419434e-01,2.277142256498336792e-01,1.473257541656494141e-01,1.540553122758865356e-01,4.868366196751594543e-02,-5.812624841928482056e-02,2.861179411411285400e-01,1.953978091478347778e-01,1.043888479471206665e-01,1.353558599948883057e-01,-2.294476889073848724e-02,1.714448034763336182e-01,1.733813583850860596e-01,2.897068858146667480e-01,2.553398907184600830e-01,1.650445014238357544e-01,1.779572665691375732e-01,9.845467656850814819e-02
-1.677255034446716309e-01,-9.522717446088790894e-02,-3.463768064975738525e-01,-1.009171530604362488e-01,4.581601321697235107e-01,7.073054313659667969e-01,-3.402436971664428711e-01,-4.263189435005187988e-02,6.383650898933410645e-01,1.000000000000000000e+00,4.989007860422134399e-02,8.803493529558181763e-02,-6.587634235620498657e-02,4.135732352733612061e-02,5.051549077033996582e-01,3.905709981918334961e-01,1.469699591398239136e-01,7.024708390235900879e-02,-1.120262220501899719e-01,1.908062584698200226e-02,1.665704697370529175e-01,1.505122333765029907e-01,-1.373451948165893555e-01,-3.663804009556770325e-02,8.461432298645377159e-05,1.414285004138946533e-01,3.639594912528991699e-01,4.431785643100738525e-01,8.559369295835494995e-02,9.940148890018463135e-02,-1.357456389814615250e-02,5.553996190428733826e-02,4.099873360246419907e-03,3.846571594476699829e-02,-8.088955283164978027e-02,-8.584197610616683960e-02,1.656356304883956909e-01,-6.777963042259216309e-02,1.451856195926666260e-01,8.433897793292999268e-02,1.141015961766242981e-01,1.172439754009246826e-01,-2.038688957691192627e-02,-7.781059294939041138e-02,-9.517136961221694946e-02,-1.379679888486862183e-01,-1.549516171216964722e-01,-1.660841703414916992e-01,-1.345107704401016235e-01,-1.654277145862579346e-01,2.368026226758956909e-02,9.074144996702671051e-03,1.753728138282895088e-03,2.614405937492847443e-02,1.088812425732612610e-01,1.664743870496749878e-01,-1.590133085846900940e-02,1.659413613379001617e-02,1.097001656889915466e-01,-1.593116112053394318e-02,2.502029240131378174e-01,1.124215796589851379e-01,2.335487902164459229e-01,1.464868187904357910e-01,-1.048989966511726379e-01,-6.672069430351257324e-02,-6.753590703010559082e-02,9.045651182532310486e-03,3.499156981706619263e-02,2.352704107761383057e-02,6.586512178182601929e-02,2.872110605239868164e-01,1.191198080778121948e-01,1.413851678371429443e-01,1.368007361888885498e-01,1.440997272729873657e-01,-5.729345604777336121e-02,-4.137922450900077820e-02,1.750468835234642029e-02,-4.053384810686111450e-02,1.208724528551101685e-01,1.370814591646194458e-01,3.324902802705764771e-02,1.875551342964172363e-01,1.282147876918315887e-02,1.315255463123321533e-01,2.230516970157623291e-01,2.492119222879409790e-01,2.933869063854217529e-01,4.381610155105590820e-01,1.996186673641204834e-01,1.263012290000915527e-01,3.084818720817565918e-01,9.763662517070770264e-02,1.062363460659980774e-01,9.868650883436203003e-02,7.517812401056289673e-02,7.153277844190597534e-02,1.236272826790809631e-01,1.416471153497695923e-01,1.217000037431716919e-01,5.659143254160881042e-02,3.315167967230081558e-03,-6.337706744670867920e-02,8.719853311777114868e-02,4.110313579440116882e-02,7.917131297290325165e-04,-8.955106139183044434e-03,-1.129977405071258545e-02,1.195700094103813171e-01,3.292753919959068298e-02,1.417880505323410034e-01,1.555704772472381592e-01,6.715914607048034668e-02,4.397716373205184937e-02,-3.117270767688751221e-02
2.915126979351043701e-01,6.495539098978042603e-02,1.591921448707580566e-01,-4.378474876284599304e-02,2.301179915666580200e-01,9.119006246328353882e-02,3.095962703227996826e-01,-1.195159740746021271e-02,2.040836811065673828e-01,4.989007860422134399e-02,1.000000000000000000e+00,2.332691997289657593e-01,6.653524041175842285e-01,9.862516820430755615e-02,2.617406547069549561e-01,1.318575721234083176e-02,2.966713607311248779e-01,1.113576963543891907e-01,2.990781962871551514e-01,1.611562371253967285e-01,-5.345379188656806946e-02,6.378264725208282471e-02,9.364641457796096802e-02,-6.254066526889801025e-02,-1.378754037432372570e-03,9.956695884466171265e-02,2.175913937389850616e-02,8.502824604511260986e-02,4.687401652336120605e-01,1.600664407014846802e-01,1.886833906173706055e-01,1.588235348463058472e-01,1.688588857650756836e-01,8.954508602619171143e-02,-1.133383363485336304e-01,-1.049674078822135925e-01,2.268163859844207764e-02,3.659456968307495117e-02,3.284808248281478882e-02,1.560485959053039551e-01,1.528511047363281250e-01,1.440192461013793945e-01,1.169169396162033081e-01,2.310944534838199615e-02,1.509384363889694214e-01,1.350688189268112183e-01,1.367420852184295654e-01,5.901420116424560547e-02,3.811231628060340881e-02,5.739101022481918335e-02,6.875052303075790405e-02,-3.574830293655395508e-02,3.788584098219871521e-02,2.509477734565734863e-02,1.540973782539367676e-01,1.145190447568893433e-01,8.153402805328369141e-02,1.211882382631301880e-02,9.707310050725936890e-02,1.784140802919864655e-02,3.267736136913299561e-01,2.482916414737701416e-02,2.579260170459747314e-01,1.847467124462127686e-01,4.056009277701377869e-02,-1.743481159210205078e-01,3.723014518618583679e-02,1.633342355489730835e-02,1.566669344902038574e-02,1.949376426637172699e-02,3.649823367595672607e-01,2.168627232313156128e-01,3.607776463031768799e-01,2.921669781208038330e-01,2.409393489360809326e-01,1.585132628679275513e-01,7.776243239641189575e-02,8.088375627994537354e-02,8.855939656496047974e-02,9.348292648792266846e-02,1.541429907083511353e-01,-1.550415158271789551e-02,2.566027343273162842e-01,1.454164981842041016e-01,2.106059640645980835e-01,-1.057032123208045959e-01,1.285981088876724243e-01,-5.561087280511856079e-03,2.623267471790313721e-01,4.356331657618284225e-03,-3.256694599986076355e-02,-2.837443538010120392e-02,-5.508177913725376129e-03,-3.249811753630638123e-02,-1.706052571535110474e-02,5.393704771995544434e-02,1.252488046884536743e-01,5.621930584311485291e-02,1.645315736532211304e-01,4.386783763766288757e-02,1.368532776832580566e-01,1.565743237733840942e-01,1.815031617879867554e-01,9.113968163728713989e-02,1.905867457389831543e-01,1.014876142144203186e-01,6.137435138225555420e-02,1.883233338594436646e-02,-3.875271975994110107e-02,-2.249808423221111298e-02,1.946504227817058563e-02,1.396864950656890869e-01,2.047599665820598602e-02,1.288816481828689575e-01,1.666754633188247681e-01,1.990946568548679352e-02
-6.798564642667770386e-02,2.743616998195648193e-01,-1.242127195000648499e-01,1.593475043773651123e-01,2.504405938088893890e-02,3.033888638019561768e-01,1.881230808794498444e-02,3.879923820495605469e-01,8.016116917133331299e-02,8.803493529558181763e-02,2.332691997289657593e-01,1.000000000000000000e+00,1.040966361761093140e-01,7.122272849082946777e-01,1.199423372745513916e-01,4.633527994155883789e-01,6.981837097555398941e-03,2.419444024562835693e-01,6.900701671838760376e-02,2.197011411190032959e-01,-3.639969602227210999e-02,-4.633079282939434052e-03,-4.240000620484352112e-02,1.613744050264358521e-01,-1.697041392326354980e-01,9.796988964080810547e-02,-1.558385044336318970e-01,-5.260890722274780273e-02,2.329601198434829712e-01,3.721971213817596436e-01,-7.136180251836776733e-02,6.620046496391296387e-02,2.358786761760711670e-02,8.527565747499465942e-02,-2.019541114568710327e-01,-2.440675161778926849e-03,-1.034456193447113037e-01,-1.785043627023696899e-01,-4.980239272117614746e-02,-5.012250691652297974e-02,1.728812046349048615e-02,-3.071925044059753418e-02,2.507176101207733154e-01,2.098641395568847656e-01,4.384243488311767578e-02,-3.270237706601619720e-03,1.454083472490310669e-01,1.514058411121368408e-01,4.777051880955696106e-02,2.596402727067470551e-02,6.637705489993095398e-03,5.710631608963012695e-02,-3.224289044737815857e-02,-2.809428609907627106e-02,-3.439590707421302795e-02,-2.789816260337829590e-02,-1.015116646885871887e-01,6.009311601519584656e-02,1.002856343984603882e-01,1.569703966379165649e-01,2.748376429080963135e-01,4.207327961921691895e-01,9.232264012098312378e-02,3.896076381206512451e-01,-6.053015962243080139e-02,1.153251603245735168e-01,1.226907223463058472e-01,7.340597361326217651e-02,-9.594048559665679932e-02,-4.959525913000106812e-02,-3.162129595875740051e-02,-6.422591209411621094e-02,7.893192023038864136e-02,1.389637738466262817e-01,7.464866340160369873e-02,1.041746139526367188e-01,1.423486322164535522e-01,1.576963365077972412e-01,2.590599097311496735e-02,1.967303827404975891e-02,-1.639122702181339264e-02,1.536352187395095825e-01,-7.027819007635116577e-02,1.363854110240936279e-01,-1.508786529302597046e-01,2.790708839893341064e-01,-5.564460530877113342e-02,-1.125932186841964722e-01,-3.704292327165603638e-02,1.566812843084335327e-01,6.042954325675964355e-02,-3.913636133074760437e-02,1.308449506759643555e-01,-3.508850932121276855e-02,2.485948149114847183e-03,2.806015871465206146e-02,7.122689485549926758e-02,1.042115911841392517e-01,1.269540786743164062e-01,1.215914115309715271e-01,1.809172481298446655e-01,1.691784560680389404e-01,1.454459726810455322e-01,1.068672612309455872e-01,1.235093697905540466e-01,7.403725385665893555e-02,1.642644107341766357e-01,-1.222961675375699997e-02,1.399424858391284943e-03,-6.336303055286407471e-02,1.173044443130493164e-01,1.710943132638931274e-01,4.278666526079177856e-02,2.487767785787582397e-01,2.371093779802322388e-01,1.440026760101318359e-01
2.270459830760955811e-01,-6.908234208822250366e-03,3.264451026916503906e-01,1.797004789113998413e-02,1.440589725971221924e-01,-4.946318268775939941e-02,4.725112020969390869e-01,5.007969960570335388e-02,1.236415430903434753e-01,-6.587634235620498657e-02,6.653524041175842285e-01,1.040966361761093140e-01,1.000000000000000000e+00,1.436336636543273926e-01,2.661189138889312744e-01,-8.511324226856231689e-02,1.700976938009262085e-01,5.618197843432426453e-02,2.442677617073059082e-01,1.041957959532737732e-01,-8.259179443120956421e-02,-1.345649547874927521e-02,2.097544074058532715e-01,-4.021692555397748947e-03,9.641566127538681030e-02,9.675706177949905396e-02,-8.271198719739913940e-03,-2.184619661420583725e-03,3.311401009559631348e-01,8.464478701353073120e-02,2.358800768852233887e-01,1.765196621417999268e-01,1.550612002611160278e-01,6.022966653108596802e-02,-1.052984688431024551e-02,-1.078345179557800293e-01,4.217000212520360947e-03,3.754806146025657654e-02,4.566265642642974854e-02,9.765200316905975342e-02,1.378373354673385620e-01,5.051228776574134827e-02,7.852675765752792358e-02,2.014773897826671600e-02,1.453364789485931396e-01,1.151608079671859741e-01,1.071710661053657532e-01,3.966808691620826721e-02,1.091267447918653488e-02,6.250766664743423462e-02,-1.881071925163269043e-02,-1.321078278124332428e-02,-8.739647269248962402e-02,-2.991508506238460541e-02,1.253602467477321625e-02,1.322886440902948380e-02,3.128999844193458557e-02,-3.704617917537689209e-02,-1.215584998135454953e-04,-3.753055632114410400e-02,2.688159346580505371e-01,-6.696919444948434830e-03,1.516225785017013550e-01,1.326674818992614746e-01,1.755750179290771484e-01,-2.709539793431758881e-02,6.379055976867675781e-02,-4.550908505916595459e-02,-3.881780058145523071e-02,-6.981485523283481598e-03,3.413052260875701904e-01,1.824571490287780762e-01,2.430778741836547852e-01,1.817497313022613525e-01,1.668756604194641113e-01,1.038295179605484009e-01,9.204781800508499146e-02,3.099275939166545868e-02,2.564477920532226562e-02,4.037955775856971741e-02,6.668633967638015747e-02,-5.407958477735519409e-02,2.174054980278015137e-01,4.478738829493522644e-02,2.880765795707702637e-01,-7.165821641683578491e-02,1.213997751474380493e-01,-1.910912105813622475e-04,3.377583324909210205e-01,1.519204303622245789e-02,-7.822226732969284058e-02,3.931877727154642344e-04,1.065158212441019714e-04,7.927439361810684204e-02,-4.034488648176193237e-02,-2.151255682110786438e-02,1.265953332185745239e-01,1.836893893778324127e-02,7.113154232501983643e-02,1.163426320999860764e-02,1.068131700158119202e-01,2.654851675033569336e-01,1.923446506261825562e-01,1.652045547962188721e-01,1.673090606927871704e-01,1.113757342100143433e-01,2.774667367339134216e-02,1.860112883150577545e-02,-3.729503229260444641e-02,3.789916809182614088e-05,3.584392368793487549e-03,7.774375379085540771e-02,-3.150398284196853638e-02,9.400916844606399536e-02,1.232325062155723572e-01,7.736998051404953003e-02
