1.000000000000000000e+00,5.160762667655944824e-01,-4.707056283950805664e-01,1.498357802629470825e-01,-2.332657128572463989e-01,-2.885612472891807556e-02,-4.817223846912384033e-01,3.031135499477386475e-01,-3.284414708614349365e-01,-1.890835165977478027e-01,2.171598076820373535e-01,2.597861886024475098e-01,-4.214471876621246338e-01,1.541319191455841064e-01,-2.390897125005722046e-01,-1.879307180643081665e-01,4.291078448295593262e-01,1.699141710996627808e-01,1.650773882865905762e-01,1.879037618637084961e-01,-1.567882299423217773e-01,-1.536681205034255981e-01,-4.135999083518981934e-01,-1.694620102643966675e-01,-1.863100975751876831e-01,3.746289759874343872e-02,-6.552042067050933838e-02,7.375624030828475952e-02,1.783236265182495117e-01,1.268971711397171021e-01,-3.595183789730072021e-01,-2.582638561725616455e-01,3.208559453487396240e-01,2.302779704332351685e-01,3.738631904125213623e-01,3.214336335659027100e-01,4.876489639282226562e-01,-6.784640997648239136e-02,5.443841814994812012e-01,2.080430090427398682e-02,1.823729723691940308e-01,-5.724323168396949768e-02,9.206885099411010742e-02,1.878115236759185791e-01,-2.083805389702320099e-02,9.015420079231262207e-02,1.783976405858993530e-01,2.118320018053054810e-01,-2.304859459400177002e-02,3.503554314374923706e-02,-5.730504915118217468e-02,-3.558508679270744324e-02,4.365177825093269348e-02,4.727067798376083374e-02,2.231165617704391479e-01,8.219549059867858887e-02,6.505246758460998535e-01,4.135530889034271240e-01,3.868985176086425781e-01,3.457354605197906494e-01,4.772177636623382568e-01,2.487107366323471069e-01,3.636634051799774170e-01,3.857530951499938965e-01,3.066104054450988770e-01,3.151633739471435547e-01,4.888072907924652100e-01,4.379865527153015137e-01,2.427757531404495239e-01,3.337483704090118408e-01,-1.828611344099044800e-01,-9.797872602939605713e-02,3.644858598709106445e-01,-6.735045462846755981e-02,2.223746478557586670e-01,-1.436663791537284851e-02,3.400135040283203125e-01,2.096876204013824463e-01,3.569394350051879883e-01,1.708179116249084473e-01,5.875506997108459473e-01,2.103335559368133545e-01,-1.365675628185272217e-01,-8.409137278795242310e-02,3.955808877944946289e-01,1.530019044876098633e-01,-1.849570572376251221e-01,-1.575173288583755493e-01,1.388285160064697266e-01,3.016906557604670525e-03,-1.879324391484260559e-02,-3.289565071463584900e-02,-6.788352876901626587e-02,-1.021175980567932129e-01,-1.636964380741119385e-01,3.559309244155883789e-02,3.179742991924285889e-01,1.616638898849487305e-01,5.209013074636459351e-02,2.199236005544662476e-01,-3.733266890048980713e-02,-1.258340571075677872e-02,-5.641035269945859909e-03,1.930290646851062775e-02,2.603533864021301270e-01,2.597003579139709473e-01,9.659802913665771484e-02,1.577676534652709961e-01,7.206935435533523560e-02,5.519895628094673157e-02,2.605418860912322998e-01,2.521886229515075684e-01,8.754703402519226074e-02,2.300600707530975342e-01,7.912967354059219360e-02,2.746229469776153564e-01
5.160762667655944824e-01,1.000000000000000000e+00,5.961711704730987549e-02,5.431947112083435059e-01,-6.008773297071456909e-02,-2.543555200099945068e-02,3.925175964832305908e-02,6.039755940437316895e-01,-1.553767472505569458e-01,-1.689730882644653320e-01,4.024395644664764404e-01,4.510475397109985352e-01,4.788716509938240051e-02,3.256663084030151367e-01,-2.685583569109439850e-02,-8.994876593351364136e-02,4.138410687446594238e-01,4.092959761619567871e-01,1.999979466199874878e-01,1.425509154796600342e-01,1.221375986933708191e-01,1.189407706260681152e-01,3.511520847678184509e-02,1.781830638647079468e-01,6.913983821868896484e-02,1.325436681509017944e-01,1.002598702907562256e-01,1.254716366529464722e-01,3.685567080974578857e-01,3.912300467491149902e-01,1.187556087970733643e-01,1.814433336257934570e-01,2.251496464014053345e-01,2.804085314273834229e-01,2.613877952098846436e-01,2.621092498302459717e-01,2.829406857490539551e-01,1.794325560331344604e-01,2.825689613819122314e-01,2.470874488353729248e-01,1.770828068256378174e-01,6.863850355148315430e-02,4.246966540813446045e-02,1.378561109304428101e-01,-7.488884031772613525e-02,5.704302340745925903e-02,1.753650158643722534e-01,2.626791894435882568e-01,-8.875145763158798218e-02,9.987082332372665405e-02,1.326280180364847183e-02,2.758488431572914124e-02,1.176111549139022827e-01,1.199097633361816406e-01,1.285054385662078857e-01,2.172412574291229248e-01,5.161872506141662598e-01,7.246075868606567383e-01,2.684772610664367676e-01,3.632386624813079834e-01,3.958545029163360596e-01,3.269172012805938721e-01,2.631868720054626465e-01,5.143402814865112305e-01,3.552158772945404053e-01,3.743825256824493408e-01,3.428803384304046631e-01,4.194164574146270752e-01,6.195746362209320068e-02,1.835686415433883667e-01,2.090424150228500366e-01,2.402686774730682373e-01,2.726314663887023926e-01,2.476727217435836792e-01,2.470732927322387695e-01,2.025990039110183716e-01,4.329252541065216064e-01,4.536072313785552979e-01,2.540744841098785400e-01,4.156233072280883789e-01,4.603687822818756104e-01,4.829980134963989258e-01,-1.321927756071090698e-01,-1.996061392128467560e-02,3.846266567707061768e-01,4.317682087421417236e-01,-2.506217062473297119e-01,-1.892548352479934692e-01,6.133839488029479980e-02,1.323317885398864746e-01,5.902996286749839783e-02,7.988878339529037476e-02,4.005819559097290039e-02,1.606044173240661621e-02,1.671241074800491333e-01,2.219150513410568237e-01,2.791111767292022705e-01,3.236896991729736328e-01,1.397326886653900146e-01,3.410007655620574951e-01,8.113187551498413086e-02,2.028583139181137085e-01,1.273730099201202393e-01,1.808896213769912720e-01,2.578793764114379883e-01,3.461026549339294434e-01,2.223045974969863892e-01,2.448698729276657104e-01,2.031688541173934937e-01,2.079119682312011719e-01,3.348969221115112305e-01,3.081455230712890625e-01,3.150107860565185547e-01,3.321199715137481689e-01,1.758604198694229126e-01,2.191414833068847656e-01
-4.707056283950805664e-01,5.961711704730987549e-02,1.000000000000000000e+00,4.523914456367492676e-01,2.681049704551696777e-01,-5.369542632251977921e-03,8.589659929275512695e-01,3.348254561424255371e-01,2.674181461334228516e-01,-4.544677957892417908e-02,2.783076167106628418e-01,1.935384720563888550e-01,7.861064672470092773e-01,1.680597662925720215e-01,2.198936194181442261e-01,9.065434336662292480e-03,-8.228857815265655518e-02,1.190472468733787537e-01,3.178903460502624512e-02,-4.920784011483192444e-02,3.750987648963928223e-01,3.318001925945281982e-01,8.282272219657897949e-01,6.635997295379638672e-01,4.022789299488067627e-01,1.740016490221023560e-01,2.518410384654998779e-01,1.273688673973083496e-01,1.281847953796386719e-01,1.241421625018119812e-01,7.562296390533447266e-01,6.761891245841979980e-01,-4.717438295483589172e-02,1.063218414783477783e-01,-2.736300528049468994e-01,-2.279567867517471313e-01,-3.764299750328063965e-01,6.025690957903862000e-02,-4.485769569873809814e-01,8.800283074378967285e-03,-7.441017776727676392e-02,2.933260239660739899e-02,-6.934837996959686279e-02,-1.234103813767433167e-01,-5.008313059806823730e-02,-6.424142420291900635e-02,-1.152935400605201721e-01,-1.073642447590827942e-01,-5.104377120733261108e-02,6.229320541024208069e-02,8.038663119077682495e-02,5.567899346351623535e-02,-9.242364205420017242e-03,-2.124345861375331879e-02,-2.644183933734893799e-01,-8.619232475757598877e-02,-4.132733047008514404e-01,-2.213517762720584869e-02,-3.243203163146972656e-01,-1.109810397028923035e-01,-3.425551056861877441e-01,-1.833226978778839111e-01,-3.232938051223754883e-01,-1.589927673339843750e-01,-1.320807188749313354e-01,-8.310312032699584961e-02,-3.607805669307708740e-01,-2.665509879589080811e-01,-1.990853548049926758e-01,-2.924842834472656250e-01,5.990495085716247559e-01,5.276908278465270996e-01,-1.558429151773452759e-01,3.318693041801452637e-01,-2.556980773806571960e-02,2.034392207860946655e-01,-7.864053547382354736e-02,3.442288190126419067e-02,-1.241146773099899292e-01,1.416640430688858032e-01,-2.376561164855957031e-01,1.229711323976516724e-01,3.689698874950408936e-02,-1.032331883907318115e-01,-7.878204435110092163e-02,1.032593920826911926e-01,-1.194426268339157104e-01,-1.518811732530593872e-01,-6.993873417377471924e-02,2.349749952554702759e-02,-1.947504654526710510e-02,-5.926263984292745590e-03,-2.240721136331558228e-02,6.169721856713294983e-02,4.364527463912963867e-01,-6.118675693869590759e-02,-9.270900487899780273e-02,1.239685714244842529e-01,-5.155200883746147156e-02,-4.953093454241752625e-02,8.132865279912948608e-02,8.283641189336776733e-02,5.835463851690292358e-02,5.004991963505744934e-02,-3.495827689766883850e-02,1.263988614082336426e-01,1.798217594623565674e-01,8.176594227552413940e-02,1.256164014339447021e-01,2.606080844998359680e-02,-2.407109364867210388e-02,-3.375604515895247459e-03,8.381962776184082031e-02,-6.842647492885589600e-02,2.008872479200363159e-02,2.386945113539695740e-02
1.498357802629470825e-01,5.431947112083435059e-01,4.523914456367492676e-01,1.000000000000000000e+00,-4.311975091695785522e-02,-1.037246584892272949e-01,3.329531848430633545e-01,7.087378501892089844e-01,-1.990542113780975342e-01,-3.222445547580718994e-01,3.688455820083618164e-01,3.722092509269714355e-01,2.863828539848327637e-01,3.174284398555755615e-01,-1.028952896595001221e-01,-2.461331188678741455e-01,2.879543602466583252e-01,2.529521882534027100e-01,1.026668325066566467e-01,-3.240065276622772217e-02,2.146268784999847412e-01,1.472484320402145386e-01,4.551152884960174561e-01,5.550765395164489746e-01,2.064965069293975830e-01,2.056314051151275635e-01,5.334799736738204956e-02,5.101546645164489746e-02,2.773531675338745117e-01,2.738889157772064209e-01,3.873479366302490234e-01,4.248301684856414795e-01,1.947307586669921875e-01,3.487907946109771729e-01,8.904222398996353149e-02,4.655488952994346619e-02,8.550832420587539673e-02,1.149966418743133545e-01,3.624600544571876526e-02,1.373852789402008057e-01,1.183601394295692444e-01,4.955729003995656967e-03,6.742765009403228760e-02,8.090786635875701904e-02,-4.640069231390953064e-02,1.637113839387893677e-02,1.110488697886466980e-01,1.585052460432052612e-01,-5.430414527654647827e-02,1.367924660444259644e-01,1.100481152534484863e-01,7.521880418062210083e-02,4.979790747165679932e-02,7.790878415107727051e-02,-2.385700680315494537e-02,5.425096955150365829e-03,1.180216073989868164e-01,4.069271981716156006e-01,4.476771876215934753e-02,2.337814271450042725e-01,1.518776714801788330e-01,1.482233703136444092e-01,4.546031996142119169e-04,3.567351102828979492e-01,1.897325515747070312e-01,1.681254804134368896e-01,2.342837862670421600e-02,1.714997887611389160e-01,-7.497902959585189819e-02,-1.078572571277618408e-01,3.523918390274047852e-01,3.542259037494659424e-01,1.582783907651901245e-01,2.079241871833801270e-01,1.687956750392913818e-01,1.634094268083572388e-01,2.469743788242340088e-01,2.031247019767761230e-01,1.528837978839874268e-01,2.965887784957885742e-01,2.600556313991546631e-01,3.090280592441558838e-01,-2.766851484775543213e-01,-2.187190204858779907e-01,2.327834516763687134e-01,2.671527266502380371e-01,-3.964685797691345215e-01,-3.660576343536376953e-01,-6.454075127840042114e-02,-4.375262185931205750e-02,7.437495049089193344e-03,-2.973178587853908539e-02,-8.383564651012420654e-02,-8.715957403182983398e-02,3.086070716381072998e-01,9.031517803668975830e-02,2.242990285158157349e-01,3.409924507141113281e-01,1.049914583563804626e-01,2.069136500358581543e-01,3.126907860860228539e-03,2.783990278840065002e-02,5.317315459251403809e-02,6.621601432561874390e-02,1.985411345958709717e-01,3.483648300170898438e-01,2.069609463214874268e-01,1.687332987785339355e-01,1.743406355381011963e-01,1.713110357522964478e-01,2.623571455478668213e-01,2.944234311580657959e-01,2.883391082286834717e-01,2.085927426815032959e-01,1.573135405778884888e-01,2.890591919422149658e-01
-2.332657128572463989e-01,-6.008773297071456909e-02,2.681049704551696777e-01,-4.311975091695785522e-02,1.000000000000000000e+00,5.818130970001220703e-01,3.185672760009765625e-01,-2.079941518604755402e-02,7.595158815383911133e-01,5.513606667518615723e-01,1.342160254716873169e-01,-5.936083570122718811e-02,4.210976362228393555e-01,1.054462641477584839e-01,7.174379825592041016e-01,5.541648268699645996e-01,-6.509498506784439087e-02,1.537063345313072205e-02,-2.033527940511703491e-02,9.478925913572311401e-02,3.191154897212982178e-01,2.727177441120147705e-01,2.231065034866333008e-01,8.951036632061004639e-02,6.102463006973266602e-01,3.860100507736206055e-01,6.392080783843994141e-01,4.634742140769958496e-01,1.487573683261871338e-01,2.845463901758193970e-02,2.876078784465789795e-01,2.424633800983428955e-01,-1.265789419412612915e-01,-9.449132531881332397e-02,-3.573189675807952881e-01,-2.502220869064331055e-01,-2.294676154851913452e-01,-2.979015000164508820e-03,-5.626927316188812256e-02,7.382845133543014526e-02,6.636736541986465454e-02,1.091106086969375610e-01,1.990132406353950500e-02,-6.950553506612777710e-02,-1.144216279499232769e-03,-3.222224861383438110e-02,-1.069992631673812866e-01,-8.459954708814620972e-02,-3.926968201994895935e-02,-1.003236323595046997e-02,-2.008159458637237549e-02,2.386606112122535706e-02,1.384413689374923706e-01,1.529119610786437988e-01,1.627871245145797729e-01,2.174037396907806396e-01,6.946916878223419189e-02,1.840976476669311523e-01,-7.455489784479141235e-02,9.412272274494171143e-02,-2.419549971818923950e-02,1.064275205135345459e-01,1.485362797975540161e-01,1.001359745860099792e-01,-1.425290405750274658e-01,-2.081890776753425598e-02,-1.776524037122726440e-01,-1.925191581249237061e-01,-1.680370271205902100e-01,-1.300666481256484985e-01,2.455615103244781494e-01,1.408338248729705811e-01,-1.107019335031509399e-01,1.166491210460662842e-01,-3.224522992968559265e-02,6.429135054349899292e-02,7.622573990374803543e-03,1.068941280245780945e-01,-2.240707427263259888e-01,1.444328948855400085e-02,-5.348061770200729370e-02,1.404960602521896362e-01,7.380065321922302246e-01,5.788664221763610840e-01,7.982499897480010986e-02,1.419560164213180542e-01,5.058472156524658203e-01,4.881172478199005127e-01,4.231658279895782471e-01,3.815753161907196045e-01,2.879021763801574707e-01,3.876742720603942871e-01,2.910924553871154785e-01,3.253276646137237549e-01,1.856710910797119141e-01,9.916447103023529053e-02,-5.771911889314651489e-02,-2.943700924515724182e-02,6.514092534780502319e-02,4.824980720877647400e-02,1.692292839288711548e-01,2.093615680932998657e-01,1.338306963443756104e-01,2.021643072366714478e-01,1.069336533546447754e-01,1.436053067445755005e-01,1.680532395839691162e-01,1.215684041380882263e-01,7.855856418609619141e-02,1.838796436786651611e-01,-3.670826926827430725e-02,-7.773578632622957230e-03,1.503565013408660889e-01,-1.379145532846450806e-01,7.076265756040811539e-03,-8.321226341649889946e-04
-2.885612472891807556e-02,-2.543555200099945068e-02,-5.369542632251977921e-03,-1.037246584892272949e-01,5.818130970001220703e-01,1.000000000000000000e+00,6.690549850463867188e-02,-1.648105494678020477e-02,5.512737631797790527e-01,6.733808517456054688e-01,1.556373536586761475e-01,1.220448017120361328e-01,1.715286523103713989e-01,2.709940969944000244e-01,5.192306637763977051e-01,5.722309947013854980e-01,-4.652630072087049484e-03,1.189175024628639221e-01,-1.444420814514160156e-01,8.137386292219161987e-03,1.824772506952285767e-01,2.313580662012100220e-01,2.955640666186809540e-02,-2.783388597890734673e-03,4.491329193115234375e-01,4.102880060672760010e-01,4.692994952201843262e-01,5.087066292762756348e-01,1.290297955274581909e-01,1.683702468872070312e-01,1.310596913099288940e-01,1.503254771232604980e-01,1.516155060380697250e-02,-6.294496823102235794e-03,-6.908661872148513794e-02,1.658222288824617863e-03,-2.538640797138214111e-02,1.771141588687896729e-01,9.143260866403579712e-02,2.395960688591003418e-01,1.019755750894546509e-01,1.169304102659225464e-01,8.825337886810302734e-02,5.222744867205619812e-02,-4.155404493212699890e-02,-2.655209600925445557e-02,1.355647575110197067e-03,2.973861061036586761e-03,-2.258898690342903137e-02,-4.645628482103347778e-02,-2.385114505887031555e-02,4.482868593186140060e-03,5.284925550222396851e-02,1.641348302364349365e-01,1.330900788307189941e-01,2.643178701400756836e-01,1.282785534858703613e-01,1.115276068449020386e-01,7.671101391315460205e-02,1.245578080415725708e-01,5.661600455641746521e-02,1.219565793871879578e-01,2.913425909355282784e-03,9.309426695108413696e-02,-3.372541815042495728e-02,-1.428356859833002090e-03,1.935159042477607727e-02,-7.953505963087081909e-02,-1.811598539352416992e-01,-8.455844223499298096e-02,1.943689733743667603e-01,1.690951734781265259e-01,1.143036559224128723e-01,1.677908301353454590e-01,9.907801449298858643e-02,1.901028007268905640e-01,7.267348468303680420e-02,1.691659241914749146e-01,-1.380378454923629761e-01,1.027884110808372498e-01,2.500246092677116394e-02,2.752258777618408203e-01,5.853281617164611816e-01,5.899064540863037109e-01,1.742145717144012451e-01,2.099523395299911499e-01,4.588718712329864502e-01,4.446463882923126221e-01,3.878076374530792236e-01,5.148428082466125488e-01,1.433690488338470459e-01,3.582254946231842041e-01,1.863642930984497070e-01,3.531172275543212891e-01,1.400323361158370972e-01,2.682335674762725830e-01,-2.952656522393226624e-02,1.303156018257141113e-01,1.773268729448318481e-02,4.761700704693794250e-02,2.325414419174194336e-01,2.576965391635894775e-01,2.128111869096755981e-01,2.408882975578308105e-01,8.659813553094863892e-02,5.509233102202415466e-02,9.809015691280364990e-02,1.930743902921676636e-01,1.299692839384078979e-01,1.934840232133865356e-01,2.236127480864524841e-02,3.216756135225296021e-02,4.402739182114601135e-02,-5.169285088777542114e-02,8.297996222972869873e-02,-3.335184231400489807e-02
-4.817223846912384033e-01,3.925175964832305908e-02,8.589659929275512695e-01,3.329531848430633545e-01,3.185672760009765625e-01,6.690549850463867188e-02,1.000000000000000000e+00,2.925201952457427979e-01,3.652177155017852783e-01,6.210585683584213257e-02,2.964612245559692383e-01,2.288091629743576050e-01,8.312703371047973633e-01,1.779942810535430908e-01,2.772647142410278320e-01,7.096818834543228149e-02,-1.379917562007904053e-01,1.148718148469924927e-01,-1.182967517524957657e-02,-2.350393682718276978e-02,3.570169806480407715e-01,3.094866871833801270e-01,7.706131935119628906e-01,5.729685425758361816e-01,4.108292460441589355e-01,1.973639577627182007e-01,3.248985111713409424e-01,2.200089693069458008e-01,1.455125063657760620e-01,1.360492706298828125e-01,7.595098018646240234e-01,6.807314753532409668e-01,-6.990083307027816772e-02,5.596216022968292236e-02,-2.839109599590301514e-01,-2.123759686946868896e-01,-4.223865866661071777e-01,6.038141995668411255e-02,-4.736889302730560303e-01,1.492063142359256744e-02,-6.756366789340972900e-02,6.036261841654777527e-02,-1.198054701089859009e-01,-1.738391965627670288e-01,-1.046320050954818726e-01,-1.258843243122100830e-01,-2.060169279575347900e-01,-2.056187838315963745e-01,-1.129896715283393860e-01,1.680986955761909485e-02,3.974930942058563232e-02,2.435350418090820312e-02,-6.051575765013694763e-02,-5.706039443612098694e-02,-3.235559165477752686e-01,-1.212868392467498779e-01,-4.301818013191223145e-01,-3.873030841350555420e-02,-3.333895802497863770e-01,-1.596705317497253418e-01,-3.505751192569732666e-01,-2.207813858985900879e-01,-3.349787890911102295e-01,-1.937913447618484497e-01,-1.670820862054824829e-01,-8.064223825931549072e-02,-3.816348612308502197e-01,-3.137319684028625488e-01,-2.087491005659103394e-01,-3.111739754676818848e-01,6.129708886146545410e-01,5.318024754524230957e-01,-1.523198932409286499e-01,3.632380962371826172e-01,-2.762617170810699463e-02,2.330082803964614868e-01,-9.211847186088562012e-02,5.869028717279434204e-02,-1.773789525032043457e-01,1.094042509794235229e-01,-2.805877625942230225e-01,1.044383347034454346e-01,1.095058917999267578e-01,-3.087661415338516235e-02,-1.080025210976600647e-01,9.120531380176544189e-02,-6.471688300371170044e-02,-9.372551739215850830e-02,-7.635714113712310791e-02,2.725460380315780640e-02,-7.375121116638183594e-02,-3.562861308455467224e-02,-4.950947314500808716e-02,4.340736195445060730e-02,3.846058249473571777e-01,-8.501300960779190063e-02,-1.739398241043090820e-01,4.592157155275344849e-02,-1.121627092361450195e-01,-1.343558728694915771e-01,1.519714016467332840e-02,6.748209148645401001e-02,-3.057655412703752518e-03,-1.142944581806659698e-02,-1.177415549755096436e-01,4.945852607488632202e-02,1.434195935726165771e-01,6.534069776535034180e-02,7.737646251916885376e-02,1.701284386217594147e-02,-6.706567108631134033e-02,-5.036982521414756775e-02,6.751278415322303772e-03,-1.347927451133728027e-01,-3.619054332375526428e-02,-5.628905072808265686e-02
3.031135499477386475e-01,6.039755940437316895e-01,3.348254561424255371e-01,7.087378501892089844e-01,-2.079941518604755402e-02,-1.648105494678020477e-02,2.925201952457427979e-01,1.000000000000000000e+00,-1.980993300676345825e-01,-2.576286792755126953e-01,4.353271424770355225e-01,5.410327911376953125e-01,2.703663408756256104e-01,4.893727600574493408e-01,-1.528977006673812866e-01,-2.177885174751281738e-01,3.171565830707550049e-01,2.737486064434051514e-01,8.378071337938308716e-02,-2.416398189961910248e-02,1.992847621440887451e-01,1.867840886116027832e-01,3.961710035800933838e-01,5.468760132789611816e-01,2.127410322427749634e-01,3.264080882072448730e-01,2.007350325584411621e-01,2.821577191352844238e-01,2.814624011516571045e-01,3.384140133857727051e-01,3.936315774917602539e-01,4.810475409030914307e-01,2.651422321796417236e-01,4.084462225437164307e-01,1.672538071870803833e-01,1.511045545339584351e-01,1.512114256620407104e-01,-4.776257090270519257e-03,8.594813942909240723e-02,7.333774119615554810e-02,3.541075065732002258e-02,3.610653057694435120e-02,8.890486508607864380e-02,1.068547815084457397e-01,-1.564941927790641785e-02,5.513729900121688843e-02,6.448628008365631104e-02,1.067168638110160828e-01,-3.973053768277168274e-02,1.492980718612670898e-01,1.345325559377670288e-01,1.021533831954002380e-01,5.210953205823898315e-02,1.676118373870849609e-01,-8.428030461072921753e-02,-1.516861282289028168e-02,2.401669919490814209e-01,4.335154592990875244e-01,2.166817784309387207e-01,2.681922316551208496e-01,2.348248660564422607e-01,1.061570048332214355e-01,3.948391973972320557e-02,4.089708030223846436e-01,2.103824019432067871e-01,2.644158899784088135e-01,1.539051681756973267e-01,2.440004497766494751e-01,-1.115213483572006226e-01,-2.751266211271286011e-02,3.907585144042968750e-01,4.532475769519805908e-01,2.320867031812667847e-01,2.650182247161865234e-01,2.017503231763839722e-01,1.646024435758590698e-01,3.242150247097015381e-01,3.029645979404449463e-01,2.071810960769653320e-01,3.147700428962707520e-01,3.184869885444641113e-01,3.148412108421325684e-01,-2.031632065773010254e-01,-9.738229215145111084e-02,2.490898817777633667e-01,2.858343720436096191e-01,-3.697470724582672119e-01,-2.821132838726043701e-01,-5.426440760493278503e-02,1.300480403006076813e-02,-7.164376974105834961e-02,-3.481104969978332520e-02,-1.872659772634506226e-01,-1.326725631952285767e-01,2.594076395034790039e-01,5.531404539942741394e-02,2.677747607231140137e-01,3.561112284660339355e-01,-3.401213884353637695e-02,1.904378980398178101e-01,-9.515158832073211670e-02,7.367901038378477097e-03,-3.766125068068504333e-02,1.270197145640850067e-02,2.007219940423965454e-01,4.050796031951904297e-01,2.228104919195175171e-01,2.195561677217483521e-01,2.490819394588470459e-01,1.642308235168457031e-01,3.591868877410888672e-01,3.201194703578948975e-01,1.809014827013015747e-01,1.522281914949417114e-01,1.510901153087615967e-01,3.035617470741271973e-01
-3.284414708614349365e-01,-1.553767472505569458e-01,2.674181461334228516e-01,-1.990542113780975342e-01,7.595158815383911133e-01,5.512737631797790527e-01,3.652177155017852783e-01,-1.980993300676345825e-01,1.000000000000000000e+00,6.597347855567932129e-01,1.593348532915115356e-01,-3.982076421380043030e-02,4.906584322452545166e-01,8.084943145513534546e-02,8.101000189781188965e-01,6.631188392639160156e-01,-8.215872943401336670e-02,2.333134599030017853e-02,-8.640017360448837280e-02,6.299538910388946533e-02,3.031259179115295410e-01,2.784668207168579102e-01,1.425677090883255005e-01,-8.921153843402862549e-02,4.500657021999359131e-01,1.554776132106781006e-01,4.364316463470458984e-01,2.649347186088562012e-01,2.289608567953109741e-01,7.139153033494949341e-02,2.386433184146881104e-01,1.504103690385818481e-01,-1.787982881069183350e-01,-1.818873137235641479e-01,-3.550255298614501953e-01,-2.475222945213317871e-01,-3.152541816234588623e-01,4.923121258616447449e-02,-1.523049175739288330e-01,7.966735959053039551e-02,2.258265390992164612e-02,7.853576540946960449e-02,-3.615727648138999939e-02,-1.241549178957939148e-01,-6.087912991642951965e-02,-1.122555956244468689e-01,-1.625123471021652222e-01,-1.469959765672683716e-01,-8.769852668046951294e-02,-1.229409947991371155e-01,-1.311607509851455688e-01,-7.269105315208435059e-02,1.639342051930725574e-03,-5.901252478361129761e-02,1.313008815050125122e-01,2.550745606422424316e-01,-8.096134662628173828e-02,7.518815994262695312e-02,-2.350371479988098145e-01,-7.146108895540237427e-02,-1.686126440763473511e-01,8.263955824077129364e-03,4.900180175900459290e-02,-1.043775305151939392e-01,-2.165912836790084839e-01,-1.289696693420410156e-01,-2.458424717187881470e-01,-2.802055180072784424e-01,-1.716901361942291260e-01,-1.721786707639694214e-01,2.834131121635437012e-01,1.630251258611679077e-01,-9.878140687942504883e-02,1.798112094402313232e-01,1.561575103551149368e-03,9.618499130010604858e-02,-6.311298161745071411e-02,4.729381948709487915e-02,-2.292502671480178833e-01,1.678575947880744934e-02,-1.463707834482192993e-01,1.459436714649200439e-01,6.706085801124572754e-01,4.928531646728515625e-01,3.185862675309181213e-02,1.451936513185501099e-01,4.954708814620971680e-01,4.349992573261260986e-01,3.546617925167083740e-01,3.817300796508789062e-01,2.845720648765563965e-01,3.901991844177246094e-01,3.661236464977264404e-01,3.853062689304351807e-01,1.507938802242279053e-01,8.596692234277725220e-02,-2.017862200736999512e-01,-1.341543942689895630e-01,1.036855876445770264e-01,1.434086170047521591e-02,2.085836827754974365e-01,2.753486633300781250e-01,1.403906792402267456e-01,1.828171014785766602e-01,-2.545734681189060211e-02,2.061608247458934784e-02,1.235300824046134949e-01,8.080163598060607910e-02,-5.822547897696495056e-02,1.119334921240806580e-01,-2.163086235523223877e-01,-2.038104236125946045e-01,8.949617296457290649e-02,-1.348637044429779053e-01,6.351446732878684998e-03,-8.814609050750732422e-02
-1.890835165977478027e-01,-1.689730882644653320e-01,-4.544677957892417908e-02,-3.222445547580718994e-01,5.513606667518615723e-01,6.733808517456054688e-01,6.210585683584213257e-02,-2.576286792755126953e-01,6.597347855567932129e-01,1.000000000000000000e+00,8.191955089569091797e-02,-2.073669061064720154e-02,1.812796890735626221e-01,1.192698478698730469e-01,5.938198566436767578e-01,7.395429611206054688e-01,-8.397277444601058960e-02,4.710704833269119263e-02,-1.412870138883590698e-01,1.903193816542625427e-02,1.645562499761581421e-01,2.449135631322860718e-01,-8.530950546264648438e-02,-2.374228388071060181e-01,3.210933208465576172e-01,1.531905233860015869e-01,3.433217406272888184e-01,2.951301634311676025e-01,7.469469308853149414e-02,5.095601826906204224e-02,8.634181693196296692e-03,-2.722816169261932373e-02,-1.097743362188339233e-01,-1.847199797630310059e-01,-1.568294763565063477e-01,-8.694748580455780029e-02,-1.606649011373519897e-01,1.415262967348098755e-01,-6.287364661693572998e-02,2.071089893579483032e-01,-3.587791870813816786e-04,1.431031376123428345e-01,3.095476329326629639e-02,-2.888055518269538879e-02,-3.935265913605690002e-02,-9.552621096372604370e-02,-8.902349323034286499e-02,-4.821568354964256287e-02,1.187156233936548233e-02,-1.602602303028106689e-01,-9.689790010452270508e-02,-8.646206557750701904e-02,-5.360832810401916504e-02,-3.009801357984542847e-02,8.774109929800033569e-02,2.920072674751281738e-01,1.788726262748241425e-02,8.443640545010566711e-03,-2.599076367914676666e-02,-4.055271670222282410e-02,-1.935655064880847931e-02,1.000682339072227478e-01,1.421471312642097473e-02,-6.945001333951950073e-02,-1.111042797565460205e-01,-6.408398598432540894e-02,-6.810201704502105713e-02,-1.624149531126022339e-01,-1.162028461694717407e-01,-8.269035071134567261e-02,8.569001406431198120e-02,4.101351276040077209e-02,-5.359089002013206482e-02,8.862385153770446777e-02,-2.612516051158308983e-03,8.835408836603164673e-02,-9.239894151687622070e-02,5.363876745104789734e-02,-2.116626650094985962e-01,-1.433266443200409412e-03,-7.654737681150436401e-02,1.815259009599685669e-01,5.681453943252563477e-01,6.260255575180053711e-01,9.567440301179885864e-02,2.015716433525085449e-01,5.131367444992065430e-01,4.970594048500061035e-01,3.395818769931793213e-01,4.492313563823699951e-01,1.325240582227706909e-01,3.854189515113830566e-01,2.568073570728302002e-01,4.181786477565765381e-01,8.052230812609195709e-03,1.511935442686080933e-01,-1.811121255159378052e-01,-6.794027984142303467e-02,6.036015972495079041e-02,6.517260521650314331e-02,1.760954707860946655e-01,2.607267498970031738e-01,1.770211458206176758e-01,2.201279550790786743e-01,2.538448572158813477e-02,-2.789950463920831680e-03,3.915591165423393250e-02,8.849095553159713745e-02,-1.088740527629852295e-01,5.552483350038528442e-02,-1.619470566511154175e-01,-1.664939820766448975e-01,7.813701778650283813e-02,-3.984542191028594971e-02,8.812934905290603638e-02,-1.088300719857215881e-01
2.171598076820373535e-01,4.024395644664764404e-01,2.783076167106628418e-01,3.688455820083618164e-01,1.342160254716873169e-01,1.556373536586761475e-01,2.964612245559692383e-01,4.353271424770355225e-01,1.593348532915115356e-01,8.191955089569091797e-02,1.000000000000000000e+00,5.333682298660278320e-01,4.588694274425506592e-01,4.538551867008209229e-01,1.676359027624130249e-01,1.008119285106658936e-01,5.945472121238708496e-01,4.293790757656097412e-01,-7.881087064743041992e-02,-2.141471020877361298e-02,3.675766587257385254e-01,3.254588544368743896e-01,2.649803757667541504e-01,2.927453219890594482e-01,2.291409969329833984e-01,2.096039205789566040e-01,1.139453947544097900e-01,2.065103799104690552e-01,4.898789823055267334e-01,2.886858582496643066e-01,3.723027408123016357e-01,3.794589042663574219e-01,1.076993271708488464e-01,1.734902709722518921e-01,5.938545614480972290e-02,1.026600077748298645e-01,1.654998064041137695e-01,3.251896426081657410e-02,2.338123880326747894e-02,1.608068495988845825e-02,5.364857241511344910e-02,-1.305506378412246704e-01,1.311905533075332642e-01,2.318073809146881104e-02,-2.142704091966152191e-02,-6.006379425525665283e-02,1.626046895980834961e-01,1.471023410558700562e-01,3.295218944549560547e-02,-1.364997774362564087e-02,5.528423562645912170e-02,8.028830587863922119e-02,9.326245635747909546e-02,-5.441549420356750488e-02,-4.185700416564941406e-02,6.880576908588409424e-02,2.723657190799713135e-01,3.760396540164947510e-01,5.354613810777664185e-02,1.961776167154312134e-01,1.074082702398300171e-01,3.953039273619651794e-02,5.467933416366577148e-02,8.069919049739837646e-02,1.522735506296157837e-01,1.507554799318313599e-01,8.252324163913726807e-02,7.394814491271972656e-02,-1.317865699529647827e-01,-9.074376523494720459e-02,4.303862452507019043e-01,3.985525369644165039e-01,2.371690571308135986e-01,1.806299984455108643e-01,1.896995455026626587e-01,1.243296340107917786e-01,2.879281044006347656e-01,2.998024821281433105e-01,3.296144306659698486e-01,4.553892016410827637e-01,4.858153164386749268e-01,4.566491246223449707e-01,-1.458392385393381119e-02,-6.656152009963989258e-02,6.001760363578796387e-01,5.903798937797546387e-01,-2.104401588439941406e-01,-2.420599460601806641e-01,3.151713013648986816e-01,2.486561983823776245e-01,-6.050427444279193878e-03,8.508362621068954468e-02,-1.475162804126739502e-02,7.664484530687332153e-02,3.967836499214172363e-01,1.401074230670928955e-01,1.767204999923706055e-01,2.959517538547515869e-01,1.104294359683990479e-01,2.268369048833847046e-01,9.288375824689865112e-02,2.282483279705047607e-01,1.209856569766998291e-01,1.587838381528854370e-01,1.153544411063194275e-01,3.599939346313476562e-01,2.689907550811767578e-01,2.567364573478698730e-01,2.115009427070617676e-01,1.895542144775390625e-01,2.118738889694213867e-01,1.787099540233612061e-01,1.684223860502243042e-01,2.479107230901718140e-01,2.281809896230697632e-01,2.151984721422195435e-01
2.597861886024475098e-01,4.510475397109985352e-01,1.935384720563888550e-01,3.722092509269714355e-01,-5.936083570122718811e-02,1.220448017120361328e-01,2.288091629743576050e-01,5.410327911376953125e-01,-3.982076421380043030e-02,-2.073669061064720154e-02,5.333682298660278320e-01,1.000000000000000000e+00,3.015659749507904053e-01,6.174857020378112793e-01,-5.905016791075468063e-03,1.140276086516678333e-03,3.408739268779754639e-01,5.714913010597229004e-01,-7.578840851783752441e-02,-9.024108946323394775e-02,1.438893526792526245e-01,1.649409681558609009e-01,2.129113972187042236e-01,2.691182792186737061e-01,9.884628653526306152e-02,9.501960873603820801e-02,7.270606607198715210e-02,1.641652286052703857e-01,3.470406532287597656e-01,5.144987702369689941e-01,2.665573954582214355e-01,3.062388598918914795e-01,3.032614290714263916e-01,3.511955440044403076e-01,1.988107711076736450e-01,2.395058721303939819e-01,8.793438971042633057e-02,1.996748596429824829e-01,7.348245382308959961e-02,2.702258527278900146e-01,9.955238056136295199e-05,1.203704997897148132e-01,8.308326452970504761e-02,7.718363404273986816e-02,-2.895673923194408417e-02,-2.033069357275962830e-02,7.340086996555328369e-02,1.354680806398391724e-01,1.224317774176597595e-02,7.355231046676635742e-02,6.206931546330451965e-02,9.511040151119232178e-02,-2.465985715389251709e-02,3.414652124047279358e-02,-8.458679169416427612e-02,1.286434084177017212e-01,1.197919324040412903e-01,3.203563690185546875e-01,3.361640125513076782e-02,1.376039385795593262e-01,1.189052090048789978e-01,1.193278748542070389e-02,-9.578064084053039551e-02,1.646902114152908325e-01,1.206227838993072510e-01,2.045108228921890259e-01,1.087951585650444031e-01,1.288839727640151978e-01,-1.412940919399261475e-01,-1.124912798404693604e-01,3.355295062065124512e-01,3.635883331298828125e-01,2.253719419240951538e-01,3.933689892292022705e-01,2.659744024276733398e-01,3.407981395721435547e-01,3.036169409751892090e-01,3.428008854389190674e-01,2.104465812444686890e-01,3.945795297622680664e-01,2.786598801612854004e-01,5.283728241920471191e-01,-1.517193615436553955e-01,-2.745856158435344696e-02,3.058604001998901367e-01,4.491055905818939209e-01,-2.777488827705383301e-01,-2.369327694177627563e-01,-2.088982798159122467e-02,1.905151307582855225e-01,-4.905627295374870300e-02,2.559250593185424805e-02,-6.262554228305816650e-02,-8.552785031497478485e-03,2.451116144657135010e-01,1.966405659914016724e-01,1.223518326878547668e-01,2.707404792308807373e-01,4.243630170822143555e-02,2.216560244560241699e-01,1.243234612047672272e-02,1.087753474712371826e-01,3.647599741816520691e-02,7.350844889879226685e-02,5.509307608008384705e-02,2.198843508958816528e-01,1.237609907984733582e-01,2.139372974634170532e-01,1.040212586522102356e-01,1.938553154468536377e-01,2.092350870370864868e-01,1.539166867733001709e-01,1.515114158391952515e-01,1.646939665079116821e-01,1.091363430023193359e-01,5.904436111450195312e-02
-4.214471876621246338e-01,4.788716509938240051e-02,7.861064672470092773e-01,2.863828539848327637e-01,4.210976362228393555e-01,1.715286523103713989e-01,8.312703371047973633e-01,2.703663408756256104e-01,4.906584322452545166e-01,1.812796890735626221e-01,4.588694274425506592e-01,3.015659749507904053e-01,1.000000000000000000e+00,3.201243281364440918e-01,4.146978855133056641e-01,1.988373249769210815e-01,-4.995669238269329071e-03,2.168849557638168335e-01,-6.437222659587860107e-02,-4.112555831670761108e-02,4.622582793235778809e-01,3.997201621532440186e-01,6.866407394409179688e-01,4.926079511642456055e-01,4.216194450855255127e-01,1.764841377735137939e-01,3.327517509460449219e-01,2.399311810731887817e-01,3.091655075550079346e-01,2.227428406476974487e-01,7.239848375320434570e-01,6.382749080657958984e-01,-5.916320160031318665e-02,5.831740796566009521e-02,-2.763266563415527344e-01,-2.008570134639739990e-01,-3.378587365150451660e-01,8.304602652788162231e-02,-4.032878875732421875e-01,6.154503673315048218e-02,-6.523481756448745728e-02,1.643952541053295135e-02,-5.438789725303649902e-02,-1.622419655323028564e-01,-6.812801957130432129e-02,-1.343949735164642334e-01,-1.147787943482398987e-01,-1.070446372032165527e-01,-6.167842820286750793e-02,-3.366307169198989868e-02,2.163222245872020721e-02,3.639351204037666321e-02,-2.244344446808099747e-03,-6.837917119264602661e-02,-2.057346403598785400e-01,8.546375669538974762e-03,-3.173032402992248535e-01,3.614457324147224426e-02,-3.124274909496307373e-01,-7.889137417078018188e-02,-3.281703293323516846e-01,-1.878348141908645630e-01,-2.570232450962066650e-01,-1.852615028619766235e-01,-1.541625112295150757e-01,-5.592307075858116150e-02,-3.375378549098968506e-01,-2.971232235431671143e-01,-2.574674189090728760e-01,-2.842409610748291016e-01,6.340425014495849609e-01,5.605691671371459961e-01,-8.393555879592895508e-02,3.753080666065216064e-01,2.408691868185997009e-02,2.256122529506683350e-01,-3.255068510770797729e-02,1.087244972586631775e-01,-1.289308667182922363e-01,2.002575099468231201e-01,-1.309516727924346924e-01,2.246022522449493408e-01,2.202474176883697510e-01,4.023392125964164734e-02,7.014759629964828491e-02,2.551328241825103760e-01,-1.583795808255672455e-02,-7.250294089317321777e-02,1.141697764396667480e-01,1.766779869794845581e-01,4.363199695944786072e-02,9.929491579532623291e-02,6.104864180088043213e-02,1.332094818353652954e-01,4.720864892005920410e-01,1.848096773028373718e-02,-1.065260395407676697e-01,8.502382785081863403e-02,2.028037607669830322e-02,1.875220215879380703e-03,8.794271945953369141e-02,1.480754315853118896e-01,5.562521517276763916e-02,6.476198136806488037e-02,-5.051256716251373291e-02,1.173740923404693604e-01,1.830201148986816406e-01,1.304873228073120117e-01,1.175868287682533264e-01,7.719223946332931519e-02,-6.606400012969970703e-02,-4.733157157897949219e-02,9.871659427881240845e-02,-1.324272155761718750e-02,7.305705547332763672e-02,2.405267907306551933e-03
