1.000000000000000000e+00,3.840085268020629883e-01,1.312670409679412842e-01,2.729120552539825439e-01,-1.560388058423995972e-01,-1.933072060346603394e-01,3.495804667472839355e-01,3.771713376045227051e-01,-1.485516428947448730e-01,-2.554330527782440186e-01,3.838724493980407715e-01,3.691950440406799316e-01,3.873345553874969482e-01,2.373349070549011230e-01,1.132599730044603348e-02,1.117982715368270874e-02,4.010078907012939453e-01,2.305003404617309570e-01,3.095572888851165771e-01,3.345005512237548828e-01,2.176088541746139526e-01,2.288909405469894409e-01,2.390261292457580566e-01,2.441609948873519897e-01,-1.146357730031013489e-01,-1.001980230212211609e-01,-1.603111252188682556e-02,-2.596745034679770470e-03,2.613249719142913818e-01,2.171612381935119629e-01,3.968426287174224854e-01,2.288926094770431519e-01,2.093525677919387817e-01,2.042607516050338745e-01,2.114799022674560547e-01,1.899603307247161865e-01,5.285112187266349792e-03,-1.245241388678550720e-01,-1.318603474646806717e-02,-1.051368266344070435e-01,-9.722311049699783325e-03,3.913325443863868713e-02,1.323409751057624817e-02,4.425489529967308044e-02,-1.118314266204833984e-01,-5.878662690520286560e-02,1.445713788270950317e-01,8.660991489887237549e-02,-3.488156199455261230e-02,-5.259769782423973083e-02,5.489030480384826660e-02,-1.705959439277648926e-04,2.227142006158828735e-01,6.627310812473297119e-02,2.863587737083435059e-01,9.879233688116073608e-02,5.846256017684936523e-01,2.663325965404510498e-01,2.578911185264587402e-01,1.967885792255401611e-01,2.919957339763641357e-01,1.225603818893432617e-01,2.258924692869186401e-01,1.279370039701461792e-01,9.007789194583892822e-02,1.380621939897537231e-01,2.452533543109893799e-01,2.470551431179046631e-01,2.379397302865982056e-01,2.304939329624176025e-01,3.085507750511169434e-01,2.917540073394775391e-01,2.520410418510437012e-01,2.245638817548751831e-01,2.648171186447143555e-01,2.370170503854751587e-01,1.826481372117996216e-01,1.993422657251358032e-01,2.336656004190444946e-01,1.394728571176528931e-01,2.893276810646057129e-01,2.415563762187957764e-01,-9.913977235555648804e-03,1.855811476707458496e-02,2.499338984489440918e-01,2.200191318988800049e-01,-1.441068500280380249e-01,-1.756693571805953979e-01,1.524572521448135376e-01,8.307856321334838867e-02,1.406617015600204468e-01,3.200660645961761475e-02,4.380858689546585083e-02,-1.576981842517852783e-01,1.706544496119022369e-02,-3.016220405697822571e-02,3.171916902065277100e-01,1.654219180345535278e-01,2.565136849880218506e-01,1.211308687925338745e-01,5.502633005380630493e-02,-7.032269239425659180e-02,7.615566998720169067e-02,-8.452858775854110718e-03,1.617184430360794067e-01,1.240360587835311890e-01,-1.585846394300460815e-02,-6.214500963687896729e-02,9.406749904155731201e-02,-6.738248467445373535e-02,1.936659812927246094e-01,2.244674116373062134e-01,1.446805447340011597e-01,1.934272497892379761e-01,2.008169144392013550e-01,1.794753372669219971e-01
3.840085268020629883e-01,1.000000000000000000e+00,2.568434178829193115e-02,3.296886682510375977e-01,-2.171998471021652222e-01,-1.142890900373458862e-01,8.998557180166244507e-02,5.453580021858215332e-01,-1.654054969549179077e-01,-2.150739878416061401e-01,1.446448415517807007e-01,4.229125380516052246e-01,7.585020363330841064e-02,3.445956707000732422e-01,-5.125967040657997131e-02,1.203147396445274353e-01,9.454348683357238770e-02,2.831967771053314209e-01,4.037678837776184082e-01,1.945547312498092651e-01,1.925001591444015503e-01,2.517727613449096680e-01,1.131058186292648315e-01,2.341310679912567139e-01,-9.857406467199325562e-02,-6.624469906091690063e-02,3.040613979101181030e-02,8.064859360456466675e-02,-4.993439838290214539e-02,2.848310172557830811e-01,1.840551346540451050e-01,1.289298385381698608e-01,3.403646945953369141e-01,3.480223715305328369e-01,1.450784504413604736e-01,3.012048006057739258e-01,-2.180417813360691071e-02,-3.799887374043464661e-02,-2.631183527410030365e-02,-2.546134032309055328e-02,-1.194776445627212524e-01,7.971554994583129883e-02,-1.607249826192855835e-01,-9.213986992835998535e-02,-5.577384680509567261e-02,-3.511584550142288208e-02,5.566112324595451355e-02,-5.276815500110387802e-03,8.769918233156204224e-03,3.939019516110420227e-02,-5.732322484254837036e-02,1.488554328680038452e-01,7.014902681112289429e-02,2.927425131201744080e-02,2.705680727958679199e-01,2.682670056819915771e-01,4.919599294662475586e-01,6.323192715644836426e-01,2.758859992027282715e-01,4.055091440677642822e-01,3.509196341037750244e-01,5.028732419013977051e-01,1.730022728443145752e-01,4.453483819961547852e-01,-3.343487903475761414e-02,4.245085120201110840e-01,3.347629308700561523e-01,4.003156423568725586e-01,1.577795110642910004e-02,-1.574072637595236301e-03,3.081324994564056396e-01,2.914223670959472656e-01,1.611237376928329468e-01,2.545601129531860352e-01,2.908450365066528320e-01,2.831349372863769531e-01,2.744212448596954346e-01,3.543374240398406982e-01,5.743737146258354187e-02,5.929265543818473816e-02,6.928875297307968140e-02,3.149731755256652832e-01,-5.979700386524200439e-02,1.320507973432540894e-01,-5.734417214989662170e-02,3.371776640415191650e-01,-1.607636362314224243e-01,-1.020805835723876953e-01,-6.659031659364700317e-02,2.331926524639129639e-01,9.136208891868591309e-02,1.989142596721649170e-02,-1.840224675834178925e-02,-2.033683210611343384e-01,-2.944827452301979065e-02,-2.314568497240543365e-02,3.340971171855926514e-01,3.978519141674041748e-01,2.717342972755432129e-01,2.179170548915863037e-01,-1.233231392689049244e-03,-1.417322009801864624e-01,-1.088903173804283142e-01,-1.138842850923538208e-01,5.230417102575302124e-02,2.078782021999359131e-02,-1.007533073425292969e-01,-6.449646502733230591e-02,1.043156012892723083e-01,-3.026433289051055908e-02,3.026170134544372559e-01,3.292621374130249023e-01,2.614767849445343018e-01,8.564403653144836426e-02,1.095183268189430237e-01,1.931889355182647705e-01
1.312670409679412842e-01,2.568434178829193115e-02,1.000000000000000000e+00,3.520801663398742676e-01,2.408378012478351593e-02,-9.127645194530487061e-02,5.543835759162902832e-01,1.846559941768646240e-01,1.442047506570816040e-01,-6.569259613752365112e-02,1.815157383680343628e-01,2.462950497865676880e-01,2.753975689411163330e-01,1.584387570619583130e-01,2.398499697446823120e-01,2.233475595712661743e-01,1.669524312019348145e-01,1.440770179033279419e-02,2.895903885364532471e-01,1.080107688903808594e-01,3.385947346687316895e-01,3.704976737499237061e-01,6.754754185676574707e-01,5.815043449401855469e-01,-4.628299921751022339e-02,-1.334965229034423828e-01,1.301400661468505859e-01,7.655141502618789673e-02,2.683639526367187500e-01,3.310307562351226807e-01,3.356442749500274658e-01,2.042746543884277344e-01,5.783635377883911133e-02,1.792909204959869385e-01,-1.066584885120391846e-01,-4.594829864799976349e-03,-2.204118371009826660e-01,-8.285997062921524048e-02,-1.201668009161949158e-02,5.059569329023361206e-02,-1.474403142929077148e-01,1.599476039409637451e-01,4.292329400777816772e-02,7.075490802526473999e-02,-2.497986704111099243e-02,-1.372588053345680237e-02,1.871934384107589722e-01,1.019817739725112915e-01,4.881689324975013733e-02,1.242375001311302185e-02,1.347004249691963196e-02,-4.314932599663734436e-02,1.200075224041938782e-01,1.440898030996322632e-01,2.429091781377792358e-01,1.759132295846939087e-01,4.106995835900306702e-02,2.368557304143905640e-01,-1.384149342775344849e-01,1.183263212442398071e-01,-7.011493295431137085e-02,2.278195135295391083e-02,-6.487553566694259644e-02,-7.069473713636398315e-02,3.359596058726310730e-02,-3.917833417654037476e-02,4.154401645064353943e-02,4.726719856262207031e-02,-1.274265628308057785e-02,-9.732987731695175171e-02,2.988806068897247314e-01,3.287691771984100342e-01,4.036523699760437012e-01,4.152203798294067383e-01,2.878453135490417480e-01,3.619816601276397705e-01,3.169770240783691406e-01,3.158250451087951660e-01,1.223237738013267517e-01,-6.216708198189735413e-02,1.094330251216888428e-01,1.326233595609664917e-01,7.342989742755889893e-02,1.498056054115295410e-01,5.397658795118331909e-02,6.158094387501478195e-03,-9.983301162719726562e-02,3.919725120067596436e-02,5.130495876073837280e-02,7.568533532321453094e-03,8.975417353212833405e-03,-7.118534296751022339e-03,9.646695852279663086e-02,5.956387147307395935e-02,-5.513475462794303894e-02,9.163176873698830605e-04,3.209811151027679443e-01,1.235723569989204407e-01,1.867598742246627808e-01,1.524386107921600342e-01,6.112856417894363403e-02,5.145331844687461853e-02,1.212753877043724060e-01,1.089145094156265259e-01,1.271187961101531982e-01,7.075603306293487549e-02,8.101630955934524536e-02,1.153373494744300842e-01,1.602368056774139404e-01,9.676162153482437134e-02,2.106406837701797485e-01,1.152114793658256531e-01,-2.718182979151606560e-03,6.600177288055419922e-02,2.033872604370117188e-01,2.465922087430953979e-01
2.729120552539825439e-01,3.296886682510375977e-01,3.520801663398742676e-01,1.000000000000000000e+00,1.754811964929103851e-02,9.368717670440673828e-03,2.926791608333587646e-01,6.072866320610046387e-01,-2.559367381036281586e-02,-6.004469096660614014e-02,3.812377154827117920e-01,3.864824473857879639e-01,2.976313233375549316e-01,4.226128160953521729e-01,6.216799467802047729e-02,1.556059271097183228e-01,3.542433083057403564e-01,2.716097533702850342e-01,3.228070139884948730e-01,1.702518612146377563e-01,1.664694994688034058e-01,2.421917915344238281e-01,4.115883708000183105e-01,5.613054633140563965e-01,3.701948747038841248e-02,1.302414387464523315e-01,4.729447513818740845e-02,1.382007598876953125e-01,2.213964909315109253e-01,2.506452202796936035e-01,2.891672253608703613e-01,3.638324737548828125e-01,9.622469544410705566e-02,1.887489855289459229e-01,-5.895026400685310364e-02,1.917049288749694824e-02,5.283364281058311462e-02,1.044734418392181396e-01,-1.048943866044282913e-02,7.418622821569442749e-02,4.596117883920669556e-02,1.107060760259628296e-01,3.925782069563865662e-02,7.680056244134902954e-02,-5.952875316143035889e-02,4.678226541727781296e-03,1.586560159921646118e-01,1.269076168537139893e-01,1.664233393967151642e-02,-1.194955687969923019e-02,4.428543895483016968e-02,2.265715599060058594e-02,8.261193335056304932e-02,-3.020036034286022186e-02,3.230622410774230957e-01,2.198012173175811768e-01,2.807787656784057617e-01,3.158290684223175049e-01,9.101486951112747192e-02,2.318488806486129761e-01,1.464407145977020264e-01,1.308106780052185059e-01,1.743655353784561157e-01,2.749883234500885010e-01,5.839383602142333984e-02,1.225607842206954956e-01,1.448397487401962280e-01,1.563455611467361450e-01,1.784914918243885040e-02,-5.383292585611343384e-02,2.237190753221511841e-01,2.108113914728164673e-01,1.910284757614135742e-01,1.667536795139312744e-01,2.358238101005554199e-01,1.799434721469879150e-01,2.523678541183471680e-01,2.716802954673767090e-01,2.111979871988296509e-01,1.531362831592559814e-01,3.319124281406402588e-01,2.470834255218505859e-01,1.246048435568809509e-01,1.251065582036972046e-01,1.649390161037445068e-01,1.227637380361557007e-01,-4.770578071475028992e-02,-3.257848694920539856e-02,6.933948397636413574e-02,1.134094074368476868e-01,1.078962013125419617e-01,4.774939734488725662e-03,6.340041756629943848e-02,-1.253778040409088135e-01,1.128316074609756470e-01,6.131307035684585571e-02,2.590396404266357422e-01,2.890080809593200684e-01,2.376512438058853149e-01,1.808210611343383789e-01,3.378735110163688660e-02,-6.782265752553939819e-02,1.058493107557296753e-01,1.026972662657499313e-02,1.153620854020118713e-01,6.860809773206710815e-02,1.839712262153625488e-02,9.082200378179550171e-02,2.261649519205093384e-01,2.821866869926452637e-01,2.535777688026428223e-01,2.048567533493041992e-01,1.001869589090347290e-01,-5.617171525955200195e-03,1.097267866134643555e-01,4.658886417746543884e-02
-1.560388058423995972e-01,-2.171998471021652222e-01,2.408378012478351593e-02,1.754811964929103851e-02,1.000000000000000000e+00,6.665973663330078125e-01,-1.252288669347763062e-01,-6.087823584675788879e-02,6.644504070281982422e-01,6.325899362564086914e-01,1.083168461918830872e-01,-8.449372649192810059e-02,6.013076007366180420e-02,7.553149014711380005e-02,5.192550420761108398e-01,4.055648446083068848e-01,1.628709137439727783e-01,-1.347588598728179932e-01,-1.532274782657623291e-01,-8.422318100929260254e-02,-6.357803940773010254e-02,-1.199936047196388245e-01,-7.787219434976577759e-02,-7.413640618324279785e-02,6.944671869277954102e-01,5.474352836608886719e-01,4.838017523288726807e-01,4.456639289855957031e-01,1.034189388155937195e-01,-4.002624750137329102e-02,-5.148794502019882202e-03,1.833218336105346680e-02,-2.125576585531234741e-01,-2.308372855186462402e-01,-2.997783720493316650e-01,-3.357334733009338379e-01,1.133604273200035095e-01,-1.406017318367958069e-02,1.606667786836624146e-01,4.852992668747901917e-02,1.223013401031494141e-01,-1.054375711828470230e-02,-9.716534055769443512e-03,4.947780817747116089e-02,2.122609317302703857e-02,-6.833201646804809570e-02,-2.402056567370891571e-02,7.124912925064563751e-03,4.663237556815147400e-02,-3.005074709653854370e-02,1.977116428315639496e-02,-1.214197836816310883e-02,6.654319912195205688e-02,1.120265722274780273e-01,3.996220231056213379e-02,3.271978348493576050e-02,-1.093065813183784485e-01,-5.002493411302566528e-02,-3.482314199209213257e-02,-6.753119826316833496e-02,-1.755592525005340576e-01,-7.556897401809692383e-02,3.186947852373123169e-02,6.310223788022994995e-02,-1.069112308323383331e-02,-7.851049304008483887e-02,-1.741990000009536743e-01,-1.654978394508361816e-01,-5.821678414940834045e-02,-4.779001325368881226e-02,-2.161094844341278076e-01,-1.078515723347663879e-01,-1.230608001351356506e-01,-1.348081231117248535e-01,-9.838312119245529175e-02,-1.417659372091293335e-01,-1.220074892044067383e-01,-1.543942838907241821e-01,9.561158716678619385e-02,-1.479701846837997437e-01,1.967597305774688721e-01,-9.552937746047973633e-02,5.249261856079101562e-01,3.960453569889068604e-01,2.047648429870605469e-01,5.735693499445915222e-02,5.045020580291748047e-01,5.726248621940612793e-01,3.761183023452758789e-01,3.174027204513549805e-01,6.395660340785980225e-03,1.399444043636322021e-01,1.564115136861801147e-01,2.556178867816925049e-01,8.238662034273147583e-02,9.380858391523361206e-03,-1.732797771692276001e-01,-7.126712054014205933e-02,-1.531879603862762451e-01,-9.907035529613494873e-02,9.468386322259902954e-02,2.790741324424743652e-01,1.562761813402175903e-01,1.808675974607467651e-01,-4.015039652585983276e-02,-2.274310775101184845e-02,6.393639743328094482e-02,1.010251045227050781e-01,-9.447260759770870209e-03,4.901397600769996643e-02,-1.716108806431293488e-02,-9.104867279529571533e-02,-9.954899549484252930e-02,-1.604438126087188721e-01,-1.842256188392639160e-01,-1.968369185924530029e-01
-1.933072060346603394e-01,-1.142890900373458862e-01,-9.127645194530487061e-02,9.368717670440673828e-03,6.665973663330078125e-01,1.000000000000000000e+00,-1.357738673686981201e-01,2.259084954857826233e-02,5.216150879859924316e-01,7.239446640014648438e-01,-3.926517441868782043e-02,-4.931015148758888245e-02,-5.545995011925697327e-02,1.059894114732742310e-01,3.666912317276000977e-01,4.808677434921264648e-01,1.337764598429203033e-02,-1.252528727054595947e-01,-1.894470751285552979e-01,-1.245646998286247253e-01,-7.879772037267684937e-02,-9.997669607400894165e-02,-1.709878593683242798e-01,-1.000780984759330750e-01,6.597443819046020508e-01,6.850783228874206543e-01,4.736864268779754639e-01,5.914151072502136230e-01,6.183081865310668945e-02,-3.394484054297208786e-03,-1.121548470109701157e-03,1.046864762902259827e-01,-1.473553031682968140e-01,-1.687545329332351685e-01,-1.544522792100906372e-01,-2.332030832767486572e-01,2.398908436298370361e-01,1.000698208808898926e-01,2.364368140697479248e-01,2.200062572956085205e-01,1.638814508914947510e-01,3.513107076287269592e-02,-5.961379781365394592e-02,1.752497069537639618e-02,6.555183231830596924e-02,-6.477653048932552338e-03,-7.704337686300277710e-02,9.004721418023109436e-03,9.758999198675155640e-02,5.269026011228561401e-02,8.396491408348083496e-02,8.183313906192779541e-02,9.848618647083640099e-04,1.459451913833618164e-01,-6.209708750247955322e-02,2.174004018306732178e-01,-1.580179631710052490e-01,-8.293794840574264526e-02,2.018982544541358948e-02,-1.568433791399002075e-01,-1.014960482716560364e-01,-7.189852744340896606e-02,5.941258859820663929e-04,1.768430769443511963e-01,-5.146350245922803879e-03,3.779239952564239502e-02,-1.232451871037483215e-01,-1.270124465227127075e-01,-8.538741618394851685e-02,-5.911873281002044678e-02,-1.593078821897506714e-01,-6.578792631626129150e-02,-1.811123192310333252e-01,-1.562448143959045410e-01,-1.449125260114669800e-01,-1.186855062842369080e-01,-1.501322537660598755e-01,-1.531032025814056396e-01,5.875727161765098572e-02,-1.314844936132431030e-01,5.217921733856201172e-02,-6.623212993144989014e-02,3.436914086341857910e-01,5.047653317451477051e-01,5.707258731126785278e-02,1.465868800878524780e-01,4.106231927871704102e-01,6.146885156631469727e-01,1.529168784618377686e-01,3.674673140048980713e-01,-7.262473553419113159e-02,2.415326386690139771e-01,5.867837369441986084e-02,3.060293793678283691e-01,3.384281322360038757e-02,8.566351234912872314e-02,-2.184484899044036865e-01,1.487803179770708084e-02,-1.526684314012527466e-01,4.448866844177246094e-02,-2.176874782890081406e-03,2.995391488075256348e-01,7.967740297317504883e-02,2.111551761627197266e-01,-6.520648300647735596e-02,-1.798192225396633148e-02,3.830743581056594849e-02,2.454044222831726074e-01,-4.330710973590612411e-03,8.301401883363723755e-02,3.793575987219810486e-02,-8.086575567722320557e-02,-6.479095667600631714e-02,-1.857145428657531738e-01,-1.942263394594192505e-01,-1.721500456333160400e-01
3.495804667472839355e-01,8.998557180166244507e-02,5.543835759162902832e-01,2.926791608333587646e-01,-1.252288669347763062e-01,-1.357738673686981201e-01,1.000000000000000000e+00,2.763214409351348877e-01,-4.033592343330383301e-02,-1.360710561275482178e-01,3.740542829036712646e-01,3.813781738281250000e-01,4.779567122459411621e-01,1.847914904356002808e-01,4.305791482329368591e-02,2.833856828510761261e-02,3.101560175418853760e-01,1.490282714366912842e-01,1.670842766761779785e-01,6.036233529448509216e-02,3.234209716320037842e-01,3.189787566661834717e-01,4.535474479198455811e-01,3.593299686908721924e-01,-1.219995096325874329e-01,-1.338977962732315063e-01,-4.109755158424377441e-02,-5.768653750419616699e-02,4.461504220962524414e-01,3.282735645771026611e-01,4.385564625263214111e-01,2.972317337989807129e-01,1.269897818565368652e-01,2.102232575416564941e-01,5.928210914134979248e-02,4.420669004321098328e-02,2.957612834870815277e-02,4.001654684543609619e-02,1.179045066237449646e-01,9.287618845701217651e-02,1.442973734810948372e-03,1.045348271727561951e-01,3.779382444918155670e-03,5.728150717914104462e-03,-1.074242964386940002e-01,-2.709695510566234589e-02,8.265670388936996460e-02,2.643512375652790070e-02,-2.200508490204811096e-02,-2.546926727518439293e-03,5.313412472605705261e-02,-7.446671277284622192e-02,8.970698714256286621e-02,4.309441894292831421e-02,2.276789844036102295e-01,1.509574353694915771e-01,1.233720555901527405e-01,4.640844836831092834e-02,-1.406185142695903778e-02,3.509747982025146484e-02,1.001397613435983658e-03,-6.595335900783538818e-02,1.204763446003198624e-02,-7.102028280496597290e-02,6.668779533356428146e-03,-3.934198245406150818e-02,1.090894713997840881e-01,7.683607190847396851e-02,-5.976624786853790283e-03,-5.899560078978538513e-02,3.918561935424804688e-01,3.129516541957855225e-01,4.129364490509033203e-01,3.440167009830474854e-01,3.023204207420349121e-01,2.936700284481048584e-01,2.240567356348037720e-01,2.122400254011154175e-01,2.139645516872406006e-01,8.928642421960830688e-02,2.103154808282852173e-01,2.510940730571746826e-01,-7.839387655258178711e-02,2.850031480193138123e-02,2.283779084682464600e-01,4.930380359292030334e-02,-1.852565258741378784e-01,-1.103984043002128601e-01,1.033064946532249451e-01,-2.979369647800922394e-02,4.030268639326095581e-02,-4.587229341268539429e-02,1.982822082936763763e-02,-2.398567646741867065e-02,7.486989349126815796e-02,1.302262097597122192e-01,2.544498443603515625e-01,6.248700618743896484e-02,1.775252074003219604e-01,1.096121594309806824e-01,5.914334207773208618e-02,-2.024179790169000626e-03,1.253374963998794556e-01,9.505981951951980591e-02,1.852959543466567993e-01,1.116403713822364807e-01,8.370919525623321533e-02,1.953534334897994995e-01,1.869435161352157593e-01,8.864222466945648193e-02,1.323136985301971436e-01,2.468249201774597168e-02,-8.389913290739059448e-02,6.037610769271850586e-02,1.780349016189575195e-01,1.851692050695419312e-01
3.771713376045227051e-01,5.453580021858215332e-01,1.846559941768646240e-01,6.072866320610046387e-01,-6.087823584675788879e-02,2.259084954857826233e-02,2.763214409351348877e-01,1.000000000000000000e+00,-1.025365218520164490e-01,-1.067766919732093811e-01,3.844521939754486084e-01,5.922397375106811523e-01,3.053858876228332520e-01,6.773282289505004883e-01,8.436887525022029877e-03,2.610143423080444336e-01,3.328794240951538086e-01,3.150303065776824951e-01,2.386708110570907593e-01,4.458871856331825256e-02,2.764549553394317627e-01,3.541921675205230713e-01,3.039263784885406494e-01,4.967214763164520264e-01,9.468770772218704224e-02,1.678657531738281250e-01,1.378026008605957031e-01,2.526174783706665039e-01,1.857069432735443115e-01,4.619345963001251221e-01,3.328678011894226074e-01,3.128657042980194092e-01,2.583076059818267822e-01,3.390538692474365234e-01,-2.956392010673880577e-03,8.734436333179473877e-02,3.364869952201843262e-02,2.743746154010295868e-02,-2.211183868348598480e-02,1.238833554089069366e-02,-5.659784749150276184e-02,9.447298198938369751e-02,-4.165923595428466797e-02,2.956769429147243500e-02,-1.341923624277114868e-01,-3.636480495333671570e-02,2.275186404585838318e-02,4.613246023654937744e-02,-3.994905576109886169e-02,-4.194157570600509644e-02,-6.274531781673431396e-02,1.182472240179777145e-02,3.428952395915985107e-02,2.969967573881149292e-02,3.261549770832061768e-01,3.783768117427825928e-01,3.094875812530517578e-01,4.645840823650360107e-01,2.014547288417816162e-01,3.046057224273681641e-01,1.605740487575531006e-01,2.678558826446533203e-01,1.296557039022445679e-01,4.020865261554718018e-01,-1.323437392711639404e-01,2.406948059797286987e-01,1.852500736713409424e-01,2.510256767272949219e-01,-7.566349953413009644e-02,-1.361961066722869873e-01,3.132084906101226807e-01,3.309012353420257568e-01,1.920691132545471191e-01,2.971304953098297119e-01,3.418678641319274902e-01,3.126640617847442627e-01,2.574685811996459961e-01,3.150652945041656494e-01,1.904829144477844238e-01,1.335791796445846558e-01,2.672387361526489258e-01,3.883527219295501709e-01,9.421586245298385620e-02,3.399814963340759277e-01,9.543769806623458862e-02,3.331965208053588867e-01,-9.144977480173110962e-02,2.930453605949878693e-02,6.707207113504409790e-02,3.461140394210815430e-01,1.284024268388748169e-01,1.536797583103179932e-01,4.492915794253349304e-02,-1.177843064069747925e-01,2.299564331769943237e-02,-1.024898700416088104e-02,3.436865806579589844e-01,3.845548927783966064e-01,2.890174984931945801e-01,2.870268821716308594e-01,8.019296824932098389e-02,-1.265323162078857422e-01,1.407989766448736191e-03,-2.982775866985321045e-02,7.389468699693679810e-02,3.400117903947830200e-02,-3.646119311451911926e-02,5.096778646111488342e-02,1.778429746627807617e-01,1.063542217016220093e-01,3.458397686481475830e-01,2.425691187381744385e-01,1.408709138631820679e-01,-7.253895699977874756e-02,4.204575344920158386e-02,1.271081119775772095e-01
-1.485516428947448730e-01,-1.654054969549179077e-01,1.442047506570816040e-01,-2.559367381036281586e-02,6.644504070281982422e-01,5.216150879859924316e-01,-4.033592343330383301e-02,-1.025365218520164490e-01,1.000000000000000000e+00,6.445379853248596191e-01,9.373795241117477417e-02,-6.152348592877388000e-02,-3.520455211400985718e-02,-3.962746635079383850e-02,6.816912889480590820e-01,5.055440664291381836e-01,9.458335489034652710e-02,-1.764642447233200073e-01,2.368629351258277893e-02,1.858053170144557953e-02,1.297902613878250122e-01,1.222130581736564636e-01,7.783202826976776123e-02,2.208182588219642639e-02,5.077241063117980957e-01,3.640769720077514648e-01,5.304944515228271484e-01,4.055064022541046143e-01,6.824100762605667114e-02,1.740182191133499146e-02,2.519293129444122314e-02,3.550211340188980103e-02,-7.392875105142593384e-02,-8.344896137714385986e-02,-2.493451833724975586e-01,-1.932506412267684937e-01,-8.727803081274032593e-02,-8.189678937196731567e-02,3.662645444273948669e-02,4.145806282758712769e-02,8.059336245059967041e-02,1.053599640727043152e-01,5.403776653110980988e-03,-1.597150042653083801e-02,1.167948124930262566e-03,-1.563913375139236450e-01,8.175865747034549713e-03,-3.845074400305747986e-02,-4.769409447908401489e-02,-6.631902605295181274e-02,-1.160677075386047363e-01,-8.897756785154342651e-02,-3.262242674827575684e-02,3.890700265765190125e-02,2.721409872174263000e-02,7.068063318729400635e-02,-1.208598539233207703e-01,6.761305779218673706e-02,-1.545192599296569824e-01,-3.548040613532066345e-02,-1.612721681594848633e-01,8.561503142118453979e-03,-1.777520626783370972e-01,-1.102368012070655823e-01,-5.174511671066284180e-02,-1.526873707771301270e-01,-1.557860523462295532e-01,-1.443672329187393188e-01,-6.868617236614227295e-02,-1.363939046859741211e-01,-6.339380145072937012e-02,3.767724335193634033e-02,-3.574313363060355186e-03,7.755853980779647827e-02,-4.646796733140945435e-02,5.787226930260658264e-02,3.024394251406192780e-02,2.552789077162742615e-02,-1.116502191871404648e-02,-2.195387035608291626e-01,2.155282348394393921e-02,-9.980615973472595215e-02,4.307221472263336182e-01,3.050191700458526611e-01,1.015632450580596924e-01,1.783796027302742004e-02,3.333111107349395752e-01,4.336208105087280273e-01,2.734818160533905029e-01,1.769614070653915405e-01,-1.908532343804836273e-02,3.289658948779106140e-02,1.705462783575057983e-01,1.805018037557601929e-01,-3.744765743613243103e-02,2.406889200210571289e-02,-1.416709125041961670e-01,-7.296495884656906128e-02,-8.139260858297348022e-02,-2.463010139763355255e-02,1.285192668437957764e-01,1.801163703203201294e-01,1.070934459567070007e-01,1.382949054241180420e-01,-1.858069747686386108e-02,-2.603378333151340485e-02,-2.441389113664627075e-02,3.994074836373329163e-02,-1.991748809814453125e-02,1.605605147778987885e-02,-7.916032522916793823e-02,-1.504918783903121948e-01,-9.164721518754959106e-02,-3.502379730343818665e-02,-7.431844715029001236e-04,2.575157023966312408e-02
-2.554330527782440186e-01,-2.150739878416061401e-01,-6.569259613752365112e-02,-6.004469096660614014e-02,6.325899362564086914e-01,7.239446640014648438e-01,-1.360710561275482178e-01,-1.067766919732093811e-01,6.445379853248596191e-01,1.000000000000000000e+00,-2.397292293608188629e-02,-4.891452193260192871e-02,-1.619396954774856567e-01,-1.685554347932338715e-02,4.231808483600616455e-01,5.274188518524169922e-01,-1.098740263842046261e-03,-7.604324817657470703e-02,-1.871071755886077881e-01,-1.300671249628067017e-01,-7.106055319309234619e-02,-9.009018540382385254e-02,-1.598983108997344971e-01,-1.584640145301818848e-01,5.740807652473449707e-01,5.174687504768371582e-01,4.170730412006378174e-01,4.252233505249023438e-01,6.168177351355552673e-02,-3.992418199777603149e-02,1.011336408555507660e-02,1.228144690394401550e-01,-1.067165806889533997e-01,-1.416141986846923828e-01,-1.875903010368347168e-01,-2.051546275615692139e-01,1.558491885662078857e-01,1.344880014657974243e-01,1.730180382728576660e-01,2.482701241970062256e-01,1.878384351730346680e-01,9.343607723712921143e-02,-2.496733516454696655e-02,2.105227299034595490e-02,5.888194590806961060e-02,-9.678339958190917969e-02,-3.977245092391967773e-02,1.213503349572420120e-02,-8.551044738851487637e-04,-2.733755670487880707e-02,-4.763627424836158752e-02,-2.384850941598415375e-02,-9.800722450017929077e-02,8.193702250719070435e-02,-1.496665179729461670e-01,1.850480735301971436e-01,-2.216436266899108887e-01,-9.058742225170135498e-02,-8.963983505964279175e-02,-1.395836174488067627e-01,-1.414491236209869385e-01,-5.981644988059997559e-02,-6.092131137847900391e-02,4.056190326809883118e-02,-2.500874176621437073e-02,-1.068581268191337585e-01,-1.489745527505874634e-01,-1.168585717678070068e-01,-7.762113213539123535e-02,-7.205947488546371460e-02,-1.973473131656646729e-01,-1.385543644428253174e-01,-1.638782024383544922e-01,-1.474967002868652344e-01,-1.648001819849014282e-01,-1.076106131076812744e-01,-1.234313771128654480e-01,-1.328900605440139771e-01,1.828006654977798462e-02,-1.161682382225990295e-01,-1.662272401154041290e-02,-7.723878324031829834e-02,2.830480635166168213e-01,4.069882333278656006e-01,2.099398709833621979e-02,5.643518641591072083e-02,3.813804388046264648e-01,5.883654952049255371e-01,1.207422167062759399e-01,2.660435438156127930e-01,-1.084410622715950012e-01,1.688498556613922119e-01,7.242725044488906860e-02,2.918697893619537354e-01,8.068874478340148926e-02,1.708946228027343750e-01,-2.755186855792999268e-01,-5.288011208176612854e-02,-2.115942239761352539e-01,1.937666721642017365e-02,3.855475923046469688e-03,2.575364112854003906e-01,1.240492239594459534e-02,1.541828960180282593e-01,-1.335854679346084595e-01,-6.438919156789779663e-02,6.826779805123806000e-03,2.018916308879852295e-01,9.183546528220176697e-03,1.529372483491897583e-01,-7.101318240165710449e-02,-1.164806410670280457e-01,-4.504325985908508301e-02,-1.255235373973846436e-01,-1.262075453996658325e-01,-1.250685304403305054e-01
3.838724493980407715e-01,1.446448415517807007e-01,1.815157383680343628e-01,3.812377154827117920e-01,1.083168461918830872e-01,-3.926517441868782043e-02,3.740542829036712646e-01,3.844521939754486084e-01,9.373795241117477417e-02,-2.397292293608188629e-02,1.000000000000000000e+00,4.460609555244445801e-01,5.280790328979492188e-01,2.719882428646087646e-01,1.805520057678222656e-01,2.526416815817356110e-02,6.902914643287658691e-01,2.923434972763061523e-01,1.371409595012664795e-01,5.560753121972084045e-02,2.536498010158538818e-01,2.424520254135131836e-01,2.780094146728515625e-01,2.808849215507507324e-01,3.387912735342979431e-02,4.478733986616134644e-02,6.944003701210021973e-02,6.318821758031845093e-02,4.670299291610717773e-01,2.453885525465011597e-01,4.407012760639190674e-01,3.617075085639953613e-01,1.190570294857025146e-01,1.485802680253982544e-01,6.439853459596633911e-02,2.530662342905998230e-02,2.042356729507446289e-01,3.920974209904670715e-02,1.871404945850372314e-01,-1.459358911961317062e-02,1.354439109563827515e-01,-1.323447655886411667e-02,2.094040364027023315e-01,1.896131038665771484e-01,-6.594219058752059937e-02,-1.576837450265884399e-01,2.893685400485992432e-01,2.169730961322784424e-01,-8.432083576917648315e-02,-1.693623661994934082e-01,-5.740550905466079712e-02,-1.882417649030685425e-01,2.237872481346130371e-01,-4.000201355665922165e-03,3.883898556232452393e-01,8.664295822381973267e-02,3.404329717159271240e-01,9.165478497743606567e-02,1.559486687183380127e-01,1.564237773418426514e-01,5.297604575753211975e-02,3.518460551276803017e-03,2.158666849136352539e-01,-6.762468069791793823e-02,-2.977782627567648888e-03,-1.259571462869644165e-01,2.399805337190628052e-01,1.993779689073562622e-01,9.211054444313049316e-02,6.190568581223487854e-02,2.478990703821182251e-01,1.816924214363098145e-01,2.026484161615371704e-01,1.438517421483993530e-01,2.400518804788589478e-01,1.268580704927444458e-01,2.220326960086822510e-01,1.712007522583007812e-01,5.040264129638671875e-01,2.355057895183563232e-01,5.528424382209777832e-01,1.887633651494979858e-01,2.189798653125762939e-01,2.730409801006317139e-02,4.731988310813903809e-01,2.346856333315372467e-02,1.094780117273330688e-01,-1.100325025618076324e-02,4.439028203487396240e-01,5.280826706439256668e-03,2.204627543687820435e-01,-4.953100159764289856e-02,1.131066009402275085e-01,-8.876214921474456787e-02,2.744754850864410400e-01,1.475576460361480713e-01,2.650712728500366211e-01,7.907243818044662476e-02,2.958885729312896729e-01,6.523019075393676758e-02,1.414821445941925049e-01,-1.013760641217231750e-02,2.292701601982116699e-01,6.405970454216003418e-02,2.251314520835876465e-01,1.125481128692626953e-01,1.670801788568496704e-01,1.094182059168815613e-01,2.378083616495132446e-01,1.800548434257507324e-01,1.589370369911193848e-01,1.102004349231719971e-01,2.349189016968011856e-04,1.300336569547653198e-01,2.126838266849517822e-01,1.274297535419464111e-01
3.691950440406799316e-01,4.229125380516052246e-01,2.462950497865676880e-01,3.864824473857879639e-01,-8.449372649192810059e-02,-4.931015148758888245e-02,3.813781738281250000e-01,5.922397375106811523e-01,-6.152348592877388000e-02,-4.891452193260192871e-02,4.460609555244445801e-01,1.000000000000000000e+00,3.449716866016387939e-01,5.416532158851623535e-01,1.923626847565174103e-02,1.800219863653182983e-01,3.905876576900482178e-01,5.235306620597839355e-01,1.195903569459915161e-01,-2.266543731093406677e-02,2.351159602403640747e-01,2.699601352214813232e-01,2.648873627185821533e-01,3.335406184196472168e-01,1.331613492220640182e-02,-3.919464070349931717e-03,6.063105165958404541e-02,8.979455381631851196e-02,3.120531439781188965e-01,5.543863177299499512e-01,4.202322661876678467e-01,3.091916739940643311e-01,2.734762132167816162e-01,3.109408915042877197e-01,6.011027097702026367e-02,3.550264611840248108e-02,3.941798210144042969e-02,1.660267114639282227e-01,7.265672832727432251e-02,1.783259809017181396e-01,-6.388745270669460297e-03,1.625646501779556274e-01,-3.905975818634033203e-02,1.441565155982971191e-01,-1.275210529565811157e-01,-6.788685172796249390e-02,1.073361262679100037e-01,1.277325749397277832e-01,1.344078686088323593e-02,1.001742761582136154e-02,-5.963447317481040955e-02,9.851106442511081696e-03,-1.766529679298400879e-02,1.033283397555351257e-01,2.290309369564056396e-01,3.921293318271636963e-01,2.244619876146316528e-01,3.723991513252258301e-01,5.715621262788772583e-02,1.558149755001068115e-01,2.590063400566577911e-02,1.214313358068466187e-01,5.877024307847023010e-02,2.480342537164688110e-01,-1.462833583354949951e-01,1.765979081392288208e-01,1.493967175483703613e-01,1.788393259048461914e-01,-9.329418092966079712e-02,-1.235212162137031555e-01,2.269298136234283447e-01,1.611107438802719116e-01,2.080774605274200439e-01,2.879353165626525879e-01,3.046451210975646973e-01,2.782430052757263184e-01,1.680885702371597290e-01,2.289758026599884033e-01,3.056310117244720459e-01,2.345347553491592407e-01,2.689670622348785400e-01,4.917449057102203369e-01,2.950824052095413208e-02,2.507549524307250977e-01,1.890764385461807251e-01,3.057721257209777832e-01,-8.452077209949493408e-02,3.726672381162643433e-02,1.139912381768226624e-01,2.369205951690673828e-01,3.361425921320915222e-02,5.893455818295478821e-02,3.472401201725006104e-02,-4.443068802356719971e-02,1.192359551787376404e-01,8.558574318885803223e-02,2.885817289352416992e-01,3.457704782485961914e-01,2.462427020072937012e-01,2.510400712490081787e-01,6.587993353605270386e-02,-1.422107033431529999e-02,5.508628487586975098e-02,8.466527611017227173e-02,1.563331335783004761e-01,1.549465954303741455e-01,2.357530780136585236e-02,1.289151012897491455e-01,1.845864355564117432e-01,1.085721403360366821e-01,1.797527968883514404e-01,1.903062909841537476e-01,9.077268093824386597e-02,-1.447110157459974289e-02,1.376420706510543823e-01,2.312546968460083008e-01
3.873345553874969482e-01,7.585020363330841064e-02,2.753975689411163330e-01,2.976313233375549316e-01,6.013076007366180420e-02,-5.545995011925697327e-02,4.779567122459411621e-01,3.053858876228332520e-01,-3.520455211400985718e-02,-1.619396954774856567e-01,5.280790328979492188e-01,3.449716866016387939e-01,1.000000000000000000e+00,3.931565284729003906e-01,1.406285613775253296e-01,-3.612443804740905762e-02,4.797756671905517578e-01,1.777542233467102051e-01,7.775495946407318115e-02,-4.140972159802913666e-03,2.034197747707366943e-01,1.758392304182052612e-01,2.947987914085388184e-01,3.073142170906066895e-01,1.984514296054840088e-02,2.287641726434230804e-02,-2.317628590390086174e-03,5.245425272732973099e-03,5.883275270462036133e-01,3.590436875820159912e-01,4.062578082084655762e-01,2.938601076602935791e-01,1.177289243787527084e-02,4.724789410829544067e-02,-5.193236283957958221e-04,-5.063791573047637939e-02,9.444024413824081421e-02,5.973790772259235382e-03,9.795607626438140869e-02,-8.692283183336257935e-02,4.146179184317588806e-02,1.547103747725486755e-03,-4.037205502390861511e-02,3.648937866091728210e-02,-1.118729412555694580e-01,5.278188362717628479e-02,4.668993130326271057e-02,2.403525076806545258e-02,7.587485015392303467e-02,5.696572735905647278e-02,1.105624735355377197e-01,-4.123542457818984985e-02,2.255050241947174072e-01,1.412524841725826263e-02,2.783392071723937988e-01,5.769613757729530334e-02,3.237834572792053223e-01,8.344303071498870850e-02,1.335953027009963989e-01,5.404035001993179321e-02,3.682916983962059021e-02,-6.388437002897262573e-02,1.274000406265258789e-01,3.180591389536857605e-02,-1.054935064166784286e-02,5.029207468032836914e-02,3.969597443938255310e-02,1.783625222742557526e-02,6.579145044088363647e-02,3.005095943808555603e-02,3.069666624069213867e-01,2.638653218746185303e-01,3.253309130668640137e-01,2.214623987674713135e-01,2.679496705532073975e-01,1.804647445678710938e-01,1.376507729291915894e-01,1.197801977396011353e-01,3.045634925365447998e-01,1.650682091712951660e-01,4.621095657348632812e-01,2.343532890081405640e-01,2.212068587541580200e-01,2.091457135975360870e-02,4.199524819850921631e-01,8.887365460395812988e-02,-4.340013838373124599e-04,-5.547755584120750427e-02,2.911376655101776123e-01,2.108749235048890114e-03,1.170718818902969360e-01,-3.420593962073326111e-02,8.887519687414169312e-02,3.481838153675198555e-03,9.497755765914916992e-02,-7.301487959921360016e-03,2.765132188796997070e-01,6.592831015586853027e-02,1.730726957321166992e-01,2.529712766408920288e-02,1.007983982563018799e-01,2.903064340353012085e-02,1.669391244649887085e-01,4.481450095772743225e-02,1.531455069780349731e-01,8.154764771461486816e-02,-1.782811013981699944e-03,9.492243081331253052e-02,1.475187093019485474e-01,9.902083873748779297e-02,1.745342314243316650e-01,6.325094401836395264e-02,-1.261045932769775391e-01,3.369013592600822449e-02,8.223704248666763306e-02,3.801803663372993469e-02
