1.000000000000000000e+00,4.178045094013214111e-01,1.622346788644790649e-01,8.135464787483215332e-02,7.618710398674011230e-02,-4.655128344893455505e-02,2.465711832046508789e-01,2.853113412857055664e-01,1.088474094867706299e-01,1.893290430307388306e-01,3.309086859226226807e-01,1.525565534830093384e-01,3.210289776325225830e-01,2.802881002426147461e-01,1.546182036399841309e-01,2.401244640350341797e-01,-9.502054005861282349e-02,-2.153543829917907715e-01,1.522717066109180450e-02,-7.640337571501731873e-03,5.775492638349533081e-02,1.043910905718803406e-01,1.071592643857002258e-01,3.922943398356437683e-02,-4.166398197412490845e-02,-2.855389378964900970e-02,-9.175430238246917725e-02,-2.715568989515304565e-02,1.814722269773483276e-01,8.054642006754875183e-03,1.386140882968902588e-01,7.615365833044052124e-02,2.483778595924377441e-01,7.595986127853393555e-02,3.162731230258941650e-02,5.087484419345855713e-02,9.345737844705581665e-02,6.206194311380386353e-02,2.343261428177356720e-02,1.023478507995605469e-01,9.444218873977661133e-02,1.101832985877990723e-01,8.147211372852325439e-02,-2.072977833449840546e-03,-1.115774363279342651e-01,4.255895316600799561e-02,-3.611644729971885681e-02,3.073969669640064240e-02,1.444442272186279297e-01,9.542424231767654419e-02,9.944625198841094971e-02,-1.153079569339752197e-01,1.747138947248458862e-01,5.433027446269989014e-02,1.341433674097061157e-01,2.603591047227382660e-02,4.463284611701965332e-01,1.405812054872512817e-01,-1.055077835917472839e-01,3.592937067151069641e-02,1.046312227845191956e-01,-3.665093332529067993e-02,3.620678558945655823e-02,5.086436495184898376e-02,-2.396112382411956787e-01,-1.521730720996856689e-01,-1.089118719100952148e-01,-1.084447801113128662e-01,4.297780990600585938e-01,3.358010947704315186e-01,1.018081977963447571e-01,7.271401584148406982e-02,1.766078621149063110e-01,6.026685237884521484e-02,1.335837841033935547e-01,-1.693704538047313690e-02,6.243076920509338379e-02,5.247420445084571838e-02,-1.659399569034576416e-01,-1.991869509220123291e-01,-1.424140036106109619e-01,-1.908441632986068726e-01,1.472576260566711426e-01,1.339112818241119385e-01,-1.498329490423202515e-01,-7.069800794124603271e-02,3.633560612797737122e-03,5.049061030149459839e-02,-1.394204050302505493e-01,-1.706465929746627808e-01,2.184154540300369263e-01,-7.866060361266136169e-03,1.914973109960556030e-01,4.724871367216110229e-02,1.418244838714599609e-01,1.955983787775039673e-01,1.282163858413696289e-01,1.469919830560684204e-01,1.084333360195159912e-01,2.627287246286869049e-02,1.540224552154541016e-01,7.140231318771839142e-03,6.222071871161460876e-02,1.411008983850479126e-01,2.631661854684352875e-02,-3.995155915617942810e-02,-2.328024432063102722e-02,5.494466982781887054e-03,7.427705824375152588e-02,1.252227723598480225e-01,-4.200356453657150269e-02,1.001540943980216980e-01,8.042595535516738892e-02,3.914777189493179321e-02,-2.607246860861778259e-02,-4.973622038960456848e-02
4.178045094013214111e-01,1.000000000000000000e+00,-1.571039110422134399e-02,-1.140736192464828491e-01,9.775502234697341919e-02,-2.724555879831314087e-02,-3.466115519404411316e-02,1.401039510965347290e-01,1.162358075380325317e-01,1.921030580997467041e-01,2.654675841331481934e-01,3.675161302089691162e-01,3.127458095550537109e-01,2.832531630992889404e-01,8.821095526218414307e-02,2.719009518623352051e-01,1.683699786663055420e-01,2.164435386657714844e-01,1.511801965534687042e-02,7.188701629638671875e-02,1.120935976505279541e-01,1.409198194742202759e-01,-3.731976822018623352e-02,4.556146741379052401e-04,-2.534520067274570465e-02,1.835604943335056305e-02,-8.204358816146850586e-02,-4.710920527577400208e-02,1.305412501096725464e-01,4.926340654492378235e-02,7.532374560832977295e-02,7.982113212347030640e-02,1.100422441959381104e-01,6.734134256839752197e-02,-8.444743603467941284e-02,-3.387593850493431091e-02,-6.157162785530090332e-02,3.941757604479789734e-02,-9.377393871545791626e-02,5.861371755599975586e-03,5.311019718647003174e-02,1.874403953552246094e-01,2.664780020713806152e-01,2.513030171394348145e-01,1.525567173957824707e-01,2.276041358709335327e-01,1.434253454208374023e-01,2.513721585273742676e-01,1.879609525203704834e-01,2.397198230028152466e-01,2.808882594108581543e-01,3.056330978870391846e-01,1.899742782115936279e-01,2.606796622276306152e-01,-1.551206316798925400e-02,-1.763139269314706326e-03,3.950286507606506348e-01,5.928165912628173828e-01,-1.279204636812210083e-01,-1.625674776732921600e-02,5.895099788904190063e-02,8.172640949487686157e-02,5.388092994689941406e-02,1.600995808839797974e-01,-7.124110311269760132e-02,-5.160519853234291077e-02,-1.939043700695037842e-01,-1.104667037725448608e-01,2.895950376987457275e-01,3.526667058467864990e-01,-7.796076685190200806e-02,-8.114191144704818726e-02,-2.494914829730987549e-02,-4.846479743719100952e-02,1.004419922828674316e-01,-5.395952612161636353e-02,-7.511770725250244141e-02,-4.279675707221031189e-02,2.009570971131324768e-02,7.985127717256546021e-02,9.584568440914154053e-02,1.720681786537170410e-01,1.607989817857742310e-01,2.843183875083923340e-01,1.430970281362533569e-01,3.032141625881195068e-01,6.953490525484085083e-02,3.225378692150115967e-01,2.014960050582885742e-01,3.019193708896636963e-01,1.518144607543945312e-01,3.205646574497222900e-01,1.791044920682907104e-01,4.050202965736389160e-01,4.341326653957366943e-02,1.339025199413299561e-01,4.833713546395301819e-02,6.087245047092437744e-02,7.190074771642684937e-02,1.217800453305244446e-01,1.641463786363601685e-01,2.723261117935180664e-01,-2.038171701133251190e-02,1.226610764861106873e-01,1.123719196766614914e-02,1.201081797480583191e-01,-8.087860792875289917e-02,6.510321050882339478e-02,4.677248001098632812e-02,5.148414149880409241e-02,3.833397291600704193e-03,2.190347760915756226e-02,2.094703465700149536e-01,2.418607845902442932e-02,-6.512829661369323730e-02,-2.326080389320850372e-02
1.622346788644790649e-01,-1.571039110422134399e-02,1.000000000000000000e+00,5.286985039710998535e-01,4.051115736365318298e-02,9.745269082486629486e-03,6.605704426765441895e-01,6.038064956665039062e-01,-5.797899514436721802e-02,-5.426475405693054199e-02,1.962838470935821533e-01,5.642531812191009521e-02,2.445225417613983154e-01,3.314038217067718506e-01,-5.679309740662574768e-02,1.946667791344225407e-03,-1.507347077131271362e-01,-1.412399113178253174e-01,-8.555573970079421997e-02,-1.207823529839515686e-01,-1.173612028360366821e-01,-1.024027764797210693e-01,2.555090188980102539e-01,2.859200537204742432e-01,1.455858647823333740e-01,7.691170275211334229e-02,6.972380727529525757e-02,2.182528749108314514e-02,2.412572354078292847e-01,1.447277814149856567e-01,1.111676618456840515e-01,5.036641657352447510e-02,6.493059545755386353e-02,4.068332910537719727e-02,1.976018585264682770e-02,1.515340656042098999e-01,1.268954128026962280e-01,6.792875379323959351e-02,2.116062939167022705e-01,1.567923873662948608e-01,1.587900072336196899e-01,1.495627313852310181e-01,-3.340739011764526367e-02,-6.086450070142745972e-02,-1.653453111648559570e-01,-4.524820297956466675e-02,-1.894109845161437988e-01,-1.520140171051025391e-01,-2.015358805656433105e-01,2.399972267448902130e-02,-1.525192707777023315e-01,-1.453538239002227783e-01,-5.769750103354454041e-02,-1.895268708467483521e-01,9.083142876625061035e-02,7.671659439802169800e-02,-9.949723631143569946e-02,-1.785003691911697388e-01,-1.241302713751792908e-01,-1.522627472877502441e-01,-1.301076412200927734e-01,-2.034747898578643799e-01,-2.215997874736785889e-01,-1.158228889107704163e-01,-2.191248089075088501e-01,-1.092659682035446167e-01,-1.194057539105415344e-01,-1.296400576829910278e-01,-1.385406851768493652e-01,-3.985720500349998474e-02,-1.125306040048599243e-01,-5.433173850178718567e-03,2.396158277988433838e-01,1.901776790618896484e-01,1.674781925976276398e-02,4.409794230014085770e-03,3.366194292902946472e-02,9.372015297412872314e-02,-6.262632459402084351e-02,-1.183241680264472961e-01,-2.512919902801513672e-01,-2.747402489185333252e-01,-2.984123118221759796e-02,7.968722283840179443e-02,-2.473975569009780884e-01,-1.622562408447265625e-01,-2.342536672949790955e-02,-3.512626141309738159e-02,-1.130217760801315308e-01,-2.009768933057785034e-01,-6.998632103204727173e-02,-1.501133888959884644e-01,-6.550361961126327515e-02,-1.600099843926727772e-03,-1.757184788584709167e-02,8.068936318159103394e-02,-6.578679382801055908e-02,6.045446172356605530e-02,-8.262073993682861328e-02,-2.550092339515686035e-02,-2.076972834765911102e-02,2.386006712913513184e-02,5.682785063982009888e-03,1.049847342073917389e-02,7.668614387512207031e-02,2.262458018958568573e-02,9.903780370950698853e-02,1.502188593149185181e-01,6.350795179605484009e-02,-2.473904751241207123e-03,-1.119238976389169693e-02,-9.749605506658554077e-02,-2.727456018328666687e-02,-4.421861842274665833e-02,-5.724312365055084229e-02,7.473741471767425537e-02
8.135464787483215332e-02,-1.140736192464828491e-01,5.286985039710998535e-01,1.000000000000000000e+00,-8.078767359256744385e-02,-3.692755475640296936e-02,4.784002304077148438e-01,5.196307897567749023e-01,-1.660752892494201660e-01,-9.233711659908294678e-02,1.113617941737174988e-01,-4.348401911556720734e-03,-4.644507914781570435e-02,1.534995734691619873e-01,-3.509600833058357239e-02,-4.255020245909690857e-02,-2.235037982463836670e-01,-2.102090418338775635e-01,1.500946581363677979e-01,1.273295879364013672e-01,-1.051649525761604309e-01,-6.076632440090179443e-02,2.450546622276306152e-01,3.276877999305725098e-01,7.643640507012605667e-03,2.067754790186882019e-02,2.249754033982753754e-02,-4.905675351619720459e-02,8.593013137578964233e-02,3.442997857928276062e-02,7.743763923645019531e-02,6.459665298461914062e-02,1.176888868212699890e-01,1.820636987686157227e-01,4.670287668704986572e-02,4.451383277773857117e-02,6.886035203933715820e-02,1.011725291609764099e-01,8.165050297975540161e-02,5.634766072034835815e-02,1.022954732179641724e-01,3.515746816992759705e-02,-6.705806404352188110e-02,-1.360963657498359680e-02,-2.381071597337722778e-01,-7.507155835628509521e-02,-7.695755362510681152e-02,-6.632477045059204102e-02,-1.264029145240783691e-01,7.473955629393458366e-04,-1.314667910337448120e-01,-2.084318399429321289e-01,5.040740966796875000e-02,-1.296372115612030029e-01,8.298860490322113037e-02,5.169541016221046448e-02,-2.087707221508026123e-01,-2.268071621656417847e-01,-7.089936733245849609e-02,-9.632499516010284424e-02,-1.395657658576965332e-01,-1.708544045686721802e-01,-1.653250455856323242e-01,-1.120123714208602905e-01,-2.679626345634460449e-01,-1.023750081658363342e-01,-8.121846616268157959e-02,-1.022855862975120544e-01,-1.466808319091796875e-01,-1.808553747832775116e-02,-4.189103469252586365e-02,-4.818483442068099976e-02,1.213408410549163818e-01,1.100282818078994751e-01,-9.668239951133728027e-02,-9.818918257951736450e-02,1.731015555560588837e-02,4.119855910539627075e-02,-1.121527254581451416e-01,-1.581029295921325684e-01,-2.548237442970275879e-01,-3.369623124599456787e-01,-9.589800238609313965e-02,-1.293465048074722290e-01,-3.158966898918151855e-01,-2.425886839628219604e-01,-5.500224232673645020e-02,-1.274455040693283081e-01,-1.646458804607391357e-01,-1.988943368196487427e-01,-3.690224885940551758e-02,-1.847732216119766235e-01,-6.812670081853866577e-02,-1.187959834933280945e-01,-8.724855259060859680e-03,9.164699912071228027e-02,-5.539643764495849609e-02,1.555635407567024231e-02,-2.562833577394485474e-02,-4.080928117036819458e-02,-9.950802475214004517e-02,1.392326876521110535e-02,3.979284781962633133e-03,-4.614301770925521851e-02,4.722613468766212463e-02,-7.560420781373977661e-02,-7.578027900308370590e-03,-3.411251679062843323e-02,-2.987573109567165375e-02,1.175396367907524109e-01,6.604916602373123169e-02,-1.406511217355728149e-01,-1.710278838872909546e-01,-2.141450531780719757e-04,-2.842933870851993561e-02,7.777711749076843262e-02
7.618710398674011230e-02,9.775502234697341919e-02,4.051115736365318298e-02,-8.078767359256744385e-02,1.000000000000000000e+00,5.004836916923522949e-01,-4.128168895840644836e-02,5.228624492883682251e-02,5.662025213241577148e-01,5.037178993225097656e-01,-3.968662023544311523e-02,-1.016617715358734131e-01,1.875770092010498047e-01,1.163251176476478577e-01,4.361269176006317139e-01,3.792966604232788086e-01,-1.627911254763603210e-02,-6.068721786141395569e-02,5.612323060631752014e-02,7.415009289979934692e-02,1.872508227825164795e-01,2.482660710811614990e-01,2.568149566650390625e-01,2.115610837936401367e-01,4.322013258934020996e-01,5.048518776893615723e-01,3.359923660755157471e-01,4.621029496192932129e-01,1.200859770178794861e-01,-1.868095993995666504e-02,3.767500817775726318e-01,4.362941980361938477e-01,6.731948256492614746e-02,3.139834478497505188e-02,1.556874960660934448e-01,6.261225789785385132e-02,2.860751561820507050e-02,9.680426120758056641e-02,7.046819478273391724e-02,1.401976794004440308e-01,-7.134032249450683594e-02,2.403512783348560333e-02,1.111285313963890076e-01,1.036253720521926880e-01,1.183567941188812256e-01,1.140184104442596436e-01,7.459895312786102295e-02,1.322005689144134521e-01,8.859959989786148071e-02,9.727717936038970947e-02,1.549077928066253662e-01,9.939475357532501221e-02,3.386726975440979004e-02,6.565728038549423218e-02,-5.376875028014183044e-02,5.159831047058105469e-02,1.728720664978027344e-01,1.675164997577667236e-01,1.266783773899078369e-01,2.205933034420013428e-01,1.715576201677322388e-01,1.947335600852966309e-01,1.007161661982536316e-01,1.066228225827217102e-01,1.225281506776809692e-01,1.315248161554336548e-01,5.978311970829963684e-02,6.392996758222579956e-02,1.409657001495361328e-01,-4.013669118285179138e-02,1.858789622783660889e-01,1.066623032093048096e-01,3.720466047525405884e-02,3.406890854239463806e-02,1.424091905355453491e-01,4.285806044936180115e-02,1.117975190281867981e-01,1.664974391460418701e-01,-3.896131739020347595e-02,5.263371020555496216e-02,1.602471433579921722e-02,9.174595028162002563e-02,1.813297271728515625e-01,1.662426292896270752e-01,2.242067456245422363e-02,5.347021296620368958e-02,-2.177625894546508789e-03,1.332851052284240723e-01,-3.819597139954566956e-02,-7.887627184391021729e-02,1.191890463232994080e-01,1.595207750797271729e-01,2.837586700916290283e-01,1.478892266750335693e-01,9.465056657791137695e-02,1.437368541955947876e-01,2.611505566164851189e-03,1.025557816028594971e-01,3.345033386722207069e-03,1.014983877539634705e-01,1.074130013585090637e-01,5.755668133497238159e-02,-7.973276823759078979e-02,-3.365020081400871277e-02,-7.096739858388900757e-02,2.866574749350547791e-02,-6.399152427911758423e-02,1.255243420600891113e-01,1.491734981536865234e-01,1.179133951663970947e-01,-1.173047255724668503e-02,1.080127730965614319e-01,-2.489260630682110786e-03,7.903642207384109497e-02,1.232140958309173584e-01,-7.930842228233814240e-03
-4.655128344893455505e-02,-2.724555879831314087e-02,9.745269082486629486e-03,-3.692755475640296936e-02,5.004836916923522949e-01,1.000000000000000000e+00,-8.821063488721847534e-02,5.212661251425743103e-02,3.822874426841735840e-01,4.793325662612915039e-01,-9.833819419145584106e-02,-2.146062254905700684e-01,-1.495683658868074417e-02,-2.857760526239871979e-02,2.592869400978088379e-01,3.125138878822326660e-01,-3.649852797389030457e-02,-6.116229295730590820e-02,2.122639212757349014e-03,3.758369130082428455e-04,1.562328934669494629e-01,1.714086681604385376e-01,1.755850613117218018e-01,1.142195388674736023e-01,3.811273872852325439e-01,4.386089146137237549e-01,3.669320046901702881e-01,5.132582783699035645e-01,3.539065271615982056e-02,-1.073296666145324707e-01,6.543865054845809937e-02,1.373373866081237793e-01,6.968498975038528442e-02,5.819188896566629410e-03,1.160451471805572510e-01,-3.823921456933021545e-02,-1.268486827611923218e-01,-5.575823411345481873e-02,8.464983105659484863e-02,1.907871104776859283e-02,-1.550403386354446411e-01,-1.258957982063293457e-01,-3.938000276684761047e-02,-3.253931924700737000e-02,3.721946850419044495e-02,-6.256397068500518799e-02,-7.139594852924346924e-02,-2.755690924823284149e-02,1.527774240821599960e-02,-4.756223782896995544e-02,1.016200408339500427e-01,-7.975886575877666473e-03,2.228201180696487427e-02,-1.869274862110614777e-02,-1.166587546467781067e-01,5.949259921908378601e-02,1.276842802762985229e-01,6.689549982547760010e-02,1.488559693098068237e-01,1.083108335733413696e-01,1.880590915679931641e-01,1.310967504978179932e-01,8.849168568849563599e-02,1.886817626655101776e-02,1.284030675888061523e-01,1.099443342536687851e-02,9.471481293439865112e-02,3.766779974102973938e-02,1.598115637898445129e-02,-3.724759072065353394e-02,-1.978765055537223816e-02,-2.613538689911365509e-02,-1.407046709209680557e-02,-1.019027978181838989e-01,1.483231876045465469e-02,-4.895767197012901306e-02,5.309850350022315979e-02,1.793745718896389008e-02,-5.236272141337394714e-02,3.831062465906143188e-02,-8.265340700745582581e-03,8.176425844430923462e-02,1.303689181804656982e-01,1.177996322512626648e-01,-4.180170968174934387e-02,2.135816961526870728e-02,-4.526768997311592102e-02,-1.283415779471397400e-02,-7.470145821571350098e-02,-8.896282315254211426e-02,1.226784363389015198e-01,1.245967224240303040e-01,2.677954435348510742e-01,1.106077507138252258e-01,2.582418918609619141e-02,-1.423050742596387863e-02,-4.979742318391799927e-02,-4.890386760234832764e-02,-7.925066351890563965e-02,1.921314001083374023e-02,1.590569615364074707e-01,2.087983861565589905e-02,-3.867383673787117004e-02,-9.380412101745605469e-02,-3.623703122138977051e-02,1.070563588291406631e-02,-5.651556700468063354e-02,1.031210422515869141e-01,3.393919020891189575e-02,-3.982271254062652588e-02,-1.642100326716899872e-02,2.549625746905803680e-02,-7.526823878288269043e-02,9.193810820579528809e-02,5.824934318661689758e-02,-4.131130129098892212e-02
2.465711832046508789e-01,-3.466115519404411316e-02,6.605704426765441895e-01,4.784002304077148438e-01,-4.128168895840644836e-02,-8.821063488721847534e-02,1.000000000000000000e+00,6.891377568244934082e-01,-1.395533047616481781e-02,-1.349354237318038940e-01,2.344050258398056030e-01,2.571118064224720001e-02,3.711806535720825195e-01,4.713143408298492432e-01,-4.639767855405807495e-02,-9.474401175975799561e-02,-2.558973133563995361e-01,-2.144727408885955811e-01,-2.111552953720092773e-01,-2.193645685911178589e-01,-1.903051137924194336e-01,-1.181716769933700562e-01,9.510248154401779175e-02,1.521522849798202515e-01,3.825380653142929077e-02,3.667818382382392883e-02,-3.821327164769172668e-02,-5.822099372744560242e-02,1.962828338146209717e-01,1.298365592956542969e-01,3.865069150924682617e-02,9.106936864554882050e-03,-7.873728871345520020e-02,-8.657888323068618774e-02,-8.701726794242858887e-02,5.242913216352462769e-02,2.100298851728439331e-01,5.613178014755249023e-02,1.911475062370300293e-01,1.291930973529815674e-01,2.011693716049194336e-01,1.603158563375473022e-01,-1.039521545171737671e-01,-6.604686379432678223e-02,-3.086425364017486572e-01,-1.202379763126373291e-01,-8.889923989772796631e-02,-8.490566909313201904e-02,-3.345018625259399414e-01,-2.695661969482898712e-02,-2.681835889816284180e-01,-2.044129222631454468e-01,-5.505678430199623108e-02,-1.228573173284530640e-01,1.318504959344863892e-01,2.103798836469650269e-02,-2.347556501626968384e-01,-2.969163656234741211e-01,-2.701629698276519775e-01,-2.609144747257232666e-01,-2.666791975498199463e-01,-2.601366639137268066e-01,-3.552415072917938232e-01,-2.381324917078018188e-01,-3.238749206066131592e-01,-1.732102781534194946e-01,-2.843635082244873047e-01,-3.000256121158599854e-01,-2.296003103256225586e-01,-3.083148039877414703e-02,-1.265440136194229126e-01,-4.179248213768005371e-02,1.992188543081283569e-01,2.158152163028717041e-01,3.822606429457664490e-02,-3.776792436838150024e-02,-1.803611591458320618e-02,2.777108736336231232e-02,-1.619187295436859131e-01,-2.044620513916015625e-01,-3.112933039665222168e-01,-3.682307898998260498e-01,-1.824018061161041260e-01,4.041332751512527466e-02,-2.956109344959259033e-01,-2.338985353708267212e-01,-3.226332738995552063e-02,-9.146366268396377563e-03,-2.177185714244842529e-01,-2.262033671140670776e-01,-8.431347459554672241e-02,-1.895648837089538574e-01,-2.029998749494552612e-01,-9.870114177465438843e-02,3.534972667694091797e-02,9.935947507619857788e-02,3.508365899324417114e-02,1.011956557631492615e-01,-4.736568406224250793e-02,-8.931485563516616821e-02,-1.651250720024108887e-01,-5.000864714384078979e-02,1.293072942644357681e-02,-1.362958806566894054e-03,8.965954929590225220e-02,-1.116214022040367126e-01,1.326763182878494263e-01,6.611808389425277710e-02,6.317818164825439453e-02,6.540493667125701904e-02,7.096675038337707520e-02,-2.233728617429733276e-01,-1.533966660499572754e-01,-1.714171171188354492e-01,-1.319768279790878296e-01,6.058588624000549316e-02
2.853113412857055664e-01,1.401039510965347290e-01,6.038064956665039062e-01,5.196307897567749023e-01,5.228624492883682251e-02,5.212661251425743103e-02,6.891377568244934082e-01,1.000000000000000000e+00,-1.350172236561775208e-02,5.000803619623184204e-02,1.084825545549392700e-01,4.567001946270465851e-03,2.848400175571441650e-01,5.269727110862731934e-01,3.094633668661117554e-02,1.246637329459190369e-01,-3.056479394435882568e-01,-2.576963305473327637e-01,-2.350967377424240112e-01,-2.533196210861206055e-01,-6.988976150751113892e-02,-3.209410980343818665e-02,1.800670921802520752e-01,2.216447293758392334e-01,9.490499645471572876e-02,5.469211935997009277e-02,-2.576075866818428040e-02,1.765460148453712463e-02,1.780776679515838623e-01,5.774722248315811157e-02,4.720452427864074707e-02,1.709958910942077637e-02,-2.114753006026148796e-03,-9.267340600490570068e-02,-4.403585568070411682e-02,-1.759423874318599701e-02,4.651485383510589600e-02,1.006816029548645020e-01,1.137446314096450806e-01,1.568113714456558228e-01,9.509868919849395752e-02,1.378752738237380981e-01,6.637875456362962723e-03,5.076816305518150330e-02,-2.097215801477432251e-01,-7.019458711147308350e-02,-6.431399285793304443e-02,-1.056154817342758179e-02,-1.971128582954406738e-01,4.437575489282608032e-02,-1.111500710248947144e-01,-1.377015709877014160e-01,6.608348339796066284e-02,-3.669813275337219238e-02,3.822116553783416748e-02,8.059797435998916626e-02,-4.885820671916007996e-02,-1.340679079294204712e-01,-2.546818256378173828e-01,-2.099351882934570312e-01,-1.481133252382278442e-01,-2.399566620588302612e-01,-3.107811510562896729e-01,-2.456371784210205078e-01,-3.372838795185089111e-01,-2.149709165096282959e-01,-2.717796564102172852e-01,-2.919906675815582275e-01,-1.681544929742813110e-01,-1.123672351241111755e-02,-1.993771344423294067e-01,-1.371002346277236938e-01,1.897329092025756836e-01,1.664985716342926025e-01,3.876243159174919128e-02,-1.235045492649078369e-01,-1.211847737431526184e-02,4.384275898337364197e-02,-2.421736270189285278e-01,-2.224460840225219727e-01,-3.639441430568695068e-01,-3.569422066211700439e-01,2.851068228483200073e-02,1.784447133541107178e-01,-3.323424160480499268e-01,-1.160348281264305115e-01,-5.888194218277931213e-02,9.349463507533073425e-04,-2.378067374229431152e-01,-1.733783185482025146e-01,4.076489433646202087e-02,-4.644919931888580322e-02,1.440525986254215240e-02,5.035305023193359375e-02,1.758178696036338806e-02,1.632691025733947754e-01,4.188770800828933716e-02,9.960201382637023926e-02,-2.194770239293575287e-02,-3.212221339344978333e-02,-9.636018425226211548e-03,2.863667905330657959e-02,-1.148037239909172058e-02,-5.816088244318962097e-02,8.428832888603210449e-02,-6.312532722949981689e-02,5.517294257879257202e-02,9.310071915388107300e-02,7.038459926843643188e-02,1.299780160188674927e-01,2.499695308506488800e-02,-1.803402006626129150e-01,-5.945508927106857300e-02,-1.501344889402389526e-01,-1.655855625867843628e-01,2.476592920720577240e-02
1.088474094867706299e-01,1.162358075380325317e-01,-5.797899514436721802e-02,-1.660752892494201660e-01,5.662025213241577148e-01,3.822874426841735840e-01,-1.395533047616481781e-02,-1.350172236561775208e-02,1.000000000000000000e+00,5.244712233543395996e-01,-1.556972693651914597e-02,-1.145622804760932922e-01,2.480382174253463745e-01,6.459202617406845093e-02,4.837298989295959473e-01,3.079000711441040039e-01,-6.026307493448257446e-02,-1.005135178565979004e-01,2.092953771352767944e-02,4.647101089358329773e-02,1.516742557287216187e-01,1.669246405363082886e-01,3.077808208763599396e-02,1.450755000114440918e-01,1.912864297628402710e-01,2.617478966712951660e-01,7.422974705696105957e-02,2.760404646396636963e-01,7.656908594071865082e-03,-1.010924205183982849e-01,2.405682206153869629e-01,3.338368535041809082e-01,-5.231245979666709900e-02,-6.400796025991439819e-02,1.294679790735244751e-01,-1.882868446409702301e-02,6.501666456460952759e-02,5.763484165072441101e-02,1.257075071334838867e-01,1.037188991904258728e-01,-7.434377074241638184e-02,-2.033851854503154755e-02,7.745206356048583984e-02,1.070250421762466431e-01,9.594554454088211060e-02,7.144534587860107422e-02,1.529641449451446533e-01,2.032594531774520874e-01,6.283205002546310425e-02,1.250832974910736084e-01,1.760814636945724487e-01,1.438376605510711670e-01,4.939645156264305115e-02,1.437158137559890747e-01,-3.134877234697341919e-02,-8.356224000453948975e-02,1.459692567586898804e-01,1.626689285039901733e-01,5.814841762185096741e-02,1.307153552770614624e-01,1.010169684886932373e-01,1.242688000202178955e-01,3.555169701576232910e-02,2.500824816524982452e-02,9.545348584651947021e-02,7.362192496657371521e-03,-3.909227997064590454e-02,-1.586043648421764374e-02,1.398577541112899780e-01,6.409769505262374878e-02,9.101919084787368774e-02,2.309923060238361359e-02,-9.524313360452651978e-02,2.535802079364657402e-03,1.334584802389144897e-01,-7.151761092245578766e-03,1.314649581909179688e-01,1.766994893550872803e-01,-1.006203591823577881e-01,-2.460071444511413574e-02,-2.157716266810894012e-02,3.885790705680847168e-02,-3.790179733186960220e-03,1.276244521141052246e-01,8.124613203108310699e-03,-3.005740232765674591e-03,-1.954522281885147095e-01,2.470112033188343048e-02,-9.884782880544662476e-02,-1.161500141024589539e-01,8.906690776348114014e-02,1.471305489540100098e-01,2.161393165588378906e-01,8.327716588973999023e-02,1.230814903974533081e-01,1.839961707592010498e-01,1.120179519057273865e-01,1.454987674951553345e-01,-6.716151535511016846e-02,2.052424103021621704e-02,2.506211027503013611e-02,-4.037402197718620300e-02,-1.911055445671081543e-01,-1.636908501386642456e-01,-1.981589645147323608e-01,-1.181409731507301331e-01,-1.457817107439041138e-01,4.678780958056449890e-02,1.090145707130432129e-01,1.471187472343444824e-01,3.181024268269538879e-02,1.841496303677558899e-02,-9.842010587453842163e-02,3.021819889545440674e-02,5.765054374933242798e-02,-1.329805999994277954e-01
1.893290430307388306e-01,1.921030580997467041e-01,-5.426475405693054199e-02,-9.233711659908294678e-02,5.037178993225097656e-01,4.793325662612915039e-01,-1.349354237318038940e-01,5.000803619623184204e-02,5.244712233543395996e-01,1.000000000000000000e+00,3.642813535407185555e-03,-1.051388010382652283e-01,1.418853700160980225e-01,1.380078345537185669e-01,3.454275429248809814e-01,6.337473988533020020e-01,-1.218209415674209595e-01,-1.718657612800598145e-01,3.976439312100410461e-02,4.678398370742797852e-02,2.778850495815277100e-01,2.643356323242187500e-01,1.260999143123626709e-01,8.625535666942596436e-02,1.431290805339813232e-01,2.239266186952590942e-01,-3.207616508007049561e-02,2.288819998502731323e-01,3.454820439219474792e-02,-2.184295468032360077e-02,2.891660928726196289e-01,3.378605246543884277e-01,1.557565629482269287e-01,4.042728245258331299e-02,1.735060214996337891e-01,-9.379798173904418945e-02,-1.388378292322158813e-01,8.306907117366790771e-02,1.005975678563117981e-01,2.050448209047317505e-01,-1.558841466903686523e-01,-6.269825994968414307e-02,-4.035113006830215454e-02,-1.062557548284530640e-01,1.403149683028459549e-02,-7.362015545368194580e-02,-8.242626488208770752e-02,2.586726285517215729e-02,2.756370604038238525e-02,-5.803298950195312500e-02,9.987599402666091919e-02,-8.058389276266098022e-02,1.326470077037811279e-02,2.332646772265434265e-02,-1.539528220891952515e-01,-3.556909784674644470e-02,3.052940964698791504e-01,2.050592750310897827e-01,1.226145997643470764e-01,1.288748085498809814e-01,2.376949936151504517e-01,1.308645159006118774e-01,1.497849524021148682e-01,7.838150113821029663e-02,4.748318344354629517e-02,-5.425712466239929199e-02,7.401993125677108765e-02,3.029570728540420532e-02,2.297949641942977905e-01,1.376902610063552856e-01,3.040593862533569336e-02,2.284986898303031921e-02,-7.035011798143386841e-02,4.162304394412785769e-04,2.053329050540924072e-01,2.582653798162937164e-02,2.690424323081970215e-01,3.005429208278656006e-01,-2.055500298738479614e-01,-7.804830372333526611e-02,-1.223559677600860596e-01,4.021794535219669342e-03,2.393991351127624512e-01,2.660644650459289551e-01,-1.135300546884536743e-01,3.788871457800269127e-03,-7.040709257125854492e-02,1.473158001899719238e-01,-1.335920989513397217e-01,-1.679837107658386230e-01,1.733752191066741943e-01,1.460307985544204712e-01,4.009210169315338135e-01,1.323777437210083008e-01,8.289416879415512085e-02,1.982546448707580566e-01,1.234401464462280273e-01,1.309108138084411621e-01,-1.085200309753417969e-01,2.792414510622620583e-03,2.404895871877670288e-01,7.356071472167968750e-02,2.906642109155654907e-02,2.692171558737754822e-02,-5.715741589665412903e-02,2.162085101008415222e-02,-1.387193351984024048e-01,7.328903675079345703e-02,9.472328424453735352e-02,6.021681055426597595e-02,5.134199559688568115e-02,1.727644354104995728e-02,-7.712840288877487183e-02,1.415215581655502319e-01,1.519132405519485474e-01,-1.468012034893035889e-01
3.309086859226226807e-01,2.654675841331481934e-01,1.962838470935821533e-01,1.113617941737174988e-01,-3.968662023544311523e-02,-9.833819419145584106e-02,2.344050258398056030e-01,1.084825545549392700e-01,-1.556972693651914597e-02,3.642813535407185555e-03,1.000000000000000000e+00,6.440676450729370117e-01,5.610032081604003906e-01,1.960397511720657349e-01,-3.294318169355392456e-02,1.273470371961593628e-01,3.475177586078643799e-01,1.849975138902664185e-01,2.032919675111770630e-01,1.694678366184234619e-01,3.629404306411743164e-02,-9.289255738258361816e-02,-1.248833611607551575e-01,2.201439999043941498e-02,-3.937482833862304688e-02,7.165421266108751297e-03,-3.635340556502342224e-02,-1.026469916105270386e-01,4.844450354576110840e-01,3.463359177112579346e-01,9.003099799156188965e-02,2.605811133980751038e-02,1.893702149391174316e-01,1.760536283254623413e-01,-7.204677909612655640e-03,1.245083883404731750e-01,1.862374991178512573e-01,5.551691725850105286e-02,8.344365656375885010e-02,1.677491143345832825e-02,2.600875794887542725e-01,2.099866569042205811e-01,-4.601002857089042664e-02,-4.269330576062202454e-02,-8.517124503850936890e-02,1.161551661789417267e-02,-4.249580204486846924e-02,-2.613911638036370277e-03,-4.773499816656112671e-02,-8.083067834377288818e-02,-7.782885432243347168e-02,-8.530931174755096436e-02,-1.527186334133148193e-01,-1.111807599663734436e-01,8.465503156185150146e-02,9.969666134566068649e-04,2.934122085571289062e-01,9.816440194845199585e-02,-6.734764575958251953e-02,-1.537965089082717896e-01,-3.914933279156684875e-02,-1.459408402442932129e-01,1.119813844561576843e-01,4.943195730447769165e-03,-4.116983711719512939e-02,-1.324761509895324707e-01,-3.712283819913864136e-02,8.974684402346611023e-03,2.315891385078430176e-01,2.555074095726013184e-01,1.491127908229827881e-01,1.786360442638397217e-01,2.806380987167358398e-01,1.825180053710937500e-01,1.519125103950500488e-01,4.726196080446243286e-02,1.287093609571456909e-01,8.802152425050735474e-02,1.436785012483596802e-01,6.644515693187713623e-02,1.607582718133926392e-01,5.902692675590515137e-02,-5.985620617866516113e-02,1.416006032377481461e-02,1.025657430291175842e-01,1.185340690426528454e-03,7.082866132259368896e-02,1.227345764636993408e-01,1.954349428415298462e-01,5.458308756351470947e-02,-8.214291930198669434e-02,-1.161263212561607361e-01,-3.331010416150093079e-02,3.224105760455131531e-02,1.186380237340927124e-01,8.539409190416336060e-02,1.306809037923812866e-01,8.620906621217727661e-02,-1.174330391222611070e-04,-1.408374402672052383e-02,3.033831901848316193e-02,-3.673789650201797485e-02,2.467589825391769409e-02,7.055108994245529175e-02,1.069025173783302307e-01,9.300211817026138306e-02,9.460247308015823364e-02,4.471229389309883118e-02,5.169637501239776611e-02,7.322172075510025024e-02,-6.286868453025817871e-02,-2.929349429905414581e-02,6.554301083087921143e-02,1.984550207853317261e-01,9.211640805006027222e-02,3.815436735749244690e-02
1.525565534830093384e-01,3.675161302089691162e-01,5.642531812191009521e-02,-4.348401911556720734e-03,-1.016617715358734131e-01,-2.146062254905700684e-01,2.571118064224720001e-02,4.567001946270465851e-03,-1.145622804760932922e-01,-1.051388010382652283e-01,6.440676450729370117e-01,1.000000000000000000e+00,4.966451525688171387e-01,2.312186956405639648e-01,-8.534287661314010620e-02,1.078462824225425720e-01,4.285875856876373291e-01,4.281888008117675781e-01,1.470563113689422607e-01,1.353671848773956299e-01,3.758498653769493103e-02,-1.111307367682456970e-01,-1.420992016792297363e-01,-3.621127828955650330e-02,-2.827510237693786621e-02,-1.201716251671314240e-03,-5.991789326071739197e-02,-1.978743374347686768e-01,3.624924123287200928e-01,4.094236791133880615e-01,4.786482825875282288e-02,2.092476235702633858e-03,1.100942343473434448e-01,9.840076416730880737e-02,-4.922375455498695374e-02,1.195073500275611877e-01,1.240149289369583130e-01,1.081349328160285950e-01,1.707449741661548615e-02,1.730491220951080322e-02,2.235777378082275391e-01,2.499588578939437866e-01,1.368467956781387329e-01,1.410204619169235229e-01,7.651928067207336426e-02,1.451673060655593872e-01,1.047863662242889404e-01,1.560956239700317383e-01,8.188647031784057617e-02,6.285487115383148193e-02,8.753085136413574219e-02,1.364105045795440674e-01,-2.999457344412803650e-02,9.152451902627944946e-02,1.046077609062194824e-01,9.332401305437088013e-02,2.662116885185241699e-01,2.698757946491241455e-01,-2.915440872311592102e-02,-1.007560417056083679e-01,8.401523344218730927e-03,-5.263030156493186951e-02,1.626614481210708618e-01,1.498940140008926392e-01,5.002846196293830872e-02,-6.095738150179386139e-03,-4.004251677542924881e-03,6.621066480875015259e-02,1.422537416219711304e-01,1.478259712457656860e-01,9.172465652227401733e-02,1.362870186567306519e-01,1.525867581367492676e-01,8.163194358348846436e-02,1.085338592529296875e-01,5.777836963534355164e-02,3.230133652687072754e-02,1.972417347133159637e-02,2.500835955142974854e-01,2.190150916576385498e-01,2.985025048255920410e-01,2.728828191757202148e-01,-4.999668523669242859e-02,4.516338184475898743e-02,2.925350069999694824e-01,2.382874339818954468e-01,6.237708777189254761e-02,1.302843093872070312e-01,3.266079127788543701e-01,3.137196004390716553e-01,9.023749735206365585e-04,5.509350821375846863e-02,-2.583061158657073975e-02,1.912936717271804810e-01,5.934931710362434387e-02,7.908324152231216431e-02,1.344995498657226562e-01,6.789578497409820557e-02,1.160800531506538391e-01,1.079393699765205383e-01,4.636925458908081055e-02,-4.028793424367904663e-03,-3.782491385936737061e-02,-1.136661507189273834e-02,9.887722879648208618e-02,1.800520271062850952e-01,7.791280001401901245e-02,6.343952566385269165e-02,5.356619879603385925e-02,1.831288635730743408e-02,-4.234734550118446350e-02,3.635294362902641296e-02,2.400239855051040649e-01,1.669912785291671753e-01,6.730344146490097046e-02,8.933499455451965332e-02
3.210289776325225830e-01,3.127458095550537109e-01,2.445225417613983154e-01,-4.644507914781570435e-02,1.875770092010498047e-01,-1.495683658868074417e-02,3.711806535720825195e-01,2.848400175571441650e-01,2.480382174253463745e-01,1.418853700160980225e-01,5.610032081604003906e-01,4.966451525688171387e-01,1.000000000000000000e+00,5.359318256378173828e-01,1.545057892799377441e-01,2.087588161230087280e-01,1.209239512681961060e-01,1.283631026744842529e-01,-1.206295415759086609e-01,-1.354210972785949707e-01,1.865615881979465485e-02,-1.958832703530788422e-02,-8.918377012014389038e-02,1.133577153086662292e-01,8.345323801040649414e-02,1.336798071861267090e-01,-6.461544334888458252e-02,-2.013209834694862366e-02,4.004063010215759277e-01,3.518760800361633301e-01,2.158137708902359009e-01,1.980353593826293945e-01,-9.836501441895961761e-03,-9.373009204864501953e-02,-2.777453698217868805e-02,4.884949699044227600e-02,2.041721194982528687e-01,1.182729899883270264e-01,2.110722213983535767e-01,1.908147782087326050e-01,1.160513907670974731e-01,1.843419373035430908e-01,6.903301179409027100e-02,2.643541991710662842e-02,-7.499217987060546875e-02,-2.058118768036365509e-02,1.237838901579380035e-02,1.114889830350875854e-01,-1.568916290998458862e-01,2.140836557373404503e-03,-2.275829389691352844e-02,2.284305356442928314e-02,-6.578681617975234985e-02,8.040557056665420532e-02,1.002166345715522766e-01,3.255509585142135620e-02,1.878382861614227295e-01,9.077301621437072754e-02,-2.553271055221557617e-01,-2.380347251892089844e-01,-7.927992939949035645e-02,-1.348886340856552124e-01,-4.923301190137863159e-02,-5.631811916828155518e-02,-1.461530923843383789e-01,-1.582543849945068359e-01,-2.528016269207000732e-01,-2.001672536134719849e-01,6.255498528480529785e-02,1.168271005153656006e-01,-7.300095167011022568e-04,5.617070198059082031e-02,1.853876858949661255e-01,2.109198868274688721e-01,2.284826636314392090e-01,2.001888863742351532e-02,9.355242550373077393e-02,1.552752554416656494e-01,-2.666546497493982315e-03,-5.697137676179409027e-03,9.976825676858425140e-03,1.798423007130622864e-02,8.072656393051147461e-02,2.726814448833465576e-01,5.072583258152008057e-02,3.124262206256389618e-02,7.584141194820404053e-02,2.316728532314300537e-01,8.527893573045730591e-02,3.997315466403961182e-02,9.846126288175582886e-02,6.745141744613647461e-02,5.637270212173461914e-02,1.545498222112655640e-01,1.737874001264572144e-01,1.560615003108978271e-01,1.864210516214370728e-01,2.484098076820373535e-01,3.427655436098575592e-03,9.258357807993888855e-03,8.283672481775283813e-02,4.023422952741384506e-03,5.281361285597085953e-03,1.556442584842443466e-02,4.036548733711242676e-02,8.971678093075752258e-03,1.510687023401260376e-01,1.825414448976516724e-01,1.364959329366683960e-01,4.674076288938522339e-02,1.137506496161222458e-02,-8.770313113927841187e-02,1.252307556569576263e-02,-7.971268147230148315e-03,-2.243709750473499298e-02,-7.129821926355361938e-02
