1.000000000000000000e+00,4.477122426033020020e-01,4.411208629608154297e-01,2.107421904802322388e-01,1.523972600698471069e-01,1.146661043167114258e-01,3.521840274333953857e-01,1.479361802339553833e-01,1.817696988582611084e-01,-7.723099738359451294e-02,4.376512467861175537e-01,1.934124678373336792e-01,3.352325558662414551e-01,1.180816292762756348e-01,2.703501284122467041e-01,7.583310361951589584e-03,3.106290698051452637e-01,2.846533246338367462e-02,3.542880713939666748e-01,4.143351316452026367e-01,1.687621325254440308e-01,-5.803872272372245789e-02,1.628420352935791016e-01,4.942162707448005676e-02,6.547876447439193726e-02,-8.749887347221374512e-02,1.611764729022979736e-01,1.175388917326927185e-01,2.656199038028717041e-01,-1.882356032729148865e-02,1.010768953710794449e-02,-8.103379607200622559e-02,3.553174436092376709e-01,1.461502313613891602e-01,7.855206727981567383e-02,-7.497309148311614990e-02,1.350878030061721802e-01,2.610333636403083801e-02,6.778306514024734497e-02,9.201742708683013916e-02,2.371433377265930176e-01,7.849570363759994507e-02,1.464375704526901245e-01,1.426081061363220215e-01,2.142897248268127441e-02,-5.888583511114120483e-02,4.560265317559242249e-02,8.600832894444465637e-03,1.076384261250495911e-01,-2.173056453466415405e-02,1.284779459238052368e-01,1.114048585295677185e-01,2.145907431840896606e-01,6.126347556710243225e-02,2.997617423534393311e-01,2.569286152720451355e-02,6.300148367881774902e-01,3.468463718891143799e-01,4.325478374958038330e-01,3.778600990772247314e-01,4.400765299797058105e-01,1.393670737743377686e-01,4.293641149997711182e-01,4.987770318984985352e-02,4.012410715222358704e-02,-2.342825084924697876e-01,1.140869408845901489e-01,-5.081665888428688049e-02,3.515173494815826416e-01,1.013531535863876343e-01,1.603892743587493896e-01,1.070111338049173355e-02,2.278831750154495239e-01,5.971509218215942383e-02,1.382861584424972534e-01,1.501878648996353149e-01,1.804376542568206787e-01,1.173897534608840942e-01,2.623324096202850342e-01,7.989371195435523987e-03,8.083368837833404541e-02,-8.017553389072418213e-02,3.765282407402992249e-02,2.993943728506565094e-02,1.723911315202713013e-01,6.031413003802299500e-02,5.433442071080207825e-02,1.795114576816558838e-01,1.430702209472656250e-01,8.991099148988723755e-02,-1.023041978478431702e-01,2.548500197008252144e-03,-2.990233898162841797e-01,-1.010533273220062256e-01,-1.854895651340484619e-01,-8.916954696178436279e-02,-7.180004566907882690e-02,2.704310044646263123e-02,1.002376452088356018e-01,8.561030775308609009e-02,-1.773188412189483643e-01,-1.143086887896060944e-02,1.120695546269416809e-01,6.146963313221931458e-02,-1.552195250988006592e-01,-1.386807113885879517e-01,-7.332712411880493164e-02,-1.900195181369781494e-01,-5.006961897015571594e-02,-1.774414777755737305e-01,-6.655823439359664917e-02,-3.496465086936950684e-02,-8.141869306564331055e-02,6.613674014806747437e-02,6.830710917711257935e-02,1.525215990841388702e-02
4.477122426033020020e-01,1.000000000000000000e+00,2.145508527755737305e-01,2.369163185358047485e-01,-2.013611793518066406e-01,-1.754660159349441528e-01,2.109420448541641235e-01,2.698570489883422852e-01,-1.379908025264739990e-01,-1.244749054312705994e-01,1.808556318283081055e-01,3.712812364101409912e-01,2.064353376626968384e-01,3.538220822811126709e-01,7.052770256996154785e-02,1.646881103515625000e-01,2.624773085117340088e-01,4.150994420051574707e-01,4.894042015075683594e-01,5.119783878326416016e-01,1.136589422821998596e-01,9.844646556302905083e-04,7.664775103330612183e-02,6.456696894019842148e-03,-5.723322392441332340e-04,3.818522393703460693e-02,-1.711295247077941895e-01,-1.782191395759582520e-01,3.229720294475555420e-01,3.255305886268615723e-01,2.477926462888717651e-01,2.410394698381423950e-01,3.035774827003479004e-01,2.716354727745056152e-01,-1.108190119266510010e-01,-1.595377624034881592e-01,-4.030707105994224548e-02,1.572410911321640015e-01,-7.686625421047210693e-02,7.418178766965866089e-02,1.726507395505905151e-01,1.914954483509063721e-01,1.710229516029357910e-01,7.178097218275070190e-02,1.725322008132934570e-01,7.344994693994522095e-02,6.614092737436294556e-02,5.038324370980262756e-02,3.546812012791633606e-02,4.104022309184074402e-02,1.090895831584930420e-01,1.628524512052536011e-01,-8.379234001040458679e-03,2.079304121434688568e-02,4.882881790399551392e-02,4.968304559588432312e-02,3.440783321857452393e-01,6.206011772155761719e-01,6.995082646608352661e-02,2.733468711376190186e-01,6.423591822385787964e-02,2.894563376903533936e-01,1.569297760725021362e-01,3.622454702854156494e-01,-1.212696582078933716e-01,-1.646581292152404785e-02,-4.474696144461631775e-02,-8.840814977884292603e-02,2.176981717348098755e-01,2.756277322769165039e-01,2.119946181774139404e-01,2.235987484455108643e-01,2.572156190872192383e-01,3.709463477134704590e-01,2.054741829633712769e-01,3.216180503368377686e-01,2.499994486570358276e-01,3.455904126167297363e-01,1.150113493204116821e-01,2.819598913192749023e-01,6.799819320440292358e-02,3.844057917594909668e-01,-1.034741997718811035e-01,8.248514682054519653e-02,8.096125721931457520e-02,1.910378038883209229e-01,-1.425779163837432861e-01,1.173762157559394836e-01,-1.653518527746200562e-01,9.189870953559875488e-02,-7.894193381071090698e-02,1.672512106597423553e-02,-2.183553725481033325e-01,-1.380256861448287964e-01,-2.063181847333908081e-01,-1.411341428756713867e-01,-4.169731866568326950e-03,7.947783917188644409e-02,1.815673708915710449e-01,1.029853895306587219e-01,-4.902401193976402283e-02,-8.929254114627838135e-02,1.198291704058647156e-01,-1.139246746897697449e-01,-1.734445691108703613e-01,-1.432051509618759155e-01,-2.733438275754451752e-02,-4.258935153484344482e-02,-1.112201660871505737e-01,-1.247050240635871887e-01,8.562209457159042358e-02,-7.269053161144256592e-02,-1.682179570198059082e-01,9.908328205347061157e-02,-3.528681769967079163e-02,6.355382502079010010e-02
4.411208629608154297e-01,2.145508527755737305e-01,1.000000000000000000e+00,4.220098853111267090e-01,8.010651916265487671e-02,1.940421015024185181e-02,6.136376857757568359e-01,2.920246124267578125e-01,2.580563724040985107e-01,-8.097855746746063232e-02,1.341561079025268555e-01,-5.807217210531234741e-02,3.131354749202728271e-01,1.232339814305305481e-01,2.659733593463897705e-01,-6.101316958665847778e-02,1.432645767927169800e-01,-5.201087146997451782e-02,2.602210342884063721e-01,1.968028843402862549e-01,9.041623026132583618e-02,-1.399663975462317467e-03,5.799383521080017090e-01,4.705777466297149658e-01,3.007785081863403320e-01,2.115120738744735718e-01,1.601099222898483276e-01,4.240044951438903809e-02,1.329505145549774170e-01,-5.217618495225906372e-02,2.811835408210754395e-01,1.663383543491363525e-01,2.291760742664337158e-01,1.971633434295654297e-01,2.530059516429901123e-01,7.720105350017547607e-02,1.096770390868186951e-01,6.533773243427276611e-02,-2.843562141060829163e-02,1.589415371417999268e-01,6.282914429903030396e-02,9.324486553668975830e-02,4.462150484323501587e-02,-9.012034162878990173e-03,-1.352322995662689209e-01,-2.688777148723602295e-01,-1.010605394840240479e-01,-1.356418132781982422e-01,-5.892790108919143677e-02,-2.284049689769744873e-01,-4.557411372661590576e-02,-1.002471745014190674e-01,-6.206128280609846115e-03,-1.270807832479476929e-01,3.325653076171875000e-02,-8.108623325824737549e-02,1.646394431591033936e-01,5.983520671725273132e-02,8.578957617282867432e-02,1.328257918357849121e-01,1.486661136150360107e-01,1.489804238080978394e-01,1.260278671979904175e-01,-1.430013328790664673e-01,3.804276287555694580e-01,1.640226244926452637e-01,-6.099509820342063904e-02,-1.931532025337219238e-01,1.158794984221458435e-01,-1.071130484342575073e-01,1.040531992912292480e-01,-2.616682834923267365e-02,9.635275602340698242e-02,1.098583713173866272e-01,7.039529830217361450e-02,1.083389967679977417e-01,1.515026539564132690e-01,1.008356064558029175e-01,1.364276409149169922e-01,6.462106108665466309e-02,-1.244154199957847595e-01,-4.957477375864982605e-02,1.508291065692901611e-02,3.557848557829856873e-02,3.145606219768524170e-01,1.701517999172210693e-01,2.092004939913749695e-02,2.954241931438446045e-01,8.522375673055648804e-02,1.515256911516189575e-01,-2.095498740673065186e-01,-9.742290526628494263e-02,-2.280478328466415405e-01,-1.839183270931243896e-01,-1.448213309049606323e-01,-1.008714437484741211e-01,-1.122237071394920349e-01,2.855679951608181000e-03,-1.752192974090576172e-01,-7.855948060750961304e-02,-1.600170582532882690e-01,-1.576767712831497192e-01,2.117477916181087494e-02,-1.015040278434753418e-01,-1.221647709608078003e-01,-1.789543032646179199e-01,-1.642850190401077271e-01,-1.493958234786987305e-01,-2.499801479279994965e-02,-7.453089207410812378e-02,5.095666274428367615e-02,-4.912486299872398376e-02,-6.280707567930221558e-02,-3.394906222820281982e-02,-9.456414729356765747e-02,8.941011503338813782e-03
2.107421904802322388e-01,2.369163185358047485e-01,4.220098853111267090e-01,1.000000000000000000e+00,-6.385742872953414917e-02,1.124759241938591003e-01,3.905672430992126465e-01,7.079467773437500000e-01,6.536130607128143311e-02,7.291135191917419434e-02,8.955141156911849976e-02,2.925696671009063721e-01,1.090271025896072388e-01,2.550237178802490234e-01,1.228717193007469177e-01,1.353577524423599243e-01,1.467594057321548462e-01,5.101956799626350403e-02,1.551448851823806763e-01,2.306508272886276245e-01,5.905286222696304321e-02,-2.113886550068855286e-02,1.803373694419860840e-01,4.110385179519653320e-01,-6.500398367643356323e-02,2.449592202901840210e-02,3.070071339607238770e-03,2.523785457015037537e-02,2.844664156436920166e-01,1.076578442007303238e-02,1.060313358902931213e-01,2.411625832319259644e-01,1.974824666976928711e-01,2.952088415622711182e-01,1.397757381200790405e-01,1.735652238130569458e-01,6.736923009157180786e-02,7.591766119003295898e-02,2.582999132573604584e-02,1.498796343803405762e-01,1.618165522813796997e-01,7.984210550785064697e-02,1.867017336189746857e-02,3.057691035792231560e-03,2.386319823563098907e-02,4.642549529671669006e-02,-1.034713163971900940e-01,-4.889164119958877563e-02,3.799387067556381226e-02,1.066154018044471741e-01,6.637666374444961548e-02,2.086712419986724854e-01,1.107859164476394653e-01,5.831699818372726440e-02,1.973296701908111572e-02,4.278583824634552002e-02,7.673294097185134888e-02,7.454612851142883301e-02,1.713658273220062256e-01,3.304762840270996094e-01,1.263377517461776733e-01,4.000173807144165039e-01,1.141627505421638489e-01,1.325363516807556152e-01,8.603183180093765259e-02,3.414361774921417236e-01,2.578174322843551636e-02,9.618554264307022095e-02,-2.827958576381206512e-02,-1.717768236994743347e-02,5.832180380821228027e-02,4.098523035645484924e-02,2.095060050487518311e-01,1.305675506591796875e-01,1.882241666316986084e-01,1.788865178823471069e-01,8.020801097154617310e-02,9.034999459981918335e-02,5.881513655185699463e-02,3.544032573699951172e-02,-6.380014866590499878e-02,-7.934660650789737701e-03,-5.637262389063835144e-02,4.116333648562431335e-02,-5.818705633282661438e-02,2.632119357585906982e-01,2.753988141193985939e-03,2.009190618991851807e-01,1.485418062657117844e-02,2.065573483705520630e-01,-1.577513962984085083e-01,-1.461843103170394897e-01,-1.327765882015228271e-01,-2.892511487007141113e-01,-9.471962600946426392e-02,-7.246145606040954590e-02,-2.221674919128417969e-01,-5.771614983677864075e-02,-1.252884864807128906e-01,-1.155253127217292786e-01,-9.780005365610122681e-02,-2.604954242706298828e-01,-2.815838158130645752e-02,-1.919623315334320068e-01,-1.135969310998916626e-01,-2.323429435491561890e-01,-3.471240401268005371e-02,-1.701781004667282104e-01,-9.767185151576995850e-02,-8.563404530286788940e-02,-6.996784359216690063e-02,-1.557677686214447021e-01,-1.082551479339599609e-01,-1.849932372570037842e-01,-1.340060681104660034e-01,9.143060445785522461e-02
1.523972600698471069e-01,-2.013611793518066406e-01,8.010651916265487671e-02,-6.385742872953414917e-02,1.000000000000000000e+00,7.121106982231140137e-01,-1.524118334054946899e-01,-1.435224115848541260e-01,6.370754241943359375e-01,5.210400819778442383e-01,9.305205941200256348e-02,-1.050948575139045715e-01,-7.881943136453628540e-02,-1.378615796566009521e-01,1.438972353935241699e-01,1.433036327362060547e-01,1.012668088078498840e-01,-2.921407818794250488e-01,-7.966930978000164032e-03,-2.374165505170822144e-02,9.662594646215438843e-02,6.567353010177612305e-02,1.385496705770492554e-01,1.875547915697097778e-01,2.379107475280761719e-01,7.300437241792678833e-02,6.826945543289184570e-01,6.639447212219238281e-01,-1.151273325085639954e-01,-4.052003324031829834e-01,-3.742011785507202148e-01,-4.085960686206817627e-01,1.410351544618606567e-01,-6.535447388887405396e-02,3.603165447711944580e-01,2.533299028873443604e-01,2.368621677160263062e-01,-1.490216143429279327e-02,2.420885413885116577e-01,5.285683646798133850e-02,1.035479158163070679e-01,-1.155381277203559875e-01,2.801003456115722656e-01,3.538497984409332275e-01,9.092750400304794312e-02,7.556797564029693604e-02,2.060055583715438843e-01,2.146148830652236938e-01,1.770563274621963501e-01,1.046685054898262024e-01,1.252257972955703735e-01,3.565695881843566895e-02,2.075019478797912598e-01,7.561480253934860229e-02,2.240966111421585083e-01,8.214780688285827637e-02,2.345066219568252563e-01,-2.929517813026905060e-02,1.523616164922714233e-01,-4.569851979613304138e-02,2.921185195446014404e-01,-8.090173453092575073e-02,1.654639691114425659e-01,-2.359435260295867920e-01,3.738380968570709229e-01,1.073222905397415161e-01,2.778604626655578613e-01,2.401985675096511841e-01,1.631896793842315674e-01,1.182016506791114807e-01,1.029302030801773071e-01,-6.808850169181823730e-02,-2.426162734627723694e-02,-3.561696708202362061e-01,-1.270721256732940674e-01,-2.129878550767898560e-01,-9.148788452148437500e-02,-2.863480746746063232e-01,2.824110090732574463e-01,-2.808437347412109375e-01,5.328681785613298416e-03,-3.608757257461547852e-01,1.400663554668426514e-01,-1.153438836336135864e-01,2.305092662572860718e-01,1.130384057760238647e-01,3.046821355819702148e-01,1.905284970998764038e-01,2.810396850109100342e-01,3.645551577210426331e-02,5.665529146790504456e-02,1.225371360778808594e-01,1.568208038806915283e-01,2.127878516912460327e-01,-9.941117465496063232e-02,-5.345414951443672180e-02,4.617609456181526184e-02,-4.634136706590652466e-02,-7.124203443527221680e-02,1.655730754137039185e-01,-6.133344024419784546e-02,2.509926557540893555e-01,2.891365811228752136e-02,1.817921698093414307e-01,8.760034292936325073e-02,3.421958535909652710e-02,-4.049759358167648315e-02,-2.370361238718032837e-01,1.193862035870552063e-01,-1.561560183763504028e-01,-1.458491533994674683e-01,3.698240965604782104e-02,1.792505234479904175e-01,-3.223113343119621277e-02,-6.954759359359741211e-02,-5.466676130890846252e-02
1.146661043167114258e-01,-1.754660159349441528e-01,1.940421015024185181e-02,1.124759241938591003e-01,7.121106982231140137e-01,1.000000000000000000e+00,-2.567215263843536377e-01,2.546971105039119720e-02,5.399842262268066406e-01,5.487783551216125488e-01,1.243863906711339951e-02,-4.569368064403533936e-02,-2.381564378738403320e-01,-1.670066863298416138e-01,-6.111703114584088326e-04,1.256170272827148438e-01,8.780220896005630493e-02,-3.790295720100402832e-01,-4.494828730821609497e-02,-6.548640877008438110e-02,7.569613307714462280e-02,2.570326812565326691e-02,4.940155893564224243e-02,1.856495290994644165e-01,1.067995876073837280e-01,-2.999935671687126160e-02,7.175647616386413574e-01,7.846248745918273926e-01,-1.015069633722305298e-01,-5.121319293975830078e-01,-5.432836413383483887e-01,-4.774537980556488037e-01,9.121273458003997803e-02,-6.992819905281066895e-02,3.882435560226440430e-01,3.390496373176574707e-01,2.783247828483581543e-01,-1.588666252791881561e-02,2.581779360771179199e-01,5.974232032895088196e-02,1.456529051065444946e-01,-1.191796436905860901e-01,2.846420109272003174e-01,3.944341540336608887e-01,5.593633651733398438e-02,1.358031183481216431e-01,2.158573865890502930e-01,2.079613953828811646e-01,1.904409825801849365e-01,1.965645551681518555e-01,1.210823804140090942e-01,1.293824464082717896e-01,3.192990422248840332e-01,1.780183017253875732e-01,2.741748094558715820e-01,1.276608407497406006e-01,2.807288467884063721e-01,-3.014791943132877350e-02,1.827538758516311646e-01,5.288876593112945557e-02,2.972420156002044678e-01,-2.864323370158672333e-02,1.899146288633346558e-01,-2.286422401666641235e-01,3.056027889251708984e-01,1.811764985322952271e-01,2.674590647220611572e-01,2.856990694999694824e-01,1.822840571403503418e-01,1.128446310758590698e-01,8.065252751111984253e-02,-9.773725271224975586e-02,-4.047479480504989624e-02,-4.549164175987243652e-01,-1.385422050952911377e-01,-2.522195279598236084e-01,-2.385526448488235474e-01,-4.201066195964813232e-01,2.740845382213592529e-01,-3.277676403522491455e-01,3.521173074841499329e-02,-4.312862157821655273e-01,9.252794086933135986e-02,-1.905313134193420410e-01,1.410534977912902832e-01,1.666290163993835449e-01,3.646505773067474365e-01,1.726568192243576050e-01,3.177488744258880615e-01,1.058180481195449829e-01,-1.297805644571781158e-02,8.591884374618530273e-02,1.134523451328277588e-01,1.551385521888732910e-01,-8.089527487754821777e-02,-8.194535970687866211e-02,-6.750193983316421509e-02,-8.704582601785659790e-02,-1.601997613906860352e-01,7.226630300283432007e-02,-1.048450767993927002e-01,1.506615132093429565e-01,-6.854020804166793823e-02,7.285191118717193604e-02,-3.355703083798289299e-03,-6.897061318159103394e-02,-2.196618914604187012e-02,-3.505262434482574463e-01,1.547096222639083862e-01,-2.289350628852844238e-01,-3.161636888980865479e-01,-9.515353292226791382e-02,1.201016381382942200e-01,-1.991534382104873657e-01,-1.688688248395919800e-01,-6.785923987627029419e-02
3.521840274333953857e-01,2.109420448541641235e-01,6.136376857757568359e-01,3.905672430992126465e-01,-1.524118334054946899e-01,-2.567215263843536377e-01,1.000000000000000000e+00,4.589571356773376465e-01,1.291557997465133667e-01,-1.632722914218902588e-01,3.451581001281738281e-01,1.062767729163169861e-01,5.860373973846435547e-01,3.190447092056274414e-01,3.720528483390808105e-01,3.398716822266578674e-02,1.392208188772201538e-01,1.165339872241020203e-01,1.728323400020599365e-01,1.888282597064971924e-01,4.763795807957649231e-02,-4.477183148264884949e-02,3.414080739021301270e-01,2.787541449069976807e-01,1.007923632860183716e-01,1.625554859638214111e-01,-1.802985072135925293e-01,-2.898175716400146484e-01,2.006088495254516602e-01,1.922384947538375854e-01,3.923103511333465576e-01,3.283011913299560547e-01,1.454700976610183716e-01,1.992390602827072144e-01,1.380102615803480148e-02,-4.771739616990089417e-02,-9.534826129674911499e-02,-1.382001210004091263e-02,-1.413851529359817505e-01,1.067323610186576843e-01,3.655631095170974731e-02,1.601669788360595703e-01,-1.733029782772064209e-01,-2.400433272123336792e-01,-1.529705524444580078e-01,-2.559936940670013428e-01,-2.216092497110366821e-01,-2.489521503448486328e-01,-7.272917777299880981e-02,-2.326788604259490967e-01,-7.205912470817565918e-02,-9.420395642518997192e-02,-1.586584150791168213e-01,-2.483254373073577881e-01,-1.296085119247436523e-01,-1.541000157594680786e-01,3.563312441110610962e-02,4.211987927556037903e-02,1.242946237325668335e-01,1.267487406730651855e-01,2.147215753793716431e-01,3.433012962341308594e-01,1.263464987277984619e-01,1.851430535316467285e-02,2.288122773170471191e-01,1.516250818967819214e-01,-9.407913684844970703e-02,-2.387744039297103882e-01,-3.219050541520118713e-02,-7.663003355264663696e-02,2.273477613925933838e-02,3.539205528795719147e-03,1.481595039367675781e-01,2.999626100063323975e-01,1.810317188501358032e-01,2.209364026784896851e-01,2.481298595666885376e-01,2.732888162136077881e-01,-2.439537458121776581e-02,1.922891139984130859e-01,-2.035797387361526489e-01,1.373318284749984741e-01,-1.272000968456268311e-01,5.099004134535789490e-02,8.280596882104873657e-02,1.030990406870841980e-01,-2.647261023521423340e-01,1.188267990946769714e-01,-3.989505395293235779e-02,7.492655515670776367e-02,-2.301762253046035767e-01,-1.607584208250045776e-01,-2.204670906066894531e-01,-2.666666507720947266e-01,-7.424997538328170776e-02,6.416682153940200806e-03,-1.117641776800155640e-01,2.687289379537105560e-02,-1.119746640324592590e-01,-1.319410502910614014e-01,-1.203909367322921753e-01,-2.064612209796905518e-01,-5.534725636243820190e-02,-1.503959447145462036e-01,-1.271327137947082520e-01,-1.437185257673263550e-01,-1.446231752634048462e-01,6.965970247983932495e-02,-8.936430513858795166e-02,-3.024654462933540344e-02,5.923815444111824036e-02,-1.173540875315666199e-01,-1.853088587522506714e-01,5.021324381232261658e-02,4.543441534042358398e-02,-1.295600365847349167e-02
1.479361802339553833e-01,2.698570489883422852e-01,2.920246124267578125e-01,7.079467773437500000e-01,-1.435224115848541260e-01,2.546971105039119720e-02,4.589571356773376465e-01,1.000000000000000000e+00,5.947579443454742432e-02,2.583653852343559265e-02,2.256934791803359985e-01,4.387466907501220703e-01,2.520519495010375977e-01,4.057857692241668701e-01,1.447380185127258301e-01,1.265504211187362671e-01,1.836327314376831055e-01,1.598605364561080933e-01,1.546882539987564087e-01,2.494224756956100464e-01,8.821035735309123993e-03,-5.891652405261993408e-02,8.362028002738952637e-02,2.512970864772796631e-01,-1.286959946155548096e-01,2.191100455820560455e-02,-1.313590556383132935e-01,-9.562940895557403564e-02,3.270655572414398193e-01,1.371839493513107300e-01,1.170680075883865356e-01,2.670457959175109863e-01,2.096629142761230469e-01,3.255188167095184326e-01,7.774846255779266357e-02,1.771261543035507202e-01,-1.470287144184112549e-02,4.301522672176361084e-02,-5.398714914917945862e-02,8.886581659317016602e-02,1.152291819453239441e-01,5.469694733619689941e-02,-5.265367403626441956e-02,-5.828234925866127014e-02,7.668972760438919067e-02,1.225265040993690491e-01,-8.376114070415496826e-02,-7.300923764705657959e-02,1.068810522556304932e-01,1.866791844367980957e-01,1.099442914128303528e-01,2.323047071695327759e-01,8.200286328792572021e-02,-3.772580996155738831e-02,-2.634091302752494812e-02,-3.109682723879814148e-02,3.415140137076377869e-02,1.050281301140785217e-01,1.812227666378021240e-01,3.182521760463714600e-01,2.176330238580703735e-01,5.280951857566833496e-01,1.658209413290023804e-01,2.190893888473510742e-01,1.382370740175247192e-01,4.284282326698303223e-01,4.722759127616882324e-02,1.254548877477645874e-01,-6.897962093353271484e-02,7.191575318574905396e-02,7.702359557151794434e-02,5.350585281848907471e-02,1.997158080339431763e-01,1.866572797298431396e-01,2.026174068450927734e-01,1.980553418397903442e-01,1.269213408231735229e-01,1.770076006650924683e-01,3.154595568776130676e-02,1.003831550478935242e-01,-8.405639976263046265e-02,4.528234153985977173e-02,-1.655637025833129883e-01,-2.279835939407348633e-02,-1.128438264131546021e-01,2.018938362598419189e-01,-1.487542986869812012e-01,9.866442531347274780e-02,-8.713857084512710571e-02,1.489589661359786987e-01,-1.207854375243186951e-01,-1.355035454034805298e-01,-1.353331208229064941e-01,-2.930610179901123047e-01,-1.428651362657546997e-01,-6.891020387411117554e-02,-2.088766098022460938e-01,-1.924088597297668457e-02,-2.340396307408809662e-02,-9.149960428476333618e-02,-1.083392649888992310e-01,-2.417921125888824463e-01,-5.616657808423042297e-02,-1.963970959186553955e-01,-1.834388673305511475e-01,-2.091103047132492065e-01,-3.474291041493415833e-02,-9.653552621603012085e-02,-1.019267141819000244e-01,-6.352284550666809082e-02,-4.402346536517143250e-02,-2.236407697200775146e-01,-1.375518292188644409e-01,-1.645851433277130127e-01,-1.323644816875457764e-01,3.598510101437568665e-02
1.817696988582611084e-01,-1.379908025264739990e-01,2.580563724040985107e-01,6.536130607128143311e-02,6.370754241943359375e-01,5.399842262268066406e-01,1.291557997465133667e-01,5.947579443454742432e-02,1.000000000000000000e+00,5.017207860946655273e-01,2.078656852245330811e-01,-1.060193777084350586e-02,1.785166859626770020e-01,6.682018190622329712e-02,3.762562870979309082e-01,1.710214912891387939e-01,2.156820707023143768e-02,-2.343108505010604858e-01,4.955602064728736877e-02,2.948884479701519012e-02,1.636518090963363647e-01,2.047730423510074615e-02,3.060298562049865723e-01,3.177513778209686279e-01,3.483085334300994873e-01,2.460391074419021606e-01,5.098717212677001953e-01,4.453670084476470947e-01,-7.367620617151260376e-02,-2.500635385513305664e-01,-1.093360781669616699e-01,-1.610291749238967896e-01,1.500693857669830322e-01,3.052558191120624542e-02,3.777344822883605957e-01,2.812379896640777588e-01,1.015242412686347961e-01,-6.479708105325698853e-02,2.933745831251144409e-02,6.866608560085296631e-02,4.856107011437416077e-02,-3.176873549818992615e-03,1.691239476203918457e-01,1.542593240737915039e-01,-3.142949938774108887e-02,-7.447921484708786011e-02,1.002584397792816162e-01,-2.804104238748550415e-03,1.104359775781631470e-01,-2.630624920129776001e-03,9.836292266845703125e-02,-4.652616381645202637e-02,7.026787847280502319e-02,-5.659198760986328125e-02,9.702778607606887817e-02,-6.580964662134647369e-03,1.690774261951446533e-01,-2.589156664907932281e-02,1.177017167210578918e-01,-4.944894090294837952e-02,3.271331191062927246e-01,6.866721808910369873e-02,1.428575515747070312e-01,-1.704348921775817871e-01,5.244668126106262207e-01,2.635478377342224121e-01,1.440488249063491821e-01,6.471797078847885132e-02,9.699966758489608765e-02,5.974277108907699585e-02,1.525685638189315796e-01,-4.505681991577148438e-02,-2.524201944470405579e-02,-1.997175514698028564e-01,-1.307083815336227417e-01,-1.301527768373489380e-01,-5.252014100551605225e-02,-1.421083807945251465e-01,2.845910787582397461e-01,-1.283891201019287109e-01,-3.274032846093177795e-02,-2.661809027194976807e-01,-3.132940037176012993e-03,-1.890902221202850342e-01,2.841716408729553223e-01,1.690202653408050537e-01,1.143423989415168762e-01,2.376000285148620605e-01,1.728486269712448120e-01,5.824422836303710938e-02,-6.477131694555282593e-02,-4.676914960145950317e-02,8.973881602287292480e-02,2.948242984712123871e-02,-2.138951122760772705e-01,-1.093398258090019226e-01,1.554693281650543213e-02,2.247091941535472870e-02,-4.672515764832496643e-02,2.892785333096981049e-02,-2.859604544937610626e-02,7.372795790433883667e-02,-5.987684428691864014e-02,9.683013707399368286e-02,-2.745926007628440857e-02,-2.227901667356491089e-02,-1.211048215627670288e-01,-1.733205616474151611e-01,8.743027597665786743e-02,-1.918152123689651489e-01,-2.508274316787719727e-01,-1.870162039995193481e-01,7.916940003633499146e-02,-3.118308819830417633e-02,-6.878147274255752563e-02,-1.284965723752975464e-01
-7.723099738359451294e-02,-1.244749054312705994e-01,-8.097855746746063232e-02,7.291135191917419434e-02,5.210400819778442383e-01,5.487783551216125488e-01,-1.632722914218902588e-01,2.583653852343559265e-02,5.017207860946655273e-01,1.000000000000000000e+00,1.023952141404151917e-01,1.791975051164627075e-01,-3.417648747563362122e-02,1.772380322217941284e-01,2.480648308992385864e-01,5.737527608871459961e-01,2.147498726844787598e-02,-3.895843029022216797e-02,9.470798820257186890e-02,3.273041918873786926e-02,8.332874625921249390e-02,1.435773521661758423e-01,1.356920897960662842e-01,2.802104353904724121e-01,8.833675086498260498e-02,5.158062279224395752e-02,3.076849877834320068e-01,3.628461360931396484e-01,5.125721916556358337e-02,-1.138533130288124084e-01,-1.518594026565551758e-01,-5.565458163619041443e-02,4.395129904150962830e-02,4.337977245450019836e-02,1.554158478975296021e-01,1.562585085630416870e-01,6.762638688087463379e-02,5.485879257321357727e-02,2.774155139923095703e-02,-2.864235639572143555e-02,7.491745054721832275e-02,-1.391443889588117599e-02,1.496394425630569458e-01,1.826350688934326172e-01,6.121907010674476624e-02,5.875653028488159180e-02,9.694019705057144165e-02,1.406547427177429199e-01,9.322799742221832275e-02,1.156825870275497437e-01,4.388218373060226440e-02,4.522196948528289795e-02,-1.051795668900012970e-03,4.025578126311302185e-02,-7.149960100650787354e-02,9.446421265602111816e-02,-8.271628990769386292e-03,4.729244858026504517e-02,-8.065900951623916626e-02,-1.524534672498703003e-01,7.616544514894485474e-02,8.297508209943771362e-02,-4.238639026880264282e-02,-5.056141875684261322e-03,2.453628927469253540e-01,3.196467459201812744e-01,9.483480453491210938e-02,1.104084700345993042e-01,8.241772651672363281e-02,1.214164718985557556e-01,1.710325628519058228e-01,1.766018271446228027e-01,1.862678527832031250e-01,-6.424273550510406494e-02,8.973828703165054321e-02,-1.664979197084903717e-02,-1.345049403607845306e-02,-9.834343940019607544e-02,1.996421217918395996e-01,-8.725412189960479736e-03,9.099461138248443604e-02,-4.547712579369544983e-02,6.177757680416107178e-02,-7.438278943300247192e-02,1.903143078088760376e-01,3.234981894493103027e-01,1.890281140804290771e-01,1.353540867567062378e-01,2.037080377340316772e-01,1.221544742584228516e-01,1.905297338962554932e-01,2.507011592388153076e-01,2.801632583141326904e-01,2.650775015354156494e-01,-3.875080496072769165e-02,-8.529813960194587708e-03,-3.090911544859409332e-03,-8.513417094945907593e-02,-4.626834020018577576e-02,1.166146546602249146e-01,2.516810223460197449e-02,1.263373196125030518e-01,-4.524787887930870056e-02,4.422246664762496948e-02,4.468405619263648987e-02,-3.860482946038246155e-02,-1.177047789096832275e-01,-1.147793754935264587e-01,6.243161112070083618e-02,-5.146399885416030884e-02,-1.842882633209228516e-01,-6.348197162151336670e-02,1.642819344997406006e-01,-5.477445572614669800e-02,-6.589069217443466187e-02,-4.761382192373275757e-02
4.376512467861175537e-01,1.808556318283081055e-01,1.341561079025268555e-01,8.955141156911849976e-02,9.305205941200256348e-02,1.243863906711339951e-02,3.451581001281738281e-01,2.256934791803359985e-01,2.078656852245330811e-01,1.023952141404151917e-01,1.000000000000000000e+00,4.035894870758056641e-01,5.446430444717407227e-01,3.256749808788299561e-01,4.279685616493225098e-01,1.896473616361618042e-01,4.011985659599304199e-01,2.673341631889343262e-01,2.711658477783203125e-01,3.334839642047882080e-01,2.399916946887969971e-01,-3.936526924371719360e-02,2.383876964449882507e-02,-4.237838089466094971e-02,-6.580189615488052368e-02,-1.394953578710556030e-01,-7.481915503740310669e-02,-9.787479788064956665e-02,4.247741699218750000e-01,1.705138534307479858e-01,6.994584202766418457e-02,4.654272273182868958e-02,2.917853891849517822e-01,1.782699674367904663e-01,-9.167770855128765106e-03,3.691876679658889771e-02,-2.269149944186210632e-02,-1.514545734971761703e-02,-7.607880397699773312e-04,-4.625967890024185181e-02,2.229343354701995850e-01,1.989122666418552399e-02,6.486867554485797882e-03,1.293209264986217022e-03,1.345912963151931763e-01,6.105585396289825439e-02,2.074008807539939880e-02,-1.307084225118160248e-02,1.425617933273315430e-01,3.183079883456230164e-02,1.311741471290588379e-01,7.635734975337982178e-02,2.964442409574985504e-02,-7.913388311862945557e-02,5.831473320722579956e-02,-3.845750167965888977e-02,3.317939341068267822e-01,2.518383860588073730e-01,2.078427076339721680e-01,5.938722938299179077e-02,4.067295789718627930e-01,2.519810497760772705e-01,4.413467049598693848e-01,2.462167143821716309e-01,1.021455228328704834e-01,-8.202708326280117035e-03,1.430887728929519653e-01,6.410240381956100464e-02,1.192016527056694031e-01,2.057779878377914429e-01,1.721465587615966797e-01,8.667771518230438232e-02,3.704717457294464111e-01,2.153244167566299438e-01,3.350398838520050049e-01,2.777964174747467041e-01,3.676012754440307617e-01,2.890034615993499756e-01,2.749131321907043457e-01,1.530611366033554077e-01,1.907659322023391724e-01,9.583716094493865967e-02,-3.349304199218750000e-02,5.413300171494483948e-02,5.956002324819564819e-02,4.192691296339035034e-02,-3.780237957835197449e-02,1.748007349669933319e-02,1.295159459114074707e-01,-1.136995479464530945e-02,4.888293892145156860e-02,9.551141411066055298e-02,-1.016276478767395020e-01,3.840436413884162903e-02,-1.360545605421066284e-01,-1.104181865230202675e-03,-6.742314994335174561e-02,3.676625341176986694e-02,1.720383763313293457e-01,1.659957319498062134e-01,-6.907190382480621338e-02,8.708404004573822021e-02,5.843167379498481750e-02,1.035727858543395996e-01,-9.959755837917327881e-02,-7.860083132982254028e-02,-9.507457911968231201e-02,3.501544892787933350e-02,-2.955328114330768585e-02,-2.087071724236011505e-02,-3.440826386213302612e-02,-1.152766570448875427e-01,-4.631748050451278687e-02,1.175342798233032227e-01,8.542456477880477905e-02,2.020336501300334930e-02
1.934124678373336792e-01,3.712812364101409912e-01,-5.807217210531234741e-02,2.925696671009063721e-01,-1.050948575139045715e-01,-4.569368064403533936e-02,1.062767729163169861e-01,4.387466907501220703e-01,-1.060193777084350586e-02,1.791975051164627075e-01,4.035894870758056641e-01,1.000000000000000000e+00,2.509353458881378174e-01,5.218743085861206055e-01,2.386817038059234619e-01,3.345876932144165039e-01,2.833257019519805908e-01,4.668871760368347168e-01,3.033758699893951416e-01,4.275439679622650146e-01,2.338805496692657471e-01,-3.387243673205375671e-02,-1.344809234142303467e-01,-7.590872049331665039e-02,-1.438095420598983765e-01,-1.031204313039779663e-01,-2.329538315534591675e-01,-1.978221088647842407e-01,4.952266812324523926e-01,3.434361219406127930e-01,9.316385537385940552e-02,2.219673842191696167e-01,3.747748434543609619e-01,4.608720839023590088e-01,-1.039288714528083801e-01,5.894003063440322876e-02,-4.621946439146995544e-02,1.555007398128509521e-01,-8.159919083118438721e-02,6.796921789646148682e-02,2.216610014438629150e-01,9.607879072427749634e-02,5.347850546240806580e-02,-2.549046883359551430e-03,1.977616995573043823e-01,2.713842093944549561e-01,5.251003056764602661e-02,4.419694095849990845e-02,1.882083415985107422e-01,2.575345933437347412e-01,2.227117121219635010e-01,3.124481439590454102e-01,8.671541512012481689e-02,5.337116867303848267e-02,3.852456342428922653e-03,1.958348155021667480e-01,1.413076221942901611e-01,3.775811493396759033e-01,1.825851351022720337e-01,2.067542970180511475e-01,2.654396891593933105e-01,4.324733614921569824e-01,2.871640920639038086e-01,6.120138764381408691e-01,-1.527081727981567383e-01,1.787424832582473755e-01,2.185862064361572266e-01,2.352888584136962891e-01,1.101794540882110596e-01,2.257862538099288940e-01,2.331376969814300537e-01,2.759756147861480713e-01,4.433248937129974365e-01,3.752828240394592285e-01,3.783508837223052979e-01,3.937069475650787354e-01,3.413746953010559082e-01,3.736452162265777588e-01,1.373965740203857422e-01,2.680031359195709229e-01,1.994332820177078247e-01,2.682284712791442871e-01,-7.098662108182907104e-02,9.545176476240158081e-02,-6.801167875528335571e-02,1.999293416738510132e-01,-8.659361302852630615e-02,8.527627587318420410e-02,-3.304936364293098450e-02,2.044623196125030518e-01,1.369367688894271851e-01,2.831723727285861969e-02,-7.506164163351058960e-02,-1.763744056224822998e-01,-1.809822916984558105e-01,1.095456816256046295e-02,-1.096453145146369934e-01,8.315952122211456299e-02,1.943972408771514893e-01,1.328992843627929688e-01,4.976412281394004822e-02,-1.431394815444946289e-01,1.078052222728729248e-01,-1.898532509803771973e-01,-2.056197822093963623e-01,-2.309245169162750244e-01,2.076722681522369385e-02,3.375485911965370178e-02,-1.253984570503234863e-01,-1.291758473962545395e-02,1.367409364320337772e-03,-1.085032150149345398e-01,-2.168701961636543274e-02,2.778024598956108093e-02,-1.799708232283592224e-02,8.772644400596618652e-02
3.352325558662414551e-01,2.064353376626968384e-01,3.131354749202728271e-01,1.090271025896072388e-01,-7.881943136453628540e-02,-2.381564378738403320e-01,5.860373973846435547e-01,2.520519495010375977e-01,1.785166859626770020e-01,-3.417648747563362122e-02,5.446430444717407227e-01,2.509353458881378174e-01,1.000000000000000000e+00,4.878973960876464844e-01,5.784208774566650391e-01,2.515573799610137939e-01,1.509875506162643433e-01,1.644139438867568970e-01,2.288945019245147705e-01,2.213936001062393188e-01,1.532122045755386353e-01,-7.594262249767780304e-03,1.853241771459579468e-01,9.228377789258956909e-02,1.485031098127365112e-01,1.715179383754730225e-01,-2.232906073331832886e-01,-3.343900442123413086e-01,2.550614774227142334e-01,3.396352529525756836e-01,3.436071872711181641e-01,2.495882213115692139e-01,1.348594576120376587e-01,1.058480665087699890e-01,-6.925795972347259521e-02,-1.118566095829010010e-01,-1.944470852613449097e-01,-3.984611481428146362e-02,-1.517097800970077515e-01,4.862648621201515198e-02,8.951095491647720337e-02,1.109858453273773193e-01,-1.776366382837295532e-01,-2.446067929267883301e-01,-6.628740578889846802e-02,-1.904404163360595703e-01,-2.176227718591690063e-01,-2.785907089710235596e-01,8.858791738748550415e-02,-1.438836753368377686e-01,6.092006713151931763e-02,-2.913521369919180870e-03,-1.094072610139846802e-01,-2.262985557317733765e-01,-8.545265346765518188e-02,-1.274790167808532715e-01,6.498742103576660156e-02,1.492059677839279175e-01,1.603332906961441040e-01,8.989264070987701416e-02,3.081388473510742188e-01,2.957490980625152588e-01,1.118798851966857910e-01,9.410336613655090332e-02,1.705506443977355957e-01,2.746210061013698578e-02,-5.629522725939750671e-02,-2.245325744152069092e-01,3.232451900839805603e-02,7.465782016515731812e-02,1.493270695209503174e-02,-2.313289046287536621e-02,2.150492817163467407e-01,3.740187585353851318e-01,2.358698695898056030e-01,3.155133128166198730e-01,3.310154080390930176e-01,3.364307284355163574e-01,-6.443476770073175430e-03,2.328804731369018555e-01,-1.059011667966842651e-01,2.603776454925537109e-01,-1.169752478599548340e-01,6.238741800189018250e-02,1.101614236831665039e-01,1.162493452429771423e-01,-2.946693003177642822e-01,4.115943983197212219e-02,-6.740248203277587891e-02,-1.618877169676125050e-03,-1.251899302005767822e-01,-6.794527918100357056e-02,-1.798264533281326294e-01,-1.569361835718154907e-01,-3.713313490152359009e-02,6.292943656444549561e-02,-2.170097827911376953e-02,1.204233095049858093e-01,3.275176882743835449e-02,-4.350555315613746643e-02,-9.138774871826171875e-02,-9.477926790714263916e-02,-8.956833183765411377e-02,-9.319081902503967285e-03,-1.398369222879409790e-01,-8.134890347719192505e-02,-7.177361845970153809e-02,1.551426351070404053e-01,-8.640363067388534546e-02,4.089291393756866455e-02,8.479391783475875854e-02,-1.774033308029174805e-01,-1.414101868867874146e-01,1.290788203477859497e-01,1.220626980066299438e-01,4.391966015100479126e-02
