1.000000000000000000e+00,8.481248468160629272e-02,4.572029113769531250e-01,1.349413692951202393e-01,-1.471147593110799789e-02,-4.380342736840248108e-02,5.071939826011657715e-01,7.285557687282562256e-02,-1.800405420362949371e-02,-1.136965677142143250e-02,5.609886050224304199e-01,6.664118170738220215e-02,4.172090291976928711e-01,-6.783615797758102417e-02,2.012859880924224854e-01,-1.568134278059005737e-01,4.417010843753814697e-01,1.227892339229583740e-01,3.458100855350494385e-01,4.498683810234069824e-01,1.737247109413146973e-01,-6.703551858663558960e-02,-4.855035617947578430e-02,7.949115335941314697e-02,-1.056418195366859436e-01,-8.962955325841903687e-02,-1.137987747788429260e-01,-1.025123894214630127e-01,4.670462906360626221e-01,5.474407598376274109e-02,4.097106307744979858e-02,-2.215015701949596405e-02,4.833903014659881592e-01,5.428314805030822754e-01,4.146949946880340576e-01,3.301464617252349854e-01,4.492790997028350830e-01,2.221649885177612305e-01,1.767410188913345337e-01,-1.104555055499076843e-01,2.488453984260559082e-01,-4.648277163505554199e-02,1.410674899816513062e-01,-3.477504104375839233e-02,8.976577222347259521e-02,3.274732828140258789e-02,-1.329670399427413940e-01,-7.129822671413421631e-02,1.668106913566589355e-01,2.209115214645862579e-02,1.600216031074523926e-01,-4.230914264917373657e-02,2.090288698673248291e-02,-1.556812524795532227e-01,4.070877283811569214e-02,-1.110529825091362000e-01,7.306785583496093750e-01,-7.121394574642181396e-02,4.446677863597869873e-01,1.090473607182502747e-01,5.598547458648681641e-01,-4.127124696969985962e-02,4.731451869010925293e-01,-2.703937701880931854e-02,3.116911649703979492e-01,-1.070641633123159409e-02,3.918111026287078857e-01,3.459548354148864746e-01,3.478053808212280273e-01,3.328951895236968994e-01,3.232731819152832031e-01,1.007542163133621216e-01,3.492371141910552979e-01,8.967530727386474609e-02,2.179179936647415161e-01,7.921082526445388794e-02,2.775523960590362549e-01,2.850466370582580566e-01,4.047956764698028564e-01,6.639519333839416504e-02,4.269725978374481201e-01,1.504406705498695374e-02,2.214854210615158081e-01,-8.899298310279846191e-02,3.203746378421783447e-01,-6.398004293441772461e-02,2.957344986498355865e-02,-1.226609870791435242e-01,1.906054317951202393e-01,-1.974723935127258301e-01,-1.158929318189620972e-01,-1.464833617210388184e-01,-1.055945828557014465e-01,-5.335345864295959473e-02,2.197301238775253296e-01,1.474301517009735107e-01,1.379193961620330811e-01,2.486497908830642700e-01,-1.073031947016716003e-01,1.428147591650485992e-02,-3.994429856538772583e-02,7.676210254430770874e-02,-1.805104315280914307e-02,2.305719256401062012e-02,-7.756403088569641113e-02,-9.139978326857089996e-03,2.096485905349254608e-02,6.993129849433898926e-02,9.748414903879165649e-02,2.245083898305892944e-01,1.265012919902801514e-01,1.528037190437316895e-01,8.976738899946212769e-02,7.135417312383651733e-03,2.173831500113010406e-02,1.455753743648529053e-01
8.481248468160629272e-02,1.000000000000000000e+00,1.204071044921875000e-01,5.815043449401855469e-01,3.186172246932983398e-01,3.868681192398071289e-01,-2.976274490356445312e-02,5.523809194564819336e-01,2.594071030616760254e-01,4.506054222583770752e-01,-9.161719679832458496e-02,6.174354553222656250e-01,-2.125452905893325806e-01,5.594034790992736816e-01,3.099047541618347168e-01,4.757779538631439209e-01,-6.836903095245361328e-02,4.722238779067993164e-01,2.486623674631118774e-01,4.020884931087493896e-01,2.883037030696868896e-01,4.072146415710449219e-01,1.528880894184112549e-01,5.101090073585510254e-01,2.750202119350433350e-01,3.721789717674255371e-01,2.820742726325988770e-01,3.302578032016754150e-01,-6.980682909488677979e-02,5.170921087265014648e-01,4.955237507820129395e-01,5.367422699928283691e-01,1.940564215183258057e-01,3.897107541561126709e-01,-1.604093015193939209e-01,-6.229273602366447449e-02,-5.286750942468643188e-02,3.881317004561424255e-02,1.834409870207309723e-02,9.113507717847824097e-02,2.032130025327205658e-02,1.971193552017211914e-01,-1.172158271074295044e-01,-2.626499831676483154e-01,-1.037280634045600891e-01,-1.990146040916442871e-01,-2.696247994899749756e-01,-2.509341239929199219e-01,-1.409819815307855606e-02,-1.815352961421012878e-02,3.353513777256011963e-02,7.385572418570518494e-03,-1.856793463230133057e-02,-2.070287317037582397e-01,-1.625367552042007446e-01,-4.011135175824165344e-02,1.618938706815242767e-02,7.274162769317626953e-01,5.027816072106361389e-02,2.842530012130737305e-01,-3.465281054377555847e-02,3.901939690113067627e-01,-2.521448731422424316e-01,5.080221295356750488e-01,-1.318470761179924011e-02,2.269426733255386353e-01,2.114990726113319397e-02,-7.005366683006286621e-02,3.880223035812377930e-01,3.742196857929229736e-01,1.611081957817077637e-01,4.679046869277954102e-01,1.586267650127410889e-01,4.255763888359069824e-01,5.377219617366790771e-02,3.400614261627197266e-01,5.633261054754257202e-02,9.315995499491691589e-03,-1.508983224630355835e-01,1.410493999719619751e-01,-1.734473854303359985e-01,3.760745227336883545e-01,5.867861956357955933e-02,4.681524932384490967e-01,-9.653134644031524658e-02,2.432894557714462280e-01,1.547498255968093872e-01,3.608725666999816895e-01,-1.091506779193878174e-01,1.157701238989830017e-01,-2.395879626274108887e-01,-7.860448956489562988e-02,-2.126407027244567871e-01,2.112155780196189880e-02,-2.043770998716354370e-01,-7.268219441175460815e-02,-2.558182179927825928e-01,-8.867776393890380859e-02,-2.926402986049652100e-01,-8.096522092819213867e-02,-2.040678411722183228e-01,2.344665378332138062e-01,-1.850505173206329346e-01,4.846116155385971069e-02,-2.028820812702178955e-01,-1.122835651040077209e-01,-1.636286675930023193e-01,6.604163348674774170e-02,-1.404185891151428223e-01,-1.819232106208801270e-01,-2.499831318855285645e-01,-1.634198874235153198e-01,-1.211539506912231445e-01,-1.724344640970230103e-01,-2.018160223960876465e-01,-2.075325250625610352e-01
4.572029113769531250e-01,1.204071044921875000e-01,1.000000000000000000e+00,5.470638275146484375e-01,1.404117792844772339e-01,1.549199521541595459e-01,7.577874064445495605e-01,4.841889441013336182e-01,1.273868829011917114e-01,1.378512829542160034e-01,3.035639524459838867e-01,1.706979423761367798e-01,5.501126646995544434e-01,1.259804069995880127e-01,1.024587452411651611e-02,-6.948452442884445190e-02,3.016713261604309082e-01,1.922816187143325806e-01,5.090667009353637695e-01,5.174042582511901855e-01,8.954523503780364990e-02,6.430737674236297607e-02,5.020167231559753418e-01,4.362722337245941162e-01,1.548446714878082275e-01,1.629572510719299316e-01,4.725017771124839783e-02,6.434627622365951538e-02,3.446876704692840576e-01,1.560580134391784668e-01,2.893440425395965576e-01,2.744199335575103760e-01,2.579121887683868408e-01,3.896981179714202881e-01,1.991444975137710571e-01,1.318464279174804688e-01,2.808566689491271973e-01,2.605581581592559814e-01,1.212778091430664062e-01,4.870190098881721497e-02,1.554770916700363159e-01,5.372828990221023560e-02,-9.062075056135654449e-03,-2.164907008409500122e-02,-1.047486066818237305e-01,-1.300968378782272339e-01,-2.099432796239852905e-02,7.369758188724517822e-02,-8.647520095109939575e-02,-1.438755244016647339e-01,-2.924807183444499969e-02,-1.740065664052963257e-01,-5.267322529107332230e-03,-1.776113063097000122e-01,9.101866930723190308e-02,1.064356416463851929e-01,3.291034400463104248e-01,-3.774054348468780518e-02,1.317286789417266846e-01,-9.865619987249374390e-02,1.730632632970809937e-01,-2.077930271625518799e-01,2.078106403350830078e-01,-1.224327832460403442e-01,1.399523168802261353e-01,-8.888261020183563232e-02,8.013710379600524902e-02,4.260348156094551086e-03,2.417009770870208740e-01,1.017217040061950684e-01,2.112829089164733887e-01,2.033942043781280518e-01,2.564457654953002930e-01,2.262639105319976807e-01,1.833461225032806396e-01,2.519635558128356934e-01,3.046922087669372559e-01,3.145835697650909424e-01,2.886299490928649902e-01,2.604016847908496857e-02,2.152812927961349487e-01,4.547233693301677704e-03,8.580397069454193115e-02,1.899608597159385681e-02,2.079353928565979004e-01,4.975911974906921387e-02,1.885021179914474487e-01,1.340976264327764511e-02,2.441404014825820923e-01,7.001022249460220337e-02,3.517687693238258362e-02,1.683693192899227142e-02,4.905989393591880798e-02,1.313035190105438232e-01,2.339713275432586670e-01,1.833564490079879761e-01,2.110942602157592773e-01,1.990417838096618652e-01,6.009521707892417908e-02,1.370172798633575439e-01,6.778594106435775757e-02,1.203550994396209717e-01,8.032726496458053589e-02,9.213204681873321533e-02,7.125383615493774414e-02,1.552191227674484253e-01,9.398467838764190674e-02,1.374847292900085449e-01,2.022401839494705200e-01,1.198690235614776611e-01,2.068089991807937622e-01,1.302159428596496582e-01,1.220199391245841980e-01,7.250390946865081787e-02,1.640137583017349243e-01,1.978370994329452515e-01
1.349413692951202393e-01,5.815043449401855469e-01,5.470638275146484375e-01,1.000000000000000000e+00,4.208782017230987549e-01,5.192769765853881836e-01,3.957877457141876221e-01,8.019356727600097656e-01,3.611143827438354492e-01,5.409728288650512695e-01,2.053871564567089081e-02,5.970740914344787598e-01,1.550094187259674072e-01,5.848345756530761719e-01,1.997194588184356689e-01,3.448153734207153320e-01,4.723379760980606079e-02,4.588374793529510498e-01,4.241911768913269043e-01,5.187132358551025391e-01,2.598574757575988770e-01,4.177302718162536621e-01,5.095776915550231934e-01,7.436649203300476074e-01,4.603818655014038086e-01,5.297134518623352051e-01,3.540679216384887695e-01,4.092308878898620605e-01,7.970318943262100220e-02,5.287236571311950684e-01,5.878847837448120117e-01,6.844452023506164551e-01,1.271736174821853638e-01,3.646818995475769043e-01,-8.084610104560852051e-02,-7.469973713159561157e-02,7.816623151302337646e-02,2.238604724407196045e-01,7.859497517347335815e-02,1.409769803285598755e-01,-2.265163883566856384e-02,1.449002027511596680e-01,-1.119279935956001282e-01,-1.859506070613861084e-01,-2.029389888048171997e-01,-3.071135282516479492e-01,-8.785725384950637817e-02,-6.164899468421936035e-02,-1.339562386274337769e-01,-1.819477677345275879e-01,6.978471763432025909e-03,-1.395958662033081055e-01,7.907305657863616943e-02,-1.969644427299499512e-01,5.208174698054790497e-03,1.040032133460044861e-01,3.635532781481742859e-02,4.445985853672027588e-01,-1.050289049744606018e-01,-7.222337182611227036e-03,-8.582337200641632080e-02,5.871366336941719055e-02,-4.845909029245376587e-02,2.418176680803298950e-01,2.491101995110511780e-02,5.627154931426048279e-02,-1.643496602773666382e-01,-2.496198564767837524e-01,2.519330680370330811e-01,1.830610185861587524e-01,1.321938633918762207e-01,4.779991805553436279e-01,1.547986119985580444e-01,4.986045360565185547e-01,1.167594194412231445e-01,4.022620618343353271e-01,1.927589178085327148e-01,1.605327129364013672e-01,-1.992191374301910400e-02,1.255236119031906128e-01,-6.380923837423324585e-02,2.847808897495269775e-01,2.086910046637058258e-02,3.219238519668579102e-01,4.218161106109619141e-02,2.116778045892715454e-01,2.862468957901000977e-01,3.429892659187316895e-01,7.459735870361328125e-02,1.781539767980575562e-01,-4.469075426459312439e-02,-1.016272976994514465e-02,-2.939009293913841248e-02,6.414695829153060913e-02,1.273750420659780502e-02,8.831115812063217163e-02,-7.523934356868267059e-03,5.855910852551460266e-02,-6.218701601028442383e-02,1.018091738224029541e-01,-2.041975967586040497e-02,1.548459976911544800e-01,3.996981773525476456e-03,7.467942684888839722e-02,-1.887499168515205383e-02,8.669329434633255005e-02,2.016573771834373474e-02,1.236043423414230347e-01,6.420660018920898438e-02,-1.385478526353836060e-01,-2.265963889658451080e-02,4.960038699209690094e-03,3.647404909133911133e-02,-5.670415610074996948e-02,-1.645430549979209900e-02,3.155293315649032593e-02
-1.471147593110799789e-02,3.186172246932983398e-01,1.404117792844772339e-01,4.208782017230987549e-01,1.000000000000000000e+00,7.922228574752807617e-01,3.133438900113105774e-02,4.250317811965942383e-01,8.175815343856811523e-01,6.807364225387573242e-01,-9.073346853256225586e-02,4.119893014430999756e-01,-3.399576991796493530e-02,4.397276043891906738e-01,3.775644898414611816e-01,4.431399106979370117e-01,-5.920046567916870117e-02,3.240059018135070801e-01,3.683747025206685066e-03,1.737409234046936035e-01,2.985916435718536377e-01,6.132892370223999023e-01,2.221018075942993164e-01,5.096395611763000488e-01,7.208905220031738281e-01,7.951498627662658691e-01,8.076013922691345215e-01,7.841783761978149414e-01,-1.971666961908340454e-01,4.478476047515869141e-01,4.910715520381927490e-01,5.570186972618103027e-01,-1.004866957664489746e-01,1.490850299596786499e-01,-2.311235060915350914e-03,3.245522826910018921e-02,3.013419173657894135e-02,6.461399607360363007e-03,2.614370584487915039e-01,2.597950100898742676e-01,9.035985171794891357e-02,2.051055133342742920e-01,-1.472329944372177124e-01,-1.356037855148315430e-01,-5.200380831956863403e-02,-1.571422368288040161e-01,-8.783970773220062256e-02,-1.106410622596740723e-01,-6.133553758263587952e-02,-4.618460312485694885e-02,-3.839047625660896301e-02,-5.921251699328422546e-02,6.645989138633012772e-03,-1.169572845101356506e-01,1.597368717193603516e-01,5.359661579132080078e-02,1.955807581543922424e-02,2.683203220367431641e-01,-2.961836941540241241e-02,5.099821835756301880e-02,6.033714488148689270e-02,9.217654913663864136e-02,3.618719801306724548e-02,1.145032346248626709e-01,7.179775834083557129e-02,2.793411724269390106e-02,-1.416808664798736572e-01,-6.198228523135185242e-02,3.427657112479209900e-02,1.943429708480834961e-01,3.276078775525093079e-02,4.297257363796234131e-01,-4.827927052974700928e-02,3.339927196502685547e-01,4.963044449687004089e-02,1.670872718095779419e-01,1.780067235231399536e-01,-3.289611637592315674e-02,-1.200722381472587585e-01,2.184342890977859497e-01,-1.423693299293518066e-01,3.272992074489593506e-01,-1.309101134538650513e-01,3.284855484962463379e-01,2.407370135188102722e-02,2.012867778539657593e-01,4.531375467777252197e-01,5.556702613830566406e-01,1.740647256374359131e-01,1.462242305278778076e-01,5.563497543334960938e-03,3.149368613958358765e-02,6.687779445201158524e-03,6.733217090368270874e-02,-5.454271449707448483e-04,1.418534517288208008e-01,7.225830852985382080e-02,1.129569709300994873e-01,-1.258874963968992233e-02,1.724992245435714722e-01,-5.689952056854963303e-03,-3.064150363206863403e-02,2.904807776212692261e-02,-1.087123900651931763e-02,1.550567336380481720e-02,-7.269950956106185913e-02,-2.343101240694522858e-02,6.488066166639328003e-02,-3.909095749258995056e-02,4.401032626628875732e-02,1.329223718494176865e-02,-5.802815407514572144e-02,1.010855734348297119e-01,7.870104163885116577e-03,-1.156607940793037415e-01,6.021810695528984070e-02
-4.380342736840248108e-02,3.868681192398071289e-01,1.549199521541595459e-01,5.192769765853881836e-01,7.922228574752807617e-01,1.000000000000000000e+00,3.097479417920112610e-02,5.393155813217163086e-01,7.066737413406372070e-01,7.848241329193115234e-01,-1.275603473186492920e-01,5.246728658676147461e-01,-8.143268525600433350e-02,5.154195427894592285e-01,3.126305341720581055e-01,5.042212009429931641e-01,-6.334319710731506348e-02,3.732672333717346191e-01,6.881356984376907349e-02,1.882486194372177124e-01,2.959192693233489990e-01,6.372236609458923340e-01,2.841856181621551514e-01,5.685538649559020996e-01,7.042566537857055664e-01,8.230740427970886230e-01,7.551304101943969727e-01,7.978078722953796387e-01,-1.508600413799285889e-01,5.417572855949401855e-01,5.180755257606506348e-01,6.146029233932495117e-01,-6.972458213567733765e-02,1.718302816152572632e-01,-5.159771442413330078e-02,6.739873439073562622e-03,1.438453420996665955e-02,7.128448784351348877e-02,2.542507052421569824e-01,3.299485743045806885e-01,4.325041547417640686e-02,1.828092485666275024e-01,-1.269672214984893799e-01,-1.258608251810073853e-01,-7.486787438392639160e-02,-1.784023046493530273e-01,-6.271284073591232300e-02,-5.116983875632286072e-02,-5.239453166723251343e-02,-7.128003984689712524e-02,7.620114833116531372e-03,-5.496146529912948608e-02,6.293465197086334229e-02,-1.258522719144821167e-01,1.747692674398422241e-01,1.367852687835693359e-01,1.865174155682325363e-03,3.333346843719482422e-01,-8.482370525598526001e-02,3.799540549516677856e-02,-1.983274891972541809e-02,9.246268123388290405e-02,2.795110223814845085e-03,1.854137778282165527e-01,4.648477956652641296e-02,3.202589973807334900e-02,-1.892306208610534668e-01,-1.484378725290298462e-01,3.860957175493240356e-02,1.369706392288208008e-01,1.824250072240829468e-02,4.721424281597137451e-01,-4.695647582411766052e-02,4.100130498409271240e-01,7.001046091318130493e-02,2.020518332719802856e-01,1.974985748529434204e-01,-6.615007296204566956e-03,-1.249299198389053345e-01,2.036609798669815063e-01,-1.649346202611923218e-01,3.628915250301361084e-01,-8.539316803216934204e-02,3.759086728096008301e-01,-1.279582828283309937e-02,2.595909237861633301e-01,4.610866010189056396e-01,6.202986836433410645e-01,1.527336984872817993e-01,1.972836256027221680e-01,2.776242978870868683e-02,3.475574404001235962e-02,2.985440939664840698e-02,6.688981503248214722e-02,-1.056628301739692688e-02,1.538502424955368042e-01,6.897122412919998169e-02,1.240894496440887451e-01,1.152607798576354980e-02,1.919391304254531860e-01,2.086654677987098694e-02,1.979396678507328033e-02,5.380756407976150513e-02,2.670299028977751732e-03,4.174567013978958130e-02,-1.263059396296739578e-02,7.364601828157901764e-03,6.547883898019790649e-02,-4.062024876475334167e-02,6.822231225669384003e-03,2.288717590272426605e-02,-2.569122426211833954e-02,1.339896172285079956e-01,1.508542243391275406e-02,-6.815606355667114258e-02,6.058269739151000977e-02
5.071939826011657715e-01,-2.976274490356445312e-02,7.577874064445495605e-01,3.957877457141876221e-01,3.133438900113105774e-02,3.097479417920112610e-02,1.000000000000000000e+00,3.226775825023651123e-01,2.993282303214073181e-02,3.656478365883231163e-03,4.280079603195190430e-01,7.465351372957229614e-02,6.150736212730407715e-01,3.926374483853578568e-03,5.321184173226356506e-02,-2.064362913370132446e-01,3.691952824592590332e-01,1.288185566663742065e-01,3.463671803474426270e-01,4.158214926719665527e-01,1.193373277783393860e-01,3.485528985038399696e-03,3.189958631992340088e-01,3.200736939907073975e-01,3.434451296925544739e-02,2.582216262817382812e-02,-4.511963203549385071e-02,-3.034539148211479187e-02,4.143291711807250977e-01,7.464130222797393799e-02,1.829917877912521362e-01,1.801506727933883667e-01,1.921659409999847412e-01,3.160421252250671387e-01,2.624791860580444336e-01,1.510690748691558838e-01,3.611073791980743408e-01,2.464124858379364014e-01,1.567123979330062866e-01,4.995100945234298706e-02,2.012748122215270996e-01,3.963276743888854980e-02,1.355012226849794388e-02,-5.344346910715103149e-02,-1.145800277590751648e-01,-1.413638740777969360e-01,1.753276400268077850e-02,7.188788056373596191e-02,-8.000989258289337158e-02,-2.071904689073562622e-01,-1.718172617256641388e-02,-2.345112711191177368e-01,1.087176054716110229e-02,-1.611281335353851318e-01,1.066847890615463257e-01,8.849509060382843018e-02,3.562339842319488525e-01,-1.664861440658569336e-01,1.223096549510955811e-01,-1.803096532821655273e-01,2.194067239761352539e-01,-2.975081503391265869e-01,3.037790060043334961e-01,-2.073553651571273804e-01,1.817384958267211914e-01,-1.768390834331512451e-01,7.327799499034881592e-02,-6.111595779657363892e-03,1.375866383314132690e-01,3.035687841475009918e-02,2.249977141618728638e-01,1.221505254507064819e-01,2.921276390552520752e-01,1.887375116348266602e-01,1.496874988079071045e-01,1.724693775177001953e-01,2.796039581298828125e-01,2.916964888572692871e-01,3.339631855487823486e-01,8.457418531179428101e-03,3.119817972183227539e-01,-5.362735316157341003e-02,1.167347058653831482e-01,-5.628604069352149963e-02,2.854276597499847412e-01,-4.708005860447883606e-02,1.081479266285896301e-01,-7.259704172611236572e-02,2.524430453777313232e-01,1.647672802209854126e-02,3.782203048467636108e-02,2.201655507087707520e-02,5.800070986151695251e-02,6.844529509544372559e-02,2.647637128829956055e-01,2.270632684230804443e-01,2.409569919109344482e-01,2.146007418632507324e-01,6.692885607481002808e-02,1.330914348363876343e-01,6.534428894519805908e-02,3.286712244153022766e-02,6.985448300838470459e-02,5.564262717962265015e-02,5.571942403912544250e-02,1.689124703407287598e-01,7.282619178295135498e-02,8.483199030160903931e-02,2.081515192985534668e-01,1.644302457571029663e-01,2.034393697977066040e-01,1.497644037008285522e-01,1.356476694345474243e-01,1.066533550620079041e-01,1.625392436981201172e-01,2.078630626201629639e-01
7.285557687282562256e-02,5.523809194564819336e-01,4.841889441013336182e-01,8.019356727600097656e-01,4.250317811965942383e-01,5.393155813217163086e-01,3.226775825023651123e-01,1.000000000000000000e+00,3.500321209430694580e-01,5.755075812339782715e-01,-6.145915482193231583e-03,6.742985248565673828e-01,1.299555152654647827e-01,6.864286661148071289e-01,1.331977695226669312e-01,4.443631172180175781e-01,2.678063325583934784e-02,5.189115405082702637e-01,3.592942059040069580e-01,3.921689689159393311e-01,2.751672863960266113e-01,4.447005093097686768e-01,4.677288234233856201e-01,6.253327131271362305e-01,4.480802416801452637e-01,5.225520133972167969e-01,3.527151942253112793e-01,4.181481599807739258e-01,1.079337447881698608e-01,5.964721441268920898e-01,5.583526492118835449e-01,6.417509317398071289e-01,1.548999696969985962e-01,3.593983650207519531e-01,-5.309068411588668823e-02,4.974079784005880356e-03,1.174088716506958008e-01,2.908731400966644287e-01,1.521012037992477417e-01,2.267248928546905518e-01,3.511589393019676208e-02,2.294513285160064697e-01,-1.039458662271499634e-01,-1.252920627593994141e-01,-1.342409551143646240e-01,-2.007234990596771240e-01,-8.731803297996520996e-02,-1.217504777014255524e-02,-1.043491587042808533e-01,-8.993014693260192871e-02,-2.971011400222778320e-02,-7.639703899621963501e-02,3.552694991230964661e-02,-1.714475005865097046e-01,5.357463657855987549e-02,1.671246439218521118e-01,-2.951684035360813141e-02,4.471237659454345703e-01,-1.085950434207916260e-01,4.174452647566795349e-02,-1.341813355684280396e-01,9.842389076948165894e-02,-1.450977474451065063e-01,2.811618447303771973e-01,-2.963463589549064636e-02,1.355015933513641357e-01,-1.123321279883384705e-01,-1.860263198614120483e-01,2.817379534244537354e-01,1.217186078429222107e-01,1.528706848621368408e-01,5.267043113708496094e-01,1.576340943574905396e-01,5.475458502769470215e-01,1.353811621665954590e-01,4.149454534053802490e-01,2.474154829978942871e-01,1.739373803138732910e-01,-3.968956321477890015e-02,2.183539569377899170e-01,-9.979569911956787109e-02,3.720765411853790283e-01,-1.574057526886463165e-02,4.044623374938964844e-01,-1.197163132019340992e-03,3.047888875007629395e-01,2.822594344615936279e-01,4.089516997337341309e-01,1.073492616415023804e-01,2.484366744756698608e-01,-1.790495030581951141e-02,3.812455013394355774e-02,-1.606617681682109833e-02,1.090015619993209839e-01,3.693988174200057983e-02,1.429040729999542236e-01,2.434027194976806641e-02,1.641394644975662231e-01,-2.760291472077369690e-02,1.815357059240341187e-01,-1.757831685245037079e-02,1.856877803802490234e-01,7.098799571394920349e-03,8.064658939838409424e-02,4.081213381141424179e-03,8.377791196107864380e-02,2.747954428195953369e-02,1.560245007276535034e-01,5.106334760785102844e-02,-6.943378597497940063e-02,4.742431920021772385e-03,2.702802233397960663e-02,8.839143812656402588e-02,1.496297400444746017e-02,2.320275828242301941e-02,8.781277388334274292e-02
-1.800405420362949371e-02,2.594071030616760254e-01,1.273868829011917114e-01,3.611143827438354492e-01,8.175815343856811523e-01,7.066737413406372070e-01,2.993282303214073181e-02,3.500321209430694580e-01,1.000000000000000000e+00,6.022683382034301758e-01,-9.052333235740661621e-02,3.155991435050964355e-01,-1.855175197124481201e-02,3.615461587905883789e-01,3.634017407894134521e-01,3.822768628597259521e-01,-4.496833682060241699e-02,2.497916966676712036e-01,-1.358755026012659073e-02,1.708145141601562500e-01,2.242732942104339600e-01,5.315710306167602539e-01,2.056301236152648926e-01,4.677644371986389160e-01,6.915148496627807617e-01,7.401180863380432129e-01,7.522253394126892090e-01,7.006013393402099609e-01,-2.432338446378707886e-01,3.355671763420104980e-01,4.169889092445373535e-01,4.909076690673828125e-01,-1.390602439641952515e-01,8.232444524765014648e-02,-1.078400574624538422e-02,1.794470124877989292e-03,-8.263429626822471619e-03,-2.175561152398586273e-02,2.014287263154983521e-01,1.807981431484222412e-01,1.578758656978607178e-02,1.668014526367187500e-01,-1.078028827905654907e-01,-1.222312450408935547e-01,-5.969706177711486816e-02,-1.622977256774902344e-01,-3.339074552059173584e-02,-1.242372468113899231e-01,-3.613326326012611389e-02,-6.201762333512306213e-02,2.060197852551937103e-02,-6.885445117950439453e-02,6.369198858737945557e-02,-1.296426951885223389e-01,1.714221388101577759e-01,-2.782518044114112854e-02,1.925419084727764130e-02,2.115439921617507935e-01,-4.274634271860122681e-02,-7.251807346619898453e-06,1.065748408436775208e-01,4.107904434204101562e-02,9.750904142856597900e-02,5.612118169665336609e-02,1.381110101938247681e-01,-1.201690640300512314e-02,-1.571269929409027100e-01,-7.782071828842163086e-02,9.391505271196365356e-03,1.987291276454925537e-01,-2.763415500521659851e-02,3.399734795093536377e-01,-1.452070474624633789e-01,2.542878687381744385e-01,-4.178148135542869568e-02,8.543007075786590576e-02,1.462952345609664917e-01,-4.791878908872604370e-02,-1.569877862930297852e-01,1.886272430419921875e-01,-1.120805591344833374e-01,2.415240556001663208e-01,-1.623218655586242676e-01,2.451425939798355103e-01,6.072282046079635620e-02,1.082934215664863586e-01,3.842311203479766846e-01,4.693870246410369873e-01,1.638216972351074219e-01,4.358123615384101868e-02,6.845322996377944946e-02,-1.297791022807359695e-02,5.736497044563293457e-02,2.859411947429180145e-02,4.422594793140888214e-04,1.148156672716140747e-01,9.346265345811843872e-02,9.206982702016830444e-02,4.256564378738403320e-02,1.617223024368286133e-01,6.224666163325309753e-02,-4.046094417572021484e-02,9.863024204969406128e-02,1.986279897391796112e-02,7.869776338338851929e-02,-5.121601745486259460e-02,4.481229558587074280e-02,6.079690903425216675e-02,-4.032540693879127502e-02,1.525783911347389221e-02,1.622895151376724243e-02,-3.392881155014038086e-02,8.646570146083831787e-02,2.238526241853833199e-03,-1.072992235422134399e-01,6.726524978876113892e-02
-1.136965677142143250e-02,4.506054222583770752e-01,1.378512829542160034e-01,5.409728288650512695e-01,6.807364225387573242e-01,7.848241329193115234e-01,3.656478365883231163e-03,5.755075812339782715e-01,6.022683382034301758e-01,1.000000000000000000e+00,-1.403157263994216919e-01,5.991983413696289062e-01,-1.983975768089294434e-01,5.837765932083129883e-01,2.760092318058013916e-01,6.229344010353088379e-01,-8.189440518617630005e-02,4.135325551033020020e-01,1.346777826547622681e-01,1.504575461149215698e-01,2.931695282459259033e-01,5.302494168281555176e-01,2.320279181003570557e-01,5.787500143051147461e-01,6.035586595535278320e-01,7.539027929306030273e-01,6.051136851310729980e-01,6.598446965217590332e-01,-8.477650582790374756e-02,6.032769680023193359e-01,5.253937244415283203e-01,5.988063812255859375e-01,5.867904052138328552e-02,2.551221847534179688e-01,-7.087688148021697998e-02,4.137513041496276855e-02,1.329182460904121399e-02,2.103564143180847168e-01,1.698387116193771362e-01,2.182141393423080444e-01,1.154452282935380936e-02,1.574585735797882080e-01,-9.821242094039916992e-02,-1.836733371019363403e-01,2.294778265058994293e-02,-9.248594939708709717e-02,-1.304647773504257202e-01,-1.053811460733413696e-01,3.246692195534706116e-02,2.069496316835284233e-03,2.636454813182353973e-02,2.587534952908754349e-03,6.081463396549224854e-02,-1.471794694662094116e-01,9.182718396186828613e-02,7.066089659929275513e-02,3.117886744439601898e-02,4.014686346054077148e-01,-7.052436470985412598e-02,9.148131310939788818e-02,-8.773835748434066772e-02,1.164057850837707520e-01,-7.716662436723709106e-02,2.761585414409637451e-01,-3.508065640926361084e-02,1.054772287607192993e-01,-1.287401616573333740e-01,-1.690165847539901733e-01,1.422033309936523438e-01,8.120770007371902466e-02,9.070521593093872070e-02,4.983499646186828613e-01,2.018391620367765427e-03,4.701846837997436523e-01,9.298256039619445801e-02,2.460958063602447510e-01,2.268019616603851318e-01,9.114213287830352783e-02,-1.577721089124679565e-01,2.053243219852447510e-01,-1.901068091392517090e-01,3.926588594913482666e-01,-9.645656496286392212e-02,4.069780111312866211e-01,-1.058147102594375610e-01,2.668543159961700439e-01,2.913748323917388916e-01,5.476967692375183105e-01,5.015335977077484131e-02,1.371238529682159424e-01,-1.226658839732408524e-02,-4.212615545839071274e-03,-2.679563127458095551e-02,6.729395687580108643e-02,-3.597805276513099670e-02,1.136937811970710754e-01,1.105955219827592373e-03,2.090332806110382080e-01,-2.972336858510971069e-02,2.031988501548767090e-01,-2.659113518893718719e-02,1.517186611890792847e-01,1.714106090366840363e-02,8.370497077703475952e-02,2.295829914510250092e-02,-2.941387647297233343e-04,-4.691527783870697021e-02,9.650965034961700439e-02,-5.902333185076713562e-02,-1.369114499539136887e-02,-3.818106837570667267e-03,4.313856363296508789e-02,1.718894094228744507e-01,3.816450480371713638e-03,-1.024256721138954163e-01,1.004220452159643173e-02
5.609886050224304199e-01,-9.161719679832458496e-02,3.035639524459838867e-01,2.053871564567089081e-02,-9.073346853256225586e-02,-1.275603473186492920e-01,4.280079603195190430e-01,-6.145915482193231583e-03,-9.052333235740661621e-02,-1.403157263994216919e-01,1.000000000000000000e+00,6.370142847299575806e-02,5.464961528778076172e-01,-6.007292866706848145e-02,1.787358522415161133e-01,-2.611753940582275391e-01,6.153451204299926758e-01,1.725311130285263062e-01,1.457231491804122925e-01,2.629147768020629883e-01,1.884995847940444946e-01,-5.750505253672599792e-02,-1.140993312001228333e-01,-6.018355954438447952e-03,-8.431653678417205811e-02,-1.648551225662231445e-01,-1.090851277112960815e-01,-1.374037414789199829e-01,5.199608802795410156e-01,1.412435807287693024e-02,5.283280275762081146e-03,-2.144815400242805481e-02,3.218428790569305420e-01,3.113533854484558105e-01,3.365640044212341309e-01,1.893129199743270874e-01,5.119290351867675781e-01,2.377430796623229980e-01,2.423510849475860596e-01,-2.764350734651088715e-02,1.697992384433746338e-01,-3.930843994021415710e-02,2.699130587279796600e-02,-1.174747105687856674e-02,-1.517944037914276123e-01,-1.572441160678863525e-01,1.734974235296249390e-02,3.275405615568161011e-02,-8.715081214904785156e-02,-2.328235059976577759e-01,2.624280750751495361e-02,-2.181119918823242188e-01,9.955489635467529297e-02,-1.179205030202865601e-01,1.458808779716491699e-01,2.575673349201679230e-02,4.687129259109497070e-01,-1.764569282531738281e-01,1.737941354513168335e-01,-8.575110882520675659e-02,3.435837030410766602e-01,-2.018493413925170898e-01,4.891604185104370117e-01,-6.905259937047958374e-02,1.833423078060150146e-01,-1.422647833824157715e-01,1.925912052392959595e-01,1.653727740049362183e-01,6.270956993103027344e-02,1.123674139380455017e-01,2.771171927452087402e-01,1.025867387652397156e-01,3.866752088069915771e-01,1.491862386465072632e-01,2.513071596622467041e-01,9.326948225498199463e-02,2.735126316547393799e-01,2.517919838428497314e-01,4.921706616878509521e-01,1.719354689121246338e-01,6.025973558425903320e-01,5.914476513862609863e-02,2.754876613616943359e-01,-1.242610588669776917e-01,4.803018271923065186e-01,-1.676198327913880348e-03,7.008611410856246948e-02,-1.584507524967193604e-01,3.010801374912261963e-01,-3.446682915091514587e-02,-5.342689901590347290e-02,-6.067441310733556747e-03,-3.604409098625183105e-02,3.150200704112648964e-03,2.871374189853668213e-01,2.466059178113937378e-01,1.814538836479187012e-01,2.314926087856292725e-01,-4.204934835433959961e-02,3.499359264969825745e-02,-6.130250170826911926e-02,-6.366595625877380371e-02,-7.889348268508911133e-02,-7.153572887182235718e-02,-1.156563758850097656e-01,-3.669150546193122864e-02,-3.751659765839576721e-02,-2.971039526164531708e-02,1.934103518724441528e-01,2.376417815685272217e-01,2.097730189561843872e-01,2.227452993392944336e-01,1.377707272768020630e-01,8.982122689485549927e-02,8.712867647409439087e-02,1.484629213809967041e-01
6.664118170738220215e-02,6.174354553222656250e-01,1.706979423761367798e-01,5.970740914344787598e-01,4.119893014430999756e-01,5.246728658676147461e-01,7.465351372957229614e-02,6.742985248565673828e-01,3.155991435050964355e-01,5.991983413696289062e-01,6.370142847299575806e-02,1.000000000000000000e+00,-8.142985403537750244e-02,7.262260317802429199e-01,2.867178320884704590e-01,4.890778660774230957e-01,2.599014528095722198e-02,7.060285806655883789e-01,1.866671442985534668e-01,2.701438069343566895e-01,3.819260299205780029e-01,4.614889621734619141e-01,1.537503600120544434e-01,5.003773570060729980e-01,4.063221216201782227e-01,4.818725883960723877e-01,3.684425354003906250e-01,4.259514808654785156e-01,1.360512822866439819e-01,7.490700483322143555e-01,5.351898074150085449e-01,5.956298112869262695e-01,2.326295375823974609e-01,4.247769415378570557e-01,4.215173795819282532e-02,1.541984379291534424e-01,2.297934889793395996e-01,3.688333332538604736e-01,2.328866273164749146e-01,2.428190708160400391e-01,1.263305991888046265e-01,2.849360108375549316e-01,-1.782927960157394409e-01,-2.265471965074539185e-01,-1.033304184675216675e-01,-1.919523030519485474e-01,-2.088839560747146606e-01,-1.092588678002357483e-01,-1.007820591330528259e-01,-7.452108711004257202e-02,-1.099021136760711670e-01,-7.615870237350463867e-02,-6.607314199209213257e-02,-1.760734319686889648e-01,3.600915893912315369e-02,1.648644953966140747e-01,-6.626824382692575455e-03,5.470842719078063965e-01,-6.646126508712768555e-02,1.515222936868667603e-01,-1.435970813035964966e-01,2.090894877910614014e-01,-1.799821555614471436e-01,4.395801723003387451e-01,-1.265089809894561768e-01,1.731428354978561401e-01,-3.645042702555656433e-02,-8.802913129329681396e-02,2.334589213132858276e-01,1.229003742337226868e-01,2.629407346248626709e-01,5.951416492462158203e-01,2.662892341613769531e-01,6.382022500038146973e-01,2.121198922395706177e-01,4.401514530181884766e-01,2.634553313255310059e-01,1.837271898984909058e-01,-2.152298018336296082e-02,3.642218708992004395e-01,-1.018805354833602905e-01,5.750943422317504883e-01,3.695129975676536560e-02,4.614721834659576416e-01,-7.947086542844772339e-02,3.837042450904846191e-01,2.381851077079772949e-01,4.233688116073608398e-01,1.669463329017162323e-02,2.852928340435028076e-01,-1.724117398262023926e-01,1.128595918416976929e-01,-1.580962091684341431e-01,1.469126492738723755e-01,8.319184184074401855e-02,2.278835326433181763e-01,-2.322907932102680206e-02,2.780675292015075684e-01,-1.666049212217330933e-01,2.265161871910095215e-01,-1.667894721031188965e-01,2.041662782430648804e-01,-1.450977325439453125e-01,8.038901537656784058e-02,-1.365835517644882202e-01,2.816162770614027977e-03,-1.339051574468612671e-01,8.872598409652709961e-02,3.850210085511207581e-02,5.630640313029289246e-02,6.823362782597541809e-03,8.441001921892166138e-02,1.342272162437438965e-01,2.550989389419555664e-03,-6.791043281555175781e-02,-1.197103317826986313e-02
4.172090291976928711e-01,-2.125452905893325806e-01,5.501126646995544434e-01,1.550094187259674072e-01,-3.399576991796493530e-02,-8.143268525600433350e-02,6.150736212730407715e-01,1.299555152654647827e-01,-1.855175197124481201e-02,-1.983975768089294434e-01,5.464961528778076172e-01,-8.142985403537750244e-02,1.000000000000000000e+00,-6.765428930521011353e-02,2.004394680261611938e-02,-3.728673458099365234e-01,4.668752551078796387e-01,5.905725806951522827e-02,2.810553014278411865e-01,3.548980653285980225e-01,7.638884335756301880e-02,-2.539773285388946533e-02,2.376618832349777222e-01,5.611101910471916199e-02,1.304752193391323090e-02,-9.761802107095718384e-02,-4.344543069601058960e-02,-6.446672230958938599e-02,4.184673726558685303e-01,-3.868982940912246704e-02,-1.490094512701034546e-02,-2.288412768393754959e-03,1.591578423976898193e-01,2.228953540325164795e-01,2.639872729778289795e-01,9.977303445339202881e-02,4.537782073020935059e-01,2.100134193897247314e-01,2.602739036083221436e-01,5.931503325700759888e-02,1.868051588535308838e-01,-1.868195598945021629e-03,2.134079113602638245e-02,1.249759048223495483e-01,-1.585272699594497681e-01,-1.408973932266235352e-01,1.920393556356430054e-01,2.144221216440200806e-01,-1.894478648900985718e-01,-1.920698285102844238e-01,-6.882859766483306885e-02,-2.051112800836563110e-01,1.000391915440559387e-01,-5.956398323178291321e-02,2.482768893241882324e-01,1.890516132116317749e-01,3.193967044353485107e-01,-3.015382289886474609e-01,1.025632470846176147e-01,-1.712943464517593384e-01,2.696436047554016113e-01,-2.731698155403137207e-01,4.113470911979675293e-01,-2.338129729032516479e-01,2.283674180507659912e-01,-1.400443762540817261e-01,9.889068454504013062e-02,1.416186541318893433e-01,3.628781810402870178e-02,1.187525242567062378e-01,1.487502306699752808e-01,5.526007339358329773e-02,2.890565991401672363e-01,7.796767354011535645e-02,2.581987082958221436e-01,1.099120154976844788e-01,2.359430789947509766e-01,2.244754731655120850e-01,4.445774555206298828e-01,1.157956793904304504e-01,5.250137448310852051e-01,-1.539910119026899338e-02,1.963433921337127686e-01,-1.786378175020217896e-01,5.433142781257629395e-01,8.277641981840133667e-02,1.795868575572967529e-01,-9.199018776416778564e-02,3.961437046527862549e-01,9.529938548803329468e-02,1.210684478282928467e-01,1.338029354810714722e-01,1.414763629436492920e-01,1.417498886585235596e-01,3.041614294052124023e-01,2.666875422000885010e-01,3.120099902153015137e-01,1.789544373750686646e-01,1.452602148056030273e-01,1.513659060001373291e-01,1.025836393237113953e-01,-3.904810175299644470e-02,8.482390642166137695e-02,-2.025817520916461945e-02,3.843851760029792786e-02,9.668026119470596313e-02,1.366205662488937378e-01,9.683767706155776978e-02,1.778873950242996216e-01,1.945646703243255615e-01,3.438377380371093750e-01,2.436839640140533447e-01,1.908717006444931030e-01,1.714683324098587036e-01,2.265258133411407471e-01,2.567784190177917480e-01
