1.000000000000000000e+00,3.156730532646179199e-01,3.542378842830657959e-01,1.554342359304428101e-01,-8.001898229122161865e-02,-1.457641273736953735e-01,4.020805954933166504e-01,1.233748272061347961e-01,-3.124552778899669647e-02,-1.990675777196884155e-01,4.337612688541412354e-01,2.693117856979370117e-01,4.172851443290710449e-01,9.423337131738662720e-02,5.360464751720428467e-02,-9.688648581504821777e-02,3.021918535232543945e-01,2.626086175441741943e-01,3.811993002891540527e-01,3.487669229507446289e-01,4.557618871331214905e-02,-1.106198690831661224e-02,1.464150995016098022e-01,7.135893404483795166e-02,6.322076916694641113e-02,1.717669540084898472e-03,-8.662074804306030273e-02,-5.765091255307197571e-02,2.494131773710250854e-01,1.945941448211669922e-01,1.211747825145721436e-01,7.568537723273038864e-03,2.048100084066390991e-01,1.531877517700195312e-01,6.734470278024673462e-02,-1.371573004871606827e-02,2.397037148475646973e-01,1.861035227775573730e-01,2.349000275135040283e-01,2.130423337221145630e-01,2.617945373058319092e-01,1.866584569215774536e-01,1.286359727382659912e-01,1.741995513439178467e-01,1.998527795076370239e-01,2.214529812335968018e-01,1.659674048423767090e-01,1.708738654851913452e-01,2.339111864566802979e-01,1.674059629440307617e-01,2.992051541805267334e-01,6.162767857313156128e-02,1.719061136245727539e-01,-3.356290981173515320e-02,3.273945152759552002e-01,1.563227474689483643e-01,5.491039156913757324e-01,3.167263567447662354e-01,4.621281921863555908e-01,2.296940088272094727e-01,4.291150867938995361e-01,7.138663530349731445e-02,4.197224378585815430e-01,9.327389299869537354e-02,2.175886332988739014e-01,-7.015292346477508545e-02,3.890143334865570068e-01,2.443963289260864258e-01,3.122544884681701660e-01,2.776157855987548828e-01,2.457595020532608032e-01,9.891135990619659424e-02,2.897302806377410889e-01,7.160641252994537354e-02,2.349331229925155640e-01,1.260969936847686768e-01,2.347505241632461548e-01,1.269087493419647217e-01,1.138859391212463379e-01,1.789585351943969727e-01,2.697502672672271729e-01,-1.959432702278718352e-04,2.471792250871658325e-01,1.182522177696228027e-01,2.338392138481140137e-01,-8.366931229829788208e-02,1.041062548756599426e-01,-2.380748838186264038e-02,2.869423627853393555e-01,8.601973764598369598e-03,2.465503662824630737e-01,1.726134717464447021e-01,6.868532299995422363e-02,7.554711401462554932e-02,1.162112355232238770e-01,6.419300287961959839e-02,2.302855402231216431e-01,1.796861886978149414e-01,2.832850515842437744e-01,2.702038288116455078e-01,1.674932986497879028e-01,8.674257993698120117e-02,2.547356486320495605e-01,3.032743930816650391e-01,1.958838999271392822e-01,2.136644423007965088e-01,1.954336017370223999e-01,1.820555627346038818e-01,1.133974120020866394e-01,6.232570856809616089e-02,1.637689471244812012e-01,2.864482998847961426e-01,3.393767774105072021e-01,2.091243863105773926e-01,5.201185867190361023e-02,2.200189419090747833e-02
3.156730532646179199e-01,1.000000000000000000e+00,2.677586972713470459e-01,3.437582254409790039e-01,-1.406964063644409180e-01,3.760576620697975159e-02,2.051991969347000122e-01,2.822532057762145996e-01,-1.440230663865804672e-02,5.565664544701576233e-02,1.903840154409408569e-01,3.967518508434295654e-01,2.995793521404266357e-01,3.709496259689331055e-01,-7.266478240489959717e-02,2.971572615206241608e-02,1.558598726987838745e-01,5.901858210563659668e-01,3.240709006786346436e-01,4.033209383487701416e-01,7.800266146659851074e-02,-6.669115275144577026e-02,1.477534472942352295e-01,2.112535834312438965e-01,1.026071757078170776e-01,1.200974062085151672e-01,-9.850503876805305481e-03,-1.260051690042018890e-02,1.465379744768142700e-01,1.754899770021438599e-01,1.241978555917739868e-01,1.714506149291992188e-01,1.482153087854385376e-01,1.564321070909500122e-01,-5.267385765910148621e-02,-9.361582994461059570e-02,1.393308788537979126e-01,1.854270696640014648e-01,1.561947911977767944e-01,1.675609499216079712e-01,2.686119973659515381e-01,2.007996886968612671e-01,2.933404147624969482e-01,3.421250283718109131e-01,3.727574646472930908e-01,3.457680344581604004e-01,2.532569468021392822e-01,2.610859870910644531e-01,2.087683677673339844e-01,3.761412203311920166e-01,7.899611443281173706e-02,3.001213967800140381e-01,-3.685214370489120483e-02,1.317426264286041260e-01,2.215191572904586792e-01,2.705127000808715820e-01,4.293488264083862305e-01,5.607067942619323730e-01,2.669516801834106445e-01,3.171446621417999268e-01,2.238417863845825195e-01,1.433113813400268555e-01,1.454898715019226074e-01,3.260081410408020020e-01,-6.599213182926177979e-02,4.779832065105438232e-02,2.468878626823425293e-01,1.605916023254394531e-01,2.108303457498550415e-01,3.516128659248352051e-01,1.799626350402832031e-01,1.323056989349424839e-03,1.621936410665512085e-01,4.045438766479492188e-02,1.470611989498138428e-01,4.962199553847312927e-02,5.978354066610336304e-02,1.362052857875823975e-01,6.357775628566741943e-02,2.678733170032501221e-01,1.707243546843528748e-02,4.119579493999481201e-01,-2.621567435562610626e-02,3.279909491539001465e-01,1.709596067667007446e-01,2.497595399618148804e-01,1.004103478044271469e-02,2.478825896978378296e-01,1.257040202617645264e-01,2.419624775648117065e-01,1.750718057155609131e-01,2.394604533910751343e-01,8.318510651588439941e-02,1.366553008556365967e-01,3.519403189420700073e-02,-8.517014980316162109e-02,2.536650002002716064e-01,1.791556030511856079e-01,3.572773635387420654e-01,3.378378748893737793e-01,8.712676167488098145e-02,1.547859609127044678e-01,1.379771083593368530e-01,2.189588248729705811e-01,1.360871493816375732e-01,6.286984682083129883e-02,7.864993065595626831e-02,-6.831905990839004517e-02,9.425544994883239269e-04,-9.957856498658657074e-03,2.266608625650405884e-01,3.386587202548980713e-01,1.711203306913375854e-01,2.635355889797210693e-01,-6.863506278023123741e-04,9.759751148521900177e-03
3.542378842830657959e-01,2.677586972713470459e-01,1.000000000000000000e+00,5.497946143150329590e-01,3.077174723148345947e-02,1.450826879590749741e-02,6.485955715179443359e-01,2.175858467817306519e-01,1.391165703535079956e-01,-5.404323711991310120e-02,4.085598289966583252e-01,-5.352595821022987366e-02,5.576748847961425781e-01,1.173174381256103516e-02,2.210765480995178223e-01,-1.819415250793099403e-03,8.325996994972229004e-02,2.484859824180603027e-01,4.588421583175659180e-01,3.246376812458038330e-01,-1.916861906647682190e-02,-1.348869651556015015e-01,6.144874095916748047e-01,5.393933653831481934e-01,2.224439680576324463e-01,1.270771920680999756e-01,-6.646328140050172806e-03,-5.870239064097404480e-02,9.314814209938049316e-02,-9.781331755220890045e-04,4.345119893550872803e-01,2.576002776622772217e-01,1.027300134301185608e-01,8.112776279449462891e-02,2.607400119304656982e-01,1.116409450769424438e-01,1.612358242273330688e-01,1.741633117198944092e-01,2.530614137649536133e-01,1.371816247701644897e-01,2.870186567306518555e-01,3.551268251612782478e-03,2.440664470195770264e-01,2.683485746383666992e-01,2.792362570762634277e-01,2.049815952777862549e-01,2.844368815422058105e-01,2.105174213647842407e-01,1.013717651367187500e-01,1.070994511246681213e-01,2.583705186843872070e-01,8.853214234113693237e-02,5.210030078887939453e-02,1.097540035843849182e-01,2.830519974231719971e-01,1.354283541440963745e-01,1.927640736103057861e-01,1.722375750541687012e-01,2.719308435916900635e-01,8.814666420221328735e-02,2.447098344564437866e-01,8.572831004858016968e-02,1.277090311050415039e-01,5.295627564191818237e-02,4.124235510826110840e-01,6.001694127917289734e-02,4.269382357597351074e-01,2.534417808055877686e-01,2.430660128593444824e-01,1.638324707746505737e-01,2.740229070186614990e-01,-1.274001002311706543e-01,2.320275157690048218e-01,-9.859347343444824219e-02,3.356320261955261230e-01,-4.760472103953361511e-02,2.084012925624847412e-01,1.288514584302902222e-01,-5.011996626853942871e-02,2.239065766334533691e-01,-2.319507673382759094e-02,2.374489158391952515e-01,1.033234372735023499e-01,1.392932832241058350e-01,3.531908690929412842e-01,1.221579909324645996e-01,2.472679913043975830e-01,1.887117028236389160e-01,3.731017708778381348e-01,6.679490208625793457e-02,3.384198546409606934e-01,3.392590284347534180e-01,2.995940148830413818e-01,3.380485773086547852e-01,8.386651426553726196e-02,1.039774864912033081e-01,2.590494751930236816e-01,2.136017680168151855e-01,2.973631918430328369e-01,2.921335697174072266e-01,3.486936986446380615e-01,4.051174521446228027e-01,3.018683195114135742e-01,3.734912872314453125e-01,2.715590000152587891e-01,3.360892236232757568e-01,1.322430521249771118e-01,1.184199973940849304e-01,1.045871973037719727e-01,1.261655837297439575e-01,3.090283572673797607e-01,2.994135916233062744e-01,1.475815176963806152e-01,1.827079951763153076e-01,1.570296734571456909e-01,6.549766659736633301e-02
1.554342359304428101e-01,3.437582254409790039e-01,5.497946143150329590e-01,1.000000000000000000e+00,4.266622941941022873e-03,9.709888696670532227e-02,5.410633087158203125e-01,6.389628648757934570e-01,1.024972870945930481e-01,1.493149101734161377e-01,2.455643564462661743e-01,1.252603977918624878e-01,3.122868239879608154e-01,3.289144337177276611e-01,-1.851230859756469727e-02,5.172896385192871094e-02,-5.841916054487228394e-02,2.463925927877426147e-01,2.755364477634429932e-01,2.991827726364135742e-01,-1.360203027725219727e-01,-2.635617256164550781e-01,4.648057520389556885e-01,6.627705097198486328e-01,3.129454329609870911e-02,1.014444008469581604e-01,-7.386758923530578613e-02,-4.086376726627349854e-02,2.080793119966983795e-02,3.241350129246711731e-02,2.774718105792999268e-01,1.925963908433914185e-01,-7.060265541076660156e-02,5.537595370697090402e-06,9.106106311082839966e-02,-4.501347243785858154e-02,-1.351273208856582642e-01,-3.559131175279617310e-02,7.762126624584197998e-02,-4.285636171698570251e-02,7.344581931829452515e-02,-1.440223008394241333e-01,6.288941949605941772e-02,5.351708456873893738e-02,2.766302525997161865e-01,1.082517355680465698e-01,1.284561604261398315e-01,-2.528540557250380516e-03,1.628324240446090698e-01,9.860029816627502441e-02,1.089032515883445740e-01,1.185612976551055908e-01,-7.095588743686676025e-02,8.190734684467315674e-02,9.258656203746795654e-02,-4.826100077480077744e-03,7.936843484640121460e-02,3.372832834720611572e-01,4.061400592327117920e-01,2.930293977260589600e-01,2.987999022006988525e-01,4.692064225673675537e-01,1.116383001208305359e-01,3.505848646163940430e-01,4.298022389411926270e-01,3.872644901275634766e-01,3.367998301982879639e-01,2.380504459142684937e-01,1.852581948041915894e-01,1.036293953657150269e-01,7.423188537359237671e-02,-2.865976095199584961e-01,8.563070744276046753e-02,-2.167606651782989502e-01,2.181943207979202271e-01,-1.814034283161163330e-01,-1.917190477252006531e-02,-9.493945538997650146e-02,-6.125140562653541565e-02,2.542971670627593994e-01,-1.427512168884277344e-01,3.793076872825622559e-01,-7.620947808027267456e-02,9.222590178251266479e-02,1.660661399364471436e-01,2.691527307033538818e-01,1.569304913282394409e-01,1.898937523365020752e-01,1.384483277797698975e-01,1.737798601388931274e-01,2.530421912670135498e-01,3.032821416854858398e-01,3.706635534763336182e-01,2.491628676652908325e-01,-3.585035679861903191e-03,-4.090736806392669678e-02,7.920205593109130859e-02,5.676218494772911072e-02,1.670770943164825439e-01,1.021314412355422974e-01,3.875602483749389648e-01,2.614464163780212402e-01,3.016862571239471436e-01,3.535354435443878174e-01,2.547432780265808105e-01,2.329386919736862183e-01,7.139218598604202271e-02,-5.995297431945800781e-02,4.844904690980911255e-02,-5.649099126458168030e-02,1.228179633617401123e-01,1.019994765520095825e-01,-4.561436921358108521e-02,1.156619191169738770e-01,1.417707651853561401e-01,4.724441841244697571e-02
-8.001898229122161865e-02,-1.406964063644409180e-01,3.077174723148345947e-02,4.266622941941022873e-03,1.000000000000000000e+00,6.659322381019592285e-01,9.461096674203872681e-02,-8.109732717275619507e-02,7.099363207817077637e-01,5.375202298164367676e-01,1.804060488939285278e-01,-1.224482506513595581e-01,1.201596558094024658e-01,-1.327548269182443619e-02,6.100145578384399414e-01,2.493088692426681519e-01,-5.497941747307777405e-02,-6.134211272001266479e-02,-1.859089732170104980e-01,-1.964166909456253052e-01,9.829150885343551636e-02,1.334815472364425659e-01,1.380275189876556396e-01,5.133889243006706238e-02,9.209078550338745117e-02,2.474722415208816528e-01,6.019337177276611328e-01,6.349978446960449219e-01,-4.217366501688957214e-02,-6.320324540138244629e-02,5.646132305264472961e-02,6.530835479497909546e-02,-9.241197258234024048e-02,-5.617729201912879944e-02,1.175745129585266113e-01,8.403487503528594971e-02,-1.157167851924896240e-01,-1.195988506078720093e-01,-2.178395353257656097e-02,-5.016707628965377808e-02,-4.303536191582679749e-02,-6.496281176805496216e-02,3.297900035977363586e-02,-3.357074456289410591e-03,-2.174414927139878273e-03,-1.955715566873550415e-02,8.346565067768096924e-03,-6.082646176218986511e-02,-5.303706973791122437e-03,-6.749632209539413452e-02,2.700852416455745697e-02,-1.533144433051347733e-02,-7.981270551681518555e-02,-4.172946885228157043e-02,1.796852052211761475e-02,3.707218542695045471e-02,-7.834213972091674805e-02,-7.349835336208343506e-02,5.551036447286605835e-02,2.421411336399614811e-04,9.029718488454818726e-02,6.158358231186866760e-02,-5.385625734925270081e-02,-7.467895746231079102e-02,1.927564740180969238e-01,7.965486496686935425e-02,3.035038337111473083e-02,5.039083585143089294e-02,-5.351935327053070068e-02,-5.928064510226249695e-02,-7.059022784233093262e-02,-1.204409301280975342e-01,-7.533822208642959595e-02,-1.591984033584594727e-01,5.602924525737762451e-02,-1.138257384300231934e-01,3.452628385275602341e-03,-5.618586391210556030e-02,-6.422269344329833984e-02,5.648251157253980637e-03,-6.032554432749748230e-02,-5.922757089138031006e-02,1.062740236520767212e-01,-2.862563170492649078e-02,7.770890370011329651e-03,-6.831712275743484497e-02,6.546221673488616943e-02,-1.976444944739341736e-02,2.106129080057144165e-01,7.972124032676219940e-03,2.552365697920322418e-02,2.143998742103576660e-01,8.713440597057342529e-02,2.347391843795776367e-01,-9.118814021348953247e-02,-2.936008945107460022e-02,-6.908774375915527344e-02,-6.261947751045227051e-02,-3.912999294698238373e-03,2.163622528314590454e-02,-1.078847609460353851e-02,8.502895385026931763e-02,-5.695940181612968445e-02,-8.266494423151016235e-02,6.369132082909345627e-03,1.521312445402145386e-02,5.518095195293426514e-02,-1.235046759247779846e-01,-1.522723287343978882e-01,-2.821138314902782440e-02,7.813417352735996246e-03,-3.785203024744987488e-02,-1.221933588385581970e-01,-4.543135315179824829e-02,5.877802148461341858e-02,1.549461204558610916e-02
-1.457641273736953735e-01,3.760576620697975159e-02,1.450826879590749741e-02,9.709888696670532227e-02,6.659322381019592285e-01,1.000000000000000000e+00,5.788450688123703003e-02,8.539143949747085571e-02,6.419889330863952637e-01,6.125039458274841309e-01,7.721273601055145264e-02,4.052926227450370789e-02,8.101776242256164551e-02,1.527871787548065186e-01,4.568209648132324219e-01,3.124520480632781982e-01,-1.653151400387287140e-02,8.037347346544265747e-02,-8.881395310163497925e-02,-5.174739658832550049e-02,1.031831279397010803e-01,1.717765033245086670e-01,5.895341560244560242e-02,8.933144807815551758e-02,1.793258264660835266e-02,3.017703890800476074e-01,5.564389228820800781e-01,6.499465703964233398e-01,1.796319521963596344e-02,3.954004123806953430e-02,9.666526317596435547e-02,1.370856314897537231e-01,-4.674583673477172852e-02,-4.480308853089809418e-03,-4.612585529685020447e-03,-5.542585253715515137e-02,-4.533652588725090027e-02,-4.570652544498443604e-02,5.008094757795333862e-02,5.339541658759117126e-02,1.788589358329772949e-02,-1.809721812605857849e-02,1.307921856641769409e-01,1.340248137712478638e-01,1.285391300916671753e-01,9.847400337457656860e-02,1.516154706478118896e-01,7.332257181406021118e-02,9.120060503482818604e-02,7.012140005826950073e-02,-3.062342666089534760e-02,1.067259162664413452e-01,-8.497979491949081421e-02,2.600136026740074158e-02,7.406117022037506104e-02,1.781180649995803833e-01,-1.349253579974174500e-02,9.286315739154815674e-02,6.483920663595199585e-02,1.242495626211166382e-01,1.030255854129791260e-01,1.700693517923355103e-01,-7.783237844705581665e-02,1.340610384941101074e-01,1.468536071479320526e-02,8.077082782983779907e-02,8.168069273233413696e-02,1.464559137821197510e-01,-3.210570290684700012e-02,3.751914575695991516e-02,-1.325503084808588028e-02,-1.320967972278594971e-01,-1.019550720229744911e-03,-1.315737813711166382e-01,9.114006906747817993e-02,-1.113771572709083557e-01,9.184792637825012207e-03,-2.684094756841659546e-02,-3.232382703572511673e-03,9.506554156541824341e-02,-5.925373733043670654e-02,1.029871255159378052e-01,5.524794012308120728e-02,1.045258641242980957e-01,-5.729740485548973083e-02,5.283201858401298523e-02,-8.651372045278549194e-04,1.789349876344203949e-02,7.010873407125473022e-02,1.811107248067855835e-01,7.984852045774459839e-02,2.002195715904235840e-01,3.536362946033477783e-02,1.496864855289459229e-01,-8.469969965517520905e-03,1.413696259260177612e-02,6.368141621351242065e-02,8.233080059289932251e-02,1.414252519607543945e-01,1.761119961738586426e-01,2.681335667148232460e-03,3.624202311038970947e-02,2.254387736320495605e-02,1.237470004707574844e-02,4.507123306393623352e-02,5.176621302962303162e-02,2.276221290230751038e-02,-1.890182793140411377e-01,-9.042142331600189209e-02,3.628040477633476257e-02,1.235654130578041077e-01,8.520900458097457886e-02,-4.945229366421699524e-02,8.920036256313323975e-02,1.276528388261795044e-01,6.447863578796386719e-02
4.020805954933166504e-01,2.051991969347000122e-01,6.485955715179443359e-01,5.410633087158203125e-01,9.461096674203872681e-02,5.788450688123703003e-02,1.000000000000000000e+00,4.015503525733947754e-01,2.364149242639541626e-01,-8.595900982618331909e-02,5.491471886634826660e-01,1.066340431571006775e-01,5.512097477912902832e-01,6.684264540672302246e-02,1.017078831791877747e-01,-1.604523658752441406e-01,1.212005764245986938e-01,2.277056127786636353e-01,3.814036846160888672e-01,3.270122110843658447e-01,-1.944980621337890625e-01,-1.775669157505035400e-01,3.904213607311248779e-01,3.831320405006408691e-01,-9.627509862184524536e-02,-3.180475160479545593e-02,-9.500029683113098145e-02,-5.503364838659763336e-03,1.371685564517974854e-01,9.135569632053375244e-02,3.369979858398437500e-01,1.997532993555068970e-01,7.515773177146911621e-02,7.103606313467025757e-02,1.515887528657913208e-01,-8.231877535581588745e-02,-7.728978060185909271e-03,2.762125618755817413e-02,1.761800348758697510e-01,-2.383733168244361877e-02,9.511412680149078369e-02,-1.092781871557235718e-01,7.773265987634658813e-02,1.256905496120452881e-01,2.535825669765472412e-01,1.178919225931167603e-01,1.659788787364959717e-01,6.697739660739898682e-02,1.054338812828063965e-01,1.248992886394262314e-02,1.092912927269935608e-01,-2.536354959011077881e-02,-7.746206969022750854e-02,3.208542242646217346e-02,1.367437392473220825e-01,-7.768544834107160568e-03,1.896625161170959473e-01,2.845782637596130371e-01,4.528269171714782715e-01,1.413262933492660522e-01,4.493595957756042480e-01,3.309750258922576904e-01,2.030621916055679321e-01,1.906874924898147583e-01,5.494428873062133789e-01,1.084540486335754395e-01,4.041282236576080322e-01,2.622395753860473633e-01,2.250518947839736938e-01,1.587873697280883789e-01,2.144732177257537842e-01,-9.767840802669525146e-02,2.612091600894927979e-01,-5.687339603900909424e-02,4.340347051620483398e-01,3.766171261668205261e-02,1.362793445587158203e-01,5.951938778162002563e-02,-2.147326432168483734e-02,1.484954506158828735e-01,-8.028928935527801514e-02,9.650713950395584106e-02,3.008621186017990112e-02,-7.050116360187530518e-02,1.200034990906715393e-01,-7.475701719522476196e-02,7.327000796794891357e-02,-2.731947787106037140e-02,2.683309912681579590e-01,2.412181720137596130e-02,2.532814741134643555e-01,3.958050012588500977e-01,2.490834891796112061e-01,3.369538784027099609e-01,1.014412045478820801e-01,9.606482088565826416e-02,2.281074672937393188e-01,1.654133051633834839e-01,2.102833390235900879e-01,2.646030187606811523e-01,3.748224675655364990e-01,3.748314976692199707e-01,3.108867406845092773e-01,4.832516312599182129e-01,2.096657603979110718e-01,2.830558419227600098e-01,1.484305709600448608e-01,1.929759532213211060e-01,1.601674705743789673e-01,1.460371166467666626e-01,2.610210180282592773e-01,2.710046172142028809e-01,1.179643049836158752e-01,2.295000851154327393e-01,1.516053080558776855e-01,7.139471918344497681e-02
1.233748272061347961e-01,2.822532057762145996e-01,2.175858467817306519e-01,6.389628648757934570e-01,-8.109732717275619507e-02,8.539143949747085571e-02,4.015503525733947754e-01,1.000000000000000000e+00,2.701421082019805908e-02,1.232678219676017761e-01,1.532159000635147095e-01,3.911640346050262451e-01,9.769943356513977051e-02,4.868300855159759521e-01,-2.421390414237976074e-01,-3.522285073995590210e-02,-1.513136364519596100e-02,1.754132956266403198e-01,1.941079646348953247e-01,2.870264947414398193e-01,-2.439666837453842163e-01,-2.697961330413818359e-01,1.212030574679374695e-01,4.373632967472076416e-01,-2.803600430488586426e-01,-3.795649483799934387e-02,-2.493370771408081055e-01,-7.104907184839248657e-02,8.874548971652984619e-02,1.633197963237762451e-01,8.160480111837387085e-02,4.304302856326103210e-02,-4.168437421321868896e-02,4.361316189169883728e-02,-2.020142823457717896e-01,-3.138098120689392090e-01,-2.387876957654953003e-01,-1.898373365402221680e-01,-9.293011575937271118e-02,-2.085467725992202759e-01,-1.326890587806701660e-01,-1.712544560432434082e-01,-8.350353688001632690e-02,-6.150364875793457031e-02,2.597672939300537109e-01,8.190657943487167358e-02,6.717258691787719727e-02,-8.157965540885925293e-02,2.173435389995574951e-01,1.403640806674957275e-01,-5.201236903667449951e-02,1.043005436658859253e-01,-1.119914501905441284e-01,4.472122713923454285e-02,-7.421870529651641846e-02,-1.140632703900337219e-01,7.394383847713470459e-02,4.182819724082946777e-01,4.227512478828430176e-01,3.703355491161346436e-01,3.818310797214508057e-01,6.757156252861022949e-01,2.118975520133972168e-01,5.584297180175781250e-01,3.532030582427978516e-01,3.614383041858673096e-01,1.620835065841674805e-01,1.130149587988853455e-01,1.339828073978424072e-01,1.695887185633182526e-02,-7.603725790977478027e-02,-1.989751607179641724e-01,2.671896107494831085e-02,-1.202982962131500244e-01,1.215623021125793457e-01,-1.025007665157318115e-01,-1.740109771490097046e-01,-2.340843826532363892e-01,1.242848858237266541e-02,1.384603530168533325e-01,-1.127084195613861084e-01,2.201434969902038574e-01,-1.551049798727035522e-01,-2.479052357375621796e-02,-1.244577467441558838e-01,1.099762097001075745e-01,-4.823174327611923218e-02,-1.773613505065441132e-02,-1.447528004646301270e-01,1.308626979589462280e-01,1.411826014518737793e-01,1.464087665081024170e-01,2.074349522590637207e-01,7.327353954315185547e-02,-4.405023157596588135e-02,-9.540884941816329956e-02,-2.020896039903163910e-02,-5.200234055519104004e-02,6.558234989643096924e-02,2.684108912944793701e-02,3.171691298484802246e-01,6.770326942205429077e-02,2.538279592990875244e-01,3.364773392677307129e-01,1.288934946060180664e-01,5.756828933954238892e-02,5.376542732119560242e-02,-4.061731696128845215e-02,8.289996534585952759e-02,-1.619857251644134521e-01,-2.668652497231960297e-02,4.377046972513198853e-02,-1.631306484341621399e-02,1.473688632249832153e-01,1.308784782886505127e-01,1.023120153695344925e-02
-3.124552778899669647e-02,-1.440230663865804672e-02,1.391165703535079956e-01,1.024972870945930481e-01,7.099363207817077637e-01,6.419889330863952637e-01,2.364149242639541626e-01,2.701421082019805908e-02,1.000000000000000000e+00,5.469832420349121094e-01,2.982919812202453613e-01,7.812955416738986969e-03,2.245386093854904175e-01,3.698005899786949158e-02,5.878911018371582031e-01,2.295887023210525513e-01,3.554886206984519958e-02,6.521833688020706177e-02,-3.890954703092575073e-02,-3.176552429795265198e-02,9.183403104543685913e-02,1.353594660758972168e-01,1.264458745718002319e-01,4.862782359123229980e-02,-2.521773055195808411e-02,1.641322225332260132e-01,4.433520436286926270e-01,5.159514546394348145e-01,1.129673561081290245e-03,-2.981616184115409851e-02,8.761849254369735718e-02,1.328200995922088623e-01,-4.086395725607872009e-02,-3.909949585795402527e-02,6.890755146741867065e-02,-9.123009629547595978e-03,-6.347680091857910156e-02,-9.726177155971527100e-02,-2.381776459515094757e-02,-1.101852282881736755e-01,1.111631095409393311e-02,-2.392124570906162262e-02,7.971422374248504639e-02,4.458719119429588318e-02,4.858274757862091064e-02,6.610930431634187698e-03,3.667880222201347351e-02,-6.173046305775642395e-02,-5.385344475507736206e-02,-8.553350716829299927e-02,-1.389139145612716675e-01,-8.594740182161331177e-02,-2.036001533269882202e-01,-8.465539664030075073e-02,2.385441772639751434e-02,-2.510889060795307159e-02,4.804997146129608154e-02,1.214634701609611511e-01,1.175054386258125305e-01,4.919374361634254456e-02,1.870387196540832520e-01,1.119182929396629333e-01,7.209067046642303467e-02,6.401401013135910034e-02,1.806847602128982544e-01,-7.609186694025993347e-03,6.970901042222976685e-02,4.299315065145492554e-02,1.260033063590526581e-02,3.652898594737052917e-02,-9.791832417249679565e-02,-1.615565419197082520e-01,-5.800507217645645142e-02,-1.768816709518432617e-01,9.366470575332641602e-02,-1.277813166379928589e-01,6.196938455104827881e-02,-3.546742722392082214e-03,-3.493989631533622742e-02,1.032831240445375443e-02,-4.023195803165435791e-02,-2.285597659647464752e-02,1.153674945235252380e-01,-7.247831206768751144e-03,-9.167147800326347351e-03,-1.366673409938812256e-01,-3.538699448108673096e-02,-7.183104008436203003e-02,1.950575262308120728e-01,-3.692148625850677490e-02,6.352342665195465088e-02,3.113030493259429932e-01,1.630035340785980225e-01,2.716193199157714844e-01,-1.153635978698730469e-01,7.595832459628582001e-03,-3.067344427108764648e-03,-1.205437933094799519e-03,1.181878000497817993e-01,1.703345328569412231e-01,1.719634532928466797e-01,1.989869773387908936e-01,1.043952107429504395e-01,9.881868213415145874e-02,7.534401118755340576e-02,1.097610965371131897e-01,1.065599694848060608e-01,-1.428733170032501221e-01,-1.102393567562103271e-01,-3.353978507220745087e-03,1.320470273494720459e-01,1.010911092162132263e-01,-6.514317542314529419e-02,1.335164159536361694e-01,1.638712435960769653e-01,3.418137133121490479e-02
-1.990675777196884155e-01,5.565664544701576233e-02,-5.404323711991310120e-02,1.493149101734161377e-01,5.375202298164367676e-01,6.125039458274841309e-01,-8.595900982618331909e-02,1.232678219676017761e-01,5.469832420349121094e-01,1.000000000000000000e+00,4.279318079352378845e-02,1.283285394310951233e-02,2.690799906849861145e-02,2.951411604881286621e-01,4.635302722454071045e-01,4.264021813869476318e-01,-1.611449122428894043e-01,2.716205315664410591e-03,-1.653929650783538818e-01,-1.585736572742462158e-01,1.684516370296478271e-01,1.419658511877059937e-01,1.298820376396179199e-01,1.862924396991729736e-01,1.279247850179672241e-01,2.556272745132446289e-01,4.930214285850524902e-01,4.538837671279907227e-01,-8.217757195234298706e-02,-3.273031115531921387e-02,-6.472941488027572632e-02,-1.391908898949623108e-02,-2.005149275064468384e-01,-1.160506159067153931e-01,-8.672612905502319336e-02,1.422099303454160690e-03,-1.010772734880447388e-01,-1.262729465961456299e-01,-7.429564744234085083e-02,-3.088703379034996033e-02,3.134573251008987427e-02,4.954626783728599548e-03,-3.446784242987632751e-02,-7.059931010007858276e-02,-5.318817216902971268e-03,-3.925159201025962830e-02,-4.005810990929603577e-02,-1.254707276821136475e-01,2.276747301220893860e-02,-1.150162797421216965e-02,-1.364873200654983521e-01,5.152602493762969971e-02,-1.776712238788604736e-01,-4.689862206578254700e-02,2.012718282639980316e-02,6.262051314115524292e-02,-1.266671419143676758e-01,1.019187718629837036e-01,2.728538773953914642e-02,1.635751128196716309e-01,2.036498114466667175e-02,1.661407351493835449e-01,-1.439151018857955933e-01,1.334138959646224976e-01,-1.587843894958496094e-02,3.231242597103118896e-01,-5.155291035771369934e-02,-3.780682338401675224e-03,-1.221289634704589844e-01,-6.364838033914566040e-02,-2.523504495620727539e-01,-2.943143844604492188e-01,-2.512423992156982422e-01,-2.890133857727050781e-01,-1.325085908174514771e-01,-3.002021312713623047e-01,-1.379756778478622437e-01,-1.730579435825347900e-01,-7.225558161735534668e-02,3.483950719237327576e-02,-1.416341960430145264e-01,2.112938761711120605e-01,6.009113416075706482e-02,1.740098297595977783e-01,7.268835604190826416e-02,2.124699354171752930e-01,-1.418433152139186859e-02,2.145365923643112183e-01,7.414772361516952515e-02,2.452624291181564331e-01,2.854841761291027069e-02,1.730675399303436279e-01,1.515906751155853271e-01,1.669949442148208618e-01,-6.540954113006591797e-02,-9.680087864398956299e-02,-9.823576360940933228e-02,-5.794515460729598999e-02,6.111527234315872192e-02,2.624449878931045532e-02,5.830474570393562317e-02,4.849101603031158447e-02,-6.285555660724639893e-03,-5.818548798561096191e-02,9.060712158679962158e-02,5.013695359230041504e-02,1.060006115585565567e-02,-3.718814849853515625e-01,-1.850372552871704102e-01,-1.289280503988265991e-01,-1.921049691736698151e-02,-6.303318589925765991e-02,-1.607783883810043335e-01,-2.833203412592411041e-02,8.955661952495574951e-02,1.362434476613998413e-01
4.337612688541412354e-01,1.903840154409408569e-01,4.085598289966583252e-01,2.455643564462661743e-01,1.804060488939285278e-01,7.721273601055145264e-02,5.491471886634826660e-01,1.532159000635147095e-01,2.982919812202453613e-01,4.279318079352378845e-02,1.000000000000000000e+00,2.514941394329071045e-01,6.260135173797607422e-01,1.953633576631546021e-01,2.643951177597045898e-01,1.209258567541837692e-03,2.165663838386535645e-01,3.147402405738830566e-01,2.595058083534240723e-01,2.183532416820526123e-01,-8.616935461759567261e-02,-5.678335949778556824e-02,3.502672612667083740e-01,2.287946194410324097e-01,-5.881605297327041626e-02,-7.517010718584060669e-02,3.185958415269851685e-02,7.790030539035797119e-02,2.635864913463592529e-01,1.949308216571807861e-01,2.387585490942001343e-01,1.799384802579879761e-01,4.679495841264724731e-02,2.179370261728763580e-02,9.744571894407272339e-02,-6.082759052515029907e-02,2.203240990638732910e-03,2.252775477245450020e-03,1.529377400875091553e-01,-1.234550587832927704e-02,1.207650527358055115e-01,2.690810896456241608e-02,1.040551960468292236e-01,1.529268175363540649e-01,1.436766088008880615e-01,9.467218071222305298e-02,1.150905191898345947e-01,5.653319880366325378e-02,8.346800506114959717e-02,-2.657685056328773499e-02,1.112494543194770813e-01,-4.887086898088455200e-02,-9.612531214952468872e-02,-4.237665981054306030e-02,1.798053234815597534e-01,7.090971805155277252e-03,2.031538188457489014e-01,2.926311492919921875e-01,3.576743900775909424e-01,1.072603315114974976e-01,4.193650484085083008e-01,1.873731017112731934e-01,2.404775619506835938e-01,1.569154262542724609e-01,4.538245797157287598e-01,1.554866787046194077e-02,3.084549307823181152e-01,1.956134736537933350e-01,1.537496447563171387e-01,1.588018834590911865e-01,1.859178096055984497e-01,-2.048210799694061279e-02,2.152882963418960571e-01,5.427214130759239197e-02,2.717673182487487793e-01,8.315638452768325806e-02,1.812972724437713623e-01,9.545473754405975342e-02,1.343055814504623413e-01,1.619531810283660889e-01,1.646519871428608894e-03,3.024498745799064636e-02,2.274869233369827271e-01,2.321885712444782257e-02,2.066422402858734131e-01,-9.495472908020019531e-02,1.317312866449356079e-01,6.094258278608322144e-02,3.533736169338226318e-01,3.734355047345161438e-02,1.899022608995437622e-01,3.799447119235992432e-01,1.743490695953369141e-01,2.985233068466186523e-01,7.692229002714157104e-02,3.421635180711746216e-02,1.840505748987197876e-01,6.229195743799209595e-02,1.841614693403244019e-01,1.759146153926849365e-01,2.858891785144805908e-01,2.421744167804718018e-01,2.368033975362777710e-01,3.346600830554962158e-01,1.549390405416488647e-01,2.313602864742279053e-01,1.432015150785446167e-01,1.390425264835357666e-01,1.800115406513214111e-02,8.156930655241012573e-02,2.239220589399337769e-01,2.357460558414459229e-01,1.299467235803604126e-01,1.631668955087661743e-01,8.513399213552474976e-02,4.409454762935638428e-02
2.693117856979370117e-01,3.967518508434295654e-01,-5.352595821022987366e-02,1.252603977918624878e-01,-1.224482506513595581e-01,4.052926227450370789e-02,1.066340431571006775e-01,3.911640346050262451e-01,7.812955416738986969e-03,1.283285394310951233e-02,2.514941394329071045e-01,1.000000000000000000e+00,8.740311115980148315e-02,4.921250343322753906e-01,-2.201448231935501099e-01,1.640814915299415588e-02,2.933530211448669434e-01,4.246343374252319336e-01,1.900460869073867798e-01,3.397833704948425293e-01,-1.063159406185150146e-01,-4.126756638288497925e-02,-1.399642527103424072e-01,2.495746128261089325e-02,-3.195689022541046143e-01,-1.320797353982925415e-01,-2.009284943342208862e-01,-1.602026075124740601e-02,2.989466190338134766e-01,3.813014328479766846e-01,-6.561710685491561890e-02,8.701996505260467529e-02,2.374153733253479004e-01,2.322525978088378906e-01,-1.923732161521911621e-01,-3.046396374702453613e-01,-2.569724433124065399e-02,-1.595789939165115356e-02,2.844481728971004486e-03,-8.438830077648162842e-02,-1.225250959396362305e-02,1.431867778301239014e-01,5.792921409010887146e-02,1.369077116250991821e-01,2.231673747301101685e-01,1.946537345647811890e-01,1.471269726753234863e-01,1.326491981744766235e-01,1.759820580482482910e-01,1.877550780773162842e-01,-1.229923143982887268e-01,5.214332416653633118e-02,-1.008859723806381226e-01,-1.876907423138618469e-02,-1.428225636482238770e-02,-2.534089237451553345e-02,3.529541194438934326e-01,6.180379986763000488e-01,3.231976330280303955e-01,3.111878335475921631e-01,4.313557446002960205e-01,3.712197840213775635e-01,4.032600820064544678e-01,5.709878206253051758e-01,5.777560919523239136e-02,-8.682148158550262451e-02,1.876529306173324585e-01,1.050344929099082947e-01,2.351827919483184814e-01,1.958934366703033447e-01,7.469986379146575928e-02,1.859692782163619995e-01,2.030277252197265625e-01,3.149360418319702148e-01,1.009059846401214600e-01,2.318944782018661499e-01,1.341289840638637543e-03,2.221809327602386475e-02,2.501007020473480225e-01,1.838680803775787354e-01,1.379264295101165771e-01,1.054880619049072266e-01,1.864505000412464142e-02,1.479363441467285156e-01,-1.501967161893844604e-01,-8.497186005115509033e-02,-1.147881150245666504e-01,-3.588382527232170105e-02,-1.202007234096527100e-01,1.032233387231826782e-01,8.065921068191528320e-02,8.715867251157760620e-02,-6.101013720035552979e-02,-4.408839344978332520e-02,2.201667055487632751e-02,-2.876825816929340363e-02,1.299810111522674561e-01,2.198189496994018555e-02,1.404100507497787476e-01,1.211042553186416626e-01,1.011467725038528442e-01,-4.903408512473106384e-02,1.589736193418502808e-01,2.125446796417236328e-01,3.717215731739997864e-02,-1.143735740333795547e-02,6.684827059507369995e-02,4.380539804697036743e-02,9.287198632955551147e-02,-5.919662863016128540e-02,5.265998467803001404e-02,2.531893849372863770e-01,2.398018985986709595e-01,2.602361142635345459e-01,2.427760744467377663e-03,-7.822312414646148682e-02
4.172851443290710449e-01,2.995793521404266357e-01,5.576748847961425781e-01,3.122868239879608154e-01,1.201596558094024658e-01,8.101776242256164551e-02,5.512097477912902832e-01,9.769943356513977051e-02,2.245386093854904175e-01,2.690799906849861145e-02,6.260135173797607422e-01,8.740311115980148315e-02,1.000000000000000000e+00,1.654006689786911011e-01,3.224318921566009521e-01,4.429453238844871521e-02,8.327488601207733154e-02,3.291710317134857178e-01,2.909756898880004883e-01,2.463662177324295044e-01,4.060107842087745667e-02,-2.174593321979045868e-02,4.583685398101806641e-01,3.551293015480041504e-01,2.183542549610137939e-01,1.509506553411483765e-01,1.151157394051551819e-01,7.176273316144943237e-02,1.855583190917968750e-01,6.281726062297821045e-02,3.101216554641723633e-01,1.035581156611442566e-01,-5.520189180970191956e-02,-8.639705926179885864e-02,1.045777052640914917e-01,5.688419565558433533e-03,1.683866381645202637e-01,1.709882915019989014e-01,2.844220399856567383e-01,1.481719017028808594e-01,3.734422326087951660e-01,1.219816952943801880e-01,2.453642785549163818e-01,1.983286142349243164e-01,1.204067543148994446e-01,1.018473133444786072e-01,2.796671092510223389e-01,2.194208800792694092e-01,8.041387051343917847e-02,4.782721400260925293e-02,2.149710655212402344e-01,6.033215299248695374e-02,5.333696305751800537e-02,1.023499295115470886e-01,3.514433801174163818e-01,1.878917217254638672e-01,1.794875860214233398e-01,1.899880319833755493e-01,2.111114859580993652e-01,3.816584125161170959e-02,2.437872588634490967e-01,-2.588650025427341461e-02,1.153472587466239929e-01,-5.284642800688743591e-03,2.806553840637207031e-01,3.779174014925956726e-02,2.542538344860076904e-01,1.651802361011505127e-01,1.344511806964874268e-01,1.681617200374603271e-01,2.699731588363647461e-01,-1.225527375936508179e-01,2.715714275836944580e-01,-5.998675152659416199e-02,4.009094834327697754e-01,-5.736795719712972641e-04,1.309854239225387573e-01,5.451248586177825928e-02,5.200835689902305603e-02,1.587064117193222046e-01,1.019968464970588684e-02,2.471448928117752075e-01,2.641813755035400391e-01,2.367484420537948608e-01,4.643673598766326904e-01,1.049169823527336121e-01,2.681607007980346680e-01,2.224702537059783936e-01,5.207104682922363281e-01,1.494064927101135254e-01,3.126901090145111084e-01,4.051963984966278076e-01,2.792903184890747070e-01,3.389568328857421875e-01,1.401730030775070190e-01,5.912219732999801636e-02,3.038338422775268555e-01,1.859429627656936646e-01,3.241497874259948730e-01,3.155109286308288574e-01,3.132465481758117676e-01,3.080797195434570312e-01,2.725431025028228760e-01,3.038144111633300781e-01,2.511236667633056641e-01,2.637020349502563477e-01,1.732937544584274292e-01,1.027143821120262146e-01,7.805527001619338989e-02,1.498301327228546143e-01,3.739756345748901367e-01,2.522943913936614990e-01,9.007468074560165405e-02,1.646979004144668579e-01,1.245080605149269104e-01,1.533369254320859909e-02
