1.000000000000000000e+00,4.513812661170959473e-01,8.895030617713928223e-02,1.766646057367324829e-01,-6.342004239559173584e-02,3.481477499008178711e-02,2.804064452648162842e-01,4.886757731437683105e-01,-1.590280830860137939e-01,-9.136454015970230103e-02,3.415791690349578857e-01,3.872552216053009033e-01,3.194530308246612549e-01,1.444840133190155029e-01,-1.414949744939804077e-01,-3.954801708459854126e-02,3.991877436637878418e-01,3.046109676361083984e-01,1.847427040338516235e-01,2.249266058206558228e-01,3.376880660653114319e-02,4.228298366069793701e-02,1.039921417832374573e-01,8.872910588979721069e-02,7.850331813097000122e-02,1.155601963400840759e-01,7.058696448802947998e-02,8.986981958150863647e-02,3.506743311882019043e-01,1.050371006131172180e-01,2.631929516792297363e-01,3.245361745357513428e-01,1.522562056779861450e-01,1.856122463941574097e-01,2.147804647684097290e-01,2.074475735425949097e-01,2.549081742763519287e-01,1.241481378674507141e-01,3.208732008934020996e-01,3.664910197257995605e-01,1.106126829981803894e-01,-6.503000110387802124e-02,8.281842619180679321e-02,1.637361198663711548e-01,-5.456809327006340027e-02,-6.870374083518981934e-03,3.023155033588409424e-01,3.075023889541625977e-01,8.075870573520660400e-02,1.637237728573381901e-03,1.346448808908462524e-01,1.584113240242004395e-01,1.720107346773147583e-01,2.268771827220916748e-01,2.496704757213592529e-01,2.319512218236923218e-01,6.085663437843322754e-01,3.575533926486968994e-01,1.100683212280273438e-01,1.429687142372131348e-01,3.335734307765960693e-01,8.738478273153305054e-02,2.386056482791900635e-01,2.943589389324188232e-01,1.455269008874893188e-01,6.521952897310256958e-02,3.386452496051788330e-01,2.974291443824768066e-01,3.297241032123565674e-01,2.902695238590240479e-01,9.194044023752212524e-02,9.527979046106338501e-02,1.348478943109512329e-01,2.865221537649631500e-02,9.406106173992156982e-02,1.114875450730323792e-01,1.195063591003417969e-01,1.511386036872863770e-01,2.416780292987823486e-01,1.986541748046875000e-01,4.333689212799072266e-01,3.780237138271331787e-01,-5.764709040522575378e-02,4.849471896886825562e-02,3.313107192516326904e-01,2.924187481403350830e-01,-4.044864699244499207e-02,-8.883760869503021240e-02,2.566376924514770508e-01,2.096001505851745605e-01,4.395862296223640442e-02,9.340681880712509155e-02,6.990446243435144424e-03,9.905131906270980835e-02,3.403894305229187012e-01,3.245080709457397461e-01,3.459403812885284424e-01,3.504739403724670410e-01,2.347494363784790039e-01,2.632237374782562256e-01,2.336383908987045288e-01,1.010425090789794922e-01,3.381425738334655762e-01,3.453814387321472168e-01,4.488270282745361328e-01,3.676020205020904541e-01,3.562544286251068115e-01,4.086875021457672119e-01,2.568634152412414551e-01,1.642205864191055298e-01,2.187173217535018921e-01,2.649747431278228760e-01,2.505044937133789062e-01,3.106389343738555908e-01,3.063947260379791260e-01,3.027728497982025146e-01
4.513812661170959473e-01,1.000000000000000000e+00,7.734190672636032104e-02,2.148217260837554932e-01,1.013865172863006592e-01,1.173636689782142639e-01,2.976640760898590088e-01,4.571342170238494873e-01,6.487308442592620850e-02,-3.353518992662429810e-02,2.182127088308334351e-01,4.560142755508422852e-01,3.440377414226531982e-01,2.686845660209655762e-01,1.029628962278366089e-01,9.989441931247711182e-02,3.752841949462890625e-01,4.605397582054138184e-01,2.632091045379638672e-01,2.243287563323974609e-01,2.135544866323471069e-01,1.742679327726364136e-01,-4.104071110486984253e-02,-3.038236871361732483e-02,1.709403693675994873e-01,1.783865094184875488e-01,2.625866830348968506e-01,2.126737833023071289e-01,2.495213747024536133e-01,2.771705687046051025e-01,1.565608084201812744e-01,1.509758234024047852e-01,8.299094438552856445e-02,1.073826774954795837e-01,1.941859275102615356e-01,1.207050010561943054e-01,2.140006236732006073e-02,2.805331349372863770e-01,6.241035833954811096e-02,3.176152706146240234e-01,8.904156833887100220e-02,3.825479000806808472e-02,1.470277756452560425e-01,2.853266298770904541e-01,9.669845551252365112e-02,1.905293315649032593e-01,2.382337450981140137e-01,3.011692166328430176e-01,8.673254400491714478e-02,1.165914237499237061e-01,1.639871150255203247e-01,2.167528271675109863e-01,1.882058382034301758e-01,1.461095213890075684e-01,3.407995104789733887e-01,2.859643995761871338e-01,5.171394944190979004e-01,6.714357733726501465e-01,2.948166131973266602e-01,3.135037720203399658e-01,3.633720874786376953e-01,1.951457560062408447e-01,2.188406586647033691e-01,4.389077425003051758e-01,4.619742184877395630e-02,1.375735104084014893e-01,4.143929183483123779e-01,3.840878009796142578e-01,3.040452599525451660e-01,3.176558315753936768e-01,3.165128529071807861e-01,2.432221025228500366e-01,2.790751457214355469e-01,1.514180898666381836e-01,2.480133473873138428e-01,1.234534457325935364e-01,1.442347913980484009e-01,2.379369735717773438e-01,2.507781088352203369e-01,3.797582685947418213e-01,3.626128733158111572e-01,4.616826474666595459e-01,1.833154410123825073e-01,9.850485622882843018e-02,3.320317864418029785e-01,3.945308327674865723e-01,1.328253149986267090e-01,2.763293497264385223e-02,3.422837853431701660e-01,4.110331237316131592e-01,3.031048178672790527e-01,2.971376776695251465e-01,1.133074536919593811e-01,9.537667036056518555e-02,2.399657964706420898e-01,3.364865183830261230e-01,2.466707080602645874e-01,4.006189405918121338e-01,3.815042078495025635e-01,3.215852975845336914e-01,2.098307758569717407e-01,1.665829867124557495e-01,3.476796746253967285e-01,3.750684261322021484e-01,3.838999867439270020e-01,2.722615003585815430e-01,1.975876688957214355e-01,3.048482537269592285e-01,1.697936803102493286e-01,2.628036141395568848e-01,2.328884154558181763e-01,1.867199838161468506e-01,1.746198087930679321e-01,2.437817752361297607e-01,2.694971859455108643e-01,2.065096199512481689e-01
8.895030617713928223e-02,7.734190672636032104e-02,1.000000000000000000e+00,6.666690111160278320e-01,1.397258639335632324e-01,-1.673477143049240112e-02,5.488855242729187012e-01,3.934144973754882812e-01,-5.557977408170700073e-02,-3.033581078052520752e-01,1.071389615535736084e-01,1.273848712444305420e-01,2.324701994657516479e-01,9.549606591463088989e-02,2.152548730373382568e-02,-6.684520840644836426e-02,4.503634944558143616e-02,1.330666542053222656e-01,9.308348596096038818e-02,-1.318621449172496796e-02,1.316635608673095703e-01,1.235632672905921936e-01,6.957156658172607422e-01,7.147659659385681152e-01,3.377373814582824707e-01,2.969713211059570312e-01,1.026373952627182007e-01,-5.477224942296743393e-03,1.571469008922576904e-01,1.941131651401519775e-01,5.479548573493957520e-01,5.554123520851135254e-01,1.061694473028182983e-01,2.407354861497879028e-01,-4.858462885022163391e-02,-4.102450236678123474e-02,-1.502262055873870850e-01,-2.850086661055684090e-03,-5.496725067496299744e-02,1.397294253110885620e-01,3.441462293267250061e-02,2.057024985551834106e-01,8.684058487415313721e-02,-2.645044587552547455e-02,-1.164837479591369629e-01,-6.941929459571838379e-02,1.538862884044647217e-01,-4.764579236507415771e-03,-1.065207719802856445e-01,-1.710855029523372650e-02,-9.635743498802185059e-02,-4.586546681821346283e-03,-4.161186981946229935e-03,-5.075940862298011780e-02,1.173377037048339844e-01,6.500129401683807373e-02,-3.025536984205245972e-02,-5.253174155950546265e-02,-4.424142092466354370e-02,-6.712428480386734009e-02,-3.063625656068325043e-02,-9.944351017475128174e-02,7.689888030290603638e-02,1.093976423144340515e-01,1.344956606626510620e-01,3.403018414974212646e-02,-1.635182946920394897e-01,-5.883114412426948547e-02,-4.009261354804039001e-02,-6.365498155355453491e-02,4.880792403127998114e-04,-2.691349945962429047e-02,2.158674299716949463e-01,9.959983825683593750e-02,1.770640611648559570e-01,7.948701828718185425e-02,-1.209202930331230164e-01,-7.324273139238357544e-02,1.147200763225555420e-01,1.080410927534103394e-01,1.034137979149818420e-01,1.198950931429862976e-01,3.269933536648750305e-02,1.464236155152320862e-02,1.296017318964004517e-01,1.186210587620735168e-01,-2.508677542209625244e-01,-2.359646409749984741e-01,7.069315761327743530e-02,6.163718551397323608e-02,2.146086692810058594e-01,1.701872646808624268e-01,5.206110328435897827e-02,3.118705702945590019e-03,-1.231527626514434814e-01,6.688364781439304352e-03,-9.372137486934661865e-02,-9.076216071844100952e-02,3.314957320690155029e-01,2.390885353088378906e-01,2.203605473041534424e-01,-1.059327367693185806e-02,2.179356515407562256e-01,1.743732243776321411e-01,1.297618746757507324e-01,9.875282645225524902e-02,9.000482968986034393e-03,1.223509460687637329e-01,-5.936206132173538208e-02,-5.801383871585130692e-03,1.787864230573177338e-02,8.812312036752700806e-02,1.173013150691986084e-01,1.611801981925964355e-01,9.225112944841384888e-02,-1.044083386659622192e-01
1.766646057367324829e-01,2.148217260837554932e-01,6.666690111160278320e-01,1.000000000000000000e+00,1.202952116727828979e-01,1.111808046698570251e-01,4.811195433139801025e-01,4.829651415348052979e-01,-1.062355935573577881e-01,-2.686136662960052490e-01,1.582752317190170288e-01,3.293723762035369873e-01,2.645538151264190674e-01,3.192429244518280029e-01,-4.760310053825378418e-02,-5.809326097369194031e-02,9.553971141576766968e-02,2.491776645183563232e-01,2.893601953983306885e-01,2.582641243934631348e-01,6.514918059110641479e-02,-3.999490290880203247e-02,5.403933525085449219e-01,6.136835813522338867e-01,3.436056971549987793e-01,3.704982101917266846e-01,9.464699774980545044e-02,6.527300924062728882e-02,3.140805363655090332e-01,4.068328440189361572e-01,4.689712226390838623e-01,5.055365562438964844e-01,-2.545507857576012611e-03,9.379682689905166626e-02,-6.796351820230484009e-02,-9.929703176021575928e-02,-3.932738304138183594e-02,1.908555477857589722e-01,6.527506560087203979e-02,3.107461929321289062e-01,1.170537844300270081e-01,2.430575937032699585e-01,7.500824332237243652e-02,-2.030421607196331024e-02,5.855851620435714722e-02,-1.382213085889816284e-03,1.347275674343109131e-01,1.031573712825775146e-01,-1.329323798418045044e-01,4.431856796145439148e-02,-5.630748718976974487e-02,5.746877938508987427e-02,9.801314026117324829e-02,8.249898999929428101e-02,1.725933253765106201e-01,2.357445061206817627e-01,1.061959266662597656e-01,6.161055341362953186e-02,9.994505345821380615e-02,-3.148871660232543945e-02,1.148309037089347839e-01,1.913777738809585571e-02,4.377822577953338623e-02,2.858218848705291748e-01,1.513039767742156982e-01,1.323658227920532227e-01,-3.771257773041725159e-02,4.732032492756843567e-02,1.468888968229293823e-01,6.381664425134658813e-02,4.468190018087625504e-03,1.271104067564010620e-02,2.978524267673492432e-01,1.335315108299255371e-01,1.830588281154632568e-01,6.629798561334609985e-02,-7.120090071111917496e-03,1.041050329804420471e-01,1.974994987249374390e-01,2.611320614814758301e-01,1.073241233825683594e-01,2.197473794221878052e-01,-1.146752759814262390e-02,1.660632342100143433e-02,9.010798484086990356e-02,2.005972564220428467e-01,-2.276175469160079956e-01,-2.194318920373916626e-01,6.866656243801116943e-02,1.369966715574264526e-01,1.671438366174697876e-01,2.643702924251556396e-01,-4.323857650160789490e-02,2.376131713390350342e-02,-1.884318888187408447e-02,2.169500142335891724e-01,-1.920853182673454285e-02,7.621283829212188721e-02,3.031599521636962891e-01,3.389647006988525391e-01,1.795109510421752930e-01,-9.538771212100982666e-02,1.778641045093536377e-01,1.667892634868621826e-01,1.738414615392684937e-01,1.683247238397598267e-01,1.194673329591751099e-01,1.824606806039810181e-01,8.126243948936462402e-02,1.049002259969711304e-01,1.252350658178329468e-01,1.787885725498199463e-01,2.226810753345489502e-01,2.302085906267166138e-01,1.193252280354499817e-01,-5.252220481634140015e-02
-6.342004239559173584e-02,1.013865172863006592e-01,1.397258639335632324e-01,1.202952116727828979e-01,1.000000000000000000e+00,7.154453992843627930e-01,3.173495531082153320e-01,8.503448963165283203e-02,7.599855065345764160e-01,5.008327364921569824e-01,-1.203254014253616333e-01,1.167761310935020447e-01,1.997962743043899536e-01,2.330591082572937012e-01,6.595022678375244141e-01,3.510666191577911377e-01,-1.063168570399284363e-01,9.902173280715942383e-02,2.051203511655330658e-02,2.032723743468523026e-03,1.884639710187911987e-01,1.646096259355545044e-01,2.252080440521240234e-01,1.802039295434951782e-01,7.702512145042419434e-01,7.081999182701110840e-01,7.161128520965576172e-01,6.767655014991760254e-01,2.465761266648769379e-02,1.700275242328643799e-01,3.780741989612579346e-01,2.327015101909637451e-01,-2.267524898052215576e-01,-1.727687716484069824e-01,-2.350788563489913940e-01,-2.816764414310455322e-01,-3.598862290382385254e-01,1.467861235141754150e-01,-1.268328726291656494e-01,9.987302124500274658e-02,1.409389078617095947e-01,2.456182986497879028e-01,-8.756878226995468140e-02,-1.012134402990341187e-01,-4.935166239738464355e-02,4.215527698397636414e-02,-5.230949725955724716e-03,-4.132007434964179993e-02,-6.493871659040451050e-02,1.681614965200424194e-01,2.017442509531974792e-02,1.738150417804718018e-01,2.409846484661102295e-01,3.329618275165557861e-01,1.545736044645309448e-01,1.545511335134506226e-01,9.618808329105377197e-02,1.979430466890335083e-01,1.282366514205932617e-01,2.529811263084411621e-01,-3.359064459800720215e-02,1.652926504611968994e-01,2.581797540187835693e-01,1.216327920556068420e-01,-5.133079364895820618e-02,1.164599657058715820e-01,-2.339490922167897224e-03,4.356610774993896484e-02,-6.259511411190032959e-02,-2.294730022549629211e-02,1.360740065574645996e-01,6.229520216584205627e-02,7.365700602531433105e-02,9.079687297344207764e-02,1.215634793043136597e-01,1.210501790046691895e-01,-9.320620447397232056e-02,3.424542769789695740e-02,-1.473076362162828445e-02,1.414673179388046265e-01,2.755366861820220947e-01,1.731373965740203857e-01,6.787132024765014648e-01,3.329738676548004150e-01,3.133595287799835205e-01,2.407341003417968750e-01,5.571182966232299805e-01,4.768274724483489990e-01,3.240181207656860352e-01,3.042142987251281738e-01,3.121804296970367432e-01,3.121780753135681152e-01,2.614180743694305420e-01,2.958338260650634766e-01,-6.782010197639465332e-02,-7.269187481142580509e-04,-7.664447277784347534e-02,-5.939785763621330261e-02,1.259575188159942627e-01,6.638704240322113037e-02,2.105012387037277222e-01,3.287557661533355713e-01,1.182769760489463806e-01,1.916368007659912109e-01,3.099613077938556671e-02,8.455447852611541748e-02,-2.713149599730968475e-02,1.401145309209823608e-01,5.464151874184608459e-02,2.688206918537616730e-02,1.209425851702690125e-01,1.748287081718444824e-01,1.198929697275161743e-01,1.007717475295066833e-01,9.400521218776702881e-02,-3.582257544621825218e-03
3.481477499008178711e-02,1.173636689782142639e-01,-1.673477143049240112e-02,1.111808046698570251e-01,7.154453992843627930e-01,1.000000000000000000e+00,2.078142762184143066e-01,1.604705601930618286e-01,6.132842302322387695e-01,6.674750447273254395e-01,-1.193378567695617676e-01,2.713669836521148682e-01,1.180011406540870667e-01,3.860154449939727783e-01,4.665168225765228271e-01,3.984613120555877686e-01,-6.754463165998458862e-02,1.824535131454467773e-01,4.240080341696739197e-02,5.978569388389587402e-02,1.277001649141311646e-01,8.890577405691146851e-02,1.325816363096237183e-01,1.352476775646209717e-01,6.741276383399963379e-01,7.337685823440551758e-01,6.252976655960083008e-01,7.684651613235473633e-01,7.821963727474212646e-02,2.265005558729171753e-01,3.244597911834716797e-01,2.539506554603576660e-01,-1.768272221088409424e-01,-1.520246416330337524e-01,-1.804738938808441162e-01,-1.635623574256896973e-01,-1.730515360832214355e-01,1.288710087537765503e-01,-4.505362734198570251e-02,1.727829873561859131e-01,1.695872843265533447e-01,3.001838028430938721e-01,-1.451517939567565918e-01,-1.727852970361709595e-01,-9.192875027656555176e-02,-6.407166272401809692e-02,-3.380147367715835571e-02,3.033844381570816040e-02,-8.269602060317993164e-02,5.907906219363212585e-02,-3.220990300178527832e-02,6.102119758725166321e-02,1.808643788099288940e-01,4.792736470699310303e-01,4.850988462567329407e-02,2.054795026779174805e-01,1.791501939296722412e-01,2.199455797672271729e-01,2.686424553394317627e-01,1.943905502557754517e-01,8.424582332372665405e-02,7.162493467330932617e-02,1.465635597705841064e-01,1.796806454658508301e-01,-1.142937764525413513e-01,4.978869482874870300e-02,8.728816360235214233e-02,1.622631587088108063e-02,1.593584194779396057e-02,3.100757254287600517e-03,8.483960479497909546e-02,1.001516357064247131e-01,3.271954506635665894e-02,7.516202330589294434e-02,5.062210559844970703e-02,9.640793502330780029e-02,-7.409442216157913208e-02,1.328337490558624268e-01,5.266551673412322998e-02,8.795058727264404297e-02,2.291883677244186401e-01,2.263280451297760010e-01,4.580620825290679932e-01,3.799044191837310791e-01,1.962818056344985962e-01,3.324152529239654541e-01,5.370817184448242188e-01,5.463632941246032715e-01,2.478053122758865356e-01,3.081928193569183350e-01,9.964515268802642822e-02,2.987898588180541992e-01,1.258055269718170166e-01,3.575637638568878174e-01,3.140229731798171997e-02,1.005957350134849548e-01,-1.108514610677957535e-03,7.857214659452438354e-02,-1.071266550570726395e-02,8.838278800249099731e-02,1.859053969383239746e-01,3.503313362598419189e-01,1.001426950097084045e-01,2.015299350023269653e-01,7.543083280324935913e-02,1.436075568199157715e-01,6.518622487783432007e-02,1.290719658136367798e-01,2.225470542907714844e-01,1.399938315153121948e-01,2.816485166549682617e-01,3.134429156780242920e-01,2.581370770931243896e-01,1.608382165431976318e-01,1.476586014032363892e-01,7.628518342971801758e-02
2.804064452648162842e-01,2.976640760898590088e-01,5.488855242729187012e-01,4.811195433139801025e-01,3.173495531082153320e-01,2.078142762184143066e-01,1.000000000000000000e+00,5.096501111984252930e-01,1.724309474229812622e-01,-7.301996648311614990e-02,1.530462056398391724e-01,4.373228549957275391e-01,4.662925601005554199e-01,4.010055363178253174e-01,2.512299120426177979e-01,9.365692734718322754e-02,1.814918667078018188e-01,3.817056119441986084e-01,1.336870938539505005e-01,8.746557682752609253e-02,2.158699333667755127e-01,2.135480046272277832e-01,4.506150484085083008e-01,4.473223984241485596e-01,4.629739820957183838e-01,4.341012239456176758e-01,4.158980250358581543e-01,3.251737654209136963e-01,3.114026486873626709e-01,3.831672072410583496e-01,5.342128276824951172e-01,4.846413135528564453e-01,1.301828771829605103e-01,2.436638176441192627e-01,-1.060052216053009033e-02,-5.475045181810855865e-03,-1.022384911775588989e-01,2.253905832767486572e-01,-1.772089302539825439e-02,3.037801086902618408e-01,1.319222152233123779e-01,2.766562402248382568e-01,-1.339654903858900070e-02,-4.744524136185646057e-03,-1.509323567152023315e-01,6.070214323699474335e-03,1.702379435300827026e-01,8.212286233901977539e-02,-1.636379398405551910e-02,1.668124347925186157e-01,5.728927254676818848e-02,1.861917227506637573e-01,1.704097092151641846e-01,2.086093276739120483e-01,2.588320970535278320e-01,2.624854743480682373e-01,1.995866149663925171e-01,1.969441473484039307e-01,1.281465888023376465e-01,2.565922141075134277e-01,1.355730593204498291e-01,1.011638790369033813e-01,3.361000120639801025e-01,3.199795782566070557e-01,4.582940787076950073e-02,8.777540922164916992e-02,8.048029989004135132e-02,1.652709543704986572e-01,8.378565311431884766e-02,1.154125034809112549e-01,3.005109727382659912e-01,1.860533356666564941e-01,3.721468150615692139e-01,2.461512237787246704e-01,2.787502706050872803e-01,1.433913409709930420e-01,2.915616892278194427e-02,1.442465186119079590e-01,2.458538562059402466e-01,2.948665320873260498e-01,4.171406626701354980e-01,3.892662823200225830e-01,3.559095859527587891e-01,2.273631095886230469e-01,3.387477397918701172e-01,3.523531258106231689e-01,6.797794997692108154e-02,5.662789195775985718e-02,2.859985828399658203e-01,3.039613068103790283e-01,3.648079037666320801e-01,3.419158458709716797e-01,1.114687472581863403e-01,1.215127632021903992e-01,2.755664288997650146e-03,1.621015369892120361e-01,3.030149638652801514e-02,8.991435915231704712e-02,3.412590920925140381e-01,3.062362670898437500e-01,2.956621944904327393e-01,8.285675197839736938e-02,2.505791783332824707e-01,2.517054975032806396e-01,2.052685469388961792e-01,2.067507356405258179e-01,6.313951313495635986e-02,2.329636663198471069e-01,1.354183405637741089e-01,1.571376025676727295e-01,1.335171014070510864e-01,2.162194252014160156e-01,2.062527984380722046e-01,1.830573081970214844e-01,1.798717528581619263e-01,1.049536019563674927e-01
4.886757731437683105e-01,4.571342170238494873e-01,3.934144973754882812e-01,4.829651415348052979e-01,8.503448963165283203e-02,1.604705601930618286e-01,5.096501111984252930e-01,1.000000000000000000e+00,-1.307196617126464844e-01,-1.320852786302566528e-01,2.315184324979782104e-01,5.424816012382507324e-01,3.524364531040191650e-01,5.373640060424804688e-01,-9.444483369588851929e-02,1.281703356653451920e-02,2.233082056045532227e-01,3.850010633468627930e-01,1.486258804798126221e-01,1.206404939293861389e-01,1.163024380803108215e-01,1.190596371889114380e-01,3.255396485328674316e-01,3.492453396320343018e-01,2.615588903427124023e-01,3.371263444423675537e-01,2.049198746681213379e-01,2.669584155082702637e-01,2.574264109134674072e-01,3.098064064979553223e-01,3.902953863143920898e-01,4.978231489658355713e-01,2.170639932155609131e-01,3.081834912300109863e-01,1.620596647262573242e-01,1.752658784389495850e-01,1.063913479447364807e-01,2.337459772825241089e-01,1.166453361511230469e-01,4.004154801368713379e-01,2.238145098090171814e-02,1.426845341920852661e-01,-3.045654110610485077e-02,9.344601072371006012e-03,-1.807806938886642456e-01,-4.201358556747436523e-02,1.823684424161911011e-01,2.002831548452377319e-01,6.413865368813276291e-03,6.017537415027618408e-02,6.239925976842641830e-03,1.032069772481918335e-01,1.893614977598190308e-01,3.266528546810150146e-01,2.016599625349044800e-01,4.401208460330963135e-01,3.077709674835205078e-01,3.010707497596740723e-01,3.291665315628051758e-01,1.907448768615722656e-01,2.896330058574676514e-01,-9.071536362171173096e-03,2.620526552200317383e-01,5.406677126884460449e-01,7.918243110179901123e-02,1.185617223381996155e-01,2.299881875514984131e-01,1.802582144737243652e-01,1.189116239547729492e-01,8.301993459463119507e-02,2.231002300977706909e-01,2.283198684453964233e-01,1.997119784355163574e-01,8.166815340518951416e-02,1.455676704645156860e-01,1.450294256210327148e-01,3.887794911861419678e-02,1.778400540351867676e-01,1.921188533306121826e-01,2.517771422863006592e-01,3.593790829181671143e-01,4.604652225971221924e-01,7.396488636732101440e-02,2.686107456684112549e-01,2.823219895362854004e-01,4.383693039417266846e-01,-6.884060800075531006e-02,6.184046622365713120e-03,1.952439844608306885e-01,2.949730157852172852e-01,1.685483306646347046e-01,3.930538594722747803e-01,-6.271367520093917847e-02,1.311916559934616089e-01,1.608918309211730957e-01,2.934864759445190430e-01,2.323800921440124512e-01,3.291345834732055664e-01,2.865625917911529541e-01,4.956614375114440918e-01,2.747517824172973633e-01,5.774329416453838348e-03,2.740842998027801514e-01,2.926219999790191650e-01,3.512380123138427734e-01,3.867940604686737061e-01,2.641851902008056641e-01,3.826756775379180908e-01,3.228871524333953857e-01,2.561627924442291260e-01,2.598280012607574463e-01,3.130364418029785156e-01,3.383661806583404541e-01,2.361073940992355347e-01,2.239370197057723999e-01,1.822465062141418457e-01
-1.590280830860137939e-01,6.487308442592620850e-02,-5.557977408170700073e-02,-1.062355935573577881e-01,7.599855065345764160e-01,6.132842302322387695e-01,1.724309474229812622e-01,-1.307196617126464844e-01,1.000000000000000000e+00,6.454362273216247559e-01,-6.309846788644790649e-02,7.150153815746307373e-02,2.073126584291458130e-01,1.286795139312744141e-01,7.654914855957031250e-01,5.244296789169311523e-01,-4.428675025701522827e-02,1.246520057320594788e-01,-1.023952942341566086e-02,-2.186825126409530640e-02,2.409529685974121094e-01,2.492855638265609741e-01,5.462224781513214111e-02,1.000146660953760147e-02,5.882913470268249512e-01,5.323755145072937012e-01,6.840222477912902832e-01,6.184304952621459961e-01,3.566108271479606628e-02,1.657239794731140137e-01,2.106139659881591797e-01,6.028835847973823547e-02,-1.997421830892562866e-01,-1.881714016199111938e-01,-2.460178136825561523e-01,-3.046466708183288574e-01,-3.718240857124328613e-01,5.787287279963493347e-02,-1.416798979043960571e-01,-3.304129838943481445e-02,9.104976803064346313e-02,2.066894322633743286e-01,-3.995437175035476685e-02,-6.242625787854194641e-02,-4.763088002800941467e-02,3.866057470440864563e-02,-6.105138361454010010e-02,-1.222077906131744385e-01,-8.971394598484039307e-02,8.411136269569396973e-02,-1.081504207104444504e-02,9.067040681838989258e-02,5.784298479557037354e-02,1.674253344535827637e-01,1.511727571487426758e-01,4.928831756114959717e-02,4.183237254619598389e-02,2.043281048536300659e-01,2.847221679985523224e-02,1.399287134408950806e-01,-8.860218524932861328e-02,1.443785429000854492e-01,1.609120517969131470e-01,6.949418038129806519e-02,-9.892482310533523560e-02,2.410314790904521942e-02,-3.578896820545196533e-02,-6.110168527811765671e-03,-8.842499554157257080e-02,-4.267179593443870544e-02,1.898386776447296143e-01,1.152814254164695740e-01,9.663295745849609375e-02,2.030785530805587769e-01,1.459965705871582031e-01,1.728961765766143799e-01,-9.402593225240707397e-02,-8.494182256981730461e-04,-8.683645166456699371e-03,5.644067376852035522e-02,2.506663799285888672e-01,1.539688408374786377e-01,6.919311285018920898e-01,3.792939782142639160e-01,2.892443537712097168e-01,1.983718127012252808e-01,6.520041227340698242e-01,5.583647489547729492e-01,4.042404890060424805e-01,3.522451221942901611e-01,3.270415961742401123e-01,2.729687094688415527e-01,3.609006404876708984e-01,3.472420573234558105e-01,-8.637646585702896118e-02,-2.186052128672599792e-02,-1.905538290739059448e-01,-1.578591465950012207e-01,3.763135522603988647e-03,-7.740202546119689941e-02,2.381443530321121216e-01,4.320299625396728516e-01,1.294846236705780029e-01,2.004538476467132568e-01,3.527090419083833694e-03,-5.297571420669555664e-03,-8.508663624525070190e-02,-6.673280149698257446e-03,-6.643488258123397827e-02,-3.303785342723131180e-03,-3.834029287099838257e-02,-5.072195455431938171e-02,-9.101462364196777344e-02,1.013104338198900223e-02,8.528175204992294312e-02,1.339063514024019241e-02
-9.136454015970230103e-02,-3.353518992662429810e-02,-3.033581078052520752e-01,-2.686136662960052490e-01,5.008327364921569824e-01,6.674750447273254395e-01,-7.301996648311614990e-02,-1.320852786302566528e-01,6.454362273216247559e-01,1.000000000000000000e+00,-6.065969169139862061e-02,9.810763597488403320e-02,2.534874156117439270e-02,1.986454725265502930e-01,5.398145318031311035e-01,6.438243985176086426e-01,-1.468068733811378479e-02,1.523395329713821411e-01,-1.852369867265224457e-02,3.202533721923828125e-02,1.694960743188858032e-01,1.828492432832717896e-01,-9.310971200466156006e-02,-1.144197806715965271e-01,3.330736756324768066e-01,3.808037638664245605e-01,4.965380132198333740e-01,6.191240549087524414e-01,2.847077138721942902e-02,1.302951723337173462e-01,4.010312631726264954e-02,-1.575354300439357758e-02,-1.002189442515373230e-01,-1.488135755062103271e-01,-1.477520018815994263e-01,-1.420064717531204224e-01,-1.538195461034774780e-01,-3.546648891642689705e-03,-5.787796527147293091e-02,-5.212432146072387695e-02,7.710838317871093750e-02,1.773357689380645752e-01,-1.760966181755065918e-01,-2.297363132238388062e-01,-1.623029410839080811e-01,-1.524067074060440063e-01,-1.333785355091094971e-01,-1.175237447023391724e-01,-1.204561069607734680e-01,-4.158829152584075928e-02,-1.348233819007873535e-01,-4.456704482436180115e-02,-7.245037704706192017e-02,2.535683512687683105e-01,8.996810764074325562e-03,8.705446869134902954e-02,5.159221962094306946e-02,1.477769166231155396e-01,1.318145543336868286e-01,3.051802515983581543e-02,-3.285986604169011116e-03,1.008005160838365555e-02,2.916060201823711395e-02,1.034378483891487122e-01,-2.015751600265502930e-01,-7.420848589390516281e-03,3.690622001886367798e-02,-7.873945683240890503e-02,-6.149284541606903076e-03,-1.506981719285249710e-02,9.604403376579284668e-02,1.379861086606979370e-01,-6.436922703869640827e-04,1.462863087654113770e-01,6.460515409708023071e-02,1.229141205549240112e-01,-4.729098454117774963e-02,4.824810475111007690e-02,3.625543415546417236e-02,-5.000676214694976807e-02,1.562751978635787964e-01,1.700426787137985229e-01,4.022406041622161865e-01,4.758794009685516357e-01,1.665394306182861328e-01,2.429585158824920654e-01,6.098387241363525391e-01,6.597143411636352539e-01,2.970336973667144775e-01,3.003949522972106934e-01,5.745683982968330383e-02,2.273818254470825195e-01,2.175272703170776367e-01,4.597244858741760254e-01,-6.408181041479110718e-02,1.949275843799114227e-02,-1.488869339227676392e-01,-9.517907351255416870e-02,-2.362229824066162109e-01,-9.652255475521087646e-02,1.919979006052017212e-01,4.799580872058868408e-01,1.098312214016914368e-01,1.896877437829971313e-01,3.176626190543174744e-02,4.057422652840614319e-02,-5.611938424408435822e-03,-6.719847768545150757e-02,9.238033741712570190e-02,5.325391888618469238e-02,-2.070770831778645515e-03,-2.197882719337940216e-02,-3.021089173853397369e-02,-3.626121580600738525e-02,5.748231336474418640e-02,8.566363155841827393e-02
3.415791690349578857e-01,2.182127088308334351e-01,1.071389615535736084e-01,1.582752317190170288e-01,-1.203254014253616333e-01,-1.193378567695617676e-01,1.530462056398391724e-01,2.315184324979782104e-01,-6.309846788644790649e-02,-6.065969169139862061e-02,1.000000000000000000e+00,3.618965744972229004e-01,6.249628663063049316e-01,1.060176491737365723e-01,7.552312687039375305e-03,2.208864092826843262e-01,6.770662069320678711e-01,5.399729013442993164e-01,9.411654621362686157e-02,1.164869591593742371e-01,3.921599313616752625e-02,8.738211542367935181e-02,1.182224303483963013e-01,1.284469068050384521e-01,3.119605220854282379e-02,7.313837110996246338e-02,9.207683056592941284e-02,-3.033897280693054199e-02,5.669588446617126465e-01,3.382502198219299316e-01,2.368119955062866211e-01,2.508330643177032471e-01,-3.469670191407203674e-02,1.831332780420780182e-02,2.044183015823364258e-02,-1.045971438288688660e-01,2.685999572277069092e-01,6.832784041762351990e-03,3.399784266948699951e-01,7.684070616960525513e-02,1.093723699450492859e-01,-1.814029738306999207e-02,1.856953352689743042e-01,2.042049169540405273e-01,6.516963243484497070e-02,1.049166992306709290e-01,1.846574842929840088e-01,1.511854082345962524e-01,-8.784457296133041382e-02,-1.252839714288711548e-01,6.293848156929016113e-02,-3.013514913618564606e-02,-8.125158399343490601e-02,-3.995211049914360046e-02,2.347989976406097412e-01,9.586589038372039795e-02,2.565906345844268799e-01,9.794425964355468750e-02,-1.639161109924316406e-01,-8.647667616605758667e-02,1.020172983407974243e-01,6.347623467445373535e-02,-3.583105653524398804e-02,1.356379985809326172e-01,2.840573899447917938e-02,-1.027142331004142761e-01,4.738005623221397400e-02,1.190837919712066650e-01,9.338335692882537842e-02,-1.773812249302864075e-02,2.505272254347801208e-02,5.537059530615806580e-02,1.920791119337081909e-01,1.167410016059875488e-01,2.736583724617958069e-02,-5.160405114293098450e-02,2.129171192646026611e-01,1.230357661843299866e-01,4.951187074184417725e-01,3.102086186408996582e-01,4.389520585536956787e-01,3.834569156169891357e-01,-5.446630716323852539e-02,8.237530291080474854e-02,3.984940946102142334e-01,2.669486403465270996e-01,-2.034048140048980713e-01,-1.580077558755874634e-01,4.972458183765411377e-01,3.769297897815704346e-01,1.082578077912330627e-01,9.773153066635131836e-02,3.933023661375045776e-02,2.849403023719787598e-02,2.500343322753906250e-01,3.683277964591979980e-01,1.395676583051681519e-01,1.954729259014129639e-01,3.994505479931831360e-02,1.254652887582778931e-01,2.723127007484436035e-01,8.335778117179870605e-02,4.098818302154541016e-01,3.037538528442382812e-01,4.709014594554901123e-01,2.496134191751480103e-01,3.400790989398956299e-01,1.537021100521087646e-01,5.683261435478925705e-03,1.460546534508466721e-02,-1.542059034109115601e-01,-2.328093349933624268e-01,-1.700884252786636353e-01,1.126461997628211975e-01,2.473405599594116211e-01,2.086085975170135498e-01
3.872552216053009033e-01,4.560142755508422852e-01,1.273848712444305420e-01,3.293723762035369873e-01,1.167761310935020447e-01,2.713669836521148682e-01,4.373228549957275391e-01,5.424816012382507324e-01,7.150153815746307373e-02,9.810763597488403320e-02,3.618965744972229004e-01,1.000000000000000000e+00,5.067563652992248535e-01,6.083778142929077148e-01,7.554315775632858276e-02,2.380371689796447754e-01,3.650400042533874512e-01,6.267103552818298340e-01,1.710650622844696045e-01,2.199205607175827026e-01,1.746322959661483765e-01,1.467446684837341309e-01,9.565903246402740479e-02,1.489260345697402954e-01,3.144156038761138916e-01,3.995219767093658447e-01,3.535035550594329834e-01,3.812201023101806641e-01,4.019750356674194336e-01,5.197946429252624512e-01,2.784079313278198242e-01,2.910898029804229736e-01,7.209977507591247559e-02,1.376154720783233643e-01,6.820745766162872314e-02,4.546984098851680756e-03,7.713977992534637451e-02,2.265973687171936035e-01,8.967769145965576172e-02,3.533736169338226318e-01,1.492687314748764038e-01,1.675678640604019165e-01,7.630006968975067139e-02,1.327740401029586792e-01,-3.970135375857353210e-02,6.344441324472427368e-02,2.084945589303970337e-01,2.296427637338638306e-01,-8.433451503515243530e-02,7.334715127944946289e-02,7.630787789821624756e-02,1.185416430234909058e-01,9.370544552803039551e-02,2.175042480230331421e-01,2.308786064386367798e-01,3.796136081218719482e-01,3.044488430023193359e-01,3.193940222263336182e-01,2.109542936086654663e-01,1.888319402933120728e-01,2.381690144538879395e-01,1.285371631383895874e-01,1.283582150936126709e-01,4.322039783000946045e-01,-1.239193975925445557e-02,4.463183134794235229e-02,2.081956267356872559e-01,2.244711369276046753e-01,2.227085679769515991e-01,1.984725892543792725e-01,3.073293864727020264e-01,2.946059107780456543e-01,2.909320592880249023e-01,2.525249421596527100e-01,1.653379052877426147e-01,1.403070837259292603e-01,9.943745285272598267e-02,2.573592662811279297e-01,3.522040247917175293e-01,3.226341605186462402e-01,4.360465705394744873e-01,5.396479368209838867e-01,1.492449492216110229e-01,3.099661171436309814e-01,3.241453766822814941e-01,5.110238194465637207e-01,5.858314037322998047e-02,1.280870884656906128e-01,3.091402053833007812e-01,4.810062646865844727e-01,1.631251871585845947e-01,3.480782210826873779e-01,-1.371933799237012863e-02,1.820074915885925293e-01,1.912192106246948242e-01,4.027074277400970459e-01,1.252022087574005127e-01,3.371652960777282715e-01,1.785459220409393311e-01,3.565135002136230469e-01,2.868846654891967773e-01,1.213278844952583313e-01,2.963011264801025391e-01,3.309652805328369141e-01,3.942162394523620605e-01,3.316706717014312744e-01,2.312459349632263184e-01,3.029634356498718262e-01,2.493267357349395752e-01,2.277086824178695679e-01,1.647996604442596436e-01,1.582727134227752686e-01,1.929521709680557251e-01,2.002113312482833862e-01,2.454657405614852905e-01,2.389753907918930054e-01
3.194530308246612549e-01,3.440377414226531982e-01,2.324701994657516479e-01,2.645538151264190674e-01,1.997962743043899536e-01,1.180011406540870667e-01,4.662925601005554199e-01,3.524364531040191650e-01,2.073126584291458130e-01,2.534874156117439270e-02,6.249628663063049316e-01,5.067563652992248535e-01,1.000000000000000000e+00,3.010117411613464355e-01,2.852825820446014404e-01,2.394492924213409424e-01,4.761343896389007568e-01,5.314030647277832031e-01,1.570231169462203979e-01,1.290994286537170410e-01,2.989419996738433838e-01,2.891662418842315674e-01,1.985538750886917114e-01,1.993553340435028076e-01,3.604060411453247070e-01,3.248537778854370117e-01,4.350759685039520264e-01,2.370470315217971802e-01,5.133537650108337402e-01,4.410486221313476562e-01,4.260833859443664551e-01,3.492915034294128418e-01,4.815536737442016602e-02,1.006005182862281799e-01,4.294079542160034180e-02,-1.038046181201934814e-01,6.709187757223844528e-03,1.644470840692520142e-01,1.188358366489410400e-01,1.852782219648361206e-01,1.529367566108703613e-01,1.272150278091430664e-01,1.015663146972656250e-01,2.203510850667953491e-01,4.932076483964920044e-02,1.847221404314041138e-01,1.242474392056465149e-01,1.138488575816154480e-01,-3.088744357228279114e-02,3.683785349130630493e-02,9.782773256301879883e-02,9.835007786750793457e-02,5.034259334206581116e-02,3.277580067515373230e-02,2.355625033378601074e-01,8.307600766420364380e-02,2.891085445880889893e-01,2.650734484195709229e-01,-2.685806341469287872e-02,1.935362070798873901e-01,1.203114762902259827e-01,2.197529077529907227e-01,1.393650323152542114e-01,1.625923961400985718e-01,-2.168603241443634033e-02,-5.391873046755790710e-02,9.696009755134582520e-02,2.300989180803298950e-01,1.416447758674621582e-01,1.002843901515007019e-01,3.485961556434631348e-01,2.969672679901123047e-01,3.293832540512084961e-01,2.670384943485260010e-01,2.595290839672088623e-01,1.400714665651321411e-01,2.164852023124694824e-01,2.186778783798217773e-01,3.490861356258392334e-01,3.251982033252716064e-01,5.672878026962280273e-01,3.834422528743743896e-01,3.200604617595672607e-01,1.510393619537353516e-01,5.358062982559204102e-01,3.169128894805908203e-01,6.697096675634384155e-02,-3.060367703437805176e-02,5.540238618850708008e-01,4.376141130924224854e-01,2.803660631179809570e-01,1.470178365707397461e-01,1.064461097121238708e-01,2.904922887682914734e-02,1.554594188928604126e-01,2.996648550033569336e-01,6.038019806146621704e-02,1.618509590625762939e-01,2.427416592836380005e-01,1.544187515974044800e-01,2.929143011569976807e-01,1.121613830327987671e-01,3.228450417518615723e-01,2.426744997501373291e-01,3.271751105785369873e-01,1.622146517038345337e-01,1.326070129871368408e-01,1.384184956550598145e-01,-4.132148344069719315e-03,9.735117852687835693e-02,-2.882105764001607895e-03,-6.829042732715606689e-02,-6.576312333345413208e-02,2.129595428705215454e-01,2.906721234321594238e-01,1.539269536733627319e-01
