1.000000000000000000e+00,6.185507178306579590e-01,2.429257929325103760e-01,2.209915816783905029e-01,-7.506737858057022095e-02,-1.518167257308959961e-01,4.933001697063446045e-01,2.902967631816864014e-01,-4.918204993009567261e-02,-1.260731965303421021e-01,4.136716425418853760e-01,4.761978685855865479e-01,5.028417110443115234e-01,3.779441416263580322e-01,7.967903465032577515e-02,3.193052113056182861e-02,3.682425320148468018e-01,4.356394410133361816e-01,6.229625940322875977e-01,5.794854164123535156e-01,-1.114692017436027527e-01,-1.272319257259368896e-01,-3.178313970565795898e-01,-1.729629039764404297e-01,-3.270751535892486572e-01,-2.104252278804779053e-01,-1.504454761743545532e-01,-1.862386167049407959e-01,3.351369202136993408e-01,3.964227139949798584e-01,-4.995603859424591064e-02,1.358297932893037796e-02,4.025815725326538086e-01,3.520020842552185059e-01,-1.229793950915336609e-01,-1.981056630611419678e-01,-1.216523647308349609e-01,3.302999213337898254e-02,-1.376625150442123413e-01,3.003226034343242645e-02,-1.155536174774169922e-01,9.865766763687133789e-02,-8.261106908321380615e-02,1.997437179088592529e-01,1.086450070142745972e-01,2.142677307128906250e-01,2.278751134872436523e-02,2.262149751186370850e-02,2.704578638076782227e-01,1.313785463571548462e-01,1.606936752796173096e-01,1.704820841550827026e-01,-1.268148422241210938e-01,-1.907799988985061646e-01,1.675766259431838989e-01,2.626767158508300781e-01,6.004659533500671387e-01,5.650286674499511719e-01,5.259981751441955566e-01,4.910341501235961914e-01,5.035430192947387695e-01,4.423221647739410400e-01,2.588013410568237305e-01,4.484882950782775879e-01,-2.553633153438568115e-01,-4.347877204418182373e-02,3.001542091369628906e-01,1.061706468462944031e-01,4.285741448402404785e-01,4.144061207771301270e-01,3.766014799475669861e-02,1.017410308122634888e-01,2.714218497276306152e-01,4.608191847801208496e-01,1.986442655324935913e-01,3.897586762905120850e-01,2.247223556041717529e-01,2.700300216674804688e-01,1.869462430477142334e-01,2.262740433216094971e-01,4.645304754376411438e-02,2.797370553016662598e-01,-1.063446253538131714e-01,4.454452916979789734e-02,1.906797103583812714e-02,4.932823404669761658e-02,-2.308261245489120483e-01,-4.046654701232910156e-02,-1.860892958939075470e-02,-4.971284046769142151e-02,-3.346016705036163330e-01,-9.867218881845474243e-02,-2.678922712802886963e-01,-2.841122150421142578e-01,-9.586202912032604218e-03,-6.466190516948699951e-02,-1.093720123171806335e-01,7.619434595108032227e-02,2.510623931884765625e-01,6.518594920635223389e-02,1.687736660242080688e-01,-2.824563346803188324e-02,9.984301775693893433e-02,6.247569248080253601e-02,-1.259724199771881104e-01,-1.927130110561847687e-02,-1.439204961061477661e-01,6.274799816310405731e-03,-3.116652183234691620e-02,2.803350426256656647e-02,-1.350348591804504395e-01,9.356629103422164917e-03,2.203495949506759644e-01,2.717107832431793213e-01,-4.436390101909637451e-02,9.174119681119918823e-02
6.185507178306579590e-01,1.000000000000000000e+00,2.003714293241500854e-01,3.452424108982086182e-01,2.889200299978256226e-02,3.509989753365516663e-02,1.600582748651504517e-01,3.324679136276245117e-01,-1.106107756495475769e-01,-1.260972023010253906e-02,1.123832315206527710e-01,3.280626833438873291e-01,1.262029707431793213e-01,3.585940301418304443e-01,-4.787250887602567673e-03,7.244208455085754395e-02,3.636009395122528076e-01,5.067376494407653809e-01,4.947249591350555420e-01,5.989539027214050293e-01,3.296446055173873901e-02,-2.455056086182594299e-02,-2.350648343563079834e-01,-2.433249726891517639e-02,-1.178390458226203918e-01,-1.176636200398206711e-02,3.224369720555841923e-04,-5.231439601629972458e-03,3.627820312976837158e-01,3.215303421020507812e-01,9.067038074135780334e-03,7.206892967224121094e-02,3.667802810668945312e-01,4.005093872547149658e-01,-8.599223196506500244e-02,-1.312373429536819458e-01,-4.685050621628761292e-02,-4.533749446272850037e-02,3.206665441393852234e-02,8.719480037689208984e-02,-8.983188122510910034e-02,-2.633922500535845757e-03,1.034009754657745361e-01,3.853521347045898438e-01,2.889037132263183594e-01,3.902110755443572998e-01,1.464914530515670776e-01,1.979768276214599609e-01,3.633818328380584717e-01,2.945613861083984375e-01,1.825301200151443481e-01,2.553891241550445557e-01,-1.008102968335151672e-01,-1.309758722782135010e-01,2.495160996913909912e-01,3.438259363174438477e-01,7.018343210220336914e-01,7.584478259086608887e-01,5.559412240982055664e-01,5.627942085266113281e-01,2.498499155044555664e-01,4.390407800674438477e-01,1.856615692377090454e-01,4.997440874576568604e-01,-3.382022082805633545e-01,4.945694655179977417e-02,3.386346101760864258e-01,1.905981153249740601e-01,5.037111043930053711e-01,5.112287998199462891e-01,1.094478592276573181e-01,1.641638875007629395e-01,2.661412656307220459e-01,2.811551690101623535e-01,1.852295696735382080e-01,2.603279650211334229e-01,2.285516709089279175e-01,2.682464122772216797e-01,2.944750785827636719e-01,3.307324647903442383e-01,1.303127706050872803e-01,3.226636946201324463e-01,-4.047428071498870850e-02,5.638282280415296555e-03,-1.606015712022781372e-01,9.811725467443466187e-02,-6.104109808802604675e-02,5.041225627064704895e-02,-1.324529945850372314e-01,6.696238648146390915e-03,-1.643243581056594849e-01,-3.615396097302436829e-02,-2.751075029373168945e-01,-3.194974362850189209e-01,3.381485864520072937e-02,-7.688120752573013306e-02,-1.758875208906829357e-03,1.632525622844696045e-01,3.132273852825164795e-01,1.433394998311996460e-01,3.135730326175689697e-02,-2.743721567094326019e-02,6.945233047008514404e-02,-3.304888680577278137e-02,-1.448176056146621704e-01,-7.181818038225173950e-02,-9.209363162517547607e-02,-4.612081684172153473e-03,2.254608087241649628e-02,-5.107817798852920532e-02,-1.762423366308212280e-01,-1.410143822431564331e-02,2.754749953746795654e-01,2.555575668811798096e-01,-5.556676536798477173e-02,7.169359922409057617e-02
2.429257929325103760e-01,2.003714293241500854e-01,1.000000000000000000e+00,2.898819148540496826e-01,6.191219389438629150e-02,-2.246165424585342407e-01,5.747035145759582520e-01,8.523748070001602173e-02,-1.921462714672088623e-01,-2.600944042205810547e-01,2.544469535350799561e-01,-3.084870427846908569e-02,2.856712937355041504e-01,1.116507500410079956e-01,9.674490988254547119e-02,-9.221381694078445435e-02,2.000961638987064362e-02,1.877805031836032867e-02,2.883040010929107666e-01,1.509838551282882690e-01,4.299972206354141235e-02,-4.904804378747940063e-02,4.028368294239044189e-01,3.326078355312347412e-01,1.380427181720733643e-01,1.387674510478973389e-01,7.559000700712203979e-02,-9.608661383390426636e-02,5.032464861869812012e-02,6.388258934020996094e-02,4.323134422302246094e-01,4.911771416664123535e-01,1.140218898653984070e-01,2.305419296026229858e-01,1.366733014583587646e-01,-6.239883601665496826e-02,5.388601124286651611e-02,-1.387665718793869019e-01,1.592953689396381378e-03,-4.044505581259727478e-02,7.895546406507492065e-02,-1.685482710599899292e-01,-1.812608540058135986e-01,-4.297931492328643799e-02,-2.087005674839019775e-01,-1.627965569496154785e-01,-2.423626631498336792e-01,-2.370753288269042969e-01,-2.038722783327102661e-01,-2.821827232837677002e-01,-1.437598913908004761e-01,-2.205779254436492920e-01,-3.198536038398742676e-01,-2.236828058958053589e-01,-6.126308441162109375e-02,-6.502879410982131958e-02,2.215074747800827026e-01,3.437987864017486572e-01,3.976798802614212036e-02,1.365508139133453369e-01,6.207174155861139297e-03,1.485513746738433838e-01,2.071640640497207642e-02,1.769449561834335327e-01,1.238711476325988770e-01,3.029812872409820557e-02,2.509603090584278107e-02,-5.406016111373901367e-02,2.359698526561260223e-02,5.705994740128517151e-02,1.282199472188949585e-01,1.932234168052673340e-01,1.462139040231704712e-01,1.854686886072158813e-01,1.990551948547363281e-01,2.016467750072479248e-01,7.376988232135772705e-02,1.548946350812911987e-01,-3.413423895835876465e-02,-9.392669051885604858e-02,-1.485204249620437622e-01,6.654281634837388992e-03,-1.300656199455261230e-01,-1.051324158906936646e-01,-6.896955519914627075e-02,-1.672471910715103149e-01,-2.984501980245113373e-02,1.106535550206899643e-02,-1.963181644678115845e-01,-2.349413782358169556e-01,-3.084648549556732178e-01,8.209608495235443115e-02,-2.316971272230148315e-01,-6.654728949069976807e-02,-7.357098907232284546e-02,-1.424195319414138794e-01,-1.220186725258827209e-01,-3.826133534312248230e-02,-5.933164805173873901e-02,-1.949882060289382935e-01,-1.247453317046165466e-01,-4.278384521603584290e-02,4.473814740777015686e-03,-2.814920432865619659e-02,-1.580419987440109253e-01,2.575268270447850227e-03,-5.865585431456565857e-02,8.839516341686248779e-02,-6.198392435908317566e-02,-1.567450016736984253e-01,-2.179000228643417358e-01,9.342994540929794312e-02,1.513499468564987183e-01,1.927074193954467773e-01,2.288744581164792180e-04,2.605410479009151459e-02
2.209915816783905029e-01,3.452424108982086182e-01,2.898819148540496826e-01,1.000000000000000000e+00,6.441658735275268555e-02,2.668152153491973877e-01,2.791194617748260498e-01,7.060218453407287598e-01,-1.330656856298446655e-01,1.552459299564361572e-01,7.287331670522689819e-02,3.491910696029663086e-01,1.085001081228256226e-01,5.160025358200073242e-01,-6.971202790737152100e-02,2.287383377552032471e-01,7.548218220472335815e-02,1.601985096931457520e-01,1.395804286003112793e-01,3.176341056823730469e-01,1.251884996891021729e-01,-7.409143727272748947e-04,-1.097981259226799011e-01,4.577146470546722412e-01,-2.820813953876495361e-01,-1.164690940640866756e-03,-1.054427549242973328e-01,1.056309510022401810e-02,1.705182641744613647e-01,2.075678706169128418e-01,6.685052067041397095e-02,3.143199086189270020e-01,1.338633149862289429e-01,4.425141513347625732e-01,-1.962807625532150269e-01,-5.759602040052413940e-02,-1.570410132408142090e-01,-2.650969624519348145e-01,-8.174601942300796509e-02,-3.564765304327011108e-02,-4.710844904184341431e-02,-1.795189231634140015e-01,-1.994653046131134033e-01,-1.224866602569818497e-02,-1.118000131100416183e-02,1.239342391490936279e-01,-1.199097856879234314e-01,-1.015185266733169556e-01,-2.650051191449165344e-02,-2.365563996136188507e-02,2.581107197329401970e-03,8.552563935518264771e-02,-1.338158547878265381e-01,2.723815664649009705e-02,6.388496607542037964e-02,9.383416920900344849e-02,1.213926672935485840e-01,3.248862624168395996e-01,9.062659740447998047e-02,4.585556387901306152e-01,1.170087307691574097e-01,5.958151817321777344e-01,-2.434425801038742065e-02,3.433268368244171143e-01,-1.960420161485671997e-01,2.813615798950195312e-01,1.067769080400466919e-01,1.328946650028228760e-01,-1.030148342251777649e-01,1.789393126964569092e-01,-5.467594787478446960e-02,3.191808937117457390e-03,6.064090877771377563e-02,1.126270890235900879e-01,1.357244998216629028e-01,1.163194701075553894e-01,1.948361843824386597e-02,9.023516625165939331e-02,1.720591038465499878e-01,9.626652300357818604e-02,-8.288251608610153198e-02,1.643462181091308594e-01,-8.756578713655471802e-02,-3.437217697501182556e-02,-2.693250477313995361e-01,1.376838386058807373e-01,-9.840758144855499268e-02,1.036427617073059082e-01,-2.508095204830169678e-01,9.264944493770599365e-02,-1.102406978607177734e-01,1.877088472247123718e-02,-1.494354605674743652e-01,-2.655041813850402832e-01,-6.003161892294883728e-02,-1.014146208763122559e-01,-1.853285580873489380e-01,4.506420716643333435e-02,1.520866900682449341e-01,-2.515267394483089447e-02,4.117999598383903503e-02,-2.180550247430801392e-03,7.382228225469589233e-02,-7.836043834686279297e-02,-1.534598171710968018e-01,-1.174604222178459167e-01,-6.103787198662757874e-02,-4.276466742157936096e-02,3.162779659032821655e-02,-5.344168096780776978e-02,-4.869110137224197388e-02,-8.367208391427993774e-02,9.416390210390090942e-02,1.875692456960678101e-01,5.852234736084938049e-02,4.088124632835388184e-02
-7.506737858057022095e-02,2.889200299978256226e-02,6.191219389438629150e-02,6.441658735275268555e-02,1.000000000000000000e+00,4.290123581886291504e-01,-2.167408354580402374e-02,-1.138984262943267822e-01,5.975950360298156738e-01,3.595673441886901855e-01,7.439628243446350098e-02,5.115611106157302856e-02,3.520309552550315857e-02,-1.436419598758220673e-02,5.722054839134216309e-01,2.013745009899139404e-01,8.445475995540618896e-02,6.131131947040557861e-02,-1.977553963661193848e-02,-3.150953352451324463e-02,3.145981729030609131e-01,2.758578360080718994e-01,1.437185108661651611e-01,6.327668577432632446e-02,1.502247303724288940e-01,2.210174053907394409e-01,4.672184586524963379e-01,3.833409547805786133e-01,2.397343069314956665e-01,8.661788702011108398e-02,7.957617938518524170e-02,3.898625448346138000e-02,1.383738517761230469e-01,1.769637316465377808e-02,-6.641505658626556396e-02,-9.527269750833511353e-02,-2.236161753535270691e-02,-2.568953495938330889e-04,2.239399701356887817e-01,1.792116463184356689e-01,-2.496295841410756111e-03,7.129950821399688721e-02,-3.146510571241378784e-02,8.432397246360778809e-02,7.500121742486953735e-02,8.604203909635543823e-02,-1.093344241380691528e-01,2.220069430768489838e-02,-6.027978844940662384e-03,2.679509669542312622e-02,-8.342679589986801147e-03,2.096192166209220886e-02,-1.261640936136245728e-01,1.169889979064464569e-02,-4.889374971389770508e-02,1.499974429607391357e-01,5.554860085248947144e-02,9.009507298469543457e-02,3.197968471795320511e-03,-6.338406354188919067e-03,1.442467886954545975e-02,-1.994770579040050507e-02,8.515638113021850586e-02,-5.463100969791412354e-02,1.115510016679763794e-01,-1.791731566190719604e-01,-4.576547071337699890e-02,-7.315988093614578247e-02,-7.116789370775222778e-02,-9.984134137630462646e-02,-4.423441365361213684e-02,-4.933629184961318970e-02,4.697481170296669006e-02,-1.103055179119110107e-01,1.993938349187374115e-02,-2.867353893816471100e-02,2.913827449083328247e-02,3.875898197293281555e-02,6.831783801317214966e-02,3.957247734069824219e-02,2.124286890029907227e-01,-7.138780318200588226e-03,1.961782425642013550e-01,3.655366972088813782e-02,4.612499475479125977e-02,-3.641340509057044983e-02,1.225692406296730042e-01,1.151875108480453491e-01,4.423826560378074646e-02,4.237340763211250305e-03,-2.143839597702026367e-01,4.754707217216491699e-02,-2.128288149833679199e-01,-1.668878942728042603e-01,7.676040381193161011e-02,8.635204285383224487e-02,6.846383959054946899e-02,1.949634961783885956e-02,-6.307263672351837158e-02,2.903803624212741852e-02,-2.635921835899353027e-01,-1.213945671916007996e-01,-1.687970906496047974e-01,-1.726533472537994385e-01,-1.211603209376335144e-01,-1.616951972246170044e-01,-1.065443977713584900e-01,-7.940293848514556885e-02,8.656300604343414307e-02,7.607939839363098145e-02,6.217838451266288757e-02,-5.329021438956260681e-02,5.610717460513114929e-02,-1.042756140232086182e-01,-3.688331320881843567e-02,5.062156543135643005e-02
-1.518167257308959961e-01,3.509989753365516663e-02,-2.246165424585342407e-01,2.668152153491973877e-01,4.290123581886291504e-01,1.000000000000000000e+00,-2.224209606647491455e-01,3.271257877349853516e-01,4.898563027381896973e-01,7.125670313835144043e-01,-2.744474411010742188e-01,1.272474825382232666e-01,-1.828346401453018188e-01,2.320606708526611328e-01,3.870241940021514893e-01,5.567671656608581543e-01,-1.696366965770721436e-01,4.280989058315753937e-03,-1.825116276741027832e-01,-1.200262233614921570e-01,2.343022525310516357e-01,2.586152851581573486e-01,-1.660646945238113403e-01,4.821179062128067017e-02,-8.523556590080261230e-02,1.076287627220153809e-01,2.340424209833145142e-01,5.477576851844787598e-01,4.720688238739967346e-02,3.054800257086753845e-02,-2.573921978473663330e-01,-9.248536825180053711e-02,-1.514017730951309204e-01,-4.631664976477622986e-02,-2.745893597602844238e-01,-1.727133244276046753e-01,-1.359590739011764526e-01,-1.289632171392440796e-01,1.510561406612396240e-01,1.071832999587059021e-01,-5.573347583413124084e-02,-4.854737594723701477e-02,-8.762525022029876709e-02,-6.353945285081863403e-02,5.679811537265777588e-02,8.408053219318389893e-02,-2.925631403923034668e-02,-2.057568728923797607e-02,5.357996746897697449e-02,1.304215788841247559e-01,9.566920250654220581e-02,1.417958289384841919e-01,1.806854903697967529e-01,2.702751755714416504e-01,-1.076651550829410553e-02,2.002988457679748535e-01,-1.111503392457962036e-01,-2.176355756819248199e-02,2.798009291291236877e-02,1.651532649993896484e-01,2.891553007066249847e-02,1.912656277418136597e-01,-1.034089475870132446e-01,-2.926147170364856720e-02,-2.985361963510513306e-02,-1.817602664232254028e-02,-4.242272302508354187e-02,-1.048295386135578156e-02,-1.486892849206924438e-01,3.678752481937408447e-02,-2.508586347103118896e-01,-1.844254136085510254e-01,-2.066788077354431152e-01,-2.591065168380737305e-01,-1.500624716281890869e-01,-2.387702763080596924e-01,-1.833674758672714233e-01,-1.720316708087921143e-01,-2.255356684327125549e-02,-2.911411039531230927e-02,2.156756073236465454e-02,-1.170215755701065063e-01,2.027078121900558472e-01,-8.636061102151870728e-03,-5.548591911792755127e-02,-8.694076677784323692e-04,7.956117391586303711e-02,1.039335951209068298e-01,8.316753804683685303e-02,3.254181742668151855e-01,8.174697309732437134e-02,1.231230702251195908e-02,-3.694877726957201958e-03,-8.079694956541061401e-02,3.764929017052054405e-03,-7.736302912235260010e-03,-7.603279501199722290e-02,-3.344576060771942139e-02,-7.717717904597520828e-03,4.449468478560447693e-02,-8.750260621309280396e-02,-7.348341494798660278e-02,-6.705555319786071777e-02,-2.247366458177566528e-01,-7.673185318708419800e-02,-2.186560332775115967e-01,-2.749622054398059845e-02,-2.043441385030746460e-01,4.476236179471015930e-02,5.236075818538665771e-02,2.224130183458328247e-02,-1.605758517980575562e-01,-4.826556518673896790e-02,-8.877114951610565186e-02,3.580540791153907776e-02,2.670620940625667572e-02
4.933001697063446045e-01,1.600582748651504517e-01,5.747035145759582520e-01,2.791194617748260498e-01,-2.167408354580402374e-02,-2.224209606647491455e-01,1.000000000000000000e+00,2.317632138729095459e-01,-9.666627645492553711e-02,-2.234142422676086426e-01,4.158777296543121338e-01,2.357098460197448730e-01,5.873335003852844238e-01,2.043843418359756470e-01,1.014688462018966675e-01,-8.385413885116577148e-02,1.166869029402732849e-01,5.797493085265159607e-02,3.415296375751495361e-01,2.340048998594284058e-01,-6.822541356086730957e-02,-1.610592454671859741e-01,6.651687622070312500e-02,7.625606656074523926e-02,-2.595894336700439453e-01,-1.548724770545959473e-01,-1.529713273048400879e-01,-2.476828992366790771e-01,1.150866523385047913e-01,2.045497149229049683e-01,2.336692363023757935e-01,2.805796861648559570e-01,2.225888967514038086e-01,3.320126831531524658e-01,-6.870329380035400391e-02,-1.876897513866424561e-01,-3.790254890918731689e-02,-7.364257425069808960e-02,-1.252269148826599121e-01,-5.228346213698387146e-02,-1.307143457233905792e-02,2.502274233847856522e-03,-2.583364844322204590e-01,-1.017741858959197998e-01,-1.867119818925857544e-01,-1.259428411722183228e-01,-2.310569584369659424e-01,-2.575373351573944092e-01,-1.043792143464088440e-01,-2.218828648328781128e-01,-4.773763567209243774e-02,-7.459820061922073364e-02,-2.696650922298431396e-01,-1.841487735509872437e-01,-1.414659246802330017e-02,-1.543662790209054947e-02,1.957525610923767090e-01,2.604198753833770752e-01,1.193391531705856323e-01,2.100045084953308105e-01,3.194038867950439453e-01,3.366463482379913330e-01,9.086598455905914307e-02,2.742104232311248779e-01,1.294318493455648422e-02,-2.062627859413623810e-02,6.439984589815139771e-02,-5.773013830184936523e-02,-8.822223171591758728e-03,6.213590875267982483e-02,1.201171949505805969e-01,1.192812547087669373e-01,1.597891896963119507e-01,3.546240031719207764e-01,2.069365233182907104e-01,3.187210261821746826e-01,6.147941574454307556e-02,1.529748886823654175e-01,-2.543056150898337364e-03,-3.452183678746223450e-02,-1.416546106338500977e-01,6.521527469158172607e-02,-1.890031993389129639e-01,-1.716450415551662445e-02,4.462897032499313354e-02,-8.070297539234161377e-02,-1.859603971242904663e-01,-7.899466156959533691e-02,4.384819185361266136e-04,-1.165593117475509644e-01,-3.669417500495910645e-01,-5.603065341711044312e-02,-1.958698332309722900e-01,-1.109577715396881104e-01,-6.065435335040092468e-02,-1.281487047672271729e-01,-2.429217547178268433e-01,-9.147512912750244141e-02,4.600480198860168457e-02,-1.712868511676788330e-01,1.067889332771301270e-01,-1.168235205113887787e-02,5.654295533895492554e-02,1.210221648216247559e-01,-1.030853688716888428e-01,4.068363457918167114e-02,-1.108527109026908875e-01,4.140142351388931274e-02,-6.495894491672515869e-02,-4.134843870997428894e-02,-1.679658740758895874e-01,3.992867842316627502e-02,1.116565242409706116e-01,2.799569368362426758e-01,3.374283388257026672e-02,8.831712603569030762e-02
2.902967631816864014e-01,3.324679136276245117e-01,8.523748070001602173e-02,7.060218453407287598e-01,-1.138984262943267822e-01,3.271257877349853516e-01,2.317632138729095459e-01,1.000000000000000000e+00,-1.047045439481735229e-01,2.488256543874740601e-01,-9.306812658905982971e-03,4.543424844741821289e-01,2.042669057846069336e-01,6.227683424949645996e-01,-8.337583392858505249e-02,3.694067895412445068e-01,2.247539348900318146e-03,1.954679340124130249e-01,7.381890714168548584e-02,2.699386477470397949e-01,6.664871703833341599e-03,-1.160836741328239441e-01,-2.345717251300811768e-01,2.636168897151947021e-01,-3.588621318340301514e-01,-1.006009578704833984e-01,-1.811993271112442017e-01,-9.184683673083782196e-03,9.564957022666931152e-02,2.084808349609375000e-01,-1.442243903875350952e-01,1.518100500106811523e-01,9.023672901093959808e-03,3.479711711406707764e-01,-1.981761455535888672e-01,-7.819747179746627808e-02,-1.607068777084350586e-01,-1.999800950288772583e-01,-1.120939776301383972e-01,-5.463855341076850891e-02,-1.261025667190551758e-01,-1.250499635934829712e-01,-2.604343593120574951e-01,-9.350241720676422119e-02,-6.511127948760986328e-02,6.055482104420661926e-02,-1.384661495685577393e-01,-1.509296298027038574e-01,3.312916308641433716e-02,2.066786400973796844e-02,6.186018139123916626e-02,1.689742058515548706e-01,-2.624429203569889069e-02,1.048538312315940857e-01,2.246686257421970367e-02,1.001625806093215942e-01,8.965045958757400513e-02,2.716486454010009766e-01,1.458000987768173218e-01,4.681986272335052490e-01,2.584083080291748047e-01,6.685283780097961426e-01,-5.187896266579627991e-02,4.000380039215087891e-01,-1.668904423713684082e-01,3.646011650562286377e-01,1.018365919589996338e-01,1.112283468246459961e-01,-1.057583466172218323e-01,2.224615663290023804e-01,-1.053384989500045776e-01,-4.560776799917221069e-02,-8.929428644478321075e-03,1.185172274708747864e-01,6.970725208520889282e-02,8.197882026433944702e-02,1.243480853736400604e-02,6.680936366319656372e-02,8.337744325399398804e-02,7.242217659950256348e-02,-1.930272132158279419e-01,1.167925447225570679e-01,-9.324443340301513672e-02,-1.125462949275970459e-01,-1.759834438562393188e-01,1.932615041732788086e-01,-9.265712648630142212e-02,3.708624467253684998e-02,-1.490515023469924927e-01,1.834065318107604980e-01,-6.750059127807617188e-02,7.693541236221790314e-03,-8.316114544868469238e-02,-2.364756166934967041e-01,-4.127556085586547852e-02,-1.051105782389640808e-01,-2.563733756542205811e-01,-1.289952825754880905e-02,1.421960741281509399e-01,-2.579359710216522217e-02,1.376203447580337524e-01,1.605150662362575531e-02,9.512095153331756592e-02,-7.679412513971328735e-02,-1.346037536859512329e-01,-1.122329309582710266e-01,-6.223441660404205322e-02,-9.886760264635086060e-02,-2.258878899738192558e-03,-6.917557120323181152e-02,-9.010949730873107910e-02,-1.438202410936355591e-01,1.325701014138758183e-03,1.234823986887931824e-01,6.492760032415390015e-02,1.104420199990272522e-01
-4.918204993009567261e-02,-1.106107756495475769e-01,-1.921462714672088623e-01,-1.330656856298446655e-01,5.975950360298156738e-01,4.898563027381896973e-01,-9.666627645492553711e-02,-1.047045439481735229e-01,1.000000000000000000e+00,5.273780226707458496e-01,-6.422274746000766754e-03,5.068770423531532288e-02,7.237800210714340210e-02,-3.945179283618927002e-02,6.103867888450622559e-01,2.594355344772338867e-01,1.404204592108726501e-02,9.769393131136894226e-03,-8.382780104875564575e-02,-1.707062870264053345e-01,1.475726515054702759e-01,1.583741605281829834e-01,-1.107374653220176697e-01,-1.663463562726974487e-01,6.516204029321670532e-02,8.823441714048385620e-02,3.900122940540313721e-01,4.085031151771545410e-01,1.463527232408523560e-01,5.744568258523941040e-02,-1.764824390411376953e-01,-1.979559361934661865e-01,2.800843119621276855e-02,-1.735491603612899780e-01,-6.420943886041641235e-02,-8.621149510145187378e-02,-7.462967932224273682e-02,7.731875032186508179e-02,1.694995760917663574e-01,6.873276084661483765e-02,-6.242789700627326965e-02,7.694663852453231812e-02,-2.817057073116302490e-02,2.021427080035209656e-02,1.054818630218505859e-01,8.597851544618606567e-02,-3.256788849830627441e-02,7.441040594130754471e-03,1.277391612529754639e-01,1.124595999717712402e-01,1.415584683418273926e-01,8.313220739364624023e-02,6.871923059225082397e-02,-9.540813975036144257e-03,-4.206851497292518616e-02,1.602730304002761841e-01,-3.540035337209701538e-02,-9.566032886505126953e-02,5.273243412375450134e-02,-6.910193711519241333e-03,1.361964195966720581e-01,-1.016849502921104431e-01,7.890667766332626343e-02,-1.761382520198822021e-01,1.295114010572433472e-01,-2.118255794048309326e-01,1.308008283376693726e-02,-1.288370881229639053e-02,-6.803659349679946899e-02,-7.570531219244003296e-02,-1.613030135631561279e-01,-1.894422918558120728e-01,-1.073072254657745361e-01,-1.247925832867622375e-01,-8.205087482929229736e-02,-1.024438142776489258e-01,-5.294431000947952271e-02,-8.527718484401702881e-02,7.071433123201131821e-03,1.890536211431026459e-02,1.914530694484710693e-01,-8.123119920492172241e-02,1.865401417016983032e-01,-7.245730608701705933e-02,1.917777210474014282e-01,-2.334572374820709229e-02,1.056462228298187256e-01,-1.116511528380215168e-03,2.310450673103332520e-01,4.323593154549598694e-02,-1.251371949911117554e-01,-1.522574853152036667e-02,-7.888329029083251953e-02,-1.435149908065795898e-01,5.856544524431228638e-02,1.442961841821670532e-01,7.640267908573150635e-02,-5.043858662247657776e-03,-5.475889146327972412e-02,3.975516930222511292e-02,-1.328499466180801392e-01,-1.716498434543609619e-01,-1.037019267678260803e-01,-1.916997134685516357e-01,1.652566343545913696e-02,-6.180590391159057617e-02,-5.353744700551033020e-02,-1.263072490692138672e-01,2.636250294744968414e-02,1.406543105840682983e-01,9.903092682361602783e-02,-1.425288319587707520e-01,-1.683200709521770477e-02,-1.584991067647933960e-01,-3.288717940449714661e-02,-2.717208676040172577e-02
-1.260731965303421021e-01,-1.260972023010253906e-02,-2.600944042205810547e-01,1.552459299564361572e-01,3.595673441886901855e-01,7.125670313835144043e-01,-2.234142422676086426e-01,2.488256543874740601e-01,5.273780226707458496e-01,1.000000000000000000e+00,-1.890459805727005005e-01,1.153605431318283081e-01,-8.465056866407394409e-02,1.798875182867050171e-01,4.040725231170654297e-01,6.364833116531372070e-01,-1.248929128050804138e-01,2.350985258817672729e-02,-2.284305393695831299e-01,-2.092488855123519897e-01,1.476025879383087158e-01,1.670797914266586304e-01,-8.641292154788970947e-02,9.676750004291534424e-02,2.009797096252441406e-02,1.237543746829032898e-01,3.424901366233825684e-01,5.293803215026855469e-01,7.031483948230743408e-02,8.236858993768692017e-02,-2.341783195734024048e-01,-3.947079181671142578e-02,-1.766938865184783936e-01,-7.311405986547470093e-02,-1.184156611561775208e-01,-6.500378251075744629e-02,-8.926377445459365845e-02,-5.385455489158630371e-02,1.206553056836128235e-01,-4.453272093087434769e-03,-1.046083495020866394e-01,-1.966367289423942566e-02,-1.101291775703430176e-01,-7.599986344575881958e-02,3.431620076298713684e-02,3.946043178439140320e-02,-9.003210067749023438e-02,-7.377971708774566650e-02,6.280702352523803711e-02,1.202210634946823120e-01,6.395457684993743896e-02,1.549805998802185059e-01,8.226380497217178345e-02,1.921009570360183716e-01,-7.161170989274978638e-02,1.338807195425033569e-01,-9.404943138360977173e-02,-1.248552836477756500e-02,-5.205498263239860535e-02,5.914517864584922791e-02,1.176861487329006195e-02,1.669724732637405396e-01,-1.917686164379119873e-01,-1.212945580482482910e-02,3.653218224644660950e-02,1.112629473209381104e-01,-9.888128936290740967e-02,-9.014324098825454712e-02,-2.429734617471694946e-01,-5.767070129513740540e-02,-2.282095998525619507e-01,-1.692036986351013184e-01,-1.689481437206268311e-01,-1.776725798845291138e-01,-7.026484608650207520e-02,-1.386796832084655762e-01,-1.364587694406509399e-01,-1.507735252380371094e-01,3.540015593171119690e-02,4.239472001791000366e-02,-4.031946510076522827e-02,2.975471690297126770e-02,3.731730207800865173e-02,-9.671781957149505615e-02,9.106995165348052979e-02,1.732886135578155518e-01,1.718058288097381592e-01,3.805718198418617249e-02,1.653079837560653687e-01,2.988763749599456787e-01,1.919451542198657990e-02,-6.344132125377655029e-02,-9.882764518260955811e-02,-1.302516311407089233e-01,1.743543520569801331e-02,5.658619105815887451e-02,-6.509973108768463135e-02,-1.005199998617172241e-01,-4.447402060031890869e-02,9.188478812575340271e-03,-1.488403826951980591e-01,-8.199306577444076538e-02,-9.827212989330291748e-02,-1.977698653936386108e-01,7.329270243644714355e-03,-9.354265779256820679e-02,-1.037275604903697968e-02,-1.713425964117050171e-01,2.187451161444187164e-02,1.394813060760498047e-01,6.067264825105667114e-02,-2.649868726730346680e-01,-7.351221889257431030e-02,-1.654862016439437866e-01,-1.132423337548971176e-02,-3.211827948689460754e-02
4.136716425418853760e-01,1.123832315206527710e-01,2.544469535350799561e-01,7.287331670522689819e-02,7.439628243446350098e-02,-2.744474411010742188e-01,4.158777296543121338e-01,-9.306812658905982971e-03,-6.422274746000766754e-03,-1.890459805727005005e-01,1.000000000000000000e+00,3.623118698596954346e-01,5.129913687705993652e-01,2.023759782314300537e-01,1.023870632052421570e-01,-1.430558562278747559e-01,4.302747845649719238e-01,2.557700574398040771e-01,4.368193447589874268e-01,3.224695026874542236e-01,-1.103291586041450500e-01,-1.127433255314826965e-01,-5.348597094416618347e-02,-9.751282632350921631e-02,-2.226858735084533691e-01,-2.043514251708984375e-01,-1.774708777666091919e-01,-3.370382785797119141e-01,3.760707378387451172e-01,4.229206740856170654e-01,1.789173185825347900e-01,1.168085187673568726e-01,4.073293805122375488e-01,3.068423271179199219e-01,-8.454266935586929321e-02,-1.419892609119415283e-01,-1.981749199330806732e-02,1.372463703155517578e-01,-6.711933016777038574e-02,-5.784711614251136780e-02,-4.867158830165863037e-02,7.803064584732055664e-02,-1.336241960525512695e-01,2.135740034282207489e-02,-2.688978426158428192e-02,3.499986976385116577e-02,-1.264611184597015381e-01,-9.270863234996795654e-02,-6.383107602596282959e-02,-7.744049280881881714e-02,-1.001779437065124512e-01,5.987776909023523331e-03,-1.933445632457733154e-01,-1.119843348860740662e-01,4.598385468125343323e-02,-1.808380335569381714e-02,1.733228415250778198e-01,1.477999985218048096e-01,7.583119720220565796e-02,1.314952224493026733e-01,2.303768545389175415e-01,2.283607572317123413e-01,3.123828470706939697e-01,2.722219824790954590e-01,-9.693893045186996460e-02,-1.852632015943527222e-01,3.202360495924949646e-02,-6.374201271682977676e-03,1.269353479146957397e-01,7.183109223842620850e-02,1.996582150459289551e-01,1.344012916088104248e-01,3.191047608852386475e-01,4.801142811775207520e-01,2.870414257049560547e-01,3.497274219989776611e-01,2.196916639804840088e-01,2.971133291721343994e-01,2.151647061109542847e-01,1.168746799230575562e-01,1.881298720836639404e-01,2.624818086624145508e-01,-4.302475973963737488e-02,6.309834122657775879e-02,6.143792718648910522e-02,-5.151283740997314453e-02,-1.130372285842895508e-01,-1.105826273560523987e-01,-3.892192617058753967e-02,-2.001754194498062134e-01,-3.319635093212127686e-01,-1.154100000858306885e-01,-1.348563879728317261e-01,-7.932816445827484131e-02,-3.382645919919013977e-02,-5.628429353237152100e-02,-7.311198860406875610e-02,-2.976666018366813660e-02,8.641857653856277466e-02,-6.797061115503311157e-02,3.126643225550651550e-02,-5.050105974078178406e-03,4.802656173706054688e-02,1.474166661500930786e-01,-2.057439414784312248e-04,8.937897533178329468e-02,-1.088796630501747131e-01,7.538063824176788330e-02,-5.034703016281127930e-02,1.172074750065803528e-01,2.169535495340824127e-02,-2.199186943471431732e-02,1.416860669851303101e-01,9.034722298383712769e-02,-3.924373537302017212e-02,-1.654145121574401855e-02
4.761978685855865479e-01,3.280626833438873291e-01,-3.084870427846908569e-02,3.491910696029663086e-01,5.115611106157302856e-02,1.272474825382232666e-01,2.357098460197448730e-01,4.543424844741821289e-01,5.068770423531532288e-02,1.153605431318283081e-01,3.623118698596954346e-01,1.000000000000000000e+00,4.081808328628540039e-01,6.460581421852111816e-01,1.213667392730712891e-01,2.138192802667617798e-01,3.040490150451660156e-01,4.170943200588226318e-01,3.685351908206939697e-01,5.565088391304016113e-01,-6.990633904933929443e-02,-5.073438584804534912e-02,-3.569588661193847656e-01,-2.009369060397148132e-02,-4.098285138607025146e-01,-2.132697999477386475e-01,-2.321869879961013794e-01,-1.459542661905288696e-01,3.955311477184295654e-01,4.907564818859100342e-01,-9.189210832118988037e-02,-2.209272468462586403e-03,3.734091520309448242e-01,3.946746289730072021e-01,-2.732187807559967041e-01,-1.900740861892700195e-01,-1.994971334934234619e-01,4.238469898700714111e-02,-3.911944106221199036e-02,6.504944059997797012e-03,-9.770472347736358643e-02,1.130202561616897583e-01,-2.273642718791961670e-01,-4.692319780588150024e-02,3.989193961024284363e-02,1.386698186397552490e-01,-7.976415753364562988e-02,-7.520079612731933594e-02,1.018174961209297180e-01,6.890823692083358765e-02,8.584342151880264282e-02,1.967768818140029907e-01,-5.958576872944831848e-02,5.843978375196456909e-02,8.538210391998291016e-02,1.496593058109283447e-01,1.311432421207427979e-01,1.815127730369567871e-01,2.516270577907562256e-01,4.268095195293426514e-01,4.643738269805908203e-01,5.314247608184814453e-01,3.782038986682891846e-01,5.294996500015258789e-01,-2.163860648870468140e-01,-2.497862279415130615e-02,1.713175028562545776e-01,1.932971775531768799e-01,1.236393004655838013e-01,2.015542685985565186e-01,-4.377884417772293091e-02,-2.283758670091629028e-02,1.872374415397644043e-01,3.675180971622467041e-01,2.057737857103347778e-01,3.010280728340148926e-01,2.632380723953247070e-01,3.135535120964050293e-01,1.965983211994171143e-01,2.202437967061996460e-01,5.389865860342979431e-02,2.398749440908432007e-01,-1.939251233125105500e-04,1.193036325275897980e-02,-6.640386581420898438e-02,1.397579610347747803e-01,-1.659076511859893799e-01,-1.874110288918018341e-02,-9.404653683304786682e-03,1.028877943754196167e-01,-2.404060065746307373e-01,-1.312297284603118896e-01,-1.634966433048248291e-01,-2.555703222751617432e-01,-5.763217434287071228e-02,-7.446534931659698486e-02,-1.734941899776458740e-01,-2.898360544349998236e-04,1.675841510295867920e-01,4.088936373591423035e-03,1.353581547737121582e-01,3.958247229456901550e-02,7.215967774391174316e-02,3.654077649116516113e-02,-9.636741131544113159e-02,-5.050660297274589539e-02,-7.734998315572738647e-02,-1.083984598517417908e-02,-4.679347574710845947e-02,5.208019167184829712e-02,2.184319542720913887e-03,-1.076488196849822998e-01,-1.910176500678062439e-02,1.666031479835510254e-01,5.285273119807243347e-02,8.848528563976287842e-02
5.028417110443115234e-01,1.262029707431793213e-01,2.856712937355041504e-01,1.085001081228256226e-01,3.520309552550315857e-02,-1.828346401453018188e-01,5.873335003852844238e-01,2.042669057846069336e-01,7.237800210714340210e-02,-8.465056866407394409e-02,5.129913687705993652e-01,4.081808328628540039e-01,1.000000000000000000e+00,3.078086376190185547e-01,2.213709056377410889e-01,-2.130904700607061386e-03,1.928297579288482666e-01,1.762258112430572510e-01,3.207177817821502686e-01,2.570763230323791504e-01,-1.637077927589416504e-01,-2.503537237644195557e-01,-6.611835211515426636e-02,-1.196847259998321533e-01,-2.192355692386627197e-01,-1.674515902996063232e-01,-1.648114770650863647e-01,-2.535074353218078613e-01,1.497105062007904053e-01,2.833245098590850830e-01,-2.760003320872783661e-02,4.271228983998298645e-02,1.949338912963867188e-01,2.097364962100982666e-01,-2.972396463155746460e-02,-1.634017825126647949e-01,-2.536476776003837585e-02,1.421040017157793045e-02,-1.170974373817443848e-01,-1.253205090761184692e-01,-8.259809762239456177e-02,1.669265329837799072e-02,-2.756143212318420410e-01,-7.677456736564636230e-02,-1.094460561871528625e-01,-5.152774974703788757e-02,-2.672378122806549072e-01,-2.588059902191162109e-01,-3.710421919822692871e-02,-1.530404537916183472e-01,-7.779412716627120972e-02,-4.230707138776779175e-02,-2.859176099300384521e-01,-2.038819044828414917e-01,-5.014552175998687744e-02,-3.555728122591972351e-02,1.337002962827682495e-01,2.220678478479385376e-01,1.443090140819549561e-01,1.937164366245269775e-01,3.894953429698944092e-01,3.660668134689331055e-01,1.202111616730690002e-01,3.159615397453308105e-01,4.702091217041015625e-02,5.654213204979896545e-02,7.321356236934661865e-02,-4.077419266104698181e-02,2.317907987162470818e-03,1.161351054906845093e-01,2.620645426213741302e-02,2.050158753991127014e-02,2.051951885223388672e-01,3.783178031444549561e-01,2.771398723125457764e-01,3.148720562458038330e-01,1.244364306330680847e-01,2.241810709238052368e-01,4.957726690918207169e-03,3.436063230037689209e-02,-1.237632408738136292e-01,1.547960788011550903e-01,-1.808859556913375854e-01,-9.935384243726730347e-02,1.367061585187911987e-01,-2.061806060373783112e-02,-1.485450267791748047e-01,-1.599284559488296509e-01,-1.103965844959020615e-02,-1.646039038896560669e-01,-4.317641556262969971e-01,-8.000022172927856445e-02,-2.671726346015930176e-01,-2.266165465116500854e-01,-5.969615653157234192e-02,-6.757738441228866577e-02,-2.566495537757873535e-01,-9.294695407152175903e-02,1.245164964348077774e-02,-1.538052260875701904e-01,5.741760134696960449e-03,-9.516067802906036377e-02,-5.478416383266448975e-02,3.921360149979591370e-02,-1.190650835633277893e-01,5.871017649769783020e-02,-1.687387973070144653e-01,-2.272140979766845703e-02,-1.168114468455314636e-01,1.770702935755252838e-02,-8.369734138250350952e-02,-2.612768858671188354e-02,2.926402539014816284e-02,5.391016229987144470e-02,-1.150072272866964340e-02,1.088808104395866394e-01
