1.000000000000000000e+00,4.085923135280609131e-01,2.352819442749023438e-01,4.795954227447509766e-01,1.058477256447076797e-02,2.273675799369812012e-02,2.276726663112640381e-01,3.556646108627319336e-01,5.493714287877082825e-02,9.380655735731124878e-02,5.572456121444702148e-01,4.430779814720153809e-01,3.880095481872558594e-01,3.091032207012176514e-01,5.922451615333557129e-02,1.067319065332412720e-01,3.826559707522392273e-02,-3.172402083873748779e-02,-1.383081674575805664e-01,1.609777361154556274e-01,-1.389691978693008423e-02,-1.212712377309799194e-01,-3.042686283588409424e-01,-6.723403185606002808e-02,-4.512725397944450378e-02,-6.322383135557174683e-02,3.676392138004302979e-02,-4.405462741851806641e-02,4.440850615501403809e-01,2.547574043273925781e-01,-9.147682040929794312e-02,-1.506899595260620117e-01,9.962271153926849365e-02,-7.962524890899658203e-02,-2.274094820022583008e-01,-2.086936682462692261e-01,8.214383572340011597e-02,-4.260752350091934204e-02,7.607735693454742432e-02,-8.357934653759002686e-03,1.662945598363876343e-01,1.407749354839324951e-01,-1.495563387870788574e-01,-1.991962082684040070e-02,-1.060833781957626343e-02,-3.893060609698295593e-02,-1.260096579790115356e-01,-1.870249956846237183e-01,2.380299568176269531e-01,1.407828330993652344e-01,1.587451100349426270e-01,7.615474611520767212e-02,8.323697000741958618e-02,-5.998457968235015869e-02,-2.032319642603397369e-02,-1.359660923480987549e-01,5.078471899032592773e-01,2.305799871683120728e-01,2.412308901548385620e-01,1.846538782119750977e-01,2.703858315944671631e-01,1.753119230270385742e-01,2.202242463827133179e-01,1.139577105641365051e-01,2.879733443260192871e-01,1.313311308622360229e-01,2.352487593889236450e-01,1.492734402418136597e-01,6.977794766426086426e-01,5.892348885536193848e-01,7.392457872629165649e-02,-4.640943929553031921e-02,3.553697466850280762e-01,2.637476623058319092e-01,2.301069647073745728e-01,1.727418601512908936e-01,-1.457029208540916443e-02,-4.895841330289840698e-02,8.340926468372344971e-02,4.260485619306564331e-02,5.556958913803100586e-02,-8.023526519536972046e-02,1.869345754384994507e-01,-1.534163951873779297e-01,1.339820623397827148e-01,7.979676127433776855e-03,1.999804228544235229e-01,-5.759120732545852661e-02,-9.534057229757308960e-03,-1.165155917406082153e-01,-6.935647875070571899e-02,-9.008243680000305176e-02,-1.709078252315521240e-01,-1.171529516577720642e-01,-3.235064819455146790e-02,-9.171137958765029907e-02,-1.301426142454147339e-01,-1.880384981632232666e-01,-5.472628399729728699e-02,-5.628041177988052368e-02,-7.295758277177810669e-02,-1.449363231658935547e-01,-1.239916384220123291e-01,-2.104227691888809204e-01,-4.131770879030227661e-02,-1.142567247152328491e-01,-4.684690386056900024e-02,-7.966819405555725098e-02,-1.114267706871032715e-01,-6.373719871044158936e-02,-2.097840607166290283e-01,-1.029423922300338745e-01,-1.547277718782424927e-01,-1.237040385603904724e-01,-1.355885267257690430e-01,-1.111035887151956558e-02
4.085923135280609131e-01,1.000000000000000000e+00,1.451137512922286987e-01,2.838333249092102051e-01,-2.086193487048149109e-02,-6.263801828026771545e-03,1.874525845050811768e-01,2.340963780879974365e-01,2.582411468029022217e-01,6.194606423377990723e-02,2.465187460184097290e-01,4.058996737003326416e-01,1.296093463897705078e-01,1.477803736925125122e-01,1.509805470705032349e-01,5.138462036848068237e-02,2.044796496629714966e-01,3.545268774032592773e-01,-1.039704382419586182e-01,2.171264439821243286e-01,-7.032840698957443237e-02,-1.289803534746170044e-01,-6.378380954265594482e-02,1.084233727306127548e-02,1.584770679473876953e-01,4.288351908326148987e-02,6.887646019458770752e-02,-9.478160063736140728e-04,2.200975865125656128e-01,1.995358914136886597e-01,-5.833289027214050293e-02,-1.164512410759925842e-01,2.242364883422851562e-01,2.676142156124114990e-01,-1.250582188367843628e-01,-7.420370727777481079e-02,5.179329961538314819e-02,5.245704203844070435e-03,4.894400015473365784e-02,5.733395740389823914e-02,5.905483290553092957e-02,7.454434037208557129e-02,5.339524894952774048e-02,1.971293538808822632e-01,-6.044267490506172180e-02,2.025508582592010498e-01,-3.425735514611005783e-03,1.262084394693374634e-01,1.967864781618118286e-01,4.736189842224121094e-01,2.635906636714935303e-01,4.763582050800323486e-01,1.962037235498428345e-01,1.202488616108894348e-01,-1.021295860409736633e-01,3.157366439700126648e-02,5.722437500953674316e-01,6.274920105934143066e-01,1.579331159591674805e-01,2.297460883855819702e-01,1.877074539661407471e-01,3.487926125526428223e-01,1.502712536603212357e-02,1.563071906566619873e-01,1.187265440821647644e-01,9.594044089317321777e-02,1.706861257553100586e-01,2.069384157657623291e-01,4.102869033813476562e-01,4.110797941684722900e-01,-6.580454856157302856e-02,-8.557946979999542236e-02,1.638079881668090820e-01,2.164309024810791016e-01,1.980812251567840576e-01,1.931227147579193115e-01,2.940292283892631531e-02,8.207203447818756104e-02,9.619361162185668945e-02,1.466940939426422119e-01,8.608241379261016846e-02,1.822503358125686646e-01,2.267262339591979980e-01,1.610578000545501709e-01,2.151523232460021973e-01,3.291988074779510498e-01,2.504898607730865479e-01,1.200101822614669800e-01,-2.455612085759639740e-02,1.678270101547241211e-01,-8.035739511251449585e-02,6.988808512687683105e-02,4.610054567456245422e-02,3.988434374332427979e-01,-7.428288459777832031e-02,5.611577536910772324e-03,-1.022190973162651062e-01,-4.935123398900032043e-02,-1.074201092123985291e-01,9.332685172557830811e-02,3.564112260937690735e-02,3.637997806072235107e-01,-9.956577420234680176e-02,2.849856913089752197e-01,-1.292849425226449966e-02,1.678747832775115967e-01,-1.840189397335052490e-01,3.785739839076995850e-02,7.014271104708313942e-04,3.094208077527582645e-04,-1.306918710470199585e-01,-3.299025446176528931e-02,1.897656619548797607e-01,4.865530133247375488e-02,-1.884579472243785858e-02,7.572298496961593628e-02
2.352819442749023438e-01,1.451137512922286987e-01,1.000000000000000000e+00,5.560904145240783691e-01,-4.472379758954048157e-02,-4.087603092193603516e-02,4.859381020069122314e-01,4.362628757953643799e-01,1.113018542528152466e-01,5.234120413661003113e-02,-9.249114990234375000e-02,2.895729802548885345e-02,8.161483705043792725e-02,2.606257200241088867e-01,-7.254070788621902466e-02,-3.207893297076225281e-02,5.479313805699348450e-02,1.155557110905647278e-01,1.637884043157100677e-02,1.518966257572174072e-01,1.146559044718742371e-02,-1.014664210379123688e-02,5.471291020512580872e-02,1.988843232393264771e-01,1.289633512496948242e-01,5.109440907835960388e-02,-9.278348833322525024e-02,-3.652011230587959290e-02,1.793087124824523926e-01,1.531980186700820923e-01,1.882609128952026367e-01,9.494756907224655151e-02,1.357730180025100708e-01,2.191211283206939697e-01,-1.243581175804138184e-01,-1.664069294929504395e-02,8.368419855833053589e-02,7.234497927129268646e-03,-5.171700846403837204e-03,-3.265063092112541199e-02,9.693533927202224731e-02,1.543130725622177124e-01,-1.350079625844955444e-01,-4.173993319272994995e-02,-7.262615114450454712e-02,4.616442322731018066e-02,-1.013126373291015625e-01,1.738515309989452362e-02,-7.307096570730209351e-02,9.734508395195007324e-02,-7.465732842683792114e-02,5.680297687649726868e-02,-1.163674890995025635e-01,-6.523005664348602295e-02,-2.972296252846717834e-02,-5.495171993970870972e-02,1.159338727593421936e-01,1.179712563753128052e-01,2.768838033080101013e-02,8.517231047153472900e-02,-1.571805179119110107e-01,-3.357898071408271790e-02,-1.068695113062858582e-01,-1.374115198850631714e-01,7.026038318872451782e-02,4.606695845723152161e-02,7.806661725044250488e-02,6.738632172346115112e-02,1.223567407578229904e-02,9.423597902059555054e-02,1.384632587432861328e-01,1.197125539183616638e-01,1.768795400857925415e-01,1.518025845289230347e-01,1.428824216127395630e-01,1.487221419811248779e-01,-1.918691396713256836e-02,6.132883951067924500e-02,9.085667878389358521e-02,7.582940161228179932e-03,6.241344381123781204e-03,-8.502832800149917603e-02,4.536961391568183899e-02,-3.339601680636405945e-02,-4.010316357016563416e-02,3.682318492792546749e-04,1.792358048260211945e-02,-8.415061235427856445e-02,-1.110899597406387329e-01,1.800407469272613525e-02,-1.625306606292724609e-01,-4.676595330238342285e-02,-8.159697055816650391e-02,1.384828239679336548e-01,4.213323071599006653e-02,3.177117556333541870e-02,2.323495410382747650e-02,7.437725365161895752e-02,-5.721841752529144287e-02,2.883893065154552460e-02,-1.706885732710361481e-02,1.244861185550689697e-01,-2.252992056310176849e-02,7.819845527410507202e-02,5.976501107215881348e-02,1.510387957096099854e-01,4.338482394814491272e-02,6.202823948115110397e-03,7.316834479570388794e-02,6.684106588363647461e-02,-4.437301307916641235e-02,-7.172147929668426514e-02,4.552799090743064880e-02,3.285250440239906311e-02,5.463705211877822876e-02,4.089170321822166443e-02
4.795954227447509766e-01,2.838333249092102051e-01,5.560904145240783691e-01,1.000000000000000000e+00,2.100495621562004089e-02,5.267100408673286438e-02,4.197702109813690186e-01,7.167744040489196777e-01,2.316250950098037720e-01,1.973278969526290894e-01,2.163918614387512207e-01,2.849075198173522949e-01,2.358354628086090088e-01,5.469414591789245605e-01,9.972649067640304565e-02,1.294976770877838135e-01,1.739833056926727295e-01,1.847545653581619263e-01,-5.288763344287872314e-02,1.536289453506469727e-01,-8.054593950510025024e-02,-1.568845510482788086e-01,-9.157995134592056274e-02,3.401746749877929688e-01,8.984608203172683716e-02,5.868643522262573242e-03,-3.632313758134841919e-02,-9.658765047788619995e-02,4.017499983310699463e-01,3.155965209007263184e-01,5.456829071044921875e-02,2.254447154700756073e-02,1.956301778554916382e-01,1.432236135005950928e-01,-2.067599892616271973e-01,-1.738317608833312988e-01,1.215066313743591309e-01,2.527485834434628487e-03,1.307822670787572861e-02,-4.706675559282302856e-02,8.846230059862136841e-02,3.781209513545036316e-02,-1.223862916231155396e-02,-1.398667320609092712e-02,9.378217905759811401e-02,1.258674561977386475e-01,-6.855389475822448730e-02,-3.620432689785957336e-02,2.174225896596908569e-01,1.831417083740234375e-01,1.460502594709396362e-01,1.124740689992904663e-01,-2.922746725380420685e-02,-1.145533099770545959e-02,-4.986592754721641541e-02,-3.862939402461051941e-02,3.595518767833709717e-01,2.914413511753082275e-01,2.740997374057769775e-01,3.098937273025512695e-01,1.117713972926139832e-01,1.362022310495376587e-01,7.354883104562759399e-02,4.231787752360105515e-03,3.463236391544342041e-01,2.772352397441864014e-01,2.042195498943328857e-01,1.806121170520782471e-01,3.288811743259429932e-01,3.241247236728668213e-01,7.969649136066436768e-02,-1.526515465229749680e-02,3.705746531486511230e-01,2.865610420703887939e-01,2.642461955547332764e-01,1.519424766302108765e-01,3.286376222968101501e-02,3.724581375718116760e-02,1.787796765565872192e-01,1.062214821577072144e-01,1.961486786603927612e-01,1.025200486183166504e-01,1.821765005588531494e-01,2.987141534686088562e-02,2.325675189495086670e-01,1.859287917613983154e-01,6.381834298372268677e-02,-6.705479323863983154e-02,-2.924143336713314056e-02,8.727449178695678711e-02,-7.279580086469650269e-02,2.214720472693443298e-02,2.726203529164195061e-03,1.597560048103332520e-01,8.009147644042968750e-02,1.427580136805772781e-02,-4.977349564433097839e-02,-7.402918487787246704e-02,-4.106247052550315857e-02,4.228669404983520508e-02,-3.845172002911567688e-02,6.015257164835929871e-02,-9.849905222654342651e-02,4.440933465957641602e-02,-3.632646752521395683e-03,7.359158247709274292e-02,-4.498334601521492004e-02,2.546207979321479797e-02,-3.822079300880432129e-02,1.433817856013774872e-02,-2.319898754358291626e-01,-1.316606253385543823e-02,9.859446436166763306e-02,8.107736706733703613e-03,-9.754334390163421631e-02,-1.511513371951878071e-03
1.058477256447076797e-02,-2.086193487048149109e-02,-4.472379758954048157e-02,2.100495621562004089e-02,1.000000000000000000e+00,5.913085341453552246e-01,-2.093013375997543335e-02,3.291954845190048218e-02,1.640753895044326782e-01,1.938435435295104980e-01,8.512299507856369019e-02,4.261382296681404114e-02,-3.892871737480163574e-02,-1.514772046357393265e-02,1.132166832685470581e-01,2.442090660333633423e-01,-7.243842817842960358e-03,-6.628827005624771118e-02,-8.207368850708007812e-02,-3.142800927162170410e-02,-9.232093393802642822e-02,7.424805313348770142e-02,7.479985803365707397e-02,5.697691068053245544e-02,2.586442232131958008e-01,4.068807363510131836e-01,4.036459922790527344e-01,3.891644775867462158e-01,-2.996806800365447998e-02,-3.035753779113292694e-02,-7.879685610532760620e-02,2.649487555027008057e-02,-7.795592397451400757e-02,-6.876322627067565918e-02,-3.906251862645149231e-02,-7.863362878561019897e-02,3.955029323697090149e-02,-3.972813114523887634e-02,-1.127051487565040588e-01,-1.755042076110839844e-01,2.496016968507319689e-04,-8.198268711566925049e-02,1.276544481515884399e-01,1.952663809061050415e-02,1.400174200534820557e-01,1.022908017039299011e-01,6.677554920315742493e-04,-8.043409883975982666e-02,7.433425635099411011e-02,7.610941678285598755e-02,1.443375051021575928e-01,1.464381814002990723e-02,1.261770427227020264e-01,2.516441605985164642e-02,-1.404563337564468384e-02,-7.322584837675094604e-02,2.972023189067840576e-02,2.442132495343685150e-02,1.161560267210006714e-01,1.728391498327255249e-01,7.531602680683135986e-02,9.844548255205154419e-02,4.514816030859947205e-02,1.009831652045249939e-01,4.347932338714599609e-02,4.541588574647903442e-02,1.224798038601875305e-01,7.675343751907348633e-02,-1.712237671017646790e-02,-6.844391673803329468e-02,-1.186917349696159363e-01,-2.480256259441375732e-01,3.791571035981178284e-02,-2.965907379984855652e-02,-1.967153847217559814e-01,-1.834281980991363525e-01,-1.406041085720062256e-01,-1.332510262727737427e-01,-3.098570741713047028e-02,2.318671345710754395e-02,5.805438384413719177e-03,-1.926358044147491455e-02,-2.858876809477806091e-02,6.698185950517654419e-02,2.483227476477622986e-02,2.065276727080345154e-02,7.030260749161243439e-04,-3.188250958919525146e-02,1.882391283288598061e-03,-1.865981146693229675e-02,8.453026413917541504e-02,-7.939936593174934387e-03,7.293747365474700928e-02,-4.161262139678001404e-02,-5.899402871727943420e-02,3.495017066597938538e-02,-8.348261006176471710e-03,-5.164099484682083130e-02,9.902657568454742432e-02,3.865826874971389771e-02,7.017491757869720459e-02,-3.472335636615753174e-02,9.906178712844848633e-02,1.125412434339523315e-02,8.436153084039688110e-02,4.710174351930618286e-02,1.941356435418128967e-02,2.108889259397983551e-02,-7.032265514135360718e-02,-2.580985985696315765e-02,1.360875554382801056e-02,6.553108245134353638e-02,3.425281494855880737e-02,6.074352189898490906e-03,-1.023415289819240570e-02,-1.581991277635097504e-02
2.273675799369812012e-02,-6.263801828026771545e-03,-4.087603092193603516e-02,5.267100408673286438e-02,5.913085341453552246e-01,1.000000000000000000e+00,-1.660036854445934296e-02,9.408894181251525879e-02,1.648055166006088257e-01,4.250628054141998291e-01,9.589602798223495483e-02,1.460052728652954102e-01,2.327535999938845634e-03,4.379901289939880371e-02,9.557349234819412231e-02,2.635867297649383545e-01,-3.303305059671401978e-02,-3.801349923014640808e-02,-2.290394343435764313e-02,2.278549224138259888e-02,-2.278615385293960571e-01,-3.762580826878547668e-02,1.489465981721878052e-01,1.462666988372802734e-01,3.413894474506378174e-01,4.891613125801086426e-01,2.183106988668441772e-01,3.203218877315521240e-01,-5.880893766880035400e-02,4.981663078069686890e-02,-8.749614655971527100e-02,1.228756830096244812e-02,4.253695532679557800e-02,-2.303520031273365021e-02,-4.759135190397500992e-03,-3.142398968338966370e-02,2.236731536686420441e-02,3.602987527847290039e-02,-7.159465551376342773e-02,-8.806276321411132812e-02,-3.377510979771614075e-02,-9.589650481939315796e-02,8.862719684839248657e-02,5.815290659666061401e-02,2.250466346740722656e-01,1.599112749099731445e-01,-4.239337146282196045e-02,-4.891736060380935669e-02,1.494217962026596069e-01,9.905777871608734131e-02,1.184780746698379517e-01,6.690151989459991455e-02,1.042643487453460693e-01,9.149608761072158813e-02,6.507068127393722534e-02,-1.882288418710231781e-02,1.640064641833305359e-02,2.804991416633129120e-02,1.492821276187896729e-01,2.029377222061157227e-01,1.148094534873962402e-01,9.623818099498748779e-02,1.100503727793693542e-01,1.236534714698791504e-01,2.293523587286472321e-02,6.135928258299827576e-02,1.636153310537338257e-01,1.474574506282806396e-01,1.195730641484260559e-02,-2.225700952112674713e-02,-1.093100011348724365e-01,-2.235862612724304199e-01,-6.060205399990081787e-02,-6.731095165014266968e-02,-2.320681959390640259e-01,-2.122667431831359863e-01,-8.334624767303466797e-02,-3.394556418061256409e-02,-8.130638301372528076e-02,-8.609206415712833405e-03,2.095497772097587585e-02,4.214215278625488281e-02,1.212361454963684082e-01,1.671607643365859985e-01,3.515454707667231560e-03,8.579483628273010254e-02,8.624645322561264038e-02,1.405567228794097900e-01,9.502300620079040527e-02,7.398994266986846924e-02,7.500302046537399292e-02,3.685140609741210938e-02,1.621468365192413330e-02,-3.772777318954467773e-02,8.452124893665313721e-02,8.263197541236877441e-02,6.642214208841323853e-02,-1.754408515989780426e-02,5.992439016699790955e-02,5.538687482476234436e-02,8.992297574877738953e-03,-3.449373692274093628e-02,7.072376459836959839e-02,1.595411263406276703e-02,9.248486161231994629e-02,5.437821522355079651e-02,3.358193486928939819e-02,-3.512839088216423988e-03,1.157813519239425659e-02,8.961236476898193359e-02,3.196195513010025024e-02,3.597900271415710449e-02,-7.902043871581554413e-03,9.189660660922527313e-03,6.102511286735534668e-02,9.045509994029998779e-02
2.276726663112640381e-01,1.874525845050811768e-01,4.859381020069122314e-01,4.197702109813690186e-01,-2.093013375997543335e-02,-1.660036854445934296e-02,1.000000000000000000e+00,4.690991640090942383e-01,2.480489611625671387e-01,6.395313888788223267e-02,1.077852025628089905e-02,2.031627111136913300e-02,2.778657078742980957e-01,2.553584575653076172e-01,-1.700700260698795319e-02,-1.081938743591308594e-01,5.621192604303359985e-02,2.171354889869689941e-01,-2.813149094581604004e-01,-1.551802158355712891e-01,-4.206609353423118591e-02,-4.365256428718566895e-02,-2.548814117908477783e-01,-1.355845481157302856e-01,1.533210724592208862e-01,9.676892310380935669e-02,-6.225127354264259338e-02,-1.028551906347274780e-01,6.930290907621383667e-02,1.681105941534042358e-01,9.878945350646972656e-02,-2.948656491935253143e-02,-8.190297335386276245e-02,-1.554834470152854919e-02,-9.219475090503692627e-02,5.965255573391914368e-02,1.319901943206787109e-01,2.103686332702636719e-02,-7.385642081499099731e-02,1.758098229765892029e-02,2.371837198734283447e-01,1.895886361598968506e-01,8.482126891613006592e-02,1.705676466226577759e-01,-1.533815229777246714e-04,2.622563540935516357e-01,1.766457781195640564e-02,2.207031846046447754e-01,3.893851861357688904e-02,2.325059920549392700e-01,1.822528801858425140e-02,2.088339775800704956e-01,-1.640410721302032471e-01,-8.334761112928390503e-02,-5.680003762245178223e-02,-3.460038220509886742e-03,1.771333813667297363e-01,2.612174749374389648e-01,9.110245108604431152e-02,1.306246817111968994e-01,-1.310752779245376587e-01,-1.799358427524566650e-02,-1.355749815702438354e-01,-1.031066551804542542e-01,6.768637895584106445e-02,1.599217504262924194e-01,7.386305928230285645e-02,1.136923283338546753e-01,4.987210035324096680e-02,-7.894032448530197144e-02,9.686627425253391266e-03,4.389420896768569946e-02,1.164156422019004822e-01,2.537918388843536377e-01,1.241745874285697937e-01,1.702662110328674316e-01,-2.153864316642284393e-02,6.767010688781738281e-02,9.608110040426254272e-02,9.285046160221099854e-02,4.651157185435295105e-02,1.635584980249404907e-01,-2.396534383296966553e-02,-3.219104558229446411e-02,1.711915582418441772e-01,2.358427792787551880e-01,-3.078976273536682129e-02,-7.440194487571716309e-03,-2.066214941442012787e-02,1.906153857707977295e-01,-1.830896437168121338e-01,-9.115192294120788574e-02,-7.194456458091735840e-02,2.385759204626083374e-01,4.255785420536994934e-02,6.181708304211497307e-04,1.133586652576923370e-02,7.337485253810882568e-02,-8.497593551874160767e-02,-4.620138183236122131e-02,-1.811975496821105480e-03,2.655491530895233154e-01,-9.244702011346817017e-02,1.807363927364349365e-01,-4.096097499132156372e-02,1.532624214887619019e-01,-6.666518002748489380e-02,-1.465527564287185669e-01,2.336889132857322693e-02,1.267130821943283081e-01,-1.422436442226171494e-02,-1.084151118993759155e-01,1.025345325469970703e-01,1.295076757669448853e-01,3.334014117717742920e-02,-3.939061239361763000e-02
3.556646108627319336e-01,2.340963780879974365e-01,4.362628757953643799e-01,7.167744040489196777e-01,3.291954845190048218e-02,9.408894181251525879e-02,4.690991640090942383e-01,1.000000000000000000e+00,2.692517042160034180e-01,1.585211902856826782e-01,1.999007910490036011e-01,2.895190715789794922e-01,2.832162082195281982e-01,6.690447926521301270e-01,9.385928511619567871e-02,1.756323277950286865e-01,1.987501382827758789e-01,1.344701349735260010e-01,-6.341313570737838745e-02,1.423202008008956909e-01,-4.383334144949913025e-02,-1.174955591559410095e-01,-5.783353373408317566e-02,2.757053375244140625e-01,3.108350373804569244e-02,2.654927782714366913e-02,-1.634175889194011688e-02,-7.105058431625366211e-02,3.370926678180694580e-01,3.089220821857452393e-01,7.754857186228036880e-03,1.466907095164060593e-03,1.848406046628952026e-01,1.584105789661407471e-01,-1.133656725287437439e-01,-7.762576639652252197e-02,1.493340730667114258e-01,7.242889702320098877e-02,7.065614312887191772e-02,2.804971858859062195e-02,1.000152826309204102e-01,5.632041767239570618e-02,7.813675701618194580e-02,7.777517288923263550e-02,1.722962111234664917e-01,1.861412227153778076e-01,4.508207365870475769e-02,2.453499287366867065e-02,2.769704163074493408e-01,2.258536517620086670e-01,2.038732916116714478e-01,1.794209033250808716e-01,7.204466499388217926e-03,9.745408780872821808e-03,3.391401469707489014e-02,2.608290687203407288e-02,3.094098865985870361e-01,2.891917526721954346e-01,1.980905681848526001e-01,3.075452446937561035e-01,6.503142416477203369e-02,1.313192695379257202e-01,6.555484980344772339e-02,4.396094754338264465e-02,2.742793560028076172e-01,2.833591997623443604e-01,2.043670266866683960e-01,2.089306861162185669e-01,2.434015870094299316e-01,2.476479709148406982e-01,9.400416910648345947e-02,5.422409158200025558e-03,2.648236453533172607e-01,2.229191809892654419e-01,2.001034766435623169e-01,1.620371043682098389e-01,6.755919009447097778e-02,7.074420154094696045e-02,1.137396320700645447e-01,1.033641397953033447e-01,1.946045607328414917e-01,1.488627940416336060e-01,1.033826395869255066e-01,5.046273395419120789e-02,2.555075585842132568e-01,2.217621803283691406e-01,5.643884837627410889e-02,-8.419377729296684265e-03,4.368472471833229065e-02,1.015430167317390442e-01,-4.972985386848449707e-02,1.870698109269142151e-02,1.410096697509288788e-02,9.361349791288375854e-02,8.615121990442276001e-02,8.317417651414871216e-02,2.561489492654800415e-02,-3.191083297133445740e-02,-1.296553062275052071e-03,2.383029088377952576e-03,-1.823420263826847076e-02,7.271856814622879028e-02,-8.151131123304367065e-02,8.416602760553359985e-02,9.095012210309505463e-03,7.422069460153579712e-02,-5.681343027390539646e-04,-1.142867840826511383e-02,-6.518387794494628906e-02,5.396908894181251526e-02,-1.225227937102317810e-01,2.318245172500610352e-02,6.279604882001876831e-02,7.238633185625076294e-02,-7.586386054754257202e-04,3.146440163254737854e-02
5.493714287877082825e-02,2.582411468029022217e-01,1.113018542528152466e-01,2.316250950098037720e-01,1.640753895044326782e-01,1.648055166006088257e-01,2.480489611625671387e-01,2.692517042160034180e-01,1.000000000000000000e+00,3.284907341003417969e-01,1.346820145845413208e-01,1.686167418956756592e-01,2.499877661466598511e-01,2.472434788942337036e-01,5.220638513565063477e-01,2.869234383106231689e-01,2.968588173389434814e-01,2.374064475297927856e-01,-7.209278177469968796e-03,1.095023304224014282e-01,1.813742704689502716e-02,2.297064522281289101e-03,1.651785075664520264e-01,2.082046270370483398e-01,4.281488955020904541e-01,3.473139405250549316e-01,1.699843257665634155e-01,1.024657040834426880e-01,1.642192900180816650e-01,1.666060388088226318e-01,3.595209121704101562e-01,3.146822452545166016e-01,2.811781764030456543e-01,3.419776558876037598e-01,2.402409315109252930e-01,2.482340335845947266e-01,1.040736436843872070e-01,1.187910065054893494e-01,-6.549622397869825363e-03,1.086664125323295593e-01,9.889216721057891846e-02,-4.266020283102989197e-02,2.618782222270965576e-01,1.485043913125991821e-01,2.696814239025115967e-01,3.124083578586578369e-01,1.801860928535461426e-01,2.143794447183609009e-01,2.569641768932342529e-01,3.671738803386688232e-01,2.133208811283111572e-01,2.802822887897491455e-01,8.269808441400527954e-02,2.513856589794158936e-01,4.112369194626808167e-02,2.078457027673721313e-01,2.146430909633636475e-01,3.401374220848083496e-01,1.432901322841644287e-01,2.809269726276397705e-01,1.118954643607139587e-01,1.978658884763717651e-01,6.874141842126846313e-02,1.852630227804183960e-01,1.499809473752975464e-01,2.421580553054809570e-01,1.918137222528457642e-01,2.537951171398162842e-01,1.437511891126632690e-01,6.363155692815780640e-02,9.806349873542785645e-02,-7.934088818728923798e-03,4.651810601353645325e-02,1.833490133285522461e-01,1.849966496229171753e-01,2.122195363044738770e-01,2.275910377502441406e-01,2.278237789869308472e-01,1.741051375865936279e-01,1.673556715250015259e-01,2.605193257331848145e-01,2.896857559680938721e-01,4.048723727464675903e-02,2.068788558244705200e-01,2.426605820655822754e-01,2.891206145286560059e-01,4.338285699486732483e-02,5.871825292706489563e-02,-1.025439426302909851e-02,1.620196253061294556e-01,1.257137358188629150e-01,3.182268142700195312e-01,1.949388384819030762e-01,2.760320305824279785e-01,2.960222959518432617e-01,2.374241650104522705e-01,2.830937802791595459e-01,2.925496995449066162e-01,1.798931062221527100e-01,3.065626621246337891e-01,1.385317444801330566e-01,2.325806170701980591e-01,1.818304806947708130e-01,3.360650837421417236e-01,2.470398992300033569e-01,3.294671773910522461e-01,-5.708127841353416443e-02,2.155818790197372437e-02,1.660332530736923218e-01,2.666942477226257324e-01,1.216364577412605286e-01,2.340862452983856201e-01,3.253223001956939697e-01,2.607391476631164551e-01,9.588387608528137207e-02,8.061046153306961060e-02
9.380655735731124878e-02,6.194606423377990723e-02,5.234120413661003113e-02,1.973278969526290894e-01,1.938435435295104980e-01,4.250628054141998291e-01,6.395313888788223267e-02,1.585211902856826782e-01,3.284907341003417969e-01,1.000000000000000000e+00,1.875260323286056519e-01,3.051525056362152100e-01,3.104229867458343506e-01,2.600331306457519531e-01,3.448244333267211914e-01,4.523102045059204102e-01,1.266733556985855103e-01,1.228184252977371216e-01,1.275577247142791748e-01,1.281957775354385376e-01,-9.612964838743209839e-02,-1.186326146125793457e-01,2.462639510631561279e-01,3.113129436969757080e-01,2.361297011375427246e-01,2.907998859882354736e-01,1.382531076669692993e-01,1.178214028477668762e-01,1.112402379512786865e-01,3.455185890197753906e-01,1.761183738708496094e-01,3.199619054794311523e-01,2.395406812429428101e-01,1.466472744941711426e-01,2.180114686489105225e-01,9.184053540229797363e-02,2.241639941930770874e-01,2.701609730720520020e-01,1.591756194829940796e-01,1.853305250406265259e-01,7.220977544784545898e-02,4.866772517561912537e-02,1.748100370168685913e-01,9.469843655824661255e-02,3.968685269355773926e-01,2.184009104967117310e-01,1.154108941555023193e-01,2.268590778112411499e-02,2.847213447093963623e-01,1.745387911796569824e-01,1.638897061347961426e-01,1.171909123659133911e-01,2.032477706670761108e-01,2.996322810649871826e-01,2.833380103111267090e-01,3.132267892360687256e-01,6.279004365205764771e-02,2.040385268628597260e-02,2.597304880619049072e-01,2.957337796688079834e-01,3.520505130290985107e-01,2.329580932855606079e-01,3.191686272621154785e-01,3.516831099987030029e-01,1.710359901189804077e-01,2.547154724597930908e-01,3.260010480880737305e-01,3.477709293365478516e-01,2.104678153991699219e-01,1.694088429212570190e-01,-3.265923820436000824e-03,-4.806896671652793884e-02,-1.608996279537677765e-02,2.025845944881439209e-01,3.063870221376419067e-02,9.833867847919464111e-02,2.587405145168304443e-01,2.447321414947509766e-01,1.778224259614944458e-01,2.480569779872894287e-01,2.693496644496917725e-01,3.141886889934539795e-01,1.270405948162078857e-01,2.979290187358856201e-01,2.133698016405105591e-01,2.641786038875579834e-01,1.014956310391426086e-01,2.666434049606323242e-01,3.214620947837829590e-01,1.811151057481765747e-01,2.619091868400573730e-01,3.679051697254180908e-01,6.192472949624061584e-02,2.965055219829082489e-02,3.292444348335266113e-01,2.766001224517822266e-01,2.571012377738952637e-01,1.915971934795379639e-01,2.499365806579589844e-01,3.205265104770660400e-01,-1.623836345970630646e-02,-9.032442420721054077e-02,9.422922134399414062e-02,3.225266933441162109e-02,1.808882206678390503e-01,8.665291219949722290e-02,1.250890195369720459e-01,1.307261735200881958e-01,1.760287284851074219e-01,2.650544345378875732e-01,1.887732744216918945e-02,1.568406820297241211e-01,8.509930223226547241e-02,5.702801514416933060e-03,-3.345908224582672119e-02,4.587792232632637024e-02
5.572456121444702148e-01,2.465187460184097290e-01,-9.249114990234375000e-02,2.163918614387512207e-01,8.512299507856369019e-02,9.589602798223495483e-02,1.077852025628089905e-02,1.999007910490036011e-01,1.346820145845413208e-01,1.875260323286056519e-01,1.000000000000000000e+00,5.721828937530517578e-01,5.037270188331604004e-01,3.066343665122985840e-01,3.867264091968536377e-01,2.446029037237167358e-01,2.507463693618774414e-01,6.488190032541751862e-03,-4.022965580224990845e-02,1.671307235956192017e-01,9.879793226718902588e-02,-7.082838565111160278e-02,-1.429242491722106934e-01,2.245073951780796051e-02,-7.854269817471504211e-03,-3.499514609575271606e-02,2.521896064281463623e-01,6.312216073274612427e-02,5.461596250534057617e-01,2.356246709823608398e-01,3.827736526727676392e-02,4.643672704696655273e-02,8.660920709371566772e-02,-9.172382950782775879e-02,5.472040921449661255e-02,-7.180918753147125244e-02,2.085024416446685791e-01,8.871668018400669098e-03,1.073042079806327820e-01,-9.302921593189239502e-03,9.578273445367813110e-02,-1.175218299031257629e-01,1.791228502988815308e-01,4.009129852056503296e-02,2.674550712108612061e-01,1.281032711267471313e-02,1.702871620655059814e-01,-1.328203082084655762e-01,3.121497929096221924e-01,9.731538593769073486e-02,2.684188485145568848e-01,4.682925716042518616e-02,3.175546824932098389e-01,7.812234759330749512e-02,1.258916556835174561e-01,2.501653321087360382e-02,2.708118855953216553e-01,1.041491702198982239e-01,1.698972135782241821e-01,1.352396756410598755e-01,4.713577926158905029e-01,2.980495989322662354e-01,4.868694245815277100e-01,4.560269415378570557e-01,2.388803362846374512e-01,1.376749128103256226e-01,2.712023556232452393e-01,2.677594125270843506e-01,5.500611066818237305e-01,5.286026000976562500e-01,9.836854785680770874e-02,-4.898122325539588928e-02,3.675383329391479492e-01,2.151805758476257324e-01,2.665958106517791748e-01,1.698051542043685913e-01,2.035867273807525635e-01,8.821167051792144775e-02,1.645190268754959106e-01,1.409821957349777222e-01,3.430159389972686768e-01,1.130657419562339783e-01,2.601792216300964355e-01,-8.793899789452552795e-03,3.006725013256072998e-01,1.004192233085632324e-01,3.036525249481201172e-01,3.166223410516977310e-03,1.144301071763038635e-01,-6.424411386251449585e-02,2.673380076885223389e-01,1.735959649085998535e-01,-2.264405786991119385e-02,-1.796783655881881714e-01,1.601516753435134888e-01,6.374326348304748535e-02,5.183390527963638306e-02,-6.379129737615585327e-02,1.708113551139831543e-01,1.320870071649551392e-01,3.235029289498925209e-03,-1.837445497512817383e-01,7.367846369743347168e-02,-9.845098853111267090e-02,1.238279789686203003e-02,-1.950185745954513550e-01,-4.366863891482353210e-02,1.130493059754371643e-01,-2.578043751418590546e-02,2.815511450171470642e-02,-1.188912242650985718e-01,2.469430863857269287e-02,-1.720680445432662964e-01,-1.779149025678634644e-01,-1.544153839349746704e-01,-1.672955788671970367e-02
4.430779814720153809e-01,4.058996737003326416e-01,2.895729802548885345e-02,2.849075198173522949e-01,4.261382296681404114e-02,1.460052728652954102e-01,2.031627111136913300e-02,2.895190715789794922e-01,1.686167418956756592e-01,3.051525056362152100e-01,5.721828937530517578e-01,1.000000000000000000e+00,4.097429215908050537e-01,4.723717570304870605e-01,3.921623528003692627e-01,3.803857862949371338e-01,9.494537860155105591e-02,7.082453370094299316e-02,-7.824155688285827637e-02,1.545699536800384521e-01,-5.386480316519737244e-02,-1.506953388452529907e-01,-7.059733569622039795e-02,6.573089957237243652e-02,-9.955360740423202515e-02,-7.101549208164215088e-02,1.869385242462158203e-01,-1.540070306509733200e-02,3.779645860195159912e-01,4.058919847011566162e-01,-8.776680566370487213e-03,4.577778279781341553e-02,6.013413891196250916e-02,-4.822164773941040039e-02,-8.266657590866088867e-03,-9.781441092491149902e-02,1.848577111959457397e-01,2.088456451892852783e-01,2.234760224819183350e-01,1.628669351339340210e-01,4.142994526773691177e-03,3.175217658281326294e-02,1.124737784266471863e-01,1.042707189917564392e-01,2.227522879838943481e-01,4.067195951938629150e-02,1.332568377256393433e-01,-9.791570901870727539e-02,2.743684649467468262e-01,2.382958084344863892e-01,2.072374373674392700e-01,2.241901010274887085e-01,3.187938630580902100e-01,2.860413789749145508e-01,2.180576920509338379e-01,2.307482063770294189e-01,1.859166920185089111e-01,1.756586134433746338e-01,1.390410214662551880e-01,2.140585929155349731e-01,4.363152384757995605e-01,4.517340958118438721e-01,3.782985508441925049e-01,5.644505620002746582e-01,1.744481176137924194e-01,1.583960205316543579e-01,2.666237652301788330e-01,2.852748334407806396e-01,4.813340008258819580e-01,5.609769225120544434e-01,-7.278931885957717896e-02,-7.959735393524169922e-02,1.878387331962585449e-01,1.984706223011016846e-01,1.569309681653976440e-01,1.681880205869674683e-01,1.595289111137390137e-01,1.313042044639587402e-01,1.220545396208763123e-01,1.823716312646865845e-01,1.884069144725799561e-01,1.771189421415328979e-01,1.855705529451370239e-01,2.555743753910064697e-01,1.190459206700325012e-01,2.119383960962295532e-01,2.126466035842895508e-01,2.331742793321609497e-01,1.942414492368698120e-01,6.399919837713241577e-02,2.534480988979339600e-01,3.060078918933868408e-01,-8.015197515487670898e-02,-1.135472357273101807e-01,1.241487339138984680e-01,7.451463490724563599e-02,2.488704957067966461e-02,-9.543666616082191467e-03,1.595335602760314941e-01,2.092791795730590820e-01,-4.237213730812072754e-02,-1.404691785573959351e-01,1.689353026449680328e-02,-6.649031490087509155e-02,-1.794902049005031586e-02,-1.822949051856994629e-01,1.459342893213033676e-02,2.497889101505279541e-01,-3.210018202662467957e-02,2.679400518536567688e-02,-1.116413399577140808e-01,7.823699153959751129e-03,-1.547660529613494873e-01,-2.445224374532699585e-01,-1.638528704643249512e-01,1.055930647999048233e-02
3.880095481872558594e-01,1.296093463897705078e-01,8.161483705043792725e-02,2.358354628086090088e-01,-3.892871737480163574e-02,2.327535999938845634e-03,2.778657078742980957e-01,2.832162082195281982e-01,2.499877661466598511e-01,3.104229867458343506e-01,5.037270188331604004e-01,4.097429215908050537e-01,1.000000000000000000e+00,4.012711644172668457e-01,4.070187807083129883e-01,2.637246251106262207e-01,1.862821578979492188e-01,1.738636568188667297e-02,-7.714415900409221649e-03,1.316913664340972900e-01,1.090335249900817871e-01,-1.029113889671862125e-03,-8.122117072343826294e-02,1.004392951726913452e-01,-8.207160234451293945e-02,-6.405575573444366455e-02,1.271577328443527222e-01,-2.441941015422344208e-02,4.213291406631469727e-01,3.747307062149047852e-01,1.150788143277168274e-01,1.337276995182037354e-01,1.475104242563247681e-01,3.253032639622688293e-02,2.191966027021408081e-01,1.387446671724319458e-01,1.980056315660476685e-01,1.814838796854019165e-01,2.325744926929473877e-01,2.412002682685852051e-01,2.054349482059478760e-01,1.375136673450469971e-01,1.985408812761306763e-01,1.452660858631134033e-01,2.883866131305694580e-01,1.296461373567581177e-01,2.489955723285675049e-01,7.132296264171600342e-02,2.160932868719100952e-01,1.534695327281951904e-01,1.394426375627517700e-01,9.498033672571182251e-02,1.984552592039108276e-01,1.453255116939544678e-01,2.754724621772766113e-01,2.392038255929946899e-01,1.224526911973953247e-01,1.758085936307907104e-02,1.536794751882553101e-01,1.624129861593246460e-01,2.625153362751007080e-01,1.965986937284469604e-01,3.063371181488037109e-01,2.744414508342742920e-01,2.476656287908554077e-01,2.287807017564773560e-01,3.121927976608276367e-01,3.185413181781768799e-01,3.150561153888702393e-01,3.532506227493286133e-01,7.620002329349517822e-02,9.920717030763626099e-02,2.118846327066421509e-01,3.002145588397979736e-01,1.577879786491394043e-01,1.734307110309600830e-01,1.639557033777236938e-01,1.191881150007247925e-01,1.728065162897109985e-01,1.406579613685607910e-01,2.501087188720703125e-01,1.440937817096710205e-01,1.294844895601272583e-01,4.023952409625053406e-02,1.954416036605834961e-01,8.248797059059143066e-02,1.218575015664100647e-01,8.566001057624816895e-02,2.054824829101562500e-01,-1.234889309853315353e-02,2.618842422962188721e-01,2.448710948228836060e-01,-2.491866180207580328e-04,-1.405333429574966431e-01,1.943358331918716431e-01,1.457727402448654175e-01,2.470585405826568604e-01,1.983663439750671387e-01,2.748155295848846436e-01,1.868230253458023071e-01,3.617446869611740112e-02,-1.116453260183334351e-01,1.236170902848243713e-01,-2.752152271568775177e-02,6.795287877321243286e-02,-7.217098772525787354e-02,9.314967691898345947e-02,8.496852964162826538e-02,3.703448176383972168e-02,1.766127794981002808e-01,1.054822802543640137e-01,1.438542157411575317e-01,-8.025892823934555054e-02,-4.639076441526412964e-02,-4.080596193671226501e-02,-6.230192258954048157e-02
