1.000000000000000000e+00,6.857779622077941895e-01,3.931182920932769775e-01,4.759323596954345703e-01,2.149233035743236542e-02,2.572265919297933578e-03,5.606682896614074707e-01,5.282266736030578613e-01,4.794716835021972656e-02,-1.442958861589431763e-01,3.751574158668518066e-01,4.298366308212280273e-01,3.425227999687194824e-01,1.837108731269836426e-01,1.419101357460021973e-01,6.817271560430526733e-02,4.043202698230743408e-01,2.909776568412780762e-01,4.039319455623626709e-01,4.495788216590881348e-01,2.735536396503448486e-01,3.196244239807128906e-01,4.583340883255004883e-01,3.856868743896484375e-01,-4.664513468742370605e-02,1.781987100839614868e-01,1.592627316713333130e-01,2.062082141637802124e-01,3.607431352138519287e-01,3.700984716415405273e-01,4.885516166687011719e-01,4.841626882553100586e-01,5.839591622352600098e-01,5.013905167579650879e-01,3.290089070796966553e-01,3.282332420349121094e-01,2.508465051651000977e-01,1.945287883281707764e-01,2.697830498218536377e-01,2.653315365314483643e-01,2.714399099349975586e-01,1.404200941324234009e-01,1.669624634087085724e-02,-5.717291310429573059e-02,-6.423293054103851318e-02,-2.406622767448425293e-01,5.784817971289157867e-03,-9.357237070798873901e-02,-2.580438554286956787e-01,-3.456293344497680664e-01,-1.611966937780380249e-01,-3.313354253768920898e-01,-1.593913435935974121e-01,-2.962919473648071289e-01,1.045988947153091431e-01,5.520646274089813232e-02,7.028524875640869141e-01,6.252985596656799316e-01,1.618776619434356689e-01,-5.287694185972213745e-02,5.022994875907897949e-01,4.112694561481475830e-01,5.884100794792175293e-01,4.989609420299530029e-01,1.692720651626586914e-01,8.413835614919662476e-02,4.497978389263153076e-01,4.427303671836853027e-01,4.333337545394897461e-01,4.362731575965881348e-01,4.561639130115509033e-01,4.655173420906066895e-01,3.634293377399444580e-01,3.091930150985717773e-01,3.619169890880584717e-01,2.470423728227615356e-01,3.497519791126251221e-01,3.069575130939483643e-01,2.807475626468658447e-01,7.098048180341720581e-02,3.647431731224060059e-01,3.029403090476989746e-01,1.057448536157608032e-01,-4.455248638987541199e-02,3.207227289676666260e-01,1.098785549402236938e-01,-1.356780249625444412e-02,-4.065169766545295715e-02,-5.162917077541351318e-02,-1.112268418073654175e-01,-2.744160294532775879e-01,-2.547010779380798340e-01,-3.025650382041931152e-01,-3.041798472404479980e-01,-3.329757973551750183e-02,-7.229387015104293823e-02,1.201679334044456482e-01,1.747553050518035889e-01,-1.110877618193626404e-01,-1.106542944908142090e-01,-2.183129191398620605e-01,-2.021576315164566040e-01,-1.702943444252014160e-01,-9.050264209508895874e-02,2.468460425734519958e-02,8.948926627635955811e-02,1.301602721214294434e-01,1.092414706945419312e-01,-1.401228271424770355e-02,2.623884975910186768e-01,2.750526964664459229e-01,7.334780693054199219e-02,-3.320189565420150757e-02,-1.915847808122634888e-01,-1.038576941937208176e-02,6.279565393924713135e-02
6.857779622077941895e-01,1.000000000000000000e+00,2.876126766204833984e-01,4.492606520652770996e-01,-3.174583613872528076e-02,3.839890658855438232e-02,4.187432825565338135e-01,5.383543372154235840e-01,-1.723481528460979462e-02,-1.072928160429000854e-01,2.308601140975952148e-01,4.841107428073883057e-01,1.976300776004791260e-01,2.885073721408843994e-01,9.575950354337692261e-02,1.414981484413146973e-01,3.371144533157348633e-01,3.433848917484283447e-01,4.103488922119140625e-01,4.653138816356658936e-01,2.574193179607391357e-01,3.057141602039337158e-01,4.176964461803436279e-01,3.581458330154418945e-01,-1.078802272677421570e-01,1.333932578563690186e-01,1.434384137392044067e-01,1.930496692657470703e-01,2.848329842090606689e-01,4.339126646518707275e-01,4.840943217277526855e-01,5.006458759307861328e-01,5.546725988388061523e-01,5.183736681938171387e-01,3.346136808395385742e-01,3.363481760025024414e-01,1.561906039714813232e-01,3.056258261203765869e-01,2.294047474861145020e-01,3.267702758312225342e-01,2.892269492149353027e-01,2.252417355775833130e-01,-1.025803852826356888e-02,-5.377031117677688599e-02,-1.184322461485862732e-01,-2.285594344139099121e-01,-1.161270122975111008e-02,-4.594171792268753052e-02,-2.641632854938507080e-01,-3.484206497669219971e-01,-2.186393290758132935e-01,-3.430683612823486328e-01,-1.704833060503005981e-01,-2.478800714015960693e-01,1.191958710551261902e-01,2.089522778987884521e-01,6.037400960922241211e-01,6.639590263366699219e-01,1.772438436746597290e-01,4.452896490693092346e-02,4.221645295619964600e-01,4.311523139476776123e-01,3.814810812473297119e-01,4.863512217998504639e-01,6.743077188730239868e-02,6.575921177864074707e-02,4.872723221778869629e-01,5.111007690429687500e-01,5.684214830398559570e-01,4.667580127716064453e-01,4.248327016830444336e-01,4.568912982940673828e-01,2.950374186038970947e-01,3.654136061668395996e-01,3.489649593830108643e-01,3.109070658683776855e-01,3.300597667694091797e-01,3.247562944889068604e-01,1.794681102037429810e-01,1.056422293186187744e-01,2.654057443141937256e-01,3.928612470626831055e-01,5.596700683236122131e-02,8.223554491996765137e-02,2.185545563697814941e-01,2.386022806167602539e-01,1.117729302495718002e-02,1.029164493083953857e-01,-6.334992498159408569e-02,1.041365191340446472e-01,-2.393688410520553589e-01,-1.052106842398643494e-01,-2.230742275714874268e-01,-1.798651963472366333e-01,-4.631390795111656189e-02,-7.344078272581100464e-02,1.449737548828125000e-01,2.162302434444427490e-01,-1.104893758893013000e-01,4.670608323067426682e-03,-9.475639462471008301e-02,-6.005903705954551697e-02,-6.032748147845268250e-02,3.391953557729721069e-02,1.184809133410453796e-01,1.819127053022384644e-01,1.467460244894027710e-01,2.068898379802703857e-01,-4.734901338815689087e-02,2.367752045392990112e-01,2.778685688972473145e-01,1.206981539726257324e-01,-4.823050275444984436e-02,-1.141985878348350525e-01,7.483101636171340942e-02,5.299855768680572510e-02
3.931182920932769775e-01,2.876126766204833984e-01,1.000000000000000000e+00,6.515831947326660156e-01,1.708913743495941162e-01,8.429822325706481934e-02,6.400309205055236816e-01,5.508195161819458008e-01,2.595652639865875244e-01,1.890586921945214272e-03,4.659632444381713867e-01,2.600038945674896240e-01,4.920591115951538086e-01,9.680268168449401855e-02,3.849803507328033447e-01,1.639221906661987305e-01,3.924663960933685303e-01,1.610348671674728394e-01,3.574463129043579102e-01,3.534997701644897461e-01,3.126380145549774170e-01,3.136913478374481201e-01,5.537058711051940918e-01,4.877458512783050537e-01,1.044699996709823608e-01,2.663806080818176270e-01,2.259563803672790527e-01,2.327884435653686523e-01,3.903194963932037354e-01,2.984445095062255859e-01,3.972410559654235840e-01,3.448737859725952148e-01,2.465017139911651611e-01,2.070195525884628296e-01,1.234455872327089310e-02,7.300412654876708984e-02,1.778542995452880859e-01,7.712638378143310547e-02,2.732308208942413330e-01,1.681925654411315918e-01,1.972787827253341675e-01,4.413427412509918213e-02,1.878717914223670959e-02,-4.606204852461814880e-02,-8.564896881580352783e-02,-2.352917641401290894e-01,6.819774955511093140e-02,-4.649844393134117126e-02,-2.550067305564880371e-01,-3.451186120510101318e-01,-2.416294664144515991e-01,-2.934692203998565674e-01,-4.920345172286033630e-02,-2.092948853969573975e-01,2.042845785617828369e-01,2.437471412122249603e-02,3.928294479846954346e-01,1.871943473815917969e-01,-1.549925804138183594e-01,-9.323263168334960938e-02,1.712898463010787964e-01,1.577005088329315186e-01,4.100864827632904053e-01,1.930463463068008423e-01,-9.337426163256168365e-03,-8.183084428310394287e-02,6.476513296365737915e-02,5.093993619084358215e-02,9.467404335737228394e-02,1.137146949768066406e-01,4.185531437397003174e-01,3.992384076118469238e-01,3.239718377590179443e-01,2.724391222000122070e-01,3.177216053009033203e-01,2.486318647861480713e-01,3.121916949748992920e-01,2.755123972892761230e-01,2.401860952377319336e-01,9.420205652713775635e-02,3.097636997699737549e-01,9.832897782325744629e-02,3.494415879249572754e-01,-1.413357164710760117e-02,2.216260582208633423e-01,-3.927928209304809570e-02,1.585319489240646362e-01,1.540082879364490509e-02,5.540710315108299255e-02,-1.863964796066284180e-01,-9.700798988342285156e-02,-1.940650492906570435e-01,-2.186846435070037842e-01,-3.020373880863189697e-01,2.276120148599147797e-02,-1.195577606558799744e-01,1.752817034721374512e-01,7.661165297031402588e-02,-3.549014776945114136e-02,-1.522915512323379517e-01,-1.932671368122100830e-01,-1.982245147228240967e-01,-1.196658387780189514e-01,-5.380119010806083679e-02,4.284905642271041870e-02,7.905579358339309692e-02,6.992691755294799805e-02,-1.499635167419910431e-02,-1.214114353060722351e-01,3.299994468688964844e-01,2.374155521392822266e-01,-4.739939235150814056e-03,-1.049479033099487424e-04,-2.332005351781845093e-01,-1.042575165629386902e-01,-5.649058893322944641e-02
4.759323596954345703e-01,4.492606520652770996e-01,6.515831947326660156e-01,1.000000000000000000e+00,2.220822125673294067e-01,1.897196918725967407e-01,6.414409875869750977e-01,6.221872568130493164e-01,2.359579950571060181e-01,1.806587353348731995e-02,4.100849330425262451e-01,3.530986607074737549e-01,4.913620948791503906e-01,2.105182260274887085e-01,3.661640286445617676e-01,2.569616138935089111e-01,3.786871433258056641e-01,2.418480217456817627e-01,4.438111782073974609e-01,4.742366969585418701e-01,3.287481069564819336e-01,4.300138950347900391e-01,6.196630001068115234e-01,6.153623461723327637e-01,1.325674802064895630e-01,3.535713851451873779e-01,3.132151663303375244e-01,3.911924958229064941e-01,4.116892814636230469e-01,3.845603764057159424e-01,4.725009500980377197e-01,4.619371592998504639e-01,3.016231060028076172e-01,2.525216639041900635e-01,8.423098176717758179e-02,1.458364576101303101e-01,2.761275470256805420e-01,1.965161859989166260e-01,3.558764159679412842e-01,3.206277787685394287e-01,2.747692167758941650e-01,1.620960980653762817e-01,-5.224240943789482117e-03,-7.867502421140670776e-02,-7.268358767032623291e-02,-2.351922541856765747e-01,-4.201039206236600876e-03,-5.173530057072639465e-02,-2.612362504005432129e-01,-3.097903728485107422e-01,-2.431987971067428589e-01,-3.015844821929931641e-01,-1.200928613543510437e-01,-1.999898254871368408e-01,1.600340902805328369e-01,9.305038303136825562e-02,3.933051824569702148e-01,2.645508050918579102e-01,7.127222418785095215e-02,-5.070212483406066895e-02,2.124468982219696045e-01,1.492649912834167480e-01,3.173640668392181396e-01,2.139052003622055054e-01,-8.373294025659561157e-02,-1.268830299377441406e-01,1.645637154579162598e-01,1.479920893907546997e-01,2.740288674831390381e-01,2.667589485645294189e-01,4.515472948551177979e-01,4.974775612354278564e-01,3.738298416137695312e-01,3.026897013187408447e-01,3.452717363834381104e-01,2.595359385013580322e-01,3.034496307373046875e-01,2.544502913951873779e-01,2.265824079513549805e-01,1.185076460242271423e-01,3.154596984386444092e-01,1.965232044458389282e-01,3.366564810276031494e-01,1.035690829157829285e-01,1.376265585422515869e-01,1.393201295286417007e-02,2.063032686710357666e-01,1.537839323282241821e-01,2.595281600952148438e-02,-3.016324341297149658e-02,-1.998352259397506714e-01,-1.848471462726593018e-01,-2.259320169687271118e-01,-2.374252974987030029e-01,3.628871217370033264e-02,-6.752446293830871582e-02,1.449161171913146973e-01,1.225120946764945984e-01,-8.955026417970657349e-02,-1.117571070790290833e-01,-1.894904375076293945e-01,-1.251651644706726074e-01,-8.387171477079391479e-02,3.797710640355944633e-03,1.385604143142700195e-01,1.173810437321662903e-01,1.473687738180160522e-01,1.097990050911903381e-01,-7.832500338554382324e-02,3.101638555526733398e-01,2.614386379718780518e-01,4.444811120629310608e-02,-4.960699379444122314e-02,-2.366487681865692139e-01,-6.119045242667198181e-02,-1.515329629182815552e-02
2.149233035743236542e-02,-3.174583613872528076e-02,1.708913743495941162e-01,2.220822125673294067e-01,1.000000000000000000e+00,6.940838098526000977e-01,1.588487327098846436e-01,1.691722571849822998e-01,7.183060050010681152e-01,5.776485204696655273e-01,1.654370725154876709e-01,7.168667763471603394e-02,3.127149641513824463e-01,1.426887214183807373e-01,5.920789241790771484e-01,5.849537849426269531e-01,1.475845575332641602e-01,-1.787217892706394196e-02,-3.313890472054481506e-02,-4.748285561800003052e-02,3.364564180374145508e-01,3.761741220951080322e-01,2.029861807823181152e-01,2.648538351058959961e-01,6.674314141273498535e-01,6.181648969650268555e-01,7.034447789192199707e-01,6.252291798591613770e-01,3.813599646091461182e-01,2.396306097507476807e-01,2.523865699768066406e-01,1.991441547870635986e-01,-9.633440524339675903e-02,-8.951260149478912354e-02,-2.531380653381347656e-01,-2.132984250783920288e-01,2.878343462944030762e-01,3.937469422817230225e-02,4.457648098468780518e-01,2.707087993621826172e-01,2.507113516330718994e-01,2.081695795059204102e-01,-6.724697351455688477e-02,-1.339203417301177979e-01,3.763945773243904114e-02,1.255313307046890259e-01,-2.084280401468276978e-01,-1.322855502367019653e-01,3.953602910041809082e-02,1.107424572110176086e-01,-1.218373328447341919e-01,3.125927969813346863e-02,-1.250477135181427002e-01,1.168667674064636230e-01,1.638997197151184082e-01,-1.385561376810073853e-02,-1.775415614247322083e-02,-1.346789747476577759e-01,1.694384962320327759e-01,1.680813133716583252e-01,-1.647338420152664185e-01,-1.615161597728729248e-01,-3.411523252725601196e-02,-2.105953991413116455e-01,-2.282174378633499146e-01,-2.541748881340026855e-01,-1.130412220954895020e-01,-1.372449249029159546e-01,-1.104933675378561020e-02,3.865648806095123291e-02,1.749531775712966919e-01,1.960658580064773560e-01,2.375496476888656616e-01,1.572157144546508789e-01,1.583724319934844971e-01,9.820191562175750732e-02,8.143679797649383545e-02,1.181683130562305450e-02,1.931897923350334167e-02,-1.088768243789672852e-01,1.239403560757637024e-01,-7.417126744985580444e-02,6.322137117385864258e-01,5.178238153457641602e-01,1.657701283693313599e-02,-1.000326797366142273e-01,5.485517382621765137e-01,5.475862622261047363e-01,4.356940686702728271e-01,2.330664843320846558e-01,-1.025610342621803284e-01,-7.551831752061843872e-02,5.786266177892684937e-03,4.263636842370033264e-02,8.238378912210464478e-02,1.438283026218414307e-01,-5.260459706187248230e-02,-8.119092881679534912e-02,-2.408593595027923584e-01,-3.235078155994415283e-01,-1.303129084408283234e-02,7.404657453298568726e-02,8.405286818742752075e-02,-5.423990264534950256e-02,3.974649682641029358e-02,-4.027459025382995605e-02,1.372050046920776367e-01,3.730285243364050984e-05,-2.000527456402778625e-02,6.624004337936639786e-03,-1.201343238353729248e-01,-2.516526579856872559e-01,-2.825041711330413818e-01,-2.234292328357696533e-01,-1.665686666965484619e-01,-1.381886899471282959e-01
2.572265919297933578e-03,3.839890658855438232e-02,8.429822325706481934e-02,1.897196918725967407e-01,6.940838098526000977e-01,1.000000000000000000e+00,4.863597452640533447e-02,2.246533483266830444e-01,5.569956898689270020e-01,6.960535645484924316e-01,1.078653186559677124e-01,1.593888103961944580e-01,1.837097108364105225e-01,2.719136774539947510e-01,4.621236324310302734e-01,6.399855613708496094e-01,1.241373345255851746e-01,1.273703426122665405e-01,-1.401916444301605225e-01,-7.982844114303588867e-02,3.152075409889221191e-01,3.541681170463562012e-01,1.826496273279190063e-01,2.970269918441772461e-01,6.505154371261596680e-01,6.237530708312988281e-01,6.981472969055175781e-01,6.881951689720153809e-01,3.735728561878204346e-01,3.705779314041137695e-01,2.608026862144470215e-01,2.510723769664764404e-01,-7.339201122522354126e-02,-7.494349777698516846e-02,-7.956438511610031128e-02,-3.092422522604465485e-02,2.933820188045501709e-01,1.484326869249343872e-01,4.518124461174011230e-01,4.131124019622802734e-01,3.040741384029388428e-01,3.223090171813964844e-01,-1.174161359667778015e-01,-8.325338363647460938e-02,1.863542944192886353e-02,1.428793370723724365e-01,-2.395344078540802002e-01,-1.034542694687843323e-01,7.240203022956848145e-02,1.385944485664367676e-01,-9.228210896253585815e-02,6.364150345325469971e-02,-1.541350185871124268e-01,1.293327063322067261e-01,1.920393705368041992e-01,1.820667535066604614e-01,8.715447038412094116e-03,-2.822978794574737549e-02,1.711052358150482178e-01,1.364087313413619995e-01,-1.219596415758132935e-01,-1.119609102606773376e-01,-7.529157400131225586e-02,-7.172817736864089966e-02,-1.072095260024070740e-01,-1.196013912558555603e-01,-1.301198266446590424e-02,1.792852766811847687e-02,-1.837607845664024353e-02,1.049147322773933411e-01,1.716036796569824219e-01,2.231101989746093750e-01,2.504333257675170898e-01,2.837045788764953613e-01,2.076464295387268066e-01,2.220179438591003418e-01,1.251882761716842651e-01,1.164327934384346008e-01,3.023693570867180824e-03,1.762015628628432751e-03,5.592483654618263245e-02,1.139954701066017151e-01,5.296256542205810547e-01,6.520613431930541992e-01,6.799228023737668991e-03,9.522911906242370605e-02,4.876699745655059814e-01,6.359289288520812988e-01,3.246590495109558105e-01,3.688838481903076172e-01,-1.216364800930023193e-01,1.103956531733274460e-02,1.992190629243850708e-02,1.216804608702659607e-01,1.293469816446304321e-01,2.024243175983428955e-01,-2.086466364562511444e-02,-5.705823376774787903e-02,-1.702974587678909302e-01,-1.861255317926406860e-01,9.982464462518692017e-02,1.730782091617584229e-01,1.746055185794830322e-01,7.559493184089660645e-02,1.107997894287109375e-01,4.800494015216827393e-02,2.097598761320114136e-01,1.261006295680999756e-01,1.919097080826759338e-02,-1.861986890435218811e-02,-9.093236178159713745e-02,-1.365111917257308960e-01,-2.524910271167755127e-01,-7.557729631662368774e-02,-2.485854178667068481e-02,9.607517160475254059e-03
5.606682896614074707e-01,4.187432825565338135e-01,6.400309205055236816e-01,6.414409875869750977e-01,1.588487327098846436e-01,4.863597452640533447e-02,1.000000000000000000e+00,6.459538936614990234e-01,2.278990745544433594e-01,-7.075084000825881958e-02,5.439388155937194824e-01,4.191828370094299316e-01,6.186741590499877930e-01,1.972707808017730713e-01,3.636057972908020020e-01,1.793377101421356201e-01,4.599140584468841553e-01,2.345431596040725708e-01,4.294100701808929443e-01,4.524940848350524902e-01,3.101368844509124756e-01,3.931030631065368652e-01,6.193126440048217773e-01,5.757206678390502930e-01,8.666878938674926758e-02,3.227589130401611328e-01,2.156973779201507568e-01,2.618398368358612061e-01,4.226464331150054932e-01,3.382177650928497314e-01,4.846027493476867676e-01,4.551058411598205566e-01,3.614709973335266113e-01,2.909979522228240967e-01,5.689395964145660400e-02,8.622996509075164795e-02,2.588784992694854736e-01,9.139947593212127686e-02,3.125897049903869629e-01,1.903825700283050537e-01,2.306810170412063599e-01,9.247835725545883179e-02,1.567459665238857269e-02,-4.907814040780067444e-02,-9.584452956914901733e-02,-2.391703873872756958e-01,3.160149604082107544e-02,-4.193095862865447998e-02,-2.936401367187500000e-01,-3.039197623729705811e-01,-1.789687126874923706e-01,-2.647876739501953125e-01,-7.088504731655120850e-02,-1.615773737430572510e-01,7.288862019777297974e-02,-1.866830140352249146e-02,4.806607365608215332e-01,2.761046290397644043e-01,6.484401971101760864e-02,-1.231869980692863464e-01,2.041255235671997070e-01,2.312790751457214355e-01,4.537034928798675537e-01,2.141847312450408936e-01,-8.814571052789688110e-02,-1.670846492052078247e-01,1.089756041765213013e-01,6.776008009910583496e-02,2.337286472320556641e-01,1.668414026498794556e-01,4.529212117195129395e-01,4.685924947261810303e-01,3.652358949184417725e-01,2.600367367267608643e-01,3.214205205440521240e-01,1.898263841867446899e-01,2.627956271171569824e-01,2.050148695707321167e-01,3.467950820922851562e-01,1.218376830220222473e-01,3.982744216918945312e-01,1.713254004716873169e-01,2.999735772609710693e-01,-5.213968455791473389e-02,2.454361766576766968e-01,-9.054198861122131348e-03,1.255743950605392456e-01,-1.678583025932312012e-02,4.829522222280502319e-02,-1.253808438777923584e-01,-1.620892733335494995e-01,-2.345948517322540283e-01,-2.195499092340469360e-01,-2.789655923843383789e-01,5.907778162509202957e-03,-1.333650648593902588e-01,1.240239664912223816e-01,1.055251955986022949e-01,-8.050008118152618408e-02,-1.657070219516754150e-01,-2.596781253814697266e-01,-2.451506406068801880e-01,-1.851777881383895874e-01,-1.105352193117141724e-01,4.902622103691101074e-02,2.847731113433837891e-02,3.741128742694854736e-02,-1.701581850647926331e-02,-8.203227072954177856e-02,2.953356802463531494e-01,2.387972921133041382e-01,2.920564729720354080e-03,-2.037368156015872955e-02,-2.374414801597595215e-01,-7.492127269506454468e-02,-3.015567921102046967e-02
5.282266736030578613e-01,5.383543372154235840e-01,5.508195161819458008e-01,6.221872568130493164e-01,1.691722571849822998e-01,2.246533483266830444e-01,6.459538936614990234e-01,1.000000000000000000e+00,1.794344782829284668e-01,1.437654346227645874e-01,4.233088493347167969e-01,6.025554537773132324e-01,4.605896770954132080e-01,5.073758959770202637e-01,3.086245357990264893e-01,3.379715979099273682e-01,4.121796190738677979e-01,4.050302803516387939e-01,3.335367143154144287e-01,4.452846050262451172e-01,3.123286664485931396e-01,3.913790285587310791e-01,6.196019053459167480e-01,6.222504377365112305e-01,1.567566841840744019e-01,3.944154083728790283e-01,2.996476590633392334e-01,3.467604219913482666e-01,4.141803681850433350e-01,5.039508342742919922e-01,5.363748073577880859e-01,4.986122250556945801e-01,3.756116330623626709e-01,3.382216691970825195e-01,1.447983980178833008e-01,1.717889159917831421e-01,2.015853375196456909e-01,1.935704052448272705e-01,3.049973547458648682e-01,3.249234855175018311e-01,2.864311337471008301e-01,2.092783451080322266e-01,-3.328775055706501007e-03,-1.426886580884456635e-02,-9.777923673391342163e-02,-1.630898416042327881e-01,-4.275958240032196045e-02,-6.132580339908599854e-03,-2.302170395851135254e-01,-2.374891042709350586e-01,-1.819973140954971313e-01,-2.226664721965789795e-01,-1.234276369214057922e-01,-1.376378685235977173e-01,9.441910684108734131e-02,1.631501019001007080e-01,4.391286075115203857e-01,3.869228065013885498e-01,9.948085248470306396e-02,-1.670426502823829651e-02,2.359014898538589478e-01,3.442434072494506836e-01,3.177926242351531982e-01,2.939350605010986328e-01,-1.001721029751934111e-04,-2.905360236763954163e-02,1.757876724004745483e-01,2.624314427375793457e-01,3.141098916530609131e-01,2.892183959484100342e-01,4.294018745422363281e-01,4.939209222793579102e-01,3.437696099281311035e-01,4.035965502262115479e-01,3.476537764072418213e-01,3.042891621589660645e-01,2.869356572628021240e-01,2.820472121238708496e-01,2.514308393001556396e-01,2.192969471216201782e-01,2.538622319698333740e-01,3.544464409351348877e-01,2.690832018852233887e-01,2.506316304206848145e-01,1.504850089550018311e-01,1.794465780258178711e-01,1.592120230197906494e-01,1.957941502332687378e-01,-4.229712486267089844e-02,3.545579314231872559e-02,-2.491733431816101074e-01,-1.530549079179763794e-01,-2.855872213840484619e-01,-2.231846004724502563e-01,-1.406589150428771973e-02,-1.264765411615371704e-01,1.107830554246902466e-01,6.715258955955505371e-02,-8.558543771505355835e-02,-1.013333946466445923e-01,-2.243252396583557129e-01,-1.435403972864151001e-01,-1.463287174701690674e-01,-2.763628028333187103e-02,1.100423783063888550e-01,8.017048239707946777e-02,8.333252370357513428e-02,5.348915979266166687e-02,-8.133871108293533325e-02,2.422751039266586304e-01,1.900591999292373657e-01,3.820545226335525513e-02,-5.737745761871337891e-02,-1.857659369707107544e-01,-3.745854645967483521e-02,-1.942328922450542450e-02
4.794716835021972656e-02,-1.723481528460979462e-02,2.595652639865875244e-01,2.359579950571060181e-01,7.183060050010681152e-01,5.569956898689270020e-01,2.278990745544433594e-01,1.794344782829284668e-01,1.000000000000000000e+00,5.299888849258422852e-01,3.035882413387298584e-01,1.036977767944335938e-01,3.911406099796295166e-01,9.830059856176376343e-02,6.826781034469604492e-01,5.648737549781799316e-01,1.974156945943832397e-01,1.214769482612609863e-02,3.530479222536087036e-02,3.341762721538543701e-02,4.212459325790405273e-01,4.109430015087127686e-01,1.396128237247467041e-01,2.027993798255920410e-01,5.462334156036376953e-01,5.439357757568359375e-01,6.284334659576416016e-01,5.290486216545104980e-01,3.811234831809997559e-01,1.806649118661880493e-01,2.399164289236068726e-01,1.834546327590942383e-01,-6.554720550775527954e-02,-7.001873105764389038e-02,-3.155695796012878418e-01,-2.905225157737731934e-01,1.524693071842193604e-01,-9.918566793203353882e-02,3.270056843757629395e-01,9.481723606586456299e-02,1.389050036668777466e-01,5.984521657228469849e-02,-8.452301472425460815e-02,-1.833200603723526001e-01,5.180110409855842590e-02,5.329003185033798218e-02,-1.799433529376983643e-01,-1.650798171758651733e-01,-5.359066277742385864e-02,-8.697384968400001526e-03,-2.245033085346221924e-01,-6.380061060190200806e-02,-1.302021443843841553e-01,7.258082926273345947e-02,1.315336823463439941e-01,-1.037248000502586365e-01,5.238021165132522583e-02,-7.362790405750274658e-02,3.893894702196121216e-02,1.198147982358932495e-01,-1.491686552762985229e-01,-1.216895729303359985e-01,2.321145869791507721e-02,-1.920973509550094604e-01,-2.128491848707199097e-01,-2.359143793582916260e-01,-8.430800586938858032e-02,-1.535661816596984863e-01,-2.526233717799186707e-02,2.408668212592601776e-02,2.386181950569152832e-01,2.302193045616149902e-01,1.563890278339385986e-01,8.525053411722183228e-02,1.005845293402671814e-01,4.640427231788635254e-02,7.512753456830978394e-02,3.077182359993457794e-02,5.220294743776321411e-02,-7.669323682785034180e-02,1.529386043548583984e-01,-1.089446172118186951e-01,6.967279911041259766e-01,4.108180403709411621e-01,9.874981641769409180e-02,-1.407830715179443359e-01,5.924444794654846191e-01,4.489407837390899658e-01,4.810183048248291016e-01,1.762893944978713989e-01,-1.036713272333145142e-01,-7.698395848274230957e-02,-1.062934752553701401e-02,2.728470414876937866e-02,4.873702302575111389e-03,2.066422998905181885e-02,-1.113032177090644836e-02,-9.757329523563385010e-02,-3.195738792419433594e-01,-3.766421079635620117e-01,-7.553612440824508667e-02,-7.271078880876302719e-03,4.243311937898397446e-03,-1.093316599726676941e-01,-3.935362026095390320e-02,-7.622864097356796265e-02,4.977241531014442444e-02,-9.756373614072799683e-02,-9.556306153535842896e-02,4.010665416717529297e-02,-1.140260621905326843e-01,-2.865454852581024170e-01,-3.030017912387847900e-01,-3.049882352352142334e-01,-1.846111714839935303e-01,-1.785562187433242798e-01
-1.442958861589431763e-01,-1.072928160429000854e-01,1.890586921945214272e-03,1.806587353348731995e-02,5.776485204696655273e-01,6.960535645484924316e-01,-7.075084000825881958e-02,1.437654346227645874e-01,5.299888849258422852e-01,1.000000000000000000e+00,3.205185383558273315e-02,1.535014957189559937e-01,4.341166839003562927e-02,2.588389813899993896e-01,3.755001425743103027e-01,6.192718148231506348e-01,-5.328364670276641846e-03,1.140358969569206238e-01,-1.850045770406723022e-01,-1.153058111667633057e-01,2.517111599445343018e-01,2.609432339668273926e-01,-9.782120585441589355e-03,1.234423518180847168e-01,6.131349205970764160e-01,5.325533151626586914e-01,5.378014445304870605e-01,4.953729212284088135e-01,2.089886963367462158e-01,2.361965924501419067e-01,8.873017877340316772e-02,5.385067313909530640e-02,-1.797198653221130371e-01,-1.820757538080215454e-01,-1.678835153579711914e-01,-1.184223294258117676e-01,1.481267660856246948e-01,2.571836858987808228e-02,2.522361576557159424e-01,2.410762161016464233e-01,1.264852583408355713e-01,2.058041840791702271e-01,-1.269168853759765625e-01,-6.174112483859062195e-02,4.568298161029815674e-02,1.972799450159072876e-01,-2.503748238086700439e-01,-1.007056087255477905e-01,8.573245257139205933e-02,2.009245604276657104e-01,-4.057871177792549133e-02,1.141183897852897644e-01,-1.246922090649604797e-01,1.511079668998718262e-01,6.353008002042770386e-02,9.025063365697860718e-02,-1.197738200426101685e-01,-9.671242535114288330e-02,9.426247328519821167e-02,6.554436683654785156e-02,-1.943981796503067017e-01,-1.089351400732994080e-01,-1.952526271343231201e-01,-1.504824310541152954e-01,-5.730151012539863586e-02,-8.049789071083068848e-02,-1.341329663991928101e-01,-6.087446212768554688e-02,-1.500970572233200073e-01,-4.156302195042371750e-03,3.485526144504547119e-02,9.753628820180892944e-02,9.052889794111251831e-02,1.812526285648345947e-01,6.456383317708969116e-02,1.421342194080352783e-01,1.773476973176002502e-02,5.974385887384414673e-02,-1.121646016836166382e-01,4.201550781726837158e-02,-1.034442037343978882e-01,5.817290768027305603e-02,4.118451476097106934e-01,6.524975299835205078e-01,-8.420179039239883423e-02,7.277731597423553467e-02,4.495934545993804932e-01,5.884187221527099609e-01,2.595416903495788574e-01,3.145780563354492188e-01,-8.575447648763656616e-02,6.165012717247009277e-02,5.149545520544052124e-02,1.929246187210083008e-01,8.800489455461502075e-02,1.532023549079895020e-01,-7.994204759597778320e-02,-1.596041768789291382e-01,-1.515371948480606079e-01,-1.753225475549697876e-01,1.137229502201080322e-01,1.880884617567062378e-01,1.506957709789276123e-01,7.976742088794708252e-02,6.019325926899909973e-02,2.068775007501244545e-03,1.036274209618568420e-01,4.138254746794700623e-02,-2.884732559323310852e-02,-1.196584701538085938e-01,-2.172195017337799072e-01,-2.155403047800064087e-01,-2.315804064273834229e-01,7.780600804835557938e-03,-3.147559240460395813e-02,-2.548599429428577423e-02
3.751574158668518066e-01,2.308601140975952148e-01,4.659632444381713867e-01,4.100849330425262451e-01,1.654370725154876709e-01,1.078653186559677124e-01,5.439388155937194824e-01,4.233088493347167969e-01,3.035882413387298584e-01,3.205185383558273315e-02,1.000000000000000000e+00,4.661104381084442139e-01,6.867227554321289062e-01,2.961810529232025146e-01,3.526372313499450684e-01,2.070349007844924927e-01,6.301084756851196289e-01,4.460394680500030518e-01,2.331090718507766724e-01,2.408321201801300049e-01,3.946184217929840088e-01,3.777256906032562256e-01,3.796073794364929199e-01,3.454076945781707764e-01,7.921383529901504517e-02,2.183989733457565308e-01,2.608254253864288330e-01,2.319532334804534912e-01,5.654447078704833984e-01,3.904087841510772705e-01,4.837072193622589111e-01,4.760195016860961914e-01,2.361645102500915527e-01,2.306924015283584595e-01,1.982218399643898010e-02,8.879026770591735840e-02,2.085894197225570679e-01,3.477683290839195251e-02,2.325494289398193359e-01,6.498157978057861328e-02,1.066385880112648010e-01,-7.617167662829160690e-03,-8.536161854863166809e-03,-6.419468671083450317e-02,-4.533273726701736450e-02,-1.888357698917388916e-01,1.272086240351200104e-02,-5.695457383990287781e-02,-2.585214078426361084e-01,-2.848810851573944092e-01,-1.835031360387802124e-01,-2.256505787372589111e-01,-7.912742346525192261e-02,-1.468286514282226562e-01,1.530991494655609131e-01,-1.853324589319527149e-03,4.077962338924407959e-01,2.376560568809509277e-01,-8.983102440834045410e-02,-1.754481494426727295e-01,1.163007542490959167e-01,1.384456455707550049e-01,4.225036799907684326e-01,1.868462264537811279e-01,3.431190922856330872e-02,-6.729010492563247681e-02,1.173233762383460999e-01,8.002811670303344727e-02,6.377479434013366699e-02,6.109253689646720886e-02,5.038424730300903320e-01,4.843222498893737793e-01,3.539539575576782227e-01,2.912123799324035645e-01,2.776135802268981934e-01,2.207238376140594482e-01,3.190142810344696045e-01,2.626283168792724609e-01,4.473585784435272217e-01,2.668751180171966553e-01,5.349830985069274902e-01,2.809587419033050537e-01,3.548441231250762939e-01,5.937363952398300171e-02,4.539064764976501465e-01,1.161774918437004089e-01,9.735806286334991455e-02,-2.588843740522861481e-02,1.778076291084289551e-01,-1.655570603907108307e-02,-1.803166121244430542e-01,-2.229803651571273804e-01,-2.306639701128005981e-01,-2.546091079711914062e-01,6.371185183525085449e-02,-2.006727084517478943e-02,1.354887038469314575e-01,9.517697244882583618e-02,-1.103266626596450806e-01,-1.678834855556488037e-01,-1.528686583042144775e-01,-1.900105625391006470e-01,-1.536454260349273682e-01,-1.109774336218833923e-01,-2.504139393568038940e-02,2.764383517205715179e-02,1.412388682365417480e-01,-1.828942820429801941e-02,8.141066879034042358e-03,2.417143285274505615e-01,1.123551875352859497e-01,-4.801646620035171509e-02,-4.972426965832710266e-02,-2.029293179512023926e-01,-3.191974759101867676e-02,3.514512442052364349e-03
4.298366308212280273e-01,4.841107428073883057e-01,2.600038945674896240e-01,3.530986607074737549e-01,7.168667763471603394e-02,1.593888103961944580e-01,4.191828370094299316e-01,6.025554537773132324e-01,1.036977767944335938e-01,1.535014957189559937e-01,4.661104381084442139e-01,1.000000000000000000e+00,4.023411870002746582e-01,6.498677730560302734e-01,1.345279663801193237e-01,2.838199138641357422e-01,4.213792681694030762e-01,5.537480115890502930e-01,2.526044845581054688e-01,3.497730791568756104e-01,2.427052557468414307e-01,2.491901367902755737e-01,3.917087316513061523e-01,3.806518614292144775e-01,7.661411911249160767e-02,2.284977138042449951e-01,2.095375657081604004e-01,2.223769724369049072e-01,3.773600161075592041e-01,5.595593452453613281e-01,4.805776476860046387e-01,4.926374554634094238e-01,3.398212790489196777e-01,3.742445409297943115e-01,1.922930479049682617e-01,2.009252756834030151e-01,1.510106176137924194e-01,2.454081773757934570e-01,2.119376808404922485e-01,2.637793719768524170e-01,2.150001525878906250e-01,2.602027952671051025e-01,-1.103391684591770172e-02,1.840429939329624176e-02,-1.082316040992736816e-01,-1.420445740222930908e-01,-5.101862177252769470e-02,-1.238848734647035599e-02,-2.454449385404586792e-01,-2.223321497440338135e-01,-1.106925830245018005e-01,-2.103250175714492798e-01,-1.005111634731292725e-01,-1.153705194592475891e-01,8.073852956295013428e-02,2.276133149862289429e-01,3.525356054306030273e-01,4.077208340167999268e-01,7.231470197439193726e-02,-8.345995843410491943e-02,1.672403514385223389e-01,3.502671122550964355e-01,2.338691353797912598e-01,3.089173734188079834e-01,6.101524829864501953e-02,2.024768851697444916e-03,1.881228387355804443e-01,2.889053523540496826e-01,2.862318754196166992e-01,2.229834645986557007e-01,3.783453702926635742e-01,4.604160785675048828e-01,2.833150029182434082e-01,4.240461587905883789e-01,3.055891990661621094e-01,3.603832423686981201e-01,2.961730957031250000e-01,3.072528541088104248e-01,2.353244572877883911e-01,2.579955756664276123e-01,2.840786874294281006e-01,4.925553500652313232e-01,1.167354881763458252e-01,3.155581951141357422e-01,2.635647654533386230e-01,3.364253044128417969e-01,1.886853761970996857e-02,1.571415960788726807e-01,-1.828565075993537903e-02,1.931388974189758301e-01,-2.025676667690277100e-01,-1.039081141352653503e-01,-1.953130811452865601e-01,-1.253179013729095459e-01,2.821797877550125122e-02,-2.881609648466110229e-02,7.075778394937515259e-02,1.090174391865730286e-01,-5.568612739443778992e-02,1.228904910385608673e-02,-6.658209115266799927e-02,-3.050081059336662292e-02,-3.652728348970413208e-02,6.995612382888793945e-02,1.132554411888122559e-01,1.283372789621353149e-01,1.191107034683227539e-01,1.061284840106964111e-01,-4.957933351397514343e-02,1.435493826866149902e-01,8.795783668756484985e-02,3.781973943114280701e-02,-5.609832331538200378e-02,-3.218858689069747925e-02,7.168111950159072876e-02,3.336622565984725952e-02
3.425227999687194824e-01,1.976300776004791260e-01,4.920591115951538086e-01,4.913620948791503906e-01,3.127149641513824463e-01,1.837097108364105225e-01,6.186741590499877930e-01,4.605896770954132080e-01,3.911406099796295166e-01,4.341166839003562927e-02,6.867227554321289062e-01,4.023411870002746582e-01,1.000000000000000000e+00,3.350868821144104004e-01,4.865846633911132812e-01,2.864697575569152832e-01,5.739792585372924805e-01,3.008921146392822266e-01,2.307360321283340454e-01,2.495955228805541992e-01,3.882195651531219482e-01,4.146061837673187256e-01,5.192033648490905762e-01,5.028960704803466797e-01,1.963912546634674072e-01,3.610441386699676514e-01,3.556376993656158447e-01,3.649682402610778809e-01,5.842708349227905273e-01,4.180521070957183838e-01,5.420407056808471680e-01,5.195057988166809082e-01,1.644447892904281616e-01,1.623661816120147705e-01,-5.794961377978324890e-02,-1.288999989628791809e-02,2.921187281608581543e-01,8.922787755727767944e-02,3.826765716075897217e-01,1.828945875167846680e-01,2.462286055088043213e-01,1.044883951544761658e-01,-1.379386521875858307e-02,-7.789437472820281982e-02,-6.662839651107788086e-02,-2.040950059890747070e-01,1.274611148983240128e-02,-5.774064734578132629e-02,-2.299532890319824219e-01,-2.479220330715179443e-01,-1.533576101064682007e-01,-2.089019715785980225e-01,-3.482704237103462219e-02,-8.688848465681076050e-02,2.003301680088043213e-01,1.537450496107339859e-02,3.198822736740112305e-01,9.875891357660293579e-02,-3.253977978602051735e-03,-1.312575042247772217e-01,2.441249787807464600e-02,4.425061866641044617e-02,3.580083847045898438e-01,7.938908785581588745e-02,-9.998805075883865356e-02,-1.913113743066787720e-01,2.072772756218910217e-02,-5.481065809726715088e-02,9.726397693157196045e-02,1.638553105294704437e-02,5.155305862426757812e-01,5.128803849220275879e-01,4.530786275863647461e-01,2.951169312000274658e-01,3.690311312675476074e-01,2.338526993989944458e-01,2.986692190170288086e-01,2.117610126733779907e-01,3.958297371864318848e-01,1.431068480014801025e-01,5.072358846664428711e-01,1.683722287416458130e-01,4.749164283275604248e-01,1.217782944440841675e-01,3.366547822952270508e-01,1.432298775762319565e-02,1.933798789978027344e-01,6.374453008174896240e-02,1.982660591602325439e-01,-9.167942218482494354e-03,-1.387738585472106934e-01,-2.179576307535171509e-01,-1.996845155954360962e-01,-2.632004320621490479e-01,4.782082885503768921e-02,-1.044393051415681839e-02,1.439094841480255127e-01,1.191365569829940796e-01,-8.565244823694229126e-02,-1.646988093852996826e-01,-2.104162573814392090e-01,-2.181783020496368408e-01,-1.497023701667785645e-01,-1.374049633741378784e-01,4.354653507471084595e-02,2.296277880668640137e-02,1.235600709915161133e-01,-3.278640285134315491e-02,-3.750194236636161804e-02,2.768988609313964844e-01,1.461348831653594971e-01,-2.493962273001670837e-02,-2.656615711748600006e-02,-2.399670183658599854e-01,-5.045640841126441956e-02,1.596186193637549877e-03
