1.000000000000000000e+00,6.077085137367248535e-01,1.169862300157546997e-01,2.678162455558776855e-01,6.573169678449630737e-02,-9.772363305091857910e-02,4.086685478687286377e-01,3.534653782844543457e-01,4.919393360614776611e-02,-1.266519278287887573e-01,3.564265370368957520e-01,1.110986024141311646e-01,1.950161010026931763e-01,-1.549441833049058914e-03,-1.231923606246709824e-02,-2.153494209051132202e-01,3.012443482875823975e-01,3.543590605258941650e-01,5.559307336807250977e-01,4.732430875301361084e-01,-4.551265016198158264e-02,-1.144323050975799561e-01,-2.066901884973049164e-02,-3.745233640074729919e-02,-1.447581499814987183e-01,-1.491817831993103027e-01,1.085741072893142700e-01,4.719953052699565887e-03,2.486799806356430054e-01,-4.113630577921867371e-02,-7.177555561065673828e-02,7.246495783329010010e-02,4.297672584652900696e-02,1.188510879874229431e-01,5.200720578432083130e-02,2.788064479827880859e-01,1.572667658329010010e-01,1.379191577434539795e-01,1.052021905779838562e-01,9.151947498321533203e-02,-1.252274028956890106e-02,-1.034049019217491150e-01,2.283429354429244995e-02,2.453136891126632690e-01,-2.832981385290622711e-02,2.822922766208648682e-01,1.287003904581069946e-01,1.376239657402038574e-01,1.678178310394287109e-01,3.555291891098022461e-01,1.061858087778091431e-01,2.161350995302200317e-01,-1.447996404021978378e-02,1.282054632902145386e-01,1.607756465673446655e-01,1.395400762557983398e-01,4.763997495174407959e-01,4.536335468292236328e-01,1.515488922595977783e-01,1.855780631303787231e-01,2.345882356166839600e-01,4.071332141757011414e-02,4.140137434005737305e-01,2.287742048501968384e-01,2.427810877561569214e-01,2.125320732593536377e-01,1.414877474308013916e-01,1.300011277198791504e-01,4.912165999412536621e-01,3.134316205978393555e-01,1.202618777751922607e-01,1.519588828086853027e-01,1.984862089157104492e-01,9.789841622114181519e-02,2.069187909364700317e-01,2.284573577344417572e-02,7.190083712339401245e-02,1.052948236465454102e-01,2.738807797431945801e-01,2.369980812072753906e-01,3.895808756351470947e-01,2.692427933216094971e-01,2.773755043745040894e-02,-1.621073782444000244e-01,3.279339671134948730e-01,2.826096713542938232e-01,8.191070705652236938e-02,-1.097336318343877792e-02,4.603479802608489990e-02,1.870456710457801819e-02,-4.974767565727233887e-02,2.688941732048988342e-02,-1.351806521415710449e-01,-2.152467370033264160e-01,1.940885633230209351e-01,1.347149163484573364e-01,2.756805121898651123e-01,2.019440531730651855e-01,8.782848715782165527e-02,1.706212013959884644e-01,-1.213006526231765747e-01,-6.656274199485778809e-02,4.869534168392419815e-03,4.366254433989524841e-02,-3.656199201941490173e-02,1.324248407036066055e-02,8.213019371032714844e-02,1.679672896862030029e-01,6.630104035139083862e-02,8.791403472423553467e-02,1.325681954622268677e-01,1.790474057197570801e-01,2.575937286019325256e-02,-3.316427813842892647e-03,-8.998804539442062378e-02,3.101563826203346252e-02
6.077085137367248535e-01,1.000000000000000000e+00,9.376999735832214355e-02,3.063647150993347168e-01,-1.115802861750125885e-02,-1.159031465649604797e-01,4.516840875148773193e-01,5.248771309852600098e-01,-2.299144677817821503e-02,-7.931151241064071655e-02,2.314703315496444702e-01,2.862317264080047607e-01,7.826309651136398315e-02,7.213557511568069458e-02,-1.372926533222198486e-01,-3.080179691314697266e-01,3.719117641448974609e-01,5.605232715606689453e-01,3.924624025821685791e-01,4.978309273719787598e-01,-2.655516564846038818e-01,-3.118474185466766357e-01,-7.425624877214431763e-02,-8.801808953285217285e-02,-1.980239152908325195e-01,-2.144018560647964478e-01,1.056446656584739685e-01,8.694481104612350464e-02,1.148169636726379395e-01,-1.578235253691673279e-02,-2.037505507469177246e-01,-8.646505326032638550e-02,2.822476625442504883e-02,1.233574971556663513e-01,1.560279354453086853e-02,2.407220751047134399e-01,1.395623944699764252e-02,1.446373760700225830e-01,-9.221828728914260864e-02,5.671621114015579224e-02,-2.365493774414062500e-01,-1.765809357166290283e-01,1.475129872560501099e-01,3.457033336162567139e-01,1.680858060717582703e-02,4.259302616119384766e-01,1.968928724527359009e-01,2.125013917684555054e-01,2.283253669738769531e-01,4.797396361827850342e-01,1.343259215354919434e-01,2.944016158580780029e-01,1.405111420899629593e-02,1.060252413153648376e-01,4.091528430581092834e-02,1.903736889362335205e-01,5.162669420242309570e-01,5.992513895034790039e-01,1.875382065773010254e-01,2.925113439559936523e-01,3.942618370056152344e-01,3.078367114067077637e-01,3.550459444522857666e-01,4.049088656902313232e-01,3.780834972858428955e-01,4.425760209560394287e-01,2.164672762155532837e-01,2.553930878639221191e-01,4.615211188793182373e-01,4.071190655231475830e-01,6.732736527919769287e-02,1.879075169563293457e-01,1.351067125797271729e-01,1.809932291507720947e-01,1.885941773653030396e-01,1.271501835435628891e-02,1.875180006027221680e-01,2.371720671653747559e-01,3.759012222290039062e-01,4.708267748355865479e-01,3.638680875301361084e-01,4.557211101055145264e-01,-8.488904684782028198e-02,-1.531651467084884644e-01,2.326478362083435059e-01,4.476102292537689209e-01,4.352721944451332092e-02,8.837374299764633179e-02,-5.886489152908325195e-02,9.535706788301467896e-02,-7.828965783119201660e-02,-1.646242663264274597e-02,-1.093610599637031555e-01,-2.430363744497299194e-01,-2.380092255771160126e-02,7.519342750310897827e-02,8.952769637107849121e-02,1.692353934049606323e-01,2.897913145716302097e-05,1.926525682210922241e-01,-1.593842506408691406e-01,-1.457297056913375854e-01,-5.315472930669784546e-02,-2.274661697447299957e-02,-1.725320070981979370e-01,-9.858482331037521362e-02,7.199533283710479736e-02,1.151066273450851440e-01,6.702429801225662231e-02,1.004291772842407227e-01,1.635697633028030396e-01,2.084708511829376221e-01,8.087710477411746979e-03,3.599203005433082581e-02,-2.257317304611206055e-01,-6.383947283029556274e-02
1.169862300157546997e-01,9.376999735832214355e-02,1.000000000000000000e+00,5.802592039108276367e-01,6.085036993026733398e-01,4.116573631763458252e-01,5.585995912551879883e-01,3.580820262432098389e-01,5.133832097053527832e-01,2.924502193927764893e-01,2.542041540145874023e-01,1.007737889885902405e-01,4.554715752601623535e-01,2.092633694410324097e-01,5.173559784889221191e-01,2.859661579132080078e-01,2.672795355319976807e-01,1.205049529671669006e-01,1.357962340116500854e-01,1.532176136970520020e-01,2.033438384532928467e-01,1.638026386499404907e-01,7.049197554588317871e-01,5.390400290489196777e-01,5.345677137374877930e-01,4.860020875930786133e-01,5.472017526626586914e-01,4.402507245540618896e-01,1.367311179637908936e-01,1.664825230836868286e-01,6.049783825874328613e-01,3.696540296077728271e-01,1.014107689261436462e-01,2.015154212713241577e-01,-1.580676883459091187e-01,-3.294627368450164795e-02,-3.010438680648803711e-01,-3.310865536332130432e-02,-1.590045839548110962e-01,6.889295578002929688e-02,2.360173501074314117e-03,7.710576802492141724e-02,-9.124271571636199951e-02,-9.173749946057796478e-03,-1.029873937368392944e-01,-9.977179579436779022e-03,-7.571547478437423706e-02,-6.003434956073760986e-02,-5.048536881804466248e-02,4.970815032720565796e-03,7.422675937414169312e-02,5.544116720557212830e-02,3.043954968452453613e-01,1.992796510457992554e-01,3.239238560199737549e-01,2.649496197700500488e-01,2.443426549434661865e-01,1.211659908294677734e-01,1.234819963574409485e-01,7.297255098819732666e-02,-1.499413698911666870e-02,-1.082236692309379578e-01,2.169284224510192871e-01,1.620254814624786377e-01,-2.818372473120689392e-02,-4.487642552703619003e-03,-1.202357336878776550e-01,4.888690076768398285e-03,5.654746294021606445e-02,9.636051207780838013e-02,1.744962111115455627e-02,-1.960947662591934204e-01,9.419835405424237251e-04,5.942292511463165283e-02,-6.741251796483993530e-02,-1.527208089828491211e-01,-2.073753029108047485e-01,-2.200666815042495728e-01,5.931521952152252197e-02,8.151578903198242188e-02,2.998966574668884277e-01,2.345677763223648071e-01,5.211443901062011719e-01,2.930565774440765381e-01,3.362132608890533447e-01,2.232066839933395386e-01,3.806767761707305908e-01,2.928947508335113525e-01,4.902369379997253418e-01,3.440439105033874512e-01,5.416756272315979004e-01,4.908540546894073486e-01,4.878993034362792969e-01,4.321277737617492676e-01,-3.961827233433723450e-02,-4.219042137265205383e-02,-3.458628430962562561e-02,-2.190270274877548218e-02,4.666192233562469482e-01,3.296193182468414307e-01,5.000146031379699707e-01,4.403044581413269043e-01,4.882581830024719238e-01,4.803194105625152588e-01,4.570052623748779297e-01,4.204359352588653564e-01,2.723512053489685059e-01,3.108447492122650146e-01,2.994813583791255951e-02,-8.414196968078613281e-02,9.289506077766418457e-02,2.837321162223815918e-01,2.810624241828918457e-01,2.675389349460601807e-01,1.652380526065826416e-01,2.904827594757080078e-01
2.678162455558776855e-01,3.063647150993347168e-01,5.802592039108276367e-01,1.000000000000000000e+00,3.898276984691619873e-01,4.076138734817504883e-01,4.576875567436218262e-01,5.742740035057067871e-01,3.689343035221099854e-01,3.528714776039123535e-01,1.928378641605377197e-01,4.463117569684982300e-02,2.970450222492218018e-01,1.462577432394027710e-01,3.858317434787750244e-01,2.529928684234619141e-01,1.484259217977523804e-01,1.767801493406295776e-01,2.161557376384735107e-01,3.658175170421600342e-01,1.278268396854400635e-01,1.532626301050186157e-01,4.408680498600006104e-01,4.346283078193664551e-01,2.899203300476074219e-01,3.754596412181854248e-01,4.553281664848327637e-01,5.326001048088073730e-01,1.931699961423873901e-01,1.959509849548339844e-01,3.516744971275329590e-01,3.125783503055572510e-01,-5.261839926242828369e-02,9.599653631448745728e-02,-2.082546502351760864e-01,-3.918239101767539978e-02,-1.222162321209907532e-01,1.342586129903793335e-01,-7.427615579217672348e-03,2.169044017791748047e-01,3.698142245411872864e-02,1.650057733058929443e-01,-9.178581833839416504e-02,-4.463856294751167297e-02,-1.200859248638153076e-01,1.121540218591690063e-01,-1.471023857593536377e-01,-6.597915291786193848e-02,-4.230126366019248962e-02,4.094199463725090027e-02,-7.911722362041473389e-02,-6.262844800949096680e-02,1.278863847255706787e-02,9.017902612686157227e-02,1.730077713727951050e-01,3.528663516044616699e-01,2.230207771062850952e-01,1.662721037864685059e-01,2.232577502727508545e-01,1.970240920782089233e-01,1.430966556072235107e-01,1.353639215230941772e-01,1.114548593759536743e-01,2.482401281595230103e-01,3.391523286700248718e-02,1.000815704464912415e-01,-3.231432288885116577e-02,1.540392288006842136e-03,1.271442621946334839e-01,1.165226846933364868e-01,1.424320191144943237e-01,6.142219528555870056e-03,1.084881350398063660e-01,8.648509532213211060e-02,4.474090412259101868e-02,-6.212974339723587036e-02,-1.383136305958032608e-02,1.666359230875968933e-02,1.075498759746551514e-01,2.262289673089981079e-01,1.749953329563140869e-01,2.390821725130081177e-01,4.156473577022552490e-01,3.404345810413360596e-01,1.298071146011352539e-01,2.082056850194931030e-01,3.939327001571655273e-01,4.351630508899688721e-01,2.783908545970916748e-01,3.617720901966094971e-01,2.921205759048461914e-01,3.701754510402679443e-01,2.731441855430603027e-01,3.166721761226654053e-01,2.103311009705066681e-02,7.316642999649047852e-02,-9.824316948652267456e-03,1.051013171672821045e-01,1.545222550630569458e-01,2.811331450939178467e-01,3.413991928100585938e-01,3.426434695720672607e-01,4.129317402839660645e-01,4.433677494525909424e-01,3.465711772441864014e-01,4.037246108055114746e-01,1.885339766740798950e-01,3.588122427463531494e-01,1.398103386163711548e-01,3.538416326045989990e-02,1.217884942889213562e-01,1.621876657009124756e-01,1.754844784736633301e-01,2.713955640792846680e-01,1.172727346420288086e-01,3.125457465648651123e-01
6.573169678449630737e-02,-1.115802861750125885e-02,6.085036993026733398e-01,3.898276984691619873e-01,1.000000000000000000e+00,5.684148073196411133e-01,4.266373813152313232e-01,1.651902645826339722e-01,7.535155415534973145e-01,3.784394562244415283e-01,1.637857109308242798e-01,-4.899471532553434372e-04,4.245079755783081055e-01,1.825306713581085205e-01,5.756400823593139648e-01,2.991966307163238525e-01,1.602354198694229126e-01,4.727098345756530762e-02,1.026761084794998169e-01,9.796721488237380981e-02,1.870076954364776611e-01,1.358955055475234985e-01,5.157926082611083984e-01,5.028517842292785645e-01,6.012396812438964844e-01,5.963246822357177734e-01,6.803159117698669434e-01,5.312106609344482422e-01,6.392789632081985474e-02,1.079029962420463562e-01,5.114644765853881836e-01,3.293610215187072754e-01,6.986860185861587524e-02,1.277290433645248413e-01,-1.784259974956512451e-01,-5.735237896442413330e-02,-3.182074129581451416e-01,5.548716336488723755e-02,-1.370334774255752563e-01,1.253663301467895508e-01,1.608224585652351379e-02,1.501939594745635986e-01,-3.420425653457641602e-01,-1.958945244550704956e-01,-2.845761179924011230e-01,-1.527674496173858643e-01,-2.838911116123199463e-01,-2.633392512798309326e-01,-8.820707350969314575e-02,-6.001059710979461670e-02,-1.098392084240913391e-01,-9.378411620855331421e-02,1.073272153735160828e-01,-2.503327839076519012e-02,1.180332452058792114e-01,1.722500175237655640e-01,9.989921003580093384e-02,2.278081700205802917e-02,1.844825446605682373e-01,3.063399903476238251e-02,-2.195139974355697632e-01,-3.147922158241271973e-01,4.147588089108467102e-02,5.301542952656745911e-02,-1.663336902856826782e-01,-2.338292598724365234e-01,-2.521446943283081055e-01,-2.069513648748397827e-01,-5.667576566338539124e-02,2.114106435328722000e-03,-2.246110327541828156e-02,-2.260206490755081177e-01,-3.186134994029998779e-02,4.980866611003875732e-02,-1.154799312353134155e-01,-1.151296645402908325e-01,-3.264107108116149902e-01,-3.092341125011444092e-01,-5.725003778934478760e-02,9.482743218541145325e-03,2.200837582349777222e-01,1.156754419207572937e-01,5.835733413696289062e-01,3.770462274551391602e-01,2.648145854473114014e-01,1.148263588547706604e-01,5.399119853973388672e-01,4.314194619655609131e-01,4.988810122013092041e-01,3.526147603988647461e-01,4.468150436878204346e-01,3.546485602855682373e-01,3.067702949047088623e-01,3.381967246532440186e-01,-6.289204955101013184e-02,-1.441704034805297852e-01,-9.158655256032943726e-02,-5.645883455872535706e-02,2.861319482326507568e-01,1.262227743864059448e-01,5.667269825935363770e-01,5.131388306617736816e-01,6.096696853637695312e-01,5.897591114044189453e-01,5.528224110603332520e-01,5.166077613830566406e-01,4.223053455352783203e-01,3.559292852878570557e-01,-6.331566255539655685e-04,-2.142260968685150146e-01,-9.900944679975509644e-02,2.147360891103744507e-01,1.495277136564254761e-01,-1.536253467202186584e-02,-1.899164356291294098e-02,2.507967054843902588e-01
-9.772363305091857910e-02,-1.159031465649604797e-01,4.116573631763458252e-01,4.076138734817504883e-01,5.684148073196411133e-01,1.000000000000000000e+00,1.376372426748275757e-01,2.436908185482025146e-01,3.603920340538024902e-01,5.680288672447204590e-01,-1.460019797086715698e-01,2.077751420438289642e-02,1.181198433041572571e-01,3.840945959091186523e-01,3.267180621623992920e-01,4.073528945446014404e-01,-9.169556200504302979e-02,-5.796577408909797668e-02,-6.310751661658287048e-03,-1.491944491863250732e-02,2.570786774158477783e-01,2.330129593610763550e-01,5.089007019996643066e-01,6.785410642623901367e-01,5.855847001075744629e-01,7.422357797622680664e-01,4.664518833160400391e-01,6.840935945510864258e-01,5.184157751500606537e-03,2.172451317310333252e-01,4.303517043590545654e-01,3.324996232986450195e-01,6.804573535919189453e-02,1.023534834384918213e-01,-1.623744815587997437e-01,-8.291742950677871704e-02,-1.573322899639606476e-02,1.999179869890213013e-01,1.186070889234542847e-01,2.902743816375732422e-01,2.055000513792037964e-01,3.196725547313690186e-01,-2.774019539356231689e-01,-3.186074495315551758e-01,-2.270122766494750977e-01,-1.950786262750625610e-01,-2.734361886978149414e-01,-1.390708237886428833e-01,-1.061161682009696960e-01,-1.235544607043266296e-01,-1.423756778240203857e-01,-1.636151373386383057e-01,6.251861900091171265e-02,1.096391156315803528e-01,-3.440467268228530884e-02,1.600957512855529785e-01,-9.013457596302032471e-02,-5.917617678642272949e-02,3.009184300899505615e-01,7.187417242676019669e-03,-6.507739424705505371e-02,-9.562503546476364136e-02,-1.365626007318496704e-01,2.536634504795074463e-01,-1.564193330705165863e-02,-1.761131882667541504e-01,-1.106009334325790405e-01,-1.712677031755447388e-01,-4.636745527386665344e-02,-8.240438066422939301e-03,2.031629718840122223e-02,-6.953490525484085083e-02,3.743194043636322021e-02,-1.271446351893246174e-03,-5.018800124526023865e-02,2.490175887942314148e-02,-2.145378440618515015e-01,-1.862146854400634766e-01,-6.031961366534233093e-02,-8.465754985809326172e-02,-1.392486840486526489e-01,9.926068596541881561e-03,4.551572501659393311e-01,6.654854416847229004e-01,-1.053043529391288757e-01,2.335925772786140442e-02,3.923228383064270020e-01,6.591637730598449707e-01,1.562095284461975098e-01,3.606460690498352051e-01,1.855994164943695068e-01,2.983678579330444336e-01,1.521777212619781494e-01,3.258960545063018799e-01,-2.035212889313697815e-02,-7.147691398859024048e-02,-2.382968366146087646e-02,1.691553592681884766e-01,1.107435971498489380e-01,9.898057579994201660e-02,3.651549816131591797e-01,4.039457440376281738e-01,3.787071704864501953e-01,4.252818524837493896e-01,4.701049029827117920e-01,5.596877932548522949e-01,1.991113573312759399e-01,2.579446136951446533e-01,2.539727091789245605e-01,2.762386202812194824e-02,1.489263921976089478e-01,3.105462789535522461e-01,2.181523442268371582e-01,6.235445663332939148e-02,6.579639762639999390e-02,2.921090722084045410e-01
4.086685478687286377e-01,4.516840875148773193e-01,5.585995912551879883e-01,4.576875567436218262e-01,4.266373813152313232e-01,1.376372426748275757e-01,1.000000000000000000e+00,5.757200121879577637e-01,3.151894509792327881e-01,4.517374560236930847e-02,3.878257274627685547e-01,3.602578639984130859e-01,5.143178701400756836e-01,3.366872370243072510e-01,2.279765754938125610e-01,-3.778970241546630859e-02,5.008570551872253418e-01,4.560889303684234619e-01,2.892288565635681152e-01,4.235558211803436279e-01,-1.033861637115478516e-01,-1.317953765392303467e-01,3.174012303352355957e-01,2.146271169185638428e-01,2.223648875951766968e-01,1.659166961908340454e-01,4.777367115020751953e-01,3.419324159622192383e-01,9.798905998468399048e-02,1.283992379903793335e-01,2.184673398733139038e-01,1.400473564863204956e-01,1.384988576173782349e-01,2.028412669897079468e-01,-4.748994857072830200e-02,9.204895049333572388e-02,-3.165824711322784424e-01,-2.533624321222305298e-02,-3.081436455249786377e-01,-6.130808591842651367e-02,-2.743651568889617920e-01,-1.283591538667678833e-01,6.435062736272811890e-02,2.495317310094833374e-01,-4.349566251039505005e-02,1.508148461580276489e-01,1.670775413513183594e-01,1.043951660394668579e-01,1.275238841772079468e-01,2.246598452329635620e-01,1.658944487571716309e-01,2.172951400279998779e-01,2.483383268117904663e-01,1.008969321846961975e-01,1.922942996025085449e-01,2.156502008438110352e-01,3.652315437793731689e-01,2.666420042514801025e-01,9.496288746595382690e-02,7.125350832939147949e-02,5.953966453671455383e-02,3.341784700751304626e-02,4.053126573562622070e-01,2.849868237972259521e-01,1.401039659976959229e-01,1.259658038616180420e-01,-5.632279813289642334e-02,4.329735785722732544e-02,1.061284244060516357e-01,1.381559371948242188e-01,1.618962734937667847e-03,2.372247166931629181e-02,-9.684865362942218781e-03,1.827521175146102905e-01,-4.242715425789356232e-03,-4.440844431519508362e-02,-3.097785450518131256e-02,-1.344357430934906006e-02,2.600782811641693115e-01,3.572784364223480225e-01,5.187836289405822754e-01,4.202403128147125244e-01,2.212817966938018799e-01,5.777858942747116089e-02,4.101798534393310547e-01,3.875305652618408203e-01,2.308952659368515015e-01,2.078499197959899902e-01,3.471874892711639404e-01,2.653198540210723877e-01,3.415076136589050293e-01,3.113475441932678223e-01,2.233191132545471191e-01,1.159560903906822205e-01,-9.692032635211944580e-02,-9.373060613870620728e-02,-5.132772028446197510e-03,-2.844818681478500366e-02,2.574540078639984131e-01,3.011952638626098633e-01,2.388359755277633667e-01,2.137665003538131714e-01,3.433130085468292236e-01,3.033192455768585205e-01,2.381047606468200684e-01,1.856466680765151978e-01,2.555541098117828369e-01,2.517446875572204590e-01,-2.328653819859027863e-02,-9.105649590492248535e-02,5.180091410875320435e-02,2.671513259410858154e-01,3.292157128453254700e-02,3.783874958753585815e-02,-1.151919811964035034e-01,8.418650180101394653e-02
3.534653782844543457e-01,5.248771309852600098e-01,3.580820262432098389e-01,5.742740035057067871e-01,1.651902645826339722e-01,2.436908185482025146e-01,5.757200121879577637e-01,1.000000000000000000e+00,7.849813997745513916e-02,3.184786140918731689e-01,2.130099236965179443e-01,4.638858139514923096e-01,2.328526079654693604e-01,5.328239798545837402e-01,6.730739772319793701e-02,9.645843505859375000e-02,3.571763932704925537e-01,5.396035909652709961e-01,2.718950212001800537e-01,3.102373480796813965e-01,-3.670682385563850403e-02,-4.434890672564506531e-02,1.979390382766723633e-01,2.443386465311050415e-01,5.119045451283454895e-02,1.474877148866653442e-01,3.611795604228973389e-01,4.745983779430389404e-01,1.964196711778640747e-01,4.120589792728424072e-01,1.230781674385070801e-01,2.312120199203491211e-01,7.044002413749694824e-02,1.568285971879959106e-01,-3.111475892364978790e-02,1.357849389314651489e-01,-3.653432056307792664e-02,2.574393153190612793e-01,-7.611095160245895386e-02,2.456319928169250488e-01,-1.313460171222686768e-01,1.218376904726028442e-01,5.048460885882377625e-02,2.222280651330947876e-01,-1.003610044717788696e-01,1.732859760522842407e-01,1.304913908243179321e-01,2.349905967712402344e-01,5.318859964609146118e-02,2.029193192720413208e-01,7.156897336244583130e-02,8.494563400745391846e-02,9.492694586515426636e-02,2.142100781202316284e-01,1.959820240736007690e-01,5.028728842735290527e-01,2.287404686212539673e-01,2.992011308670043945e-01,1.157982796430587769e-01,4.675412178039550781e-02,2.408690303564071655e-01,1.534723937511444092e-01,2.836469709873199463e-01,4.969972372055053711e-01,2.081336826086044312e-01,1.416260153055191040e-01,-2.858446352183818817e-02,3.441039100289344788e-02,1.617145985364913940e-01,1.267044693231582642e-01,1.475059092044830322e-01,2.254662513732910156e-01,2.093010842800140381e-01,3.426110744476318359e-01,1.999343484640121460e-01,1.285828948020935059e-01,1.297725141048431396e-01,1.912990063428878784e-01,2.820152640342712402e-01,4.273540675640106201e-01,3.530620038509368896e-01,5.381835699081420898e-01,1.575996726751327515e-01,3.347722291946411133e-01,1.990757882595062256e-01,5.099478960037231445e-01,1.445140838623046875e-01,4.228574633598327637e-01,1.517440825700759888e-01,5.065001845359802246e-01,1.968662887811660767e-01,4.230769276618957520e-01,1.011374443769454956e-01,1.480809897184371948e-01,1.754497550427913666e-02,1.354916691780090332e-01,1.244542449712753296e-01,3.080984652042388916e-01,1.323925852775573730e-01,4.944444298744201660e-01,6.183559074997901917e-02,1.446340829133987427e-01,1.447906792163848877e-01,2.011626064777374268e-01,8.597658574581146240e-02,1.871119737625122070e-01,1.735880672931671143e-01,2.704745233058929443e-01,2.595003545284271240e-01,1.663431227207183838e-01,2.720583379268646240e-01,3.486681580543518066e-01,1.449980735778808594e-01,2.082656621932983398e-01,-9.149468690156936646e-02,2.165413647890090942e-01
4.919393360614776611e-02,-2.299144677817821503e-02,5.133832097053527832e-01,3.689343035221099854e-01,7.535155415534973145e-01,3.603920340538024902e-01,3.151894509792327881e-01,7.849813997745513916e-02,1.000000000000000000e+00,4.293677508831024170e-01,2.796505987644195557e-01,-3.015221096575260162e-02,4.795602560043334961e-01,-2.903729304671287537e-02,7.423645257949829102e-01,4.077382981777191162e-01,2.020184695720672607e-01,6.712973117828369141e-02,5.033409595489501953e-02,8.109353482723236084e-02,2.589007616043090820e-01,2.483835369348526001e-01,3.489553928375244141e-01,2.868892550468444824e-01,4.394416511058807373e-01,4.778499603271484375e-01,5.852450132369995117e-01,4.413304626941680908e-01,1.104892939329147339e-01,1.147911921143531799e-01,4.293443560600280762e-01,2.836847901344299316e-01,8.969550952315330505e-03,7.753470540046691895e-02,-2.388673126697540283e-01,-1.292406767606735229e-01,-2.796535491943359375e-01,6.896633654832839966e-02,-7.601179182529449463e-02,1.842431277036666870e-01,3.849909082055091858e-02,2.111433297395706177e-01,-3.666409850120544434e-01,-2.344754487276077271e-01,-2.543457746505737305e-01,-1.028904616832733154e-01,-2.988493144512176514e-01,-3.381470143795013428e-01,-6.477504223585128784e-02,-5.103084444999694824e-02,-1.663348078727722168e-01,-1.531092375516891479e-01,-3.483952581882476807e-02,-1.256324052810668945e-01,2.463248670101165771e-01,2.534677386283874512e-01,1.598724275827407837e-01,3.779533505439758301e-02,1.496295034885406494e-01,2.432670071721076965e-02,-1.299339830875396729e-01,-3.009844124317169189e-01,-3.797666868194937706e-03,-1.361221522092819214e-01,-1.941442340612411499e-01,-1.559687405824661255e-01,-2.003357112407684326e-01,-1.723666638135910034e-01,-3.993696346879005432e-02,-1.663279253989458084e-03,-5.049255490303039551e-02,-2.676927149295806885e-01,-4.753028042614459991e-03,4.659475758671760559e-02,-1.206490769982337952e-01,-1.562707573175430298e-01,-3.188928663730621338e-01,-2.999187707901000977e-01,-9.991114027798175812e-03,1.998433656990528107e-02,2.609707713127136230e-01,1.322518438100814819e-01,6.102622747421264648e-01,3.274710774421691895e-01,3.578581213951110840e-01,1.377072781324386597e-01,5.347720384597778320e-01,3.074594438076019287e-01,6.025464534759521484e-01,3.746913671493530273e-01,4.945941865444183350e-01,3.844414949417114258e-01,4.112716913223266602e-01,4.195546507835388184e-01,1.863050833344459534e-02,-2.297955006361007690e-02,-9.028866887092590332e-02,-9.929312765598297119e-02,2.365965098142623901e-01,1.375332176685333252e-01,5.903557538986206055e-01,5.452791452407836914e-01,6.363317966461181641e-01,6.303495764732360840e-01,5.277010798454284668e-01,4.762863218784332275e-01,3.476723432540893555e-01,3.538380861282348633e-01,-1.454537212848663330e-01,-2.119585126638412476e-01,-2.217554748058319092e-01,-5.562541540712118149e-03,1.175794824957847595e-01,1.306357830762863159e-01,1.499397009611129761e-01,3.372186720371246338e-01
-1.266519278287887573e-01,-7.931151241064071655e-02,2.924502193927764893e-01,3.528714776039123535e-01,3.784394562244415283e-01,5.680288672447204590e-01,4.517374560236930847e-02,3.184786140918731689e-01,4.293677508831024170e-01,1.000000000000000000e+00,7.590959221124649048e-02,2.173317670822143555e-01,2.527864575386047363e-01,2.925984859466552734e-01,4.702267050743103027e-01,6.391891837120056152e-01,9.098510444164276123e-02,1.069128289818763733e-01,-1.156428381800651550e-01,-8.552560210227966309e-02,3.356642425060272217e-01,4.134903550148010254e-01,2.776471376419067383e-01,3.450586199760437012e-01,4.002377986907958984e-01,5.520752072334289551e-01,4.721511602401733398e-01,6.321329474449157715e-01,2.017017304897308350e-01,3.506140410900115967e-01,3.862355649471282959e-01,3.554069399833679199e-01,5.499568209052085876e-02,7.674472779035568237e-02,-1.667496412992477417e-01,-1.177455931901931763e-01,6.665673106908798218e-02,2.129402309656143188e-01,1.959841102361679077e-01,3.780957162380218506e-01,1.833818107843399048e-01,3.719268739223480225e-01,-2.886920571327209473e-01,-2.662736177444458008e-01,-2.297978103160858154e-01,-1.281295567750930786e-01,-1.773465722799301147e-01,-1.353142410516738892e-01,-1.529029011726379395e-01,-1.146929636597633362e-01,-2.062730789184570312e-01,-2.428561747074127197e-01,-3.456725552678108215e-02,1.470164302736520767e-02,2.370997369289398193e-01,3.765267133712768555e-01,-6.347034126520156860e-02,-4.395021498203277588e-02,1.231747418642044067e-01,-4.203134030103683472e-02,5.246553197503089905e-02,-1.162572577595710754e-01,-9.317750483751296997e-02,-1.262224977836012840e-03,-8.919569849967956543e-02,-1.204209327697753906e-01,-1.088286861777305603e-01,-1.708756983280181885e-01,-8.691924065351486206e-02,-8.506133221089839935e-03,1.183919161558151245e-01,5.113570019602775574e-02,1.278465986251831055e-01,1.375480890274047852e-01,5.863633379340171814e-02,1.330734342336654663e-01,-5.968274176120758057e-02,-4.009607806801795959e-02,4.074482619762420654e-02,1.207065582275390625e-02,3.375646844506263733e-02,1.009017303586006165e-01,4.816357493400573730e-01,6.767299771308898926e-01,1.309292763471603394e-01,1.893329471349716187e-01,3.204220235347747803e-01,5.296851396560668945e-01,4.216066598892211914e-01,5.834835171699523926e-01,3.560135066509246826e-01,3.945620954036712646e-01,3.816025257110595703e-01,4.908030033111572266e-01,1.436057388782501221e-01,2.464164793491363525e-01,7.292363792657852173e-02,1.591642498970031738e-01,1.474246233701705933e-01,2.497394531965255737e-01,4.233214557170867920e-01,5.076997280120849609e-01,4.343043267726898193e-01,4.804236590862274170e-01,3.912731409072875977e-01,4.644051790237426758e-01,2.266210615634918213e-01,2.739438414573669434e-01,1.303937435150146484e-01,8.198014646768569946e-02,7.249490916728973389e-02,9.701820462942123413e-02,2.715939581394195557e-01,3.665691912174224854e-01,2.896850109100341797e-01,4.311917424201965332e-01
3.564265370368957520e-01,2.314703315496444702e-01,2.542041540145874023e-01,1.928378641605377197e-01,1.637857109308242798e-01,-1.460019797086715698e-01,3.878257274627685547e-01,2.130099236965179443e-01,2.796505987644195557e-01,7.590959221124649048e-02,1.000000000000000000e+00,3.442350327968597412e-01,5.934487581253051758e-01,5.684761330485343933e-02,3.053249418735504150e-01,1.780465990304946899e-01,6.228123903274536133e-01,4.665670692920684814e-01,1.646793186664581299e-01,1.825722157955169678e-01,1.370683759450912476e-01,1.756669431924819946e-01,1.524638086557388306e-01,-8.470570668578147888e-03,-2.339564822614192963e-02,-1.720559597015380859e-02,1.293207854032516479e-01,6.323068588972091675e-02,4.548648297786712646e-01,2.395230084657669067e-01,1.649163663387298584e-01,1.570258289575576782e-01,1.653883159160614014e-01,1.678214818239212036e-01,2.581814676523208618e-02,4.960515350103378296e-02,-6.159320101141929626e-02,3.166639804840087891e-02,-8.676549419760704041e-03,1.258031725883483887e-01,-1.131227146834135056e-02,2.775199012830853462e-03,-3.584757912904024124e-03,8.166264742612838745e-02,2.359024249017238617e-03,1.217216625809669495e-01,1.465051323175430298e-01,-9.540012106299400330e-03,9.586573392152786255e-02,1.480107605457305908e-01,1.222308427095413208e-01,1.251076310873031616e-01,7.458999007940292358e-02,2.480540052056312561e-02,3.777703046798706055e-01,2.988277673721313477e-01,3.435216844081878662e-01,2.256960421800613403e-01,-3.331412374973297119e-02,-5.616572871804237366e-02,5.900742113590240479e-02,-5.613721162080764771e-02,2.770799696445465088e-01,-7.494042068719863892e-02,9.533126838505268097e-03,1.420894414186477661e-01,1.371381059288978577e-02,5.071220546960830688e-02,2.705430798232555389e-02,1.735165901482105255e-02,9.201117604970932007e-02,2.734936773777008057e-02,1.759962588548660278e-01,1.833680421113967896e-01,1.238122358918190002e-01,-1.619965396821498871e-02,-2.388538606464862823e-02,-2.537627890706062317e-02,2.803992629051208496e-01,3.045117855072021484e-01,6.186436414718627930e-01,4.315862357616424561e-01,1.724919080734252930e-01,-4.420132562518119812e-02,6.919065117835998535e-01,4.536846578121185303e-01,3.504560142755508423e-02,-1.382580995559692383e-01,4.783228635787963867e-01,2.789035439491271973e-01,3.526561856269836426e-01,3.527763187885284424e-01,2.522699236869812012e-01,2.443821281194686890e-01,2.409279197454452515e-01,2.396465241909027100e-01,1.392957568168640137e-01,-3.411417594179511070e-03,2.524437010288238525e-01,2.652401328086853027e-01,2.846751809120178223e-01,2.296782284975051880e-01,3.565615117549896240e-01,3.742701411247253418e-01,2.298337966203689575e-01,1.714227050542831421e-01,1.194568276405334473e-01,1.814504265785217285e-01,-1.232724189758300781e-01,2.167585771530866623e-03,-7.505033165216445923e-02,-8.043215423822402954e-02,-4.735053703188896179e-02,2.473553121089935303e-01,2.506759464740753174e-01,1.914607137441635132e-01
1.110986024141311646e-01,2.862317264080047607e-01,1.007737889885902405e-01,4.463117569684982300e-02,-4.899471532553434372e-04,2.077751420438289642e-02,3.602578639984130859e-01,4.638858139514923096e-01,-3.015221096575260162e-02,2.173317670822143555e-01,3.442350327968597412e-01,1.000000000000000000e+00,3.597327470779418945e-01,5.987578034400939941e-01,-5.082655325531959534e-02,1.909740827977657318e-02,4.511685669422149658e-01,6.906055212020874023e-01,-5.935998633503913879e-02,6.272394955158233643e-02,-6.736481934785842896e-02,-6.647096574306488037e-02,1.118994951248168945e-01,8.836718648672103882e-02,-2.566114126238971949e-04,-1.505067571997642517e-03,8.295217901468276978e-02,1.882775425910949707e-01,2.096949815750122070e-01,3.977476656436920166e-01,4.694250226020812988e-02,8.805663138628005981e-02,3.709508478641510010e-01,3.471126556396484375e-01,7.051386684179306030e-02,3.575000911951065063e-02,-6.254975497722625732e-02,3.509491682052612305e-02,-1.311176419258117676e-01,6.918895989656448364e-03,-1.617942750453948975e-01,-2.206244273111224174e-03,9.279008954763412476e-02,2.095327824354171753e-01,3.985949978232383728e-02,5.470846220850944519e-02,2.782120406627655029e-01,2.520884871482849121e-01,1.134261116385459900e-01,1.560728251934051514e-01,2.149669080972671509e-01,1.811791211366653442e-01,1.214096918702125549e-01,1.280315965414047241e-01,7.123933732509613037e-02,2.388110905885696411e-01,1.208895072340965271e-01,1.828379631042480469e-01,-6.163817644119262695e-02,-1.346896588802337646e-01,1.456441730260848999e-01,8.292037993669509888e-02,2.544228732585906982e-01,2.446468025445938110e-01,2.206557542085647583e-01,1.254800111055374146e-01,3.764562308788299561e-03,2.080947719514369965e-02,-8.087135851383209229e-02,-3.003106452524662018e-02,6.782083213329315186e-02,2.017804980278015137e-01,1.879626065492630005e-01,3.529872298240661621e-01,2.110948264598846436e-01,1.889109313488006592e-01,8.904086798429489136e-02,9.565968811511993408e-02,3.552241325378417969e-01,4.338587224483489990e-01,3.737091720104217529e-01,4.662691056728363037e-01,-6.117236614227294922e-02,1.543129235506057739e-01,3.268990218639373779e-01,5.606915950775146484e-01,-7.729402184486389160e-02,1.515894234180450439e-01,1.087361127138137817e-01,3.897981047630310059e-01,6.438416987657546997e-02,1.991242468357086182e-01,6.572561711072921753e-02,4.229339584708213806e-02,1.423378661274909973e-02,5.557502061128616333e-02,9.996936470270156860e-02,6.735308468341827393e-02,6.134802475571632385e-02,2.821214795112609863e-01,6.338296458125114441e-03,5.930699035525321960e-02,4.893817752599716187e-02,8.409228920936584473e-02,1.025858335196971893e-03,2.301011001691222191e-03,6.797593086957931519e-02,5.039320141077041626e-02,3.456752747297286987e-02,-2.144150063395500183e-02,1.014790013432502747e-01,1.888881176710128784e-01,9.831853210926055908e-03,1.203751787543296814e-01,-4.690953716635704041e-02,-7.205539732240140438e-04
1.950161010026931763e-01,7.826309651136398315e-02,4.554715752601623535e-01,2.970450222492218018e-01,4.245079755783081055e-01,1.181198433041572571e-01,5.143178701400756836e-01,2.328526079654693604e-01,4.795602560043334961e-01,2.527864575386047363e-01,5.934487581253051758e-01,3.597327470779418945e-01,1.000000000000000000e+00,2.527414560317993164e-01,5.370603203773498535e-01,2.135504931211471558e-01,4.631204903125762939e-01,3.155795037746429443e-01,3.418378764763474464e-03,1.132664233446121216e-01,2.607674598693847656e-01,2.673930823802947998e-01,3.793298900127410889e-01,2.182063609361648560e-01,3.435187339782714844e-01,2.967905104160308838e-01,3.997663557529449463e-01,3.080654740333557129e-01,4.007030129432678223e-01,2.472755461931228638e-01,4.514186978340148926e-01,3.414351046085357666e-01,1.750289946794509888e-01,2.136757075786590576e-01,-6.032986566424369812e-02,-7.037193048745393753e-03,-1.057858392596244812e-01,2.838364429771900177e-02,4.317008424550294876e-03,6.231912225484848022e-02,9.160119108855724335e-03,9.420699626207351685e-02,-9.090072661638259888e-02,3.085527196526527405e-02,-3.239706903696060181e-02,4.490659013390541077e-02,5.642447620630264282e-02,-1.231835857033729553e-01,6.608498841524124146e-02,8.040864765644073486e-02,1.331917792558670044e-01,9.951940923929214478e-02,1.327440738677978516e-01,-5.187227949500083923e-02,3.788988292217254639e-01,2.393037676811218262e-01,3.069291710853576660e-01,5.092866718769073486e-02,6.687882822006940842e-03,-8.536368608474731445e-02,-1.282009948045015335e-02,-1.843117326498031616e-01,2.954687774181365967e-01,-8.026190847158432007e-02,-9.364224039018154144e-03,-4.568064585328102112e-03,-9.738574922084808350e-02,-5.765165388584136963e-02,-7.012976706027984619e-02,-3.686827793717384338e-02,1.471528112888336182e-01,4.810716956853866577e-03,1.564092338085174561e-01,2.175751626491546631e-01,8.514456450939178467e-02,5.349076539278030396e-02,-4.325268790125846863e-02,-6.836550682783126831e-02,1.958054900169372559e-01,1.753810495138168335e-01,5.341287255287170410e-01,2.798685729503631592e-01,3.952986299991607666e-01,1.360960602760314941e-01,6.188344359397888184e-01,3.857640624046325684e-01,1.885222643613815308e-01,1.703836023807525635e-02,6.003271341323852539e-01,3.429811596870422363e-01,4.511550664901733398e-01,3.484522700309753418e-01,4.096548259258270264e-01,3.164075911045074463e-01,1.631893664598464966e-01,5.708546563982963562e-02,1.177197992801666260e-01,-6.884382665157318115e-02,3.409729301929473877e-01,2.422082275152206421e-01,4.160280823707580566e-01,3.535387814044952393e-01,4.289418160915374756e-01,4.211957454681396484e-01,3.940560221672058105e-01,2.968746125698089600e-01,2.050621509552001953e-01,2.493212819099426270e-01,-8.520001173019409180e-02,-5.890257284045219421e-02,-8.467222750186920166e-02,-8.957054524216800928e-05,8.015151321887969971e-02,1.737154275178909302e-01,2.267306596040725708e-01,2.608741223812103271e-01
