1.000000000000000000e+00,4.085595905780792236e-01,-2.752316743135452271e-02,2.652776837348937988e-01,-5.918876826763153076e-02,-1.798765212297439575e-01,2.787931561470031738e-01,1.207043901085853577e-01,1.275738626718521118e-01,-8.731887489557266235e-02,4.253349006175994873e-01,2.483700960874557495e-01,3.724562227725982666e-01,8.761678636074066162e-02,4.300536587834358215e-02,-1.267030388116836548e-01,3.428374230861663818e-01,2.318519502878189087e-01,1.560839861631393433e-01,3.816263377666473389e-01,3.789177536964416504e-02,-1.557220052927732468e-02,-2.039640694856643677e-01,-1.386766880750656128e-01,-1.054030135273933411e-01,-1.374222785234451294e-01,-7.401967048645019531e-02,-1.120573654770851135e-01,3.591623008251190186e-01,2.281571924686431885e-01,-1.410467363893985748e-02,-1.271771788597106934e-01,1.922523528337478638e-01,1.241590008139610291e-01,4.485722631216049194e-02,7.894412614405155182e-03,8.659922331571578979e-02,1.164862588047981262e-01,1.119558438658714294e-01,-1.065723598003387451e-02,1.319191902875900269e-01,1.687418222427368164e-01,9.545869380235671997e-02,1.392188072204589844e-01,2.427486330270767212e-01,2.928631007671356201e-01,1.784644275903701782e-01,1.673656851053237915e-01,2.803372144699096680e-01,3.683258891105651855e-01,2.881260514259338379e-01,2.680279910564422607e-01,1.816481649875640869e-01,2.213438898324966431e-01,2.891782224178314209e-01,2.001682817935943604e-01,5.900886654853820801e-01,3.791275024414062500e-01,4.156048893928527832e-01,4.117024540901184082e-01,3.883434832096099854e-01,4.031995534896850586e-01,3.309839367866516113e-01,1.646774113178253174e-01,3.769675791263580322e-01,3.422139286994934082e-01,2.799041569232940674e-01,2.890373766422271729e-01,3.174144625663757324e-01,2.714947462081909180e-01,-5.852388683706521988e-03,-4.477043449878692627e-02,1.124517172574996948e-01,2.776254341006278992e-02,-1.340495198965072632e-01,-3.835963457822799683e-02,-3.634683554992079735e-03,-6.660164147615432739e-02,1.672922968864440918e-01,1.986675560474395752e-01,3.725267946720123291e-01,2.184429615736007690e-01,2.323734760284423828e-02,-2.493222430348396301e-02,4.238266348838806152e-01,2.341191172599792480e-01,-6.637567188590764999e-03,-1.924626529216766357e-02,3.129264116287231445e-01,4.949090629816055298e-02,2.455319911241531372e-01,1.187072992324829102e-01,2.248903512954711914e-01,1.484936326742172241e-01,5.166036635637283325e-02,7.993382215499877930e-02,1.122035235166549683e-01,9.161461144685745239e-02,1.718237698078155518e-01,1.392928510904312134e-01,1.978520900011062622e-01,4.308007284998893738e-02,-4.327088966965675354e-02,-1.008296608924865723e-01,9.351242333650588989e-02,8.252722024917602539e-02,-1.147729456424713135e-01,-7.132866233587265015e-02,1.352902799844741821e-01,3.286852315068244934e-02,5.270475521683692932e-02,-7.643093168735504150e-02,4.979202151298522949e-02,8.212120085954666138e-02,-3.569489717483520508e-02,-8.561383932828903198e-03
4.085595905780792236e-01,1.000000000000000000e+00,-7.263264060020446777e-02,1.241556406021118164e-01,1.133041176944971085e-02,5.494629591703414917e-02,-6.154116988182067871e-02,2.111989557743072510e-01,1.400774121284484863e-01,8.170322328805923462e-02,1.061241924762725830e-01,4.191138744354248047e-01,2.468251287937164307e-01,3.662989139556884766e-01,7.821404188871383667e-02,1.153327673673629761e-01,3.252828717231750488e-01,5.195161104202270508e-01,5.710350722074508667e-02,1.657721400260925293e-01,-4.235205426812171936e-02,-5.353976786136627197e-02,1.091242302209138870e-03,-1.054699793457984924e-01,1.237833797931671143e-01,8.726417273283004761e-02,5.058727785944938660e-02,1.112981960177421570e-01,7.293739169836044312e-02,2.440835684537887573e-01,-9.865319728851318359e-02,-7.917429506778717041e-02,1.607135832309722900e-01,1.919765174388885498e-01,4.130514338612556458e-03,8.613977581262588501e-03,1.698630750179290771e-01,2.629128098487854004e-01,7.965371012687683105e-02,1.074488610029220581e-01,1.275738626718521118e-01,1.541646271944046021e-01,2.281413972377777100e-01,3.610580563545227051e-01,3.024537265300750732e-01,3.604485392570495605e-01,2.303947359323501587e-01,2.672306597232818604e-01,2.868574559688568115e-01,3.556222617626190186e-01,2.419555634260177612e-01,4.070525169372558594e-01,2.121049761772155762e-01,2.356775701045989990e-01,2.231264114379882812e-01,3.010980188846588135e-01,5.181949734687805176e-01,7.278658151626586914e-01,1.964364200830459595e-01,3.041842281818389893e-01,2.798368930816650391e-01,4.505966305732727051e-01,2.017436325550079346e-01,4.953559041023254395e-01,1.243119314312934875e-01,2.537990808486938477e-01,1.850693076848983765e-01,2.345548421144485474e-01,2.380360066890716553e-01,3.531711399555206299e-01,-8.997822552919387817e-02,-6.224761717021465302e-03,-3.567424044013023376e-02,1.741222739219665527e-01,-8.193828910589218140e-02,1.073041185736656189e-01,-1.642360538244247437e-01,-1.473307311534881592e-01,8.397746086120605469e-02,3.369159698486328125e-01,2.611064016819000244e-01,5.156205296516418457e-01,-3.547377511858940125e-02,6.276576966047286987e-02,3.249108493328094482e-01,5.600337386131286621e-01,-8.925904519855976105e-03,1.447764039039611816e-01,2.829098403453826904e-01,5.052953958511352539e-01,2.296877950429916382e-01,4.367822110652923584e-01,3.169512450695037842e-01,4.809839129447937012e-01,-5.754656717181205750e-02,-4.629316926002502441e-02,1.088451072573661804e-01,1.286075562238693237e-01,1.738420277833938599e-01,3.791753351688385010e-01,1.556001007556915283e-01,1.569457501173019409e-01,-1.059427484869956970e-02,1.069607026875019073e-02,-1.589304767549037933e-02,8.756586909294128418e-02,1.437828782945871353e-02,2.263085357844829559e-02,-7.495024055242538452e-02,-2.089985460042953491e-01,2.592261414974927902e-03,1.199379414319992065e-01,2.997754216194152832e-01,2.576239220798015594e-02,-8.739092200994491577e-02,-1.214281935244798660e-02
-2.752316743135452271e-02,-7.263264060020446777e-02,1.000000000000000000e+00,4.684526026248931885e-01,6.870320439338684082e-02,9.572442620992660522e-03,2.607654333114624023e-01,3.786651194095611572e-01,2.088966071605682373e-01,1.713580489158630371e-01,-2.294480204582214355e-01,-3.020709753036499023e-01,-2.060013860464096069e-01,-1.610396355390548706e-01,1.744825243949890137e-01,2.093254774808883667e-01,-2.393845655024051666e-02,-1.115018129348754883e-01,-3.071731328964233398e-01,-8.388551324605941772e-02,1.740581989288330078e-01,2.111192047595977783e-01,5.584089159965515137e-01,6.897486448287963867e-01,1.759574562311172485e-01,1.452145278453826904e-01,6.329823285341262817e-03,1.974278837442398071e-01,-1.796345710754394531e-01,-1.260697841644287109e-01,3.873863816261291504e-01,3.802023231983184814e-01,1.133347377181053162e-01,1.633671373128890991e-01,1.055699884891510010e-01,3.775722160935401917e-02,3.901708871126174927e-02,7.992952316999435425e-02,-8.280075341463088989e-02,-7.731053233146667480e-02,4.140165448188781738e-02,-6.574773695319890976e-03,1.463215500116348267e-01,8.294304460287094116e-02,-1.746379435062408447e-01,2.624627016484737396e-02,1.340372562408447266e-01,9.376164525747299194e-02,-2.064802311360836029e-02,-1.743217557668685913e-02,9.978745132684707642e-02,7.171452045440673828e-02,1.027631163597106934e-01,3.013767302036285400e-02,-1.002530828118324280e-01,-9.427621215581893921e-02,3.518674895167350769e-02,-3.041027300059795380e-02,-2.976562380790710449e-01,-2.491863667964935303e-01,-2.327052056789398193e-01,-2.836805582046508789e-01,-1.167472675442695618e-01,-2.076988518238067627e-01,-2.205517143011093140e-01,-2.425139546394348145e-01,-4.281975030899047852e-01,-2.243801355361938477e-01,-3.629047572612762451e-01,-1.184357330203056335e-01,1.459647268056869507e-01,1.559477895498275757e-01,4.341571778059005737e-02,1.626508086919784546e-01,2.014125585556030273e-01,1.235527098178863525e-01,3.245247006416320801e-01,3.200640380382537842e-01,3.033388871699571609e-03,-5.711247771978378296e-02,-1.762782931327819824e-01,-1.623115092515945435e-01,-8.657949417829513550e-02,-1.437396407127380371e-01,-2.775933742523193359e-01,-1.253676861524581909e-01,-1.167307943105697632e-01,-2.208428382873535156e-01,-5.422563478350639343e-02,-4.926257580518722534e-02,1.580619066953659058e-02,-2.210707776248455048e-02,5.725234001874923706e-02,1.419654954224824905e-02,1.689051687717437744e-01,1.158017888665199280e-01,1.287586092948913574e-01,1.301449090242385864e-01,1.756885461509227753e-02,-7.503404468297958374e-02,-6.353378295898437500e-02,-1.676937788724899292e-01,-1.384402513504028320e-01,-1.620155870914459229e-01,2.057234058156609535e-03,-1.150657311081886292e-01,-1.903156787157058716e-01,-1.654753237962722778e-01,1.302328109741210938e-01,1.360518336296081543e-01,3.353563696146011353e-02,2.013215124607086182e-01,-3.688926575705409050e-03,3.002307564020156860e-02,1.753730326890945435e-01,1.057330816984176636e-01
2.652776837348937988e-01,1.241556406021118164e-01,4.684526026248931885e-01,1.000000000000000000e+00,-6.830105930566787720e-02,-9.189452230930328369e-02,3.851067125797271729e-01,5.774537920951843262e-01,8.592543005943298340e-02,3.864474594593048096e-02,4.548557102680206299e-02,1.350475996732711792e-01,-4.168184008449316025e-03,7.700268924236297607e-02,-6.285294890403747559e-02,-5.148426815867424011e-02,-6.784255150705575943e-03,3.772761672735214233e-02,-2.867951393127441406e-01,3.518744930624961853e-02,5.619081109762191772e-02,5.953483283519744873e-02,8.815748989582061768e-02,3.987317085266113281e-01,-3.314549475908279419e-02,1.509515196084976196e-02,-9.297500550746917725e-02,2.533960714936256409e-02,3.506402671337127686e-02,1.169098839163780212e-01,1.372628211975097656e-01,1.726599931716918945e-01,-7.460294663906097412e-02,-2.550156321376562119e-03,-1.077371537685394287e-01,-1.303609907627105713e-01,-5.825707688927650452e-02,1.026633307337760925e-01,5.184631422162055969e-02,2.610783278942108154e-02,-4.095697309821844101e-03,1.438729912042617798e-01,-8.974464237689971924e-02,-9.360559284687042236e-02,-1.106186807155609131e-01,4.292412102222442627e-02,-4.013005644083023071e-02,-8.130672574043273926e-02,-2.934218384325504303e-02,5.977655947208404541e-02,-2.530902437865734100e-02,4.282307345420122147e-03,-6.181655824184417725e-02,-5.969142913818359375e-02,-1.108105108141899109e-02,3.666413575410842896e-02,7.403737306594848633e-02,1.618924140930175781e-01,1.348382793366909027e-02,5.909095704555511475e-02,-8.322191983461380005e-02,5.094259232282638550e-02,-9.355396777391433716e-02,-3.538196906447410583e-02,-7.165033370256423950e-02,-4.701809957623481750e-02,-1.484808027744293213e-01,-2.075059153139591217e-02,-1.617829352617263794e-01,3.350518643856048584e-02,-1.359194982796907425e-02,5.200240015983581543e-02,-2.207413874566555023e-02,1.324835270643234253e-01,-4.943864420056343079e-02,8.504988998174667358e-02,1.514345407485961914e-01,1.677483618259429932e-01,-1.693171858787536621e-01,1.196896098554134369e-02,-1.305692344903945923e-01,-2.220876887440681458e-02,-2.619879879057407379e-02,2.187063172459602356e-02,-9.474437683820724487e-02,-1.880524680018424988e-02,2.715852297842502594e-02,-6.994257867336273193e-02,5.438191443681716919e-02,-2.104338631033897400e-02,-2.327357791364192963e-02,-1.111768409609794617e-01,-6.560263782739639282e-02,-8.710514754056930542e-02,1.399487107992172241e-01,7.649610191583633423e-02,1.472171545028686523e-01,1.277987509965896606e-01,3.975139558315277100e-02,1.483264099806547165e-02,-2.731270901858806610e-02,-3.402924910187721252e-02,3.160506859421730042e-02,-3.408291935920715332e-02,4.572318494319915771e-02,2.080351673066616058e-02,-9.454116970300674438e-02,-3.466232493519783020e-02,6.074767187237739563e-02,8.949134498834609985e-02,5.140296369791030884e-02,2.711753547191619873e-02,-1.471501886844635010e-01,9.665370732545852661e-02,1.214972659945487976e-01,6.132866838015615940e-04
-5.918876826763153076e-02,1.133041176944971085e-02,6.870320439338684082e-02,-6.830105930566787720e-02,1.000000000000000000e+00,7.029973268508911133e-01,-2.857910841703414917e-02,3.492403402924537659e-02,5.749639272689819336e-01,5.712626576423645020e-01,2.915923297405242920e-02,-7.671572268009185791e-02,1.618052273988723755e-01,2.380409538745880127e-01,5.907631516456604004e-01,4.718785583972930908e-01,9.721533954143524170e-02,-1.994114369153976440e-01,2.281921915709972382e-02,-6.570654921233654022e-03,1.136086881160736084e-01,1.369920969009399414e-01,2.932259142398834229e-01,1.847102344036102295e-01,5.259758234024047852e-01,4.614385664463043213e-01,6.301015615463256836e-01,5.297482609748840332e-01,-7.612329721450805664e-02,-1.567385047674179077e-01,4.465735852718353271e-01,3.978312611579895020e-01,1.611786633729934692e-01,1.517872214317321777e-01,1.036476343870162964e-01,1.079653948545455933e-01,2.242412567138671875e-01,1.079674661159515381e-01,1.835869699716567993e-01,1.674495339393615723e-01,6.286537647247314453e-02,1.903266832232475281e-02,2.989066839218139648e-01,2.211419045925140381e-01,1.710440218448638916e-01,9.855840355157852173e-02,3.276942968368530273e-01,3.001083433628082275e-01,1.901926100254058838e-01,4.142838343977928162e-02,1.244912594556808472e-01,1.448790878057479858e-01,2.134053111076354980e-01,1.552411913871765137e-01,1.614955067634582520e-01,-8.235612511634826660e-02,1.362135708332061768e-01,6.088045984506607056e-02,-1.228995099663734436e-01,-5.945198610424995422e-02,4.897517338395118713e-02,-1.297543197870254517e-01,1.847857534885406494e-01,9.196128696203231812e-02,-2.218059450387954712e-01,-1.655197292566299438e-01,5.499008111655712128e-03,7.258312311023473740e-03,1.001378968358039856e-01,1.989198625087738037e-01,2.746002078056335449e-01,2.014207839965820312e-01,5.232491716742515564e-02,2.286906242370605469e-01,2.853445112705230713e-01,8.267848938703536987e-02,2.574220597743988037e-01,3.484568595886230469e-01,6.067850440740585327e-02,-7.977778464555740356e-02,-1.967808790504932404e-02,-1.774650067090988159e-01,-1.500435471534729004e-01,-8.452332764863967896e-02,-1.189108118414878845e-01,3.460264578461647034e-02,-1.256696283817291260e-01,-2.973707020282745361e-02,8.457203954458236694e-02,2.007885649800300598e-02,1.718067228794097900e-01,1.474655866622924805e-01,1.642094850540161133e-01,8.247579634189605713e-02,8.151274174451828003e-02,9.972340613603591919e-02,2.468030601739883423e-01,2.471269071102142334e-01,2.092466503381729126e-01,7.243602722883224487e-02,-1.991437189280986786e-02,-1.151940450072288513e-01,-1.528127193450927734e-01,-2.438265085220336914e-02,7.251710444688796997e-02,-2.059257961809635162e-02,-1.119583938270807266e-02,-5.663075670599937439e-02,7.271801680326461792e-02,2.899876562878489494e-03,-5.731935426592826843e-02,1.886819303035736084e-01,1.407239884138107300e-01,-5.024464428424835205e-02,1.767424196004867554e-01,9.854280948638916016e-02
-1.798765212297439575e-01,5.494629591703414917e-02,9.572442620992660522e-03,-9.189452230930328369e-02,7.029973268508911133e-01,1.000000000000000000e+00,-8.919844031333923340e-02,1.207696795463562012e-01,3.098452985286712646e-01,4.461579024791717529e-01,-2.441839128732681274e-02,-1.132707297801971436e-02,1.035369485616683960e-01,2.827323377132415771e-01,4.196673035621643066e-01,4.272006452083587646e-01,5.012736842036247253e-02,-9.193076193332672119e-02,-1.083321589976549149e-02,-7.344009727239608765e-02,-6.629455089569091797e-02,4.642645362764596939e-03,3.251042664051055908e-01,1.293759942054748535e-01,5.390386581420898438e-01,5.657330155372619629e-01,6.222155690193176270e-01,5.750479698181152344e-01,-1.288683116436004639e-01,-1.102311909198760986e-01,2.160872370004653931e-01,2.358696758747100830e-01,1.292806714773178101e-01,1.365542262792587280e-01,1.142199523746967316e-02,2.496099285781383514e-02,1.927608847618103027e-01,1.099332347512245178e-01,8.394116908311843872e-02,1.219898685812950134e-01,-4.314661491662263870e-03,-4.242985695600509644e-02,1.675270348787307739e-01,6.063049286603927612e-02,1.067373007535934448e-01,3.296547383069992065e-02,1.745357960462570190e-01,1.286476254463195801e-01,1.145675107836723328e-01,-2.240815572440624237e-02,3.199682384729385376e-02,4.177634045481681824e-02,1.160222515463829041e-01,-3.206597175449132919e-03,1.123362034559249878e-01,-1.133644673973321915e-02,3.049033321440219879e-02,7.141280919313430786e-02,-1.426011174917221069e-01,-1.031049638986587524e-01,4.136152099817991257e-03,-1.266500353813171387e-01,1.094352081418037415e-01,1.129302456974983215e-01,-2.630116045475006104e-01,-2.078812420368194580e-01,1.370459562167525291e-03,-2.073094435036182404e-02,4.518466070294380188e-02,1.268720477819442749e-01,1.694268435239791870e-01,1.108388379216194153e-01,2.202347293496131897e-02,1.869341582059860229e-01,1.790829598903656006e-01,2.385855652391910553e-02,6.002976745367050171e-02,1.712238639593124390e-01,3.250676766037940979e-02,1.784761063754558563e-02,-4.520443454384803772e-02,-8.885615319013595581e-02,-4.245859757065773010e-02,2.586870081722736359e-02,-1.177163496613502502e-01,6.021022051572799683e-02,-2.049002423882484436e-02,8.229667693376541138e-02,1.576195210218429565e-01,1.412169039249420166e-01,1.516204178333282471e-01,1.400606334209442139e-01,1.837098598480224609e-01,1.328061819076538086e-01,-3.462472185492515564e-02,2.355330996215343475e-02,1.357923299074172974e-01,1.438090205192565918e-01,2.265888303518295288e-01,1.261426061391830444e-01,4.245796054601669312e-02,1.331728417426347733e-02,-4.085093736648559570e-02,6.942944973707199097e-02,8.820956945419311523e-02,3.506407514214515686e-02,2.342134714126586914e-02,1.692715659737586975e-02,-1.795404031872749329e-02,-1.020537018775939941e-01,-5.569763481616973877e-02,2.355611920356750488e-01,2.043561786413192749e-01,-1.222890913486480713e-01,1.030053198337554932e-01,1.215268000960350037e-01
2.787931561470031738e-01,-6.154116988182067871e-02,2.607654333114624023e-01,3.851067125797271729e-01,-2.857910841703414917e-02,-8.919844031333923340e-02,1.000000000000000000e+00,3.740231394767761230e-01,7.796347141265869141e-02,-1.760368943214416504e-01,3.014357388019561768e-01,7.069655507802963257e-02,3.880763649940490723e-01,1.092125177383422852e-01,-9.882283955812454224e-02,-2.316859215497970581e-01,1.760015487670898438e-01,9.685466997325420380e-03,-1.684186458587646484e-01,2.839011698961257935e-02,7.507500797510147095e-02,1.200942024588584900e-01,-1.635090112686157227e-01,4.324523359537124634e-02,3.033513016998767853e-02,-6.602263543754816055e-03,-8.319397270679473877e-02,6.236480921506881714e-02,3.331508338451385498e-01,1.646076887845993042e-01,1.310582160949707031e-01,1.928186975419521332e-02,-7.602764666080474854e-02,-8.609724044799804688e-02,2.834948338568210602e-02,1.644540578126907349e-02,1.184353828430175781e-01,6.183021515607833862e-02,1.845796555280685425e-01,7.490946352481842041e-02,7.252692431211471558e-02,1.046050041913986206e-01,-1.428044587373733521e-01,-1.259578168392181396e-01,-5.899782478809356689e-02,-9.309106320142745972e-02,-5.801234021782875061e-02,-3.939259797334671021e-02,-1.379756033420562744e-01,-7.343373447656631470e-02,-1.805856823921203613e-01,-1.784531176090240479e-01,-2.318879514932632446e-01,-1.687344908714294434e-01,2.384519390761852264e-02,-1.751391403377056122e-02,3.957445267587900162e-03,-8.816805481910705566e-02,4.810835048556327820e-02,-1.382192969322204590e-02,-1.094836741685867310e-03,4.375407472252845764e-03,5.273641273379325867e-02,-1.201897859573364258e-01,1.062926873564720154e-01,-4.851241037249565125e-02,-6.395058333873748779e-02,-1.696296967566013336e-02,-1.109067797660827637e-01,-1.105304285883903503e-01,6.639780104160308838e-02,5.817305296659469604e-02,8.825895376503467560e-03,2.065467648208141327e-03,1.219296269118785858e-02,1.102615743875503540e-01,1.812653243541717529e-01,1.498015820980072021e-01,7.896642386913299561e-02,-9.165323525667190552e-02,6.424175202846527100e-02,-1.584817618131637573e-01,2.344182729721069336e-01,1.640077680349349976e-01,-2.179787261411547661e-03,-1.713626533746719360e-01,2.199876159429550171e-01,8.338702470064163208e-02,8.752976357936859131e-02,-1.049789711833000183e-01,-6.783922761678695679e-02,-1.699073761701583862e-01,-1.994028240442276001e-01,-1.823418289422988892e-01,1.103637143969535828e-01,2.073170840740203857e-01,7.377724349498748779e-02,1.320657283067703247e-01,8.733493834733963013e-02,3.634889423847198486e-02,1.657627895474433899e-02,7.832416892051696777e-02,1.804871112108230591e-01,1.100853830575942993e-01,1.488016992807388306e-01,1.705041229724884033e-01,-3.874484822154045105e-02,1.690848916769027710e-01,1.047792434692382812e-01,2.242844924330711365e-02,3.102221339941024780e-02,-1.020890101790428162e-01,-7.798357307910919189e-02,3.673218190670013428e-02,8.517801761627197266e-02,1.815943792462348938e-02
1.207043901085853577e-01,2.111989557743072510e-01,3.786651194095611572e-01,5.774537920951843262e-01,3.492403402924537659e-02,1.207696795463562012e-01,3.740231394767761230e-01,1.000000000000000000e+00,8.684785664081573486e-02,1.243578344583511353e-01,-1.133339293301105499e-02,1.779158860445022583e-01,1.891670376062393188e-01,4.085805118083953857e-01,-9.180311113595962524e-03,1.618966162204742432e-01,1.113932877779006958e-01,1.358375251293182373e-01,-3.014209568500518799e-01,-1.204156279563903809e-01,3.181665390729904175e-02,9.389986842870712280e-02,2.153092473745346069e-01,3.637909293174743652e-01,1.863238513469696045e-01,2.249670922756195068e-01,-2.453844808042049408e-02,1.709846407175064087e-01,5.556557327508926392e-02,2.061825841665267944e-01,2.319044321775436401e-01,2.988046109676361084e-01,3.150149947032332420e-03,4.993607476353645325e-02,-8.168593049049377441e-02,-7.315459847450256348e-02,1.900098323822021484e-01,2.178202867507934570e-01,1.988698095083236694e-01,1.580925285816192627e-01,3.640863671898841858e-02,1.387380361557006836e-01,1.770109310746192932e-02,-1.996063813567161560e-02,3.546038642525672913e-02,5.850158259272575378e-02,5.606105923652648926e-02,-3.134997189044952393e-02,4.179948568344116211e-02,5.061339214444160461e-02,2.943679690361022949e-02,3.926447406411170959e-02,-4.488102626055479050e-03,-7.291707396507263184e-02,9.415189921855926514e-02,1.047424748539924622e-01,1.104400157928466797e-01,2.212230265140533447e-01,-7.193681597709655762e-02,-2.190317027270793915e-02,-4.107181355357170105e-02,-7.479619234800338745e-03,-7.168602943420410156e-02,6.808943301439285278e-02,-1.524848043918609619e-01,-1.005321368575096130e-01,-1.793903112411499023e-01,-8.121964335441589355e-02,-2.083081603050231934e-01,-6.868163496255874634e-02,6.665679067373275757e-02,1.857023686170578003e-01,-1.017199084162712097e-02,2.503394782543182373e-01,1.360122114419937134e-01,2.129471898078918457e-01,1.157332733273506165e-01,1.504500955343246460e-01,-1.121267676353454590e-01,3.194965422153472900e-02,-8.837262541055679321e-02,-8.298631291836500168e-04,1.849327236413955688e-01,2.163290083408355713e-01,-9.132347255945205688e-02,6.118645146489143372e-02,1.890095621347427368e-01,1.737070232629776001e-01,1.977351307868957520e-01,2.134362906217575073e-01,4.744229093194007874e-02,-6.593520194292068481e-02,2.631159871816635132e-02,-8.944263681769371033e-04,1.095452085137367249e-01,1.082857474684715271e-01,2.089717537164688110e-01,1.894503831863403320e-01,9.499533474445343018e-02,6.389240175485610962e-02,1.078190281987190247e-01,1.127124056220054626e-01,1.761039942502975464e-01,1.381642967462539673e-01,1.249618381261825562e-01,1.481387168169021606e-01,4.604884609580039978e-02,1.717035919427871704e-01,2.793380618095397949e-02,-5.363463610410690308e-02,7.510126568377017975e-03,5.693135038018226624e-02,6.371973082423210144e-03,-4.737259354442358017e-03,1.057385206222534180e-01,4.809646680951118469e-02
1.275738626718521118e-01,1.400774121284484863e-01,2.088966071605682373e-01,8.592543005943298340e-02,5.749639272689819336e-01,3.098452985286712646e-01,7.796347141265869141e-02,8.684785664081573486e-02,1.000000000000000000e+00,5.675523281097412109e-01,-4.151418805122375488e-02,-1.160093173384666443e-01,2.459872364997863770e-01,9.513441473245620728e-02,6.131435036659240723e-01,3.981411457061767578e-01,5.035599693655967712e-02,-1.451227366924285889e-01,5.666493438184261322e-03,1.379189826548099518e-02,1.698278337717056274e-01,1.153585836291313171e-01,3.235675692558288574e-01,1.927481293678283691e-01,4.777328968048095703e-01,2.854476869106292725e-01,3.822362124919891357e-01,4.151073992252349854e-01,-4.766182228922843933e-02,-9.779369086027145386e-02,5.080245733261108398e-01,3.672515451908111572e-01,7.490190118551254272e-02,7.194863259792327881e-02,2.269405573606491089e-01,2.033555209636688232e-01,2.299102693796157837e-01,1.450716257095336914e-01,5.033200979232788086e-02,6.191242113709449768e-02,5.898518487811088562e-02,3.654651343822479248e-02,4.663600623607635498e-01,3.838399946689605713e-01,2.562696039676666260e-01,3.054069280624389648e-01,4.722176492214202881e-01,4.229298532009124756e-01,2.616164088249206543e-01,2.131644338369369507e-01,2.924332022666931152e-01,3.600205779075622559e-01,3.227653205394744873e-01,3.431452214717864990e-01,1.326163411140441895e-01,-9.515053778886795044e-02,1.973183304071426392e-01,1.439293324947357178e-01,-1.245050951838493347e-01,9.200491942465305328e-03,4.731817543506622314e-02,-4.489047452807426453e-02,1.393123567104339600e-01,8.678697794675827026e-02,-1.362656652927398682e-01,-4.384350031614303589e-02,-1.364018023014068604e-01,-5.241210386157035828e-02,4.954398423433303833e-02,1.933313757181167603e-01,2.179097980260848999e-01,2.491366416215896606e-01,-2.358505688607692719e-02,1.542102098464965820e-01,1.450034976005554199e-01,4.959415271878242493e-02,2.578521668910980225e-01,3.296632170677185059e-01,1.577034406363964081e-02,-7.525274902582168579e-02,-1.089143157005310059e-01,-7.389476895332336426e-02,-3.130112290382385254e-01,-3.149801194667816162e-01,-4.399435594677925110e-02,1.034681946039199829e-01,-3.044548332691192627e-01,-2.989958226680755615e-01,5.058167129755020142e-02,-6.143863499164581299e-02,2.933724224567413330e-01,2.895454466342926025e-01,2.790636718273162842e-01,1.445871740579605103e-01,-1.807706058025360107e-02,-9.465254843235015869e-03,2.672910988330841064e-01,2.936927974224090576e-01,1.987443566322326660e-01,3.437276929616928101e-02,-3.551240370143204927e-04,-2.082042694091796875e-01,-2.766909897327423096e-01,-2.382450848817825317e-01,-1.155841723084449768e-01,-2.452637255191802979e-01,-8.663728088140487671e-02,-1.757857799530029297e-01,-4.477829113602638245e-02,-1.718155108392238617e-02,2.913833968341350555e-02,1.486233025789260864e-01,1.029464080929756165e-01,8.955807983875274658e-02,2.431408315896987915e-02,5.983997136354446411e-02
-8.731887489557266235e-02,8.170322328805923462e-02,1.713580489158630371e-01,3.864474594593048096e-02,5.712626576423645020e-01,4.461579024791717529e-01,-1.760368943214416504e-01,1.243578344583511353e-01,5.675523281097412109e-01,1.000000000000000000e+00,-6.661415100097656250e-02,1.456678099930286407e-02,8.241745084524154663e-02,2.536759674549102783e-01,5.564193129539489746e-01,6.249482035636901855e-01,1.812247000634670258e-02,-1.759193539619445801e-01,1.891978643834590912e-02,5.030305683612823486e-02,7.669454067945480347e-02,7.923653721809387207e-02,3.488234579563140869e-01,2.633937001228332520e-01,4.545490443706512451e-01,3.442175686359405518e-01,4.393896758556365967e-01,4.365092813968658447e-01,-1.486405432224273682e-01,-1.519007831811904907e-01,4.719762504100799561e-01,4.813283979892730713e-01,1.835724413394927979e-01,2.627516090869903564e-01,1.114335507154464722e-01,1.153975799679756165e-01,2.533319890499114990e-01,2.360287457704544067e-01,1.374697089195251465e-01,1.789633929729461670e-01,-1.184128504246473312e-02,3.165916725993156433e-02,3.795019090175628662e-01,3.125060498714447021e-01,1.985406577587127686e-01,1.566481143236160278e-01,3.783063292503356934e-01,3.241304755210876465e-01,2.623695135116577148e-01,1.355316191911697388e-01,2.215651273727416992e-01,2.683095633983612061e-01,2.734122872352600098e-01,2.794027924537658691e-01,2.127016335725784302e-01,-2.929212711751461029e-02,1.015917658805847168e-01,1.721120923757553101e-01,-8.598204702138900757e-02,-5.651162471622228622e-03,4.154954478144645691e-02,-8.221123367547988892e-02,1.197922527790069580e-01,2.034075707197189331e-01,-2.258335053920745850e-01,-1.063828691840171814e-01,-4.556423053145408630e-02,-2.970144897699356079e-02,8.629334717988967896e-02,2.213092893362045288e-01,2.295876592397689819e-01,2.908805608749389648e-01,8.949967473745346069e-02,2.804401516914367676e-01,2.765948474407196045e-01,1.492035239934921265e-01,2.667941749095916748e-01,3.666058778762817383e-01,-2.297630906105041504e-02,-4.084357619285583496e-02,-9.022384881973266602e-02,-5.206878483295440674e-02,-2.927060127258300781e-01,-1.440831571817398071e-01,-9.536541998386383057e-02,1.621868908405303955e-01,-2.301706522703170776e-01,-5.236186459660530090e-02,1.223987638950347900e-01,1.332529187202453613e-01,2.018750309944152832e-01,2.277998626232147217e-01,1.441517323255538940e-01,1.068762838840484619e-01,4.255239665508270264e-02,7.644621282815933228e-02,2.603857219219207764e-01,2.436008304357528687e-01,1.860431879758834839e-01,9.463695436716079712e-02,-7.245869934558868408e-02,-1.632844805717468262e-01,-2.264484465122222900e-01,-5.082273855805397034e-02,3.712051361799240112e-02,-8.028774708509445190e-02,-4.328731913119554520e-03,-4.860170558094978333e-02,-4.446126148104667664e-02,-7.389483600854873657e-02,-5.644076038151979446e-03,2.076566368341445923e-01,5.387237668037414551e-02,5.038120225071907043e-02,1.609189808368682861e-01,9.444051980972290039e-02
4.253349006175994873e-01,1.061241924762725830e-01,-2.294480204582214355e-01,4.548557102680206299e-02,2.915923297405242920e-02,-2.441839128732681274e-02,3.014357388019561768e-01,-1.133339293301105499e-02,-4.151418805122375488e-02,-6.661415100097656250e-02,1.000000000000000000e+00,4.892786741256713867e-01,5.414677858352661133e-01,2.013126164674758911e-01,8.026210963726043701e-02,-8.549481630325317383e-02,2.842068970203399658e-01,1.723238080739974976e-01,1.839613616466522217e-01,2.272448837757110596e-01,6.274418532848358154e-02,2.707010880112648010e-02,-4.276704788208007812e-01,-3.579230904579162598e-01,-5.419708043336868286e-02,-1.066257730126380920e-01,4.953919723629951477e-02,-3.097052313387393951e-02,4.542365968227386475e-01,1.524570584297180176e-01,-1.208147481083869934e-01,-1.649169623851776123e-01,6.318021565675735474e-02,2.654199674725532532e-02,-1.011440232396125793e-01,-6.227166205644607544e-02,1.177113503217697144e-01,6.270968168973922729e-02,2.829547524452209473e-01,1.492847949266433716e-01,2.047237008810043335e-01,2.481448650360107422e-01,-1.475724875926971436e-01,-4.039052128791809082e-02,1.806026697158813477e-01,1.125218272209167480e-01,-8.090244233608245850e-02,-8.716705488041043282e-04,9.438148885965347290e-02,1.495874673128128052e-01,-3.514781221747398376e-02,-2.184439264237880707e-02,-1.129762530326843262e-01,-1.134214550256729126e-02,2.186110168695449829e-01,1.096318215131759644e-01,1.845454871654510498e-01,8.496798574924468994e-02,4.411309957504272461e-01,3.752739429473876953e-01,2.920080125331878662e-01,3.263510763645172119e-01,3.153767585754394531e-01,1.318352073431015015e-01,3.396958410739898682e-01,2.329713553190231323e-01,3.270290791988372803e-01,2.860058844089508057e-01,2.707607150077819824e-01,1.685165315866470337e-01,6.194841489195823669e-02,-3.254279494285583496e-02,1.215384751558303833e-01,8.010300248861312866e-02,-4.129672423005104065e-03,1.103304773569107056e-01,-3.196881338953971863e-02,-8.969638496637344360e-02,1.482330411672592163e-01,1.688315868377685547e-01,3.591537177562713623e-01,1.651189923286437988e-01,1.929247528314590454e-01,8.921246975660324097e-02,2.959961593151092529e-01,8.898361772298812866e-02,2.308233082294464111e-01,1.081657633185386658e-01,1.851156204938888550e-01,5.444231908768415451e-03,1.170540302991867065e-01,-2.018196508288383484e-02,-4.733617231249809265e-02,-4.439103603363037109e-02,1.030027940869331360e-01,1.680679768323898315e-01,1.184516306966543198e-02,3.986204415559768677e-02,1.816604435443878174e-01,2.030531018972396851e-01,1.013242732733488083e-02,-3.357336297631263733e-02,1.019475385546684265e-01,4.415959492325782776e-02,1.939672827720642090e-01,1.845985502004623413e-01,-4.846929386258125305e-02,3.254318609833717346e-02,1.139345690608024597e-01,2.477261796593666077e-02,2.326147817075252533e-02,-9.871977567672729492e-02,1.368424948304891586e-02,-1.124821081757545471e-01,-8.361916244029998779e-02,1.282420288771390915e-02
2.483700960874557495e-01,4.191138744354248047e-01,-3.020709753036499023e-01,1.350475996732711792e-01,-7.671572268009185791e-02,-1.132707297801971436e-02,7.069655507802963257e-02,1.779158860445022583e-01,-1.160093173384666443e-01,1.456678099930286407e-02,4.892786741256713867e-01,1.000000000000000000e+00,4.004505872726440430e-01,4.563072323799133301e-01,-1.397321969270706177e-01,-7.959208637475967407e-02,2.062720060348510742e-01,3.945545852184295654e-01,1.885079443454742432e-01,1.872527897357940674e-01,-7.592660933732986450e-02,-2.143671363592147827e-02,-3.677144944667816162e-01,-3.002109825611114502e-01,-8.201871812343597412e-02,-5.664661526679992676e-02,9.201692417263984680e-03,-5.746683478355407715e-02,2.481464147567749023e-01,3.397689163684844971e-01,-2.106703221797943115e-01,-1.227814406156539917e-01,-2.675412595272064209e-02,6.477043032646179199e-02,-1.917863488197326660e-01,-1.300514340400695801e-01,1.870601773262023926e-01,2.534530460834503174e-01,3.288545608520507812e-01,3.556770086288452148e-01,1.528446525335311890e-01,2.668230831623077393e-01,-1.186843141913414001e-01,-2.516993694007396698e-02,1.852824240922927856e-01,7.291164249181747437e-02,-1.106933802366256714e-01,-8.387212455272674561e-02,9.157103300094604492e-02,1.305205672979354858e-01,-1.016213148832321167e-01,1.957895467057824135e-03,-1.441332250833511353e-01,-7.598461210727691650e-02,2.703839242458343506e-01,2.326116859912872314e-01,8.732801675796508789e-02,3.834602236747741699e-01,3.719837963581085205e-01,3.718226850032806396e-01,2.423467338085174561e-01,4.186642169952392578e-01,9.460412710905075073e-02,4.102372527122497559e-01,1.470975279808044434e-01,2.110888808965682983e-01,3.435575962066650391e-01,2.623492479324340820e-01,2.331821620464324951e-01,2.022981494665145874e-01,-5.275016650557518005e-02,2.606485225260257721e-02,3.077878430485725403e-02,2.303306609392166138e-01,-6.965864449739456177e-02,2.178115695714950562e-01,-1.208267509937286377e-01,-1.116234511137008667e-01,1.388841215521097183e-02,3.130864500999450684e-01,2.393694221973419189e-01,3.577267527580261230e-01,1.634965687990188599e-01,3.742599785327911377e-01,3.001248836517333984e-01,3.058039247989654541e-01,2.650927305221557617e-01,4.024888277053833008e-01,2.902612090110778809e-01,3.502797186374664307e-01,8.295546285808086395e-03,2.703978121280670166e-02,-1.330236941576004028e-01,-2.821183763444423676e-03,8.110066503286361694e-02,1.511633843183517456e-01,2.890785108320415020e-04,9.266693890094757080e-02,4.868101328611373901e-02,2.638105452060699463e-01,2.389576099812984467e-02,2.112211287021636963e-01,2.471200078725814819e-01,2.985230088233947754e-01,2.126663923263549805e-01,2.915872633457183838e-01,1.920709013938903809e-01,2.444738894701004028e-01,-3.074871376156806946e-02,-8.581890165805816650e-02,-3.524741902947425842e-02,-9.756758064031600952e-02,-6.530569493770599365e-02,-6.385927647352218628e-02,-3.754890337586402893e-02,-3.327929228544235229e-02
3.724562227725982666e-01,2.468251287937164307e-01,-2.060013860464096069e-01,-4.168184008449316025e-03,1.618052273988723755e-01,1.035369485616683960e-01,3.880763649940490723e-01,1.891670376062393188e-01,2.459872364997863770e-01,8.241745084524154663e-02,5.414677858352661133e-01,4.004505872726440430e-01,1.000000000000000000e+00,4.002817273139953613e-01,1.559237241744995117e-01,-7.842981815338134766e-02,3.377921879291534424e-01,2.138313800096511841e-01,1.837595999240875244e-01,1.148771867156028748e-01,-5.121497809886932373e-02,2.704779617488384247e-03,-2.232123464345932007e-01,-2.577086687088012695e-01,1.703992933034896851e-01,8.625172823667526245e-02,1.415191888809204102e-01,1.334881782531738281e-01,4.100898206233978271e-01,2.287762761116027832e-01,2.969300374388694763e-02,-3.624051064252853394e-02,5.102042853832244873e-02,5.408262088894844055e-02,-1.985671184957027435e-02,2.001773798838257790e-03,3.022708594799041748e-01,1.945111006498336792e-01,3.001079559326171875e-01,2.752953171730041504e-01,1.157451122999191284e-01,1.564476788043975830e-01,5.631086230278015137e-02,9.024099260568618774e-02,3.036751449108123779e-01,1.659326851367950439e-01,7.679897546768188477e-02,9.468785673379898071e-02,1.483559608459472656e-01,1.803878098726272583e-01,2.572470344603061676e-02,6.840868294239044189e-02,-3.026375360786914825e-02,-6.189838517457246780e-03,3.203000426292419434e-01,1.035786643624305725e-01,1.795393228530883789e-01,1.646340936422348022e-01,2.550519406795501709e-01,2.490054219961166382e-01,2.316806167364120483e-01,2.571389377117156982e-01,2.057007253170013428e-01,1.877711266279220581e-01,1.938825100660324097e-01,1.634466201066970825e-01,1.801593601703643799e-01,1.840821802616119385e-01,8.193638920783996582e-02,4.765918105840682983e-02,7.782918214797973633e-02,1.104003489017486572e-01,-2.313372715434525162e-05,8.967623114585876465e-02,-5.573049560189247131e-02,1.009784489870071411e-01,-1.923499070107936859e-02,-3.442046418786048889e-02,1.128721237182617188e-01,1.081030592322349548e-01,2.586800158023834229e-01,1.364297121763229370e-01,2.233633995056152344e-01,1.963304579257965088e-01,2.992084622383117676e-01,9.848856925964355469e-02,2.554261982440948486e-01,2.152367681264877319e-01,3.351561725139617920e-01,1.180592030286788940e-01,1.489759832620620728e-01,3.416910022497177124e-02,-2.127042599022388458e-02,-3.168862313032150269e-02,-5.402598064392805099e-03,8.288582414388656616e-02,1.005361005663871765e-01,1.393701434135437012e-01,1.260554343461990356e-01,1.419724225997924805e-01,1.085787490010261536e-01,1.020289808511734009e-01,2.084550410509109497e-01,1.688853204250335693e-01,1.027489975094795227e-01,1.908168047666549683e-01,1.404504179954528809e-01,2.221637815237045288e-01,-4.505862668156623840e-02,-3.917336091399192810e-02,-3.454816713929176331e-02,-1.484551876783370972e-01,8.651416748762130737e-03,-6.847856193780899048e-02,-1.573748737573623657e-01,-1.006016656756401062e-01
