1.000000000000000000e+00,3.660526573657989502e-01,3.880270719528198242e-01,1.294092237949371338e-01,1.040486171841621399e-01,1.016418915241956711e-02,4.610985517501831055e-01,4.856456071138381958e-02,7.257828861474990845e-02,-5.597973242402076721e-02,4.031279981136322021e-01,-4.006025940179824829e-02,3.421040773391723633e-01,-1.567078679800033569e-01,2.075614333152770996e-01,2.629673294723033905e-02,3.806935250759124756e-01,5.385011062026023865e-02,4.055913090705871582e-01,3.823935985565185547e-01,1.266550123691558838e-01,1.360930949449539185e-01,9.417846053838729858e-02,7.044360041618347168e-02,6.119072064757347107e-02,1.203744439408183098e-03,1.598420590162277222e-01,1.527340710163116455e-01,2.281015366315841675e-01,-3.659467771649360657e-02,4.191358759999275208e-02,1.479273848235607147e-02,3.550274372100830078e-01,2.586338520050048828e-01,1.360839158296585083e-01,9.037209302186965942e-02,2.850053310394287109e-01,1.760132014751434326e-01,2.220786660909652710e-01,2.226962447166442871e-01,1.877726167440414429e-01,1.899465769529342651e-01,-8.900178968906402588e-02,-1.542547643184661865e-01,-5.263521522283554077e-02,-1.046744883060455322e-01,-2.247205004096031189e-02,-8.624380826950073242e-02,-4.427590966224670410e-02,-7.853715121746063232e-02,-8.600419759750366211e-02,-1.472842842340469360e-01,-1.513787452131509781e-02,-9.419562667608261108e-02,2.130832225084304810e-01,7.771065831184387207e-02,6.443418264389038086e-01,3.207671046257019043e-01,4.162398874759674072e-01,2.849188446998596191e-01,4.916462600231170654e-01,2.657659947872161865e-01,3.673981428146362305e-01,8.505614846944808960e-02,2.034258693456649780e-01,9.463267773389816284e-02,3.086292147636413574e-01,1.969013959169387817e-01,4.346148371696472168e-01,3.156492710113525391e-01,1.477253884077072144e-01,8.516425639390945435e-02,2.289041280746459961e-01,5.241430178284645081e-02,2.092368453741073608e-01,7.410340756177902222e-02,1.840870231389999390e-01,7.984285056591033936e-02,1.933857798576354980e-01,-3.716262429952621460e-02,3.355133533477783203e-01,2.471515536308288574e-02,2.429769337177276611e-01,1.815622001886367798e-01,2.994584739208221436e-01,-3.621400147676467896e-02,3.079928159713745117e-01,1.602403223514556885e-01,3.872378766536712646e-01,2.034053951501846313e-01,1.386253088712692261e-01,1.414928734302520752e-01,1.277598440647125244e-01,2.615914344787597656e-01,4.620869830250740051e-02,6.184875965118408203e-03,1.432200670242309570e-01,1.496407240629196167e-01,1.740701198577880859e-01,1.412490010261535645e-01,2.208193093538284302e-01,3.152270913124084473e-01,2.115911245346069336e-01,3.330375850200653076e-01,4.900015145540237427e-02,4.812866449356079102e-02,-4.008769057691097260e-03,1.344156414270401001e-01,-3.259514644742012024e-02,6.075765937566757202e-02,4.794138297438621521e-02,6.550426036119461060e-02,9.180383384227752686e-02,1.352162063121795654e-01,4.559597373008728027e-02,-1.252926588058471680e-01
3.660526573657989502e-01,1.000000000000000000e+00,5.124459788203239441e-02,1.099063605070114136e-01,5.370975285768508911e-02,8.718789368867874146e-02,-2.619857713580131531e-02,2.623653709888458252e-01,-4.161015525460243225e-02,9.303883463144302368e-02,6.330646574497222900e-02,2.463181167840957642e-01,-7.205069810152053833e-02,1.238444373011589050e-01,1.398827042430639267e-02,9.142248332500457764e-02,1.690624058246612549e-01,3.124205470085144043e-01,3.080693781375885010e-01,3.616018891334533691e-01,4.984143003821372986e-02,7.048286497592926025e-02,-1.099100708961486816e-01,-7.363350689411163330e-02,-6.835231184959411621e-02,-6.062903627753257751e-02,6.395089626312255859e-02,1.245871707797050476e-01,3.440773859620094299e-02,5.863476544618606567e-02,-8.171405643224716187e-02,-2.498386800289154053e-02,3.671043217182159424e-01,3.648561239242553711e-01,1.154324561357498169e-01,1.232399344444274902e-01,8.420609682798385620e-02,9.600252658128738403e-02,6.321678310632705688e-02,1.295967251062393188e-01,6.910543143749237061e-02,1.399764865636825562e-01,-1.339852064847946167e-01,-7.813203334808349609e-02,7.825164496898651123e-02,1.854707300662994385e-01,-5.495388433337211609e-02,-1.288239751011133194e-02,1.368318051099777222e-01,2.134400010108947754e-01,-3.155918046832084656e-02,8.978965878486633301e-02,1.246474403887987137e-02,-4.537757113575935364e-02,4.098152369260787964e-02,8.969870954751968384e-02,4.280037879943847656e-01,6.951072812080383301e-01,3.857768177986145020e-01,5.037457346916198730e-01,3.287630081176757812e-01,5.239992141723632812e-01,1.810979247093200684e-01,4.887739121913909912e-01,5.145490914583206177e-02,3.966195881366729736e-01,3.696006536483764648e-01,3.926499783992767334e-01,4.357911348342895508e-01,3.499597311019897461e-01,3.914291411638259888e-02,5.121636018157005310e-02,4.908138141036033630e-02,5.956806614995002747e-02,5.589375272393226624e-02,5.357405170798301697e-02,5.193467810750007629e-02,3.805602714419364929e-02,4.447856172919273376e-02,8.182369172573089600e-02,1.608760505914688110e-01,2.580614089965820312e-01,6.125213578343391418e-02,1.259059756994247437e-01,3.184961527585983276e-02,1.071587502956390381e-01,1.329012811183929443e-01,7.615019381046295166e-02,1.689108014106750488e-01,2.876171767711639404e-01,1.544385403394699097e-01,1.141352951526641846e-01,1.505221724510192871e-01,1.880357563495635986e-01,5.057252198457717896e-02,1.229725778102874756e-03,8.416707068681716919e-02,1.039875075221061707e-01,1.030950248241424561e-01,1.670376211404800415e-01,2.684866487979888916e-01,2.600684762001037598e-01,2.574103772640228271e-01,2.924246490001678467e-01,6.925698369741439819e-02,4.815043136477470398e-02,-1.807480677962303162e-02,5.610583722591400146e-02,-2.271015662699937820e-03,1.342525053769350052e-02,-1.451369002461433411e-02,-1.051694969646632671e-03,1.180602684617042542e-01,1.318943202495574951e-01,1.146031636744737625e-02,-4.110067710280418396e-02
3.880270719528198242e-01,5.124459788203239441e-02,1.000000000000000000e+00,5.084889531135559082e-01,1.733196377754211426e-01,6.076311692595481873e-02,6.660383939743041992e-01,3.216765820980072021e-01,1.884798407554626465e-01,-3.725999966263771057e-02,2.643567919731140137e-01,-1.680509001016616821e-01,3.603145778179168701e-01,-4.625790938735008240e-02,2.819499075412750244e-01,1.593308597803115845e-01,1.615376919507980347e-01,-1.125412210822105408e-01,4.579178690910339355e-01,3.603129088878631592e-01,1.684091240167617798e-01,1.887701451778411865e-01,6.090244650840759277e-01,6.062206625938415527e-01,2.663279771804809570e-01,2.226709574460983276e-01,2.652616202831268311e-01,1.736107170581817627e-01,1.289801299571990967e-01,-6.517876684665679932e-02,2.831124961376190186e-01,3.085872828960418701e-01,7.605772465467453003e-02,4.834299162030220032e-02,1.074058115482330322e-01,6.045893207192420959e-02,6.295241415500640869e-02,-2.177415601909160614e-02,4.642385244369506836e-02,2.440335601568222046e-02,1.063535287976264954e-01,1.291069537401199341e-01,2.244018912315368652e-01,1.445259898900985718e-01,5.743724107742309570e-02,2.644009329378604889e-02,1.615314483642578125e-01,6.485079973936080933e-02,8.882664889097213745e-02,-7.881064899265766144e-03,1.848144978284835815e-01,7.624944555573165417e-04,8.264427632093429565e-02,8.972930163145065308e-02,1.319394260644912720e-01,7.291497662663459778e-03,1.571089178323745728e-01,-6.489603966474533081e-02,2.754422463476657867e-02,-1.356297731399536133e-01,1.249270588159561157e-01,-1.216363981366157532e-01,1.167510077357292175e-01,-1.713757663965225220e-01,3.190865218639373779e-01,-6.531914323568344116e-02,-7.655255496501922607e-02,-1.122907549142837524e-01,-2.918143384158611298e-02,-4.757950082421302795e-02,7.530029863119125366e-02,5.558963492512702942e-02,1.590846180915832520e-01,3.519779443740844727e-02,1.176966354250907898e-01,-7.071267813444137573e-03,-1.790986396372318268e-02,-6.474277377128601074e-02,7.157630473375320435e-02,-5.475109070539474487e-02,1.864430010318756104e-01,-1.161908879876136780e-01,1.463991701602935791e-01,1.405678093433380127e-01,4.041067957878112793e-01,9.369908273220062256e-02,1.685677021741867065e-01,1.665242761373519897e-01,2.123656123876571655e-01,9.192079305648803711e-02,-5.278216674923896790e-02,-4.618034139275550842e-02,1.282779313623905182e-02,1.669895499944686890e-01,-7.486891746520996094e-02,-1.325902938842773438e-01,-1.802880130708217621e-02,-3.201927244663238525e-02,-4.632427543401718140e-02,-9.975478053092956543e-02,-3.691498562693595886e-02,1.221823170781135559e-01,-1.610990464687347412e-01,-7.999625802040100098e-02,-2.602744698524475098e-01,-2.346870452165603638e-01,-2.290401011705398560e-01,-1.681081652641296387e-01,-1.071536168456077576e-01,-8.923976123332977295e-02,-9.097246080636978149e-02,-5.807266756892204285e-02,-8.063202351331710815e-02,-6.540271639823913574e-02,-1.732446700334548950e-01,-2.102718055248260498e-01
1.294092237949371338e-01,1.099063605070114136e-01,5.084889531135559082e-01,1.000000000000000000e+00,2.056017965078353882e-01,2.075974047183990479e-01,3.623205125331878662e-01,6.057580709457397461e-01,2.043836414813995361e-01,1.084331572055816650e-01,3.227617964148521423e-02,1.494466811418533325e-01,1.798032224178314209e-01,3.047823011875152588e-01,2.106647044420242310e-01,3.015380799770355225e-01,4.860071092844009399e-02,6.898151710629463196e-03,4.030401110649108887e-01,4.192121326923370361e-01,1.909651756286621094e-01,2.350771874189376831e-01,4.751064181327819824e-01,6.185477375984191895e-01,2.012815922498703003e-01,2.567286789417266846e-01,1.821639090776443481e-01,1.296318471431732178e-01,8.398233354091644287e-02,8.754041045904159546e-02,3.295242786407470703e-01,4.002969264984130859e-01,-3.158901259303092957e-02,-2.726972335949540138e-03,-1.476427614688873291e-01,-8.809319883584976196e-02,-8.163528889417648315e-02,-6.645254045724868774e-02,-6.054210662841796875e-02,-8.527389727532863617e-03,1.717928826110437512e-04,1.817397326231002808e-01,1.002876535058021545e-01,5.939510464668273926e-02,-6.804145127534866333e-02,-4.404000192880630493e-02,8.909236639738082886e-02,4.927092418074607849e-02,-6.604511290788650513e-02,-1.149549931287765503e-01,3.785739839076995850e-02,-6.188448145985603333e-02,4.798078536987304688e-02,5.997904762625694275e-02,1.806945353746414185e-02,3.306894749402999878e-02,-9.070083498954772949e-02,-7.741474360227584839e-02,-1.833727508783340454e-01,-1.164910942316055298e-01,-5.206003412604331970e-02,-1.670629344880580902e-02,-9.714829176664352417e-02,-6.797493249177932739e-02,4.253287613391876221e-02,2.332396991550922394e-02,-1.796598136425018311e-01,-1.227536201477050781e-01,-2.403365448117256165e-02,8.116052049444988370e-05,6.943196058273315430e-02,9.958404302597045898e-02,1.223150640726089478e-01,1.091893836855888367e-01,1.380816102027893066e-01,6.368205696344375610e-02,-1.305622607469558716e-01,-1.151088923215866089e-01,8.209854364395141602e-02,4.133839393034577370e-04,1.048313826322555542e-01,2.007854543626308441e-02,2.838413417339324951e-02,2.204580456018447876e-01,1.432119309902191162e-01,2.176568210124969482e-01,-5.757790990173816681e-03,1.351756900548934937e-01,5.321516469120979309e-02,1.245256587862968445e-01,-1.423866897821426392e-01,-1.617970466613769531e-01,-9.166815131902694702e-02,-9.805930405855178833e-02,-1.939023882150650024e-01,-2.506603300571441650e-01,-1.502378433942794800e-01,-9.630876779556274414e-02,-1.388000994920730591e-01,-1.199953854084014893e-01,-1.133495718240737915e-01,-1.193994507193565369e-01,-3.002323210239410400e-01,-2.622621357440948486e-01,-3.081199228763580322e-01,-2.947335243225097656e-01,-2.760657966136932373e-01,-2.176183462142944336e-01,-1.880117505788803101e-01,-1.986170113086700439e-01,-1.935722827911376953e-01,-1.304690092802047729e-01,-1.417087018489837646e-01,-1.835314631462097168e-01,-2.414519637823104858e-01,-2.888290286064147949e-01
1.040486171841621399e-01,5.370975285768508911e-02,1.733196377754211426e-01,2.056017965078353882e-01,1.000000000000000000e+00,6.851660609245300293e-01,8.686848729848861694e-02,-2.721137367188930511e-02,6.923429369926452637e-01,5.824237465858459473e-01,2.034972608089447021e-01,-3.353463485836982727e-02,2.194553017616271973e-01,3.963672742247581482e-02,6.091469526290893555e-01,5.071878433227539062e-01,1.595418304204940796e-01,1.492905616760253906e-02,2.531240582466125488e-01,2.138837873935699463e-01,3.405930995941162109e-01,4.128396213054656982e-01,1.962365955114364624e-01,1.867880821228027344e-01,4.840143024921417236e-01,4.440937638282775879e-01,6.420769691467285156e-01,6.325156092643737793e-01,2.113614678382873535e-01,1.729474216699600220e-01,2.103181779384613037e-01,1.754227727651596069e-01,-1.813076995313167572e-02,-5.447581782937049866e-02,3.510818583890795708e-03,-6.037394516170024872e-03,1.960192322731018066e-01,1.995628327131271362e-01,2.226255238056182861e-01,2.367316633462905884e-01,2.475918978452682495e-01,4.238426983356475830e-01,-1.575522124767303467e-03,-6.726314872503280640e-02,-1.119264140725135803e-01,-1.644065976142883301e-01,1.311740726232528687e-01,3.360058367252349854e-02,-9.819214046001434326e-02,-1.452321261167526245e-01,-1.095985993742942810e-01,-1.603961437940597534e-01,5.274786800146102905e-02,8.243424445390701294e-02,2.227261364459991455e-01,2.601678371429443359e-01,4.174744337797164917e-02,1.375577785074710846e-02,-5.152519419789314270e-02,-7.532324641942977905e-02,-7.659367751330137253e-03,-1.195629537105560303e-01,-4.272483661770820618e-02,-1.484869271516799927e-01,4.470374807715415955e-02,-1.911914199590682983e-01,-1.262763738632202148e-01,-1.919766217470169067e-01,7.808887958526611328e-02,1.068449690937995911e-01,1.474889367818832397e-01,1.260321587324142456e-01,2.427181899547576904e-01,2.059160619974136353e-01,1.847093403339385986e-01,1.760430932044982910e-01,1.497346535325050354e-02,-3.961322456598281860e-02,1.456371396780014038e-01,1.236038580536842346e-01,1.231201142072677612e-01,2.283591963350772858e-02,1.988241821527481079e-01,2.224810719490051270e-01,2.585014998912811279e-01,1.176435649394989014e-01,2.379566133022308350e-01,2.789635956287384033e-01,3.153234422206878662e-01,3.052732050418853760e-01,1.375906467437744141e-01,1.331936120986938477e-01,8.850075304508209229e-02,1.271872073411941528e-01,3.816393390297889709e-02,5.392768234014511108e-02,1.174913197755813599e-01,1.663364917039871216e-01,7.002216577529907227e-02,1.502582877874374390e-01,-1.597274690866470337e-01,-5.668384209275245667e-02,-1.286285072565078735e-01,-1.451819241046905518e-01,-6.716449279338121414e-03,1.202320028096437454e-02,-1.770193576812744141e-01,-9.216376394033432007e-02,-1.694401912391185760e-02,-4.093062505125999451e-02,-8.758639916777610779e-03,7.983265817165374756e-02,1.485779881477355957e-01,1.472130417823791504e-01,5.899293348193168640e-02,-4.442154895514249802e-03
1.016418915241956711e-02,8.718789368867874146e-02,6.076311692595481873e-02,2.075974047183990479e-01,6.851660609245300293e-01,1.000000000000000000e+00,-1.435919199138879776e-02,5.081890150904655457e-02,6.413522958755493164e-01,6.723366379737854004e-01,1.599947661161422729e-01,1.269406378269195557e-01,1.665258556604385376e-01,2.086242586374282837e-01,5.356603860855102539e-01,5.661548972129821777e-01,1.602387875318527222e-01,1.039261296391487122e-01,1.685269623994827271e-01,1.294052898883819580e-01,3.651430308818817139e-01,4.544191956520080566e-01,1.713380962610244751e-01,1.825108081102371216e-01,4.797772467136383057e-01,5.107806324958801270e-01,5.451402664184570312e-01,6.064968109130859375e-01,2.508153915405273438e-01,2.938689589500427246e-01,2.904266715049743652e-01,2.638677954673767090e-01,2.253538183867931366e-02,-5.328217055648565292e-03,-2.962443605065345764e-02,-3.169617056846618652e-02,1.862156242132186890e-01,2.524770796298980713e-01,2.394694238901138306e-01,2.928002476692199707e-01,2.019253075122833252e-01,4.374696314334869385e-01,-1.936100609600543976e-02,-4.407243058085441589e-02,-1.432719379663467407e-01,-1.526317149400711060e-01,1.882897168397903442e-01,1.391118615865707397e-01,-1.259959638118743896e-01,-1.555643230676651001e-01,-1.084177717566490173e-01,-1.497207134962081909e-01,1.075575128197669983e-01,1.181248426437377930e-01,2.450243830680847168e-01,3.403961360454559326e-01,6.550746969878673553e-03,4.467626661062240601e-02,-8.538191765546798706e-02,-9.070660173892974854e-02,-1.990032196044921875e-02,-9.619951248168945312e-02,-7.217430323362350464e-02,-7.797784358263015747e-02,-8.431950584053993225e-03,-1.597652286291122437e-01,-1.105640605092048645e-01,-1.494792699813842773e-01,7.933799922466278076e-02,1.175691336393356323e-01,2.233146876096725464e-01,2.237485796213150024e-01,2.867198288440704346e-01,3.217502534389495850e-01,2.574753165245056152e-01,3.089459538459777832e-01,6.358188390731811523e-02,3.138303756713867188e-02,1.784695833921432495e-01,1.499468237161636353e-01,1.380147933959960938e-01,1.342840492725372314e-01,1.532437801361083984e-01,2.868741452693939209e-01,2.071338891983032227e-01,2.038565278053283691e-01,1.819704473018646240e-01,2.866586744785308838e-01,2.527970075607299805e-01,3.697482645511627197e-01,1.910305023193359375e-01,1.970293074846267700e-01,8.565578609704971313e-02,9.749283641576766968e-02,2.773359604179859161e-02,6.114092096686363220e-02,1.833671778440475464e-01,2.243468761444091797e-01,1.266681998968124390e-01,2.326672822237014771e-01,-1.613537818193435669e-01,-8.202018588781356812e-02,-1.036249846220016479e-01,-1.405649334192276001e-01,4.864560812711715698e-02,5.501272156834602356e-02,-1.499472409486770630e-01,-9.702161699533462524e-02,-7.735472638159990311e-03,-2.850433997809886932e-02,6.601963192224502563e-02,1.258186101913452148e-01,1.916586756706237793e-01,1.810908466577529907e-01,1.070993021130561829e-01,5.511525552719831467e-03
4.610985517501831055e-01,-2.619857713580131531e-02,6.660383939743041992e-01,3.623205125331878662e-01,8.686848729848861694e-02,-1.435919199138879776e-02,1.000000000000000000e+00,2.365723699331283569e-01,1.614722162485122681e-01,-1.042170077562332153e-01,4.266916215419769287e-01,-8.890604227781295776e-02,5.391550660133361816e-01,-6.170767173171043396e-02,2.833395004272460938e-01,8.449662476778030396e-02,3.280218243598937988e-01,-3.293020185083150864e-03,3.040144741535186768e-01,2.498680800199508667e-01,1.581498682498931885e-01,1.734300702810287476e-01,4.804857671260833740e-01,4.833925664424896240e-01,2.083490043878555298e-01,1.704549640417098999e-01,1.714147478342056274e-01,7.724316418170928955e-02,2.563096582889556885e-01,1.787098310887813568e-02,2.699437141418457031e-01,2.634778618812561035e-01,1.800606101751327515e-01,1.707005798816680908e-01,1.680235862731933594e-01,1.235402226448059082e-01,1.774461865425109863e-01,8.562926203012466431e-02,1.142093688249588013e-01,8.502720296382904053e-02,1.829770952463150024e-01,1.348734647035598755e-01,1.826410144567489624e-01,6.961295753717422485e-02,5.352205038070678711e-02,-3.362129256129264832e-02,1.275305449962615967e-01,1.625968888401985168e-02,3.858967125415802002e-02,-3.603180870413780212e-02,1.284926533699035645e-01,-2.021875046193599701e-02,6.388088315725326538e-02,3.421987593173980713e-02,1.924650818109512329e-01,-5.177325569093227386e-03,2.550584077835083008e-01,-1.015003845095634460e-01,6.338537484407424927e-02,-1.299073994159698486e-01,2.631699740886688232e-01,-4.467121511697769165e-02,3.410604298114776611e-01,-7.832055538892745972e-02,3.359352350234985352e-01,-2.807061187922954559e-02,2.033380046486854553e-02,-2.679065242409706116e-02,-3.723928704857826233e-02,-8.787199854850769043e-02,1.530388742685317993e-01,1.263432651758193970e-01,2.364200055599212646e-01,1.065336540341377258e-01,1.640755534172058105e-01,5.739456415176391602e-02,1.096738129854202271e-01,6.630033254623413086e-02,1.667701601982116699e-01,1.557356677949428558e-02,3.241206407546997070e-01,-1.942466944456100464e-02,2.332915514707565308e-01,1.658252626657485962e-01,4.350707232952117920e-01,3.794641047716140747e-02,1.549722254276275635e-01,8.311443775892257690e-02,2.531870305538177490e-01,2.531730756163597107e-02,-1.458853483200073242e-02,-1.272106822580099106e-02,-1.039797347038984299e-02,1.575432717800140381e-01,-3.023603372275829315e-02,-4.517851769924163818e-02,3.823668137192726135e-02,-1.714509329758584499e-03,6.425559520721435547e-02,-7.972052693367004395e-02,2.425120212137699127e-02,1.577450037002563477e-01,-5.293822288513183594e-02,2.525948733091354370e-02,-1.963853687047958374e-01,-1.928042769432067871e-01,-1.532540917396545410e-01,-1.183332279324531555e-01,-9.916721284389495850e-02,-4.117631167173385620e-02,-1.754467003047466278e-02,3.182822465896606445e-02,-7.723426818847656250e-02,-5.309637263417243958e-02,-1.640649884939193726e-01,-2.330229580402374268e-01
4.856456071138381958e-02,2.623653709888458252e-01,3.216765820980072021e-01,6.057580709457397461e-01,-2.721137367188930511e-02,5.081890150904655457e-02,2.365723699331283569e-01,1.000000000000000000e+00,-2.181139215826988220e-02,1.739715784788131714e-02,-6.129457033239305019e-04,3.474388420581817627e-01,6.032595038414001465e-02,4.857176244258880615e-01,1.912374235689640045e-02,2.242283374071121216e-01,7.413608580827713013e-02,1.784898936748504639e-01,2.002499550580978394e-01,2.491145879030227661e-01,1.159563958644866943e-01,1.337179094552993774e-01,3.237212300300598145e-01,4.567062556743621826e-01,4.332043603062629700e-02,1.226518005132675171e-01,-4.564214125275611877e-02,-7.297097146511077881e-02,9.125974774360656738e-02,1.584181040525436401e-01,2.634906470775604248e-01,3.712804019451141357e-01,6.371331959962844849e-02,1.486009657382965088e-01,-4.104792326688766479e-02,1.511451555415987968e-03,-8.273831754922866821e-02,-2.878170274198055267e-02,-1.072343736886978149e-01,-3.277387097477912903e-02,-1.375178806483745575e-02,1.043646857142448425e-01,2.462051250040531158e-02,7.022056728601455688e-02,6.602063775062561035e-03,1.505907773971557617e-01,5.727687850594520569e-02,7.226008176803588867e-02,5.162430927157402039e-02,7.228258252143859863e-02,1.018864735960960388e-01,5.935906618833541870e-02,3.826267644762992859e-02,-4.137569665908813477e-02,-4.587972909212112427e-02,8.310953155159950256e-03,-5.528940260410308838e-02,9.544327855110168457e-02,-1.041167303919792175e-01,7.436884334310889244e-04,1.060926727950572968e-02,1.697773039340972900e-01,8.449236303567886353e-02,2.457683086395263672e-01,6.472642719745635986e-02,2.319038212299346924e-01,-6.123753637075424194e-02,6.370726227760314941e-02,-7.909327745437622070e-02,-7.194982469081878662e-02,8.220293372869491577e-02,1.388803869485855103e-01,7.691746950149536133e-02,1.350000500679016113e-01,1.079393252730369568e-01,9.432481974363327026e-02,-7.482127100229263306e-02,-3.141057118773460388e-02,4.047446325421333313e-02,2.568681910634040833e-02,9.471214562654495239e-02,1.554541587829589844e-01,-3.703761845827102661e-03,1.785460859537124634e-01,5.205220729112625122e-02,1.995767951011657715e-01,-1.017335802316665649e-01,2.077448740601539612e-02,-4.415119066834449768e-02,8.369027078151702881e-02,-7.526626437902450562e-02,-9.445138275623321533e-02,-3.321641311049461365e-02,-7.718970626592636108e-02,-1.647235155105590820e-01,-1.903434395790100098e-01,-1.547964066267013550e-01,-9.501656144857406616e-02,-9.679798036813735962e-02,-6.821475923061370850e-02,5.627010017633438110e-02,-2.671276032924652100e-02,-1.321568936109542847e-01,-9.656369686126708984e-02,-2.079983651638031006e-01,-2.211948037147521973e-01,-1.744470298290252686e-01,-1.975665241479873657e-01,-1.543949693441390991e-01,-2.020175457000732422e-01,-1.673367470502853394e-01,-1.304407268762588501e-01,-1.413581222295761108e-01,-1.330863684415817261e-01,-2.059992849826812744e-01,-2.767342925071716309e-01
7.257828861474990845e-02,-4.161015525460243225e-02,1.884798407554626465e-01,2.043836414813995361e-01,6.923429369926452637e-01,6.413522958755493164e-01,1.614722162485122681e-01,-2.181139215826988220e-02,1.000000000000000000e+00,5.612257122993469238e-01,2.695230543613433838e-01,-1.058886572718620300e-02,2.978056371212005615e-01,4.416089132428169250e-02,6.717923879623413086e-01,5.148355960845947266e-01,1.893202662467956543e-01,5.640540271997451782e-02,1.999900192022323608e-01,1.748001426458358765e-01,4.247149229049682617e-01,4.799941182136535645e-01,2.770991623401641846e-01,2.515998780727386475e-01,5.691477656364440918e-01,5.500173568725585938e-01,5.473247170448303223e-01,5.274185538291931152e-01,2.918581664562225342e-01,2.742924392223358154e-01,3.127776682376861572e-01,2.709205448627471924e-01,-7.816919125616550446e-03,-3.970988839864730835e-02,5.463291704654693604e-02,3.810169547796249390e-02,2.433981001377105713e-01,2.699222564697265625e-01,2.147408425807952881e-01,2.442423701286315918e-01,2.484260201454162598e-01,4.246719479560852051e-01,4.993645474314689636e-02,-4.221428185701370239e-02,-9.654574096202850342e-02,-1.718454658985137939e-01,2.112194299697875977e-01,1.160902157425880432e-01,-1.309589743614196777e-01,-1.733962148427963257e-01,-9.505642950534820557e-02,-1.694819033145904541e-01,1.516823917627334595e-01,1.234482750296592712e-01,2.573905885219573975e-01,2.586163878440856934e-01,1.996002346277236938e-02,-6.294369697570800781e-02,-1.128733083605766296e-01,-1.749602854251861572e-01,-4.126152396202087402e-02,-1.940833628177642822e-01,1.943201944231987000e-02,-1.780378371477127075e-01,1.015630736947059631e-01,-2.289628237485885620e-01,-1.447218358516693115e-01,-2.083228379487991333e-01,2.460033074021339417e-02,4.864371940493583679e-02,2.125247269868850708e-01,2.170373797416687012e-01,2.812467217445373535e-01,2.582301497459411621e-01,2.020335644483566284e-01,2.248227000236511230e-01,5.941679701209068298e-02,2.046090364456176758e-02,1.636711955070495605e-01,1.114139333367347717e-01,2.112046927213668823e-01,7.766546308994293213e-02,2.512961924076080322e-01,2.925279438495635986e-01,3.681801557540893555e-01,1.804427951574325562e-01,2.154639512300491333e-01,2.190669178962707520e-01,3.106606602668762207e-01,2.144977897405624390e-01,9.086177498102188110e-02,1.150464639067649841e-01,3.542007133364677429e-02,8.403389900922775269e-02,5.637660250067710876e-02,9.466047585010528564e-02,1.691837310791015625e-01,1.860505491495132446e-01,1.061308979988098145e-01,1.418122649192810059e-01,-2.159653604030609131e-01,-9.566770493984222412e-02,-1.821283698081970215e-01,-1.728762090206146240e-01,-7.574471831321716309e-02,-3.815478459000587463e-02,-1.972386389970779419e-01,-1.026162356138229370e-01,2.564226835966110229e-02,-1.655038073658943176e-02,5.505247041583061218e-02,1.535425931215286255e-01,9.098432958126068115e-02,9.684757143259048462e-02,1.111841108649969101e-02,-4.608967155218124390e-02
-5.597973242402076721e-02,9.303883463144302368e-02,-3.725999966263771057e-02,1.084331572055816650e-01,5.824237465858459473e-01,6.723366379737854004e-01,-1.042170077562332153e-01,1.739715784788131714e-02,5.612257122993469238e-01,1.000000000000000000e+00,9.703841060400009155e-02,1.602962911128997803e-01,4.597188532352447510e-02,2.001766562461853027e-01,4.138073921203613281e-01,5.209349989891052246e-01,5.932750552892684937e-02,1.385083347558975220e-01,1.231058388948440552e-01,1.086399480700492859e-01,2.543545663356781006e-01,3.368318080902099609e-01,9.380183368921279907e-02,7.823654264211654663e-02,3.492937386035919189e-01,3.603696525096893311e-01,4.462271034717559814e-01,5.436382889747619629e-01,1.272262781858444214e-01,2.361287772655487061e-01,1.516259759664535522e-01,1.640112549066543579e-01,3.323665261268615723e-02,2.761139348149299622e-02,1.822364516556262970e-02,1.107109244912862778e-02,1.147356554865837097e-01,2.336150407791137695e-01,1.793975979089736938e-01,2.283572703599929810e-01,1.836105883121490479e-01,3.807674348354339600e-01,-4.789000377058982849e-02,-2.513804100453853607e-02,-1.075661778450012207e-01,-7.451809197664260864e-02,1.076536700129508972e-01,1.223135516047477722e-01,-8.201380819082260132e-02,-8.902902156114578247e-02,-1.025426909327507019e-01,-7.185333222150802612e-02,1.055744960904121399e-01,1.323805451393127441e-01,1.762640476226806641e-01,3.281444907188415527e-01,-3.653077408671379089e-02,6.920414417982101440e-02,-9.111112356185913086e-02,-8.518114686012268066e-02,-5.146161094307899475e-02,-6.836861371994018555e-02,-7.749035954475402832e-02,2.104207407683134079e-03,7.466151379048824310e-03,-8.753697574138641357e-02,-9.886092692613601685e-02,-1.176978722214698792e-01,5.335446074604988098e-02,9.842945635318756104e-02,1.143185496330261230e-01,1.494388282299041748e-01,1.354997754096984863e-01,2.134311795234680176e-01,1.020022407174110413e-01,1.884463131427764893e-01,1.015906501561403275e-02,2.867460437119007111e-02,1.119210720062255859e-01,1.425930708646774292e-01,4.561707377433776855e-02,1.616137325763702393e-01,7.953699678182601929e-02,2.085327208042144775e-01,1.318099200725555420e-01,2.342714816331863403e-01,8.301486819982528687e-02,1.825914680957794189e-01,1.650130152702331543e-01,3.841973245143890381e-01,1.915652900934219360e-01,2.341668903827667236e-01,1.260926872491836548e-01,1.024436131119728088e-01,2.104958519339561462e-02,8.673179149627685547e-02,1.524328291416168213e-01,1.920027881860733032e-01,1.092664971947669983e-01,2.258852571249008179e-01,-1.549359411001205444e-01,-8.934921771287918091e-02,-1.078805476427078247e-01,-1.488407254219055176e-01,3.831705451011657715e-02,5.043675750494003296e-02,-1.666152030229568481e-01,-1.508879959583282471e-01,1.292897667735815048e-02,-5.991694331169128418e-02,3.446316346526145935e-02,1.205619573593139648e-01,1.750574260950088501e-01,1.966222822666168213e-01,1.081264466047286987e-01,3.949994593858718872e-02
4.031279981136322021e-01,6.330646574497222900e-02,2.643567919731140137e-01,3.227617964148521423e-02,2.034972608089447021e-01,1.599947661161422729e-01,4.266916215419769287e-01,-6.129457033239305019e-04,2.695230543613433838e-01,9.703841060400009155e-02,1.000000000000000000e+00,1.991378366947174072e-01,5.955882668495178223e-01,1.047761216759681702e-01,4.470574855804443359e-01,2.347689718008041382e-01,6.168711781501770020e-01,2.845181822776794434e-01,1.577982157468795776e-01,1.112527549266815186e-01,2.439637929201126099e-01,2.993077933788299561e-01,2.438409030437469482e-01,1.616493314504623413e-01,2.869087755680084229e-01,2.419539391994476318e-01,2.198694646358489990e-01,1.646754145622253418e-01,5.433368682861328125e-01,2.935179471969604492e-01,3.566089868545532227e-01,3.219354152679443359e-01,2.915720343589782715e-01,2.294963002204895020e-01,2.472490370273590088e-01,1.955734789371490479e-01,4.730714857578277588e-01,4.134493470191955566e-01,3.856402635574340820e-01,3.866790235042572021e-01,3.678346276283264160e-01,3.227868974208831787e-01,-2.197699993848800659e-02,-6.269722431898117065e-02,-1.421039737761020660e-02,-1.193803921341896057e-01,1.520961970090866089e-01,9.294657409191131592e-02,-7.183178514242172241e-02,-1.013961881399154663e-01,-7.998027652502059937e-02,-1.739442795515060425e-01,3.164107352495193481e-02,-2.476527914404869080e-02,3.523284494876861572e-01,2.433620989322662354e-01,3.806643187999725342e-01,4.066117480397224426e-02,-3.291160101071000099e-03,-1.373181045055389404e-01,2.252212017774581909e-01,-4.251195117831230164e-02,4.594733417034149170e-01,2.795583568513393402e-02,1.656180918216705322e-01,-1.467182189226150513e-01,1.065438240766525269e-02,-8.982336148619651794e-03,1.136261299252510071e-01,2.564153820276260376e-02,4.332892596721649170e-01,4.058388471603393555e-01,4.945009350776672363e-01,3.870835006237030029e-01,3.694433867931365967e-01,3.493651747703552246e-01,4.578139483928680420e-01,3.925787210464477539e-01,3.224194645881652832e-01,2.035314291715621948e-01,5.199603438377380371e-01,2.760786414146423340e-01,4.531084597110748291e-01,3.493099510669708252e-01,4.648088812828063965e-01,3.620572388172149658e-02,2.795374989509582520e-01,1.426806449890136719e-01,3.189891278743743896e-01,8.886139839887619019e-02,1.431599110364913940e-01,1.906965672969818115e-01,4.733391106128692627e-02,1.603730171918869019e-01,1.436670571565628052e-01,1.804137825965881348e-01,2.718193233013153076e-01,3.075702786445617676e-01,2.985642254352569580e-01,2.197151780128479004e-01,2.335890568792819977e-02,1.154531762003898621e-01,7.809004187583923340e-02,1.209175363183021545e-01,-2.092707343399524689e-02,-2.423301525413990021e-02,-7.368459552526473999e-02,1.496777031570672989e-02,9.453248232603073120e-02,1.303397715091705322e-01,2.200753092765808105e-01,2.664654850959777832e-01,1.405406147241592407e-01,1.060536950826644897e-01,5.271971970796585083e-02,-1.249207183718681335e-01
-4.006025940179824829e-02,2.463181167840957642e-01,-1.680509001016616821e-01,1.494466811418533325e-01,-3.353463485836982727e-02,1.269406378269195557e-01,-8.890604227781295776e-02,3.474388420581817627e-01,-1.058886572718620300e-02,1.602962911128997803e-01,1.991378366947174072e-01,1.000000000000000000e+00,1.271413862705230713e-01,6.122458577156066895e-01,1.824323460459709167e-02,2.082088440656661987e-01,2.934242188930511475e-01,5.783426761627197266e-01,-5.041231587529182434e-02,5.814387649297714233e-02,9.929201006889343262e-02,1.673287898302078247e-01,-2.174629643559455872e-02,3.153332322835922241e-02,3.454940626397728920e-03,9.947604686021804810e-02,-1.291386634111404419e-01,-1.005232557654380798e-01,3.292785584926605225e-01,4.975959062576293945e-01,3.205187618732452393e-01,3.610736131668090820e-01,2.947416007518768311e-01,3.409708142280578613e-01,2.812043204903602600e-02,8.424988389015197754e-02,9.858905524015426636e-02,2.242108732461929321e-01,8.311139792203903198e-02,1.715100705623626709e-01,5.792372673749923706e-02,1.565623283386230469e-01,-1.837165951728820801e-01,-1.210339069366455078e-01,6.849167402833700180e-03,2.316292561590671539e-02,-9.149052947759628296e-02,-3.254730254411697388e-02,-9.232454001903533936e-02,6.202779710292816162e-03,-1.853742897510528564e-01,-5.037042126059532166e-02,-1.008244007825851440e-01,-1.747692227363586426e-01,-3.767435625195503235e-02,8.083797991275787354e-02,3.866958618164062500e-02,1.850024759769439697e-01,-1.919340193271636963e-01,-4.992111399769783020e-02,1.655443385243415833e-02,1.818204820156097412e-01,1.762966513633728027e-01,4.188168048858642578e-01,-9.590988606214523315e-02,1.806384325027465820e-01,4.286031052470207214e-02,1.365057229995727539e-01,1.105271503329277039e-01,4.530207440257072449e-02,3.502493500709533691e-01,4.334705770015716553e-01,3.086118102073669434e-01,4.263580739498138428e-01,3.037277460098266602e-01,3.835287094116210938e-01,2.454870045185089111e-01,3.282954692840576172e-01,2.788589596748352051e-01,3.675091564655303955e-01,2.914171814918518066e-01,5.776695013046264648e-01,6.817580014467239380e-02,2.972259223461151123e-01,-4.696600139141082764e-02,2.031020224094390869e-01,-8.408506959676742554e-02,-5.488367006182670593e-02,-4.067056998610496521e-02,3.702360019087791443e-02,2.169308066368103027e-02,3.577436506748199463e-02,-5.780954658985137939e-02,-1.210151761770248413e-01,-1.362592168152332306e-02,-5.511565506458282471e-02,8.510219864547252655e-03,6.105667352676391602e-02,4.050225764513015747e-02,7.413375377655029297e-02,-1.307820808142423630e-02,-9.960226714611053467e-03,-3.874273505061864853e-03,-3.152929246425628662e-03,-2.638722397387027740e-02,-4.641971737146377563e-02,-4.056102409958839417e-02,-8.387225866317749023e-02,2.789902314543724060e-02,5.136821046471595764e-02,4.866912215948104858e-02,1.557442825287580490e-02,-6.626419257372617722e-03,-2.160217054188251495e-02,1.512171607464551926e-02,-1.280972957611083984e-01
3.421040773391723633e-01,-7.205069810152053833e-02,3.603145778179168701e-01,1.798032224178314209e-01,2.194553017616271973e-01,1.665258556604385376e-01,5.391550660133361816e-01,6.032595038414001465e-02,2.978056371212005615e-01,4.597188532352447510e-02,5.955882668495178223e-01,1.271413862705230713e-01,1.000000000000000000e+00,1.309539079666137695e-01,4.423968493938446045e-01,2.174308896064758301e-01,4.976912736892700195e-01,2.324772030115127563e-01,9.049711376428604126e-02,6.968810409307479858e-02,2.535408735275268555e-01,3.245930075645446777e-01,2.835405170917510986e-01,3.020037710666656494e-01,3.394386768341064453e-01,3.273012340068817139e-01,2.412895262241363525e-01,1.422985196113586426e-01,4.556372463703155518e-01,2.921874821186065674e-01,4.207842350006103516e-01,3.781626820564270020e-01,1.431513726711273193e-01,1.342653334140777588e-01,2.134977132081985474e-01,2.018183320760726929e-01,3.561266958713531494e-01,3.159968256950378418e-01,2.627628743648529053e-01,2.794068753719329834e-01,3.190591037273406982e-01,2.902544736862182617e-01,1.276298910379409790e-01,1.616794988512992859e-02,2.156305313110351562e-02,-1.226057857275009155e-01,1.980419158935546875e-01,9.856510162353515625e-02,-5.880683660507202148e-02,-1.004992425441741943e-01,-5.599247757345438004e-03,-9.328230470418930054e-02,8.030840754508972168e-02,5.216024070978164673e-02,3.253343403339385986e-01,1.534859240055084229e-01,2.374330908060073853e-01,-1.059048920869827271e-01,-2.660400979220867157e-02,-1.829757839441299438e-01,2.029373943805694580e-01,-9.913162887096405029e-02,3.619209825992584229e-01,-2.926906570792198181e-02,1.962354630231857300e-01,-1.246161907911300659e-01,-3.634184226393699646e-02,-6.886702775955200195e-02,-4.715470969676971436e-02,-7.397353649139404297e-02,3.960015773773193359e-01,4.027035236358642578e-01,4.791840612888336182e-01,4.283595681190490723e-01,3.636854588985443115e-01,3.137664794921875000e-01,3.475357294082641602e-01,3.186401426792144775e-01,2.772096693515777588e-01,1.949333399534225464e-01,4.475229680538177490e-01,2.260507345199584961e-01,3.640437424182891846e-01,3.108469545841217041e-01,4.509589374065399170e-01,7.780568301677703857e-02,1.153393462300300598e-01,4.926593229174613953e-02,2.914658486843109131e-01,3.292386233806610107e-02,6.892010569572448730e-02,1.026846319437026978e-01,-6.936236470937728882e-02,8.934073150157928467e-02,9.352242946624755859e-02,8.530601859092712402e-02,1.662799865007400513e-01,1.915678381919860840e-01,2.217232733964920044e-01,8.964524418115615845e-02,-6.490110605955123901e-02,4.185163602232933044e-02,-6.557013094425201416e-02,-2.301120944321155548e-02,-1.365851908922195435e-01,-1.312237977981567383e-01,-1.283516883850097656e-01,-7.038720697164535522e-02,-5.930475424975156784e-03,4.969398304820060730e-02,1.438625603914260864e-01,2.222059965133666992e-01,6.192146614193916321e-02,-1.109346840530633926e-02,-8.460373431444168091e-02,-2.048893868923187256e-01
