1.000000000000000000e+00,2.134264409542083740e-01,4.651839733123779297e-01,1.007008999586105347e-01,1.364929676055908203e-01,-9.963097423315048218e-02,5.217265486717224121e-01,-5.464410036802291870e-02,1.234330087900161743e-01,6.329154223203659058e-02,6.060467362403869629e-01,1.777947996743023396e-03,4.585391581058502197e-01,4.997052997350692749e-02,1.541939973831176758e-01,6.359392404556274414e-02,3.731200695037841797e-01,6.696724891662597656e-02,4.742361307144165039e-01,2.529914677143096924e-01,2.418044582009315491e-02,4.821013659238815308e-02,8.497580885887145996e-02,-8.458522707223892212e-02,4.220101051032543182e-03,-2.487516030669212341e-02,-6.278338260017335415e-04,-8.862982504069805145e-03,3.110129535198211670e-01,6.183319538831710815e-02,-5.957107990980148315e-02,-1.220850050449371338e-01,1.977076083421707153e-01,3.117054142057895660e-02,-1.102294921875000000e-01,-2.110016345977783203e-01,5.942633748054504395e-02,6.755691766738891602e-02,-6.596708670258522034e-03,-5.055637285113334656e-02,2.133547663688659668e-01,1.085000783205032349e-01,-2.889061579480767250e-03,-1.232617199420928955e-01,1.614000275731086731e-02,-9.268280863761901855e-02,4.751988220959901810e-03,-1.212133914232254028e-01,1.788836270570755005e-01,4.737415537238121033e-02,1.812021732330322266e-01,-6.053142994642257690e-02,-1.163685470819473267e-01,-2.186272442340850830e-01,1.095821335911750793e-02,-1.630182564258575439e-01,4.913829565048217773e-01,1.699505895376205444e-01,4.471416771411895752e-01,2.076804190874099731e-01,5.273272991180419922e-01,1.460176110267639160e-01,3.635106086730957031e-01,4.308494180440902710e-02,5.120733976364135742e-01,3.099104762077331543e-02,1.948423534631729126e-01,-6.410202477127313614e-03,3.033183217048645020e-01,2.345982342958450317e-01,1.912402510643005371e-01,2.682771161198616028e-02,2.521576285362243652e-01,1.296233534812927246e-01,1.834635436534881592e-01,-2.744933962821960449e-02,1.813299804925918579e-01,-1.053815125487744808e-03,1.812806725502014160e-01,2.936704643070697784e-02,2.293772697448730469e-01,4.171640798449516296e-02,1.795686930418014526e-01,1.273989081382751465e-01,4.164919257164001465e-01,-1.143416836857795715e-01,1.503739655017852783e-01,7.642516866326332092e-03,4.583210349082946777e-01,-7.668059319257736206e-02,1.390282213687896729e-01,-4.643388837575912476e-02,-3.666543215513229370e-02,1.595503389835357666e-01,-7.480835914611816406e-02,-1.183578521013259888e-01,-7.980783283710479736e-02,-1.700491160154342651e-01,3.993350639939308167e-02,-7.806055247783660889e-02,1.106537878513336182e-01,2.199362516403198242e-01,1.079827100038528442e-01,2.444712966680526733e-01,9.168843924999237061e-02,9.870843589305877686e-02,1.203970983624458313e-01,-1.796230114996433258e-02,-1.032587438821792603e-01,-2.172143943607807159e-02,-9.213368594646453857e-02,-8.827624469995498657e-02,-3.331197425723075867e-02,1.887655109167098999e-01,1.242071315646171570e-01,-1.946371980011463165e-02
2.134264409542083740e-01,1.000000000000000000e+00,-5.255052819848060608e-02,4.511584043502807617e-01,-9.166486561298370361e-02,1.032482311129570007e-01,7.424841821193695068e-02,5.282413959503173828e-01,-5.903478339314460754e-02,2.784751541912555695e-02,8.711281232535839081e-03,4.538019299507141113e-01,-4.980448633432388306e-02,3.075481057167053223e-01,-2.156339734792709351e-01,-3.492701426148414612e-02,1.025427877902984619e-01,4.017156064510345459e-01,1.248179525136947632e-01,4.294708073139190674e-01,-1.280241459608078003e-01,-3.747630119323730469e-02,-1.065136641263961792e-01,-5.571600422263145447e-02,6.083609070628881454e-03,6.548923999071121216e-02,5.080211535096168518e-02,1.616149395704269409e-01,1.278287172317504883e-01,2.454678118228912354e-01,4.326499998569488525e-03,7.202086597681045532e-02,2.082229703664779663e-01,3.423181176185607910e-01,-7.422763109207153320e-02,6.496377289295196533e-02,-3.065287508070468903e-02,1.309745907783508301e-01,6.442864239215850830e-02,2.772139310836791992e-01,2.668036706745624542e-02,1.450179070234298706e-01,-1.290289610624313354e-01,1.035996824502944946e-01,8.651541173458099365e-02,2.662540078163146973e-01,5.803153291344642639e-02,6.701739877462387085e-02,1.606960594654083252e-01,3.984938263893127441e-01,4.069959744811058044e-02,3.238998651504516602e-01,-7.627877593040466309e-02,-2.346428781747817993e-01,-6.982230395078659058e-02,1.073677912354469299e-01,1.889946907758712769e-01,5.951031446456909180e-01,4.068368673324584961e-01,5.191519856452941895e-01,4.334944188594818115e-01,5.826884508132934570e-01,1.557547003030776978e-01,5.025586485862731934e-01,1.009050533175468445e-01,4.516107439994812012e-01,2.562561929225921631e-01,3.841359019279479980e-01,3.249181807041168213e-01,4.578340053558349609e-01,9.789191931486129761e-02,1.763812452554702759e-01,8.121950924396514893e-02,2.293008416891098022e-01,9.277126193046569824e-02,8.158339560031890869e-02,2.216507047414779663e-01,2.731533348560333252e-01,8.904268592596054077e-02,2.439747899770736694e-01,4.371000453829765320e-02,2.724763751029968262e-01,-1.254487782716751099e-01,5.855583399534225464e-02,-1.158460974693298340e-01,1.627923548221588135e-01,-2.579127997159957886e-02,3.958782646805047989e-03,6.185612827539443970e-02,4.060428440570831299e-01,1.816287785768508911e-01,1.366212815046310425e-01,6.925595551729202271e-02,-9.902475774288177490e-02,-7.727014273405075073e-02,-8.385221660137176514e-02,9.448315948247909546e-03,8.216679841279983521e-02,7.447097450494766235e-02,-3.358012530952692032e-03,5.509799811989068985e-03,-2.289327979087829590e-01,4.538346081972122192e-03,-1.195226907730102539e-01,1.017325744032859802e-01,-2.864594385027885437e-02,2.236154116690158844e-02,2.935671061277389526e-02,-2.110252156853675842e-03,-1.867930218577384949e-02,2.653918787837028503e-02,7.962469756603240967e-02,-7.773132529109716415e-03,6.887394934892654419e-02,1.346841752529144287e-01,7.310337573289871216e-02
4.651839733123779297e-01,-5.255052819848060608e-02,1.000000000000000000e+00,3.426811695098876953e-01,1.736097186803817749e-01,3.272764384746551514e-02,4.703774750232696533e-01,8.466373197734355927e-03,4.882593825459480286e-02,6.051020696759223938e-03,3.292564749717712402e-01,-1.466109007596969604e-01,3.287165164947509766e-01,-4.083103314042091370e-02,3.257082700729370117e-01,2.087305337190628052e-01,2.353344112634658813e-01,-6.735610961914062500e-02,5.554699301719665527e-01,2.853428125381469727e-01,2.629051506519317627e-01,2.002024799585342407e-01,6.372513771057128906e-01,4.284079670906066895e-01,1.255697160959243774e-01,1.138940304517745972e-01,9.666326642036437988e-02,6.866454333066940308e-02,2.150313854217529297e-01,6.486667692661285400e-02,3.546448945999145508e-01,2.634272575378417969e-01,2.445462346076965332e-01,6.792361289262771606e-02,2.852428853511810303e-01,7.678025215864181519e-02,2.729738056659698486e-01,1.912364512681961060e-01,2.211257964372634888e-01,1.310720145702362061e-01,3.654069900512695312e-01,2.820205688476562500e-01,-7.740122824907302856e-02,-1.788877993822097778e-01,-1.571362465620040894e-01,-3.629557788372039795e-01,-1.235217973589897156e-01,-1.989156156778335571e-01,-2.361807525157928467e-01,-2.527898252010345459e-01,-6.693958491086959839e-02,-1.769623309373855591e-01,-8.977833390235900879e-02,-1.469768434762954712e-01,4.454080015420913696e-03,-9.283489733934402466e-02,2.714623808860778809e-01,6.604918837547302246e-02,1.916571706533432007e-01,8.871727623045444489e-03,8.107860386371612549e-02,-1.446238905191421509e-01,1.035869345068931580e-01,-1.970416754484176636e-01,4.184920787811279297e-01,-1.724895089864730835e-01,1.149589344859123230e-01,-1.164128035306930542e-01,3.367983102798461914e-01,1.323998719453811646e-01,3.515088260173797607e-01,1.442119330167770386e-01,2.830291986465454102e-01,9.188941121101379395e-02,1.621470153331756592e-01,3.460785606876015663e-03,2.056060284376144409e-01,6.071710027754306793e-03,5.902925506234169006e-02,6.052267923951148987e-02,2.279688268899917603e-01,1.797675341367721558e-02,4.523313343524932861e-01,2.457658201456069946e-01,4.855128824710845947e-01,5.419274419546127319e-02,3.247650265693664551e-01,1.556040197610855103e-01,2.901170253753662109e-01,-1.406188756227493286e-01,-5.057938396930694580e-02,5.271879211068153381e-02,9.281904250383377075e-02,3.258939385414123535e-01,-2.294639497995376587e-02,-1.019907966256141663e-01,2.187568694353103638e-02,-1.427887976169586182e-01,-8.529306203126907349e-02,-1.098166480660438538e-01,1.495651900768280029e-01,4.236940145492553711e-01,8.369447290897369385e-02,3.596473038196563721e-01,1.268079131841659546e-01,1.844598799943923950e-01,1.550693213939666748e-01,1.716948673129081726e-02,6.561426818370819092e-02,7.073857821524143219e-03,9.410584717988967896e-02,-1.087376549839973450e-01,5.251426249742507935e-03,1.728318631649017334e-01,1.930920183658599854e-01,-4.407425597310066223e-02
1.007008999586105347e-01,4.511584043502807617e-01,3.426811695098876953e-01,1.000000000000000000e+00,5.193559825420379639e-02,2.649913728237152100e-01,2.359279394149780273e-01,6.650793552398681641e-01,-8.850485086441040039e-02,-2.383991703391075134e-02,-3.447447717189788818e-02,3.362825810909271240e-01,1.156023237854242325e-02,3.228703439235687256e-01,1.805716007947921753e-02,2.385682910680770874e-01,-6.659746915102005005e-02,1.576127856969833374e-01,1.749348491430282593e-01,4.642650187015533447e-01,1.089532747864723206e-01,1.764868795871734619e-01,3.154087662696838379e-01,5.147339105606079102e-01,1.194361299276351929e-01,1.786235123872756958e-01,1.238271370530128479e-01,1.772179454565048218e-01,8.495461195707321167e-02,2.195956259965896606e-01,4.114980101585388184e-01,4.533111155033111572e-01,2.853148877620697021e-01,3.493291735649108887e-01,2.054316699504852295e-01,2.293659597635269165e-01,-1.574210450053215027e-02,8.605641126632690430e-02,9.152571111917495728e-02,1.893742680549621582e-01,1.378574520349502563e-01,1.932452470064163208e-01,-2.578708529472351074e-01,-1.300763897597789764e-02,-1.486179605126380920e-02,8.378934115171432495e-02,-1.246898546814918518e-01,-8.921571075916290283e-02,-8.585708588361740112e-02,1.663950085639953613e-01,6.559954024851322174e-03,2.882932722568511963e-01,-3.318670019507408142e-02,-2.288251668214797974e-01,-5.468559637665748596e-02,2.752792648971080780e-02,4.910167306661605835e-02,2.134389430284500122e-01,1.377338320016860962e-01,1.975255906581878662e-01,7.284527271986007690e-02,2.041672617197036743e-01,2.563875727355480194e-02,1.785467863082885742e-01,1.978525072336196899e-01,4.280434250831604004e-01,1.656261831521987915e-01,2.682661414146423340e-01,1.733636409044265747e-01,2.199355363845825195e-01,2.855567932128906250e-01,3.116562664508819580e-01,1.365324705839157104e-01,1.951202750205993652e-01,6.802109628915786743e-02,8.081984519958496094e-02,1.511132866144180298e-01,1.084852665662765503e-01,-2.971049584448337555e-02,1.602152884006500244e-01,1.816958747804164886e-02,2.211821824312210083e-01,3.567118197679519653e-02,2.008359134197235107e-01,1.231430936604738235e-02,3.394144475460052490e-01,6.876123696565628052e-02,1.675650030374526978e-01,3.005429729819297791e-02,1.952133029699325562e-01,3.274302929639816284e-02,8.874789625406265259e-02,2.078370302915573120e-01,-1.127210073173046112e-02,-7.393432408571243286e-02,-7.326675206422805786e-02,-5.049552768468856812e-02,-3.743979334831237793e-02,-1.262917369604110718e-01,-1.037544012069702148e-01,2.753937244415283203e-01,-8.848539553582668304e-03,2.076486796140670776e-01,1.076956614851951599e-01,2.392296791076660156e-01,1.207836419343948364e-01,1.731584817171096802e-01,7.599842548370361328e-02,9.764850139617919922e-02,-7.098337262868881226e-02,8.920912444591522217e-02,-3.156615793704986572e-02,-3.901415318250656128e-02,1.004908680915832520e-01,1.671144366264343262e-01,-5.009932070970535278e-02
1.364929676055908203e-01,-9.166486561298370361e-02,1.736097186803817749e-01,5.193559825420379639e-02,1.000000000000000000e+00,5.187358856201171875e-01,1.801730692386627197e-01,-4.584725946187973022e-02,4.700605571269989014e-01,4.615878164768218994e-01,8.790872246026992798e-02,-1.573935300111770630e-01,4.216796159744262695e-02,-1.785465627908706665e-01,1.057188659906387329e-01,3.084797263145446777e-01,3.902493789792060852e-02,-2.238654941320419312e-01,6.117617338895797729e-02,2.926914766430854797e-02,9.247685223817825317e-02,1.336004287004470825e-01,-8.983030170202255249e-02,-8.058028668165206909e-02,-7.533038035035133362e-03,-5.774784833192825317e-02,5.490381643176078796e-02,-1.040629521012306213e-01,-3.840609639883041382e-02,-1.129926070570945740e-01,-1.151114776730537415e-01,-9.004368633031845093e-02,-9.255987405776977539e-02,-1.846976280212402344e-01,-3.998262062668800354e-02,-7.644487917423248291e-02,6.672692298889160156e-02,-8.256307244300842285e-02,1.333181262016296387e-01,2.687733992934226990e-02,-2.616425044834613800e-02,-6.218573823571205139e-02,-1.721145659685134888e-01,-2.559829950332641602e-01,-1.287143677473068237e-01,-1.276464313268661499e-01,-1.025736778974533081e-01,-1.230934709310531616e-01,-3.974800556898117065e-02,-8.497361093759536743e-02,3.978155553340911865e-02,-1.734604537487030029e-01,1.063005626201629639e-01,4.981008544564247131e-02,1.766050606966018677e-01,6.721584498882293701e-02,1.180680990219116211e-01,-8.427233994007110596e-02,1.025182381272315979e-01,1.564466804265975952e-01,6.523922830820083618e-02,-5.874846130609512329e-02,7.043920457363128662e-03,-1.266123950481414795e-01,1.594872027635574341e-01,2.279517985880374908e-02,3.388787060976028442e-02,-3.564254567027091980e-02,6.559702008962631226e-02,-1.479782350361347198e-02,9.346519410610198975e-02,-2.276566997170448303e-02,2.811206877231597900e-02,-4.904931783676147461e-02,-5.328342318534851074e-03,-1.368785202503204346e-01,-1.042092666029930115e-01,-1.828410625457763672e-01,3.872002661228179932e-02,-1.170599758625030518e-01,5.487833172082901001e-02,-1.228594183921813965e-01,3.161581978201866150e-02,-4.366942867636680603e-02,1.777516156435012817e-01,-1.156012788414955139e-01,2.360538840293884277e-01,6.771830469369888306e-02,4.180170893669128418e-01,4.411068744957447052e-03,-4.661198705434799194e-02,3.663964569568634033e-02,8.034708350896835327e-02,2.815279662609100342e-01,3.777261823415756226e-02,6.606205552816390991e-02,-3.329805284738540649e-02,-5.796935409307479858e-02,-5.834923684597015381e-02,-4.904484748840332031e-02,1.834135651588439941e-01,3.434797227382659912e-01,1.530501395463943481e-01,2.258034497499465942e-01,1.781812310218811035e-02,1.081166639924049377e-01,-1.322263032197952271e-01,-1.170151308178901672e-01,1.008564084768295288e-01,-1.962163019925355911e-03,-9.627699106931686401e-02,-1.121834143996238708e-01,-6.314315833151340485e-03,1.452392488718032837e-01,-8.656659722328186035e-02,-1.440798491239547729e-01
-9.963097423315048218e-02,1.032482311129570007e-01,3.272764384746551514e-02,2.649913728237152100e-01,5.187358856201171875e-01,1.000000000000000000e+00,-3.631672263145446777e-02,2.793868482112884521e-01,1.676863431930541992e-01,3.537593185901641846e-01,-1.292021423578262329e-01,4.843937978148460388e-02,-1.394434720277786255e-01,4.363506659865379333e-02,-3.814993798732757568e-02,3.098081648349761963e-01,-1.401190012693405151e-01,-4.234101623296737671e-02,-1.230046269483864307e-03,9.972523152828216553e-02,1.282738149166107178e-01,2.697595953941345215e-01,-1.030425280332565308e-01,1.705092005431652069e-02,2.180590629577636719e-01,2.291584461927413940e-01,2.800056934356689453e-01,2.263929098844528198e-01,-1.208832934498786926e-01,7.037276774644851685e-02,6.371183693408966064e-02,1.128020435571670532e-01,-3.196644410490989685e-02,-2.374566346406936646e-02,-1.547621935606002808e-02,5.165732651948928833e-02,-1.231485512107610703e-02,-7.517015561461448669e-03,1.498174965381622314e-01,1.575492471456527710e-01,-7.447202503681182861e-02,3.938523307442665100e-02,-2.020798325538635254e-01,-6.538215279579162598e-02,-6.792626529932022095e-02,4.113621637225151062e-02,-9.773839265108108521e-02,-8.575296029448509216e-03,-2.405203692615032196e-02,1.434568911790847778e-01,-1.423138007521629333e-02,9.898103028535842896e-02,5.587986111640930176e-02,6.732516735792160034e-02,7.005739212036132812e-02,1.559017598628997803e-01,-1.413938850164413452e-01,1.564471609890460968e-02,2.819822728633880615e-02,2.310804873704910278e-01,2.686255238950252533e-02,1.725224852561950684e-01,-1.324238181114196777e-01,7.761260867118835449e-02,5.497040227055549622e-02,2.397766262292861938e-01,1.430836878716945648e-02,7.015029340982437134e-02,3.757136687636375427e-02,1.021699607372283936e-02,2.190065085887908936e-01,2.855272889137268066e-01,7.643362879753112793e-02,1.504782289266586304e-01,1.192054152488708496e-02,1.949501410126686096e-02,-1.099753379821777344e-02,-1.412512063980102539e-01,4.948785062879323959e-03,5.320752784609794617e-02,-9.023640304803848267e-02,2.246748097240924835e-02,-1.797336041927337646e-01,-6.410721689462661743e-02,-2.289653010666370392e-02,7.484605163335800171e-02,3.529889136552810669e-02,8.172603324055671692e-03,2.107627540826797485e-01,2.851949036121368408e-01,-4.195768758654594421e-02,1.136522293090820312e-01,7.912188023328781128e-02,1.518076956272125244e-01,3.530397638678550720e-02,8.497217297554016113e-02,2.105653402395546436e-04,4.236827418208122253e-02,-3.335995227098464966e-02,3.075432777404785156e-02,2.043798416852951050e-01,1.868526935577392578e-01,1.920644938945770264e-01,1.747004687786102295e-01,1.714683473110198975e-01,1.561490595340728760e-01,6.722192745655775070e-03,-1.755164749920368195e-02,2.003561854362487793e-01,2.681998722255229950e-02,1.982714049518108368e-02,1.482916437089443207e-02,1.180047765374183655e-01,2.278276681900024414e-01,3.920990973711013794e-02,-8.024778962135314941e-02
5.217265486717224121e-01,7.424841821193695068e-02,4.703774750232696533e-01,2.359279394149780273e-01,1.801730692386627197e-01,-3.631672263145446777e-02,1.000000000000000000e+00,8.959770202636718750e-02,-1.199339237064123154e-02,-1.006232202053070068e-01,4.461668431758880615e-01,-9.376198984682559967e-03,2.426462322473526001e-01,-1.693801768124103546e-02,9.950607270002365112e-02,1.877965219318866730e-02,3.821923434734344482e-01,2.257022075355052948e-02,2.705733180046081543e-01,2.945013642311096191e-01,7.892914861440658569e-02,1.120428442955017090e-01,1.208753585815429688e-01,1.074765026569366455e-01,-9.049586951732635498e-03,-3.723822906613349915e-02,4.288067296147346497e-02,-4.875259846448898315e-02,3.335177004337310791e-01,1.060828343033790588e-01,1.459262669086456299e-01,5.623670667409896851e-02,3.351983129978179932e-01,2.257863432168960571e-01,1.584885828197002411e-02,5.995092447847127914e-03,1.192495897412300110e-01,1.254305988550186157e-01,1.417991891503334045e-02,3.991961106657981873e-02,2.241019010543823242e-01,1.439252346754074097e-01,-3.977039083838462830e-02,-1.394862085580825806e-01,1.365972757339477539e-01,3.547201678156852722e-02,-7.256217766553163528e-03,-7.994842529296875000e-02,1.557612717151641846e-01,-2.433527447283267975e-02,8.841838687658309937e-02,-1.185905188322067261e-01,2.182183787226676941e-02,-2.176706641912460327e-01,7.312912493944168091e-02,-1.949193626642227173e-01,4.445249736309051514e-01,2.786170318722724915e-02,3.879130184650421143e-01,2.149559110403060913e-01,3.548219501972198486e-01,1.072483584284782410e-01,4.446489810943603516e-01,4.491620510816574097e-02,2.989054322242736816e-01,9.844895452260971069e-02,2.658180594444274902e-01,1.918725073337554932e-01,2.647758722305297852e-01,2.159333974123001099e-01,3.078121840953826904e-01,1.647380441427230835e-01,2.780947685241699219e-01,8.922629058361053467e-02,1.320964694023132324e-01,6.333213299512863159e-02,2.005775570869445801e-01,9.077852219343185425e-02,1.694842129945755005e-01,-5.930281057953834534e-02,2.753506600856781006e-01,7.618249859660863876e-03,1.823379248380661011e-01,-1.661761663854122162e-02,2.688890993595123291e-01,-1.084503084421157837e-01,3.815927356481552124e-02,-8.165437728166580200e-02,3.007004559040069580e-01,-1.408875137567520142e-01,-1.059280149638652802e-02,-7.428441196680068970e-02,1.218857914209365845e-01,5.805798247456550598e-02,2.139498293399810791e-02,-1.146973390132188797e-02,1.556942984461784363e-02,-3.679203800857067108e-03,4.006672278046607971e-02,-1.256471425294876099e-01,2.920717895030975342e-01,1.076793745160102844e-01,2.904094457626342773e-01,2.081007957458496094e-01,2.047374993562698364e-01,1.751904636621475220e-01,1.900502145290374756e-01,3.832883387804031372e-02,2.077574469149112701e-02,-1.699806936085224152e-02,3.582539409399032593e-02,-6.218472123146057129e-02,-1.028933450579643250e-01,1.483933776617050171e-01,1.541772782802581787e-01,-8.677753061056137085e-02
-5.464410036802291870e-02,5.282413959503173828e-01,8.466373197734355927e-03,6.650793552398681641e-01,-4.584725946187973022e-02,2.793868482112884521e-01,8.959770202636718750e-02,1.000000000000000000e+00,-7.816999405622482300e-02,-1.273542270064353943e-02,-8.770191669464111328e-02,5.148152709007263184e-01,-8.585636317729949951e-02,4.618898630142211914e-01,-1.810434013605117798e-01,1.572926342487335205e-01,-9.425657987594604492e-02,3.112349808216094971e-01,1.572110131382942200e-02,3.971204459667205811e-01,3.881620243191719055e-02,1.259068399667739868e-01,2.669002488255500793e-02,2.320150285959243774e-01,-9.074223786592483521e-02,-6.209952756762504578e-03,4.364490509033203125e-03,1.256967633962631226e-01,-2.814522385597229004e-02,2.478986680507659912e-01,1.635884642601013184e-01,2.886522114276885986e-01,2.220594435930252075e-01,3.808945715427398682e-01,6.014800164848566055e-03,1.350001394748687744e-01,-8.793742954730987549e-02,5.239843856543302536e-03,-5.055970541434362531e-05,1.631562411785125732e-01,-3.703459352254867554e-02,6.593670696020126343e-02,-2.787906825542449951e-01,5.230711400508880615e-02,4.576273635029792786e-02,2.635097503662109375e-01,-1.080433130264282227e-01,-1.392550300806760788e-02,-4.824930429458618164e-02,3.044980466365814209e-01,-2.355921454727649689e-02,3.417177498340606689e-01,-3.398380056023597717e-02,-1.844426244497299194e-01,-1.922307014465332031e-01,1.758919656276702881e-02,-8.708105981349945068e-02,1.941463053226470947e-01,6.847687065601348877e-02,2.507568001747131348e-01,1.332712322473526001e-01,3.900716304779052734e-01,2.543191798031330109e-02,3.563183248043060303e-01,1.085094362497329712e-01,5.754712820053100586e-01,6.617854535579681396e-02,3.372721970081329346e-01,6.725621223449707031e-02,2.074753344058990479e-01,1.300403028726577759e-01,2.375452071428298950e-01,-1.366323605179786682e-02,1.205557137727737427e-01,-6.851585209369659424e-02,-1.497467514127492905e-02,6.062422320246696472e-02,1.502509266138076782e-01,-4.253813996911048889e-02,2.202120870351791382e-01,-9.701719880104064941e-02,2.368947416543960571e-01,-1.936905831098556519e-01,1.474899202585220337e-01,-1.953231394290924072e-01,2.785214781761169434e-01,-1.059133559465408325e-01,6.748800724744796753e-02,-1.219395175576210022e-01,3.305397927761077881e-01,7.195872068405151367e-02,7.805423438549041748e-02,8.290377259254455566e-02,-2.083161175251007080e-01,-1.193294227123260498e-01,-6.301083415746688843e-02,-1.025951728224754333e-01,-1.325662061572074890e-02,-1.111667677760124207e-01,-6.285647302865982056e-02,1.022209078073501587e-01,-2.330628633499145508e-01,5.638980120420455933e-02,-8.266849815845489502e-02,1.463655829429626465e-01,2.540023624897003174e-02,8.945865929126739502e-02,3.259287774562835693e-02,-1.349878497421741486e-03,-1.347400993108749390e-01,-1.980268396437168121e-02,-4.739888478070497513e-03,-9.688426554203033447e-02,7.319484371691942215e-03,1.054471954703330994e-01,-2.453528903424739838e-02
1.234330087900161743e-01,-5.903478339314460754e-02,4.882593825459480286e-02,-8.850485086441040039e-02,4.700605571269989014e-01,1.676863431930541992e-01,-1.199339237064123154e-02,-7.816999405622482300e-02,1.000000000000000000e+00,6.683721542358398438e-01,1.220318078994750977e-01,-4.803270101547241211e-02,1.002219244837760925e-01,-3.516179695725440979e-02,2.174455858767032623e-02,1.936793327331542969e-01,1.294181216508150101e-02,-4.695072397589683533e-02,8.951304852962493896e-02,-4.745781049132347107e-02,2.754893526434898376e-02,2.349131181836128235e-02,-3.013454750180244446e-02,-9.992557764053344727e-02,2.308471873402595520e-02,1.283395476639270782e-02,4.245386645197868347e-02,3.774771932512521744e-03,-7.023482769727706909e-02,-8.112646639347076416e-02,-1.093610227108001709e-01,-1.012981161475181580e-01,-7.831276953220367432e-02,-1.365919858217239380e-01,-6.099359318614006042e-02,-1.281389743089675903e-01,4.996134713292121887e-02,-9.039759635925292969e-02,2.869900874793529510e-02,-5.233444273471832275e-02,-7.855960726737976074e-02,-4.217200726270675659e-02,2.305568009614944458e-02,-1.124075353145599365e-01,-4.051366820931434631e-02,-1.183667927980422974e-01,6.429053377360105515e-03,-3.279241174459457397e-02,-1.835030317306518555e-02,-1.109141111373901367e-01,2.553804591298103333e-02,-1.623381823301315308e-01,1.033409498631954193e-02,5.396115034818649292e-02,1.152033507823944092e-01,1.324724256992340088e-01,7.563119381666183472e-02,-1.754213683307170868e-02,4.641414433717727661e-02,6.397505849599838257e-02,4.925358667969703674e-02,-2.547203749418258667e-02,5.098206549882888794e-02,-3.546858951449394226e-02,1.108342558145523071e-01,-6.822510808706283569e-02,8.048356510698795319e-03,-6.281144917011260986e-02,-3.029358573257923126e-02,-4.305709525942802429e-02,-2.778031304478645325e-02,-5.227683484554290771e-02,-9.795794030651450157e-04,6.094015203416347504e-03,9.519141912460327148e-02,-1.374186277389526367e-01,-1.389396656304597855e-02,-3.939997032284736633e-02,3.969652205705642700e-02,-1.613363064825534821e-02,7.706397026777267456e-02,-4.814217984676361084e-02,8.348871022462844849e-02,6.294491142034530640e-02,1.527607738971710205e-01,-5.094538629055023193e-02,2.138085812330245972e-01,1.719288975000381470e-01,2.096558064222335815e-01,7.318189740180969238e-02,7.531275600194931030e-02,1.066886857151985168e-01,-1.041179802268743515e-02,1.387703120708465576e-01,-6.053430214524269104e-02,-2.873392030596733093e-02,2.444145036861300468e-03,-1.151254866272211075e-02,8.379919081926345825e-02,6.085365265607833862e-02,4.477009549736976624e-02,1.399970650672912598e-01,3.896822454407811165e-03,3.885985538363456726e-02,-3.535868972539901733e-02,-2.807365264743566513e-03,-9.876965731382369995e-02,-1.008529216051101685e-01,-2.632503770291805267e-02,2.006587572395801544e-02,-7.432809472084045410e-02,1.317169889807701111e-02,2.555020712316036224e-02,1.119600385427474976e-01,5.326966289430856705e-03,-4.323225468397140503e-02
6.329154223203659058e-02,2.784751541912555695e-02,6.051020696759223938e-03,-2.383991703391075134e-02,4.615878164768218994e-01,3.537593185901641846e-01,-1.006232202053070068e-01,-1.273542270064353943e-02,6.683721542358398438e-01,1.000000000000000000e+00,1.973276771605014801e-02,-1.271614618599414825e-02,5.193603783845901489e-02,3.018126636743545532e-02,9.248085319995880127e-03,3.413907885551452637e-01,-9.460017085075378418e-02,-3.108708374202251434e-02,3.547845035791397095e-02,-6.509207189083099365e-02,4.889841750264167786e-02,9.055501967668533325e-02,-9.075651317834854126e-02,-1.372152864933013916e-01,3.061105310916900635e-02,2.803660370409488678e-02,2.920772880315780640e-02,-2.658308250829577446e-03,-1.186783909797668457e-01,-4.111520200967788696e-02,-1.075659319758415222e-01,-6.602573394775390625e-02,-1.519127637147903442e-01,-1.670179963111877441e-01,-1.298030000180006027e-02,-4.486930370330810547e-02,3.898285329341888428e-02,-7.668448984622955322e-02,2.655822224915027618e-02,-2.074256353080272675e-02,-1.054430454969406128e-01,-2.034590579569339752e-03,4.483959171921014786e-03,-7.110918313264846802e-02,-7.743794471025466919e-02,-9.870082885026931763e-02,1.100554037839174271e-02,-1.220706943422555923e-02,-1.548034884035587311e-02,-2.737791649997234344e-02,2.840189449489116669e-02,-4.216865077614784241e-02,-5.387145280838012695e-02,7.691536098718643188e-02,1.174737885594367981e-01,1.433315724134445190e-01,-3.582947701215744019e-02,3.445554152131080627e-02,-1.969768851995468140e-02,7.585263252258300781e-02,4.515103530138731003e-03,-6.536561995744705200e-03,-1.059862971305847168e-01,-3.106208052486181259e-03,1.384814232587814331e-01,4.963972140103578568e-03,-4.926060885190963745e-02,-9.398428350687026978e-02,-4.706386104226112366e-02,-1.129174530506134033e-01,-6.186755001544952393e-02,-1.885312981903553009e-02,-8.628595620393753052e-02,5.435809865593910217e-02,5.098050832748413086e-02,-1.194178685545921326e-01,-7.644847035408020020e-02,-4.971312358975410461e-02,-8.612949401140213013e-02,-4.233744461089372635e-03,-4.541972652077674866e-02,1.208730600774288177e-02,-2.141405362635850906e-03,4.453228786587715149e-02,7.180413603782653809e-02,3.691077232360839844e-02,1.726764440536499023e-01,1.346352398395538330e-01,1.582449376583099365e-01,1.772525906562805176e-01,7.180473208427429199e-02,1.334715634584426880e-01,6.918283551931381226e-02,1.250676214694976807e-01,-5.722203105688095093e-02,-1.283027045428752899e-02,-3.023651987314224243e-02,-3.120693191885948181e-02,5.545606464147567749e-02,5.881359055638313293e-02,3.171272203326225281e-02,1.063235700130462646e-01,-6.332476157695055008e-03,2.602714300155639648e-02,-4.895643889904022217e-02,-2.640970982611179352e-02,-9.107802808284759521e-02,-1.308118999004364014e-01,1.620988920331001282e-02,2.822257578372955322e-02,-8.372183144092559814e-02,-2.038593776524066925e-02,5.110929906368255615e-02,1.605362147092819214e-01,-2.464964054524898529e-03,-5.591131001710891724e-02
6.060467362403869629e-01,8.711281232535839081e-03,3.292564749717712402e-01,-3.447447717189788818e-02,8.790872246026992798e-02,-1.292021423578262329e-01,4.461668431758880615e-01,-8.770191669464111328e-02,1.220318078994750977e-01,1.973276771605014801e-02,1.000000000000000000e+00,8.127326518297195435e-02,6.785025000572204590e-01,1.914128363132476807e-01,2.853086590766906738e-01,7.814571261405944824e-02,4.814426302909851074e-01,1.762354224920272827e-01,4.113722443580627441e-01,1.641355901956558228e-01,-3.764564171433448792e-02,1.033883728086948395e-02,9.480704367160797119e-02,-7.178904116153717041e-02,-2.393942885100841522e-02,-5.621108785271644592e-02,-1.198614947497844696e-02,-4.299612715840339661e-02,4.597519338130950928e-01,1.438911110162734985e-01,2.329206094145774841e-02,-6.166952848434448242e-02,2.726960778236389160e-01,7.912968844175338745e-02,-1.388436704874038696e-01,-2.323750406503677368e-01,1.488144695758819580e-01,8.739084750413894653e-02,2.140529826283454895e-02,-3.614344447851181030e-02,1.850060522556304932e-01,1.472394913434982300e-01,1.487558186054229736e-01,-1.274918913841247559e-01,5.660977587103843689e-02,-9.119229018688201904e-02,5.601072311401367188e-02,-1.088755577802658081e-01,7.429295033216476440e-02,-1.082979068160057068e-01,-3.402421250939369202e-02,-2.585868239402770996e-01,-9.907195717096328735e-02,-1.784536242485046387e-01,4.450590163469314575e-02,-8.404353260993957520e-02,4.244824945926666260e-01,9.838035702705383301e-02,2.693200111389160156e-01,1.087059155106544495e-01,3.352788686752319336e-01,9.201009571552276611e-02,4.398819506168365479e-01,8.021116256713867188e-02,2.170957624912261963e-01,-1.061827540397644043e-01,1.547846496105194092e-01,1.328934158664196730e-04,2.704352736473083496e-01,2.160930186510086060e-01,2.789045572280883789e-01,1.155241578817367554e-01,2.892769575119018555e-01,1.456985026597976685e-01,1.646842211484909058e-01,3.177526639774441719e-03,2.002888172864913940e-01,2.700435929000377655e-02,2.828914523124694824e-01,1.264597773551940918e-01,3.330806493759155273e-01,6.559385359287261963e-02,2.712717652320861816e-01,1.917766034603118896e-01,3.838479816913604736e-01,-2.031544446945190430e-01,2.069153338670730591e-01,1.828919202089309692e-01,3.587557375431060791e-01,-1.138308644294738770e-01,1.618380397558212280e-01,-1.082911863923072815e-01,-3.345939517021179199e-02,3.243121132254600525e-02,4.930004104971885681e-02,3.496460849419236183e-04,9.303624927997589111e-02,-3.867953200824558735e-04,1.907499730587005615e-01,4.113871231675148010e-02,1.071637496352195740e-01,9.186701476573944092e-02,1.467906534671783447e-01,1.704705804586410522e-01,9.070668369531631470e-02,7.830420136451721191e-02,1.234270632266998291e-01,4.826605319976806641e-02,-3.703600540757179260e-02,8.059267699718475342e-02,-7.358793169260025024e-02,4.396197572350502014e-02,8.492952585220336914e-02,2.437648475170135498e-01,2.210594713687896729e-01,-7.526891306042671204e-03
1.777947996743023396e-03,4.538019299507141113e-01,-1.466109007596969604e-01,3.362825810909271240e-01,-1.573935300111770630e-01,4.843937978148460388e-02,-9.376198984682559967e-03,5.148152709007263184e-01,-4.803270101547241211e-02,-1.271614618599414825e-02,8.127326518297195435e-02,1.000000000000000000e+00,1.016577258706092834e-01,6.510636210441589355e-01,-1.450714766979217529e-01,9.577361494302749634e-02,7.651466131210327148e-02,5.088547468185424805e-01,8.636090904474258423e-03,2.685183286666870117e-01,-1.614972352981567383e-01,-1.497139595448970795e-02,-4.790524020791053772e-02,1.148348972201347351e-01,-1.786329448223114014e-01,-1.062883660197257996e-01,-1.278173029422760010e-01,8.180685690604150295e-04,1.202483326196670532e-01,3.730837702751159668e-01,9.739921987056732178e-02,1.995215266942977905e-01,2.918426394462585449e-01,4.335376322269439697e-01,3.477060422301292419e-02,9.930002689361572266e-02,-2.272344380617141724e-02,1.229249015450477600e-01,-2.707643248140811920e-02,1.074409112334251404e-01,-8.133042603731155396e-02,8.271221071481704712e-02,-8.534374833106994629e-02,1.592440605163574219e-01,2.236694693565368652e-01,3.370887935161590576e-01,-9.818428196012973785e-03,6.032772734761238098e-02,9.349793940782546997e-02,3.000528812408447266e-01,5.030121654272079468e-02,3.402973115444183350e-01,-1.573895514011383057e-01,-2.070690244436264038e-01,-1.717596948146820068e-01,1.151458993554115295e-01,4.435013979673385620e-02,2.770929336547851562e-01,1.313817650079727173e-01,1.180329993367195129e-01,2.708040773868560791e-01,3.508108258247375488e-01,2.256184369325637817e-01,5.276584625244140625e-01,6.306289881467819214e-02,4.683111310005187988e-01,2.629108428955078125e-01,4.320355057716369629e-01,4.232514277100563049e-02,2.832486331462860107e-01,-1.867337152361869812e-02,1.272773146629333496e-01,-2.572764642536640167e-02,1.929195523262023926e-01,-8.329974114894866943e-02,4.901255294680595398e-02,1.956123858690261841e-01,3.878673613071441650e-01,1.557059735059738159e-01,3.521526455879211426e-01,1.235572844743728638e-01,5.324229001998901367e-01,-2.246770709753036499e-01,1.648781746625900269e-01,-6.116901338100433350e-02,4.875199496746063232e-01,-9.235639870166778564e-02,1.405880898237228394e-01,-6.323603540658950806e-02,3.806037306785583496e-01,-3.497938858345150948e-03,-1.206411495804786682e-01,5.221414566040039062e-02,-2.877432703971862793e-01,-2.193986773490905762e-01,-1.793009042739868164e-01,-9.154553711414337158e-02,4.276272654533386230e-02,-3.050368744879961014e-03,5.147439427673816681e-03,9.918918460607528687e-02,-2.880689799785614014e-01,6.730455905199050903e-02,-5.880539864301681519e-02,1.197478845715522766e-01,5.765701830387115479e-02,-9.554577991366386414e-03,5.094539374113082886e-02,-1.536422371864318848e-01,-1.168655827641487122e-01,1.031935121864080429e-02,8.235657215118408203e-02,-1.080096140503883362e-01,1.962077617645263672e-02,8.379895985126495361e-02,-8.631563186645507812e-02
4.585391581058502197e-01,-4.980448633432388306e-02,3.287165164947509766e-01,1.156023237854242325e-02,4.216796159744262695e-02,-1.394434720277786255e-01,2.426462322473526001e-01,-8.585636317729949951e-02,1.002219244837760925e-01,5.193603783845901489e-02,6.785025000572204590e-01,1.016577258706092834e-01,1.000000000000000000e+00,3.714920878410339355e-01,3.707706332206726074e-01,2.171585410833358765e-01,2.650052607059478760e-01,1.062909960746765137e-01,2.898877859115600586e-01,4.402196791488677263e-04,2.954334951937198639e-02,9.623513557016849518e-03,2.066128849983215332e-01,6.756851915270090103e-03,2.570915408432483673e-02,1.373521238565444946e-02,-2.797371149063110352e-02,-1.503762975335121155e-02,2.932428717613220215e-01,6.881342828273773193e-02,6.178748980164527893e-02,-3.115131147205829620e-02,1.230166330933570862e-01,-4.438156634569168091e-02,-2.838427759706974030e-02,-1.720460504293441772e-01,1.046805828809738159e-01,4.909634217619895935e-02,-7.650783658027648926e-02,-1.448166817426681519e-01,2.015309929847717285e-01,1.647015959024429321e-01,1.836741268634796143e-01,-4.226015880703926086e-02,2.720160409808158875e-02,-1.482834368944168091e-01,2.087711036438122392e-04,-1.208831742405891418e-01,2.765553630888462067e-02,-1.192135661840438843e-01,1.851972378790378571e-02,-1.542206853628158569e-01,-7.847929000854492188e-02,-1.111606508493423462e-01,2.168236300349235535e-02,-8.916120231151580811e-02,1.927741616964340210e-01,7.021503895521163940e-02,8.443602919578552246e-02,3.067333623766899109e-02,1.606715917587280273e-01,1.023261342197656631e-02,2.254166454076766968e-01,-2.049134299159049988e-02,3.072448968887329102e-01,-7.097726315259933472e-02,-1.477193902246654034e-03,-1.351365000009536743e-01,9.072212129831314087e-02,3.980440646409988403e-02,1.483988910913467407e-01,4.040697962045669556e-02,1.476259827613830566e-01,1.354733705520629883e-01,1.378107070922851562e-01,3.355249017477035522e-02,9.887959063053131104e-02,-3.973210602998733521e-02,1.336626708507537842e-01,1.128099486231803894e-01,1.860391646623611450e-01,9.155956655740737915e-02,2.921559810638427734e-01,2.573854327201843262e-01,4.279836714267730713e-01,-6.408873945474624634e-02,1.896308213472366333e-01,2.803246080875396729e-01,2.166609019041061401e-01,-1.673465371131896973e-01,1.657174378633499146e-01,-9.448730200529098511e-02,-1.059674248099327087e-01,-9.777650237083435059e-03,8.187306113541126251e-03,-7.956090569496154785e-02,-5.342654418200254440e-03,-9.541933238506317139e-02,1.072437614202499390e-01,3.579670190811157227e-02,4.236194491386413574e-02,6.374780088663101196e-02,9.840653836727142334e-02,1.057912334799766541e-01,1.287311464548110962e-01,1.095125302672386169e-01,1.255384087562561035e-01,-1.891583390533924103e-02,-6.290929764509201050e-02,4.243721440434455872e-02,-1.393849700689315796e-01,2.366353012621402740e-02,7.499453425407409668e-02,2.194111198186874390e-01,1.558448672294616699e-01,-4.487732797861099243e-02
