1.000000000000000000e+00,5.952141284942626953e-01,5.229021906852722168e-01,2.254534810781478882e-01,9.220199286937713623e-02,-1.936221681535243988e-02,5.701753497123718262e-01,8.049207925796508789e-02,-3.668039664626121521e-02,-4.733915999531745911e-02,6.212301850318908691e-01,4.788763225078582764e-01,5.994601249694824219e-01,4.083632230758666992e-01,4.080286622047424316e-01,8.528275042772293091e-02,4.783678948879241943e-01,3.801532387733459473e-01,7.608398795127868652e-01,5.401625633239746094e-01,-4.205259308218955994e-02,-5.216182395815849304e-02,4.293043613433837891e-01,9.626436233520507812e-02,-4.410690069198608398e-02,-2.161708474159240723e-02,1.113565191626548767e-01,-1.106971204280853271e-01,3.770588338375091553e-01,1.886415630578994751e-01,1.375797241926193237e-01,6.974245887249708176e-03,3.931797444820404053e-01,2.251012921333312988e-01,2.453051209449768066e-01,1.998938173055648804e-01,4.239249825477600098e-01,2.888775169849395752e-01,6.282532960176467896e-02,2.284493446350097656e-01,2.558236420154571533e-01,2.636000216007232666e-01,2.845045924186706543e-01,1.075105275958776474e-02,1.277029328048229218e-02,-2.082294076681137085e-01,1.608157604932785034e-01,-4.203516617417335510e-02,1.016802564263343811e-01,-1.252516359090805054e-01,1.236329451203346252e-01,-6.870747078210115433e-03,3.359982073307037354e-01,-1.961023211479187012e-01,2.072535753250122070e-01,1.882472634315490723e-01,7.554243206977844238e-01,5.889385342597961426e-01,1.344343274831771851e-01,2.261448949575424194e-01,4.240430295467376709e-01,2.391160726547241211e-01,5.559459328651428223e-01,3.757767379283905029e-01,-1.702634990215301514e-02,5.198117345571517944e-02,1.712826937437057495e-01,5.648279190063476562e-02,5.253432393074035645e-01,5.078394412994384766e-01,1.620194911956787109e-01,1.943937391042709351e-01,4.730885624885559082e-01,4.699491858482360840e-01,3.970900774002075195e-01,3.866210281848907471e-01,5.217626094818115234e-01,4.084214866161346436e-01,1.555400192737579346e-01,8.862470835447311401e-02,3.137341141700744629e-01,2.565807402133941650e-01,3.730771541595458984e-01,2.502842545509338379e-01,2.440741807222366333e-01,2.583827674388885498e-01,2.537994384765625000e-01,7.915215939283370972e-02,1.290423870086669922e-01,2.273303456604480743e-02,1.195282861590385437e-01,-6.809140741825103760e-02,6.966492533683776855e-02,2.434223145246505737e-01,1.816985756158828735e-02,2.901780232787132263e-02,1.199243068695068359e-01,8.551701903343200684e-02,2.921559214591979980e-01,1.785922348499298096e-01,-8.910286426544189453e-02,4.393796995282173157e-02,1.284337788820266724e-01,1.035775765776634216e-01,7.418143004179000854e-02,6.334913522005081177e-02,4.949752613902091980e-02,9.870082139968872070e-03,-9.944786317646503448e-03,2.781836315989494324e-02,3.416931331157684326e-01,9.826699644327163696e-02,1.020731590688228607e-02,2.182644754648208618e-01,2.221223264932632446e-01,1.361271142959594727e-01
5.952141284942626953e-01,1.000000000000000000e+00,3.429295122623443604e-01,5.358855128288269043e-01,3.677516058087348938e-02,9.779222309589385986e-02,5.071754455566406250e-01,4.942763149738311768e-01,-8.375014364719390869e-02,1.009243503212928772e-01,2.599588632583618164e-01,4.874497056007385254e-01,3.079850077629089355e-01,4.590576589107513428e-01,1.360300779342651367e-01,2.234153151512145996e-01,1.891485601663589478e-01,4.785189926624298096e-01,5.591428279876708984e-01,6.321899294853210449e-01,4.871445894241333008e-02,1.420631855726242065e-01,3.891244828701019287e-01,2.659904956817626953e-01,5.417235195636749268e-02,9.795114398002624512e-02,1.058655977249145508e-01,6.610491871833801270e-02,1.723004132509231567e-01,3.019662499427795410e-01,3.016415834426879883e-01,2.723119258880615234e-01,3.486701250076293945e-01,3.723435699939727783e-01,1.202812418341636658e-01,8.725187182426452637e-02,1.825163513422012329e-01,2.444572895765304565e-01,-2.602991275489330292e-02,1.406746506690979004e-01,1.085249483585357666e-01,2.264088094234466553e-01,1.927912682294845581e-01,-1.377553213387727737e-02,1.470329910516738892e-01,4.619343951344490051e-02,2.724410779774188995e-02,-1.140540763735771179e-01,1.380360275506973267e-01,1.581007838249206543e-01,1.447298564016819000e-02,2.928262948989868164e-01,1.881258785724639893e-01,-3.701381012797355652e-02,3.911124169826507568e-02,9.491856396198272705e-02,5.462585091590881348e-01,7.705245614051818848e-01,2.032923400402069092e-01,5.535620450973510742e-01,2.039969563484191895e-01,5.974693894386291504e-01,2.762762606143951416e-01,5.947340130805969238e-01,-3.148575872182846069e-02,3.944620192050933838e-01,2.315006852149963379e-01,1.524912118911743164e-01,5.622121095657348633e-01,5.256292223930358887e-01,2.353352010250091553e-01,3.725176751613616943e-01,2.284290194511413574e-01,4.023565948009490967e-01,1.746814846992492676e-01,2.986507713794708252e-01,3.445798158645629883e-01,3.571922481060028076e-01,2.549502439796924591e-02,1.042696759104728699e-01,7.663560658693313599e-02,3.851701617240905762e-01,1.981805413961410522e-01,2.526314556598663330e-01,4.470040649175643921e-02,4.181119203567504883e-01,1.094047650694847107e-01,-3.848110511898994446e-02,-9.668160229921340942e-02,8.038266748189926147e-02,3.057517670094966888e-02,-5.994994938373565674e-02,-4.805080592632293701e-02,3.464207798242568970e-02,1.025680378079414368e-01,1.347440183162689209e-01,4.090175777673721313e-02,8.341956883668899536e-02,1.287783533334732056e-01,1.571467816829681396e-01,-1.277192533016204834e-01,-9.122751071117818356e-04,7.404718548059463501e-02,9.888153523206710815e-02,4.557153955101966858e-02,5.772362276911735535e-02,3.385178372263908386e-02,-1.127169951796531677e-01,1.092231553047895432e-02,7.964445650577545166e-02,1.416663378477096558e-01,1.081326510757207870e-03,-6.190203502774238586e-02,4.571729898452758789e-02,4.382941499352455139e-02,1.014653518795967102e-01
5.229021906852722168e-01,3.429295122623443604e-01,1.000000000000000000e+00,3.669372797012329102e-01,2.656185626983642578e-01,2.075719833374023438e-02,7.257452011108398438e-01,1.600444763898849487e-01,1.052627563476562500e-01,-1.358778774738311768e-01,2.147311121225357056e-01,1.157915443181991577e-01,4.458543956279754639e-01,5.047938227653503418e-02,2.913999259471893311e-01,-1.417887806892395020e-01,6.452214717864990234e-02,-3.330456465482711792e-02,4.635581374168395996e-01,3.444985151290893555e-01,2.945204451680183411e-02,1.620723158121109009e-01,6.775273680686950684e-01,5.594463944435119629e-01,2.782094776630401611e-01,8.010462671518325806e-02,3.182942271232604980e-01,1.752274483442306519e-01,-1.454719109460711479e-03,1.511757262051105499e-02,2.961129248142242432e-01,1.792192608118057251e-01,3.724403381347656250e-01,1.900835931301116943e-01,4.179916903376579285e-02,-6.274242699146270752e-02,1.104866713285446167e-02,-2.540276385843753815e-02,-3.679322311654686928e-03,-1.061194315552711487e-01,4.028869047760963440e-02,6.852528452873229980e-02,1.832844875752925873e-02,-2.197410613298416138e-01,-6.917259097099304199e-02,-3.705778717994689941e-01,-1.811555325984954834e-01,-3.004693090915679932e-01,-6.781998556107282639e-03,-1.706356257200241089e-01,-1.426541805267333984e-02,-1.080203652381896973e-01,-8.271045237779617310e-02,-4.509136080741882324e-01,-4.443430900573730469e-02,-2.548251748085021973e-01,4.255776703357696533e-01,2.146538496017456055e-01,2.200478315353393555e-01,1.250544190406799316e-01,3.563519418239593506e-01,9.928360581398010254e-02,8.354695141315460205e-02,-2.491113729774951935e-02,1.199541166424751282e-01,-8.902777731418609619e-02,5.011171475052833557e-02,-1.571479439735412598e-01,3.304243087768554688e-01,1.386369317770004272e-01,1.438494026660919189e-01,4.442470893263816833e-02,-2.766153588891029358e-02,4.173992201685905457e-02,-8.713237941265106201e-02,-1.097811502404510975e-03,1.257639378309249878e-01,1.186927258968353271e-01,-7.297814008779823780e-04,9.135482832789421082e-03,-4.622058197855949402e-02,-1.156591251492500305e-01,1.344135850667953491e-01,6.845401972532272339e-02,4.754282534122467041e-02,-5.175820738077163696e-02,-6.955421715974807739e-02,-7.264171540737152100e-02,1.131935492157936096e-01,-2.235897928476333618e-01,-2.462441921234130859e-01,-2.449039816856384277e-01,-2.075987607240676880e-01,-2.755935676395893097e-02,5.993185564875602722e-02,-2.909847348928451538e-02,1.652062870562076569e-02,-7.596355676651000977e-02,-1.201987266540527344e-01,-1.322824209928512573e-01,-2.451280504465103149e-01,1.129201352596282959e-01,-3.200645744800567627e-02,1.167952269315719604e-01,-1.193834841251373291e-01,8.320681750774383545e-03,-2.595020830631256104e-02,-1.826943308115005493e-01,-8.000945299863815308e-02,-8.820417523384094238e-02,-1.027345433831214905e-01,-2.273921482264995575e-02,-1.639171838760375977e-01,-1.400686651468276978e-01,-1.305823922157287598e-01,-2.953699557110667229e-03
2.254534810781478882e-01,5.358855128288269043e-01,3.669372797012329102e-01,1.000000000000000000e+00,1.925605833530426025e-01,2.030221223831176758e-01,4.843804836273193359e-01,7.403490543365478516e-01,5.939155071973800659e-02,1.776364594697952271e-01,-5.779501423239707947e-02,2.049225568771362305e-01,2.029668986797332764e-01,2.301283031702041626e-01,-1.254093647003173828e-02,2.032789140939712524e-01,-7.477097213268280029e-02,1.893312782049179077e-01,2.324377745389938354e-01,4.429726600646972656e-01,1.143528893589973450e-01,3.877958059310913086e-01,5.700172185897827148e-01,6.132939457893371582e-01,2.241781651973724365e-01,1.885131746530532837e-01,1.211407929658889771e-01,2.689135372638702393e-01,5.089617148041725159e-02,1.216644942760467529e-01,3.166711032390594482e-01,4.580855965614318848e-01,3.816984593868255615e-01,4.963273406028747559e-01,2.581156194210052490e-01,2.241219431161880493e-01,4.712501540780067444e-02,1.052073314785957336e-01,1.132629439234733582e-01,7.172822207212448120e-02,-5.105052888393402100e-02,1.090587233193218708e-03,5.640381202101707458e-02,-6.443249434232711792e-02,7.916267216205596924e-02,8.928366005420684814e-02,-7.190256565809249878e-02,-2.468789368867874146e-01,1.890330463647842407e-01,2.828099429607391357e-01,2.118725180625915527e-01,3.409209251403808594e-01,4.350680112838745117e-02,-4.872008413076400757e-02,1.245248094201087952e-01,2.056971937417984009e-02,1.424599885940551758e-01,2.542355954647064209e-01,4.204534590244293213e-01,3.413101732730865479e-01,2.586025595664978027e-01,3.245595693588256836e-01,-8.368924260139465332e-03,1.494344174861907959e-01,3.246148526668548584e-01,4.689055681228637695e-01,4.533256888389587402e-01,3.105700910091400146e-01,3.770916759967803955e-01,1.701461821794509888e-01,1.695346385240554810e-01,3.754411935806274414e-01,5.661896243691444397e-02,1.551573425531387329e-01,-3.558270633220672607e-02,1.043881252408027649e-01,7.731362432241439819e-02,1.947490721940994263e-01,7.462586462497711182e-02,5.115780234336853027e-02,-7.865645736455917358e-02,1.596069633960723877e-01,9.458784013986587524e-02,9.273271262645721436e-02,1.996976733207702637e-01,2.321669757366180420e-01,1.529596894979476929e-01,-7.488904148340225220e-02,1.494472473859786987e-01,1.156242564320564270e-01,-1.044017523527145386e-01,-2.302262634038925171e-01,1.825951039791107178e-02,-2.055625170469284058e-01,3.218035027384757996e-02,-2.218977175652980804e-02,-5.487700924277305603e-02,-4.608191177248954773e-02,2.358971722424030304e-02,7.167071849107742310e-02,5.993016064167022705e-02,3.647379577159881592e-02,4.745583981275558472e-02,7.418988645076751709e-02,-2.291842736303806305e-02,6.824342161417007446e-02,-6.651882082223892212e-02,-2.916390895843505859e-01,8.193169534206390381e-02,5.534569919109344482e-02,-1.177127510309219360e-01,-1.316223740577697754e-01,-1.030608937144279480e-01,-1.594837158918380737e-01,-1.883351802825927734e-01,3.585754428058862686e-03
9.220199286937713623e-02,3.677516058087348938e-02,2.656185626983642578e-01,1.925605833530426025e-01,1.000000000000000000e+00,6.931933760643005371e-01,6.162495166063308716e-02,-6.131833791732788086e-02,7.604337930679321289e-01,5.966595411300659180e-01,9.498968720436096191e-02,5.503292381763458252e-02,3.005798459053039551e-01,-6.733987946063280106e-03,5.841876268386840820e-01,3.555552363395690918e-01,-5.340078100562095642e-02,4.080358147621154785e-02,-5.786211788654327393e-02,7.863714545965194702e-02,2.403651922941207886e-01,4.558679163455963135e-01,3.063525557518005371e-01,2.678221464157104492e-01,4.022770226001739502e-01,6.066392660140991211e-01,7.073934674263000488e-01,5.570893287658691406e-01,1.242986880242824554e-02,6.506307423114776611e-02,4.434181749820709229e-01,4.063766300678253174e-01,6.700392067432403564e-02,1.079561561346054077e-01,3.459722176194190979e-02,-4.972988739609718323e-03,8.741410076618194580e-02,1.791568249464035034e-01,2.540569007396697998e-01,1.412696838378906250e-01,1.127936914563179016e-01,1.087860316038131714e-01,-2.200266420841217041e-01,-3.514178693294525146e-01,1.107121482491493225e-01,-1.500046700239181519e-01,-3.615221083164215088e-01,-4.589973688125610352e-01,2.765118516981601715e-02,-5.498033016920089722e-02,-1.521964371204376221e-01,-1.114462390542030334e-01,-2.553051114082336426e-01,-4.718554615974426270e-01,1.857787221670150757e-01,1.685069873929023743e-02,2.122426480054855347e-01,5.751745030283927917e-02,2.894379496574401855e-01,-4.999185353517532349e-02,1.300442963838577271e-01,-2.349708927795290947e-03,-6.210770457983016968e-02,7.828764617443084717e-02,9.710471332073211670e-02,-2.767273783683776855e-02,1.471602916717529297e-01,-2.166403830051422119e-02,1.804684102535247803e-01,1.000065207481384277e-01,9.267028421163558960e-02,1.883338987827301025e-01,-2.686116658151149750e-02,7.401882857084274292e-02,-8.562019467353820801e-02,-4.495457280427217484e-03,5.571419000625610352e-02,1.625469624996185303e-01,4.474680125713348389e-02,4.136611148715019226e-02,-8.695712685585021973e-02,6.387150287628173828e-02,4.109792411327362061e-02,6.481533497571945190e-02,1.175422146916389465e-01,-1.402600016444921494e-02,1.067766100168228149e-01,2.362841665744781494e-01,2.889790236949920654e-01,2.271855026483535767e-01,-3.346310555934906006e-01,-4.406371712684631348e-01,-2.080021202564239502e-01,-1.957593113183975220e-01,-4.403406009078025818e-02,-7.626269757747650146e-02,2.862618863582611084e-02,7.805095613002777100e-02,-7.785538583993911743e-02,-2.469562739133834839e-01,-8.252593129873275757e-02,-7.709664851427078247e-02,-1.592512875795364380e-01,-2.590479142963886261e-02,2.821376174688339233e-02,-4.048369079828262329e-02,5.070357024669647217e-02,-1.559783667325973511e-01,9.219080954790115356e-02,-1.945726573467254639e-01,-1.676713377237319946e-01,4.089077934622764587e-02,-3.304420113563537598e-01,-1.948188245296478271e-01,-1.345324069261550903e-01,1.188973709940910339e-01
-1.936221681535243988e-02,9.779222309589385986e-02,2.075719833374023438e-02,2.030221223831176758e-01,6.931933760643005371e-01,1.000000000000000000e+00,-1.356654316186904907e-01,2.371413633227348328e-02,6.218869686126708984e-01,6.978060007095336914e-01,2.549287304282188416e-02,1.392940580844879150e-01,7.698313146829605103e-02,6.411537528038024902e-02,3.435652554035186768e-01,4.420696198940277100e-01,-2.145914547145366669e-02,1.484369933605194092e-01,-1.440424025058746338e-01,5.854183342307806015e-03,3.328396677970886230e-01,4.572722911834716797e-01,1.054127961397171021e-01,1.914364546537399292e-01,2.607091367244720459e-01,6.467911005020141602e-01,5.285149216651916504e-01,5.080275535583496094e-01,1.372110447846353054e-03,1.569491028785705566e-01,3.943357765674591064e-01,3.702327907085418701e-01,-9.184547513723373413e-02,7.234012335538864136e-02,2.180195786058902740e-02,4.629750736057758331e-03,3.535624593496322632e-02,1.121347621083259583e-01,1.929889619350433350e-01,1.106297597289085388e-01,5.062903091311454773e-02,3.421938791871070862e-02,-7.763642072677612305e-02,-2.030767649412155151e-01,1.752453744411468506e-01,-5.054565146565437317e-02,-2.822240293025970459e-01,-3.548610806465148926e-01,-2.519738115370273590e-02,7.615868933498859406e-03,-2.460898458957672119e-01,6.708479672670364380e-02,-2.596288919448852539e-01,-2.855717837810516357e-01,8.963324874639511108e-02,4.141341149806976318e-02,8.801084756851196289e-02,1.612427830696105957e-01,9.994770586490631104e-02,5.835617333650588989e-02,-1.106810122728347778e-01,1.242372542619705200e-01,-2.106667309999465942e-01,2.193660438060760498e-01,-9.757390618324279785e-02,1.282915771007537842e-01,6.424129009246826172e-02,-2.412320859730243683e-02,2.624040096998214722e-02,1.427726075053215027e-02,1.740016192197799683e-01,2.823178470134735107e-01,-4.046863690018653870e-02,1.154047027230262756e-01,-5.659156665205955505e-02,5.272907391190528870e-02,2.251415140926837921e-02,1.239465475082397461e-01,1.018454208970069885e-01,1.690414547920227051e-01,-1.209681630134582520e-01,2.444779425859451294e-01,-4.040338471531867981e-02,6.234702467918395996e-02,-6.347388029098510742e-02,1.400877386331558228e-01,8.007950335741043091e-02,2.161045074462890625e-01,3.378779441118240356e-02,2.902226448059082031e-01,-3.030834496021270752e-01,-3.189755976200103760e-01,-1.458497941493988037e-01,-1.745408773422241211e-01,-1.003652140498161316e-01,-1.150788292288780212e-01,-2.720014937222003937e-02,1.184674352407455444e-01,-3.512318432331085205e-02,-1.323248445987701416e-01,-2.784283272922039032e-02,-1.393123716115951538e-01,-9.743112325668334961e-02,-2.013775520026683807e-02,3.795609250664710999e-02,-2.010750211775302887e-02,6.656674295663833618e-02,-1.120023503899574280e-01,7.520820945501327515e-02,-8.886701613664627075e-02,-5.887573584914207458e-02,7.705397903919219971e-02,-2.358203083276748657e-01,-1.234924346208572388e-01,-1.076277643442153931e-01,9.646724909543991089e-02
5.701753497123718262e-01,5.071754455566406250e-01,7.257452011108398438e-01,4.843804836273193359e-01,6.162495166063308716e-02,-1.356654316186904907e-01,1.000000000000000000e+00,4.066390991210937500e-01,-5.176460370421409607e-02,-2.124167531728744507e-01,2.392666786909103394e-01,2.350559383630752563e-01,5.060983300209045410e-01,2.167804688215255737e-01,1.698016226291656494e-01,-1.427381634712219238e-01,1.446276009082794189e-01,1.219275221228599548e-01,4.689902663230895996e-01,4.398854374885559082e-01,-4.339056089520454407e-03,1.005334779620170593e-01,5.826669931411743164e-01,4.497088193893432617e-01,2.116471678018569946e-01,-2.667191438376903534e-02,1.040765568614006042e-01,5.096469819545745850e-02,1.373616307973861694e-01,1.231766790151596069e-01,3.261047899723052979e-01,2.025461047887802124e-01,4.861909151077270508e-01,3.362480700016021729e-01,1.500469744205474854e-01,7.689319550991058350e-02,7.804924994707107544e-02,8.074153959751129150e-02,-2.930440567433834076e-02,-3.555535897612571716e-02,8.163172751665115356e-02,1.126426085829734802e-01,9.145785123109817505e-02,-1.151315271854400635e-01,-2.951195836067199707e-02,-1.804307401180267334e-01,-6.896173954010009766e-02,-2.095904350280761719e-01,1.505098193883895874e-01,-1.262705679982900620e-02,1.043793559074401855e-01,2.640815265476703644e-02,9.174342453479766846e-02,-2.771626412868499756e-01,2.891813218593597412e-02,-1.747179031372070312e-01,4.507452249526977539e-01,2.814672589302062988e-01,3.390151262283325195e-01,2.815888226032257080e-01,4.914122223854064941e-01,2.788584530353546143e-01,2.818372845649719238e-01,1.312342435121536255e-01,2.200338691473007202e-01,1.264443248510360718e-01,2.173853367567062378e-01,4.387287795543670654e-02,4.525987505912780762e-01,2.218123525381088257e-01,2.081620395183563232e-01,1.676584035158157349e-01,1.344052553176879883e-01,1.802404075860977173e-01,2.562225982546806335e-02,1.286230385303497314e-01,2.466730475425720215e-01,2.280837297439575195e-01,2.975077927112579346e-02,4.379129782319068909e-02,1.039544939994812012e-01,1.795471087098121643e-02,2.413983941078186035e-01,1.154983565211296082e-01,1.558262556791305542e-01,4.987571015954017639e-02,2.463295124471187592e-02,-1.621634811162948608e-01,1.104334443807601929e-01,-2.534872591495513916e-01,-9.339557588100433350e-02,-1.634394973516464233e-01,-1.087020412087440491e-01,-7.776965945959091187e-02,1.251767128705978394e-01,5.113828927278518677e-02,4.870766028761863708e-02,-9.585028886795043945e-02,-7.401183713227510452e-03,-3.173189237713813782e-02,-1.995901912450790405e-01,1.086415722966194153e-02,-1.680669002234935760e-02,2.876669168472290039e-03,-1.081709787249565125e-01,-3.677478805184364319e-02,-2.798493765294551849e-02,-2.023282498121261597e-01,2.758205495774745941e-02,-2.167398482561111450e-02,1.659952686168253422e-03,-7.465882599353790283e-02,-1.301744580268859863e-01,-1.367828994989395142e-01,-9.692316502332687378e-02,-3.302305564284324646e-02
8.049207925796508789e-02,4.942763149738311768e-01,1.600444763898849487e-01,7.403490543365478516e-01,-6.131833791732788086e-02,2.371413633227348328e-02,4.066390991210937500e-01,1.000000000000000000e+00,-1.145383268594741821e-01,5.623142421245574951e-02,-1.058422625064849854e-01,2.704967558383941650e-01,1.092480868101119995e-01,3.185022473335266113e-01,-2.195798754692077637e-01,1.332769095897674561e-01,-6.002828106284141541e-02,2.361500412225723267e-01,1.071159467101097107e-01,2.742374539375305176e-01,8.721995353698730469e-02,2.100784778594970703e-01,3.603736162185668945e-01,3.953475058078765869e-01,8.698190003633499146e-02,-1.768534420989453793e-03,-1.153523102402687073e-01,1.371066272258758545e-01,6.763037294149398804e-02,2.105873823165893555e-01,2.156843990087509155e-01,3.541862070560455322e-01,3.912648856639862061e-01,5.604432821273803711e-01,1.769890040159225464e-01,1.519220918416976929e-01,-7.038121670484542847e-02,3.183749318122863770e-02,-1.164641417562961578e-02,8.800534997135400772e-04,-1.234353706240653992e-01,-1.183912809938192368e-02,3.544887062162160873e-03,1.747786067426204681e-02,1.976183429360389709e-02,2.117127925157546997e-01,-3.752102330327033997e-02,-1.156354472041130066e-01,1.911524981260299683e-01,3.541871011257171631e-01,1.834203600883483887e-01,3.768646121025085449e-01,6.876011192798614502e-02,7.637367397546768188e-02,-2.509794384241104126e-02,-1.411185599863529205e-02,-2.559100836515426636e-02,2.071209847927093506e-01,2.846648991107940674e-01,3.506382107734680176e-01,1.723574548959732056e-01,4.367270469665527344e-01,-1.175242289900779724e-02,2.170518785715103149e-01,3.383498787879943848e-01,5.237166285514831543e-01,3.359362781047821045e-01,2.792440056800842285e-01,1.916626989841461182e-01,2.350973151624202728e-02,1.819375604391098022e-01,3.512554168701171875e-01,6.108421832323074341e-02,1.456484794616699219e-01,-1.069966144859790802e-02,8.573803305625915527e-02,3.146144375205039978e-02,1.236816793680191040e-01,7.623873651027679443e-02,7.026564329862594604e-02,-8.770303800702095032e-03,2.229373008012771606e-01,1.000203564763069153e-01,5.737333744764328003e-02,1.519776582717895508e-01,2.420875877141952515e-01,4.194241762161254883e-02,-1.023571863770484924e-01,-4.886200651526451111e-02,3.847414627671241760e-02,-4.129505529999732971e-02,-9.946484863758087158e-02,2.261306717991828918e-02,-2.171240597963333130e-01,3.234790638089179993e-02,-3.528038039803504944e-03,-1.396452039480209351e-01,-1.104617863893508911e-01,-4.114186018705368042e-02,5.886249244213104248e-02,-4.070496931672096252e-02,-2.412851154804229736e-02,5.370694212615489960e-03,5.923173949122428894e-02,-4.569839220494031906e-03,7.319298386573791504e-02,-1.155543327331542969e-01,-2.357355952262878418e-01,9.208941459655761719e-02,2.935585565865039825e-02,-1.662613451480865479e-01,-2.030376642942428589e-01,7.889045402407646179e-03,-1.063377857208251953e-01,-1.228373199701309204e-01,-7.413341104984283447e-02
-3.668039664626121521e-02,-8.375014364719390869e-02,1.052627563476562500e-01,5.939155071973800659e-02,7.604337930679321289e-01,6.218869686126708984e-01,-5.176460370421409607e-02,-1.145383268594741821e-01,1.000000000000000000e+00,6.662468910217285156e-01,4.310322180390357971e-02,2.662034332752227783e-02,2.205446958541870117e-01,-8.765941485762596130e-03,5.390892028808593750e-01,4.206194281578063965e-01,-5.041923373937606812e-02,6.300297379493713379e-02,-2.134981155395507812e-01,-1.124368831515312195e-01,2.678169608116149902e-01,4.256659448146820068e-01,6.483230739831924438e-02,9.430404007434844971e-02,3.689895272254943848e-01,6.440048813819885254e-01,5.569215416908264160e-01,4.719140231609344482e-01,2.977840788662433624e-02,1.564244031906127930e-01,4.004559218883514404e-01,3.688990771770477295e-01,-2.773929387331008911e-03,8.513481914997100830e-02,-7.623360492289066315e-03,-1.950853690505027771e-02,2.280366141349077225e-03,1.345366984605789185e-01,1.847127377986907959e-01,7.410258799791336060e-02,3.075207583606243134e-02,1.121141668409109116e-02,-2.022470384836196899e-01,-3.310167193412780762e-01,7.627885788679122925e-02,-8.023507148027420044e-02,-3.004268109798431396e-01,-3.838903307914733887e-01,3.781710937619209290e-02,-3.184219077229499817e-02,-1.814823150634765625e-01,-1.006229072809219360e-01,-2.687890529632568359e-01,-4.296942949295043945e-01,1.838589161634445190e-01,3.154259175062179565e-04,1.022287681698799133e-01,-3.216678649187088013e-02,2.108851820230484009e-01,-8.483035117387771606e-02,7.586597651243209839e-02,4.990408662706613541e-03,-1.136447414755821228e-01,4.129384458065032959e-02,3.341516107320785522e-02,-1.933402754366397858e-02,8.337671309709548950e-02,-3.385555744171142578e-02,4.094893857836723328e-02,-3.216694295406341553e-02,9.753712266683578491e-02,1.792583316564559937e-01,-6.629642099142074585e-02,8.229990303516387939e-02,-7.776127755641937256e-02,1.026241853833198547e-02,-8.428353816270828247e-03,1.252844035625457764e-01,5.755427107214927673e-02,8.626221865415573120e-02,-1.963171176612377167e-03,9.311985224485397339e-02,-1.935618557035923004e-02,-9.800221771001815796e-03,8.288410305976867676e-02,1.126977521926164627e-02,4.358821734786033630e-02,2.812630534172058105e-01,1.897048503160476685e-01,1.745413988828659058e-01,-3.414457440376281738e-01,-3.287453651428222656e-01,-2.184802591800689697e-01,-3.088817894458770752e-01,-9.355477988719940186e-02,-8.048528432846069336e-02,-5.132705904543399811e-03,4.375016689300537109e-02,-1.200340911746025085e-01,-2.261988669633865356e-01,-8.730591088533401489e-02,-2.217867374420166016e-01,-1.534715890884399414e-01,-1.199860572814941406e-01,-8.372192084789276123e-02,-1.184190362691879272e-01,-6.495112925767898560e-02,-1.808542907238006592e-01,7.461311668157577515e-02,-1.646757572889328003e-01,-1.502927988767623901e-01,3.479849174618721008e-02,-3.291094005107879639e-01,-1.992628127336502075e-01,-1.453883647918701172e-01,4.517013207077980042e-02
-4.733915999531745911e-02,1.009243503212928772e-01,-1.358778774738311768e-01,1.776364594697952271e-01,5.966595411300659180e-01,6.978060007095336914e-01,-2.124167531728744507e-01,5.623142421245574951e-02,6.662468910217285156e-01,1.000000000000000000e+00,9.838192164897918701e-02,2.599251866340637207e-01,9.643055498600006104e-02,1.922971457242965698e-01,4.529435932636260986e-01,7.001087665557861328e-01,1.705222763121128082e-02,2.831360995769500732e-01,-1.226937621831893921e-01,1.829387992620468140e-02,2.661720514297485352e-01,3.843040466308593750e-01,1.435495261102914810e-02,8.482215553522109985e-02,1.960198581218719482e-01,6.680504083633422852e-01,4.130142629146575928e-01,3.914692699909210205e-01,1.238761320710182190e-01,3.028095960617065430e-01,3.964267373085021973e-01,4.198685884475708008e-01,-1.153066828846931458e-01,1.086314395070075989e-01,-5.174235906451940536e-03,2.642176486551761627e-02,1.097924262285232544e-01,2.682798802852630615e-01,1.474596261978149414e-01,2.505317926406860352e-01,1.080159395933151245e-01,8.443810045719146729e-02,-8.910068869590759277e-02,-2.334960699081420898e-01,1.359228342771530151e-01,5.779274273663759232e-03,-2.101442068815231323e-01,-2.767008543014526367e-01,-4.989126324653625488e-02,2.459928393363952637e-03,-2.455440908670425415e-01,9.112732112407684326e-02,-2.291482537984848022e-01,-1.776418387889862061e-01,9.873545169830322266e-02,2.323853522539138794e-01,4.279648140072822571e-02,1.690418720245361328e-01,6.654633907601237297e-04,7.272124290466308594e-03,-1.491695493459701538e-01,1.744398772716522217e-01,-1.262729912996292114e-01,2.574885785579681396e-01,-1.489109992980957031e-01,2.124117165803909302e-01,3.044968470931053162e-02,-8.580588735640048981e-03,-2.933545969426631927e-02,6.448305398225784302e-02,1.669256091117858887e-01,3.769566118717193604e-01,8.491429686546325684e-02,2.645256519317626953e-01,1.081731617450714111e-01,1.488267928361892700e-01,8.606851100921630859e-02,1.994407624006271362e-01,-2.568119019269943237e-02,1.356939971446990967e-01,-2.010685764253139496e-02,3.102841377258300781e-01,-5.991623550653457642e-02,8.515553921461105347e-02,-6.780388206243515015e-02,2.373683452606201172e-01,1.522277891635894775e-01,3.159413039684295654e-01,1.114509161561727524e-02,4.102794229984283447e-01,-2.169918566942214966e-01,-1.969829052686691284e-01,-7.344252616167068481e-02,-1.169914677739143372e-01,-1.007936149835586548e-01,-3.279735147953033447e-02,-5.216352641582489014e-02,1.268983036279678345e-01,-5.215799901634454727e-03,-1.087855771183967590e-01,4.156317189335823059e-02,-1.911510080099105835e-01,-4.893203079700469971e-02,-7.526301592588424683e-02,-1.276286412030458450e-02,-5.520169436931610107e-02,5.831305310130119324e-02,-4.993341490626335144e-02,1.373566836118698120e-01,-6.182607263326644897e-02,-1.946778967976570129e-02,7.845877110958099365e-02,-1.808142811059951782e-01,3.620440885424613953e-02,8.190289139747619629e-03,1.240675002336502075e-01
6.212301850318908691e-01,2.599588632583618164e-01,2.147311121225357056e-01,-5.779501423239707947e-02,9.498968720436096191e-02,2.549287304282188416e-02,2.392666786909103394e-01,-1.058422625064849854e-01,4.310322180390357971e-02,9.838192164897918701e-02,1.000000000000000000e+00,6.742646694183349609e-01,7.307931780815124512e-01,5.523834228515625000e-01,5.419600009918212891e-01,2.222364842891693115e-01,7.484223246574401855e-01,5.324807167053222656e-01,5.086079835891723633e-01,2.354116737842559814e-01,-5.636323988437652588e-02,-1.871698349714279175e-01,2.084569633007049561e-01,-7.824396342039108276e-02,-1.099945232272148132e-01,1.450298577547073364e-01,5.791590083390474319e-03,-1.936599016189575195e-01,6.785609126091003418e-01,4.097723960876464844e-01,2.263484597206115723e-01,5.771157890558242798e-02,2.367677837610244751e-01,1.559776216745376587e-01,2.352624684572219849e-01,2.651959359645843506e-01,4.989888966083526611e-01,4.432117044925689697e-01,1.119097098708152771e-01,3.881565630435943604e-01,2.741658091545104980e-01,3.085567653179168701e-01,2.878743112087249756e-01,8.001101016998291016e-02,6.331351399421691895e-02,-1.732651591300964355e-01,1.129553318023681641e-01,3.160725161433219910e-02,-3.493737801909446716e-02,-2.431459873914718628e-01,6.657866761088371277e-03,-6.425207853317260742e-02,2.252050936222076416e-01,-2.354597598314285278e-01,2.482028454542160034e-01,4.344949424266815186e-01,5.157648921012878418e-01,3.448975980281829834e-01,-2.011958360671997070e-01,-6.662876904010772705e-02,1.874984055757522583e-01,1.081541851162910461e-01,6.004339456558227539e-01,3.691039085388183594e-01,-2.011899501085281372e-01,-7.572309696115553379e-04,-2.587406150996685028e-02,9.427548386156558990e-03,1.196535900235176086e-01,2.343521118164062500e-01,2.041527479887008667e-01,2.396728843450546265e-01,6.818659305572509766e-01,6.318867206573486328e-01,6.219260096549987793e-01,5.385694503784179688e-01,6.307753324508666992e-01,5.123904943466186523e-01,2.681324481964111328e-01,2.888897359371185303e-01,5.225591659545898438e-01,4.614480137825012207e-01,3.840021193027496338e-01,3.508726060390472412e-01,2.141787558794021606e-01,3.368566334247589111e-01,3.874478936195373535e-01,3.095132112503051758e-01,6.347063928842544556e-02,1.742956042289733887e-01,2.235602885484695435e-01,-9.420740418136119843e-03,1.943524479866027832e-01,3.198584318161010742e-01,-3.418262675404548645e-02,2.430746331810951233e-02,9.095051884651184082e-02,2.189718335866928101e-01,3.775886595249176025e-01,1.463617831468582153e-01,3.628033155109733343e-04,-1.122977063059806824e-01,1.214376464486122131e-01,-3.399112448096275330e-02,1.861345469951629639e-01,2.174076624214649200e-02,1.206955462694168091e-01,2.380880117416381836e-01,-1.474688295274972916e-02,-8.327218890190124512e-02,4.286363124847412109e-01,1.660265326499938965e-01,9.373492747545242310e-02,4.122632741928100586e-01,4.434431493282318115e-01,2.597776055335998535e-01
4.788763225078582764e-01,4.874497056007385254e-01,1.157915443181991577e-01,2.049225568771362305e-01,5.503292381763458252e-02,1.392940580844879150e-01,2.350559383630752563e-01,2.704967558383941650e-01,2.662034332752227783e-02,2.599251866340637207e-01,6.742646694183349609e-01,1.000000000000000000e+00,5.547055602073669434e-01,7.824559211730957031e-01,3.538593649864196777e-01,3.974032700061798096e-01,5.258735418319702148e-01,7.302188277244567871e-01,4.273987114429473877e-01,3.164083659648895264e-01,1.865226589143276215e-02,-7.423599064350128174e-02,2.119601517915725708e-01,5.894556269049644470e-02,-5.704306438565254211e-02,2.482783049345016479e-01,1.846385374665260315e-02,-4.341061040759086609e-02,5.073769092559814453e-01,5.254874229431152344e-01,3.454926609992980957e-01,2.511202991008758545e-01,1.918600350618362427e-01,2.610472738742828369e-01,1.241109520196914673e-01,1.588587462902069092e-01,3.909111022949218750e-01,4.603884518146514893e-01,4.997759312391281128e-02,3.608365654945373535e-01,2.534388005733489990e-01,3.235502839088439941e-01,1.578471213579177856e-01,-3.357171639800071716e-02,1.474188715219497681e-01,-5.676245689392089844e-02,8.849846199154853821e-03,-7.852461189031600952e-02,-3.859563916921615601e-02,-9.539006650447845459e-02,-1.007708311080932617e-01,1.444789469242095947e-01,1.251056939363479614e-01,-1.454228013753890991e-01,8.221901953220367432e-02,3.862718641757965088e-01,3.662455081939697266e-01,4.786837995052337646e-01,-2.291245758533477783e-01,4.480412974953651428e-02,-1.818705163896083832e-02,3.123104274272918701e-01,4.250398278236389160e-01,5.997062325477600098e-01,-2.045537531375885010e-01,2.370475530624389648e-01,-2.194186486303806305e-02,2.285755053162574768e-02,7.071874290704727173e-02,2.158247083425521851e-01,3.308521509170532227e-01,4.824213385581970215e-01,5.478408932685852051e-01,6.895552873611450195e-01,5.109215378761291504e-01,5.317281484603881836e-01,5.499897599220275879e-01,5.135475397109985352e-01,1.598032265901565552e-01,2.629464566707611084e-01,3.308526277542114258e-01,6.026485562324523926e-01,3.103058636188507080e-01,3.909341990947723389e-01,8.533089607954025269e-02,5.230489373207092285e-01,2.960096299648284912e-01,2.398357689380645752e-01,-1.441874951124191284e-01,2.251260727643966675e-01,1.756687909364700317e-01,-2.650486491620540619e-02,1.235480308532714844e-01,1.722038686275482178e-01,-1.007185317575931549e-02,5.463386327028274536e-02,-3.890150040388107300e-02,1.709656715393066406e-01,2.673116028308868408e-01,1.383234709501266479e-01,-3.892509639263153076e-02,-1.505589336156845093e-01,6.227992102503776550e-02,-2.486356347799301147e-02,1.257305592298507690e-01,-1.437056530267000198e-02,9.781083464622497559e-02,1.072650030255317688e-01,9.570781141519546509e-03,-4.197786748409271240e-02,2.640742659568786621e-01,1.023110300302505493e-01,4.644975811243057251e-02,3.338124454021453857e-01,3.532286286354064941e-01,1.910677701234817505e-01
5.994601249694824219e-01,3.079850077629089355e-01,4.458543956279754639e-01,2.029668986797332764e-01,3.005798459053039551e-01,7.698313146829605103e-02,5.060983300209045410e-01,1.092480868101119995e-01,2.205446958541870117e-01,9.643055498600006104e-02,7.307931780815124512e-01,5.547055602073669434e-01,1.000000000000000000e+00,4.863675534725189209e-01,5.733044743537902832e-01,1.717953830957412720e-01,5.633991956710815430e-01,4.122495949268341064e-01,4.093118011951446533e-01,2.397241741418838501e-01,-1.443329267203807831e-02,1.235426124185323715e-02,4.571934938430786133e-01,1.697105467319488525e-01,1.804721206426620483e-01,2.586638331413269043e-01,1.826933622360229492e-01,3.521790355443954468e-02,6.019160151481628418e-01,3.907727897167205811e-01,4.349811375141143799e-01,3.033092319965362549e-01,4.013966619968414307e-01,3.272708356380462646e-01,2.415221333503723145e-01,2.616772949695587158e-01,3.844598531723022461e-01,3.885921835899353027e-01,1.557904332876205444e-01,2.888878881931304932e-01,2.414562851190567017e-01,2.843856215476989746e-01,1.067880094051361084e-01,-4.783636704087257385e-02,3.227430582046508789e-02,-1.770074665546417236e-01,-9.753465652465820312e-02,-1.821515113115310669e-01,8.729919046163558960e-02,-1.280934363603591919e-01,7.804813981056213379e-02,-9.475479274988174438e-02,1.127331703901290894e-01,-4.444954991340637207e-01,2.870758175849914551e-01,2.414659410715103149e-01,5.122070312500000000e-01,2.627361118793487549e-01,1.189417019486427307e-01,2.128218300640583038e-02,4.230533242225646973e-01,1.562745422124862671e-01,5.328001976013183594e-01,2.928074002265930176e-01,6.615583598613739014e-02,5.622060224413871765e-02,1.629368066787719727e-01,8.746482431888580322e-02,2.694931030273437500e-01,2.124859690666198730e-01,2.351036518812179565e-01,3.037844896316528320e-01,5.329002141952514648e-01,5.182748436927795410e-01,4.163070023059844971e-01,4.133084714412689209e-01,5.549947619438171387e-01,5.166679024696350098e-01,2.310919314622879028e-01,2.548679113388061523e-01,4.371389448642730713e-01,3.536760509014129639e-01,4.237916171550750732e-01,3.334571719169616699e-01,3.350784480571746826e-01,1.905078291893005371e-01,3.426407575607299805e-01,1.967575997114181519e-01,2.804526984691619873e-01,6.107103824615478516e-02,6.749071180820465088e-02,-2.138123363256454468e-01,9.963183104991912842e-02,6.557992100715637207e-02,2.171477302908897400e-02,2.520906180143356323e-02,8.333772420883178711e-02,9.026449918746948242e-02,2.395129501819610596e-01,-2.464545890688896179e-02,-5.538795143365859985e-02,-1.518311053514480591e-01,-4.537987057119607925e-03,-8.465710282325744629e-02,1.276680976152420044e-01,-8.852719329297542572e-03,4.784804582595825195e-02,8.353661745786666870e-03,3.702228888869285583e-02,-1.550147235393524170e-01,2.182090133428573608e-01,1.853134110569953918e-02,-7.932463288307189941e-02,1.436233371496200562e-01,2.514747381210327148e-01,1.813406497240066528e-01
