1.000000000000000000e+00,4.675873517990112305e-01,4.753852784633636475e-01,2.573883533477783203e-01,1.362419873476028442e-01,-1.279375553131103516e-01,4.573975205421447754e-01,2.007347047328948975e-01,1.103619411587715149e-01,-2.680277228355407715e-01,5.670793056488037109e-01,2.355903983116149902e-01,4.232768714427947998e-01,1.528831720352172852e-01,1.268875300884246826e-01,-2.331762015819549561e-01,2.788068056106567383e-01,3.384787738323211670e-01,5.264273285865783691e-01,4.183337986469268799e-01,2.229365706443786621e-02,-2.474726922810077667e-02,2.963515520095825195e-01,1.964040398597717285e-01,1.093961149454116821e-01,-6.737566739320755005e-02,-3.943512961268424988e-02,-1.216305568814277649e-01,2.888241112232208252e-01,1.237055584788322449e-01,1.585172414779663086e-01,1.438197642564773560e-01,3.081803619861602783e-01,2.991058230400085449e-01,1.542274951934814453e-01,1.067320778965950012e-01,1.350062787532806396e-01,1.145387440919876099e-01,1.021318975836038589e-02,1.899989088997244835e-03,6.056009978055953979e-02,-1.872230321168899536e-02,1.410850044339895248e-02,-2.195709012448787689e-02,-7.299616187810897827e-02,-5.343026295304298401e-02,5.199945345520973206e-02,5.625491496175527573e-03,1.682461947202682495e-01,4.744780063629150391e-02,4.402822256088256836e-02,3.107744827866554260e-02,7.410043478012084961e-02,8.179696649312973022e-02,-6.882151216268539429e-02,2.132281847298145294e-02,6.018941998481750488e-01,4.682165384292602539e-01,4.782798886299133301e-01,2.887884676456451416e-01,3.512470722198486328e-01,1.774109899997711182e-01,2.352753430604934692e-01,1.957300156354904175e-01,8.172556012868881226e-02,-1.624569878913462162e-03,2.626099288463592529e-01,1.604912877082824707e-01,4.081359803676605225e-01,2.907355725765228271e-01,-3.368051256984472275e-03,-1.549020130187273026e-02,4.712721705436706543e-02,-4.906189814209938049e-02,1.323414146900177002e-01,-5.798684805631637573e-02,1.270372122526168823e-01,3.062258101999759674e-02,1.356407999992370605e-01,1.869934201240539551e-01,2.874257564544677734e-01,1.136644631624221802e-01,1.554217487573623657e-01,-6.456959992647171021e-02,1.338457614183425903e-01,-8.302067220211029053e-02,6.752989441156387329e-02,-1.437102407217025757e-01,2.250039279460906982e-01,1.542440801858901978e-01,-6.592264771461486816e-02,-1.602349132299423218e-01,1.389618963003158569e-01,1.043349802494049072e-01,7.440908998250961304e-02,-9.263557195663452148e-02,-2.232818678021430969e-02,-7.315005362033843994e-02,-1.110663861036300659e-01,-1.173004657030105591e-01,2.333691418170928955e-01,1.566401273012161255e-01,1.151612773537635803e-01,1.981559991836547852e-01,-1.578804403543472290e-01,-9.127296507358551025e-02,-1.262884140014648438e-01,2.177016884088516235e-01,6.130266468971967697e-03,1.288123521953821182e-02,1.657580287428572774e-04,-2.895079739391803741e-02,-1.624347120523452759e-01,-7.700024545192718506e-02,-1.212905496358871460e-01,-1.076125577092170715e-01
4.675873517990112305e-01,1.000000000000000000e+00,3.151228129863739014e-01,5.211047530174255371e-01,-3.731165081262588501e-02,6.518920511007308960e-02,3.132097423076629639e-01,4.930301606655120850e-01,-4.575538635253906250e-02,-9.071495383977890015e-02,2.264292538166046143e-01,5.801857709884643555e-01,1.655437350273132324e-01,4.383238554000854492e-01,-4.422926157712936401e-02,-1.171529144048690796e-01,2.237980961799621582e-01,5.044674873352050781e-01,3.689531683921813965e-01,4.500792324542999268e-01,-5.963139701634645462e-03,4.640273377299308777e-02,3.806148171424865723e-01,4.644916057586669922e-01,1.780456751585006714e-01,6.272631883621215820e-02,-5.501483753323554993e-02,-1.397570967674255371e-01,1.746119111776351929e-01,1.663596332073211670e-01,9.037378430366516113e-02,2.976681292057037354e-01,1.161972656846046448e-01,2.277624309062957764e-01,-3.766826912760734558e-02,2.042246982455253601e-02,4.966897889971733093e-02,1.302263885736465454e-01,-8.850157260894775391e-02,9.983251243829727173e-02,4.976197704672813416e-02,-1.798079349100589752e-02,9.457340091466903687e-02,4.419838264584541321e-02,1.251520309597253799e-02,9.156846255064010620e-02,8.437023311853408813e-02,1.018674895167350769e-01,4.186434205621480942e-03,9.765284135937690735e-03,-5.303185805678367615e-02,-1.538233011960983276e-01,3.088946267962455750e-02,5.679657310247421265e-02,-7.490839809179306030e-02,1.335147321224212646e-01,3.970615863800048828e-01,7.753434777259826660e-01,9.264328330755233765e-02,1.925630122423171997e-01,9.474000893533229828e-03,1.422982960939407349e-01,1.683965027332305908e-01,4.942453503608703613e-01,-1.759817153215408325e-01,-1.997474879026412964e-01,9.852851927280426025e-02,1.277929637581110001e-02,3.115553855895996094e-01,2.394374310970306396e-01,-1.657216846942901611e-01,1.091836529667489231e-04,-5.987746641039848328e-03,9.653337299823760986e-03,-4.380218312144279480e-02,-8.945040404796600342e-02,5.003071576356887817e-02,1.171486102975904942e-03,6.372392177581787109e-02,2.757655084133148193e-01,1.608057022094726562e-01,3.150795698165893555e-01,8.765146881341934204e-02,-9.659089148044586182e-03,-9.628605842590332031e-02,-2.617098204791545868e-02,-1.104702427983283997e-01,-1.642617583274841309e-01,-9.320082515478134155e-02,7.877569645643234253e-02,-1.034852042794227600e-01,-2.616131603717803955e-01,1.201318204402923584e-02,-1.126041486859321594e-01,4.089790582656860352e-02,-4.906109720468521118e-02,-5.935789272189140320e-02,-1.277033835649490356e-01,-5.578026548027992249e-02,-8.120232075452804565e-02,1.454903185367584229e-01,-9.578902274370193481e-03,9.771846234798431396e-02,3.992047533392906189e-02,-1.300579160451889038e-01,-1.097655966877937317e-01,3.462221845984458923e-02,2.161456048488616943e-01,-7.641366869211196899e-02,-1.109820529818534851e-01,-5.975504219532012939e-02,-8.749348111450672150e-03,-1.835106462240219116e-01,-6.025346741080284119e-02,-1.240536868572235107e-01,-1.796232759952545166e-01
4.753852784633636475e-01,3.151228129863739014e-01,1.000000000000000000e+00,5.228738188743591309e-01,4.460655748844146729e-01,1.610076278448104858e-01,6.437024474143981934e-01,3.970959186553955078e-01,3.624015748500823975e-01,-6.110927090048789978e-02,2.893995046615600586e-01,2.959833145141601562e-01,3.712782859802246094e-01,2.977996468544006348e-01,2.553676962852478027e-01,-8.727646619081497192e-02,6.013359501957893372e-02,8.676875382661819458e-02,5.545012354850769043e-01,2.787232697010040283e-01,6.070624291896820068e-02,1.428014189004898071e-01,6.838587522506713867e-01,4.809137582778930664e-01,4.108772277832031250e-01,1.349503397941589355e-01,8.380017429590225220e-02,-1.673444733023643494e-02,1.091479584574699402e-01,1.022205571644008160e-03,3.204883635044097900e-01,3.171696960926055908e-01,2.285369932651519775e-01,2.795138061046600342e-01,2.317242771387100220e-01,1.516546607017517090e-01,4.904179275035858154e-02,9.880855679512023926e-02,-5.172740668058395386e-02,-4.174550995230674744e-03,-9.899160824716091156e-03,9.893352538347244263e-02,-1.194023191928863525e-01,-1.705310791730880737e-01,-1.062710508704185486e-01,-1.409201323986053467e-01,-1.208056882023811340e-01,-1.220429986715316772e-01,9.174407273530960083e-02,-3.158666938543319702e-02,-7.748553156852722168e-02,-4.075103625655174255e-02,-2.256961353123188019e-02,1.148804370313882828e-02,-1.681232303380966187e-01,-1.521543227136135101e-02,2.564326822757720947e-01,3.304500877857208252e-01,1.640423685312271118e-01,1.478284448385238647e-01,2.073425352573394775e-01,2.012218236923217773e-01,-1.656367816030979156e-02,8.502361923456192017e-02,2.893309295177459717e-01,9.062660485506057739e-02,2.221684716641902924e-02,-8.940306305885314941e-02,2.930491045117378235e-02,-7.964606583118438721e-02,1.737385243177413940e-01,2.263932824134826660e-01,9.692754596471786499e-02,4.738340154290199280e-02,1.517889648675918579e-01,2.490060031414031982e-02,1.904397010803222656e-01,1.155753806233406067e-01,-6.294872611761093140e-02,-2.072045579552650452e-02,2.686946988105773926e-01,2.899331226944923401e-02,2.954123616218566895e-01,-5.144978314638137817e-02,2.694985568523406982e-01,2.880250103771686554e-02,9.518565237522125244e-02,-8.217588812112808228e-02,9.293802827596664429e-02,2.178106904029846191e-01,-5.714223161339759827e-02,-1.572819352149963379e-01,2.079244107007980347e-01,2.213263958692550659e-01,1.304643303155899048e-01,-3.632978722453117371e-02,-8.131073415279388428e-02,-1.106256917119026184e-01,-7.570836693048477173e-02,-1.790488511323928833e-01,1.619696915149688721e-01,1.129637360572814941e-01,8.856107294559478760e-02,1.506488621234893799e-01,-5.030696466565132141e-02,2.471034973859786987e-02,-8.224248886108398438e-02,2.614988982677459717e-01,-1.444038450717926025e-01,-4.560211673378944397e-02,1.066684629768133163e-02,5.595105700194835663e-03,-1.438241451978683472e-01,-4.721553251147270203e-02,-3.083839826285839081e-02,-1.260720789432525635e-01
2.573883533477783203e-01,5.211047530174255371e-01,5.228738188743591309e-01,1.000000000000000000e+00,2.507559061050415039e-01,3.221755921840667725e-01,6.037750840187072754e-01,7.712717652320861816e-01,1.911294609308242798e-01,1.572630703449249268e-01,7.992538064718246460e-02,6.449893116950988770e-01,2.118141651153564453e-01,6.265122890472412109e-01,1.388452574610710144e-02,-3.191576525568962097e-02,-9.811820462346076965e-03,1.303369104862213135e-01,3.981049954891204834e-01,2.954899072647094727e-01,-8.429895341396331787e-02,9.920467436313629150e-02,7.145128250122070312e-01,8.210276365280151367e-01,3.441996872425079346e-01,2.456369102001190186e-01,-7.874488830566406250e-02,-9.377770125865936279e-02,2.395466528832912445e-02,-6.550105661153793335e-02,2.871718704700469971e-01,5.428461432456970215e-01,6.136858090758323669e-02,2.774057388305664062e-01,2.780664153397083282e-02,5.358397215604782104e-02,-9.138338267803192139e-02,1.473031844943761826e-02,-2.188764065504074097e-01,-2.970492094755172729e-02,-6.399046629667282104e-02,-3.665854409337043762e-02,-7.955209910869598389e-02,-1.127623468637466431e-01,1.007280498743057251e-01,5.107648298144340515e-02,-1.516832113265991211e-01,-1.324038356542587280e-01,-9.939789026975631714e-02,-1.900833696126937866e-01,-2.432357221841812134e-01,-2.972762584686279297e-01,-1.999711543321609497e-01,-2.346099466085433960e-01,-2.698342204093933105e-01,-1.175188794732093811e-01,1.076079681515693665e-01,4.252141118049621582e-01,-1.310823410749435425e-01,-3.785113617777824402e-02,-1.439839974045753479e-02,2.056374996900558472e-01,-1.042165234684944153e-01,3.040949702262878418e-01,3.446635976433753967e-02,-5.929824337363243103e-02,-1.555256545543670654e-01,-1.520565301179885864e-01,-4.153635352849960327e-02,-1.054115742444992065e-01,3.309966623783111572e-02,2.767528891563415527e-01,9.092834591865539551e-02,5.893945693969726562e-02,3.638617927208542824e-03,-5.695867165923118591e-02,1.804016083478927612e-01,8.165101706981658936e-02,-1.878894865512847900e-01,-4.191362857818603516e-02,7.410763949155807495e-02,1.021009311079978943e-01,8.056693524122238159e-02,-1.446498334407806396e-01,-7.172769308090209961e-02,-9.433843940496444702e-02,-1.300818622112274170e-01,-1.594626903533935547e-01,-2.249969691038131714e-01,-2.766448259353637695e-02,-7.127921283245086670e-02,-2.033806294202804565e-01,5.501453205943107605e-02,-8.274430036544799805e-02,1.237972006201744080e-01,-4.762268066406250000e-02,-1.231271103024482727e-01,-1.210316419601440430e-01,-4.768546298146247864e-02,-2.003572434186935425e-01,2.339248359203338623e-02,-9.176871925592422485e-02,2.533572539687156677e-02,-4.250264540314674377e-02,-1.048924177885055542e-01,-6.072787567973136902e-02,4.398924484848976135e-02,1.686620116233825684e-01,-1.925656795501708984e-01,-1.289300173521041870e-01,1.312913373112678528e-02,7.150971889495849609e-02,-1.298714280128479004e-01,-9.347452223300933838e-02,-6.402661651372909546e-02,-1.217617392539978027e-01
1.362419873476028442e-01,-3.731165081262588501e-02,4.460655748844146729e-01,2.507559061050415039e-01,1.000000000000000000e+00,4.903689920902252197e-01,3.438516557216644287e-01,1.444536149501800537e-01,5.940697789192199707e-01,2.243834584951400757e-01,2.278286218643188477e-01,1.560587584972381592e-01,3.527833521366119385e-01,2.320331931114196777e-01,5.996629595756530762e-01,2.266332060098648071e-01,1.271885167807340622e-02,-5.113189294934272766e-02,3.046039044857025146e-01,4.320378601551055908e-02,1.526917368173599243e-01,1.548538655042648315e-01,4.405903220176696777e-01,3.349665999412536621e-01,4.865972399711608887e-01,3.167458474636077881e-01,4.724643826484680176e-01,4.031495749950408936e-01,1.570466756820678711e-01,3.078142879530787468e-03,2.513800859451293945e-01,2.898949980735778809e-01,-5.241047963500022888e-02,-4.288407415151596069e-02,-1.937054097652435303e-02,-1.288509368896484375e-01,1.798497140407562256e-02,-3.364351391792297363e-02,6.040640547871589661e-02,-3.840190172195434570e-02,6.196326389908790588e-02,1.484649479389190674e-01,-2.748792469501495361e-01,-3.160090744495391846e-01,-2.956447005271911621e-01,-3.725964725017547607e-01,-2.939988374710083008e-01,-3.340047299861907959e-01,-2.684218883514404297e-01,-3.237797915935516357e-01,-2.886461019515991211e-01,-2.461585402488708496e-01,-1.495100110769271851e-01,-1.274746507406234741e-01,-1.353483200073242188e-01,-1.472750604152679443e-01,-7.942237704992294312e-02,-6.453277170658111572e-02,-1.167517080903053284e-01,-1.806351989507675171e-01,-2.715949155390262604e-02,-9.214482456445693970e-02,-1.001634225249290466e-01,-2.153252959251403809e-01,1.218809932470321655e-01,-1.663694977760314941e-01,-2.965963184833526611e-01,-3.489227592945098877e-01,-1.684300899505615234e-01,-1.739565134048461914e-01,2.301653772592544556e-01,2.505574226379394531e-01,2.063331007957458496e-01,1.351893097162246704e-01,2.139044106006622314e-01,8.996234834194183350e-02,1.586877554655075073e-02,-3.089894354343414307e-02,-2.378266071900725365e-03,-9.848210215568542480e-02,2.012295722961425781e-01,-8.816514909267425537e-02,3.623157739639282227e-01,4.399661719799041748e-02,2.414860129356384277e-01,-7.619210332632064819e-02,3.181521296501159668e-01,2.850810810923576355e-02,1.679458916187286377e-01,-3.727994771907106042e-05,-7.694975286722183228e-02,6.583534181118011475e-02,4.169035330414772034e-02,2.317482680082321167e-01,6.527101993560791016e-02,-1.268707662820816040e-01,-1.906191408634185791e-01,-2.352070808410644531e-01,-2.436186671257019043e-01,-3.106969296932220459e-01,-9.592122584581375122e-02,-1.455934997648000717e-02,-1.169284656643867493e-01,-9.320495277643203735e-02,2.638178505003452301e-02,8.368913084268569946e-02,-2.397696971893310547e-01,4.120516404509544373e-02,-9.819789230823516846e-02,-7.636120170354843140e-02,-2.987642027437686920e-02,-4.354604333639144897e-02,-9.334336221218109131e-02,-1.095188185572624207e-01,-2.890587225556373596e-02,2.162569761276245117e-02
-1.279375553131103516e-01,6.518920511007308960e-02,1.610076278448104858e-01,3.221755921840667725e-01,4.903689920902252197e-01,1.000000000000000000e+00,7.564330846071243286e-02,1.906362175941467285e-01,2.717973291873931885e-01,7.028362154960632324e-01,-1.782929301261901855e-01,2.091964781284332275e-01,-7.835233211517333984e-02,3.101077675819396973e-01,2.644053995609283447e-01,5.792179107666015625e-01,3.637104481458663940e-02,-2.765637263655662537e-02,1.437588930130004883e-01,-1.831620931625366211e-02,4.054922610521316528e-02,1.323229968547821045e-01,3.153087794780731201e-01,4.382177889347076416e-01,5.212058424949645996e-01,6.285240650177001953e-01,4.774293303489685059e-01,4.896329045295715332e-01,-3.019572235643863678e-02,-6.208531185984611511e-02,1.393369436264038086e-01,4.219785928726196289e-01,-1.579305529594421387e-01,-8.689426630735397339e-02,-1.310954988002777100e-01,-1.470026969909667969e-01,-1.204615086317062378e-01,-1.720837056636810303e-01,-7.571401447057723999e-02,-1.623971015214920044e-01,4.240578785538673401e-02,-7.982766255736351013e-03,-1.726494878530502319e-01,-1.514564454555511475e-01,-1.302593797445297241e-01,-1.858996599912643433e-01,-2.483570128679275513e-01,-2.315195500850677490e-01,-3.821641504764556885e-01,-3.566906154155731201e-01,-4.287599623203277588e-01,-4.105980396270751953e-01,-2.976627349853515625e-01,-2.586773633956909180e-01,-2.013295590877532959e-01,-2.347389906644821167e-01,-7.731010019779205322e-02,3.572541987523436546e-03,-3.497196137905120850e-01,-2.949257791042327881e-01,-2.858876585960388184e-01,-2.397436499595642090e-01,-1.154165863990783691e-01,-1.908556967973709106e-01,-1.414698064327239990e-01,-3.379377722740173340e-01,-4.178270995616912842e-01,-4.085462391376495361e-01,-2.180582880973815918e-01,-2.739020884037017822e-01,2.035414129495620728e-01,2.846628129482269287e-01,1.335287541151046753e-01,1.835353225469589233e-01,4.558914899826049805e-02,5.752796772867441177e-03,-7.982348650693893433e-02,-9.634670615196228027e-02,-7.808476686477661133e-02,-1.346870362758636475e-01,9.158680588006973267e-02,-1.653817892074584961e-01,1.203899160027503967e-01,1.372901201248168945e-01,-9.488820284605026245e-02,-2.886429131031036377e-01,4.214837029576301575e-02,9.521829336881637573e-02,-2.253846824169158936e-01,-2.660043537616729736e-01,-3.006373047828674316e-01,-1.034979969263076782e-01,-2.034905999898910522e-01,-9.156491607427597046e-03,-3.633925318717956543e-02,-1.440090686082839966e-01,-2.771302461624145508e-01,-2.809390127658843994e-01,-2.801851928234100342e-01,-3.734704256057739258e-01,-2.781733572483062744e-01,-2.351721823215484619e-01,-2.465702146291732788e-01,-2.836660444736480713e-01,-3.026644326746463776e-02,-1.177687197923660278e-02,-2.242497205734252930e-01,-1.285355836153030396e-01,-1.834120750427246094e-01,-2.388199120759963989e-01,-6.539332121610641479e-02,-5.210790410637855530e-02,-1.766302883625030518e-01,-1.521245092153549194e-01,-9.022521972656250000e-02,-2.795268036425113678e-02
4.573975205421447754e-01,3.132097423076629639e-01,6.437024474143981934e-01,6.037750840187072754e-01,3.438516557216644287e-01,7.564330846071243286e-02,1.000000000000000000e+00,6.263042688369750977e-01,3.886789083480834961e-01,-5.959601327776908875e-02,4.000528156757354736e-01,4.099186360836029053e-01,5.148299932479858398e-01,4.561261832714080811e-01,8.120015263557434082e-02,-1.700657308101654053e-01,-4.538224637508392334e-02,4.209877923130989075e-02,4.297033548355102539e-01,2.098863869905471802e-01,-4.480613023042678833e-02,9.242440015077590942e-02,6.153354644775390625e-01,5.485041737556457520e-01,1.427586525678634644e-01,1.034873444586992264e-02,-1.635286211967468262e-01,-1.310984641313552856e-01,1.410974860191345215e-01,-2.852872572839260101e-02,3.010053038597106934e-01,3.060480654239654541e-01,2.161759883165359497e-01,2.820954620838165283e-01,1.569601707160472870e-02,-7.093982398509979248e-02,-1.170939300209283829e-02,2.365741878747940063e-02,-1.875228583812713623e-01,-1.887751929461956024e-02,-3.812985122203826904e-02,4.380173981189727783e-02,-1.367764025926589966e-01,-1.880002170801162720e-01,1.781192794442176819e-02,-6.289338320493698120e-02,-1.677150726318359375e-01,-2.031564265489578247e-01,4.714998975396156311e-02,-1.306208819150924683e-01,-1.578878164291381836e-01,-1.901006251573562622e-01,-1.559986174106597900e-01,-1.977598965167999268e-01,-3.035705685615539551e-01,-1.723535805940628052e-01,1.080463901162147522e-01,2.527264058589935303e-01,1.683251708745956421e-01,1.169466525316238403e-01,3.700867295265197754e-01,3.736721575260162354e-01,-2.637771144509315491e-02,2.700004279613494873e-01,2.127251625061035156e-01,1.454766187816858292e-02,-2.779146656394004822e-02,-9.805567562580108643e-02,2.312186174094676971e-03,-6.462222337722778320e-02,5.071600899100303650e-02,2.110380828380584717e-01,1.548624932765960693e-01,6.347060203552246094e-02,1.394592821598052979e-01,4.472171142697334290e-02,2.779718041419982910e-01,1.384138315916061401e-01,-1.877998113632202148e-01,-1.361980848014354706e-02,8.053017407655715942e-02,-2.218376845121383667e-02,8.449073880910873413e-02,-2.208197116851806641e-01,2.845683507621288300e-02,-1.686135679483413696e-01,-1.168156564235687256e-01,-2.359361946582794189e-01,1.953179202973842621e-02,8.476746082305908203e-02,-4.499424248933792114e-02,-1.113804206252098083e-01,1.393193453550338745e-01,5.190641060471534729e-02,1.266873180866241455e-01,-1.825731247663497925e-02,-8.319311589002609253e-02,-9.836986660957336426e-02,-6.069110333919525146e-02,-2.151706367731094360e-01,1.297737509012222290e-01,6.442062556743621826e-02,9.480218589305877686e-02,6.173297762870788574e-02,-1.652816534042358398e-01,-1.034186929464340210e-01,1.440917886793613434e-02,1.892618536949157715e-01,-1.334321051836013794e-01,-2.100102975964546204e-02,-3.631161153316497803e-02,2.294324897229671478e-02,-7.856401056051254272e-02,-9.221279621124267578e-02,-5.470115318894386292e-02,-9.053115546703338623e-02
2.007347047328948975e-01,4.930301606655120850e-01,3.970959186553955078e-01,7.712717652320861816e-01,1.444536149501800537e-01,1.906362175941467285e-01,6.263042688369750977e-01,1.000000000000000000e+00,2.011179327964782715e-01,1.454581022262573242e-01,1.513761132955551147e-01,6.714434027671813965e-01,2.329174131155014038e-01,7.279948592185974121e-01,-1.357389986515045166e-01,-8.225437253713607788e-02,-1.119366586208343506e-01,1.220354214310646057e-01,2.366087883710861206e-01,1.595838069915771484e-01,-1.639703065156936646e-01,1.045296862721443176e-01,5.574139952659606934e-01,6.780803799629211426e-01,1.242213547229766846e-01,1.248415261507034302e-01,-2.608819305896759033e-01,-2.334959208965301514e-01,-1.818120363168418407e-03,-3.888358548283576965e-02,2.148238569498062134e-01,4.388712942600250244e-01,5.041679367423057556e-03,2.298085987567901611e-01,-5.752688646316528320e-02,-8.103377372026443481e-02,-1.598252356052398682e-01,-5.339470505714416504e-02,-3.270901739597320557e-01,-8.250545710325241089e-02,-1.278499662876129150e-01,-9.920870512723922729e-02,-5.937850847840309143e-02,-7.552705705165863037e-02,1.431848704814910889e-01,1.101513281464576721e-01,-1.196495741605758667e-01,-1.128143444657325745e-01,7.440252229571342468e-04,-1.024753302335739136e-01,-1.800116449594497681e-01,-1.826380491256713867e-01,-1.854508221149444580e-01,-2.288488000631332397e-01,-3.332663476467132568e-01,-1.313929706811904907e-01,-1.075101736932992935e-02,3.618013858795166016e-01,-6.208914890885353088e-02,3.044648468494415283e-02,1.194813251495361328e-01,3.910864591598510742e-01,-1.368382126092910767e-01,4.136340916156768799e-01,5.480537563562393188e-02,4.226788412779569626e-03,-1.845825612545013428e-01,-1.835074722766876221e-01,-1.596485674381256104e-01,-1.823996901512145996e-01,-5.380368232727050781e-02,2.425673156976699829e-01,6.149283424019813538e-02,9.083601832389831543e-02,-6.856939755380153656e-03,4.769255407154560089e-03,1.836520582437515259e-01,1.190762892365455627e-01,-2.763706445693969727e-01,-5.230915173888206482e-02,-5.786387622356414795e-02,4.521231725811958313e-02,-8.160331100225448608e-02,-2.007862329483032227e-01,-1.798643171787261963e-01,-1.842419505119323730e-01,-3.060140609741210938e-01,-2.553928196430206299e-01,-2.314426898956298828e-01,-2.541869878768920898e-02,-8.271402120590209961e-02,-1.920501440763473511e-01,4.318540915846824646e-02,-1.448439806699752808e-01,5.872648954391479492e-02,-7.593171298503875732e-02,-1.568648368120193481e-01,-1.550620496273040771e-01,-4.436261951923370361e-02,-1.731457412242889404e-01,4.956249892711639404e-02,-6.851789355278015137e-02,2.897656336426734924e-02,-5.320237204432487488e-02,-1.991584599018096924e-01,-1.919166445732116699e-01,9.488780051469802856e-02,1.119180247187614441e-01,-1.861765831708908081e-01,-1.668463945388793945e-01,-9.957152605056762695e-02,-1.175976358354091644e-02,-9.435472637414932251e-02,-1.469135284423828125e-01,-1.373075991868972778e-01,-1.618704944849014282e-01
1.103619411587715149e-01,-4.575538635253906250e-02,3.624015748500823975e-01,1.911294609308242798e-01,5.940697789192199707e-01,2.717973291873931885e-01,3.886789083480834961e-01,2.011179327964782715e-01,1.000000000000000000e+00,2.084199190139770508e-01,2.242664247751235962e-01,1.897961199283599854e-01,3.768660426139831543e-01,2.563294768333435059e-01,5.187301635742187500e-01,2.232215553522109985e-01,-2.383351325988769531e-02,-4.463957250118255615e-02,1.906117349863052368e-01,-2.881641685962677002e-02,1.163697987794876099e-01,1.319387555122375488e-01,3.389669358730316162e-01,2.300963997840881348e-01,3.663929402828216553e-01,2.164443135261535645e-01,1.729385554790496826e-01,1.317587643861770630e-01,2.066625654697418213e-01,1.206997856497764587e-01,2.372288107872009277e-01,2.561318278312683105e-01,-1.068642642349004745e-02,9.108138328883796930e-05,-3.589964658021926880e-02,-1.241089999675750732e-01,7.772230356931686401e-02,1.326806098222732544e-01,-7.464397698640823364e-02,4.409625008702278137e-02,1.282152533531188965e-01,1.977178901433944702e-01,-1.207048073410987854e-01,-1.226890310645103455e-01,-1.272118836641311646e-01,-1.949958652257919312e-01,-1.424220800399780273e-01,-1.426986306905746460e-01,-7.818246632814407349e-02,-1.446146070957183838e-01,-1.723441332578659058e-01,-1.127697005867958069e-01,-1.034533753991127014e-01,-1.281484812498092651e-01,-1.457364112138748169e-01,-8.701191097497940063e-02,-1.151334792375564575e-01,-7.373254001140594482e-02,2.801432088017463684e-02,-1.356008648872375488e-01,1.279816180467605591e-01,5.733200535178184509e-02,-1.196662783622741699e-01,-6.830068677663803101e-02,1.229748874902725220e-01,-1.406840682029724121e-01,-2.523536086082458496e-01,-3.360242545604705811e-01,-1.893029958009719849e-01,-2.135863602161407471e-01,2.582983374595642090e-01,2.701833546161651611e-01,2.602360844612121582e-01,2.830558419227600098e-01,1.895586550235748291e-01,2.259948551654815674e-01,1.073180735111236572e-01,8.032759279012680054e-02,-7.615002244710922241e-02,-1.316070258617401123e-01,1.380843073129653931e-01,-1.308631300926208496e-01,2.572852671146392822e-01,5.807339213788509369e-03,8.859337866306304932e-02,-1.139640435576438904e-01,1.779270619153976440e-01,-7.489332556724548340e-02,1.741812378168106079e-01,1.507615856826305389e-02,-6.910772062838077545e-03,5.730902031064033508e-02,1.036770492792129517e-01,2.564085721969604492e-01,1.531018614768981934e-01,1.297927927225828171e-02,-6.765556335449218750e-02,-1.243253797292709351e-01,-9.541005641222000122e-02,-1.722922474145889282e-01,-3.460479900240898132e-02,8.229902386665344238e-02,-7.580047100782394409e-02,1.749009010381996632e-03,1.092306710779666901e-02,6.144596636295318604e-02,-1.867139935493469238e-01,7.030826061964035034e-02,-9.406970813870429993e-03,4.824980348348617554e-02,1.939962245523929596e-02,5.918013677000999451e-02,4.992980882525444031e-02,2.895279414951801300e-02,3.270289301872253418e-02,-2.359205670654773712e-02
-2.680277228355407715e-01,-9.071495383977890015e-02,-6.110927090048789978e-02,1.572630703449249268e-01,2.243834584951400757e-01,7.028362154960632324e-01,-5.959601327776908875e-02,1.454581022262573242e-01,2.084199190139770508e-01,1.000000000000000000e+00,-2.767966091632843018e-01,1.096284762024879456e-01,-2.413576543331146240e-01,2.434368431568145752e-01,4.202771931886672974e-02,7.018581628799438477e-01,-6.273972243070602417e-02,-1.010967120528221130e-01,-6.425863504409790039e-02,-1.326291561126708984e-01,-1.330576371401548386e-02,6.644856929779052734e-02,1.243824958801269531e-01,2.686026394367218018e-01,3.695641458034515381e-01,6.378654837608337402e-01,1.861799508333206177e-01,2.643013894557952881e-01,-6.369286030530929565e-02,-8.463582023978233337e-03,1.335420459508895874e-01,3.768259584903717041e-01,-1.224025338888168335e-01,-7.826884090900421143e-02,-1.178837269544601440e-01,-1.279728561639785767e-01,-1.818257868289947510e-01,-2.094970792531967163e-01,-2.089513838291168213e-01,-2.314246892929077148e-01,2.230117470026016235e-02,-8.444920927286148071e-02,-5.025135725736618042e-02,2.748320065438747406e-02,1.602676697075366974e-02,-4.483154043555259705e-02,-1.450245976448059082e-01,-1.068119108676910400e-01,-2.988760173320770264e-01,-2.703223228454589844e-01,-3.694472312927246094e-01,-3.328002989292144775e-01,-3.248064517974853516e-01,-3.220911920070648193e-01,-2.439722418785095215e-01,-2.921395003795623779e-01,-1.576189398765563965e-01,-1.642243415117263794e-01,-3.854821920394897461e-01,-3.705607056617736816e-01,-2.436321824789047241e-01,-2.190014123916625977e-01,-1.175117120146751404e-01,-1.636021584272384644e-01,-1.470611393451690674e-01,-2.717592418193817139e-01,-4.197134077548980713e-01,-3.685837388038635254e-01,-2.744046151638031006e-01,-3.140868246555328369e-01,2.193566709756851196e-01,2.902371585369110107e-01,1.650542765855789185e-01,2.336551100015640259e-01,2.613831870257854462e-02,7.550900429487228394e-02,-6.270768493413925171e-02,-5.164382234215736389e-02,-1.744070202112197876e-01,-1.770988255739212036e-01,-1.081157624721527100e-01,-2.825704813003540039e-01,-1.267315596342086792e-01,1.621553488075733185e-02,-2.881419658660888672e-01,-4.132443666458129883e-01,-1.439601629972457886e-01,3.806999325752258301e-02,-3.898185193538665771e-01,-4.425898790359497070e-01,-2.735522687435150146e-01,-1.303604990243911743e-01,-2.510493397712707520e-01,-1.318188011646270752e-01,-1.556043233722448349e-02,-1.112741529941558838e-01,-2.298236489295959473e-01,-2.237323671579360962e-01,-1.674071401357650757e-01,-2.530139684677124023e-01,-3.302748501300811768e-01,-2.955207228660583496e-01,-2.817201614379882812e-01,-3.268661797046661377e-01,-7.698937505483627319e-02,-1.103243455290794373e-01,-1.602471917867660522e-01,-2.216664850711822510e-01,-1.242487132549285889e-01,-1.770611554384231567e-01,-6.630054116249084473e-02,-4.688890650868415833e-02,-8.105955272912979126e-02,-9.066693484783172607e-02,-8.720191568136215210e-02,1.201887987554073334e-02
5.670793056488037109e-01,2.264292538166046143e-01,2.893995046615600586e-01,7.992538064718246460e-02,2.278286218643188477e-01,-1.782929301261901855e-01,4.000528156757354736e-01,1.513761132955551147e-01,2.242664247751235962e-01,-2.767966091632843018e-01,1.000000000000000000e+00,2.470911443233489990e-01,6.425161361694335938e-01,2.049419134855270386e-01,2.266561985015869141e-01,-2.677506506443023682e-01,3.089052438735961914e-01,2.528872191905975342e-01,3.022510409355163574e-01,1.483987718820571899e-01,-4.540990293025970459e-02,-2.532987389713525772e-03,1.807248443365097046e-01,8.288282155990600586e-02,-7.585110608488321304e-03,-1.770013868808746338e-01,-8.269041776657104492e-02,-1.613135188817977905e-01,3.668292462825775146e-01,7.689096778631210327e-02,1.239579692482948303e-01,5.650537833571434021e-02,1.364948451519012451e-01,8.294124156236648560e-02,7.681980729103088379e-02,-6.530550122261047363e-02,1.455822587013244629e-01,8.176877349615097046e-02,3.708970174193382263e-02,2.138028107583522797e-02,4.597931727766990662e-02,-1.016697101294994354e-02,-8.484961837530136108e-02,-1.707571893930435181e-01,-1.645679622888565063e-01,-1.578524261713027954e-01,-3.759595751762390137e-02,-1.262850761413574219e-01,1.079492047429084778e-01,-4.137249290943145752e-02,5.961692333221435547e-02,4.055615141987800598e-02,9.330178052186965942e-02,7.370600849390029907e-02,-5.164993554353713989e-02,-8.063398301601409912e-02,2.048682570457458496e-01,1.637282222509384155e-01,2.847557067871093750e-01,7.497483491897583008e-02,2.896874248981475830e-01,9.981089085340499878e-02,1.912299990653991699e-01,9.038386493921279907e-02,1.299951672554016113e-01,-9.682055562734603882e-02,1.127691194415092468e-01,7.018224336206912994e-03,1.761333644390106201e-01,1.565737873315811157e-01,-1.435924228280782700e-02,4.035111516714096069e-03,7.964048534631729126e-02,-4.949537664651870728e-02,1.464568674564361572e-01,-3.451166674494743347e-02,1.621841341257095337e-01,5.973603203892707825e-02,2.207064181566238403e-01,1.541322320699691772e-01,3.361305594444274902e-01,6.055756658315658569e-02,2.142027765512466431e-01,-3.281479328870773315e-02,2.740768492221832275e-01,-6.642526388168334961e-02,8.252973109483718872e-02,-1.086937412619590759e-01,3.676602244377136230e-01,6.423750519752502441e-02,5.588366091251373291e-02,-2.214378677308559418e-03,1.177574619650840759e-01,6.436322629451751709e-02,1.360967848449945450e-02,-1.647275090217590332e-01,7.620257791131734848e-03,-1.272874474525451660e-01,-9.800284355878829956e-02,-1.471565067768096924e-01,1.789501309394836426e-01,1.507127135992050171e-01,9.454906731843948364e-02,9.930144995450973511e-02,-1.277515143156051636e-01,-1.195077300071716309e-01,-7.719574123620986938e-02,7.275357097387313843e-02,1.955152861773967743e-02,2.189222956076264381e-03,-4.527851566672325134e-02,-7.528391480445861816e-02,-6.816628575325012207e-02,-1.395061165094375610e-01,-1.229264885187149048e-01,-8.728697150945663452e-02
2.355903983116149902e-01,5.801857709884643555e-01,2.959833145141601562e-01,6.449893116950988770e-01,1.560587584972381592e-01,2.091964781284332275e-01,4.099186360836029053e-01,6.714434027671813965e-01,1.897961199283599854e-01,1.096284762024879456e-01,2.470911443233489990e-01,1.000000000000000000e+00,2.284676581621170044e-01,7.644205689430236816e-01,7.783295959234237671e-02,-8.662246912717819214e-02,1.887671463191509247e-02,2.471299022436141968e-01,2.524900436401367188e-01,1.563448011875152588e-01,-1.937227100133895874e-01,-3.639515489339828491e-02,4.813340604305267334e-01,6.465700864791870117e-01,2.004542350769042969e-01,1.057069972157478333e-01,-1.449320912361145020e-01,-2.273715138435363770e-01,1.344881802797317505e-01,3.134622052311897278e-02,1.552644371986389160e-01,4.702463448047637939e-01,-9.620387107133865356e-02,8.752086013555526733e-02,-4.505264759063720703e-02,-6.652729213237762451e-02,-3.542286530137062073e-02,7.336714863777160645e-02,-1.670566797256469727e-01,3.205582872033119202e-02,-7.367203384637832642e-02,-6.575889140367507935e-02,-2.715464867651462555e-02,-6.999096274375915527e-02,2.279647998511791229e-02,7.527956366539001465e-02,-7.339178025722503662e-02,-6.407967209815979004e-02,-4.055348038673400879e-02,-1.056805700063705444e-01,-1.067529767751693726e-01,-1.993309557437896729e-01,-2.159350551664829254e-02,-6.793180853128433228e-02,-1.197896897792816162e-01,-1.748324837535619736e-03,-2.762701176106929779e-02,4.172305464744567871e-01,-1.879550963640213013e-01,-1.728342920541763306e-01,-7.331448793411254883e-02,6.713397800922393799e-02,-8.001161739230155945e-03,3.797817528247833252e-01,-1.007231324911117554e-01,-2.888879179954528809e-01,-2.101200222969055176e-01,-2.249329537153244019e-01,-8.019400388002395630e-02,-1.196051985025405884e-01,-1.225241720676422119e-01,9.589378535747528076e-02,-3.250262513756752014e-02,3.432205994613468647e-04,-5.567777529358863831e-02,-1.340419352054595947e-01,5.301347374916076660e-02,-1.873073540627956390e-02,-8.135862648487091064e-02,-1.536549441516399384e-02,4.082175344228744507e-02,9.714137017726898193e-02,8.429975062608718872e-02,-1.026491075754165649e-01,-8.977572619915008545e-02,-8.499071002006530762e-02,-3.706419840455055237e-02,-1.611133217811584473e-01,-6.767895072698593140e-02,-6.316830962896347046e-02,-8.961264975368976593e-03,-1.048875898122787476e-01,-3.819037973880767822e-02,-1.550242900848388672e-01,1.081974059343338013e-01,-8.971448242664337158e-02,-6.306315213441848755e-02,-1.939583420753479004e-01,-6.180832162499427795e-02,-9.420983493328094482e-02,-2.294756099581718445e-02,-3.539098054170608521e-02,-6.756417453289031982e-02,-3.793394938111305237e-02,-7.460846006870269775e-02,-4.095482453703880310e-02,8.608763106167316437e-03,1.714370250701904297e-01,-1.551732867956161499e-01,-8.702546358108520508e-02,1.106987893581390381e-02,1.176775172352790833e-01,-8.926697075366973877e-02,-1.043585613369941711e-01,-3.852063044905662537e-02,-9.458757936954498291e-02
4.232768714427947998e-01,1.655437350273132324e-01,3.712782859802246094e-01,2.118141651153564453e-01,3.527833521366119385e-01,-7.835233211517333984e-02,5.148299932479858398e-01,2.329174131155014038e-01,3.768660426139831543e-01,-2.413576543331146240e-01,6.425161361694335938e-01,2.284676581621170044e-01,1.000000000000000000e+00,2.502380609512329102e-01,3.267299830913543701e-01,-1.680157333612442017e-01,3.127360939979553223e-01,2.568024098873138428e-01,3.646147549152374268e-01,2.192584425210952759e-01,8.095756173133850098e-02,1.467227488756179810e-01,2.915334105491638184e-01,1.689166873693466187e-01,1.190556883811950684e-01,-8.341187238693237305e-02,-3.310286672785878181e-03,-3.101054206490516663e-02,3.968674540519714355e-01,1.412681192159652710e-01,3.393788039684295654e-01,2.142773419618606567e-01,1.248711422085762024e-01,1.403243392705917358e-01,1.654435843229293823e-01,-1.064931135624647141e-02,2.142217755317687988e-01,1.994969248771667480e-01,-8.721815422177314758e-03,7.064722478389739990e-02,1.021535396575927734e-01,1.869759857654571533e-01,4.700691497419029474e-04,-1.066066771745681763e-01,-2.176850102841854095e-02,-1.008293926715850830e-01,-2.985038980841636658e-02,-1.093902364373207092e-01,1.364514976739883423e-01,-1.812781393527984619e-02,4.373306408524513245e-02,1.743678376078605652e-02,-1.098489039577543736e-03,-4.793633893132209778e-02,-9.721251577138900757e-02,-6.026296690106391907e-02,1.207214370369911194e-01,1.864130347967147827e-01,2.766895294189453125e-01,1.763208359479904175e-01,2.257767766714096069e-01,1.275015175342559814e-01,1.414969563484191895e-01,1.313782632350921631e-01,2.475898414850234985e-01,2.365889959037303925e-02,1.242720782756805420e-01,2.198277972638607025e-02,1.807043105363845825e-01,1.657259762287139893e-01,1.386866271495819092e-01,2.281258404254913330e-01,3.034850955009460449e-01,1.302419155836105347e-01,3.151430487632751465e-01,7.298523187637329102e-02,3.674099743366241455e-01,2.554005682468414307e-01,2.250895798206329346e-01,2.453853040933609009e-01,4.003834724426269531e-01,1.839645653963088989e-01,2.647264003753662109e-01,-1.820109970867633820e-02,3.055525124073028564e-01,3.345996513962745667e-02,9.092739969491958618e-02,-1.729973256587982178e-01,3.755935132503509521e-01,1.379448175430297852e-01,7.094524055719375610e-02,-7.497567683458328247e-02,2.654459476470947266e-01,1.633574962615966797e-01,8.670794963836669922e-02,-4.249444231390953064e-02,3.918564878404140472e-03,-3.445343673229217529e-02,-1.043319702148437500e-01,-2.144689410924911499e-01,3.592312633991241455e-01,2.476346045732498169e-01,3.151864707469940186e-01,1.712904125452041626e-01,-3.997212648391723633e-02,3.243273869156837463e-02,-1.179770603775978088e-01,1.708766669034957886e-01,-5.756115913391113281e-02,1.198308393359184265e-01,1.276836264878511429e-02,1.200456079095602036e-02,-5.808449164032936096e-02,-5.188629776239395142e-02,3.530671074986457825e-02,-6.104731559753417969e-02
