1.000000000000000000e+00,3.819620907306671143e-01,3.385356664657592773e-01,3.038475811481475830e-01,1.261872798204421997e-01,2.501774430274963379e-01,2.839622199535369873e-01,1.902842074632644653e-01,6.082653999328613281e-02,7.792631536722183228e-02,4.890846908092498779e-01,2.868183255195617676e-01,3.111429214477539062e-01,1.003657504916191101e-01,2.051361650228500366e-01,1.871834248304367065e-01,1.325545907020568848e-01,2.221943624317646027e-02,5.847648978233337402e-01,3.608199656009674072e-01,3.102205321192741394e-02,2.013333141803741455e-01,-6.358227226883172989e-03,7.493607699871063232e-02,-6.477120518684387207e-02,1.311913784593343735e-02,1.741919070482254028e-01,2.135890722274780273e-01,7.930178195238113403e-02,-7.178380340337753296e-02,-2.524965256452560425e-02,6.494327634572982788e-02,2.519000470638275146e-01,2.258356213569641113e-01,1.776285618543624878e-01,1.180668696761131287e-01,-2.757417224347591400e-02,-1.751839518547058105e-01,2.040169388055801392e-01,-9.046628326177597046e-02,-1.619404181838035583e-02,-8.068285137414932251e-02,-8.783281594514846802e-02,-1.504621375352144241e-02,3.522806242108345032e-02,-7.087448984384536743e-02,-6.803315132856369019e-03,-1.017621010541915894e-01,2.684240937232971191e-01,3.341688215732574463e-02,3.162028789520263672e-01,8.511730283498764038e-02,-1.946974173188209534e-02,-1.204348728060722351e-01,2.852140925824642181e-02,-7.475885003805160522e-02,4.452476501464843750e-01,2.787309288978576660e-01,4.073332250118255615e-01,4.209695160388946533e-01,4.112590551376342773e-01,4.355475306510925293e-01,2.312501370906829834e-01,1.250146776437759399e-01,2.526658773422241211e-01,3.020208477973937988e-01,2.949965000152587891e-01,-1.826511323451995850e-02,2.710526883602142334e-01,2.287961728870868683e-02,-1.309018135070800781e-01,-1.198735609650611877e-01,1.072833538055419922e-01,9.780295193195343018e-02,3.124459832906723022e-02,1.174492314457893372e-01,7.312521338462829590e-02,1.982071101665496826e-01,1.241444647312164307e-01,-1.139592658728361130e-02,-7.199787348508834839e-02,-1.016027480363845825e-01,-3.671634942293167114e-02,-1.242585778236389160e-01,1.880301535129547119e-01,-2.200898341834545135e-02,4.068028554320335388e-02,-8.004936575889587402e-02,-1.174354404211044312e-01,-1.255324333906173706e-01,-4.902414083480834961e-01,-3.656505346298217773e-01,-3.509701192378997803e-01,-3.461590707302093506e-01,-3.027341365814208984e-01,-1.925441622734069824e-01,-5.793036147952079773e-02,-8.081775903701782227e-02,1.953619532287120819e-02,-2.463220655918121338e-01,-1.336792707443237305e-01,-6.782525777816772461e-02,-2.382108941674232483e-03,-1.178200393915176392e-01,1.136187911033630371e-01,2.117264270782470703e-02,-1.878443062305450439e-01,-1.854899227619171143e-01,-1.362178772687911987e-01,-3.323113620281219482e-01,-1.807026565074920654e-01,-2.355833649635314941e-01,-1.224900707602500916e-01,-2.434032969176769257e-02,7.584261149168014526e-02,1.209976598620414734e-01
3.819620907306671143e-01,1.000000000000000000e+00,-2.520809471607208252e-01,1.753339767456054688e-01,-1.529125571250915527e-01,1.324097663164138794e-01,1.184210106730461121e-01,5.147499442100524902e-01,-1.010149866342544556e-01,5.407827347517013550e-02,2.732212841510772705e-01,5.973796248435974121e-01,2.601239681243896484e-01,4.129890799522399902e-01,-7.579357177019119263e-02,-1.089948136359453201e-02,1.330138146877288818e-01,2.959074676036834717e-01,1.512462198734283447e-01,3.218037188053131104e-01,-3.137738257646560669e-02,-2.391892857849597931e-02,-3.308340907096862793e-01,-9.082993865013122559e-02,-3.138908147811889648e-01,-2.072375267744064331e-01,-1.657361835241317749e-01,-1.604218035936355591e-01,1.868727654218673706e-01,1.208503171801567078e-01,-1.127117797732353210e-01,-3.111358173191547394e-02,2.323173433542251587e-01,1.998745948076248169e-01,-9.394171647727489471e-03,9.207572788000106812e-02,1.375031769275665283e-01,-1.789460889995098114e-02,1.364783793687820435e-01,-1.314624119549989700e-02,2.396836876869201660e-02,-4.915823042392730713e-02,8.797288686037063599e-02,2.548156678676605225e-01,1.822939515113830566e-01,4.082343280315399170e-01,1.775548160076141357e-01,1.353646665811538696e-01,5.026876330375671387e-01,4.884776175022125244e-01,1.979811638593673706e-01,2.745035886764526367e-01,1.117375940084457397e-01,7.349604368209838867e-02,3.001065738499164581e-02,5.520475655794143677e-02,5.010639429092407227e-01,4.515786767005920410e-01,5.739292502403259277e-01,6.011354327201843262e-01,4.383268654346466064e-01,4.739936888217926025e-01,4.410010874271392822e-01,4.485759139060974121e-01,1.946029663085937500e-01,4.077159166336059570e-01,4.280757606029510498e-01,4.404981136322021484e-01,4.321290850639343262e-01,2.973417043685913086e-01,2.874771691858768463e-02,5.733505263924598694e-02,1.527860760688781738e-01,1.769606620073318481e-01,6.685870885848999023e-02,8.109295368194580078e-02,1.046951338648796082e-01,1.905592679977416992e-01,2.877959311008453369e-01,1.764962375164031982e-01,1.860679239034652710e-01,1.594332754611968994e-01,-5.808923766016960144e-02,-4.672160372138023376e-02,2.814570441842079163e-02,-5.972055718302726746e-03,6.923155859112739563e-03,-1.000461075454950333e-02,-1.185948997735977173e-01,3.681398928165435791e-02,-2.045278847217559814e-01,-5.224030837416648865e-02,-2.601160109043121338e-01,-3.006613850593566895e-01,-1.372575163841247559e-01,-7.541601359844207764e-02,4.138956218957901001e-02,1.107461377978324890e-01,1.972027570009231567e-01,9.529811888933181763e-02,-2.260394394397735596e-02,-7.267064601182937622e-02,6.866265833377838135e-02,-7.938823848962783813e-02,9.386111050844192505e-02,1.598525606095790863e-02,7.716786116361618042e-02,1.443248335272073746e-02,5.698231607675552368e-02,-1.050766855478286743e-01,-1.304998099803924561e-01,-1.947516202926635742e-01,-2.000494487583637238e-02,4.074410349130630493e-02,1.851424723863601685e-01,2.613627612590789795e-01
3.385356664657592773e-01,-2.520809471607208252e-01,1.000000000000000000e+00,4.084508419036865234e-01,3.023053705692291260e-01,9.462679922580718994e-02,3.549675941467285156e-01,-1.811657994985580444e-01,1.601537615060806274e-01,7.620655000209808350e-02,1.589736193418502808e-01,-1.033351570367813110e-01,1.726148184388875961e-03,-1.127568110823631287e-01,3.259831368923187256e-01,2.762338221073150635e-01,-1.542965229600667953e-02,-1.908919662237167358e-01,4.410718679428100586e-01,6.533657759428024292e-02,9.622772037982940674e-02,2.538089156150817871e-01,6.398015618324279785e-01,5.089265704154968262e-01,4.373727142810821533e-01,4.480963945388793945e-01,4.277569353580474854e-01,4.194380939006805420e-01,-7.660716772079467773e-02,-1.787970960140228271e-01,2.942898273468017578e-01,3.621667325496673584e-01,1.318463981151580811e-01,1.761829853057861328e-01,2.273562401533126831e-01,3.287338837981224060e-02,-9.291330724954605103e-02,-8.624452352523803711e-02,1.942872069776058197e-02,-7.481972128152847290e-02,-6.875254958868026733e-02,5.514584109187126160e-02,-3.612781688570976257e-02,-1.342938989400863647e-01,-2.384388260543346405e-02,-3.168981969356536865e-01,-1.150192469358444214e-01,-1.892314106225967407e-01,-1.608826667070388794e-01,-3.272813856601715088e-01,2.715339958667755127e-01,-3.171522403135895729e-03,-1.262922585010528564e-01,-2.294650971889495850e-01,-9.917549043893814087e-02,-1.473036557435989380e-01,-5.421369895339012146e-02,-8.354516327381134033e-02,-1.294177919626235962e-01,-1.077671051025390625e-01,-1.046972814947366714e-02,1.455960236489772797e-02,-1.804486215114593506e-01,-2.881461977958679199e-01,3.957030549645423889e-02,-5.918164551258087158e-02,-7.052221894264221191e-02,-3.800750672817230225e-01,-1.226636990904808044e-01,-3.033115863800048828e-01,1.434891857206821442e-02,-3.780598193407058716e-02,4.673165082931518555e-02,-1.779577881097793579e-02,5.904832854866981506e-02,5.063992366194725037e-02,-9.447879344224929810e-02,-3.201003884896636009e-03,-9.813506901264190674e-02,-1.966429501771926880e-01,-2.437176704406738281e-01,-1.952131092548370361e-01,1.272203284315764904e-03,-1.236539632081985474e-01,2.518946230411529541e-01,8.945340663194656372e-02,1.351657509803771973e-01,1.813789457082748413e-02,4.303272068500518799e-02,-1.014204770326614380e-01,-3.324756920337677002e-01,-3.310069739818572998e-01,-1.597585529088973999e-01,-1.390790492296218872e-01,-1.368852108716964722e-01,-5.715639889240264893e-02,-4.549871012568473816e-02,-2.264436483383178711e-01,-1.093815714120864868e-01,-3.523279726505279541e-01,-1.410519629716873169e-01,-1.208857353776693344e-02,-7.171315699815750122e-02,-4.794234409928321838e-02,7.771530747413635254e-02,4.450888931751251221e-02,-1.889205873012542725e-01,-4.764236509799957275e-02,-7.882412523031234741e-02,-2.293242067098617554e-01,-3.620574623346328735e-02,-1.075919792056083679e-01,-1.746101677417755127e-01,-8.583603054285049438e-02,-7.396373152732849121e-02,-6.657568365335464478e-02
3.038475811481475830e-01,1.753339767456054688e-01,4.084508419036865234e-01,1.000000000000000000e+00,1.737899482250213623e-01,1.809370219707489014e-01,3.858948945999145508e-01,3.386545479297637939e-01,1.848686486482620239e-01,1.880474686622619629e-01,1.567669659852981567e-01,2.392317354679107666e-01,1.172384098172187805e-01,8.507977426052093506e-02,3.099015951156616211e-01,3.019336760044097900e-01,-2.461054734885692596e-02,-8.207045495510101318e-02,3.035137951374053955e-01,1.997379958629608154e-01,1.934507042169570923e-01,2.017797380685806274e-01,3.648554682731628418e-01,5.642996430397033691e-01,1.910562068223953247e-01,3.723609149456024170e-01,2.793295681476593018e-01,3.241937458515167236e-01,4.409582912921905518e-02,-6.832751631736755371e-02,2.457954585552215576e-01,3.639619648456573486e-01,2.614887356758117676e-01,2.500485479831695557e-01,2.594652771949768066e-01,6.408257782459259033e-02,2.594761364161968231e-02,-4.229942336678504944e-02,6.581724435091018677e-02,-6.406977027654647827e-02,-9.337128698825836182e-02,-1.622897759079933167e-02,-4.921421408653259277e-02,3.115922212600708008e-02,5.195664614439010620e-02,4.234123975038528442e-02,-3.436847403645515442e-02,-5.562395602464675903e-02,3.594791144132614136e-02,-5.425060633569955826e-03,3.479945957660675049e-01,2.223535329103469849e-01,-7.915081083774566650e-02,-1.473652720451354980e-01,-3.012858517467975616e-02,-5.241225287318229675e-02,3.338398784399032593e-02,1.908963546156883240e-02,4.550336860120296478e-03,6.207759305834770203e-02,6.315679848194122314e-02,1.498216539621353149e-01,-7.572681456804275513e-02,-1.738022416830062866e-01,8.041265606880187988e-02,2.716807425022125244e-01,3.201016783714294434e-02,-4.869740456342697144e-02,-2.698276750743389130e-02,-1.247709542512893677e-01,-9.429690986871719360e-02,-6.813692301511764526e-02,1.046850010752677917e-01,3.547859936952590942e-02,1.115429475903511047e-01,1.119211912155151367e-01,2.389011345803737640e-02,1.460323184728622437e-01,2.235628478229045868e-02,-1.594844609498977661e-01,-1.611651778221130371e-01,-7.458198070526123047e-02,-3.745620371773838997e-03,-1.477345228195190430e-01,2.300315946340560913e-01,2.530324757099151611e-01,9.039788693189620972e-02,6.833425909280776978e-02,5.272900685667991638e-02,5.041885748505592346e-02,-3.526070117950439453e-01,-3.859563469886779785e-01,-2.548102736473083496e-01,-2.925599515438079834e-01,-1.490417718887329102e-01,-9.776045382022857666e-02,1.174731459468603134e-02,-1.292474865913391113e-01,-7.318703830242156982e-02,-2.693781256675720215e-01,-1.559639349579811096e-02,4.779612645506858826e-02,2.913025952875614166e-02,1.826423592865467072e-02,1.403526365756988525e-01,1.360962986946105957e-01,-1.186582148075103760e-01,-7.723899185657501221e-02,3.447616845369338989e-02,-1.624267548322677612e-01,-1.108008027076721191e-01,-2.429782748222351074e-01,-2.106598317623138428e-01,-3.715467825531959534e-02,-7.867434620857238770e-02,1.028574164956808090e-02
1.261872798204421997e-01,-1.529125571250915527e-01,3.023053705692291260e-01,1.737899482250213623e-01,1.000000000000000000e+00,5.523729920387268066e-01,-3.190790116786956787e-02,-2.136106640100479126e-01,5.717006921768188477e-01,4.781438410282135010e-01,-3.083098120987415314e-02,-1.832723319530487061e-01,-7.766216993331909180e-02,-9.851523488759994507e-02,3.973662555217742920e-01,4.698186516761779785e-01,5.561905726790428162e-02,-1.632261127233505249e-01,1.348746567964553833e-01,-3.668003156781196594e-02,2.662042677402496338e-01,2.884562015533447266e-01,2.899089753627777100e-01,1.949531286954879761e-01,3.439512252807617188e-01,3.610707819461822510e-01,5.266431570053100586e-01,4.106532335281372070e-01,-3.212672472000122070e-02,-1.115150079131126404e-01,1.305220574140548706e-01,1.417727023363113403e-01,2.950391732156276703e-02,3.197390958666801453e-02,1.130124852061271667e-01,-1.120428144931793213e-01,-1.484804004430770874e-01,-6.330550462007522583e-02,1.822604425251483917e-02,9.306737780570983887e-02,-5.955103412270545959e-02,6.495828926563262939e-02,-1.707789860665798187e-02,-3.275697678327560425e-02,2.052388153970241547e-02,-8.574429899454116821e-02,-6.029748171567916870e-02,-1.007574647665023804e-01,-9.191206097602844238e-02,-1.157959550619125366e-01,1.634035408496856689e-01,4.497057199478149414e-02,-5.567110702395439148e-02,6.680023670196533203e-02,2.503712177276611328e-01,1.026435270905494690e-01,-1.261073909699916840e-02,-1.408600481227040291e-03,-8.213722705841064453e-02,-4.050663858652114868e-02,3.081359900534152985e-02,4.580525308847427368e-02,-7.242757827043533325e-02,-1.227692142128944397e-01,5.629757419228553772e-02,-6.299670785665512085e-02,-8.048309385776519775e-02,-1.540204733610153198e-01,-1.523730754852294922e-01,-8.707794547080993652e-02,3.350251819938421249e-03,3.288194071501493454e-03,3.645002096891403198e-02,-1.872013323009014130e-02,6.715618073940277100e-02,-2.673413231968879700e-02,-7.963901013135910034e-02,4.719935823231935501e-03,-3.778053820133209229e-02,-9.996456652879714966e-02,-1.251934766769409180e-01,-8.524445444345474243e-02,-7.041859626770019531e-02,-1.908475719392299652e-02,1.490782201290130615e-01,7.792255282402038574e-02,2.517088055610656738e-01,1.247646212577819824e-01,1.893079578876495361e-01,1.702790707349777222e-01,-1.865618228912353516e-01,-1.935484409332275391e-01,-4.622559621930122375e-02,-4.558926075696945190e-02,-5.977405980229377747e-02,1.578492484986782074e-02,-1.919959299266338348e-02,-1.353514567017555237e-02,-1.614424735307693481e-01,-5.425167735666036606e-03,-7.573023438453674316e-02,6.711770780384540558e-03,-5.593029037117958069e-02,2.159847691655158997e-02,7.329338043928146362e-02,3.831509128212928772e-02,-1.417801063507795334e-02,-1.341068595647811890e-01,-7.012286782264709473e-02,-6.285903602838516235e-02,1.056929677724838257e-01,3.341147303581237793e-02,8.462935686111450195e-03,-1.002386808395385742e-01,-1.708589047193527222e-01,1.713448390364646912e-02
2.501774430274963379e-01,1.324097663164138794e-01,9.462679922580718994e-02,1.809370219707489014e-01,5.523729920387268066e-01,1.000000000000000000e+00,-8.954892307519912720e-02,-5.138568580150604248e-02,4.504568874835968018e-01,5.779083371162414551e-01,4.342625290155410767e-02,-2.812768798321485519e-04,-2.171370200812816620e-02,-1.931075751781463623e-02,2.928685843944549561e-01,5.162007808685302734e-01,6.373842060565948486e-02,-5.622798576951026917e-02,2.182814478874206543e-01,2.391583770513534546e-01,2.584545314311981201e-01,2.795335650444030762e-01,-7.029913365840911865e-03,5.210212990641593933e-02,1.155068501830101013e-01,1.799767315387725830e-01,3.850898444652557373e-01,3.715386688709259033e-01,-1.588912308216094971e-02,-2.543361857533454895e-03,1.858431473374366760e-02,4.971215873956680298e-02,1.284204572439193726e-01,1.267942637205123901e-01,8.233755826950073242e-02,-2.385205589234828949e-02,-6.482737511396408081e-02,-8.697549998760223389e-02,1.001628339290618896e-01,1.697473786771297455e-02,-7.536286953836679459e-03,5.196295678615570068e-02,-3.508691489696502686e-02,-9.894855320453643799e-03,2.135809324681758881e-02,-8.882010355591773987e-03,2.949415519833564758e-02,-1.037678569555282593e-01,5.231058225035667419e-03,-5.736666545271873474e-02,1.656872183084487915e-01,1.465862151235342026e-02,-2.715772949159145355e-02,8.815014362335205078e-02,2.692899405956268311e-01,1.999587379395961761e-02,2.116642296314239502e-01,1.855837106704711914e-01,1.316457539796829224e-01,1.883482336997985840e-01,2.058243602514266968e-01,2.656531035900115967e-01,8.593767136335372925e-02,1.267511514015495777e-03,1.260021179914474487e-01,2.659268677234649658e-02,3.797143697738647461e-02,-2.909060008823871613e-02,3.109996579587459564e-02,5.921785160899162292e-02,-3.221308067440986633e-02,2.101850882172584534e-02,-5.639306083321571350e-02,-3.951547667384147644e-03,-2.850745804607868195e-02,4.569493234157562256e-02,-3.523913398385047913e-02,5.241169780492782593e-02,6.644417345523834229e-02,-5.544822290539741516e-02,-2.559166960418224335e-02,3.626656485721468925e-03,-8.040314167737960815e-02,2.543297968804836273e-02,1.347646862268447876e-01,-2.095603756606578827e-02,2.032303065061569214e-01,-2.245859475806355476e-03,1.414915430359542370e-03,9.716346114873886108e-02,-2.475466579198837280e-01,-1.612024158239364624e-01,-4.796800762414932251e-02,-8.138649165630340576e-02,-4.316356498748064041e-03,3.067536465823650360e-02,1.326598823070526123e-01,5.160698667168617249e-02,-4.395183548331260681e-02,1.336438674479722977e-02,-2.077247761189937592e-02,4.902540147304534912e-02,4.778860136866569519e-02,3.917021304368972778e-02,1.359702944755554199e-01,1.000015735626220703e-01,1.505603548139333725e-03,-1.357125788927078247e-01,-4.021991044282913208e-02,-2.295225113630294800e-02,1.083407029509544373e-01,2.715461142361164093e-02,9.932600706815719604e-02,-6.781622022390365601e-02,-9.123314917087554932e-02,8.931212127208709717e-02
2.839622199535369873e-01,1.184210106730461121e-01,3.549675941467285156e-01,3.858948945999145508e-01,-3.190790116786956787e-02,-8.954892307519912720e-02,1.000000000000000000e+00,3.859377205371856689e-01,7.428670674562454224e-02,3.218849003314971924e-02,3.165745437145233154e-01,2.410483807325363159e-01,4.255104959011077881e-01,2.434114664793014526e-01,2.677015364170074463e-01,1.101049222052097321e-02,1.166703104972839355e-01,1.105040162801742554e-01,2.111922800540924072e-01,2.904970943927764893e-02,-1.832415722310543060e-02,4.856915399432182312e-02,2.706890404224395752e-01,2.591106891632080078e-01,5.296634137630462646e-02,8.069762587547302246e-02,6.939012557268142700e-02,3.072616085410118103e-02,1.793721169233322144e-01,5.460694432258605957e-02,2.389732003211975098e-01,2.619683742523193359e-01,3.063101768493652344e-01,2.616553604602813721e-01,3.170688450336456299e-02,5.941508710384368896e-02,-3.398743644356727600e-02,-1.570270657539367676e-01,3.549235872924327850e-03,-9.017395973205566406e-02,4.381524026393890381e-02,-3.756245970726013184e-02,-2.492131479084491730e-02,5.824585258960723877e-02,3.554115071892738342e-02,-5.222741514444351196e-02,1.127142459154129028e-03,-7.292672246694564819e-02,8.036798238754272461e-02,3.438982181251049042e-03,1.649793535470962524e-01,4.500942770391702652e-03,-1.809382066130638123e-02,-1.073155552148818970e-01,-9.389389306306838989e-02,-1.153549402952194214e-01,8.842686563730239868e-02,3.506168350577354431e-02,1.065898686647415161e-01,4.448617994785308838e-02,1.205076500773429871e-01,1.315578669309616089e-01,1.130420640110969543e-01,4.850405827164649963e-02,2.076077908277511597e-01,1.617179661989212036e-01,5.392459407448768616e-02,-1.593457460403442383e-01,1.446226537227630615e-01,-7.372130453586578369e-02,3.976168110966682434e-02,4.031815566122531891e-03,1.372013688087463379e-01,9.707684069871902466e-02,1.669565141201019287e-01,1.959033869206905365e-02,-1.035817526280879974e-02,9.359674900770187378e-02,4.659235477447509766e-02,5.911864712834358215e-02,-1.471168734133243561e-02,-1.545276958495378494e-02,-4.049964249134063721e-02,-1.705430746078491211e-01,8.149503171443939209e-02,1.982063241302967072e-02,4.896929115056991577e-02,5.323338136076927185e-02,1.093150000087916851e-03,-1.014999821782112122e-01,-2.179866135120391846e-01,-3.019254803657531738e-01,-3.100932836532592773e-01,-3.240721821784973145e-01,-1.440145820379257202e-01,-7.818610966205596924e-02,-1.791584342718124390e-01,-2.084366083145141602e-01,-3.433627076447010040e-03,-2.494695484638214111e-01,-6.093091145157814026e-02,-1.052427887916564941e-01,-1.413858681917190552e-02,-1.042418852448463440e-01,-6.898066028952598572e-03,-1.349397096782922745e-02,1.171341259032487869e-02,6.180519610643386841e-02,8.955457806587219238e-02,-2.132798135280609131e-01,-2.077932953834533691e-01,-2.160906791687011719e-01,-1.899961680173873901e-01,-1.046095415949821472e-01,4.451830172911286354e-04,3.421651944518089294e-02
1.902842074632644653e-01,5.147499442100524902e-01,-1.811657994985580444e-01,3.386545479297637939e-01,-2.136106640100479126e-01,-5.138568580150604248e-02,3.859377205371856689e-01,1.000000000000000000e+00,-1.359695009887218475e-02,4.691834747791290283e-02,2.326993346214294434e-01,5.579013228416442871e-01,4.279750883579254150e-01,4.839219152927398682e-01,1.080850511789321899e-01,-5.138542130589485168e-02,7.339356094598770142e-02,2.476572543382644653e-01,8.779256790876388550e-02,1.949817985296249390e-01,-1.482864189893007278e-02,-8.377677947282791138e-02,-1.580986380577087402e-01,-2.341352030634880066e-02,-3.473116755485534668e-01,-2.188358306884765625e-01,-1.801754981279373169e-01,-1.448161303997039795e-01,2.621825039386749268e-01,2.008030414581298828e-01,6.673900038003921509e-02,1.130588352680206299e-01,3.027533292770385742e-01,2.669133543968200684e-01,-3.095791861414909363e-02,9.835610538721084595e-02,1.184935793280601501e-01,5.383234471082687378e-03,5.716500058770179749e-02,-5.954525992274284363e-02,-1.677281036972999573e-02,-9.583453088998794556e-02,-1.782434433698654175e-02,1.961298286914825439e-01,5.393987894058227539e-02,2.665168642997741699e-01,5.535321682691574097e-02,8.538217842578887939e-02,3.018198609352111816e-01,3.384226262569427490e-01,1.180082410573959351e-01,1.098756268620491028e-01,4.797103255987167358e-02,6.778802722692489624e-02,6.091583520174026489e-03,1.693975878879427910e-03,1.894868612289428711e-01,2.066558748483657837e-01,2.866890430450439453e-01,3.324452638626098633e-01,2.240291237831115723e-01,2.860451936721801758e-01,2.269455045461654663e-01,2.650583982467651367e-01,2.860554456710815430e-01,3.913832306861877441e-01,1.568266898393630981e-01,2.433546185493469238e-01,2.106856405735015869e-01,1.657548099756240845e-01,-8.962161839008331299e-03,8.595479652285575867e-03,9.392841905355453491e-02,1.513933986425399780e-01,1.126572638750076294e-01,5.996657907962799072e-02,8.737208694219589233e-02,1.308399885892868042e-01,1.485512107610702515e-01,1.501939296722412109e-01,7.438489049673080444e-02,9.760969877243041992e-02,-3.865254670381546021e-02,-1.502047479152679443e-01,-1.042999923229217529e-01,3.898943588137626648e-02,-5.123814940452575684e-02,-8.758696727454662323e-03,-3.411048278212547302e-02,5.026613548398017883e-02,-7.675398886203765869e-02,-9.716407209634780884e-02,-2.194395959377288818e-01,-2.521937787532806396e-01,-2.333617210388183594e-02,-2.236976474523544312e-02,-3.066409938037395477e-02,1.881302893161773682e-02,1.049721911549568176e-01,2.888593822717666626e-02,1.002997085452079773e-01,-1.191776152700185776e-02,8.951619267463684082e-02,-9.915934875607490540e-03,6.992647051811218262e-02,5.232277140021324158e-02,1.168684363365173340e-01,6.132908910512924194e-02,1.045015528798103333e-01,-4.584692046046257019e-02,-1.638650298118591309e-01,-1.898244917392730713e-01,-4.396727681159973145e-02,1.009780466556549072e-01,1.322613805532455444e-01,1.604416370391845703e-01
6.082653999328613281e-02,-1.010149866342544556e-01,1.601537615060806274e-01,1.848686486482620239e-01,5.717006921768188477e-01,4.504568874835968018e-01,7.428670674562454224e-02,-1.359695009887218475e-02,1.000000000000000000e+00,5.353006720542907715e-01,-2.657034248113632202e-02,-8.480537682771682739e-02,2.898930199444293976e-02,-2.634925395250320435e-02,4.052276015281677246e-01,3.380901813507080078e-01,-1.560003403574228287e-02,-1.392302513122558594e-01,1.420659422874450684e-01,8.619338274002075195e-03,1.261863559484481812e-01,1.765700876712799072e-01,1.499655246734619141e-01,7.602949440479278564e-02,1.488555967807769775e-01,2.204579114913940430e-01,3.389769196510314941e-01,3.039642870426177979e-01,-8.583975583314895630e-02,-4.929393157362937927e-02,3.384644910693168640e-02,4.804869368672370911e-02,1.631167232990264893e-01,8.546109497547149658e-02,5.025703832507133484e-02,-8.926534652709960938e-02,-9.643772989511489868e-02,-9.155344218015670776e-02,-5.326051265001296997e-02,-5.886879563331604004e-02,-1.240415684878826141e-02,-8.757338859140872955e-03,-1.348059028387069702e-01,-2.776559814810752869e-02,-5.419505015015602112e-02,-1.047516018152236938e-01,-7.664147019386291504e-02,-1.577726155519485474e-01,-1.124752312898635864e-01,-1.026461571455001831e-01,9.871456027030944824e-02,-8.075372874736785889e-02,-5.389355495572090149e-02,8.002620935440063477e-02,1.093883812427520752e-01,-1.404708903282880783e-02,-5.135330930352210999e-02,-4.842263087630271912e-02,-9.211254119873046875e-02,-6.722102314233779907e-02,3.990285098552703857e-02,8.787604980170726776e-03,-3.611634299159049988e-02,-1.116217523813247681e-01,1.851151585578918457e-01,-8.361012674868106842e-03,-1.479363739490509033e-01,-1.554972827434539795e-01,-1.394686549901962280e-01,-1.098305135965347290e-01,-2.301309257745742798e-02,-3.394236043095588684e-02,-7.077164202928543091e-02,-8.184288628399372101e-03,-6.907268892973661423e-03,-2.015858422964811325e-03,-9.358908981084823608e-02,-9.021252393722534180e-02,-9.033330529928207397e-02,-1.130936816334724426e-01,-1.316794306039810181e-01,-1.108206138014793396e-01,-5.582894757390022278e-02,-7.690031081438064575e-02,3.925401344895362854e-02,-2.140018530189990997e-02,1.039629578590393066e-01,-1.684938371181488037e-02,1.964648254215717316e-02,-5.335908848792314529e-03,-1.755614727735519409e-01,-1.703953444957733154e-01,-6.191485002636909485e-02,-5.836789309978485107e-02,-4.031737521290779114e-02,3.782547719310969114e-04,-8.491336554288864136e-02,-9.728101640939712524e-02,-8.533726632595062256e-02,-5.642556399106979370e-02,-3.590760752558708191e-02,2.724100649356842041e-02,-1.508105080574750900e-02,2.401652559638023376e-02,4.093946889042854309e-02,2.522092685103416443e-02,-2.927430160343647003e-02,-1.098551601171493530e-01,1.668631471693515778e-02,-4.924276471138000488e-02,-4.756667092442512512e-02,1.130524324253201485e-03,-5.272445455193519592e-02,-1.569468826055526733e-01,-1.824483573436737061e-01,6.133835297077894211e-03
7.792631536722183228e-02,5.407827347517013550e-02,7.620655000209808350e-02,1.880474686622619629e-01,4.781438410282135010e-01,5.779083371162414551e-01,3.218849003314971924e-02,4.691834747791290283e-02,5.353006720542907715e-01,1.000000000000000000e+00,-3.212140873074531555e-02,4.130686074495315552e-02,3.566503152251243591e-02,7.681874930858612061e-02,3.362091481685638428e-01,5.022421479225158691e-01,3.198063373565673828e-02,-8.917076885700225830e-02,1.164067760109901428e-01,1.350537389516830444e-01,1.855174899101257324e-01,1.618813127279281616e-01,5.068099871277809143e-02,6.050977855920791626e-02,8.223229646682739258e-02,1.345562338829040527e-01,2.900616824626922607e-01,3.089983165264129639e-01,6.749770790338516235e-02,6.540853064507246017e-03,4.698739945888519287e-02,7.053804397583007812e-02,1.011258363723754883e-01,8.805782347917556763e-02,5.625818856060504913e-03,-6.952179968357086182e-02,1.564669609069824219e-02,-1.131929755210876465e-01,-4.708758089691400528e-03,9.214840084314346313e-02,4.760271683335304260e-02,-1.496755611151456833e-02,-6.393682956695556641e-02,-9.645543061196804047e-03,-4.269879683852195740e-02,-5.854259710758924484e-03,-1.196309924125671387e-02,-9.624906629323959351e-02,-7.088509947061538696e-02,-5.868007242679595947e-02,7.763639837503433228e-02,1.982991769909858704e-02,-1.443811058998107910e-01,1.618711799383163452e-01,1.202597171068191528e-01,7.284885644912719727e-02,1.692848466336727142e-02,4.281694069504737854e-02,-3.803831338882446289e-02,-1.856645196676254272e-02,3.358114510774612427e-02,1.223079562187194824e-01,-1.850865408778190613e-02,-4.874620214104652405e-02,1.373046636581420898e-01,5.512117221951484680e-02,-7.856570929288864136e-02,-8.162552863359451294e-02,-7.186806946992874146e-02,-1.134685613214969635e-02,2.572895213961601257e-02,2.339651808142662048e-02,3.352671861648559570e-02,2.499396167695522308e-02,1.047097817063331604e-01,7.362392544746398926e-02,6.048510223627090454e-02,9.742944687604904175e-02,2.163480594754219055e-02,-2.319291001185774803e-03,-1.011381670832633972e-02,-2.198913833126425743e-03,-3.616092959418892860e-03,4.027679935097694397e-02,6.346201896667480469e-02,6.270807236433029175e-02,1.765988171100616455e-01,1.389115154743194580e-01,6.690021138638257980e-03,1.275259256362915039e-01,-1.394842267036437988e-01,-9.269056469202041626e-02,-6.976089626550674438e-02,-3.369859233498573303e-02,-6.527108605951070786e-03,3.764539211988449097e-02,2.381369099020957947e-02,-3.218638151884078979e-02,-1.118749529123306274e-01,-1.443981099873781204e-02,-4.949833825230598450e-02,2.455272898077964783e-02,-1.774918660521507263e-02,2.188020572066307068e-02,7.073142379522323608e-02,4.859072342514991760e-02,6.788603216409683228e-02,-7.766410708427429199e-02,-4.167028237134218216e-04,-1.196628715842962265e-02,-1.467272080481052399e-02,2.271818742156028748e-02,8.289339393377304077e-02,-9.374804049730300903e-02,-9.211705625057220459e-02,7.463452965021133423e-02
4.890846908092498779e-01,2.732212841510772705e-01,1.589736193418502808e-01,1.567669659852981567e-01,-3.083098120987415314e-02,4.342625290155410767e-02,3.165745437145233154e-01,2.326993346214294434e-01,-2.657034248113632202e-02,-3.212140873074531555e-02,1.000000000000000000e+00,3.669251501560211182e-01,5.772463679313659668e-01,3.132897913455963135e-01,2.680188119411468506e-01,4.981582611799240112e-02,3.753601312637329102e-01,1.579552888870239258e-01,2.627989351749420166e-01,8.170352084562182426e-04,-1.129336431622505188e-01,8.155419677495956421e-02,7.629348896443843842e-03,8.726691454648971558e-02,-1.020098328590393066e-01,-4.429744929075241089e-02,3.913469612598419189e-02,1.682122610509395599e-02,2.507440149784088135e-01,2.371562458574771881e-02,5.335561465471982956e-03,7.328531146049499512e-02,1.528310179710388184e-01,1.762067377567291260e-01,1.245025098323822021e-01,8.201901614665985107e-02,4.951251298189163208e-02,-1.455222517251968384e-01,1.059964150190353394e-01,-3.730324096977710724e-04,3.265202417969703674e-02,-5.668845400214195251e-02,1.035071238875389099e-01,1.725853085517883301e-01,1.347470581531524658e-01,8.511768281459808350e-02,9.574097394943237305e-02,9.298369288444519043e-03,3.985708951950073242e-01,1.649361848831176758e-01,2.963593304157257080e-01,1.899050474166870117e-01,1.057814341038465500e-02,-1.608394272625446320e-02,-2.193406224250793457e-02,2.698625437915325165e-03,2.416481822729110718e-01,1.144131794571876526e-01,1.963538229465484619e-01,1.769868433475494385e-01,2.190882414579391479e-01,2.495597004890441895e-01,1.628767102956771851e-01,1.280720680952072144e-01,1.893485933542251587e-01,2.473167628049850464e-01,2.015365362167358398e-01,1.326023135334253311e-02,1.784837990999221802e-01,-6.813493371009826660e-02,-4.747015424072742462e-03,-3.417534753680229187e-03,1.868831217288970947e-01,1.313447654247283936e-01,1.691375076770782471e-01,8.289064466953277588e-02,1.636500060558319092e-01,2.826298177242279053e-01,1.618253588676452637e-01,1.928778588771820068e-01,1.448544487357139587e-02,8.069781213998794556e-02,3.604637458920478821e-02,-6.907333433628082275e-02,1.661797314882278442e-01,9.605658054351806641e-02,1.565249450504779816e-02,4.217126592993736267e-02,-1.083323732018470764e-03,-4.605551809072494507e-02,-2.459385842084884644e-01,-2.071555852890014648e-01,-3.025488555431365967e-01,-2.974321544170379639e-01,-2.085073888301849365e-01,-9.017124027013778687e-02,-1.451251059770584106e-01,-9.548857808113098145e-03,6.313179433345794678e-02,-5.645459517836570740e-02,-9.771512448787689209e-02,-8.925818651914596558e-02,-1.001270394772291183e-02,-1.372805386781692505e-01,-9.795743040740489960e-03,-6.329905986785888672e-02,-4.047305136919021606e-02,-9.668640047311782837e-02,-7.257775403559207916e-03,-2.021606564521789551e-01,-8.983643352985382080e-02,-1.763777732849121094e-01,-1.429248601198196411e-01,1.938726007938385010e-02,9.830272942781448364e-02,9.471283107995986938e-02
2.868183255195617676e-01,5.973796248435974121e-01,-1.033351570367813110e-01,2.392317354679107666e-01,-1.832723319530487061e-01,-2.812768798321485519e-04,2.410483807325363159e-01,5.579013228416442871e-01,-8.480537682771682739e-02,4.130686074495315552e-02,3.669251501560211182e-01,1.000000000000000000e+00,4.268403947353363037e-01,5.730406641960144043e-01,1.039836034178733826e-01,1.704193465411663055e-02,2.782256603240966797e-01,3.704306781291961670e-01,1.640985608100891113e-01,1.853735297918319702e-01,-8.040662109851837158e-02,-2.927956357598304749e-02,-1.366543322801589966e-01,1.338960137218236923e-02,-2.537997663021087646e-01,-1.803882420063018799e-01,-1.516558676958084106e-01,-1.414579153060913086e-01,3.603273332118988037e-01,1.747220456600189209e-01,4.402681440114974976e-02,1.508277654647827148e-01,2.945414781570434570e-01,2.924038171768188477e-01,6.170101463794708252e-02,9.662614017724990845e-02,1.372323930263519287e-01,1.674790494143962860e-02,2.456200309097766876e-02,-1.917779818177223206e-02,-7.332421839237213135e-03,2.487773541361093521e-03,6.587434560060501099e-02,2.462561279535293579e-01,9.400296956300735474e-02,2.830209732055664062e-01,1.474855542182922363e-01,8.558168262243270874e-02,4.135364592075347900e-01,3.698798418045043945e-01,1.880714297294616699e-01,1.761967539787292480e-01,6.198136508464813232e-02,3.540397435426712036e-02,4.881907254457473755e-02,1.163091212511062622e-01,3.749879598617553711e-01,3.408902585506439209e-01,3.674931228160858154e-01,3.875739276409149170e-01,3.369476795196533203e-01,3.467194736003875732e-01,3.386209011077880859e-01,3.207911252975463867e-01,2.586521506309509277e-01,3.254056274890899658e-01,2.391559034585952759e-01,2.155923843383789062e-01,3.589042425155639648e-01,1.724948287010192871e-01,7.908202707767486572e-02,7.069977372884750366e-02,2.428463697433471680e-01,3.004201054573059082e-01,1.951552778482437134e-01,1.541089713573455811e-01,1.352154165506362915e-01,2.210890799760818481e-01,2.832030057907104492e-01,2.643755674362182617e-01,2.043736279010772705e-01,1.970212459564208984e-01,4.494779277592897415e-03,-7.563896477222442627e-02,9.838163852691650391e-02,1.190036237239837646e-01,5.263409391045570374e-02,6.678560376167297363e-02,1.659811707213521004e-03,5.989103019237518311e-02,-2.205213159322738647e-01,-1.327615380287170410e-01,-3.283438682556152344e-01,-2.462201565504074097e-01,-6.461638957262039185e-02,7.858895696699619293e-03,2.589764771983027458e-03,8.377403765916824341e-02,1.302761584520339966e-01,9.070745110511779785e-02,5.545178055763244629e-02,3.345194086432456970e-02,1.231377869844436646e-01,4.022467881441116333e-02,1.550617516040802002e-01,8.416678011417388916e-02,3.441944345831871033e-02,9.286859631538391113e-02,1.728997379541397095e-01,-5.684782937169075012e-02,-1.559760719537734985e-01,-2.244998365640640259e-01,-4.803175106644630432e-02,4.499689489603042603e-02,1.943302601575851440e-01,2.350624501705169678e-01
3.111429214477539062e-01,2.601239681243896484e-01,1.726148184388875961e-03,1.172384098172187805e-01,-7.766216993331909180e-02,-2.171370200812816620e-02,4.255104959011077881e-01,4.279750883579254150e-01,2.898930199444293976e-02,3.566503152251243591e-02,5.772463679313659668e-01,4.268403947353363037e-01,1.000000000000000000e+00,4.600614309310913086e-01,3.683759570121765137e-01,7.708619348704814911e-03,3.097173273563385010e-01,1.817095279693603516e-01,6.136995181441307068e-02,-9.052519500255584717e-02,-8.005938678979873657e-02,-2.579124644398689270e-02,-5.866307765245437622e-02,1.899730786681175232e-02,-1.593846380710601807e-01,-1.620144695043563843e-01,-2.851618081331253052e-02,-4.219342023134231567e-02,3.639694452285766602e-01,1.168271526694297791e-01,8.022322505712509155e-02,1.172737032175064087e-01,2.234056442975997925e-01,2.394630312919616699e-01,2.859390340745449066e-02,5.623755231499671936e-02,5.932400748133659363e-02,-1.531435251235961914e-01,2.717340365052223206e-02,-8.490117266774177551e-03,1.973712071776390076e-02,-6.829385459423065186e-02,-1.125792134553194046e-02,1.331067681312561035e-01,8.702430874109268188e-03,4.052538424730300903e-02,4.690373688936233521e-02,9.370355866849422455e-03,3.689183294773101807e-01,2.123918533325195312e-01,1.664472818374633789e-01,1.161103844642639160e-01,4.412438720464706421e-02,9.246841073036193848e-02,7.232851535081863403e-02,6.718140840530395508e-02,1.750352680683135986e-01,1.385721415281295776e-01,2.135379463434219360e-01,1.658250540494918823e-01,1.953244209289550781e-01,2.652647495269775391e-01,2.300308942794799805e-01,2.483597099781036377e-01,2.816292047500610352e-01,3.016874790191650391e-01,1.395912021398544312e-01,4.775973036885261536e-02,1.684148162603378296e-01,6.607915461063385010e-02,5.798112601041793823e-02,4.114044457674026489e-02,2.379302233457565308e-01,2.109276056289672852e-01,2.237021774053573608e-01,1.116459369659423828e-01,1.993995010852813721e-01,2.501786649227142334e-01,5.106896907091140747e-02,1.917449533939361572e-01,4.871819540858268738e-02,1.035809591412544250e-01,-4.798442125320434570e-02,-1.550526916980743408e-01,5.709078162908554077e-02,6.460529565811157227e-02,9.434726834297180176e-02,2.822245657444000244e-02,1.321908831596374512e-01,3.297124430537223816e-02,-1.075560227036476135e-01,-1.386527717113494873e-01,-2.906532883644104004e-01,-2.488324642181396484e-01,-1.661345660686492920e-01,-7.907485216856002808e-02,-1.470194458961486816e-01,-1.177589874714612961e-02,-2.740853838622570038e-02,-2.609802037477493286e-02,1.856243424117565155e-02,-3.775335103273391724e-02,5.578217282891273499e-02,-4.107884690165519714e-02,5.458239093422889709e-02,-1.390059571713209152e-02,-2.606242708861827850e-02,-5.769914947450160980e-03,1.008059531450271606e-01,-9.065217524766921997e-02,-1.429482102394104004e-01,-2.411357015371322632e-01,-1.281028985977172852e-01,3.289012983441352844e-02,5.851301923394203186e-02,-1.062736101448535919e-02
