1.000000000000000000e+00,3.526392281055450439e-01,-3.353050947189331055e-01,1.601781249046325684e-01,3.318988531827926636e-02,-6.411482393741607666e-02,-4.750479757785797119e-01,6.809591501951217651e-02,-8.776682615280151367e-02,-8.440526574850082397e-02,3.174665272235870361e-01,1.446401476860046387e-01,-4.015183448791503906e-01,4.041614010930061340e-02,-2.014192640781402588e-01,-1.390027347952127457e-03,6.759134531021118164e-01,3.533777594566345215e-01,2.601254582405090332e-01,2.228732109069824219e-01,1.379641741514205933e-01,-1.115511171519756317e-02,-2.034454941749572754e-01,3.990538418292999268e-03,-2.629841119050979614e-02,-1.883670873939990997e-02,-3.135141730308532715e-02,-1.098987236618995667e-01,5.164744257926940918e-01,1.220779418945312500e-01,-1.743177026510238647e-01,-1.778550446033477783e-01,4.900664389133453369e-01,4.455360472202301025e-01,1.998679786920547485e-01,1.828998327255249023e-01,3.472064435482025146e-01,1.594484150409698486e-01,4.828955531120300293e-01,2.605704665184020996e-01,3.868560492992401123e-01,6.516224890947341919e-02,2.028074711561203003e-01,2.348506599664688110e-01,7.061798125505447388e-02,4.438824579119682312e-02,3.604061603546142578e-01,3.253960907459259033e-01,1.958192288875579834e-01,1.079083308577537537e-01,1.890839487314224243e-01,1.143216118216514587e-01,1.298401951789855957e-01,1.622603535652160645e-01,3.873232007026672363e-01,3.442087769508361816e-01,6.376235485076904297e-01,3.803108036518096924e-01,8.158833533525466919e-02,3.006163239479064941e-01,1.701755821704864502e-01,1.732008904218673706e-01,1.664961129426956177e-01,1.997175663709640503e-01,8.402555435895919800e-02,1.941907554864883423e-01,4.044419229030609131e-01,4.037460684776306152e-01,3.400782942771911621e-01,1.671844422817230225e-01,9.435752034187316895e-02,8.551263064146041870e-02,3.800407946109771729e-01,5.794724822044372559e-02,2.712856233119964600e-01,1.764060258865356445e-01,-4.944982826709747314e-01,-3.481523692607879639e-01,6.141126751899719238e-01,2.074114978313446045e-01,5.844257473945617676e-01,3.066920340061187744e-01,6.037653237581253052e-02,-1.458302233368158340e-02,3.386966288089752197e-01,2.201015800237655640e-01,2.507277764379978180e-02,-7.357317209243774414e-02,2.476281821727752686e-01,1.062822341918945312e-01,1.687463074922561646e-01,1.008305624127388000e-01,1.801832020282745361e-01,6.877741962671279907e-02,4.732598364353179932e-01,3.100118339061737061e-01,5.931802988052368164e-01,5.408617258071899414e-01,2.495267093181610107e-01,2.477941513061523438e-01,1.820908486843109131e-01,1.234638765454292297e-01,2.752041220664978027e-01,2.141662687063217163e-01,3.207009732723236084e-01,3.178927898406982422e-01,1.729747951030731201e-01,2.238526940345764160e-01,3.048048019409179688e-01,4.203311204910278320e-01,3.871145248413085938e-01,1.090632900595664978e-01,6.638379395008087158e-02,8.790636062622070312e-02,1.751208305358886719e-01,3.777915835380554199e-01
3.526392281055450439e-01,1.000000000000000000e+00,-6.937623023986816406e-02,2.143363207578659058e-01,-1.118027716875076294e-01,-1.363761071115732193e-02,-1.892189830541610718e-01,2.886674702167510986e-01,-2.110560834407806396e-01,-5.319790914654731750e-02,4.941226914525032043e-02,3.281497359275817871e-01,-2.217828482389450073e-01,2.931413650512695312e-01,-2.040594965219497681e-01,1.770997047424316406e-02,1.809915900230407715e-01,3.225928544998168945e-01,3.682687133550643921e-02,1.488925367593765259e-01,9.240943938493728638e-03,1.713198050856590271e-02,-3.015497140586376190e-02,6.005429476499557495e-02,-8.028917759656906128e-02,-1.836757920682430267e-02,-1.299491338431835175e-02,5.147649347782135010e-02,1.263800859451293945e-01,1.505973488092422485e-01,-5.190540850162506104e-02,-7.164659909904003143e-03,1.902518868446350098e-01,2.399891316890716553e-01,1.891055107116699219e-01,1.913968324661254883e-01,1.190867051482200623e-01,1.985919028520584106e-01,2.141522020101547241e-01,2.718977630138397217e-01,2.448990046977996826e-01,2.336291670799255371e-01,3.971059247851371765e-02,9.277328848838806152e-02,-1.259657181799411774e-02,7.944313436746597290e-02,7.129739969968795776e-02,1.138302981853485107e-01,1.023622527718544006e-01,1.693334579467773438e-01,6.919185817241668701e-02,6.025029718875885010e-02,-5.615588277578353882e-02,3.194385673850774765e-03,6.137483939528465271e-02,2.395597547292709351e-01,2.275098562240600586e-01,5.546081066131591797e-01,2.678011357784271240e-01,3.720493912696838379e-01,1.251458972692489624e-01,3.970928192138671875e-01,2.920276485383510590e-02,4.160073101520538330e-01,8.687218278646469116e-02,3.343236446380615234e-01,3.436295390129089355e-01,3.001251220703125000e-01,4.483645856380462646e-01,3.686966001987457275e-01,-4.566370695829391479e-02,4.618527740240097046e-02,1.770822554826736450e-01,9.216365963220596313e-02,1.533070206642150879e-01,1.378080397844314575e-01,-2.050661444664001465e-01,-1.321590095758438110e-01,2.106637209653854370e-01,1.181619837880134583e-01,7.970879971981048584e-02,3.817950189113616943e-01,-4.032180458307266235e-02,1.849772185087203979e-01,-1.732217520475387573e-02,2.431535571813583374e-01,-9.420731663703918457e-02,9.173952788114547729e-02,-5.061847344040870667e-02,2.444718033075332642e-01,4.792779684066772461e-02,1.164386421442031860e-01,2.477900497615337372e-02,1.158189997076988220e-01,5.153745785355567932e-02,3.310360386967658997e-02,2.205993086099624634e-01,2.756207287311553955e-01,1.164335608482360840e-01,1.988637894392013550e-01,8.977219462394714355e-02,1.651972234249114990e-01,1.477615833282470703e-01,2.305549979209899902e-01,2.144013196229934692e-01,3.441894650459289551e-01,1.359897782094776630e-03,2.424052059650421143e-01,1.010201126337051392e-01,1.630785018205642700e-01,2.295126765966415405e-01,2.252517081797122955e-02,1.082820235751569271e-03,-2.494587749242782593e-02,5.860788375139236450e-02,1.827836632728576660e-01
-3.353050947189331055e-01,-6.937623023986816406e-02,1.000000000000000000e+00,2.762162685394287109e-01,3.089525103569030762e-01,4.971095174551010132e-02,7.762748003005981445e-01,1.918590962886810303e-01,4.711994230747222900e-01,8.302938193082809448e-02,8.018635958433151245e-02,-8.311114460229873657e-02,6.726831793785095215e-01,-3.801200911402702332e-02,5.338141918182373047e-01,2.207621335983276367e-01,-3.682631254196166992e-01,-7.724527269601821899e-02,1.906449794769287109e-01,2.159639820456504822e-02,1.075535342097282410e-01,1.024456322193145752e-01,5.311753153800964355e-01,2.544401586055755615e-01,1.718852669000625610e-01,-1.148303896188735962e-01,2.180646657943725586e-01,4.280057176947593689e-02,-1.966192014515399933e-02,3.925805911421775818e-03,4.979719519615173340e-01,4.336141645908355713e-01,-1.805784851312637329e-01,-9.299944341182708740e-02,-1.832348108291625977e-01,-1.345954090356826782e-01,-1.839969679713249207e-02,-8.377256989479064941e-02,-1.994572132825851440e-01,-2.290766090154647827e-01,-1.615544408559799194e-01,-1.749257445335388184e-01,-1.412789970636367798e-01,-1.497209370136260986e-01,1.467341207899153233e-03,-5.666496977210044861e-02,-1.276699900627136230e-01,-7.811064273118972778e-02,-7.292303442955017090e-02,-2.540495246648788452e-02,3.477661311626434326e-02,8.208388835191726685e-02,2.393581345677375793e-02,4.167833924293518066e-02,-2.408473938703536987e-02,-7.276410609483718872e-02,-2.964684553444385529e-02,-1.188396755605936050e-02,-1.234017163515090942e-01,-6.647454947233200073e-02,5.732527747750282288e-02,4.152093455195426941e-02,7.637347280979156494e-02,-8.871478959918022156e-03,2.649915814399719238e-01,-1.198174208402633667e-01,-1.548877805471420288e-01,-1.394414007663726807e-01,-2.328269630670547485e-01,-2.912819087505340576e-01,4.899491369724273682e-02,4.353829473257064819e-02,-1.657630205154418945e-01,-5.649547651410102844e-02,-1.543927192687988281e-01,-1.760384142398834229e-01,5.572655797004699707e-01,2.594428956508636475e-01,-3.866476416587829590e-01,-1.638456135988235474e-01,-1.826904714107513428e-01,-1.001622974872589111e-01,2.640034854412078857e-01,-7.436527311801910400e-02,1.280493587255477905e-01,-3.812424838542938232e-02,2.423565983772277832e-01,-1.486978679895401001e-01,1.309067755937576294e-01,-4.041434079408645630e-02,2.051277756690979004e-01,1.466882228851318359e-01,2.341716140508651733e-01,1.651562601327896118e-01,-1.729066073894500732e-01,-1.325034648180007935e-01,-2.865890264511108398e-01,-3.127373456954956055e-01,1.664516180753707886e-01,1.087766885757446289e-01,2.143324464559555054e-01,2.071852833032608032e-01,2.241777926683425903e-01,1.887662857770919800e-01,2.148561626672744751e-01,4.110742360353469849e-03,8.234743028879165649e-02,-1.013908833265304565e-01,-9.681630134582519531e-02,-5.905934050679206848e-02,-1.342887133359909058e-01,1.014308333396911621e-01,1.579525917768478394e-01,1.476325839757919312e-01,6.991975009441375732e-02,-1.969358883798122406e-02
1.601781249046325684e-01,2.143363207578659058e-01,2.762162685394287109e-01,1.000000000000000000e+00,-1.902583055198192596e-02,-1.409355998039245605e-01,1.533548682928085327e-01,4.339763224124908447e-01,9.795984625816345215e-02,3.019007295370101929e-02,2.725306451320648193e-01,2.848031222820281982e-01,1.776332557201385498e-01,1.729720830917358398e-02,2.091620862483978271e-01,2.457078248262405396e-01,1.310980021953582764e-01,2.567840516567230225e-01,1.778835505247116089e-01,3.352708742022514343e-02,3.320879042148590088e-01,2.528743445873260498e-01,8.473360538482666016e-02,2.821003496646881104e-01,-1.019863411784172058e-01,-1.015458926558494568e-01,1.614124514162540436e-02,-5.297777801752090454e-02,3.224154710769653320e-01,2.471179515123367310e-01,1.455434858798980713e-01,3.054484426975250244e-01,1.923069208860397339e-01,2.535829842090606689e-01,1.099174693226814270e-01,1.228547021746635437e-01,2.459270060062408447e-01,1.722702980041503906e-01,1.658224910497665405e-01,1.938151717185974121e-01,1.031012535095214844e-01,-8.691096678376197815e-03,4.229070246219635010e-02,-4.151136800646781921e-02,-1.597512364387512207e-01,-2.063591033220291138e-01,1.570028066635131836e-01,1.542721241712570190e-01,-8.346740156412124634e-02,-5.589117482304573059e-02,7.450326532125473022e-02,1.178006008267402649e-01,-3.314440697431564331e-02,1.041317209601402283e-01,1.970892697572708130e-01,3.423047065734863281e-01,1.426475495100021362e-01,2.094572782516479492e-01,7.579579204320907593e-02,1.161728054285049438e-01,8.575182408094406128e-02,1.587328165769577026e-01,-4.976636171340942383e-02,3.079802989959716797e-01,1.425938457250595093e-01,1.592277288436889648e-01,2.344478666782379150e-01,1.735659539699554443e-01,-3.425735607743263245e-02,-1.129826605319976807e-01,3.046215176582336426e-01,2.333168834447860718e-01,2.199857234954833984e-01,9.385710209608078003e-02,1.113098487257957458e-01,4.979906231164932251e-02,1.495722681283950806e-01,1.569644361734390259e-01,1.005354896187782288e-01,1.655191183090209961e-01,1.094415858387947083e-01,1.204292476177215576e-01,9.813104569911956787e-02,9.181758761405944824e-02,1.604917049407958984e-01,2.043774425983428955e-01,3.963260725140571594e-02,4.968798160552978516e-02,1.266137063503265381e-01,1.249692365527153015e-01,1.504221856594085693e-01,2.834792137145996094e-01,1.672728359699249268e-01,1.964246332645416260e-01,1.188565418124198914e-01,1.433693319559097290e-01,1.025048047304153442e-01,1.004163026809692383e-01,2.797118425369262695e-01,3.583612143993377686e-01,1.703343987464904785e-01,2.562377452850341797e-01,2.730873525142669678e-01,3.454454839229583740e-01,4.137433171272277832e-01,2.895732223987579346e-01,2.642948627471923828e-01,1.873031854629516602e-01,1.830316036939620972e-01,2.451400756835937500e-01,6.965646147727966309e-02,3.050812287256121635e-03,1.211578622460365295e-01,2.670403122901916504e-01,2.818373739719390869e-01,3.575029075145721436e-01
3.318988531827926636e-02,-1.118027716875076294e-01,3.089525103569030762e-01,-1.902583055198192596e-02,1.000000000000000000e+00,5.128229856491088867e-01,2.663643956184387207e-01,2.377896942198276520e-02,6.664662361145019531e-01,4.801317453384399414e-01,2.693975269794464111e-01,-4.632477462291717529e-02,2.451406568288803101e-01,1.139700338244438171e-01,3.757142126560211182e-01,3.253268897533416748e-01,9.464704990386962891e-02,-3.312485292553901672e-02,1.428166478872299194e-01,2.657089829444885254e-01,6.960251182317733765e-02,-9.795118868350982666e-02,2.186386287212371826e-01,7.500337064266204834e-02,5.859958529472351074e-01,2.636190652847290039e-01,6.136767864227294922e-01,2.580600976943969727e-01,1.203307956457138062e-01,-6.135275587439537048e-02,4.129810929298400879e-01,2.205685228109359741e-01,-1.263307034969329834e-01,-1.356638669967651367e-01,-3.662298321723937988e-01,-3.347040116786956787e-01,-5.000064149498939514e-02,-2.763037085533142090e-01,-4.462974146008491516e-02,-2.332606911659240723e-01,-8.988351374864578247e-02,-2.290856987237930298e-01,1.767055317759513855e-02,1.844388619065284729e-02,3.046307712793350220e-02,-9.315066039562225342e-02,-2.362623112276196480e-03,3.018361330032348633e-02,-7.748784869909286499e-02,4.857302177697420120e-03,-1.857224106788635254e-02,1.958660595118999481e-02,1.663920581340789795e-01,2.148248553276062012e-01,3.447195887565612793e-02,4.084102436900138855e-02,3.055452108383178711e-01,1.498302072286605835e-01,-3.213948011398315430e-01,1.355703622102737427e-01,-1.442719846963882446e-01,-1.058708317577838898e-02,2.204785123467445374e-02,-2.481739968061447144e-02,-1.021716222167015076e-01,-2.488231956958770752e-01,-3.069098293781280518e-01,-1.671811938285827637e-01,1.119153760373592377e-02,-1.658142507076263428e-01,-1.887413114309310913e-01,-2.022568434476852417e-01,-1.596206277608871460e-01,-1.725692600011825562e-01,-8.776070177555084229e-02,-1.415230780839920044e-01,-2.320569939911365509e-02,-1.023971959948539734e-01,6.654962897300720215e-02,-4.351398348808288574e-02,2.128388732671737671e-01,1.126897241920232773e-02,4.014070034027099609e-01,1.545973420143127441e-01,3.553757965564727783e-01,1.605703681707382202e-01,3.699470460414886475e-01,-2.910972759127616882e-02,3.369833827018737793e-01,3.197709918022155762e-01,1.488912701606750488e-01,1.710240989923477173e-01,1.780623942613601685e-01,1.490167975425720215e-01,1.548798382282257080e-01,1.533773690462112427e-01,1.013115420937538147e-01,9.066346287727355957e-02,5.223230645060539246e-02,1.416491717100143433e-01,1.895220726728439331e-01,2.100989371538162231e-01,1.756542026996612549e-01,1.079422831535339355e-01,7.629177719354629517e-02,4.682904854416847229e-02,3.465638961642980576e-03,-1.972564011812210083e-01,6.016790401190519333e-03,1.263461727648973465e-02,3.594128787517547607e-02,2.961064279079437256e-01,3.560659885406494141e-01,2.404786497354507446e-01,1.884604394435882568e-01,6.625264883041381836e-02
-6.411482393741607666e-02,-1.363761071115732193e-02,4.971095174551010132e-02,-1.409355998039245605e-01,5.128229856491088867e-01,1.000000000000000000e+00,3.993512690067291260e-02,2.492827475070953369e-01,3.420851230621337891e-01,6.231350898742675781e-01,-8.721008896827697754e-02,-6.870716810226440430e-02,-4.524914175271987915e-02,2.855050265789031982e-01,5.925396084785461426e-02,2.914474308490753174e-01,1.946374773979187012e-02,-1.359992623329162598e-01,1.769605465233325958e-02,1.064641550183296204e-01,-1.616571843624114990e-01,-1.789522469043731689e-01,1.688705980777740479e-01,2.098646908998489380e-01,5.467759966850280762e-01,6.506230235099792480e-01,5.185666084289550781e-01,5.712289810180664062e-01,-8.905421942472457886e-02,-7.960274070501327515e-02,3.425134718418121338e-01,2.934662699699401855e-01,-5.659810453653335571e-02,-5.782741680741310120e-02,-1.746662110090255737e-01,-2.268710359930992126e-02,4.503722116351127625e-02,-3.235171139240264893e-01,-1.901694387197494507e-02,-1.806439310312271118e-01,-1.706822961568832397e-01,-2.125140130519866943e-01,1.000017374753952026e-01,2.029272466897964478e-01,1.495969593524932861e-01,1.358899623155593872e-01,6.408841162919998169e-02,1.640670001506805420e-01,7.395169138908386230e-02,2.134651690721511841e-01,1.684505678713321686e-02,3.293436393141746521e-02,1.897396296262741089e-01,1.345955580472946167e-01,-1.246913969516754150e-01,1.500224918127059937e-01,7.715932093560695648e-03,1.762012094259262085e-01,2.714949660003185272e-04,1.264222264289855957e-01,-1.629058569669723511e-01,1.247486323118209839e-01,-6.156031042337417603e-02,2.161697894334793091e-01,-2.070250362157821655e-01,-1.154696382582187653e-02,-1.608135700225830078e-01,-6.691583991050720215e-02,6.763748079538345337e-02,4.277746751904487610e-02,-2.941176891326904297e-01,-1.629514545202255249e-01,-1.881494820117950439e-01,-2.401767075061798096e-01,-7.448142021894454956e-02,-2.155922949314117432e-01,-3.350847214460372925e-02,-8.550929278135299683e-02,7.490317523479461670e-02,-1.856392174959182739e-01,3.408009931445121765e-02,1.899190619587898254e-02,6.162242963910102844e-03,4.016399383544921875e-01,-2.572322078049182892e-02,4.036588221788406372e-02,6.561314314603805542e-02,2.694121301174163818e-01,6.255386862903833389e-03,4.237762093544006348e-01,-7.520656287670135498e-02,2.417015880346298218e-01,-9.144091606140136719e-02,1.432946175336837769e-01,5.648002028465270996e-02,1.451413631439208984e-01,1.087566837668418884e-01,2.715725898742675781e-01,-1.332020014524459839e-01,1.126869544386863708e-01,-9.147986024618148804e-02,9.064994752407073975e-02,-1.073619499802589417e-01,-3.334395820274949074e-03,-1.119508892297744751e-01,8.395194262266159058e-02,-7.996926456689834595e-02,-1.005317494273185730e-01,9.248363971710205078e-02,5.660611018538475037e-02,1.857495605945587158e-01,4.275410771369934082e-01,3.237587809562683105e-01,2.004282362759113312e-02,2.878846414387226105e-02,-1.748899184167385101e-02
-4.750479757785797119e-01,-1.892189830541610718e-01,7.762748003005981445e-01,1.533548682928085327e-01,2.663643956184387207e-01,3.993512690067291260e-02,1.000000000000000000e+00,8.253869414329528809e-02,4.672987759113311768e-01,6.414546072483062744e-02,1.288738250732421875e-01,-3.032289445400238037e-02,8.216803669929504395e-01,-4.385667666792869568e-02,5.942371487617492676e-01,1.677596718072891235e-01,-4.931779205799102783e-01,-9.164498001337051392e-02,5.115824937820434570e-02,-6.199598684906959534e-02,1.273897886276245117e-01,1.575072854757308960e-01,5.017117261886596680e-01,2.382576018571853638e-01,1.037771627306938171e-01,-9.318833798170089722e-02,2.007160186767578125e-01,1.301644742488861084e-01,-1.193729192018508911e-01,2.205204777419567108e-02,4.693573117256164551e-01,4.072314202785491943e-01,-2.676647305488586426e-01,-1.897495239973068237e-01,-1.761143356561660767e-01,-1.696331650018692017e-01,-1.124032512307167053e-01,-7.535383850336074829e-02,-3.428269624710083008e-01,-2.200338244438171387e-01,-3.085887432098388672e-01,-1.195308789610862732e-01,-1.802556961774826050e-01,-2.409056127071380615e-01,-8.525443822145462036e-02,-1.361963003873825073e-01,-1.997016072273254395e-01,-2.000516653060913086e-01,-1.642231196165084839e-01,-1.631142944097518921e-01,-1.926263421773910522e-02,-5.117365159094333649e-03,1.967638917267322540e-02,-1.470543816685676575e-02,-8.311005681753158569e-02,-1.459466516971588135e-01,-1.511610746383666992e-01,-1.811489611864089966e-01,-8.977568894624710083e-02,-2.155992388725280762e-01,4.162832722067832947e-02,-5.436923727393150330e-02,6.462256610393524170e-02,-8.549681305885314941e-02,2.702234089374542236e-01,-1.697064042091369629e-01,-2.121268659830093384e-01,-2.316741943359375000e-01,-2.651340365409851074e-01,-3.597783744335174561e-01,1.348718702793121338e-01,1.013797447085380554e-01,-2.190012037754058838e-01,-1.106737740337848663e-02,-1.988133490085601807e-01,-1.600931137800216675e-01,7.144940495491027832e-01,3.929024934768676758e-01,-5.151129961013793945e-01,-1.162719056010246277e-01,-2.501147389411926270e-01,-1.331911534070968628e-01,3.086814582347869873e-01,-8.005915582180023193e-02,1.525472998619079590e-01,-6.466552615165710449e-02,2.766165137290954590e-01,-5.398252606391906738e-02,1.903377622365951538e-01,-2.726467698812484741e-02,1.696992516517639160e-01,1.087864860892295837e-01,1.558286994695663452e-01,9.077578037977218628e-02,-2.699709534645080566e-01,-1.885722875595092773e-01,-4.569256901741027832e-01,-4.402625858783721924e-01,1.279587000608444214e-01,1.891697756946086884e-02,1.421691030263900757e-01,6.333424150943756104e-02,1.128233745694160461e-01,5.762677639722824097e-02,9.080099314451217651e-02,-1.237435936927795410e-01,8.561137318611145020e-02,-8.861625939607620239e-02,-1.724914610385894775e-01,-1.865503042936325073e-01,-2.519032359123229980e-01,7.974805682897567749e-02,1.560121476650238037e-01,1.397224664688110352e-01,3.606038540601730347e-02,-1.505933552980422974e-01
6.809591501951217651e-02,2.886674702167510986e-01,1.918590962886810303e-01,4.339763224124908447e-01,2.377896942198276520e-02,2.492827475070953369e-01,8.253869414329528809e-02,1.000000000000000000e+00,3.866224735975265503e-02,1.835162639617919922e-01,-4.807403776794672012e-03,3.730971515178680420e-01,4.240145534276962280e-02,5.345746278762817383e-01,7.858292758464813232e-02,4.163922071456909180e-01,1.596055775880813599e-01,2.221846878528594971e-01,1.971153765916824341e-01,1.352262198925018311e-01,-3.150547295808792114e-02,-1.173432469367980957e-01,1.709309816360473633e-01,4.130923748016357422e-01,3.189667314291000366e-02,2.147582024335861206e-01,1.348205208778381348e-01,3.099749386310577393e-01,1.938439905643463135e-01,3.795612156391143799e-01,2.509253025054931641e-01,4.276577532291412354e-01,1.527892947196960449e-01,2.141284942626953125e-01,3.986187651753425598e-02,1.758132725954055786e-01,2.091490775346755981e-01,-1.021425724029541016e-01,1.378009319305419922e-01,1.204416528344154358e-02,-1.133363395929336548e-01,-1.290025860071182251e-01,7.300594006665050983e-04,8.934042602777481079e-02,-3.520048409700393677e-02,-1.546953320503234863e-01,5.587359517812728882e-02,1.725500971078872681e-01,2.238841168582439423e-02,3.269141912460327148e-02,7.312909513711929321e-02,9.444590657949447632e-02,-3.473585098981857300e-02,2.469681948423385620e-02,2.328729443252086639e-02,3.835686445236206055e-01,2.274184115231037140e-02,3.917483985424041748e-01,2.366254627704620361e-01,1.929403841495513916e-01,5.559545010328292847e-02,2.860004305839538574e-01,9.878293424844741821e-02,6.353667974472045898e-01,8.014800027012825012e-03,3.202892839908599854e-01,8.894803375005722046e-02,9.269294887781143188e-02,9.990626573562622070e-02,6.170948967337608337e-02,-2.989190444350242615e-02,1.421629935503005981e-01,2.341868355870246887e-03,-8.065752685070037842e-02,3.585344180464744568e-02,-5.246384814381599426e-02,6.918998062610626221e-02,-3.187036886811256409e-02,2.163086235523223877e-01,8.076445758342742920e-02,9.678826481103897095e-02,3.630213141441345215e-01,1.032250002026557922e-01,5.620020627975463867e-01,-1.176999881863594055e-02,2.282738089561462402e-01,8.108183741569519043e-02,4.008086323738098145e-01,1.655589602887630463e-02,3.469781577587127686e-01,7.029940187931060791e-02,5.309396386146545410e-01,-9.348459541797637939e-02,2.957250475883483887e-01,1.489710509777069092e-01,1.885827481746673584e-01,6.003418192267417908e-02,2.450825870037078857e-01,-1.951577886939048767e-02,3.200480043888092041e-01,-6.704153120517730713e-02,2.077233791351318359e-01,8.939551562070846558e-02,2.013588547706604004e-01,1.960110962390899658e-01,2.833820581436157227e-01,1.275841444730758667e-01,1.119335219264030457e-01,2.867488265037536621e-01,3.522831499576568604e-01,2.494903802871704102e-01,1.015411913394927979e-01,4.903632774949073792e-02,-4.215347766876220703e-02,8.429650217294692993e-03,2.142642140388488770e-01
-8.776682615280151367e-02,-2.110560834407806396e-01,4.711994230747222900e-01,9.795984625816345215e-02,6.664662361145019531e-01,3.420851230621337891e-01,4.672987759113311768e-01,3.866224735975265503e-02,1.000000000000000000e+00,5.334858894348144531e-01,2.950431704521179199e-01,-3.882962092757225037e-02,4.592907726764678955e-01,4.874232038855552673e-02,6.926617026329040527e-01,4.990963339805603027e-01,2.610393986105918884e-02,6.272111088037490845e-02,1.851856410503387451e-01,2.337230592966079712e-01,2.233860790729522705e-01,5.505364388227462769e-02,1.617755144834518433e-01,6.426984909921884537e-03,3.216391503810882568e-01,7.861306518316268921e-02,3.633336126804351807e-01,9.061241894960403442e-02,1.818040907382965088e-01,7.385741174221038818e-02,3.304888606071472168e-01,2.040139287710189819e-01,-1.816474497318267822e-01,-1.804890632629394531e-01,-4.009007215499877930e-01,-3.034096956253051758e-01,3.935443609952926636e-02,-1.781582832336425781e-01,-5.562484636902809143e-02,-1.954948604106903076e-01,-1.375284641981124878e-01,-2.666726410388946533e-01,-2.736798487603664398e-02,-8.166684210300445557e-02,-3.306717053055763245e-02,-1.520291566848754883e-01,-2.732397988438606262e-02,-6.160907912999391556e-03,-1.619662791490554810e-01,-9.070132672786712646e-02,-3.808004409074783325e-02,4.588836058974266052e-02,1.095664873719215393e-01,2.062594443559646606e-01,2.085408270359039307e-01,9.358421713113784790e-02,1.484452188014984131e-01,6.904433667659759521e-02,-3.258248865604400635e-01,-8.593777567148208618e-02,-2.073169313371181488e-02,7.311113178730010986e-02,-9.013617783784866333e-02,-1.259463280439376831e-01,-7.151930592954158783e-03,-2.506599426269531250e-01,-3.027654588222503662e-01,-2.358551323413848877e-01,-9.909011423587799072e-02,-3.036626875400543213e-01,-6.596305966377258301e-02,-6.587519496679306030e-02,-1.421802043914794922e-01,-1.120506003499031067e-01,-1.303784996271133423e-01,-1.993935108184814453e-01,1.942190229892730713e-01,-6.629684939980506897e-03,-5.535315722227096558e-02,1.145713217556476593e-02,1.536160558462142944e-01,8.007659576833248138e-03,4.106833934783935547e-01,5.156098306179046631e-02,3.793387115001678467e-01,1.827791035175323486e-01,3.255426585674285889e-01,-1.646219342947006226e-01,4.321794509887695312e-01,1.892469376325607300e-01,2.862166762351989746e-01,2.302958369255065918e-01,2.854684293270111084e-01,2.011106312274932861e-01,1.595910936594009399e-01,2.304925322532653809e-01,-9.273891896009445190e-02,-3.826675564050674438e-02,2.149538546800613403e-01,2.907689809799194336e-01,3.106893599033355713e-01,2.811459898948669434e-01,2.685250341892242432e-01,2.220712453126907349e-01,1.396973282098770142e-01,-3.168143704533576965e-02,1.015152409672737122e-01,-1.078857779502868652e-01,5.261355265974998474e-02,3.829015418887138367e-02,-1.379517912864685059e-01,1.000719293951988220e-01,2.414102703332901001e-01,3.103805780410766602e-01,2.092522680759429932e-01,7.846671342849731445e-02
-8.440526574850082397e-02,-5.319790914654731750e-02,8.302938193082809448e-02,3.019007295370101929e-02,4.801317453384399414e-01,6.231350898742675781e-01,6.414546072483062744e-02,1.835162639617919922e-01,5.334858894348144531e-01,1.000000000000000000e+00,1.232111379504203796e-01,1.643307954072952271e-01,4.878477379679679871e-02,3.136825859546661377e-01,3.269245922565460205e-01,5.701020359992980957e-01,1.133857294917106628e-01,5.286696925759315491e-02,5.748444050550460815e-02,1.830648034811019897e-01,1.294057816267013550e-01,-1.704772748053073883e-02,-6.830146908760070801e-02,-7.282477617263793945e-02,3.717386126518249512e-01,3.843213915824890137e-01,3.730645775794982910e-01,2.574553787708282471e-01,1.105929315090179443e-01,6.943327933549880981e-02,2.082277238368988037e-01,1.883815973997116089e-01,-5.529076233506202698e-02,-5.512985214591026306e-02,-1.901808828115463257e-01,-2.691722102463245392e-02,1.875277757644653320e-01,-2.423776686191558838e-01,8.442725986242294312e-02,-1.139938980340957642e-01,-9.715179353952407837e-02,-2.448895871639251709e-01,5.974222347140312195e-02,8.740216493606567383e-02,5.533851683139801025e-02,1.460460852831602097e-02,4.493672400712966919e-02,7.834336906671524048e-02,-3.645629808306694031e-02,1.113455221056938171e-01,4.007747862488031387e-03,5.938120186328887939e-02,8.578029274940490723e-02,1.901783049106597900e-01,1.131204664707183838e-01,2.071070671081542969e-01,3.193023800849914551e-02,2.179982811212539673e-01,-1.099481359124183655e-01,1.035596653819084167e-01,-7.696968503296375275e-03,2.487057447433471680e-01,-2.208141684532165527e-01,6.489611417055130005e-02,-1.388928890228271484e-01,-6.778042763471603394e-02,-1.918655782938003540e-01,-8.254586160182952881e-02,4.338890314102172852e-02,-1.677898690104484558e-02,-1.705990433692932129e-01,-1.081723272800445557e-01,-9.480103105306625366e-02,-1.592656373977661133e-01,-6.729424744844436646e-02,-1.784901022911071777e-01,1.998280920088291168e-02,-1.690882071852684021e-02,1.286220401525497437e-01,-8.178313076496124268e-02,1.037556082010269165e-01,4.796108230948448181e-02,1.478309631347656250e-01,3.865229487419128418e-01,1.450491249561309814e-01,2.298725694417953491e-01,1.061323657631874084e-01,1.008508875966072083e-01,1.879258751869201660e-01,3.853096961975097656e-01,5.965827032923698425e-02,2.015896588563919067e-01,6.513754278421401978e-02,2.039954513311386108e-01,1.272178739309310913e-01,2.478055357933044434e-01,-7.647254504263401031e-03,1.488921046257019043e-01,4.281312227249145508e-02,2.844159901142120361e-01,1.566687971353530884e-01,2.792986631393432617e-01,1.167996898293495178e-01,2.012501806020736694e-01,9.280974417924880981e-02,1.392523497343063354e-01,4.169533029198646545e-02,-3.837849944829940796e-02,7.827364653348922729e-02,3.556023910641670227e-02,-4.086674377322196960e-02,9.582459926605224609e-02,1.578377932310104370e-01,2.145271152257919312e-01,1.886380761861801147e-01,7.035291939973831177e-02
3.174665272235870361e-01,4.941226914525032043e-02,8.018635958433151245e-02,2.725306451320648193e-01,2.693975269794464111e-01,-8.721008896827697754e-02,1.288738250732421875e-01,-4.807403776794672012e-03,2.950431704521179199e-01,1.232111379504203796e-01,1.000000000000000000e+00,4.304607510566711426e-01,3.296331465244293213e-01,1.764167845249176025e-01,3.182829618453979492e-01,1.581087112426757812e-01,4.126270115375518799e-01,4.954213201999664307e-01,1.902448087930679321e-01,2.886390686035156250e-01,3.871950507164001465e-01,2.160867005586624146e-01,-2.225194871425628662e-01,-1.321831941604614258e-01,-1.196795031428337097e-01,-9.157746285200119019e-02,7.340490352362394333e-03,-1.786789298057556152e-01,5.453130006790161133e-01,2.455713003873825073e-01,2.721189986914396286e-03,1.619001291692256927e-02,1.136886030435562134e-01,7.764297723770141602e-02,-5.271528288722038269e-02,-1.196506544947624207e-01,1.580923944711685181e-01,1.591575592756271362e-01,1.728128939867019653e-01,1.459925621747970581e-01,1.218958199024200439e-01,8.059733361005783081e-02,1.730173379182815552e-01,-2.160115726292133331e-02,-1.567492485046386719e-01,-2.996524274349212646e-01,2.403538823127746582e-01,1.599804311990737915e-01,-2.959399484097957611e-02,-2.051074802875518799e-01,9.151142835617065430e-02,4.940044134855270386e-02,1.242718622088432312e-01,2.970390319824218750e-01,2.878918647766113281e-01,2.838934361934661865e-01,4.120140075683593750e-01,2.055203467607498169e-01,-1.665613651275634766e-01,1.165543124079704285e-01,-3.406352829188108444e-03,1.213147863745689392e-01,-4.940969496965408325e-02,5.503148585557937622e-02,4.374274984002113342e-02,3.974607959389686584e-02,1.634209156036376953e-01,1.186380460858345032e-01,4.439476132392883301e-02,-2.069055289030075073e-01,2.560669779777526855e-01,7.573799788951873779e-02,3.403946161270141602e-01,1.724747717380523682e-01,1.533388644456863403e-01,1.313840448856353760e-01,4.938641563057899475e-02,4.075642302632331848e-02,2.339923381805419922e-01,3.411576151847839355e-01,4.252628982067108154e-01,2.833071351051330566e-01,4.412487447261810303e-01,-8.360799401998519897e-03,5.822733044624328613e-01,4.667808115482330322e-01,2.559133172035217285e-01,-8.297662134282290936e-04,4.836670458316802979e-01,3.062784075736999512e-01,2.573089003562927246e-01,1.615649759769439697e-01,2.683122456073760986e-01,1.110342442989349365e-01,1.406022906303405762e-01,7.402080297470092773e-02,2.877878397703170776e-02,4.491266608238220215e-02,2.136671543121337891e-01,2.743803858757019043e-01,3.159970939159393311e-01,2.046403586864471436e-01,3.438724279403686523e-01,1.955041736364364624e-01,2.878610491752624512e-01,1.719168275594711304e-01,2.382929474115371704e-01,1.775757372379302979e-01,-1.177017614245414734e-01,3.837039461359381676e-03,-1.163941174745559692e-01,-1.188271418213844299e-01,8.071274310350418091e-02,3.324804008007049561e-01,3.040272891521453857e-01,2.456254363059997559e-01
1.446401476860046387e-01,3.281497359275817871e-01,-8.311114460229873657e-02,2.848031222820281982e-01,-4.632477462291717529e-02,-6.870716810226440430e-02,-3.032289445400238037e-02,3.730971515178680420e-01,-3.882962092757225037e-02,1.643307954072952271e-01,4.304607510566711426e-01,1.000000000000000000e+00,1.293292343616485596e-01,5.603584051132202148e-01,1.270773112773895264e-01,2.888346314430236816e-01,2.336168140172958374e-01,5.779078602790832520e-01,9.783970564603805542e-02,2.100088298320770264e-01,2.714648544788360596e-01,2.169307917356491089e-01,-2.234811186790466309e-01,-2.789682149887084961e-02,-2.273776531219482422e-01,-4.015769064426422119e-02,3.827323392033576965e-02,8.403170108795166016e-02,3.480330407619476318e-01,5.502944588661193848e-01,-4.591672867536544800e-02,6.964133679866790771e-02,8.394918590784072876e-02,1.200482398271560669e-01,1.644924134016036987e-01,1.353542506694793701e-01,1.233718171715736389e-01,2.272381335496902466e-01,1.432916522026062012e-01,3.124924302101135254e-01,5.563314259052276611e-02,2.233131974935531616e-01,9.165734052658081055e-02,9.869721718132495880e-03,-1.309335380792617798e-01,-2.633513212203979492e-01,4.650513827800750732e-02,5.175647139549255371e-02,-4.734600335359573364e-02,-1.573488116264343262e-01,-1.766636222600936890e-02,4.677414544858038425e-04,-1.567227989435195923e-01,9.604854136705398560e-02,1.076628491282463074e-01,3.644777536392211914e-01,1.347507685422897339e-01,3.317375481128692627e-01,1.553028374910354614e-01,1.214020475745201111e-01,4.066850244998931885e-02,2.749669551849365234e-01,-5.661085620522499084e-02,4.098441004753112793e-01,1.634877757169306278e-03,3.071633577346801758e-01,1.931946724653244019e-01,1.815269440412521362e-01,1.342686414718627930e-01,5.295641254633665085e-03,2.379030734300613403e-01,1.854697763919830322e-01,2.289368659257888794e-01,2.739316821098327637e-01,1.429532468318939209e-01,3.024280369281768799e-01,1.201888620853424072e-01,2.269065082073211670e-01,1.856702119112014771e-01,3.851498067378997803e-01,1.739916056394577026e-01,5.503342151641845703e-01,2.797140777111053467e-01,4.102207422256469727e-01,2.096306830644607544e-01,5.397563576698303223e-01,5.928500741720199585e-02,3.079856336116790771e-01,1.966998279094696045e-01,4.356516599655151367e-01,7.788442820310592651e-02,2.409090250730514526e-01,-2.556183561682701111e-02,1.936884522438049316e-01,1.949529722332954407e-02,1.210746690630912781e-01,-8.720359206199645996e-02,4.363060742616653442e-02,7.895155251026153564e-02,2.673755288124084473e-01,1.315036267042160034e-01,2.044137269258499146e-01,1.985016763210296631e-01,2.606798112392425537e-01,2.121446728706359863e-01,3.203194141387939453e-01,1.405607759952545166e-01,3.028656244277954102e-01,7.475440856069326401e-03,4.068833962082862854e-02,-9.098665416240692139e-02,-2.641468346118927002e-01,-1.078939288854598999e-01,1.185021176934242249e-01,1.523322612047195435e-01,1.590210646390914917e-01
-4.015183448791503906e-01,-2.217828482389450073e-01,6.726831793785095215e-01,1.776332557201385498e-01,2.451406568288803101e-01,-4.524914175271987915e-02,8.216803669929504395e-01,4.240145534276962280e-02,4.592907726764678955e-01,4.878477379679679871e-02,3.296331465244293213e-01,1.293292343616485596e-01,1.000000000000000000e+00,3.946499153971672058e-02,6.768462657928466797e-01,2.284183055162429810e-01,-3.580361604690551758e-01,5.586855113506317139e-02,4.046786949038505554e-02,-1.868331991136074066e-02,2.356553971767425537e-01,2.261618822813034058e-01,3.353629410266876221e-01,1.159018874168395996e-01,-2.074866555631160736e-02,-1.644201427698135376e-01,1.371024250984191895e-01,4.721426963806152344e-02,6.605068594217300415e-02,1.472245901823043823e-01,3.777555525302886963e-01,3.417882025241851807e-01,-2.527591884136199951e-01,-1.911151707172393799e-01,-1.372743248939514160e-01,-1.783769279718399048e-01,-8.136165142059326172e-02,-3.981984034180641174e-02,-2.766614556312561035e-01,-1.535360068082809448e-01,-2.494429349899291992e-01,-9.399140626192092896e-02,-1.159260198473930359e-01,-2.176961153745651245e-01,-8.384187519550323486e-02,-2.003418803215026855e-01,-1.514373272657394409e-01,-1.654340773820877075e-01,-1.589146554470062256e-01,-2.336355000734329224e-01,-2.869508415460586548e-02,-1.401860360056161880e-02,3.370575606822967529e-02,1.020569950342178345e-01,3.165433928370475769e-02,-4.957699403166770935e-02,-1.045876666903495789e-01,-1.759452670812606812e-01,-8.745330572128295898e-02,-1.856847107410430908e-01,7.300607860088348389e-02,-2.225796133279800415e-02,8.037918061017990112e-02,-6.431226432323455811e-02,2.626870572566986084e-01,-7.918141782283782959e-02,-1.631331741809844971e-01,-1.699778884649276733e-01,-2.644499540328979492e-01,-4.015552699565887451e-01,2.064553052186965942e-01,7.433038949966430664e-02,-1.302799880504608154e-01,5.040093883872032166e-02,-1.589777171611785889e-01,-9.733939915895462036e-02,7.097610235214233398e-01,4.178431034088134766e-01,-4.519926607608795166e-01,-2.102916128933429718e-02,-1.276379078626632690e-01,-4.357928782701492310e-02,4.607890248298645020e-01,-3.330546244978904724e-02,3.054204285144805908e-01,9.857435524463653564e-02,3.136540055274963379e-01,-2.701430767774581909e-02,3.223607540130615234e-01,2.815196476876735687e-02,2.576179206371307373e-01,1.736705154180526733e-01,2.163876444101333618e-01,1.666212826967239380e-01,-2.384849488735198975e-01,-1.636709868907928467e-01,-4.887423813343048096e-01,-4.847984015941619873e-01,1.999141573905944824e-01,1.049122288823127747e-01,2.123288363218307495e-01,1.237025186419487000e-01,1.795647740364074707e-01,1.001620739698410034e-01,1.282621622085571289e-01,-1.145248264074325562e-01,1.609906852245330811e-01,-3.553441911935806274e-02,-1.953806579113006592e-01,-2.245276570320129395e-01,-3.362167179584503174e-01,-5.703567340970039368e-02,1.033835932612419128e-01,2.218598574399948120e-01,1.180007457733154297e-01,-7.147534936666488647e-02
