1.000000000000000000e+00,5.715839862823486328e-01,4.400564134120941162e-01,4.097348451614379883e-01,1.708476841449737549e-01,7.058873772621154785e-02,4.705538451671600342e-01,3.061024248600006104e-01,1.270178705453872681e-01,2.263185568153858185e-02,4.584524333477020264e-01,2.725058495998382568e-01,3.805072903633117676e-01,2.409905642271041870e-01,2.802093625068664551e-01,1.264410018920898438e-01,4.489261806011199951e-01,2.703659534454345703e-01,6.205624938011169434e-01,5.316094756126403809e-01,1.434836089611053467e-01,1.280058920383453369e-01,2.973710298538208008e-01,2.783629298210144043e-01,1.060596480965614319e-01,5.449520424008369446e-02,1.535309553146362305e-01,1.521913409233093262e-01,4.741406440734863281e-01,2.027456313371658325e-01,2.048278450965881348e-01,2.756782174110412598e-01,4.074075520038604736e-01,2.482054382562637329e-01,-1.203428208827972412e-02,5.118533596396446228e-02,1.779602319002151489e-01,1.027520000934600830e-02,1.873352229595184326e-01,5.064680799841880798e-02,1.422010958194732666e-01,4.682120308279991150e-02,-5.915042012929916382e-02,2.159637585282325745e-02,2.026228792965412140e-02,7.860452681779861450e-02,3.129264339804649353e-02,-3.740580752491950989e-02,3.389712795615196228e-02,3.408385440707206726e-02,2.216829918324947357e-02,-3.757017478346824646e-02,-4.410709440708160400e-02,-1.658864468336105347e-01,4.588446021080017090e-02,-3.923069313168525696e-02,7.958064079284667969e-01,5.902472138404846191e-01,4.817268848419189453e-01,3.846946656703948975e-01,3.979574143886566162e-01,2.613419592380523682e-01,3.654575347900390625e-01,3.579297959804534912e-01,3.563563898205757141e-02,6.128826364874839783e-02,2.848498225212097168e-01,1.482359319925308228e-01,5.019728541374206543e-01,4.158889651298522949e-01,6.135335192084312439e-02,6.897511333227157593e-02,2.290445566177368164e-01,1.238731294870376587e-01,2.466052323579788208e-01,1.232688575983047485e-01,2.080616354942321777e-01,9.041653573513031006e-02,2.761520743370056152e-01,1.285710930824279785e-01,2.225622981786727905e-01,6.529439985752105713e-02,1.733481585979461670e-01,4.444625973701477051e-02,1.174261718988418579e-01,1.674624532461166382e-02,8.505121618509292603e-02,1.733863800764083862e-01,1.370651721954345703e-01,1.255462970584630966e-02,-4.143090918660163879e-02,-1.770539283752441406e-01,5.136155709624290466e-02,3.662047907710075378e-02,9.426391683518886566e-03,-1.230852231383323669e-01,1.832034587860107422e-01,1.927583217620849609e-01,1.538831591606140137e-01,8.258960396051406860e-02,1.983571797609329224e-01,1.284358501434326172e-01,1.902746260166168213e-01,1.620966941118240356e-01,1.115188002586364746e-01,1.092752963304519653e-01,-2.374185808002948761e-02,1.352748274803161621e-01,1.291686445474624634e-01,3.936041519045829773e-02,1.062772721052169800e-01,6.172972917556762695e-02,-6.835362408310174942e-03,7.441905140876770020e-02,8.719190210103988647e-02,-1.983867138624191284e-01
5.715839862823486328e-01,1.000000000000000000e+00,2.496888041496276855e-01,4.271127581596374512e-01,7.873409241437911987e-02,-4.534414783120155334e-02,3.057267665863037109e-01,3.911018967628479004e-01,3.131802752614021301e-02,-8.019554615020751953e-02,2.278111129999160767e-01,4.674285948276519775e-01,2.349022477865219116e-01,3.274511098861694336e-01,1.846848577260971069e-01,4.421026259660720825e-02,3.291594982147216797e-01,4.953201413154602051e-01,5.060266852378845215e-01,6.662840247154235840e-01,1.511911451816558838e-01,1.390501111745834351e-01,1.987178027629852295e-01,2.461239546537399292e-01,-3.072605840861797333e-02,-6.767109781503677368e-02,7.867360860109329224e-02,7.109212130308151245e-02,3.351092338562011719e-01,2.901346087455749512e-01,9.889434278011322021e-02,1.675133109092712402e-01,3.636542856693267822e-01,3.482376039028167725e-01,-5.002748221158981323e-02,-3.614889457821846008e-03,1.095373854041099548e-01,8.835327625274658203e-02,1.737877726554870605e-01,1.012644097208976746e-01,1.205377727746963501e-01,2.147888392210006714e-01,-6.481539458036422729e-02,1.066843792796134949e-02,1.173895085230469704e-03,5.675671622157096863e-02,6.686406582593917847e-02,-9.679178707301616669e-03,3.380720317363739014e-02,1.228071078658103943e-01,3.674254193902015686e-02,8.127632737159729004e-02,-1.010663062334060669e-01,-6.807826459407806396e-02,-4.696520976722240448e-03,2.614571340382099152e-02,5.352142453193664551e-01,7.512660026550292969e-01,4.146475791931152344e-01,4.806446433067321777e-01,2.972565889358520508e-01,4.081539213657379150e-01,3.123378157615661621e-01,4.887020587921142578e-01,-2.710300311446189880e-02,1.584786623716354370e-01,3.209137022495269775e-01,2.527608275413513184e-01,4.900206625461578369e-01,5.300251245498657227e-01,4.477703571319580078e-02,2.264557778835296631e-01,1.769180595874786377e-01,3.191188275814056396e-01,2.977315485477447510e-01,3.227350413799285889e-01,2.338829934597015381e-01,2.915277481079101562e-01,2.309665381908416748e-01,1.797922402620315552e-01,1.572356522083282471e-01,2.722691297531127930e-01,5.395112931728363037e-02,6.740069389343261719e-02,4.384154826402664185e-02,2.089274376630783081e-01,5.286557227373123169e-02,1.420205235481262207e-01,-1.084813382476568222e-03,1.662822067737579346e-01,-6.961294263601303101e-02,-1.792910397052764893e-01,6.688848882913589478e-02,-5.770019255578517914e-03,1.636508479714393616e-02,-7.795152068138122559e-02,9.877248108386993408e-02,1.587530076503753662e-01,1.739924997091293335e-01,8.945318311452865601e-02,2.213510572910308838e-01,1.147878170013427734e-01,1.610164344310760498e-01,1.512947678565979004e-01,2.096160128712654114e-02,1.371339410543441772e-01,-3.400015830993652344e-02,1.695097684860229492e-01,8.560152351856231689e-02,2.346704248338937759e-03,1.164508331567049026e-02,2.803966030478477478e-02,-7.810883224010467529e-02,-2.177591621875762939e-02,2.572377584874629974e-02,-3.321613371372222900e-01
4.400564134120941162e-01,2.496888041496276855e-01,1.000000000000000000e+00,7.359329462051391602e-01,1.854021698236465454e-01,7.902255654335021973e-02,8.284999132156372070e-01,5.938649177551269531e-01,5.821065977215766907e-03,7.412423938512802124e-02,4.414940476417541504e-01,3.139763176441192627e-01,6.194992661476135254e-01,3.817318379878997803e-01,3.787868618965148926e-01,1.969057470560073853e-01,1.456025689840316772e-01,-1.541292816400527954e-01,4.862415790557861328e-01,2.961973249912261963e-01,2.024499922990798950e-01,2.689439058303833008e-01,7.313303947448730469e-01,6.895072460174560547e-01,3.712860047817230225e-01,1.725315451622009277e-01,9.973746538162231445e-02,1.237036585807800293e-01,3.158619403839111328e-01,-2.353453449904918671e-02,4.412021338939666748e-01,4.448092281818389893e-01,3.694294393062591553e-01,3.246802091598510742e-01,2.622087001800537109e-01,2.745549380779266357e-01,9.920997917652130127e-02,-9.003772400319576263e-03,9.543626755475997925e-02,-1.174621507525444031e-01,2.208846360445022583e-01,-1.551946997642517090e-02,2.140308171510696411e-02,8.339919894933700562e-02,1.245382800698280334e-01,1.184974610805511475e-01,8.500762283802032471e-02,-2.872930280864238739e-02,1.112386733293533325e-01,1.204305365681648254e-01,1.763487160205841064e-01,1.321692317724227905e-01,7.696767896413803101e-02,-1.199112460017204285e-01,1.772701740264892578e-01,-4.864451289176940918e-02,2.468297630548477173e-01,1.264995187520980835e-01,3.365617394447326660e-01,1.882315725088119507e-01,2.807836532592773438e-01,1.264704316854476929e-01,1.890196949243545532e-01,2.900912985205650330e-02,3.961399793624877930e-01,2.244437038898468018e-01,2.948551476001739502e-01,1.003799587488174438e-01,8.327009528875350952e-02,8.686577528715133667e-02,1.152440160512924194e-01,4.068551957607269287e-02,1.504430472850799561e-01,-3.513460233807563782e-02,8.641523122787475586e-02,-7.111024856567382812e-02,-7.093750685453414917e-02,-1.116382926702499390e-01,2.166465818881988525e-01,2.392300777137279510e-02,1.035709902644157410e-01,-1.817826926708221436e-02,1.459817588329315186e-01,2.117898501455783844e-02,4.092329442501068115e-01,2.038055211305618286e-01,1.736316680908203125e-01,2.549559175968170166e-01,1.195046827197074890e-01,-2.113569341599941254e-02,3.654895722866058350e-02,-1.603219509124755859e-01,1.388887758366763592e-04,-5.061540380120277405e-02,-5.233616009354591370e-02,-1.459031999111175537e-01,7.342576980590820312e-02,3.386617824435234070e-02,9.444747865200042725e-02,-7.512520533055067062e-03,2.705756723880767822e-01,2.226848006248474121e-01,1.822791546583175659e-01,6.889640539884567261e-02,1.740695908665657043e-02,-2.545742026995867491e-04,4.245788231492042542e-02,1.255669742822647095e-01,-2.367920055985450745e-02,-4.915261641144752502e-02,8.827821351587772369e-03,-6.444588303565979004e-02,-4.557017982006072998e-02,-2.148969769477844238e-01,4.017183557152748108e-02,-1.599162518978118896e-01
4.097348451614379883e-01,4.271127581596374512e-01,7.359329462051391602e-01,1.000000000000000000e+00,2.821983397006988525e-01,2.040689736604690552e-01,7.444897890090942383e-01,8.235175013542175293e-01,4.968507587909698486e-02,1.829164177179336548e-01,4.086982905864715576e-01,5.704417824745178223e-01,5.406282544136047363e-01,6.570767164230346680e-01,3.575972020626068115e-01,3.137924969196319580e-01,1.330884248018264771e-01,-1.173542533069849014e-02,4.843459725379943848e-01,4.256138801574707031e-01,2.557013928890228271e-01,2.621590495109558105e-01,6.486170887947082520e-01,7.450332641601562500e-01,4.122718870639801025e-01,2.816304266452789307e-01,2.022364139556884766e-01,2.587201893329620361e-01,3.468772172927856445e-01,7.006432116031646729e-02,4.549387991428375244e-01,5.319706201553344727e-01,3.472658693790435791e-01,3.810962736606597900e-01,1.397808641195297241e-01,2.005800306797027588e-01,-7.403021305799484253e-02,-1.142799332737922668e-01,6.641883403062820435e-02,-1.096290051937103271e-01,1.875878572463989258e-01,-2.930881222710013390e-03,-6.966949999332427979e-02,-2.409795112907886505e-02,3.047224320471286774e-02,3.896130621433258057e-02,-2.398733608424663544e-02,-1.213681772351264954e-01,-4.600014537572860718e-03,9.334982931613922119e-02,7.509834319353103638e-02,1.050155535340309143e-01,-4.247045144438743591e-02,-2.097380310297012329e-01,5.557900294661521912e-02,-1.265589743852615356e-01,2.959088981151580811e-01,3.266335129737854004e-01,3.218285441398620605e-01,2.982439994812011719e-01,3.737394511699676514e-01,3.617335855960845947e-01,2.779556512832641602e-01,2.291938513517379761e-01,3.062919676303863525e-01,3.794089257717132568e-01,3.626851737499237061e-01,2.786864638328552246e-01,1.003130674362182617e-01,2.044034004211425781e-01,4.234201833605766296e-02,8.513907343149185181e-02,1.792189925909042358e-01,7.493335870094597340e-04,1.513713002204895020e-01,-2.123382687568664551e-02,-1.297248154878616333e-01,-1.469850540161132812e-01,2.388868480920791626e-01,1.075155939906835556e-02,1.435206979513168335e-01,5.161307007074356079e-02,1.821710467338562012e-01,1.597397029399871826e-01,3.091242313385009766e-01,2.458242923021316528e-01,1.928681135177612305e-01,3.561031520366668701e-01,7.576584070920944214e-02,3.023893106728792191e-03,-2.265093475580215454e-02,-2.811426818370819092e-01,-5.353682674467563629e-03,-1.277913600206375122e-01,-7.060055434703826904e-02,-1.379139721393585205e-01,-3.450512513518333435e-02,-6.305949389934539795e-02,1.353126112371683121e-02,-9.052768349647521973e-02,2.567178606986999512e-01,9.850926697254180908e-02,1.616699695587158203e-01,2.354759909212589264e-02,-6.672147661447525024e-02,-1.036005169153213501e-01,8.505132794380187988e-02,1.466673165559768677e-01,1.773754693567752838e-02,-1.606196314096450806e-01,-1.587768346071243286e-01,-1.646336764097213745e-01,-1.147556602954864502e-01,-2.503901124000549316e-01,-8.368089795112609863e-02,-2.902297973632812500e-01
1.708476841449737549e-01,7.873409241437911987e-02,1.854021698236465454e-01,2.821983397006988525e-01,1.000000000000000000e+00,7.460951805114746094e-01,1.869271397590637207e-01,2.312787175178527832e-01,6.552006006240844727e-01,6.565577983856201172e-01,2.890661060810089111e-01,1.736471205949783325e-01,3.463864326477050781e-01,3.514013290405273438e-01,7.086703777313232422e-01,6.898354291915893555e-01,7.992778718471527100e-02,-1.891748420894145966e-02,8.786995708942413330e-02,7.872296124696731567e-02,4.749466478824615479e-01,4.053047001361846924e-01,3.527896702289581299e-01,4.238803684711456299e-01,7.274894118309020996e-01,7.356765270233154297e-01,8.004890680313110352e-01,8.404256105422973633e-01,4.429162442684173584e-01,5.455792322754859924e-02,6.004818081855773926e-01,6.042797565460205078e-01,1.538369804620742798e-01,1.601427495479583740e-01,-3.410692140460014343e-02,-9.935446083545684814e-02,1.170721724629402161e-01,-2.951672375202178955e-01,2.646444737911224365e-01,-1.223993748426437378e-01,2.812567949295043945e-01,-2.373569607734680176e-01,-1.113879233598709106e-01,-3.073340468108654022e-02,-4.592249915003776550e-02,-3.751505538821220398e-02,-6.066908314824104309e-02,-5.757524073123931885e-02,-8.964856155216693878e-03,2.007744461297988892e-02,6.750723719596862793e-02,3.106069378554821014e-02,3.795391879975795746e-03,-3.601618111133575439e-02,5.760122090578079224e-02,-1.443945914506912231e-01,1.848593652248382568e-01,6.719128042459487915e-02,1.478568464517593384e-01,5.378396809101104736e-02,2.743446528911590576e-01,1.309951394796371460e-01,1.976661533117294312e-01,-6.136546842753887177e-03,2.578393518924713135e-01,1.818710416555404663e-01,1.581766754388809204e-01,1.183046326041221619e-01,6.309002637863159180e-02,1.046551167964935303e-01,1.127076148986816406e-01,7.432086765766143799e-02,3.374780416488647461e-01,-1.887943148612976074e-01,3.664589226245880127e-01,-1.561021655797958374e-01,9.255880117416381836e-02,-2.139739990234375000e-01,1.743659973144531250e-01,4.503221809864044189e-02,1.796823143959045410e-01,-1.024897769093513489e-01,2.708121538162231445e-01,1.025320291519165039e-01,2.989642620086669922e-01,4.602922126650810242e-02,1.594234257936477661e-01,4.510675072669982910e-01,2.718686461448669434e-01,-3.378799930214881897e-02,-1.819952428340911865e-01,-1.221588850021362305e-01,4.877605661749839783e-02,4.305773228406906128e-02,-2.902324125170707703e-02,-1.758396625518798828e-01,-5.779676884412765503e-02,-1.141420602798461914e-01,-9.579715877771377563e-02,-9.818940609693527222e-02,-7.679858803749084473e-02,2.731522172689437866e-02,-1.152893081307411194e-01,-1.466550678014755249e-01,-8.940682560205459595e-02,-2.655510604381561279e-01,4.345560818910598755e-02,-5.499077960848808289e-02,2.905360655859112740e-03,-1.035703495144844055e-01,-7.877460867166519165e-02,-1.149787977337837219e-01,-8.255477249622344971e-02,-3.029313497245311737e-02,-1.775168329477310181e-01,-1.688566505908966064e-01
7.058873772621154785e-02,-4.534414783120155334e-02,7.902255654335021973e-02,2.040689736604690552e-01,7.460951805114746094e-01,1.000000000000000000e+00,5.712387338280677795e-02,1.502647101879119873e-01,6.995515823364257812e-01,8.603245019912719727e-01,2.955414056777954102e-01,1.088385581970214844e-01,2.339591532945632935e-01,3.381682932376861572e-01,6.017349958419799805e-01,7.914774417877197266e-01,-9.731873869895935059e-03,-7.373107969760894775e-02,-4.199301078915596008e-02,1.834542490541934967e-02,3.755808174610137939e-01,3.289037942886352539e-01,2.293754070997238159e-01,3.294334709644317627e-01,6.958269476890563965e-01,8.300794363021850586e-01,6.891216635704040527e-01,7.791448235511779785e-01,3.373790979385375977e-01,-4.638636857271194458e-02,4.782862961292266846e-01,5.016348361968994141e-01,5.223358049988746643e-02,3.739617019891738892e-02,-1.708305329084396362e-01,-3.283301740884780884e-02,-1.966073550283908844e-02,-3.941654562950134277e-01,9.634796530008316040e-02,-1.725765168666839600e-01,5.400232970714569092e-02,-4.935447871685028076e-01,-5.433933064341545105e-02,-6.301009654998779297e-02,-4.318559076637029648e-03,-1.279737567529082298e-03,-9.687564522027969360e-02,-8.285638689994812012e-02,4.707255959510803223e-02,5.599125847220420837e-02,5.989562720060348511e-02,1.009208802133798599e-02,5.431713908910751343e-02,2.692289091646671295e-02,-5.042704194784164429e-02,-2.075133025646209717e-01,8.573916554450988770e-02,-4.647939652204513550e-02,1.065297145396471024e-02,-1.815951429307460785e-02,9.709273278713226318e-02,1.344897691160440445e-02,8.318281173706054688e-02,-7.598745077848434448e-02,4.956601932644844055e-02,7.227733731269836426e-02,-4.994470253586769104e-02,-1.668709330260753632e-02,3.204468812327831984e-04,8.370044082403182983e-02,1.605310291051864624e-01,-9.827787429094314575e-02,2.895831465721130371e-01,-4.680277705192565918e-01,1.714966297149658203e-01,-3.564853072166442871e-01,-4.157941788434982300e-02,-3.604184687137603760e-01,5.049376189708709717e-02,-8.413252979516983032e-02,9.591463208198547363e-02,-2.645870149135589600e-01,3.779774904251098633e-01,1.342817544937133789e-01,1.273909211158752441e-01,-1.294116973876953125e-01,1.658983826637268066e-01,4.238287508487701416e-01,1.808874011039733887e-01,-1.329026073217391968e-01,-1.266517937183380127e-01,-7.311851531267166138e-02,1.405446976423263550e-01,1.347772181034088135e-01,-4.852124303579330444e-02,-1.808347702026367188e-01,-1.397821158170700073e-01,-2.766080200672149658e-01,-1.262952536344528198e-01,-1.296794116497039795e-01,-1.208363026380538940e-01,-1.402116753160953522e-02,-2.286541610956192017e-01,-2.554824352264404297e-01,-2.485410571098327637e-01,-4.147505760192871094e-01,-3.815432637929916382e-02,-2.294778227806091309e-01,-3.127203881740570068e-02,-1.304342895746231079e-01,-1.568647921085357666e-01,-4.361078515648841858e-02,-5.812002718448638916e-02,-1.725919730961322784e-02,-3.360640406608581543e-01,-1.279144734144210815e-01
4.705538451671600342e-01,3.057267665863037109e-01,8.284999132156372070e-01,7.444897890090942383e-01,1.869271397590637207e-01,5.712387338280677795e-02,1.000000000000000000e+00,6.527862548828125000e-01,-1.170582883059978485e-02,5.129880830645561218e-02,5.083168745040893555e-01,3.729044497013092041e-01,7.028924822807312012e-01,4.681891798973083496e-01,3.420871794223785400e-01,1.404780596494674683e-01,2.146137058734893799e-01,-8.259847015142440796e-02,4.871617555618286133e-01,3.512174785137176514e-01,1.813936382532119751e-01,2.031309306621551514e-01,6.640439629554748535e-01,6.785449385643005371e-01,3.542531132698059082e-01,1.811836361885070801e-01,7.082746177911758423e-02,1.079227849841117859e-01,3.879213631153106689e-01,-3.687875578179955482e-03,4.532808363437652588e-01,4.854350388050079346e-01,3.749506473541259766e-01,3.255822062492370605e-01,1.612764894962310791e-01,1.439339369535446167e-01,4.864126909524202347e-03,-1.157276555895805359e-01,1.119526773691177368e-01,-1.674010008573532104e-01,1.891413629055023193e-01,-6.596910301595926285e-03,-9.678737819194793701e-02,-5.164993181824684143e-02,2.286592870950698853e-02,-1.244227495044469833e-02,-4.511642828583717346e-02,-1.779911667108535767e-01,-1.318356767296791077e-02,-9.228366427123546600e-03,4.358669370412826538e-02,1.699298620223999023e-02,-6.456366181373596191e-02,-2.788768112659454346e-01,5.031865462660789490e-02,-1.913494169712066650e-01,3.282384574413299561e-01,2.275949269533157349e-01,3.573515415191650391e-01,2.313308864831924438e-01,4.137686491012573242e-01,2.400255948305130005e-01,3.053349256515502930e-01,1.483176797628402710e-01,3.333702683448791504e-01,2.463767677545547485e-01,3.270314633846282959e-01,1.625436395406723022e-01,1.056286171078681946e-01,1.317376792430877686e-01,6.140302866697311401e-02,2.496246621012687683e-02,1.699692755937576294e-01,2.147941850125789642e-03,1.314760595560073853e-01,-6.054974347352981567e-02,-3.757433965802192688e-02,-1.131293550133705139e-01,2.552759945392608643e-01,2.622731775045394897e-02,9.023747593164443970e-02,-5.683720111846923828e-02,1.240568310022354126e-01,7.253357023000717163e-02,3.096433281898498535e-01,9.515019506216049194e-02,1.485574543476104736e-01,2.309620827436447144e-01,5.201244726777076721e-02,-1.082377359271049500e-01,-6.110838055610656738e-02,-3.145739138126373291e-01,-9.746602177619934082e-02,-2.108159214258193970e-01,-5.146154761314392090e-02,-1.088211238384246826e-01,2.069866843521595001e-02,-3.456977382302284241e-02,-8.853567764163017273e-03,-1.474948823451995850e-01,2.244304120540618896e-01,7.184069603681564331e-02,1.731774061918258667e-01,2.276885882019996643e-02,-4.925607517361640930e-02,-6.945955753326416016e-02,7.653450220823287964e-02,2.233609259128570557e-01,2.845894917845726013e-02,-5.483824387192726135e-02,-6.868526339530944824e-02,-1.400523930788040161e-01,-1.381268799304962158e-01,-2.588691413402557373e-01,-2.608336880803108215e-02,-1.741840094327926636e-01
3.061024248600006104e-01,3.911018967628479004e-01,5.938649177551269531e-01,8.235175013542175293e-01,2.312787175178527832e-01,1.502647101879119873e-01,6.527862548828125000e-01,1.000000000000000000e+00,-9.119755029678344727e-02,1.137373372912406921e-01,2.983046174049377441e-01,6.661996245384216309e-01,4.603005945682525635e-01,7.401531934738159180e-01,2.237264364957809448e-01,2.663342952728271484e-01,5.901905521750450134e-02,-2.556164935231208801e-02,3.467526137828826904e-01,3.095910847187042236e-01,1.895115226507186890e-01,1.979657709598541260e-01,5.719740986824035645e-01,7.171568274497985840e-01,3.839862644672393799e-01,2.556456327438354492e-01,1.731786280870437622e-01,2.270849347114562988e-01,2.662690579891204834e-01,7.777059823274612427e-02,4.476743340492248535e-01,5.136204957962036133e-01,2.779233157634735107e-01,3.753312826156616211e-01,1.251073479652404785e-01,1.465646028518676758e-01,-1.572136431932449341e-01,-1.657170653343200684e-01,2.182591333985328674e-02,-1.302683800458908081e-01,2.132884562015533447e-01,2.083099074661731720e-02,-1.340630501508712769e-01,-5.100011453032493591e-02,-4.791728034615516663e-02,2.680221199989318848e-02,-7.928407937288284302e-02,-1.498117744922637939e-01,-5.955173075199127197e-02,1.300018429756164551e-01,4.380795359611511230e-02,1.436074972152709961e-01,-8.766695857048034668e-02,-2.549448013305664062e-01,-6.992463953793048859e-03,-1.584227830171585083e-01,2.198319733142852783e-01,3.100084364414215088e-01,2.991275191307067871e-01,3.390515446662902832e-01,4.065092802047729492e-01,4.553208947181701660e-01,2.589513361454010010e-01,2.529187202453613281e-01,3.041713833808898926e-01,4.859270155429840088e-01,3.581218421459197998e-01,3.639214336872100830e-01,-4.989373311400413513e-02,1.200939565896987915e-01,2.778442949056625366e-02,1.423178464174270630e-01,1.424487680196762085e-01,4.781504720449447632e-02,1.663320213556289673e-01,3.957704175263643265e-03,-2.104501277208328247e-01,-1.789583265781402588e-01,1.905875802040100098e-01,-1.320361532270908356e-02,1.004935652017593384e-01,6.771069765090942383e-02,8.685392141342163086e-02,2.151280343532562256e-01,2.113205045461654663e-01,2.736946940422058105e-01,7.149346172809600830e-02,2.684586346149444580e-01,-2.627367898821830750e-02,1.150028500705957413e-02,-9.287936985492706299e-02,-3.538231551647186279e-01,-1.077884137630462646e-01,-2.505178749561309814e-01,-5.848240852355957031e-02,-1.207193732261657715e-01,-1.045450270175933838e-01,-1.575767993927001953e-01,-8.006584644317626953e-02,-1.273412853479385376e-01,2.056147754192352295e-01,-7.131168153136968613e-03,1.068500727415084839e-01,-5.960107780992984772e-03,-8.734990656375885010e-02,-1.456168442964553833e-01,7.917902618646621704e-02,1.294104009866714478e-01,2.239642431959509850e-03,-1.778889447450637817e-01,-2.407810837030410767e-01,-2.479061335325241089e-01,-1.642986983060836792e-01,-2.810240387916564941e-01,-1.006884872913360596e-01,-2.828608453273773193e-01
1.270178705453872681e-01,3.131802752614021301e-02,5.821065977215766907e-03,4.968507587909698486e-02,6.552006006240844727e-01,6.995515823364257812e-01,-1.170582883059978485e-02,-9.119755029678344727e-02,1.000000000000000000e+00,7.107900381088256836e-01,3.620060086250305176e-01,-3.116890601813793182e-02,2.593416571617126465e-01,1.115275025367736816e-01,6.590713858604431152e-01,5.843390226364135742e-01,6.339006870985031128e-02,1.024622470140457153e-01,5.945252254605293274e-02,1.418783664703369141e-01,2.719760239124298096e-01,1.883548945188522339e-01,1.775902211666107178e-01,1.315758973360061646e-01,5.104463696479797363e-01,5.672094225883483887e-01,6.133959293365478516e-01,5.985072255134582520e-01,3.100087940692901611e-01,7.520684599876403809e-02,3.589353859424591064e-01,3.296220004558563232e-01,1.899169236421585083e-01,1.211701259016990662e-01,-4.625479876995086670e-02,-2.998721040785312653e-02,9.873554110527038574e-02,-1.765533834695816040e-01,1.491298079490661621e-01,-5.551742017269134521e-02,-7.465923577547073364e-02,-2.948111295700073242e-01,-6.259897351264953613e-02,-8.629518747329711914e-02,2.319372817873954773e-02,-6.343916803598403931e-02,-6.637988239526748657e-02,-8.465923368930816650e-02,7.006035745143890381e-02,-3.251294046640396118e-02,2.678425237536430359e-02,-7.003962248563766479e-02,1.454833615571260452e-02,1.298001706600189209e-01,-7.245592772960662842e-02,-1.283622682094573975e-01,1.556566059589385986e-01,5.544083938002586365e-02,6.336678564548492432e-02,-4.779225587844848633e-02,1.657807528972625732e-01,9.836708009243011475e-02,9.517716616392135620e-02,4.288437217473983765e-02,8.775641024112701416e-02,3.075822954997420311e-03,-1.371585484594106674e-02,-6.854607164859771729e-02,2.107664197683334351e-01,1.422035545110702515e-01,1.113786399364471436e-01,-7.539597153663635254e-02,2.691116929054260254e-01,-2.615426778793334961e-01,2.113426029682159424e-01,-1.286559849977493286e-01,1.692906916141510010e-01,-1.013034880161285400e-01,9.243201464414596558e-02,4.658255353569984436e-02,6.519028544425964355e-02,-1.420692950487136841e-01,3.566094934940338135e-01,-8.433028124272823334e-03,1.261762380599975586e-01,-1.123613789677619934e-01,1.588041335344314575e-01,3.400371074676513672e-01,2.279093861579895020e-01,-4.022780433297157288e-02,-1.546359807252883911e-01,6.186760216951370239e-02,2.417288273572921753e-01,3.124141991138458252e-01,-5.195980891585350037e-02,-1.675253361463546753e-01,-4.437613859772682190e-02,-7.285406440496444702e-02,-9.525994211435317993e-02,-9.120442718267440796e-02,-2.226702123880386353e-01,9.447325021028518677e-02,-2.773788273334503174e-01,-2.030296921730041504e-01,-1.912955492734909058e-01,-2.591435909271240234e-01,-8.296743780374526978e-02,-1.196014359593391418e-01,2.865787595510482788e-02,-5.533351376652717590e-02,-4.098789393901824951e-02,-4.110674839466810226e-03,-5.375522002577781677e-02,1.603300310671329498e-02,-2.377357333898544312e-01,-7.919830828905105591e-02
2.263185568153858185e-02,-8.019554615020751953e-02,7.412423938512802124e-02,1.829164177179336548e-01,6.565577983856201172e-01,8.603245019912719727e-01,5.129880830645561218e-02,1.137373372912406921e-01,7.107900381088256836e-01,1.000000000000000000e+00,3.249644041061401367e-01,8.353778719902038574e-02,2.429087460041046143e-01,3.237002789974212646e-01,5.926204323768615723e-01,7.647691965103149414e-01,-6.475615501403808594e-02,-8.996387571096420288e-02,-9.161201864480972290e-02,-1.022910792380571365e-02,3.360362350940704346e-01,2.819218039512634277e-01,2.177823185920715332e-01,3.066622018814086914e-01,6.634225845336914062e-01,8.056892156600952148e-01,5.894674062728881836e-01,6.805865764617919922e-01,2.752469182014465332e-01,-9.810113906860351562e-02,4.159142076969146729e-01,4.198181331157684326e-01,4.645046219229698181e-02,2.218051254749298096e-02,-1.717301160097122192e-01,8.269177749752998352e-03,-6.619670242071151733e-02,-3.840716183185577393e-01,3.769975155591964722e-02,-1.758797615766525269e-01,-5.745064094662666321e-02,-5.369361639022827148e-01,-7.477206736803054810e-02,-1.285370439291000366e-01,-5.997583270072937012e-03,-3.511715680360794067e-02,-1.435136348009109497e-01,-1.425632089376449585e-01,5.811686441302299500e-02,3.384215757250785828e-02,2.045199275016784668e-02,-2.823072671890258789e-02,2.624011225998401642e-02,2.410870604217052460e-02,-1.181937158107757568e-01,-2.457096576690673828e-01,2.293230593204498291e-02,-8.153783529996871948e-02,-1.765934191644191742e-02,-6.716773658990859985e-02,6.874524056911468506e-02,1.104395277798175812e-02,2.961431629955768585e-02,-8.629118651151657104e-02,3.287008404731750488e-02,5.209752172231674194e-02,-1.152485534548759460e-01,-7.961566746234893799e-02,-4.498387873172760010e-02,2.515562251210212708e-02,1.482063680887222290e-01,-1.897718757390975952e-01,2.393975257873535156e-01,-5.361614227294921875e-01,7.637134194374084473e-02,-4.069905579090118408e-01,-8.625879138708114624e-02,-3.761396706104278564e-01,2.331459894776344299e-02,-9.896980971097946167e-02,4.341359436511993408e-02,-2.687111794948577881e-01,3.959959149360656738e-01,1.098868399858474731e-01,8.650806546211242676e-02,-1.570701748132705688e-01,1.922618001699447632e-01,4.313064515590667725e-01,1.522292345762252808e-01,-1.650844812393188477e-01,-1.418018490076065063e-01,-6.289752572774887085e-02,1.672500967979431152e-01,1.618957817554473877e-01,-1.175887212157249451e-01,-2.080902755260467529e-01,-2.158199101686477661e-01,-3.211284875869750977e-01,-1.808527410030364990e-01,-1.741877198219299316e-01,-1.586741060018539429e-01,-2.148281782865524292e-02,-2.977378666400909424e-01,-3.118195831775665283e-01,-3.123897910118103027e-01,-4.680633544921875000e-01,-5.541291832923889160e-02,-2.234336137771606445e-01,-6.578716635704040527e-02,-1.688982993364334106e-01,-2.121682316064834595e-01,-7.112688571214675903e-02,-9.641370177268981934e-02,-6.273007392883300781e-02,-4.053205549716949463e-01,-1.054385304450988770e-01
4.584524333477020264e-01,2.278111129999160767e-01,4.414940476417541504e-01,4.086982905864715576e-01,2.890661060810089111e-01,2.955414056777954102e-01,5.083168745040893555e-01,2.983046174049377441e-01,3.620060086250305176e-01,3.249644041061401367e-01,1.000000000000000000e+00,3.216566741466522217e-01,6.654570102691650391e-01,4.252146482467651367e-01,4.680098593235015869e-01,3.189947605133056641e-01,2.893267869949340820e-01,1.058661714196205139e-01,3.532266318798065186e-01,2.925489842891693115e-01,1.427436023950576782e-01,7.709519565105438232e-02,4.307779967784881592e-01,3.926797509193420410e-01,3.611913025379180908e-01,2.814229428768157959e-01,2.159397453069686890e-01,2.077450156211853027e-01,4.659483134746551514e-01,1.198370084166526794e-01,3.735058009624481201e-01,3.620614409446716309e-01,3.221586644649505615e-01,1.858523488044738770e-01,-1.339086797088384628e-03,7.874903082847595215e-02,1.975617744028568268e-02,-2.095625251531600952e-01,2.471816726028919220e-02,-1.481236070394515991e-01,-4.291914775967597961e-02,-1.749145388603210449e-01,-1.145295053720474243e-01,-1.256673485040664673e-01,3.214581310749053955e-02,5.569775123149156570e-03,-9.070783853530883789e-02,-1.913393437862396240e-01,3.848975524306297302e-02,-1.335927192121744156e-02,-1.544596906751394272e-02,-6.704232841730117798e-02,-4.763966426253318787e-02,-1.650338172912597656e-01,-2.688063867390155792e-02,-1.983077377080917358e-01,4.142943024635314941e-01,2.424911707639694214e-01,2.555912435054779053e-01,1.472109109163284302e-01,4.782197773456573486e-01,2.459520101547241211e-01,4.134193956851959229e-01,2.950908541679382324e-01,1.509993076324462891e-01,9.309268742799758911e-02,1.009069457650184631e-01,4.925052169710397720e-03,1.672963500022888184e-01,8.685661107301712036e-02,5.595682188868522644e-02,-8.592574298381805420e-02,1.815919578075408936e-01,-2.030525505542755127e-01,6.380215287208557129e-02,-1.062637344002723694e-01,7.946459949016571045e-02,-1.547440439462661743e-01,2.014973461627960205e-01,4.931665956974029541e-02,1.594901382923126221e-01,-8.847820013761520386e-02,2.904284298419952393e-01,9.533641487360000610e-02,1.577599942684173584e-01,-8.865698426961898804e-02,1.823822259902954102e-01,2.633661925792694092e-01,1.639619767665863037e-01,-1.063183918595314026e-01,-9.797389060258865356e-02,-1.639763265848159790e-01,4.049353301525115967e-02,2.643200755119323730e-02,-8.118097484111785889e-02,-1.719875931739807129e-01,-5.041561275720596313e-02,-6.166547536849975586e-02,-3.645078837871551514e-02,-1.069249436259269714e-01,5.556332319974899292e-02,2.738264389336109161e-02,4.072310402989387512e-03,-4.939908534288406372e-02,-9.211391210556030273e-02,-1.731212139129638672e-01,3.402990847826004028e-02,5.850934609770774841e-02,1.196809113025665283e-01,-9.607204049825668335e-02,-1.086303591728210449e-01,-3.288218751549720764e-02,-6.414759159088134766e-02,-2.452140860259532928e-02,-9.527526050806045532e-02,-7.162118703126907349e-02
2.725058495998382568e-01,4.674285948276519775e-01,3.139763176441192627e-01,5.704417824745178223e-01,1.736471205949783325e-01,1.088385581970214844e-01,3.729044497013092041e-01,6.661996245384216309e-01,-3.116890601813793182e-02,8.353778719902038574e-02,3.216566741466522217e-01,1.000000000000000000e+00,3.661894202232360840e-01,7.343380451202392578e-01,2.403543442487716675e-01,3.030819296836853027e-01,9.653778374195098877e-02,2.131072580814361572e-01,3.060896992683410645e-01,3.357323110103607178e-01,1.793341338634490967e-01,1.261897683143615723e-01,4.429989457130432129e-01,5.420908331871032715e-01,2.573427855968475342e-01,1.450055241584777832e-01,1.942506581544876099e-01,1.865155547857284546e-01,2.817091643810272217e-01,3.288597166538238525e-01,3.801508843898773193e-01,4.011214673519134521e-01,3.385080397129058838e-01,4.088786542415618896e-01,4.008875042200088501e-02,9.862476587295532227e-02,-8.659633249044418335e-02,-1.149828210473060608e-01,3.032010793685913086e-02,-1.029680296778678894e-01,1.859040260314941406e-01,1.011587232351303101e-01,-1.340020447969436646e-01,-2.047362178564071655e-02,-4.559547454118728638e-02,7.540008425712585449e-02,-6.000044522807002068e-04,-3.550782054662704468e-02,5.271710921078920364e-03,1.746624261140823364e-01,9.445796906948089600e-02,1.638908386230468750e-01,-3.128626942634582520e-02,-1.463692784309387207e-01,6.913463026285171509e-02,2.358962316066026688e-03,2.130150794982910156e-01,3.432198166847229004e-01,2.720141112804412842e-01,2.317114323377609253e-01,4.001383185386657715e-01,4.245636165142059326e-01,2.888470590114593506e-01,3.004718124866485596e-01,2.211546897888183594e-01,3.607476949691772461e-01,2.340996414422988892e-01,2.694627642631530762e-01,-1.185526326298713684e-02,9.763763844966888428e-02,-2.964770048856735229e-02,2.024838179349899292e-01,1.738464087247848511e-01,1.595176011323928833e-01,2.108010202646255493e-01,1.630600392818450928e-01,-9.532333165407180786e-02,-4.430184513330459595e-02,1.619620472192764282e-01,1.257076710462570190e-01,1.151416003704071045e-01,1.638908535242080688e-01,1.064362972974777222e-01,3.121142983436584473e-01,1.704569756984710693e-01,3.228615522384643555e-01,6.608446687459945679e-02,2.775523066520690918e-01,-8.554841391742229462e-03,1.091766059398651123e-01,-6.771049648523330688e-02,-1.689061224460601807e-01,-5.352071300148963928e-02,-1.318542063236236572e-01,1.325412746518850327e-02,-4.907862469553947449e-02,-8.048448711633682251e-02,-7.064778357744216919e-02,3.013288369402289391e-03,1.575110107660293579e-02,1.437678039073944092e-01,-1.312458654865622520e-03,6.692855805158615112e-02,2.022293582558631897e-02,-4.866323247551918030e-02,-7.048510015010833740e-02,4.457052052021026611e-02,8.330915123224258423e-02,8.249819278717041016e-02,-1.341717690229415894e-01,-2.446737289428710938e-01,-1.546011269092559814e-01,-7.230450212955474854e-02,-1.067688614130020142e-01,-1.612556912004947662e-02,-2.605675756931304932e-01
3.805072903633117676e-01,2.349022477865219116e-01,6.194992661476135254e-01,5.406282544136047363e-01,3.463864326477050781e-01,2.339591532945632935e-01,7.028924822807312012e-01,4.603005945682525635e-01,2.593416571617126465e-01,2.429087460041046143e-01,6.654570102691650391e-01,3.661894202232360840e-01,1.000000000000000000e+00,5.025074481964111328e-01,5.743343830108642578e-01,2.879453897476196289e-01,2.203829437494277954e-01,2.404865063726902008e-02,3.752298653125762939e-01,2.885813117027282715e-01,2.324863225221633911e-01,1.868369877338409424e-01,6.748871207237243652e-01,6.462977528572082520e-01,4.812800884246826172e-01,3.162811398506164551e-01,2.342124730348587036e-01,2.402740269899368286e-01,4.712857007980346680e-01,7.573880255222320557e-02,5.592876672744750977e-01,5.677809119224548340e-01,3.874899446964263916e-01,3.303396403789520264e-01,1.269222497940063477e-01,8.872323483228683472e-02,-2.741231815889477730e-03,-2.030323892831802368e-01,9.918372333049774170e-02,-2.435107380151748657e-01,1.368558108806610107e-01,-9.113311022520065308e-02,-1.891481131315231323e-01,-1.294643729925155640e-01,-1.026987750083208084e-02,-8.344913274049758911e-02,-7.840035110712051392e-02,-2.244295775890350342e-01,-5.053009372204542160e-03,-3.281334787607192993e-02,1.982749206945300102e-03,-6.023356225341558456e-03,-1.158929094672203064e-01,-2.158912569284439087e-01,1.952703669667243958e-02,-2.455028891563415527e-01,2.580772638320922852e-01,1.480716317892074585e-01,2.511061131954193115e-01,4.747907444834709167e-02,4.540085196495056152e-01,2.131864130496978760e-01,3.849546909332275391e-01,1.439082473516464233e-01,3.546203672885894775e-01,1.883297562599182129e-01,1.702615469694137573e-01,3.468895796686410904e-03,5.110797286033630371e-02,2.230582945048809052e-02,1.117979213595390320e-01,6.087469682097434998e-02,2.534994184970855713e-01,-7.189400494098663330e-02,2.008692473173141479e-01,-8.330637961626052856e-02,7.899863272905349731e-02,-9.202937781810760498e-02,2.584863603115081787e-01,6.633881479501724243e-02,1.486796438694000244e-01,-1.893467828631401062e-02,1.854399293661117554e-01,1.237850189208984375e-01,3.742369115352630615e-01,7.822148501873016357e-02,1.185554116964340210e-01,3.052851855754852295e-01,8.061210066080093384e-02,-1.396532654762268066e-01,-2.018660157918930054e-01,-2.727265059947967529e-01,-1.120599433779716492e-01,-1.762757152318954468e-01,-7.728143036365509033e-02,-1.597597897052764893e-01,-7.196795940399169922e-02,-1.190010905265808105e-01,-9.492365270853042603e-02,-1.575380414724349976e-01,7.506965845823287964e-02,2.864573709666728973e-02,5.503200925886631012e-03,-7.121181488037109375e-02,-1.552906483411788940e-01,-1.805843859910964966e-01,8.885917812585830688e-02,1.788395941257476807e-01,1.963555812835693359e-02,-1.006441712379455566e-01,-1.299356520175933838e-01,-1.482854783535003662e-01,-2.128836065530776978e-01,-2.565906643867492676e-01,-1.268154829740524292e-01,-2.312782257795333862e-01
