1.000000000000000000e+00,3.054775893688201904e-01,3.586341738700866699e-01,4.776419401168823242e-01,-1.449379976838827133e-02,3.206701576709747314e-02,5.211418867111206055e-01,3.913356363773345947e-01,2.206211909651756287e-02,-2.395925484597682953e-02,4.374805688858032227e-01,3.031999170780181885e-01,3.152955770492553711e-01,2.079454511404037476e-01,3.634599223732948303e-02,-6.915395148098468781e-03,4.845695197582244873e-01,2.864516675472259521e-01,2.226921170949935913e-01,1.796411573886871338e-01,2.389378696680068970e-01,3.126887083053588867e-01,2.741669714450836182e-01,2.428853511810302734e-01,6.304892152547836304e-02,1.470217406749725342e-01,5.520105361938476562e-02,1.401437073945999146e-01,4.067041575908660889e-01,3.023798167705535889e-01,1.208477094769477844e-01,2.716892957687377930e-01,3.731169104576110840e-01,3.024726212024688721e-01,2.993330359458923340e-01,3.247353136539459229e-01,2.729723751544952393e-01,1.698393076658248901e-01,1.968168616294860840e-01,1.137214675545692444e-01,4.563594236969947815e-02,1.611738353967666626e-01,3.247860372066497803e-01,3.516276180744171143e-01,1.208489164710044861e-01,1.316877156496047974e-01,2.529871165752410889e-01,1.892609149217605591e-01,1.005803272128105164e-01,3.349795192480087280e-02,1.731433272361755371e-01,1.413196921348571777e-01,7.919353991746902466e-02,4.961278289556503296e-02,6.755313277244567871e-02,5.350907519459724426e-02,5.182965993881225586e-01,2.084293961524963379e-01,2.392766624689102173e-01,7.887816429138183594e-02,2.440392971038818359e-01,9.729782491922378540e-02,2.336761802434921265e-01,2.909599430859088898e-02,8.904349058866500854e-02,-1.620697416365146637e-02,3.194068074226379395e-01,2.615260481834411621e-01,5.642542243003845215e-02,2.461497932672500610e-01,2.858428955078125000e-01,2.310978472232818604e-01,1.706123948097229004e-01,2.374139726161956787e-01,8.090419322252273560e-02,1.294821649789810181e-01,2.530807554721832275e-01,2.051412910223007202e-01,3.662401139736175537e-01,1.956168711185455322e-01,4.081096351146697998e-01,1.329691559076309204e-01,-7.943490147590637207e-02,-1.062415391206741333e-01,3.369702696800231934e-01,7.515455037355422974e-02,-1.180752366781234741e-01,-7.699044793844223022e-02,9.124841541051864624e-02,-7.729648053646087646e-02,7.499436289072036743e-02,-5.784767493605613708e-02,1.605154538992792368e-04,-6.661796569824218750e-02,1.056825816631317139e-01,1.543550491333007812e-01,1.630958467721939087e-01,2.926552854478359222e-02,1.280970275402069092e-01,9.598285891115665436e-03,-5.261929705739021301e-02,-8.024632185697555542e-02,3.192020207643508911e-02,-4.198906570672988892e-02,2.361372485756874084e-02,-5.640564486384391785e-02,3.773759305477142334e-02,6.716500967741012573e-02,2.716068625450134277e-01,1.865655332803726196e-01,7.136444747447967529e-02,1.462228596210479736e-01,5.737374722957611084e-02,-2.380621246993541718e-02,1.298989504575729370e-01,1.769592165946960449e-01
3.054775893688201904e-01,1.000000000000000000e+00,2.127305865287780762e-01,3.616579473018646240e-01,-1.417473703622817993e-01,7.879024744033813477e-02,2.091019153594970703e-01,4.345477223396301270e-01,-1.909677535295486450e-01,1.440717577934265137e-01,9.801762551069259644e-02,3.018088042736053467e-01,5.031642690300941467e-02,4.073197543621063232e-01,-1.451291292905807495e-01,2.476003021001815796e-01,1.443268805742263794e-01,2.267667800188064575e-01,8.375047147274017334e-02,4.679888114333152771e-02,9.841112792491912842e-02,1.131446659564971924e-01,2.880855202674865723e-01,3.009648025035858154e-01,9.203010238707065582e-03,7.907942682504653931e-02,1.316078379750251770e-02,5.235732346773147583e-02,2.108570933341979980e-01,2.920570671558380127e-01,3.209508359432220459e-01,3.834430575370788574e-01,2.212268412113189697e-01,3.045500516891479492e-01,3.465451598167419434e-01,3.301309049129486084e-01,2.880140542984008789e-01,2.085195779800415039e-01,1.920094192028045654e-01,2.146536856889724731e-01,3.770620748400688171e-02,1.015509963035583496e-01,9.910447150468826294e-02,1.546144634485244751e-01,6.062264740467071533e-02,9.024925529956817627e-02,1.119116544723510742e-01,1.300917863845825195e-01,2.945870161056518555e-02,1.645766496658325195e-01,4.036184027791023254e-02,1.385354101657867432e-01,2.043304443359375000e-01,2.926702499389648438e-01,2.312611043453216553e-01,3.262954652309417725e-01,3.778914213180541992e-01,5.349325537681579590e-01,3.241425156593322754e-01,3.689619004726409912e-01,2.668957412242889404e-01,3.400940895080566406e-01,2.886252701282501221e-01,4.282771944999694824e-01,4.410369694232940674e-02,2.737399637699127197e-01,3.457446694374084473e-01,3.477713763713836670e-01,2.329734265804290771e-01,4.874168932437896729e-01,2.743794918060302734e-01,3.047354221343994141e-01,1.172975972294807434e-01,1.618457734584808350e-01,6.595340371131896973e-02,3.601294755935668945e-02,3.606102168560028076e-01,3.858956396579742432e-01,9.701650589704513550e-02,4.658772423863410950e-02,8.441297709941864014e-02,2.663320004940032959e-01,-9.157726168632507324e-02,2.154840379953384399e-01,5.730549246072769165e-02,2.757498919963836670e-01,-1.719556301832199097e-01,1.712600588798522949e-01,4.361761361360549927e-02,2.974731028079986572e-01,1.486976742744445801e-01,2.640781104564666748e-01,3.414427116513252258e-02,1.639329791069030762e-01,1.232600361108779907e-01,1.961349546909332275e-01,2.566335499286651611e-01,2.742213010787963867e-01,2.555051743984222412e-01,3.072172105312347412e-01,1.429961808025836945e-02,1.049548909068107605e-01,5.478836223483085632e-02,1.124494001269340515e-01,1.086704432964324951e-01,1.496715843677520752e-01,7.751098275184631348e-02,1.538331508636474609e-01,2.243326008319854736e-01,1.492698788642883301e-01,2.908320128917694092e-01,3.351554274559020996e-01,3.205305337905883789e-01,1.105997487902641296e-01,2.562532126903533936e-01,3.012759685516357422e-01
3.586341738700866699e-01,2.127305865287780762e-01,1.000000000000000000e+00,6.036064028739929199e-01,2.021346986293792725e-01,1.790372878313064575e-01,6.913380026817321777e-01,4.635078907012939453e-01,1.740856468677520752e-01,7.709790952503681183e-03,2.672575414180755615e-01,2.287337929010391235e-02,4.998067319393157959e-01,1.779998391866683960e-01,2.097266614437103271e-01,1.548074334859848022e-01,1.790368556976318359e-01,-7.146648317575454712e-02,2.744564414024353027e-01,2.897102534770965576e-01,3.293139040470123291e-01,3.660117685794830322e-01,5.182870030403137207e-01,5.120153427124023438e-01,2.945013344287872314e-01,2.778472304344177246e-01,2.468840628862380981e-01,2.599727213382720947e-01,3.467873334884643555e-01,1.926051974296569824e-01,3.226449191570281982e-01,4.102191329002380371e-01,1.192522794008255005e-01,1.605600565671920776e-01,-3.618592768907546997e-02,-2.979725040495395660e-02,1.407688260078430176e-01,-6.431048363447189331e-02,2.484810054302215576e-01,-1.844747737050056458e-02,3.291944265365600586e-01,9.297341853380203247e-02,1.349860131740570068e-01,1.438518762588500977e-01,-1.337063685059547424e-02,5.190899223089218140e-02,-4.520246759057044983e-02,-1.286961287260055542e-01,6.523070484399795532e-02,2.461796812713146210e-02,6.470502167940139771e-02,-6.118760257959365845e-02,9.144557267427444458e-02,-8.915404975414276123e-02,2.555286698043346405e-02,-1.382424086332321167e-01,3.758374452590942383e-01,3.065488673746585846e-02,1.940414756536483765e-01,1.874241530895233154e-01,2.618417739868164062e-01,2.184533476829528809e-01,3.106435239315032959e-01,2.225542441010475159e-02,6.363872438669204712e-02,-1.335612833499908447e-01,9.070905297994613647e-02,9.437692910432815552e-02,-4.222325608134269714e-02,5.550076812505722046e-02,3.205055892467498779e-01,2.591813802719116211e-01,2.248069643974304199e-01,1.194838210940361023e-01,1.378828585147857666e-01,5.137206614017486572e-02,3.154508024454116821e-02,3.128121420741081238e-02,1.258149147033691406e-01,-1.061863303184509277e-01,1.859913468360900879e-01,-1.772497445344924927e-01,2.263799905776977539e-01,8.978189527988433838e-02,1.471659541130065918e-01,-2.711939215660095215e-01,5.062432587146759033e-02,1.165625452995300293e-02,1.148138567805290222e-01,-1.961343586444854736e-01,-4.741371423006057739e-02,-1.957779824733734131e-01,-2.385752052068710327e-01,-2.486880570650100708e-01,1.326120942831039429e-01,-5.973070859909057617e-02,1.463830936700105667e-02,-2.052411884069442749e-01,-7.376627624034881592e-02,-2.561909556388854980e-01,-1.711544990539550781e-01,-1.613383144140243530e-01,-1.034131040796637535e-03,-2.108352184295654297e-01,-2.233625650405883789e-01,-2.061420381069183350e-01,-1.357120275497436523e-01,-1.645620316267013550e-01,3.643590211868286133e-02,1.830254644155502319e-01,1.830612570047378540e-01,1.191434487700462341e-01,-5.429370794445276260e-04,-2.386389374732971191e-01,-1.196391880512237549e-01,-1.430717557668685913e-01
4.776419401168823242e-01,3.616579473018646240e-01,6.036064028739929199e-01,1.000000000000000000e+00,1.437685042619705200e-01,3.100223541259765625e-01,5.966038703918457031e-01,5.783941745758056641e-01,5.501949042081832886e-02,1.711462140083312988e-01,2.703080773353576660e-01,1.236697286367416382e-01,3.597472012042999268e-01,2.720186710357666016e-01,1.316334009170532227e-01,2.789502739906311035e-01,1.934602409601211548e-01,4.701658338308334351e-02,2.946719825267791748e-01,3.368347883224487305e-01,3.480130136013031006e-01,4.176712930202484131e-01,3.713480532169342041e-01,4.524344801902770996e-01,2.704758644104003906e-01,3.720581829547882080e-01,2.761150598526000977e-01,3.486936390399932861e-01,3.401112854480743408e-01,3.181243240833282471e-01,3.009337186813354492e-01,4.349980950355529785e-01,2.608795464038848877e-01,2.678530216217041016e-01,1.290547847747802734e-01,1.526372581720352173e-01,2.588626742362976074e-01,6.847117841243743896e-02,2.423645555973052979e-01,1.030173078179359436e-01,2.450083643198013306e-01,1.136429607868194580e-01,1.863750070333480835e-01,2.791449129581451416e-01,9.872633218765258789e-02,2.285290360450744629e-01,1.180850118398666382e-01,6.985544413328170776e-02,1.216846928000450134e-01,1.666313856840133667e-01,1.720471084117889404e-01,7.338589429855346680e-02,1.440616697072982788e-01,3.705768287181854248e-02,4.443039745092391968e-02,3.141077980399131775e-02,4.080089628696441650e-01,1.279748827219009399e-01,2.025112956762313843e-01,1.017756238579750061e-01,3.034481108188629150e-01,1.472142487764358521e-01,2.322294414043426514e-01,7.846861332654953003e-02,4.190627485513687134e-02,-3.313225135207176208e-02,1.573380082845687866e-01,1.697698086500167847e-01,1.084543615579605103e-01,2.182465344667434692e-01,3.409115672111511230e-01,3.398617804050445557e-01,2.626524567604064941e-01,2.005729973316192627e-01,1.958548426628112793e-01,8.773632347583770752e-02,1.500230431556701660e-01,1.337442696094512939e-01,1.602205485105514526e-01,-2.287859562784433365e-03,1.687171459197998047e-01,-6.363848596811294556e-02,5.799150094389915466e-02,1.526581943035125732e-01,1.520422250032424927e-01,-9.911385178565979004e-02,-1.193623989820480347e-01,4.498982429504394531e-02,1.460925955325365067e-02,-5.955939739942550659e-02,-5.965550243854522705e-02,-8.767987042665481567e-02,-2.187508493661880493e-01,-1.616127938032150269e-01,1.128841787576675415e-01,3.797480836510658264e-02,1.241846010088920593e-01,-4.058321565389633179e-02,4.539183899760246277e-02,-3.700937703251838684e-02,-2.176329940557479858e-01,-2.009650617837905884e-01,-1.098337620496749878e-01,-2.018819451332092285e-01,-1.792180091142654419e-01,-1.919256746768951416e-01,-1.202368587255477905e-01,-1.347118616104125977e-01,1.972181946039199829e-01,1.894809156656265259e-01,2.007292509078979492e-01,2.331180721521377563e-01,1.040164753794670105e-01,-1.444699764251708984e-01,-1.334142172709107399e-03,3.736796556040644646e-03
-1.449379976838827133e-02,-1.417473703622817993e-01,2.021346986293792725e-01,1.437685042619705200e-01,1.000000000000000000e+00,5.227748751640319824e-01,2.013929933309555054e-01,-7.297171652317047119e-02,6.520885229110717773e-01,3.324183821678161621e-01,-7.954080402851104736e-02,-2.083413600921630859e-01,2.489499300718307495e-01,-1.920547932386398315e-01,6.351884007453918457e-01,2.593230009078979492e-01,-1.070356667041778564e-01,-3.432802557945251465e-01,-7.476326543837785721e-03,-3.581283614039421082e-03,2.102472633123397827e-01,2.439254075288772583e-01,-3.500152006745338440e-02,-3.911055997014045715e-02,5.997228622436523438e-01,4.851171970367431641e-01,6.169266700744628906e-01,5.083661079406738281e-01,-7.561191171407699585e-02,4.526359215378761292e-02,1.245452687144279480e-01,1.331373956054449081e-02,-2.885965406894683838e-01,-3.020465075969696045e-01,-3.737955689430236816e-01,-3.610182106494903564e-01,-1.418618559837341309e-01,-1.438436508178710938e-01,1.255372464656829834e-01,9.170281887054443359e-02,9.546181187033653259e-03,1.032955497503280640e-01,-5.501259490847587585e-02,-6.528595089912414551e-02,1.978976577520370483e-01,9.556277096271514893e-02,-1.213560104370117188e-01,-7.945298403501510620e-02,2.152380049228668213e-01,1.523675918579101562e-01,2.427728660404682159e-02,-1.190871745347976685e-01,2.863954380154609680e-02,-1.550443917512893677e-01,1.792840659618377686e-01,-2.282494120299816132e-02,8.418289572000503540e-02,-1.998661756515502930e-01,-2.468263208866119385e-01,-2.760459482669830322e-01,-3.477756399661302567e-03,-2.583400607109069824e-01,-6.659404374659061432e-03,-1.743844449520111084e-01,-6.368550658226013184e-02,-1.298173367977142334e-01,-4.021289944648742676e-01,-4.253992140293121338e-01,1.670960783958435059e-01,-1.317563205957412720e-01,5.086302757263183594e-02,4.107762128114700317e-02,-1.388160586357116699e-01,1.184493079781532288e-01,-1.929490827023983002e-02,5.310721322894096375e-02,-1.922412812709808350e-01,-2.467730641365051270e-01,-6.655385345220565796e-02,-3.177521824836730957e-01,-1.099233701825141907e-01,-3.383657038211822510e-01,5.971983075141906738e-01,2.819163501262664795e-01,2.102634310722351074e-02,-2.106653451919555664e-01,4.612111747264862061e-01,2.153830081224441528e-01,2.917853593826293945e-01,-4.022354260087013245e-03,1.294989287853240967e-01,-2.079049684107303619e-02,2.349839359521865845e-02,-2.368957176804542542e-02,6.451533734798431396e-02,-1.039373502135276794e-01,4.105780273675918579e-02,-8.206751942634582520e-02,-1.103993272408843040e-04,-9.294074028730392456e-02,5.802536755800247192e-02,3.166563808917999268e-02,7.849086821079254150e-02,2.422541752457618713e-02,3.974650800228118896e-02,5.100303143262863159e-02,3.952663019299507141e-02,-2.984199300408363342e-02,-4.586012661457061768e-02,4.662134125828742981e-02,9.596822410821914673e-02,6.752026826143264771e-02,-6.907797069288790226e-04,9.858235716819763184e-03,-5.614647641777992249e-02,-2.642699778079986572e-01
3.206701576709747314e-02,7.879024744033813477e-02,1.790372878313064575e-01,3.100223541259765625e-01,5.227748751640319824e-01,1.000000000000000000e+00,1.733163446187973022e-01,2.346498519182205200e-01,2.167317271232604980e-01,5.757802724838256836e-01,-1.835223436355590820e-01,-7.049370557069778442e-02,1.656484603881835938e-02,5.982197448611259460e-02,3.142050206661224365e-01,5.665578842163085938e-01,-1.652360260486602783e-01,-1.563850641250610352e-01,-1.514837797731161118e-02,1.281501445919275284e-02,2.373100668191909790e-01,3.291672468185424805e-01,1.069417893886566162e-01,2.119182646274566650e-01,6.338443160057067871e-01,6.589264869689941406e-01,6.392346024513244629e-01,6.726471781730651855e-01,6.325464695692062378e-02,2.115072309970855713e-01,1.983477771282196045e-01,2.454118877649307251e-01,7.798556704074144363e-03,-6.935186684131622314e-03,-1.694736443459987640e-02,-1.107996213249862194e-04,1.512993574142456055e-01,6.202872470021247864e-02,1.938667446374893188e-01,2.624204158782958984e-01,1.383241564035415649e-01,1.322080045938491821e-01,5.195444077253341675e-02,9.501511603593826294e-02,1.308679878711700439e-01,2.123702913522720337e-01,6.978441774845123291e-02,7.009668648242950439e-02,1.654611080884933472e-01,2.497165352106094360e-01,1.178937181830406189e-01,-1.590378768742084503e-02,2.140188068151473999e-01,1.253138482570648193e-01,1.630516350269317627e-01,1.754767149686813354e-01,1.025371775031089783e-01,-2.661245316267013550e-02,-4.954090341925621033e-02,-1.112625524401664734e-01,1.244091615080833435e-01,-1.047626882791519165e-01,7.394143939018249512e-02,5.164608731865882874e-02,1.950167305767536163e-02,-1.213999763131141663e-01,-9.044288098812103271e-02,-6.681872904300689697e-02,5.692034587264060974e-02,3.065325692296028137e-02,1.158975213766098022e-01,1.467357575893402100e-01,2.787571772933006287e-02,9.937810152769088745e-02,1.462682783603668213e-01,9.063834697008132935e-02,7.199815660715103149e-02,9.826997667551040649e-02,-5.752531811594963074e-02,-1.140599027276039124e-01,-1.303005367517471313e-01,-1.643620878458023071e-01,2.732203006744384766e-01,5.418915748596191406e-01,-8.144190907478332520e-02,-8.579090982675552368e-02,5.909810215234756470e-02,3.534663915634155273e-01,2.770320978015661240e-03,1.365234404802322388e-01,2.773233875632286072e-02,6.671679764986038208e-02,-1.000138595700263977e-01,3.297265991568565369e-02,1.426829546689987183e-01,-3.572863340377807617e-02,2.241432070732116699e-01,1.324017196893692017e-01,9.591937810182571411e-02,7.714986056089401245e-02,-9.928531944751739502e-02,-7.610530406236648560e-02,-1.015111282467842102e-01,-1.024155169725418091e-01,-8.357849717140197754e-02,-5.604967474937438965e-02,-6.006614863872528076e-02,-1.270779669284820557e-01,1.380234658718109131e-01,1.921156048774719238e-01,1.935587972402572632e-01,2.364984005689620972e-01,1.497933566570281982e-01,-1.318954676389694214e-01,-1.472149277105927467e-03,-5.064254254102706909e-02
5.211418867111206055e-01,2.091019153594970703e-01,6.913380026817321777e-01,5.966038703918457031e-01,2.013929933309555054e-01,1.733163446187973022e-01,1.000000000000000000e+00,5.190558433532714844e-01,2.229004949331283569e-01,5.080794915556907654e-02,4.394893944263458252e-01,1.571398824453353882e-01,5.819081664085388184e-01,2.236158251762390137e-01,2.238913774490356445e-01,8.162542432546615601e-02,2.900729775428771973e-01,2.558583579957485199e-02,2.564810812473297119e-01,2.275658249855041504e-01,2.924301624298095703e-01,3.514266014099121094e-01,4.851365089416503906e-01,4.501821398735046387e-01,2.685998976230621338e-01,2.641749680042266846e-01,2.325036972761154175e-01,2.498007863759994507e-01,4.060962200164794922e-01,2.058678567409515381e-01,3.022194206714630127e-01,4.217476844787597656e-01,1.982861012220382690e-01,2.053019255399703979e-01,7.710623741149902344e-02,9.973368048667907715e-02,1.377328634262084961e-01,-5.640260875225067139e-02,1.867195814847946167e-01,-4.314396902918815613e-02,2.438403666019439697e-01,6.886509060859680176e-02,2.176410555839538574e-01,2.114628553390502930e-01,4.623007774353027344e-02,1.259046345949172974e-01,1.141434721648693085e-02,-8.216489106416702271e-02,1.333923786878585815e-01,5.066469777375459671e-03,1.031058207154273987e-01,-6.360208988189697266e-02,6.979895383119583130e-02,-1.385719478130340576e-01,-3.956197947263717651e-02,-1.827468276023864746e-01,4.037804007530212402e-01,-4.123281221836805344e-03,1.400503516197204590e-01,5.683771520853042603e-02,2.009562104940414429e-01,1.076326519250869751e-01,3.421178460121154785e-01,-3.663633763790130615e-02,8.083806373178958893e-03,-2.186163961887359619e-01,8.247738331556320190e-02,7.731483131647109985e-02,-3.636712580919265747e-02,7.827141880989074707e-02,3.437370657920837402e-01,2.805379629135131836e-01,2.514977455139160156e-01,1.445946097373962402e-01,1.631783992052078247e-01,5.680229514837265015e-02,9.059713780879974365e-02,4.310138151049613953e-02,2.068266272544860840e-01,-2.334965206682682037e-02,2.700755000114440918e-01,-1.386063843965530396e-01,1.673941612243652344e-01,-3.337067086249589920e-03,2.325330376625061035e-01,-2.446947991847991943e-01,-4.018834233283996582e-02,-1.024775654077529907e-01,5.472056940197944641e-02,-2.593681812286376953e-01,-9.729690849781036377e-02,-2.534705102443695068e-01,-2.536891102790832520e-01,-2.976660430431365967e-01,1.056853681802749634e-01,-9.075425565242767334e-02,4.459288902580738068e-03,-2.011152207851409912e-01,-8.312329649925231934e-02,-2.510763704776763916e-01,-2.260003536939620972e-01,-2.706267237663269043e-01,-1.155636608600616455e-01,-2.993271350860595703e-01,-2.661736309528350830e-01,-2.832627594470977783e-01,-1.257682889699935913e-01,-1.963179111480712891e-01,8.618214726448059082e-02,1.808684021234512329e-01,1.048747599124908447e-01,1.177102923393249512e-01,-3.620737791061401367e-02,-2.448600828647613525e-01,-1.370791941881179810e-01,-1.311546415090560913e-01
3.913356363773345947e-01,4.345477223396301270e-01,4.635078907012939453e-01,5.783941745758056641e-01,-7.297171652317047119e-02,2.346498519182205200e-01,5.190558433532714844e-01,1.000000000000000000e+00,-1.436557471752166748e-01,2.476865500211715698e-01,3.237340450286865234e-01,3.743045330047607422e-01,2.206014990806579590e-01,5.753350853919982910e-01,-1.416505426168441772e-01,3.048551380634307861e-01,1.479148417711257935e-01,2.656989693641662598e-01,2.447699755430221558e-01,2.415844351053237915e-01,8.326932787895202637e-02,1.879948228597640991e-01,4.484585523605346680e-01,5.267132520675659180e-01,1.504133194684982300e-01,2.305131405591964722e-01,1.330338120460510254e-01,1.839806437492370605e-01,2.586526274681091309e-01,2.834088802337646484e-01,2.375775575637817383e-01,4.143812954425811768e-01,3.706837296485900879e-01,3.571996390819549561e-01,2.558357417583465576e-01,2.704835534095764160e-01,2.492399811744689941e-01,4.052828624844551086e-02,8.098694682121276855e-02,4.235116019845008850e-02,1.523111611604690552e-01,3.394015505909919739e-02,1.566815674304962158e-01,2.574642598628997803e-01,-8.711042255163192749e-02,1.724154800176620483e-01,7.292936742305755615e-02,5.281808227300643921e-02,-1.218988932669162750e-02,5.768898874521255493e-02,7.285878062248229980e-02,5.378249287605285645e-02,1.216263622045516968e-01,1.708556562662124634e-01,-1.161467358469963074e-01,4.810797050595283508e-02,2.662477493286132812e-01,1.947160959243774414e-01,2.651547491550445557e-01,2.158214896917343140e-01,1.953371316194534302e-01,2.644147574901580811e-01,3.182787895202636719e-01,2.648662030696868896e-01,1.451373472809791565e-02,-5.764031782746315002e-02,2.221997678279876709e-01,2.828281819820404053e-01,-7.631404697895050049e-02,2.341500818729400635e-01,2.036253064870834351e-01,2.931801378726959229e-01,2.034141570329666138e-01,5.959354713559150696e-02,2.099293023347854614e-01,3.079704754054546356e-02,1.825465708971023560e-01,2.073146551847457886e-01,1.067271977663040161e-01,1.647055149078369141e-01,1.472878605127334595e-01,1.544776111841201782e-01,-1.136112809181213379e-01,2.265697717666625977e-01,7.215303182601928711e-02,4.478449374437332153e-02,-2.904777824878692627e-01,7.605095952749252319e-02,-1.771750450134277344e-01,2.173626050353050232e-02,-1.820884197950363159e-01,-9.150168625637888908e-04,-2.859025597572326660e-01,-9.328600019216537476e-02,4.116379469633102417e-02,-5.485458299517631531e-02,5.715082213282585144e-02,8.406201377511024475e-03,-5.961507558822631836e-02,-1.064831763505935669e-02,-2.720814943313598633e-01,-2.096296250820159912e-01,-1.960650980472564697e-01,-2.474985271692276001e-01,-2.365726232528686523e-01,-2.051809281110763550e-01,-1.876273155212402344e-01,-1.541823297739028931e-01,8.620838820934295654e-02,1.390401870012283325e-01,1.038806959986686707e-01,2.236491888761520386e-01,1.096518784761428833e-01,-2.488355338573455811e-01,-8.267716318368911743e-02,2.119866199791431427e-02
2.206211909651756287e-02,-1.909677535295486450e-01,1.740856468677520752e-01,5.501949042081832886e-02,6.520885229110717773e-01,2.167317271232604980e-01,2.229004949331283569e-01,-1.436557471752166748e-01,1.000000000000000000e+00,2.121422439813613892e-01,7.573742419481277466e-02,-1.898656636476516724e-01,3.748120069503784180e-01,-2.405359297990798950e-01,6.821058988571166992e-01,4.648672044277191162e-02,-3.134535253047943115e-02,-3.346711397171020508e-01,4.812761396169662476e-02,3.078135475516319275e-02,1.117171645164489746e-01,1.251835078001022339e-01,-7.332392781972885132e-02,-1.487735956907272339e-01,3.363206982612609863e-01,2.195117324590682983e-01,3.500463366508483887e-01,2.228302657604217529e-01,-9.530124068260192871e-02,-8.245787024497985840e-02,6.591231375932693481e-02,-5.612173303961753845e-02,-3.239316046237945557e-01,-3.282992541790008545e-01,-4.036847949028015137e-01,-3.800003230571746826e-01,-2.047722488641738892e-01,-2.260172367095947266e-01,8.049257099628448486e-02,-4.396508261561393738e-02,-6.139846891164779663e-02,5.445178598165512085e-03,2.149075642228126526e-02,-3.970438987016677856e-02,2.470534592866897583e-01,8.894031494855880737e-02,-1.010743454098701477e-01,-7.415991276502609253e-02,2.679160833358764648e-01,8.241803199052810669e-02,7.593607157468795776e-02,-1.050950065255165100e-01,-6.296460330486297607e-02,-2.773456871509552002e-01,1.097328066825866699e-01,-1.403082907199859619e-01,8.051466196775436401e-02,-2.805271744728088379e-01,-3.080141246318817139e-01,-3.634143173694610596e-01,-1.107101514935493469e-01,-3.033539354801177979e-01,-9.651659429073333740e-02,-3.318032324314117432e-01,-3.014935366809368134e-02,-1.449271291494369507e-01,-4.186230599880218506e-01,-4.656734764575958252e-01,1.528271585702896118e-01,-2.127352654933929443e-01,4.949007555842399597e-02,4.213608801364898682e-02,-1.134951859712600708e-01,7.907815277576446533e-02,-6.543026119470596313e-02,1.959918439388275146e-02,-1.955637633800506592e-01,-2.945374250411987305e-01,-4.136288911104202271e-02,-3.064461946487426758e-01,-3.899188339710235596e-02,-3.735116720199584961e-01,5.741642117500305176e-01,5.937924608588218689e-02,1.614886522293090820e-01,-2.554464340209960938e-01,5.162308216094970703e-01,1.080545634031295776e-01,3.641977906227111816e-01,-1.306567639112472534e-01,1.574207544326782227e-01,-1.003371104598045349e-01,1.075089573860168457e-01,-4.545229673385620117e-02,4.731210321187973022e-02,-1.178119629621505737e-01,-4.617856070399284363e-02,-1.737015247344970703e-01,-2.066934108734130859e-02,-1.537993103265762329e-01,1.468678712844848633e-01,6.465232372283935547e-02,1.358552873134613037e-01,5.769091844558715820e-02,7.554204016923904419e-02,6.069641560316085815e-02,1.100222542881965637e-01,7.153093814849853516e-03,-6.657359004020690918e-02,1.987622864544391632e-02,2.012135274708271027e-02,-2.232006192207336426e-02,-6.582967936992645264e-02,1.144478246569633484e-01,-6.391957402229309082e-02,-2.590418457984924316e-01
-2.395925484597682953e-02,1.440717577934265137e-01,7.709790952503681183e-03,1.711462140083312988e-01,3.324183821678161621e-01,5.757802724838256836e-01,5.080794915556907654e-02,2.476865500211715698e-01,2.121422439813613892e-01,1.000000000000000000e+00,-1.843318194150924683e-01,4.487570002675056458e-02,-5.568395927548408508e-02,1.872241348028182983e-01,2.300203889608383179e-01,5.416119694709777832e-01,-2.218065112829208374e-01,-6.610618531703948975e-02,-9.064053744077682495e-02,-2.843435667455196381e-02,-1.363568659871816635e-02,5.723413079977035522e-02,1.900718174874782562e-02,7.172347605228424072e-02,3.465162813663482666e-01,3.222572207450866699e-01,3.450585007667541504e-01,3.225689232349395752e-01,-8.778376132249832153e-02,1.752282381057739258e-01,2.006933093070983887e-01,2.136046588420867920e-01,-4.212186485528945923e-02,-4.431067965924739838e-03,1.549169421195983887e-02,3.690971061587333679e-02,5.474886298179626465e-02,4.758039116859436035e-02,1.042984519153833389e-02,2.016902714967727661e-01,-9.360156953334808350e-02,1.509595755487680435e-02,1.106279715895652771e-01,1.782052963972091675e-01,2.075951993465423584e-01,3.064217865467071533e-01,1.573718488216400146e-01,2.466347068548202515e-01,2.359861880540847778e-01,2.929082512855529785e-01,2.253544479608535767e-01,8.210297673940658569e-02,2.451816499233245850e-01,2.681753039360046387e-01,1.519998908042907715e-01,3.040840625762939453e-01,4.712672159075737000e-02,3.602451458573341370e-02,-1.272327750921249390e-01,-1.568426340818405151e-01,1.129027176648378372e-02,-1.720117479562759399e-01,-2.143426612019538879e-02,8.132016658782958984e-02,1.268274616450071335e-02,-1.095188483595848083e-01,-1.447694897651672363e-01,-1.011775061488151550e-01,5.506192520260810852e-02,2.707784064114093781e-02,7.710877060890197754e-02,1.680287271738052368e-01,-3.238510340452194214e-02,8.414117246866226196e-02,1.065633445978164673e-01,9.014727175235748291e-02,1.592853218317031860e-01,1.541891247034072876e-01,-1.143627539277076721e-01,-5.077282339334487915e-02,-1.803962141275405884e-01,-2.306261099874973297e-02,1.534123271703720093e-01,5.379747152328491211e-01,-4.791096225380897522e-02,1.095233187079429626e-01,2.092906273901462555e-02,4.381699264049530029e-01,4.329052567481994629e-02,3.210487067699432373e-01,1.177583858370780945e-01,2.749606668949127197e-01,9.505047649145126343e-02,2.842621505260467529e-01,1.491558253765106201e-01,-5.078695248812437057e-03,2.759799361228942871e-01,2.327873259782791138e-01,1.786321252584457397e-01,2.676690518856048584e-01,6.747426092624664307e-02,1.194503903388977051e-01,-1.083330735564231873e-01,1.770710200071334839e-02,1.384823117405176163e-02,5.698657408356666565e-02,7.455671578645706177e-02,-4.397935420274734497e-02,1.861476898193359375e-01,1.555856168270111084e-01,1.715712249279022217e-01,2.994147539138793945e-01,2.754564285278320312e-01,5.239641666412353516e-02,1.347899436950683594e-02,5.810514837503433228e-02
4.374805688858032227e-01,9.801762551069259644e-02,2.672575414180755615e-01,2.703080773353576660e-01,-7.954080402851104736e-02,-1.835223436355590820e-01,4.394893944263458252e-01,3.237340450286865234e-01,7.573742419481277466e-02,-1.843318194150924683e-01,1.000000000000000000e+00,4.746518433094024658e-01,5.477458834648132324e-01,3.655299842357635498e-01,2.031366713345050812e-02,-1.588714271783828735e-01,5.574212074279785156e-01,3.283699452877044678e-01,2.134905755519866943e-01,2.108407467603683472e-01,8.929154276847839355e-02,1.245840340852737427e-01,2.519334554672241211e-01,1.839302629232406616e-01,-7.374919205904006958e-02,-4.851489141583442688e-02,-5.715203285217285156e-02,-4.690403491258621216e-02,3.941395878791809082e-01,1.316477060317993164e-01,4.986852034926414490e-02,1.270242482423782349e-01,2.967887520790100098e-01,2.426290661096572876e-01,1.783442497253417969e-01,1.720154285430908203e-01,8.263397216796875000e-02,-9.137662500143051147e-02,6.550450623035430908e-02,-1.262124627828598022e-01,7.657303661108016968e-02,-4.242300987243652344e-02,1.592711657285690308e-01,1.150086671113967896e-01,-4.070989415049552917e-02,-4.091896861791610718e-02,5.281516909599304199e-02,1.373457536101341248e-02,-4.418539628386497498e-02,-1.692409515380859375e-01,2.342810109257698059e-02,-4.997944459319114685e-03,-1.428004652261734009e-01,-2.202640622854232788e-01,-1.743605434894561768e-01,-2.241517603397369385e-01,1.798966526985168457e-01,-5.132808163762092590e-02,8.983206003904342651e-02,-1.188828051090240479e-02,-1.988882431760430336e-03,6.802381575107574463e-02,1.154241561889648438e-01,-1.482478529214859009e-01,2.935820817947387695e-02,-1.416737139225006104e-01,1.305160373449325562e-01,9.182254970073699951e-02,-3.783373162150382996e-02,8.558236062526702881e-02,1.948223710060119629e-01,1.422672867774963379e-01,1.751445084810256958e-01,5.112414062023162842e-02,8.405783772468566895e-02,2.661948651075363159e-02,1.986168883740901947e-02,-3.730021789669990540e-02,3.548037707805633545e-01,2.427702099084854126e-01,4.342058897018432617e-01,1.120561659336090088e-01,-9.609615802764892578e-02,-2.502612173557281494e-01,4.311832487583160400e-01,-1.933167316019535065e-02,-1.325996220111846924e-01,-2.799554169178009033e-01,8.139370381832122803e-02,-2.408100664615631104e-01,-1.042437627911567688e-01,-2.507053315639495850e-01,-1.287610977888107300e-01,-2.244235575199127197e-01,-5.724163353443145752e-02,3.688682243227958679e-02,-1.403491646051406860e-01,-2.017558664083480835e-01,-1.088148579001426697e-01,-2.033636122941970825e-01,-1.328398287296295166e-01,-1.729028522968292236e-01,-3.098607063293457031e-02,-1.574214547872543335e-01,-1.337823271751403809e-01,-1.925077438354492188e-01,-7.383407652378082275e-02,-6.950534135103225708e-02,1.069266274571418762e-01,-5.921823158860206604e-02,-1.720698922872543335e-01,-4.541423544287681580e-02,-1.534260660409927368e-01,-6.159900128841400146e-02,-2.984439395368099213e-02,1.900688186287879944e-02
3.031999170780181885e-01,3.018088042736053467e-01,2.287337929010391235e-02,1.236697286367416382e-01,-2.083413600921630859e-01,-7.049370557069778442e-02,1.571398824453353882e-01,3.743045330047607422e-01,-1.898656636476516724e-01,4.487570002675056458e-02,4.746518433094024658e-01,1.000000000000000000e+00,1.412154585123062134e-01,6.144391298294067383e-01,-2.472184151411056519e-01,1.648421771824359894e-02,4.189806580543518066e-01,5.438211560249328613e-01,7.732671499252319336e-02,5.844197794795036316e-02,2.131090313196182251e-02,8.379866927862167358e-02,2.486038058996200562e-01,1.953781247138977051e-01,-4.634866863489151001e-02,-7.922987639904022217e-02,-6.279022991657257080e-02,-4.734318330883979797e-02,2.270516455173492432e-01,3.758715689182281494e-01,1.084533408284187317e-01,1.716957390308380127e-01,3.971324563026428223e-01,3.531293570995330811e-01,4.127900600433349609e-01,4.017792046070098877e-01,2.187027633190155029e-01,2.162724137306213379e-01,3.262979444116353989e-03,1.432772129774093628e-01,-7.943182438611984253e-02,1.370626240968704224e-01,1.465525291860103607e-02,4.213453829288482666e-02,-1.298668980598449707e-01,-4.332100600004196167e-02,8.749959617853164673e-02,1.092624440789222717e-01,-9.567714482545852661e-02,-1.039713472127914429e-01,-5.309489369392395020e-02,3.512591589242219925e-03,-2.323711477220058441e-02,8.180724084377288818e-02,-7.054395973682403564e-02,7.289132475852966309e-02,1.324418783187866211e-01,2.505245208740234375e-01,1.596758812665939331e-01,1.483670920133590698e-01,2.421854436397552490e-02,1.465394943952560425e-01,1.539284586906433105e-01,2.089407891035079956e-01,1.901098527014255524e-02,-2.222559228539466858e-02,2.303842008113861084e-01,2.097624391317367554e-01,-5.293952673673629761e-02,2.620925009250640869e-01,1.797871589660644531e-01,1.827551275491714478e-01,7.892890274524688721e-02,2.516106665134429932e-01,9.504751116037368774e-02,2.410638034343719482e-01,2.507390081882476807e-01,2.184632569551467896e-01,3.804186880588531494e-01,3.662642836570739746e-01,2.981343567371368408e-01,4.184189438819885254e-01,-2.895861864089965820e-01,1.471248734742403030e-02,1.485553383827209473e-01,2.738771438598632812e-01,-2.904910445213317871e-01,-7.701040059328079224e-02,-7.472009211778640747e-02,9.381924569606781006e-02,-5.230238288640975952e-02,2.868037670850753784e-02,-5.366050824522972107e-02,-1.465192064642906189e-02,3.659461438655853271e-02,1.268966495990753174e-01,7.233746349811553955e-02,1.096622943878173828e-01,2.943304926156997681e-02,9.105727821588516235e-02,-9.305711835622787476e-02,-6.106597185134887695e-02,-9.221488237380981445e-02,-5.933984741568565369e-02,-4.996606335043907166e-02,-7.389917224645614624e-02,-5.669844895601272583e-02,7.149840146303176880e-02,1.694636940956115723e-01,9.600836038589477539e-02,-3.645002841949462891e-02,1.092218458652496338e-01,7.435525953769683838e-02,-4.792923573404550552e-03,7.432254403829574585e-02,2.009462863206863403e-01
3.152955770492553711e-01,5.031642690300941467e-02,4.998067319393157959e-01,3.597472012042999268e-01,2.489499300718307495e-01,1.656484603881835938e-02,5.819081664085388184e-01,2.206014990806579590e-01,3.748120069503784180e-01,-5.568395927548408508e-02,5.477458834648132324e-01,1.412154585123062134e-01,1.000000000000000000e+00,1.513538360595703125e-01,3.692310750484466553e-01,-5.848594009876251221e-02,3.829259872436523438e-01,-2.954543009400367737e-02,1.488388031721115112e-01,1.922205239534378052e-01,2.500679492950439453e-01,2.514955103397369385e-01,3.378671109676361084e-01,2.565669417381286621e-01,1.658712774515151978e-01,1.497930884361267090e-01,1.591221392154693604e-01,1.387445628643035889e-01,4.404343068599700928e-01,1.392631083726882935e-01,2.844698429107666016e-01,3.030349016189575195e-01,8.103547245264053345e-02,9.846549481153488159e-02,-1.662170863710343838e-03,9.698345325887203217e-03,7.024776935577392578e-02,-1.550924926996231079e-01,1.932641118764877319e-01,-6.477642804384231567e-02,2.048974484205245972e-01,-1.928052119910717010e-02,1.650958210229873657e-01,7.785812765359878540e-02,1.177591532468795776e-01,-6.917402148246765137e-02,1.506886817514896393e-02,-4.217698052525520325e-02,9.723923355340957642e-02,-1.037347242236137390e-01,8.086435496807098389e-02,-1.048664748668670654e-01,3.197622951120138168e-03,-2.615204751491546631e-01,2.308654226362705231e-02,-2.178788185119628906e-01,2.600984871387481689e-01,-9.700451791286468506e-02,1.089179515838623047e-02,-5.883093923330307007e-02,9.652885049581527710e-02,6.584140006452798843e-03,1.875550895929336548e-01,-2.083468586206436157e-01,7.454930990934371948e-02,-2.149043381214141846e-01,-3.381972759962081909e-02,-9.505801647901535034e-02,2.587265335023403168e-02,-6.035203114151954651e-03,3.909315168857574463e-01,2.653166353702545166e-01,2.812147438526153564e-01,1.490633189678192139e-01,1.618304848670959473e-01,4.903920739889144897e-02,4.445814713835716248e-02,-2.480524964630603790e-02,2.289189249277114868e-01,-5.422497168183326721e-02,3.464832901954650879e-01,-1.805552244186401367e-01,2.467612028121948242e-01,-1.243868768215179443e-01,4.464254379272460938e-01,-2.055466324090957642e-01,7.421126961708068848e-02,-1.910905390977859497e-01,2.643351554870605469e-01,-2.644602954387664795e-01,2.154891751706600189e-02,-2.648184299468994141e-01,-1.125688701868057251e-01,-2.761222124099731445e-01,8.549250662326812744e-02,4.550658911466598511e-02,-3.519617766141891479e-02,-1.945788115262985229e-01,-1.890143379569053650e-02,-2.228704392910003662e-01,-1.082322150468826294e-01,-1.705977171659469604e-01,-2.404618822038173676e-02,-2.005517929792404175e-01,-2.040165215730667114e-01,-2.207953035831451416e-01,-9.675777982920408249e-04,-1.416618078947067261e-01,1.451708972454071045e-01,8.121474087238311768e-02,5.945883691310882568e-02,5.397385358810424805e-02,-5.492608621716499329e-02,-1.346091832965612411e-02,-7.420957833528518677e-02,-1.481054872274398804e-01
