1.000000000000000000e+00,2.449618428945541382e-01,2.886039316654205322e-01,1.776871979236602783e-01,1.375295668840408325e-01,1.375637650489807129e-01,3.655948638916015625e-01,1.803639680147171021e-01,-1.408340968191623688e-02,1.204049065709114075e-01,3.288016319274902344e-01,3.205688893795013428e-01,2.076914906501770020e-01,4.683422669768333435e-02,7.556392252445220947e-02,9.381704032421112061e-02,2.883088588714599609e-01,1.751219779253005981e-01,-6.531695276498794556e-02,1.604364812374114990e-02,-1.113153621554374695e-01,-1.108146458864212036e-01,-8.298528194427490234e-02,-6.166877225041389465e-02,5.807732418179512024e-02,3.006940893828868866e-02,7.859076373279094696e-03,1.825970970094203949e-02,2.372683137655258179e-01,9.917812049388885498e-02,-1.325476765632629395e-01,-1.345324814319610596e-01,1.916651427745819092e-01,2.468459540978074074e-03,2.113765925168991089e-01,6.869278103113174438e-02,1.932530403137207031e-01,-7.577770389616489410e-03,1.539009511470794678e-01,2.391441492363810539e-03,1.546167582273483276e-01,9.310902655124664307e-02,2.132596522569656372e-01,1.584044843912124634e-01,2.592303557321429253e-03,-3.550438676029443741e-03,2.908127605915069580e-01,9.029702842235565186e-02,7.317465543746948242e-02,-3.698630258440971375e-02,2.079728990793228149e-01,-1.270983554422855377e-02,2.438801974058151245e-01,4.811285063624382019e-02,1.997081935405731201e-01,-7.699806988239288330e-02,5.131785273551940918e-01,1.649655550718307495e-01,1.169660314917564392e-01,3.398903086781501770e-02,3.372982144355773926e-01,1.711792200803756714e-01,2.423655390739440918e-01,1.460154950618743896e-01,2.848211526870727539e-01,1.271367371082305908e-01,2.285840809345245361e-01,2.445886582136154175e-01,1.661102473735809326e-01,1.960194408893585205e-01,-1.233279705047607422e-02,2.963638165965676308e-03,1.584679335355758667e-01,1.036321818828582764e-01,-1.689759828150272369e-02,-7.598885148763656616e-02,1.841057389974594116e-01,1.011885628104209900e-01,1.152132079005241394e-01,4.638862330466508865e-03,2.066443562507629395e-01,1.084774732589721680e-01,2.298340573906898499e-02,3.435184061527252197e-02,3.642806112766265869e-01,1.126372963190078735e-01,-3.881518170237541199e-02,5.404555052518844604e-02,2.615408003330230713e-01,5.740520358085632324e-02,1.936151832342147827e-01,-1.731176301836967468e-02,2.479263693094253540e-01,9.014114737510681152e-02,-3.912465646862983704e-02,-6.724623590707778931e-02,-5.226394161581993103e-03,-4.484882950782775879e-02,7.163136452436447144e-02,-6.434056162834167480e-02,1.502021104097366333e-01,-2.294925972819328308e-02,-2.128797397017478943e-02,-4.091149941086769104e-02,-1.420057862997055054e-01,7.411523256450891495e-04,-1.191460639238357544e-01,-1.882347762584686279e-01,4.058410227298736572e-02,-2.430324815213680267e-02,5.200230050832033157e-03,-3.814633935689926147e-02,1.426316704601049423e-02,-5.140427500009536743e-02,-2.847872301936149597e-02,4.121030867099761963e-02
2.449618428945541382e-01,1.000000000000000000e+00,1.864723414182662964e-01,3.082133829593658447e-01,1.734503060579299927e-01,1.480175852775573730e-01,2.032687216997146606e-01,2.617942094802856445e-01,2.927807569503784180e-01,1.483638584613800049e-01,-8.321242779493331909e-02,2.356378734111785889e-01,6.241579353809356689e-02,1.015017032623291016e-01,1.816906780004501343e-01,3.502288833260536194e-02,-7.396267354488372803e-02,1.292409002780914307e-01,9.400425851345062256e-02,2.793584764003753662e-01,-9.313340298831462860e-03,6.547452509403228760e-02,1.082663387060165405e-01,1.511331200599670410e-01,1.328816711902618408e-01,1.223920807242393494e-01,1.264847666025161743e-01,1.529347449541091919e-01,-4.094671085476875305e-02,1.055481955409049988e-01,1.910643279552459717e-02,3.749466314911842346e-02,1.364842802286148071e-01,1.691746413707733154e-01,3.984524682164192200e-02,4.914803802967071533e-02,1.120418310165405273e-02,1.390459239482879639e-01,-6.290375441312789917e-02,1.748195439577102661e-01,-2.885825559496879578e-02,1.653740108013153076e-01,4.190265387296676636e-02,2.476952373981475830e-01,3.715712949633598328e-02,1.655057072639465332e-01,1.697074249386787415e-02,6.816608458757400513e-02,8.133290708065032959e-02,2.539240717887878418e-01,6.022128090262413025e-02,3.535823225975036621e-01,-2.754379436373710632e-02,1.805519163608551025e-01,-5.404545739293098450e-02,2.389567643404006958e-01,2.528222203254699707e-01,5.589588284492492676e-01,-8.378051966428756714e-02,6.227644532918930054e-02,8.679521828889846802e-02,2.436916232109069824e-01,-9.500486403703689575e-02,3.953156471252441406e-01,-1.226963028311729431e-01,3.801293438300490379e-03,1.211127452552318573e-02,4.517745599150657654e-02,1.735344231128692627e-01,2.929638028144836426e-01,3.929764777421951294e-02,3.180518373847007751e-02,1.098175495862960815e-01,1.405435651540756226e-01,-1.070438139140605927e-02,1.114046126604080200e-01,6.456559151411056519e-02,1.465341895818710327e-01,-1.589614152908325195e-01,-1.165839955210685730e-01,-2.514782547950744629e-01,6.021572649478912354e-02,-1.559353768825531006e-01,3.070196211338043213e-01,-2.131912559270858765e-01,4.176371693611145020e-01,-1.358918286859989166e-02,2.935579419136047363e-01,-6.734210252761840820e-02,4.579494893550872803e-01,-2.259574830532073975e-02,2.752823233604431152e-01,6.800637394189834595e-02,3.190092146396636963e-01,-6.798107177019119263e-02,-5.633878335356712341e-02,-1.267636418342590332e-01,-8.818657696247100830e-02,-3.733004257082939148e-02,1.573987603187561035e-01,9.733462333679199219e-02,3.361160159111022949e-01,-3.575792536139488220e-02,1.574616283178329468e-01,-1.872795969247817993e-01,4.563223943114280701e-02,-1.453120410442352295e-01,8.126444369554519653e-02,-1.355109177529811859e-02,-7.169602066278457642e-02,-9.112082421779632568e-02,-7.361720502376556396e-02,-6.919489800930023193e-02,-1.583181172609329224e-01,-1.078191995620727539e-01,-4.571840539574623108e-02
2.886039316654205322e-01,1.864723414182662964e-01,1.000000000000000000e+00,7.754954695701599121e-01,3.328900635242462158e-01,3.194164931774139404e-01,7.885918021202087402e-01,6.543366312980651855e-01,4.884968996047973633e-01,4.722599983215332031e-01,4.187471568584442139e-01,4.108965396881103516e-01,6.543006300926208496e-01,4.766950309276580811e-01,4.461993277072906494e-01,3.035627901554107666e-01,3.746322393417358398e-01,4.174241721630096436e-01,4.430031478404998779e-01,4.721271097660064697e-01,2.673910260200500488e-01,1.975352615118026733e-01,6.090610027313232422e-01,6.071268916130065918e-01,3.533723652362823486e-01,3.180675804615020752e-01,3.526532948017120361e-01,3.691518306732177734e-01,5.121153593063354492e-01,4.845982193946838379e-01,4.862181246280670166e-01,5.154774188995361328e-01,3.416640162467956543e-01,4.000648260116577148e-01,6.885672360658645630e-02,1.124313548207283020e-01,3.097711801528930664e-01,2.779465317726135254e-01,3.759597539901733398e-01,3.352453112602233887e-01,3.872208893299102783e-01,4.071649909019470215e-01,-1.720785945653915405e-01,-2.177609801292419434e-01,-8.203084021806716919e-02,-1.522553414106369019e-01,-2.300855666399002075e-01,-1.714448034763336182e-01,-1.298399567604064941e-01,-1.480152755975723267e-01,-2.587946951389312744e-01,-1.767815947532653809e-01,-3.450496196746826172e-01,-2.390404641628265381e-01,1.926272213459014893e-01,1.039841249585151672e-01,-8.711055852472782135e-03,5.556425452232360840e-02,3.506553173065185547e-02,6.743391603231430054e-02,-1.159713268280029297e-01,-2.106143720448017120e-02,-1.931499838829040527e-01,-4.908401984721422195e-03,-5.576877295970916748e-02,-6.180815398693084717e-03,1.400380879640579224e-01,1.981561034917831421e-01,3.287094533443450928e-01,2.563011944293975830e-01,3.421164155006408691e-01,4.521669745445251465e-01,4.339899718761444092e-01,4.043896198272705078e-01,3.497333526611328125e-01,2.246768474578857422e-01,2.203730940818786621e-01,1.956797391176223755e-01,3.159368336200714111e-01,2.722521722316741943e-01,2.543584704399108887e-01,2.955549657344818115e-01,2.331035733222961426e-01,2.632239460945129395e-01,1.630133986473083496e-01,4.790722206234931946e-02,3.956131041049957275e-01,4.732574522495269775e-01,3.203292191028594971e-01,2.044614106416702271e-01,-2.145666480064392090e-01,-1.282099783420562744e-01,-2.025887221097946167e-01,-5.499440431594848633e-02,2.153242230415344238e-01,2.324654161930084229e-01,1.401268988847732544e-01,1.745377331972122192e-01,-1.034746021032333374e-01,-1.004046797752380371e-01,8.224307745695114136e-02,9.230829775333404541e-02,6.601108610630035400e-02,2.018973678350448608e-01,1.299201101064682007e-01,2.051958888769149780e-01,1.944461166858673096e-01,2.033140808343887329e-01,1.130302920937538147e-01,1.798160970211029053e-01,3.392003476619720459e-02,-9.513867646455764771e-02,-1.809758991003036499e-01,-3.838445618748664856e-02,6.081764772534370422e-02,8.005815744400024414e-02
1.776871979236602783e-01,3.082133829593658447e-01,7.754954695701599121e-01,1.000000000000000000e+00,2.923389375209808350e-01,2.814809083938598633e-01,6.942201256752014160e-01,7.778053283691406250e-01,4.800168871879577637e-01,4.487618803977966309e-01,3.228226900100708008e-01,4.672494828701019287e-01,6.371705532073974609e-01,6.110595464706420898e-01,3.701861500740051270e-01,1.968408972024917603e-01,2.744444608688354492e-01,4.518245458602905273e-01,5.933234095573425293e-01,6.126421689987182617e-01,2.031268477439880371e-01,1.822027862071990967e-01,6.946626305580139160e-01,7.454107403755187988e-01,2.957996428012847900e-01,2.902669906616210938e-01,3.520708978176116943e-01,3.635576963424682617e-01,3.373402357101440430e-01,4.885501265525817871e-01,4.934713244438171387e-01,5.518906712532043457e-01,3.878005146980285645e-01,5.018533468246459961e-01,9.552183328196406364e-04,6.958263367414474487e-02,1.755623966455459595e-01,2.374819964170455933e-01,2.642619907855987549e-01,2.686834931373596191e-01,2.362829446792602539e-01,3.308851420879364014e-01,-1.303109526634216309e-01,-1.617662012577056885e-01,-2.423851378262042999e-02,-1.382375359535217285e-01,-3.071492016315460205e-01,-2.197398990392684937e-01,-1.200972571969032288e-01,-8.756943047046661377e-02,-3.130311667919158936e-01,-1.283465623855590820e-01,-4.367026984691619873e-01,-2.028800994157791138e-01,5.131334066390991211e-02,8.524055033922195435e-02,-5.581642687320709229e-02,1.520496159791946411e-01,-1.667700335383415222e-02,1.201274991035461426e-01,-1.547825783491134644e-01,4.782964661717414856e-02,-2.773490250110626221e-01,1.096505448222160339e-01,-1.429887861013412476e-01,2.886182628571987152e-02,1.249567419290542603e-01,2.462180703878402710e-01,4.931473135948181152e-01,4.027931690216064453e-01,2.593761980533599854e-01,3.675702512264251709e-01,3.229602277278900146e-01,3.193424642086029053e-01,2.691648602485656738e-01,2.224586457014083862e-01,1.229233220219612122e-01,1.477836817502975464e-01,2.473577857017517090e-01,2.849870026111602783e-01,1.216038390994071960e-01,3.664424121379852295e-01,7.624986022710800171e-02,2.839760780334472656e-01,2.530384995043277740e-02,1.575331091880798340e-01,3.874213099479675293e-01,5.226275920867919922e-01,1.704016774892807007e-01,2.627649605274200439e-01,-2.781442403793334961e-01,-6.045342609286308289e-02,-2.406657934188842773e-01,-2.312725782394409180e-02,1.466207951307296753e-01,1.810375899076461792e-01,4.677149280905723572e-02,6.840148568153381348e-02,-1.322891116142272949e-01,-6.928157806396484375e-02,2.881918102502822876e-02,1.450237780809402466e-01,-1.560378167778253555e-02,2.013762146234512329e-01,1.552859991788864136e-01,1.858976036310195923e-01,1.863510459661483765e-01,2.133664488792419434e-01,-1.495594065636396408e-02,9.534982591867446899e-02,-3.867750614881515503e-02,-5.873514339327812195e-02,-2.100625187158584595e-01,-9.234797209501266479e-02,1.719570346176624298e-02,3.364085033535957336e-02
1.375295668840408325e-01,1.734503060579299927e-01,3.328900635242462158e-01,2.923389375209808350e-01,1.000000000000000000e+00,7.887934446334838867e-01,3.167952001094818115e-01,2.757348418235778809e-01,5.618336200714111328e-01,4.966451227664947510e-01,1.704849153757095337e-01,1.931470334529876709e-01,3.152720332145690918e-01,2.040408998727798462e-01,5.151932835578918457e-01,3.682677447795867920e-01,-2.739505097270011902e-02,2.023348212242126465e-01,1.011388897895812988e-01,1.545332372188568115e-01,-6.598562747240066528e-02,-1.314622759819030762e-01,2.576545774936676025e-01,2.462552934885025024e-01,7.203985452651977539e-01,6.819257736206054688e-01,5.824562907218933105e-01,5.671800971031188965e-01,2.352766245603561401e-01,2.037490606307983398e-01,1.257685720920562744e-01,1.276487112045288086e-01,7.581058144569396973e-02,5.087124928832054138e-02,-5.361586436629295349e-02,-1.809679344296455383e-02,4.296576231718063354e-02,1.046430170536041260e-01,1.958021372556686401e-01,3.702304363250732422e-01,1.575158238410949707e-01,2.120881527662277222e-01,-8.155176043510437012e-02,-5.887869000434875488e-02,1.175240054726600647e-02,2.731938846409320831e-02,-1.695811003446578979e-01,-1.603559851646423340e-01,1.878849603235721588e-02,1.121791824698448181e-02,-7.233789563179016113e-02,-6.811438128352165222e-03,-2.161563634872436523e-01,-1.499617695808410645e-01,9.000235050916671753e-02,1.925013363361358643e-01,-1.553400978446006775e-02,1.190848425030708313e-01,6.557527929544448853e-02,8.022906631231307983e-02,7.392324507236480713e-02,7.913094013929367065e-02,-1.642066091299057007e-01,-6.775494664907455444e-02,4.912009835243225098e-02,4.534375667572021484e-02,1.085563898086547852e-01,1.010332480072975159e-01,1.497702449560165405e-01,1.514622718095779419e-01,9.925205260515213013e-02,7.796159386634826660e-02,2.283765077590942383e-01,2.449556589126586914e-01,7.151430100202560425e-02,8.648324757814407349e-02,1.406593322753906250e-01,1.996789127588272095e-01,-4.163172841072082520e-02,-5.795944854617118835e-02,1.171972136944532394e-02,1.595460176467895508e-01,1.566810011863708496e-01,1.896306574344635010e-01,-1.660444587469100952e-02,5.126864090561866760e-02,2.224747836589813232e-01,3.314933776855468750e-01,1.056932359933853149e-01,9.450324624776840210e-02,-2.350855320692062378e-01,-1.491555720567703247e-01,-2.152676135301589966e-01,-1.405485421419143677e-01,4.995524883270263672e-02,2.993406914174556732e-02,-2.454532869160175323e-02,5.033541470766067505e-02,-1.675227582454681396e-01,-1.400802731513977051e-01,-5.957711488008499146e-02,-2.892779000103473663e-02,-7.080159336328506470e-02,-1.036775577813386917e-02,-4.601916298270225525e-02,-2.038968354463577271e-02,-2.508506295271217823e-04,3.791771829128265381e-02,2.572757564485073090e-02,1.025979593396186829e-01,-1.758556365966796875e-01,-2.725609242916107178e-01,-2.870891988277435303e-01,-3.776023387908935547e-01,-2.944399416446685791e-01,4.066938534379005432e-02
1.375637650489807129e-01,1.480175852775573730e-01,3.194164931774139404e-01,2.814809083938598633e-01,7.887934446334838867e-01,1.000000000000000000e+00,3.094187080860137939e-01,3.148508071899414062e-01,5.383496284484863281e-01,5.745674967765808105e-01,2.289189249277114868e-01,3.001188039779663086e-01,3.245035111904144287e-01,2.260838449001312256e-01,5.910185575485229492e-01,4.732258319854736328e-01,-1.893502776511013508e-03,2.532075941562652588e-01,1.865677908062934875e-02,8.640575408935546875e-02,1.665197871625423431e-02,-7.789187878370285034e-02,1.783479452133178711e-01,1.757060587406158447e-01,7.367549538612365723e-01,7.322313785552978516e-01,6.189750432968139648e-01,6.311923861503601074e-01,3.180087208747863770e-01,2.911061048507690430e-01,1.514904052019119263e-01,1.704666465520858765e-01,8.679380267858505249e-02,3.325051069259643555e-02,-4.891077056527137756e-02,-8.543865755200386047e-03,6.051488220691680908e-02,1.058020591735839844e-01,2.584004998207092285e-01,3.722325265407562256e-01,2.665143013000488281e-01,3.081363439559936523e-01,-7.085513323545455933e-02,-7.622304558753967285e-02,8.139848709106445312e-02,1.015560254454612732e-01,-1.888725012540817261e-01,-1.710817515850067139e-01,1.049240827560424805e-01,6.294650584459304810e-02,-3.863247111439704895e-02,1.586854271590709686e-02,-2.224076390266418457e-01,-1.395187824964523315e-01,4.961692541837692261e-02,1.532198190689086914e-01,-4.553059861063957214e-02,1.929853558540344238e-01,1.914845407009124756e-01,1.998387277126312256e-01,1.157454326748847961e-01,1.588800847530364990e-01,-1.670503020286560059e-01,1.181655214168131351e-03,1.208174526691436768e-01,1.309420615434646606e-01,2.262043803930282593e-01,1.845370978116989136e-01,1.050504148006439209e-01,1.603581756353378296e-01,1.435662358999252319e-01,1.423847675323486328e-01,2.586138248443603516e-01,3.309436440467834473e-01,9.055370837450027466e-02,7.769731432199478149e-02,1.314905136823654175e-01,1.921611130237579346e-01,-4.248263780027627945e-03,2.600254118442535400e-02,1.343382708728313446e-02,2.229453772306442261e-01,2.003117352724075317e-01,2.383316755294799805e-01,-1.758159487508237362e-03,1.010478883981704712e-01,1.907592266798019409e-01,3.162135779857635498e-01,1.075055003166198730e-01,8.158976584672927856e-02,-3.337680399417877197e-01,-2.072271257638931274e-01,-3.070619702339172363e-01,-1.924307793378829956e-01,7.193968445062637329e-02,6.055202335119247437e-02,-3.164579719305038452e-02,7.579013705253601074e-02,-2.782130539417266846e-01,-2.240801900625228882e-01,-1.772888749837875366e-01,-1.242943108081817627e-01,-9.138953685760498047e-02,-3.578268364071846008e-02,-4.951575398445129395e-02,-4.723368212580680847e-02,-2.422620309516787529e-03,2.280938811600208282e-02,6.797474622726440430e-02,1.268796026706695557e-01,-1.406223624944686890e-01,-2.652970850467681885e-01,-2.640520930290222168e-01,-3.819958567619323730e-01,-2.512874603271484375e-01,2.014878671616315842e-03
3.655948638916015625e-01,2.032687216997146606e-01,7.885918021202087402e-01,6.942201256752014160e-01,3.167952001094818115e-01,3.094187080860137939e-01,1.000000000000000000e+00,6.458173394203186035e-01,4.747171401977539062e-01,4.609996080398559570e-01,4.834773838520050049e-01,4.750339686870574951e-01,6.920295357704162598e-01,4.711099863052368164e-01,4.193057715892791748e-01,2.703743875026702881e-01,4.031419754028320312e-01,4.761038124561309814e-01,3.172630965709686279e-01,3.515450954437255859e-01,2.677352726459503174e-01,2.261385470628738403e-01,4.499370455741882324e-01,4.861816763877868652e-01,3.221610486507415771e-01,2.887817025184631348e-01,3.504343330860137939e-01,3.608605861663818359e-01,5.483366250991821289e-01,5.057355761528015137e-01,4.522873759269714355e-01,4.710238575935363770e-01,2.516152858734130859e-01,2.791177034378051758e-01,7.622541859745979309e-03,6.401407718658447266e-02,4.287765026092529297e-01,3.462992608547210693e-01,4.236646294593811035e-01,3.750844001770019531e-01,4.326087534427642822e-01,4.669690132141113281e-01,-2.856636941432952881e-01,-2.759870290756225586e-01,-1.994809955358505249e-01,-2.237952202558517456e-01,-2.537434697151184082e-01,-2.002636194229125977e-01,-2.205263972282409668e-01,-1.675820499658584595e-01,-3.427170217037200928e-01,-2.187830805778503418e-01,-3.943306803703308105e-01,-2.617609798908233643e-01,2.569067776203155518e-01,1.429699063301086426e-01,-3.010869957506656647e-02,5.235896632075309753e-02,4.467723891139030457e-03,6.071746721863746643e-02,-1.550844907760620117e-01,-1.282129716128110886e-02,-1.918285936117172241e-01,2.122076414525508881e-02,-8.193374425172805786e-02,1.488379295915365219e-02,1.185714527964591980e-01,1.718379259109497070e-01,2.562311291694641113e-01,2.273543328046798706e-01,3.824790716171264648e-01,4.572957754135131836e-01,5.223738551139831543e-01,4.680524766445159912e-01,3.688143789768218994e-01,2.070426940917968750e-01,2.562665939331054688e-01,2.104427367448806763e-01,3.009417355060577393e-01,2.562166154384613037e-01,2.624837756156921387e-01,3.620219230651855469e-01,1.768177449703216553e-01,2.262692749500274658e-01,1.875210702419281006e-01,1.232546269893646240e-01,3.121148347854614258e-01,4.095064401626586914e-01,3.928582966327667236e-01,2.845697104930877686e-01,-1.882747113704681396e-01,-8.926596492528915405e-02,-1.487798094749450684e-01,-6.839197129011154175e-03,2.375394850969314575e-01,2.393642216920852661e-01,1.673070490360260010e-01,1.979522109031677246e-01,-8.061158657073974609e-02,-7.818563282489776611e-02,7.826563715934753418e-02,1.240000054240226746e-01,3.915562108159065247e-02,1.815533041954040527e-01,1.326828598976135254e-01,2.387358844280242920e-01,1.254336088895797729e-01,1.661362648010253906e-01,1.709332019090652466e-01,1.755729317665100098e-01,4.590165987610816956e-02,-1.373297721147537231e-01,-1.646738499402999878e-01,-9.563454426825046539e-03,8.391413837671279907e-02,1.262789070606231689e-01
1.803639680147171021e-01,2.617942094802856445e-01,6.543366312980651855e-01,7.778053283691406250e-01,2.757348418235778809e-01,3.148508071899414062e-01,6.458173394203186035e-01,1.000000000000000000e+00,4.012192189693450928e-01,4.906618893146514893e-01,4.103229045867919922e-01,6.348946690559387207e-01,6.881054043769836426e-01,7.455405592918395996e-01,3.274833559989929199e-01,2.856766879558563232e-01,2.332660108804702759e-01,4.960474967956542969e-01,4.404067993164062500e-01,4.191032946109771729e-01,1.795352101325988770e-01,1.682282537221908569e-01,5.581244230270385742e-01,6.108796596527099609e-01,2.569378018379211426e-01,2.808789908885955811e-01,3.282630741596221924e-01,3.599801957607269287e-01,3.521971404552459717e-01,5.325272679328918457e-01,4.216582775115966797e-01,4.955173730850219727e-01,2.277879267930984497e-01,2.980714738368988037e-01,-1.399321258068084717e-01,-5.961297079920768738e-02,1.537767350673675537e-01,1.655586063861846924e-01,2.325252741575241089e-01,1.807382553815841675e-01,2.396098524332046509e-01,3.659504354000091553e-01,-1.611979007720947266e-01,-2.131412774324417114e-01,-2.588810864835977554e-03,-1.242387369275093079e-01,-3.997774422168731689e-01,-3.163010478019714355e-01,-3.392247110605239868e-02,-7.878962904214859009e-03,-2.800606489181518555e-01,-1.142535284161567688e-01,-4.760582149028778076e-01,-2.216746807098388672e-01,-5.697070434689521790e-02,-3.054474666714668274e-02,-1.574555188417434692e-01,2.173913717269897461e-01,1.137057095766067505e-01,2.875444293022155762e-01,-1.243575885891914368e-01,1.926577091217041016e-01,-3.717990219593048096e-01,1.384524554014205933e-01,-4.978242516517639160e-02,1.859376132488250732e-01,2.345398813486099243e-01,3.558908700942993164e-01,5.026755928993225098e-01,4.746305048465728760e-01,2.656309604644775391e-01,3.715166151523590088e-01,3.192198872566223145e-01,3.605760335922241211e-01,2.684105634689331055e-01,2.122441828250885010e-01,9.025636315345764160e-02,1.121788248419761658e-01,1.703458428382873535e-01,3.258642852306365967e-01,1.207568421959877014e-01,4.394526481628417969e-01,9.623669832944869995e-02,2.625788152217864990e-01,2.160654170438647270e-03,1.574551910161972046e-01,3.553953170776367188e-01,4.388401806354522705e-01,9.748250246047973633e-02,1.694829165935516357e-01,-3.978303670883178711e-01,-1.747890263795852661e-01,-3.064331412315368652e-01,-1.136675104498863220e-01,1.155053824186325073e-01,1.183438077569007874e-01,-2.723618224263191223e-02,1.990916766226291656e-02,-2.743578851222991943e-01,-2.083011269569396973e-01,-1.226838454604148865e-01,2.795981988310813904e-02,-1.660383194684982300e-01,8.461615443229675293e-02,1.004996746778488159e-01,7.354684174060821533e-02,5.475730076432228088e-02,5.090614780783653259e-02,-1.895234733819961548e-02,7.706799358129501343e-02,-1.017945110797882080e-01,-1.304899603128433228e-01,-2.684640586376190186e-01,-1.422245502471923828e-01,-3.897535055875778198e-02,-4.196261987090110779e-02
-1.408340968191623688e-02,2.927807569503784180e-01,4.884968996047973633e-01,4.800168871879577637e-01,5.618336200714111328e-01,5.383496284484863281e-01,4.747171401977539062e-01,4.012192189693450928e-01,1.000000000000000000e+00,6.315837502479553223e-01,1.768662780523300171e-01,2.464252710342407227e-01,4.520646929740905762e-01,3.220889568328857422e-01,6.616243720054626465e-01,3.206897377967834473e-01,5.452910810708999634e-02,3.015106320381164551e-01,2.516877651214599609e-01,3.155651390552520752e-01,2.666991651058197021e-01,2.412567883729934692e-01,3.987511098384857178e-01,4.031358063220977783e-01,5.937970280647277832e-01,6.060082316398620605e-01,5.941836237907409668e-01,6.026384830474853516e-01,3.494666814804077148e-01,3.585276305675506592e-01,4.459233880043029785e-01,4.483942389488220215e-01,2.381732314825057983e-01,2.868218421936035156e-01,-4.407595843076705933e-02,1.235483884811401367e-01,1.690886616706848145e-01,3.494544625282287598e-01,2.590018510818481445e-01,4.952253401279449463e-01,2.941603064537048340e-01,4.419577717781066895e-01,-2.801527380943298340e-01,-1.296418458223342896e-01,-8.970452845096588135e-02,-2.155712619423866272e-02,-2.720345854759216309e-01,-8.705666661262512207e-02,-9.569436311721801758e-02,4.306597262620925903e-02,-2.547932565212249756e-01,4.061941429972648621e-02,-3.656401634216308594e-01,-5.933120474219322205e-02,1.212146133184432983e-01,4.004911482334136963e-01,-7.845269888639450073e-02,1.680694371461868286e-01,-3.066009283065795898e-02,7.017503678798675537e-02,-1.086979508399963379e-01,2.735621854662895203e-02,-1.986893564462661743e-01,7.898707687854766846e-02,-1.668009310960769653e-01,3.030912484973669052e-03,1.272035669535398483e-02,2.955804951488971710e-02,1.656981706619262695e-01,1.561102718114852905e-01,3.051315248012542725e-01,3.320528268814086914e-01,4.149392247200012207e-01,4.169190526008605957e-01,2.849443554878234863e-01,2.718287408351898193e-01,1.962176114320755005e-01,2.502478361129760742e-01,1.060890331864356995e-01,1.219590976834297180e-01,-7.098793517798185349e-03,2.499533146619796753e-01,1.277476698160171509e-01,3.015748858451843262e-01,-1.017872691154479980e-01,2.469615936279296875e-01,4.230390489101409912e-01,5.642090439796447754e-01,1.832213103771209717e-01,3.940101265907287598e-01,-2.662932872772216797e-01,5.352538451552391052e-02,-2.743076086044311523e-01,2.642592601478099823e-02,2.522771954536437988e-01,2.507036626338958740e-01,1.595314592123031616e-01,2.540483176708221436e-01,-8.522202819585800171e-02,6.008136272430419922e-02,9.793883189558982849e-03,1.389435827732086182e-01,2.342253923416137695e-02,1.450430154800415039e-01,6.960920244455337524e-02,1.391030848026275635e-01,8.726149797439575195e-02,2.366061210632324219e-01,2.244579344987869263e-01,2.573724389076232910e-01,3.708782047033309937e-02,-1.280099302530288696e-01,-1.499553322792053223e-01,-1.433220207691192627e-01,-1.833389699459075928e-02,5.343425646424293518e-02
1.204049065709114075e-01,1.483638584613800049e-01,4.722599983215332031e-01,4.487618803977966309e-01,4.966451227664947510e-01,5.745674967765808105e-01,4.609996080398559570e-01,4.906618893146514893e-01,6.315837502479553223e-01,1.000000000000000000e+00,3.178037405014038086e-01,3.742838799953460693e-01,5.178547501564025879e-01,4.244633913040161133e-01,5.731981396675109863e-01,5.731068849563598633e-01,1.543039828538894653e-01,3.614941537380218506e-01,1.924616247415542603e-01,1.950160264968872070e-01,2.675511538982391357e-01,2.255806028842926025e-01,3.670499622821807861e-01,3.340183198451995850e-01,5.300716757774353027e-01,5.337459444999694824e-01,5.573589801788330078e-01,5.876230597496032715e-01,4.193480312824249268e-01,4.722502827644348145e-01,4.444289803504943848e-01,4.706980586051940918e-01,1.183007955551147461e-01,1.367448866367340088e-01,-1.516419500112533569e-01,-8.896366506814956665e-02,1.695018261671066284e-01,1.991112232208251953e-01,3.660178482532501221e-01,3.610938191413879395e-01,3.646908402442932129e-01,4.237360954284667969e-01,-2.386161535978317261e-01,-2.754305601119995117e-01,-1.963084749877452850e-02,-8.687993884086608887e-02,-3.516494035720825195e-01,-2.860648632049560547e-01,-1.129723433405160904e-02,-5.259839817881584167e-02,-1.765215098857879639e-01,-1.419710814952850342e-01,-3.301002979278564453e-01,-2.382327914237976074e-01,8.444558084011077881e-02,1.259434223175048828e-01,-8.261939138174057007e-02,1.181398630142211914e-01,1.357222050428390503e-01,1.747713834047317505e-01,-1.792724244296550751e-02,7.210654765367507935e-02,-2.202122807502746582e-01,-1.791889779269695282e-02,-1.349874399602413177e-02,6.811503320932388306e-02,1.566695868968963623e-01,1.694838702678680420e-01,2.087877094745635986e-01,2.081137448549270630e-01,2.731374204158782959e-01,3.475972115993499756e-01,3.641406297683715820e-01,4.104707241058349609e-01,2.705743014812469482e-01,1.400492042303085327e-01,1.329226344823837280e-01,1.607661098241806030e-01,1.464647352695465088e-01,1.725579202175140381e-01,9.413996338844299316e-02,2.791642248630523682e-01,2.348751276731491089e-01,2.600999176502227783e-01,4.405266419053077698e-02,8.320577442646026611e-02,4.187301993370056152e-01,4.887028634548187256e-01,2.514642179012298584e-01,1.929373443126678467e-01,-3.458221852779388428e-01,-2.417642623186111450e-01,-3.368803262710571289e-01,-2.320999801158905029e-01,1.636720746755599976e-01,1.645907014608383179e-01,2.253391034901142120e-02,1.204493045806884766e-01,-2.876608967781066895e-01,-2.454261779785156250e-01,-1.037287414073944092e-01,-1.024693027138710022e-01,-8.785848319530487061e-02,-1.046992931514978409e-02,2.707499824464321136e-02,1.472970284521579742e-02,9.909044951200485229e-02,9.666796028614044189e-02,1.165351271629333496e-01,1.440269947052001953e-01,-1.191411986947059631e-01,-2.389975637197494507e-01,-2.768742740154266357e-01,-1.755664050579071045e-01,-5.575188249349594116e-02,-1.430753851309418678e-03
3.288016319274902344e-01,-8.321242779493331909e-02,4.187471568584442139e-01,3.228226900100708008e-01,1.704849153757095337e-01,2.289189249277114868e-01,4.834773838520050049e-01,4.103229045867919922e-01,1.768662780523300171e-01,3.178037405014038086e-01,1.000000000000000000e+00,5.600285530090332031e-01,5.676944851875305176e-01,4.147349596023559570e-01,1.997459083795547485e-01,2.762224376201629639e-01,6.448972821235656738e-01,5.293557047843933105e-01,4.251075908541679382e-02,-7.168732117861509323e-03,1.877381652593612671e-01,1.056451424956321716e-01,1.836941689252853394e-01,1.642772555351257324e-01,1.313328891992568970e-01,1.518307030200958252e-01,1.921882480382919312e-01,1.913847476243972778e-01,6.713423132896423340e-01,5.108780860900878906e-01,2.447517365217208862e-01,3.086610734462738037e-01,1.411025822162628174e-01,1.016199886798858643e-01,-1.991504617035388947e-02,-2.471509622409939766e-03,4.785559773445129395e-01,2.226786613464355469e-01,4.364078044891357422e-01,1.914068162441253662e-01,4.348582923412322998e-01,4.068634808063507080e-01,-5.003389343619346619e-02,-2.038047164678573608e-01,-1.088194781914353371e-03,-1.222761720418930054e-01,-1.321837306022644043e-01,-1.575799435377120972e-01,-4.700204357504844666e-02,-1.215122565627098083e-01,-1.110223680734634399e-01,-2.185327559709548950e-01,-1.870844066143035889e-01,-1.911756694316864014e-01,3.165820240974426270e-01,-8.894504606723785400e-02,7.078091800212860107e-02,7.681012153625488281e-03,2.258235663175582886e-01,2.433580458164215088e-01,6.156304152682423592e-04,8.692849427461624146e-02,-2.989416755735874176e-02,1.020287908613681793e-02,1.758178472518920898e-01,2.381445467472076416e-01,2.674801051616668701e-01,3.063503801822662354e-01,1.343642473220825195e-01,1.302594095468521118e-01,3.360460400581359863e-01,3.903593719005584717e-01,4.998531043529510498e-01,4.686053991317749023e-01,3.622314035892486572e-01,1.917905956506729126e-01,2.239940315485000610e-01,1.523021906614303589e-01,4.342249929904937744e-01,4.092234671115875244e-01,6.018049120903015137e-01,5.279700160026550293e-01,3.334830403327941895e-01,9.624034911394119263e-02,5.414682626724243164e-01,9.407127648591995239e-02,3.071762025356292725e-01,1.055536717176437378e-01,5.655910372734069824e-01,4.936603456735610962e-02,-1.134816631674766541e-01,-2.114203125238418579e-01,-7.041842490434646606e-02,-7.858277857303619385e-02,2.600425183773040771e-01,2.505306303501129150e-01,2.185821831226348877e-01,1.944954842329025269e-01,-9.182628989219665527e-02,-1.910394877195358276e-01,1.448932737112045288e-01,-3.929863125085830688e-02,1.411115080118179321e-01,1.728149950504302979e-01,2.759413719177246094e-01,1.538573950529098511e-01,1.494425088167190552e-01,1.141276955604553223e-02,1.976457685232162476e-01,1.516425013542175293e-01,2.929571829736232758e-02,-6.492944806814193726e-02,-8.892903476953506470e-02,8.983020484447479248e-02,1.605719327926635742e-01,1.472663432359695435e-01
3.205688893795013428e-01,2.356378734111785889e-01,4.108965396881103516e-01,4.672494828701019287e-01,1.931470334529876709e-01,3.001188039779663086e-01,4.750339686870574951e-01,6.348946690559387207e-01,2.464252710342407227e-01,3.742838799953460693e-01,5.600285530090332031e-01,1.000000000000000000e+00,5.527959465980529785e-01,6.113009452819824219e-01,3.165887296199798584e-01,3.577978014945983887e-01,3.484503328800201416e-01,6.396281123161315918e-01,5.271972157061100006e-03,5.070919170975685120e-03,1.184965893626213074e-01,1.015356183052062988e-01,1.188934147357940674e-01,1.791758090257644653e-01,1.586051136255264282e-01,2.055432051420211792e-01,2.152011990547180176e-01,2.547308504581451416e-01,4.653682708740234375e-01,6.225926876068115234e-01,1.611702144145965576e-01,2.407732605934143066e-01,1.241482943296432495e-01,6.178553402423858643e-02,-6.481754034757614136e-02,1.005330588668584824e-03,2.885607481002807617e-01,2.394017428159713745e-01,3.308128118515014648e-01,1.904347389936447144e-01,3.709910511970520020e-01,4.332219362258911133e-01,-2.967268973588943481e-02,-6.148551031947135925e-02,1.320888549089431763e-01,8.352857083082199097e-02,-2.041653096675872803e-01,-1.223663166165351868e-01,1.087626889348030090e-01,1.659822016954421997e-01,-7.366594672203063965e-02,7.731325179338455200e-02,-2.856291532516479492e-01,-2.123843878507614136e-02,-1.909125410020351410e-02,-4.966545477509498596e-02,-4.214294999837875366e-02,3.938408493995666504e-01,3.601911067962646484e-01,4.839910268783569336e-01,8.187402039766311646e-02,4.246067702770233154e-01,-2.486453503370285034e-01,3.092312812805175781e-01,2.287475764751434326e-01,4.611275792121887207e-01,4.641967713832855225e-01,4.725314378738403320e-01,2.611913979053497314e-01,3.561685681343078613e-01,2.478094995021820068e-01,3.267837762832641602e-01,3.899819552898406982e-01,4.536126554012298584e-01,2.064481228590011597e-01,1.546847075223922729e-01,2.270435541868209839e-01,2.090937942266464233e-01,2.531028389930725098e-01,4.612562954425811768e-01,2.403091639280319214e-01,6.132575273513793945e-01,8.791629970073699951e-02,2.226062268018722534e-01,1.981672793626785278e-01,3.749932944774627686e-01,1.613679826259613037e-01,2.573227584362030029e-01,2.138563692569732666e-01,1.700058579444885254e-01,-3.494026958942413330e-01,-1.401504278182983398e-01,-2.490293681621551514e-01,-6.563079357147216797e-02,1.797314435243606567e-01,1.544602662324905396e-01,4.042291268706321716e-02,7.669785618782043457e-02,-2.929750084877014160e-01,-2.068127542734146118e-01,-1.911078393459320068e-01,-8.603460341691970825e-02,-1.792211979627609253e-01,2.999339438974857330e-02,4.859325289726257324e-02,2.800989337265491486e-02,-8.639214932918548584e-02,-1.125457286834716797e-01,1.654309183359146118e-01,1.439739167690277100e-01,-3.004172071814537048e-02,-1.299516260623931885e-01,-1.610303670167922974e-01,-6.943991780281066895e-02,4.576107859611511230e-02,4.149464145302772522e-02
2.076914906501770020e-01,6.241579353809356689e-02,6.543006300926208496e-01,6.371705532073974609e-01,3.152720332145690918e-01,3.245035111904144287e-01,6.920295357704162598e-01,6.881054043769836426e-01,4.520646929740905762e-01,5.178547501564025879e-01,5.676944851875305176e-01,5.527959465980529785e-01,1.000000000000000000e+00,7.169444561004638672e-01,4.181939065456390381e-01,3.435038924217224121e-01,3.480275571346282959e-01,4.915269613265991211e-01,3.717614412307739258e-01,3.070018589496612549e-01,2.668932676315307617e-01,1.815423220396041870e-01,4.917011857032775879e-01,5.336407423019409180e-01,2.762022018432617188e-01,2.571291923522949219e-01,3.779975473880767822e-01,3.682514727115631104e-01,5.403463840484619141e-01,5.793464779853820801e-01,4.686462581157684326e-01,5.260832309722900391e-01,1.893169879913330078e-01,2.322176694869995117e-01,-1.025786697864532471e-01,3.461548592895269394e-03,2.669878900051116943e-01,2.439616471529006958e-01,3.728024661540985107e-01,2.637994885444641113e-01,3.699070513248443604e-01,4.284874796867370605e-01,-2.164300233125686646e-01,-2.785066366195678711e-01,-8.295103162527084351e-02,-2.106755226850509644e-01,-3.657678067684173584e-01,-2.522288560867309570e-01,-1.238506287336349487e-01,-6.077950075268745422e-02,-2.879135012626647949e-01,-1.686632633209228516e-01,-4.380344450473785400e-01,-2.353408038616180420e-01,8.553452789783477783e-02,3.507663309574127197e-02,-1.213276684284210205e-01,3.059787489473819733e-02,1.163142547011375427e-01,2.418242841958999634e-01,-1.488534659147262573e-01,8.233387023210525513e-02,-2.869938015937805176e-01,-1.029291469603776932e-02,3.931332379579544067e-03,1.860393583774566650e-01,2.105088680982589722e-01,3.218837380409240723e-01,4.390304088592529297e-01,3.659664392471313477e-01,3.441416621208190918e-01,4.158849716186523438e-01,4.490640461444854736e-01,3.931252062320709229e-01,3.801230192184448242e-01,2.437561154365539551e-01,1.522618085145950317e-01,1.554592996835708618e-01,2.655416727066040039e-01,3.174133896827697754e-01,3.002332746982574463e-01,4.675920009613037109e-01,2.030103355646133423e-01,1.725788116455078125e-01,1.857160776853561401e-01,7.257132977247238159e-02,4.249369800090789795e-01,3.889701366424560547e-01,2.994689345359802246e-01,1.242088973522186279e-01,-3.331108987331390381e-01,-2.017085999250411987e-01,-2.825782001018524170e-01,-1.463350206613540649e-01,2.428255975246429443e-01,2.391384690999984741e-01,1.269579380750656128e-01,1.608720421791076660e-01,-1.999396383762359619e-01,-1.708073914051055908e-01,-1.497682929039001465e-02,-1.418296620249748230e-02,-7.486926019191741943e-02,1.010430678725242615e-01,1.897776424884796143e-01,1.436188519001007080e-01,1.335113495588302612e-01,7.834765315055847168e-02,8.252111822366714478e-02,1.816096752882003784e-01,-1.846260018646717072e-02,-1.395829319953918457e-01,-2.236637771129608154e-01,-1.164013519883155823e-01,3.254570439457893372e-02,5.363338813185691833e-02
