1.000000000000000000e+00,3.927399218082427979e-01,4.996072947978973389e-01,4.231702983379364014e-01,-1.075275167822837830e-01,-8.638024330139160156e-02,5.940535664558410645e-01,3.344624936580657959e-01,-9.617554396390914917e-02,-1.732003688812255859e-01,5.325131416320800781e-01,3.474515378475189209e-01,4.407821595668792725e-01,3.094238340854644775e-01,4.179787635803222656e-02,-1.733171343803405762e-01,6.090013980865478516e-01,2.700978815555572510e-01,5.042200088500976562e-01,4.141731858253479004e-01,2.625043876469135284e-02,1.761223822832107544e-01,1.406126618385314941e-01,2.692675292491912842e-01,-1.088627576828002930e-01,-9.548258781433105469e-02,-1.136546581983566284e-01,-1.537538915872573853e-01,5.353577733039855957e-01,3.425770401954650879e-01,3.345288634300231934e-01,3.027382194995880127e-01,5.505781173706054688e-01,5.331491231918334961e-01,2.726458311080932617e-01,1.756094843149185181e-01,2.612770199775695801e-01,1.721768230199813843e-01,1.891012489795684814e-01,1.647010296583175659e-01,2.474358826875686646e-01,5.583902448415756226e-02,1.814564168453216553e-01,2.710503637790679932e-01,4.748401790857315063e-02,2.781602740287780762e-01,1.194619536399841309e-01,1.016957759857177734e-01,2.400644123554229736e-01,1.734293103218078613e-01,2.765958905220031738e-01,1.331460922956466675e-01,1.394065022468566895e-01,4.913321509957313538e-02,1.318034976720809937e-01,-2.595746815204620361e-01,7.688243389129638672e-01,4.156171679496765137e-01,4.398970901966094971e-01,4.145346581935882568e-01,6.147543787956237793e-01,3.889423906803131104e-01,6.037693023681640625e-01,3.556956946849822998e-01,3.897637128829956055e-01,2.778256535530090332e-01,1.260849833488464355e-01,2.751031219959259033e-01,4.566456973552703857e-01,2.820062041282653809e-01,4.201396405696868896e-01,2.968734502792358398e-01,4.807559251785278320e-01,2.248848080635070801e-01,4.507039487361907959e-01,4.064571857452392578e-01,3.587379455566406250e-01,3.754058480262756348e-01,5.063735842704772949e-01,3.004032075405120850e-01,4.746923744678497314e-01,5.702732875943183899e-02,1.872943527996540070e-02,9.817425161600112915e-02,3.028338849544525146e-01,1.068927943706512451e-01,6.437432020902633667e-02,1.380365639925003052e-01,1.545587927103042603e-01,-7.484186440706253052e-02,-2.901597619056701660e-01,-2.319026291370391846e-01,-1.482067406177520752e-01,6.513819843530654907e-02,2.547181248664855957e-01,2.197096049785614014e-01,3.185015916824340820e-01,1.999402046203613281e-01,8.278542011976242065e-02,-1.976644545793533325e-01,2.048642188310623169e-02,2.342989444732666016e-01,5.853871628642082214e-02,9.962621331214904785e-02,1.240999903529882431e-02,3.352186083793640137e-02,-6.904270267114043236e-04,1.495864707976579666e-02,2.628451287746429443e-01,3.802549540996551514e-01,1.467451006174087524e-01,-3.456116095185279846e-02,1.312159597873687744e-01,1.361967474222183228e-01,6.370060145854949951e-02,1.567289680242538452e-01
3.927399218082427979e-01,1.000000000000000000e+00,2.842645645141601562e-01,4.534171223640441895e-01,-2.873461842536926270e-01,-4.385433793067932129e-01,3.954769074916839600e-01,4.338058233261108398e-01,-1.693307459354400635e-01,-4.526059329509735107e-01,1.718974858522415161e-01,5.819935202598571777e-01,2.194360047578811646e-01,3.127532899379730225e-01,-1.467290520668029785e-01,-3.901875317096710205e-01,3.051471114158630371e-01,6.099284887313842773e-01,3.406849801540374756e-01,4.462729990482330322e-01,1.432885974645614624e-02,8.555980026721954346e-02,1.732219159603118896e-01,3.299705088138580322e-01,-3.170809447765350342e-01,-3.476190567016601562e-01,-2.169582843780517578e-01,-3.333179354667663574e-01,2.815937399864196777e-01,4.688890874385833740e-01,2.716842293739318848e-01,2.121575474739074707e-01,4.605129659175872803e-01,5.204630494117736816e-01,2.857859730720520020e-01,2.592011392116546631e-01,6.816157698631286621e-02,3.230694830417633057e-01,4.507609084248542786e-02,2.255894839763641357e-01,2.761194705963134766e-01,1.066605672240257263e-01,2.633439004421234131e-01,4.221115410327911377e-01,3.227830529212951660e-01,5.352276563644409180e-01,1.738595515489578247e-01,3.235735595226287842e-01,4.018996953964233398e-01,4.682167470455169678e-01,3.267020881175994873e-01,4.389802217483520508e-01,8.090202510356903076e-02,2.969480156898498535e-01,4.926972463726997375e-02,3.534220904111862183e-02,4.387848973274230957e-01,7.668674588203430176e-01,5.078322887420654297e-01,5.823040604591369629e-01,5.615575909614562988e-01,6.757064461708068848e-01,4.717426002025604248e-01,6.966128945350646973e-01,3.593759536743164062e-01,4.502825438976287842e-01,4.178824126720428467e-01,5.791676640510559082e-01,5.407567620277404785e-01,4.602733552455902100e-01,2.057111412286758423e-01,1.198143884539604187e-01,1.848453730344772339e-01,2.448213994503021240e-01,1.696216017007827759e-01,2.490103989839553833e-01,2.879943549633026123e-01,4.409391880035400391e-01,3.878782689571380615e-01,3.781782090663909912e-01,4.056850969791412354e-01,4.289881885051727295e-01,-1.386587321758270264e-01,4.632782191038131714e-02,2.419746369123458862e-01,4.418340325355529785e-01,-2.750261500477790833e-02,-8.691313862800598145e-02,-7.387149333953857422e-02,3.113832175731658936e-01,-6.253608316183090210e-02,-1.142747029662132263e-01,-1.692707687616348267e-01,1.177275180816650391e-01,1.584620773792266846e-01,1.673295199871063232e-01,2.139073461294174194e-01,1.943062543869018555e-01,7.437347620725631714e-02,1.336672622710466385e-02,5.296434462070465088e-02,3.228089809417724609e-01,1.790062934160232544e-01,2.461743056774139404e-01,1.138568297028541565e-01,5.189645662903785706e-02,9.441817551851272583e-02,-4.150284081697463989e-02,1.581654101610183716e-01,2.354973405599594116e-01,1.617080718278884888e-01,4.315960034728050232e-02,1.833309680223464966e-01,2.314843684434890747e-01,8.829201012849807739e-02,1.365683972835540771e-01
4.996072947978973389e-01,2.842645645141601562e-01,1.000000000000000000e+00,3.648109138011932373e-01,6.943146884441375732e-02,-2.823276817798614502e-01,7.334723472595214844e-01,1.229319199919700623e-01,9.548009932041168213e-02,-3.394004404544830322e-01,4.559153318405151367e-01,2.470985651016235352e-01,5.289474129676818848e-01,1.379688233137130737e-01,2.167143970727920532e-01,-2.387350499629974365e-01,2.299291342496871948e-01,1.367421001195907593e-01,5.452865958213806152e-01,3.818012475967407227e-01,-1.154287904500961304e-01,6.389585882425308228e-02,5.798315405845642090e-01,3.837205171585083008e-01,2.354194596409797668e-02,-1.906206905841827393e-01,-7.146834861487150192e-03,-1.234908849000930786e-01,2.068401426076889038e-01,1.707635968923568726e-01,2.675947546958923340e-01,1.405346542596817017e-01,2.943668961524963379e-01,2.494169026613235474e-01,2.007095813751220703e-01,3.384461253881454468e-02,8.912225812673568726e-02,1.218682900071144104e-01,1.371936649084091187e-01,7.510817795991897583e-02,7.348171621561050415e-02,-9.301322512328624725e-03,-1.416563689708709717e-01,-4.169502854347229004e-02,-2.043212652206420898e-01,-7.844371348619461060e-02,-1.222781315445899963e-01,-8.691517263650894165e-02,-9.950731694698333740e-02,-5.963233858346939087e-02,-7.194102555513381958e-02,-4.107980430126190186e-02,-1.360945403575897217e-01,-6.941176950931549072e-02,-5.026994645595550537e-02,-2.463938146829605103e-01,3.290868699550628662e-01,2.097611427307128906e-01,1.954970806837081909e-01,8.423810452222824097e-02,3.418761491775512695e-01,9.426606446504592896e-02,2.258037626743316650e-01,8.320319652557373047e-02,2.893408536911010742e-01,2.350474148988723755e-01,1.154182013124227524e-02,1.383665017783641815e-02,3.800970315933227539e-01,2.463608235120773315e-01,1.014055013656616211e-01,1.576848179101943970e-01,8.531706035137176514e-02,2.294059842824935913e-01,1.752877533435821533e-01,1.459293812513351440e-01,1.324740797281265259e-01,1.616283804178237915e-01,1.540913879871368408e-01,2.419216632843017578e-01,1.635245829820632935e-01,5.000445991754531860e-02,1.253543645143508911e-01,6.361168622970581055e-02,3.169147670269012451e-01,1.010141447186470032e-01,1.367757320404052734e-01,7.691885530948638916e-02,1.819448322057723999e-01,-7.435354590415954590e-02,-3.531333506107330322e-01,-1.382194757461547852e-01,-8.324746042490005493e-02,2.266010791063308716e-01,5.955811962485313416e-02,6.944240629673004150e-02,9.992410987615585327e-02,8.551552146673202515e-02,-1.627788096666336060e-01,-2.531940340995788574e-01,-7.340008765459060669e-02,2.545462548732757568e-01,-7.263878732919692993e-02,-1.167455967515707016e-02,-9.321952611207962036e-02,-2.303163520991802216e-02,-1.082271933555603027e-01,4.977828636765480042e-02,1.097804456949234009e-01,1.905971020460128784e-01,2.207333780825138092e-02,-1.598430424928665161e-01,-4.511172696948051453e-02,-6.010764278471469879e-03,-2.949733473360538483e-02,1.096465345472097397e-02
4.231702983379364014e-01,4.534171223640441895e-01,3.648109138011932373e-01,1.000000000000000000e+00,-3.043275177478790283e-01,-1.785144507884979248e-01,4.013265669345855713e-01,7.677206993103027344e-01,-2.743736207485198975e-01,-2.153855264186859131e-01,1.867934167385101318e-01,3.447448015213012695e-01,6.496884673833847046e-02,5.304809212684631348e-01,-1.666896939277648926e-01,-2.297442555427551270e-01,2.562187314033508301e-01,1.967641115188598633e-01,2.248949408531188965e-01,2.089015096426010132e-01,2.341088093817234039e-02,5.284268874675035477e-03,2.880955636501312256e-01,6.554437279701232910e-01,-1.430897861719131470e-01,-1.233339756727218628e-01,-1.903661191463470459e-01,-2.847409546375274658e-01,1.564782559871673584e-01,1.163201257586479187e-01,3.209989666938781738e-01,5.390515327453613281e-01,2.582587003707885742e-01,3.579583764076232910e-01,1.386651992797851562e-01,-7.720398134551942348e-04,-7.900549471378326416e-02,6.282816827297210693e-02,-1.003491580486297607e-01,-2.713112160563468933e-02,2.552199177443981171e-03,-1.129855737090110779e-01,-1.374645978212356567e-01,3.342121094465255737e-02,-1.095968764275312424e-03,2.260327786207199097e-01,-2.135482579469680786e-01,-7.597340643405914307e-02,1.544976532459259033e-01,2.441688925027847290e-01,1.246103793382644653e-01,2.020995318889617920e-01,-1.517413109540939331e-01,3.472747653722763062e-02,-1.880517452955245972e-01,-2.959448397159576416e-01,3.530724048614501953e-01,4.275799393653869629e-01,3.725232183933258057e-01,4.111154973506927490e-01,3.808048963546752930e-01,4.056496918201446533e-01,2.513904571533203125e-01,3.763561844825744629e-01,3.583251535892486572e-01,4.505001604557037354e-01,1.138365343213081360e-01,2.006859928369522095e-01,2.785540521144866943e-01,2.126154601573944092e-01,3.427822887897491455e-01,6.900207698345184326e-02,2.964467704296112061e-01,-2.800600416958332062e-02,2.515303790569305420e-01,9.724756330251693726e-02,9.394481778144836426e-02,3.057656586170196533e-01,2.698193192481994629e-01,1.992072463035583496e-01,1.106171086430549622e-01,-3.823542594909667969e-02,-2.811356484889984131e-01,-4.528376460075378418e-02,2.370449341833591461e-02,1.246249675750732422e-01,-3.861486911773681641e-02,7.582218199968338013e-02,-2.141218632459640503e-01,-3.035291284322738647e-02,-3.123077750205993652e-01,-2.979862093925476074e-01,-2.600579559803009033e-01,7.469687610864639282e-02,6.702559441328048706e-02,7.455366849899291992e-02,4.467046260833740234e-02,-7.708268612623214722e-02,-2.620931267738342285e-01,-3.451066315174102783e-01,-7.244813442230224609e-02,2.383100688457489014e-01,4.668592661619186401e-02,9.164423495531082153e-02,-1.017972826957702637e-01,-9.438773244619369507e-02,-4.833340644836425781e-03,-4.028155282139778137e-02,1.390567123889923096e-01,1.087858751416206360e-01,-1.322074830532073975e-01,-2.809469699859619141e-01,-6.930971145629882812e-02,-1.631624251604080200e-02,-7.406586408615112305e-02,7.529551535844802856e-02
-1.075275167822837830e-01,-2.873461842536926270e-01,6.943146884441375732e-02,-3.043275177478790283e-01,1.000000000000000000e+00,4.266533255577087402e-01,-1.064184978604316711e-01,-3.700029850006103516e-01,6.699478030204772949e-01,3.171270489692687988e-01,1.693462282419204712e-01,-5.848711729049682617e-02,1.968512982130050659e-01,-9.622561186552047729e-02,6.708521246910095215e-01,4.239147901535034180e-01,-1.154682338237762451e-01,-1.586871147155761719e-01,7.697052508592605591e-02,-4.449980705976486206e-02,2.184089720249176025e-01,2.952747642993927002e-01,1.672483682632446289e-01,-1.147503554821014404e-01,5.895459055900573730e-01,3.948867619037628174e-01,6.265082359313964844e-01,6.062514781951904297e-01,1.905718445777893066e-02,-2.096863649785518646e-02,5.123556032776832581e-02,-4.640209302306175232e-02,1.157952193170785904e-02,-1.115622594952583313e-01,-2.291561104357242584e-02,-1.633847691118717194e-02,3.016080707311630249e-02,-1.291484534740447998e-01,1.651189029216766357e-01,1.132229194045066833e-01,-3.775829449295997620e-02,3.772446513175964355e-02,-2.364793717861175537e-01,-2.404603362083435059e-01,-3.100154995918273926e-01,-3.684396147727966309e-01,-8.709108829498291016e-02,-2.454251796007156372e-01,-3.419316709041595459e-01,-3.459376096725463867e-01,-2.503622770309448242e-01,-2.961247861385345459e-01,-7.617516070604324341e-02,-3.010657429695129395e-01,4.810082539916038513e-02,3.418751806020736694e-02,-1.839309781789779663e-01,-2.454079687595367432e-01,-2.536963820457458496e-01,-3.593159317970275879e-01,-1.729059666395187378e-01,-2.920999526977539062e-01,-2.234611511230468750e-01,-3.385002315044403076e-01,-1.924939453601837158e-01,-2.989752292633056641e-01,-1.177538856863975525e-01,-2.032350450754165649e-01,-1.109254509210586548e-01,6.010483019053936005e-03,-1.568845957517623901e-01,1.604937911033630371e-01,-1.267315000295639038e-01,1.555212885141372681e-01,-1.256489939987659454e-02,1.046172995120286942e-02,-1.261031627655029297e-01,-2.784363329410552979e-01,-2.000438570976257324e-01,-1.093137785792350769e-01,-1.173497736454010010e-01,2.542868256568908691e-02,3.493481576442718506e-01,-6.917207688093185425e-02,1.935350708663463593e-02,-4.047256335616111755e-02,2.703241109848022461e-01,9.157843142747879028e-02,4.174478650093078613e-01,7.031760364770889282e-02,-2.032622992992401123e-01,5.058074742555618286e-02,-6.273686420172452927e-03,1.866143569350242615e-02,-1.086711809039115906e-01,-1.170670986175537109e-01,-1.670366674661636353e-01,-1.069923639297485352e-01,-1.649626046419143677e-01,-1.274540126323699951e-01,-3.021563291549682617e-01,-2.515767216682434082e-01,-3.864381313323974609e-01,-4.220639169216156006e-01,-2.974509596824645996e-01,-2.162048816680908203e-01,-1.537567377090454102e-01,-2.438020259141921997e-01,-5.744311213493347168e-02,-1.002655848860740662e-01,-1.074275821447372437e-01,-1.461068689823150635e-01,-2.066269814968109131e-01,-2.119832336902618408e-01,-2.239279747009277344e-01,-2.813756465911865234e-01
-8.638024330139160156e-02,-4.385433793067932129e-01,-2.823276817798614502e-01,-1.785144507884979248e-01,4.266533255577087402e-01,1.000000000000000000e+00,-3.072813153266906738e-01,-9.792831540107727051e-02,1.843632608652114868e-01,8.484359979629516602e-01,-1.218454912304878235e-01,-2.913690805435180664e-01,-1.280087232589721680e-01,9.428539872169494629e-02,2.164879888296127319e-01,7.760733366012573242e-01,-6.785908341407775879e-02,-3.597661256790161133e-01,-1.772983819246292114e-01,-1.906719654798507690e-01,1.537503153085708618e-01,2.800719141960144043e-01,-2.497406601905822754e-01,-2.630628347396850586e-01,5.131261348724365234e-01,7.455943822860717773e-01,4.634633660316467285e-01,6.514118909835815430e-01,-1.591568440198898315e-02,-1.262848228216171265e-01,-2.376856096088886261e-02,3.853388875722885132e-02,-1.826592087745666504e-01,-2.392581105232238770e-01,-2.287437915802001953e-01,-1.522219181060791016e-01,-7.598551921546459198e-03,-3.357030749320983887e-01,6.129003688693046570e-02,-5.337028950452804565e-02,-1.055475100874900818e-01,-2.710959501564502716e-02,-2.527176439762115479e-01,-3.153108060359954834e-01,-3.074873983860015869e-01,-3.430885374546051025e-01,-1.995070278644561768e-01,-3.200365900993347168e-01,-2.769905924797058105e-01,-3.706255257129669189e-01,-2.640374898910522461e-01,-3.476774692535400391e-01,-1.497733443975448608e-01,-3.727389276027679443e-01,-1.361212730407714844e-01,-1.352175176143646240e-01,-1.264749616384506226e-01,-3.588704168796539307e-01,-2.983929514884948730e-01,-2.890781462192535400e-01,-3.469436466693878174e-01,-3.184403181076049805e-01,-2.364553213119506836e-01,-3.291758894920349121e-01,-3.284067809581756592e-01,-3.724695444107055664e-01,-3.165045976638793945e-01,-3.255539238452911377e-01,-3.354421854019165039e-01,-3.256283104419708252e-01,2.754235453903675079e-02,1.493097692728042603e-01,8.436861634254455566e-02,-6.136551126837730408e-02,6.473867595195770264e-02,2.495294250547885895e-02,-1.183259785175323486e-01,-2.375232279300689697e-01,-1.457019299268722534e-01,-2.602210938930511475e-01,-1.908780038356781006e-01,-1.973617672920227051e-01,1.215560883283615112e-01,1.021881774067878723e-01,-2.488148808479309082e-01,-3.367159664630889893e-01,8.164618909358978271e-02,2.776899933815002441e-01,5.592774972319602966e-02,-2.713810503482818604e-01,-1.879386901855468750e-01,-1.443654000759124756e-01,-6.471768021583557129e-02,-1.579518467187881470e-01,-1.273418366909027100e-01,-1.474877297878265381e-01,-1.817514598369598389e-01,-1.816070526838302612e-01,-1.555299758911132812e-01,-1.614325344562530518e-01,-8.310182392597198486e-02,-2.257426530122756958e-01,-2.014778852462768555e-01,-2.324070632457733154e-01,-2.135745733976364136e-01,-1.849883794784545898e-01,-1.231022477149963379e-01,-1.890259981155395508e-01,-1.202760189771652222e-01,-1.576036661863327026e-01,-1.824257969856262207e-01,-1.731516867876052856e-01,-2.070720493793487549e-01,-2.116296291351318359e-01,-1.532636731863021851e-01,-1.649619340896606445e-01
5.940535664558410645e-01,3.954769074916839600e-01,7.334723472595214844e-01,4.013265669345855713e-01,-1.064184978604316711e-01,-3.072813153266906738e-01,1.000000000000000000e+00,2.892297506332397461e-01,6.415463238954544067e-02,-3.438052237033843994e-01,4.784638285636901855e-01,3.465163409709930420e-01,5.914316773414611816e-01,1.883612722158432007e-01,7.112266868352890015e-02,-3.135755360126495361e-01,3.442164063453674316e-01,2.894198894500732422e-01,4.885792732238769531e-01,3.835341334342956543e-01,-1.027315258979797363e-01,-3.842913359403610229e-02,3.536604046821594238e-01,3.516330122947692871e-01,-1.694252043962478638e-01,-2.463931143283843994e-01,-1.993886232376098633e-01,-2.883304655551910400e-01,3.141238093376159668e-01,2.988257408142089844e-01,2.770449221134185791e-01,1.606726497411727905e-01,3.475234210491180420e-01,3.314523994922637939e-01,1.844836920499801636e-01,7.492151856422424316e-02,3.557504341006278992e-02,6.882736831903457642e-02,4.626493435353040695e-03,-3.212548792362213135e-02,1.186656206846237183e-01,-2.909722737967967987e-02,9.106601588428020477e-03,8.571984618902206421e-02,4.129707813262939453e-02,1.197570264339447021e-01,-1.479398924857378006e-02,2.079752087593078613e-02,1.005967706441879272e-01,1.178052797913551331e-01,7.951337844133377075e-02,6.354486942291259766e-02,-1.109070107340812683e-01,2.795076929032802582e-02,-3.425630554556846619e-02,-2.154219597578048706e-01,4.659543633460998535e-01,2.976834177970886230e-01,3.378862142562866211e-01,2.328590303659439087e-01,5.064845681190490723e-01,2.728503644466400146e-01,4.137237370014190674e-01,2.428904920816421509e-01,3.570718169212341309e-01,3.081560134887695312e-01,1.126029342412948608e-01,1.090912446379661560e-01,3.873214423656463623e-01,2.237768769264221191e-01,1.340292841196060181e-01,9.259498119354248047e-02,1.614846885204315186e-01,2.192052155733108521e-01,2.058198004961013794e-01,2.192730158567428589e-01,9.270370751619338989e-02,1.869323849678039551e-01,3.057265281677246094e-01,2.799389064311981201e-01,3.216956257820129395e-01,5.466789379715919495e-02,6.933726835995912552e-03,-5.487290211021900177e-03,2.521347999572753906e-01,6.542512029409408569e-02,-1.146557740867137909e-02,-7.612276822328567505e-02,1.237202733755111694e-01,-7.081112265586853027e-02,-2.634093463420867920e-01,-1.744137555360794067e-01,-1.406503170728683472e-01,1.024952009320259094e-01,1.145485043525695801e-01,1.095992103219032288e-01,1.114687547087669373e-01,2.962904050946235657e-02,-5.835038796067237854e-02,-2.122190892696380615e-01,5.863403901457786560e-02,2.953670322895050049e-01,1.107293590903282166e-01,1.195645630359649658e-01,-5.679835751652717590e-02,-4.320789873600006104e-02,2.292273938655853271e-02,1.287024915218353271e-01,1.421471983194351196e-01,2.165262252092361450e-01,1.857650838792324066e-02,-1.431264728307723999e-01,-1.043185964226722717e-02,4.340285435318946838e-02,9.752644225955009460e-03,7.550963014364242554e-02
3.344624936580657959e-01,4.338058233261108398e-01,1.229319199919700623e-01,7.677206993103027344e-01,-3.700029850006103516e-01,-9.792831540107727051e-02,2.892297506332397461e-01,1.000000000000000000e+00,-3.621591031551361084e-01,-1.032733172178268433e-01,8.628326654434204102e-02,3.599256277084350586e-01,-3.327057138085365295e-02,6.318619251251220703e-01,-2.694020867347717285e-01,-1.708106547594070435e-01,2.805020511150360107e-01,2.390219122171401978e-01,6.273113936185836792e-02,1.020683497190475464e-01,8.426565676927566528e-02,-1.245121564716100693e-02,1.096809655427932739e-01,5.421134233474731445e-01,-1.697269976139068604e-01,-4.836793988943099976e-02,-2.467828243970870972e-01,-3.305602073669433594e-01,2.364598661661148071e-01,1.991496086120605469e-01,3.375588059425354004e-01,5.659945607185363770e-01,2.382601499557495117e-01,3.536884188652038574e-01,7.562386244535446167e-02,-2.940906770527362823e-02,-1.003064215183258057e-01,-9.011939167976379395e-03,-1.984552592039108276e-01,-1.705292612314224243e-01,2.413765713572502136e-02,-1.393540501594543457e-01,-7.654651999473571777e-02,4.933430254459381104e-02,1.211812645196914673e-01,3.232929706573486328e-01,-1.932549327611923218e-01,-6.736462563276290894e-02,2.374960929155349731e-01,2.999626100063323975e-01,1.541282981634140015e-01,2.034752368927001953e-01,-1.434251517057418823e-01,7.132036983966827393e-02,-2.268912047147750854e-01,-2.649935781955718994e-01,3.264126181602478027e-01,3.968774080276489258e-01,3.542923629283905029e-01,3.999627828598022461e-01,3.082803487777709961e-01,4.474245905876159668e-01,2.681878507137298584e-01,4.520271718502044678e-01,2.868633866310119629e-01,3.568100035190582275e-01,8.193626254796981812e-02,1.893367916345596313e-01,1.508047729730606079e-01,1.684321314096450806e-01,3.254998028278350830e-01,1.110745966434478760e-01,3.009788393974304199e-01,1.265098154544830322e-02,1.967812031507492065e-01,1.186669841408729553e-01,5.036077275872230530e-02,3.265029191970825195e-01,3.240749537944793701e-01,1.050776615738868713e-01,1.826703101396560669e-01,8.081292733550071716e-03,-3.266597986221313477e-01,-3.475548326969146729e-02,-8.008257299661636353e-02,7.529272139072418213e-02,-9.435222297906875610e-02,-5.974129587411880493e-02,-2.638168632984161377e-01,-1.036981344223022461e-01,-2.031161636114120483e-01,-2.666839659214019775e-01,-3.393356502056121826e-01,5.643666721880435944e-03,4.877320304512977600e-02,3.786886110901832581e-02,-4.968165606260299683e-02,-1.884194761514663696e-01,-2.506932020187377930e-01,-2.720541357994079590e-01,-5.410455539822578430e-02,1.713929623365402222e-01,1.251595169305801392e-01,1.305869966745376587e-01,-1.306296288967132568e-01,-1.453197002410888672e-01,3.730654343962669373e-02,-4.546500369906425476e-02,1.184252873063087463e-01,2.337928302586078644e-02,-1.583986580371856689e-01,-2.451023757457733154e-01,-9.256568551063537598e-02,-1.046322286128997803e-02,-9.491183608770370483e-02,7.034589350223541260e-02
-9.617554396390914917e-02,-1.693307459354400635e-01,9.548009932041168213e-02,-2.743736207485198975e-01,6.699478030204772949e-01,1.843632608652114868e-01,6.415463238954544067e-02,-3.621591031551361084e-01,1.000000000000000000e+00,1.252810359001159668e-01,2.315663248300552368e-01,-3.332239761948585510e-02,3.360348343849182129e-01,-2.250225245952606201e-01,6.938628554344177246e-01,1.960264593362808228e-01,-1.168675497174263000e-01,-3.180727735161781311e-02,1.487471312284469604e-01,6.382724642753601074e-02,1.976931393146514893e-01,1.685565859079360962e-01,1.221902295947074890e-01,-1.205476298928260803e-01,3.622030615806579590e-01,1.653558909893035889e-01,4.101338982582092285e-01,3.752187490463256836e-01,2.326902374625205994e-02,2.522950060665607452e-02,-1.131617370992898941e-02,-1.397851109504699707e-01,7.054038345813751221e-03,-8.473116159439086914e-02,-4.052192345261573792e-02,-2.164145372807979584e-02,6.373630603775382042e-04,-6.952693313360214233e-02,9.840520471334457397e-02,6.332949548959732056e-02,-2.535665966570377350e-02,9.996295720338821411e-02,-1.747739315032958984e-01,-1.696390211582183838e-01,-2.210089266300201416e-01,-3.070826828479766846e-01,1.494347583502531052e-02,-1.379127055406570435e-01,-2.947256565093994141e-01,-3.227488696575164795e-01,-2.294300943613052368e-01,-2.847563326358795166e-01,-6.626053154468536377e-02,-2.588869631290435791e-01,1.401580870151519775e-02,1.292671542614698410e-02,-8.977187424898147583e-02,-1.832067072391510010e-01,-2.436628639698028564e-01,-3.103793263435363770e-01,-9.357628226280212402e-02,-1.922922283411026001e-01,-7.090111821889877319e-02,-2.565805912017822266e-01,-1.506220102310180664e-01,-2.384236305952072144e-01,-1.109956353902816772e-01,-1.606478542089462280e-01,2.666508406400680542e-02,1.318135391920804977e-02,-1.581658124923706055e-01,1.297676283866167068e-02,-1.409585326910018921e-01,8.213386684656143188e-02,-4.122788086533546448e-02,1.000852510333061218e-02,-1.426056325435638428e-01,-2.823149263858795166e-01,-1.750866323709487915e-01,-6.012684479355812073e-02,1.205783709883689880e-02,1.346195191144943237e-01,3.461963236331939697e-01,-1.305042207241058350e-01,1.482450067996978760e-01,1.984173059463500977e-02,2.139742672443389893e-01,-4.190514981746673584e-02,4.191051721572875977e-01,1.018268093466758728e-01,-1.302460432052612305e-01,1.124374568462371826e-01,1.055361330509185791e-01,1.345381885766983032e-02,-5.931682512164115906e-02,-7.525929063558578491e-02,-9.994702786207199097e-02,-4.628160968422889709e-02,-6.439465284347534180e-02,-8.377712965011596680e-02,-1.964476257562637329e-01,-2.095789015293121338e-01,-2.942962348461151123e-01,-3.430398106575012207e-01,-2.272957712411880493e-01,-1.692537069320678711e-01,-9.497895836830139160e-02,-1.289585232734680176e-01,-1.769090630114078522e-02,8.958039805293083191e-03,-2.345345169305801392e-02,-6.957029551267623901e-02,-1.651327461004257202e-01,-1.145603582262992859e-01,-1.318688094615936279e-01,-2.159000933170318604e-01
-1.732003688812255859e-01,-4.526059329509735107e-01,-3.394004404544830322e-01,-2.153855264186859131e-01,3.171270489692687988e-01,8.484359979629516602e-01,-3.438052237033843994e-01,-1.032733172178268433e-01,1.252810359001159668e-01,1.000000000000000000e+00,-2.380738407373428345e-01,-3.295457363128662109e-01,-1.892915517091751099e-01,6.073778122663497925e-02,1.285309344530105591e-01,8.188101649284362793e-01,-1.276746392250061035e-01,-3.711410164833068848e-01,-2.013868391513824463e-01,-1.736475974321365356e-01,1.540082395076751709e-01,2.134676128625869751e-01,-3.192006349563598633e-01,-3.375659286975860596e-01,4.875918924808502197e-01,7.417152523994445801e-01,3.323387503623962402e-01,5.686733722686767578e-01,-6.224638223648071289e-02,-1.447009742259979248e-01,-8.101518452167510986e-02,-2.592360973358154297e-02,-2.816586196422576904e-01,-3.169500827789306641e-01,-3.332524895668029785e-01,-2.212452888488769531e-01,-7.421748340129852295e-02,-4.073399007320404053e-01,-4.937693104147911072e-02,-1.508994549512863159e-01,-1.424979567527770996e-01,-3.601906076073646545e-02,-2.973671257495880127e-01,-3.871150314807891846e-01,-3.087176978588104248e-01,-4.129128456115722656e-01,-2.269539386034011841e-01,-3.513727188110351562e-01,-3.201250731945037842e-01,-4.192582070827484131e-01,-3.366794586181640625e-01,-4.040704965591430664e-01,-1.784104108810424805e-01,-3.693355619907379150e-01,-2.041803300380706787e-01,-9.042880684137344360e-02,-2.109567075967788696e-01,-4.256201088428497314e-01,-3.768679797649383545e-01,-3.561566472053527832e-01,-4.443172216415405273e-01,-3.692169487476348877e-01,-3.174571990966796875e-01,-3.711371719837188721e-01,-4.382247328758239746e-01,-4.404647350311279297e-01,-3.541596829891204834e-01,-3.884506523609161377e-01,-3.917028307914733887e-01,-4.170930385589599609e-01,-4.464947804808616638e-02,9.160308539867401123e-02,2.130197919905185699e-02,-1.079863458871841431e-01,-4.822930786758661270e-03,-3.780442103743553162e-02,-1.905858069658279419e-01,-3.204929232597351074e-01,-2.058637589216232300e-01,-2.984135746955871582e-01,-2.211532145738601685e-01,-1.768667995929718018e-01,5.441826581954956055e-02,9.812003374099731445e-02,-3.250277042388916016e-01,-3.957630991935729980e-01,-4.315528273582458496e-02,2.215080410242080688e-01,-5.747251212596893311e-02,-2.634096443653106689e-01,-7.468496263027191162e-02,-1.295995712280273438e-01,-2.633905783295631409e-02,-1.826882809400558472e-01,-1.808349639177322388e-01,-1.744583100080490112e-01,-2.430356293916702271e-01,-2.306861579418182373e-01,-1.358065456151962280e-01,-1.074491068720817566e-01,-1.165340561419725418e-02,-2.302136570215225220e-01,-1.619486510753631592e-01,-1.934669017791748047e-01,-1.979337185621261597e-01,-1.861246526241302490e-01,-1.133320927619934082e-01,-1.275380998849868774e-01,-1.415990144014358521e-01,-2.274721860885620117e-01,-2.441738992929458618e-01,-1.922106146812438965e-01,-2.339905500411987305e-01,-1.966250687837600708e-01,-1.493665277957916260e-01,-1.942967474460601807e-01
5.325131416320800781e-01,1.718974858522415161e-01,4.559153318405151367e-01,1.867934167385101318e-01,1.693462282419204712e-01,-1.218454912304878235e-01,4.784638285636901855e-01,8.628326654434204102e-02,2.315663248300552368e-01,-2.380738407373428345e-01,1.000000000000000000e+00,4.212121069431304932e-01,6.652358770370483398e-01,2.940258085727691650e-01,4.408502578735351562e-01,-1.756650805473327637e-01,5.537570118904113770e-01,3.374730348587036133e-01,4.221270084381103516e-01,2.453845143318176270e-01,1.103228107094764709e-01,2.002767920494079590e-01,3.564899265766143799e-01,3.235547840595245361e-01,1.210499778389930725e-01,-4.262649640440940857e-02,9.175753593444824219e-02,-8.233623206615447998e-02,5.179750919342041016e-01,3.947378396987915039e-01,4.248321354389190674e-01,3.597613573074340820e-01,4.810587763786315918e-01,4.300697147846221924e-01,3.466397225856781006e-01,2.112077921628952026e-01,3.082334101200103760e-01,2.760291695594787598e-01,1.851298063993453979e-01,1.012267842888832092e-01,2.912983894348144531e-01,1.350969374179840088e-01,1.960603334009647369e-02,1.703368723392486572e-01,-9.963238984346389771e-02,1.181196570396423340e-01,6.155264377593994141e-02,1.072945911437273026e-02,3.633631765842437744e-02,2.551326714456081390e-02,1.623928546905517578e-01,3.242172673344612122e-02,8.998145163059234619e-02,-6.417900323867797852e-02,2.352944165468215942e-01,-2.221110612154006958e-01,5.146077275276184082e-01,2.259153127670288086e-01,1.149848848581314087e-01,7.828008383512496948e-02,4.411519467830657959e-01,1.914505213499069214e-01,4.942208230495452881e-01,2.200710326433181763e-01,4.057035446166992188e-01,2.162741720676422119e-01,-5.861474946141242981e-02,8.687499165534973145e-02,3.205519318580627441e-01,3.055817484855651855e-01,3.514882624149322510e-01,3.240486383438110352e-01,3.800826370716094971e-01,3.444422483444213867e-01,3.877502083778381348e-01,3.945071101188659668e-01,2.403830140829086304e-01,2.400415539741516113e-01,4.340148568153381348e-01,3.558937013149261475e-01,4.722250699996948242e-01,1.576344966888427734e-01,2.688650488853454590e-01,1.651311814785003662e-01,4.733471870422363281e-01,2.025799453258514404e-01,3.075584471225738525e-01,1.418762952089309692e-01,3.026281297206878662e-01,-1.341002136468887329e-01,-3.230853080749511719e-01,-5.842678248882293701e-02,-2.048395425081253052e-01,-2.289863862097263336e-02,2.760925292968750000e-01,2.426979243755340576e-01,3.013076484203338623e-01,1.896191835403442383e-01,1.820371486246585846e-02,-1.256709992885589600e-01,-1.345793455839157104e-01,-1.547618955373764038e-02,-2.179144509136676788e-02,-6.169855222105979919e-02,-4.762588813900947571e-02,2.672104910016059875e-02,-3.219620883464813232e-02,9.725041687488555908e-03,2.549443840980529785e-01,3.770910501480102539e-01,1.479904204607009888e-01,2.813725499436259270e-03,1.077271327376365662e-01,1.379810571670532227e-01,1.215759888291358948e-01,2.108022421598434448e-01
3.474515378475189209e-01,5.819935202598571777e-01,2.470985651016235352e-01,3.447448015213012695e-01,-5.848711729049682617e-02,-2.913690805435180664e-01,3.465163409709930420e-01,3.599256277084350586e-01,-3.332239761948585510e-02,-3.295457363128662109e-01,4.212121069431304932e-01,1.000000000000000000e+00,4.327472150325775146e-01,5.508499741554260254e-01,6.252249330282211304e-02,-2.164079397916793823e-01,4.189410209655761719e-01,6.385889053344726562e-01,3.383617103099822998e-01,4.284296929836273193e-01,7.325557619333267212e-02,1.741095334291458130e-01,2.868796885013580322e-01,4.436480700969696045e-01,-7.418286800384521484e-02,-1.373341828584671021e-01,-1.677642911672592163e-01,-2.591848671436309814e-01,4.856596887111663818e-01,6.721425652503967285e-01,4.986907541751861572e-01,4.363584518432617188e-01,5.237220525741577148e-01,5.807576775550842285e-01,2.702522277832031250e-01,2.641942203044891357e-01,1.798417270183563232e-01,3.391481339931488037e-01,3.695320710539817810e-02,1.688366830348968506e-01,3.200459778308868408e-01,1.494341641664505005e-01,1.752579510211944580e-01,3.790369331836700439e-01,1.578214019536972046e-01,3.645631372928619385e-01,1.432655751705169678e-01,1.955364197492599487e-01,2.296146750450134277e-01,2.702276110649108887e-01,2.886143028736114502e-01,3.117243051528930664e-01,6.845372915267944336e-02,1.049591973423957825e-01,2.042959928512573242e-01,4.747699573636054993e-02,3.371534645557403564e-01,4.785378873348236084e-01,1.666510552167892456e-01,2.115436047315597534e-01,4.575327932834625244e-01,4.604272842407226562e-01,4.611217081546783447e-01,5.442941188812255859e-01,3.192593157291412354e-01,3.332546651363372803e-01,1.964785307645797729e-01,3.877660334110260010e-01,3.062084615230560303e-01,3.537517189979553223e-01,1.867009401321411133e-01,3.391473293304443359e-01,2.319557964801788330e-01,4.922705590724945068e-01,2.786154747009277344e-01,4.006627798080444336e-01,1.991277039051055908e-01,3.175228238105773926e-01,4.728617370128631592e-01,4.750417470932006836e-01,4.505324065685272217e-01,4.036177396774291992e-01,-6.143194809556007385e-02,1.997931450605392456e-01,2.238028198480606079e-01,4.287967085838317871e-01,4.945628345012664795e-02,-5.044730752706527710e-02,-5.873375385999679565e-02,9.462694078683853149e-02,-1.368620395660400391e-01,-1.133031621575355530e-01,-2.473785877227783203e-01,-9.555549919605255127e-02,1.906668096780776978e-01,1.843328624963760376e-01,2.127339243888854980e-01,1.830423474311828613e-01,4.277906939387321472e-02,2.261253446340560913e-02,9.204285219311714172e-03,7.864211499691009521e-02,1.464017182588577271e-01,1.292009204626083374e-01,1.390181928873062134e-01,1.070856451988220215e-01,1.559841483831405640e-01,6.263119727373123169e-02,2.064892202615737915e-01,2.925506830215454102e-01,1.386199146509170532e-01,-2.439360599964857101e-03,1.595983058214187622e-01,1.929671615362167358e-01,1.280739307403564453e-01,1.657623499631881714e-01
4.407821595668792725e-01,2.194360047578811646e-01,5.289474129676818848e-01,6.496884673833847046e-02,1.968512982130050659e-01,-1.280087232589721680e-01,5.914316773414611816e-01,-3.327057138085365295e-02,3.360348343849182129e-01,-1.892915517091751099e-01,6.652358770370483398e-01,4.327472150325775146e-01,1.000000000000000000e+00,2.225800454616546631e-01,4.002583622932434082e-01,-9.554857015609741211e-02,4.192340672016143799e-01,3.615174591541290283e-01,4.361428916454315186e-01,3.637979924678802490e-01,-4.421634972095489502e-02,1.641477048397064209e-01,2.800558805465698242e-01,1.528361886739730835e-01,6.943169981241226196e-02,-6.067734211683273315e-02,-7.697879336774349213e-03,-4.002214223146438599e-02,4.049806892871856689e-01,4.502671658992767334e-01,2.952920496463775635e-01,1.260087639093399048e-01,3.240625858306884766e-01,2.572041749954223633e-01,1.379397362470626831e-01,5.939022451639175415e-02,2.733502388000488281e-01,2.200479954481124878e-01,1.715977042913436890e-01,8.415441960096359253e-02,3.018572330474853516e-01,1.878589689731597900e-01,3.636253997683525085e-02,1.170031726360321045e-01,-1.264832317829132080e-01,-2.496878616511821747e-02,6.938625127077102661e-02,6.230189464986324310e-03,-9.162977337837219238e-02,-1.214729547500610352e-01,-6.485111080110073090e-03,-9.586019068956375122e-02,1.936137676239013672e-02,-1.295141130685806274e-01,1.859324723482131958e-01,-1.351282447576522827e-01,3.889669477939605713e-01,1.615589112043380737e-01,-9.068688377737998962e-03,-5.178256332874298096e-02,3.788651823997497559e-01,1.290727555751800537e-01,4.405890107154846191e-01,1.612640917301177979e-01,1.207126155495643616e-01,3.294620430096983910e-03,-7.052687555551528931e-02,3.830811940133571625e-03,3.144746124744415283e-01,2.124361246824264526e-01,1.324806958436965942e-01,2.751076519489288330e-01,1.788204014301300049e-01,4.162801802158355713e-01,2.344683855772018433e-01,3.215638101100921631e-01,1.764847636222839355e-01,1.300213634967803955e-01,3.072593212127685547e-01,3.405573666095733643e-01,4.366072118282318115e-01,2.406587600708007812e-01,2.757570147514343262e-01,2.089718133211135864e-01,3.813720941543579102e-01,1.315187513828277588e-01,1.161053106188774109e-01,-2.886635251343250275e-02,2.476186454296112061e-01,-1.171440854668617249e-01,-1.707863956689834595e-01,-1.244309768080711365e-01,-6.456622481346130371e-02,-1.142771989107131958e-01,1.585204601287841797e-01,1.245572641491889954e-01,2.167302072048187256e-01,1.730303019285202026e-01,1.306802928447723389e-01,-2.257705479860305786e-02,4.604753851890563965e-02,-1.703233085572719574e-02,4.108571261167526245e-02,1.627385849133133888e-03,6.454402115195989609e-03,-7.869618944823741913e-03,-1.664403080940246582e-02,6.345765292644500732e-02,7.597716152667999268e-02,2.617457211017608643e-01,1.485095471143722534e-01,9.302143752574920654e-02,9.966027736663818359e-02,1.278524398803710938e-01,9.350358694791793823e-02,9.784656763076782227e-02
