1.000000000000000000e+00,4.920681118965148926e-01,1.348089575767517090e-01,1.349965631961822510e-01,1.896196007728576660e-01,1.407895386219024658e-01,1.150863170623779297e-01,1.443086266517639160e-01,1.872281134128570557e-01,1.972530782222747803e-01,4.165621101856231689e-01,2.634297609329223633e-01,1.768960207700729370e-01,1.606884896755218506e-01,2.173091024160385132e-01,1.460477858781814575e-01,1.645428240299224854e-01,1.390672475099563599e-01,-1.070843636989593506e-02,-1.375034078955650330e-02,3.857610002160072327e-02,1.535246800631284714e-02,1.000199392437934875e-01,1.030059307813644409e-01,2.481647580862045288e-01,2.028661072254180908e-01,1.059087440371513367e-01,1.074875891208648682e-01,1.661289483308792114e-01,9.358497709035873413e-02,9.504108130931854248e-02,7.314595580101013184e-02,2.753079831600189209e-01,2.031829655170440674e-01,1.039870269596576691e-02,3.153356537222862244e-02,7.456461340188980103e-02,2.352616563439369202e-02,1.105359047651290894e-01,8.589880168437957764e-02,1.331447064876556396e-01,8.202639222145080566e-02,4.341460019350051880e-02,2.802929840981960297e-02,1.310241967439651489e-01,1.257191449403762817e-01,7.229632884263992310e-02,8.722431212663650513e-02,1.336604207754135132e-01,2.447373569011688232e-01,2.765263915061950684e-01,1.682316511869430542e-01,7.221177965402603149e-02,-5.510504823178052902e-03,1.671000383794307709e-02,2.186640538275241852e-02,1.883851736783981323e-01,1.678983867168426514e-01,3.130348026752471924e-02,2.486975304782390594e-02,8.680921047925949097e-02,3.353025764226913452e-02,5.323706939816474915e-02,-2.770094946026802063e-02,-4.357689991593360901e-03,4.947781562805175781e-03,4.625440109521150589e-03,6.531987339258193970e-02,3.278034329414367676e-01,2.262495309114456177e-01,5.168586969375610352e-02,1.101187616586685181e-01,2.102143466472625732e-01,2.662700414657592773e-01,2.034962773323059082e-01,2.015065699815750122e-01,1.379266381263732910e-01,1.243996694684028625e-01,-9.736557304859161377e-02,-6.949265301227569580e-02,1.081976573914289474e-02,-1.390084251761436462e-02,1.482791304588317871e-01,6.279907375574111938e-02,2.847454547882080078e-01,1.137723475694656372e-01,9.647130221128463745e-02,4.597321525216102600e-02,1.767138987779617310e-01,1.055764034390449524e-01,1.024598255753517151e-01,2.313472330570220947e-01,1.174828633666038513e-01,2.276169210672378540e-01,1.561871170997619629e-01,1.596155911684036255e-01,1.792923659086227417e-01,1.794966012239456177e-01,1.649424433708190918e-02,1.722681075334548950e-01,1.617824435234069824e-01,1.977455765008926392e-01,2.855570614337921143e-01,2.282622009515762329e-01,-2.817067317664623260e-03,7.630958687514066696e-03,-5.521247535943984985e-02,-1.389741450548171997e-01,1.814653128385543823e-01,1.509662717580795288e-01,1.508035808801651001e-01,1.377771943807601929e-01,1.379721760749816895e-01,1.138837784528732300e-01,1.023268029093742371e-01,5.509540438652038574e-02
4.920681118965148926e-01,1.000000000000000000e+00,8.283384889364242554e-02,1.061578691005706787e-01,1.617644280195236206e-01,7.949428260326385498e-02,-4.050547629594802856e-02,1.045465990900993347e-01,1.549767255783081055e-01,1.598037779331207275e-01,2.999525368213653564e-01,4.446794688701629639e-01,4.806586727499961853e-02,1.891652047634124756e-01,1.731724590063095093e-01,1.478667408227920532e-01,2.475177645683288574e-01,3.592992722988128662e-01,-6.401445716619491577e-02,6.279327441006898880e-03,2.268443349748849869e-03,1.215259358286857605e-01,6.198312714695930481e-02,7.092785090208053589e-02,1.811289340257644653e-01,1.072513237595558167e-01,1.190526559948921204e-01,1.369442790746688843e-01,5.626253411173820496e-02,1.628804504871368408e-01,-7.587368786334991455e-02,-4.441032931208610535e-02,1.479093134403228760e-01,1.929962933063507080e-01,3.876071423292160034e-03,-3.993644565343856812e-02,-3.210191056132316589e-02,8.674257248640060425e-02,4.773997142910957336e-02,9.631348401308059692e-02,-1.454097335226833820e-03,6.030505523085594177e-02,8.540099114179611206e-02,1.665938645601272583e-01,1.043201088905334473e-01,2.346997857093811035e-01,3.093611635267734528e-02,1.561991870403289795e-01,6.436950713396072388e-02,3.211165666580200195e-01,1.055128425359725952e-01,2.358711361885070801e-01,-3.720866516232490540e-02,1.876416951417922974e-01,8.179916068911552429e-03,1.837209425866603851e-02,6.474925577640533447e-02,3.542233407497406006e-01,1.338246278464794159e-02,3.359545022249221802e-02,-2.527116425335407257e-02,2.823868393898010254e-02,-9.127749502658843994e-02,8.600617945194244385e-02,-2.440422587096691132e-02,1.091854833066463470e-02,-5.763350427150726318e-02,5.111023783683776855e-02,1.547465473413467407e-01,2.643782794475555420e-01,-9.013581275939941406e-02,-8.091501891613006592e-03,4.165990278124809265e-02,1.435781568288803101e-01,1.187217906117439270e-01,1.914042383432388306e-01,-2.215646021068096161e-02,1.660397090017795563e-02,-2.668109722435474396e-02,4.890209063887596130e-02,-2.162139676511287689e-02,1.770444959402084351e-01,1.181799545884132385e-01,3.101906180381774902e-01,1.585807204246520996e-01,3.186703920364379883e-01,3.010561130940914154e-02,1.668229550123214722e-01,1.373267024755477905e-01,3.293981254100799561e-01,8.003161102533340454e-02,3.301231861114501953e-01,2.227616757154464722e-01,4.332663118839263916e-01,-2.399837039411067963e-02,4.551342129707336426e-02,-2.993045374751091003e-02,4.929148405790328979e-02,-6.048914417624473572e-02,1.685685813426971436e-01,2.290286123752593994e-01,2.617978155612945557e-01,2.344174385070800781e-01,2.505539357662200928e-01,-1.647473722696304321e-01,-6.464028358459472656e-02,-1.648088246583938599e-01,-3.211529180407524109e-02,3.858382999897003174e-02,-6.345444824546575546e-03,-3.765060380101203918e-02,5.920281633734703064e-02,1.139237061142921448e-01,7.275161892175674438e-02,6.048569455742835999e-02,-7.158625870943069458e-03
1.348089575767517090e-01,8.283384889364242554e-02,1.000000000000000000e+00,6.231337785720825195e-01,1.072652116417884827e-01,8.049531280994415283e-02,5.043637752532958984e-01,4.673041403293609619e-01,9.896029531955718994e-02,6.488455832004547119e-02,1.500918865203857422e-01,1.088725998997688293e-01,1.472204476594924927e-01,1.924644112586975098e-01,4.854756407439708710e-03,8.267530798912048340e-02,5.872059240937232971e-02,1.029527038335800171e-01,2.888036072254180908e-01,2.012527883052825928e-01,6.402571499347686768e-02,1.072463095188140869e-01,4.879335463047027588e-01,4.834590852260589600e-01,1.813858151435852051e-01,1.242231354117393494e-01,1.140738576650619507e-01,5.351222679018974304e-02,3.168600797653198242e-01,2.976038157939910889e-01,3.404963314533233643e-01,3.092779219150543213e-01,2.254247963428497314e-01,3.191573619842529297e-01,1.398602277040481567e-01,6.427963823080062866e-02,1.199755743145942688e-01,1.550482362508773804e-01,2.194864749908447266e-01,3.266565129160881042e-02,1.367881596088409424e-01,6.635180860757827759e-02,1.793004013597965240e-02,-6.647346913814544678e-02,-5.439260974526405334e-02,-1.011891663074493408e-01,1.056627556681632996e-02,-1.255794707685709000e-02,-1.174598932266235352e-01,-6.723687052726745605e-02,-1.027351841330528259e-01,1.312871649861335754e-02,-3.637637570500373840e-02,1.708057895302772522e-02,1.989595443010330200e-01,7.503605633974075317e-02,-1.754279993474483490e-02,1.243450343608856201e-01,1.442297250032424927e-01,1.671648323535919189e-01,-1.014748937450349331e-03,1.682341247797012329e-01,-1.709088124334812164e-02,1.034655198454856873e-01,7.509580813348293304e-03,1.325962692499160767e-01,1.781683968147262931e-04,6.732892990112304688e-02,-1.199750229716300964e-02,8.185262233018875122e-02,1.646106839179992676e-01,1.377003043889999390e-01,1.694478839635848999e-01,1.877437233924865723e-01,1.550828963518142700e-01,1.676975339651107788e-01,1.983975619077682495e-01,2.466498166322708130e-01,6.370329111814498901e-02,7.147509604692459106e-02,-7.435707747936248779e-02,2.231256663799285889e-02,8.287511020898818970e-02,4.730235319584608078e-03,6.327962037175893784e-03,6.579617410898208618e-02,2.175924181938171387e-01,1.183441206812858582e-01,1.640577167272567749e-01,9.408573806285858154e-02,7.289674133062362671e-02,-7.708790898323059082e-02,9.559486806392669678e-02,1.565355062484741211e-02,2.319608479738235474e-01,1.755731254816055298e-01,1.427907645702362061e-01,9.645027667284011841e-02,1.046342030167579651e-01,-3.006102703511714935e-02,1.815903745591640472e-02,-1.890923641622066498e-02,6.518508307635784149e-03,8.471256494522094727e-02,8.685980923473834991e-03,7.627160847187042236e-02,8.270070701837539673e-02,-9.871976450085639954e-03,1.962928473949432373e-01,1.412923038005828857e-01,1.016736961901187897e-02,1.002962291240692139e-01,1.167684793472290039e-01,1.341954916715621948e-01,8.669829368591308594e-02,3.560864180326461792e-02
1.349965631961822510e-01,1.061578691005706787e-01,6.231337785720825195e-01,1.000000000000000000e+00,1.505953818559646606e-01,1.108707264065742493e-01,4.796261787414550781e-01,5.962454676628112793e-01,1.875922232866287231e-01,1.254732161760330200e-01,1.548837721347808838e-01,1.360439658164978027e-01,1.189278364181518555e-01,2.268784940242767334e-01,5.829756613820791245e-03,7.885381579399108887e-02,1.458199508488178253e-02,5.690375715494155884e-02,2.145721763372421265e-01,2.291064411401748657e-01,9.617539495229721069e-02,8.901774883270263672e-02,3.454617857933044434e-01,4.918266832828521729e-01,1.390771269798278809e-01,1.077330261468887329e-01,1.147779747843742371e-01,4.220249131321907043e-02,2.802993357181549072e-01,2.345332056283950806e-01,2.653433084487915039e-01,3.336346745491027832e-01,1.431498825550079346e-01,2.317091971635818481e-01,1.993174292147159576e-02,-2.544657699763774872e-02,6.395810842514038086e-02,1.269104629755020142e-01,2.060736268758773804e-01,1.580104604363441467e-02,9.983041137456893921e-02,5.152625218033790588e-02,-4.328132793307304382e-02,-1.168662011623382568e-01,-1.884329877793788910e-02,-4.346946626901626587e-02,-3.443525359034538269e-02,-7.208523154258728027e-02,1.366686262190341949e-02,9.414354339241981506e-03,4.878751933574676514e-02,6.034710258245468140e-02,9.961268305778503418e-02,3.887323662638664246e-02,1.787588149309158325e-01,-4.691166430711746216e-02,7.590416073799133301e-02,2.429763674736022949e-01,2.787615060806274414e-01,2.843693792819976807e-01,1.432760059833526611e-01,2.725123167037963867e-01,7.646782696247100830e-02,2.101348191499710083e-01,1.676227450370788574e-01,2.538987398147583008e-01,1.025913208723068237e-01,1.569541096687316895e-01,3.224995359778404236e-02,1.274192333221435547e-01,1.030935943126678467e-01,7.467388361692428589e-02,1.740850359201431274e-01,1.434947252273559570e-01,1.078020632266998291e-01,1.722262203693389893e-01,1.657395064830780029e-01,2.319403737783432007e-01,1.130288392305374146e-01,3.614277020096778870e-02,-1.973776146769523621e-02,2.714945375919342041e-02,-2.412827871739864349e-02,1.150310598313808441e-02,7.922302000224590302e-03,6.790093332529067993e-02,1.326960921287536621e-01,1.064425557851791382e-01,4.502303898334503174e-02,-8.882120251655578613e-03,1.517880707979202271e-01,-5.335767194628715515e-02,1.903237551450729370e-01,-3.222398832440376282e-02,1.196442022919654846e-01,8.143772929906845093e-02,7.912845909595489502e-02,-1.215647347271442413e-02,1.354273706674575806e-01,-4.949150234460830688e-02,1.153123080730438232e-01,9.981366805732250214e-03,8.888215571641921997e-02,1.557868868112564087e-01,6.224890053272247314e-02,6.488618999719619751e-02,1.064364314079284668e-01,3.249495103955268860e-02,9.254544228315353394e-02,6.168629229068756104e-02,-4.292927682399749756e-02,5.583352223038673401e-02,1.032155677676200867e-01,1.765121147036552429e-02,4.340948164463043213e-02,-8.622283115983009338e-03
1.896196007728576660e-01,1.617644280195236206e-01,1.072652116417884827e-01,1.505953818559646606e-01,1.000000000000000000e+00,4.812434315681457520e-01,4.560239240527153015e-02,7.850006222724914551e-02,4.572034180164337158e-01,3.847386538982391357e-01,1.019530147314071655e-01,1.160121932625770569e-01,3.778746351599693298e-02,9.019944071769714355e-02,3.946475386619567871e-01,2.184169143438339233e-01,5.111694335937500000e-03,6.517022266052663326e-04,1.014511212706565857e-01,1.021277680993080139e-01,8.166321367025375366e-02,3.539321571588516235e-02,1.242608278989791870e-01,1.355493068695068359e-01,3.546706438064575195e-01,2.656698226928710938e-01,3.960854113101959229e-01,2.161756455898284912e-01,1.700559407472610474e-01,1.005808785557746887e-01,1.364284902811050415e-01,1.582950949668884277e-01,9.055420011281967163e-02,5.415106564760208130e-02,7.469203323125839233e-02,7.174594700336456299e-02,1.483746618032455444e-01,1.004226803779602051e-01,1.287549734115600586e-01,-1.220746617764234543e-02,6.920555233955383301e-02,2.693955227732658386e-02,7.211011368781328201e-03,-7.323888689279556274e-02,1.758044809103012085e-01,9.464205056428909302e-02,6.518483161926269531e-02,4.307525232434272766e-02,2.026561796665191650e-01,2.013761550188064575e-01,1.840074360370635986e-01,1.273064613342285156e-01,1.276100724935531616e-01,1.064223274588584900e-01,1.490281969308853149e-01,4.951255396008491516e-02,1.263565868139266968e-01,1.885954737663269043e-01,1.387448012828826904e-01,8.978769928216934204e-02,1.061702743172645569e-01,5.788405984640121460e-02,1.459301263093948364e-01,1.091728508472442627e-01,1.574911177158355713e-01,4.670865833759307861e-02,9.847372770309448242e-02,1.012301072478294373e-01,1.713106483221054077e-01,1.319349259138107300e-01,2.655073069036006927e-02,1.933693513274192810e-02,1.591391116380691528e-01,1.492743045091629028e-01,-7.772041950374841690e-03,-5.142856854945421219e-03,1.867838054895401001e-01,1.873914301395416260e-01,1.299156546592712402e-01,-2.306101284921169281e-02,3.719336166977882385e-02,-1.771985739469528198e-02,1.159785911440849304e-01,1.641583442687988281e-01,1.155182123184204102e-01,9.728074073791503906e-02,6.158781051635742188e-02,1.184760853648185730e-01,5.336199700832366943e-02,2.358567155897617340e-02,1.070704013109207153e-01,1.356339901685714722e-01,8.288780599832534790e-02,4.629172384738922119e-03,5.740673467516899109e-02,1.210154294967651367e-01,9.838550537824630737e-02,1.055814400315284729e-01,1.812072992324829102e-01,1.749605983495712280e-01,2.140653133392333984e-02,5.802169442176818848e-02,2.125503495335578918e-02,1.063688769936561584e-01,1.357427099719643593e-03,-2.488936483860015869e-02,5.656149704009294510e-03,4.978160932660102844e-02,5.844308063387870789e-02,8.369868248701095581e-02,9.194420278072357178e-02,1.256320327520370483e-01,1.511365920305252075e-01,3.316985070705413818e-02,6.159807369112968445e-02,5.598305165767669678e-02
1.407895386219024658e-01,7.949428260326385498e-02,8.049531280994415283e-02,1.108707264065742493e-01,4.812434315681457520e-01,1.000000000000000000e+00,3.724654437974095345e-03,6.359331309795379639e-04,3.325708508491516113e-01,3.853887915611267090e-01,9.407090395689010620e-02,6.330450624227523804e-02,3.982512280344963074e-03,8.896932750940322876e-02,3.344750404357910156e-01,3.388453423976898193e-01,-7.067325990647077560e-03,1.850987225770950317e-02,1.759798973798751831e-01,1.234509050846099854e-01,1.137519106268882751e-01,1.141102686524391174e-01,1.789891272783279419e-01,1.656772792339324951e-01,2.291506379842758179e-01,1.936161518096923828e-01,2.514559626579284668e-01,2.211200296878814697e-01,1.345750987529754639e-01,1.740415543317794800e-01,1.785909980535507202e-01,1.676638573408126831e-01,1.248248964548110962e-01,5.556080117821693420e-02,1.122854277491569519e-01,1.511339843273162842e-01,7.081068307161331177e-02,1.190423890948295593e-01,9.547118842601776123e-02,5.574381723999977112e-02,-1.576646044850349426e-02,3.545236960053443909e-02,-1.618149690330028534e-02,-6.338622421026229858e-02,1.259902864694595337e-01,7.449950277805328369e-02,6.953392177820205688e-02,1.602786406874656677e-02,1.367356181144714355e-01,1.494066119194030762e-01,1.538522988557815552e-01,6.395132839679718018e-02,6.287188082933425903e-02,3.518139570951461792e-02,1.387966871261596680e-01,6.257446855306625366e-02,8.542843908071517944e-02,1.009047850966453552e-01,9.509643167257308960e-02,3.949189186096191406e-02,3.434979543089866638e-02,-6.552944425493478775e-03,9.325653314590454102e-02,1.092649549245834351e-01,9.337528795003890991e-02,-1.118959952145814896e-02,7.875968515872955322e-02,7.449329644441604614e-02,1.989336907863616943e-01,8.885478228330612183e-02,1.806335151195526123e-01,1.520989984273910522e-01,2.078974992036819458e-01,2.043319046497344971e-01,1.615388542413711548e-01,1.698374152183532715e-01,2.358683049678802490e-01,1.994853168725967407e-01,1.107481792569160461e-01,5.531467497348785400e-02,8.599148131906986237e-03,1.157581899315118790e-02,5.005179718136787415e-02,1.217223256826400757e-01,1.369892526417970657e-02,4.414403438568115234e-02,4.110334441065788269e-02,6.000822037458419800e-02,7.453465368598699570e-03,8.307969197630882263e-03,6.062963232398033142e-02,2.586875809356570244e-03,3.380395472049713135e-02,-1.630648672580718994e-01,5.688343569636344910e-02,8.599712699651718140e-02,1.029222235083580017e-01,9.893588721752166748e-02,1.575947552919387817e-01,1.306128650903701782e-01,3.603626042604446411e-02,-7.037454098463058472e-02,-2.063025534152984619e-02,1.833226718008518219e-02,-2.769726887345314026e-02,-8.671256154775619507e-02,8.629511296749114990e-02,6.534586101770401001e-02,5.437759682536125183e-02,5.403227731585502625e-02,8.016737550497055054e-02,1.065789163112640381e-01,5.436647683382034302e-02,3.692252933979034424e-02,2.237147651612758636e-02,-3.829982131719589233e-02
1.150863170623779297e-01,-4.050547629594802856e-02,5.043637752532958984e-01,4.796261787414550781e-01,4.560239240527153015e-02,3.724654437974095345e-03,1.000000000000000000e+00,6.102967262268066406e-01,-1.042077085003256798e-03,-1.090656146407127380e-01,2.086417526006698608e-01,2.353165745735168457e-01,5.951198935508728027e-01,4.889776408672332764e-01,1.281902641057968140e-01,4.915079101920127869e-03,4.536818712949752808e-02,1.347171217203140259e-01,1.058799773454666138e-02,6.882236152887344360e-02,-2.480926550924777985e-02,-4.815813153982162476e-02,1.676403731107711792e-01,2.413642257452011108e-01,1.311817020177841187e-01,3.270458430051803589e-02,7.081118226051330566e-02,7.642209529876708984e-03,4.404088854789733887e-01,3.320851027965545654e-01,3.322371244430541992e-01,3.112945556640625000e-01,1.182132959365844727e-01,1.943774074316024780e-01,6.818455457687377930e-02,9.426628798246383667e-02,7.385155558586120605e-02,6.604859977960586548e-02,1.535276174545288086e-01,6.143382936716079712e-02,3.199549615383148193e-01,2.576853632926940918e-01,-4.565104469656944275e-02,-8.815308660268783569e-02,-1.222598329186439514e-01,-1.018140316009521484e-01,-9.343186020851135254e-02,-9.863868355751037598e-02,-2.192273885011672974e-01,-8.154344558715820312e-02,-1.046207398176193237e-01,-6.715607643127441406e-02,-1.183215454220771790e-01,-1.128541231155395508e-01,-1.889075338840484619e-02,-1.505870930850505829e-02,2.306638099253177643e-02,7.725647836923599243e-02,2.202736288309097290e-01,2.395477443933486938e-01,7.388760894536972046e-02,1.792111694812774658e-01,4.836026206612586975e-02,7.968317717313766479e-03,2.674524672329425812e-02,9.644728153944015503e-02,1.460415273904800415e-01,1.700133234262466431e-01,-4.547902569174766541e-02,8.058633655309677124e-02,2.316931486129760742e-01,1.792809516191482544e-01,1.742331981658935547e-01,2.023249268531799316e-01,1.263217478990554810e-01,1.214105784893035889e-01,1.396442949771881104e-02,3.943631798028945923e-02,-2.579810470342636108e-02,4.118124488741159439e-03,1.237541995942592621e-02,6.770706176757812500e-02,1.229849979281425476e-01,4.950831085443496704e-02,2.242434769868850708e-02,-1.749162445776164532e-03,2.705522775650024414e-01,2.196415960788726807e-01,1.332936882972717285e-01,1.070268228650093079e-01,-1.884373724460601807e-01,-7.723931223154067993e-02,-1.051833853125572205e-01,6.949790287762880325e-03,2.082118839025497437e-01,1.095578894019126892e-01,8.199222385883331299e-02,3.427068144083023071e-02,-6.125105917453765869e-02,-9.377276897430419922e-02,-1.124474182724952698e-01,-3.952370211482048035e-02,9.641488431952893734e-04,-4.357576742768287659e-02,3.362095728516578674e-02,1.235291138291358948e-01,7.523473352193832397e-02,-7.773327082395553589e-02,1.910205483436584473e-01,1.040595024824142456e-01,1.360644120723009109e-02,-3.037789091467857361e-02,5.436105653643608093e-03,-8.249805122613906860e-02,-3.396326303482055664e-02,6.194875575602054596e-03
1.443086266517639160e-01,1.045465990900993347e-01,4.673041403293609619e-01,5.962454676628112793e-01,7.850006222724914551e-02,6.359331309795379639e-04,6.102967262268066406e-01,1.000000000000000000e+00,1.372659802436828613e-01,5.324338376522064209e-02,2.421157062053680420e-01,2.534025609493255615e-01,3.792900741100311279e-01,4.464296102523803711e-01,1.032305955886840820e-01,1.261662095785140991e-01,7.587497681379318237e-02,1.514191776514053345e-01,-4.945317283272743225e-03,7.151636481285095215e-02,4.550633486360311508e-03,4.471809044480323792e-02,2.089932262897491455e-01,2.851643562316894531e-01,1.487243920564651489e-01,6.312975287437438965e-02,6.282220035791397095e-02,3.383163362741470337e-03,3.751980960369110107e-01,3.040775954723358154e-01,2.801078259944915771e-01,3.300557732582092285e-01,1.155697554349899292e-01,1.952860653400421143e-01,-4.265342431608587503e-04,2.934737130999565125e-03,-3.552178677637130022e-04,8.863478899002075195e-02,1.900063902139663696e-01,8.958774060010910034e-02,2.426480501890182495e-01,1.826344728469848633e-01,-6.407050043344497681e-02,-8.624532818794250488e-02,-7.193048298358917236e-02,-5.845494195818901062e-02,-1.162825450301170349e-01,-8.777032792568206787e-02,-1.067627221345901489e-01,-1.599813462235033512e-03,-2.673360146582126617e-02,2.403516322374343872e-02,-3.767530992627143860e-02,-3.240684419870376587e-02,8.133692666888237000e-03,-5.457733944058418274e-02,-1.006132643669843674e-02,1.305517405271530151e-01,2.712464034557342529e-01,2.550470829010009766e-01,8.169414848089218140e-02,2.030273675918579102e-01,-2.587659284472465515e-03,3.471809625625610352e-02,9.276402741670608521e-02,1.649876832962036133e-01,1.235711798071861267e-01,1.643666625022888184e-01,-9.512674808502197266e-02,1.015780270099639893e-01,1.314593106508255005e-01,1.357011198997497559e-01,2.029844522476196289e-01,1.940161287784576416e-01,1.009206473827362061e-01,1.087963134050369263e-01,4.248851537704467773e-02,8.826372772455215454e-02,-4.452090361155569553e-04,3.592152521014213562e-02,-3.521925583481788635e-02,8.309893310070037842e-02,1.155767813324928284e-01,1.172124147415161133e-01,1.849247887730598450e-02,4.992537572979927063e-02,1.782957762479782104e-01,1.789826750755310059e-01,9.099503606557846069e-02,7.904184609651565552e-02,-4.812647402286529541e-02,-4.288761690258979797e-02,7.109916210174560547e-02,7.574228197336196899e-02,1.679022759199142456e-01,9.460876137018203735e-02,5.727909132838249207e-02,-3.344394599480438046e-06,5.114398431032896042e-03,-7.923088967800140381e-02,9.453643858432769775e-02,6.830034404993057251e-02,1.546992063522338867e-01,1.081698313355445862e-01,7.925886660814285278e-02,1.109712943434715271e-01,5.994949117302894592e-02,-4.188893735408782959e-02,1.270078569650650024e-01,1.178820952773094177e-01,-3.625666350126266479e-02,6.828398909419775009e-04,5.697469785809516907e-02,-3.969687223434448242e-02,1.029696874320507050e-02,4.918472841382026672e-03
1.872281134128570557e-01,1.549767255783081055e-01,9.896029531955718994e-02,1.875922232866287231e-01,4.572034180164337158e-01,3.325708508491516113e-01,-1.042077085003256798e-03,1.372659802436828613e-01,1.000000000000000000e+00,5.776869058609008789e-01,1.031768396496772766e-01,-2.954779192805290222e-02,-8.567474037408828735e-02,3.734892234206199646e-02,4.100424945354461670e-01,3.142676055431365967e-01,7.283237576484680176e-02,-5.946569610387086868e-03,1.177569180727005005e-01,1.149921119213104248e-01,1.552130877971649170e-01,4.235339909791946411e-02,1.823095828294754028e-01,1.713354885578155518e-01,2.854761183261871338e-01,2.115130126476287842e-01,2.029377967119216919e-01,9.984751790761947632e-02,1.237054392695426941e-01,5.802633985877037048e-02,1.944827139377593994e-01,2.122859209775924683e-01,6.209422275424003601e-02,4.282524064183235168e-02,6.550159305334091187e-02,7.227502763271331787e-02,1.392755210399627686e-01,4.999649897217750549e-02,1.484498530626296997e-01,-1.433095149695873260e-02,-2.641361579298973083e-02,-6.860618293285369873e-02,1.211595628410577774e-02,-9.452055394649505615e-02,1.596965789794921875e-01,1.005901768803596497e-01,8.903455734252929688e-02,5.779446661472320557e-02,2.620123028755187988e-01,1.956957876682281494e-01,1.778509467840194702e-01,1.637237519025802612e-01,1.548862755298614502e-01,2.265577167272567749e-01,9.924708306789398193e-02,2.604843303561210632e-02,1.440388858318328857e-01,1.262284070253372192e-01,1.177049204707145691e-01,8.700442314147949219e-02,1.111287996172904968e-01,5.610573664307594299e-02,1.410283893346786499e-01,4.416523501276969910e-02,1.292532682418823242e-01,1.140143051743507385e-01,6.830115616321563721e-02,6.975687295198440552e-02,7.970131933689117432e-02,9.069384634494781494e-02,3.152264282107353210e-02,3.295009583234786987e-02,1.900252252817153931e-01,1.170152500271797180e-01,5.583661049604415894e-02,9.495352208614349365e-02,2.731122970581054688e-01,2.488042265176773071e-01,8.625430613756179810e-02,-4.871596768498420715e-02,7.474739849567413330e-02,-9.708607941865921021e-02,2.443834207952022552e-02,7.678374648094177246e-02,1.088888496160507202e-01,-1.077869068831205368e-02,-1.955064944922924042e-02,3.129416331648826599e-02,3.679129853844642639e-02,-7.215502858161926270e-02,1.555956900119781494e-01,1.369206011295318604e-01,4.506473988294601440e-02,1.349546760320663452e-02,9.186892956495285034e-02,1.064868420362472534e-01,1.312115341424942017e-01,1.473519057035446167e-01,1.338095515966415405e-01,1.237914338707923889e-01,8.557020872831344604e-02,1.218972727656364441e-01,1.232960745692253113e-01,1.591224074363708496e-01,6.287247687578201294e-02,1.181473955512046814e-02,6.311064213514328003e-02,7.227975875139236450e-02,6.360261142253875732e-02,1.787080019712448120e-01,6.159812957048416138e-02,5.203120410442352295e-02,1.149014011025428772e-01,6.784606724977493286e-02,1.043751761317253113e-01,2.595035172998905182e-02
1.972530782222747803e-01,1.598037779331207275e-01,6.488455832004547119e-02,1.254732161760330200e-01,3.847386538982391357e-01,3.853887915611267090e-01,-1.090656146407127380e-01,5.324338376522064209e-02,5.776869058609008789e-01,1.000000000000000000e+00,1.147363930940628052e-01,2.715197950601577759e-02,-1.720062792301177979e-01,1.465413626283407211e-02,2.603091895580291748e-01,4.292118847370147705e-01,9.073334932327270508e-02,6.359100341796875000e-02,1.809106618165969849e-01,1.282716691493988037e-01,3.134538233280181885e-01,1.707394272089004517e-01,2.461502104997634888e-01,2.244516015052795410e-01,2.408576905727386475e-01,2.026533484458923340e-01,1.845101565122604370e-01,1.580844521522521973e-01,5.265895649790763855e-02,1.152378395199775696e-01,1.444006413221359253e-01,1.866030395030975342e-01,1.185610070824623108e-01,7.814386487007141113e-02,8.986317366361618042e-02,5.620811507105827332e-02,9.337720274925231934e-02,6.109414622187614441e-02,9.801081568002700806e-02,1.898239250294864178e-03,-5.232688784599304199e-02,-2.757100202143192291e-02,1.226831972599029541e-02,-8.645816147327423096e-02,1.955141723155975342e-01,8.957559615373611450e-02,5.946115031838417053e-02,5.509049072861671448e-02,3.170268535614013672e-01,1.855635792016983032e-01,1.782126426696777344e-01,1.855689734220504761e-01,2.062691897153854370e-01,2.339258342981338501e-01,9.366600960493087769e-02,2.316871471703052521e-02,1.883523613214492798e-01,1.695992350578308105e-01,1.637351810932159424e-01,9.110470116138458252e-02,1.176059246063232422e-01,6.815388053655624390e-02,1.243875026702880859e-01,1.108782663941383362e-01,1.566483974456787109e-01,1.364482045173645020e-01,1.071128174662590027e-01,1.047092452645301819e-01,1.137536838650703430e-01,3.393643721938133240e-02,3.292785957455635071e-02,7.857912033796310425e-02,1.339697390794754028e-01,1.565476357936859131e-01,5.970622599124908447e-02,1.196364760398864746e-01,3.438672125339508057e-01,3.049590289592742920e-01,1.411411762237548828e-01,4.059674218297004700e-02,8.726762980222702026e-02,-1.730080507695674896e-02,6.420664489269256592e-02,1.658292263746261597e-01,1.214535906910896301e-01,1.292174905538558960e-01,-1.339737046509981155e-02,3.706448152661323547e-02,5.634802393615245819e-03,-2.358355745673179626e-02,2.521232664585113525e-01,1.050513684749603271e-01,1.311713904142379761e-01,-1.311324909329414368e-02,9.464348107576370239e-02,9.413306415081024170e-02,1.164294928312301636e-01,9.819195419549942017e-02,1.295147389173507690e-01,1.161578521132469177e-01,1.222764924168586731e-01,8.940374851226806641e-02,8.339347690343856812e-02,1.622082293033599854e-01,2.111633121967315674e-02,-4.434710741043090820e-02,-1.339868921786546707e-02,2.686593309044837952e-02,6.565219908952713013e-02,1.755200028419494629e-01,-3.731854376383125782e-04,5.549458414316177368e-02,1.292473822832107544e-01,1.091821864247322083e-01,1.363530158996582031e-01,8.629644662141799927e-02
4.165621101856231689e-01,2.999525368213653564e-01,1.500918865203857422e-01,1.548837721347808838e-01,1.019530147314071655e-01,9.407090395689010620e-02,2.086417526006698608e-01,2.421157062053680420e-01,1.031768396496772766e-01,1.147363930940628052e-01,1.000000000000000000e+00,5.249528884887695312e-01,2.609490454196929932e-01,3.121410906314849854e-01,2.460258603096008301e-01,1.815241128206253052e-01,2.239939123392105103e-01,2.872719764709472656e-01,-2.947284281253814697e-02,-7.742313295602798462e-02,5.550373345613479614e-02,7.096955925226211548e-02,2.265906035900115967e-01,2.671517133712768555e-01,1.905106306076049805e-01,1.632726490497589111e-01,1.025979891419410706e-01,9.021939337253570557e-02,2.177809625864028931e-01,1.971232444047927856e-01,2.098422795534133911e-01,1.913531869649887085e-01,1.892695426940917969e-01,2.194553911685943604e-01,3.113391343504190445e-03,1.168065331876277924e-02,6.274828314781188965e-02,4.068890586495399475e-02,1.394047141075134277e-01,4.930207133293151855e-02,3.671753406524658203e-01,3.457667231559753418e-01,4.560820758342742920e-02,4.360888525843620300e-02,6.655090302228927612e-02,3.822270780801773071e-02,4.900175705552101135e-02,2.312640473246574402e-02,1.510362327098846436e-02,1.954537928104400635e-01,1.061866581439971924e-01,7.410646229982376099e-02,9.994469583034515381e-03,-4.530331119894981384e-02,1.811038143932819366e-02,4.990255087614059448e-02,2.879772800952196121e-03,-1.404716167598962784e-02,4.659731313586235046e-02,-2.797173894941806793e-02,-6.862354278564453125e-02,-4.020187258720397949e-02,-7.558654248714447021e-02,-1.809696108102798462e-01,-9.987814724445343018e-02,-7.236205041408538818e-02,-1.942860893905162811e-02,1.900073885917663574e-02,-4.827238991856575012e-02,4.021463170647621155e-02,1.164638102054595947e-01,1.967910677194595337e-01,2.328691929578781128e-01,2.873122394084930420e-01,2.872245311737060547e-01,2.748080790042877197e-01,1.474173665046691895e-01,1.378536224365234375e-01,-1.181565076112747192e-01,-2.330871066078543663e-03,2.651184797286987305e-02,4.521352052688598633e-02,2.470644414424896240e-01,2.932613193988800049e-01,2.372934967279434204e-01,1.401785910129547119e-01,1.757037788629531860e-01,2.154598683118820190e-01,2.355110198259353638e-01,1.468865275382995605e-01,2.581655047833919525e-02,1.240466386079788208e-01,1.570576243102550507e-02,1.849139630794525146e-01,2.192065268754959106e-01,2.511443197727203369e-01,1.501444727182388306e-01,1.270100325345993042e-01,-1.532387640327215195e-02,2.377675613388419151e-03,1.574575006961822510e-01,1.398320049047470093e-01,3.073977828025817871e-01,8.730538189411163330e-02,7.568030804395675659e-02,4.449710622429847717e-02,-3.236955776810646057e-02,-1.698804944753646851e-01,2.512271404266357422e-01,1.579456478357315063e-01,3.639499098062515259e-02,7.421668618917465210e-02,6.344839185476303101e-02,-5.407096073031425476e-02,2.570274658501148224e-02,1.051145344972610474e-01
2.634297609329223633e-01,4.446794688701629639e-01,1.088725998997688293e-01,1.360439658164978027e-01,1.160121932625770569e-01,6.330450624227523804e-02,2.353165745735168457e-01,2.534025609493255615e-01,-2.954779192805290222e-02,2.715197950601577759e-02,5.249528884887695312e-01,1.000000000000000000e+00,3.521504402160644531e-01,4.904664754867553711e-01,2.099532932043075562e-01,1.448346674442291260e-01,2.492446601390838623e-01,4.369646906852722168e-01,-8.384490013122558594e-02,-2.542361849918961525e-03,2.996738068759441376e-03,6.120948493480682373e-02,1.107534691691398621e-01,1.586795449256896973e-01,1.410772204399108887e-01,5.599239096045494080e-02,6.049298122525215149e-02,6.420194357633590698e-02,2.687920629978179932e-01,3.436095714569091797e-01,1.675247400999069214e-01,1.652853637933731079e-01,1.249879300594329834e-01,2.234883010387420654e-01,1.268397830426692963e-02,3.740181773900985718e-02,7.700452208518981934e-02,1.369212120771408081e-01,9.954866021871566772e-02,1.404317468404769897e-01,3.297162652015686035e-01,3.920682668685913086e-01,4.005054756999015808e-02,1.149849295616149902e-01,6.557942181825637817e-02,1.313710957765579224e-01,-4.900518059730529785e-02,3.735833615064620972e-02,-4.845001548528671265e-02,2.362937182188034058e-01,-2.124949917197227478e-02,7.421703636646270752e-02,-1.144579797983169556e-01,-9.184326045215129852e-03,-6.565309315919876099e-02,8.963865227997303009e-03,3.965073451399803162e-02,1.786249279975891113e-01,1.367233991622924805e-01,7.032762467861175537e-02,-1.396694499999284744e-02,7.219548802822828293e-03,-9.081464260816574097e-03,-2.060335129499435425e-02,1.664451695978641510e-02,6.787162274122238159e-03,1.026963815093040466e-01,1.522375494241714478e-01,-9.805331006646156311e-03,1.232420131564140320e-01,1.233384460210800171e-01,1.821507811546325684e-01,1.233808100223541260e-01,2.607341408729553223e-01,1.507922708988189697e-01,2.119178771972656250e-01,-4.697494953870773315e-02,-3.690950979944318533e-04,-8.564381860196590424e-03,1.058710515499114990e-01,1.344477534294128418e-01,2.807419896125793457e-01,1.623193472623825073e-01,3.916681110858917236e-01,2.085369229316711426e-01,3.174761533737182617e-01,1.940349489450454712e-01,3.344290256500244141e-01,2.299880981445312500e-01,3.438321053981781006e-01,-1.342201977968215942e-01,1.701122969388961792e-01,-4.316202830523252487e-03,3.069218397140502930e-01,7.434789836406707764e-02,1.046795919537544250e-01,-2.710321359336376190e-02,4.604681208729743958e-02,-1.136441230773925781e-01,3.412985801696777344e-02,4.672829434275627136e-02,1.324404180049896240e-01,1.500307917594909668e-01,3.946912661194801331e-02,-4.357025772333145142e-02,1.720930635929107666e-02,-1.211154311895370483e-01,-8.980226516723632812e-02,1.384699344635009766e-01,4.943206161260604858e-02,-3.910709545016288757e-02,-4.900270700454711914e-02,6.737960129976272583e-02,-5.343884229660034180e-02,-2.449656138196587563e-03,3.350996971130371094e-02
1.768960207700729370e-01,4.806586727499961853e-02,1.472204476594924927e-01,1.189278364181518555e-01,3.778746351599693298e-02,3.982512280344963074e-03,5.951198935508728027e-01,3.792900741100311279e-01,-8.567474037408828735e-02,-1.720062792301177979e-01,2.609490454196929932e-01,3.521504402160644531e-01,1.000000000000000000e+00,5.724495053291320801e-01,2.543162405490875244e-01,-4.082561936229467392e-03,1.171334236860275269e-01,2.288573235273361206e-01,-2.095396369695663452e-01,-1.005584672093391418e-01,-1.184835284948348999e-01,-1.227779686450958252e-01,-8.794979006052017212e-02,-5.308688804507255554e-02,1.014891862869262695e-01,-1.061073504388332367e-02,5.013351142406463623e-02,2.169353514909744263e-02,4.120319783687591553e-01,2.924490869045257568e-01,2.107751071453094482e-01,1.851726025342941284e-01,3.903668746352195740e-02,6.046893075108528137e-02,7.169996947050094604e-02,1.239951848983764648e-01,8.903747797012329102e-02,4.718889668583869934e-02,8.070951700210571289e-02,9.764548391103744507e-02,3.396916687488555908e-01,3.179685175418853760e-01,2.117257192730903625e-02,2.407240122556686401e-02,-1.612170040607452393e-02,9.433469735085964203e-03,-1.619246602058410645e-02,-2.059926092624664307e-02,-1.495998799800872803e-01,3.112860023975372314e-02,-1.477309851907193661e-03,-5.187324807047843933e-02,-8.902005106210708618e-02,-9.412205964326858521e-02,-8.659707754850387573e-02,2.740772441029548645e-02,1.425408869981765747e-01,1.199056953191757202e-01,1.442837864160537720e-01,1.647020280361175537e-01,1.136705800890922546e-01,1.237287148833274841e-01,1.250194907188415527e-01,-2.677255496382713318e-02,2.127156034111976624e-02,2.540536038577556610e-02,1.965976655483245850e-01,1.842430830001831055e-01,3.342615067958831787e-02,9.068713337182998657e-02,1.498019844293594360e-01,1.147646903991699219e-01,9.109397232532501221e-02,1.694475561380386353e-01,6.300448626279830933e-02,3.092499263584613800e-02,-7.946421951055526733e-02,-1.075464114546775818e-01,-2.881225757300853729e-02,4.355995729565620422e-02,1.548498868942260742e-01,1.872520893812179565e-01,1.941051483154296875e-01,1.361867338418960571e-01,1.813716441392898560e-01,8.193274587392807007e-02,2.830864191055297852e-01,2.621734440326690674e-01,2.020200043916702271e-01,2.278780341148376465e-01,-2.400013506412506104e-01,5.285245180130004883e-02,-1.232407763600349426e-01,1.387504190206527710e-01,1.362206935882568359e-01,8.229291439056396484e-02,4.651988670229911804e-02,5.324533954262733459e-02,-9.022000432014465332e-02,-2.959572942927479744e-03,-9.991053491830825806e-02,-1.794438064098358154e-02,-8.786179125308990479e-03,-1.479073911905288696e-01,-5.829204805195331573e-03,8.623272925615310669e-02,-8.099438622593879700e-03,-8.620247244834899902e-02,1.260219961404800415e-01,4.168574884533882141e-02,1.054793894290924072e-01,1.463785488158464432e-02,2.250171499326825142e-03,-1.274914592504501343e-01,-6.622435152530670166e-02,-6.551383528858423233e-03
