1.000000000000000000e+00,1.405692249536514282e-01,4.068367481231689453e-01,7.618357427418231964e-03,5.752618983387947083e-02,-1.284660696983337402e-01,4.974962472915649414e-01,-1.071921810507774353e-01,1.330313235521316528e-01,-1.220140531659126282e-01,4.705923795700073242e-01,-6.311476975679397583e-02,4.834726154804229736e-01,-7.277834694832563400e-03,1.553738862276077271e-01,-3.576801717281341553e-02,4.340942203998565674e-01,-1.003424748778343201e-01,4.066206812858581543e-01,4.117658138275146484e-01,-4.119487106800079346e-02,-1.321185231208801270e-01,2.138390019536018372e-02,1.279113143682479858e-01,-9.677352756261825562e-02,-1.924739964306354523e-02,-1.122869029641151428e-01,-1.939525306224822998e-01,2.663520574569702148e-01,-1.524521410465240479e-01,2.453583525493741035e-03,4.112216457724571228e-02,5.413815379142761230e-01,5.148892998695373535e-01,1.611447930335998535e-01,7.064449042081832886e-02,1.835098713636398315e-01,-7.395133376121520996e-02,7.280600816011428833e-02,-1.275748163461685181e-01,4.850468039512634277e-02,-1.170979253947734833e-02,6.529481709003448486e-02,1.850644126534461975e-02,1.889951080083847046e-01,1.665724515914916992e-01,8.626041561365127563e-02,-6.415059324353933334e-03,1.743079274892807007e-01,1.324172466993331909e-01,1.794238537549972534e-01,-3.141728043556213379e-02,1.139070987701416016e-01,-1.702235192060470581e-01,2.085921168327331543e-01,1.175115816295146942e-02,7.565538883209228516e-01,1.569847017526626587e-01,6.054295897483825684e-01,3.808929324150085449e-01,5.764012932777404785e-01,2.453092485666275024e-01,4.376464188098907471e-01,-3.267733007669448853e-02,2.750412523746490479e-01,-1.624790765345096588e-02,3.895344436168670654e-01,3.728941380977630615e-01,4.885531067848205566e-01,3.715572655200958252e-01,4.117786511778831482e-02,5.712673440575599670e-02,2.285526394844055176e-01,-1.973507553339004517e-02,1.680446118116378784e-01,4.871861077845096588e-03,1.140489578247070312e-01,9.721674770116806030e-02,7.246702164411544800e-02,-1.974471360445022583e-01,2.979947030544281006e-01,-8.635184913873672485e-02,-1.169947255402803421e-02,-1.540961582213640213e-02,2.143169790506362915e-01,-1.075384244322776794e-01,3.182578459382057190e-02,-9.710577130317687988e-02,1.300684809684753418e-01,-2.867341935634613037e-01,1.818929910659790039e-01,1.053073480725288391e-01,1.476334184408187866e-01,4.851875081658363342e-02,1.235712841153144836e-01,-6.065903976559638977e-02,1.439361460506916046e-02,-7.109848409891128540e-02,2.853725552558898926e-01,1.316372454166412354e-01,4.554616659879684448e-02,-6.869935244321823120e-02,1.515994071960449219e-01,6.014905124902725220e-02,6.994014978408813477e-02,5.776144564151763916e-02,-6.193040404468774796e-03,-4.596088081598281860e-02,1.362434476613998413e-01,-1.457875035703182220e-02,-6.805514451116323471e-03,8.266126364469528198e-02,2.198898196220397949e-01,2.447790801525115967e-01,1.391156613826751709e-01,-1.323522776365280151e-01
1.405692249536514282e-01,1.000000000000000000e+00,1.221492290496826172e-01,7.031719684600830078e-01,-1.158747225999832153e-01,1.145731359720230103e-01,-4.447028040885925293e-02,6.526673436164855957e-01,-1.292499452829360962e-01,2.287500053644180298e-01,-1.602842062711715698e-01,4.797750711441040039e-01,-2.785312533378601074e-01,4.471292793750762939e-01,-1.334684342145919800e-01,2.293796390295028687e-01,-2.605212926864624023e-01,3.395757973194122314e-01,4.728816747665405273e-01,5.143827199935913086e-01,7.284894585609436035e-02,1.182115823030471802e-01,2.678409516811370850e-01,1.602198183536529541e-01,-6.986218690872192383e-02,-1.311886757612228394e-01,-1.343143582344055176e-01,-1.128664240241050720e-01,-1.360697001218795776e-01,1.924131810665130615e-01,1.231570318341255188e-01,1.071199476718902588e-01,2.424211204051971436e-01,2.893346250057220459e-01,-2.633178532123565674e-01,-2.693749964237213135e-01,-1.833434551954269409e-01,2.196710743010044098e-02,-5.387841910123825073e-02,1.424842048436403275e-02,-6.351355463266372681e-02,1.036374941468238831e-01,-2.229783982038497925e-01,-1.576246917247772217e-01,-2.393124550580978394e-01,-8.838492631912231445e-02,-1.366368234157562256e-01,-1.429093033075332642e-01,-1.926767379045486450e-01,7.963238283991813660e-03,-2.237281203269958496e-01,-2.838053926825523376e-02,-1.739549338817596436e-01,-1.239608228206634521e-01,-1.568674445152282715e-01,6.226533278822898865e-02,5.688867345452308655e-02,7.714378833770751953e-01,5.165848508477210999e-02,5.568842291831970215e-01,-1.685082465410232544e-01,6.657971143722534180e-01,-3.282410204410552979e-01,6.146813631057739258e-01,-3.481909930706024170e-01,3.682240545749664307e-01,-2.475135400891304016e-02,-6.381904333829879761e-02,3.814807832241058350e-01,1.240833252668380737e-01,6.749864667654037476e-02,1.000237464904785156e-01,-1.682601273059844971e-01,1.658613830804824829e-01,-9.951286017894744873e-02,-1.910826563835144043e-02,-1.059589907526969910e-01,-1.020065024495124817e-01,-2.092779427766799927e-01,2.717171907424926758e-01,-2.279800623655319214e-01,4.254758059978485107e-01,-1.007725968956947327e-01,2.064528129994869232e-02,-2.700356543064117432e-01,2.497442811727523804e-01,-7.412396953441202641e-04,2.971064150333404541e-01,-2.081498503684997559e-01,1.657715439796447754e-01,-4.630592837929725647e-02,-1.958126425743103027e-01,1.046442538499832153e-01,1.450390368700027466e-01,5.150920152664184570e-02,-8.160743117332458496e-02,-1.276496499776840210e-01,-1.203732490539550781e-01,-6.593120843172073364e-02,-4.773343726992607117e-02,7.615847140550613403e-02,1.351214498281478882e-01,7.577699422836303711e-02,4.248605296015739441e-02,1.372309029102325439e-01,3.547335788607597351e-02,4.358306899666786194e-02,1.340222358703613281e-01,1.437423378229141235e-01,-1.081969682127237320e-02,-1.702322512865066528e-01,-1.458238065242767334e-01,1.110043078660964966e-01,2.983974851667881012e-02,6.812018156051635742e-02,-1.995576918125152588e-01
4.068367481231689453e-01,1.221492290496826172e-01,1.000000000000000000e+00,2.928049266338348389e-01,6.718032993376255035e-03,-1.130176708102226257e-01,7.263203859329223633e-01,1.502445489168167114e-01,-1.565160788595676422e-02,-1.630432605743408203e-01,1.790369004011154175e-01,6.933927536010742188e-02,3.324899077415466309e-01,6.517316401004791260e-02,9.187853336334228516e-02,-9.883905295282602310e-04,1.252048090100288391e-02,-1.017741952091455460e-02,4.291831254959106445e-01,2.896042466163635254e-01,2.967480011284351349e-02,6.059873476624488831e-02,6.113625168800354004e-01,5.877730250358581543e-01,1.067050099372863770e-01,1.195920705795288086e-01,-4.466513916850090027e-02,-5.429533869028091431e-02,-6.431719660758972168e-02,-1.237943023443222046e-02,3.981383442878723145e-01,4.260183870792388916e-01,2.725068926811218262e-01,2.984210848808288574e-01,1.783505082130432129e-02,-5.064208060503005981e-02,-4.538923129439353943e-02,4.344011843204498291e-02,-4.000873491168022156e-02,3.989942371845245361e-02,-7.764266431331634521e-02,6.549231708049774170e-02,-1.879114955663681030e-01,-2.186817228794097900e-01,-1.587016731500625610e-01,-1.735576540231704712e-01,-1.747550219297409058e-01,-1.955118924379348755e-01,-1.803799569606781006e-01,-8.406096696853637695e-02,-1.910789310932159424e-01,-1.591956764459609985e-01,-1.880950778722763062e-01,-1.040278002619743347e-01,-1.085272878408432007e-01,-9.020314365625381470e-02,2.985355854034423828e-01,1.473461836576461792e-01,1.384344249963760376e-01,6.992352753877639771e-02,5.912376567721366882e-02,5.224453285336494446e-02,-2.976936474442481995e-02,-8.361870795488357544e-02,4.833673592656850815e-03,7.717430591583251953e-02,8.454973250627517700e-02,-1.070134434849023819e-02,3.544761240482330322e-01,2.055130451917648315e-01,2.226258218288421631e-01,2.773757278919219971e-01,-1.006464585661888123e-01,-1.025562062859535217e-01,-6.029194220900535583e-02,-1.048615500330924988e-01,6.263055652379989624e-02,1.011971291154623032e-02,-6.819795817136764526e-02,4.284612368792295456e-03,-7.946851849555969238e-02,-3.447527810931205750e-02,-3.088776580989360809e-02,-4.478605464100837708e-02,-4.323215410113334656e-02,3.138641640543937683e-02,-1.898691430687904358e-02,8.486069738864898682e-02,-5.149089172482490540e-02,-8.910644799470901489e-02,-4.478479921817779541e-02,1.715588383376598358e-02,-6.961155682802200317e-03,1.653633862733840942e-01,-1.702582836151123047e-02,-3.833763301372528076e-02,-1.343559566885232925e-02,-2.652445808053016663e-02,-9.328907728195190430e-02,-5.732676014304161072e-02,-5.605448782444000244e-02,1.545781344175338745e-01,2.409041114151477814e-02,9.487823396921157837e-02,6.938410550355911255e-02,1.083007603883743286e-01,6.727697700262069702e-02,9.294474124908447266e-02,1.209827437996864319e-01,2.617673575878143311e-02,5.523301661014556885e-02,-9.430234879255294800e-02,-4.221019148826599121e-02,-1.261897850781679153e-02,-1.189535390585660934e-02,-4.665514826774597168e-02
7.618357427418231964e-03,7.031719684600830078e-01,2.928049266338348389e-01,1.000000000000000000e+00,-2.412685304880142212e-01,7.102151960134506226e-02,7.285463809967041016e-02,7.865489721298217773e-01,-2.679484486579895020e-01,1.032876968383789062e-01,-1.853284239768981934e-01,4.747206866741180420e-01,-2.581880986690521240e-01,5.022829771041870117e-01,-2.124305814504623413e-01,1.616121530532836914e-01,-3.531995117664337158e-01,2.845459282398223877e-01,3.963316082954406738e-01,3.678852617740631104e-01,7.882007211446762085e-02,1.519090384244918823e-01,5.070422291755676270e-01,3.975916504859924316e-01,5.451495572924613953e-02,-8.771274983882904053e-02,-1.665262132883071899e-01,-1.145264431834220886e-01,-2.423959970474243164e-01,1.839574277400970459e-01,2.894493639469146729e-01,2.672636508941650391e-01,1.573357135057449341e-01,1.825123578310012817e-01,-2.136960029602050781e-01,-2.214176207780838013e-01,-2.707378566265106201e-01,3.217488154768943787e-02,-1.233619078993797302e-01,5.494685843586921692e-02,-7.231447100639343262e-02,1.019433438777923584e-01,-2.292895019054412842e-01,-1.606145203113555908e-01,-2.899725735187530518e-01,-1.470281481742858887e-01,-1.816172897815704346e-01,-1.585654616355895996e-01,-2.091541439294815063e-01,-5.385538563132286072e-02,-2.542667388916015625e-01,-3.996753320097923279e-02,-2.252768725156784058e-01,-1.450012810528278351e-02,-2.354056984186172485e-01,7.772140204906463623e-03,-5.989998579025268555e-02,5.907611846923828125e-01,-6.132604926824569702e-02,3.365257084369659424e-01,-2.192575335502624512e-01,5.058887600898742676e-01,-3.768105804920196533e-01,4.698560237884521484e-01,-2.824145853519439697e-01,4.160380661487579346e-01,-9.328654408454895020e-02,-1.530138850212097168e-01,2.871257960796356201e-01,4.096994921565055847e-02,2.294922247529029846e-02,9.361188858747482300e-02,-2.440596222877502441e-01,5.945164710283279419e-02,-1.972616165876388550e-01,-1.299756914377212524e-01,-1.417630761861801147e-01,-1.758045256137847900e-01,-2.432921230792999268e-01,2.928351163864135742e-01,-3.388863801956176758e-01,3.736293017864227295e-01,-1.771658957004547119e-01,2.888654917478561401e-02,-3.063685297966003418e-01,3.405992984771728516e-01,-4.813276603817939758e-02,3.355732560157775879e-01,-2.578231692314147949e-01,2.421641200780868530e-01,-7.595493644475936890e-02,-1.478838026523590088e-01,8.671463280916213989e-02,2.123606950044631958e-01,-8.806832879781723022e-02,-1.081824898719787598e-01,-1.705009937286376953e-01,-1.111022457480430603e-01,-1.782159060239791870e-01,-9.450935572385787964e-02,5.592153221368789673e-02,2.475834488868713379e-01,2.532936073839664459e-02,8.586535602807998657e-02,1.265043318271636963e-01,4.284200072288513184e-02,4.935437813401222229e-02,1.504810452461242676e-01,1.325909644365310669e-01,-6.572032719850540161e-02,-1.774409115314483643e-01,-1.985796391963958740e-01,9.377893060445785522e-03,-4.631363227963447571e-02,-1.404297817498445511e-02,-1.116820275783538818e-01
5.752618983387947083e-02,-1.158747225999832153e-01,6.718032993376255035e-03,-2.412685304880142212e-01,1.000000000000000000e+00,6.172119379043579102e-01,-4.858687520027160645e-02,-3.182642459869384766e-01,7.816205620765686035e-01,5.615621805191040039e-01,2.437816411256790161e-01,7.972479611635208130e-02,1.470319628715515137e-01,-9.440109133720397949e-02,6.731454133987426758e-01,4.350243508815765381e-01,2.491964250802993774e-01,-6.688758730888366699e-02,2.014966309070587158e-02,1.176996752619743347e-01,1.002715677022933960e-01,4.657217860221862793e-02,-5.599317327141761780e-02,9.465206414461135864e-02,3.274692595005035400e-01,5.905739665031433105e-01,3.518547117710113525e-01,2.661686539649963379e-01,2.525485754013061523e-01,4.763952922075986862e-03,7.700836285948753357e-03,6.477596610784530640e-02,-1.576741784811019897e-01,-1.187616288661956787e-01,-9.797172248363494873e-02,-5.926638841629028320e-02,1.133366450667381287e-01,5.430897581391036510e-04,1.260076612234115601e-01,-1.534121036529541016e-01,-2.839567139744758606e-02,8.249335922300815582e-03,-4.474911466240882874e-02,-1.481305509805679321e-01,-1.202383451163768768e-02,-1.750428229570388794e-01,-8.474621921777725220e-02,-1.483562737703323364e-01,-7.403012365102767944e-02,-1.686439365148544312e-01,-5.055245757102966309e-02,-2.236953377723693848e-01,-3.674538433551788330e-02,-3.006372153759002686e-01,1.837112009525299072e-02,-8.457236737012863159e-02,1.058430150151252747e-01,4.114256706088781357e-03,-5.145193636417388916e-02,-8.668305724859237671e-02,-4.237685352563858032e-02,-8.920188993215560913e-02,8.386975526809692383e-02,-1.516276746988296509e-01,-9.876201301813125610e-02,-4.354931712150573730e-01,-7.163927704095840454e-02,-6.332933902740478516e-02,-5.529987066984176636e-02,8.651143312454223633e-02,2.489237487316131592e-02,1.250735372304916382e-01,1.864066272974014282e-01,1.700410246849060059e-01,2.477136552333831787e-01,3.217749595642089844e-01,-2.462907694280147552e-02,7.111124694347381592e-02,1.122473999857902527e-01,-2.823295891284942627e-01,1.514548510313034058e-01,-1.841286867856979370e-01,2.395845651626586914e-01,-1.247969362884759903e-02,1.095954403281211853e-01,-2.195726186037063599e-01,1.298163086175918579e-01,8.587961643934249878e-02,2.019337117671966553e-01,-1.200433522462844849e-01,-3.998678177595138550e-02,-1.041039824485778809e-02,-6.981541402637958527e-03,-6.410455703735351562e-02,2.849593013525009155e-02,-2.973267808556556702e-02,-3.315499424934387207e-02,-5.433018133044242859e-02,-2.107578143477439880e-02,-9.078134596347808838e-02,-6.653373688459396362e-02,-2.120053917169570923e-01,-1.170019134879112244e-01,-1.496073007583618164e-01,-9.906589984893798828e-02,-3.850245848298072815e-02,-6.358847022056579590e-02,-2.112421393394470215e-02,1.714952103793621063e-02,-1.461729686707258224e-02,-1.547141745686531067e-02,-1.796662248671054840e-02,-1.526397000998258591e-02,-6.958261877298355103e-02,-2.380381897091865540e-02,-4.870197549462318420e-02
-1.284660696983337402e-01,1.145731359720230103e-01,-1.130176708102226257e-01,7.102151960134506226e-02,6.172119379043579102e-01,1.000000000000000000e+00,-2.185294926166534424e-01,5.118550732731819153e-02,5.283098816871643066e-01,6.841444969177246094e-01,5.597056448459625244e-02,3.292279541492462158e-01,-7.667495310306549072e-02,2.369878739118576050e-01,3.832471668720245361e-01,5.777285695075988770e-01,6.888226605951786041e-03,2.210666537284851074e-01,-4.891107603907585144e-02,1.117045581340789795e-01,1.753162145614624023e-01,1.949387341737747192e-01,4.627046734094619751e-02,1.933645159006118774e-01,3.019707500934600830e-01,5.711812973022460938e-01,3.543303012847900391e-01,3.325126469135284424e-01,2.959089167416095734e-02,1.509634852409362793e-01,1.002527847886085510e-01,1.923612356185913086e-01,-1.811411380767822266e-01,-1.217930316925048828e-01,-1.477557867765426636e-01,-5.456667020916938782e-02,-8.225280046463012695e-02,3.122962079942226410e-02,4.652078263461589813e-03,-9.805268049240112305e-02,-7.488678395748138428e-02,5.435140058398246765e-02,-5.184925347566604614e-02,-1.100729629397392273e-01,-7.213831692934036255e-02,-1.701659858226776123e-01,-7.465229928493499756e-02,-8.104775100946426392e-02,-6.864666193723678589e-02,-8.159349858760833740e-02,-1.188513487577438354e-01,-4.768124595284461975e-02,-1.006116345524787903e-01,-1.236622929573059082e-01,-6.568510830402374268e-02,8.452533744275569916e-03,-8.239723742008209229e-02,1.484939754009246826e-01,-1.137378886342048645e-01,2.207956276834011078e-02,-1.678300797939300537e-01,1.118727847933769226e-01,-1.126783639192581177e-01,1.650158017873764038e-01,-2.438723295927047729e-01,-1.556969881057739258e-01,-1.046502664685249329e-01,-1.121983677148818970e-01,-1.011377125978469849e-01,8.667774964123964310e-04,-9.170419722795486450e-02,3.853067383170127869e-02,2.998072281479835510e-02,2.108056545257568359e-01,1.511154174804687500e-01,2.134468108415603638e-01,-9.979390352964401245e-02,2.289151214063167572e-02,-7.816702872514724731e-02,-1.125340312719345093e-01,-7.353671640157699585e-02,8.736022561788558960e-02,2.582552097737789154e-02,2.278840355575084686e-02,-1.065982133150100708e-01,7.861175388097763062e-02,-1.336272805929183960e-02,2.171703726053237915e-01,-9.070523083209991455e-05,2.157510817050933838e-01,-1.080059166997671127e-02,-2.399861253798007965e-02,5.646738782525062561e-02,1.060646120458841324e-02,-9.832703322172164917e-02,-8.126098662614822388e-02,-1.336500495672225952e-01,-3.336434438824653625e-02,-8.324661850929260254e-02,-6.071545183658599854e-02,3.315937891602516174e-02,-5.437508970499038696e-02,-4.833934456110000610e-02,-5.203547328710556030e-02,-9.230752289295196533e-02,-7.255201041698455811e-02,1.523413881659507751e-02,-4.114980343729257584e-03,5.938928574323654175e-02,-5.835770443081855774e-02,-1.164992302656173706e-01,-6.679501384496688843e-02,-2.543868124485015869e-02,-7.265749573707580566e-02,-1.008181795477867126e-01,5.908521823585033417e-03
4.974962472915649414e-01,-4.447028040885925293e-02,7.263203859329223633e-01,7.285463809967041016e-02,-4.858687520027160645e-02,-2.185294926166534424e-01,1.000000000000000000e+00,-2.578746154904365540e-02,-1.284306030720472336e-02,-2.686610817909240723e-01,3.092249631881713867e-01,-6.878737360239028931e-02,5.287515521049499512e-01,-3.365387767553329468e-02,8.235031366348266602e-02,-8.013955503702163696e-02,1.489239782094955444e-01,-6.083118915557861328e-02,2.813449203968048096e-01,2.176682054996490479e-01,1.852370612323284149e-02,3.306821687147021294e-03,4.075013995170593262e-01,3.916226923465728760e-01,-3.676760941743850708e-02,1.898700371384620667e-02,-8.715236932039260864e-02,-9.066735953092575073e-02,4.850301891565322876e-02,-6.957104057073593140e-02,3.751619756221771240e-01,3.900409340858459473e-01,3.453293740749359131e-01,3.662194013595581055e-01,1.833315640687942505e-01,8.627945184707641602e-02,6.085106730461120605e-02,7.904028892517089844e-02,-1.390229538083076477e-02,5.461036413908004761e-02,-2.750580571591854095e-02,8.122956752777099609e-02,-2.397829294204711914e-02,-8.710368722677230835e-02,1.905919425189495087e-02,-4.426889494061470032e-02,-4.895195737481117249e-02,-8.238123357295989990e-02,-3.835874050855636597e-02,-1.394296996295452118e-02,-3.348141908645629883e-02,-1.087421849370002747e-01,-7.210703939199447632e-02,-6.781453639268875122e-02,2.279077097773551941e-02,-6.089067831635475159e-02,3.670592904090881348e-01,-3.892530873417854309e-02,2.869950234889984131e-01,8.198470622301101685e-02,2.554149031639099121e-01,-7.006737403571605682e-03,1.679925918579101562e-01,-1.620871573686599731e-01,1.764911711215972900e-01,3.250923380255699158e-02,2.750301063060760498e-01,1.692399680614471436e-01,3.136286437511444092e-01,2.535848915576934814e-01,2.294161766767501831e-01,2.321223914623260498e-01,-9.575375355780124664e-03,-1.320191472768783569e-01,4.335104674100875854e-02,-8.694055676460266113e-02,1.538973003625869751e-01,8.984716236591339111e-02,-1.889171451330184937e-02,-8.489808440208435059e-02,7.696020603179931641e-02,-1.448203474283218384e-01,-4.089844971895217896e-02,-8.372404426336288452e-02,1.034445986151695251e-01,-6.845593452453613281e-02,2.162420749664306641e-02,-2.283224463462829590e-02,4.210141301155090332e-02,-1.487185060977935791e-01,6.414885818958282471e-02,1.053993701934814453e-01,-4.543481767177581787e-02,4.254839196801185608e-02,3.678679838776588440e-02,-3.860755125060677528e-03,5.440074205398559570e-02,-1.908276230096817017e-03,1.998268999159336090e-02,4.194664210081100464e-02,-1.052855402231216431e-01,5.460907891392707825e-02,1.005418971180915833e-02,4.925063997507095337e-02,2.133990637958049774e-02,5.844731256365776062e-02,4.312023892998695374e-02,1.795615069568157196e-02,1.459891647100448608e-01,5.989411100745201111e-02,1.196324974298477173e-01,-2.274928055703639984e-02,-4.752532020211219788e-02,3.025082871317863464e-02,-5.174452904611825943e-03,-5.383246764540672302e-02
-1.071921810507774353e-01,6.526673436164855957e-01,1.502445489168167114e-01,7.865489721298217773e-01,-3.182642459869384766e-01,5.118550732731819153e-02,-2.578746154904365540e-02,1.000000000000000000e+00,-3.538657128810882568e-01,9.689493477344512939e-02,-2.340218275785446167e-01,5.062891840934753418e-01,-3.516390323638916016e-01,5.654935836791992188e-01,-2.838380932807922363e-01,1.379303783178329468e-01,-3.947433233261108398e-01,3.002631366252899170e-01,3.060981631278991699e-01,2.836975753307342529e-01,5.640239641070365906e-02,1.194318607449531555e-01,4.352783560752868652e-01,2.959174811840057373e-01,4.877679422497749329e-02,-1.557647585868835449e-01,-2.528816759586334229e-01,-1.796388775110244751e-01,-2.543329298496246338e-01,1.871468722820281982e-01,2.271385490894317627e-01,2.039014548063278198e-01,1.107308045029640198e-01,1.552605777978897095e-01,-2.113285064697265625e-01,-2.080087661743164062e-01,-2.512479424476623535e-01,1.853422634303569794e-02,-1.362595558166503906e-01,4.037924483418464661e-02,-5.639143660664558411e-02,9.235414117574691772e-02,-1.837649494409561157e-01,-8.975414186716079712e-02,-2.547772526741027832e-01,-8.642566204071044922e-02,-1.429576426744461060e-01,-1.021761074662208557e-01,-1.698012799024581909e-01,-2.238760702311992645e-02,-2.217263132333755493e-01,1.243714708834886551e-02,-1.792183518409729004e-01,4.036156460642814636e-02,-2.084495574235916138e-01,4.071760177612304688e-02,-1.598226577043533325e-01,5.226767063140869141e-01,-9.180382639169692993e-02,3.206205964088439941e-01,-2.242268621921539307e-01,5.038658976554870605e-01,-3.756728172302246094e-01,4.982633888721466064e-01,-2.448505610227584839e-01,4.798992276191711426e-01,-1.020585000514984131e-01,-1.128125414252281189e-01,1.663358211517333984e-01,-1.709051802754402161e-02,-3.935307264328002930e-02,4.075488075613975525e-02,-2.264160811901092529e-01,7.486088573932647705e-02,-2.156423032283782959e-01,-1.060283556580543518e-01,-1.576961427927017212e-01,-2.011114060878753662e-01,-2.544382512569427490e-01,3.095079362392425537e-01,-3.458839058876037598e-01,3.890935182571411133e-01,-1.927305608987808228e-01,3.193758800625801086e-02,-2.960339188575744629e-01,3.883583843708038330e-01,1.762127620168030262e-03,3.150740861892700195e-01,-2.686026692390441895e-01,3.053755164146423340e-01,-8.142162859439849854e-02,-1.188954934477806091e-01,6.404881179332733154e-02,1.982316076755523682e-01,-1.263984143733978271e-01,-1.174281314015388489e-01,-1.778598278760910034e-01,-1.251726448535919189e-01,-1.698825508356094360e-01,-6.314101070165634155e-02,6.443054229021072388e-02,2.564458250999450684e-01,2.741987444460391998e-02,8.141302317380905151e-02,9.742311388254165649e-02,2.174489758908748627e-02,6.249506399035453796e-02,1.394162327051162720e-01,1.189542189240455627e-01,-1.001204028725624084e-01,-2.123882770538330078e-01,-1.699485629796981812e-01,-8.638029918074607849e-03,-3.629245981574058533e-02,-6.857266183942556381e-03,-1.009818837046623230e-01
1.330313235521316528e-01,-1.292499452829360962e-01,-1.565160788595676422e-02,-2.679484486579895020e-01,7.816205620765686035e-01,5.283098816871643066e-01,-1.284306030720472336e-02,-3.538657128810882568e-01,1.000000000000000000e+00,5.249717235565185547e-01,3.269851505756378174e-01,1.332719158381223679e-02,2.470107078552246094e-01,-1.208357512950897217e-01,7.008058428764343262e-01,3.884415328502655029e-01,3.311226069927215576e-01,-9.967733919620513916e-02,2.689360454678535461e-02,1.689589619636535645e-01,9.639805555343627930e-02,7.025504484772682190e-03,-1.297322511672973633e-01,4.601586610078811646e-03,2.572604715824127197e-01,5.100393295288085938e-01,2.861001789569854736e-01,1.792020201683044434e-01,3.005238175392150879e-01,-4.390605166554450989e-02,6.921784020960330963e-03,1.131850853562355042e-02,-1.056198999285697937e-01,-9.850520640611648560e-02,-7.504192739725112915e-02,-4.411177709698677063e-02,1.568113416433334351e-01,-2.154592424631118774e-02,1.934550106525421143e-01,-1.145139783620834351e-01,4.793952032923698425e-02,-4.149987176060676575e-02,-2.402165718376636505e-02,-1.328564435243606567e-01,3.808272629976272583e-02,-1.260853558778762817e-01,-7.248289138078689575e-02,-1.354114860296249390e-01,-2.795956656336784363e-02,-1.390308141708374023e-01,9.536174125969409943e-03,-2.273313850164413452e-01,-2.723801881074905396e-03,-3.308803737163543701e-01,8.317182213068008423e-02,-4.615392908453941345e-02,1.855258047580718994e-01,-2.398785948753356934e-02,4.252483323216438293e-02,-5.033211782574653625e-02,6.613687425851821899e-02,-8.952169120311737061e-02,1.756199747323989868e-01,-1.956117451190948486e-01,-2.015133574604988098e-02,-4.847799539566040039e-01,-4.884589463472366333e-03,1.691925339400768280e-02,8.825761266052722931e-03,1.684612333774566650e-01,5.344225838780403137e-02,1.209148392081260681e-01,2.520512342453002930e-01,1.751149147748947144e-01,3.062208294868469238e-01,3.188709914684295654e-01,3.566843690350651741e-03,9.202115982770919800e-02,1.724880784749984741e-01,-2.656165063381195068e-01,2.244681864976882935e-01,-2.127140760421752930e-01,2.819733917713165283e-01,-2.490965183824300766e-03,1.697425842285156250e-01,-2.692909538745880127e-01,1.785554885864257812e-01,5.532480776309967041e-02,2.524030804634094238e-01,-1.433899849653244019e-01,-2.575908601284027100e-02,2.043486572802066803e-02,-2.715943008661270142e-02,-8.441326767206192017e-02,6.178367510437965393e-02,-2.115330286324024200e-02,-1.506871823221445084e-02,-5.268296226859092712e-02,2.328081429004669189e-02,-6.309350579977035522e-02,-7.059238106012344360e-02,-2.513249814510345459e-01,-1.168416962027549744e-01,-1.471714526414871216e-01,-1.033618673682212830e-01,-4.148823395371437073e-02,-9.670212119817733765e-02,-2.278153598308563232e-02,-7.025671657174825668e-03,-3.292105719447135925e-02,-1.331238262355327606e-02,3.498784964904189110e-03,-3.180236741900444031e-02,-6.245788559317588806e-02,-1.913987449370324612e-03,-5.610741302371025085e-02
-1.220140531659126282e-01,2.287500053644180298e-01,-1.630432605743408203e-01,1.032876968383789062e-01,5.615621805191040039e-01,6.841444969177246094e-01,-2.686610817909240723e-01,9.689493477344512939e-02,5.249717235565185547e-01,1.000000000000000000e+00,-1.948670833371579647e-03,3.107365071773529053e-01,-2.550528645515441895e-01,1.495712250471115112e-01,3.623472154140472412e-01,6.316339373588562012e-01,-9.732113033533096313e-02,1.370371282100677490e-01,1.866421252489089966e-01,2.874808013439178467e-01,1.236123368144035339e-01,8.451700210571289062e-02,2.301091700792312622e-02,-2.447676472365856171e-02,2.972422242164611816e-01,3.756035268306732178e-01,1.389319300651550293e-01,1.002123057842254639e-01,2.429505257168784738e-04,1.481529176235198975e-01,2.051176317036151886e-02,-6.874658167362213135e-03,-1.107362955808639526e-01,-7.393947988748550415e-02,-3.040914833545684814e-01,-2.553134262561798096e-01,-9.443832933902740479e-02,-6.999082863330841064e-02,4.437603801488876343e-02,-1.884071826934814453e-01,-8.682616800069808960e-02,2.177939750254154205e-02,-1.403436064720153809e-01,-1.926172077655792236e-01,-1.799007058143615723e-01,-2.429971992969512939e-01,-1.761442124843597412e-01,-1.673118472099304199e-01,-1.696299314498901367e-01,-1.892120689153671265e-01,-2.512140572071075439e-01,-2.366384416818618774e-01,-1.539746969938278198e-01,-2.698838710784912109e-01,-1.249135881662368774e-01,3.791047725826501846e-03,-1.072311550378799438e-01,2.973595857620239258e-01,-1.370367854833602905e-01,9.713069349527359009e-02,-2.247727215290069580e-01,1.675843000411987305e-01,-2.350308746099472046e-01,2.043444067239761353e-01,-3.718359768390655518e-01,-2.174950838088989258e-01,-1.070413440465927124e-01,-1.123145893216133118e-01,2.076976560056209564e-02,1.259521692991256714e-01,-7.311754859983921051e-03,7.637044787406921387e-02,9.889788925647735596e-03,2.655177116394042969e-01,1.201323345303535461e-01,2.930904328823089600e-01,-2.008692324161529541e-01,-7.785950601100921631e-02,-8.841301500797271729e-02,-5.971376597881317139e-02,-1.563096195459365845e-01,9.616789221763610840e-02,9.522239863872528076e-02,3.119917586445808411e-02,-2.247829437255859375e-01,-7.020839303731918335e-02,9.286704659461975098e-02,2.486617267131805420e-01,-1.156820878386497498e-01,1.692132502794265747e-01,2.246961370110511780e-02,-4.383504763245582581e-02,6.496439129114151001e-02,9.132932871580123901e-03,1.484214700758457184e-02,-9.113612025976181030e-02,-1.559801399707794189e-01,-1.807866394519805908e-01,-5.867037549614906311e-02,-4.088207706809043884e-02,-1.443847268819808960e-02,-1.754318028688430786e-01,-6.668973714113235474e-02,-9.799780696630477905e-02,-4.394747316837310791e-02,-1.286410633474588394e-02,-1.092341542243957520e-01,6.583046913146972656e-02,5.155632272362709045e-02,-1.847311854362487793e-02,-1.613746583461761475e-01,-5.567074939608573914e-02,5.569186434149742126e-02,-4.894060641527175903e-02,1.033971086144447327e-02,-1.636165827512741089e-01
4.705923795700073242e-01,-1.602842062711715698e-01,1.790369004011154175e-01,-1.853284239768981934e-01,2.437816411256790161e-01,5.597056448459625244e-02,3.092249631881713867e-01,-2.340218275785446167e-01,3.269851505756378174e-01,-1.948670833371579647e-03,1.000000000000000000e+00,-1.559005770832300186e-02,6.310990452766418457e-01,-7.975863263709470630e-05,4.276180267333984375e-01,7.642425596714019775e-02,5.388658046722412109e-01,-5.250089615583419800e-02,1.005438566207885742e-01,1.101246476173400879e-01,1.897447258234024048e-01,-4.912880435585975647e-02,2.345563843846321106e-03,3.036241047084331512e-02,2.409044802188873291e-01,2.315806746482849121e-01,-5.627819150686264038e-02,-1.397890299558639526e-01,4.977465271949768066e-01,3.440763568505644798e-03,1.590890586376190186e-01,9.674297273159027100e-02,3.119904994964599609e-01,2.393865287303924561e-01,2.578790187835693359e-01,1.954446434974670410e-01,2.631429135799407959e-01,-1.014974154531955719e-02,1.462123543024063110e-01,-5.443749949336051941e-02,3.501288592815399170e-02,-4.404087737202644348e-02,2.008265107870101929e-01,1.509745866060256958e-01,2.642898559570312500e-01,1.998405158519744873e-01,1.407167464494705200e-01,9.600166976451873779e-02,2.334951311349868774e-01,1.603978127241134644e-01,2.537109851837158203e-01,5.925908312201499939e-02,1.508608907461166382e-01,-6.599639356136322021e-02,2.176026254892349243e-01,3.247396275401115417e-02,4.291767477989196777e-01,-1.462337821722030640e-01,3.152866363525390625e-01,3.525896742939949036e-02,4.512429833412170410e-01,-9.895608760416507721e-03,4.906958341598510742e-01,-1.410582810640335083e-01,3.617953956127166748e-01,-1.147744879126548767e-01,2.359607517719268799e-01,2.951541244983673096e-01,3.457421809434890747e-02,1.587764471769332886e-01,3.803529590368270874e-02,7.278861105442047119e-02,3.538680970668792725e-01,1.202800869941711426e-01,2.114436477422714233e-01,1.164317056536674500e-01,1.920100450515747070e-01,1.488481014966964722e-01,2.600833475589752197e-01,-1.306426823139190674e-01,3.573383390903472900e-01,-9.229226410388946533e-02,8.779192715883255005e-02,-2.802842669188976288e-02,3.056204020977020264e-01,-6.691244244575500488e-02,1.447357088327407837e-01,-1.363048702478408813e-01,2.586380839347839355e-01,-2.407040894031524658e-01,8.830955624580383301e-02,1.216656044125556946e-01,6.747438758611679077e-02,3.751854179427027702e-03,1.951045393943786621e-01,1.226454898715019226e-01,1.726631373167037964e-01,1.043094694614410400e-02,2.240483313798904419e-01,1.242908164858818054e-01,2.600779943168163300e-02,-7.491095364093780518e-02,6.836384534835815430e-02,-8.748545660637319088e-04,-1.038554683327674866e-01,-2.301153913140296936e-02,-3.454848751425743103e-02,-1.386210769414901733e-01,3.196640685200691223e-02,1.257993280887603760e-01,7.156951725482940674e-02,1.187306344509124756e-01,8.013052493333816528e-02,1.621729880571365356e-01,-5.720609799027442932e-03,7.520690560340881348e-02
-6.311476975679397583e-02,4.797750711441040039e-01,6.933927536010742188e-02,4.747206866741180420e-01,7.972479611635208130e-02,3.292279541492462158e-01,-6.878737360239028931e-02,5.062891840934753418e-01,1.332719158381223679e-02,3.107365071773529053e-01,-1.559005770832300186e-02,1.000000000000000000e+00,-1.394557356834411621e-01,6.285042762756347656e-01,-9.597483440302312374e-04,2.914707362651824951e-01,-1.863098889589309692e-01,4.932411015033721924e-01,2.298422306776046753e-01,2.965676486492156982e-01,2.196232080459594727e-01,2.443249374628067017e-01,2.059924155473709106e-01,2.478211522102355957e-01,9.123273193836212158e-02,9.052739292383193970e-02,1.323066279292106628e-02,9.946293383836746216e-02,-7.813704758882522583e-02,3.838571012020111084e-01,1.949431896209716797e-01,2.394576072692871094e-01,9.345883503556251526e-03,9.265758842229843140e-02,-3.486000895500183105e-01,-3.105646371841430664e-01,-3.094660937786102295e-01,-8.382585830986499786e-03,-1.515153199434280396e-01,-4.340455681085586548e-02,-1.218331307172775269e-01,7.298755645751953125e-02,-2.995118200778961182e-01,-2.533220648765563965e-01,-2.783226072788238525e-01,-2.044132202863693237e-01,-2.610891461372375488e-01,-2.468896210193634033e-01,-2.517977356910705566e-01,-1.360638737678527832e-01,-2.919077575206756592e-01,-8.968690037727355957e-02,-2.700504958629608154e-01,-1.303030401468276978e-01,-2.755941748619079590e-01,-4.515886679291725159e-02,-6.743299216032028198e-02,4.716646671295166016e-01,-9.802427887916564941e-02,2.783368527889251709e-01,-1.876436620950698853e-01,4.348657429218292236e-01,-2.954224348068237305e-01,5.196177959442138672e-01,-3.613833189010620117e-01,1.739983260631561279e-01,-2.488303035497665405e-01,-1.586123555898666382e-01,9.431461244821548462e-02,1.890791021287441254e-02,-1.041977480053901672e-01,3.493874147534370422e-02,-6.882987916469573975e-02,3.407167792320251465e-01,-7.570513989776372910e-03,1.968627125024795532e-01,-1.643385738134384155e-01,-9.050058573484420776e-02,-1.090569347143173218e-01,2.520051896572113037e-01,-2.292851060628890991e-01,3.433580100536346436e-01,2.160352841019630432e-02,4.922727867960929871e-02,-3.026830554008483887e-01,2.768325507640838623e-01,-5.815364047884941101e-02,2.477096170186996460e-01,-2.897359132766723633e-01,2.762822508811950684e-01,-1.899625957012176514e-01,-2.395511120557785034e-01,-5.392168089747428894e-02,2.613954432308673859e-02,-6.737881153821945190e-02,-7.185538858175277710e-02,-2.501512467861175537e-01,-1.535285264253616333e-01,-2.207318693399429321e-01,-2.297927588224411011e-01,1.849407702684402466e-02,7.464789599180221558e-02,-7.351502776145935059e-02,-5.664713680744171143e-02,-8.636935800313949585e-02,-1.410610377788543701e-01,1.500530242919921875e-01,-3.689468279480934143e-02,1.489088088274002075e-01,-7.473697513341903687e-02,-3.066176176071166992e-01,-1.680552363395690918e-01,-1.079516410827636719e-01,-1.557521522045135498e-01,-1.349113732576370239e-01,-2.783413976430892944e-02
4.834726154804229736e-01,-2.785312533378601074e-01,3.324899077415466309e-01,-2.581880986690521240e-01,1.470319628715515137e-01,-7.667495310306549072e-02,5.287515521049499512e-01,-3.516390323638916016e-01,2.470107078552246094e-01,-2.550528645515441895e-01,6.310990452766418457e-01,-1.394557356834411621e-01,1.000000000000000000e+00,-4.562620446085929871e-02,3.077688813209533691e-01,-1.303665041923522949e-01,5.302128791809082031e-01,-1.465986389666795731e-02,-4.045545309782028198e-02,-2.411586418747901917e-02,1.226805374026298523e-01,-7.081047515384852886e-04,1.955017447471618652e-03,1.650165468454360962e-01,-1.237716618925333023e-02,1.765582710504531860e-01,1.005594283342361450e-01,5.941310524940490723e-02,4.081848263740539551e-01,-4.802403971552848816e-02,2.247861772775650024e-01,2.596145272254943848e-01,2.509309947490692139e-01,2.283385396003723145e-01,3.453939855098724365e-01,2.780019640922546387e-01,2.288136631250381470e-01,6.610442698001861572e-02,1.145366281270980835e-01,6.169138103723526001e-02,1.147593334317207336e-01,-5.097155272960662842e-02,1.603053808212280273e-01,9.428650885820388794e-02,2.560399472713470459e-01,1.623664051294326782e-01,1.336213052272796631e-01,7.667922973632812500e-02,1.848559081554412842e-01,1.233816891908645630e-01,2.771274447441101074e-01,7.185672223567962646e-02,1.357251554727554321e-01,-1.415554434061050415e-02,2.162288129329681396e-01,-1.759476959705352783e-03,4.568948447704315186e-01,-2.679290473461151123e-01,3.282246887683868408e-01,-6.660021841526031494e-02,4.720165729522705078e-01,-1.556808650493621826e-01,5.360867381095886230e-01,-2.195626348257064819e-01,4.116248786449432373e-01,-1.375988870859146118e-01,2.355951070785522461e-01,2.221105545759201050e-01,8.295028656721115112e-02,1.222358867526054382e-01,8.106055110692977905e-02,8.122727274894714355e-02,2.884766459465026855e-01,-1.471805851906538010e-02,2.435168623924255371e-01,1.968792639672756195e-02,2.524272501468658447e-01,2.220572084188461304e-01,2.639110386371612549e-01,-1.360830068588256836e-01,4.266301691532135010e-01,-1.388159394264221191e-01,9.106004238128662109e-02,-5.356420949101448059e-02,3.969748318195343018e-01,-8.607270568609237671e-02,5.961368232965469360e-02,-1.879387050867080688e-01,3.017114996910095215e-01,-2.311798483133316040e-01,3.795432671904563904e-02,6.932680308818817139e-02,-4.887892305850982666e-02,-8.901748806238174438e-02,9.728735685348510742e-02,9.080264717340469360e-02,1.601363569498062134e-01,1.372984647750854492e-01,1.558696627616882324e-01,5.174262076616287231e-02,-5.636952817440032959e-02,-4.739147797226905823e-02,-1.818874734453856945e-03,-2.959856204688549042e-02,-1.183161363005638123e-01,-8.056680858135223389e-02,8.675482869148254395e-02,-1.585669368505477905e-01,4.204379767179489136e-02,4.838895425200462341e-02,1.348246783018112183e-01,5.139416828751564026e-02,-4.280078783631324768e-02,5.650489777326583862e-02,-7.326748222112655640e-02,1.261442303657531738e-01
