1.000000000000000000e+00,4.440989494323730469e-01,2.118056565523147583e-01,1.840364336967468262e-01,-1.328107086010277271e-03,-2.925824001431465149e-02,5.264189839363098145e-01,2.846175730228424072e-01,-8.861813694238662720e-02,-7.723863422870635986e-02,4.368265569210052490e-01,4.098880290985107422e-01,2.828705310821533203e-01,2.061057984828948975e-01,-6.404320895671844482e-02,-1.422400176525115967e-01,4.201196432113647461e-01,3.529021143913269043e-01,1.458897292613983154e-01,1.044331789016723633e-01,-3.167298808693885803e-02,9.373341687023639679e-03,1.682281792163848877e-01,1.416538506746292114e-01,8.004916831851005554e-03,8.452591300010681152e-02,1.131310127675533295e-02,4.891062527894973755e-02,2.273386120796203613e-01,1.932009309530258179e-01,1.500598043203353882e-01,7.980868220329284668e-02,2.010023742914199829e-01,1.897461116313934326e-01,1.914372742176055908e-01,1.552735418081283569e-01,7.135876268148422241e-02,2.501004608348011971e-03,3.691513789817690849e-03,3.363712131977081299e-02,-3.432663530111312866e-02,2.927810419350862503e-03,-3.411240503191947937e-02,4.421012103557586670e-02,-8.539035171270370483e-02,-8.649951778352260590e-03,5.285998061299324036e-02,1.011892184615135193e-01,7.009423524141311646e-02,9.487048536539077759e-02,1.315919309854507446e-01,1.727028638124465942e-01,7.648059725761413574e-02,2.469120733439922333e-02,-1.357757393270730972e-02,1.014676243066787720e-01,7.314004898071289062e-01,3.358649909496307373e-01,2.133779078722000122e-01,9.633043780922889709e-03,4.749190807342529297e-01,1.451724469661712646e-01,4.716178774833679199e-01,2.780700922012329102e-01,4.571206569671630859e-01,1.629849672317504883e-01,2.018664032220840454e-01,1.892943531274795532e-01,1.258961111307144165e-01,3.949875384569168091e-02,1.990725100040435791e-01,1.408007889986038208e-01,1.374768763780593872e-01,2.276753783226013184e-01,4.834786802530288696e-02,1.463121324777603149e-01,2.436931431293487549e-02,4.406620562076568604e-02,2.785865962505340576e-01,2.535834908485412598e-01,4.739022552967071533e-01,3.686061799526214600e-01,-3.873925283551216125e-02,-5.710607394576072693e-03,4.486958682537078857e-01,3.080462813377380371e-01,1.713589765131473541e-02,2.267201989889144897e-02,6.178459525108337402e-02,1.012922599911689758e-01,-6.654282659292221069e-02,-6.068086996674537659e-02,-3.482039272785186768e-02,3.535097464919090271e-02,-2.240704372525215149e-03,-2.832952141761779785e-02,4.995288327336311340e-02,6.714779138565063477e-02,-9.159426554106175900e-04,-4.098131507635116577e-02,1.788444817066192627e-01,8.599472045898437500e-02,1.974860131740570068e-01,1.942426562309265137e-01,1.109587550163269043e-01,2.011672854423522949e-01,5.731514468789100647e-02,2.428297139704227448e-02,-5.116198584437370300e-02,-6.806618720293045044e-02,8.641244471073150635e-02,6.902240216732025146e-02,-8.607008494436740875e-03,1.196298971772193909e-01,1.450227499008178711e-01,9.675773978233337402e-02
4.440989494323730469e-01,1.000000000000000000e+00,2.319019585847854614e-01,3.836964964866638184e-01,-1.783128231763839722e-01,4.278675466775894165e-02,2.371278107166290283e-01,5.018833279609680176e-01,-1.253855526447296143e-01,-1.097723189741373062e-02,1.375459283590316772e-01,4.569730460643768311e-01,3.881580382585525513e-02,2.769379317760467529e-01,-1.058103218674659729e-01,6.740593910217285156e-02,1.610143780708312988e-01,4.291686713695526123e-01,1.391741037368774414e-01,2.626203894615173340e-01,5.926002748310565948e-03,1.526769250631332397e-01,5.846691131591796875e-02,1.308301985263824463e-01,-1.039674729108810425e-01,8.827845752239227295e-02,-7.836581021547317505e-02,-3.237582743167877197e-02,5.339438095688819885e-02,3.773643672466278076e-01,1.102877855300903320e-01,1.366152316331863403e-01,2.974344193935394287e-01,3.561899065971374512e-01,3.387860357761383057e-01,3.331451416015625000e-01,7.869111746549606323e-02,1.961222589015960693e-01,1.959719322621822357e-02,2.331335246562957764e-01,4.404484853148460388e-02,1.194947287440299988e-01,4.149067774415016174e-02,1.923408806324005127e-01,2.439916506409645081e-02,1.338391900062561035e-01,9.706255048513412476e-02,2.202467769384384155e-01,1.127294078469276428e-01,2.835995852947235107e-01,4.718301445245742798e-02,3.855062425136566162e-01,-1.581027060747146606e-01,2.004237473011016846e-01,-8.558546751737594604e-02,3.224617242813110352e-01,4.622271656990051270e-01,6.845052838325500488e-01,3.437487781047821045e-01,3.429865837097167969e-01,3.656617105007171631e-01,5.570882558822631836e-01,2.059155851602554321e-01,6.024591922760009766e-01,2.857019603252410889e-01,5.217489004135131836e-01,4.825051128864288330e-01,5.126383900642395020e-01,2.951914072036743164e-01,2.774246633052825928e-01,9.713700413703918457e-02,1.720084846019744873e-01,4.638461396098136902e-02,3.111197054386138916e-01,2.660100534558296204e-02,1.980473846197128296e-01,1.217459365725517273e-01,2.021040767431259155e-01,1.373716294765472412e-01,3.379514217376708984e-01,1.138914003968238831e-01,4.424052834510803223e-01,-1.687853634357452393e-01,1.434313952922821045e-01,9.310903400182723999e-02,4.741641879081726074e-01,-9.083727747201919556e-02,1.181112751364707947e-01,-1.230634599924087524e-01,2.816717326641082764e-01,-2.689142525196075439e-01,1.169456355273723602e-02,-1.905296742916107178e-01,2.790243178606033325e-02,1.027509644627571106e-01,1.582216769456863403e-01,1.172436773777008057e-01,2.399041950702667236e-01,-3.400831669569015503e-02,1.582131087779998779e-01,4.150191694498062134e-02,1.257038209587335587e-02,1.792129725217819214e-01,1.742778867483139038e-01,1.462707817554473877e-01,1.824654042720794678e-01,6.358914077281951904e-02,9.865722805261611938e-02,5.644021183252334595e-02,1.537354886531829834e-01,2.406148910522460938e-01,7.460988312959671021e-02,2.291965857148170471e-02,1.536731272935867310e-01,1.847134381532669067e-01,1.873082816600799561e-01
2.118056565523147583e-01,2.319019585847854614e-01,1.000000000000000000e+00,3.320612907409667969e-01,1.758206933736801147e-01,6.633270531892776489e-02,6.036410927772521973e-01,3.923956155776977539e-01,9.639158844947814941e-02,-8.812181651592254639e-02,2.237995266914367676e-01,2.202994525432586670e-01,4.621083736419677734e-01,2.389893978834152222e-01,1.724888235330581665e-01,-4.627664759755134583e-02,1.755045950412750244e-01,2.011146396398544312e-01,8.434353768825531006e-02,1.430167853832244873e-01,1.563761383295059204e-01,1.268105059862136841e-01,4.802916049957275391e-01,3.101390898227691650e-01,2.529941797256469727e-01,1.929083019495010376e-01,1.270400732755661011e-01,1.627754420042037964e-01,2.924795150756835938e-01,2.415809333324432373e-01,4.380905628204345703e-01,2.896073758602142334e-01,6.768658757209777832e-02,1.752205342054367065e-01,1.073816120624542236e-01,1.319813877344131470e-01,1.226843520998954773e-01,3.289468958973884583e-02,2.457052320241928101e-01,4.654164612293243408e-02,1.175109371542930603e-01,4.755591973662376404e-02,-1.628512702882289886e-02,6.019811704754829407e-02,4.159640893340110779e-02,5.528512969613075256e-02,4.666356369853019714e-02,1.094110906124114990e-01,5.475953221321105957e-03,1.008912697434425354e-01,-8.196575939655303955e-02,6.312045454978942871e-02,1.702867001295089722e-01,1.734849810600280762e-01,2.168754190206527710e-01,1.061285510659217834e-01,1.998263299465179443e-01,1.890178471803665161e-01,9.918598085641860962e-02,1.745867878198623657e-01,5.327932164072990417e-02,1.642345339059829712e-01,3.476101458072662354e-01,1.955004483461380005e-01,-9.881134610623121262e-04,6.504376977682113647e-02,6.911348551511764526e-02,1.318729966878890991e-01,-2.269808016717433929e-02,2.027115412056446075e-02,2.745241224765777588e-01,2.411855459213256836e-01,1.343379616737365723e-01,2.009919434785842896e-01,1.729986220598220825e-01,1.945208013057708740e-01,9.017860889434814453e-02,1.344159841537475586e-01,1.845743656158447266e-01,2.006735801696777344e-01,1.931570768356323242e-01,1.570580601692199707e-01,2.015525102615356445e-01,3.051459603011608124e-02,1.703331768512725830e-01,1.058117449283599854e-01,2.011278122663497925e-01,4.481660574674606323e-02,1.096315607428550720e-01,-3.882551100105047226e-03,1.068534255027770996e-01,-1.866367012262344360e-01,-1.522724330425262451e-01,-2.672435343265533447e-01,2.602227330207824707e-01,9.049281477928161621e-03,2.688106894493103027e-01,3.990229591727256775e-02,2.553837839514017105e-03,-9.628214687108993530e-02,-4.817492142319679260e-02,-2.113515287637710571e-01,6.066743656992912292e-02,-1.132033541798591614e-01,-1.797683537006378174e-02,1.726643554866313934e-02,7.173476368188858032e-02,-1.486128717660903931e-01,2.372768521308898926e-01,1.934021711349487305e-01,2.926914989948272705e-01,1.231679841876029968e-01,-5.129764229059219360e-02,-1.224561929702758789e-01,2.138291858136653900e-02,7.663492858409881592e-02
1.840364336967468262e-01,3.836964964866638184e-01,3.320612907409667969e-01,1.000000000000000000e+00,3.798885270953178406e-02,1.928238421678543091e-01,1.755088865756988525e-01,6.082920432090759277e-01,2.951516397297382355e-02,2.210743427276611328e-01,6.621979176998138428e-02,2.881117463111877441e-01,9.727138280868530273e-02,3.476282656192779541e-01,7.361090276390314102e-03,3.089620172977447510e-01,7.132458686828613281e-02,5.986360460519790649e-02,2.582496106624603271e-01,3.514967262744903564e-01,1.291585415601730347e-01,3.585367500782012939e-01,3.369019925594329834e-01,4.384103715419769287e-01,6.215470843017101288e-03,2.129131257534027100e-01,3.257638588547706604e-02,1.724898666143417358e-01,1.498478502035140991e-01,3.189189136028289795e-01,3.591090738773345947e-01,3.867586851119995117e-01,2.165580540895462036e-01,2.769342958927154541e-01,2.149349600076675415e-01,2.131636291742324829e-01,1.205347552895545959e-01,1.554192304611206055e-01,7.880751788616180420e-02,2.299779951572418213e-01,7.345524150878190994e-03,1.480353921651840210e-01,3.208215534687042236e-02,4.070240631699562073e-02,4.405960068106651306e-02,7.398148626089096069e-02,-1.041043251752853394e-01,-6.169678526930510998e-04,-9.256325662136077881e-02,-3.789544105529785156e-02,-1.784908473491668701e-01,4.673988372087478638e-02,-1.455475836992263794e-01,3.031355887651443481e-02,4.796183109283447266e-02,2.577671110630035400e-01,1.970152109861373901e-01,2.775975763797760010e-01,3.349065780639648438e-01,8.280122280120849609e-02,1.225757002830505371e-01,2.453951984643936157e-01,-2.226983383297920227e-02,2.709732055664062500e-01,-7.446966599673032761e-03,1.233513802289962769e-01,3.337785899639129639e-01,2.678265273571014404e-01,3.260776400566101074e-01,2.747039198875427246e-01,3.177895545959472656e-01,3.603886365890502930e-01,1.677478104829788208e-01,3.721472024917602539e-01,2.483672499656677246e-01,3.893604874610900879e-01,2.762199044227600098e-01,3.000426888465881348e-01,4.368037916719913483e-03,4.267111793160438538e-02,-9.293046779930591583e-03,7.585091143846511841e-02,-6.407451815903186798e-03,3.700415492057800293e-01,-4.541788250207901001e-02,1.135251149535179138e-01,7.424568384885787964e-02,2.923338115215301514e-01,-7.647524774074554443e-02,3.137512803077697754e-01,-1.514771729707717896e-01,2.005918025970458984e-01,-1.850796341896057129e-01,1.219550371170043945e-01,2.666870355606079102e-01,2.760230898857116699e-01,2.064983546733856201e-01,4.002771079540252686e-01,8.727561682462692261e-02,1.321805566549301147e-01,-4.750257357954978943e-02,-2.537049585953354836e-04,5.816485732793807983e-02,1.315705478191375732e-01,5.994677916169166565e-02,1.047197356820106506e-01,-4.250555858016014099e-02,4.869084805250167847e-03,3.224705457687377930e-01,3.419208526611328125e-01,2.644313871860504150e-01,1.584525853395462036e-01,2.166410535573959351e-01,1.370143741369247437e-01,1.297541558742523193e-01,2.551174759864807129e-01
-1.328107086010277271e-03,-1.783128231763839722e-01,1.758206933736801147e-01,3.798885270953178406e-02,1.000000000000000000e+00,5.525575876235961914e-01,1.326914429664611816e-01,-8.253564685583114624e-02,7.592054605484008789e-01,2.882719933986663818e-01,4.551753774285316467e-02,-1.724605709314346313e-01,3.139033019542694092e-01,-7.519418001174926758e-02,6.817414164543151855e-01,1.897910088300704956e-01,5.244966596364974976e-02,-1.729676872491836548e-01,9.016861021518707275e-02,4.732195287942886353e-02,2.234843075275421143e-01,1.553247123956680298e-01,1.231612116098403931e-01,3.581278724595904350e-03,6.480821371078491211e-01,4.336002469062805176e-01,6.780447959899902344e-01,5.568591356277465820e-01,2.072470039129257202e-01,-9.952294081449508667e-02,1.785259097814559937e-01,1.234101690351963043e-02,-1.694034337997436523e-01,-1.433615982532501221e-01,-2.336096465587615967e-01,-2.094588577747344971e-01,8.592081069946289062e-02,-4.192710295319557190e-02,2.552764117717742920e-01,3.539740666747093201e-02,1.106780394911766052e-01,-3.423478081822395325e-02,1.078956499695777893e-01,-1.031967438757419586e-02,1.846472471952438354e-01,7.652634382247924805e-02,-1.255024373531341553e-01,-1.162435188889503479e-01,-2.269416600465774536e-01,-2.053968012332916260e-01,-3.223208785057067871e-01,-1.987445056438446045e-01,1.756857335567474365e-01,-4.295901954174041748e-02,3.180023729801177979e-01,-6.310773640871047974e-02,-3.805855289101600647e-02,-1.278107464313507080e-01,-1.124973371624946594e-01,-2.027487941086292267e-02,-2.190940827131271362e-01,-1.696093827486038208e-01,8.365626633167266846e-02,-4.057946428656578064e-02,-3.213912546634674072e-01,-2.332268506288528442e-01,-1.951544284820556641e-01,-2.163708657026290894e-01,-3.422429040074348450e-02,-1.306504011154174805e-01,1.158968061208724976e-01,5.360778421163558960e-02,2.970026619732379913e-02,-1.273236423730850220e-01,3.210387751460075378e-02,-8.580858260393142700e-02,7.795526832342147827e-02,1.206595636904239655e-02,8.501535630784928799e-04,-1.160865873098373413e-01,9.457684308290481567e-02,-2.211817950010299683e-01,7.270143032073974609e-01,1.118964999914169312e-01,1.733885109424591064e-01,-2.285668700933456421e-01,6.397942304611206055e-01,1.246652156114578247e-01,5.585112571716308594e-01,-6.912612915039062500e-02,4.455876052379608154e-01,4.420965909957885742e-02,2.270899116992950439e-01,2.974438667297363281e-02,6.974263489246368408e-02,4.172837734222412109e-02,1.285628080368041992e-01,7.111413404345512390e-03,7.434985041618347168e-02,-5.728931352496147156e-02,3.445842489600181580e-02,-9.623213554732501507e-04,3.666934370994567871e-02,-1.526898145675659180e-01,-7.778462022542953491e-02,-1.290296465158462524e-01,6.174001470208168030e-02,-4.040226712822914124e-02,1.935486048460006714e-01,2.022159844636917114e-01,3.342945873737335205e-02,9.335010498762130737e-02,6.744743138551712036e-02,-7.719644904136657715e-02,-1.057852953672409058e-01,5.401710048317909241e-02
-2.925824001431465149e-02,4.278675466775894165e-02,6.633270531892776489e-02,1.928238421678543091e-01,5.525575876235961914e-01,1.000000000000000000e+00,3.426422551274299622e-02,1.409908980131149292e-01,4.674620032310485840e-01,5.740678906440734863e-01,-3.026938624680042267e-02,-1.986386440694332123e-02,1.208696067333221436e-01,2.260494530200958252e-01,4.718385040760040283e-01,4.921702742576599121e-01,5.193567276000976562e-02,-8.085228502750396729e-02,-2.749462425708770752e-02,3.818691149353981018e-02,2.018139511346817017e-01,2.576141953468322754e-01,1.583565175533294678e-01,2.079915106296539307e-01,5.502237677574157715e-01,6.467226743698120117e-01,5.872508287429809570e-01,6.896741986274719238e-01,6.428752839565277100e-02,9.277194738388061523e-02,2.109037339687347412e-01,1.652421802282333374e-01,-8.217359334230422974e-02,-5.064720660448074341e-02,-1.149475947022438049e-01,-7.112175971269607544e-02,8.488521724939346313e-02,3.978434950113296509e-02,2.637482285499572754e-01,3.204171061515808105e-01,8.510621637105941772e-02,5.977771431207656860e-02,3.003803268074989319e-02,-6.405718624591827393e-02,-8.969170041382312775e-03,-8.983584493398666382e-02,-1.240337342023849487e-01,-7.128418982028961182e-02,-2.222694158554077148e-01,-1.414618939161300659e-01,-2.812808454036712646e-01,-1.382570415735244751e-01,-8.355928957462310791e-02,5.226172506809234619e-02,1.628451198339462280e-01,2.073048055171966553e-01,-7.435831241309642792e-03,2.777514792978763580e-02,-9.039697237312793732e-03,8.473731577396392822e-04,-1.303429752588272095e-01,-1.745730452239513397e-02,-1.339515149593353271e-01,1.168117076158523560e-01,-1.825271248817443848e-01,-4.321702942252159119e-02,-3.236668184399604797e-02,-6.670573353767395020e-02,-5.451627075672149658e-02,-8.608306944370269775e-02,1.037654504179954529e-01,1.587514430284500122e-01,-6.909073144197463989e-02,-1.392830349504947662e-02,-3.418714553117752075e-02,-3.571656346321105957e-02,-5.481817759573459625e-03,2.995235286653041840e-02,-2.179575711488723755e-02,-6.755170971155166626e-02,9.179436415433883667e-02,-5.192434415221214294e-02,4.299272894859313965e-01,4.433530569076538086e-01,1.489457488059997559e-01,4.549029842019081116e-02,3.865412175655364990e-01,3.482020795345306396e-01,3.487037420272827148e-01,2.226006537675857544e-01,1.968992352485656738e-01,2.282979041337966919e-01,2.064744681119918823e-01,2.714420258998870850e-01,5.001395940780639648e-02,1.323423385620117188e-01,1.652970314025878906e-01,1.737076044082641602e-01,1.421337872743606567e-01,1.594876050949096680e-01,2.220348864793777466e-01,1.855607032775878906e-01,2.180615514516830444e-01,9.651158750057220459e-02,2.303773462772369385e-01,1.729320287704467773e-01,2.406512349843978882e-01,2.185873091220855713e-01,1.934565007686614990e-01,1.545755565166473389e-01,1.763677448034286499e-01,1.754613816738128662e-01,1.833062171936035156e-01,1.411502063274383545e-01,1.639904528856277466e-01,2.635914087295532227e-01
5.264189839363098145e-01,2.371278107166290283e-01,6.036410927772521973e-01,1.755088865756988525e-01,1.326914429664611816e-01,3.426422551274299622e-02,1.000000000000000000e+00,3.040186166763305664e-01,9.274394251406192780e-03,-1.445327550172805786e-01,5.241669416427612305e-01,3.813894987106323242e-01,6.243389844894409180e-01,3.199589848518371582e-01,1.498749107122421265e-01,-1.696282029151916504e-01,4.295840859413146973e-01,3.417922854423522949e-01,4.283097386360168457e-02,4.722509905695915222e-02,2.070237696170806885e-01,1.023208051919937134e-01,5.668207406997680664e-01,3.729606270790100098e-01,2.147940993309020996e-01,2.149920761585235596e-01,1.434426307678222656e-01,1.915618330240249634e-01,4.081437289714813232e-01,2.647215127944946289e-01,4.695672690868377686e-01,3.034208416938781738e-01,7.957650721073150635e-02,1.190521046519279480e-01,7.770981639623641968e-02,6.050950661301612854e-02,1.805732548236846924e-01,-2.736210078001022339e-02,2.486599087715148926e-01,1.392953749746084213e-02,1.365335583686828613e-01,4.468440636992454529e-02,-7.283749431371688843e-02,-1.019924180582165718e-03,-9.674689918756484985e-02,-7.823160290718078613e-02,3.195171803236007690e-02,9.086900949478149414e-02,2.642541425302624702e-03,7.512313872575759888e-02,6.401271373033523560e-02,7.377061247825622559e-02,2.106366902589797974e-01,1.229635700583457947e-01,1.413801908493041992e-01,4.650418087840080261e-02,4.305538535118103027e-01,1.386778801679611206e-01,3.875862807035446167e-02,-5.256107822060585022e-02,1.950723379850387573e-01,-7.023761514574289322e-03,4.378226697444915771e-01,1.462892591953277588e-01,2.584559321403503418e-01,-1.427888683974742889e-02,-9.105791337788105011e-03,-1.739747705869376659e-03,-1.308511793613433838e-01,-1.151556596159934998e-01,3.344647586345672607e-01,1.969203352928161621e-01,2.463205754756927490e-01,2.459682822227478027e-01,1.575815528631210327e-01,1.838897317647933960e-01,-4.825624823570251465e-02,-4.447579849511384964e-03,2.997477352619171143e-01,2.768634557723999023e-01,4.944996535778045654e-01,3.161330819129943848e-01,1.812702417373657227e-01,-3.184920409694314003e-03,4.705500900745391846e-01,2.246251106262207031e-01,1.487299948930740356e-01,-7.785800844430923462e-04,1.993891149759292603e-01,-8.653760305605828762e-04,1.036062166094779968e-01,-1.985729485750198364e-01,-8.417021483182907104e-03,-1.657751202583312988e-01,1.617060303688049316e-01,-1.107799857854843140e-01,1.369401216506958008e-01,-6.066296622157096863e-02,-5.773560330271720886e-02,-1.659480184316635132e-01,1.389376670122146606e-01,-8.227785676717758179e-02,1.972447931766510010e-01,8.613361278548836708e-04,6.576579995453357697e-03,9.606318175792694092e-02,9.708476066589355469e-02,-1.232616752386093140e-01,4.704968631267547607e-02,-8.507706969976425171e-02,1.061333343386650085e-01,2.602695673704147339e-02,-1.471988558769226074e-01,-1.131516769528388977e-01,4.153619334101676941e-02,-1.716471463441848755e-02
2.846175730228424072e-01,5.018833279609680176e-01,3.923956155776977539e-01,6.082920432090759277e-01,-8.253564685583114624e-02,1.409908980131149292e-01,3.040186166763305664e-01,1.000000000000000000e+00,-1.004225388169288635e-01,1.761206984519958496e-01,1.385178714990615845e-01,4.790498912334442139e-01,1.148394048213958740e-01,5.565721392631530762e-01,-1.182120591402053833e-01,2.602094709873199463e-01,1.373051404953002930e-01,2.814247906208038330e-01,1.744123399257659912e-01,2.595760524272918701e-01,5.593826621770858765e-02,2.513247430324554443e-01,2.703061997890472412e-01,3.827165365219116211e-01,-1.705097965896129608e-02,1.838859915733337402e-01,-7.336040586233139038e-02,1.108236834406852722e-01,1.065014228224754333e-01,4.148600101470947266e-01,3.060723245143890381e-01,3.563282489776611328e-01,2.860728502273559570e-01,3.407499790191650391e-01,3.043062984943389893e-01,2.901719808578491211e-01,8.890036493539810181e-02,1.755286455154418945e-01,1.926976628601551056e-02,2.215243428945541382e-01,-9.073041379451751709e-03,1.763222217559814453e-01,5.418556183576583862e-02,1.304741352796554565e-01,-2.125504240393638611e-02,7.634335011243820190e-02,4.830896854400634766e-02,1.536237299442291260e-01,4.712775349617004395e-02,8.219449222087860107e-02,-6.452653557062149048e-02,1.483820527791976929e-01,-1.441521942615509033e-01,1.745705157518386841e-01,-4.681318998336791992e-03,3.679150342941284180e-01,2.886095941066741943e-01,4.330279231071472168e-01,3.466106355190277100e-01,1.699380576610565186e-01,2.258958071470260620e-01,3.485588133335113525e-01,1.379051059484481812e-01,4.784435927867889404e-01,1.695123612880706787e-01,2.973269522190093994e-01,4.010005593299865723e-01,3.913769721984863281e-01,1.748291850090026855e-01,1.814490705728530884e-01,2.630201280117034912e-01,3.728024661540985107e-01,7.850795239210128784e-02,4.146575033664703369e-01,1.281417757272720337e-01,3.359719812870025635e-01,1.645844727754592896e-01,2.451419234275817871e-01,7.170159369707107544e-02,2.259908467531204224e-01,7.132358849048614502e-02,2.946938574314117432e-01,-1.337567120790481567e-01,2.860761880874633789e-01,2.046959660947322845e-02,3.357034027576446533e-01,-3.526048362255096436e-02,2.165189683437347412e-01,-1.545390486717224121e-01,3.420640230178833008e-01,-2.170844823122024536e-01,1.481548100709915161e-01,-2.342487424612045288e-01,3.089023195207118988e-02,1.769765317440032959e-01,1.948991715908050537e-01,1.506918370723724365e-01,3.280148804187774658e-01,3.181882575154304504e-02,1.659215837717056274e-01,-8.928580209612846375e-03,-2.065771631896495819e-02,6.126542761921882629e-02,1.364248842000961304e-01,1.475353240966796875e-01,2.066135704517364502e-01,5.323271080851554871e-02,5.257992818951606750e-02,2.265196442604064941e-01,1.831969916820526123e-01,2.898487448692321777e-01,1.089290082454681396e-01,7.710928469896316528e-02,1.706748157739639282e-01,2.513622045516967773e-01,2.299831807613372803e-01
-8.861813694238662720e-02,-1.253855526447296143e-01,9.639158844947814941e-02,2.951516397297382355e-02,7.592054605484008789e-01,4.674620032310485840e-01,9.274394251406192780e-03,-1.004225388169288635e-01,1.000000000000000000e+00,2.969176769256591797e-01,1.657556556165218353e-02,-1.562864184379577637e-01,2.573747634887695312e-01,-9.296921640634536743e-02,6.945093870162963867e-01,2.137711197137832642e-01,5.740579217672348022e-03,-1.484922021627426147e-01,1.213646158576011658e-01,8.891318738460540771e-02,2.583146095275878906e-01,1.932574361562728882e-01,-5.019415169954299927e-03,-6.959495693445205688e-02,5.213515758514404297e-01,3.230420649051666260e-01,6.413458585739135742e-01,4.444702267646789551e-01,1.884503066539764404e-01,-6.499090045690536499e-02,1.140506118535995483e-01,-3.846448147669434547e-03,-1.549261361360549927e-01,-1.450323909521102905e-01,-2.125358879566192627e-01,-1.802680939435958862e-01,1.233033835887908936e-01,4.603991284966468811e-02,2.324138134717941284e-01,4.041414335370063782e-02,9.833633899688720703e-02,-3.575821965932846069e-02,1.932562142610549927e-01,7.427895814180374146e-02,2.207655310630798340e-01,1.064762622117996216e-01,-9.175144881010055542e-02,-8.227064460515975952e-02,-1.935023516416549683e-01,-1.845661401748657227e-01,-3.306363224983215332e-01,-1.251036524772644043e-01,7.474654912948608398e-02,-6.210545077919960022e-02,2.658643424510955811e-01,-5.434556677937507629e-02,-9.149422496557235718e-02,-3.850818052887916565e-02,-6.815439462661743164e-02,7.719992101192474365e-02,-2.342495024204254150e-01,-6.208174675703048706e-02,2.879123017191886902e-02,1.293126400560140610e-02,-3.482809066772460938e-01,-1.025535985827445984e-01,-1.479106992483139038e-01,-1.497050970792770386e-01,1.239581126719713211e-02,-1.215051040053367615e-01,1.248834729194641113e-01,9.976479411125183105e-02,4.416375979781150818e-02,-5.829453468322753906e-02,4.066464677453041077e-02,-4.010805115103721619e-02,1.707963198423385620e-01,1.006886065006256104e-01,1.503428816795349121e-02,-7.476855069398880005e-02,6.191261112689971924e-03,-1.845693737268447876e-01,6.957219243049621582e-01,3.929439187049865723e-02,9.602051228284835815e-02,-1.949425488710403442e-01,5.258227586746215820e-01,-2.921390405390411615e-04,5.506687164306640625e-01,-5.878142639994621277e-02,4.206519126892089844e-01,4.671318456530570984e-02,2.284219563007354736e-01,4.010600596666336060e-02,1.075643301010131836e-01,1.739972829818725586e-01,1.208040341734886169e-01,8.149926364421844482e-02,8.336403220891952515e-02,2.742286585271358490e-02,-4.234877973794937134e-02,-4.365894570946693420e-02,1.591609045863151550e-02,-1.637685149908065796e-01,-1.442776769399642944e-01,-1.967859417200088501e-01,1.839644089341163635e-02,-4.347867518663406372e-02,1.886539757251739502e-01,2.592511475086212158e-01,-3.845772519707679749e-02,-4.297668859362602234e-02,4.109149053692817688e-02,-2.536728605628013611e-02,-1.033433005213737488e-01,6.431776285171508789e-02
-7.723863422870635986e-02,-1.097723189741373062e-02,-8.812181651592254639e-02,2.210743427276611328e-01,2.882719933986663818e-01,5.740678906440734863e-01,-1.445327550172805786e-01,1.761206984519958496e-01,2.969176769256591797e-01,1.000000000000000000e+00,-1.137352958321571350e-01,1.906503923237323761e-02,-7.854788750410079956e-02,1.885575801134109497e-01,1.641740798950195312e-01,6.756598353385925293e-01,-9.911587834358215332e-02,-1.410783380270004272e-01,-3.110079467296600342e-02,4.851806163787841797e-02,4.039051756262779236e-02,1.329952031373977661e-01,-5.018186941742897034e-02,6.238642334938049316e-02,2.516356408596038818e-01,3.450791537761688232e-01,2.080457359552383423e-01,4.208017885684967041e-01,-6.240082159638404846e-02,2.907600253820419312e-02,7.615932077169418335e-02,1.415295153856277466e-01,-1.374212792143225670e-03,8.368663489818572998e-03,-6.056501716375350952e-02,-4.046231508255004883e-02,2.857924811542034149e-02,8.273947238922119141e-02,2.216802537441253662e-02,2.704625129699707031e-01,-2.621239423751831055e-02,1.015914008021354675e-01,1.859556138515472412e-01,9.274929761886596680e-02,8.104931563138961792e-02,2.943757548928260803e-02,1.442372915334999561e-03,4.536527674645185471e-03,-7.280559092760086060e-02,-1.231729835271835327e-01,-1.452495604753494263e-01,-1.190843284130096436e-01,-1.499760597944259644e-01,5.227452144026756287e-03,-6.007928773760795593e-02,2.218359261751174927e-01,-5.597418546676635742e-02,2.950224280357360840e-02,1.098841205239295959e-01,3.471309319138526917e-02,-1.149952691048383713e-02,-1.710202731192111969e-02,-1.838932037353515625e-01,8.821130543947219849e-02,-1.066244542598724365e-01,-7.804919499903917313e-03,5.991963669657707214e-02,6.977319717407226562e-02,4.240067675709724426e-02,-5.058911815285682678e-02,2.850076742470264435e-02,2.148060500621795654e-01,-5.693561211228370667e-02,5.610935389995574951e-02,1.182451006025075912e-02,2.363073080778121948e-02,1.202172711491584778e-01,1.310159116983413696e-01,-1.200312301516532898e-01,-1.543339490890502930e-01,-9.712719917297363281e-02,-9.826714545488357544e-02,8.570849150419235229e-02,4.484294652938842773e-01,-6.096554920077323914e-02,2.671572938561439514e-02,8.555278182029724121e-02,3.635401725769042969e-01,6.615404039621353149e-02,3.612436652183532715e-01,1.813426800072193146e-02,3.704418241977691650e-01,5.582606792449951172e-02,4.592487812042236328e-01,-4.765295609831809998e-02,2.415767610073089600e-01,6.949201971292495728e-02,3.110983967781066895e-01,3.971266001462936401e-02,2.707030475139617920e-01,7.845252007246017456e-02,2.469790577888488770e-01,-1.772433891892433167e-02,1.902399510145187378e-01,1.716382205486297607e-01,1.523445397615432739e-01,-4.550551064312458038e-03,2.302765399217605591e-01,2.356368303298950195e-01,1.953526586294174194e-01,1.013476923108100891e-01,4.160393401980400085e-02,1.537173837423324585e-01,2.396801263093948364e-01,2.415236532688140869e-01,3.819553554058074951e-01
4.368265569210052490e-01,1.375459283590316772e-01,2.237995266914367676e-01,6.621979176998138428e-02,4.551753774285316467e-02,-3.026938624680042267e-02,5.241669416427612305e-01,1.385178714990615845e-01,1.657556556165218353e-02,-1.137352958321571350e-01,1.000000000000000000e+00,5.186997056007385254e-01,6.218878626823425293e-01,3.357785940170288086e-01,1.938559859991073608e-01,-6.368074566125869751e-02,6.844305396080017090e-01,4.528541564941406250e-01,8.720496296882629395e-02,8.106493204832077026e-02,2.994308471679687500e-01,1.596448123455047607e-01,2.838900983333587646e-01,2.292030751705169678e-01,4.085351154208183289e-02,8.063618838787078857e-02,6.811964511871337891e-02,4.451374709606170654e-02,5.809339284896850586e-01,3.247628211975097656e-01,3.321411609649658203e-01,3.164320886135101318e-01,4.409671202301979065e-02,3.695496916770935059e-02,7.140358537435531616e-02,4.107545316219329834e-02,2.742211222648620605e-01,6.320786476135253906e-02,2.399197667837142944e-01,2.212049253284931183e-02,2.422163933515548706e-01,6.708088517189025879e-02,2.330768853425979614e-02,9.745764546096324921e-03,-1.221460327506065369e-01,-1.898117512464523315e-01,1.279631555080413818e-01,7.944417744874954224e-02,-9.923518449068069458e-02,-2.399461902678012848e-02,3.950029239058494568e-02,1.051280647516250610e-02,3.013484366238117218e-02,-4.970252141356468201e-02,8.932453783927485347e-05,-3.835428133606910706e-02,3.716826140880584717e-01,6.376650184392929077e-02,1.593756861984729767e-02,-1.427072435617446899e-01,1.651503741741180420e-01,-3.617010265588760376e-02,2.556098103523254395e-01,-1.623060926795005798e-02,2.477034777402877808e-01,-3.646307066082954407e-02,-1.556846546009182930e-03,-3.576915711164474487e-02,-1.138355433940887451e-01,-9.055963903665542603e-02,2.619698345661163330e-01,1.467121243476867676e-01,3.842346966266632080e-01,2.662962079048156738e-01,2.263604998588562012e-01,1.786754280328750610e-01,4.296272620558738708e-02,5.771264433860778809e-02,4.450515508651733398e-01,3.311381936073303223e-01,5.707021951675415039e-01,3.513031899929046631e-01,1.515354514122009277e-01,8.250378072261810303e-03,5.271114706993103027e-01,2.151993513107299805e-01,5.860040709376335144e-02,-1.021503135561943054e-01,2.182279676198959351e-01,2.785342559218406677e-02,1.935958303511142731e-02,-2.536661624908447266e-01,2.571614272892475128e-02,-4.778805747628211975e-02,7.509992271661758423e-02,-5.344661418348550797e-03,3.000115044414997101e-02,-5.731521919369697571e-02,-8.299630135297775269e-02,-1.509199440479278564e-01,2.828266322612762451e-01,6.585427373647689819e-02,3.082009255886077881e-01,1.889343410730361938e-01,7.027876377105712891e-02,1.764586269855499268e-01,4.773450270295143127e-02,1.602441631257534027e-02,-7.961647212505340576e-02,-2.157387435436248779e-01,-1.453180611133575439e-01,-1.928627192974090576e-01,-1.369863897562026978e-01,8.149366080760955811e-02,1.400914639234542847e-01,6.456642877310514450e-03
4.098880290985107422e-01,4.569730460643768311e-01,2.202994525432586670e-01,2.881117463111877441e-01,-1.724605709314346313e-01,-1.986386440694332123e-02,3.813894987106323242e-01,4.790498912334442139e-01,-1.562864184379577637e-01,1.906503923237323761e-02,5.186997056007385254e-01,1.000000000000000000e+00,2.878498733043670654e-01,5.109876394271850586e-01,-8.693663775920867920e-02,1.132728904485702515e-01,4.150202870368957520e-01,6.198953986167907715e-01,2.686872705817222595e-02,9.873080998659133911e-02,1.292710304260253906e-01,2.150881439447402954e-01,1.560421288013458252e-01,2.320726215839385986e-01,-1.560154259204864502e-01,4.542248323559761047e-02,-1.123920977115631104e-01,-2.469573728740215302e-02,2.791729867458343506e-01,5.760318636894226074e-01,2.390987277030944824e-01,3.242424428462982178e-01,2.522372007369995117e-01,2.540000677108764648e-01,2.288024127483367920e-01,1.779430806636810303e-01,1.339573264122009277e-01,2.593610584735870361e-01,5.030365660786628723e-02,2.575773298740386963e-01,1.073088496923446655e-01,2.040857970714569092e-01,8.197883516550064087e-02,2.069039493799209595e-01,-6.210694834589958191e-02,-3.954006358981132507e-02,1.872920244932174683e-01,2.552165687084197998e-01,3.371329233050346375e-02,1.893595010042190552e-01,9.424114972352981567e-02,2.775709927082061768e-01,-1.344027370214462280e-01,1.698525547981262207e-01,-1.063610091805458069e-01,3.070562183856964111e-01,3.472965657711029053e-01,3.642197251319885254e-01,1.960267871618270874e-01,7.923492044210433960e-02,2.476789802312850952e-01,2.551699876785278320e-01,1.805707216262817383e-01,3.411433696746826172e-01,2.961921095848083496e-01,2.725256979465484619e-01,2.352950125932693481e-01,2.391678541898727417e-01,1.325978804379701614e-02,1.027810126543045044e-01,2.121025621891021729e-01,2.602320909500122070e-01,2.123285382986068726e-01,4.707331955432891846e-01,1.666155904531478882e-01,3.284558653831481934e-01,1.366776078939437866e-01,2.414900064468383789e-01,2.219657301902770996e-01,4.947316944599151611e-01,3.007092773914337158e-01,5.536984801292419434e-01,-1.662493795156478882e-01,2.071989774703979492e-01,2.316829562187194824e-01,4.945901036262512207e-01,-1.231478750705718994e-01,4.350761324167251587e-02,-9.572836756706237793e-02,3.036283850669860840e-01,-2.069494426250457764e-01,-2.229114621877670288e-02,-1.368484646081924438e-01,4.879674315452575684e-02,1.215212717652320862e-01,1.804434359073638916e-01,5.963762849569320679e-02,2.335859835147857666e-01,-3.297632932662963867e-02,1.175194159150123596e-01,1.774300783872604370e-01,8.041478693485260010e-02,1.889889836311340332e-01,2.483288347721099854e-01,1.507114022970199585e-01,2.085708677768707275e-01,2.662221342325210571e-02,1.122966259717941284e-01,3.628673404455184937e-02,8.110292255878448486e-03,7.218956947326660156e-02,-4.365791380405426025e-02,-4.077701270580291748e-02,2.250049859285354614e-01,2.814366817474365234e-01,2.057528644800186157e-01
2.828705310821533203e-01,3.881580382585525513e-02,4.621083736419677734e-01,9.727138280868530273e-02,3.139033019542694092e-01,1.208696067333221436e-01,6.243389844894409180e-01,1.148394048213958740e-01,2.573747634887695312e-01,-7.854788750410079956e-02,6.218878626823425293e-01,2.878498733043670654e-01,1.000000000000000000e+00,3.035037517547607422e-01,4.293378889560699463e-01,-5.762601271271705627e-02,5.199905633926391602e-01,2.547636032104492188e-01,1.449722200632095337e-01,7.489885389804840088e-02,3.569610118865966797e-01,1.677657365798950195e-01,4.245087206363677979e-01,2.347225695848464966e-01,2.627075612545013428e-01,1.785492748022079468e-01,2.994886636734008789e-01,2.224119901657104492e-01,6.241611242294311523e-01,2.907880544662475586e-01,4.869187176227569580e-01,3.368783593177795410e-01,-5.030152201652526855e-02,1.598884724080562592e-02,-3.739532455801963806e-02,-3.326249495148658752e-02,2.779859304428100586e-01,2.561996318399906158e-02,3.396061062812805176e-01,8.363355882465839386e-03,2.211837321519851685e-01,-8.703728206455707550e-03,-3.649144992232322693e-02,-2.711677737534046173e-02,-5.627648904919624329e-02,-1.361366808414459229e-01,5.517126992344856262e-02,1.756866276264190674e-02,-6.151415780186653137e-02,-5.657826364040374756e-02,-1.934923417866230011e-02,-9.031785652041435242e-03,1.864716708660125732e-01,3.061742521822452545e-02,2.684951126575469971e-01,-2.649335376918315887e-02,2.221374362707138062e-01,-3.141141682863235474e-02,-5.876410380005836487e-02,-1.224221959710121155e-01,6.848876830190420151e-03,-1.246767193078994751e-01,2.982087433338165283e-01,-3.587726876139640808e-02,9.288570284843444824e-02,-1.302121877670288086e-01,-1.560640782117843628e-01,-1.692926734685897827e-01,-1.536528170108795166e-01,-1.940864175558090210e-01,3.845738768577575684e-01,2.420536875724792480e-01,3.635379672050476074e-01,1.846233457326889038e-01,2.554390132427215576e-01,1.644124090671539307e-01,5.715939402580261230e-02,7.230757921934127808e-02,3.230385780334472656e-01,1.903730332851409912e-01,5.157521367073059082e-01,2.102058529853820801e-01,4.048222899436950684e-01,4.604857414960861206e-02,5.084782242774963379e-01,1.065539643168449402e-01,2.465129792690277100e-01,-5.885377526283264160e-02,3.925653696060180664e-01,-2.067698724567890167e-02,2.481914013624191284e-01,-1.998019963502883911e-01,8.087145537137985229e-02,-1.062887758016586304e-01,1.985314637422561646e-01,-3.367875516414642334e-02,1.614404767751693726e-01,-5.730887502431869507e-02,3.084423579275608063e-02,-8.865439146757125854e-02,1.287499517202377319e-01,-2.073663659393787384e-02,2.047822624444961548e-01,2.416165918111801147e-02,-5.014117434620857239e-02,1.595078036189079285e-02,3.731630370020866394e-02,-7.106241583824157715e-02,4.880850389599800110e-02,-3.989026322960853577e-02,-2.319806627929210663e-02,-9.021431207656860352e-02,-9.910875558853149414e-02,-7.405190169811248779e-02,-1.517675910145044327e-02,-4.573684185743331909e-02
