1.000000000000000000e+00,6.064568758010864258e-01,2.559930980205535889e-01,1.020151004195213318e-01,2.826900184154510498e-01,1.692904978990554810e-01,3.937770426273345947e-01,1.010489985346794128e-01,2.517494261264801025e-01,3.818920999765396118e-02,3.997480571269989014e-01,2.353518009185791016e-01,4.853873848915100098e-01,2.781772613525390625e-01,7.663394510746002197e-02,-1.877103298902511597e-01,4.626244604587554932e-01,4.142906665802001953e-01,4.865427315235137939e-01,4.844867885112762451e-01,1.451310962438583374e-01,1.658097356557846069e-01,-1.701973825693130493e-01,-5.338142160326242447e-03,-5.227767676115036011e-02,3.561691194772720337e-02,-3.025878779590129852e-02,5.671498179435729980e-02,5.622607469558715820e-01,4.068835973739624023e-01,4.447144642472267151e-02,1.103695631027221680e-01,4.959102869033813477e-01,4.723786413669586182e-01,-1.613530367612838745e-01,-2.090987414121627808e-01,1.762367933988571167e-01,1.490687876939773560e-01,1.401934027671813965e-01,3.122330605983734131e-01,2.323347777128219604e-01,1.545065194368362427e-01,5.866330489516258240e-02,-7.546098902821540833e-03,1.421829015016555786e-01,3.882063552737236023e-02,1.049480512738227844e-01,1.110593974590301514e-01,5.169986188411712646e-02,8.105986751616001129e-03,4.760473594069480896e-02,8.170696347951889038e-02,-1.185777876526117325e-02,-9.818024933338165283e-03,2.237030714750289917e-01,3.264036029577255249e-03,6.056623458862304688e-01,6.288030147552490234e-01,5.705040097236633301e-01,4.590434730052947998e-01,5.653922557830810547e-01,3.444497883319854736e-01,5.833885669708251953e-01,4.925485551357269287e-01,-2.017224952578544617e-02,-1.491625010967254639e-01,4.706979691982269287e-01,3.390569686889648438e-01,5.258027315139770508e-01,5.398379564285278320e-01,3.036406636238098145e-01,2.001357227563858032e-01,4.673667550086975098e-01,4.016139805316925049e-01,3.744123578071594238e-01,3.308739066123962402e-01,3.546784222126007080e-01,3.984851837158203125e-01,1.748547255992889404e-01,4.371563792228698730e-01,1.738063842058181763e-01,2.530256807804107666e-01,-1.007251068949699402e-01,1.580832409672439098e-03,4.259125143289566040e-02,-2.039692848920822144e-01,-5.053463578224182129e-02,-1.831127405166625977e-01,3.168565332889556885e-01,2.146691316738724709e-03,-1.097246855497360229e-01,-9.805303812026977539e-02,-1.113211065530776978e-01,-1.622458100318908691e-01,3.801677003502845764e-02,1.743342913687229156e-02,1.297368556261062622e-01,1.202264055609703064e-01,3.430092036724090576e-01,3.422461748123168945e-01,3.245421051979064941e-01,2.440061271190643311e-01,3.353023529052734375e-01,4.509568512439727783e-01,4.773369431495666504e-02,5.436101183295249939e-02,-2.810845151543617249e-02,1.762499064207077026e-01,9.084054827690124512e-02,1.101213172078132629e-01,1.642723008990287781e-02,1.739888489246368408e-01,3.548053801059722900e-01,2.942370474338531494e-01,1.415030807256698608e-01,9.105048328638076782e-02
6.064568758010864258e-01,1.000000000000000000e+00,4.376356676220893860e-02,2.469179481267929077e-01,1.752847731113433838e-01,2.520682513713836670e-01,1.869368106126785278e-01,3.962714970111846924e-01,4.239193722605705261e-02,1.242877766489982605e-01,2.072869986295700073e-01,4.786193370819091797e-01,3.146728575229644775e-01,4.241885840892791748e-01,-1.313315182924270630e-01,-2.048620134592056274e-01,4.288110136985778809e-01,6.216180920600891113e-01,3.887062370777130127e-01,7.044689655303955078e-01,-3.156285674776881933e-04,7.450661063194274902e-02,-2.764812409877777100e-01,1.719579473137855530e-02,-2.180498540401458740e-01,-1.201370656490325928e-01,-1.667281687259674072e-01,-1.173481568694114685e-01,5.695763230323791504e-01,5.057513117790222168e-01,-6.362705677747726440e-02,9.719346463680267334e-02,4.232207238674163818e-01,4.704429805278778076e-01,-3.863171935081481934e-01,-3.209553360939025879e-01,3.446237882599234581e-03,1.150213703513145447e-01,-1.844147220253944397e-02,1.913164705038070679e-01,1.806490421295166016e-01,1.026656478643417358e-01,1.154855117201805115e-01,1.877230256795883179e-01,3.145286440849304199e-01,2.486871033906936646e-01,1.832971125841140747e-01,2.652592658996582031e-01,1.962159425020217896e-01,2.056445181369781494e-01,1.335974503308534622e-02,9.045284986495971680e-02,1.044843420386314392e-01,2.155921161174774170e-01,1.113083437085151672e-01,6.592418253421783447e-02,5.308762192726135254e-01,6.937553882598876953e-01,4.711069762706756592e-01,5.793887376785278320e-01,2.186982184648513794e-01,5.217814445495605469e-01,3.834593594074249268e-01,6.492856144905090332e-01,-3.577427864074707031e-01,-1.857407391071319580e-01,2.822151780128479004e-01,2.759221196174621582e-01,4.196834564208984375e-01,3.826800286769866943e-01,2.541193068027496338e-01,2.182329744100570679e-01,5.386747121810913086e-01,4.789747297763824463e-01,4.334658384323120117e-01,4.466845393180847168e-01,2.696635723114013672e-01,4.270419776439666748e-01,8.683547377586364746e-02,4.949907660484313965e-01,1.464023143053054810e-01,3.570716083049774170e-01,-1.791216284036636353e-01,4.762367531657218933e-02,-2.417618632316589355e-01,-1.977432668209075928e-01,-1.687170863151550293e-01,-2.202171832323074341e-01,2.261477289721369743e-03,1.420565545558929443e-01,-1.204099785536527634e-02,-1.883934885263442993e-01,-5.064934864640235901e-02,-3.235038220882415771e-01,-7.666826993227005005e-02,-6.991177797317504883e-02,-7.007540017366409302e-02,2.831498719751834869e-02,4.074304401874542236e-01,2.788663804531097412e-01,3.895891308784484863e-01,1.124467402696609497e-01,3.487923443317413330e-01,4.023181498050689697e-01,-1.591387763619422913e-02,-8.621744066476821899e-02,-6.720419228076934814e-02,3.307885676622390747e-02,3.681316599249839783e-02,-3.760164231061935425e-02,-1.220971494913101196e-01,1.204748228192329407e-01,3.459635078907012939e-01,3.456964492797851562e-01,3.937052190303802490e-02,-2.580021880567073822e-02
2.559930980205535889e-01,4.376356676220893860e-02,1.000000000000000000e+00,3.789763748645782471e-01,-2.892498672008514404e-02,-4.298712909221649170e-01,7.272982597351074219e-01,2.426939606666564941e-01,1.428625881671905518e-01,-4.495892822742462158e-01,4.555352628231048584e-01,1.495311558246612549e-01,3.619723021984100342e-01,6.214592978358268738e-02,1.193108186125755310e-01,-8.900900930166244507e-02,-1.037913560867309570e-01,-1.041953861713409424e-01,3.451150953769683838e-01,5.823741853237152100e-02,1.661216765642166138e-01,-4.538128525018692017e-02,5.116747617721557617e-01,4.018591940402984619e-01,2.729631662368774414e-01,1.839618533849716187e-01,4.958764836192131042e-02,-8.266033232212066650e-02,3.363448008894920349e-02,-1.452751308679580688e-01,2.597522735595703125e-01,1.489725857973098755e-01,8.833847194910049438e-02,8.632048964500427246e-02,2.161104232072830200e-01,3.923920169472694397e-02,2.934454567730426788e-02,1.377537846565246582e-01,2.908325695898383856e-04,4.469228908419609070e-02,-2.491842024028301239e-03,5.008285399526357651e-03,-6.613388657569885254e-02,-1.189560592174530029e-01,-1.914730966091156006e-01,-1.985262632369995117e-01,-5.098082497715950012e-02,-1.504907160997390747e-01,-5.082811042666435242e-02,-8.544201403856277466e-02,1.382620483636856079e-01,1.200528591871261597e-01,-4.094219952821731567e-02,-4.600244760513305664e-02,4.463109001517295837e-02,-1.225742399692535400e-01,1.200009658932685852e-01,1.334643661975860596e-01,1.483217775821685791e-01,-2.584825269877910614e-03,2.350501865148544312e-01,-1.925704330205917358e-01,-1.158843860030174255e-01,-1.946264505386352539e-01,4.371711611747741699e-01,9.892299771308898926e-02,8.129816502332687378e-02,-1.077547222375869751e-01,1.494513303041458130e-01,1.424791663885116577e-01,1.079173460602760315e-01,2.052787021966651082e-04,8.832001686096191406e-02,-1.076201722025871277e-01,9.531291574239730835e-02,-4.524001479148864746e-02,1.923710107803344727e-02,6.061838474124670029e-03,-8.497486263513565063e-02,6.125017255544662476e-02,-1.871563792228698730e-01,-5.061626899987459183e-03,1.708863824605941772e-01,1.258363574743270874e-01,3.258035778999328613e-01,1.007601022720336914e-01,1.534746289253234863e-01,5.695019662380218506e-02,2.000962644815444946e-01,-9.169866889715194702e-02,-1.466645449399948120e-01,-5.206052958965301514e-02,7.495671510696411133e-03,2.455562353134155273e-01,-1.197562143206596375e-01,-6.727551668882369995e-02,1.427351403981447220e-02,-1.196744292974472046e-01,-1.503733545541763306e-01,-8.475475758314132690e-02,1.391971409320831299e-01,2.495369017124176025e-01,1.251996457576751709e-01,1.427322477102279663e-01,1.351630967110395432e-02,2.181189805269241333e-01,-1.022400185465812683e-01,7.617229223251342773e-02,-3.198068216443061829e-02,-2.793199196457862854e-02,-2.291002310812473297e-02,-1.440073400735855103e-01,-1.823415048420429230e-02,-4.193986579775810242e-02,4.470984637737274170e-02,-8.522143214941024780e-02
1.020151004195213318e-01,2.469179481267929077e-01,3.789763748645782471e-01,1.000000000000000000e+00,-1.185561716556549072e-01,-2.026595473289489746e-01,2.530414164066314697e-01,6.220139861106872559e-01,-1.114338189363479614e-01,-2.150679677724838257e-01,8.966509252786636353e-02,2.700305581092834473e-01,-6.584560964256525040e-03,2.182305902242660522e-01,-1.835331469774246216e-01,-2.684491574764251709e-01,-7.162458449602127075e-02,1.487163603305816650e-01,-2.336910367012023926e-02,2.269409298896789551e-01,5.565121024847030640e-02,-1.402681879699230194e-02,2.843363285064697266e-01,6.002408266067504883e-01,1.190098151564598083e-01,1.594812273979187012e-01,-1.194449663162231445e-01,-1.670864969491958618e-01,-1.277009490877389908e-02,-1.266316324472427368e-02,1.000968292355537415e-01,2.957071959972381592e-01,-3.448534384369850159e-02,1.908711493015289307e-01,7.833976298570632935e-02,2.010422646999359131e-01,-1.092618778347969055e-01,1.163819655776023865e-01,-1.654357314109802246e-01,5.949006974697113037e-02,-3.183812648057937622e-02,4.961163550615310669e-02,-1.051476038992404938e-02,1.416010223329067230e-02,-1.283049732446670532e-01,-1.207475587725639343e-01,2.434709481894969940e-02,-1.065483409911394119e-02,-1.832811683416366577e-01,-1.207311153411865234e-01,-3.240817785263061523e-02,1.416652798652648926e-01,-2.110237255692481995e-02,7.090079132467508316e-03,-1.311790645122528076e-01,-1.328031718730926514e-01,1.480223238468170166e-01,2.331414520740509033e-01,3.387242555618286133e-02,1.212043911218643188e-01,-1.419142354279756546e-02,1.743220835924148560e-01,-7.036915421485900879e-02,8.154363930225372314e-02,1.074012219905853271e-01,3.632412552833557129e-01,-6.661366671323776245e-02,8.531620353460311890e-02,7.989025115966796875e-02,6.469935178756713867e-02,-2.613818831741809845e-02,4.273393657058477402e-03,1.283983439207077026e-01,2.725601010024547577e-02,7.594104856252670288e-02,6.493147462606430054e-02,-3.809774294495582581e-02,1.810929030179977417e-01,-4.500021785497665405e-02,2.027969658374786377e-01,-1.840473711490631104e-01,1.460272967815399170e-01,-1.527898758649826050e-01,3.544414043426513672e-02,-4.190914705395698547e-02,2.850894629955291748e-01,-2.484987676143646240e-02,2.046454139053821564e-02,-1.719624102115631104e-01,6.314619630575180054e-02,-2.534416504204273224e-02,-2.927783429622650146e-01,2.337656915187835693e-01,-1.180273070931434631e-01,-1.993677169084548950e-01,-1.397317051887512207e-01,-1.627826392650604248e-01,-1.847124993801116943e-01,-1.156422048807144165e-01,-2.187142223119735718e-01,2.144389003515243530e-01,-7.577519863843917847e-02,1.504117995500564575e-01,3.489183634519577026e-02,3.127561137080192566e-02,-6.420786678791046143e-02,-1.413524746894836426e-01,-1.142478585243225098e-01,2.702590078115463257e-02,-2.095667719841003418e-01,-1.175543665885925293e-01,-1.087860018014907837e-01,-9.842249006032943726e-02,7.469197362661361694e-02,-2.702486744965426624e-05,-1.554645001888275146e-01
2.826900184154510498e-01,1.752847731113433838e-01,-2.892498672008514404e-02,-1.185561716556549072e-01,1.000000000000000000e+00,4.868978559970855713e-01,2.483521401882171631e-02,-3.536239638924598694e-02,5.496538877487182617e-01,1.278202831745147705e-01,2.737893760204315186e-01,2.109491080045700073e-01,3.749419748783111572e-01,3.605592250823974609e-01,4.546001553535461426e-01,1.282982677221298218e-01,3.716765046119689941e-01,2.399209588766098022e-01,1.588759869337081909e-01,1.837089657783508301e-01,2.248318344354629517e-01,3.025864958763122559e-01,1.177276019006967545e-02,9.660954028367996216e-02,2.418452203273773193e-01,3.168459534645080566e-01,3.637520372867584229e-01,4.238848984241485596e-01,4.170021116733551025e-01,3.192723989486694336e-01,3.010017275810241699e-01,2.313504964113235474e-01,3.034462928771972656e-01,2.281645238399505615e-01,-7.744251936674118042e-02,-1.080269590020179749e-01,2.707228660583496094e-01,6.401146203279495239e-02,2.173478901386260986e-01,2.320334911346435547e-01,1.513592451810836792e-01,3.226395323872566223e-02,1.228875815868377686e-01,7.902139425277709961e-02,1.409858614206314087e-01,5.959931761026382446e-02,7.245858758687973022e-02,3.580231592059135437e-02,1.826162450015544891e-02,-3.484041430056095123e-03,4.163169302046298981e-03,3.462611697614192963e-03,-8.300007320940494537e-03,-2.736959978938102722e-02,1.532402634620666504e-01,3.896602988243103027e-02,3.049956262111663818e-01,1.790768057107925415e-01,1.352022737264633179e-01,9.733852930366992950e-03,1.956822276115417480e-01,1.249428242444992065e-01,2.538597583770751953e-01,1.951562911272048950e-01,3.670688346028327942e-02,-1.373358517885208130e-01,2.578006982803344727e-01,2.021475285291671753e-01,1.969494521617889404e-01,2.945190668106079102e-01,2.928693890571594238e-01,2.552000284194946289e-01,2.774935066699981689e-01,3.814804852008819580e-01,2.723928987979888916e-01,3.068008124828338623e-01,2.731880843639373779e-01,2.928709089756011963e-01,2.994015812873840332e-01,3.373734652996063232e-01,2.011584788560867310e-01,2.152985483407974243e-01,1.627169102430343628e-01,-5.223279818892478943e-02,1.815248653292655945e-02,4.758505150675773621e-02,7.875778526067733765e-02,-5.912306904792785645e-02,3.385242819786071777e-01,2.363423351198434830e-03,-2.047972530126571655e-01,5.548956338316202164e-03,-1.327909380197525024e-01,-3.992332890629768372e-02,-6.983870267868041992e-02,-5.279514193534851074e-02,2.106104418635368347e-02,1.234606429934501648e-01,1.620940566062927246e-01,1.763937324285507202e-01,1.814213097095489502e-01,1.213689967989921570e-01,2.041697353124618530e-01,1.818386465311050415e-01,-3.782014176249504089e-02,-9.947360493242740631e-03,-1.198506280779838562e-01,1.601289510726928711e-01,-8.341652899980545044e-02,-1.648628711700439453e-02,3.548449650406837463e-02,6.449064612388610840e-02,1.266347020864486694e-01,3.570855036377906799e-02,7.252803537994623184e-03,1.840367168188095093e-02
1.692904978990554810e-01,2.520682513713836670e-01,-4.298712909221649170e-01,-2.026595473289489746e-01,4.868978559970855713e-01,1.000000000000000000e+00,-2.433623075485229492e-01,-1.714015007019042969e-02,2.930364608764648438e-01,5.448525547981262207e-01,-1.402022223919630051e-02,1.593958288431167603e-01,1.674913763999938965e-01,3.247538805007934570e-01,1.339566409587860107e-01,-2.802472747862339020e-02,3.579203188419342041e-01,3.909854888916015625e-01,-1.360414326190948486e-01,2.253197729587554932e-01,-4.265647381544113159e-02,1.615455597639083862e-01,-4.351025819778442383e-01,-2.133140712976455688e-01,-1.568736135959625244e-01,2.877314388751983643e-02,4.004307836294174194e-02,2.109518647193908691e-01,3.702686429023742676e-01,4.185828864574432373e-01,-3.470654785633087158e-02,1.120544821023941040e-01,2.372715920209884644e-01,2.627122998237609863e-01,-2.626599371433258057e-01,-1.096298620104789734e-01,5.033105239272117615e-02,-3.968318551778793335e-02,8.406513929367065430e-02,9.950228780508041382e-02,1.224316433072090149e-01,-1.087427698075771332e-02,1.846314668655395508e-01,1.945341527462005615e-01,3.700475990772247314e-01,2.890392839908599854e-01,1.011567860841751099e-01,1.507874727249145508e-01,1.460201144218444824e-01,1.601967811584472656e-01,-4.096177965402603149e-02,-2.449461817741394043e-02,4.978157952427864075e-02,6.925008445978164673e-02,1.026186570525169373e-01,7.340928912162780762e-02,1.709530204534530640e-01,1.607702970504760742e-01,7.830600440502166748e-02,1.230253651738166809e-01,3.898729011416435242e-02,3.844892382621765137e-01,3.004859685897827148e-01,4.454223811626434326e-01,-3.327006697654724121e-01,-2.164884954690933228e-01,1.960839778184890747e-01,3.128892183303833008e-01,2.149786055088043213e-02,1.673755347728729248e-01,1.395811587572097778e-01,1.996419280767440796e-01,2.192259728908538818e-01,4.014640450477600098e-01,1.765956729650497437e-01,2.655694484710693359e-01,1.890491843223571777e-01,2.732837200164794922e-01,2.072557061910629272e-01,2.556009888648986816e-01,1.602902412414550781e-01,1.769784986972808838e-01,-2.315642684698104858e-01,-2.664346694946289062e-01,-3.275008499622344971e-01,-1.991821080446243286e-01,-3.371207714080810547e-01,-3.203227519989013672e-01,9.783650934696197510e-02,8.162336796522140503e-02,-9.010036289691925049e-02,-4.252891615033149719e-02,-9.503064304590225220e-02,-3.161738216876983643e-01,-4.657317476812750101e-04,-2.343468740582466125e-02,-1.905748061835765839e-02,9.504747390747070312e-02,2.118238657712936401e-01,8.148502558469772339e-02,7.989575713872909546e-02,-5.114158149808645248e-03,3.684006258845329285e-02,8.179218322038650513e-02,-8.788158744573593140e-02,-1.956508457660675049e-01,-1.574124582111835480e-02,5.736479163169860840e-02,-2.499815775081515312e-03,6.354369688779115677e-03,-2.632567472755908966e-02,1.135243177413940430e-01,1.545997411012649536e-01,1.063070967793464661e-01,-2.317992784082889557e-02,1.087488159537315369e-01
3.937770426273345947e-01,1.869368106126785278e-01,7.272982597351074219e-01,2.530414164066314697e-01,2.483521401882171631e-02,-2.433623075485229492e-01,1.000000000000000000e+00,3.182860016822814941e-01,1.846426129341125488e-01,-2.609942853450775146e-01,5.060197710990905762e-01,2.793696224689483643e-01,5.105814933776855469e-01,1.719475537538528442e-01,5.798453465104103088e-02,-1.167537420988082886e-01,8.642756193876266479e-02,8.655137568712234497e-02,4.435561001300811768e-01,2.236436605453491211e-01,1.380209028720855713e-01,-4.693667590618133545e-02,2.893792688846588135e-01,1.855107396841049194e-01,6.347977370023727417e-02,8.219078928232192993e-02,-1.653473675251007080e-01,-2.153128534555435181e-01,2.537150382995605469e-01,8.686700463294982910e-02,2.591184675693511963e-01,2.064760029315948486e-01,2.864467501640319824e-01,2.825472652912139893e-01,1.169962808489799500e-01,3.033135086297988892e-03,1.615792280063033104e-04,1.127839982509613037e-01,1.568917743861675262e-02,4.280965030193328857e-02,9.978683665394783020e-03,-2.124687097966670990e-02,2.705876529216766357e-02,3.370912745594978333e-02,4.749985784292221069e-02,1.976960338652133942e-02,2.612931281328201294e-02,1.650103367865085602e-02,8.631009608507156372e-02,8.260858058929443359e-02,1.186502948403358459e-01,9.543288499116897583e-02,-1.861870847642421722e-02,4.361294209957122803e-02,5.238066986203193665e-02,-1.331865638494491577e-01,1.716897338628768921e-01,1.801704764366149902e-01,2.099540382623672485e-01,1.017787009477615356e-01,2.925027310848236084e-01,4.115941748023033142e-02,-6.004334500175900757e-05,5.359240248799324036e-02,3.398316502571105957e-01,3.149672225117683411e-02,1.886648833751678467e-01,3.818067163228988647e-02,1.509374827146530151e-01,1.223088949918746948e-01,2.322655022144317627e-01,1.135632321238517761e-01,1.881681680679321289e-01,9.536096453666687012e-02,1.988993883132934570e-01,5.535953119397163391e-02,1.180549263954162598e-01,1.249140650033950806e-01,-3.744897991418838501e-02,1.097716391086578369e-01,-1.119477823376655579e-01,7.874903082847595215e-02,9.152579307556152344e-02,7.694069296121597290e-02,2.266470044851303101e-01,-3.992728516459465027e-02,1.089134439826011658e-02,-1.074101924896240234e-01,1.428366750478744507e-01,-1.632976979017257690e-01,-1.790208816528320312e-01,-1.414924263954162598e-01,-7.589703798294067383e-02,9.273664653301239014e-02,-1.580676808953285217e-02,-2.662049792706966400e-02,8.974588662385940552e-02,1.610943675041198730e-02,3.519793599843978882e-02,4.829487204551696777e-02,1.547888368368148804e-01,2.631331980228424072e-01,9.655254334211349487e-02,2.416494488716125488e-01,4.009316489100456238e-02,1.704961210489273071e-01,-5.103953927755355835e-02,1.029364392161369324e-01,7.962309569120407104e-02,1.359446048736572266e-01,1.824763789772987366e-02,-4.446949064731597900e-02,1.531904339790344238e-01,1.081796437501907349e-01,9.335602819919586182e-02,7.760794460773468018e-02
1.010489985346794128e-01,3.962714970111846924e-01,2.426939606666564941e-01,6.220139861106872559e-01,-3.536239638924598694e-02,-1.714015007019042969e-02,3.182860016822814941e-01,1.000000000000000000e+00,-6.738516688346862793e-02,3.420647978782653809e-02,5.338266491889953613e-03,5.415232181549072266e-01,1.451328396797180176e-01,4.926986098289489746e-01,-3.519116938114166260e-01,-2.853045463562011719e-01,7.014667987823486328e-02,3.118210136890411377e-01,5.156414210796356201e-02,3.736376166343688965e-01,-5.762793496251106262e-02,-8.333009481430053711e-02,2.472037449479103088e-02,3.009975850582122803e-01,-1.369396746158599854e-01,-6.914617959409952164e-03,-3.899255096912384033e-01,-4.054253697395324707e-01,1.706407219171524048e-01,1.772820949554443359e-01,1.983681321144104004e-02,2.551500499248504639e-01,1.105862557888031006e-01,2.777555286884307861e-01,-1.452876031398773193e-01,9.010033681988716125e-03,-2.164868861436843872e-01,-4.687818512320518494e-02,-2.646029591560363770e-01,-1.395105719566345215e-01,-9.457428008317947388e-02,-5.026243254542350769e-02,-4.117693379521369934e-02,1.486000418663024902e-01,8.278114348649978638e-02,1.301955729722976685e-01,3.105165623128414154e-02,1.373857408761978149e-01,3.542687371373176575e-02,9.374818950891494751e-02,-7.248517870903015137e-02,-7.816153578460216522e-03,-3.524830332025885582e-03,1.348075270652770996e-01,-2.698531150817871094e-01,-1.642778217792510986e-01,7.655178755521774292e-02,1.908380687236785889e-01,1.825518906116485596e-03,1.740767657756805420e-01,-5.093403533101081848e-02,4.169265329837799072e-01,-2.135316282510757446e-02,3.104946315288543701e-01,-1.058573722839355469e-01,2.443131953477859497e-01,-1.317434608936309814e-01,2.202273346483707428e-02,-6.210830062627792358e-02,-1.182407215237617493e-01,4.675326123833656311e-02,8.947239816188812256e-02,1.269411891698837280e-01,1.889389604330062866e-01,1.186496242880821228e-01,1.461276113986968994e-01,-4.605121910572052002e-02,1.403376758098602295e-01,-2.359781228005886078e-02,1.931338906288146973e-01,-1.111009716987609863e-01,2.221806645393371582e-01,-2.264843434095382690e-01,-2.031545713543891907e-02,-3.041751980781555176e-01,7.543694972991943359e-02,-1.983547061681747437e-01,-2.204945832490921021e-01,-3.133028447628021240e-01,-4.892794415354728699e-03,-1.764182895421981812e-01,-4.149384796619415283e-01,-1.238105911761522293e-02,-2.454866319894790649e-01,-2.032918930053710938e-01,-1.327045708894729614e-01,-2.248154431581497192e-01,-8.376928418874740601e-02,-1.153607759624719620e-02,-1.216070428490638733e-01,2.227399647235870361e-01,2.771501988172531128e-02,1.158128306269645691e-01,1.691558808088302612e-01,-4.314164817333221436e-02,-1.681189090013504028e-01,-1.538835763931274414e-01,-1.221352517604827881e-01,6.611499190330505371e-02,-1.288250386714935303e-01,-2.074432075023651123e-01,-1.386976391077041626e-01,-2.028477936983108521e-02,1.470626890659332275e-01,-3.859368339180946350e-02,-8.136812597513198853e-02
2.517494261264801025e-01,4.239193722605705261e-02,1.428625881671905518e-01,-1.114338189363479614e-01,5.496538877487182617e-01,2.930364608764648438e-01,1.846426129341125488e-01,-6.738516688346862793e-02,1.000000000000000000e+00,1.960395276546478271e-01,2.625224292278289795e-01,1.298834681510925293e-01,4.740886092185974121e-01,2.897994518280029297e-01,5.074527263641357422e-01,-8.053955435752868652e-02,1.794251203536987305e-01,2.592083811759948730e-02,1.395755261182785034e-01,4.288183059543371201e-03,2.472005784511566162e-01,9.632822871208190918e-02,-7.982390932738780975e-03,-7.588990032672882080e-02,-2.824466116726398468e-02,-1.207308494485914707e-03,1.145131289958953857e-01,6.875867396593093872e-02,2.945545613765716553e-01,1.745758205652236938e-01,1.045904606580734253e-01,2.302164025604724884e-02,2.587037086486816406e-01,1.891480088233947754e-01,-1.836913824081420898e-02,7.880960474722087383e-04,8.015186339616775513e-02,-5.455286242067813873e-03,1.541636288166046143e-01,1.184870451688766479e-01,4.431720823049545288e-02,-8.301612734794616699e-02,-1.387359648942947388e-01,-1.212104707956314087e-01,-1.126690208911895752e-01,-1.453259289264678955e-01,-1.196510270237922668e-01,-1.407262384891510010e-01,-1.317144464701414108e-02,-2.528123185038566589e-02,3.086757287383079529e-02,4.557561874389648438e-02,-7.613942772150039673e-02,-7.291211932897567749e-02,1.004239097237586975e-01,-2.546919137239456177e-02,1.200813874602317810e-01,6.904172711074352264e-03,1.553356647491455078e-01,1.310609281063079834e-02,3.669388294219970703e-01,2.108214497566223145e-01,2.101506143808364868e-01,1.434907168149948120e-01,1.386965215206146240e-01,9.316731244325637817e-02,1.254472732543945312e-01,1.015821993350982666e-01,7.501469552516937256e-02,2.117290198802947998e-01,1.987899243831634521e-01,8.844240009784698486e-02,1.334962099790573120e-01,2.359746247529983521e-01,1.677961051464080811e-01,1.782186478376388550e-01,8.543586730957031250e-02,1.125567182898521423e-01,1.827417463064193726e-01,1.086618676781654358e-01,9.440202265977859497e-02,1.116188317537307739e-01,4.050416499376296997e-02,-2.081609964370727539e-01,7.996109127998352051e-02,5.234899464994668961e-03,4.165611788630485535e-02,-2.156105786561965942e-01,3.698034286499023438e-01,4.049471020698547363e-02,-2.871823310852050781e-01,8.345209993422031403e-03,4.369079321622848511e-02,1.292460262775421143e-01,-6.944853812456130981e-03,-2.806455083191394806e-02,7.010959833860397339e-02,9.299205243587493896e-02,5.540106445550918579e-02,9.008595347404479980e-02,5.158672854304313660e-02,2.982002198696136475e-01,-2.227196097373962402e-02,7.441291958093643188e-02,-6.204421445727348328e-02,8.497432619333267212e-02,-1.863581240177154541e-01,1.273344606161117554e-01,-4.274699836969375610e-02,1.439041644334793091e-01,-3.432060778141021729e-02,-1.138801500201225281e-01,3.694165498018264771e-02,-7.460212707519531250e-02,-1.236765738576650620e-02,4.230703040957450867e-02
3.818920999765396118e-02,1.242877766489982605e-01,-4.495892822742462158e-01,-2.150679677724838257e-01,1.278202831745147705e-01,5.448525547981262207e-01,-2.609942853450775146e-01,3.420647978782653809e-02,1.960395276546478271e-01,1.000000000000000000e+00,-3.042545020580291748e-01,1.555856084451079369e-03,1.317611616104841232e-02,1.761226058006286621e-01,-1.355174630880355835e-01,-1.686230003833770752e-01,1.694193482398986816e-01,2.046180665493011475e-01,-1.638003736734390259e-01,5.496773868799209595e-02,-1.827164292335510254e-01,-4.636820778250694275e-02,-5.739502310752868652e-01,-4.380178451538085938e-01,-4.098941385746002197e-01,-2.172813564538955688e-01,-2.751325964927673340e-01,-1.963949948549270630e-01,1.715347021818161011e-01,2.493416815996170044e-01,-3.561818599700927734e-01,-1.878607422113418579e-01,1.212860643863677979e-01,1.054403036832809448e-01,-3.319203853607177734e-01,-1.623682677745819092e-01,-1.949036568403244019e-01,-2.250956743955612183e-01,-1.278883516788482666e-01,-1.187004670500755310e-01,-1.719921268522739410e-02,-9.842817485332489014e-02,-9.038730524480342865e-03,9.739973396062850952e-02,2.445840835571289062e-01,2.317821532487869263e-01,-5.117486044764518738e-02,8.251152932643890381e-02,1.480305045843124390e-01,1.520366519689559937e-01,-8.645513653755187988e-02,-1.310200393199920654e-01,2.706973114982247353e-03,-7.686752825975418091e-03,-1.152341440320014954e-01,-1.044311188161373138e-02,-6.260553747415542603e-02,-4.149726033210754395e-02,8.730923756957054138e-03,6.999442726373672485e-02,6.798388808965682983e-02,4.337969124317169189e-01,2.495598942041397095e-01,3.924334347248077393e-01,-3.757005035877227783e-01,-6.597150862216949463e-02,-2.121481858193874359e-02,1.249418556690216064e-01,-1.394071429967880249e-01,-1.163579225540161133e-01,-6.603197753429412842e-02,4.073514789342880249e-02,6.804512813687324524e-03,2.438519001007080078e-01,2.886488847434520721e-02,1.369198113679885864e-01,2.805326506495475769e-02,4.024825990200042725e-02,9.374305605888366699e-02,5.277116224169731140e-02,1.239120960235595703e-01,-2.163541270419955254e-03,-4.138855636119842529e-01,-5.108695030212402344e-01,-4.270968139171600342e-01,-3.227091431617736816e-01,-4.488532245159149170e-01,-6.103293895721435547e-01,-1.099343746900558472e-01,8.094941824674606323e-02,-1.090680807828903198e-01,-9.752544760704040527e-02,-6.184241175651550293e-02,-2.785136401653289795e-01,7.972891628742218018e-02,1.173680182546377182e-02,-2.429149672389030457e-02,8.526368439197540283e-02,1.551595479249954224e-01,4.969487711787223816e-02,3.139206394553184509e-02,5.304829031229019165e-02,-7.785358279943466187e-02,8.106556721031665802e-03,-1.508878618478775024e-01,-1.837977916002273560e-01,2.333861542865633965e-03,-9.113039821386337280e-02,9.106608107686042786e-03,3.406346961855888367e-02,-1.156647577881813049e-01,3.178601339459419250e-02,9.533638507127761841e-02,8.597060292959213257e-02,-3.994180634617805481e-02,1.046555414795875549e-01
3.997480571269989014e-01,2.072869986295700073e-01,4.555352628231048584e-01,8.966509252786636353e-02,2.737893760204315186e-01,-1.402022223919630051e-02,5.060197710990905762e-01,5.338266491889953613e-03,2.625224292278289795e-01,-3.042545020580291748e-01,1.000000000000000000e+00,2.686460614204406738e-01,6.141529083251953125e-01,2.537580132484436035e-01,4.645144045352935791e-01,7.933877408504486084e-02,1.777389198541641235e-01,2.330007851123809814e-01,3.902217745780944824e-01,1.735310107469558716e-01,1.897083967924118042e-01,5.000166594982147217e-02,3.506804406642913818e-01,2.938078343868255615e-01,2.581385374069213867e-01,2.449180930852890015e-01,1.805082261562347412e-01,1.466183066368103027e-01,3.806211054325103760e-01,1.909662932157516479e-01,3.749691843986511230e-01,2.505618333816528320e-01,2.080957591533660889e-01,1.972328573465347290e-01,1.696378737688064575e-01,-1.423186343163251877e-02,2.034482061862945557e-01,2.883393466472625732e-01,2.011237889528274536e-01,1.575424224138259888e-01,1.036177054047584534e-01,9.636021405458450317e-02,1.738784015178680420e-01,8.877481520175933838e-02,6.443735212087631226e-02,2.823816798627376556e-02,1.339469403028488159e-01,4.031975194811820984e-02,1.114512458443641663e-01,1.262633651494979858e-01,2.108566462993621826e-01,2.106791138648986816e-01,7.027210295200347900e-02,9.797423332929611206e-02,2.565653622150421143e-01,-1.376054435968399048e-02,2.324157506227493286e-01,2.726272642612457275e-01,2.163190841674804688e-01,3.818726539611816406e-02,1.628881990909576416e-01,-1.216195821762084961e-01,-4.453424736857414246e-02,2.350214682519435883e-02,3.842765390872955322e-01,-1.166085526347160339e-01,3.012257516384124756e-01,9.066421538591384888e-02,2.628988325595855713e-01,3.776662349700927734e-01,3.891820907592773438e-01,2.203080058097839355e-01,4.360901713371276855e-01,1.422939300537109375e-01,3.688425123691558838e-01,1.699753254652023315e-01,2.985338866710662842e-01,3.959968090057373047e-01,-6.196578219532966614e-02,3.300270140171051025e-01,-1.074754223227500916e-01,2.290821969509124756e-01,2.735869884490966797e-01,1.378562897443771362e-01,4.095248281955718994e-01,1.235168799757957458e-01,2.521835863590240479e-01,6.749314814805984497e-02,4.229639768600463867e-01,3.483096882700920105e-02,-5.822740122675895691e-02,4.326570034027099609e-02,1.288151927292346954e-02,1.617147326469421387e-01,-2.106739394366741180e-02,-9.237037040293216705e-03,1.168527305126190186e-01,-5.044054985046386719e-02,9.685644507408142090e-02,1.673660278320312500e-01,2.273776531219482422e-01,1.944625675678253174e-01,2.343723177909851074e-01,2.080142796039581299e-01,8.426829427480697632e-02,1.248366758227348328e-01,-6.366590503603219986e-03,2.269770205020904541e-01,7.195527851581573486e-02,6.774940341711044312e-02,5.944544076919555664e-02,5.833179131150245667e-02,2.209654599428176880e-01,5.507175996899604797e-02,1.669842749834060669e-01,4.727922752499580383e-02
2.353518009185791016e-01,4.786193370819091797e-01,1.495311558246612549e-01,2.700305581092834473e-01,2.109491080045700073e-01,1.593958288431167603e-01,2.793696224689483643e-01,5.415232181549072266e-01,1.298834681510925293e-01,1.555856084451079369e-03,2.686460614204406738e-01,1.000000000000000000e+00,4.015106260776519775e-01,6.229652762413024902e-01,1.662970334291458130e-02,-1.923676021397113800e-02,2.505689263343811035e-01,4.249351918697357178e-01,2.483680397272109985e-01,4.756606817245483398e-01,2.865255624055862427e-02,-8.802564814686775208e-03,1.676294393837451935e-02,1.935969293117523193e-01,-9.299578517675399780e-02,-9.306994266808032990e-03,-1.886654198169708252e-01,-1.941966563463211060e-01,4.160771965980529785e-01,4.252067506313323975e-01,1.978470236063003540e-01,3.075866401195526123e-01,3.052195906639099121e-01,4.110597968101501465e-01,-1.275572031736373901e-01,-4.529002308845520020e-02,-1.485405117273330688e-02,1.719899624586105347e-01,4.590585082769393921e-02,4.551444202661514282e-02,6.718435138463973999e-02,6.924132257699966431e-02,1.328111886978149414e-01,2.273454368114471436e-01,1.914158016443252563e-01,2.008615583181381226e-01,1.782795339822769165e-01,2.084460109472274780e-01,1.915619820356369019e-01,2.290212810039520264e-01,9.785876423120498657e-02,1.186698824167251587e-01,1.019551008939743042e-01,2.373488098382949829e-01,1.756154932081699371e-02,2.367125265300273895e-02,2.133088707923889160e-01,2.981900274753570557e-01,1.511745303869247437e-01,1.650669425725936890e-01,-1.666403748095035553e-02,3.010365366935729980e-01,4.450625739991664886e-03,2.990908026695251465e-01,-1.181169748306274414e-01,6.313928402960300446e-03,1.307937651872634888e-01,1.600054353475570679e-01,1.148784831166267395e-01,1.062557473778724670e-01,2.840515077114105225e-01,2.080146372318267822e-01,3.448808789253234863e-01,3.347583711147308350e-01,3.136884868144989014e-01,2.514857053756713867e-01,1.652399301528930664e-01,3.342393338680267334e-01,1.780472509562969208e-02,3.269265294075012207e-01,3.811512514948844910e-02,3.902814388275146484e-01,1.123995333909988403e-02,1.400339305400848389e-01,-1.339292675256729126e-01,1.241027787327766418e-01,-3.336420655250549316e-02,-1.127232611179351807e-01,3.220831509679555893e-03,1.575537323951721191e-01,-8.827772736549377441e-02,-1.668657213449478149e-01,-3.330104425549507141e-02,-8.549267798662185669e-02,-1.285149157047271729e-01,-7.704029977321624756e-02,-8.551391959190368652e-02,2.658175118267536163e-02,1.588648855686187744e-01,8.479528874158859253e-02,1.539367288351058960e-01,1.372205913066864014e-01,8.600787818431854248e-02,2.588387429714202881e-01,2.870837412774562836e-02,1.383007736876606941e-03,-8.758293092250823975e-02,1.754019595682621002e-02,1.110209971666336060e-01,3.626375645399093628e-02,-5.835865065455436707e-02,1.812854083254933357e-03,1.847499758005142212e-01,1.861806660890579224e-01,6.149731948971748352e-02,3.850780893117189407e-03
4.853873848915100098e-01,3.146728575229644775e-01,3.619723021984100342e-01,-6.584560964256525040e-03,3.749419748783111572e-01,1.674913763999938965e-01,5.105814933776855469e-01,1.451328396797180176e-01,4.740886092185974121e-01,1.317611616104841232e-02,6.141529083251953125e-01,4.015106260776519775e-01,1.000000000000000000e+00,5.415505766868591309e-01,2.646750211715698242e-01,-4.968846961855888367e-02,3.379181623458862305e-01,3.202954530715942383e-01,3.599642217159271240e-01,2.492629885673522949e-01,9.363212436437606812e-02,3.977904468774795532e-02,-2.408908493816852570e-02,8.954331860877573490e-04,-1.237397547811269760e-02,8.578371256589889526e-02,-2.129953354597091675e-02,-4.904032498598098755e-02,5.909252166748046875e-01,3.976219594478607178e-01,1.635475307703018188e-01,1.082676723599433899e-01,3.403619527816772461e-01,2.547862529754638672e-01,-5.964152142405509949e-02,-1.387949287891387939e-01,1.221339032053947449e-01,1.869691014289855957e-01,9.877628087997436523e-02,1.304516196250915527e-01,9.734756499528884888e-02,3.779811784625053406e-02,-1.835524104535579681e-02,-7.042635232210159302e-03,4.341488704085350037e-02,-8.692769333720207214e-03,1.442343275994062424e-02,1.045591011643409729e-02,1.097995415329933167e-01,8.681315183639526367e-02,8.928509801626205444e-02,4.451675340533256531e-02,-2.026091329753398895e-02,6.596527993679046631e-02,1.298689842224121094e-01,-9.386373311281204224e-02,2.157688736915588379e-01,2.411608397960662842e-01,2.275334000587463379e-01,9.038905054330825806e-02,3.182401061058044434e-01,1.724313348531723022e-01,1.302406042814254761e-01,2.191679924726486206e-01,1.048932224512100220e-01,-8.308546990156173706e-02,2.184528112411499023e-01,6.321989744901657104e-02,1.841825991868972778e-01,2.388370484113693237e-01,4.021990001201629639e-01,2.687107920646667480e-01,4.391745328903198242e-01,3.501335382461547852e-01,3.697423934936523438e-01,2.560569941997528076e-01,2.737736999988555908e-01,3.391087651252746582e-01,6.285405158996582031e-02,3.565949201583862305e-01,1.919834129512310028e-02,3.080119788646697998e-01,4.166401177644729614e-02,2.746447687968611717e-03,7.872191071510314941e-02,-7.078542560338973999e-02,7.247648201882839203e-03,-2.591201066970825195e-01,2.927608191967010498e-01,-2.961494773626327515e-02,-2.297267317771911621e-01,-1.056491136550903320e-01,-3.164926171302795410e-02,3.663670737296342850e-03,1.090430747717618942e-02,1.492855697870254517e-02,9.538746625185012817e-02,2.068008482456207275e-02,1.381589025259017944e-01,1.379447430372238159e-01,2.518700957298278809e-01,4.083914458751678467e-01,1.712975054979324341e-01,2.636359632015228271e-01,2.396236360073089600e-02,5.008894577622413635e-02,-5.024689435958862305e-02,1.556287258863449097e-01,5.673786997795104980e-02,1.236615478992462158e-01,-4.835901781916618347e-03,1.749746315181255341e-02,2.194545269012451172e-01,1.017775312066078186e-01,1.053906679153442383e-01,6.604700535535812378e-02
