1.000000000000000000e+00,4.261099696159362793e-01,3.416936993598937988e-01,2.723391652107238770e-01,1.227174177765846252e-01,1.465350687503814697e-01,2.597593963146209717e-01,2.941702306270599365e-01,2.582821547985076904e-01,3.417395055294036865e-01,3.656731545925140381e-01,2.799828350543975830e-01,1.683074980974197388e-01,2.330409884452819824e-01,2.191825807094573975e-01,3.078663647174835205e-01,2.631601691246032715e-01,3.363167867064476013e-02,3.355483710765838623e-01,3.224902749061584473e-01,6.402499508112668991e-03,-1.603332906961441040e-01,8.062058687210083008e-02,-1.622414588928222656e-02,-2.049421966075897217e-01,-1.290052831172943115e-01,-1.344455871731042862e-02,7.063937839120626450e-03,4.171511828899383545e-01,7.647226750850677490e-02,-3.923971578478813171e-02,-6.061331555247306824e-02,3.029569387435913086e-01,2.099325656890869141e-01,1.185148805379867554e-01,1.910870661959052086e-03,1.991485059261322021e-01,1.081562116742134094e-01,-7.789544295519590378e-03,2.006817422807216644e-02,1.702098548412322998e-01,2.131384909152984619e-01,1.126719117164611816e-01,7.420472055673599243e-02,8.545412123203277588e-02,1.508126258850097656e-01,1.727971732616424561e-01,1.086910814046859741e-01,1.809362173080444336e-01,9.120295196771621704e-02,7.455872744321823120e-02,-9.618369862437248230e-03,1.433247178792953491e-01,-2.679936774075031281e-02,1.617602705955505371e-01,6.132782250642776489e-02,3.998679816722869873e-01,1.115026101469993591e-01,3.735575079917907715e-01,2.001801431179046631e-01,2.124451100826263428e-01,1.449410766363143921e-01,2.673261761665344238e-01,1.233736500144004822e-01,2.478043586015701294e-01,1.788240820169448853e-01,4.428642690181732178e-01,4.016609787940979004e-01,4.259137809276580811e-01,3.961154520511627197e-01,1.763181835412979126e-01,1.051976382732391357e-01,1.950201988220214844e-01,4.311918467283248901e-02,-3.781915409490466118e-03,2.849548868834972382e-02,8.798971027135848999e-02,1.137195378541946411e-01,2.641129791736602783e-01,-3.777922689914703369e-02,1.945800334215164185e-01,2.517302930355072021e-01,9.956334531307220459e-02,-1.107207834720611572e-01,3.334830403327941895e-01,2.645393311977386475e-01,-9.675100445747375488e-03,1.234681531786918640e-02,2.011684775352478027e-01,6.065374240279197693e-02,1.777606606483459473e-01,4.529763013124465942e-02,1.271918714046478271e-01,3.310402110219001770e-02,4.772379249334335327e-02,2.626991644501686096e-02,1.085544377565383911e-01,6.001108512282371521e-02,2.640264630317687988e-01,2.216480374336242676e-01,7.268250919878482819e-03,-5.411012470722198486e-02,2.531632035970687866e-02,-1.451972126960754395e-01,-4.908155649900436401e-02,1.277776528149843216e-02,-8.158164471387863159e-02,1.084622591733932495e-01,4.049582034349441528e-02,5.156039074063301086e-02,8.705772459506988525e-02,1.142727211117744446e-01,7.829044759273529053e-02,-1.050424873828887939e-01,-1.650121510028839111e-01,-1.054646149277687073e-01
4.261099696159362793e-01,1.000000000000000000e+00,2.379644215106964111e-01,4.537530839443206787e-01,1.571969836950302124e-01,5.949770286679267883e-02,6.361684948205947876e-02,3.008835613727569580e-01,2.716361880302429199e-01,2.394630610942840576e-01,2.114691585302352905e-01,4.208939671516418457e-01,8.505319803953170776e-02,3.262055516242980957e-01,1.742815226316452026e-01,1.704097688198089600e-01,3.714556097984313965e-01,3.128155469894409180e-01,1.876036375761032104e-01,2.853629887104034424e-01,7.435940951108932495e-02,-7.238827645778656006e-02,2.632317245006561279e-01,2.238061428070068359e-01,-2.076258510351181030e-01,-1.052778884768486023e-01,-8.221281319856643677e-02,-1.430208534002304077e-01,3.561315536499023438e-01,2.324404269456863403e-01,1.203496977686882019e-01,4.960550367832183838e-02,4.239482879638671875e-01,4.148506224155426025e-01,4.305847734212875366e-02,-4.258959740400314331e-02,2.841996252536773682e-01,1.690151989459991455e-01,5.274316668510437012e-02,8.451828360557556152e-02,2.755367457866668701e-01,2.466587871313095093e-01,2.202907651662826538e-01,1.629234999418258667e-01,8.517041057348251343e-02,1.982384920120239258e-01,1.840643733739852905e-01,2.276930660009384155e-01,1.547570675611495972e-01,2.028940320014953613e-01,1.485938727855682373e-01,2.850787937641143799e-01,1.844991743564605713e-01,2.416382431983947754e-01,1.959090679883956909e-01,1.997939050197601318e-01,4.555212557315826416e-01,5.051668882369995117e-01,2.596845030784606934e-01,2.319187819957733154e-01,8.592066913843154907e-02,2.337167263031005859e-01,1.238493099808692932e-01,2.635785937309265137e-01,1.992630064487457275e-01,2.536142766475677490e-01,3.974329531192779541e-01,3.612705171108245850e-01,2.604488134384155273e-01,4.010809063911437988e-01,1.234288141131401062e-01,7.294695079326629639e-02,2.105662524700164795e-01,2.151978909969329834e-01,1.593603640794754028e-01,1.764046996831893921e-01,2.200239598751068115e-01,2.984011173248291016e-01,2.438170164823532104e-01,1.336111277341842651e-01,2.290103435516357422e-01,3.555677235126495361e-01,7.446960359811782837e-02,1.535245329141616821e-01,3.304747343063354492e-01,4.545429348945617676e-01,7.494474202394485474e-02,2.705074250698089600e-01,2.803253233432769775e-01,3.090604841709136963e-01,1.555097550153732300e-01,2.538349330425262451e-01,1.878063529729843140e-01,2.531673908233642578e-01,1.274330466985702515e-01,1.370188891887664795e-01,9.067018330097198486e-02,1.405298709869384766e-01,1.142791733145713806e-01,2.746090292930603027e-01,2.368050441145896912e-02,2.034999728202819824e-01,-5.437590554356575012e-02,4.697518795728683472e-02,9.191843122243881226e-02,1.943150460720062256e-01,1.234347820281982422e-01,2.656478881835937500e-01,-2.500308305025100708e-02,-3.658918663859367371e-02,5.954092368483543396e-02,1.298364847898483276e-01,1.391951590776443481e-01,5.183016136288642883e-02,-6.408769637346267700e-02,-1.056979522109031677e-01
3.416936993598937988e-01,2.379644215106964111e-01,1.000000000000000000e+00,3.522155880928039551e-01,5.285740364342927933e-03,1.132217571139335632e-01,4.036602079868316650e-01,2.479339390993118286e-01,2.171261757612228394e-01,8.495220541954040527e-02,1.185657158493995667e-01,3.754521906375885010e-02,1.140018850564956665e-01,-6.815239042043685913e-02,1.024404540657997131e-01,1.204762086272239685e-01,1.860825121402740479e-01,1.381895840167999268e-01,1.940180510282516479e-01,2.509680986404418945e-01,4.554704204201698303e-02,2.958584576845169067e-02,2.824824154376983643e-01,1.640734672546386719e-01,-1.173346489667892456e-01,-7.486630976200103760e-02,-6.211263313889503479e-02,-1.878716424107551575e-02,1.811185330152511597e-01,5.928378552198410034e-02,2.901301085948944092e-01,2.706393897533416748e-01,2.896702587604522705e-01,2.674709260463714600e-01,1.692507266998291016e-01,1.627461910247802734e-01,8.320982754230499268e-02,1.498023569583892822e-01,1.004137396812438965e-01,3.927038982510566711e-02,1.307091563940048218e-01,1.571706235408782959e-01,8.188333362340927124e-02,8.013655990362167358e-02,6.200434640049934387e-02,1.354658007621765137e-01,1.996244639158248901e-01,1.676523834466934204e-01,-1.814745180308818817e-02,2.597530372440814972e-02,-1.501251477748155594e-02,1.280976831912994385e-01,-2.293938957154750824e-02,-1.913858391344547272e-02,5.257894843816757202e-02,1.268067210912704468e-01,8.163125813007354736e-02,1.225906163454055786e-01,1.488068550825119019e-01,-3.156702592968940735e-02,6.460905075073242188e-02,-4.854415357112884521e-02,1.063902676105499268e-01,-1.059725042432546616e-02,1.023657992482185364e-01,1.219646558165550232e-01,1.110982894897460938e-01,9.038250893354415894e-02,1.033067256212234497e-01,1.176976040005683899e-02,2.046710699796676636e-01,1.355212926864624023e-01,6.823059171438217163e-02,5.629321560263633728e-02,1.353856325149536133e-01,1.840290874242782593e-01,1.477927416563034058e-01,3.596491366624832153e-02,1.666604280471801758e-01,9.620634466409683228e-02,1.246102377772331238e-01,1.087756454944610596e-01,4.477857053279876709e-02,-1.291957050561904907e-01,1.088395714759826660e-01,1.069083660840988159e-01,2.174171991646289825e-02,6.158692389726638794e-02,1.407411098480224609e-01,1.905545592308044434e-01,3.277217969298362732e-02,3.681029006838798523e-02,7.639024406671524048e-02,1.272044181823730469e-01,1.137908454984426498e-02,6.527813524007797241e-02,1.449407786130905151e-01,1.527656018733978271e-01,1.056759357452392578e-01,2.471217513084411621e-01,-2.184718102216720581e-02,2.057844540104269981e-03,-4.790056869387626648e-02,-7.180798053741455078e-02,-1.330476254224777222e-01,-2.799674682319164276e-02,-3.415699675679206848e-02,1.250654458999633789e-02,1.356829851865768433e-01,8.980356156826019287e-02,2.150489836931228638e-01,1.801907420158386230e-01,2.073405683040618896e-01,-1.083207223564386368e-02,2.359200268983840942e-02,1.034846901893615723e-01
2.723391652107238770e-01,4.537530839443206787e-01,3.522155880928039551e-01,1.000000000000000000e+00,1.684045791625976562e-01,1.397811323404312134e-01,9.338351339101791382e-02,4.145361483097076416e-01,2.278591990470886230e-01,1.386610716581344604e-01,1.494030356407165527e-01,3.032196462154388428e-01,-4.502796754240989685e-02,2.449709773063659668e-01,2.506911754608154297e-01,8.388406783342361450e-02,1.945437341928482056e-01,1.895909905433654785e-01,8.083609491586685181e-02,3.732273280620574951e-01,1.197877377271652222e-01,2.935147657990455627e-02,4.889064431190490723e-01,5.386076569557189941e-01,-1.306923776865005493e-01,-2.205655910074710846e-02,-2.991339750587940216e-02,-5.425662174820899963e-02,2.827942669391632080e-01,3.492388129234313965e-01,2.897310256958007812e-01,1.932357400655746460e-01,4.590584933757781982e-01,6.094402074813842773e-01,1.252068281173706055e-01,1.356988996267318726e-01,2.279100269079208374e-01,2.812379896640777588e-01,5.195712298154830933e-02,3.886377438902854919e-02,1.576740890741348267e-01,6.980007886886596680e-02,1.675602793693542480e-01,5.754900351166725159e-02,1.307917106896638870e-02,-1.500559411942958832e-02,1.680850088596343994e-01,1.608545631170272827e-01,3.818278759717941284e-02,3.257927298545837402e-02,1.331257401034235954e-03,1.198681816458702087e-01,5.944468453526496887e-02,1.386366784572601318e-01,1.771638542413711548e-01,2.346850931644439697e-01,2.416265904903411865e-01,1.987507194280624390e-01,6.294336169958114624e-02,-1.418693177402019501e-02,5.744265764951705933e-02,1.169002354145050049e-01,3.996008262038230896e-02,1.170256510376930237e-01,7.320792227983474731e-02,1.186350658535957336e-01,1.837213486433029175e-01,2.332430630922317505e-01,1.392021775245666504e-01,2.436735332012176514e-01,2.539098560810089111e-01,1.235491782426834106e-01,-6.862866878509521484e-02,3.347380161285400391e-01,3.296059072017669678e-01,1.446969658136367798e-01,3.274431526660919189e-01,2.529568076133728027e-01,1.774784326553344727e-01,1.694121956825256348e-01,1.000655218958854675e-01,2.357524633407592773e-01,-2.308068983256816864e-02,-1.329631824046373367e-02,1.046058088541030884e-01,2.375034987926483154e-01,-7.526548206806182861e-02,7.056528329849243164e-02,1.052840948104858398e-01,1.496894657611846924e-01,2.916238643229007721e-02,1.479492187500000000e-01,7.055352628231048584e-02,1.990642994642257690e-01,1.710360050201416016e-01,1.955883353948593140e-01,1.424029171466827393e-01,2.024183869361877441e-01,9.734391421079635620e-02,2.106854915618896484e-01,-6.962724775075912476e-02,1.226152181625366211e-01,-1.614016890525817871e-01,-1.777617260813713074e-02,3.220491809770464897e-03,6.254342198371887207e-02,6.835740059614181519e-02,2.046232819557189941e-01,1.270081102848052979e-02,6.165788695216178894e-02,1.378288716077804565e-01,7.270255684852600098e-02,6.208634749054908752e-02,2.452310360968112946e-02,-3.423314169049263000e-02,-8.557591587305068970e-02
1.227174177765846252e-01,1.571969836950302124e-01,5.285740364342927933e-03,1.684045791625976562e-01,1.000000000000000000e+00,6.579081416130065918e-01,-5.499904230237007141e-02,-2.007198892533779144e-02,4.580305814743041992e-01,3.594604432582855225e-01,5.812700092792510986e-02,1.633106470108032227e-01,-2.831609174609184265e-02,1.745168566703796387e-01,3.245172798633575439e-01,2.174143046140670776e-01,9.824672341346740723e-02,1.070569902658462524e-01,-3.654732182621955872e-02,8.223711512982845306e-03,-7.170029450207948685e-03,-7.382048666477203369e-02,1.497462987899780273e-01,1.981554478406906128e-01,2.786505222320556641e-01,4.100170433521270752e-01,4.744366109371185303e-01,4.720179438591003418e-01,2.598649561405181885e-01,1.430661380290985107e-01,-9.996915236115455627e-03,1.187853328883647919e-02,1.643722057342529297e-01,1.336119174957275391e-01,1.277381628751754761e-01,3.612382709980010986e-02,1.885625571012496948e-01,1.969612538814544678e-01,7.495456933975219727e-02,1.918586790561676025e-01,1.342647522687911987e-01,5.733586847782135010e-02,1.964804381132125854e-01,1.752358078956604004e-01,1.259151250123977661e-01,1.830744147300720215e-01,1.743357330560684204e-01,1.710104048252105713e-01,1.986856311559677124e-01,2.323113083839416504e-01,2.585433423519134521e-01,1.563966274261474609e-01,2.328446954488754272e-01,2.170971632003784180e-01,3.044709563255310059e-01,2.398284077644348145e-01,1.606829613447189331e-01,1.907405406236648560e-01,1.855055242776870728e-01,1.971521228551864624e-01,1.302425414323806763e-01,1.925352513790130615e-01,9.192934632301330566e-02,1.748895794153213501e-01,1.284312903881072998e-01,2.128895074129104614e-01,2.018650025129318237e-01,1.788157522678375244e-01,6.520207226276397705e-02,9.429714828729629517e-02,-2.510426007211208344e-02,-2.615167014300823212e-02,3.046240285038948059e-02,1.994656175374984741e-01,5.025371909141540527e-02,3.658998012542724609e-02,1.033955216407775879e-01,2.370894700288772583e-01,5.222593620419502258e-02,8.026199787855148315e-02,1.889082640409469604e-01,1.747685670852661133e-01,-3.096317686140537262e-02,-7.709488272666931152e-02,2.201146334409713745e-01,3.121014237403869629e-01,-2.119558490812778473e-02,2.451526373624801636e-02,1.331708133220672607e-01,3.209469839930534363e-02,1.654974520206451416e-01,1.879635602235794067e-01,2.470574676990509033e-01,1.952185481786727905e-01,1.730787605047225952e-01,2.333571389317512512e-02,6.249662488698959351e-02,4.695491399616003036e-03,1.027448028326034546e-01,1.692719459533691406e-01,1.268085390329360962e-01,8.694355934858322144e-02,-3.304601460695266724e-02,-9.776704944670200348e-03,1.300360113382339478e-01,1.274661421775817871e-01,1.626668423414230347e-01,2.475876212120056152e-01,-1.155934631824493408e-01,-4.676045849919319153e-02,4.214251413941383362e-03,1.079368814826011658e-01,1.242902278900146484e-01,6.057191640138626099e-02,-1.104417964816093445e-01,-1.701219752430915833e-02
1.465350687503814697e-01,5.949770286679267883e-02,1.132217571139335632e-01,1.397811323404312134e-01,6.579081416130065918e-01,1.000000000000000000e+00,-8.838338404893875122e-02,-1.293376535177230835e-01,4.352408647537231445e-01,4.759042859077453613e-01,3.618174791336059570e-02,1.207923740148544312e-01,-1.604302078485488892e-01,1.171578913927078247e-01,3.437548279762268066e-01,3.252955079078674316e-01,3.224767372012138367e-02,8.385971933603286743e-02,-1.657581925392150879e-01,-4.344176873564720154e-02,6.958402227610349655e-03,-1.539733633399009705e-02,1.278223395347595215e-01,1.541150659322738647e-01,2.187104374170303345e-01,3.489535152912139893e-01,4.330494701862335205e-01,5.748708248138427734e-01,1.875709593296051025e-01,2.178331911563873291e-01,8.581563830375671387e-03,1.455277018249034882e-02,1.311390995979309082e-01,9.933321177959442139e-02,6.430675089359283447e-02,3.445625677704811096e-02,9.140019863843917847e-02,1.858147382736206055e-01,9.107743948698043823e-02,1.415347158908843994e-01,1.097065657377243042e-01,2.675081975758075714e-02,9.642926044762134552e-03,1.595472693443298340e-01,1.055259853601455688e-01,8.423634618520736694e-02,1.175118014216423035e-01,1.519688963890075684e-01,1.225048974156379700e-01,1.449840962886810303e-01,1.707989275455474854e-01,1.437514871358871460e-01,1.162253245711326599e-01,1.697002798318862915e-01,1.977030038833618164e-01,2.018799036741256714e-01,7.266458868980407715e-02,1.151306405663490295e-01,1.781160086393356323e-01,1.338865309953689575e-01,1.270857602357864380e-01,1.955987662076950073e-01,1.309885978698730469e-01,1.643903404474258423e-01,8.595820516347885132e-02,1.723341941833496094e-01,1.192315891385078430e-01,7.609893381595611572e-02,3.322989121079444885e-02,2.394372969865798950e-02,-3.615110367536544800e-02,-5.162014625966548920e-03,-1.302856951951980591e-01,2.409176230430603027e-01,1.066809147596359253e-01,5.946136265993118286e-02,1.711058057844638824e-02,1.120517849922180176e-01,1.883812248706817627e-02,2.192162349820137024e-02,4.009990021586418152e-02,9.129279851913452148e-02,-7.869809120893478394e-02,-1.915568709373474121e-01,1.471244245767593384e-01,1.852939873933792114e-01,-9.335012733936309814e-02,-1.047204621136188507e-02,-6.221030373126268387e-03,-3.365722671151161194e-02,4.656006023287773132e-02,1.382248699665069580e-01,1.345800906419754028e-01,1.340920776128768921e-01,6.939071416854858398e-02,-3.927408903837203979e-02,-1.357707753777503967e-02,-6.068091094493865967e-02,4.604393243789672852e-02,1.210665255784988403e-01,-1.461964938789606094e-02,6.799119873903691769e-04,-2.046942412853240967e-01,-1.483675390481948853e-01,-3.871224820613861084e-02,-6.547518074512481689e-02,-3.291034605354070663e-03,1.273791193962097168e-01,-4.965698719024658203e-02,-3.634981438517570496e-02,3.431823849678039551e-02,8.425409346818923950e-02,1.093804612755775452e-01,-1.011713873594999313e-02,-1.096738576889038086e-01,4.531880095601081848e-02
2.597593963146209717e-01,6.361684948205947876e-02,4.036602079868316650e-01,9.338351339101791382e-02,-5.499904230237007141e-02,-8.838338404893875122e-02,1.000000000000000000e+00,5.780674219131469727e-01,4.539639130234718323e-02,-1.876676082611083984e-01,1.468972712755203247e-01,5.176991224288940430e-03,6.135175824165344238e-01,9.530713409185409546e-02,8.532078564167022705e-02,-1.141612082719802856e-01,2.262407690286636353e-01,1.354747861623764038e-01,3.845594227313995361e-01,3.626135885715484619e-01,4.194286465644836426e-02,2.901136688888072968e-02,1.433358192443847656e-01,3.940752893686294556e-02,-1.137486379593610764e-02,2.864504046738147736e-02,3.436995903030037880e-03,-4.544761031866073608e-02,2.469379901885986328e-01,-1.175266131758689880e-01,6.904472410678863525e-02,1.257398873567581177e-01,-1.626223884522914886e-02,2.726179547607898712e-02,1.606279462575912476e-01,2.314162999391555786e-01,1.910625584423542023e-02,1.343268156051635742e-01,-4.477813094854354858e-02,-2.993203699588775635e-02,1.060862932354211807e-02,1.594251766800880432e-02,2.642793059349060059e-01,2.023985832929611206e-01,1.818111836910247803e-01,1.913542896509170532e-01,3.082462847232818604e-01,3.380011320114135742e-01,1.882504820823669434e-01,1.036077067255973816e-01,9.656576812267303467e-02,6.898170709609985352e-02,1.201193407177925110e-01,1.523841619491577148e-01,2.129129506647586823e-02,8.499827235937118530e-02,8.211774379014968872e-02,-1.101334020495414734e-02,2.540079057216644287e-01,1.117271035909652710e-01,2.954601049423217773e-01,-1.119002420455217361e-02,3.255461454391479492e-01,-3.083710186183452606e-02,2.914609611034393311e-01,1.388041675090789795e-01,2.117424458265304565e-01,2.818859219551086426e-01,1.109384000301361084e-02,3.767485963180661201e-03,2.023475170135498047e-01,9.961688518524169922e-02,1.966985613107681274e-01,-9.499099105596542358e-02,-1.490187495946884155e-01,-7.235511392354965210e-02,7.757489383220672607e-02,-1.358919441699981689e-01,3.162540495395660400e-01,1.581239253282546997e-01,3.781870603561401367e-01,2.036059051752090454e-01,2.438975423574447632e-01,2.268730700016021729e-01,2.803649902343750000e-01,1.562098711729049683e-01,2.679565846920013428e-01,1.998481899499893188e-01,2.413722276687622070e-01,2.899570763111114502e-01,1.515108644962310791e-01,2.040854096412658691e-01,1.605036258697509766e-01,2.177931666374206543e-01,1.652325242757797241e-01,1.460605263710021973e-01,1.853435039520263672e-01,1.549940407276153564e-01,1.304163485765457153e-01,1.817609965801239014e-01,1.666175574064254761e-01,2.271037846803665161e-01,3.303425312042236328e-01,3.699094355106353760e-01,-2.171337231993675232e-02,1.388861984014511108e-02,8.180339634418487549e-02,-2.026501744985580444e-01,-1.040140632539987564e-02,1.736348271369934082e-01,1.880394220352172852e-01,2.298564910888671875e-01,2.427243590354919434e-01,3.688031807541847229e-02,3.479127958416938782e-02,1.627559028565883636e-02
2.941702306270599365e-01,3.008835613727569580e-01,2.479339390993118286e-01,4.145361483097076416e-01,-2.007198892533779144e-02,-1.293376535177230835e-01,5.780674219131469727e-01,1.000000000000000000e+00,8.856154978275299072e-02,-8.824848383665084839e-02,2.133029550313949585e-01,2.399410158395767212e-01,4.920984506607055664e-01,3.955540060997009277e-01,9.777177870273590088e-02,-8.199349045753479004e-02,2.980687022209167480e-01,1.373867243528366089e-01,3.191834688186645508e-01,4.258558154106140137e-01,9.220337867736816406e-02,-2.193940244615077972e-02,3.047055602073669434e-01,2.625187337398529053e-01,-4.561870545148849487e-02,5.172880832105875015e-03,-8.324781060218811035e-02,-1.783866733312606812e-01,3.713531494140625000e-01,2.503945492208003998e-02,2.266714125871658325e-01,2.211814820766448975e-01,1.650942414999008179e-01,3.049627840518951416e-01,1.055771633982658386e-01,1.938653141260147095e-01,1.562930345535278320e-01,2.488883137702941895e-01,-1.704939524643123150e-03,3.451332822442054749e-02,1.120561584830284119e-01,1.278290152549743652e-01,2.451483309268951416e-01,1.159772649407386780e-01,1.822342723608016968e-01,1.112174093723297119e-01,2.474126070737838745e-01,2.518860399723052979e-01,1.987919360399246216e-01,1.105170249938964844e-01,7.580096274614334106e-02,8.929824084043502808e-02,7.119338959455490112e-02,1.197709813714027405e-01,4.189839959144592285e-02,9.309452772140502930e-02,1.445605307817459106e-01,-2.440663985908031464e-02,2.111022472381591797e-01,1.343194097280502319e-01,2.118155360221862793e-01,-7.431403268128633499e-03,1.948746442794799805e-01,2.918329648673534393e-02,2.817587554454803467e-01,1.403802484273910522e-01,3.153314292430877686e-01,3.616764545440673828e-01,1.346645355224609375e-01,1.805961579084396362e-01,3.365020751953125000e-01,1.689841896295547485e-01,2.145980298519134521e-01,1.115948334336280823e-01,2.299678698182106018e-02,3.400065377354621887e-02,1.995628476142883301e-01,6.956755649298429489e-03,3.152935206890106201e-01,1.570746153593063354e-01,2.944299578666687012e-01,2.236397713422775269e-01,2.185672372579574585e-01,1.806554347276687622e-01,2.113038301467895508e-01,2.412385046482086182e-01,2.078971564769744873e-01,1.463576257228851318e-01,2.015895694494247437e-01,2.340850979089736938e-01,6.718026101589202881e-02,1.017202883958816528e-01,7.241168618202209473e-02,1.206529811024665833e-01,2.491832971572875977e-01,2.043640762567520142e-01,1.877704113721847534e-01,1.400579214096069336e-01,3.301999717950820923e-02,1.159140765666961670e-01,6.053583323955535889e-02,1.694634854793548584e-01,1.922860145568847656e-01,2.759457230567932129e-01,6.396953016519546509e-02,7.499669492244720459e-02,1.236502900719642639e-01,-6.615244597196578979e-02,3.538316115736961365e-02,1.975788027048110962e-01,1.043498963117599487e-01,1.345125436782836914e-01,9.540360420942306519e-02,1.888179033994674683e-02,3.740925341844558716e-03,-1.225339099764823914e-01
2.582821547985076904e-01,2.716361880302429199e-01,2.171261757612228394e-01,2.278591990470886230e-01,4.580305814743041992e-01,4.352408647537231445e-01,4.539639130234718323e-02,8.856154978275299072e-02,1.000000000000000000e+00,6.315535902976989746e-01,1.596821993589401245e-01,2.748982906341552734e-01,2.031327188014984131e-01,3.828220665454864502e-01,6.737745404243469238e-01,4.761881530284881592e-01,1.462496966123580933e-01,1.040489599108695984e-01,-1.054197698831558228e-01,4.455943778157234192e-02,7.849361002445220947e-02,4.430253803730010986e-02,3.359566926956176758e-01,2.495841830968856812e-01,-1.516349613666534424e-01,3.205713629722595215e-02,5.626897513866424561e-02,1.393910944461822510e-01,4.167681634426116943e-01,1.989517509937286377e-01,2.037924677133560181e-01,2.025757133960723877e-01,1.685236245393753052e-01,1.757771372795104980e-01,1.729322671890258789e-01,1.890155859291553497e-02,2.733159661293029785e-01,2.043173760175704956e-01,1.457121819257736206e-01,1.899200677871704102e-01,1.633987873792648315e-01,1.359792500734329224e-01,2.669783830642700195e-01,3.775962889194488525e-01,3.422965109348297119e-01,4.320583939552307129e-01,2.752528190612792969e-01,3.240132629871368408e-01,2.838717401027679443e-01,3.370367884635925293e-01,2.560882866382598877e-01,3.345187604427337646e-01,1.855426579713821411e-01,3.364323377609252930e-01,2.482958585023880005e-01,1.851791590452194214e-01,2.000816464424133301e-01,2.739607095718383789e-01,2.529295980930328369e-01,2.438459545373916626e-01,1.545244008302688599e-01,2.141374796628952026e-01,2.026583254337310791e-01,2.270452827215194702e-01,1.020714789628982544e-01,1.952068805694580078e-01,2.885811328887939453e-01,2.187505215406417847e-01,1.120793074369430542e-01,1.916873008012771606e-01,1.374190747737884521e-01,1.189559921622276306e-01,1.636273972690105438e-02,2.286685705184936523e-01,1.524085849523544312e-01,6.404035538434982300e-02,2.858946323394775391e-01,2.963044047355651855e-01,1.636721342802047729e-01,7.310390472412109375e-03,4.870875552296638489e-02,1.223247721791267395e-01,-2.075086347758769989e-03,-9.601227194070816040e-02,1.678042560815811157e-01,3.776249885559082031e-01,-1.158756017684936523e-01,7.288832217454910278e-02,7.975117117166519165e-02,8.900726586580276489e-02,1.591702252626419067e-01,2.327553331851959229e-01,1.187491416931152344e-01,1.907243430614471436e-01,1.538614332675933838e-01,7.291546463966369629e-02,7.207057625055313110e-02,7.976435124874114990e-02,1.389505863189697266e-01,2.427187114953994751e-01,-6.169709563255310059e-02,-1.183753088116645813e-02,-2.037828713655471802e-01,-1.976969391107559204e-01,-6.215970590710639954e-02,-6.189216673374176025e-02,6.185106467455625534e-03,1.807132065296173096e-01,-1.270288368687033653e-03,1.541737020015716553e-01,1.295214593410491943e-01,1.470963060855865479e-01,6.176195293664932251e-02,-4.699548706412315369e-02,-1.746654510498046875e-01,-7.552819699048995972e-02
3.417395055294036865e-01,2.394630610942840576e-01,8.495220541954040527e-02,1.386610716581344604e-01,3.594604432582855225e-01,4.759042859077453613e-01,-1.876676082611083984e-01,-8.824848383665084839e-02,6.315535902976989746e-01,1.000000000000000000e+00,1.387804895639419556e-01,2.947806715965270996e-01,-2.776007354259490967e-02,3.876284658908843994e-01,4.631849825382232666e-01,7.005472183227539062e-01,2.466489002108573914e-02,2.358916588127613068e-02,-6.043512001633644104e-02,-6.949956715106964111e-02,6.722333282232284546e-02,-8.511581108905375004e-04,1.531302332878112793e-01,-7.573472335934638977e-03,-2.473062872886657715e-01,-1.049651801586151123e-01,-1.133406907320022583e-02,1.042036637663841248e-01,2.416500151157379150e-01,1.769277006387710571e-01,-1.676980778574943542e-02,-4.189579188823699951e-02,6.183348223567008972e-02,7.730002049356698990e-03,-2.576301433145999908e-02,-2.211974561214447021e-01,2.078397870063781738e-01,6.411086767911911011e-02,7.572897523641586304e-02,1.146168932318687439e-01,8.638427406549453735e-02,7.672198116779327393e-02,1.721385866403579712e-01,2.713094055652618408e-01,2.348736971616744995e-01,3.221741914749145508e-01,2.165725827217102051e-01,1.565049886703491211e-01,2.499256581068038940e-01,2.479895502328872681e-01,2.613483965396881104e-01,2.095706760883331299e-01,2.541189193725585938e-01,2.065660506486892700e-01,2.486038506031036377e-01,1.110521927475929260e-01,2.042811363935470581e-01,2.637415528297424316e-01,2.702542245388031006e-01,2.659313678741455078e-01,1.311800181865692139e-01,3.578886389732360840e-01,1.416099369525909424e-01,3.113850057125091553e-01,9.018518775701522827e-02,2.101710587739944458e-01,2.687987983226776123e-01,1.027976199984550476e-01,2.513033747673034668e-01,2.602997720241546631e-01,-5.347576364874839783e-02,-7.195001840591430664e-02,-1.725551486015319824e-02,1.243982613086700439e-01,3.653010353446006775e-02,8.171569555997848511e-02,5.558295175433158875e-02,2.591091394424438477e-01,6.211831420660018921e-02,-8.015040308237075806e-02,-9.438709169626235962e-02,1.513309478759765625e-01,-8.245407789945602417e-02,-2.550487816333770752e-01,1.899479478597640991e-01,3.299112617969512939e-01,-1.836392581462860107e-01,5.340967793017625809e-03,5.007002502679824829e-02,-3.285583108663558960e-02,2.610237300395965576e-01,1.816522628068923950e-01,1.920525431632995605e-01,1.155519634485244751e-01,4.685001075267791748e-02,1.396984420716762543e-02,-4.292664676904678345e-02,-5.593195930123329163e-02,2.584498822689056396e-01,2.124204933643341064e-01,-6.908285617828369141e-02,-9.737476706504821777e-02,-1.932925432920455933e-01,-3.162193000316619873e-01,-7.968538254499435425e-02,-5.973014980554580688e-02,-5.858239531517028809e-02,2.489431202411651611e-01,-8.157341927289962769e-02,-3.465713234618306160e-03,9.952109307050704956e-03,1.328888982534408569e-01,6.492651998996734619e-02,-4.260488972067832947e-02,-1.904839277267456055e-01,-1.289093792438507080e-01
3.656731545925140381e-01,2.114691585302352905e-01,1.185657158493995667e-01,1.494030356407165527e-01,5.812700092792510986e-02,3.618174791336059570e-02,1.468972712755203247e-01,2.133029550313949585e-01,1.596821993589401245e-01,1.387804895639419556e-01,1.000000000000000000e+00,4.420551657676696777e-01,2.647030949592590332e-01,4.090928435325622559e-01,1.196454241871833801e-01,1.631451696157455444e-01,2.370684295892715454e-01,7.528019696474075317e-02,6.778060644865036011e-02,7.315993309020996094e-02,-4.779729619622230530e-02,-3.752168640494346619e-02,1.138892769813537598e-01,1.036192476749420166e-02,-2.643404155969619751e-02,5.085584707558155060e-03,-1.685290224850177765e-02,-2.719438076019287109e-02,3.853011727333068848e-01,1.947497129440307617e-01,-1.659088768064975739e-02,6.253211759030818939e-04,-7.548764348030090332e-03,-7.249316200613975525e-03,4.783564712852239609e-03,-7.983134128153324127e-03,1.936714649200439453e-01,2.039396911859512329e-01,-3.640899062156677246e-02,2.339682355523109436e-02,9.099681675434112549e-02,1.411798875778913498e-02,2.092516049742698669e-02,1.963936537504196167e-02,4.826403688639402390e-03,2.580785565078258514e-02,8.809711784124374390e-02,-1.903699897229671478e-02,6.103882193565368652e-02,1.807368174195289612e-02,-1.002512499690055847e-02,-1.410700827836990356e-01,-2.998108789324760437e-02,-1.237398013472557068e-02,1.505627036094665527e-01,7.267313450574874878e-02,2.405889034271240234e-01,-1.238073408603668213e-02,3.642692267894744873e-01,3.275737464427947998e-01,3.109042644500732422e-01,3.068091869354248047e-01,2.754035294055938721e-01,2.186152786016464233e-01,2.833838760852813721e-01,2.851905524730682373e-01,2.779511809349060059e-01,2.798390090465545654e-01,2.022910416126251221e-01,1.610718965530395508e-01,1.523915976285934448e-01,1.224419102072715759e-01,1.013841480016708374e-01,1.172507479786872864e-01,3.589358553290367126e-02,6.378947198390960693e-02,1.296483129262924194e-01,7.212933152914047241e-02,1.862334609031677246e-01,-4.895089566707611084e-02,2.141815125942230225e-01,1.763576567173004150e-01,2.534741163253784180e-01,9.495523758232593536e-03,2.977482378482818604e-01,1.955649107694625854e-01,1.575615704059600830e-01,4.649847373366355896e-02,1.536385118961334229e-01,-1.457326672971248627e-02,1.415743231773376465e-01,4.124934598803520203e-02,3.745764493942260742e-03,-1.411196738481521606e-01,4.726940020918846130e-02,-9.038967080414295197e-03,5.841114372014999390e-02,-5.310577899217605591e-02,1.414296180009841919e-01,1.289318501949310303e-02,2.365488000214099884e-02,-5.943518877029418945e-02,5.870194360613822937e-02,-3.169470280408859253e-02,-2.407152205705642700e-02,-3.274841234087944031e-02,1.847680658102035522e-01,1.357821673154830933e-01,-1.008837148547172546e-01,2.112230658531188965e-02,6.935495883226394653e-02,-6.806053221225738525e-02,-7.150625437498092651e-02,-5.606433376669883728e-02,-1.079914271831512451e-01,-1.598324179649353027e-01
2.799828350543975830e-01,4.208939671516418457e-01,3.754521906375885010e-02,3.032196462154388428e-01,1.633106470108032227e-01,1.207923740148544312e-01,5.176991224288940430e-03,2.399410158395767212e-01,2.748982906341552734e-01,2.947806715965270996e-01,4.420551657676696777e-01,1.000000000000000000e+00,1.086511835455894470e-01,6.094402074813842773e-01,2.973281443119049072e-01,3.030990362167358398e-01,1.454122811555862427e-01,1.997738927602767944e-01,1.184759568423032761e-02,9.371141903102397919e-03,8.081650733947753906e-02,2.170525304973125458e-02,2.316347956657409668e-01,8.671770244836807251e-02,-1.189705803990364075e-01,-7.599026709794998169e-02,3.466388210654258728e-02,-2.976150065660476685e-02,4.207769930362701416e-01,2.766338586807250977e-01,3.034725040197372437e-02,8.523778058588504791e-03,1.161037385463714600e-01,1.524824053049087524e-01,-2.333931624889373779e-02,-7.181742042303085327e-02,2.432214617729187012e-01,2.592672407627105713e-01,3.739766031503677368e-02,8.494210243225097656e-02,1.580611616373062134e-01,1.793998926877975464e-01,6.799360364675521851e-02,1.561008840799331665e-01,7.319886237382888794e-02,1.484782844781875610e-01,5.860605463385581970e-02,1.179815456271171570e-01,8.502714335918426514e-02,1.787120103836059570e-01,-2.821640484035015106e-02,4.740238189697265625e-02,-9.155110269784927368e-02,2.345051914453506470e-01,5.919393897056579590e-02,8.941330760717391968e-02,2.371780425310134888e-01,2.070831656455993652e-01,3.561260104179382324e-01,3.888953328132629395e-01,2.608922421932220459e-01,4.529440999031066895e-01,2.077356576919555664e-01,4.916617274284362793e-01,1.491058319807052612e-01,2.415486425161361694e-01,3.972077965736389160e-01,2.954325675964355469e-01,1.866445392370223999e-01,2.800015211105346680e-01,2.098026126623153687e-01,1.558020710945129395e-01,2.465765923261642456e-01,2.111922502517700195e-01,-2.406598255038261414e-02,-5.548703484237194061e-03,2.128998488187789917e-01,1.020585745573043823e-01,2.163429260253906250e-01,-6.084993481636047363e-02,5.419108644127845764e-02,2.777749300003051758e-01,1.609928756952285767e-01,2.287164181470870972e-01,1.895637959241867065e-01,4.466313421726226807e-01,-9.935013018548488617e-03,2.073253393173217773e-01,2.858061452570836991e-05,6.737737357616424561e-02,4.566778242588043213e-02,1.789017021656036377e-01,-8.803695440292358398e-03,9.134322404861450195e-03,9.625121951103210449e-02,1.840411871671676636e-01,2.936809696257114410e-02,1.555895898491144180e-03,3.233597055077552795e-02,5.574788153171539307e-02,-4.882688820362091064e-02,6.154247000813484192e-02,-6.716645509004592896e-02,1.855199970304965973e-02,-1.567228734493255615e-01,-7.806193083524703979e-02,2.173850685358047485e-01,3.165234029293060303e-01,-4.129074141383171082e-02,4.947949573397636414e-02,5.796282365918159485e-02,-4.512980580329895020e-02,-8.037632703781127930e-02,-1.128448247909545898e-01,-1.790918409824371338e-01,-2.803002893924713135e-01
1.683074980974197388e-01,8.505319803953170776e-02,1.140018850564956665e-01,-4.502796754240989685e-02,-2.831609174609184265e-02,-1.604302078485488892e-01,6.135175824165344238e-01,4.920984506607055664e-01,2.031327188014984131e-01,-2.776007354259490967e-02,2.647030949592590332e-01,1.086511835455894470e-01,1.000000000000000000e+00,3.539698123931884766e-01,9.446918964385986328e-02,5.630690231919288635e-02,1.674659550189971924e-01,4.273859784007072449e-02,2.927694618701934814e-01,1.042250767350196838e-01,-3.492216765880584717e-02,-5.602775141596794128e-02,1.762863695621490479e-01,-1.927418820559978485e-02,-5.605066195130348206e-02,4.482776392251253128e-03,-9.636470675468444824e-02,-1.733419746160507202e-01,3.400799632072448730e-01,-7.472451776266098022e-02,1.200650632381439209e-01,1.455620825290679932e-01,-9.739142656326293945e-02,-7.935953885316848755e-02,1.010964140295982361e-01,1.403516829013824463e-01,1.635967940092086792e-01,1.678906977176666260e-01,2.413819311186671257e-03,5.125474184751510620e-02,7.164596766233444214e-02,4.888973757624626160e-02,3.452192544937133789e-01,3.226610720157623291e-01,3.438926935195922852e-01,3.695328533649444580e-01,3.378929793834686279e-01,3.393515050411224365e-01,3.563402891159057617e-01,3.023510277271270752e-01,2.152759432792663574e-01,1.393886059522628784e-01,1.920324862003326416e-01,2.369358241558074951e-01,1.069752201437950134e-01,8.973992615938186646e-02,1.152967140078544617e-01,1.116452645510435104e-02,2.775363624095916748e-01,2.949365973472595215e-01,2.868140637874603271e-01,1.257055401802062988e-01,2.235065549612045288e-01,4.040411114692687988e-02,3.128727078437805176e-01,2.484389245510101318e-01,2.580473124980926514e-01,2.768860459327697754e-01,2.017400041222572327e-02,2.685229294002056122e-02,2.160838991403579712e-01,1.194779202342033386e-01,2.338752597570419312e-01,-2.658539079129695892e-02,-1.323986500501632690e-01,-3.540355339646339417e-02,1.477406620979309082e-01,-2.724258601665496826e-02,2.865218222141265869e-01,6.434411555528640747e-02,3.370856046676635742e-01,1.617848277091979980e-01,3.131470978260040283e-01,2.151331007480621338e-01,2.847437560558319092e-01,2.433489263057708740e-01,3.152627050876617432e-01,1.697374880313873291e-01,2.972340583801269531e-01,2.306606769561767578e-01,2.469338178634643555e-01,1.931884288787841797e-01,1.644876450300216675e-01,1.054206192493438721e-01,1.658123731613159180e-01,1.192099824547767639e-01,1.757837682962417603e-01,1.130299344658851624e-01,1.650596410036087036e-01,1.164778843522071838e-01,1.765712499618530273e-01,1.492858082056045532e-01,3.162294328212738037e-01,3.151703178882598877e-01,8.242237567901611328e-02,1.075549796223640442e-01,1.212629601359367371e-01,-6.534925848245620728e-02,1.090802624821662903e-02,2.039303332567214966e-01,1.274774968624114990e-01,1.782069951295852661e-01,1.072054281830787659e-01,1.019398774951696396e-02,3.450461372267454863e-04,-4.927252605557441711e-02
