1.000000000000000000e+00,4.716601967811584473e-01,4.534116089344024658e-01,3.835648000240325928e-01,1.657013446092605591e-01,-1.232531219720840454e-01,5.094118118286132812e-01,1.912377178668975830e-01,8.637598901987075806e-02,-2.163491100072860718e-01,2.636812627315521240e-01,3.576285019516944885e-02,2.537081241607666016e-01,-1.571261286735534668e-01,2.291320711374282837e-01,-8.218997716903686523e-02,4.242421686649322510e-01,2.520494461059570312e-01,3.172661960124969482e-01,2.973835766315460205e-01,-9.867189452052116394e-03,7.840000092983245850e-02,4.148838818073272705e-01,3.475700020790100098e-01,1.868964582681655884e-01,4.336643591523170471e-02,2.235542088747024536e-01,1.836462877690792084e-02,2.839239239692687988e-01,2.016198337078094482e-01,1.945710033178329468e-01,3.222085833549499512e-01,3.255337476730346680e-01,3.219425082206726074e-01,1.501754224300384521e-01,-1.474738959223031998e-02,3.217181265354156494e-01,2.273938953876495361e-01,4.862063825130462646e-01,3.565247952938079834e-01,2.050336003303527832e-01,5.449968203902244568e-02,2.283077985048294067e-01,2.445834428071975708e-01,2.061569541692733765e-01,1.618625521659851074e-01,3.406292498111724854e-01,2.402358949184417725e-01,7.664499431848526001e-02,-2.676828019320964813e-02,7.635139673948287964e-02,5.848269909620285034e-02,2.933188974857330322e-01,-1.509871184825897217e-01,5.396306514739990234e-01,3.477038741111755371e-01,6.885000467300415039e-01,4.071035683155059814e-01,2.831248939037322998e-01,2.125390321016311646e-01,4.430311620235443115e-01,3.672624826431274414e-01,4.389165639877319336e-01,3.667901158332824707e-01,1.635105311870574951e-01,1.656153947114944458e-01,3.708595335483551025e-01,3.656632900238037109e-01,3.102402091026306152e-01,3.173864483833312988e-01,9.186801314353942871e-02,1.859810352325439453e-01,-6.275922060012817383e-02,1.090283393859863281e-01,-1.948364637792110443e-02,8.525140583515167236e-02,1.471353173255920410e-01,1.893463730812072754e-01,2.392356842756271362e-01,2.282509207725524902e-01,4.031680822372436523e-01,2.065992057323455811e-01,1.029446050524711609e-01,-1.639509499073028564e-01,4.917053580284118652e-01,1.293110996484756470e-01,-1.375243812799453735e-02,-9.652431309223175049e-02,3.738204836845397949e-01,5.026471987366676331e-02,3.987720906734466553e-01,1.192911416292190552e-01,2.539985477924346924e-01,5.937444046139717102e-02,2.928521931171417236e-01,2.624547481536865234e-01,4.481715857982635498e-01,3.415063917636871338e-01,4.546699821949005127e-01,3.563403785228729248e-01,3.032145202159881592e-01,1.366571187973022461e-01,3.998656868934631348e-01,3.754808306694030762e-01,4.040178060531616211e-01,2.496323883533477783e-01,2.493820637464523315e-01,9.687300771474838257e-02,4.236022382974624634e-02,1.589079648256301880e-01,1.482836902141571045e-01,2.321771830320358276e-01,2.599698603153228760e-01,3.280588090419769287e-01,2.945639491081237793e-01,1.449455767869949341e-01
4.716601967811584473e-01,1.000000000000000000e+00,3.751386702060699463e-01,3.265846967697143555e-01,2.924183569848537445e-02,3.361326176673173904e-03,5.075114965438842773e-01,1.574861854314804077e-01,-2.572934702038764954e-02,-5.074105784296989441e-02,6.419467926025390625e-02,6.401269137859344482e-02,-2.425077743828296661e-02,-7.903398573398590088e-02,7.295664399862289429e-02,1.881119906902313232e-01,2.419400215148925781e-01,2.959848642349243164e-01,4.872048199176788330e-01,4.672351181507110596e-01,1.519960165023803711e-01,3.182369470596313477e-01,2.659396231174468994e-01,2.254473716020584106e-01,1.324332058429718018e-01,7.285750657320022583e-02,1.321096122264862061e-01,1.046969890594482422e-01,1.891418099403381348e-01,2.990114986896514893e-01,1.026417687535285950e-01,2.882500886917114258e-01,3.024636209011077881e-01,3.492372632026672363e-01,1.219197884202003479e-01,6.973371654748916626e-02,2.102100104093551636e-01,3.067574799060821533e-01,3.252858221530914307e-01,4.032733142375946045e-01,2.073667645454406738e-01,1.853141784667968750e-01,2.766281962394714355e-01,3.331287801265716553e-01,2.835443317890167236e-01,2.421128600835800171e-01,2.770746648311614990e-01,2.579147815704345703e-01,-2.878478029742836952e-03,2.735146135091781616e-02,-4.444379732012748718e-02,7.387622445821762085e-02,6.795633584260940552e-02,-5.267456639558076859e-03,3.197454810142517090e-01,2.278272807598114014e-01,4.563879370689392090e-01,6.670871973037719727e-01,1.939253807067871094e-01,1.149976551532745361e-01,3.012371063232421875e-01,3.725791275501251221e-01,2.157515138387680054e-01,4.894864559173583984e-01,2.824611216783523560e-02,1.977846026420593262e-01,3.993943333625793457e-01,4.050669074058532715e-01,1.939270049333572388e-01,3.416924774646759033e-01,1.490322351455688477e-01,1.844039708375930786e-01,1.173254176974296570e-01,3.066091239452362061e-01,1.380709558725357056e-01,3.023775219917297363e-01,2.556869685649871826e-01,3.056550323963165283e-01,1.505744904279708862e-01,2.842357456684112549e-01,1.313430070877075195e-01,1.913299560546875000e-01,-5.762345972470939159e-04,-2.422704733908176422e-02,1.492683440446853638e-01,1.973167359828948975e-01,-6.850779056549072266e-02,3.457985445857048035e-02,8.788691461086273193e-02,9.055257588624954224e-02,1.354437917470932007e-01,1.457780748605728149e-01,7.945627719163894653e-02,4.068288579583168030e-02,2.627876102924346924e-01,2.636772990226745605e-01,3.203264772891998291e-01,3.635995388031005859e-01,2.762370109558105469e-01,2.625529766082763672e-01,1.563936322927474976e-01,4.165624082088470459e-02,1.799455285072326660e-01,1.775025874376296997e-01,1.512179821729660034e-01,-2.992513217031955719e-02,1.370770782232284546e-01,-9.444500505924224854e-02,6.623166054487228394e-02,1.855454593896865845e-01,1.564753949642181396e-01,2.438745200634002686e-01,2.620885372161865234e-01,1.430745273828506470e-01,1.197682023048400879e-01,-7.270470261573791504e-02
4.534116089344024658e-01,3.751386702060699463e-01,1.000000000000000000e+00,7.204824090003967285e-01,-1.857512742280960083e-01,-4.102058112621307373e-01,7.062323093414306641e-01,5.386037826538085938e-01,-3.236246705055236816e-01,-5.062074065208435059e-01,1.019733399152755737e-01,6.819678097963333130e-02,1.741174906492233276e-01,-4.295236244797706604e-02,-1.720666736364364624e-01,-1.712490469217300415e-01,1.300330907106399536e-01,1.610021889209747314e-01,3.240495324134826660e-01,3.417906165122985840e-01,1.462367027997970581e-01,1.796746999025344849e-01,6.839840412139892578e-01,6.676295399665832520e-01,9.296295791864395142e-02,3.285432234406471252e-02,4.707468673586845398e-02,-1.131678596138954163e-01,2.027729749679565430e-01,2.034823894500732422e-01,3.591384589672088623e-01,4.954230189323425293e-01,2.023403942584991455e-01,3.623972535133361816e-01,1.815247163176536560e-02,-1.679140515625476837e-02,8.385353535413742065e-02,1.256539076566696167e-01,2.485114783048629761e-01,2.158062607049942017e-01,1.176111847162246704e-01,5.830597504973411560e-02,2.110030353069305420e-01,2.571621239185333252e-01,2.179215252399444580e-01,1.162052527070045471e-01,2.603375017642974854e-01,2.752415835857391357e-01,-5.378775671124458313e-02,-1.827353835105895996e-01,-6.780221313238143921e-02,-6.280811876058578491e-02,7.642649859189987183e-02,-1.537896394729614258e-01,4.662563502788543701e-01,2.582242488861083984e-01,2.949784696102142334e-01,2.963184714317321777e-01,1.054769903421401978e-01,2.889474928379058838e-01,1.182786226272583008e-01,2.713472247123718262e-01,2.650648355484008789e-01,4.321481883525848389e-01,-4.474857449531555176e-02,-1.129155885428190231e-02,1.067187786102294922e-01,1.660181283950805664e-01,2.747000157833099365e-01,2.052979469299316406e-01,1.795895993709564209e-01,2.537724971771240234e-01,-8.475137501955032349e-02,6.685020029544830322e-02,-7.766870409250259399e-02,-4.656268283724784851e-02,8.628050982952117920e-02,1.661510616540908813e-01,1.077875271439552307e-01,2.667225897312164307e-01,1.146600916981697083e-01,1.392331123352050781e-01,-2.236790060997009277e-01,-2.330072671175003052e-01,4.847352951765060425e-02,6.116057559847831726e-02,-3.869229257106781006e-01,-3.776273131370544434e-01,-4.290027916431427002e-02,-5.927591770887374878e-02,3.019269406795501709e-01,2.236346155405044556e-01,-5.359399598091840744e-03,-2.143499627709388733e-02,3.242881000041961670e-01,3.584301471710205078e-01,4.804503321647644043e-01,3.769319653511047363e-01,4.717180430889129639e-01,4.945126175880432129e-01,1.690467447042465210e-02,-1.416063606739044189e-01,1.342551261186599731e-01,1.218822300434112549e-01,2.913209795951843262e-01,1.167856454849243164e-01,2.336445823311805725e-02,-2.037758231163024902e-01,1.845998764038085938e-01,3.490073382854461670e-01,3.083996772766113281e-01,3.998509049415588379e-01,4.454155564308166504e-01,3.359248340129852295e-01,2.640577554702758789e-01,6.033406779170036316e-02
3.835648000240325928e-01,3.265846967697143555e-01,7.204824090003967285e-01,1.000000000000000000e+00,-2.018707245588302612e-01,-3.811745345592498779e-01,6.045662760734558105e-01,6.479361653327941895e-01,-3.002888560295104980e-01,-5.124129652976989746e-01,8.352596312761306763e-02,5.294832959771156311e-02,1.841651201248168945e-01,-5.924677848815917969e-02,-1.990680098533630371e-01,-1.677878051996231079e-01,1.398596018552780151e-01,1.610339730978012085e-01,2.135588824748992920e-01,1.999875158071517944e-01,1.006081476807594299e-01,1.623177081346511841e-01,6.160910725593566895e-01,7.059291601181030273e-01,6.888369470834732056e-02,6.413148343563079834e-02,-5.281576886773109436e-03,-8.229513466358184814e-02,1.277613937854766846e-01,2.034912854433059692e-01,3.274433612823486328e-01,5.327539443969726562e-01,1.872431188821792603e-01,3.728440105915069580e-01,1.387066990137100220e-01,5.670187249779701233e-02,1.186792850494384766e-01,1.809441298246383667e-01,2.365019619464874268e-01,2.550102770328521729e-01,8.405416458845138550e-02,3.436090797185897827e-02,1.936724931001663208e-01,2.185387611389160156e-01,1.759359240531921387e-01,5.276551097631454468e-02,2.240070104598999023e-01,3.000714480876922607e-01,-7.037635892629623413e-02,-2.125409543514251709e-01,-3.699164092540740967e-02,-7.710452377796173096e-02,2.671466581523418427e-02,-1.369747221469879150e-01,3.625897467136383057e-01,3.122603595256805420e-01,2.927626669406890869e-01,2.635373771190643311e-01,1.525247693061828613e-01,3.023487627506256104e-01,8.166642487049102783e-02,2.257641404867172241e-01,2.278839200735092163e-01,4.323801100254058838e-01,-7.973843067884445190e-02,-7.758820801973342896e-02,8.514299243688583374e-02,1.387366056442260742e-01,2.303025871515274048e-01,2.101954668760299683e-01,2.486926466226577759e-01,3.195590376853942871e-01,-2.760335570201277733e-03,3.480996936559677124e-02,5.148783698678016663e-02,-2.967861248180270195e-03,1.498140096664428711e-01,2.083368152379989624e-01,4.649062454700469971e-02,2.790394723415374756e-01,1.407235413789749146e-01,1.551710814237594604e-01,-2.353127002716064453e-01,-2.519106268882751465e-01,3.239166364073753357e-02,5.590013414621353149e-02,-3.884697258472442627e-01,-4.124776124954223633e-01,-9.339448809623718262e-02,-4.555034637451171875e-02,2.120097875595092773e-01,2.252522259950637817e-01,-8.827581256628036499e-02,-4.415789246559143066e-02,3.307935297489166260e-01,4.067987799644470215e-01,4.219501018524169922e-01,4.308428168296813965e-01,3.850840628147125244e-01,4.927294552326202393e-01,-2.509054541587829590e-02,-1.644022762775421143e-01,1.134977638721466064e-01,9.834081679582595825e-02,3.223473131656646729e-01,1.786408573389053345e-01,3.360015526413917542e-02,-1.192565858364105225e-01,2.262523919343948364e-01,4.098817408084869385e-01,3.444049954414367676e-01,4.069835245609283447e-01,4.444224536418914795e-01,3.127377033233642578e-01,2.961979210376739502e-01,1.239119768142700195e-01
1.657013446092605591e-01,2.924183569848537445e-02,-1.857512742280960083e-01,-2.018707245588302612e-01,1.000000000000000000e+00,5.914493799209594727e-01,-5.752996355295181274e-02,-1.712129563093185425e-01,7.590446472167968750e-01,4.664368331432342529e-01,1.828714609146118164e-01,3.726293891668319702e-02,2.394332140684127808e-01,1.162868961691856384e-01,6.519820094108581543e-01,2.752423882484436035e-01,1.769997030496597290e-01,7.102230936288833618e-02,-2.394787222146987915e-02,-1.672696024179458618e-01,-4.810857027769088745e-02,-4.512260109186172485e-02,-6.586959213018417358e-02,-1.653104573488235474e-01,6.414692401885986328e-01,4.317771494388580322e-01,6.476480960845947266e-01,5.547111034393310547e-01,7.466080039739608765e-02,2.539266087114810944e-02,-1.460151560604572296e-02,-1.241651177406311035e-01,-8.925165235996246338e-02,-2.426412999629974365e-01,-2.459390014410018921e-01,-2.921227812767028809e-01,-3.281497210264205933e-02,-2.076580002903938293e-02,1.203017160296440125e-01,7.263091951608657837e-02,3.969447314739227295e-02,1.265611648559570312e-01,-1.661789715290069580e-01,-2.164318412542343140e-01,-7.619582861661911011e-02,-3.467435389757156372e-02,-2.071287781000137329e-01,-8.422988653182983398e-02,2.152205072343349457e-02,3.920518979430198669e-02,-3.745512291789054871e-02,1.255722716450691223e-02,9.872106462717056274e-02,1.642449051141738892e-01,1.306523084640502930e-01,1.508098989725112915e-01,2.391438335180282593e-01,1.445633471012115479e-01,1.737389713525772095e-01,9.455188363790512085e-02,1.303375363349914551e-01,4.797972366213798523e-02,1.213788762688636780e-01,9.298187494277954102e-02,6.186734139919281006e-02,1.580896377563476562e-01,8.110544295050203800e-04,1.543993689119815826e-02,-7.244388014078140259e-02,1.094798594713211060e-01,-1.779139041900634766e-01,-2.178481370210647583e-01,-9.585634618997573853e-02,2.262894622981548309e-02,-1.548827439546585083e-01,-6.328195333480834961e-02,-2.188539654016494751e-01,-1.886849254369735718e-01,8.574326522648334503e-03,-1.216606423258781433e-01,2.159429043531417847e-01,1.421027779579162598e-01,6.466907262802124023e-01,4.346448779106140137e-01,4.105466604232788086e-01,1.876062601804733276e-01,6.482452154159545898e-01,5.646066069602966309e-01,5.584136247634887695e-01,4.049004614353179932e-01,1.641400903463363647e-01,1.755785495042800903e-01,2.752510905265808105e-01,2.496847808361053467e-01,6.044410541653633118e-02,-2.391291037201881409e-02,-5.869997292757034302e-02,-1.293749958276748657e-01,-4.663256928324699402e-02,-1.327601075172424316e-01,2.713690698146820068e-01,2.971198856830596924e-01,3.284159898757934570e-01,3.339513838291168213e-01,1.498541980981826782e-01,2.196151018142700195e-01,1.912063211202621460e-01,2.325807213783264160e-01,3.079766780138015747e-02,-2.944640628993511200e-02,-3.953220695257186890e-02,-2.396758273243904114e-02,-7.067526876926422119e-02,-1.224895846098661423e-02,-2.777959220111370087e-02,2.147871851921081543e-01
-1.232531219720840454e-01,3.361326176673173904e-03,-4.102058112621307373e-01,-3.811745345592498779e-01,5.914493799209594727e-01,1.000000000000000000e+00,-3.191887736320495605e-01,-3.273465335369110107e-01,6.233634948730468750e-01,7.664444446563720703e-01,-7.334709912538528442e-02,3.550615906715393066e-02,-1.579088866710662842e-01,1.561557799577713013e-01,4.822928905487060547e-01,5.827875137329101562e-01,5.310557316988706589e-04,4.700481519103050232e-02,1.138963707489892840e-04,-5.351020023226737976e-02,5.511806905269622803e-02,1.483010798692703247e-01,-3.269852697849273682e-01,-3.383867442607879639e-01,4.362195730209350586e-01,4.843204915523529053e-01,5.184338688850402832e-01,6.278267502784729004e-01,-6.235210597515106201e-02,1.033475920557975769e-01,-8.321138471364974976e-02,-1.487569063901901245e-01,-1.104351133108139038e-01,-2.323407828807830811e-01,-7.406969368457794189e-02,-4.197381436824798584e-02,-6.507175415754318237e-02,8.864080160856246948e-02,7.789399009197950363e-03,1.015502065420150757e-01,4.342940635979175568e-03,2.614828944206237793e-01,-8.859299123287200928e-02,-1.565198004245758057e-01,8.472076617181301117e-03,7.168656587600708008e-02,-1.824325323104858398e-01,-1.690677553415298462e-02,5.210697278380393982e-02,1.120122149586677551e-01,-2.615155465900897980e-02,5.217613652348518372e-02,4.801661241799592972e-03,3.871613442897796631e-01,-9.165421128273010254e-02,2.406420558691024780e-02,7.613515481352806091e-04,2.036097794771194458e-01,1.139417365193367004e-01,-7.748564332723617554e-02,2.774479612708091736e-02,-3.041680715978145599e-02,-1.459901481866836548e-01,-3.814940899610519409e-02,4.099848214536905289e-03,4.469528421759605408e-02,1.162596270442008972e-01,4.327695816755294800e-02,-7.078630477190017700e-02,1.257262676954269409e-01,-1.862487643957138062e-01,-2.358216494321823120e-01,3.195210918784141541e-02,1.274780482053756714e-01,-1.640559457882773131e-05,1.425480842590332031e-01,-3.217526525259017944e-02,9.262560633942484856e-04,-2.285998873412609100e-02,-4.523740336298942566e-02,-8.270422369241714478e-02,-1.094190776348114014e-02,5.037482380867004395e-01,6.337912678718566895e-01,9.339156001806259155e-02,8.091143518686294556e-02,5.791459679603576660e-01,6.887338161468505859e-01,2.914628386497497559e-01,4.208533763885498047e-01,-1.021531149744987488e-01,9.825944155454635620e-02,9.478820115327835083e-02,2.359764128923416138e-01,-7.280098646879196167e-02,-6.734760850667953491e-02,-1.765835732221603394e-01,-1.935812681913375854e-01,-2.612941563129425049e-01,-3.364013135433197021e-01,1.164295375347137451e-01,2.445336878299713135e-01,1.005882695317268372e-01,8.925513178110122681e-02,-8.402462303638458252e-02,-1.051342580467462540e-03,6.031046435236930847e-02,1.308775544166564941e-01,1.105821970850229263e-02,-7.122973352670669556e-02,-4.767703264951705933e-02,-8.707490563392639160e-02,-1.945843845605850220e-01,-2.040448188781738281e-01,-1.507574170827865601e-01,1.224242076277732849e-01
5.094118118286132812e-01,5.075114965438842773e-01,7.062323093414306641e-01,6.045662760734558105e-01,-5.752996355295181274e-02,-3.191887736320495605e-01,1.000000000000000000e+00,3.766195774078369141e-01,-1.734908074140548706e-01,-3.864506483078002930e-01,2.379058152437210083e-01,-2.171427384018898010e-02,2.521625459194183350e-01,-1.757479310035705566e-01,-3.482841700315475464e-02,-9.835106134414672852e-02,2.987279891967773438e-01,2.242784649133682251e-01,3.260722756385803223e-01,3.371649384498596191e-01,1.291770040988922119e-01,1.723436564207077026e-01,5.940778851509094238e-01,5.403544902801513672e-01,1.416669785976409912e-01,1.743838749825954437e-02,7.068065553903579712e-02,-4.587190225720405579e-02,3.517618775367736816e-01,2.274957895278930664e-01,3.280963897705078125e-01,4.542559981346130371e-01,3.532072305679321289e-01,4.070942699909210205e-01,1.852529682219028473e-02,-7.541061937808990479e-02,1.713031530380249023e-01,1.911501884460449219e-01,3.562859594821929932e-01,3.113884329795837402e-01,1.720476150512695312e-01,8.447447419166564941e-02,2.317848205566406250e-01,2.971851825714111328e-01,2.195026427507400513e-01,1.131244972348213196e-01,2.987151741981506348e-01,2.642982900142669678e-01,-2.616375684738159180e-02,-1.334002166986465454e-01,-2.442447468638420105e-02,-6.393790245056152344e-03,1.913786977529525757e-01,-1.896334588527679443e-01,5.161657929420471191e-01,3.266566991806030273e-01,3.917673528194427490e-01,3.722338676452636719e-01,8.807561546564102173e-02,1.973976045846939087e-01,2.259763032197952271e-01,2.613799571990966797e-01,4.075066447257995605e-01,4.907675385475158691e-01,4.044526070356369019e-02,9.001341462135314941e-02,1.655162423849105835e-01,2.365875244140625000e-01,1.782198995351791382e-01,2.018558979034423828e-01,2.153920978307723999e-01,2.667814195156097412e-01,-5.039951205253601074e-02,1.015140935778617859e-01,-4.101191088557243347e-02,-2.759869024157524109e-02,1.226388961076736450e-01,1.569659709930419922e-01,2.148555368185043335e-01,2.591426670551300049e-01,2.650335431098937988e-01,1.825534105300903320e-01,-1.206441149115562439e-01,-2.831404209136962891e-01,1.750377714633941650e-01,1.113623231649398804e-01,-2.654901742935180664e-01,-3.132159709930419922e-01,6.033155694603919983e-02,-1.129687763750553131e-02,3.320038020610809326e-01,1.896912008523941040e-01,6.452849507331848145e-02,-5.205468088388442993e-02,2.834909260272979736e-01,3.248848021030426025e-01,4.282049238681793213e-01,3.583388328552246094e-01,4.467095136642456055e-01,4.610626995563507080e-01,6.156340986490249634e-02,-1.010880768299102783e-01,1.405208855867385864e-01,1.339299976825714111e-01,3.060861527919769287e-01,9.691227972507476807e-02,9.008377790451049805e-02,-1.364578902721405029e-01,1.228886097669601440e-01,2.367244213819503784e-01,2.370312064886093140e-01,3.222245573997497559e-01,3.644722104072570801e-01,1.997425407171249390e-01,2.018166035413742065e-01,-2.039422653615474701e-02
1.912377178668975830e-01,1.574861854314804077e-01,5.386037826538085938e-01,6.479361653327941895e-01,-1.712129563093185425e-01,-3.273465335369110107e-01,3.766195774078369141e-01,1.000000000000000000e+00,-3.163645565509796143e-01,-4.651956558227539062e-01,1.111957728862762451e-01,3.543387949466705322e-01,2.584979236125946045e-01,2.949380874633789062e-01,-3.185741305351257324e-01,-1.663377732038497925e-01,1.406305935233831406e-02,1.968048810958862305e-01,-5.351020395755767822e-02,-5.156372208148241043e-03,3.717943280935287476e-02,1.115672290325164795e-01,5.438267588615417480e-01,5.998886227607727051e-01,1.164777874946594238e-01,1.141201630234718323e-01,-3.488915041089057922e-02,-8.167342841625213623e-02,-4.086078330874443054e-02,2.532434463500976562e-01,3.292099535465240479e-01,3.723466396331787109e-01,3.032085113227367401e-02,1.830931007862091064e-01,5.472403392195701599e-02,9.419715404510498047e-02,6.774237006902694702e-02,1.442934125661849976e-01,7.538343966007232666e-02,1.609144061803817749e-01,-6.121004372835159302e-02,1.773330383002758026e-02,-2.176960743963718414e-02,-2.540760673582553864e-03,-2.497853711247444153e-03,-4.113001748919487000e-02,3.936757892370223999e-02,1.446994394063949585e-01,-1.262957751750946045e-01,-2.319478094577789307e-01,-1.572932898998260498e-01,-2.042760699987411499e-01,1.453782711178064346e-02,-9.800025075674057007e-02,2.155614644289016724e-01,2.778339982032775879e-01,1.056903079152107239e-01,1.345354467630386353e-01,1.872196793556213379e-02,4.575198292732238770e-01,-1.398586630821228027e-01,1.636654585599899292e-01,1.528298258781433105e-01,3.618935942649841309e-01,-1.584692299365997314e-01,-9.856995195150375366e-02,-5.320951342582702637e-02,3.928846120834350586e-02,9.832975268363952637e-02,1.162051856517791748e-01,2.591086030006408691e-01,2.831747531890869141e-01,-6.621120125055313110e-02,-1.295895501971244812e-02,4.458202421665191650e-02,-5.583403632044792175e-02,2.082185074687004089e-02,6.972509622573852539e-02,-1.401844620704650879e-02,1.876135319471359253e-01,1.365941911935806274e-01,3.014554083347320557e-01,-2.859390079975128174e-01,-2.778434939682483673e-02,6.423901766538619995e-03,2.632105350494384766e-01,-4.123143851757049561e-01,-3.361404240131378174e-01,-7.955935597419738770e-02,7.897534966468811035e-02,1.914921551942825317e-01,2.276090532541275024e-01,-1.371162980794906616e-01,-4.236142337322235107e-02,2.433594912290573120e-01,2.381592392921447754e-01,3.144710361957550049e-01,3.606887161731719971e-01,3.297219574451446533e-01,4.399988353252410889e-01,-3.790379501879215240e-03,-2.154596149921417236e-01,1.421381980180740356e-01,2.388011664152145386e-02,3.110025227069854736e-01,2.403434813022613525e-01,8.092311769723892212e-02,3.558298200368881226e-02,2.308013588190078735e-01,3.569488227367401123e-01,3.456800282001495361e-01,3.682583868503570557e-01,3.559516072273254395e-01,3.974693417549133301e-01,3.904950618743896484e-01,2.520355582237243652e-01
8.637598901987075806e-02,-2.572934702038764954e-02,-3.236246705055236816e-01,-3.002888560295104980e-01,7.590446472167968750e-01,6.233634948730468750e-01,-1.734908074140548706e-01,-3.163645565509796143e-01,1.000000000000000000e+00,5.615646243095397949e-01,1.204590573906898499e-01,-8.226664364337921143e-02,1.249147877097129822e-01,1.699250773526728153e-03,7.513715028762817383e-01,2.409344315528869629e-01,1.331426352262496948e-01,-4.896356910467147827e-02,6.677214987576007843e-03,-1.320695430040359497e-01,-5.072081089019775391e-02,-4.463482648134231567e-02,-2.013862729072570801e-01,-2.925960421562194824e-01,4.411073923110961914e-01,3.172464370727539062e-01,5.760122537612915039e-01,4.995484054088592529e-01,4.964036867022514343e-03,-6.664721667766571045e-02,-1.372193098068237305e-01,-1.550065428018569946e-01,-1.774613559246063232e-01,-3.244498372077941895e-01,-2.496641278266906738e-01,-2.822597026824951172e-01,-3.939181938767433167e-02,-7.721052505075931549e-03,7.728302478790283203e-02,7.142811268568038940e-02,2.008213894441723824e-03,9.250874072313308716e-02,-1.365831047296524048e-01,-2.294537127017974854e-01,-2.827194519340991974e-02,-2.209937386214733124e-02,-1.823445260524749756e-01,-1.375956237316131592e-01,6.005128845572471619e-02,7.477847486734390259e-02,2.017198316752910614e-02,6.199023500084877014e-02,1.557845771312713623e-01,1.688939929008483887e-01,3.792801871895790100e-02,7.756096124649047852e-02,2.207550406455993652e-01,1.022194325923919678e-01,1.472342461347579956e-01,-5.940228700637817383e-02,1.478455215692520142e-01,-7.281958311796188354e-02,1.472948491573333740e-01,4.659022763371467590e-02,1.123038604855537415e-01,1.240027695894241333e-01,4.743462055921554565e-02,-2.573563903570175171e-02,-7.000090926885604858e-02,1.020082607865333557e-01,-1.539259850978851318e-01,-2.125217318534851074e-01,-4.068202339112758636e-03,3.085755929350852966e-02,-7.739240676164627075e-02,2.033089660108089447e-02,-1.712954640388488770e-01,-2.093686610460281372e-01,1.282655075192451477e-02,-1.733119636774063110e-01,1.797920465469360352e-01,3.388532437384128571e-03,7.103018760681152344e-01,3.822823762893676758e-01,3.535771667957305908e-01,1.639508828520774841e-02,7.533079981803894043e-01,5.718731284141540527e-01,5.223030447959899902e-01,3.446205258369445801e-01,1.668846011161804199e-01,1.559934616088867188e-01,3.422631919384002686e-01,2.719289958477020264e-01,4.073253273963928223e-02,-5.795485898852348328e-02,-1.971796900033950806e-01,-2.354444414377212524e-01,-1.841336488723754883e-01,-2.541952729225158691e-01,2.484097331762313843e-01,3.100158274173736572e-01,2.391876727342605591e-01,2.760311961174011230e-01,3.607114544138312340e-03,4.703707993030548096e-02,1.066838204860687256e-01,1.992827504873275757e-01,-6.194093823432922363e-02,-1.108092963695526123e-01,-1.808566451072692871e-01,-1.196323260664939880e-01,-1.529370546340942383e-01,-1.799768358469009399e-01,-1.714973747730255127e-01,8.866862952709197998e-02
-2.163491100072860718e-01,-5.074105784296989441e-02,-5.062074065208435059e-01,-5.124129652976989746e-01,4.664368331432342529e-01,7.664444446563720703e-01,-3.864506483078002930e-01,-4.651956558227539062e-01,5.615646243095397949e-01,1.000000000000000000e+00,-1.431825011968612671e-01,-7.877874374389648438e-02,-2.820578217506408691e-01,5.867703258991241455e-02,4.552544951438903809e-01,5.934622883796691895e-01,-5.264990404248237610e-02,-2.468004263937473297e-02,3.710091114044189453e-02,-2.808593586087226868e-02,-6.090704351663589478e-03,3.588093072175979614e-02,-5.116339921951293945e-01,-5.436905026435852051e-01,2.448440939188003540e-01,2.528126537799835205e-01,3.805200457572937012e-01,4.971108138561248779e-01,-9.733479470014572144e-02,-2.636583894491195679e-02,-2.580455243587493896e-01,-3.194471895694732666e-01,-1.258296817541122437e-01,-2.454938739538192749e-01,-6.764275580644607544e-02,-2.511408738791942596e-02,-5.328162014484405518e-02,2.150033228099346161e-02,-3.690740838646888733e-02,-3.108170442283153534e-02,-2.579404786229133606e-02,1.438716948032379150e-01,-5.080773681402206421e-02,-1.491872668266296387e-01,6.962433457374572754e-02,1.107905283570289612e-01,-1.784859001636505127e-01,-1.251808851957321167e-01,8.545003086328506470e-02,1.446627378463745117e-01,-1.213162951171398163e-02,8.098210394382476807e-02,2.463708445429801941e-02,3.225247263908386230e-01,-1.867487132549285889e-01,-7.958873361349105835e-02,-8.615577220916748047e-02,1.661982685327529907e-01,4.188289120793342590e-02,-2.109882682561874390e-01,-1.163657382130622864e-02,-6.408570706844329834e-02,-1.848080754280090332e-01,-9.550764411687850952e-02,-3.319255262613296509e-02,1.156483963131904602e-02,1.247018650174140930e-01,9.215283207595348358e-03,-9.797625243663787842e-02,6.910670548677444458e-02,-2.140386849641799927e-01,-2.630516588687896729e-01,6.290469784289598465e-03,4.379924014210700989e-02,-4.097003117203712463e-02,1.105708256363868713e-01,2.765124663710594177e-02,3.880878537893295288e-02,-8.179198019206523895e-03,-1.154684275388717651e-01,-1.739545017480850220e-01,-1.094937771558761597e-01,4.772602319717407227e-01,5.788285732269287109e-01,-2.872747369110584259e-02,1.403311826288700104e-02,5.935831665992736816e-01,6.941807270050048828e-01,2.100003510713577271e-01,3.382226228713989258e-01,-1.649441570043563843e-01,1.075334027409553528e-01,1.184900477528572083e-01,2.828676402568817139e-01,-1.835509836673736572e-01,-1.992644965648651123e-01,-3.231336772441864014e-01,-3.215301036834716797e-01,-3.807305693626403809e-01,-4.071825146675109863e-01,5.910052359104156494e-02,3.046073615550994873e-01,-1.024862006306648254e-02,3.203675895929336548e-02,-2.276333123445510864e-01,-1.551397442817687988e-01,-4.142105579376220703e-02,7.440818101167678833e-02,-1.039585843682289124e-01,-1.971642374992370605e-01,-2.262419015169143677e-01,-2.796430587768554688e-01,-3.261899650096893311e-01,-3.141646981239318848e-01,-2.858294844627380371e-01,-7.729614619165658951e-03
2.636812627315521240e-01,6.419467926025390625e-02,1.019733399152755737e-01,8.352596312761306763e-02,1.828714609146118164e-01,-7.334709912538528442e-02,2.379058152437210083e-01,1.111957728862762451e-01,1.204590573906898499e-01,-1.431825011968612671e-01,1.000000000000000000e+00,2.258756756782531738e-01,6.312069296836853027e-01,1.119529902935028076e-01,2.831354439258575439e-01,-1.491233054548501968e-02,5.699272155761718750e-01,3.053933680057525635e-01,-1.013007536530494690e-01,-7.665788382291793823e-02,1.182174980640411377e-01,8.119894564151763916e-02,2.235931307077407837e-01,1.399405598640441895e-01,1.399790793657302856e-01,-4.840739071369171143e-02,2.046122997999191284e-01,4.163784533739089966e-02,5.061762332916259766e-01,2.114505618810653687e-01,3.089666366577148438e-01,1.570154279470443726e-01,1.827996671199798584e-01,8.037114888429641724e-02,-4.446094855666160583e-02,-9.054370224475860596e-02,2.104737795889377594e-02,-5.076925735920667648e-03,9.982622414827346802e-02,-5.307815968990325928e-02,6.994608044624328613e-02,-1.643439680337905884e-01,7.593452930450439453e-02,8.072759956121444702e-02,6.267926655709743500e-03,4.019932448863983154e-02,-7.652234751731157303e-03,-1.592258177697658539e-02,-9.701126255095005035e-03,-5.175277590751647949e-02,-1.042132638394832611e-02,-5.658643320202827454e-02,8.247727900743484497e-02,-2.024480551481246948e-01,1.472629308700561523e-01,2.985232509672641754e-02,1.969491243362426758e-01,-6.662467122077941895e-02,-2.865983359515666962e-02,9.571186266839504242e-03,9.386021643877029419e-02,-2.443686500191688538e-02,2.355889827013015747e-01,5.033829063177108765e-02,1.461231056600809097e-02,-2.796980738639831543e-02,5.821490287780761719e-02,1.180532500147819519e-01,-3.649403899908065796e-02,-5.458155274391174316e-02,2.348184399306774139e-02,3.685330599546432495e-02,1.578552871942520142e-01,1.003643497824668884e-01,1.243239641189575195e-01,-3.775829076766967773e-02,-2.558230189606547356e-03,-5.567650496959686279e-02,4.001448452472686768e-01,1.827768385410308838e-01,5.426699519157409668e-01,2.741709351539611816e-01,2.862522006034851074e-01,-2.673342451453208923e-02,4.396880269050598145e-01,2.029225677251815796e-01,8.018954843282699585e-02,-4.577513411641120911e-02,3.391866683959960938e-01,7.866066694259643555e-02,1.164472699165344238e-01,2.570287324488162994e-02,5.863519851118326187e-03,-7.968201488256454468e-02,5.369244143366813660e-02,4.755262285470962524e-02,6.805811077356338501e-02,-2.155067957937717438e-02,1.036375313997268677e-01,8.558110892772674561e-02,1.361711025238037109e-01,-7.485833764076232910e-02,1.584293097257614136e-01,2.030353099107742310e-01,2.430819571018218994e-01,2.033468484878540039e-01,9.513545036315917969e-02,1.090358719229698181e-01,-3.623400628566741943e-02,-4.846759140491485596e-02,-8.111899346113204956e-02,-5.584100261330604553e-02,-1.579021103680133820e-02,6.515301764011383057e-02,2.121250778436660767e-01,1.128448694944381714e-01
3.576285019516944885e-02,6.401269137859344482e-02,6.819678097963333130e-02,5.294832959771156311e-02,3.726293891668319702e-02,3.550615906715393066e-02,-2.171427384018898010e-02,3.543387949466705322e-01,-8.226664364337921143e-02,-7.877874374389648438e-02,2.258756756782531738e-01,1.000000000000000000e+00,2.348150461912155151e-01,7.336494922637939453e-01,-1.137740239500999451e-01,6.738445162773132324e-02,8.276002854108810425e-02,4.200830459594726562e-01,-1.150187402963638306e-01,-5.725487321615219116e-02,8.506908267736434937e-02,1.746919155120849609e-01,1.715400516986846924e-01,1.572952419519424438e-01,1.430767774581909180e-01,1.449224948883056641e-01,8.804574608802795410e-02,3.025345504283905029e-02,9.860154986381530762e-02,4.486089348793029785e-01,1.809858083724975586e-01,8.268603682518005371e-02,7.633649557828903198e-02,9.145203977823257446e-02,1.035569459199905396e-01,1.875482648611068726e-01,7.795941829681396484e-02,1.560056060552597046e-01,2.161770313978195190e-02,7.276935875415802002e-02,-1.415400020778179169e-02,1.872602701187133789e-01,2.238594181835651398e-02,3.519515320658683777e-02,-6.554140150547027588e-02,1.200207043439149857e-02,-4.338921234011650085e-02,8.198069781064987183e-02,-4.314162954688072205e-02,1.558431331068277359e-02,-1.516045928001403809e-01,-9.684695303440093994e-02,-8.703892678022384644e-02,9.021866321563720703e-02,1.129515543580055237e-01,6.158997863531112671e-02,-4.258502274751663208e-02,5.127372592687606812e-02,-1.024443134665489197e-01,1.995761096477508545e-01,-1.385936290025711060e-01,1.742704771459102631e-02,-1.953820139169692993e-02,-6.874530762434005737e-02,-8.935272693634033203e-02,-3.611074760556221008e-02,1.042387634515762329e-02,1.175706386566162109e-01,-3.403986990451812744e-02,1.264812350273132324e-01,9.982091374695301056e-03,-3.928538411855697632e-02,2.920668199658393860e-02,2.621672451496124268e-01,6.207625195384025574e-02,1.533105671405792236e-01,-2.973825857043266296e-02,7.215135544538497925e-02,1.864050328731536865e-02,2.278803288936614990e-01,1.346245706081390381e-01,4.390165805816650391e-01,-2.990205539390444756e-03,3.623159229755401611e-01,1.103092133998870850e-01,3.450320959091186523e-01,-1.319604068994522095e-01,9.995198808610439301e-03,2.127817422151565552e-01,2.064144015312194824e-01,9.228466451168060303e-02,9.412437677383422852e-02,-2.937551029026508331e-02,3.691995516419410706e-02,9.162434935569763184e-02,-6.609629839658737183e-02,2.441880255937576294e-01,9.813163429498672485e-02,2.433138489723205566e-01,8.546141535043716431e-02,1.745578199625015259e-01,-9.206822514533996582e-02,2.591801285743713379e-01,4.562695696949958801e-02,2.355747520923614502e-01,2.408784925937652588e-01,2.408430129289627075e-01,1.957112699747085571e-01,1.450078636407852173e-01,6.879042834043502808e-02,1.801090389490127563e-01,1.851489096879959106e-01,1.188891679048538208e-01,3.014482557773590088e-01,3.384921848773956299e-01,3.069799840450286865e-01
2.537081241607666016e-01,-2.425077743828296661e-02,1.741174906492233276e-01,1.841651201248168945e-01,2.394332140684127808e-01,-1.579088866710662842e-01,2.521625459194183350e-01,2.584979236125946045e-01,1.249147877097129822e-01,-2.820578217506408691e-01,6.312069296836853027e-01,2.348150461912155151e-01,1.000000000000000000e+00,1.810138523578643799e-01,2.338124662637710571e-01,-1.993621885776519775e-01,3.714875578880310059e-01,2.464176267385482788e-01,-1.583139598369598389e-01,-1.300791203975677490e-01,4.465369507670402527e-02,-4.027959331870079041e-02,2.797273397445678711e-01,2.313856482505798340e-01,1.708956509828567505e-01,-1.134476345032453537e-02,1.793410927057266235e-01,4.217737540602684021e-02,4.001305103302001953e-01,1.981889754533767700e-01,2.957838773727416992e-01,1.100587248802185059e-01,1.044255569577217102e-01,5.397776514291763306e-02,-6.950056552886962891e-02,-1.519309729337692261e-01,5.040220171213150024e-02,-1.766758225858211517e-02,1.178035065531730652e-01,-5.092767626047134399e-02,7.629278302192687988e-02,-1.340070813894271851e-01,5.192195624113082886e-02,3.488896042108535767e-02,3.821583092212677002e-02,2.972031012177467346e-03,-1.438309787772595882e-03,-3.738791123032569885e-02,7.932038977742195129e-03,-1.096020787954330444e-01,2.582167647778987885e-02,-5.078049376606941223e-02,7.015763223171234131e-02,-2.543756663799285889e-01,2.457118034362792969e-01,1.487187147140502930e-01,1.515392661094665527e-01,-1.349098831415176392e-01,8.469119668006896973e-02,1.215414330363273621e-01,5.401656404137611389e-02,-1.032142117619514465e-01,3.282722234725952148e-01,1.085761412978172302e-01,-9.766520932316780090e-03,-7.485499978065490723e-02,3.666703775525093079e-02,8.752052485942840576e-02,7.312909699976444244e-03,1.639912091195583344e-02,3.092512302100658417e-02,6.347905099391937256e-02,7.885263301432132721e-03,1.732622273266315460e-02,4.028762876987457275e-02,-1.431851536035537720e-01,-5.005269125103950500e-02,-7.922263443470001221e-02,1.987816542387008667e-01,8.037195354700088501e-02,5.252566337585449219e-01,2.826338112354278564e-01,2.423077970743179321e-01,-7.881965488195419312e-02,4.126657247543334961e-01,2.361311167478561401e-01,4.936453700065612793e-02,-1.007768735289573669e-01,3.902167081832885742e-01,9.481029957532882690e-02,2.634808123111724854e-01,2.517309598624706268e-02,6.880392134189605713e-02,-9.608161449432373047e-02,8.096664398908615112e-02,4.540948569774627686e-02,1.108826622366905212e-01,-4.651462193578481674e-03,2.652931213378906250e-01,1.694470196962356567e-01,7.389804720878601074e-02,-1.560647934675216675e-01,1.884193718433380127e-01,1.562887132167816162e-01,3.213625252246856689e-01,2.944300472736358643e-01,1.290335059165954590e-01,1.089276298880577087e-01,2.303859591484069824e-02,8.074954152107238770e-03,5.503465235233306885e-02,-5.242178589105606079e-02,-6.406899541616439819e-02,1.321774423122406006e-01,2.595983147621154785e-01,1.679017990827560425e-01
