1.000000000000000000e+00,6.543523669242858887e-01,4.139437377452850342e-01,4.646296799182891846e-01,1.165691465139389038e-01,4.165819287300109863e-02,6.210397481918334961e-01,4.726219773292541504e-01,7.766090333461761475e-02,4.289524629712104797e-02,6.199889779090881348e-01,4.947991371154785156e-01,3.895912766456604004e-01,3.031480610370635986e-01,1.646102070808410645e-01,3.258056938648223877e-02,5.943552851676940918e-01,4.694802463054656982e-01,7.160512208938598633e-01,7.139736413955688477e-01,5.338447913527488708e-02,-2.304911054670810699e-02,2.082756161689758301e-01,1.831447929143905640e-01,-1.223641261458396912e-01,-7.472724467515945435e-02,9.030644595623016357e-02,-1.542167663574218750e-01,4.234540164470672607e-01,1.955928057432174683e-01,2.746362090110778809e-01,2.253844290971755981e-01,6.010363101959228516e-01,6.686875820159912109e-01,6.603146344423294067e-02,1.127722486853599548e-01,2.628258466720581055e-01,1.886452287435531616e-01,1.814960502088069916e-02,2.319474816322326660e-01,2.417250722646713257e-01,2.608169615268707275e-01,5.071245431900024414e-01,5.166695117950439453e-01,4.243151247501373291e-01,5.074642300605773926e-01,4.251064360141754150e-01,4.844036698341369629e-01,5.102376341819763184e-01,4.110578000545501709e-01,5.500555634498596191e-01,4.468654096126556396e-01,5.274494886398315430e-01,3.579050004482269287e-01,2.472372502088546753e-01,3.548521101474761963e-01,7.274480462074279785e-01,5.142477750778198242e-01,6.411513090133666992e-01,4.572263956069946289e-01,5.606730580329895020e-01,4.002512395381927490e-01,5.743046402931213379e-01,5.035769343376159668e-01,1.567503809928894043e-01,2.803539335727691650e-01,4.539778828620910645e-01,4.022118151187896729e-01,6.322157382965087891e-01,5.735757946968078613e-01,1.130966395139694214e-01,9.012727439403533936e-02,4.324396550655364990e-01,2.947166264057159424e-01,3.942477107048034668e-01,2.099218368530273438e-01,4.478397667407989502e-01,4.996964931488037109e-01,2.285408824682235718e-01,3.385868370532989502e-01,4.651048481464385986e-01,2.748020887374877930e-01,3.797155022621154785e-01,3.384647667407989502e-01,3.092752397060394287e-01,3.269086182117462158e-01,2.554465532302856445e-01,1.531390845775604248e-01,2.172049582004547119e-01,2.722616195678710938e-01,2.916886508464813232e-01,7.343485206365585327e-02,9.384758770465850830e-02,6.644372642040252686e-02,6.172257941216230392e-03,4.948551580309867859e-02,2.736543715000152588e-01,2.868821322917938232e-01,5.117147564888000488e-01,4.452839195728302002e-01,2.632839083671569824e-01,1.615033596754074097e-01,2.351642996072769165e-01,2.106045782566070557e-01,2.278393507003784180e-01,2.383953928947448730e-01,1.224211230874061584e-01,-6.147350743412971497e-02,1.561170071363449097e-01,1.387695074081420898e-01,2.599398791790008545e-01,1.568610966205596924e-01,6.767325848340988159e-02,2.284263372421264648e-01,2.016060054302215576e-01,7.577700167894363403e-02
6.543523669242858887e-01,1.000000000000000000e+00,2.985541820526123047e-01,5.386716127395629883e-01,2.599929571151733398e-01,4.107795059680938721e-01,4.503149390220642090e-01,6.791090965270996094e-01,2.136248648166656494e-01,3.861217498779296875e-01,3.826453983783721924e-01,7.747632861137390137e-01,2.085792869329452515e-01,6.389618515968322754e-01,1.993257254362106323e-01,3.958639204502105713e-01,5.861662626266479492e-01,6.544449329376220703e-01,6.135112643241882324e-01,7.146141529083251953e-01,-2.416038326919078827e-02,-2.934678457677364349e-02,2.559302933514118195e-02,9.165945649147033691e-02,-8.136957883834838867e-02,-1.612800732254981995e-02,1.264528781175613403e-01,-2.697366056963801384e-03,4.095549583435058594e-01,3.251819610595703125e-01,2.485399991273880005e-01,2.214610427618026733e-01,4.279401004314422607e-01,6.648912429809570312e-01,-9.935326129198074341e-02,3.312328085303306580e-02,2.453074455261230469e-01,2.445573359727859497e-01,-1.124745002016425133e-03,1.233941465616226196e-01,1.573990881443023682e-01,3.520551025867462158e-01,4.788577854633331299e-01,6.342398524284362793e-01,4.281463325023651123e-01,6.063003540039062500e-01,4.640895426273345947e-01,4.891293644905090332e-01,4.538249671459197998e-01,6.128399968147277832e-01,4.225217401981353760e-01,5.509572625160217285e-01,5.516296029090881348e-01,3.902114629745483398e-01,1.836819797754287720e-01,3.550577759742736816e-01,5.535129904747009277e-01,7.762098312377929688e-01,6.235571503639221191e-01,7.408576607704162598e-01,4.906362295150756836e-01,7.506417036056518555e-01,4.591916203498840332e-01,7.701432704925537109e-01,1.279425434768199921e-02,4.869414269924163818e-01,3.438642323017120361e-01,5.669854879379272461e-01,5.188000202178955078e-01,6.648041009902954102e-01,5.290567502379417419e-02,1.517782509326934814e-01,3.361382484436035156e-01,2.757437825202941895e-01,3.437337577342987061e-01,3.022994995117187500e-01,3.495157659053802490e-01,4.588601887226104736e-01,2.199600338935852051e-01,4.450704157352447510e-01,3.744278550148010254e-01,5.027360320091247559e-01,3.668556511402130127e-01,3.818165063858032227e-01,4.393364489078521729e-02,4.365748763084411621e-01,1.955738067626953125e-01,2.197631448507308960e-01,-2.305873855948448181e-02,3.861094117164611816e-01,4.037742912769317627e-01,2.480075359344482422e-01,1.951956301927566528e-01,1.648225337266921997e-01,3.948938846588134766e-02,6.742900609970092773e-02,2.119147032499313354e-01,2.571274638175964355e-01,5.284538269042968750e-01,5.638104677200317383e-01,3.979703783988952637e-01,9.482318162918090820e-02,4.022264778614044189e-01,2.297325879335403442e-01,3.743526637554168701e-01,2.816295921802520752e-01,1.951160430908203125e-01,-5.666232854127883911e-02,3.728342428803443909e-02,4.317452758550643921e-02,2.199455648660659790e-01,2.892492413520812988e-01,2.591221332550048828e-01,4.184701740741729736e-01,3.534849882125854492e-01,1.686442941427230835e-01
4.139437377452850342e-01,2.985541820526123047e-01,1.000000000000000000e+00,7.135798335075378418e-01,-1.087161824107170105e-01,-1.301574707031250000e-01,6.637578010559082031e-01,3.946967720985412598e-01,-1.514580100774765015e-01,-1.521919220685958862e-01,6.979945302009582520e-02,2.744761407375335693e-01,1.079684570431709290e-01,1.507187634706497192e-01,5.393032729625701904e-02,-2.791875600814819336e-02,3.130778670310974121e-01,2.899050414562225342e-01,6.554784774780273438e-01,5.043112039566040039e-01,6.947619467973709106e-02,-1.257293969392776489e-01,7.090059518814086914e-01,6.599140763282775879e-01,1.835752278566360474e-01,7.722997665405273438e-02,-9.374168515205383301e-02,-1.840095967054367065e-01,2.302633821964263916e-01,2.413956969976425171e-01,4.871875941753387451e-01,4.806843400001525879e-01,4.836994409561157227e-01,4.769505858421325684e-01,2.856857180595397949e-01,1.641112864017486572e-01,1.352866590023040771e-01,2.506816387176513672e-01,3.513971343636512756e-03,1.155017912387847900e-01,1.884564757347106934e-01,2.662479281425476074e-01,2.750400602817535400e-01,2.758834064006805420e-01,2.344154119491577148e-01,2.387472987174987793e-01,1.721958220005035400e-01,2.818558216094970703e-01,1.865685582160949707e-01,1.457342803478240967e-01,2.712706625461578369e-01,2.843182981014251709e-01,2.331252247095108032e-01,2.472356259822845459e-01,1.274448484182357788e-01,2.243019789457321167e-01,2.458376437425613403e-01,2.017782628536224365e-01,2.374228388071060181e-01,1.127668693661689758e-01,2.147808820009231567e-01,6.083306670188903809e-02,2.257097959518432617e-01,1.748587787151336670e-01,3.245755732059478760e-01,2.688495516777038574e-01,3.944805860519409180e-01,1.754948794841766357e-01,4.755185842514038086e-01,3.379133045673370361e-01,2.604018710553646088e-02,4.855516552925109863e-02,5.709142982959747314e-02,-5.627035349607467651e-02,1.374765932559967041e-01,-7.012069690972566605e-03,2.510572969913482666e-01,2.096543163061141968e-01,1.684702485799789429e-01,3.443181514739990234e-01,2.380722910165786743e-01,3.050941228866577148e-01,3.555011749267578125e-01,3.544317483901977539e-01,3.566889166831970215e-01,4.300767481327056885e-01,1.308043003082275391e-01,2.684117257595062256e-01,2.157334536314010620e-01,3.064673840999603271e-01,2.429163902997970581e-01,5.929088220000267029e-02,2.250582575798034668e-01,2.189863920211791992e-01,1.323566734790802002e-01,1.627306640148162842e-01,2.489812970161437988e-01,2.522478103637695312e-01,2.855718433856964111e-01,2.042473405599594116e-01,8.255729079246520996e-02,3.980242311954498291e-01,1.043949648737907410e-01,2.368045300245285034e-01,6.391245871782302856e-02,1.336066573858261108e-01,1.302977353334426880e-01,6.191937252879142761e-02,1.528358757495880127e-01,8.851572871208190918e-02,1.760911643505096436e-01,1.247313544154167175e-01,8.474741131067276001e-02,1.536860466003417969e-01,1.382229030132293701e-01,1.035922765731811523e-01
4.646296799182891846e-01,5.386716127395629883e-01,7.135798335075378418e-01,1.000000000000000000e+00,-2.979240939021110535e-02,1.602576822042465210e-01,5.443137288093566895e-01,6.933702826499938965e-01,-2.645857632160186768e-02,1.534002870321273804e-01,1.340172439813613892e-01,5.156468152999877930e-01,3.387925028800964355e-02,4.344227313995361328e-01,1.023820713162422180e-01,1.589515805244445801e-01,3.643825352191925049e-01,4.568732678890228271e-01,6.159361004829406738e-01,5.900198221206665039e-01,-1.422897428274154663e-01,-2.559525072574615479e-01,5.198243260383605957e-01,4.616801738739013672e-01,8.905144035816192627e-02,8.426234871149063110e-02,-1.206994131207466125e-01,-1.754711568355560303e-01,2.878150939941406250e-01,3.739186823368072510e-01,4.081957042217254639e-01,4.244818985462188721e-01,4.277375638484954834e-01,5.534366369247436523e-01,2.756260149180889130e-02,6.410783529281616211e-02,4.712066426873207092e-02,2.238965630531311035e-01,-3.365308791399002075e-02,6.310561299324035645e-02,1.345362514257431030e-01,3.651030063629150391e-01,3.124586045742034912e-01,4.304838776588439941e-01,2.650205194950103760e-01,4.213796854019165039e-01,2.860335707664489746e-01,3.311176598072052002e-01,2.781797647476196289e-01,4.217375516891479492e-01,3.016630411148071289e-01,4.249508380889892578e-01,3.434871733188629150e-01,3.413789868354797363e-01,1.188948601484298706e-01,2.566709518432617188e-01,3.140128850936889648e-01,3.841636776924133301e-01,3.705747723579406738e-01,4.219245016574859619e-01,3.577204644680023193e-01,3.796195983886718750e-01,3.400838375091552734e-01,4.469484090805053711e-01,1.433352231979370117e-01,4.058823883533477783e-01,2.846046090126037598e-01,3.418847918510437012e-01,5.102749466896057129e-01,4.280866384506225586e-01,1.270718756131827831e-03,1.083817631006240845e-01,1.268397271633148193e-01,1.630590111017227173e-01,1.708406805992126465e-01,1.171148195862770081e-01,2.403269410133361816e-01,3.085809350013732910e-01,1.665491014719009399e-01,4.105805754661560059e-01,2.310295999050140381e-01,4.184876680374145508e-01,3.411140143871307373e-01,3.304632306098937988e-01,1.322138458490371704e-01,4.796459078788757324e-01,1.780771017074584961e-01,2.327502220869064331e-01,7.800655812025070190e-02,3.567045331001281738e-01,2.691549956798553467e-01,1.296268403530120850e-01,1.784767210483551025e-01,2.593649029731750488e-01,1.090034246444702148e-01,1.349356472492218018e-01,1.952314376831054688e-01,2.434564679861068726e-01,3.551463484764099121e-01,3.515193760395050049e-01,2.040630578994750977e-01,2.704513072967529297e-01,2.561292052268981934e-01,2.068704962730407715e-01,2.049591243267059326e-01,2.024103999137878418e-01,2.753705084323883057e-01,9.322936832904815674e-02,1.796662248671054840e-02,3.588517010211944580e-02,1.039001941680908203e-01,1.559685915708541870e-01,1.646119505167007446e-01,2.769032120704650879e-01,2.247586250305175781e-01,1.754030585289001465e-01
1.165691465139389038e-01,2.599929571151733398e-01,-1.087161824107170105e-01,-2.979240939021110535e-02,1.000000000000000000e+00,7.151117324829101562e-01,-6.028378009796142578e-02,9.094253927469253540e-02,8.222838044166564941e-01,6.300976872444152832e-01,2.357150316238403320e-01,1.516566574573516846e-01,1.770169585943222046e-01,1.474217027425765991e-01,6.019441485404968262e-01,5.105418562889099121e-01,3.908769190311431885e-01,2.059351652860641479e-01,1.556554287672042847e-01,1.917861402034759521e-01,3.317632079124450684e-01,3.693406581878662109e-01,7.940679043531417847e-02,1.627107113599777222e-01,3.938008546829223633e-01,4.403668940067291260e-01,8.010821342468261719e-01,6.555095314979553223e-01,2.513791620731353760e-01,8.980512619018554688e-02,3.488092422485351562e-01,2.493822425603866577e-01,3.059502243995666504e-01,2.473547011613845825e-01,1.682333648204803467e-01,6.624064594507217407e-02,1.888420730829238892e-01,1.441777050495147705e-01,1.807971745729446411e-01,1.245871335268020630e-01,-9.333915263414382935e-02,1.238444745540618896e-01,2.762241661548614502e-01,2.165302187204360962e-01,2.645318210124969482e-01,1.824195832014083862e-01,1.567824780941009521e-01,3.515963256359100342e-02,1.629083454608917236e-01,7.003775238990783691e-02,1.196093410253524780e-01,-9.114762768149375916e-03,1.452233046293258667e-01,-6.309449672698974609e-02,2.156258523464202881e-01,1.451896578073501587e-01,3.805788755416870117e-01,4.375479519367218018e-01,2.264653891324996948e-01,3.661509752273559570e-01,2.571721076965332031e-01,3.398625552654266357e-01,2.629807889461517334e-01,1.757875829935073853e-01,2.212331593036651611e-01,1.290598064661026001e-01,2.378759086132049561e-01,3.335883617401123047e-01,1.370821893215179443e-01,3.620342612266540527e-01,1.388532221317291260e-01,1.344382315874099731e-01,2.800721526145935059e-01,3.648996725678443909e-02,2.282670736312866211e-01,6.788063049316406250e-02,2.731327116489410400e-01,1.972056180238723755e-01,1.419869214296340942e-01,2.544620633125305176e-01,2.893612980842590332e-01,2.096740603446960449e-01,1.884566247463226318e-01,1.440280377864837646e-01,1.837110072374343872e-01,1.907873153686523438e-01,3.418647646903991699e-01,7.984214276075363159e-02,2.452019751071929932e-01,4.453244036994874477e-04,1.051519587635993958e-01,2.090431898832321167e-01,3.536644577980041504e-01,2.163942754268646240e-01,-4.767153412103652954e-02,-9.265984594821929932e-02,6.844956893473863602e-03,6.188276037573814392e-02,7.362126559019088745e-02,1.252192705869674683e-01,2.069412022829055786e-01,-4.761670250445604324e-03,1.523360311985015869e-01,-1.373002585023641586e-02,2.495916187763214111e-01,2.389556467533111572e-01,2.500589191913604736e-02,-1.314127743244171143e-01,-1.085996180772781372e-01,-1.255874037742614746e-01,1.345380544662475586e-01,1.162863001227378845e-01,1.795327663421630859e-01,3.797718510031700134e-02,1.621345281600952148e-01,1.946432888507843018e-01
4.165819287300109863e-02,4.107795059680938721e-01,-1.301574707031250000e-01,1.602576822042465210e-01,7.151117324829101562e-01,1.000000000000000000e+00,-1.573516130447387695e-01,3.056029379367828369e-01,6.241778731346130371e-01,8.026936650276184082e-01,4.036724567413330078e-02,4.001479148864746094e-01,-9.584341943264007568e-02,4.731068015098571777e-01,3.907061219215393066e-01,6.611989140510559082e-01,3.051559031009674072e-01,3.322201669216156006e-01,1.140494719147682190e-01,1.816564202308654785e-01,4.158354364335536957e-03,1.579477488994598389e-01,-9.674888849258422852e-02,-3.303918242454528809e-02,2.400556355714797974e-01,3.559707701206207275e-01,5.160382390022277832e-01,5.460112094879150391e-01,1.711602061986923218e-01,2.055433392524719238e-01,2.284038811922073364e-01,1.655954867601394653e-01,1.727761626243591309e-01,2.738221585750579834e-01,-1.127487495541572571e-01,-9.159330278635025024e-02,4.055272415280342102e-02,4.274304956197738647e-02,3.486354276537895203e-02,-7.723640650510787964e-02,-1.955523788928985596e-01,1.550716608762741089e-01,2.067375481128692627e-01,3.323744535446166992e-01,1.657926142215728760e-01,2.870442867279052734e-01,2.193289548158645630e-01,1.231933534145355225e-01,1.221705526113510132e-01,3.229908347129821777e-01,3.457109630107879639e-02,1.495943665504455566e-01,1.862759292125701904e-01,9.851560741662979126e-02,8.421318978071212769e-02,1.552418172359466553e-01,2.476949244737625122e-01,4.870825707912445068e-01,2.206488400697708130e-01,5.218367576599121094e-01,2.320318222045898438e-01,5.135797858238220215e-01,2.389377057552337646e-01,4.242753088474273682e-01,1.768721267580986023e-02,2.150034606456756592e-01,5.029742792248725891e-02,3.560467064380645752e-01,6.342632323503494263e-02,2.966471612453460693e-01,7.697666436433792114e-02,2.064007222652435303e-01,1.517969816923141479e-01,7.228159904479980469e-02,1.038052737712860107e-01,1.456525921821594238e-01,1.746053397655487061e-01,1.892445832490921021e-01,4.739375784993171692e-02,2.693303227424621582e-01,1.229273974895477295e-01,3.479325771331787109e-01,1.011611074209213257e-01,5.213534832000732422e-02,-1.297723501920700073e-01,2.204477339982986450e-01,2.076887339353561401e-01,4.046825319528579712e-02,-3.030022419989109039e-02,5.503676086664199829e-02,1.762216389179229736e-01,2.935360372066497803e-01,3.150407373905181885e-01,3.498262166976928711e-01,-7.190991193056106567e-02,-9.597935527563095093e-02,-5.749811232089996338e-02,2.241278439760208130e-02,1.030881926417350769e-01,2.504974901676177979e-01,2.982340157032012939e-01,-8.700428158044815063e-02,3.005011379718780518e-01,4.922402556985616684e-03,3.615758717060089111e-01,3.088165521621704102e-01,8.333313465118408203e-02,8.071924559772014618e-03,-2.240209430456161499e-01,-1.374425590038299561e-01,9.750701487064361572e-02,2.129898667335510254e-01,2.788323462009429932e-01,2.647451162338256836e-01,2.658564448356628418e-01,2.136676609516143799e-01
6.210397481918334961e-01,4.503149390220642090e-01,6.637578010559082031e-01,5.443137288093566895e-01,-6.028378009796142578e-02,-1.573516130447387695e-01,1.000000000000000000e+00,4.747439026832580566e-01,-2.505903877317905426e-02,-7.142668217420578003e-02,4.450628757476806641e-01,3.405238091945648193e-01,4.976909756660461426e-01,1.413069665431976318e-01,1.814695298671722412e-01,4.431484639644622803e-02,4.020723700523376465e-01,3.570583760738372803e-01,6.855515241622924805e-01,5.959975719451904297e-01,1.176815107464790344e-01,-9.674431383609771729e-02,4.731786251068115234e-01,4.059852361679077148e-01,-5.932413041591644287e-03,-5.154752358794212341e-02,-3.698157146573066711e-02,-1.992297172546386719e-01,3.377285599708557129e-01,2.451097220182418823e-01,4.057771563529968262e-01,3.937960863113403320e-01,4.788521826267242432e-01,5.295005440711975098e-01,9.355507045984268188e-02,1.345196962356567383e-01,2.620080709457397461e-01,2.402845770120620728e-01,3.154080361127853394e-02,1.986931115388870239e-01,3.011411130428314209e-01,2.516185045242309570e-01,3.592437505722045898e-01,3.317364454269409180e-01,3.363340795040130615e-01,3.381738066673278809e-01,2.694957554340362549e-01,3.625516295433044434e-01,3.288170397281646729e-01,1.964525580406188965e-01,4.090572595596313477e-01,2.650707960128784180e-01,3.039358556270599365e-01,1.687794178724288940e-01,2.371861338615417480e-01,2.314450442790985107e-01,4.327969253063201904e-01,3.764997720718383789e-01,4.441712200641632080e-01,2.467122972011566162e-01,4.043243527412414551e-01,3.337358236312866211e-01,3.123509585857391357e-01,3.510434627532958984e-01,3.517147302627563477e-01,3.931911289691925049e-01,4.234933555126190186e-01,2.304879426956176758e-01,5.280249118804931641e-01,4.642070531845092773e-01,5.183382704854011536e-02,-1.999640371650457382e-03,2.179431915283203125e-01,1.410305649042129517e-01,3.235060870647430420e-01,1.275783926248550415e-01,3.255429863929748535e-01,3.477604687213897705e-01,2.261320054531097412e-01,3.617876768112182617e-01,3.832720518112182617e-01,2.863446474075317383e-01,3.599649965763092041e-01,4.147145450115203857e-01,3.881199061870574951e-01,3.289264738559722900e-01,1.407621353864669800e-01,2.781140804290771484e-01,2.868740260601043701e-01,3.185985684394836426e-01,2.875520586967468262e-01,-4.342288710176944733e-03,1.582062989473342896e-01,1.910689845681190491e-02,1.378538757562637329e-01,1.347007006406784058e-01,3.346210420131683350e-01,2.818955779075622559e-01,4.535898566246032715e-01,2.830308675765991211e-01,1.924154311418533325e-01,2.410249561071395874e-01,2.151685357093811035e-01,2.249742746353149414e-01,1.951976418495178223e-01,1.960476934909820557e-01,2.011685222387313843e-01,-4.126266762614250183e-02,1.895983964204788208e-01,1.056885570287704468e-01,1.952888667583465576e-01,1.892511993646621704e-01,5.073978751897811890e-02,1.737907677888870239e-01,2.303217351436614990e-01,9.542240947484970093e-02
4.726219773292541504e-01,6.791090965270996094e-01,3.946967720985412598e-01,6.933702826499938965e-01,9.094253927469253540e-02,3.056029379367828369e-01,4.747439026832580566e-01,1.000000000000000000e+00,1.604502499103546143e-01,3.409597873687744141e-01,2.501138746738433838e-01,6.635823249816894531e-01,1.413799375295639038e-01,6.401038169860839844e-01,1.437680572271347046e-01,3.373194336891174316e-01,3.916576802730560303e-01,4.673297107219696045e-01,5.133312940597534180e-01,5.959542989730834961e-01,-1.213295608758926392e-01,-1.918985247611999512e-01,2.068679183721542358e-01,1.954373419284820557e-01,-4.928556084632873535e-02,3.887375816702842712e-02,-8.663237094879150391e-02,-1.306797116994857788e-01,3.079910874366760254e-01,3.408189415931701660e-01,2.939853072166442871e-01,3.527077138423919678e-01,3.556086421012878418e-01,5.781479477882385254e-01,-2.114182114601135254e-01,1.184263173490762711e-02,9.294259548187255859e-02,2.242279499769210815e-01,1.234114356338977814e-02,2.660129033029079437e-02,7.665781676769256592e-02,2.792918086051940918e-01,3.633724749088287354e-01,4.933226108551025391e-01,2.857055068016052246e-01,4.866676628589630127e-01,3.773078322410583496e-01,3.787231445312500000e-01,3.630343377590179443e-01,5.398454666137695312e-01,3.103671371936798096e-01,4.502419531345367432e-01,3.758107721805572510e-01,3.367040753364562988e-01,1.631460189819335938e-01,2.218803018331527710e-01,3.272947072982788086e-01,4.824980795383453369e-01,4.238817691802978516e-01,6.025407314300537109e-01,4.542196094989776611e-01,6.364517211914062500e-01,3.506098091602325439e-01,5.571969151496887207e-01,4.929482936859130859e-02,5.188530683517456055e-01,1.401945203542709351e-01,4.257238805294036865e-01,4.895360469818115234e-01,5.425539612770080566e-01,8.732121437788009644e-02,2.241395860910415649e-01,2.532688081264495850e-01,3.038436174392700195e-01,2.648514211177825928e-01,2.576280832290649414e-01,2.429869025945663452e-01,3.778361082077026367e-01,1.661026179790496826e-01,3.758434951305389404e-01,2.722947299480438232e-01,4.762053191661834717e-01,2.671862840652465820e-01,3.434476256370544434e-01,-5.604487657546997070e-02,3.926227688789367676e-01,1.684141010046005249e-01,1.967996805906295776e-01,4.297644365578889847e-03,3.272455036640167236e-01,3.012594580650329590e-01,1.469070613384246826e-01,1.128630340099334717e-01,1.544761210680007935e-01,5.768491327762603760e-02,7.971195131540298462e-02,2.129519879817962646e-01,2.283803969621658325e-01,4.301907718181610107e-01,4.538403153419494629e-01,2.615431547164916992e-01,1.392590999603271484e-01,2.916850447654724121e-01,2.467823624610900879e-01,2.676548361778259277e-01,2.591220438480377197e-01,2.721573114395141602e-01,-2.250439673662185669e-02,-2.342944062547758222e-04,4.524346068501472473e-02,1.511559784412384033e-01,2.401899248361587524e-01,2.197917550802230835e-01,3.503425717353820801e-01,2.684308886528015137e-01,1.926108300685882568e-01
7.766090333461761475e-02,2.136248648166656494e-01,-1.514580100774765015e-01,-2.645857632160186768e-02,8.222838044166564941e-01,6.241778731346130371e-01,-2.505903877317905426e-02,1.604502499103546143e-01,1.000000000000000000e+00,6.495363712310791016e-01,2.540567219257354736e-01,1.323953568935394287e-01,3.237846791744232178e-01,2.010347992181777954e-01,6.713505983352661133e-01,4.878460168838500977e-01,3.025587201118469238e-01,1.510538607835769653e-01,9.360735863447189331e-02,1.768736094236373901e-01,2.400328665971755981e-01,2.174511104822158813e-01,1.025624126195907593e-01,1.813928484916687012e-01,4.315575063228607178e-01,4.909884631633758545e-01,6.517981886863708496e-01,6.043997406959533691e-01,2.303564250469207764e-01,1.213737577199935913e-01,4.110755026340484619e-01,3.208429515361785889e-01,2.628011703491210938e-01,2.206095755100250244e-01,9.740287810564041138e-02,7.532933354377746582e-02,1.348622739315032959e-01,1.010762974619865417e-01,1.250825077295303345e-01,9.772425889968872070e-02,-1.216533109545707703e-01,9.037172794342041016e-02,2.389539331197738647e-01,1.497082412242889404e-01,3.183864057064056396e-01,1.942110508680343628e-01,1.270908415317535400e-01,3.627817379310727119e-03,2.445277273654937744e-01,8.676220476627349854e-02,1.411878615617752075e-01,-4.183639585971832275e-02,7.066549360752105713e-02,-1.731700599193572998e-01,1.975848078727722168e-01,1.005448102951049805e-01,3.300713896751403809e-01,3.652150034904479980e-01,2.877965569496154785e-01,3.949117660522460938e-01,3.623048663139343262e-01,3.783477544784545898e-01,2.513755857944488525e-01,1.467486321926116943e-01,2.947093546390533447e-01,2.070919126272201538e-01,2.739318609237670898e-01,3.975884616374969482e-01,1.771959066390991211e-01,3.989479243755340576e-01,2.290969789028167725e-01,2.484186291694641113e-01,3.133529126644134521e-01,1.253257095813751221e-01,2.693256139755249023e-01,9.209138900041580200e-02,2.263794392347335815e-01,2.072874754667282104e-01,1.312348991632461548e-01,2.327603101730346680e-01,2.706226408481597900e-01,1.701323688030242920e-01,1.757651716470718384e-01,1.877658516168594360e-01,2.173582166433334351e-01,1.656129211187362671e-01,2.979252636432647705e-01,1.234037578105926514e-01,2.904780209064483643e-01,-3.777857124805450439e-02,1.513077765703201294e-01,2.025809288024902344e-01,3.101202845573425293e-01,1.372346580028533936e-01,-4.719636961817741394e-02,-8.610928803682327271e-02,-7.588168140500783920e-03,3.920488059520721436e-02,1.122981831431388855e-01,1.632374376058578491e-01,1.825696229934692383e-01,1.487184315919876099e-02,1.525234729051589966e-01,3.408242762088775635e-02,2.326504141092300415e-01,1.993063092231750488e-01,5.125165358185768127e-02,-1.168354153633117676e-01,-1.068492531776428223e-01,-1.120855137705802917e-01,6.433653831481933594e-02,1.531126648187637329e-01,2.211111485958099365e-01,6.440935283899307251e-02,1.881887465715408325e-01,1.908844858407974243e-01
4.289524629712104797e-02,3.861217498779296875e-01,-1.521919220685958862e-01,1.534002870321273804e-01,6.300976872444152832e-01,8.026936650276184082e-01,-7.142668217420578003e-02,3.409597873687744141e-01,6.495363712310791016e-01,1.000000000000000000e+00,1.546775847673416138e-01,3.828275799751281738e-01,1.182695701718330383e-01,5.130969285964965820e-01,4.847190380096435547e-01,7.288892865180969238e-01,2.650028765201568604e-01,3.824169337749481201e-01,1.043346375226974487e-01,2.014719843864440918e-01,-5.212355777621269226e-02,2.779165096580982208e-02,-5.491339787840843201e-02,1.266752276569604874e-02,2.508304417133331299e-01,4.005620181560516357e-01,4.084648787975311279e-01,4.642367064952850342e-01,1.833568066358566284e-01,2.874357402324676514e-01,2.892460227012634277e-01,2.286588400602340698e-01,1.372808367013931274e-01,2.520520091056823730e-01,-9.051926434040069580e-02,-2.895584516227245331e-02,4.740283638238906860e-02,7.282340526580810547e-02,3.843150101602077484e-03,-4.771783575415611267e-02,-1.492860317230224609e-01,1.739349216222763062e-01,2.233479619026184082e-01,3.065326809883117676e-01,2.745261490345001221e-01,3.130468428134918213e-01,2.728467881679534912e-01,1.209604889154434204e-01,2.216175943613052368e-01,3.058618307113647461e-01,9.622444212436676025e-02,1.319223642349243164e-01,1.288069188594818115e-01,2.770412527024745941e-02,1.162353679537773132e-01,1.351132392883300781e-01,2.265333831310272217e-01,4.523699581623077393e-01,2.998827099800109863e-01,5.089983940124511719e-01,3.396604359149932861e-01,5.792474150657653809e-01,2.620946466922760010e-01,4.442577064037322998e-01,1.683625578880310059e-01,2.996828556060791016e-01,1.389385312795639038e-01,4.276522994041442871e-01,6.331411004066467285e-02,3.410700261592864990e-01,7.595235854387283325e-02,3.086271584033966064e-01,2.025256901979446411e-01,2.331942021846771240e-01,1.441785544157028198e-01,2.275516539812088013e-01,1.977757066488265991e-01,2.317315787076950073e-01,6.210282072424888611e-02,3.216316401958465576e-01,1.668941378593444824e-01,3.882208466529846191e-01,1.362044513225555420e-01,1.196531280875205994e-01,-2.246634289622306824e-02,2.526167035102844238e-01,2.133808732032775879e-01,9.446454048156738281e-02,3.463169187307357788e-02,8.574813604354858398e-02,2.463831752538681030e-01,2.986310124397277832e-01,3.125344514846801758e-01,2.818158268928527832e-01,-5.063238739967346191e-02,-5.398463457822799683e-02,-8.662442269269376993e-05,8.412525057792663574e-02,1.733778417110443115e-01,2.914757430553436279e-01,2.543923258781433105e-01,-5.815665423870086670e-02,3.274926543235778809e-01,1.256934553384780884e-01,3.712986409664154053e-01,3.404794037342071533e-01,1.171349361538887024e-01,2.623586356639862061e-02,-2.271310240030288696e-01,-1.189529150724411011e-01,1.059697344899177551e-01,2.767156362533569336e-01,3.585119545459747314e-01,2.948614656925201416e-01,3.078708946704864502e-01,2.422120720148086548e-01
6.199889779090881348e-01,3.826453983783721924e-01,6.979945302009582520e-02,1.340172439813613892e-01,2.357150316238403320e-01,4.036724567413330078e-02,4.450628757476806641e-01,2.501138746738433838e-01,2.540567219257354736e-01,1.546775847673416138e-01,1.000000000000000000e+00,3.505890071392059326e-01,6.938111186027526855e-01,1.712634265422821045e-01,4.355686306953430176e-01,1.367114782333374023e-01,5.100304484367370605e-01,3.397104144096374512e-01,3.956006467342376709e-01,3.966551125049591064e-01,2.538442611694335938e-01,5.708408728241920471e-02,9.361783415079116821e-02,8.887478150427341461e-03,-5.803930014371871948e-02,-2.527339756488800049e-02,2.323129028081893921e-01,-1.007388811558485031e-03,5.588354468345642090e-01,2.573971450328826904e-01,2.448503822088241577e-01,1.272154301404953003e-01,4.071091711521148682e-01,4.153497219085693359e-01,8.039715141057968140e-02,9.880909323692321777e-02,2.954587936401367188e-01,4.768626019358634949e-02,1.678162217140197754e-01,2.550582587718963623e-01,2.252248227596282959e-01,1.174925789237022400e-01,4.486593008041381836e-01,3.880417048931121826e-01,3.808653056621551514e-01,4.036883711814880371e-01,4.367645978927612305e-01,4.519283473491668701e-01,4.551253616809844971e-01,2.504377663135528564e-01,5.181803703308105469e-01,2.511283457279205322e-01,4.016719460487365723e-01,1.693865507841110229e-01,3.517816066741943359e-01,2.830370068550109863e-01,4.740688800811767578e-01,3.112683892250061035e-01,5.077351927757263184e-01,3.041362464427947998e-01,5.682344436645507812e-01,3.833477795124053955e-01,5.628246665000915527e-01,3.482996821403503418e-01,3.237594366073608398e-01,2.312165051698684692e-01,3.965893089771270752e-01,3.587880134582519531e-01,3.195838332176208496e-01,3.629156947135925293e-01,8.729276061058044434e-02,2.387165464460849762e-02,4.994202256202697754e-01,3.483499884605407715e-01,4.425757229328155518e-01,1.719547063112258911e-01,4.093050360679626465e-01,4.016743600368499756e-01,4.253361523151397705e-01,3.151959776878356934e-01,5.259771943092346191e-01,1.973779946565628052e-01,3.232105970382690430e-01,2.237438261508941650e-01,4.000416696071624756e-01,1.776616275310516357e-01,2.638521492481231689e-01,2.359534613788127899e-02,4.057165682315826416e-01,1.174411848187446594e-01,2.319357395172119141e-01,1.570100635290145874e-01,1.370438933372497559e-01,9.286719560623168945e-02,1.482337415218353271e-01,1.493078470230102539e-01,3.423034548759460449e-01,3.418464660644531250e-01,4.653286337852478027e-01,3.551504909992218018e-01,1.786253750324249268e-01,1.550642400979995728e-01,1.428664028644561768e-01,2.083946764469146729e-01,1.973210722208023071e-01,2.336988747119903564e-01,1.704294830560684204e-01,-5.648453906178474426e-02,1.346799433231353760e-01,2.345323115587234497e-01,3.000588715076446533e-01,1.155858784914016724e-01,1.263331025838851929e-01,1.515350043773651123e-01,2.139796912670135498e-01,9.039378911256790161e-02
4.947991371154785156e-01,7.747632861137390137e-01,2.744761407375335693e-01,5.156468152999877930e-01,1.516566574573516846e-01,4.001479148864746094e-01,3.405238091945648193e-01,6.635823249816894531e-01,1.323953568935394287e-01,3.828275799751281738e-01,3.505890071392059326e-01,1.000000000000000000e+00,1.681502759456634521e-01,8.261128067970275879e-01,1.695193499326705933e-01,4.395084679126739502e-01,4.588615298271179199e-01,7.177575826644897461e-01,4.955299198627471924e-01,5.628082752227783203e-01,-1.154096871614456177e-01,-1.761580556631088257e-01,4.779846966266632080e-02,5.648595839738845825e-02,-4.313530027866363525e-02,1.475655380636453629e-02,-9.760021232068538666e-03,-4.495812579989433289e-02,4.401968717575073242e-01,4.551616311073303223e-01,2.707073986530303955e-01,2.426750063896179199e-01,3.438544273376464844e-01,5.974818468093872070e-01,-1.127879992127418518e-01,2.273632399737834930e-02,1.240494996309280396e-01,1.138147562742233276e-01,-6.904137879610061646e-02,1.539833005517721176e-02,4.777887836098670959e-02,2.311756461858749390e-01,3.787764012813568115e-01,6.012339591979980469e-01,3.174508810043334961e-01,5.576408505439758301e-01,4.340797662734985352e-01,5.239854454994201660e-01,3.425081968307495117e-01,5.838183164596557617e-01,3.686850368976593018e-01,5.554949641227722168e-01,5.057737827301025391e-01,4.029243290424346924e-01,1.061115488409996033e-01,3.473345935344696045e-01,3.222539722919464111e-01,6.144200563430786133e-01,4.414369463920593262e-01,6.083391904830932617e-01,4.094614386558532715e-01,6.780626773834228516e-01,4.160998463630676270e-01,7.719599008560180664e-01,2.265661396086215973e-02,4.797231554985046387e-01,2.012688517570495605e-01,4.604089260101318359e-01,3.315849602222442627e-01,4.287903606891632080e-01,2.411878108978271484e-02,1.749173849821090698e-01,3.316233754158020020e-01,2.900893390178680420e-01,3.070921301841735840e-01,3.240973055362701416e-01,2.861184179782867432e-01,4.188869297504425049e-01,2.250468283891677856e-01,4.464831948280334473e-01,3.006341159343719482e-01,6.036178469657897949e-01,2.985925078392028809e-01,2.807098329067230225e-01,2.275484148412942886e-03,4.718968272209167480e-01,8.714450895786285400e-02,7.390275597572326660e-02,-7.913755625486373901e-02,3.599083125591278076e-01,3.607333302497863770e-01,2.713060975074768066e-01,1.594179421663284302e-01,3.070989847183227539e-01,3.012670576572418213e-02,1.053262129426002502e-01,1.368060857057571411e-01,2.523090243339538574e-01,4.670210182666778564e-01,5.335378646850585938e-01,3.086258172988891602e-01,1.376822292804718018e-01,2.839011549949645996e-01,2.426752299070358276e-01,2.972630262374877930e-01,2.855539917945861816e-01,1.893570572137832642e-01,5.972429364919662476e-02,6.861416622996330261e-03,1.166755631566047668e-01,1.694813072681427002e-01,2.819389700889587402e-01,2.369702458381652832e-01,4.296256005764007568e-01,3.389816284179687500e-01,1.874532401561737061e-01
3.895912766456604004e-01,2.085792869329452515e-01,1.079684570431709290e-01,3.387925028800964355e-02,1.770169585943222046e-01,-9.584341943264007568e-02,4.976909756660461426e-01,1.413799375295639038e-01,3.237846791744232178e-01,1.182695701718330383e-01,6.938111186027526855e-01,1.681502759456634521e-01,1.000000000000000000e+00,5.611944943666458130e-02,5.546640157699584961e-01,2.066436111927032471e-01,2.270515710115432739e-01,1.968830078840255737e-01,3.059665262699127197e-01,3.001908361911773682e-01,2.903925478458404541e-01,3.959554806351661682e-02,2.502993643283843994e-01,1.996796727180480957e-01,8.727353811264038086e-02,4.903178662061691284e-02,2.109999209642410278e-01,7.071711868047714233e-02,3.640452027320861816e-01,2.077215760946273804e-01,3.294842839241027832e-01,1.914939433336257935e-01,3.126560151576995850e-01,2.382660061120986938e-01,2.311422675848007202e-01,1.896272152662277222e-01,2.313148230314254761e-01,1.289380192756652832e-01,1.823296248912811279e-01,1.959268450736999512e-01,2.222441583871841431e-01,6.859780102968215942e-02,3.132097423076629639e-01,1.974446922540664673e-01,3.998673260211944580e-01,2.500091493129730225e-01,2.599851787090301514e-01,2.384153604507446289e-01,3.472651243209838867e-01,5.425661429762840271e-02,4.175928831100463867e-01,8.254057168960571289e-02,2.051275968551635742e-01,-6.772354990243911743e-02,3.358449041843414307e-01,1.095234230160713196e-01,2.723775804042816162e-01,1.927137374877929688e-01,3.663638532161712646e-01,1.632812619209289551e-01,4.428698122501373291e-01,3.014205992221832275e-01,2.809191644191741943e-01,1.440297812223434448e-01,5.343840718269348145e-01,3.095187842845916748e-01,4.264947772026062012e-01,3.372142016887664795e-01,2.392401695251464844e-01,3.360086977481842041e-01,7.434377074241638184e-02,2.742110006511211395e-02,3.274614810943603516e-01,2.318651080131530762e-01,4.524224400520324707e-01,1.544961035251617432e-01,2.466553449630737305e-01,2.499111294746398926e-01,2.556861042976379395e-01,2.640459835529327393e-01,3.548960089683532715e-01,1.484341472387313843e-01,2.994084954261779785e-01,3.336939215660095215e-01,4.919987320899963379e-01,1.796355098485946655e-01,1.734885871410369873e-01,2.030724883079528809e-01,4.055129587650299072e-01,1.177872419357299805e-01,2.883038818836212158e-01,8.096470683813095093e-02,1.950275599956512451e-01,-1.028556004166603088e-02,1.331476420164108276e-01,1.051631793379783630e-01,2.728071212768554688e-01,2.033267468214035034e-01,3.910837471485137939e-01,2.372982054948806763e-01,1.854504048824310303e-01,2.150684744119644165e-01,1.463821381330490112e-01,2.431460171937942505e-01,1.870398521423339844e-01,1.720954030752182007e-01,1.514691561460494995e-01,-8.254615962505340576e-02,1.896061599254608154e-01,1.413027197122573853e-01,1.587763130664825439e-01,1.840385794639587402e-01,1.809684485197067261e-01,1.139739230275154114e-01,2.701761424541473389e-01,1.409046202898025513e-01
