1.000000000000000000e+00,5.232753753662109375e-01,5.931841731071472168e-01,2.206838577985763550e-01,2.986948490142822266e-01,1.607277691364288330e-01,5.134097337722778320e-01,2.261654138565063477e-01,3.636073172092437744e-01,1.418987214565277100e-01,4.995661675930023193e-01,2.638167142868041992e-01,5.191999673843383789e-01,4.532587528228759766e-02,2.700233161449432373e-01,2.122331410646438599e-01,1.249908134341239929e-01,2.574314735829830170e-02,5.908553600311279297e-01,4.660561382770538330e-01,4.203851521015167236e-02,1.000702679157257080e-01,4.407251477241516113e-01,2.943777740001678467e-01,2.570144236087799072e-01,1.337403953075408936e-01,1.701919734477996826e-01,1.733613163232803345e-01,-1.750814728438854218e-02,4.838841501623392105e-03,2.104560285806655884e-01,6.592927128076553345e-02,2.845560312271118164e-01,2.424312680959701538e-01,2.416517883539199829e-01,1.308818310499191284e-01,-1.772655174136161804e-02,1.735699325799942017e-01,-3.157963231205940247e-02,-3.490274772047996521e-03,5.050141364336013794e-02,1.525725871324539185e-01,1.997609585523605347e-01,1.964266598224639893e-01,2.449764311313629150e-01,3.169849514961242676e-01,1.619629561901092529e-01,1.105545535683631897e-01,3.936982452869415283e-01,3.236997425556182861e-01,3.599088788032531738e-01,2.574270665645599365e-01,3.243397772312164307e-01,8.779107034206390381e-02,1.482757031917572021e-01,5.854561179876327515e-02,6.678873300552368164e-01,4.572030305862426758e-01,6.894271373748779297e-01,4.862622022628784180e-01,5.625048279762268066e-01,2.813018858432769775e-01,2.991192340850830078e-01,2.729901671409606934e-01,1.914328783750534058e-01,2.131299227476119995e-01,5.689465403556823730e-01,4.327826499938964844e-01,5.599285960197448730e-01,3.825097084045410156e-01,1.946132928133010864e-01,1.850816011428833008e-01,2.011843174695968628e-01,2.593710720539093018e-01,6.360003352165222168e-02,1.140257716178894043e-01,2.618866264820098877e-01,2.516387104988098145e-01,-4.006130248308181763e-02,-2.807643078267574310e-02,1.640549749135971069e-01,1.754161268472671509e-01,1.619384437799453735e-02,-3.133768588304519653e-02,2.081502526998519897e-01,1.232622787356376648e-01,-1.271604560315608978e-02,3.638226538896560669e-02,3.190990686416625977e-01,1.336594074964523315e-01,2.281294465065002441e-01,1.546896249055862427e-01,1.447227746248245239e-01,7.480125129222869873e-02,-6.457003951072692871e-02,-8.810712397098541260e-02,7.022916525602340698e-02,-6.742954719811677933e-03,1.958218067884445190e-01,6.509263068437576294e-02,1.001182571053504944e-01,1.369792073965072632e-01,2.026385813951492310e-01,2.006249427795410156e-01,1.586177349090576172e-01,1.647280305624008179e-01,2.115449868142604828e-02,8.655909448862075806e-02,1.149601712822914124e-01,8.186825364828109741e-02,-2.679472323507070541e-03,-6.564689427614212036e-02,1.135457456111907959e-01,3.786577284336090088e-02,2.193596027791500092e-02,1.215157210826873779e-01
5.232753753662109375e-01,1.000000000000000000e+00,2.597824037075042725e-01,3.873838782310485840e-01,7.343839854001998901e-02,2.546190619468688965e-01,2.340111583471298218e-01,2.693258821964263916e-01,2.255662530660629272e-01,2.847761213779449463e-01,1.749091595411300659e-01,3.883511722087860107e-01,1.395522207021713257e-01,2.982966303825378418e-01,-4.920723848044872284e-03,2.591001391410827637e-01,1.019529178738594055e-01,2.559584081172943115e-01,5.135292410850524902e-01,5.491795539855957031e-01,-7.845116406679153442e-02,-6.215522065758705139e-02,1.512602120637893677e-01,1.994155943393707275e-01,2.702946662902832031e-01,1.783728450536727905e-01,-1.250749453902244568e-02,2.965296991169452667e-02,9.590147994458675385e-03,3.669842332601547241e-02,1.246012821793556213e-01,6.060291454195976257e-02,3.184938430786132812e-01,2.896182835102081299e-01,1.715711653232574463e-01,4.463582485914230347e-02,3.111861832439899445e-02,1.698044687509536743e-01,-7.234017550945281982e-02,1.404340937733650208e-02,8.183590136468410492e-03,7.253587245941162109e-02,2.636912763118743896e-01,3.307522237300872803e-01,2.959178984165191650e-01,4.625391960144042969e-01,2.809242904186248779e-01,2.723969817161560059e-01,3.406019210815429688e-01,4.384377300739288330e-01,3.359688520431518555e-01,3.891310393810272217e-01,3.565973341464996338e-01,2.047964185476303101e-01,1.500596851110458374e-01,1.575470417737960815e-01,5.408115983009338379e-01,7.086108326911926270e-01,5.080767869949340820e-01,6.008220314979553223e-01,3.113093972206115723e-01,4.297655522823333740e-01,1.845437586307525635e-01,5.966648459434509277e-01,1.010486297309398651e-02,3.098241388797760010e-01,5.406211018562316895e-01,5.416829586029052734e-01,5.979333519935607910e-01,4.954456090927124023e-01,2.260038070380687714e-02,9.464407712221145630e-02,2.251824736595153809e-01,3.042536973953247070e-01,6.639951467514038086e-02,1.832503676414489746e-01,1.703823208808898926e-01,1.935978233814239502e-01,1.128264795988798141e-02,-2.928128466010093689e-02,2.297912687063217163e-01,3.800110220909118652e-01,-7.913991808891296387e-02,5.150660127401351929e-02,2.804608345031738281e-01,2.974826693534851074e-01,8.939349651336669922e-02,1.112838909029960632e-01,2.159524708986282349e-01,2.740028500556945801e-01,2.876184284687042236e-01,2.082378566265106201e-01,1.377340406179428101e-01,8.371136337518692017e-02,5.063376575708389282e-02,-1.404069457203149796e-02,1.673273891210556030e-01,1.503046751022338867e-01,3.897730112075805664e-01,2.842417955398559570e-01,1.925848424434661865e-02,2.733898535370826721e-02,1.316728889942169189e-01,1.307954490184783936e-01,1.129250824451446533e-01,1.190626099705696106e-01,6.390721350908279419e-02,1.107261031866073608e-01,1.564573794603347778e-01,2.060728818178176880e-01,9.606887400150299072e-02,1.374440081417560577e-02,1.579144150018692017e-01,1.104457527399063110e-01,4.441434144973754883e-02,7.185647636651992798e-02
5.931841731071472168e-01,2.597824037075042725e-01,1.000000000000000000e+00,4.063729941844940186e-01,4.708715379238128662e-01,3.200127482414245605e-01,7.153580784797668457e-01,3.280560672283172607e-01,4.424478113651275635e-01,2.778332531452178955e-01,3.461239933967590332e-01,1.628610640764236450e-01,4.939583241939544678e-01,-2.902908064424991608e-02,3.416031301021575928e-01,2.672216296195983887e-01,8.053950965404510498e-02,1.470727175474166870e-01,5.677163004875183105e-01,4.283448457717895508e-01,1.282778531312942505e-01,1.588476598262786865e-01,7.178393006324768066e-01,5.645858049392700195e-01,4.746065139770507812e-01,3.264679908752441406e-01,1.728412508964538574e-01,1.706406623125076294e-01,3.385789692401885986e-02,1.221875846385955811e-01,4.845624566078186035e-01,3.182410299777984619e-01,2.894780039787292480e-01,2.966764867305755615e-01,3.371141850948333740e-01,2.275385707616806030e-01,7.182138413190841675e-02,1.089876145124435425e-01,1.399312019348144531e-01,8.212346583604812622e-03,1.014650315046310425e-01,1.518245935440063477e-01,2.008054852485656738e-01,8.977767080068588257e-02,1.880733370780944824e-01,1.558132916688919067e-01,9.052833914756774902e-02,2.745190821588039398e-02,2.002137899398803711e-01,1.226649433374404907e-01,2.396734058856964111e-01,2.246952503919601440e-01,1.754152625799179077e-01,-7.653650641441345215e-02,1.169477999210357666e-01,-3.764509037137031555e-02,2.666063606739044189e-01,1.724390983581542969e-01,4.229247868061065674e-01,3.052679002285003662e-01,2.678107023239135742e-01,2.691020071506500244e-01,5.615866556763648987e-02,1.228953972458839417e-01,2.839180529117584229e-01,3.032014369964599609e-01,4.563755691051483154e-01,2.982965707778930664e-01,3.534947335720062256e-01,1.488506644964218140e-01,2.951201498508453369e-01,3.059092164039611816e-01,1.971470713615417480e-01,3.092008531093597412e-01,5.769243463873863220e-03,1.812615245580673218e-01,3.487200140953063965e-01,3.347080349922180176e-01,1.750095747411251068e-02,1.603816449642181396e-01,1.079586893320083618e-01,1.150533631443977356e-01,1.891453564167022705e-01,6.022550910711288452e-02,2.495380342006683350e-01,1.902630925178527832e-01,6.590172648429870605e-02,3.255368769168853760e-02,3.340137302875518799e-01,9.083307534456253052e-02,2.281088382005691528e-01,1.344698667526245117e-01,2.842370569705963135e-01,1.678395420312881470e-01,-6.421176344156265259e-02,-8.587929606437683105e-02,-1.767246611416339874e-02,-7.336366176605224609e-02,1.044021919369697571e-01,2.923957630991935730e-02,2.164421379566192627e-01,2.883475124835968018e-01,2.492784708738327026e-01,3.652238547801971436e-01,1.276620626449584961e-01,2.006195634603500366e-01,-3.419738262891769409e-02,5.983377993106842041e-02,2.541718445718288422e-02,-3.096567466855049133e-02,-5.223888903856277466e-02,-3.507410362362861633e-02,1.562962085008621216e-01,6.159657984972000122e-02,1.294098347425460815e-01,2.215617895126342773e-01
2.206838577985763550e-01,3.873838782310485840e-01,4.063729941844940186e-01,1.000000000000000000e+00,2.496884614229202271e-01,4.993104338645935059e-01,4.098455607891082764e-01,6.237331628799438477e-01,4.069631099700927734e-01,6.169818639755249023e-01,3.861322999000549316e-02,5.510170459747314453e-01,2.200628519058227539e-01,5.503306984901428223e-01,2.745575904846191406e-01,6.191306114196777344e-01,1.444064266979694366e-02,1.963666528463363647e-01,4.990237951278686523e-01,5.186663269996643066e-01,7.859275490045547485e-02,1.046813204884529114e-01,3.785611987113952637e-01,6.104884743690490723e-01,3.683137893676757812e-01,3.895302712917327881e-01,2.750333398580551147e-02,1.034807786345481873e-01,1.225303485989570618e-01,1.308150142431259155e-01,2.663534581661224365e-01,3.587654232978820801e-01,2.197948396205902100e-01,3.773321211338043213e-01,1.925352215766906738e-01,2.716186642646789551e-01,9.219869226217269897e-02,-2.876102924346923828e-02,6.652776151895523071e-02,3.585905954241752625e-02,1.509582400321960449e-01,7.421317696571350098e-02,5.346966907382011414e-02,6.483766436576843262e-02,-4.318429157137870789e-03,1.414031684398651123e-01,3.722567111253738403e-02,7.324019074440002441e-02,1.882559433579444885e-02,1.481058299541473389e-01,2.333697862923145294e-02,2.652310729026794434e-01,3.954165801405906677e-02,-1.555614471435546875e-01,6.021579355001449585e-02,-8.049218915402889252e-03,-1.121113542467355728e-03,1.392726600170135498e-01,2.576198279857635498e-01,4.138974845409393311e-01,1.622212827205657959e-01,5.616932511329650879e-01,-1.075220294296741486e-02,2.187371551990509033e-01,2.529893219470977783e-01,6.485814452171325684e-01,2.544836401939392090e-01,4.087838828563690186e-01,2.296715825796127319e-01,2.341570556163787842e-01,2.320518940687179565e-01,2.871934473514556885e-01,3.375501334667205811e-01,3.794973194599151611e-01,4.409167915582656860e-02,2.716837227344512939e-01,2.746756076812744141e-01,2.686696648597717285e-01,1.536979898810386658e-02,1.831345409154891968e-01,8.477751165628433228e-02,1.108029410243034363e-01,1.886511594057083130e-01,1.793518811464309692e-01,1.993929445743560791e-01,2.562206387519836426e-01,9.770125895738601685e-02,1.279775202274322510e-01,2.788175344467163086e-01,2.514735758304595947e-01,1.483195424079895020e-01,1.840942353010177612e-01,2.691226899623870850e-01,9.412885457277297974e-02,-2.412173710763454437e-02,-4.119764640927314758e-02,-4.070623219013214111e-02,-7.866934686899185181e-02,1.095155850052833557e-01,4.654468595981597900e-02,3.011858165264129639e-01,6.737485527992248535e-02,2.220190167427062988e-01,1.257802844047546387e-01,1.197957322001457214e-01,1.386412978172302246e-01,1.512981206178665161e-02,-3.609399124979972839e-02,4.075707122683525085e-02,-6.251369416713714600e-02,-1.076558455824851990e-01,-5.909742787480354309e-02,1.241488158702850342e-01,1.488128006458282471e-01,8.936689794063568115e-02,1.625896245241165161e-01
2.986948490142822266e-01,7.343839854001998901e-02,4.708715379238128662e-01,2.496884614229202271e-01,1.000000000000000000e+00,5.088253617286682129e-01,3.716301321983337402e-01,1.996636241674423218e-01,6.052607297897338867e-01,4.084954261779785156e-01,1.857256442308425903e-01,1.406668871641159058e-01,3.189575076103210449e-01,2.511346340179443359e-02,4.098286032676696777e-01,2.673693299293518066e-01,6.708984822034835815e-02,3.576447814702987671e-02,3.290416300296783447e-01,2.549400329589843750e-01,3.365645408630371094e-01,4.152543842792510986e-01,4.280127286911010742e-01,3.860288858413696289e-01,3.310699164867401123e-01,1.310048252344131470e-01,4.335473179817199707e-01,3.689360916614532471e-01,4.032201319932937622e-02,3.415570780634880066e-02,3.063108325004577637e-01,1.464412659406661987e-01,9.979048371315002441e-02,1.332983523607254028e-01,2.121380120515823364e-01,9.537950158119201660e-02,1.890202313661575317e-01,7.667364180088043213e-02,2.303155064582824707e-01,1.276758760213851929e-01,1.206209361553192139e-01,2.146681025624275208e-02,1.549596339464187622e-01,1.153033450245857239e-01,1.953508853912353516e-01,8.068949729204177856e-02,1.092172116041183472e-01,1.908766105771064758e-02,2.140718251466751099e-01,9.641069918870925903e-02,2.064835727214813232e-01,1.670312285423278809e-01,1.771045178174972534e-01,-3.578109666705131531e-02,2.046553939580917358e-01,9.646008722484111786e-03,9.277535974979400635e-02,-1.400279905647039413e-02,3.160924017429351807e-01,2.415400743484497070e-01,2.094990164041519165e-01,2.306896597146987915e-01,2.045715041458606720e-02,-1.267696730792522430e-03,3.511911034584045410e-01,1.909491270780563354e-01,3.466429710388183594e-01,2.430973201990127563e-01,1.289565861225128174e-01,-5.055309273302555084e-03,2.324381470680236816e-01,2.097367197275161743e-01,1.939739286899566650e-01,1.870671510696411133e-01,-2.171936631202697754e-02,1.945377290248870850e-01,2.218145132064819336e-01,1.049892082810401917e-01,1.250662207603454590e-01,3.134059906005859375e-02,4.728300496935844421e-02,-4.882086440920829773e-02,1.846454888582229614e-01,-1.801929995417594910e-02,1.260546892881393433e-01,1.266722381114959717e-01,3.109499253332614899e-02,-1.907665096223354340e-02,4.350366294384002686e-01,1.477424949407577515e-01,2.481100410223007202e-01,2.730981111526489258e-01,3.929034471511840820e-01,2.661122381687164307e-01,2.898222766816616058e-02,-1.264552772045135498e-02,2.602310664951801300e-02,-2.167078666388988495e-03,1.240249201655387878e-01,7.275363057851791382e-02,3.279109299182891846e-01,2.703071236610412598e-01,4.106578528881072998e-01,3.382356464862823486e-01,1.862196028232574463e-01,1.680423915386199951e-01,2.218555286526679993e-02,-6.401925534009933472e-02,5.220318213105201721e-03,1.073418557643890381e-02,-4.035393148660659790e-02,2.706515416502952576e-02,2.757766842842102051e-01,1.833936423063278198e-01,1.469660252332687378e-01,1.540022045373916626e-01
1.607277691364288330e-01,2.546190619468688965e-01,3.200127482414245605e-01,4.993104338645935059e-01,5.088253617286682129e-01,1.000000000000000000e+00,2.420974671840667725e-01,3.460512459278106689e-01,5.546571016311645508e-01,7.008104920387268066e-01,6.848169863224029541e-02,3.739427924156188965e-01,1.108401715755462646e-01,3.369297683238983154e-01,1.041941531002521515e-02,4.197721481323242188e-01,3.271943703293800354e-02,1.180421411991119385e-01,2.839225232601165771e-01,2.640109360218048096e-01,6.726169586181640625e-02,1.967325657606124878e-01,2.703505456447601318e-01,4.586069881916046143e-01,3.953064382076263428e-01,3.239659667015075684e-01,2.192788422107696533e-01,3.153588771820068359e-01,2.698847651481628418e-02,-2.865952439606189728e-02,1.924187988042831421e-01,1.047153249382972717e-01,1.086442098021507263e-01,2.099598050117492676e-01,2.413909584283828735e-01,1.857063025236129761e-01,3.383126258850097656e-01,2.558338642120361328e-01,1.692290008068084717e-01,2.044511437416076660e-01,6.028852239251136780e-02,-5.164098367094993591e-02,2.454778403043746948e-01,2.762157917022705078e-01,2.832581102848052979e-01,3.022398352622985840e-01,1.958938390016555786e-01,2.674179077148437500e-01,2.940403223037719727e-01,3.579546213150024414e-01,2.423910498619079590e-01,4.152632355690002441e-01,2.344447672367095947e-01,1.991563290357589722e-01,2.741592526435852051e-01,2.424321770668029785e-01,3.202786296606063843e-02,1.654523909091949463e-01,3.125028312206268311e-01,4.325180947780609131e-01,1.523941159248352051e-01,4.499259591102600098e-01,-4.389170929789543152e-02,1.943601965904235840e-01,2.491793036460876465e-01,4.315083026885986328e-01,3.790948092937469482e-01,4.260420203208923340e-01,1.272037327289581299e-01,9.870544075965881348e-02,1.928982436656951904e-01,2.373294383287429810e-01,3.631043434143066406e-01,3.732444941997528076e-01,1.483378112316131592e-01,3.727054595947265625e-01,2.645418643951416016e-01,2.397485226392745972e-01,9.311180561780929565e-02,-5.439349915832281113e-03,5.588616803288459778e-02,1.441680938005447388e-01,-6.670674681663513184e-02,5.434963107109069824e-02,1.597413718700408936e-01,3.266722261905670166e-01,1.766844838857650757e-01,1.573259085416793823e-01,3.985083103179931641e-01,4.970472753047943115e-01,3.488293886184692383e-01,3.352774679660797119e-01,4.323333203792572021e-01,3.337258100509643555e-01,1.492539793252944946e-01,6.304100155830383301e-02,2.314125001430511475e-01,2.342822104692459106e-01,2.464329600334167480e-01,2.343159914016723633e-01,2.647398710250854492e-01,1.891689896583557129e-01,2.721818387508392334e-01,2.550332546234130859e-01,1.595759689807891846e-01,1.862135231494903564e-01,-3.299617394804954529e-02,-9.034185111522674561e-02,1.758689284324645996e-01,3.288322091102600098e-01,2.134054154157638550e-01,1.141143068671226501e-01,3.389901220798492432e-01,1.437076926231384277e-01,2.251637428998947144e-01,1.532947570085525513e-01
5.134097337722778320e-01,2.340111583471298218e-01,7.153580784797668457e-01,4.098455607891082764e-01,3.716301321983337402e-01,2.420974671840667725e-01,1.000000000000000000e+00,5.044119954109191895e-01,3.932191431522369385e-01,3.005009889602661133e-01,2.334698289632797241e-01,2.685040831565856934e-01,5.172715187072753906e-01,1.212505623698234558e-01,4.350893497467041016e-01,3.645538091659545898e-01,3.485219180583953857e-02,1.438612639904022217e-01,4.271628856658935547e-01,2.598848342895507812e-01,1.073394268751144409e-01,6.664034724235534668e-02,6.318415403366088867e-01,4.986009895801544189e-01,2.905411124229431152e-01,2.300646007061004639e-01,7.504464685916900635e-02,5.622435361146926880e-02,7.219462841749191284e-02,1.321038156747817993e-01,4.314945638179779053e-01,3.259117305278778076e-01,2.486505061388015747e-01,3.296867907047271729e-01,2.815956175327301025e-01,2.706103920936584473e-01,6.596934050321578979e-02,-3.574606776237487793e-02,2.078530490398406982e-01,2.895294688642024994e-02,2.591713666915893555e-01,8.234841376543045044e-02,1.446168031543493271e-02,-5.424848198890686035e-02,1.243155915290117264e-02,3.470190986990928650e-02,-4.750461131334304810e-02,-1.335219591856002808e-01,1.000682786107063293e-01,4.327324032783508301e-02,2.098823152482509613e-02,7.630923390388488770e-02,5.722547322511672974e-02,-2.840221822261810303e-01,6.966312229633331299e-02,-1.707946062088012695e-01,9.893315285444259644e-02,-3.207004046998918056e-04,3.102840185165405273e-01,2.466371208429336548e-01,2.796484827995300293e-01,3.424539566040039062e-01,8.934216946363449097e-02,1.000743731856346130e-01,2.288532108068466187e-01,3.496172130107879639e-01,2.995111048221588135e-01,2.474267333745956421e-01,1.775022000074386597e-01,6.621585786342620850e-02,3.665230870246887207e-01,3.901043832302093506e-01,1.448320299386978149e-01,1.979170590639114380e-01,-1.056970059871673584e-01,7.213349640369415283e-02,4.120502173900604248e-01,3.980976343154907227e-01,-8.601052314043045044e-02,1.227616667747497559e-01,2.840216644108295441e-02,-5.430794321000576019e-03,3.184777200222015381e-01,1.628748029470443726e-01,8.650822192430496216e-02,1.203746162354946136e-02,1.329457387328147888e-02,-6.249181181192398071e-02,2.392670810222625732e-01,-6.074661761522293091e-02,6.120826303958892822e-02,4.947233572602272034e-02,1.238317191600799561e-01,6.363465636968612671e-02,-9.727178514003753662e-02,-1.468942910432815552e-01,-8.261320739984512329e-02,-2.092038244009017944e-01,-2.497276663780212402e-02,-1.387998461723327637e-01,2.516684234142303467e-01,9.308609366416931152e-02,2.155243903398513794e-01,2.412058711051940918e-01,1.190189346671104431e-01,1.762819439172744751e-01,2.040148340165615082e-02,5.442694947123527527e-02,-1.068164184689521790e-01,-1.842150688171386719e-01,-1.250930875539779663e-01,-8.409161865711212158e-02,2.545560896396636963e-02,6.482294946908950806e-02,1.346709728240966797e-01,1.698623895645141602e-01
2.261654138565063477e-01,2.693258821964263916e-01,3.280560672283172607e-01,6.237331628799438477e-01,1.996636241674423218e-01,3.460512459278106689e-01,5.044119954109191895e-01,1.000000000000000000e+00,2.499329596757888794e-01,5.023302435874938965e-01,2.210350707173347473e-02,5.842078924179077148e-01,1.484772562980651855e-01,5.373232364654541016e-01,2.958626449108123779e-01,4.745001196861267090e-01,2.171936482191085815e-01,4.395174328237771988e-03,3.492650091648101807e-01,3.653676509857177734e-01,-7.984022051095962524e-02,-2.915110066533088684e-02,3.293813169002532959e-01,5.222278833389282227e-01,1.730439811944961548e-02,1.205948889255523682e-01,-6.139845773577690125e-02,-4.225584119558334351e-02,1.568885892629623413e-01,6.170339137315750122e-02,2.747421860694885254e-01,2.886849641799926758e-01,2.802944183349609375e-01,4.645320177078247070e-01,1.875001192092895508e-01,2.866559624671936035e-01,4.345812276005744934e-02,7.338038086891174316e-02,1.393767446279525757e-01,4.247174412012100220e-02,2.367467135190963745e-01,1.666367053985595703e-01,1.001125276088714600e-01,8.147215098142623901e-02,9.973832964897155762e-02,1.412904262542724609e-01,-2.184918150305747986e-02,4.796660318970680237e-02,1.506335586309432983e-01,2.072076499462127686e-01,6.899489462375640869e-02,2.038131505250930786e-01,9.179800748825073242e-02,-9.772109985351562500e-02,5.129782110452651978e-02,6.929281167685985565e-03,2.389058284461498260e-02,-6.928287446498870850e-02,2.761385440826416016e-01,4.415462613105773926e-01,3.897885382175445557e-01,6.491259336471557617e-01,3.004569709300994873e-01,6.900049746036529541e-02,3.647727966308593750e-01,5.785212516784667969e-01,1.898911744356155396e-01,3.438611328601837158e-01,1.057052761316299438e-01,1.847445219755172729e-01,9.497974812984466553e-02,1.624984443187713623e-01,3.103348314762115479e-01,1.215688362717628479e-01,5.594020336866378784e-02,3.030748479068279266e-02,3.142274916172027588e-01,3.479203283786773682e-01,-6.567575782537460327e-02,-1.583902724087238312e-02,6.966647924855351448e-04,-1.414051353931427002e-01,2.001405954360961914e-01,2.269663065671920776e-01,-7.121922075748443604e-02,1.104293465614318848e-01,4.488937184214591980e-02,2.528293617069721222e-02,7.866144180297851562e-02,1.468085050582885742e-01,6.644345074892044067e-02,1.703344434499740601e-01,1.708358228206634521e-01,1.225119456648826599e-01,-2.409344725310802460e-02,-7.279431074857711792e-02,-1.207018923014402390e-02,-1.173464730381965637e-01,8.257675170898437500e-02,-2.462055999785661697e-03,2.836113572120666504e-01,1.237389892339706421e-01,1.982877701520919800e-01,1.742225438356399536e-01,1.555052846670150757e-01,1.404781788587570190e-01,3.167334571480751038e-02,3.192617371678352356e-02,5.926187708973884583e-02,-7.359678298234939575e-02,-5.315801873803138733e-02,-1.350343506783246994e-02,4.185115918517112732e-02,1.361306905746459961e-01,1.373558342456817627e-01,1.406969279050827026e-01
3.636073172092437744e-01,2.255662530660629272e-01,4.424478113651275635e-01,4.069631099700927734e-01,6.052607297897338867e-01,5.546571016311645508e-01,3.932191431522369385e-01,2.499329596757888794e-01,1.000000000000000000e+00,6.304079890251159668e-01,3.483999967575073242e-01,3.717813789844512939e-01,4.698142707347869873e-01,2.666232585906982422e-01,1.929936558008193970e-01,3.707299530506134033e-01,4.598694853484630585e-03,1.377387344837188721e-01,4.588322937488555908e-01,3.057534396648406982e-01,1.488781571388244629e-01,2.712253034114837646e-01,3.253807127475738525e-01,3.507317602634429932e-01,3.630313277244567871e-01,2.630867063999176025e-01,2.323230803012847900e-01,2.668466567993164062e-01,6.819057464599609375e-02,6.959942728281021118e-02,2.352402508258819580e-01,1.208273321390151978e-01,1.542716324329376221e-01,1.763669699430465698e-01,2.069366276264190674e-01,1.818327903747558594e-01,2.176491022109985352e-01,1.157857030630111694e-01,4.563451744616031647e-03,6.158173084259033203e-02,-1.818740181624889374e-02,-6.639121472835540771e-02,2.368819564580917358e-01,2.427926212549209595e-01,2.399065792560577393e-01,3.048419356346130371e-01,2.498992085456848145e-01,2.604206204414367676e-01,2.976301908493041992e-01,3.071524202823638916e-01,2.157977372407913208e-01,3.493415117263793945e-01,3.077050447463989258e-01,1.130040213465690613e-01,1.531387418508529663e-01,1.329808682203292847e-01,7.727377116680145264e-02,1.244470402598381042e-01,4.081802964210510254e-01,3.271657228469848633e-01,2.916014194488525391e-01,3.069767653942108154e-01,-4.413656517863273621e-02,1.442720890045166016e-01,1.706724911928176880e-01,3.413201570510864258e-01,3.952355682849884033e-01,3.800826966762542725e-01,2.539281249046325684e-01,1.821191012859344482e-01,2.984443604946136475e-01,2.633575499057769775e-01,3.835526406764984131e-01,4.247289597988128662e-01,1.718692630529403687e-01,4.502424895763397217e-01,3.324364721775054932e-01,2.280066758394241333e-01,1.363392174243927002e-01,1.384471654891967773e-01,1.090114563703536987e-01,1.681797653436660767e-01,-4.050223529338836670e-02,-5.818488076329231262e-02,1.853911280632019043e-01,2.058556973934173584e-01,3.008488751947879791e-02,1.390114277601242065e-01,4.635607302188873291e-01,2.993969917297363281e-01,3.793739378452301025e-01,4.079169631004333496e-01,4.441812038421630859e-01,3.359309136867523193e-01,1.708966791629791260e-01,4.967603087425231934e-02,1.999375522136688232e-01,1.774605065584182739e-01,2.933063805103302002e-01,2.622038722038269043e-01,3.843196332454681396e-01,2.049853354692459106e-01,4.095098674297332764e-01,2.161317020654678345e-01,1.604635119438171387e-01,1.852206587791442871e-01,7.592377811670303345e-02,1.069479063153266907e-02,2.090988010168075562e-01,2.114636152982711792e-01,1.221078783273696899e-01,4.885962605476379395e-02,3.437820374965667725e-01,1.808462888002395630e-01,9.754194319248199463e-02,1.846036016941070557e-01
1.418987214565277100e-01,2.847761213779449463e-01,2.778332531452178955e-01,6.169818639755249023e-01,4.084954261779785156e-01,7.008104920387268066e-01,3.005009889602661133e-01,5.023302435874938965e-01,6.304079890251159668e-01,1.000000000000000000e+00,1.691989004611968994e-01,5.705972909927368164e-01,2.497812360525131226e-01,5.148340463638305664e-01,1.523920893669128418e-01,5.480066537857055664e-01,1.580324918031692505e-01,2.305643111467361450e-01,3.591829538345336914e-01,3.653648793697357178e-01,1.026096194982528687e-01,2.650615870952606201e-01,2.715624868869781494e-01,4.674354791641235352e-01,3.351979255676269531e-01,3.500123918056488037e-01,1.743985265493392944e-01,2.322895973920822144e-01,2.201757282018661499e-01,1.093333289027214050e-01,2.964007258415222168e-01,2.721772491931915283e-01,1.576114147901535034e-01,2.673481702804565430e-01,1.800309866666793823e-01,2.019074708223342896e-01,2.020068019628524780e-01,1.986543685197830200e-01,-2.895818278193473816e-02,-7.826901040971279144e-03,2.388274669647216797e-02,-2.567205578088760376e-02,9.784432500600814819e-02,1.460067182779312134e-01,1.680680662393569946e-01,2.186908423900604248e-01,9.348583221435546875e-02,2.059533149003982544e-01,1.959361881017684937e-01,2.799043655395507812e-01,1.026238575577735901e-01,3.802944421768188477e-01,1.167453378438949585e-01,9.280584007501602173e-02,1.128224954009056091e-01,1.312572062015533447e-01,-4.742296785116195679e-02,9.637390822172164917e-02,2.672637104988098145e-01,4.188935160636901855e-01,1.875513046979904175e-01,5.262691974639892578e-01,1.989563927054405212e-02,1.790871471166610718e-01,2.261192351579666138e-01,5.440242886543273926e-01,2.730358541011810303e-01,3.729248344898223877e-01,1.431051492691040039e-01,1.499574035406112671e-01,1.890045404434204102e-01,2.247253358364105225e-01,4.311250150203704834e-01,4.388381242752075195e-01,1.634176224470138550e-01,4.539732038974761963e-01,2.968627214431762695e-01,2.404714822769165039e-01,2.066309452056884766e-01,1.741325259208679199e-01,4.908140376210212708e-02,1.282858550548553467e-01,-7.060938328504562378e-02,5.131265614181756973e-03,7.364133745431900024e-02,2.774510085582733154e-01,1.495179682970046997e-01,2.242024540901184082e-01,2.840314805507659912e-01,4.007848203182220459e-01,2.945587635040283203e-01,3.076739311218261719e-01,4.018630683422088623e-01,2.698486447334289551e-01,2.615256011486053467e-01,1.249900460243225098e-01,1.542756408452987671e-01,1.584408134222030640e-01,2.275269776582717896e-01,1.771899312734603882e-01,3.384269177913665771e-01,1.439564377069473267e-01,2.520579695701599121e-01,1.162927001714706421e-01,2.598661929368972778e-02,9.963901340961456299e-02,-7.191163301467895508e-02,-9.114869683980941772e-02,2.958987057209014893e-01,2.530665099620819092e-01,4.935797676444053650e-02,-9.815414994955062866e-02,2.979484796524047852e-01,1.429274827241897583e-01,1.271641552448272705e-01,1.149009093642234802e-01
4.995661675930023193e-01,1.749091595411300659e-01,3.461239933967590332e-01,3.861322999000549316e-02,1.857256442308425903e-01,6.848169863224029541e-02,2.334698289632797241e-01,2.210350707173347473e-02,3.483999967575073242e-01,1.691989004611968994e-01,1.000000000000000000e+00,2.591321468353271484e-01,6.904680132865905762e-01,7.382168620824813843e-02,1.721525937318801880e-01,1.588212251663208008e-01,4.302830398082733154e-01,2.803676724433898926e-01,4.014500975608825684e-01,2.161893248558044434e-01,5.945637449622154236e-02,1.762392371892929077e-01,3.535260260105133057e-01,1.787596046924591064e-01,2.605588436126708984e-01,1.640466898679733276e-01,2.506497204303741455e-01,2.173386216163635254e-01,3.058460056781768799e-01,1.857194751501083374e-01,2.743227183818817139e-01,1.130577102303504944e-01,3.094394803047180176e-01,1.722333431243896484e-01,2.701944112777709961e-01,1.589006781578063965e-01,6.465210020542144775e-02,3.425024151802062988e-01,-1.482337862253189087e-01,-1.318925917148590088e-01,-2.129868976771831512e-02,1.981749832630157471e-01,2.254803329706192017e-01,1.968256086111068726e-01,3.088567554950714111e-01,2.506215572357177734e-01,2.349510192871093750e-01,2.195008248090744019e-01,2.562994956970214844e-01,2.063297033309936523e-01,3.549195826053619385e-01,3.029144704341888428e-01,2.494120448827743530e-01,2.075301855802536011e-01,8.465507626533508301e-02,1.048105359077453613e-01,3.804572820663452148e-01,2.237064093351364136e-01,3.314867317676544189e-01,1.559088528156280518e-01,3.764947056770324707e-01,7.492302358150482178e-02,3.847548961639404297e-01,2.566951513290405273e-01,1.788255274295806885e-01,1.587802171707153320e-01,3.935529291629791260e-01,3.212819695472717285e-01,3.639920055866241455e-01,3.222151696681976318e-01,2.271043956279754639e-01,1.377720981836318970e-01,3.363882899284362793e-01,3.790817856788635254e-01,2.562834024429321289e-01,2.234557569026947021e-01,2.617324292659759521e-01,2.028305977582931519e-01,2.859106361865997314e-01,2.046127617359161377e-01,4.266316294670104980e-01,3.140160441398620605e-01,-1.710989139974117279e-02,-2.884913980960845947e-02,3.857131898403167725e-01,3.391304314136505127e-01,1.128275468945503235e-01,1.905428022146224976e-01,2.454213798046112061e-01,1.869195550680160522e-01,3.638313412666320801e-01,2.047123610973358154e-01,3.022919595241546631e-01,1.956534534692764282e-01,2.170718312263488770e-01,1.882552951574325562e-01,2.049839645624160767e-01,2.200165838003158569e-01,2.604678869247436523e-01,1.755538433790206909e-01,1.787755489349365234e-01,2.266734242439270020e-01,1.385776996612548828e-01,8.061047643423080444e-02,-4.267400875687599182e-02,4.347715154290199280e-02,-3.698944300413131714e-02,1.109636202454566956e-01,3.910676538944244385e-01,2.553494870662689209e-01,7.921507954597473145e-02,-1.215210482478141785e-01,2.233346402645111084e-01,-3.821681812405586243e-02,-3.481207415461540222e-02,1.165609247982501984e-02
2.638167142868041992e-01,3.883511722087860107e-01,1.628610640764236450e-01,5.510170459747314453e-01,1.406668871641159058e-01,3.739427924156188965e-01,2.685040831565856934e-01,5.842078924179077148e-01,3.717813789844512939e-01,5.705972909927368164e-01,2.591321468353271484e-01,1.000000000000000000e+00,2.588437199592590332e-01,7.680968046188354492e-01,1.337334364652633667e-01,4.891537725925445557e-01,3.068425655364990234e-01,2.180756777524948120e-01,4.149013757705688477e-01,4.446886181831359863e-01,-7.245910167694091797e-02,-3.039447031915187836e-02,8.522088080644607544e-02,2.426770031452178955e-01,7.452587038278579712e-02,1.008995249867439270e-01,-1.698283404111862183e-01,-1.327458173036575317e-01,3.202569484710693359e-01,1.094376072287559509e-01,1.499778181314468384e-01,1.861329972743988037e-01,2.213431894779205322e-01,3.096850812435150146e-01,2.027619779109954834e-01,1.736506521701812744e-01,1.011974960565567017e-01,1.316411495208740234e-01,-5.481672286987304688e-02,-3.267267346382141113e-02,1.128823310136795044e-02,-1.281318418477894738e-05,1.442341208457946777e-01,2.310320436954498291e-01,2.119501680135726929e-01,2.799619436264038086e-01,1.067178249359130859e-01,2.535180151462554932e-01,2.277015298604965210e-01,3.411318063735961914e-01,1.452891677618026733e-01,3.655169904232025146e-01,1.816864758729934692e-01,4.492496699094772339e-02,9.692966192960739136e-02,1.169053539633750916e-01,2.344939485192298889e-02,1.180468127131462097e-01,3.301535844802856445e-01,4.828327596187591553e-01,3.595423400402069092e-01,6.270468235015869141e-01,2.575748860836029053e-01,3.093277215957641602e-01,2.856459915637969971e-01,6.089152693748474121e-01,3.042326867580413818e-01,4.453803598880767822e-01,1.851768642663955688e-01,2.031534016132354736e-01,1.244057044386863708e-01,1.505579352378845215e-01,5.060174465179443359e-01,3.548352718353271484e-01,2.333089411258697510e-01,2.912122905254364014e-01,2.697908580303192139e-01,2.356340289115905762e-01,2.675600945949554443e-01,1.367405354976654053e-01,1.602362692356109619e-01,9.086979925632476807e-02,-8.928611129522323608e-02,2.486077696084976196e-02,9.935317188501358032e-02,2.546469569206237793e-01,6.421007961034774780e-02,1.192712783813476562e-01,1.914187967777252197e-01,2.655251622200012207e-01,2.373661845922470093e-01,2.561692297458648682e-01,2.954904735088348389e-01,1.726169735193252563e-01,2.389467209577560425e-01,1.549144983291625977e-01,1.600001603364944458e-01,1.383124142885208130e-01,1.866789609193801880e-01,1.153357103466987610e-01,3.504147231578826904e-01,9.110429883003234863e-02,2.628377676010131836e-01,7.676310092210769653e-02,9.168213605880737305e-02,7.247848808765411377e-02,2.426514029502868652e-02,-5.681297183036804199e-02,2.843152582645416260e-01,1.984402388334274292e-01,8.772415667772293091e-02,-7.521431148052215576e-02,3.137727379798889160e-01,1.826159954071044922e-01,5.161590501666069031e-02,7.620275765657424927e-02
5.191999673843383789e-01,1.395522207021713257e-01,4.939583241939544678e-01,2.200628519058227539e-01,3.189575076103210449e-01,1.108401715755462646e-01,5.172715187072753906e-01,1.484772562980651855e-01,4.698142707347869873e-01,2.497812360525131226e-01,6.904680132865905762e-01,2.588437199592590332e-01,1.000000000000000000e+00,7.764609903097152710e-02,3.616351783275604248e-01,3.363329470157623291e-01,1.569118052721023560e-01,2.722422480583190918e-01,4.498172104358673096e-01,2.608923912048339844e-01,1.580156236886978149e-01,2.428615242242813110e-01,5.191743373870849609e-01,3.669585287570953369e-01,3.614699244499206543e-01,2.971834540367126465e-01,2.192593663930892944e-01,2.024179548025131226e-01,2.155277878046035767e-01,2.488957792520523071e-01,3.954567313194274902e-01,2.528667747974395752e-01,2.398597300052642822e-01,1.973866373300552368e-01,2.799773216247558594e-01,2.664493322372436523e-01,6.311868131160736084e-02,1.397812217473983765e-01,-5.233723670244216919e-02,-8.763689547777175903e-02,1.116824224591255188e-01,1.508930325508117676e-01,1.152963265776634216e-01,2.947193011641502380e-02,1.102447062730789185e-01,1.166362017393112183e-01,8.745014667510986328e-02,9.687258861958980560e-03,7.956457883119583130e-02,4.866759479045867920e-02,1.020889282226562500e-01,1.612701863050460815e-01,1.195155456662178040e-01,-7.964047789573669434e-02,1.969632133841514587e-02,-7.306883484125137329e-02,2.022680342197418213e-01,9.957848489284515381e-02,2.363406717777252197e-01,7.738723605871200562e-02,2.317842692136764526e-01,1.180409118533134460e-01,1.064336523413658142e-01,1.750174611806869507e-01,8.049513399600982666e-02,2.529244422912597656e-01,2.793999910354614258e-01,2.688933908939361572e-01,2.930417358875274658e-01,2.087744474411010742e-01,4.210500121116638184e-01,3.270843923091888428e-01,2.371203154325485229e-01,4.078625142574310303e-01,1.340769380331039429e-01,2.289289385080337524e-01,3.823608160018920898e-01,3.306635022163391113e-01,1.024278178811073303e-01,2.714995741844177246e-01,2.033712267875671387e-01,2.111337780952453613e-01,1.328486055135726929e-01,2.666933089494705200e-02,2.515468597412109375e-01,2.141217142343521118e-01,-7.390988175757229328e-04,6.300500035285949707e-02,3.008353710174560547e-01,-6.125747226178646088e-03,2.237303406000137329e-01,1.395320892333984375e-01,2.185697257518768311e-01,1.152177900075912476e-01,1.091065183281898499e-01,5.292643606662750244e-02,1.990082487463951111e-02,1.629815064370632172e-02,9.294774383306503296e-02,3.094290383160114288e-02,2.237320095300674438e-01,1.400353461503982544e-01,1.891664266586303711e-01,1.195183992385864258e-01,-1.951232179999351501e-02,9.249280393123626709e-02,-6.136220693588256836e-02,6.892836093902587891e-02,1.731213033199310303e-01,2.685215324163436890e-02,-6.747524440288543701e-02,-1.205597221851348877e-01,1.541293561458587646e-01,3.749302402138710022e-02,-1.537953969091176987e-02,9.628180414438247681e-02
