1.000000000000000000e+00,4.372307360172271729e-01,4.988901019096374512e-01,2.973910570144653320e-01,6.036720797419548035e-02,1.837332993745803833e-01,4.657305777072906494e-01,3.183544874191284180e-01,2.611663043498992920e-01,2.820028364658355713e-01,4.994659721851348877e-01,2.412538826465606689e-01,3.588432967662811279e-01,1.615098267793655396e-01,9.809500724077224731e-02,7.608875632286071777e-02,4.036659896373748779e-01,2.537257373332977295e-01,5.325872302055358887e-01,4.836494624614715576e-01,-1.306879967451095581e-01,5.163291841745376587e-02,1.520013511180877686e-01,1.998080611228942871e-01,-9.945693612098693848e-02,-8.665199577808380127e-02,-1.487971991300582886e-01,-2.957963757216930389e-02,8.276316523551940918e-02,4.394066333770751953e-02,4.253846406936645508e-02,4.976161196827888489e-02,4.811716973781585693e-01,4.109754264354705811e-01,5.845549330115318298e-02,6.115867942571640015e-02,-5.336122587323188782e-02,3.937800228595733643e-02,8.514689281582832336e-03,7.258295267820358276e-02,-1.933508813381195068e-01,6.067270785570144653e-02,-1.173527818173170090e-02,1.162778437137603760e-01,2.083122283220291138e-01,2.673629224300384521e-01,8.995687216520309448e-02,1.280060857534408569e-01,2.495834678411483765e-01,1.670308113098144531e-01,1.461784541606903076e-01,8.655371516942977905e-02,2.677539885044097900e-01,1.414159983396530151e-01,2.127515226602554321e-01,1.685100793838500977e-01,6.170662045478820801e-01,4.212552607059478760e-01,5.211710929870605469e-01,3.546911776065826416e-01,5.009925961494445801e-01,2.456905245780944824e-01,3.485333621501922607e-01,2.973858416080474854e-01,9.691176563501358032e-02,1.797303408384323120e-01,3.349807560443878174e-01,2.884407639503479004e-01,3.671466112136840820e-01,3.891643881797790527e-01,1.307637337595224380e-02,-4.021282121539115906e-02,1.255932152271270752e-01,1.236567720770835876e-01,1.416261494159698486e-01,2.020659893751144409e-01,2.257363796234130859e-01,1.357325911521911621e-01,1.876646280288696289e-01,1.145089268684387207e-01,2.431485950946807861e-01,2.174070179462432861e-01,9.775809943675994873e-02,2.158182300627231598e-02,1.671627163887023926e-01,1.876881569623947144e-01,7.663660496473312378e-02,1.004511937499046326e-01,1.402644664049148560e-01,8.075049519538879395e-02,-2.852889522910118103e-02,2.067595720291137695e-01,-1.178084313869476318e-01,2.363694645464420319e-02,2.562347799539566040e-02,8.610892295837402344e-02,1.127263307571411133e-01,1.641043126583099365e-01,2.852584719657897949e-01,2.535650730133056641e-01,-2.400993406772613525e-01,-7.612190395593643188e-02,2.421461232006549835e-02,1.467336341738700867e-02,9.344747662544250488e-02,-1.199401393532752991e-01,-8.877839893102645874e-02,-1.567584089934825897e-02,5.580166354775428772e-02,6.583756208419799805e-02,-7.183159887790679932e-02,2.099336124956607819e-02,-1.605137810111045837e-02,7.760541141033172607e-02,1.439404338598251343e-01,-1.225701123476028442e-01
4.372307360172271729e-01,1.000000000000000000e+00,1.869483739137649536e-01,3.972865641117095947e-01,-1.046422645449638367e-01,1.016778573393821716e-01,9.010890126228332520e-02,3.984633982181549072e-01,-1.114710122346878052e-01,2.065102756023406982e-01,2.129442989826202393e-01,3.773174881935119629e-01,8.548422902822494507e-02,3.404013216495513916e-01,-3.247572481632232666e-02,2.013317644596099854e-01,3.309575319290161133e-01,4.545096158981323242e-01,4.909567236900329590e-01,4.357043504714965820e-01,-2.296192944049835205e-02,7.779501378536224365e-02,9.890238195657730103e-02,2.145113348960876465e-01,-1.214707549661397934e-02,-1.433594338595867157e-02,-7.075700163841247559e-02,-1.301541458815336227e-03,1.014874354004859924e-01,1.241189241409301758e-01,4.319356381893157959e-02,1.070697233080863953e-01,3.611205518245697021e-01,4.281328320503234863e-01,-8.004467189311981201e-02,3.020171821117401123e-02,-2.181567624211311340e-02,6.218096613883972168e-02,-8.879118598997592926e-03,1.279102116823196411e-01,-8.632724732160568237e-02,6.163315474987030029e-02,3.101949021220207214e-02,1.821248978376388550e-01,1.978202462196350098e-01,3.136235773563385010e-01,1.779775172472000122e-01,2.511762976646423340e-01,3.194099664688110352e-01,2.968727350234985352e-01,3.903072327375411987e-02,1.956535577774047852e-01,4.225130677223205566e-01,4.023723900318145752e-01,1.785716563463211060e-01,2.335535734891891479e-01,3.511514663696289062e-01,6.937501430511474609e-01,3.540835380554199219e-01,5.739772319793701172e-01,2.279724180698394775e-01,5.511587858200073242e-01,8.590226620435714722e-02,5.894342064857482910e-01,-2.584251761436462402e-01,2.122329175472259521e-01,2.210091799497604370e-01,2.175091207027435303e-01,4.458172023296356201e-01,3.456370532512664795e-01,2.532439865171909332e-02,9.151688963174819946e-02,1.942147463560104370e-01,1.841027736663818359e-01,7.223568856716156006e-02,2.353331595659255981e-01,2.255855202674865723e-01,3.364411294460296631e-01,8.262287825345993042e-02,1.097345817834138870e-02,2.319780886173248291e-01,4.210237860679626465e-01,4.757145792245864868e-02,1.606262624263763428e-01,-9.246935136616230011e-03,2.623924016952514648e-01,3.658555820584297180e-02,1.875251978635787964e-01,-2.603889815509319305e-02,2.247043997049331665e-01,3.008626215159893036e-02,3.534026741981506348e-01,-1.717375367879867554e-01,3.668050095438957214e-02,-4.749717190861701965e-02,-1.615470647811889648e-02,3.634902834892272949e-02,9.872031956911087036e-02,3.159438073635101318e-01,3.870348036289215088e-01,-6.028269976377487183e-02,-1.090197339653968811e-01,4.926525428891181946e-02,4.471315070986747742e-02,7.740167528390884399e-02,-7.266726344823837280e-02,-4.192175343632698059e-02,1.080840900540351868e-01,1.069093868136405945e-02,1.449530273675918579e-01,2.418183721601963043e-02,5.599887296557426453e-02,1.969359628856182098e-02,4.868834093213081360e-02,1.879653930664062500e-01,-1.057202294468879700e-01
4.988901019096374512e-01,1.869483739137649536e-01,1.000000000000000000e+00,4.870709180831909180e-01,4.329119324684143066e-01,3.427034020423889160e-01,6.859598159790039062e-01,5.117397308349609375e-01,4.133814275264739990e-01,4.195831418037414551e-01,3.384551703929901123e-01,3.289343714714050293e-01,4.612050056457519531e-01,2.570450305938720703e-01,3.603728711605072021e-01,2.536571323871612549e-01,1.497854292392730713e-01,1.917293518781661987e-01,3.406752943992614746e-01,3.750511705875396729e-01,7.753833383321762085e-02,1.700317263603210449e-01,5.028068423271179199e-01,5.303625464439392090e-01,2.451706379652023315e-01,2.468979209661483765e-01,1.429845094680786133e-01,1.721014529466629028e-01,1.911325752735137939e-01,1.581903398036956787e-01,4.311520755290985107e-01,4.338020980358123779e-01,3.586654961109161377e-01,4.130158424377441406e-01,2.978577613830566406e-01,2.271260023117065430e-01,-2.620150335133075714e-02,-3.812522068619728088e-02,1.048333719372749329e-01,4.081932827830314636e-02,-1.413676887750625610e-01,8.634424209594726562e-02,-5.629305914044380188e-02,1.165710240602493286e-01,1.126304194331169128e-01,2.230125218629837036e-01,-2.217460889369249344e-03,2.945302613079547882e-02,1.500819325447082520e-01,1.338880658149719238e-01,2.921614348888397217e-01,1.683443188667297363e-01,2.647158224135637283e-03,-7.507590949535369873e-02,1.921058446168899536e-01,2.148712426424026489e-01,3.247738182544708252e-01,1.368618011474609375e-01,3.789836168289184570e-01,1.155838519334793091e-01,3.135795295238494873e-01,3.452238440513610840e-02,1.648660004138946533e-01,7.825373113155364990e-02,3.376089632511138916e-01,2.497507929801940918e-01,3.147616982460021973e-01,2.873334884643554688e-01,4.784830287098884583e-02,1.937761902809143066e-01,3.161720335483551025e-01,2.320963442325592041e-01,2.801459729671478271e-01,3.303411602973937988e-01,2.011424303054809570e-01,2.482278645038604736e-01,3.065165579319000244e-01,2.136400789022445679e-01,2.047056704759597778e-01,7.244940847158432007e-02,1.179537251591682434e-01,8.419400453567504883e-02,7.015064358711242676e-02,-5.767431855201721191e-02,2.389583885669708252e-01,2.043281048536300659e-01,2.358798831701278687e-01,1.871673911809921265e-01,3.279932439327239990e-01,2.487903237342834473e-01,-1.963795274496078491e-01,-9.098804742097854614e-02,-2.103261798620223999e-01,-1.241105645895004272e-01,5.067935958504676819e-02,5.992026627063751221e-02,1.157442033290863037e-01,1.530818641185760498e-01,4.342300072312355042e-02,2.734159119427204132e-02,-7.818162441253662109e-02,-1.268600076436996460e-01,-1.084916852414608002e-02,-9.035462886095046997e-02,7.433997094631195068e-02,-1.524966955184936523e-01,-1.774705830030143261e-03,-1.816055364906787872e-02,1.261160224676132202e-01,5.090163275599479675e-02,-9.354151785373687744e-03,-1.481905579566955566e-01,-6.981067359447479248e-02,8.528085425496101379e-03,5.060566589236259460e-02,-1.472120583057403564e-01
2.973910570144653320e-01,3.972865641117095947e-01,4.870709180831909180e-01,1.000000000000000000e+00,1.653420925140380859e-01,4.401258826255798340e-01,3.170804679393768311e-01,6.287938952445983887e-01,1.673575043678283691e-01,4.067368507385253906e-01,6.682411301881074905e-03,3.064023256301879883e-01,4.140566289424896240e-02,2.968638539314270020e-01,9.411003440618515015e-02,3.881575465202331543e-01,-4.182916018180549145e-04,1.832214593887329102e-01,3.188227713108062744e-01,3.610647916793823242e-01,6.760293245315551758e-02,2.157722562551498413e-01,5.707470178604125977e-01,6.561886072158813477e-01,3.016016781330108643e-01,3.555060029029846191e-01,1.296814382076263428e-01,2.664526700973510742e-01,-2.357539907097816467e-02,9.789486229419708252e-02,3.334805071353912354e-01,4.277722239494323730e-01,3.017992377281188965e-01,4.573423862457275391e-01,3.032860457897186279e-01,3.470388054847717285e-01,4.622181132435798645e-02,7.599086314439773560e-02,8.735528588294982910e-02,1.064129993319511414e-01,-1.565631031990051270e-01,7.385744899511337280e-02,-4.007220268249511719e-02,1.526396572589874268e-01,-1.590947620570659637e-02,1.682302802801132202e-01,9.724812954664230347e-02,9.910429269075393677e-02,5.156546831130981445e-02,1.226365417242050171e-01,1.409070342779159546e-01,1.952179521322250366e-01,1.302616447210311890e-01,5.962574854493141174e-02,9.120979160070419312e-02,1.429813653230667114e-01,2.175486683845520020e-01,3.381721973419189453e-01,1.407239735126495361e-01,1.060624048113822937e-01,-2.304521016776561737e-02,1.407010555267333984e-01,-1.814537197351455688e-01,1.402331888675689697e-01,-3.158530965447425842e-02,2.258999198675155640e-01,1.824567019939422607e-01,2.565325200557708740e-01,1.982809901237487793e-01,2.442531883716583252e-01,1.887974590063095093e-01,1.862032264471054077e-01,1.285261958837509155e-01,2.093613445758819580e-01,5.710477754473686218e-02,2.561740577220916748e-01,2.139807790517807007e-01,2.810399234294891357e-01,1.204231083393096924e-01,4.894253239035606384e-02,-6.018434092402458191e-02,9.832713007926940918e-02,-1.201425790786743164e-01,-4.688239842653274536e-02,1.056167483329772949e-01,3.197813630104064941e-01,1.047840937972068787e-01,2.323960065841674805e-01,1.409975290298461914e-01,2.873130440711975098e-01,-8.190932124853134155e-02,4.193226341158151627e-03,-4.644141346216201782e-02,-3.979383409023284912e-02,-1.988877542316913605e-02,2.418229728937149048e-02,3.946574777364730835e-02,5.444801226258277893e-02,4.938799515366554260e-02,9.704116731882095337e-02,-2.134445309638977051e-02,-6.022788956761360168e-02,-6.676302105188369751e-02,-1.554808616638183594e-01,3.862234577536582947e-02,-1.655825078487396240e-01,-2.289372868835926056e-02,4.288102686405181885e-02,1.802672147750854492e-01,3.571580350399017334e-02,4.879157990217208862e-02,-1.238137558102607727e-01,-4.559526965022087097e-02,4.674478992819786072e-02,6.963540613651275635e-02,-2.182244807481765747e-01
6.036720797419548035e-02,-1.046422645449638367e-01,4.329119324684143066e-01,1.653420925140380859e-01,1.000000000000000000e+00,5.017101764678955078e-01,4.898058772087097168e-01,3.454185128211975098e-01,6.299984455108642578e-01,4.521957039833068848e-01,1.697117835283279419e-01,2.711346149444580078e-01,3.687781095504760742e-01,2.728621661663055420e-01,5.570452809333801270e-01,3.712366819381713867e-01,-5.028469860553741455e-02,2.890087105333805084e-02,-1.037508547306060791e-01,-6.161914765834808350e-02,3.194497227668762207e-01,3.107885718345642090e-01,4.041080474853515625e-01,3.161244094371795654e-01,4.893152117729187012e-01,4.673953354358673096e-01,4.386427998542785645e-01,4.585348963737487793e-01,2.859216034412384033e-01,2.562772035598754883e-01,5.497107505798339844e-01,4.399555027484893799e-01,1.027913093566894531e-01,1.417742371559143066e-01,1.046042293310165405e-01,1.879094168543815613e-02,8.951752632856369019e-02,7.335586100816726685e-02,5.239688791334629059e-03,-5.715554580092430115e-03,1.632130704820156097e-02,8.698444813489913940e-02,1.857445575296878815e-02,6.075051799416542053e-02,2.954541333019733429e-02,9.156262874603271484e-02,2.459464780986309052e-02,3.780331835150718689e-02,7.110124826431274414e-02,8.351784944534301758e-02,2.357055842876434326e-01,1.271290779113769531e-01,-8.241853117942810059e-02,-1.727380752563476562e-01,1.116900146007537842e-02,5.611028149724006653e-02,2.199777960777282715e-02,-1.154931187629699707e-01,3.188701346516609192e-02,-1.295915693044662476e-01,9.397318959236145020e-02,-7.230850309133529663e-02,3.018887527287006378e-02,-2.064775303006172180e-02,2.211629450321197510e-01,8.103377185761928558e-03,5.454260855913162231e-02,2.219144813716411591e-02,-2.097218185663223267e-01,-8.186409622430801392e-02,4.455913901329040527e-01,4.065303504467010498e-01,2.630165815353393555e-01,3.151591420173645020e-01,1.385707855224609375e-01,1.926072984933853149e-01,1.968702375888824463e-01,9.569406509399414062e-02,2.565550990402698517e-02,-2.938430756330490112e-02,1.957803592085838318e-02,-4.932267218828201294e-02,1.044735014438629150e-01,-2.204572595655918121e-02,1.281336992979049683e-01,8.281243592500686646e-02,2.701591551303863525e-01,1.216330677270889282e-01,2.647258937358856201e-01,1.997547745704650879e-01,-2.060882300138473511e-01,-1.667359173297882080e-01,-1.265730857849121094e-01,-9.052845090627670288e-02,-8.142177015542984009e-03,-1.677501387894153595e-02,7.808051258325576782e-02,1.543052643537521362e-01,-8.556915074586868286e-02,-2.697471715509891510e-02,-8.287375420331954956e-02,-1.068594232201576233e-01,-1.295095831155776978e-01,-1.223291233181953430e-01,-5.843213200569152832e-02,-1.085858568549156189e-01,-5.337511003017425537e-02,-5.048825591802597046e-02,1.242369934916496277e-01,6.502080708742141724e-02,1.124181672930717468e-01,-9.298463165760040283e-02,-4.944432526826858521e-02,-1.886582188308238983e-02,-8.602625876665115356e-02,-9.851564466953277588e-02
1.837332993745803833e-01,1.016778573393821716e-01,3.427034020423889160e-01,4.401258826255798340e-01,5.017101764678955078e-01,1.000000000000000000e+00,3.456544578075408936e-01,4.283106625080108643e-01,5.636233687400817871e-01,6.594891548156738281e-01,9.364877641201019287e-02,2.188342213630676270e-01,1.485300362110137939e-01,2.106395065784454346e-01,2.639144957065582275e-01,4.481377005577087402e-01,3.549316525459289551e-02,5.933875590562820435e-02,1.176505684852600098e-01,1.653486639261245728e-01,1.164998337626457214e-01,3.381447494029998779e-01,4.071049690246582031e-01,4.160997569561004639e-01,3.120995759963989258e-01,3.775082528591156006e-01,1.789368540048599243e-01,3.860468268394470215e-01,9.065344184637069702e-02,1.417587250471115112e-01,3.499972820281982422e-01,3.667031824588775635e-01,2.164439707994461060e-01,2.859116196632385254e-01,1.913429647684097290e-01,1.369036138057708740e-01,2.114943601191043854e-02,9.269553422927856445e-02,4.047023877501487732e-02,9.317944198846817017e-02,-2.296348959207534790e-01,1.969232782721519470e-02,1.356706321239471436e-01,1.691968739032745361e-01,8.814862370491027832e-02,1.494170874357223511e-01,2.273214012384414673e-01,2.346625775098800659e-01,4.959585890173912048e-02,8.789002150297164917e-02,1.716871857643127441e-01,9.713559597730636597e-02,9.415683150291442871e-02,-1.073912158608436584e-02,5.278784409165382385e-02,1.012068837881088257e-01,1.511630266904830933e-01,7.697353512048721313e-02,4.866570606827735901e-02,-5.767054483294487000e-02,2.630393020808696747e-02,-8.598514646291732788e-02,-1.801101677119731903e-02,3.986240550875663757e-02,2.692709490656852722e-02,1.724516041576862335e-02,1.619666814804077148e-01,2.240588814020156860e-01,3.139700740575790405e-02,1.242085099220275879e-01,2.720090448856353760e-01,2.213889360427856445e-01,8.834018558263778687e-02,1.267178654670715332e-01,1.113125309348106384e-02,1.921712905168533325e-01,1.829763948917388916e-01,1.654409766197204590e-01,1.261871755123138428e-01,1.257872581481933594e-01,-1.983512006700038910e-02,2.790532074868679047e-02,9.464324451982975006e-03,-1.148354783654212952e-01,1.241205930709838867e-01,1.787657141685485840e-01,9.351022541522979736e-02,1.423227339982986450e-01,1.796115487813949585e-01,2.192824780941009521e-01,-1.292036194354295731e-02,1.946006668731570244e-03,9.726383537054061890e-02,1.933336630463600159e-02,7.022543996572494507e-02,1.395137608051300049e-01,1.417690664529800415e-01,1.613049060106277466e-01,3.658111765980720520e-02,1.006130203604698181e-01,-1.378214508295059204e-01,-5.588989704847335815e-02,-9.513207525014877319e-02,-1.410282701253890991e-01,4.805530887097120285e-03,-2.159491926431655884e-01,-1.414017379283905029e-01,-1.273508071899414062e-01,1.787832677364349365e-01,8.871730417013168335e-02,1.030625849962234497e-01,-1.616085879504680634e-02,8.894854784011840820e-02,1.371622979640960693e-01,3.456992655992507935e-02,-1.195073202252388000e-01
4.657305777072906494e-01,9.010890126228332520e-02,6.859598159790039062e-01,3.170804679393768311e-01,4.898058772087097168e-01,3.456544578075408936e-01,1.000000000000000000e+00,5.153465867042541504e-01,5.038002729415893555e-01,3.958796560764312744e-01,3.849097788333892822e-01,3.165224790573120117e-01,5.106983780860900879e-01,2.427125126123428345e-01,3.569463789463043213e-01,1.772493869066238403e-01,1.058709770441055298e-01,1.508794426918029785e-01,1.822763383388519287e-01,1.887677907943725586e-01,1.205837205052375793e-01,1.209802255034446716e-01,3.912913799285888672e-01,3.381394445896148682e-01,2.363793551921844482e-01,2.233131378889083862e-01,1.234677657485008240e-01,1.661739796400070190e-01,1.968785226345062256e-01,1.839670240879058838e-01,4.271661639213562012e-01,3.545594215393066406e-01,3.495331704616546631e-01,3.233453333377838135e-01,1.954587250947952271e-01,7.421843707561492920e-02,-7.966739125549793243e-03,-2.595007792115211487e-02,2.019713446497917175e-02,-6.601367145776748657e-03,-1.175468936562538147e-01,7.023119181394577026e-02,-3.485633805394172668e-02,1.088957339525222778e-01,9.709601104259490967e-02,1.789751201868057251e-01,-1.643428951501846313e-02,4.355788603425025940e-02,1.126110628247261047e-01,9.313758462667465210e-02,2.300458252429962158e-01,7.803086936473846436e-02,-1.042894646525382996e-01,-1.764987111091613770e-01,7.098532468080520630e-02,1.140069365501403809e-01,2.745550274848937988e-01,7.738282531499862671e-02,3.155898451805114746e-01,4.963083192706108093e-02,3.717883825302124023e-01,9.001331776380538940e-02,2.031997144222259521e-01,1.426092237234115601e-01,3.400450348854064941e-01,1.941197216510772705e-01,2.410785853862762451e-01,1.798190623521804810e-01,-7.276210933923721313e-02,4.119030758738517761e-02,3.326850533485412598e-01,2.653370201587677002e-01,2.725224494934082031e-01,3.104751706123352051e-01,1.979555040597915649e-01,2.402972728013992310e-01,2.526147067546844482e-01,1.402862519025802612e-01,1.376120299100875854e-01,1.635322161018848419e-02,7.273213565349578857e-02,9.392683394253253937e-03,-3.498392924666404724e-02,-1.055083349347114563e-01,1.147339716553688049e-01,8.283155411481857300e-02,2.000399827957153320e-01,8.748444914817810059e-02,2.146821171045303345e-01,1.223799437284469604e-01,-2.722109854221343994e-01,-1.542678922414779663e-01,-1.944346278905868530e-01,-1.443953812122344971e-01,-3.086958825588226318e-02,-1.903085596859455109e-02,6.829297542572021484e-02,9.908543527126312256e-02,-6.084749847650527954e-02,-4.974478855729103088e-02,-1.079610362648963928e-01,-1.192890331149101257e-01,-6.453748792409896851e-02,-7.041809707880020142e-02,-1.865248754620552063e-02,-9.047228842973709106e-02,-2.591823600232601166e-02,-2.328076632693409920e-03,1.392040103673934937e-01,2.132742851972579956e-02,5.704846978187561035e-02,-1.385377347469329834e-01,-1.415243148803710938e-01,-1.586473174393177032e-02,3.761366009712219238e-02,-1.388560235500335693e-01
3.183544874191284180e-01,3.984633982181549072e-01,5.117397308349609375e-01,6.287938952445983887e-01,3.454185128211975098e-01,4.283106625080108643e-01,5.153465867042541504e-01,1.000000000000000000e+00,2.399559170007705688e-01,4.531190693378448486e-01,2.338737547397613525e-01,5.655792951583862305e-01,3.149437010288238525e-01,5.270276069641113281e-01,3.162207603454589844e-01,4.487464725971221924e-01,9.274597465991973877e-02,3.631959557533264160e-01,2.327095121145248413e-01,1.999417692422866821e-01,2.067236304283142090e-01,2.581443488597869873e-01,4.429314434528350830e-01,5.041027069091796875e-01,3.993316590785980225e-01,4.135840237140655518e-01,2.144943177700042725e-01,3.122473359107971191e-01,2.393095344305038452e-01,3.238596022129058838e-01,4.733881950378417969e-01,4.953691959381103516e-01,3.388974368572235107e-01,4.381597936153411865e-01,2.459332197904586792e-01,2.996979355812072754e-01,4.430698975920677185e-02,8.233711868524551392e-02,1.403266936540603638e-02,8.011624217033386230e-02,-1.045804768800735474e-01,1.339577436447143555e-01,7.623510062694549561e-02,2.767561972141265869e-01,1.322647631168365479e-01,3.463324010372161865e-01,1.741983592510223389e-01,1.965805292129516602e-01,2.712457180023193359e-01,3.464412689208984375e-01,3.269057869911193848e-01,3.639633059501647949e-01,1.201200559735298157e-01,8.502485603094100952e-02,1.415034979581832886e-01,2.022640556097030640e-01,1.415202021598815918e-01,2.842337489128112793e-01,2.384322583675384521e-01,2.236692309379577637e-01,1.639794111251831055e-01,3.312241435050964355e-01,-4.675454646348953247e-02,3.506912589073181152e-01,8.537317812442779541e-02,3.453901708126068115e-01,2.701932191848754883e-01,2.954831123352050781e-01,2.912480942904949188e-02,7.089249044656753540e-02,3.285852372646331787e-01,3.412454128265380859e-01,3.795584738254547119e-01,4.281927943229675293e-01,2.375969141721725464e-01,3.518292605876922607e-01,2.971944808959960938e-01,3.503890335559844971e-01,1.357489228248596191e-01,2.201143279671669006e-02,7.064061611890792847e-02,1.855085343122482300e-01,-1.253595203161239624e-02,-5.278211086988449097e-03,1.083108857274055481e-01,3.242832720279693604e-01,2.102365791797637939e-01,2.735322713851928711e-01,2.156497687101364136e-01,3.585848808288574219e-01,-1.486426591873168945e-01,2.891795709729194641e-02,-2.013999372720718384e-01,-9.801183640956878662e-02,-4.200411960482597351e-02,-2.387310843914747238e-03,1.131283342838287354e-01,1.460431069135665894e-01,5.181264504790306091e-02,1.295059621334075928e-01,-4.409301280975341797e-02,-1.571775078773498535e-01,-1.310906410217285156e-01,-2.131778746843338013e-01,-5.592154338955879211e-02,-1.634497940540313721e-01,1.514025218784809113e-02,9.500792622566223145e-02,1.768276542425155640e-01,8.103094249963760376e-02,8.701352775096893311e-02,-1.379434764385223389e-01,-9.576153010129928589e-02,-5.504740029573440552e-02,6.182052940130233765e-02,-1.719073355197906494e-01
2.611663043498992920e-01,-1.114710122346878052e-01,4.133814275264739990e-01,1.673575043678283691e-01,6.299984455108642578e-01,5.636233687400817871e-01,5.038002729415893555e-01,2.399559170007705688e-01,1.000000000000000000e+00,4.995605349540710449e-01,2.672742307186126709e-01,1.267735809087753296e-01,3.447405099868774414e-01,9.453486651182174683e-02,4.210642278194427490e-01,2.423569262027740479e-01,2.857375703752040863e-02,-6.949071586132049561e-02,2.699881978332996368e-02,2.284630015492439270e-02,1.334185451269149780e-01,1.879472732543945312e-01,3.385330736637115479e-01,2.188090980052947998e-01,2.439146637916564941e-01,2.718375623226165771e-01,2.007256746292114258e-01,2.791850566864013672e-01,1.191311776638031006e-01,8.959300071001052856e-02,3.319614231586456299e-01,2.346439063549041748e-01,1.908451765775680542e-01,1.531314104795455933e-01,1.178769618272781372e-01,-2.649276517331600189e-02,7.646860182285308838e-02,1.025187224149703979e-01,3.758616745471954346e-02,3.544060885906219482e-02,-9.312829375267028809e-02,5.186877027153968811e-02,1.479400787502527237e-02,-8.340469561517238617e-03,1.202776562422513962e-03,5.478995665907859802e-02,3.882792219519615173e-02,9.127729386091232300e-02,-4.196302965283393860e-02,-5.619152635335922241e-02,1.094406321644783020e-01,-5.024405941367149353e-02,-4.177615791559219360e-02,-2.069049179553985596e-01,1.337000913918018341e-02,8.660482242703437805e-03,2.000193744897842407e-01,-8.141003549098968506e-02,6.357824802398681641e-02,-1.963277459144592285e-01,1.799547672271728516e-01,-1.730469018220901489e-01,1.152357906103134155e-01,-6.589031964540481567e-02,2.082239091396331787e-01,-5.011066421866416931e-02,8.786174654960632324e-02,5.724693834781646729e-02,-7.813312113285064697e-02,-8.908521849662065506e-04,2.758541107177734375e-01,1.834782510995864868e-01,9.422429651021957397e-02,1.352692246437072754e-01,6.128605827689170837e-02,1.960474252700805664e-01,1.596150547266006470e-01,1.201228424906730652e-02,3.933451697230339050e-02,3.373359516263008118e-02,-3.144215419888496399e-02,-1.153738647699356079e-01,4.191540554165840149e-02,-1.024247631430625916e-01,1.273822486400604248e-01,4.087548330426216125e-02,1.461558938026428223e-01,7.624018192291259766e-02,1.949770748615264893e-01,1.622744463384151459e-02,-1.634929478168487549e-01,-1.673440784215927124e-01,1.552829751744866371e-03,-8.969783037900924683e-02,3.278830647468566895e-02,4.197556897997856140e-02,1.609289348125457764e-01,1.643504947423934937e-01,4.453104920685291290e-03,4.868645046371966600e-04,-1.712324172258377075e-01,-6.848932057619094849e-02,-8.415250480175018311e-02,-5.210966989398002625e-02,4.047828912734985352e-02,-1.193728148937225342e-01,-1.439305543899536133e-01,-2.056406438350677490e-01,9.408588707447052002e-02,2.705233730375766754e-02,1.623235940933227539e-01,1.869712397456169128e-02,-1.555770542472600937e-02,1.110051199793815613e-01,-3.045207075774669647e-02,-1.473419964313507080e-01
2.820028364658355713e-01,2.065102756023406982e-01,4.195831418037414551e-01,4.067368507385253906e-01,4.521957039833068848e-01,6.594891548156738281e-01,3.958796560764312744e-01,4.531190693378448486e-01,4.995605349540710449e-01,1.000000000000000000e+00,3.682546019554138184e-01,4.369736015796661377e-01,3.890427947044372559e-01,3.661555945873260498e-01,4.112930893898010254e-01,5.325409173965454102e-01,1.548204123973846436e-01,2.252158522605895996e-01,2.688425481319427490e-01,2.491097152233123779e-01,7.508236169815063477e-02,2.673185765743255615e-01,4.053214788436889648e-01,4.425640106201171875e-01,3.274239003658294678e-01,3.528144061565399170e-01,1.491025537252426147e-01,2.818192243576049805e-01,2.158294618129730225e-01,2.137829661369323730e-01,3.846571445465087891e-01,4.203711450099945068e-01,1.758438646793365479e-01,2.644183635711669922e-01,2.080594897270202637e-01,1.607258915901184082e-01,-4.008163139224052429e-02,4.517411347478628159e-03,-6.258551776409149170e-02,3.083990514278411865e-02,-2.807302176952362061e-01,-2.543427050113677979e-03,1.240158230066299438e-01,1.771737337112426758e-01,1.525556147098541260e-01,1.818112283945083618e-01,2.030481547117233276e-01,2.101048082113265991e-01,1.292550116777420044e-01,1.492471098899841309e-01,2.294116318225860596e-01,1.544716954231262207e-01,1.480512171983718872e-01,6.664191931486129761e-02,5.676195397973060608e-02,1.259864419698715210e-01,1.160419657826423645e-01,1.254573762416839600e-01,1.117736771702766418e-01,7.032644003629684448e-02,9.347625076770782471e-02,3.554572537541389465e-02,4.823881015181541443e-02,1.659004688262939453e-01,7.245638966560363770e-02,1.541139930486679077e-01,1.498139053583145142e-01,2.094151228666305542e-01,5.080361291766166687e-02,1.526423394680023193e-01,2.858776450157165527e-01,2.754254341125488281e-01,1.954769939184188843e-01,2.264686673879623413e-01,1.297741830348968506e-01,2.367684692144393921e-01,1.953184604644775391e-01,1.884299665689468384e-01,1.751235276460647583e-01,1.683011502027511597e-01,6.121889501810073853e-02,1.037173643708229065e-01,1.057990640401840210e-01,-1.135453954339027405e-01,1.944121271371841431e-01,2.062774151563644409e-01,1.178426370024681091e-01,1.382288932800292969e-01,2.262292355298995972e-01,2.823560833930969238e-01,2.367775700986385345e-02,5.719142779707908630e-02,5.347863584756851196e-02,3.503776341676712036e-02,3.826078027486801147e-02,1.352851539850234985e-01,7.779196649789810181e-02,1.518618762493133545e-01,7.025677710771560669e-02,1.418542265892028809e-01,-1.936784684658050537e-01,-1.499917656183242798e-01,-1.281732469797134399e-01,-1.727195084095001221e-01,9.090298553928732872e-04,-2.281533330678939819e-01,-1.493041366338729858e-01,-1.248298063874244690e-01,1.941797137260437012e-01,6.638630479574203491e-02,1.025710776448249817e-01,-6.549142301082611084e-02,8.970592170953750610e-02,2.954276651144027710e-02,-5.600802972912788391e-02,-1.053170785307884216e-01
4.994659721851348877e-01,2.129442989826202393e-01,3.384551703929901123e-01,6.682411301881074905e-03,1.697117835283279419e-01,9.364877641201019287e-02,3.849097788333892822e-01,2.338737547397613525e-01,2.672742307186126709e-01,3.682546019554138184e-01,1.000000000000000000e+00,4.682819247245788574e-01,6.868692636489868164e-01,3.586534261703491211e-01,3.950890004634857178e-01,2.191981971263885498e-01,4.049176871776580811e-01,3.386371731758117676e-01,3.840186893939971924e-01,2.552657127380371094e-01,-2.493455260992050171e-02,6.724745035171508789e-02,9.962380677461624146e-02,1.012544706463813782e-01,3.872876614332199097e-02,3.364906832575798035e-02,-8.252901956439018250e-03,4.489515267778187990e-04,3.844631016254425049e-01,2.487083524465560913e-01,1.928545981645584106e-01,1.570473611354827881e-01,2.555442452430725098e-01,2.296651452779769897e-01,1.222260817885398865e-01,1.032128855586051941e-01,-7.671418786048889160e-02,2.029301039874553680e-02,-6.909625232219696045e-02,5.914160981774330139e-03,-1.205639913678169250e-01,8.050123602151870728e-02,1.007630079984664917e-01,1.360710263252258301e-01,2.788937985897064209e-01,2.581109404563903809e-01,1.412990391254425049e-01,1.769803911447525024e-01,3.243800997734069824e-01,2.303133755922317505e-01,2.625255584716796875e-01,1.642442494630813599e-01,1.750625669956207275e-01,1.162886172533035278e-01,1.740575879812240601e-01,1.889502555131912231e-01,2.206417471170425415e-01,1.175419539213180542e-01,3.238641321659088135e-01,2.394903302192687988e-01,3.773767352104187012e-01,1.801988333463668823e-01,3.787751793861389160e-01,3.146063089370727539e-01,2.041155844926834106e-01,2.473602592945098877e-01,2.393910735845565796e-01,1.894164532423019409e-01,9.799918532371520996e-02,1.439994573593139648e-01,1.810193359851837158e-01,1.273294836282730103e-01,3.382191061973571777e-01,2.731668949127197266e-01,3.262194693088531494e-01,2.357912659645080566e-01,2.141253948211669922e-01,1.586772799491882324e-01,1.897170990705490112e-01,1.609931886196136475e-01,2.890067994594573975e-01,2.389956116676330566e-01,3.355171382427215576e-01,5.297952145338058472e-02,2.639057934284210205e-01,1.791618913412094116e-01,1.480618566274642944e-01,1.028131619095802307e-01,2.040969580411911011e-01,1.760845631361007690e-01,1.227531395852565765e-02,1.538591980934143066e-01,-1.070532426238059998e-01,2.531158924102783203e-02,8.023276180028915405e-02,1.296468377113342285e-01,1.377188861370086670e-01,2.143399119377136230e-01,2.007682621479034424e-01,1.789556890726089478e-01,-2.020786702632904053e-01,-1.605302244424819946e-01,-7.349698245525360107e-02,-1.073769405484199524e-01,-3.399457409977912903e-02,-1.167663857340812683e-01,-1.262787431478500366e-01,-8.697387576103210449e-02,4.904153943061828613e-02,5.185294151306152344e-02,2.994683757424354553e-02,3.463733941316604614e-02,-9.335931390523910522e-03,-6.570002436637878418e-02,1.602253643795847893e-03,-4.346458613872528076e-02
2.412538826465606689e-01,3.773174881935119629e-01,3.289343714714050293e-01,3.064023256301879883e-01,2.711346149444580078e-01,2.188342213630676270e-01,3.165224790573120117e-01,5.655792951583862305e-01,1.267735809087753296e-01,4.369736015796661377e-01,4.682819247245788574e-01,1.000000000000000000e+00,5.044077634811401367e-01,7.328525781631469727e-01,4.988252520561218262e-01,5.717256069183349609e-01,2.807292342185974121e-01,5.584596991539001465e-01,2.846417129039764404e-01,2.311920523643493652e-01,2.016946226358413696e-01,2.524353265762329102e-01,2.974429726600646973e-01,3.835078179836273193e-01,3.958245217800140381e-01,3.918061554431915283e-01,2.695292532444000244e-01,2.659806609153747559e-01,5.217947959899902344e-01,5.523212552070617676e-01,4.776400029659271240e-01,5.112171769142150879e-01,2.058068662881851196e-01,3.088829219341278076e-01,1.621579527854919434e-01,2.403837591409683228e-01,2.631053887307643890e-02,3.514215582981705666e-03,-7.651945948600769043e-02,-3.674259409308433533e-02,-8.423888683319091797e-02,1.831202656030654907e-01,9.175587445497512817e-02,2.541551887989044189e-01,2.882613241672515869e-01,3.444779515266418457e-01,1.846196800470352173e-01,1.750804930925369263e-01,3.685146868228912354e-01,3.724959194660186768e-01,3.366641402244567871e-01,3.824127018451690674e-01,1.635715961456298828e-01,1.824917346239089966e-01,1.502410024404525757e-01,2.517308592796325684e-01,1.758851855993270874e-02,1.988042891025543213e-01,1.734393835067749023e-01,2.754112482070922852e-01,1.259163022041320801e-01,3.481160402297973633e-01,7.264342159032821655e-02,4.543900489807128906e-01,6.258386373519897461e-02,3.125967681407928467e-01,1.764772683382034302e-01,2.151403576135635376e-01,1.861680112779140472e-02,4.249123111367225647e-02,3.868910372257232666e-01,4.157219529151916504e-01,5.332460403442382812e-01,5.074049234390258789e-01,3.934267163276672363e-01,3.728789389133453369e-01,2.725308835506439209e-01,2.979966998100280762e-01,2.391487210988998413e-01,1.566504836082458496e-01,2.827481627464294434e-01,3.670802712440490723e-01,3.179555833339691162e-01,1.474098414182662964e-01,1.852670907974243164e-01,3.557307422161102295e-01,2.835041582584381104e-01,3.006691336631774902e-01,2.239545583724975586e-01,4.354141652584075928e-01,1.220069825649261475e-02,1.722621023654937744e-01,-1.914204508066177368e-01,-6.545411795377731323e-02,3.086690232157707214e-02,9.289230406284332275e-02,9.125071763992309570e-02,2.167303860187530518e-01,1.065752133727073669e-01,2.039240151643753052e-01,-1.232618764042854309e-01,-3.049507439136505127e-01,-1.843570470809936523e-01,-2.783347964286804199e-01,-4.093091189861297607e-02,-1.544626355171203613e-01,1.445908192545175552e-02,5.442136153578758240e-02,8.988325297832489014e-02,5.741676688194274902e-02,7.681461423635482788e-02,-9.693581610918045044e-02,-1.129599567502737045e-02,-1.359761953353881836e-01,1.135463453829288483e-02,-1.183339580893516541e-02
3.588432967662811279e-01,8.548422902822494507e-02,4.612050056457519531e-01,4.140566289424896240e-02,3.687781095504760742e-01,1.485300362110137939e-01,5.106983780860900879e-01,3.149437010288238525e-01,3.447405099868774414e-01,3.890427947044372559e-01,6.868692636489868164e-01,5.044077634811401367e-01,1.000000000000000000e+00,4.588117897510528564e-01,5.310172438621520996e-01,2.823669910430908203e-01,3.446518480777740479e-01,3.680467009544372559e-01,2.375898957252502441e-01,1.800443977117538452e-01,5.926902219653129578e-02,6.672596186399459839e-02,2.218632996082305908e-01,2.322230935096740723e-01,2.446911782026290894e-01,2.079904079437255859e-01,1.337737590074539185e-01,8.452998846769332886e-02,4.907712042331695557e-01,3.400160074234008789e-01,4.144437909126281738e-01,3.479119837284088135e-01,1.982449591159820557e-01,1.986578553915023804e-01,1.712242662906646729e-01,1.132346913218498230e-01,-6.718403846025466919e-02,-2.231054939329624176e-02,-3.853079676628112793e-02,-5.799870193004608154e-02,-5.568842589855194092e-02,8.928158879280090332e-02,1.016195416450500488e-01,1.570188254117965698e-01,2.924782335758209229e-01,2.485641092061996460e-01,9.431591629981994629e-02,1.263941973447799683e-01,3.049428761005401611e-01,2.110767960548400879e-01,3.316701650619506836e-01,2.051555812358856201e-01,3.297276422381401062e-02,2.014318667352199554e-02,1.625926047563552856e-01,2.204327583312988281e-01,1.374423652887344360e-01,-7.429178222082555294e-04,2.336852699518203735e-01,1.159671992063522339e-01,3.015126883983612061e-01,7.882960140705108643e-02,3.263211846351623535e-01,2.160714566707611084e-01,2.943890094757080078e-01,2.019796073436737061e-01,2.056584507226943970e-01,1.544784903526306152e-01,-4.003065824508666992e-02,4.259203746914863586e-02,3.475706577301025391e-01,2.739489376544952393e-01,4.867465794086456299e-01,3.933729529380798340e-01,4.137960672378540039e-01,2.217480540275573730e-01,2.436900138854980469e-01,1.637596487998962402e-01,2.011965960264205933e-01,1.149924322962760925e-01,2.995947003364562988e-01,1.950353682041168213e-01,3.253406882286071777e-01,2.934523299336433411e-02,2.666623294353485107e-01,1.623810678720474243e-01,2.372256368398666382e-01,1.400336474180221558e-01,2.759259045124053955e-01,2.670328319072723389e-01,-8.342874795198440552e-02,1.607918553054332733e-02,-1.790166497230529785e-01,-6.534407287836074829e-02,5.887491255998611450e-02,9.511324018239974976e-02,1.575051844120025635e-01,2.488306760787963867e-01,1.218391284346580505e-01,1.079214140772819519e-01,-1.423281580209732056e-01,-2.090243846178054810e-01,-6.743182986974716187e-02,-1.580203622579574585e-01,-3.602290153503417969e-02,-1.414720267057418823e-01,-6.721195578575134277e-02,-1.040192395448684692e-01,8.302840590476989746e-02,6.749608553946018219e-03,2.244020812213420868e-02,-2.203145623207092285e-02,-6.140339374542236328e-02,-5.348510667681694031e-02,-4.579353705048561096e-02,-1.814837194979190826e-02
