1.000000000000000000e+00,6.521740555763244629e-01,6.696155667304992676e-01,5.743744969367980957e-01,7.273293286561965942e-02,-2.088020294904708862e-01,6.780425906181335449e-01,3.868382275104522705e-01,1.290001161396503448e-02,-2.658239901065826416e-01,4.391261935234069824e-01,3.026597201824188232e-01,4.761973619461059570e-01,1.848082542419433594e-01,7.922695577144622803e-02,-1.700820773839950562e-01,4.563805460929870605e-01,3.005532920360565186e-01,4.717004895210266113e-01,5.268168449401855469e-01,2.028189301490783691e-01,1.489150673151016235e-01,7.813006639480590820e-02,2.050664722919464111e-01,5.160475149750709534e-03,6.718409061431884766e-02,1.477201133966445923e-01,2.397909462451934814e-01,4.716876149177551270e-01,2.197071760892868042e-01,2.001259326934814453e-01,3.353036940097808838e-01,1.160831376910209656e-01,1.233878359198570251e-01,1.754832267761230469e-01,1.225756406784057617e-01,1.221987754106521606e-01,8.101842366158962250e-03,1.562301367521286011e-01,1.165393739938735962e-01,5.431024823337793350e-03,-3.841836750507354736e-02,2.724088132381439209e-01,4.091707468032836914e-01,3.790598213672637939e-01,2.357140332460403442e-01,3.049179613590240479e-01,1.854624599218368530e-01,3.844670951366424561e-01,9.577519446611404419e-02,3.778367340564727783e-01,1.848354637622833252e-01,9.923976659774780273e-02,-2.908588945865631104e-02,2.872615456581115723e-01,6.961958110332489014e-02,7.847901582717895508e-01,5.685402750968933105e-01,1.373936086893081665e-01,-3.342557698488235474e-02,4.719040691852569580e-01,3.945667147636413574e-01,6.137402653694152832e-01,2.980974912643432617e-01,3.269888162612915039e-01,1.237471997737884521e-01,2.054489552974700928e-01,3.154311180114746094e-01,3.673744797706604004e-01,3.911444544792175293e-01,4.249284565448760986e-01,3.537323474884033203e-01,1.539978086948394775e-01,2.446082532405853271e-01,1.932100206613540649e-01,3.375702798366546631e-01,3.204187750816345215e-01,3.723455667495727539e-01,1.453447192907333374e-01,2.761228680610656738e-01,4.123871028423309326e-01,1.153785064816474915e-01,1.259476393461227417e-01,-9.306693077087402344e-02,3.496754765510559082e-01,9.473171085119247437e-02,-7.303420454263687134e-03,-1.288922131061553955e-01,2.500305175781250000e-01,-7.275001704692840576e-02,1.882800715975463390e-03,-1.054010018706321716e-01,-5.687922984361648560e-02,-2.624563314020633698e-02,8.574125915765762329e-02,-9.723894298076629639e-02,3.551729619503021240e-01,1.919719949364662170e-02,2.600306272506713867e-01,1.106590107083320618e-01,1.046769022941589355e-01,1.067003607749938965e-01,2.064319998025894165e-01,1.797134280204772949e-01,1.600560396909713745e-01,7.163325697183609009e-02,1.988307386636734009e-01,4.070407524704933167e-02,3.277255967259407043e-02,1.727537810802459717e-01,4.409247040748596191e-01,2.630375921726226807e-01,1.105443239212036133e-01,2.564624249935150146e-01,3.868739902973175049e-01,1.155652105808258057e-01
6.521740555763244629e-01,1.000000000000000000e+00,4.922469258308410645e-01,5.485470890998840332e-01,-3.201122209429740906e-02,3.422023728489875793e-02,4.744060933589935303e-01,5.753961205482482910e-01,-2.227395772933959961e-01,-6.358971353620290756e-03,1.310939639806747437e-01,5.256950259208679199e-01,9.638614952564239502e-02,3.777190446853637695e-01,-2.172060161828994751e-01,8.317625522613525391e-02,2.404724210500717163e-01,4.633725285530090332e-01,3.606894612312316895e-01,4.429305195808410645e-01,1.829057633876800537e-01,1.506385952234268188e-01,1.750783473253250122e-01,2.526386380195617676e-01,5.900949984788894653e-02,1.239497363567352295e-01,2.014042139053344727e-01,2.020195573568344116e-01,2.378218472003936768e-01,3.473410904407501221e-01,2.832519710063934326e-01,4.381241500377655029e-01,1.577037423849105835e-01,1.654991656541824341e-01,1.490701138973236084e-01,5.760120600461959839e-02,5.572579056024551392e-02,1.978425681591033936e-01,4.656307771801948547e-02,2.929423749446868896e-01,-9.122171252965927124e-02,8.541731536388397217e-02,2.448498904705047607e-01,4.377538263797760010e-01,3.104921281337738037e-01,3.573206365108489990e-01,2.721043527126312256e-01,3.198536336421966553e-01,4.034508466720581055e-01,3.414981663227081299e-01,3.304498493671417236e-01,3.923014700412750244e-01,1.182857528328895569e-01,1.671739667654037476e-01,1.610291749238967896e-01,3.379113972187042236e-01,5.918502807617187500e-01,7.685557007789611816e-01,9.629189968109130859e-02,8.546986430883407593e-02,3.462052941322326660e-01,4.846938848495483398e-01,3.850847780704498291e-01,6.027331948280334473e-01,2.914223670959472656e-01,3.452298641204833984e-01,1.677229553461074829e-01,3.377352356910705566e-01,2.635286450386047363e-01,2.135561704635620117e-01,3.157699108123779297e-01,2.439963370561599731e-01,9.411254525184631348e-02,2.550845444202423096e-01,1.680883020162582397e-01,2.900967597961425781e-01,2.897115349769592285e-01,3.507235050201416016e-01,1.205027550458908081e-01,3.657193481922149658e-01,1.980238109827041626e-01,3.953591585159301758e-01,-1.396278291940689087e-01,1.356272995471954346e-01,3.191341087222099304e-02,3.749867081642150879e-01,-2.199111282825469971e-01,1.383078992366790771e-01,-3.055260889232158661e-02,1.314252018928527832e-01,-5.741511285305023193e-02,1.035004481673240662e-01,1.384223159402608871e-02,2.279193997383117676e-01,8.693473786115646362e-02,-8.960294723510742188e-02,2.584168016910552979e-01,2.013526260852813721e-01,1.597368568181991577e-01,2.564079165458679199e-01,1.026479899883270264e-01,2.928595840930938721e-01,2.471631169319152832e-01,3.865367174148559570e-01,2.861684560775756836e-01,2.250716239213943481e-01,1.353509277105331421e-01,2.099284082651138306e-01,4.415979236364364624e-02,1.598641276359558105e-01,3.812730610370635986e-01,1.144609898328781128e-01,3.068029182031750679e-03,1.614848077297210693e-01,2.833400368690490723e-01,1.173930615186691284e-01
6.696155667304992676e-01,4.922469258308410645e-01,1.000000000000000000e+00,6.552985310554504395e-01,2.774803042411804199e-01,-2.161380201578140259e-01,7.468000054359436035e-01,3.848377168178558350e-01,2.343244701623916626e-01,-2.864132225513458252e-01,4.130346775054931641e-01,2.914907038211822510e-01,5.283124446868896484e-01,2.355690002441406250e-01,2.833783924579620361e-01,-6.556484848260879517e-02,3.904612064361572266e-01,3.346358835697174072e-01,5.969282388687133789e-01,6.106392145156860352e-01,2.436769306659698486e-01,2.350460588932037354e-01,2.813890874385833740e-01,2.350290119647979736e-01,1.224518418312072754e-01,3.632978722453117371e-02,2.300786226987838745e-01,2.502550780773162842e-01,3.868354558944702148e-01,3.119918704032897949e-01,3.608485162258148193e-01,3.405507504940032959e-01,3.410952538251876831e-02,3.797464817762374878e-02,2.975267358124256134e-02,7.613472640514373779e-02,-9.046557545661926270e-02,-1.161820888519287109e-01,1.537709534168243408e-01,7.035394757986068726e-02,-1.053147763013839722e-01,2.212193049490451813e-02,2.712589800357818604e-01,3.182936012744903564e-01,2.358083873987197876e-01,2.046130001544952393e-01,3.282786607742309570e-01,1.400235891342163086e-01,2.807644009590148926e-01,9.373833239078521729e-02,2.636870145797729492e-01,1.889470219612121582e-01,1.173067986965179443e-01,2.321884781122207642e-02,4.357797503471374512e-01,1.386888623237609863e-01,6.313363313674926758e-01,4.386200308799743652e-01,5.829961597919464111e-02,-1.530722621828317642e-02,3.242201209068298340e-01,3.564034104347229004e-01,5.912459492683410645e-01,2.751179933547973633e-01,2.141461819410324097e-01,1.152568534016609192e-01,1.167803909629583359e-02,1.867108047008514404e-01,3.461807370185852051e-01,2.206096798181533813e-01,3.000651895999908447e-01,2.229542732238769531e-01,-2.580671198666095734e-02,2.083291709423065186e-01,2.168018557131290436e-02,2.030839920043945312e-01,1.404142081737518311e-01,1.856551915407180786e-01,1.365804672241210938e-01,2.326386719942092896e-01,4.683133363723754883e-01,1.720654368400573730e-01,2.826441824436187744e-01,4.168963804841041565e-02,4.113339781761169434e-01,1.549542397260665894e-01,8.932792395353317261e-02,-9.115200489759445190e-02,4.063272476196289062e-01,8.717264980077743530e-02,2.305916547775268555e-01,5.648789927363395691e-02,8.591880649328231812e-02,2.299134433269500732e-02,3.073988854885101318e-01,1.205127090215682983e-01,5.219439268112182617e-01,9.949915856122970581e-02,4.182194471359252930e-01,2.284294217824935913e-01,2.149185389280319214e-01,1.471757888793945312e-01,2.915576696395874023e-01,2.224276661872863770e-01,2.326066195964813232e-01,1.458469331264495850e-01,1.754928380250930786e-01,1.123810186982154846e-01,1.388030350208282471e-01,3.219246566295623779e-01,4.553882479667663574e-01,3.526549339294433594e-01,2.597149014472961426e-01,3.270792067050933838e-01,4.136599898338317871e-01,1.550098955631256104e-01
5.743744969367980957e-01,5.485470890998840332e-01,6.552985310554504395e-01,1.000000000000000000e+00,1.138634085655212402e-01,-9.854936040937900543e-03,5.546616911888122559e-01,5.273178219795227051e-01,1.582166762091219425e-03,-6.512922793626785278e-02,3.332536816596984863e-01,3.614751100540161133e-01,3.434082269668579102e-01,3.844311237335205078e-01,7.230651378631591797e-02,6.590919941663742065e-02,2.779420614242553711e-01,4.151586592197418213e-01,6.559345126152038574e-01,7.501319646835327148e-01,2.136743962764739990e-01,2.759395539760589600e-01,1.237098649144172668e-01,3.342453539371490479e-01,1.425441801548004150e-01,1.650428622961044312e-01,1.661384850740432739e-01,2.545829713344573975e-01,2.652261257171630859e-01,3.414221704006195068e-01,2.408193945884704590e-01,3.501130342483520508e-01,-1.403943598270416260e-01,-7.706497609615325928e-02,1.099674627184867859e-01,2.250915765762329102e-01,-7.582562416791915894e-02,-4.827178549021482468e-03,4.623841866850852966e-02,1.755143553018569946e-01,-5.441265925765037537e-02,8.141610026359558105e-02,2.431746870279312134e-01,3.494100570678710938e-01,2.400706112384796143e-01,2.784171402454376221e-01,2.290112525224685669e-01,2.441525012254714966e-01,3.531590104103088379e-01,1.881270855665206909e-01,2.824009358882904053e-01,2.305212318897247314e-01,4.654218256473541260e-02,8.985871076583862305e-02,1.732691973447799683e-01,2.168063521385192871e-01,4.787144362926483154e-01,4.525977969169616699e-01,1.012846007943153381e-01,-6.504708528518676758e-02,2.625487744808197021e-01,2.567123472690582275e-01,3.383019566535949707e-01,3.730601966381072998e-01,2.170041650533676147e-01,1.634463369846343994e-01,7.145734876394271851e-02,2.212833613157272339e-01,3.490004837512969971e-01,2.015660405158996582e-01,3.066116571426391602e-01,3.004886507987976074e-01,1.027711033821105957e-01,2.457236349582672119e-01,8.044074475765228271e-02,2.104359716176986694e-01,1.920159012079238892e-01,2.726306319236755371e-01,1.502690911293029785e-01,2.893198430538177490e-01,2.638084590435028076e-01,2.741665542125701904e-01,7.609419524669647217e-02,1.502457559108734131e-01,1.756278574466705322e-01,2.531491518020629883e-01,1.476658228784799576e-02,5.556479468941688538e-02,1.455777138471603394e-01,1.882068365812301636e-01,2.797564677894115448e-02,6.413080543279647827e-02,-4.539278894662857056e-02,-7.939914241433143616e-03,1.636109054088592529e-01,2.273699827492237091e-02,3.419863879680633545e-01,2.159139215946197510e-01,2.667719423770904541e-01,3.143863976001739502e-01,8.376678079366683960e-02,1.102462857961654663e-01,1.627928167581558228e-01,2.085229307413101196e-01,2.346158474683761597e-01,1.158793121576309204e-01,7.821049541234970093e-02,1.450980603694915771e-01,8.387289196252822876e-02,1.853676736354827881e-01,4.939516782760620117e-01,3.382548987865447998e-01,1.793196499347686768e-01,2.753099501132965088e-01,3.656512796878814697e-01,1.546493321657180786e-01
7.273293286561965942e-02,-3.201122209429740906e-02,2.774803042411804199e-01,1.138634085655212402e-01,1.000000000000000000e+00,2.660350203514099121e-01,2.398600131273269653e-01,2.667042613029479980e-02,7.702865600585937500e-01,1.259878575801849365e-01,1.285403370857238770e-01,-6.782379746437072754e-02,3.092763423919677734e-01,1.871965639293193817e-02,6.483269929885864258e-01,1.788011938333511353e-01,1.339432597160339355e-01,2.733970060944557190e-02,5.773062258958816528e-02,9.847678989171981812e-02,1.113323047757148743e-01,1.267103254795074463e-01,3.301666378974914551e-01,2.916116714477539062e-01,5.559599995613098145e-01,3.525172472000122070e-01,6.256483793258666992e-01,5.042541623115539551e-01,4.340129718184471130e-02,1.553504467010498047e-01,3.372188210487365723e-01,1.629496365785598755e-01,-6.028243340551853180e-03,-5.890681967139244080e-02,-2.739979922771453857e-01,-2.130080312490463257e-01,-6.897662580013275146e-02,-2.769315429031848907e-02,2.606851160526275635e-01,1.647850871086120605e-01,-4.930298775434494019e-02,1.248379796743392944e-01,-3.689409419894218445e-02,-4.279483109712600708e-02,-6.805772334337234497e-02,7.393124699592590332e-02,1.874538511037826538e-01,1.405244320631027222e-01,7.706850022077560425e-02,1.402861773967742920e-01,-3.571368288248777390e-04,1.240576952695846558e-01,3.060780167579650879e-01,3.415058553218841553e-01,5.448741316795349121e-01,2.628230154514312744e-01,1.346472054719924927e-01,9.134249389171600342e-02,1.077962517738342285e-01,2.657324671745300293e-01,8.224353194236755371e-02,1.062327474355697632e-01,2.538620233535766602e-01,1.103110387921333313e-01,-7.308982312679290771e-02,6.667689234018325806e-02,-1.277766525745391846e-01,-1.445242166519165039e-01,9.996262937784194946e-02,4.148906841874122620e-02,-2.004626840353012085e-01,-2.312535345554351807e-01,-2.346124500036239624e-01,-1.771655119955539703e-02,-2.230454832315444946e-01,-1.350852549076080322e-01,-2.995719015598297119e-01,-2.458251863718032837e-01,1.184603497385978699e-01,1.811128226108849049e-03,4.038421809673309326e-01,8.754479885101318359e-02,6.789214611053466797e-01,3.125362694263458252e-01,4.075372815132141113e-01,1.618959605693817139e-01,5.477072000503540039e-01,1.846671849489212036e-01,5.952842831611633301e-01,4.110602438449859619e-01,5.584705471992492676e-01,4.196330010890960693e-01,4.107935726642608643e-01,2.879089117050170898e-01,1.751372814178466797e-01,1.979443579912185669e-01,3.558535873889923096e-01,2.109162956476211548e-01,4.618866145610809326e-01,2.932640314102172852e-01,4.855078458786010742e-01,2.742672562599182129e-01,4.952487349510192871e-01,3.089066445827484131e-01,3.186654448509216309e-01,2.675494253635406494e-01,3.032159805297851562e-01,1.456803083419799805e-01,8.123476803302764893e-02,1.094656437635421753e-01,2.222922146320343018e-01,2.885030508041381836e-01,3.595215380191802979e-01,2.426927089691162109e-01,2.857016623020172119e-01,1.717445701360702515e-01
-2.088020294904708862e-01,3.422023728489875793e-02,-2.161380201578140259e-01,-9.854936040937900543e-03,2.660350203514099121e-01,1.000000000000000000e+00,-2.506088614463806152e-01,2.449803203344345093e-01,6.721305102109909058e-02,7.718894481658935547e-01,-3.052549362182617188e-01,1.063436940312385559e-01,-3.387967944145202637e-01,2.845442891120910645e-01,-7.798695564270019531e-02,5.900340080261230469e-01,-1.505937725305557251e-01,1.622036695480346680e-01,-9.985367208719253540e-02,-1.405404061079025269e-01,5.093489214777946472e-02,6.771562248468399048e-02,2.097721546888351440e-01,2.022366672754287720e-01,3.911428749561309814e-01,3.310975730419158936e-01,5.344551801681518555e-01,4.422825276851654053e-01,-1.402464807033538818e-01,1.143171042203903198e-01,2.188882678747177124e-01,2.183513194322586060e-01,3.724090754985809326e-02,5.649004131555557251e-02,9.602466598153114319e-03,-1.320366002619266510e-02,9.828717261552810669e-02,2.716225087642669678e-01,1.466148346662521362e-01,3.932676911354064941e-01,-2.083037048578262329e-02,9.802866727113723755e-02,-4.228648915886878967e-02,-2.862623520195484161e-02,-1.517787873744964600e-01,1.477478910237550735e-02,9.994447976350784302e-02,4.043238162994384766e-01,1.593790366314351559e-03,1.362539082765579224e-01,-1.894398778676986694e-02,1.769991070032119751e-01,1.577631533145904541e-01,3.927100598812103271e-01,2.549709938466548920e-02,4.805278480052947998e-01,-1.681000441312789917e-01,1.266937404870986938e-01,5.216950085014104843e-03,1.423640549182891846e-01,-1.272916942834854126e-01,-1.373754888772964478e-01,-2.525484263896942139e-01,2.189231514930725098e-01,-5.514156073331832886e-02,1.169002428650856018e-01,-1.803594268858432770e-02,-1.219197292812168598e-03,-4.231351986527442932e-02,-1.522661596536636353e-01,-9.684972465038299561e-02,-2.075401134788990021e-02,-1.297305971384048462e-01,-1.191519647836685181e-01,-4.846147820353507996e-02,-1.248542070388793945e-01,1.700773276388645172e-02,-5.301373545080423355e-03,2.900650538504123688e-02,-1.164435222744941711e-02,-1.208009496331214905e-01,3.318645060062408447e-01,-4.118577390909194946e-02,5.165051221847534180e-01,-2.529135644435882568e-01,3.896064460277557373e-01,1.106792539358139038e-01,5.533944368362426758e-01,-1.268905699253082275e-01,5.207771062850952148e-01,1.810340285301208496e-01,4.339137375354766846e-01,2.436123341321945190e-01,4.209717810153961182e-01,-2.364552021026611328e-02,8.996690064668655396e-02,1.824929006397724152e-02,4.704814851284027100e-01,6.895660609006881714e-02,3.121959269046783447e-01,2.520542442798614502e-01,3.715425133705139160e-01,2.248962074518203735e-01,4.014599323272705078e-01,2.830016314983367920e-01,3.646095097064971924e-01,1.242035105824470520e-01,3.505953252315521240e-01,1.009600535035133362e-01,-7.546494156122207642e-02,1.001066118478775024e-01,1.257729232311248779e-01,5.070467665791511536e-02,7.458683685399591923e-04,-1.609776727855205536e-02,2.445453107357025146e-01
6.780425906181335449e-01,4.744060933589935303e-01,7.468000054359436035e-01,5.546616911888122559e-01,2.398600131273269653e-01,-2.506088614463806152e-01,1.000000000000000000e+00,4.685688018798828125e-01,2.480234652757644653e-01,-2.840894460678100586e-01,5.237628221511840820e-01,3.628447353839874268e-01,6.215495467185974121e-01,3.009231686592102051e-01,2.695817053318023682e-01,-1.104152426123619080e-01,5.455544590950012207e-01,3.721450567245483398e-01,5.128697156906127930e-01,5.581716299057006836e-01,1.564215272665023804e-01,1.770332306623458862e-01,1.781356036663055420e-01,2.062854170799255371e-01,4.755854234099388123e-02,-3.822936676442623138e-03,2.552493214607238770e-01,3.136948645114898682e-01,4.130164086818695068e-01,3.318876624107360840e-01,2.826960980892181396e-01,3.195567131042480469e-01,7.352904230356216431e-02,5.796048417687416077e-02,4.128875210881233215e-02,8.925468474626541138e-02,-4.989739134907722473e-02,-1.464288830757141113e-01,3.350487723946571350e-02,-8.033799007534980774e-03,-2.361389100551605225e-01,-8.379191905260086060e-02,2.405803799629211426e-01,2.937284708023071289e-01,2.363089919090270996e-01,1.153351143002510071e-01,2.407692819833755493e-01,1.276076734066009521e-01,2.606979906558990479e-01,4.329680278897285461e-02,2.672985196113586426e-01,1.564344167709350586e-01,2.718907408416271210e-02,-1.769253052771091461e-02,4.162199199199676514e-01,1.122364774346351624e-01,5.835235118865966797e-01,4.042485058307647705e-01,8.318284898996353149e-02,-5.534652620553970337e-02,3.328568041324615479e-01,3.348013758659362793e-01,6.276113986968994141e-01,3.176902234554290771e-01,2.649558782577514648e-01,1.452256590127944946e-01,3.658923134207725525e-02,1.583815366029739380e-01,2.665393054485321045e-01,2.542509436607360840e-01,3.200393617153167725e-01,2.540012896060943604e-01,-8.387573808431625366e-02,2.011360079050064087e-01,-4.018759727478027344e-02,1.704152971506118774e-01,1.525759547948837280e-01,2.482180595397949219e-01,2.485457658767700195e-01,2.690686285495758057e-01,5.547015666961669922e-01,2.303226888179779053e-01,2.646968662738800049e-01,3.254766762256622314e-02,4.908984303474426270e-01,1.790720373392105103e-01,1.065456643700599670e-01,-7.278665900230407715e-02,4.428941011428833008e-01,6.799962371587753296e-02,1.989136934280395508e-01,4.302471503615379333e-02,4.630222544074058533e-02,-6.704338826239109039e-03,2.256346493959426880e-01,-7.121736183762550354e-03,4.663260281085968018e-01,2.649250440299510956e-02,3.476657271385192871e-01,1.427123397588729858e-01,2.733834981918334961e-01,1.441967040300369263e-01,3.290018141269683838e-01,2.201632261276245117e-01,2.413169741630554199e-01,1.719224452972412109e-01,2.190319597721099854e-01,9.504234790802001953e-02,6.409861147403717041e-02,2.595262527465820312e-01,3.857540488243103027e-01,2.903606891632080078e-01,1.592444926500320435e-01,1.946619153022766113e-01,3.552432656288146973e-01,1.501302719116210938e-01
3.868382275104522705e-01,5.753961205482482910e-01,3.848377168178558350e-01,5.273178219795227051e-01,2.667042613029479980e-02,2.449803203344345093e-01,4.685688018798828125e-01,1.000000000000000000e+00,-1.057414487004280090e-01,2.706522643566131592e-01,2.241411060094833374e-01,6.158651113510131836e-01,1.146249622106552124e-01,6.563165783882141113e-01,-1.757122427225112915e-01,3.821317255496978760e-01,3.079223334789276123e-01,5.590153932571411133e-01,3.311063945293426514e-01,3.916468322277069092e-01,1.941904872655868530e-01,1.089843660593032837e-01,2.350141853094100952e-01,2.862425744533538818e-01,1.548652201890945435e-01,4.448772221803665161e-02,3.117976188659667969e-01,3.020134270191192627e-01,2.141468226909637451e-01,3.819321393966674805e-01,2.569667398929595947e-01,3.906260728836059570e-01,9.727475792169570923e-02,1.364214718341827393e-01,-3.176747122779488564e-03,3.658334538340568542e-02,-1.120496466755867004e-01,2.206674031913280487e-02,-1.067989766597747803e-01,1.361670047044754028e-01,-2.120181769132614136e-01,-7.410022616386413574e-02,2.690389752388000488e-01,3.436820507049560547e-01,1.156434640288352966e-01,1.580513268709182739e-01,2.336903065443038940e-01,4.136750102043151855e-01,2.149658501148223877e-01,2.377815693616867065e-01,3.189558386802673340e-01,3.745889365673065186e-01,1.565152406692504883e-02,3.072206377983093262e-01,1.188410595059394836e-01,5.011208653450012207e-01,2.966816425323486328e-01,5.837776064872741699e-01,9.392435848712921143e-02,-1.858440600335597992e-02,1.105427145957946777e-01,3.347749710083007812e-01,2.232436686754226685e-01,6.417293548583984375e-01,2.339942753314971924e-01,3.343622088432312012e-01,7.889285683631896973e-03,1.589290350675582886e-01,1.323786675930023193e-01,-2.591424388810992241e-03,1.683873832225799561e-01,2.221096605062484741e-01,7.454876787960529327e-03,9.001809358596801758e-02,6.847646087408065796e-02,9.715078771114349365e-02,2.665692865848541260e-01,3.028197884559631348e-01,2.077224999666213989e-01,3.278796970844268799e-01,2.031420171260833740e-01,5.958614349365234375e-01,-9.969731420278549194e-02,3.618855476379394531e-01,7.895386777818202972e-03,6.067540645599365234e-01,-9.909207373857498169e-02,3.391083478927612305e-01,-1.302852481603622437e-02,4.534349739551544189e-01,1.078260913491249084e-01,3.862770795822143555e-01,1.464914381504058838e-01,3.617269098758697510e-01,6.759762763977050781e-02,-4.674324765801429749e-02,2.162667661905288696e-01,3.542903363704681396e-01,1.101221144199371338e-01,3.251690864562988281e-01,2.279343903064727783e-01,4.082834720611572266e-01,2.494347840547561646e-01,4.596826434135437012e-01,2.938472628593444824e-01,3.146992623805999756e-01,8.843055367469787598e-02,3.024304807186126709e-01,3.243115171790122986e-02,2.008606940507888794e-01,3.232948184013366699e-01,2.166781276464462280e-01,1.116880923509597778e-01,4.324749484658241272e-02,1.175418719649314880e-01,1.464622318744659424e-01
1.290001161396503448e-02,-2.227395772933959961e-01,2.343244701623916626e-01,1.582166762091219425e-03,7.702865600585937500e-01,6.721305102109909058e-02,2.480234652757644653e-01,-1.057414487004280090e-01,1.000000000000000000e+00,1.087547000497579575e-02,1.945893764495849609e-01,-2.026870697736740112e-01,4.049760401248931885e-01,-1.007466688752174377e-01,7.602474093437194824e-01,8.830118924379348755e-02,1.531485468149185181e-01,-1.286343336105346680e-01,6.195795536041259766e-02,7.009911537170410156e-02,3.249821066856384277e-02,9.891930967569351196e-02,1.773268133401870728e-01,1.187726259231567383e-01,4.135287106037139893e-01,2.249469906091690063e-01,4.121029675006866455e-01,3.824099898338317871e-01,8.617774397134780884e-02,4.942464083433151245e-02,1.551564931869506836e-01,-1.505322288721799850e-02,-4.393067583441734314e-02,-9.643520414829254150e-02,-2.785006165504455566e-01,-1.710103601217269897e-01,-7.626537233591079712e-02,-1.807231903076171875e-01,1.845786273479461670e-01,-4.070608317852020264e-02,-3.567377850413322449e-02,-1.535172108560800552e-02,-6.299313902854919434e-02,-1.377884000539779663e-01,-8.859877288341522217e-02,-3.869155794382095337e-02,6.778814643621444702e-02,-4.017782583832740784e-02,2.707946114242076874e-02,-3.404001519083976746e-02,-4.983702301979064941e-02,-4.140989109873771667e-02,1.291150748729705811e-01,1.665357798337936401e-01,5.089783072471618652e-01,8.548380434513092041e-02,7.530891150236129761e-02,-1.092327535152435303e-01,1.483346223831176758e-01,1.677446663379669189e-01,5.046463385224342346e-02,5.463537201285362244e-02,1.813527047634124756e-01,-1.054967790842056274e-01,-1.226967871189117432e-01,-5.768174678087234497e-02,-1.043214350938796997e-01,-1.626454293727874756e-01,7.873345166444778442e-02,3.041314659640192986e-03,-2.076378911733627319e-01,-2.130279093980789185e-01,-2.272390425205230713e-01,-4.610550776124000549e-02,-2.185337543487548828e-01,-1.521326005458831787e-01,-3.048344850540161133e-01,-2.352494597434997559e-01,6.094203516840934753e-02,-1.228510066866874695e-01,3.832996785640716553e-01,-9.392167627811431885e-02,7.273824810981750488e-01,1.664231717586517334e-01,4.716343879699707031e-01,-8.745304308831691742e-03,5.978488922119140625e-01,9.051229059696197510e-02,6.469981670379638672e-01,2.657695412635803223e-01,5.425251722335815430e-01,2.985211312770843506e-01,3.869066834449768066e-01,1.652752310037612915e-01,1.496818959712982178e-01,1.561169177293777466e-01,2.492578625679016113e-01,5.588029697537422180e-02,3.887344896793365479e-01,1.440727561712265015e-01,4.223103821277618408e-01,1.781346201896667480e-01,4.014113247394561768e-01,1.624893248081207275e-01,1.580105423927307129e-01,1.300160884857177734e-01,2.177693247795104980e-01,1.806013099849224091e-02,2.202603965997695923e-02,8.225236088037490845e-02,9.781336039304733276e-02,2.677871882915496826e-01,3.729203939437866211e-01,2.132714837789535522e-01,2.357507348060607910e-01,1.100691556930541992e-01
-2.658239901065826416e-01,-6.358971353620290756e-03,-2.864132225513458252e-01,-6.512922793626785278e-02,1.259878575801849365e-01,7.718894481658935547e-01,-2.840894460678100586e-01,2.706522643566131592e-01,1.087547000497579575e-02,1.000000000000000000e+00,-2.970037758350372314e-01,7.027795165777206421e-02,-3.509332537651062012e-01,3.350660204887390137e-01,-1.621163636445999146e-01,6.481256484985351562e-01,-1.942051053047180176e-01,1.013228520750999451e-01,-1.016329824924468994e-01,-1.079694032669067383e-01,-1.776156947016716003e-02,-5.755655001848936081e-03,6.126476451754570007e-02,2.705319412052631378e-02,2.878578603267669678e-01,9.787569940090179443e-02,4.354652762413024902e-01,3.708950281143188477e-01,-1.346561014652252197e-01,-2.443421445786952972e-02,7.192558795213699341e-02,7.763406634330749512e-02,-5.171000584959983826e-02,-1.921835355460643768e-02,1.225912105292081833e-02,5.676639080047607422e-02,1.043134648352861404e-02,1.538103967905044556e-01,3.502616286277770996e-02,2.222304195165634155e-01,-1.949604228138923645e-02,-8.521962165832519531e-02,-1.358263101428747177e-02,-5.719647556543350220e-02,-1.970490515232086182e-01,-3.832105919718742371e-02,6.740664690732955933e-02,3.506111502647399902e-01,-3.592035174369812012e-02,8.622459322214126587e-02,7.960464805364608765e-03,1.495467424392700195e-01,6.616209447383880615e-02,3.246544599533081055e-01,-5.972155183553695679e-02,4.380535185337066650e-01,-2.355121970176696777e-01,7.619017362594604492e-02,-1.536429300904273987e-02,1.278601735830307007e-01,-1.851434707641601562e-01,-1.467704921960830688e-01,-2.989260256290435791e-01,2.033612132072448730e-01,1.395040453644469380e-04,1.190729737281799316e-01,-7.004017382860183716e-02,1.176473801024258137e-03,-2.182758413255214691e-02,-1.662508398294448853e-01,-1.083177104592323303e-01,-1.221217587590217590e-02,-7.702489942312240601e-02,-1.787925362586975098e-01,-3.396190935745835304e-03,-1.821265816688537598e-01,5.663111060857772827e-02,3.168103750795125961e-03,-1.230215206742286682e-01,-1.216665580868721008e-01,-2.365147173404693604e-01,3.242393434047698975e-01,-1.133288964629173279e-01,4.979938566684722900e-01,-3.394782543182373047e-01,4.050464630126953125e-01,9.597076475620269775e-02,5.817711353302001953e-01,-2.333256453275680542e-01,4.992338120937347412e-01,1.201325058937072754e-01,4.259348511695861816e-01,2.590602040290832520e-01,4.330060184001922607e-01,-1.406746059656143188e-01,1.059031113982200623e-02,-1.010897606611251831e-01,4.156852364540100098e-01,-4.560175165534019470e-02,2.424204051494598389e-01,2.242354899644851685e-01,3.915357887744903564e-01,1.029619276523590088e-01,3.621847033500671387e-01,1.529184132814407349e-01,2.735041081905364990e-01,3.047909401357173920e-02,2.701273858547210693e-01,-3.404141962528228760e-02,-1.346848011016845703e-01,1.602083630859851837e-02,1.078529134392738342e-01,3.430008515715599060e-02,-9.078142791986465454e-02,-1.015402898192405701e-01,1.632789075374603271e-01
4.391261935234069824e-01,1.310939639806747437e-01,4.130346775054931641e-01,3.332536816596984863e-01,1.285403370857238770e-01,-3.052549362182617188e-01,5.237628221511840820e-01,2.241411060094833374e-01,1.945893764495849609e-01,-2.970037758350372314e-01,1.000000000000000000e+00,2.269221246242523193e-01,6.901893615722656250e-01,1.470943540334701538e-01,3.233105540275573730e-01,-2.083165347576141357e-01,6.761636734008789062e-01,2.780705690383911133e-01,3.150585293769836426e-01,3.389289081096649170e-01,1.808171570301055908e-01,2.098953425884246826e-01,7.728522270917892456e-02,1.004681661725044250e-01,-1.062200218439102173e-02,-1.117601804435253143e-02,2.720903605222702026e-02,1.404085010290145874e-01,4.978786110877990723e-01,1.517516076564788818e-01,1.050042361021041870e-01,1.530012190341949463e-01,4.860509559512138367e-02,9.262833744287490845e-02,4.334794729948043823e-02,9.165085107088088989e-02,5.686108954250812531e-03,-1.170627996325492859e-01,1.592473685741424561e-01,-1.502058207988739014e-01,6.111233681440353394e-02,-1.205463632941246033e-01,2.563084363937377930e-01,3.147824108600616455e-01,3.042949736118316650e-01,1.080687567591667175e-01,1.820864230394363403e-01,3.271948173642158508e-02,1.360474526882171631e-01,4.426462110131978989e-03,2.958477139472961426e-01,4.588629305362701416e-02,1.125895455479621887e-01,-1.983073800802230835e-01,2.289561629295349121e-01,-1.323345601558685303e-01,3.852067291736602783e-01,1.302989423274993896e-01,5.702884867787361145e-02,-1.454229950904846191e-01,1.742570847272872925e-01,1.515744626522064209e-01,3.550250232219696045e-01,-1.802574470639228821e-02,2.011555731296539307e-01,-6.587279587984085083e-02,9.216808527708053589e-02,1.239059865474700928e-01,1.208861395716667175e-01,1.983822286128997803e-01,2.363242208957672119e-01,2.263298481702804565e-01,2.060178071260452271e-01,1.578042656183242798e-01,1.285525113344192505e-01,1.413925141096115112e-01,1.541112959384918213e-01,1.955448836088180542e-01,3.461022973060607910e-01,3.270480930805206299e-01,5.250946283340454102e-01,1.138672605156898499e-01,3.149505555629730225e-01,-1.759031414985656738e-01,5.240909457206726074e-01,3.878835961222648621e-02,1.430906802415847778e-01,-1.927066296339035034e-01,4.602959752082824707e-01,-6.089054793119430542e-02,1.250209510326385498e-01,-1.033703014254570007e-01,1.924563385546207428e-02,-1.542723327875137329e-01,1.391479521989822388e-01,1.016645226627588272e-02,1.325446665287017822e-01,-1.089110374450683594e-01,1.672984212636947632e-01,1.615662686526775360e-02,1.625585556030273438e-01,-4.882768541574478149e-02,1.695837676525115967e-01,-7.227556197904050350e-04,7.568074762821197510e-02,7.074671797454357147e-03,2.123008072376251221e-01,-2.398206666111946106e-02,-1.003427989780902863e-02,4.272302240133285522e-02,1.112508177757263184e-01,8.326634019613265991e-02,1.821727678179740906e-02,1.460304558277130127e-01,2.941868603229522705e-01,9.161909669637680054e-02
3.026597201824188232e-01,5.256950259208679199e-01,2.914907038211822510e-01,3.614751100540161133e-01,-6.782379746437072754e-02,1.063436940312385559e-01,3.628447353839874268e-01,6.158651113510131836e-01,-2.026870697736740112e-01,7.027795165777206421e-02,2.269221246242523193e-01,1.000000000000000000e+00,1.185368299484252930e-01,5.972218513488769531e-01,-2.195946574211120605e-01,1.665873378515243530e-01,3.011870682239532471e-01,6.798581480979919434e-01,2.922111749649047852e-01,2.594561874866485596e-01,1.550822257995605469e-01,1.110699474811553955e-01,1.661154478788375854e-01,1.952130943536758423e-01,1.064833626151084900e-01,4.660227149724960327e-02,1.232340261340141296e-01,1.281943470239639282e-01,1.332023143768310547e-01,5.430921912193298340e-01,2.405092418193817139e-01,3.836818337440490723e-01,2.093415558338165283e-01,2.543597817420959473e-01,8.575478196144104004e-02,2.687725797295570374e-02,-2.144557051360607147e-02,2.274092137813568115e-01,-1.339228358119726181e-02,2.207127511501312256e-01,-1.609835177659988403e-01,1.926511377096176147e-01,2.782159447669982910e-01,4.183446466922760010e-01,2.409822195768356323e-01,1.853122562170028687e-01,2.272078841924667358e-01,3.513988256454467773e-01,2.164500951766967773e-01,2.449707835912704468e-01,2.481134384870529175e-01,3.660770952701568604e-01,2.347907237708568573e-02,1.895167678594589233e-01,6.794303655624389648e-02,3.558174073696136475e-01,2.424934059381484985e-01,5.371937751770019531e-01,3.346773982048034668e-02,1.793767139315605164e-02,1.579414606094360352e-01,3.176444768905639648e-01,1.566158980131149292e-01,5.127025246620178223e-01,1.715581417083740234e-01,3.034054040908813477e-01,8.826363086700439453e-02,2.180444896221160889e-01,3.005347028374671936e-02,6.462947931140661240e-03,1.915293484926223755e-01,2.448999732732772827e-01,1.960029266774654388e-02,3.383266925811767578e-01,1.536754220724105835e-01,2.876255810260772705e-01,2.125595957040786743e-01,2.554066777229309082e-01,2.508586943149566650e-01,4.991823732852935791e-01,2.031644135713577271e-01,5.934895277023315430e-01,-1.802231669425964355e-01,3.208332657814025879e-01,-1.257311902008950710e-03,5.245350599288940430e-01,-1.477062106132507324e-01,2.321534007787704468e-01,-4.289643093943595886e-02,2.920502722263336182e-01,4.165054764598608017e-03,1.982732266187667847e-01,6.117593124508857727e-02,2.406401783227920532e-01,8.653048425912857056e-02,-1.658099517226219177e-02,1.413894146680831909e-01,2.150515317916870117e-01,4.768599942326545715e-02,1.784002780914306641e-01,1.455614417791366577e-01,2.880837023258209229e-01,1.901230216026306152e-01,3.400696814060211182e-01,2.098601013422012329e-01,2.352971136569976807e-01,7.534275949001312256e-02,2.411570250988006592e-01,-1.547111943364143372e-02,1.120989024639129639e-01,1.469166129827499390e-01,3.905502706766128540e-02,-1.070959679782390594e-02,2.843878790736198425e-02,1.178108230233192444e-01,1.465606093406677246e-01
4.761973619461059570e-01,9.638614952564239502e-02,5.283124446868896484e-01,3.434082269668579102e-01,3.092763423919677734e-01,-3.387967944145202637e-01,6.215495467185974121e-01,1.146249622106552124e-01,4.049760401248931885e-01,-3.509332537651062012e-01,6.901893615722656250e-01,1.185368299484252930e-01,1.000000000000000000e+00,1.993157416582107544e-01,5.378279685974121094e-01,-1.904046088457107544e-01,5.067604184150695801e-01,1.461693793535232544e-01,3.861948251724243164e-01,3.821112513542175293e-01,1.642024517059326172e-01,2.224485427141189575e-01,2.234483510255813599e-02,1.767983287572860718e-01,1.274803578853607178e-01,7.799993455410003662e-02,1.630824804306030273e-01,3.069333732128143311e-01,4.936330616474151611e-01,2.272034883499145508e-01,1.817010939121246338e-01,1.819431036710739136e-01,1.134331226348876953e-01,1.432842314243316650e-01,4.841067269444465637e-02,9.568385779857635498e-02,1.525466609746217728e-02,-1.400606334209442139e-01,2.296610921621322632e-01,-7.834807038307189941e-02,6.857755780220031738e-02,-5.705724284052848816e-02,1.569482982158660889e-01,1.650251150131225586e-01,1.903117448091506958e-01,2.718473039567470551e-02,1.384494006633758545e-01,-4.207559674978256226e-02,1.864778250455856323e-01,-9.661017358303070068e-02,2.029752582311630249e-01,-8.815377205610275269e-02,-7.342651020735502243e-03,-1.523907184600830078e-01,3.370859026908874512e-01,-1.183736100792884827e-01,4.627606272697448730e-01,9.903070330619812012e-02,2.304282337427139282e-01,-7.176643610000610352e-02,2.900698482990264893e-01,1.921865493059158325e-01,4.911495149135589600e-01,-4.887345060706138611e-02,8.923762291669845581e-02,-7.580124586820602417e-02,1.051613986492156982e-01,9.339383244514465332e-02,2.346893996000289917e-01,2.756500244140625000e-01,2.641435265541076660e-01,2.650929987430572510e-01,1.505312323570251465e-01,2.469379901885986328e-01,1.665835827589035034e-01,1.826734095811843872e-01,8.123714476823806763e-02,1.332111209630966187e-01,1.525447219610214233e-01,1.552070528268814087e-01,5.036531686782836914e-01,-4.609620198607444763e-02,5.172895789146423340e-01,-9.627347439527511597e-02,5.451262593269348145e-01,-5.861450731754302979e-02,3.292455375194549561e-01,-2.231484800577163696e-01,5.509732961654663086e-01,-6.177305802702903748e-02,1.771747618913650513e-01,-1.065553426742553711e-01,-5.439811851829290390e-03,-2.211263477802276611e-01,1.189540922641754150e-01,1.818980835378170013e-02,3.003797233104705811e-01,-9.756618738174438477e-02,2.439243793487548828e-01,8.612493984401226044e-03,1.811382770538330078e-01,-4.884335398674011230e-02,1.488283425569534302e-01,-6.186211854219436646e-02,2.127726748585700989e-02,-5.487199127674102783e-02,1.914107650518417358e-01,-9.886839240789413452e-02,-2.463595243170857430e-03,1.148152127861976624e-01,3.156824409961700439e-01,3.117881715297698975e-01,2.070465832948684692e-01,1.718195974826812744e-01,2.808447778224945068e-01,7.061305642127990723e-02
