1.000000000000000000e+00,5.460871458053588867e-01,6.334397196769714355e-01,5.831877589225769043e-01,2.286282479763031006e-01,2.802305221557617188e-01,7.035948634147644043e-01,6.019024848937988281e-01,4.082890748977661133e-01,1.098187342286109924e-01,6.421184539794921875e-01,5.474029183387756348e-01,6.670774221420288086e-01,5.048769712448120117e-01,4.100170433521270752e-01,4.268541932106018066e-01,3.452292680740356445e-01,4.992491602897644043e-01,6.232672333717346191e-01,6.104820370674133301e-01,3.588244020938873291e-01,2.364077419042587280e-01,5.935008525848388672e-01,4.956346154212951660e-01,4.727759063243865967e-01,4.860821962356567383e-01,2.870491743087768555e-01,2.974012792110443115e-01,5.192022919654846191e-01,5.050578713417053223e-01,5.660779476165771484e-01,5.886947512626647949e-01,5.884011983871459961e-01,5.407827496528625488e-01,3.195249438285827637e-01,2.957840263843536377e-01,2.049792706966400146e-01,2.903972268104553223e-01,7.041127234697341919e-02,1.073802039027214050e-01,3.342545032501220703e-01,4.089159518480300903e-02,9.521567262709140778e-03,1.571483314037322998e-01,5.417679902166128159e-03,1.158343106508255005e-01,-2.361757494509220123e-02,-2.610171772539615631e-02,1.364561766386032104e-01,6.921023875474929810e-02,2.282925248146057129e-01,6.708277016878128052e-02,2.052887082099914551e-01,1.881967298686504364e-02,5.503952130675315857e-02,1.623363792896270752e-01,6.672675013542175293e-01,4.350995123386383057e-01,3.370327651500701904e-01,2.128531187772750854e-01,3.792185485363006592e-01,3.728844225406646729e-01,4.105077087879180908e-01,4.091427326202392578e-01,1.301436871290206909e-01,1.333402842283248901e-01,1.538364887237548828e-01,2.150912582874298096e-01,3.341296613216400146e-01,2.267133295536041260e-01,4.054469764232635498e-01,4.419491589069366455e-01,5.753420591354370117e-01,5.743606686592102051e-01,3.949364721775054932e-01,5.161017775535583496e-01,4.300022423267364502e-01,4.363634586334228516e-01,1.716012656688690186e-01,3.225017488002777100e-01,2.970583140850067139e-01,3.405360877513885498e-01,2.959162592887878418e-01,3.232810795307159424e-01,1.813110560178756714e-01,2.311682105064392090e-01,3.104300983250141144e-02,1.185281127691268921e-01,7.344342768192291260e-02,7.832407951354980469e-02,1.916739344596862793e-01,3.453457355499267578e-02,1.803047657012939453e-01,1.549745500087738037e-01,-1.763832289725542068e-03,-7.492835819721221924e-02,2.262341044843196869e-02,2.095959335565567017e-02,7.363222539424896240e-02,3.508778661489486694e-02,1.615251451730728149e-01,6.596004962921142578e-02,7.853894680738449097e-02,1.448730006814002991e-02,-3.263827413320541382e-02,7.253912836313247681e-02,2.468499541282653809e-02,-2.047647088766098022e-01,7.194820046424865723e-02,-2.241664566099643707e-02,1.341405510902404785e-01,-3.928181156516075134e-02,-2.584936469793319702e-02,2.971757054328918457e-01,2.342249304056167603e-01,4.561955854296684265e-02
5.460871458053588867e-01,1.000000000000000000e+00,4.383079707622528076e-01,5.841851234436035156e-01,-3.864563256502151489e-02,2.695626914501190186e-01,4.713005721569061279e-01,6.468082070350646973e-01,6.143971160054206848e-02,1.608187109231948853e-01,4.151598513126373291e-01,6.557531356811523438e-01,3.651862144470214844e-01,6.196792125701904297e-01,9.544751048088073730e-02,4.427611827850341797e-01,2.751139998435974121e-01,6.908606886863708496e-01,5.636092424392700195e-01,6.109502315521240234e-01,2.943235337734222412e-01,2.955569326877593994e-01,3.938167393207550049e-01,4.571706056594848633e-01,2.534680068492889404e-01,2.894970178604125977e-01,1.655774414539337158e-01,2.380928248167037964e-01,3.736188709735870361e-01,5.483339428901672363e-01,4.240073859691619873e-01,5.207391977310180664e-01,5.557608604431152344e-01,6.065423488616943359e-01,2.214834392070770264e-01,2.872398197650909424e-01,1.939559578895568848e-01,2.621414661407470703e-01,1.720064133405685425e-02,9.076643735170364380e-02,1.533495038747787476e-01,1.084552630782127380e-01,7.597693055868148804e-02,2.356634736061096191e-01,1.006669625639915466e-01,2.644576430320739746e-01,8.536896109580993652e-02,1.559138298034667969e-01,2.346214652061462402e-01,2.967829108238220215e-01,2.626085877418518066e-01,3.404193222522735596e-01,3.115845918655395508e-01,2.449575811624526978e-01,-4.056225344538688660e-02,2.120157033205032349e-01,4.976266920566558838e-01,6.829394102096557617e-01,3.267648518085479736e-01,4.823955893516540527e-01,2.529067695140838623e-01,5.275211334228515625e-01,3.066439926624298096e-01,6.398748159408569336e-01,-3.233434399589896202e-03,4.054356813430786133e-01,1.982933580875396729e-01,3.451023101806640625e-01,3.373548388481140137e-01,3.787933588027954102e-01,3.108083605766296387e-01,3.961123228073120117e-01,4.389041960239410400e-01,5.384258031845092773e-01,3.211415112018585205e-01,4.557808935642242432e-01,3.545572757720947266e-01,4.289724230766296387e-01,1.789625436067581177e-01,4.991910755634307861e-01,2.209460139274597168e-01,5.028603672981262207e-01,8.736434578895568848e-02,3.017393350601196289e-01,1.012549735605716705e-02,2.931571304798126221e-01,-4.584931209683418274e-02,2.984587289392948151e-02,-1.642231792211532593e-01,2.754777669906616211e-01,2.317541539669036865e-01,1.183468475937843323e-01,3.024738729000091553e-01,1.755188405513763428e-01,-4.610158037394285202e-03,-1.459400914609432220e-02,-3.213608637452125549e-02,6.408212333917617798e-02,1.181213185191154480e-01,1.772063970565795898e-01,2.469383329153060913e-01,1.167541090399026871e-02,1.969690620899200439e-01,6.787193007767200470e-03,9.413459897041320801e-02,1.522563099861145020e-01,-2.780960174277424812e-03,-2.879853844642639160e-01,3.156448155641555786e-02,-1.379012595862150192e-02,9.309444576501846313e-02,-6.043294444680213928e-02,2.465478330850601196e-02,3.852723240852355957e-01,2.405430078506469727e-01,7.014352083206176758e-02
6.334397196769714355e-01,4.383079707622528076e-01,1.000000000000000000e+00,7.549719214439392090e-01,2.470062226057052612e-01,4.271487593650817871e-01,7.485886812210083008e-01,6.929424405097961426e-01,4.282486736774444580e-01,2.808022499084472656e-01,5.646190047264099121e-01,5.678874254226684570e-01,6.715905070304870605e-01,5.201590657234191895e-01,4.648585915565490723e-01,5.368739962577819824e-01,1.661173254251480103e-01,4.111307859420776367e-01,6.940181255340576172e-01,6.396996378898620605e-01,4.611045420169830322e-01,3.949494063854217529e-01,7.702360749244689941e-01,7.307616472244262695e-01,6.211564540863037109e-01,6.361253857612609863e-01,3.586907684803009033e-01,3.703711926937103271e-01,4.613358676433563232e-01,4.290056228637695312e-01,6.667287945747375488e-01,7.057828903198242188e-01,5.275592207908630371e-01,5.747218132019042969e-01,3.429680764675140381e-01,3.004308342933654785e-01,2.679494023323059082e-01,3.202974796295166016e-01,1.726734042167663574e-01,2.836574912071228027e-01,2.908791303634643555e-01,6.070704013109207153e-02,-3.678273409605026245e-02,2.912449836730957031e-02,-1.114694699645042419e-01,-7.004144787788391113e-02,-1.246158406138420105e-01,-1.321279406547546387e-01,-1.380578875541687012e-01,-1.562326252460479736e-01,1.699847169220447540e-02,-4.343329370021820068e-02,3.544779866933822632e-02,3.874865919351577759e-02,1.565696448087692261e-01,2.655890882015228271e-01,3.973743915557861328e-01,2.774148881435394287e-01,2.639760822057723999e-02,-4.268545284867286682e-02,1.174254566431045532e-01,1.458148509263992310e-01,1.981748342514038086e-01,2.472724616527557373e-01,1.281927078962326050e-01,1.039606034755706787e-01,2.736694552004337311e-02,4.463222250342369080e-02,7.786240428686141968e-02,1.184903318062424660e-03,5.235026478767395020e-01,5.808846950531005859e-01,6.258084177970886230e-01,6.131982207298278809e-01,4.237575829029083252e-01,5.189962387084960938e-01,4.477820098400115967e-01,4.590534567832946777e-01,1.116414070129394531e-01,2.838047444820404053e-01,1.684448868036270142e-01,2.478660792112350464e-01,2.191476076841354370e-01,3.155306577682495117e-01,1.515081822872161865e-01,2.574402093887329102e-01,2.922948263585567474e-02,2.880449295043945312e-01,1.926161944866180420e-01,2.695749700069427490e-01,1.383072286844253540e-01,-5.325929820537567139e-02,2.102204710245132446e-01,2.217771857976913452e-01,1.872093975543975830e-02,3.859069943428039551e-02,9.105561673641204834e-02,1.089781075716018677e-01,-3.696996718645095825e-02,1.847749203443527222e-02,2.023888826370239258e-01,1.650995016098022461e-01,1.124440804123878479e-01,2.823082916438579559e-02,5.335915833711624146e-02,8.599644899368286133e-02,1.313630789518356323e-01,-6.987576186656951904e-02,5.274678766727447510e-02,5.190964415669441223e-02,1.487469971179962158e-01,-4.637154191732406616e-02,-3.113739937543869019e-02,2.054747790098190308e-01,2.042660266160964966e-01,3.059064596891403198e-02
5.831877589225769043e-01,5.841851234436035156e-01,7.549719214439392090e-01,1.000000000000000000e+00,1.645612120628356934e-01,4.585331976413726807e-01,6.946280598640441895e-01,7.798852920532226562e-01,3.266389966011047363e-01,3.189476728439331055e-01,5.330262184143066406e-01,6.713925004005432129e-01,5.887417197227478027e-01,6.186436414718627930e-01,3.546960651874542236e-01,5.630830526351928711e-01,1.897840499877929688e-01,5.110549926757812500e-01,7.119085192680358887e-01,7.198408842086791992e-01,4.540960490703582764e-01,4.146559536457061768e-01,7.000301480293273926e-01,7.609214186668395996e-01,5.545462965965270996e-01,5.951109528541564941e-01,3.231076896190643311e-01,4.015871584415435791e-01,4.567734301090240479e-01,5.035731792449951172e-01,6.557353138923645020e-01,7.315046191215515137e-01,5.574501156806945801e-01,6.479027867317199707e-01,2.544615268707275391e-01,2.946051657199859619e-01,2.195522189140319824e-01,2.674367427825927734e-01,1.500932574272155762e-01,2.685668170452117920e-01,1.889154464006423950e-01,6.240908056497573853e-02,7.685538846999406815e-03,9.744715690612792969e-02,-5.052148923277854919e-02,3.259274363517761230e-02,-7.109565287828445435e-02,-3.495219722390174866e-02,-3.863921388983726501e-02,6.707635708153247833e-03,8.674667030572891235e-02,1.223140433430671692e-01,1.159284412860870361e-01,1.808868199586868286e-01,1.291243582963943481e-01,3.157892227172851562e-01,4.013422727584838867e-01,3.671736717224121094e-01,1.414934545755386353e-01,1.060305610299110413e-01,1.244897320866584778e-01,2.361882179975509644e-01,2.238218486309051514e-01,3.783834278583526611e-01,6.816286593675613403e-02,2.314033806324005127e-01,6.454046815633773804e-02,1.465539634227752686e-01,1.257146745920181274e-01,7.754047214984893799e-02,5.116183757781982422e-01,5.918270945549011230e-01,5.931683778762817383e-01,6.283905506134033203e-01,3.907074928283691406e-01,4.967447817325592041e-01,4.126025140285491943e-01,4.474307298660278320e-01,1.190227344632148743e-01,3.569727540016174316e-01,1.796449273824691772e-01,3.638850748538970947e-01,1.313543915748596191e-01,3.064079284667968750e-01,1.018116027116775513e-01,3.062595427036285400e-01,1.765814423561096191e-02,2.514987885951995850e-01,1.189711615443229675e-01,3.735244870185852051e-01,2.064978480339050293e-01,3.504919260740280151e-02,2.800483703613281250e-01,2.365741431713104248e-01,4.112636670470237732e-02,4.623565450310707092e-02,8.199889212846755981e-02,1.137259900569915771e-01,1.479259692132472992e-02,8.843471109867095947e-02,2.724084258079528809e-01,1.290439069271087646e-01,2.003782987594604492e-01,4.372453689575195312e-02,9.129779040813446045e-02,1.399616152048110962e-01,8.889564871788024902e-02,-1.604301184415817261e-01,3.912626579403877258e-02,5.220134183764457703e-02,1.329892128705978394e-01,-3.080678172409534454e-02,-2.638901025056838989e-02,2.789459228515625000e-01,2.398227304220199585e-01,4.296202585101127625e-02
2.286282479763031006e-01,-3.864563256502151489e-02,2.470062226057052612e-01,1.645612120628356934e-01,1.000000000000000000e+00,4.824910461902618408e-01,2.489993721246719360e-01,1.186667606234550476e-01,6.328303217887878418e-01,2.902720570564270020e-01,2.388121336698532104e-01,6.205314397811889648e-02,3.862794637680053711e-01,6.355091184377670288e-02,6.190247535705566406e-01,4.096677303314208984e-01,1.786591857671737671e-01,-6.598069012397900224e-05,1.218032985925674438e-01,1.347697675228118896e-01,5.368993878364562988e-01,3.564180731773376465e-01,2.597460150718688965e-01,1.572868227958679199e-01,4.814948141574859619e-01,4.295488595962524414e-01,6.242749094963073730e-01,5.898671150207519531e-01,3.186118900775909424e-01,8.438012003898620605e-02,2.410663813352584839e-01,1.786436140537261963e-01,2.232335358858108521e-01,1.238304004073143005e-01,7.734967023134231567e-02,-1.684272661805152893e-02,-2.465984597802162170e-02,-9.267193824052810669e-02,-1.211544871330261230e-01,1.542500108480453491e-01,1.749582588672637939e-01,2.285030204802751541e-03,-1.814107298851013184e-01,-1.923023462295532227e-01,-2.180164754390716553e-01,-2.023597955703735352e-01,-1.010408475995063782e-01,-1.679535955190658569e-01,-1.037796437740325928e-01,-2.057943493127822876e-01,-2.689760364592075348e-02,-1.697726100683212280e-01,-9.949264116585254669e-03,6.501832604408264160e-02,-2.190293520689010620e-01,2.577977478504180908e-01,3.385984003543853760e-01,8.477041125297546387e-02,1.043841019272804260e-01,-6.453216820955276489e-02,1.759482473134994507e-01,2.827040851116180420e-02,1.512834131717681885e-01,1.705108769237995148e-02,7.668118178844451904e-02,-1.822921931743621826e-01,-4.321001470088958740e-02,-6.422276794910430908e-02,6.886321306228637695e-02,5.667145177721977234e-02,1.692474931478500366e-01,1.307244747877120972e-01,3.004876971244812012e-01,1.062521412968635559e-01,2.109390646219253540e-01,1.660484373569488525e-01,9.936129301786422729e-02,1.670296117663383484e-02,1.632334291934967041e-01,6.865029782056808472e-02,2.119276970624923706e-01,3.337241010740399361e-03,4.207556545734405518e-01,1.210092082619667053e-01,2.052392661571502686e-01,2.876531891524791718e-02,6.219989806413650513e-02,2.659522928297519684e-02,2.398349642753601074e-01,7.678183913230895996e-02,5.269178189337253571e-03,-2.269551604986190796e-01,-1.544549316167831421e-02,-5.404859036207199097e-02,3.578583709895610809e-03,-2.352323755621910095e-02,-2.480083703994750977e-01,-2.447657473385334015e-02,-9.206280112266540527e-02,-1.758666783571243286e-01,-1.601930856704711914e-01,-9.817699901759624481e-03,-1.859216690063476562e-01,-1.486859619617462158e-01,-1.035459116101264954e-01,-1.807411164045333862e-01,-8.860879391431808472e-02,1.097175874747335911e-03,8.568785339593887329e-02,1.799734830856323242e-01,2.209269069135189056e-02,1.946666650474071503e-02,-6.875772774219512939e-02,8.029133081436157227e-02,1.134804040193557739e-01,1.283828616142272949e-01
2.802305221557617188e-01,2.695626914501190186e-01,4.271487593650817871e-01,4.585331976413726807e-01,4.824910461902618408e-01,1.000000000000000000e+00,3.860317170619964600e-01,4.393405020236968994e-01,4.841056764125823975e-01,5.514161586761474609e-01,2.126913070678710938e-01,3.038114011287689209e-01,3.774695396423339844e-01,3.569560348987579346e-01,4.722203612327575684e-01,6.091408729553222656e-01,-1.792774535715579987e-02,1.864541172981262207e-01,3.410234749317169189e-01,3.370076417922973633e-01,5.281145572662353516e-01,4.874697029590606689e-01,4.102391600608825684e-01,4.752980768680572510e-01,4.630054235458374023e-01,5.494298338890075684e-01,5.723242759704589844e-01,6.925218105316162109e-01,2.429882287979125977e-01,1.939439922571182251e-01,3.913372457027435303e-01,4.322227835655212402e-01,2.058565914630889893e-01,2.647184729576110840e-01,3.202513093128800392e-03,5.595819652080535889e-02,-6.526904180645942688e-03,4.431036487221717834e-02,-5.487457662820816040e-02,2.006883174180984497e-01,1.623183339834213257e-01,1.550559140741825104e-02,-1.308290511369705200e-01,-1.215290725231170654e-01,-2.085869610309600830e-01,-1.884026974439620972e-01,-1.470895260572433472e-01,-1.236779317259788513e-01,-1.853207051753997803e-01,-1.745992898941040039e-01,-1.281444430351257324e-01,-8.651869744062423706e-02,6.772805005311965942e-02,1.643084883689880371e-01,-6.068051606416702271e-02,2.501357197761535645e-01,2.494293302297592163e-01,1.944217681884765625e-01,2.091923169791698456e-02,-5.443021655082702637e-02,-9.458216838538646698e-03,4.299611598253250122e-02,8.960147388279438019e-03,1.149675548076629639e-01,-1.026325225830078125e-01,-3.192076086997985840e-02,-1.486490070819854736e-01,-8.535384386777877808e-02,-2.244156599044799805e-02,-2.627362310886383057e-02,3.567986190319061279e-01,3.879855573177337646e-01,3.218024969100952148e-01,2.885704636573791504e-01,1.564104855060577393e-01,2.159174084663391113e-01,1.092498004436492920e-01,1.435320377349853516e-01,-4.831088334321975708e-02,1.004733443260192871e-01,-3.603474423289299011e-02,1.473934948444366455e-01,1.430018246173858643e-01,2.442998141050338745e-01,-1.384215801954269409e-02,1.148470118641853333e-01,-3.933998942375183105e-02,1.428643018007278442e-01,9.652493894100189209e-02,2.932927608489990234e-01,-1.506163086742162704e-02,-2.516523599624633789e-01,9.191954880952835083e-02,6.549708545207977295e-02,-1.906380429863929749e-02,-2.215084619820117950e-02,-1.688359826803207397e-01,7.578344084322452545e-03,-1.145147010684013367e-01,-5.677408725023269653e-02,9.471312910318374634e-02,5.624344944953918457e-02,2.875426039099693298e-02,-1.109079420566558838e-01,-4.072179272770881653e-02,-2.049753256142139435e-02,-4.901511594653129578e-02,-8.575158566236495972e-02,2.711614780128002167e-02,2.516404539346694946e-02,-5.557947978377342224e-02,-5.176548659801483154e-02,-3.199843317270278931e-02,1.332562863826751709e-01,6.971516460180282593e-02,3.184738568961620331e-03
7.035948634147644043e-01,4.713005721569061279e-01,7.485886812210083008e-01,6.946280598640441895e-01,2.489993721246719360e-01,3.860317170619964600e-01,1.000000000000000000e+00,7.256023883819580078e-01,4.647910892963409424e-01,1.885527521371841431e-01,6.708322763442993164e-01,5.939585566520690918e-01,7.327395677566528320e-01,5.271062254905700684e-01,4.586954712867736816e-01,4.993092119693756104e-01,3.058727979660034180e-01,4.446216821670532227e-01,6.456562876701354980e-01,6.007637977600097656e-01,4.455950558185577393e-01,3.589236140251159668e-01,6.922409534454345703e-01,6.419348716735839844e-01,5.336285829544067383e-01,5.882624983787536621e-01,3.386997580528259277e-01,3.742501735687255859e-01,5.632468461990356445e-01,5.342452526092529297e-01,7.216637730598449707e-01,7.198102474212646484e-01,5.798953771591186523e-01,5.790987014770507812e-01,2.528911530971527100e-01,2.052186429500579834e-01,1.959508061408996582e-01,2.372775077819824219e-01,1.500926166772842407e-01,1.512159556150436401e-01,3.244867920875549316e-01,3.829263150691986084e-02,-7.167169451713562012e-02,2.671060711145401001e-02,-7.469687610864639282e-02,-2.445231378078460693e-02,-1.437987536191940308e-01,-1.375271975994110107e-01,-2.002057060599327087e-02,-8.471658825874328613e-02,1.030483469367027283e-01,-4.512910917401313782e-02,7.899089902639389038e-02,2.834549173712730408e-02,1.672112941741943359e-01,1.966052204370498657e-01,4.825685322284698486e-01,3.109192550182342529e-01,1.445831954479217529e-01,2.581786736845970154e-02,2.330514639616012573e-01,2.602109014987945557e-01,3.162555694580078125e-01,3.163118660449981689e-01,8.645714074373245239e-02,6.898099184036254883e-02,3.811734169721603394e-02,8.215812593698501587e-02,1.299736201763153076e-01,5.511362850666046143e-02,5.309439301490783691e-01,5.841215848922729492e-01,6.364672183990478516e-01,6.269344091415405273e-01,3.961885273456573486e-01,5.234562754631042480e-01,4.442444443702697754e-01,4.448590874671936035e-01,1.908771395683288574e-01,3.168439269065856934e-01,2.763608396053314209e-01,3.446674048900604248e-01,2.649888992309570312e-01,3.065607249736785889e-01,1.563075780868530273e-01,1.896730512380599976e-01,-5.624656751751899719e-02,1.881948560476303101e-01,1.307149529457092285e-01,1.448799818754196167e-01,1.629934757947921753e-01,-1.674887165427207947e-02,2.283766716718673706e-01,2.134319692850112915e-01,-3.975846618413925171e-02,-2.645643986761569977e-02,8.898650109767913818e-02,3.073571249842643738e-02,1.397604495286941528e-02,2.737551555037498474e-02,2.211069762706756592e-01,1.660761088132858276e-01,1.057890281081199646e-01,5.222842469811439514e-02,-1.880007050931453705e-02,4.131586849689483643e-02,1.005532220005989075e-01,-1.733420491218566895e-01,2.642311621457338333e-03,-4.119801148772239685e-02,8.446332067251205444e-02,-3.735570982098579407e-02,-2.305955067276954651e-02,2.074353098869323730e-01,1.557084769010543823e-01,-8.160202763974666595e-03
6.019024848937988281e-01,6.468082070350646973e-01,6.929424405097961426e-01,7.798852920532226562e-01,1.186667606234550476e-01,4.393405020236968994e-01,7.256023883819580078e-01,1.000000000000000000e+00,2.817507088184356689e-01,2.558407485485076904e-01,5.740302801132202148e-01,7.379118800163269043e-01,5.878676176071166992e-01,6.790719032287597656e-01,2.981940507888793945e-01,5.347127318382263184e-01,2.383688837289810181e-01,5.803446173667907715e-01,6.495181322097778320e-01,6.410205960273742676e-01,4.365823566913604736e-01,4.174566864967346191e-01,6.569067239761352539e-01,7.169690132141113281e-01,4.846164584159851074e-01,5.266755223274230957e-01,2.784724533557891846e-01,3.677853941917419434e-01,4.728404283523559570e-01,5.617685914039611816e-01,6.503346562385559082e-01,7.108209133148193359e-01,6.010200381278991699e-01,6.640647649765014648e-01,2.300310134887695312e-01,2.628415822982788086e-01,2.075316756963729858e-01,2.793113291263580322e-01,1.157960146665573120e-01,1.747413277626037598e-01,2.114187031984329224e-01,8.005087822675704956e-02,-3.374718502163887024e-02,8.745781332254409790e-02,-6.665056943893432617e-02,4.383268579840660095e-02,-9.775399416685104370e-02,-5.747030302882194519e-02,-5.534606520086526871e-03,4.771978035569190979e-02,1.086271405220031738e-01,1.337756216526031494e-01,1.272753179073333740e-01,1.663813889026641846e-01,8.627367019653320312e-02,2.554595172405242920e-01,4.096227288246154785e-01,4.088486731052398682e-01,1.449106037616729736e-01,1.433895975351333618e-01,1.729828566312789917e-01,3.066796958446502686e-01,2.612075209617614746e-01,4.573803544044494629e-01,6.523416191339492798e-02,2.553977072238922119e-01,7.927787303924560547e-02,1.702329069375991821e-01,1.727238297462463379e-01,1.230089291930198669e-01,5.068120360374450684e-01,5.788494348526000977e-01,5.656570792198181152e-01,6.268317103385925293e-01,3.587596714496612549e-01,5.026767849922180176e-01,4.020596742630004883e-01,4.432270824909210205e-01,1.527855694293975830e-01,4.157529771327972412e-01,1.823344677686691284e-01,4.264219105243682861e-01,1.221860498189926147e-01,2.955731749534606934e-01,7.273498177528381348e-02,2.949050366878509521e-01,-4.647938907146453857e-02,1.547347605228424072e-01,8.156563155353069305e-03,2.920310497283935547e-01,1.734676510095596313e-01,9.104126133024692535e-03,2.980407476425170898e-01,2.220550924539566040e-01,-2.864441461861133575e-02,-1.994786784052848816e-02,6.495366990566253662e-02,7.936774939298629761e-02,1.619607210159301758e-02,1.021010950207710266e-01,2.849156856536865234e-01,1.403756588697433472e-01,1.818731725215911865e-01,3.624112904071807861e-02,4.766443744301795959e-02,1.083962246775627136e-01,8.319993317127227783e-02,-2.644002437591552734e-01,3.852737322449684143e-02,8.239231072366237640e-03,8.313121646642684937e-02,-4.062864184379577637e-02,-1.613692007958889008e-02,2.809070348739624023e-01,2.322517186403274536e-01,2.723775245249271393e-02
4.082890748977661133e-01,6.143971160054206848e-02,4.282486736774444580e-01,3.266389966011047363e-01,6.328303217887878418e-01,4.841056764125823975e-01,4.647910892963409424e-01,2.817507088184356689e-01,1.000000000000000000e+00,4.216748774051666260e-01,4.267497956752777100e-01,1.916227787733078003e-01,5.284940600395202637e-01,2.595082223415374756e-01,7.499629259109497070e-01,4.831275939941406250e-01,1.451149582862854004e-01,1.187270954251289368e-01,3.001665174961090088e-01,2.860144376754760742e-01,5.100455880165100098e-01,3.848895728588104248e-01,4.583882093429565430e-01,3.685310781002044678e-01,5.792897939682006836e-01,6.049686670303344727e-01,4.964433908462524414e-01,5.607711672782897949e-01,4.107544422149658203e-01,1.915091574192047119e-01,4.958894252777099609e-01,4.384384751319885254e-01,2.317681461572647095e-01,1.478907316923141479e-01,8.128727227449417114e-02,5.648934468626976013e-02,-1.316796895116567612e-02,9.311196953058242798e-02,-2.244015410542488098e-02,9.727692604064941406e-02,2.283628284931182861e-01,5.446439981460571289e-02,-1.523659229278564453e-01,-1.081370189785957336e-01,-2.379396706819534302e-01,-2.214602679014205933e-01,-4.571106657385826111e-02,-1.432788372039794922e-01,-1.694543361663818359e-01,-3.103862106800079346e-01,-1.158252209424972534e-01,-2.684265077114105225e-01,-6.778662558645009995e-03,-5.473879724740982056e-02,-4.016982391476631165e-02,1.671168208122253418e-01,4.026591181755065918e-01,1.576674729585647583e-01,2.548888139426708221e-02,-1.087686493992805481e-01,8.127327263355255127e-02,4.815426096320152283e-02,1.670634746551513672e-01,3.517697006464004517e-02,-6.234939768910408020e-02,-2.650725543498992920e-01,-1.772352010011672974e-01,-1.153400242328643799e-01,2.430434525012969971e-02,2.123145386576652527e-02,3.844653069972991943e-01,3.599197268486022949e-01,4.687634706497192383e-01,3.071470260620117188e-01,2.353297024965286255e-01,2.962692677974700928e-01,2.859043180942535400e-01,2.051179707050323486e-01,9.392733126878738403e-02,9.308258444070816040e-02,1.701157838106155396e-01,7.504888623952865601e-02,3.191390633583068848e-01,2.875562906265258789e-01,9.992744028568267822e-02,1.092015951871871948e-01,8.111600577831268311e-02,1.736258715391159058e-01,2.830452024936676025e-01,4.025645554065704346e-03,7.655509561300277710e-02,-8.395035564899444580e-02,1.591776963323354721e-03,3.255474148318171501e-03,1.345417350530624390e-01,1.358300894498825073e-01,-6.397466361522674561e-02,1.614484041929244995e-01,6.120823323726654053e-02,4.795747995376586914e-02,-4.146621748805046082e-02,8.702652901411056519e-02,-7.277479022741317749e-02,6.285943835973739624e-02,-9.393336623907089233e-02,2.155025303363800049e-02,-6.359845865517854691e-03,5.150749348104000092e-03,1.258322000503540039e-01,5.905552208423614502e-02,8.627056330442428589e-02,1.164158135652542114e-01,9.079452604055404663e-02,5.769105628132820129e-02,8.631116151809692383e-02,1.019080132246017456e-01
1.098187342286109924e-01,1.608187109231948853e-01,2.808022499084472656e-01,3.189476728439331055e-01,2.902720570564270020e-01,5.514161586761474609e-01,1.885527521371841431e-01,2.558407485485076904e-01,4.216748774051666260e-01,1.000000000000000000e+00,1.394297182559967041e-01,2.365659624338150024e-01,1.964029818773269653e-01,2.201024591922760010e-01,3.661566674709320068e-01,4.941231012344360352e-01,-1.179587021470069885e-01,1.217902898788452148e-01,1.656920164823532104e-01,1.832571327686309814e-01,3.445467352867126465e-01,4.220940172672271729e-01,3.207343220710754395e-01,3.848796784877777100e-01,3.667153120040893555e-01,4.355489313602447510e-01,2.791263461112976074e-01,4.552563130855560303e-01,9.106440097093582153e-02,4.970047622919082642e-02,2.496161311864852905e-01,3.022206127643585205e-01,-1.513945404440164566e-02,5.990296974778175354e-02,-9.442027658224105835e-02,1.397190894931554794e-02,-4.656792804598808289e-02,5.523724108934402466e-02,-4.125254973769187927e-02,2.540023028850555420e-01,9.082240052521228790e-03,1.669709086418151855e-01,-1.725452691316604614e-01,-1.669194400310516357e-01,-2.465483248233795166e-01,-2.606850862503051758e-01,-9.633947908878326416e-02,-1.330370306968688965e-01,-2.785242497920989990e-01,-2.566507756710052490e-01,-2.629874646663665771e-01,-1.318554878234863281e-01,-4.990259185433387756e-02,6.394317373633384705e-03,-1.801069527864456177e-01,1.622920036315917969e-01,6.957872956991195679e-02,1.976278275251388550e-01,-1.811649799346923828e-01,-6.224252656102180481e-02,-2.040093690156936646e-01,1.448949798941612244e-03,-2.289643436670303345e-01,4.982575401663780212e-02,-1.293349266052246094e-01,-1.943601109087467194e-02,-3.008309900760650635e-01,-2.231236994266510010e-01,-7.809074968099594116e-02,-5.663478374481201172e-02,2.479541748762130737e-01,2.770796120166778564e-01,2.220171242952346802e-01,1.382613033056259155e-01,4.740013927221298218e-02,7.430899888277053833e-02,9.359449893236160278e-02,1.374909877777099609e-01,-7.694178819656372070e-02,9.355781972408294678e-02,-1.544397920370101929e-01,1.224088221788406372e-01,-5.393729358911514282e-02,2.026798129081726074e-01,-7.813277095556259155e-02,1.364409923553466797e-01,9.740412235260009766e-02,2.250257432460784912e-01,5.268274247646331787e-02,3.237831294536590576e-01,-6.219960376620292664e-02,-2.057501375675201416e-01,-2.138093672692775726e-02,-1.038406137377023697e-02,5.984618142247200012e-02,1.444582045078277588e-01,-2.211540937423706055e-01,1.475540250539779663e-01,-1.012692376971244812e-01,6.346677429974079132e-03,-4.829280078411102295e-02,-4.571141675114631653e-02,-1.250191181898117065e-01,-7.883545011281967163e-02,-3.217723220586776733e-02,4.823510348796844482e-02,4.149870481342077255e-03,7.626324892044067383e-02,1.105375885963439941e-01,5.403647199273109436e-03,-1.298544853925704956e-01,-5.242669209837913513e-02,3.818437084555625916e-02,-3.065592236816883087e-02,6.341321021318435669e-02,6.775905191898345947e-02
6.421184539794921875e-01,4.151598513126373291e-01,5.646190047264099121e-01,5.330262184143066406e-01,2.388121336698532104e-01,2.126913070678710938e-01,6.708322763442993164e-01,5.740302801132202148e-01,4.267497956752777100e-01,1.394297182559967041e-01,1.000000000000000000e+00,5.913603901863098145e-01,7.085569500923156738e-01,4.949901103973388672e-01,4.382059276103973389e-01,3.572461605072021484e-01,5.063439011573791504e-01,5.344742536544799805e-01,5.443306565284729004e-01,4.986734688282012939e-01,3.630450069904327393e-01,2.439279705286026001e-01,6.001864075660705566e-01,4.870742261409759521e-01,4.868995249271392822e-01,4.891869723796844482e-01,2.470867186784744263e-01,2.642856836318969727e-01,6.146634817123413086e-01,5.847241878509521484e-01,6.648334860801696777e-01,6.359225511550903320e-01,5.876059532165527344e-01,5.421472787857055664e-01,2.767378985881805420e-01,2.454214692115783691e-01,1.337733417749404907e-01,2.175764441490173340e-01,8.178430050611495972e-02,8.954604715108871460e-02,2.060523480176925659e-01,1.012066379189491272e-01,3.585773333907127380e-02,1.810911446809768677e-01,3.145860135555267334e-02,1.097643300890922546e-01,1.518874336034059525e-02,1.278768479824066162e-02,1.111837998032569885e-01,2.613997459411621094e-02,2.052181512117385864e-01,5.078875645995140076e-02,1.417759060859680176e-01,-6.120359525084495544e-02,3.273847745731472969e-03,8.554702252149581909e-02,4.853540956974029541e-01,2.954852879047393799e-01,1.476972699165344238e-01,8.814270794391632080e-02,2.738297283649444580e-01,2.891594469547271729e-01,4.267095029354095459e-01,3.803886175155639648e-01,1.550016850233078003e-01,1.561897099018096924e-01,8.366064727306365967e-02,1.334100812673568726e-01,2.442948520183563232e-01,1.585086882114410400e-01,4.370623826980590820e-01,4.948557913303375244e-01,5.901454091072082520e-01,6.208933591842651367e-01,4.297424256801605225e-01,5.320966243743896484e-01,5.316214561462402344e-01,4.954956471920013428e-01,3.286407589912414551e-01,4.544175863265991211e-01,3.906401693820953369e-01,4.036714732646942139e-01,2.451480180025100708e-01,1.791404932737350464e-01,3.346566259860992432e-01,2.546649575233459473e-01,-4.258332401514053345e-02,4.553762823343276978e-02,1.071367338299751282e-01,-8.617667481303215027e-03,1.632019728422164917e-01,2.429292351007461548e-02,2.234134972095489502e-01,1.432940512895584106e-01,1.428659074008464813e-02,4.366169497370719910e-02,6.267838925123214722e-02,3.078429400920867920e-02,1.151778027415275574e-01,-2.028586901724338531e-02,2.258295863866806030e-01,9.405123442411422729e-02,1.244889199733734131e-01,1.093170344829559326e-01,7.678345590829849243e-02,1.634471267461776733e-01,8.167149126529693604e-02,-2.164423912763595581e-01,6.582705676555633545e-02,6.582813709974288940e-02,1.863342225551605225e-01,6.699857115745544434e-02,-5.199614912271499634e-03,2.549861371517181396e-01,2.747558057308197021e-01,1.066602319478988647e-01
5.474029183387756348e-01,6.557531356811523438e-01,5.678874254226684570e-01,6.713925004005432129e-01,6.205314397811889648e-02,3.038114011287689209e-01,5.939585566520690918e-01,7.379118800163269043e-01,1.916227787733078003e-01,2.365659624338150024e-01,5.913603901863098145e-01,1.000000000000000000e+00,5.530989766120910645e-01,7.440670728683471680e-01,2.199969589710235596e-01,5.160635709762573242e-01,2.991330027580261230e-01,6.900018453598022461e-01,5.488678216934204102e-01,5.483812093734741211e-01,3.843624591827392578e-01,3.571916222572326660e-01,5.960193276405334473e-01,6.369515061378479004e-01,4.508765935897827148e-01,4.709308743476867676e-01,1.939281523227691650e-01,2.404711246490478516e-01,4.648178517818450928e-01,6.009774804115295410e-01,5.892949700355529785e-01,6.481284499168395996e-01,6.021912693977355957e-01,6.665100455284118652e-01,2.310719937086105347e-01,2.974563241004943848e-01,1.808912307024002075e-01,2.539227008819580078e-01,6.147153303027153015e-02,1.297602951526641846e-01,1.309500336647033691e-01,1.298242956399917603e-01,-3.995527513325214386e-03,1.235807463526725769e-01,-5.637262389063835144e-02,6.084010750055313110e-02,-6.485612690448760986e-02,-1.149115804582834244e-02,4.901915416121482849e-02,1.024711951613426208e-01,1.128211989998817444e-01,1.542717516422271729e-01,1.495160907506942749e-01,1.259198933839797974e-01,-2.871692180633544922e-02,1.774828135967254639e-01,4.206942021846771240e-01,4.792890846729278564e-01,1.173660308122634888e-01,1.877863556146621704e-01,1.408023238182067871e-01,3.294809162616729736e-01,2.820965647697448730e-01,5.459895133972167969e-01,5.406744405627250671e-02,3.238056600093841553e-01,6.478194892406463623e-02,1.666510850191116333e-01,2.092466503381729126e-01,1.704790443181991577e-01,4.693816304206848145e-01,5.289088487625122070e-01,5.422520637512207031e-01,6.339048743247985840e-01,3.678858876228332520e-01,4.962231814861297607e-01,4.099502861499786377e-01,4.557377099990844727e-01,1.859904676675796509e-01,4.905036985874176025e-01,2.172327488660812378e-01,4.630758762359619141e-01,1.144278571009635925e-01,2.471013665199279785e-01,7.644461840391159058e-02,3.282040953636169434e-01,-2.390784583985805511e-02,1.458958089351654053e-01,-2.583118714392185211e-02,2.396029829978942871e-01,1.525480151176452637e-01,3.027246706187725067e-02,2.888313233852386475e-01,1.925016492605209351e-01,-2.899794140830636024e-03,1.526804082095623016e-02,1.934746466577053070e-02,3.309881314635276794e-02,3.004638478159904480e-02,6.898132711648941040e-02,2.786139845848083496e-01,7.315687835216522217e-02,1.690128743648529053e-01,-1.343561243265867233e-02,7.413676381111145020e-02,1.525489687919616699e-01,7.689218223094940186e-02,-2.571197152137756348e-01,5.428823456168174744e-02,2.903047204017639160e-02,7.674464583396911621e-02,-3.449522703886032104e-02,-8.066085167229175568e-03,2.900283336639404297e-01,2.857984304428100586e-01,6.142214313149452209e-02
6.670774221420288086e-01,3.651862144470214844e-01,6.715905070304870605e-01,5.887417197227478027e-01,3.862794637680053711e-01,3.774695396423339844e-01,7.327395677566528320e-01,5.878676176071166992e-01,5.284940600395202637e-01,1.964029818773269653e-01,7.085569500923156738e-01,5.530989766120910645e-01,1.000000000000000000e+00,5.018110871315002441e-01,5.930542349815368652e-01,5.309469103813171387e-01,3.687671720981597900e-01,4.040642082691192627e-01,5.543791651725769043e-01,5.296925902366638184e-01,4.635316431522369385e-01,3.324969112873077393e-01,7.107063531875610352e-01,5.967732667922973633e-01,6.612052321434020996e-01,6.573305726051330566e-01,4.278548061847686768e-01,3.780840039253234863e-01,6.058771014213562012e-01,4.779411852359771729e-01,6.871824264526367188e-01,6.741283535957336426e-01,5.519052147865295410e-01,5.383868813514709473e-01,2.755481302738189697e-01,2.406972199678421021e-01,2.315192073583602905e-01,1.950809955596923828e-01,6.764455884695053101e-02,2.163032293319702148e-01,3.489433228969573975e-01,4.896375536918640137e-02,-3.184643015265464783e-02,2.677489444613456726e-02,-1.233035624027252197e-01,-8.656688034534454346e-02,-1.629354357719421387e-01,-1.475705951452255249e-01,-2.950270660221576691e-02,-1.192694231867790222e-01,1.119165718555450439e-01,-7.464067637920379639e-02,9.691400080919265747e-02,2.412314899265766144e-02,3.767642751336097717e-02,2.247550189495086670e-01,4.864549338817596436e-01,2.690620124340057373e-01,9.985695779323577881e-02,-2.525682374835014343e-02,1.977939158678054810e-01,1.774128228425979614e-01,2.861748635768890381e-01,2.492017149925231934e-01,8.649203926324844360e-02,3.510731458663940430e-02,3.398130089044570923e-02,5.976999178528785706e-02,1.885811537504196167e-01,1.138721853494644165e-01,5.546299219131469727e-01,5.846737027168273926e-01,6.548119187355041504e-01,6.139112710952758789e-01,4.436554610729217529e-01,5.422686934471130371e-01,4.920853376388549805e-01,4.201066792011260986e-01,1.836799085140228271e-01,3.009556531906127930e-01,3.247597813606262207e-01,2.503266930580139160e-01,4.167069494724273682e-01,3.136107027530670166e-01,2.807048857212066650e-01,2.112253904342651367e-01,-6.740606576204299927e-02,2.187810540199279785e-01,1.500371843576431274e-01,1.283518821001052856e-01,1.168242618441581726e-01,-7.535124570131301880e-02,2.112398892641067505e-01,1.926831156015396118e-01,-1.635400205850601196e-02,-4.160607233643531799e-02,-1.847246661782264709e-02,-6.942776031792163849e-03,-6.637066602706909180e-02,-8.742927014827728271e-02,1.443633288145065308e-01,1.186432987451553345e-01,5.474329739809036255e-02,3.893319889903068542e-02,-2.778840437531471252e-02,3.782200813293457031e-02,3.255922347307205200e-02,-1.100036725401878357e-01,-2.648268360644578934e-03,3.859104216098785400e-02,1.234339401125907898e-01,-4.287915304303169250e-02,-6.935465335845947266e-02,2.561101615428924561e-01,2.265261709690093994e-01,3.884474560618400574e-02
