1.000000000000000000e+00,2.738898992538452148e-01,3.169596195220947266e-02,2.633497491478919983e-02,-2.137660235166549683e-01,-2.754438221454620361e-01,2.870623767375946045e-01,-8.804402314126491547e-03,-2.524031996726989746e-01,-3.057336509227752686e-01,2.902206778526306152e-01,9.394077211618423462e-02,-1.893542706966400146e-02,-1.686598807573318481e-01,-1.730140596628189087e-01,-3.532729148864746094e-01,3.429501652717590332e-01,-3.769176825881004333e-02,2.113188505172729492e-01,1.528835147619247437e-01,-2.178864926099777222e-01,-2.067546695470809937e-01,1.993251405656337738e-02,-5.059084296226501465e-02,-2.771208584308624268e-01,-2.227965146303176880e-01,-2.859609425067901611e-01,-2.529908418655395508e-01,-5.547672510147094727e-02,-2.176409512758255005e-01,-1.240446865558624268e-01,-1.721428632736206055e-01,3.359460830688476562e-01,2.966349422931671143e-01,1.608822047710418701e-01,1.708141267299652100e-01,2.705701589584350586e-01,4.683386161923408508e-02,3.104051351547241211e-01,6.264438480138778687e-02,-9.204031527042388916e-02,-1.896447837352752686e-01,-6.489397585391998291e-02,-3.452178835868835449e-02,1.147794201970100403e-01,1.723578758537769318e-02,5.810491275042295456e-03,-5.563669279217720032e-02,1.056528314948081970e-01,-4.229268431663513184e-02,1.964183151721954346e-02,-9.833311289548873901e-02,-6.888174451887607574e-03,1.524057355709373951e-03,2.632035911083221436e-01,7.512741535902023315e-02,6.464033722877502441e-01,3.308157026767730713e-01,2.423026114702224731e-01,1.482419818639755249e-01,4.224942922592163086e-01,2.555717229843139648e-01,5.097805857658386230e-01,2.937087714672088623e-01,3.718946278095245361e-01,1.169983595609664917e-01,3.711357712745666504e-01,3.012294769287109375e-01,3.274276256561279297e-01,2.520283460617065430e-01,-9.674437344074249268e-02,-1.287733316421508789e-01,-1.372902691364288330e-01,-2.275474667549133301e-01,-6.861805170774459839e-02,-1.602799296379089355e-01,6.221825256943702698e-02,3.994672000408172607e-02,2.158034145832061768e-01,5.069015175104141235e-02,3.170881271362304688e-01,-1.131427101790904999e-02,8.466183394193649292e-02,-2.536954283714294434e-01,3.302420675754547119e-01,-7.440191507339477539e-02,5.615460500121116638e-02,-1.567811518907546997e-01,3.039112091064453125e-01,4.435278847813606262e-02,1.575596332550048828e-01,1.634573489427566528e-01,1.651014536619186401e-01,1.482057869434356689e-01,1.955308020114898682e-01,1.189280152320861816e-01,1.312236636877059937e-01,1.198941916227340698e-01,1.753754764795303345e-01,1.441700011491775513e-01,2.469824105501174927e-01,1.063881218433380127e-01,2.942853271961212158e-01,1.969176381826400757e-01,2.759991586208343506e-01,1.470318138599395752e-01,2.237278521060943604e-01,1.453782021999359131e-01,1.193150356411933899e-01,1.049116328358650208e-01,-1.929551549255847931e-02,1.597662568092346191e-01,1.253026127815246582e-01,1.527769118547439575e-01,9.648729860782623291e-02,4.080452024936676025e-02
2.738898992538452148e-01,1.000000000000000000e+00,1.210163012146949768e-01,2.528520226478576660e-01,-2.643930017948150635e-01,-2.211901098489761353e-01,1.388876885175704956e-01,2.733655273914337158e-01,-2.556402385234832764e-01,-1.872885376214981079e-01,-6.381723284721374512e-02,2.612845897674560547e-01,-1.747485250234603882e-01,4.325271397829055786e-02,-3.114798367023468018e-01,-1.276289671659469604e-01,-3.674049302935600281e-02,3.363450169563293457e-01,2.489888519048690796e-01,1.355004012584686279e-01,-6.838697195053100586e-02,-4.866034910082817078e-02,1.229231338948011398e-02,-4.097278416156768799e-02,-1.547983139753341675e-01,-2.300923317670822144e-01,-2.707056105136871338e-01,-2.825419008731842041e-01,-1.830606609582901001e-01,4.465688765048980713e-02,-1.008691787719726562e-01,-7.986623048782348633e-02,1.428058892488479614e-01,1.475788056850433350e-01,8.394333720207214355e-02,1.008632108569145203e-01,-7.021532207727432251e-02,1.565677374601364136e-01,-7.216649502515792847e-02,2.051544785499572754e-01,-9.863314777612686157e-02,4.925278946757316589e-02,-6.885480135679244995e-02,-3.275657072663307190e-02,-8.673739433288574219e-02,-4.312627133913338184e-04,-9.145427495241165161e-02,-3.547717630863189697e-02,-1.150683388113975525e-01,-1.399347092956304550e-02,-1.117229014635086060e-01,-3.564461320638656616e-02,-1.599780768156051636e-01,-3.263415023684501648e-02,-8.318603038787841797e-02,2.739898264408111572e-01,3.003020286560058594e-01,6.034516692161560059e-01,1.102978438138961792e-01,2.277547866106033325e-01,1.631925404071807861e-01,3.361877501010894775e-01,9.936564601957798004e-03,4.769299030303955078e-01,2.078744769096374512e-02,2.331192940473556519e-01,1.621901243925094604e-01,2.010618001222610474e-01,1.825122833251953125e-01,2.489136755466461182e-01,-4.111118242144584656e-02,1.309868646785616875e-03,-1.029365062713623047e-01,6.804670393466949463e-02,-1.737334206700325012e-02,3.416381776332855225e-02,5.526530742645263672e-02,2.093441784381866455e-01,-8.413851261138916016e-02,1.262063980102539062e-01,-9.498247504234313965e-02,4.085362851619720459e-01,-2.579959928989410400e-01,-1.247024163603782654e-02,-1.560959219932556152e-01,3.976826965808868408e-01,-2.044794708490371704e-01,1.387693453580141068e-02,-1.804548799991607666e-01,2.434568554162979126e-01,-4.845133423805236816e-02,1.341798007488250732e-01,-5.004268139600753784e-03,1.015319302678108215e-01,7.418239861726760864e-02,1.039008423686027527e-01,-9.485499933362007141e-03,2.334754914045333862e-01,3.441515611484646797e-03,1.217174977064132690e-01,4.055368527770042419e-02,1.936603635549545288e-01,6.241925433278083801e-02,2.650691866874694824e-01,8.809527009725570679e-02,2.096105366945266724e-01,1.861680857837200165e-02,1.215361133217811584e-01,-1.391889806836843491e-02,4.160243272781372070e-02,1.128958910703659058e-01,1.536905765533447266e-01,1.265789717435836792e-01,2.330814301967620850e-01,1.457640826702117920e-01,1.033482700586318970e-01
3.169596195220947266e-02,1.210163012146949768e-01,1.000000000000000000e+00,5.569795370101928711e-01,1.920313090085983276e-01,9.230662882328033447e-02,4.900575876235961914e-01,3.852002322673797607e-01,2.287756949663162231e-01,1.227091625332832336e-01,2.065439671277999878e-01,1.740625202655792236e-01,3.618091642856597900e-01,2.364681065082550049e-01,2.217758893966674805e-01,2.197751551866531372e-01,1.623787879943847656e-01,1.368112266063690186e-01,1.085564792156219482e-01,3.407438471913337708e-02,3.051612377166748047e-01,3.314530551433563232e-01,5.802799463272094727e-01,5.800550580024719238e-01,2.804452776908874512e-01,2.825073301792144775e-01,1.584436595439910889e-01,1.913144588470458984e-01,2.892857193946838379e-01,3.558626472949981689e-01,3.709801137447357178e-01,3.831757605075836182e-01,-1.052257567644119263e-01,-9.473583102226257324e-02,-1.646945029497146606e-01,-1.415671259164810181e-01,4.103269800543785095e-02,6.087122857570648193e-02,-2.326207421720027924e-02,8.003371208906173706e-02,-1.345440000295639038e-01,9.298696368932723999e-02,3.677280619740486145e-02,1.035445481538772583e-01,-3.666759654879570007e-02,2.101190155372023582e-03,8.726020902395248413e-02,1.829417645931243896e-01,-2.101691439747810364e-02,3.929838538169860840e-03,5.906366277486085892e-03,-2.511401660740375519e-03,1.779299527406692505e-01,1.326560527086257935e-01,6.681361049413681030e-02,1.911014616489410400e-01,-5.050130933523178101e-02,-2.836198545992374420e-02,-1.470238864421844482e-01,4.317080974578857422e-02,-1.428538560867309570e-01,-1.599040697328746319e-03,-2.803811430931091309e-02,8.619239926338195801e-02,-1.518194973468780518e-01,-9.139312058687210083e-02,-1.810699403285980225e-01,-1.100974604487419128e-01,-1.544081121683120728e-01,-9.949969500303268433e-02,2.168386131525039673e-01,2.894966304302215576e-01,1.419431716203689575e-01,3.648031353950500488e-01,1.524586379528045654e-01,1.675552874803543091e-01,1.524896547198295593e-02,9.532628208398818970e-02,6.678038835525512695e-02,-8.165131509304046631e-02,7.914151251316070557e-02,2.370085753500461578e-02,-1.715207099914550781e-02,9.410664439201354980e-02,-1.811894215643405914e-02,1.154901087284088135e-01,-1.918253004550933838e-01,-8.936180919408798218e-02,-7.804956287145614624e-02,6.891888380050659180e-02,-5.934314802289009094e-02,-9.225752949714660645e-02,-1.552912741899490356e-01,-9.159793704748153687e-02,7.326351851224899292e-02,1.001365184783935547e-01,8.971603959798812866e-02,1.856962591409683228e-01,2.954355068504810333e-02,4.244849458336830139e-02,-1.104664877057075500e-01,-3.590995445847511292e-02,-1.344261914491653442e-01,-3.284088149666786194e-02,-1.282140426337718964e-02,1.405637152493000031e-02,-5.754879862070083618e-02,2.929861657321453094e-03,1.138890832662582397e-01,1.985742300748825073e-01,2.038131505250930786e-01,5.460588261485099792e-02,-5.173835530877113342e-02,-8.556755632162094116e-02,-1.065177470445632935e-01,-3.398374095559120178e-02
2.633497491478919983e-02,2.528520226478576660e-01,5.569795370101928711e-01,1.000000000000000000e+00,2.921958863735198975e-01,2.558719515800476074e-01,5.277350544929504395e-01,6.392946839332580566e-01,2.824466526508331299e-01,2.707591652870178223e-01,2.266635447740554810e-01,3.191744387149810791e-01,4.046359658241271973e-01,4.136836826801300049e-01,2.728553712368011475e-01,3.758353888988494873e-01,9.163121134042739868e-02,2.751428186893463135e-01,6.191542744636535645e-02,-3.019400499761104584e-02,3.598575592041015625e-01,4.181700646877288818e-01,3.983993530273437500e-01,4.904272556304931641e-01,3.749815821647644043e-01,3.746674358844757080e-01,2.365385293960571289e-01,2.749865353107452393e-01,3.166757524013519287e-01,4.583283364772796631e-01,4.257425367832183838e-01,5.207929015159606934e-01,-1.274632513523101807e-01,-7.997932285070419312e-02,-1.003809124231338501e-01,-1.413338910788297653e-02,-9.044876694679260254e-02,3.738852962851524353e-02,-6.313829869031906128e-02,1.731846481561660767e-01,-1.360803563147783279e-02,1.696792691946029663e-01,1.895281374454498291e-01,1.999459117650985718e-01,9.013284742832183838e-02,1.470206081867218018e-01,9.425468742847442627e-02,2.118911147117614746e-01,3.724706172943115234e-02,1.067751422524452209e-01,4.437527060508728027e-02,5.756350234150886536e-02,1.298351734876632690e-01,1.392527818679809570e-01,-1.322714835405349731e-01,8.307229727506637573e-02,-3.685851022601127625e-02,9.046699851751327515e-02,-8.210892975330352783e-02,4.068372026085853577e-02,-1.021163389086723328e-01,5.423833802342414856e-02,-7.373120635747909546e-02,1.224887222051620483e-01,-1.544051766395568848e-01,-7.226555049419403076e-02,-1.577033251523971558e-01,-4.029015451669692993e-02,-1.311348378658294678e-01,-9.007924050092697144e-02,3.436687886714935303e-01,4.209688603878021240e-01,2.292983680963516235e-01,4.592783153057098389e-01,2.215801775455474854e-01,2.521394491195678711e-01,4.485258460044860840e-02,2.089035362005233765e-01,-3.905072435736656189e-02,5.674748495221138000e-02,-3.024729900062084198e-02,1.946144998073577881e-01,4.725633561611175537e-02,2.704852521419525146e-01,-1.546168029308319092e-01,1.537881046533584595e-01,-1.602949053049087524e-01,3.411627933382987976e-02,-2.749713957309722900e-01,2.557323686778545380e-02,-1.898674368858337402e-01,-1.524649262428283691e-01,-2.419898062944412231e-01,-1.346464604139328003e-01,-6.391997635364532471e-02,-2.696538344025611877e-02,-5.824881792068481445e-02,1.035864278674125671e-01,-1.398582607507705688e-01,-8.463460206985473633e-02,-2.390764206647872925e-01,-1.145549938082695007e-01,-2.860444784164428711e-01,-1.583909839391708374e-01,-2.054737806320190430e-01,-1.309161484241485596e-01,-2.276651412248611450e-01,-1.195856928825378418e-01,5.336335301399230957e-02,8.924803137779235840e-02,1.590498089790344238e-01,-5.932429060339927673e-02,-1.315440833568572998e-01,-1.394418627023696899e-01,-1.814738959074020386e-01,-1.741454601287841797e-01
-2.137660235166549683e-01,-2.643930017948150635e-01,1.920313090085983276e-01,2.921958863735198975e-01,1.000000000000000000e+00,6.778069138526916504e-01,2.163490056991577148e-01,2.922294437885284424e-01,6.682589054107666016e-01,6.468386650085449219e-01,1.579406708478927612e-01,2.138001024723052979e-01,4.123052060604095459e-01,4.317144453525543213e-01,6.287664175033569336e-01,5.688498020172119141e-01,4.509723186492919922e-02,1.410092413425445557e-01,-1.911041587591171265e-01,-2.016250193119049072e-01,4.545789957046508789e-01,4.664732515811920166e-01,2.926074266433715820e-01,3.901604115962982178e-01,6.931814551353454590e-01,6.604401469230651855e-01,6.710006594657897949e-01,6.038777232170104980e-01,3.445967137813568115e-01,4.242227375507354736e-01,4.478270411491394043e-01,4.656551778316497803e-01,-9.716972708702087402e-02,-1.188821792602539062e-01,-1.399694234132766724e-01,-1.640631705522537231e-01,-3.198251873254776001e-02,6.622727215290069580e-02,-1.308470033109188080e-02,9.807810932397842407e-02,1.903106868267059326e-01,2.299915105104446411e-01,1.333299428224563599e-01,1.235228478908538818e-01,3.268723189830780029e-02,2.366544911637902260e-03,5.938070267438888550e-02,1.607496887445449829e-01,3.287615999579429626e-02,2.552423998713493347e-02,9.968659281730651855e-02,3.865862265229225159e-02,2.377135604619979858e-01,2.106947302818298340e-01,-1.296686977148056030e-01,-7.592478394508361816e-02,-2.303181588649749756e-01,-2.048903256654739380e-01,-7.454497367143630981e-02,-3.265165910124778748e-02,-1.579781174659729004e-01,-7.598076760768890381e-02,-1.335179656744003296e-01,-1.631324589252471924e-01,-1.867956817150115967e-01,-1.422845572233200073e-01,-2.590878009796142578e-01,-1.996890455484390259e-01,-1.959134638309478760e-01,-1.819977313280105591e-01,2.953514754772186279e-01,2.929025292396545410e-01,2.255929708480834961e-01,2.943048775196075439e-01,1.579989045858383179e-01,1.052967086434364319e-01,-1.161856949329376221e-01,-1.019333302974700928e-01,-4.895927384495735168e-02,-2.683558687567710876e-02,9.030201286077499390e-02,4.431981593370437622e-02,4.412086904048919678e-01,5.008679032325744629e-01,2.565458416938781738e-02,1.754700578749179840e-02,3.087619543075561523e-01,3.216610252857208252e-01,-4.055926203727722168e-02,-3.994530532509088516e-03,-2.252672910690307617e-01,-2.668048441410064697e-01,-2.717075049877166748e-01,-1.842789351940155029e-01,-1.920933127403259277e-01,-1.006393432617187500e-01,-2.188519239425659180e-01,-2.086085379123687744e-01,-2.535609900951385498e-01,-3.109591305255889893e-01,-2.806664705276489258e-01,-1.319619417190551758e-01,-2.574205696582794189e-01,-2.278190404176712036e-01,-2.290475368499755859e-01,-2.288486808538436890e-01,-1.670573949813842773e-01,-1.339826285839080811e-01,-1.387946121394634247e-02,-4.453104361891746521e-02,-4.804038628935813904e-02,-2.500693202018737793e-01,-3.661672174930572510e-01,-3.993327915668487549e-01,-3.045640289783477783e-01,-2.600981891155242920e-01
-2.754438221454620361e-01,-2.211901098489761353e-01,9.230662882328033447e-02,2.558719515800476074e-01,6.778069138526916504e-01,1.000000000000000000e+00,1.499531567096710205e-01,3.404856622219085693e-01,6.324231028556823730e-01,7.407423257827758789e-01,3.337357565760612488e-02,2.328431010246276855e-01,2.807428240776062012e-01,4.451873898506164551e-01,5.625194907188415527e-01,6.521747112274169922e-01,-7.024474442005157471e-02,1.238739714026451111e-01,-1.692639738321304321e-01,-1.507556736469268799e-01,4.465205669403076172e-01,4.989371299743652344e-01,1.941047012805938721e-01,3.354873657226562500e-01,6.147010326385498047e-01,6.781091690063476562e-01,6.580392718315124512e-01,6.673519015312194824e-01,2.429314404726028442e-01,4.466706514358520508e-01,4.609392881393432617e-01,4.814910590648651123e-01,-1.222565025091171265e-01,-1.250884681940078735e-01,-1.331658810377120972e-01,-1.383571028709411621e-01,-1.673046946525573730e-01,6.471171975135803223e-02,-1.239382177591323853e-01,1.153824552893638611e-01,1.519182920455932617e-01,2.882708609104156494e-01,1.443924754858016968e-01,1.279768645763397217e-01,-3.371213749051094055e-02,-4.975421726703643799e-02,2.405089139938354492e-02,1.502913534641265869e-01,-4.481809958815574646e-02,-2.432754263281822205e-03,4.648680239915847778e-02,4.953161999583244324e-02,1.522328108549118042e-01,2.310403138399124146e-01,-2.437120974063873291e-01,-4.777657613158226013e-02,-3.080794513225555420e-01,-1.695120632648468018e-01,-8.579730242490768433e-02,-8.496244251728057861e-02,-1.968557983636856079e-01,-9.274894744157791138e-02,-2.204071730375289917e-01,-1.354459971189498901e-01,-2.247857898473739624e-01,-1.719414293766021729e-01,-2.452612221240997314e-01,-2.078199237585067749e-01,-1.852756440639495850e-01,-1.415561735630035400e-01,2.698287069797515869e-01,2.951106429100036621e-01,1.459326446056365967e-01,2.855457365512847900e-01,9.823921322822570801e-02,8.991926163434982300e-02,-2.183683514595031738e-01,-1.749083101749420166e-01,-8.850963413715362549e-02,4.000249318778514862e-03,-5.587236955761909485e-02,6.442163139581680298e-02,3.252961635589599609e-01,5.990873575210571289e-01,-1.060841977596282959e-01,5.505425482988357544e-02,2.667930424213409424e-01,4.247683882713317871e-01,-1.661107391119003296e-01,2.128320001065731049e-02,-3.053781390190124512e-01,-2.873111069202423096e-01,-3.091067075729370117e-01,-1.786495596170425415e-01,-2.656573951244354248e-01,-1.330116540193557739e-01,-2.774942815303802490e-01,-2.087797969579696655e-01,-3.266662955284118652e-01,-3.203428089618682861e-01,-2.658577263355255127e-01,-1.230881288647651672e-01,-2.508482635021209717e-01,-2.051286399364471436e-01,-2.585184872150421143e-01,-2.133261710405349731e-01,-2.142201513051986694e-01,-1.870848387479782104e-01,-6.273984909057617188e-02,-9.554605931043624878e-02,-2.889712341129779816e-02,-2.615189254283905029e-01,-3.840227425098419189e-01,-3.554345071315765381e-01,-2.302099466323852539e-01,-2.365560233592987061e-01
2.870623767375946045e-01,1.388876885175704956e-01,4.900575876235961914e-01,5.277350544929504395e-01,2.163490056991577148e-01,1.499531567096710205e-01,1.000000000000000000e+00,5.098839402198791504e-01,2.450402081012725830e-01,1.098116710782051086e-01,4.118562638759613037e-01,2.725232839584350586e-01,4.935872554779052734e-01,2.166030853986740112e-01,2.904743850231170654e-01,1.283409744501113892e-01,2.395440042018890381e-01,9.441369771957397461e-02,1.636789366602897644e-02,-5.760975554585456848e-02,2.949470877647399902e-01,2.600062191486358643e-01,3.543069064617156982e-01,3.927467167377471924e-01,2.246803343296051025e-01,2.737694978713989258e-01,1.207029446959495544e-01,1.516501456499099731e-01,3.158155977725982666e-01,2.599928975105285645e-01,4.051338136196136475e-01,4.083950221538543701e-01,8.102482557296752930e-02,1.077145412564277649e-01,-6.546088308095932007e-02,-1.747726649045944214e-02,7.512885332107543945e-02,-2.561563625931739807e-02,1.237498521804809570e-01,3.838378936052322388e-02,-4.523348808288574219e-02,1.420342084020376205e-02,1.459631174802780151e-01,1.563424170017242432e-01,1.158413961529731750e-01,1.084778681397438049e-01,1.261290311813354492e-01,1.466391831636428833e-01,1.720057576894760132e-01,1.409438699483871460e-01,1.841376423835754395e-01,1.355334371328353882e-01,2.106880396604537964e-01,1.006329134106636047e-01,5.281281843781471252e-02,-7.419978268444538116e-03,1.732296645641326904e-01,4.958356171846389771e-02,3.137763589620590210e-02,2.788706868886947632e-02,1.121018826961517334e-01,7.559721171855926514e-02,2.941372692584991455e-01,1.264510452747344971e-01,1.216825023293495178e-01,1.014169771224260330e-03,-5.947251990437507629e-02,-2.985050342977046967e-02,-1.186954528093338013e-01,-8.165835589170455933e-02,2.955802679061889648e-01,2.983378767967224121e-01,1.734580546617507935e-01,2.854097485542297363e-01,1.913573890924453735e-01,1.268338561058044434e-01,-6.449589505791664124e-03,2.042062208056449890e-02,1.073263511061668396e-01,6.203459948301315308e-02,1.646220535039901733e-01,-2.617086283862590790e-02,2.153185009956359863e-01,2.033272571861743927e-02,1.106196045875549316e-01,-5.233721807599067688e-02,-1.271194033324718475e-02,-1.120895668864250183e-01,-4.327761009335517883e-02,-1.418485492467880249e-01,-1.335991024971008301e-01,-1.787150353193283081e-01,-1.737682670354843140e-01,-1.579452455043792725e-01,9.202925488352775574e-03,-4.405660182237625122e-02,-4.319752380251884460e-02,2.126713283360004425e-02,-8.846937865018844604e-02,-1.168820038437843323e-01,-1.488719135522842407e-01,-1.539039611816406250e-01,-1.449752599000930786e-01,-1.406718641519546509e-01,-6.913940608501434326e-02,-1.009614020586013794e-01,-9.481829404830932617e-02,-1.000748276710510254e-01,2.142869122326374054e-02,8.122273534536361694e-02,7.537661120295524597e-03,-4.155563190579414368e-02,-1.470679789781570435e-01,-9.748481959104537964e-02,-1.651988029479980469e-01,-1.955063790082931519e-01
-8.804402314126491547e-03,2.733655273914337158e-01,3.852002322673797607e-01,6.392946839332580566e-01,2.922294437885284424e-01,3.404856622219085693e-01,5.098839402198791504e-01,1.000000000000000000e+00,3.362967371940612793e-01,3.795794546604156494e-01,2.272250652313232422e-01,4.980244338512420654e-01,4.080590903759002686e-01,5.531604290008544922e-01,2.894314229488372803e-01,4.666780829429626465e-01,-1.088279485702514648e-02,4.071161150932312012e-01,3.360074386000633240e-02,-5.809596180915832520e-02,4.151064753532409668e-01,4.701929688453674316e-01,2.755314707756042480e-01,3.846279680728912354e-01,3.798677027225494385e-01,4.049678444862365723e-01,2.851907014846801758e-01,2.871420681476593018e-01,2.619295120239257812e-01,5.333079695701599121e-01,5.162165164947509766e-01,5.967617630958557129e-01,-1.151385810226202011e-02,4.781371727585792542e-02,-1.377996653318405151e-01,-7.830204069614410400e-02,-1.438134461641311646e-01,5.369567871093750000e-02,-1.422595977783203125e-01,1.775604933500289917e-01,-2.419496187940239906e-03,2.016010880470275879e-01,2.705360352993011475e-01,3.033010661602020264e-01,7.291151583194732666e-02,1.684768944978713989e-01,1.450771391391754150e-01,2.942221760749816895e-01,-1.503459271043539047e-02,8.448131382465362549e-02,6.142508611083030701e-02,1.260711401700973511e-01,1.664932817220687866e-01,2.067554593086242676e-01,-1.831230223178863525e-01,1.513586789369583130e-01,-8.350259810686111450e-02,1.433658450841903687e-01,-1.623688191175460815e-01,-1.888718456029891968e-02,-2.086038142442703247e-01,8.038173429667949677e-03,-1.486141085624694824e-01,1.812272220849990845e-01,-1.937619596719741821e-01,-5.954336747527122498e-02,-2.291301488876342773e-01,-4.373637586832046509e-02,-2.321137487888336182e-01,-1.149284988641738892e-01,3.672254681587219238e-01,4.476041793823242188e-01,2.313186675310134888e-01,4.618662297725677490e-01,2.357547581195831299e-01,2.657164931297302246e-01,-7.045987993478775024e-02,7.089009135961532593e-02,-6.156330555677413940e-02,1.313531398773193359e-01,-1.160703673958778381e-01,3.209394514560699463e-01,1.300225220620632172e-02,3.682927787303924561e-01,-2.318571656942367554e-01,2.530620396137237549e-01,-1.368657797574996948e-01,1.244825124740600586e-01,-3.086758553981781006e-01,6.376618146896362305e-02,-2.208311110734939575e-01,-1.372961252927780151e-01,-2.521027922630310059e-01,-1.288219988346099854e-01,-8.162569254636764526e-02,8.571214042603969574e-03,-8.799368888139724731e-02,9.247462451457977295e-02,-1.648788601160049438e-01,-8.626089245080947876e-02,-2.963516116142272949e-01,-1.378394961357116699e-01,-3.191230893135070801e-01,-1.577102243900299072e-01,-2.462919205427169800e-01,-1.352978348731994629e-01,-2.057220339775085449e-01,-1.353103518486022949e-01,5.120858922600746155e-02,5.549459159374237061e-02,1.573008298873901367e-01,-6.422854959964752197e-02,-1.393411010503768921e-01,-1.686378419399261475e-01,-1.754381954669952393e-01,-1.586158722639083862e-01
-2.524031996726989746e-01,-2.556402385234832764e-01,2.287756949663162231e-01,2.824466526508331299e-01,6.682589054107666016e-01,6.324231028556823730e-01,2.450402081012725830e-01,3.362967371940612793e-01,1.000000000000000000e+00,6.588177084922790527e-01,2.195963859558105469e-01,1.218712627887725830e-01,5.024788975715637207e-01,3.596641421318054199e-01,7.312853336334228516e-01,5.944938063621520996e-01,1.277661919593811035e-01,1.903896331787109375e-01,-1.701032072305679321e-01,-1.535322666168212891e-01,5.777615904808044434e-01,5.484964251518249512e-01,2.868925631046295166e-01,4.125480055809020996e-01,6.646727919578552246e-01,7.030003666877746582e-01,6.642305850982666016e-01,5.796722173690795898e-01,4.486441314220428467e-01,4.459389448165893555e-01,4.860252439975738525e-01,5.445555448532104492e-01,-1.640267521142959595e-01,-1.937743425369262695e-01,-1.797473281621932983e-01,-2.034766674041748047e-01,-1.440915279090404510e-02,5.222877860069274902e-02,-4.770353063941001892e-02,3.501534089446067810e-02,2.389177232980728149e-01,2.382782399654388428e-01,2.447928935289382935e-01,1.962265968322753906e-01,5.662422999739646912e-02,6.841339170932769775e-02,1.197085753083229065e-01,2.037161588668823242e-01,6.656052917242050171e-02,7.121732831001281738e-02,1.621647328138351440e-01,1.247672811150550842e-01,3.085603713989257812e-01,1.276885867118835449e-01,-1.380835473537445068e-01,-9.064804017543792725e-02,-2.542618513107299805e-01,-2.377510666847229004e-01,-2.129069566726684570e-01,-1.113194674253463745e-01,-2.563174664974212646e-01,-1.926123052835464478e-01,-1.158332601189613342e-01,-2.023197561502456665e-01,-1.890049427747726440e-01,-1.716093420982360840e-01,-3.409337997436523438e-01,-2.562115788459777832e-01,-2.852267324924468994e-01,-2.149979472160339355e-01,3.878291845321655273e-01,3.738495409488677979e-01,3.396436572074890137e-01,3.718826472759246826e-01,3.036272823810577393e-01,1.936498731374740601e-01,-5.505026876926422119e-02,-9.645256400108337402e-02,4.888489842414855957e-02,4.510586708784103394e-02,1.122171282768249512e-01,4.045611992478370667e-02,3.709644973278045654e-01,3.959330320358276367e-01,3.243215754628181458e-02,4.026606620755046606e-04,2.398271858692169189e-01,2.024578303098678589e-01,-6.641121953725814819e-02,-1.272944808006286621e-01,-2.591630518436431885e-01,-3.496652245521545410e-01,-3.244113922119140625e-01,-2.360956370830535889e-01,-1.210821717977523804e-01,-7.477084547281265259e-02,-1.575168967247009277e-01,-1.579892188310623169e-01,-2.599338889122009277e-01,-3.063644766807556152e-01,-3.500842750072479248e-01,-1.810672134160995483e-01,-3.393162786960601807e-01,-2.937480807304382324e-01,-2.793636620044708252e-01,-2.738837599754333496e-01,-1.773055046796798706e-01,-1.989984214305877686e-01,8.924335241317749023e-02,3.821844235062599182e-02,3.504424914717674255e-02,-2.397135794162750244e-01,-3.363026678562164307e-01,-3.630982637405395508e-01,-4.041333496570587158e-01,-3.092676401138305664e-01
-3.057336509227752686e-01,-1.872885376214981079e-01,1.227091625332832336e-01,2.707591652870178223e-01,6.468386650085449219e-01,7.407423257827758789e-01,1.098116710782051086e-01,3.795794546604156494e-01,6.588177084922790527e-01,1.000000000000000000e+00,6.306860595941543579e-02,2.709585726261138916e-01,2.929847240447998047e-01,4.979110360145568848e-01,5.514376163482666016e-01,7.166209220886230469e-01,-2.782604657113552094e-02,2.316665500402450562e-01,-1.792256534099578857e-01,-1.538138985633850098e-01,5.167281031608581543e-01,5.585743784904479980e-01,2.212096452713012695e-01,3.496308624744415283e-01,6.526161432266235352e-01,6.673890352249145508e-01,6.541633605957031250e-01,6.218377947807312012e-01,2.593707144260406494e-01,5.219214558601379395e-01,4.802807271480560303e-01,4.925934970378875732e-01,-1.310161799192428589e-01,-1.336213797330856323e-01,-1.354722380638122559e-01,-1.860222369432449341e-01,-9.425905346870422363e-02,8.581254631280899048e-02,-1.650878190994262695e-01,1.237740591168403625e-01,1.297187358140945435e-01,2.818386852741241455e-01,1.777675002813339233e-01,1.813872158527374268e-01,-3.487566858530044556e-02,-7.905639708042144775e-03,5.017976835370063782e-02,2.031147927045822144e-01,-3.528164327144622803e-02,-8.193997666239738464e-03,5.532447248697280884e-02,5.117635056376457214e-02,1.676234602928161621e-01,1.910728961229324341e-01,-2.645189762115478516e-01,1.189430058002471924e-02,-3.214304447174072266e-01,-1.741088330745697021e-01,-1.696029454469680786e-01,-1.161985844373703003e-01,-2.721281051635742188e-01,-1.442978531122207642e-01,-2.657627761363983154e-01,-1.434761881828308105e-01,-2.691407501697540283e-01,-1.972570121288299561e-01,-3.155354559421539307e-01,-2.303834110498428345e-01,-2.620679438114166260e-01,-2.085314393043518066e-01,3.212606906890869141e-01,3.550858795642852783e-01,1.926357746124267578e-01,3.465557396411895752e-01,1.532655358314514160e-01,1.321626603603363037e-01,-1.799115240573883057e-01,-1.399642229080200195e-01,-7.525844126939773560e-02,2.692616358399391174e-02,-2.712284959852695465e-02,1.553777307271957397e-01,2.131773233413696289e-01,6.292689442634582520e-01,-1.100230589509010315e-01,1.118580326437950134e-01,1.672878265380859375e-01,3.989776670932769775e-01,-2.034186422824859619e-01,5.147879943251609802e-02,-3.346379399299621582e-01,-3.026271760463714600e-01,-3.516914546489715576e-01,-2.030203342437744141e-01,-2.121627479791641235e-01,-6.488156318664550781e-02,-2.409448027610778809e-01,-1.329289376735687256e-01,-3.155711889266967773e-01,-2.903168797492980957e-01,-3.270765542984008789e-01,-1.234591603279113770e-01,-3.057836294174194336e-01,-2.089815288782119751e-01,-2.689499855041503906e-01,-1.830814927816390991e-01,-2.066369950771331787e-01,-1.614276468753814697e-01,2.979350043460726738e-03,-3.669666871428489685e-02,-5.860342644155025482e-03,-2.795881628990173340e-01,-3.851930797100067139e-01,-3.928674757480621338e-01,-2.766386568546295166e-01,-2.374833673238754272e-01
2.902206778526306152e-01,-6.381723284721374512e-02,2.065439671277999878e-01,2.266635447740554810e-01,1.579406708478927612e-01,3.337357565760612488e-02,4.118562638759613037e-01,2.272250652313232422e-01,2.195963859558105469e-01,6.306860595941543579e-02,1.000000000000000000e+00,2.285517156124114990e-01,4.935315549373626709e-01,1.593595445156097412e-01,3.508208990097045898e-01,8.232653886079788208e-02,5.723549127578735352e-01,2.926181554794311523e-01,-2.117867767810821533e-02,-9.090089797973632812e-02,2.736913263797760010e-01,2.327164411544799805e-01,2.297647297382354736e-01,2.384185492992401123e-01,1.433059573173522949e-01,1.675931662321090698e-01,1.231990456581115723e-01,1.036011576652526855e-01,4.939464926719665527e-01,2.115272283554077148e-01,4.222378432750701904e-01,3.630020618438720703e-01,2.156264185905456543e-01,2.174115031957626343e-01,8.714305236935615540e-03,-6.268463283777236938e-02,1.968389004468917847e-01,7.842536270618438721e-02,2.267010957002639771e-01,4.399637877941131592e-02,1.509802043437957764e-01,1.611094549298286438e-02,1.190987005829811096e-01,6.581567227840423584e-02,1.650873124599456787e-01,1.203634738922119141e-01,7.470554858446121216e-02,4.811518639326095581e-02,1.136149689555168152e-01,1.395135419443249702e-03,6.532883271574974060e-03,-8.396361023187637329e-02,1.105217188596725464e-01,-9.997186064720153809e-02,1.390711665153503418e-01,-1.113327890634536743e-01,2.077278941869735718e-01,-9.425872564315795898e-02,-1.495742797851562500e-01,-7.644659280776977539e-02,-8.257582783699035645e-03,-1.116894185543060303e-01,2.651768326759338379e-01,-3.144586831331253052e-02,-1.205479167401790619e-02,-2.119581401348114014e-01,-8.550012111663818359e-02,-4.490618407726287842e-02,-5.205493792891502380e-02,-7.771523296833038330e-02,2.864618599414825439e-01,2.119412869215011597e-01,2.649464309215545654e-01,1.410034894943237305e-01,2.275876402854919434e-01,7.065506279468536377e-02,1.234831660985946655e-01,5.665552616119384766e-02,4.248742163181304932e-01,3.467275500297546387e-01,4.307229220867156982e-01,5.032352730631828308e-02,3.157353997230529785e-01,-3.422535210847854614e-02,2.968757152557373047e-01,-1.570882648229598999e-01,-1.351487543433904648e-02,-1.901142895221710205e-01,2.049739211797714233e-01,-1.158486083149909973e-01,3.408527746796607971e-02,-8.027854561805725098e-02,-4.293035343289375305e-02,-3.826313838362693787e-02,1.668850034475326538e-01,1.729019880294799805e-01,7.596656680107116699e-02,4.214266315102577209e-02,4.239193722605705261e-02,-4.463144112378358841e-03,-6.489096581935882568e-02,-1.659930795431137085e-01,-6.847978383302688599e-02,-1.256201118230819702e-01,-1.428535766899585724e-02,-4.503308609127998352e-02,-2.927851118147373199e-02,-6.456810235977172852e-02,2.796994447708129883e-01,2.262478470802307129e-01,8.997920155525207520e-02,6.752014160156250000e-03,3.645319119095802307e-02,-5.295515991747379303e-03,-1.187095195055007935e-01,-1.001065820455551147e-01
9.394077211618423462e-02,2.612845897674560547e-01,1.740625202655792236e-01,3.191744387149810791e-01,2.138001024723052979e-01,2.328431010246276855e-01,2.725232839584350586e-01,4.980244338512420654e-01,1.218712627887725830e-01,2.709585726261138916e-01,2.285517156124114990e-01,1.000000000000000000e+00,2.320880740880966187e-01,6.203513741493225098e-01,1.123776435852050781e-01,3.180290162563323975e-01,3.230805695056915283e-02,4.767356216907501221e-01,-1.303725689649581909e-02,-9.204177558422088623e-02,2.485636621713638306e-01,3.290868103504180908e-01,2.280740141868591309e-01,2.652768790721893311e-01,2.423580437898635864e-01,2.343071699142456055e-01,1.797622740268707275e-01,1.943862289190292358e-01,1.472055017948150635e-01,4.768011271953582764e-01,3.802405297756195068e-01,3.610832095146179199e-01,2.768320441246032715e-01,2.441800981760025024e-01,-1.134436018764972687e-02,-9.012406319379806519e-02,-1.321561783552169800e-01,1.663522869348526001e-01,-1.228536590933799744e-01,2.459560185670852661e-01,-5.493165180087089539e-02,1.686917692422866821e-01,1.554585434496402740e-02,5.355160310864448547e-02,-1.087512914091348648e-02,8.799685165286064148e-03,-5.213787034153938293e-02,5.474402382969856262e-02,-2.893057279288768768e-02,8.259371854364871979e-03,-8.510251343250274658e-02,-5.270823836326599121e-02,-1.369490008801221848e-02,9.539606422185897827e-02,-1.271374374628067017e-01,2.016245871782302856e-01,-5.078998208045959473e-02,1.545752137899398804e-01,-7.681213319301605225e-02,-4.957547876983880997e-03,-1.070611700415611267e-01,6.814388185739517212e-02,-1.796843856573104858e-01,1.788214743137359619e-01,-1.587060242891311646e-01,2.584893628954887390e-02,-1.225619390606880188e-01,-3.977565094828605652e-02,-4.361610859632492065e-02,-4.637566953897476196e-02,1.644123494625091553e-01,1.963974237442016602e-01,7.573639601469039917e-02,2.921220660209655762e-01,6.014795973896980286e-02,9.100564569234848022e-02,-1.819174289703369141e-01,-4.353777691721916199e-02,-8.029859513044357300e-03,1.268040686845779419e-01,-2.199556306004524231e-02,3.310094773769378662e-01,3.568479046225547791e-02,4.017786383628845215e-01,-1.477516293525695801e-01,1.912069916725158691e-01,9.995857253670692444e-03,2.346594482660293579e-01,-1.315717697143554688e-01,1.354587227106094360e-01,-1.198310405015945435e-01,-2.956392802298069000e-02,-9.440264105796813965e-02,-4.281811043620109558e-02,-3.038759343326091766e-02,6.626831740140914917e-02,-1.458874940872192383e-01,7.626659423112869263e-02,-9.502677619457244873e-02,-1.134737860411405563e-02,-8.601744472980499268e-02,-1.154685486108064651e-02,-9.078811109066009521e-02,3.106060065329074860e-02,-6.407222151756286621e-02,2.147337421774864197e-02,1.341048721224069595e-02,1.104616895318031311e-01,-9.249760769307613373e-03,-6.114928424358367920e-02,-2.121728472411632538e-02,-4.577757418155670166e-02,-7.846633344888687134e-02,-9.283352643251419067e-02,2.430430427193641663e-02,-1.465650834143161774e-02
-1.893542706966400146e-02,-1.747485250234603882e-01,3.618091642856597900e-01,4.046359658241271973e-01,4.123052060604095459e-01,2.807428240776062012e-01,4.935872554779052734e-01,4.080590903759002686e-01,5.024788975715637207e-01,2.929847240447998047e-01,4.935315549373626709e-01,2.320880740880966187e-01,1.000000000000000000e+00,3.630309998989105225e-01,5.871906876564025879e-01,2.952288687229156494e-01,3.547769784927368164e-01,2.347175925970077515e-01,-1.181220412254333496e-01,-1.544331759214401245e-01,4.775741696357727051e-01,4.290571212768554688e-01,3.418667316436767578e-01,4.462625384330749512e-01,4.023517966270446777e-01,5.014095902442932129e-01,3.517335653305053711e-01,3.371882140636444092e-01,6.079465746879577637e-01,4.366599619388580322e-01,5.390902757644653320e-01,6.052718758583068848e-01,-7.174547016620635986e-02,-6.899484246969223022e-02,-5.949193611741065979e-02,-9.881027787923812866e-02,7.574536651372909546e-02,-2.035338617861270905e-02,3.399018943309783936e-02,-3.505247831344604492e-02,8.469978719949722290e-02,6.240124627947807312e-02,2.269393950700759888e-01,1.760663837194442749e-01,1.926553398370742798e-01,1.237867176532745361e-01,1.817449033260345459e-01,1.747120022773742676e-01,2.208817601203918457e-01,1.426270455121994019e-01,2.111497670412063599e-01,9.144487977027893066e-02,3.264781236648559570e-01,9.402825683355331421e-02,2.840004861354827881e-02,-1.154700815677642822e-01,-5.647371336817741394e-02,-2.312518209218978882e-01,-1.491986960172653198e-01,-8.294185996055603027e-02,-7.168029248714447021e-02,-9.519945830106735229e-02,6.352908909320831299e-02,-1.122482419013977051e-01,-2.573408186435699463e-02,-1.096182540059089661e-01,-2.177276313304901123e-01,-1.935375779867172241e-01,-2.278489172458648682e-01,-2.360158413648605347e-01,5.176623463630676270e-01,4.808045029640197754e-01,4.538292884826660156e-01,4.453485012054443359e-01,3.778902888298034668e-01,2.499875873327255249e-01,7.512156665325164795e-02,6.163970008492469788e-02,1.709956079721450806e-01,7.671221345663070679e-02,3.122277855873107910e-01,2.470806473866105080e-03,3.868865668773651123e-01,9.308423846960067749e-02,2.421471327543258667e-01,-1.323025375604629517e-01,1.490275561809539795e-01,-7.961904257535934448e-02,6.530145555734634399e-02,-2.250136882066726685e-01,-1.363255381584167480e-01,-2.957402169704437256e-01,-2.239861488342285156e-01,-2.631775140762329102e-01,7.685810793191194534e-03,-5.244148522615432739e-02,-5.955591797828674316e-02,-9.320903569459915161e-02,-1.000276505947113037e-01,-1.799151748418807983e-01,-2.662625014781951904e-01,-3.116625845432281494e-01,-2.897190749645233154e-01,-3.279878795146942139e-01,-1.579187214374542236e-01,-2.027832269668579102e-01,-1.112020984292030334e-01,-1.230849102139472961e-01,1.117951795458793640e-01,6.837608665227890015e-02,3.022585436701774597e-02,-7.325997948646545410e-02,-1.878748983144760132e-01,-2.209869921207427979e-01,-2.881806790828704834e-01,-2.084290981292724609e-01
