1.000000000000000000e+00,5.354542732238769531e-01,1.116544231772422791e-01,4.285015165805816650e-01,4.456913769245147705e-01,4.581714570522308350e-01,5.572703480720520020e-01,4.253561198711395264e-01,3.867335021495819092e-01,3.865954577922821045e-01,6.098135560750961304e-02,1.245510280132293701e-01,1.958330273628234863e-01,5.913070589303970337e-02,4.415372908115386963e-01,3.752875030040740967e-01,1.466010063886642456e-01,9.138359874486923218e-02,1.462689787149429321e-01,1.383706182241439819e-01,3.976401090621948242e-01,3.304985761642456055e-01,-5.732776131480932236e-03,8.768304437398910522e-02,4.256208837032318115e-01,4.603634774684906006e-01,4.118796586990356445e-01,3.938466906547546387e-01,3.089528381824493408e-01,2.280133664608001709e-01,1.291234046220779419e-01,1.956007778644561768e-01,3.036592006683349609e-01,3.599077761173248291e-01,1.396080851554870605e-01,1.327842921018600464e-01,2.699742615222930908e-01,3.033389151096343994e-01,3.885053992271423340e-01,3.242589533329010010e-01,3.664195239543914795e-01,3.002037703990936279e-01,-7.283763587474822998e-02,-5.220319330692291260e-02,6.867003440856933594e-02,3.622274845838546753e-02,-1.048438623547554016e-01,-1.347023397684097290e-01,5.493910238146781921e-02,1.588978022336959839e-01,1.085425093770027161e-01,3.937376290559768677e-02,-7.715294510126113892e-02,-2.493020743131637573e-01,3.609247207641601562e-01,2.325557768344879150e-01,5.857390761375427246e-01,5.262974500656127930e-01,4.018793106079101562e-01,2.593501508235931396e-01,4.491833448410034180e-01,2.525784075260162354e-01,4.297927618026733398e-01,4.071157276630401611e-01,3.273453116416931152e-01,2.659568488597869873e-01,3.881415128707885742e-01,2.354908436536788940e-01,1.958894580602645874e-01,2.285325229167938232e-01,3.480555415153503418e-01,2.807804644107818604e-01,3.788669705390930176e-01,2.562869489192962646e-01,3.343720436096191406e-01,2.648236155509948730e-01,9.523209929466247559e-02,5.490437895059585571e-02,1.263486146926879883e-01,1.052241325378417969e-01,2.799966335296630859e-01,1.018974035978317261e-01,4.100193083286285400e-01,3.020217716693878174e-01,2.941218316555023193e-01,1.567054241895675659e-01,4.017521739006042480e-01,3.348588347434997559e-01,4.280380010604858398e-01,2.153697758913040161e-01,1.871804445981979370e-01,-6.216057576239109039e-03,1.640719361603260040e-02,9.565996378660202026e-02,2.225204110145568848e-01,2.756627500057220459e-01,3.124470710754394531e-01,3.007519543170928955e-01,1.519390493631362915e-01,5.069767311215400696e-02,2.671960890293121338e-01,2.067557871341705322e-01,4.123787283897399902e-01,3.615383207798004150e-01,2.776504456996917725e-01,2.544409334659576416e-01,1.525315195322036743e-01,3.167787492275238037e-01,1.079605221748352051e-01,1.463548094034194946e-01,7.085404545068740845e-02,5.574821308255195618e-02,-6.581927835941314697e-02,1.214946433901786804e-01,2.259624600410461426e-01,1.578335613012313843e-01
5.354542732238769531e-01,1.000000000000000000e+00,2.014869749546051025e-01,5.135877728462219238e-01,4.515775442123413086e-01,4.613370895385742188e-01,5.301628708839416504e-01,5.572406053543090820e-01,3.883373737335205078e-01,3.890984952449798584e-01,-2.821289747953414917e-02,2.151113301515579224e-01,7.963392138481140137e-02,1.751351803541183472e-01,4.045651257038116455e-01,4.405689239501953125e-01,1.396543532609939575e-02,1.470887213945388794e-01,1.397994756698608398e-01,9.697034209966659546e-02,3.518302738666534424e-01,3.255123198032379150e-01,4.621311649680137634e-02,1.598596125841140747e-01,3.773274123668670654e-01,4.096355140209197998e-01,3.955190181732177734e-01,3.672632873058319092e-01,2.587611079216003418e-01,3.037730157375335693e-01,1.439382880926132202e-01,2.410137504339218140e-01,1.691867709159851074e-01,2.767148613929748535e-01,1.018555536866188049e-01,1.171305701136589050e-01,2.733713984489440918e-01,4.141656458377838135e-01,3.639270663261413574e-01,4.103422462940216064e-01,3.981131911277770996e-01,3.782270550727844238e-01,-8.801168948411941528e-02,-1.559181790798902512e-02,1.570553183555603027e-01,1.486224830150604248e-01,-1.235419213771820068e-01,-6.382043659687042236e-02,1.506274938583374023e-01,2.766658961772918701e-01,5.056082084774971008e-02,1.757341921329498291e-01,-1.717855632305145264e-01,-1.455266475677490234e-01,3.022563457489013672e-01,3.526673614978790283e-01,5.038088560104370117e-01,6.497483849525451660e-01,3.944881260395050049e-01,3.389430642127990723e-01,3.346202671527862549e-01,3.854431509971618652e-01,3.877834677696228027e-01,5.808466672897338867e-01,2.336483001708984375e-01,3.906405568122863770e-01,3.546565771102905273e-01,2.737531661987304688e-01,1.273243427276611328e-01,2.217289358377456665e-01,2.792444825172424316e-01,3.009516298770904541e-01,3.632590770721435547e-01,3.767614960670471191e-01,3.299145698547363281e-01,3.711812496185302734e-01,8.379893749952316284e-02,9.108313173055648804e-02,2.601700276136398315e-02,1.095794364809989929e-01,9.710074216127395630e-02,2.011482566595077515e-01,4.074897468090057373e-01,4.137678146362304688e-01,1.106944382190704346e-01,2.501941621303558350e-01,4.287371933460235596e-01,4.276668131351470947e-01,3.051690459251403809e-01,3.347031772136688232e-01,1.677698940038681030e-01,1.465632170438766479e-01,7.523272931575775146e-02,1.972603648900985718e-01,2.135688513517379761e-01,3.094184100627899170e-01,2.566381096839904785e-01,2.607416510581970215e-01,1.145387142896652222e-01,1.659476608037948608e-01,2.683710455894470215e-01,2.911464869976043701e-01,3.917727768421173096e-01,3.570840656757354736e-01,1.477465629577636719e-01,1.711588054895401001e-01,1.336938291788101196e-01,3.019730746746063232e-01,1.386356800794601440e-01,2.132926285266876221e-01,-4.507626872509717941e-04,-1.329763140529394150e-02,-6.366725265979766846e-02,4.487591236829757690e-02,1.244570836424827576e-01,6.070037838071584702e-03
1.116544231772422791e-01,2.014869749546051025e-01,1.000000000000000000e+00,4.024245142936706543e-01,1.079953387379646301e-01,1.532907038927078247e-01,3.008174598217010498e-01,2.261516302824020386e-01,-1.282660476863384247e-02,1.150157824158668518e-01,5.526976287364959717e-02,1.808806657791137695e-01,4.293196275830268860e-02,2.072561681270599365e-01,5.370777565985918045e-03,9.330189973115921021e-02,5.269287899136543274e-02,1.587523818016052246e-01,3.754230216145515442e-02,7.516910880804061890e-02,4.101040959358215332e-02,5.908964201807975769e-02,5.537889003753662109e-01,5.590847134590148926e-01,2.045769393444061279e-01,1.895552277565002441e-01,1.061008572578430176e-01,9.542328864336013794e-02,5.357531458139419556e-02,1.975664645433425903e-01,2.699644565582275391e-01,3.563545644283294678e-01,-8.647542446851730347e-03,8.963769674301147461e-02,6.038370355963706970e-02,7.905004173517227173e-02,-6.713841110467910767e-02,1.373866647481918335e-01,-5.829118192195892334e-02,8.044624328613281250e-02,3.551591932773590088e-02,1.062322333455085754e-01,-6.505788117647171021e-02,2.709133923053741455e-02,2.159262634813785553e-02,7.742048054933547974e-02,-8.578202873468399048e-02,-1.076660025864839554e-02,8.032210171222686768e-02,1.681332737207412720e-01,-4.220383241772651672e-02,2.016433179378509521e-01,-7.665850222110748291e-02,2.004444040358066559e-02,-1.279346551746129990e-02,6.299441307783126831e-02,7.544431835412979126e-02,1.787539273500442505e-01,-6.918343249708414078e-03,8.676993101835250854e-02,-7.334456313401460648e-03,1.938993632793426514e-01,2.556027472019195557e-02,1.492932438850402832e-01,7.492984831333160400e-02,1.916605383157730103e-01,-2.506524138152599335e-02,7.671876810491085052e-04,-8.321968466043472290e-02,-1.860189251601696014e-02,3.568587824702262878e-02,7.645572721958160400e-02,1.194858029484748840e-01,1.940663456916809082e-01,7.803124189376831055e-02,1.282456070184707642e-01,1.285225749015808105e-01,1.514612287282943726e-01,-6.783232092857360840e-03,5.721054226160049438e-02,1.966941356658935547e-02,1.903443187475204468e-01,6.121421977877616882e-02,1.825487613677978516e-01,-2.607173472642898560e-02,1.619149744510650635e-01,1.290544420480728149e-01,1.964758783578872681e-01,4.373454675078392029e-02,1.206452697515487671e-01,-1.217372268438339233e-01,7.392257452011108398e-02,-1.934808790683746338e-01,4.216803982853889465e-02,-1.241155564785003662e-01,9.166266769170761108e-03,-6.703177094459533691e-02,-6.003736704587936401e-02,-3.735445812344551086e-02,4.424444958567619324e-02,-2.900113351643085480e-02,1.154647544026374817e-01,7.808423787355422974e-02,1.166970580816268921e-01,4.312690347433090210e-02,3.737780451774597168e-02,7.916198670864105225e-02,3.332945704460144043e-02,-4.050901532173156738e-02,-6.986356806010007858e-03,4.596834629774093628e-02,6.954845041036605835e-02,-1.362128183245658875e-03,2.747747302055358887e-02,1.873935572803020477e-02,-2.085830457508563995e-02
4.285015165805816650e-01,5.135877728462219238e-01,4.024245142936706543e-01,1.000000000000000000e+00,4.000113010406494141e-01,4.020103812217712402e-01,5.504435300827026367e-01,5.050502419471740723e-01,3.594074249267578125e-01,3.268092870712280273e-01,1.084695011377334595e-01,2.383976280689239502e-01,1.887681037187576294e-01,2.060530930757522583e-01,3.748958408832550049e-01,3.918711543083190918e-01,1.093284264206886292e-01,1.639439463615417480e-01,7.635325193405151367e-02,1.082896888256072998e-01,3.278759121894836426e-01,3.075002729892730713e-01,2.931959033012390137e-01,4.030504524707794189e-01,3.983964025974273682e-01,4.282181560993194580e-01,3.513791263103485107e-01,3.480843305587768555e-01,2.778720855712890625e-01,3.265680074691772461e-01,2.991417944431304932e-01,4.077621400356292725e-01,1.521080881357192993e-01,2.761471569538116455e-01,6.003112345933914185e-02,1.050470918416976929e-01,1.663922965526580811e-01,3.900747597217559814e-01,2.715174555778503418e-01,3.756582736968994141e-01,3.427243530750274658e-01,3.391729891300201416e-01,2.233990840613842010e-02,9.006197005510330200e-02,1.878237426280975342e-01,1.600828021764755249e-01,-6.271953880786895752e-02,5.661513190716505051e-03,1.441123634576797485e-01,1.829307973384857178e-01,3.193600103259086609e-02,9.842948615550994873e-02,-1.791801899671554565e-01,-1.549165993928909302e-01,2.289851307868957520e-01,2.742675244808197021e-01,3.391471505165100098e-01,4.455067515373229980e-01,2.396683543920516968e-01,1.587577015161514282e-01,1.920091211795806885e-01,2.165529876947402954e-01,2.304644584655761719e-01,3.990473449230194092e-01,1.471154093742370605e-01,2.239776104688644409e-01,2.225201278924942017e-01,1.542570441961288452e-01,6.086812540888786316e-02,1.169015914201736450e-01,2.365760505199432373e-01,2.337580621242523193e-01,3.523964583873748779e-01,3.362239897251129150e-01,3.208775520324707031e-01,3.084439635276794434e-01,1.076143160462379456e-01,1.210076510906219482e-01,9.886690974235534668e-02,1.668754220008850098e-01,1.488459557294845581e-01,1.994270682334899902e-01,3.466071486473083496e-01,3.735562264919281006e-01,4.883443936705589294e-02,1.580899655818939209e-01,3.269969522953033447e-01,3.556109368801116943e-01,2.245631515979766846e-01,2.291965484619140625e-01,6.345794349908828735e-02,7.419670373201370239e-02,-8.361308276653289795e-02,8.024761080741882324e-02,1.310635805130004883e-01,2.820073962211608887e-01,1.812904477119445801e-01,1.693683713674545288e-01,9.312400966882705688e-02,1.933629661798477173e-01,1.601378470659255981e-01,2.040026038885116577e-01,3.299819529056549072e-01,3.206373155117034912e-01,1.933588534593582153e-01,1.858755946159362793e-01,1.049397587776184082e-01,2.606096565723419189e-01,1.335030198097229004e-01,1.634392887353897095e-01,1.398807670921087265e-02,-4.836309817619621754e-04,-5.613473802804946899e-02,5.402319505810737610e-02,1.568610370159149170e-01,6.231842562556266785e-02
4.456913769245147705e-01,4.515775442123413086e-01,1.079953387379646301e-01,4.000113010406494141e-01,1.000000000000000000e+00,6.025072932243347168e-01,4.898254275321960449e-01,3.943546414375305176e-01,6.043582558631896973e-01,5.156126618385314941e-01,-7.431073486804962158e-02,-8.032809011638164520e-03,1.878146976232528687e-01,-1.834830851294100285e-03,5.951154828071594238e-01,5.079087018966674805e-01,-5.218117311596870422e-02,-6.702631711959838867e-02,2.781287953257560730e-02,3.391877282410860062e-03,4.095457196235656738e-01,3.609356284141540527e-01,-3.201510012149810791e-02,7.474250346422195435e-02,5.942873358726501465e-01,5.467393994331359863e-01,5.824343562126159668e-01,5.501720905303955078e-01,2.988231182098388672e-01,2.082683295011520386e-01,2.052892446517944336e-01,1.936087906360626221e-01,1.912144571542739868e-01,2.577110230922698975e-01,-8.711010962724685669e-02,-7.933872193098068237e-02,2.583306431770324707e-01,3.293533921241760254e-01,5.287591814994812012e-01,4.712675511837005615e-01,4.487893581390380859e-01,4.430743455886840820e-01,-1.188194900751113892e-01,-9.203461557626724243e-02,1.692812591791152954e-01,1.279239356517791748e-01,-2.400316596031188965e-01,-2.122858911752700806e-01,1.345258951187133789e-01,2.199569344520568848e-01,4.774021357297897339e-02,-2.994249807670712471e-04,-1.831466108560562134e-01,-2.911611497402191162e-01,3.547913730144500732e-01,2.915669977664947510e-01,4.632096886634826660e-01,4.222796857357025146e-01,3.604288995265960693e-01,2.926320731639862061e-01,3.256788551807403564e-01,1.750780791044235229e-01,3.310874104499816895e-01,3.235083818435668945e-01,2.845592498779296875e-01,2.015023976564407349e-01,2.387550771236419678e-01,1.660930663347244263e-01,7.397446781396865845e-02,1.188538521528244019e-01,3.061711490154266357e-01,2.835910022258758545e-01,3.284702003002166748e-01,2.833577990531921387e-01,3.145739734172821045e-01,3.053777813911437988e-01,7.013458758592605591e-02,5.678587034344673157e-02,-1.714960671961307526e-03,1.297331997193396091e-03,4.820566251873970032e-02,-3.285218402743339539e-02,5.888872146606445312e-01,4.223930239677429199e-01,8.487302809953689575e-02,-1.985826343297958374e-02,5.447288751602172852e-01,4.275380969047546387e-01,4.305148422718048096e-01,1.846448034048080444e-01,2.040269970893859863e-01,5.284095555543899536e-02,9.582971781492233276e-02,1.315541267395019531e-01,2.433502525091171265e-01,2.943994998931884766e-01,2.515359222888946533e-01,2.466166764497756958e-01,7.396765053272247314e-02,9.010558575391769409e-02,3.210611343383789062e-01,1.826318800449371338e-01,4.055879116058349609e-01,3.024032413959503174e-01,2.442608028650283813e-01,1.744120717048645020e-01,2.081121504306793213e-01,3.366469144821166992e-01,1.110512465238571167e-01,1.618103682994842529e-01,-9.621775150299072266e-02,-1.614041775465011597e-01,-1.778979152441024780e-01,4.732957854866981506e-02,1.095525994896888733e-01,6.928858906030654907e-02
4.581714570522308350e-01,4.613370895385742188e-01,1.532907038927078247e-01,4.020103812217712402e-01,6.025072932243347168e-01,1.000000000000000000e+00,4.926763176918029785e-01,4.329946041107177734e-01,5.045232772827148438e-01,5.921026468276977539e-01,-5.784664675593376160e-02,9.583464264869689941e-02,9.734529256820678711e-02,1.216682419180870056e-01,5.245270729064941406e-01,5.862034559249877930e-01,-1.193198002874851227e-02,4.074950143694877625e-02,-2.110683359205722809e-02,-2.429585717618465424e-02,4.648931324481964111e-01,4.319642186164855957e-01,1.953147351741790771e-02,1.422408223152160645e-01,5.825347900390625000e-01,6.136893033981323242e-01,6.072123050689697266e-01,6.117902994155883789e-01,3.178170025348663330e-01,3.207509815692901611e-01,2.218819707632064819e-01,2.537497580051422119e-01,2.327693253755569458e-01,3.073441386222839355e-01,2.623550407588481903e-02,3.415157273411750793e-02,3.075706064701080322e-01,3.658032715320587158e-01,5.406020879745483398e-01,5.134913325309753418e-01,4.914067387580871582e-01,5.138120651245117188e-01,-1.026127710938453674e-01,-5.455901473760604858e-02,1.550212651491165161e-01,1.010557115077972412e-01,-1.937398463487625122e-01,-1.645890623331069946e-01,9.889654815196990967e-02,2.219352126121520996e-01,2.225237525999546051e-02,2.055934071540832520e-02,-1.935823857784271240e-01,-2.604519724845886230e-01,3.398100733757019043e-01,3.432640135288238525e-01,4.276528656482696533e-01,4.340311288833618164e-01,3.386391103267669678e-01,2.646710574626922607e-01,3.519414067268371582e-01,1.925538033246994019e-01,2.907148003578186035e-01,3.615328371524810791e-01,3.452939987182617188e-01,2.218626588582992554e-01,2.878220081329345703e-01,2.081945836544036865e-01,6.395400315523147583e-02,1.188717260956764221e-01,3.010186553001403809e-01,3.133898973464965820e-01,3.512199521064758301e-01,3.583423495292663574e-01,3.199119269847869873e-01,3.445672392845153809e-01,6.152919307351112366e-02,5.230744555592536926e-02,4.910852760076522827e-02,5.990992486476898193e-02,6.597262620925903320e-02,9.951929748058319092e-02,5.291078686714172363e-01,5.229183435440063477e-01,7.412239164113998413e-02,7.862602174282073975e-02,4.793581068515777588e-01,4.900257289409637451e-01,3.755205869674682617e-01,2.506815493106842041e-01,1.329358369112014771e-01,4.622463136911392212e-02,-2.058882266283035278e-02,9.859086573123931885e-02,2.587963938713073730e-01,3.414440155029296875e-01,3.202579319477081299e-01,3.290324509143829346e-01,9.221538156270980835e-02,1.564341783523559570e-01,2.962969839572906494e-01,1.729224324226379395e-01,4.396441876888275146e-01,3.607062399387359619e-01,3.450836241245269775e-01,2.850112617015838623e-01,3.141270577907562256e-01,4.197234511375427246e-01,1.219167336821556091e-01,1.765713244676589966e-01,2.965283766388893127e-02,-5.292624235153198242e-02,-8.850122243165969849e-02,1.136868819594383240e-01,2.198526710271835327e-01,1.953021138906478882e-01
5.572703480720520020e-01,5.301628708839416504e-01,3.008174598217010498e-01,5.504435300827026367e-01,4.898254275321960449e-01,4.926763176918029785e-01,1.000000000000000000e+00,5.099523067474365234e-01,4.469399452209472656e-01,4.023077785968780518e-01,1.251349747180938721e-01,1.962510198354721069e-01,3.004549741744995117e-01,1.581124812364578247e-01,4.808116853237152100e-01,4.257481992244720459e-01,1.416042745113372803e-01,1.109170317649841309e-01,3.636949136853218079e-02,2.796819433569908142e-02,4.065148532390594482e-01,3.441602885723114014e-01,1.380239725112915039e-01,2.455793023109436035e-01,4.903174042701721191e-01,5.227502584457397461e-01,4.530399441719055176e-01,4.252909719944000244e-01,3.709577620029449463e-01,3.026192486286163330e-01,2.259320318698883057e-01,3.391496837139129639e-01,2.580134570598602295e-01,3.497341871261596680e-01,5.500223860144615173e-02,9.418802708387374878e-02,2.484557330608367920e-01,3.747208416461944580e-01,3.967113792896270752e-01,3.876036107540130615e-01,3.755495250225067139e-01,3.373196721076965332e-01,-1.632157713174819946e-02,4.008131474256515503e-02,1.616694331169128418e-01,1.198937520384788513e-01,-7.262996584177017212e-02,-7.498206943273544312e-02,1.324323415756225586e-01,2.163718640804290771e-01,1.358448415994644165e-01,1.140324026346206665e-01,-8.484169095754623413e-02,-2.162376642227172852e-01,3.425946235656738281e-01,2.729521095752716064e-01,4.910733103752136230e-01,4.758941233158111572e-01,3.525193035602569580e-01,2.448143362998962402e-01,3.388501405715942383e-01,2.285494357347488403e-01,3.637454807758331299e-01,4.045048058032989502e-01,2.856750488281250000e-01,2.685482203960418701e-01,3.109237253665924072e-01,2.079968601465225220e-01,3.865844756364822388e-02,1.020196005702018738e-01,3.316176831722259521e-01,2.924726307392120361e-01,4.153389930725097656e-01,3.371223807334899902e-01,3.483084738254547119e-01,3.230923712253570557e-01,1.394065469503402710e-01,1.156462356448173523e-01,1.169968321919441223e-01,1.200131550431251526e-01,2.607114911079406738e-01,1.536628454923629761e-01,4.547910392284393311e-01,3.682911396026611328e-01,2.248962670564651489e-01,1.623053252696990967e-01,3.992039561271667480e-01,3.510220944881439209e-01,3.860209882259368896e-01,2.055280953645706177e-01,1.281675398349761963e-01,4.846726544201374054e-03,-3.915486112236976624e-02,8.325126022100448608e-02,2.204903215169906616e-01,3.262893855571746826e-01,2.751848697662353516e-01,2.480656206607818604e-01,1.223133206367492676e-01,1.053581461310386658e-01,2.437310516834259033e-01,2.245086282491683960e-01,4.087936282157897949e-01,3.622007071971893311e-01,2.724824547767639160e-01,2.286823987960815430e-01,1.829679310321807861e-01,3.195466697216033936e-01,1.336541324853897095e-01,1.545417457818984985e-01,1.359029673039913177e-02,-2.241306006908416748e-02,-1.126497089862823486e-01,5.007676407694816589e-02,1.702203601598739624e-01,1.235736608505249023e-01
4.253561198711395264e-01,5.572406053543090820e-01,2.261516302824020386e-01,5.050502419471740723e-01,3.943546414375305176e-01,4.329946041107177734e-01,5.099523067474365234e-01,1.000000000000000000e+00,3.761290907859802246e-01,4.029162228107452393e-01,1.342365890741348267e-01,3.554521203041076660e-01,1.944318115711212158e-01,3.671292364597320557e-01,3.663806915283203125e-01,4.812448024749755859e-01,9.378390014171600342e-02,2.508149743080139160e-01,7.804335653781890869e-02,1.100510060787200928e-01,3.696605265140533447e-01,3.767410814762115479e-01,1.849390566349029541e-02,1.371724009513854980e-01,3.569124042987823486e-01,4.097321927547454834e-01,3.842650949954986572e-01,3.810048997402191162e-01,3.474735319614410400e-01,4.122905731201171875e-01,1.934115737676620483e-01,3.149012923240661621e-01,1.235447525978088379e-01,2.159647196531295776e-01,7.723446935415267944e-02,1.374036818742752075e-01,2.872449457645416260e-01,4.363018572330474854e-01,3.361890316009521484e-01,4.506936371326446533e-01,3.473661839962005615e-01,3.622984290122985840e-01,1.642798259854316711e-02,7.982117682695388794e-02,2.339919060468673706e-01,2.157615572214126587e-01,-7.804759591817855835e-02,-1.297985319979488850e-03,2.116136848926544189e-01,2.906316816806793213e-01,7.568923383951187134e-02,1.618809700012207031e-01,-1.632560640573501587e-01,-1.230121776461601257e-01,2.630110979080200195e-01,3.958156704902648926e-01,3.769114017486572266e-01,4.996200501918792725e-01,3.118053972721099854e-01,3.195115029811859131e-01,2.503993511199951172e-01,2.818928360939025879e-01,2.649451494216918945e-01,4.918485283851623535e-01,1.571835279464721680e-01,3.127343654632568359e-01,3.099011182785034180e-01,2.888611853122711182e-01,8.556056022644042969e-02,1.769280880689620972e-01,3.135762214660644531e-01,3.958747386932373047e-01,3.900640606880187988e-01,4.199911653995513916e-01,3.443564772605895996e-01,3.834124207496643066e-01,1.630294471979141235e-01,1.946197748184204102e-01,9.970694780349731445e-02,2.007027566432952881e-01,1.383398324251174927e-01,3.259477019309997559e-01,3.627772033214569092e-01,4.555691480636596680e-01,5.717889592051506042e-02,2.640798687934875488e-01,3.462761640548706055e-01,3.794311583042144775e-01,2.505653202533721924e-01,3.433930277824401855e-01,7.103677093982696533e-02,1.308117359876632690e-01,-6.959762424230575562e-02,2.642032131552696228e-02,2.713692784309387207e-01,3.760710656642913818e-01,3.034667074680328369e-01,3.095489740371704102e-01,1.151844784617424011e-01,2.418376505374908447e-01,1.402768790721893311e-01,1.283054202795028687e-01,2.902774512767791748e-01,2.603617012500762939e-01,1.977499723434448242e-01,2.118060737848281860e-01,1.761059761047363281e-01,2.959530055522918701e-01,2.345471829175949097e-01,3.288528323173522949e-01,3.704594448208808899e-02,-4.059631749987602234e-02,-9.887575358152389526e-02,3.834204375743865967e-02,1.282045394182205200e-01,8.058922737836837769e-02
3.867335021495819092e-01,3.883373737335205078e-01,-1.282660476863384247e-02,3.594074249267578125e-01,6.043582558631896973e-01,5.045232772827148438e-01,4.469399452209472656e-01,3.761290907859802246e-01,1.000000000000000000e+00,4.515364468097686768e-01,5.739574134349822998e-02,-1.826709695160388947e-02,2.974589765071868896e-01,-1.518535520881414413e-02,6.364480257034301758e-01,4.912354052066802979e-01,2.630445733666419983e-02,-5.077727511525154114e-02,6.304313987493515015e-02,-1.371368765830993652e-02,4.437782764434814453e-01,3.605528175830841064e-01,-1.348546445369720459e-01,-1.884541846811771393e-02,4.926561713218688965e-01,4.794305860996246338e-01,5.048771500587463379e-01,4.554190635681152344e-01,3.910554051399230957e-01,2.253817021846771240e-01,1.950371861457824707e-01,2.179061174392700195e-01,1.932623386383056641e-01,2.427074164152145386e-01,-9.556879103183746338e-02,-6.253301352262496948e-02,2.730006873607635498e-01,3.518791198730468750e-01,5.197986364364624023e-01,4.455316066741943359e-01,4.201404154300689697e-01,3.802403807640075684e-01,2.892433549277484417e-04,-1.159006729722023010e-03,2.314426898956298828e-01,1.018655747175216675e-01,-1.014983728528022766e-01,-9.298062324523925781e-02,8.589468896389007568e-02,1.082103922963142395e-01,9.614271670579910278e-02,-3.750441223382949829e-02,-1.017292067408561707e-01,-2.232125252485275269e-01,3.644265532493591309e-01,2.715685963630676270e-01,3.876587748527526855e-01,3.449860215187072754e-01,3.033375740051269531e-01,2.481405287981033325e-01,2.667160034179687500e-01,6.916841119527816772e-02,2.477034926414489746e-01,2.338223010301589966e-01,2.236486077308654785e-01,1.016767472028732300e-01,2.467259019613265991e-01,1.704419255256652832e-01,6.679844856262207031e-02,1.198086068034172058e-01,3.376744985580444336e-01,3.166044056415557861e-01,3.502677679061889648e-01,2.800483405590057373e-01,3.173090219497680664e-01,2.834528982639312744e-01,1.438761055469512939e-01,1.314184963703155518e-01,9.052694588899612427e-02,1.026986390352249146e-01,1.122867688536643982e-01,-6.975558400154113770e-02,5.706101059913635254e-01,3.324186503887176514e-01,9.010180085897445679e-02,-1.064232885837554932e-01,4.344825148582458496e-01,3.017813265323638916e-01,3.974278271198272705e-01,1.046012043952941895e-01,2.332486212253570557e-01,1.717045530676841736e-02,1.152977943420410156e-01,1.306935250759124756e-01,3.380640745162963867e-01,3.552799820899963379e-01,2.659057080745697021e-01,2.263952195644378662e-01,1.106807515025138855e-01,1.386202424764633179e-01,3.111624419689178467e-01,1.592946499586105347e-01,4.121524691581726074e-01,2.877812683582305908e-01,2.806728482246398926e-01,1.861668974161148071e-01,1.716078817844390869e-01,3.129552900791168213e-01,2.001942545175552368e-01,1.856227666139602661e-01,-1.574767678976058960e-01,-2.359160184860229492e-01,-1.807436347007751465e-01,1.287559140473604202e-02,1.349278092384338379e-01,1.349800229072570801e-01
3.865954577922821045e-01,3.890984952449798584e-01,1.150157824158668518e-01,3.268092870712280273e-01,5.156126618385314941e-01,5.921026468276977539e-01,4.023077785968780518e-01,4.029162228107452393e-01,4.515364468097686768e-01,1.000000000000000000e+00,-4.147963225841522217e-02,1.083617880940437317e-01,9.171372652053833008e-02,1.576547920703887939e-01,4.302890002727508545e-01,5.483636260032653809e-01,-1.145520899444818497e-02,7.982306927442550659e-02,-5.751226097345352173e-03,3.320467472076416016e-02,4.077241420745849609e-01,3.969527184963226318e-01,-2.536027133464813232e-02,8.181289583444595337e-02,4.888346493244171143e-01,5.466556549072265625e-01,5.050022602081298828e-01,4.895571470260620117e-01,3.181227445602416992e-01,3.089942634105682373e-01,2.254081368446350098e-01,2.478301823139190674e-01,2.052277177572250366e-01,2.706674337387084961e-01,5.854683369398117065e-02,4.042219743132591248e-02,2.982566654682159424e-01,3.111714124679565430e-01,4.431500732898712158e-01,4.074700474739074707e-01,4.217245876789093018e-01,4.082003831863403320e-01,-6.059415265917778015e-02,-4.053190723061561584e-02,1.919446587562561035e-01,1.027245074510574341e-01,-1.427022516727447510e-01,-1.321054250001907349e-01,8.935523033142089844e-02,1.983207613229751587e-01,-8.540965616703033447e-03,-4.145911894738674164e-03,-1.437238007783889771e-01,-2.070139497518539429e-01,2.898509204387664795e-01,3.034858107566833496e-01,3.751942515373229980e-01,3.696046471595764160e-01,2.690862417221069336e-01,2.303393185138702393e-01,2.900388836860656738e-01,1.096410304307937622e-01,2.223485112190246582e-01,3.071571290493011475e-01,2.822186648845672607e-01,1.704721599817276001e-01,2.774233520030975342e-01,1.780797690153121948e-01,1.052044034004211426e-01,1.489020735025405884e-01,2.966164052486419678e-01,3.073703646659851074e-01,3.334997892379760742e-01,3.341411650180816650e-01,3.113033473491668701e-01,3.393563926219940186e-01,9.099760651588439941e-02,8.660781383514404297e-02,7.048244029283523560e-02,9.240060299634933472e-02,4.818302392959594727e-02,9.005926549434661865e-02,4.250494241714477539e-01,4.871785342693328857e-01,5.275157466530799866e-02,8.727351576089859009e-02,4.134992957115173340e-01,4.860273301601409912e-01,3.427472710609436035e-01,2.736867070198059082e-01,9.594483673572540283e-02,9.640603512525558472e-02,-4.118306934833526611e-02,1.334961652755737305e-01,2.311494201421737671e-01,2.675430774688720703e-01,3.062832355499267578e-01,3.045932650566101074e-01,7.359149307012557983e-02,1.197814792394638062e-01,2.047483921051025391e-01,2.065993845462799072e-01,3.606027960777282715e-01,3.148812055587768555e-01,2.871435880661010742e-01,2.347533106803894043e-01,2.590061724185943604e-01,3.129544258117675781e-01,1.600047349929809570e-01,1.952612102031707764e-01,8.087426424026489258e-02,-4.123574867844581604e-02,-5.844032019376754761e-02,1.172312572598457336e-01,1.715255081653594971e-01,1.634883731603622437e-01
6.098135560750961304e-02,-2.821289747953414917e-02,5.526976287364959717e-02,1.084695011377334595e-01,-7.431073486804962158e-02,-5.784664675593376160e-02,1.251349747180938721e-01,1.342365890741348267e-01,5.739574134349822998e-02,-4.147963225841522217e-02,1.000000000000000000e+00,3.657605350017547607e-01,4.426675736904144287e-01,2.574088573455810547e-01,1.183999609202146530e-02,3.350131213665008545e-03,5.210859775543212891e-01,3.993316292762756348e-01,-2.111667767167091370e-03,5.029173567891120911e-02,1.367490887641906738e-01,6.403787434101104736e-02,1.104635223746299744e-01,1.106730327010154724e-01,-5.983005091547966003e-02,2.136624045670032501e-02,4.456001147627830505e-02,5.202096700668334961e-02,2.921558022499084473e-01,2.616078257560729980e-01,1.284076422452926636e-01,2.314421236515045166e-01,7.603292167186737061e-02,6.954076141119003296e-02,9.610440582036972046e-02,1.597994118928909302e-01,7.720322906970977783e-02,9.236437827348709106e-02,-4.362048208713531494e-02,5.176814645528793335e-02,-7.462726533412933350e-02,-6.127869710326194763e-02,2.496218681335449219e-01,2.203585952520370483e-01,1.202533487230539322e-02,-2.707853168249130249e-02,3.259789049625396729e-01,2.805462181568145752e-01,-1.112703233957290649e-01,-2.079782932996749878e-01,4.052324220538139343e-02,-4.806461185216903687e-02,1.427723020315170288e-01,9.527309983968734741e-02,2.396377921104431152e-02,-3.141100704669952393e-02,-4.235828295350074768e-02,-5.897544324398040771e-02,-4.760949686169624329e-02,-7.503427565097808838e-02,-5.540022253990173340e-02,-9.946238249540328979e-02,-1.597451567649841309e-01,-1.207926273345947266e-01,-6.572175025939941406e-02,-1.586388349533081055e-01,3.059604018926620483e-02,-1.682126894593238831e-02,-2.954059280455112457e-02,-4.464467521756887436e-03,9.308919310569763184e-02,1.357118487358093262e-01,1.402979344129562378e-01,1.384888738393783569e-01,9.592666476964950562e-02,1.000097095966339111e-01,1.791988611221313477e-01,1.661034226417541504e-01,3.683354556560516357e-01,3.834647238254547119e-01,3.819046914577484131e-01,2.838718593120574951e-01,-4.112434759736061096e-02,-3.723880648612976074e-02,2.124487012624740601e-01,1.321683079004287720e-01,-1.889814138412475586e-01,-2.186218947172164917e-01,1.029944568872451782e-01,2.013151533901691437e-02,-1.307841986417770386e-01,-1.423731148242950439e-01,-2.789480686187744141e-01,-2.349704355001449585e-01,9.765876829624176025e-02,1.322939544916152954e-01,1.204157620668411255e-01,4.523405805230140686e-02,6.053305044770240784e-02,3.670385107398033142e-02,-8.346481621265411377e-02,-7.615790516138076782e-02,9.016663767397403717e-03,-3.393049584701657295e-03,1.570486575365066528e-01,1.687704622745513916e-01,5.074680596590042114e-02,1.961296796798706055e-02,1.778139024972915649e-01,7.720091938972473145e-02,1.220597028732299805e-01,1.243069767951965332e-01,4.882839508354663849e-03,6.024467200040817261e-02,2.257916182279586792e-01,2.288859039545059204e-01
1.245510280132293701e-01,2.151113301515579224e-01,1.808806657791137695e-01,2.383976280689239502e-01,-8.032809011638164520e-03,9.583464264869689941e-02,1.962510198354721069e-01,3.554521203041076660e-01,-1.826709695160388947e-02,1.083617880940437317e-01,3.657605350017547607e-01,1.000000000000000000e+00,2.073525488376617432e-01,5.536286234855651855e-01,-9.037362411618232727e-03,1.528675109148025513e-01,3.149954080581665039e-01,5.348631143569946289e-01,-1.726448163390159607e-02,4.097232222557067871e-02,1.252260357141494751e-01,1.716583818197250366e-01,1.915249079465866089e-01,2.337078154087066650e-01,4.287239536643028259e-02,1.373365372419357300e-01,1.202456131577491760e-01,1.550167351961135864e-01,1.850672960281372070e-01,4.390702545642852783e-01,1.061078757047653198e-01,2.702586948871612549e-01,3.209371864795684814e-02,9.419150650501251221e-02,1.063772067427635193e-01,1.597776561975479126e-01,1.273899525403976440e-01,2.506104707717895508e-01,-2.825508639216423035e-02,1.758716702461242676e-01,3.890247084200382233e-03,1.094012632966041565e-01,5.602444708347320557e-02,1.246147230267524719e-01,-1.138924900442361832e-02,1.010574996471405029e-01,1.509354412555694580e-01,1.977762430906295776e-01,1.667474769055843353e-02,4.034049436450004578e-02,-9.183443337678909302e-02,9.996882081031799316e-02,-5.214371532201766968e-02,8.588752895593643188e-02,4.290136322379112244e-02,2.297308892011642456e-01,-1.116290688514709473e-02,1.900580525398254395e-01,-1.282469369471073151e-02,-9.439030662178993225e-03,-1.690809428691864014e-02,1.451752036809921265e-01,-5.422869697213172913e-03,2.393372803926467896e-01,-7.375400513410568237e-02,9.435904026031494141e-02,1.335982792079448700e-02,1.362054795026779175e-02,-4.222113266587257385e-02,8.535748347640037537e-03,5.228003486990928650e-02,1.783893406391143799e-01,1.502808928489685059e-01,3.234261572360992432e-01,1.521513164043426514e-01,2.592780888080596924e-01,5.508282780647277832e-02,9.409802407026290894e-02,2.008305639028549194e-01,3.400300145149230957e-01,2.242287397384643555e-01,5.543439984321594238e-01,-6.122991442680358887e-03,2.580583393573760986e-01,6.006351858377456665e-02,4.568465054035186768e-01,-6.139813736081123352e-02,6.225168332457542419e-02,-6.265971343964338303e-03,3.159304261207580566e-01,-9.451320022344589233e-02,8.923591673374176025e-02,-2.049479782581329346e-01,-1.732574999332427979e-01,-1.959421904757618904e-03,1.387365758419036865e-01,1.550470590591430664e-01,1.518751233816146851e-01,1.225968301296234131e-01,2.128782719373703003e-01,-9.330803155899047852e-02,8.527528494596481323e-03,-3.393487771973013878e-03,4.377292841672897339e-02,6.001348420977592468e-02,1.397308111190795898e-01,9.729406237602233887e-02,9.360989928245544434e-02,1.193272396922111511e-01,1.951269209384918213e-01,2.130523473024368286e-01,2.097624838352203369e-01,4.021960496902465820e-02,-2.018644846975803375e-02,1.228875964879989624e-01,7.182235270738601685e-02
1.958330273628234863e-01,7.963392138481140137e-02,4.293196275830268860e-02,1.887681037187576294e-01,1.878146976232528687e-01,9.734529256820678711e-02,3.004549741744995117e-01,1.944318115711212158e-01,2.974589765071868896e-01,9.171372652053833008e-02,4.426675736904144287e-01,2.073525488376617432e-01,1.000000000000000000e+00,2.056119590997695923e-01,2.764361202716827393e-01,9.912697225809097290e-02,3.882415890693664551e-01,1.988418400287628174e-01,4.860045760869979858e-02,1.270539220422506332e-02,2.007486671209335327e-01,1.162443533539772034e-01,1.864209957420825958e-02,6.204208359122276306e-02,1.964566856622695923e-01,2.111892104148864746e-01,2.273261696100234985e-01,1.890646964311599731e-01,3.785615861415863037e-01,2.404553592205047607e-01,2.231495827436447144e-01,2.803905010223388672e-01,8.998128771781921387e-02,8.439126610755920410e-02,-6.984937191009521484e-02,-2.067836374044418335e-02,1.034332513809204102e-01,2.035704404115676880e-01,1.219542473554611206e-01,1.734240502119064331e-01,3.242829814553260803e-02,2.494958974421024323e-02,1.022948995232582092e-01,6.610675156116485596e-02,5.757586658000946045e-02,-4.168666433542966843e-03,1.246872693300247192e-01,5.243155360221862793e-02,-2.431015856564044952e-02,-1.047974973917007446e-01,9.100252389907836914e-02,-7.244148105382919312e-02,1.101637110114097595e-01,-3.521602973341941833e-02,2.090132981538772583e-01,1.049795746803283691e-01,1.444919556379318237e-01,4.111211001873016357e-02,6.516428291797637939e-02,4.048012662678956985e-03,7.963270694017410278e-02,-8.024173229932785034e-02,1.022012904286384583e-02,-4.952102154493331909e-02,1.012073829770088196e-02,-8.017709851264953613e-02,6.088438630104064941e-02,-2.117835171520709991e-02,1.474733464419841766e-02,4.765680804848670959e-02,2.266296595335006714e-01,1.832236498594284058e-01,2.232085913419723511e-01,1.402469426393508911e-01,2.002982348203659058e-01,1.265029758214950562e-01,1.845760047435760498e-01,1.559359133243560791e-01,2.327391207218170166e-01,2.385743707418441772e-01,3.963916003704071045e-01,1.316557377576828003e-01,2.255985289812088013e-01,5.659719184041023254e-02,3.070151805877685547e-01,8.184979110956192017e-02,6.075517088174819946e-02,-4.343023896217346191e-02,2.846027612686157227e-01,8.971451222896575928e-02,6.684859842061996460e-02,-7.467639446258544922e-02,-1.197057962417602539e-01,-1.411882340908050537e-01,1.397367864847183228e-01,1.859368383884429932e-01,1.996028423309326172e-01,1.554437875747680664e-01,1.208357736468315125e-01,5.341690033674240112e-02,6.032757833600044250e-02,-2.467297017574310303e-03,1.346442550420761108e-01,7.014398276805877686e-02,1.631844937801361084e-01,1.157357096672058105e-01,3.365429118275642395e-02,1.003996953368186951e-01,1.776635646820068359e-01,1.333924829959869385e-01,4.095148295164108276e-02,5.992045626044273376e-03,-8.935571461915969849e-02,5.846676882356405258e-03,1.650336235761642456e-01,1.229207366704940796e-01
