1.000000000000000000e+00,2.039265334606170654e-01,3.841444253921508789e-01,5.225460529327392578e-01,1.226781215518712997e-02,6.836590915918350220e-02,3.856202960014343262e-01,4.169357717037200928e-01,-1.322645545005798340e-01,4.961569979786872864e-02,5.072336196899414062e-01,2.731036841869354248e-01,3.084998726844787598e-01,3.131746351718902588e-01,8.846594952046871185e-03,4.464907571673393250e-02,7.095602899789810181e-02,7.276754081249237061e-02,3.338401317596435547e-01,4.085069298744201660e-01,1.764592677354812622e-01,9.699245542287826538e-02,5.049211904406547546e-02,1.971950531005859375e-01,-1.712210103869438171e-02,-6.193315982818603516e-02,8.011496067047119141e-02,-1.245823651552200317e-01,2.913599014282226562e-01,2.564843893051147461e-01,-2.663508802652359009e-02,4.438449814915657043e-02,1.885293573141098022e-01,1.292468458414077759e-01,-8.360241353511810303e-02,-8.779681473970413208e-02,1.644250899553298950e-01,1.082774624228477478e-02,1.075604557991027832e-01,9.187534451484680176e-02,6.518633570522069931e-03,2.273054420948028564e-02,6.303446739912033081e-02,-5.546287819743156433e-02,3.998135775327682495e-02,-9.655636548995971680e-02,1.206808164715766907e-01,-3.084229119122028351e-02,1.971297711133956909e-01,-6.142321228981018066e-02,1.542707979679107666e-01,-7.539925724267959595e-02,1.732587218284606934e-01,-6.145401671528816223e-02,2.287682145833969116e-01,8.409403264522552490e-02,3.484805226325988770e-01,5.266401171684265137e-02,6.927806138992309570e-02,-5.004812031984329224e-02,1.772795170545578003e-01,-8.659215271472930908e-02,2.642590701580047607e-01,8.310806937515735626e-03,1.598430722951889038e-01,-7.864870876073837280e-02,2.094170302152633667e-01,8.182620257139205933e-02,5.374388098716735840e-01,4.409783780574798584e-01,1.083334311842918396e-01,6.500433385372161865e-02,2.907652556896209717e-01,1.933390498161315918e-01,-4.061629250645637512e-02,1.927974633872509003e-02,8.828654885292053223e-02,2.985032834112644196e-02,6.123573333024978638e-02,1.516739726066589355e-01,6.518109887838363647e-02,-1.966531015932559967e-02,1.134201958775520325e-01,-1.283787339925765991e-01,3.199539482593536377e-01,-5.303084477782249451e-02,5.157442018389701843e-02,-2.410015836358070374e-02,2.854932844638824463e-01,3.402724117040634155e-02,2.344938218593597412e-01,7.496921718120574951e-02,3.274160325527191162e-01,1.124018132686614990e-01,4.124058037996292114e-02,1.636373996734619141e-01,1.923981681466102600e-02,-9.828256443142890930e-04,2.548339962959289551e-01,1.915379464626312256e-01,2.663467526435852051e-01,6.273458898067474365e-02,2.125037312507629395e-01,4.210526496171951294e-02,2.130462229251861572e-01,1.795309185981750488e-01,1.296875327825546265e-01,4.661403596401214600e-02,-1.248497664928436279e-01,5.538636073470115662e-02,5.256878584623336792e-02,1.616866886615753174e-01,2.354565560817718506e-01,2.761406004428863525e-01,2.412398606538772583e-01,2.976214885711669922e-01
2.039265334606170654e-01,1.000000000000000000e+00,4.326617717742919922e-02,2.588806748390197754e-01,-2.723300131037831306e-03,5.625278875231742859e-02,1.425365172326564789e-02,1.211749315261840820e-01,1.705813407897949219e-01,2.114983797073364258e-01,3.755218163132667542e-02,3.395993709564208984e-01,2.103912085294723511e-01,1.755612641572952271e-01,-3.406332060694694519e-02,9.303374215960502625e-03,1.321948766708374023e-01,4.948685765266418457e-01,1.281653642654418945e-01,2.422298192977905273e-01,5.806743353605270386e-02,-1.925815944559872150e-03,4.253834113478660583e-02,1.127737984061241150e-01,1.985246241092681885e-01,-6.060199439525604248e-02,-6.464289128780364990e-02,-6.152068078517913818e-02,1.485137045383453369e-01,1.884620785713195801e-01,-9.936910867691040039e-02,-5.135227367281913757e-02,2.886735498905181885e-01,3.341751992702484131e-01,-4.914765059947967529e-02,-1.731474697589874268e-01,5.384247004985809326e-02,1.757171601057052612e-01,1.005478426814079285e-01,1.148415654897689819e-01,2.027884423732757568e-01,1.985787898302078247e-01,3.271299004554748535e-01,3.428285717964172363e-01,2.747332453727722168e-01,4.275445640087127686e-01,2.352977991104125977e-01,3.425418436527252197e-01,4.063890874385833740e-01,4.998386204242706299e-01,4.968967437744140625e-01,5.600320696830749512e-01,3.897068202495574951e-01,2.918118238449096680e-01,1.300493031740188599e-01,2.549075186252593994e-01,4.585577547550201416e-01,5.606733560562133789e-01,3.580328822135925293e-01,3.791173398494720459e-01,3.084944486618041992e-01,3.724654614925384521e-01,8.853426575660705566e-02,1.674329936504364014e-01,3.494622111320495605e-01,4.304622411727905273e-01,2.763349413871765137e-01,2.758309543132781982e-01,3.262662291526794434e-01,2.309768944978713989e-01,-1.505259238183498383e-02,-2.823973447084426880e-02,6.868842989206314087e-02,1.433468312025070190e-01,-8.331481367349624634e-02,7.615917921066284180e-02,-5.552842747420072556e-03,6.304964423179626465e-02,2.420811355113983154e-01,1.379529833793640137e-01,2.199883908033370972e-01,3.773767650127410889e-01,2.108650505542755127e-01,3.119980990886688232e-01,3.918626904487609863e-01,5.562649965286254883e-01,2.719646096229553223e-01,2.588045895099639893e-01,2.361800819635391235e-01,3.189998567104339600e-01,1.294385790824890137e-01,1.036808565258979797e-01,3.358476161956787109e-01,5.145832896232604980e-01,-6.114950869232416153e-03,1.184401214122772217e-01,-1.933919079601764679e-02,-2.869864366948604584e-02,1.209418475627899170e-01,1.704871505498886108e-01,3.056352138519287109e-01,3.839428722858428955e-01,2.121562808752059937e-01,2.884922027587890625e-01,3.087167739868164062e-01,2.840803861618041992e-01,5.129434913396835327e-02,2.435086816549301147e-01,-6.962273269891738892e-02,-5.126471444964408875e-02,-3.759981319308280945e-02,4.796744510531425476e-02,2.653454542160034180e-01,1.314277499914169312e-01,1.109964624047279358e-01,1.721043288707733154e-01
3.841444253921508789e-01,4.326617717742919922e-02,1.000000000000000000e+00,5.312362313270568848e-01,7.037919014692306519e-02,1.185315102338790894e-01,5.423253178596496582e-01,4.563461840152740479e-01,1.271428018808364868e-01,1.494901925325393677e-01,2.664340138435363770e-01,1.687450557947158813e-01,3.354821801185607910e-01,3.778230249881744385e-01,1.309420764446258545e-01,7.410711795091629028e-02,2.833817899227142334e-01,1.081033647060394287e-01,3.082091808319091797e-01,2.456273138523101807e-01,1.148485466837882996e-01,1.365369111299514771e-01,3.347325623035430908e-01,3.394823670387268066e-01,1.016367673873901367e-01,1.082526296377182007e-01,1.006112322211265564e-01,3.697450459003448486e-02,4.820044934749603271e-01,2.999659180641174316e-01,2.732964754104614258e-01,3.306113183498382568e-01,2.055477946996688843e-01,2.222981899976730347e-01,8.313386142253875732e-02,1.044987514615058899e-01,1.377638131380081177e-01,9.644957631826400757e-02,8.226814121007919312e-02,1.344168186187744141e-01,8.861025422811508179e-02,1.078733708709478378e-03,1.409291476011276245e-01,6.341037154197692871e-02,1.421128213405609131e-01,-1.104705780744552612e-02,8.960799872875213623e-02,6.586317718029022217e-02,3.528184816241264343e-02,-6.910945475101470947e-02,-2.921627089381217957e-02,-4.855705797672271729e-02,-1.483407430350780487e-02,-9.053061157464981079e-02,6.744121015071868896e-02,1.205200478434562683e-01,1.855499595403671265e-01,3.645243868231773376e-02,1.805943399667739868e-01,4.133039712905883789e-02,1.132411211729049683e-01,-6.725828349590301514e-02,3.181324005126953125e-01,-2.538473159074783325e-02,2.249500155448913574e-01,2.490958198904991150e-03,3.429655432701110840e-01,2.655974328517913818e-01,2.028920352458953857e-01,2.096562832593917847e-01,2.502864897251129150e-01,2.146416604518890381e-01,3.645300567150115967e-01,1.625861078500747681e-01,1.406774669885635376e-01,1.327958703041076660e-01,1.065442040562629700e-01,9.882585704326629639e-02,2.859667241573333740e-01,2.258336991071701050e-01,2.177852243185043335e-01,7.100009918212890625e-02,1.899304687976837158e-01,-9.667929261922836304e-02,2.777591943740844727e-01,8.335725218057632446e-02,1.131292730569839478e-01,1.472915895283222198e-02,2.264446318149566650e-01,1.982478946447372437e-01,1.296688169240951538e-01,1.026140898466110229e-01,1.800221651792526245e-01,1.685054898262023926e-01,8.380866609513759613e-03,1.217744722962379456e-01,4.343406856060028076e-02,1.255700886249542236e-01,1.742240041494369507e-01,1.741717010736465454e-01,1.773976087570190430e-01,8.257556706666946411e-02,1.911336034536361694e-01,2.988958917558193207e-02,1.129777058959007263e-01,1.638890206813812256e-01,1.462906002998352051e-01,6.233408674597740173e-02,-3.161255735903978348e-03,8.543843030929565430e-02,2.945649065077304840e-02,1.369034945964813232e-01,2.194650471210479736e-01,2.458468526601791382e-01,1.359555870294570923e-01,9.657672047615051270e-02
5.225460529327392578e-01,2.588806748390197754e-01,5.312362313270568848e-01,1.000000000000000000e+00,-3.478229045867919922e-02,1.336325556039810181e-01,4.157369732856750488e-01,7.480068206787109375e-01,2.281270734965801239e-02,1.765959113836288452e-01,3.358822464942932129e-01,4.256460666656494141e-01,3.366613090038299561e-01,5.655362010002136230e-01,1.354505717754364014e-01,7.984993606805801392e-02,3.262782692909240723e-01,1.518785059452056885e-01,4.931311905384063721e-01,5.018172860145568848e-01,2.105306833982467651e-01,1.384971737861633301e-01,3.046796917915344238e-01,5.955350399017333984e-01,7.573451148346066475e-05,9.361886233091354370e-02,1.861931569874286652e-02,-1.247663125395774841e-01,3.988408148288726807e-01,2.877255380153656006e-01,3.830696269869804382e-02,1.752832084894180298e-01,3.762146532535552979e-01,3.074913620948791504e-01,2.985533699393272400e-02,-9.179036319255828857e-02,1.260461807250976562e-01,1.599795520305633545e-01,1.594138443470001221e-01,1.937683969736099243e-01,1.112345159053802490e-01,3.192447125911712646e-02,1.432999223470687866e-01,4.510934278368949890e-02,1.428731977939605713e-01,-1.585210859775543213e-02,1.711280047893524170e-01,8.485514670610427856e-02,1.746787279844284058e-01,-1.699657365679740906e-02,1.698888987302780151e-01,1.023819148540496826e-01,1.868847906589508057e-01,1.958679407835006714e-02,1.990079134702682495e-01,2.755870223045349121e-01,3.585765063762664795e-01,1.004277095198631287e-01,1.451522111892700195e-01,-5.015432834625244141e-03,1.799593716859817505e-01,-1.190310195088386536e-01,2.399542778730392456e-01,-6.003997847437858582e-02,1.925208717584609985e-01,3.701692819595336914e-02,2.921452820301055908e-01,1.931887269020080566e-01,4.539745151996612549e-01,4.392666816711425781e-01,1.871054768562316895e-01,1.250977218151092529e-01,4.361929595470428467e-01,2.062541991472244263e-01,6.906980276107788086e-02,1.099760457873344421e-01,7.872775197029113770e-02,1.497441437095403671e-02,3.051925301551818848e-01,1.388259977102279663e-01,2.145759761333465576e-01,8.207563310861587524e-02,1.191532239317893982e-01,2.987703867256641388e-02,3.376069664955139160e-01,1.526005417108535767e-01,4.515004903078079224e-02,2.117643877863883972e-02,2.920512259006500244e-01,2.347993552684783936e-01,2.182927727699279785e-01,1.831043958663940430e-01,3.531714379787445068e-01,2.133076637983322144e-01,-1.885235076770186424e-03,1.883017122745513916e-01,7.092752307653427124e-02,7.192608714103698730e-02,2.426912635564804077e-01,2.243832498788833618e-01,2.928143143653869629e-01,1.245332211256027222e-01,3.138906657695770264e-01,1.231431663036346436e-01,2.142298519611358643e-01,1.522462815046310425e-01,1.686445027589797974e-01,1.208326518535614014e-01,-2.175571173429489136e-01,-7.283651083707809448e-02,2.012395998463034630e-03,2.248859405517578125e-01,2.771429121494293213e-01,2.864932119846343994e-01,1.820675879716873169e-01,1.654893159866333008e-01
1.226781215518712997e-02,-2.723300131037831306e-03,7.037919014692306519e-02,-3.478229045867919922e-02,1.000000000000000000e+00,3.124562799930572510e-01,1.646739616990089417e-02,-2.183463424444198608e-02,2.267848551273345947e-01,1.522901058197021484e-01,9.013635665178298950e-02,6.290100514888763428e-02,1.530587077140808105e-01,1.073606163263320923e-01,3.572233617305755615e-01,2.348480373620986938e-01,1.112028062343597412e-01,1.665339618921279907e-02,1.081224903464317322e-01,2.638652175664901733e-02,-2.449997409712523222e-04,1.490213125944137573e-01,2.433672547340393066e-01,7.449045032262802124e-02,2.338764816522598267e-01,2.391166239976882935e-01,4.728014767169952393e-01,2.915569543838500977e-01,1.571119278669357300e-01,1.905117928981781006e-01,3.075309693813323975e-01,2.593409717082977295e-01,9.614532440900802612e-02,4.967005550861358643e-02,2.240393608808517456e-01,2.202234715223312378e-01,1.232230216264724731e-01,3.184638917446136475e-02,4.891848191618919373e-02,1.866267062723636627e-02,1.781601756811141968e-01,2.267386317253112793e-01,-1.035364437848329544e-02,1.363119482994079590e-02,1.952783316373825073e-01,1.197138130664825439e-01,-3.395208716392517090e-02,-3.504974022507667542e-02,8.926218748092651367e-02,1.163784563541412354e-01,4.162380006164312363e-03,1.009513158351182938e-02,-5.040940642356872559e-02,-3.788250032812356949e-03,2.044683098793029785e-01,1.856458187103271484e-02,4.773184657096862793e-02,9.056351333856582642e-02,1.944087743759155273e-01,2.132048606872558594e-01,9.995722025632858276e-02,8.047477900981903076e-02,1.429231166839599609e-01,1.821727305650711060e-01,1.113037467002868652e-01,9.519423544406890869e-02,1.564557403326034546e-01,2.015276700258255005e-01,3.710807487368583679e-02,7.532344665378332138e-03,5.539488047361373901e-02,-5.036583635956048965e-03,1.474348753690719604e-01,1.149533018469810486e-01,-1.603348553180694580e-01,-2.086713314056396484e-01,1.541131138801574707e-01,1.504349261522293091e-01,1.066853031516075134e-01,1.983236968517303467e-01,1.473672389984130859e-01,1.694237440824508667e-01,9.592207521200180054e-02,1.154647767543792725e-02,1.220260262489318848e-01,1.226763650774955750e-01,-1.760973781347274780e-02,-8.494297508150339127e-04,1.035858020186424255e-01,2.821233868598937988e-02,3.711279109120368958e-02,8.216591179370880127e-02,-1.572600938379764557e-02,-1.670110039412975311e-02,6.600270420312881470e-02,2.915829978883266449e-02,2.794035710394382477e-02,7.956769317388534546e-02,1.553110927343368530e-01,1.722203940153121948e-01,-8.644737303256988525e-02,-2.558740787208080292e-02,-1.062483936548233032e-01,-3.842994943261146545e-02,-4.406826570630073547e-02,-2.413070760667324066e-02,-4.330638423562049866e-02,-1.040009781718254089e-01,6.455700844526290894e-02,1.545982360839843750e-01,2.195815443992614746e-01,2.384486645460128784e-01,5.299957934767007828e-03,1.688631065189838409e-02,5.299636721611022949e-02,-4.208794981241226196e-02
6.836590915918350220e-02,5.625278875231742859e-02,1.185315102338790894e-01,1.336325556039810181e-01,3.124562799930572510e-01,1.000000000000000000e+00,-6.255513057112693787e-03,1.663313210010528564e-01,1.754179894924163818e-01,4.406639635562896729e-01,1.453369259834289551e-01,2.198011875152587891e-01,9.268431365489959717e-02,2.183776050806045532e-01,2.482649534940719604e-01,3.321621716022491455e-01,1.530514061450958252e-01,8.706634864211082458e-03,1.471228152513504028e-01,8.831010758876800537e-02,2.001125812530517578e-01,1.811727285385131836e-01,3.430303931236267090e-01,1.479840427637100220e-01,1.809891909360885620e-01,1.525861620903015137e-01,3.345706760883331299e-01,3.418428003787994385e-01,2.605564892292022705e-01,2.491814047098159790e-01,3.215333521366119385e-01,3.722185194492340088e-01,1.782884448766708374e-01,9.604414552450180054e-02,1.548150330781936646e-01,9.306035935878753662e-02,6.979370117187500000e-02,1.238844469189643860e-01,1.117219179868698120e-01,1.865920871496200562e-01,2.300677597522735596e-01,2.373638153076171875e-01,4.446810111403465271e-02,8.205388486385345459e-02,2.216968685388565063e-01,1.240922361612319946e-01,-3.596343100070953369e-02,-1.825949875637888908e-03,2.013379782438278198e-01,1.417489647865295410e-01,5.144605040550231934e-02,6.028309464454650879e-02,-1.962001062929630280e-02,9.460178017616271973e-02,1.436786651611328125e-01,1.442833095788955688e-01,9.718798846006393433e-02,7.445382326841354370e-02,3.316402435302734375e-01,2.800791859626770020e-01,2.168913334608078003e-01,1.380066573619842529e-01,2.129788398742675781e-01,1.611898094415664673e-01,2.098368555307388306e-01,1.567655056715011597e-01,3.320644795894622803e-01,2.915008664131164551e-01,1.893373131752014160e-01,8.064779639244079590e-02,2.819395363330841064e-01,1.500380337238311768e-01,2.139895260334014893e-01,1.922120004892349243e-01,1.001230925321578979e-01,4.604042042046785355e-03,1.951777786016464233e-01,1.956804096698760986e-01,1.784275323152542114e-01,1.380276530981063843e-01,1.685534268617630005e-01,1.519299298524856567e-01,2.515688538551330566e-01,1.964088380336761475e-01,1.419907063245773315e-01,1.940044462680816650e-01,1.304160952568054199e-01,5.234592780470848083e-02,7.013420760631561279e-02,1.294677406549453735e-01,4.926177114248275757e-02,3.155804798007011414e-02,-4.230271279811859131e-02,-7.521937787532806396e-02,3.922899067401885986e-02,-8.705573529005050659e-02,3.657936677336692810e-02,7.322666700929403305e-03,3.706476092338562012e-02,1.175514329224824905e-02,-2.091881446540355682e-02,2.673197910189628601e-02,7.150950282812118530e-02,2.478815615177154541e-02,-5.992205813527107239e-02,-1.277408897876739502e-01,1.113276109099388123e-01,8.128006756305694580e-02,-1.939388737082481384e-02,4.391173273324966431e-02,7.207294553518295288e-02,1.716854609549045563e-02,-1.918896473944187164e-02,-2.569546923041343689e-02,-1.470453664660453796e-02,-3.726226836442947388e-02
3.856202960014343262e-01,1.425365172326564789e-02,5.423253178596496582e-01,4.157369732856750488e-01,1.646739616990089417e-02,-6.255513057112693787e-03,1.000000000000000000e+00,4.695253074169158936e-01,-1.731240376830101013e-02,-2.309934049844741821e-02,3.573721647262573242e-01,2.646802961826324463e-01,5.270988345146179199e-01,3.655320405960083008e-01,1.816199161112308502e-02,-2.144879698753356934e-01,1.686823070049285889e-01,2.223089188337326050e-01,1.180784925818443298e-01,6.447931379079818726e-02,1.221434101462364197e-01,1.344102770090103149e-01,-3.175314143300056458e-02,4.405485093593597412e-02,4.903826629742980003e-04,-2.391422539949417114e-02,8.184403926134109497e-02,-1.739461347460746765e-02,2.804330885410308838e-01,2.259356230497360229e-01,1.154451444745063782e-01,5.842082202434539795e-02,-8.044585119932889938e-04,4.652236402034759521e-02,-3.911655768752098083e-02,1.020711883902549744e-01,2.383351325988769531e-01,3.544659912586212158e-02,1.012393459677696228e-01,6.927268952131271362e-02,8.061964064836502075e-02,4.159361869096755981e-02,1.371116638183593750e-01,1.429376890882849693e-03,3.052147105336189270e-02,-5.481976084411144257e-03,-4.145824164152145386e-02,6.666975468397140503e-02,-5.669731274247169495e-02,-8.560852706432342529e-02,-1.251285523176193237e-01,-6.656485795974731445e-02,-2.065675109624862671e-01,-2.059084028005599976e-01,-2.421545609831809998e-02,-2.028339542448520660e-02,1.128395348787307739e-01,1.604781299829483032e-01,7.082291692495346069e-02,-3.273689001798629761e-02,5.107042565941810608e-02,-9.326440840959548950e-02,2.227753996849060059e-01,-5.649226158857345581e-02,2.212271690368652344e-01,-3.107851557433605194e-02,1.805588901042938232e-01,1.664227992296218872e-01,8.325141668319702148e-02,7.179706543684005737e-02,1.277562230825424194e-01,2.016792297363281250e-01,2.454123198986053467e-01,1.751163601875305176e-01,8.870877325534820557e-03,5.936065688729286194e-02,8.992245048284530640e-02,8.912845700979232788e-02,1.769590228796005249e-01,1.646734327077865601e-01,1.811821758747100830e-01,1.599308848381042480e-01,4.826952144503593445e-02,-9.041838347911834717e-02,3.036203980445861816e-01,8.558858186006546021e-02,1.272643059492111206e-01,1.563399434089660645e-01,2.054532170295715332e-01,2.678198218345642090e-01,-1.336817513220012188e-04,1.217403560876846313e-01,1.427412778139114380e-01,3.116967678070068359e-01,3.350876271724700928e-03,1.537099033594131470e-01,3.586388379335403442e-02,1.325347274541854858e-01,8.883097767829895020e-02,1.843328177928924561e-01,2.019286900758743286e-01,1.675356775522232056e-01,1.639603227376937866e-01,1.633626371622085571e-01,9.684937447309494019e-02,2.772184014320373535e-01,1.470111310482025146e-01,7.924195379018783569e-02,-2.111043408513069153e-02,1.398020386695861816e-01,8.180601149797439575e-02,1.529254615306854248e-01,2.841795682907104492e-01,3.700673282146453857e-01,1.571673452854156494e-01,1.424812674522399902e-01
4.169357717037200928e-01,1.211749315261840820e-01,4.563461840152740479e-01,7.480068206787109375e-01,-2.183463424444198608e-02,1.663313210010528564e-01,4.695253074169158936e-01,1.000000000000000000e+00,2.727153338491916656e-02,2.739421427249908447e-01,2.985012829303741455e-01,3.651770353317260742e-01,3.354264795780181885e-01,6.489405035972595215e-01,1.466956287622451782e-01,1.055185049772262573e-01,3.367695808410644531e-01,9.085092693567276001e-02,3.270215094089508057e-01,3.031364083290100098e-01,2.099565267562866211e-01,1.079532802104949951e-01,2.826372385025024414e-01,4.715140461921691895e-01,-3.743961080908775330e-02,1.247574090957641602e-01,2.437754534184932709e-02,-1.246221214532852173e-01,3.926807641983032227e-01,3.426213562488555908e-01,7.297623157501220703e-02,2.125205397605895996e-01,2.885266542434692383e-01,2.374674528837203979e-01,8.612443506717681885e-02,-3.476563096046447754e-02,1.190204992890357971e-01,1.963860690593719482e-01,8.590805530548095703e-02,1.613501906394958496e-01,1.058582365512847900e-01,7.108741998672485352e-02,6.752270460128784180e-02,4.732025787234306335e-02,7.371721416711807251e-02,-5.734407156705856323e-02,1.373392343521118164e-01,7.436731457710266113e-02,8.925479650497436523e-02,-8.646728098392486572e-02,5.058265477418899536e-02,9.910133667290210724e-03,3.315465152263641357e-02,-4.534614086151123047e-02,1.401235312223434448e-01,2.582091093063354492e-01,2.605222165584564209e-01,-1.141098700463771820e-02,1.148039475083351135e-01,-4.679355397820472717e-02,1.714132428169250488e-01,-1.605605334043502808e-01,2.072782814502716064e-01,-9.019033610820770264e-02,1.581241041421890259e-01,-5.241251084953546524e-03,2.649717032909393311e-01,1.803754121065139771e-01,3.348863124847412109e-01,2.690192759037017822e-01,1.006351932883262634e-01,1.912311464548110962e-01,4.389523267745971680e-01,2.160399109125137329e-01,1.441352367401123047e-01,1.110029369592666626e-01,1.719468832015991211e-01,5.466189235448837280e-02,2.950854599475860596e-01,1.259418129920959473e-01,1.977528035640716553e-01,5.807089433073997498e-02,1.278868168592453003e-01,4.907495528459548950e-02,2.619693577289581299e-01,1.142110601067543030e-01,2.279310114681720734e-02,6.398048251867294312e-02,2.459581047296524048e-01,2.090986520051956177e-01,1.587963402271270752e-01,1.468192040920257568e-01,2.810235023498535156e-01,1.288622617721557617e-01,8.256324380636215210e-02,2.022999376058578491e-01,1.190541312098503113e-01,8.740194886922836304e-02,2.438443005084991455e-01,1.523027420043945312e-01,2.687450051307678223e-01,8.218635618686676025e-02,3.190037310123443604e-01,1.351966410875320435e-01,2.159359455108642578e-01,1.471094489097595215e-01,1.620389372110366821e-01,3.495256230235099792e-02,-1.734723001718521118e-01,-1.102515403181314468e-02,-2.359385136514902115e-03,2.299622744321823120e-01,2.638280391693115234e-01,2.649700343608856201e-01,1.736631840467453003e-01,1.889300644397735596e-01
-1.322645545005798340e-01,1.705813407897949219e-01,1.271428018808364868e-01,2.281270734965801239e-02,2.267848551273345947e-01,1.754179894924163818e-01,-1.731240376830101013e-02,2.727153338491916656e-02,1.000000000000000000e+00,3.511993288993835449e-01,1.017804350703954697e-02,1.191279068589210510e-01,2.265690714120864868e-01,1.520794034004211426e-01,4.804774522781372070e-01,2.327549308538436890e-01,2.547424435615539551e-01,1.704977005720138550e-01,1.741724610328674316e-01,8.979658782482147217e-02,-7.437384128570556641e-02,-4.230009391903877258e-02,3.350600600242614746e-01,2.417406290769577026e-01,3.318723738193511963e-01,1.875708103179931641e-01,1.431850492954254150e-01,1.021868512034416199e-01,2.403067052364349365e-01,1.320921778678894043e-01,3.042151629924774170e-01,3.481713235378265381e-01,2.571889460086822510e-01,2.637524306774139404e-01,3.227696418762207031e-01,1.511514484882354736e-01,2.675272524356842041e-02,1.526625454425811768e-01,2.287557162344455719e-02,6.648606806993484497e-02,4.263763502240180969e-02,1.142717525362968445e-02,2.755739390850067139e-01,2.702192962169647217e-01,3.745715618133544922e-01,3.570430576801300049e-01,1.565376073122024536e-01,1.243364065885543823e-01,3.356810212135314941e-01,4.405452907085418701e-01,3.064019083976745605e-01,3.323846161365509033e-01,1.101251989603042603e-01,1.582036912441253662e-01,1.010009646415710449e-01,1.989058107137680054e-01,2.596264779567718506e-01,2.717587649822235107e-01,3.673270940780639648e-01,3.575751781463623047e-01,3.325018584728240967e-01,2.867409586906433105e-01,7.689410448074340820e-02,9.506370872259140015e-02,1.928830295801162720e-01,2.170725166797637939e-01,3.071111738681793213e-01,3.469679951667785645e-01,1.799174398183822632e-01,2.560413675382733345e-03,6.905638426542282104e-02,1.109636127948760986e-01,1.259471382945775986e-02,1.518307253718376160e-02,1.689221709966659546e-02,4.359687864780426025e-02,1.902994066476821899e-01,2.265508025884628296e-01,2.468797713518142700e-01,1.528398692607879639e-01,2.162771522998809814e-01,1.457662135362625122e-01,2.265656888484954834e-01,1.425377130508422852e-01,1.061470061540603638e-01,2.713687717914581299e-01,1.730999201536178589e-01,1.476825773715972900e-01,9.951796382665634155e-02,9.661415964365005493e-02,1.407224535942077637e-01,1.467971950769424438e-01,1.696544885635375977e-02,-6.059031467884778976e-03,1.395981907844543457e-01,1.835086494684219360e-01,1.070951595902442932e-01,2.492101788520812988e-01,6.058035790920257568e-02,1.009280160069465637e-01,-8.643868565559387207e-02,-6.522873789072036743e-02,7.859905809164047241e-02,7.548428326845169067e-02,9.142162650823593140e-02,8.082015812397003174e-02,-6.755563616752624512e-02,3.628715872764587402e-02,1.383637785911560059e-01,1.253856271505355835e-01,-4.206123575568199158e-02,8.153659850358963013e-02,-3.149008750915527344e-02,4.020946472883224487e-02,1.585070937871932983e-01,8.389353752136230469e-02
4.961569979786872864e-02,2.114983797073364258e-01,1.494901925325393677e-01,1.765959113836288452e-01,1.522901058197021484e-01,4.406639635562896729e-01,-2.309934049844741821e-02,2.739421427249908447e-01,3.511993288993835449e-01,1.000000000000000000e+00,2.100765705108642578e-01,3.356730937957763672e-01,1.374668627977371216e-01,4.078641235828399658e-01,2.953909635543823242e-01,4.671757221221923828e-01,2.463415563106536865e-01,1.586151272058486938e-01,1.540297418832778931e-01,6.659102439880371094e-02,1.284457147121429443e-01,1.033480241894721985e-01,3.872971832752227783e-01,2.574090957641601562e-01,2.269954532384872437e-01,1.905316859483718872e-01,1.912762373685836792e-01,1.745837479829788208e-01,2.796084284782409668e-01,3.469078838825225830e-01,3.164884448051452637e-01,4.190883636474609375e-01,2.536929249763488770e-01,2.139132767915725708e-01,2.998702228069305420e-01,1.224152073264122009e-01,1.670498549938201904e-01,2.746413350105285645e-01,1.328992992639541626e-01,1.730386465787887573e-01,9.177360683679580688e-02,1.912770420312881470e-01,1.388204097747802734e-01,2.114923894405364990e-01,2.637521326541900635e-01,1.640628874301910400e-01,2.008248716592788696e-01,1.590270549058914185e-01,2.827624976634979248e-01,2.449151575565338135e-01,1.842778623104095459e-01,1.919605135917663574e-01,4.754641652107238770e-02,1.352416574954986572e-01,1.883491426706314087e-01,2.527289986610412598e-01,2.070442736148834229e-01,1.265092045068740845e-01,3.907467424869537354e-01,3.389424979686737061e-01,4.302566051483154297e-01,2.488390356302261353e-01,2.576398253440856934e-01,1.842053234577178955e-01,3.065431416034698486e-01,2.588707208633422852e-01,3.673576712608337402e-01,3.351564705371856689e-01,2.377763390541076660e-01,9.789027273654937744e-03,1.332142502069473267e-01,2.014772146940231323e-01,1.100467294454574585e-01,9.249500185251235962e-02,1.168202832341194153e-01,1.194037869572639465e-01,3.374019265174865723e-01,3.193593025207519531e-01,2.531754374504089355e-01,1.234589517116546631e-01,2.108680605888366699e-01,2.253364473581314087e-01,2.774107456207275391e-01,2.950818240642547607e-01,1.596561968326568604e-01,2.759180068969726562e-01,1.859716475009918213e-01,1.538595259189605713e-01,1.493453383445739746e-01,1.648040562868118286e-01,1.589853167533874512e-01,1.455272138118743896e-01,2.360919490456581116e-02,-2.508386969566345215e-02,1.281210780143737793e-01,4.183730483055114746e-02,1.677147597074508667e-01,1.138402447104454041e-01,1.204089522361755371e-01,1.254630982875823975e-01,-2.100480347871780396e-02,-1.787441968917846680e-02,6.121103465557098389e-02,1.427384279668331146e-02,-7.186676841229200363e-03,-9.336223453283309937e-02,7.864561676979064941e-02,1.174718588590621948e-01,-1.101389154791831970e-02,6.104269996285438538e-02,7.899369299411773682e-02,6.593270599842071533e-02,1.323143299669027328e-02,-2.883189357817173004e-02,1.404142845422029495e-02,-3.106356831267476082e-03
5.072336196899414062e-01,3.755218163132667542e-02,2.664340138435363770e-01,3.358822464942932129e-01,9.013635665178298950e-02,1.453369259834289551e-01,3.573721647262573242e-01,2.985012829303741455e-01,1.017804350703954697e-02,2.100765705108642578e-01,1.000000000000000000e+00,4.285263717174530029e-01,4.207995235919952393e-01,3.296414911746978760e-01,8.259935677051544189e-02,1.344285756349563599e-01,1.748507469892501831e-01,1.545785516500473022e-01,2.154526710510253906e-01,1.928443312644958496e-01,1.703606992959976196e-01,1.600983738899230957e-01,1.333353966474533081e-01,2.315256446599960327e-01,2.460250072181224823e-02,-5.273013189435005188e-02,1.087560951709747314e-01,1.272745151072740555e-02,3.088021278381347656e-01,2.369920313358306885e-01,9.185837954282760620e-02,1.911250650882720947e-01,5.353825166821479797e-02,2.683335356414318085e-02,7.395760715007781982e-02,5.314188823103904724e-02,3.910516500473022461e-01,2.008754909038543701e-01,2.700392007827758789e-01,2.674520313739776611e-01,6.948290765285491943e-02,7.484274357557296753e-02,1.124093830585479736e-01,-1.900779083371162415e-02,1.927053630352020264e-01,-2.126839756965637207e-02,7.403220981359481812e-02,-1.250193361192941666e-02,1.898752003908157349e-01,5.814134608954191208e-03,1.060777083039283752e-01,-6.654953211545944214e-02,3.806905448436737061e-02,-6.916004419326782227e-02,3.269174993038177490e-01,1.664403975009918213e-01,1.860280781984329224e-01,3.169749677181243896e-02,1.703114062547683716e-01,6.655065715312957764e-02,3.673169314861297607e-01,7.139453291893005371e-02,3.934852778911590576e-01,1.686967611312866211e-01,2.411571443080902100e-01,2.443400444462895393e-03,2.713419198989868164e-01,2.284525334835052490e-01,3.547951281070709229e-01,2.427754700183868408e-01,1.925455182790756226e-01,1.492925733327865601e-01,2.224033623933792114e-01,9.517548978328704834e-02,-9.056733688339591026e-05,-7.792356889694929123e-03,2.188751548528671265e-01,1.810276359319686890e-01,1.402821838855743408e-01,1.287970244884490967e-01,2.090075314044952393e-01,1.703317910432815552e-01,6.110338494181632996e-02,-2.112252172082662582e-03,3.442731797695159912e-01,8.264642953872680664e-02,1.274332255125045776e-01,3.458065539598464966e-02,3.563189506530761719e-01,1.372323632240295410e-01,2.416149228811264038e-01,1.870910078287124634e-01,1.428476423025131226e-01,5.078621208667755127e-02,5.523504689335823059e-02,1.323769986629486084e-01,1.069102957844734192e-01,4.828455299139022827e-02,2.273590117692947388e-01,2.476823627948760986e-01,8.696720004081726074e-02,-4.535698797553777695e-03,9.989844262599945068e-02,1.726920530200004578e-02,-3.147532697767019272e-03,-2.191505162045359612e-03,1.841531395912170410e-01,1.666156798601150513e-01,-1.202246621251106262e-01,8.389206230640411377e-02,1.007391586899757385e-01,1.923917382955551147e-01,9.509957581758499146e-02,1.180867776274681091e-01,7.771856337785720825e-02,2.287475392222404480e-02
2.731036841869354248e-01,3.395993709564208984e-01,1.687450557947158813e-01,4.256460666656494141e-01,6.290100514888763428e-02,2.198011875152587891e-01,2.646802961826324463e-01,3.651770353317260742e-01,1.191279068589210510e-01,3.356730937957763672e-01,4.285263717174530029e-01,1.000000000000000000e+00,3.490983843803405762e-01,4.407708644866943359e-01,1.450201272964477539e-01,9.370110929012298584e-02,1.022808328270912170e-01,3.058056533336639404e-01,1.307455301284790039e-01,1.357439756393432617e-01,1.143990606069564819e-01,6.075300648808479309e-02,1.297593563795089722e-01,2.123888581991195679e-01,7.473608851432800293e-02,2.827360760420560837e-03,3.362640738487243652e-02,6.958051025867462158e-02,2.158627063035964966e-01,3.415793180465698242e-01,5.989024043083190918e-02,1.392242312431335449e-01,8.804906904697418213e-02,2.394181489944458008e-02,4.818305000662803650e-02,-6.825962662696838379e-02,2.902635633945465088e-01,3.246124386787414551e-01,2.394800633192062378e-01,2.072290480136871338e-01,1.470603346824645996e-01,1.924168914556503296e-01,1.791691333055496216e-01,1.980473250150680542e-01,2.409976422786712646e-01,2.076130658388137817e-01,1.249779984354972839e-01,1.793714016675949097e-01,2.624001502990722656e-01,3.261201083660125732e-01,1.912802457809448242e-01,2.658956348896026611e-01,5.297427251935005188e-02,1.360753625631332397e-01,9.103008359670639038e-02,2.570922672748565674e-01,1.652655601501464844e-01,2.629390358924865723e-01,2.856319844722747803e-01,3.012787699699401855e-01,3.659109175205230713e-01,3.418244421482086182e-01,2.225190401077270508e-01,3.212977051734924316e-01,3.085463047027587891e-01,2.602352797985076904e-01,3.273392021656036377e-01,3.094949424266815186e-01,3.256175518035888672e-01,2.556565403938293457e-01,1.029779836535453796e-01,1.324493736028671265e-01,1.964434534311294556e-01,1.346334367990493774e-01,-1.411894429475069046e-02,5.613559857010841370e-02,1.156700924038887024e-01,1.691812723875045776e-01,2.192552983760833740e-01,1.028130427002906799e-01,2.016539573669433594e-01,3.592860698699951172e-01,9.939435869455337524e-02,2.551440298557281494e-01,2.700166404247283936e-01,3.885438442230224609e-01,2.057824134826660156e-01,2.864031195640563965e-01,1.951882392168045044e-01,2.977025210857391357e-01,8.384671062231063843e-02,1.949207335710525513e-01,7.304713875055313110e-02,1.789891570806503296e-01,-6.932719051837921143e-02,3.841309621930122375e-02,4.071184992790222168e-02,-2.979187993332743645e-03,6.718291342258453369e-02,1.604872643947601318e-01,8.748681843280792236e-02,1.808096766471862793e-01,8.501592278480529785e-02,1.614900976419448853e-01,-1.986995339393615723e-02,-1.669198088347911835e-02,8.377307653427124023e-02,2.678487002849578857e-01,-1.663454771041870117e-01,-5.881427600979804993e-02,3.089824318885803223e-02,4.333129152655601501e-02,3.973908722400665283e-02,5.907504633069038391e-02,-4.134004004299640656e-03,-2.647870033979415894e-02
3.084998726844787598e-01,2.103912085294723511e-01,3.354821801185607910e-01,3.366613090038299561e-01,1.530587077140808105e-01,9.268431365489959717e-02,5.270988345146179199e-01,3.354264795780181885e-01,2.265690714120864868e-01,1.374668627977371216e-01,4.207995235919952393e-01,3.490983843803405762e-01,1.000000000000000000e+00,4.643336832523345947e-01,2.452777028083801270e-01,-3.565166145563125610e-02,2.018787413835525513e-01,3.367819488048553467e-01,2.540967464447021484e-01,1.372008770704269409e-01,7.299756258726119995e-02,3.773476928472518921e-02,7.117212563753128052e-02,1.484352201223373413e-01,1.645140349864959717e-01,3.978955000638961792e-02,1.824188679456710815e-01,9.416683018207550049e-02,3.723516762256622314e-01,3.890491425991058350e-01,2.289414852857589722e-01,1.320398002862930298e-01,2.297677695751190186e-01,2.528648376464843750e-01,2.208220660686492920e-01,1.359223127365112305e-01,3.955285251140594482e-01,1.102413162589073181e-01,2.040302455425262451e-01,1.968789994716644287e-01,1.850953549146652222e-01,2.083755582571029663e-01,2.408316135406494141e-01,1.212638169527053833e-01,3.203556835651397705e-01,2.329493761062622070e-01,1.868947297334671021e-01,1.176099926233291626e-01,2.710161209106445312e-01,1.770533174276351929e-01,1.801240295171737671e-01,1.259285956621170044e-01,6.281567364931106567e-02,9.836882352828979492e-02,2.808317840099334717e-01,9.307689219713211060e-02,3.091396391391754150e-01,2.668364346027374268e-01,3.013518750667572021e-01,3.195644319057464600e-01,2.810512781143188477e-01,1.579103767871856689e-01,2.995233833789825439e-01,1.689832806587219238e-01,4.061886072158813477e-01,3.258099555969238281e-01,3.726786971092224121e-01,3.392475843429565430e-01,1.883391886949539185e-01,1.085220128297805786e-01,1.363178491592407227e-01,2.053682804107666016e-01,1.878506541252136230e-01,1.469792276620864868e-01,-6.672014296054840088e-02,-1.363582722842693329e-02,2.139135599136352539e-01,1.810719966888427734e-01,2.410316318273544312e-01,2.825660407543182373e-01,2.779405713081359863e-01,3.398893475532531738e-01,8.979783393442630768e-03,5.177500098943710327e-02,4.797711670398712158e-01,2.205713093280792236e-01,1.280625462532043457e-01,2.091379761695861816e-01,4.103866517543792725e-01,1.624470055103302002e-01,2.718326747417449951e-01,2.526019513607025146e-01,3.220174610614776611e-01,2.548464238643646240e-01,1.914486140012741089e-01,3.075623512268066406e-01,1.062050312757492065e-01,1.784443557262420654e-01,2.754278779029846191e-01,3.170628547668457031e-01,2.583444118499755859e-01,2.255366891622543335e-01,2.140312045812606812e-01,1.900467574596405029e-01,3.093218803405761719e-01,3.776062130928039551e-01,2.016856372356414795e-01,2.032400369644165039e-01,-3.203668864443898201e-03,2.089431434869766235e-01,8.267430961132049561e-02,2.983905971050262451e-01,2.773063778877258301e-01,3.865545690059661865e-01,2.500030696392059326e-01,2.216909825801849365e-01
