1.000000000000000000e+00,3.521197736263275146e-01,-1.380757242441177368e-01,9.604716300964355469e-02,-6.437698006629943848e-02,-5.990166962146759033e-02,-2.047895081341266632e-02,2.384771406650543213e-01,-2.224975265562534332e-02,-1.166268587112426758e-01,4.659590423107147217e-01,1.845630407333374023e-01,-1.183062940835952759e-01,8.523805439472198486e-02,-3.042177855968475342e-02,-1.171628162264823914e-01,5.450401306152343750e-01,3.347317576408386230e-01,3.274210393428802490e-01,3.483099639415740967e-01,8.145735412836074829e-02,-5.629513412714004517e-02,-9.928028285503387451e-02,1.737241074442863464e-02,-1.364414989948272705e-01,2.160386741161346436e-02,-3.275762498378753662e-02,5.044517666101455688e-02,5.027385950088500977e-01,2.492450177669525146e-01,1.852265149354934692e-01,5.903598666191101074e-02,4.540061950683593750e-01,4.144618809223175049e-01,4.215713441371917725e-01,4.083448350429534912e-01,3.826222121715545654e-01,1.616170257329940796e-01,1.876112222671508789e-01,2.638803422451019287e-02,1.852015554904937744e-01,-9.009225666522979736e-02,2.813834249973297119e-01,2.918455004692077637e-01,1.567908525466918945e-01,8.359986543655395508e-02,3.393509984016418457e-01,1.907334029674530029e-01,1.041891500353813171e-01,4.614771902561187744e-02,2.160730808973312378e-01,9.192822873592376709e-02,2.169435024261474609e-01,-9.822226315736770630e-02,2.513262629508972168e-01,5.354557931423187256e-02,6.651905775070190430e-01,2.432776093482971191e-01,1.950048655271530151e-01,1.562702506780624390e-01,3.605751693248748779e-01,2.111724615097045898e-01,4.523631632328033447e-01,3.047974035143852234e-02,8.526951819658279419e-02,1.732026338577270508e-01,3.356339037418365479e-01,3.475238382816314697e-01,4.988544583320617676e-01,4.660246372222900391e-01,1.998431384563446045e-01,1.702036410570144653e-01,4.201191961765289307e-01,1.062439531087875366e-01,3.687977194786071777e-01,1.234542503952980042e-01,5.303602218627929688e-01,4.260522127151489258e-01,4.992164373397827148e-01,1.938720047473907471e-01,2.951214015483856201e-01,1.397377848625183105e-01,-2.086098864674568176e-02,-1.486381739377975464e-01,2.884793877601623535e-01,-7.841097190976142883e-03,6.277139484882354736e-02,-9.192820638418197632e-02,1.420215219259262085e-01,-6.158449873328208923e-02,1.825628727674484253e-01,-7.138763368129730225e-02,1.466004848480224609e-01,9.144329465925693512e-03,2.340320795774459839e-01,9.302232414484024048e-02,2.733770608901977539e-01,1.116391941905021667e-01,2.913317978382110596e-01,1.179312467575073242e-01,1.481377482414245605e-01,3.695471212267875671e-02,1.477493792772293091e-01,5.247669294476509094e-02,1.192020103335380554e-01,1.068549901247024536e-01,1.626557260751724243e-01,-1.168386824429035187e-02,1.864613890647888184e-01,2.116070389747619629e-01,2.084119319915771484e-01,3.420722484588623047e-01,1.810497939586639404e-01,3.070807754993438721e-01,2.615861892700195312e-01,2.183317542076110840e-01
3.521197736263275146e-01,1.000000000000000000e+00,8.237839676439762115e-03,2.024418562650680542e-01,-1.543818712234497070e-01,1.386697739362716675e-01,1.760990023612976074e-01,5.221753716468811035e-01,-1.224717795848846436e-01,-6.483276188373565674e-02,1.369014829397201538e-01,2.881842553615570068e-01,-2.103687264025211334e-02,2.740277647972106934e-01,-4.669598862528800964e-02,5.994544923305511475e-02,1.978283375501632690e-01,3.480712175369262695e-01,1.292181015014648438e-01,1.507048159837722778e-01,1.492297742515802383e-02,5.791562050580978394e-02,-5.458674579858779907e-02,1.072565373033285141e-02,-7.235994189977645874e-02,7.847577333450317383e-02,-6.472284346818923950e-02,2.389317005872726440e-02,1.114233732223510742e-01,3.164116740226745605e-01,1.514169424772262573e-01,2.429518848657608032e-01,5.210467576980590820e-01,5.677531957626342773e-01,2.081912308931350708e-01,2.236779928207397461e-01,7.622748613357543945e-02,3.820710256695747375e-02,6.853627413511276245e-02,-3.742685774341225624e-03,-6.525759398937225342e-02,1.405303552746772766e-02,2.288340181112289429e-01,2.342516928911209106e-01,1.085942611098289490e-01,9.014809504151344299e-03,2.132335603237152100e-01,1.724518984556198120e-01,-2.805531211197376251e-02,1.159676685929298401e-01,7.074786722660064697e-02,2.122196853160858154e-01,9.895029664039611816e-02,1.790337450802326202e-02,1.225550770759582520e-01,2.262944877147674561e-01,4.442962408065795898e-01,6.945902705192565918e-01,4.054828286170959473e-01,3.645126819610595703e-01,4.778824746608734131e-01,4.505513608455657959e-01,2.740461230278015137e-01,4.139272272586822510e-01,2.508324086666107178e-01,5.162630677223205566e-01,4.312320649623870850e-01,4.163874089717864990e-01,3.209442794322967529e-01,3.414544463157653809e-01,2.607641518115997314e-01,2.258651107549667358e-01,1.312243491411209106e-01,2.229963392019271851e-01,1.291567832231521606e-01,1.592633426189422607e-01,2.888106703758239746e-01,3.403473794460296631e-01,1.833446323871612549e-01,1.708687692880630493e-01,1.290179789066314697e-01,2.900323271751403809e-01,-8.719478733837604523e-03,1.391022801399230957e-01,6.724731624126434326e-02,2.321133911609649658e-01,4.018193855881690979e-02,1.475419104099273682e-01,4.941831156611442566e-02,2.034981846809387207e-01,1.426173597574234009e-01,8.851872384548187256e-02,2.395261377096176147e-01,2.701230943202972412e-01,4.838747158646583557e-02,-4.331287741661071777e-02,4.613783583045005798e-02,8.226702921092510223e-03,1.178724542260169983e-01,8.405710756778717041e-02,2.328644543886184692e-01,2.734553813934326172e-01,1.947407573461532593e-01,2.376913726329803467e-01,8.879856765270233154e-02,1.057253479957580566e-01,1.540941596031188965e-01,5.657020211219787598e-02,2.204661071300506592e-01,1.028143912553787231e-01,1.864471584558486938e-01,9.393324702978134155e-02,9.789512306451797485e-02,2.192918956279754639e-01,1.983791887760162354e-01,1.409719884395599365e-01
-1.380757242441177368e-01,8.237839676439762115e-03,1.000000000000000000e+00,5.721979141235351562e-01,3.908162713050842285e-01,8.064463734626770020e-02,5.930452942848205566e-01,3.031072020530700684e-01,4.036643207073211670e-01,7.814995199441909790e-02,1.338181048631668091e-01,2.510271668434143066e-01,5.674476027488708496e-01,2.989859580993652344e-01,3.762230575084686279e-01,1.784841418266296387e-01,-4.573734477162361145e-02,8.166942745447158813e-02,-6.843173876404762268e-03,-1.228945329785346985e-01,3.518920838832855225e-01,3.702007234096527100e-01,6.165161132812500000e-01,5.036877393722534180e-01,4.054747819900512695e-01,1.925027966499328613e-01,2.677026093006134033e-01,1.431854367256164551e-01,-1.039956584572792053e-01,1.766615808010101318e-01,4.599442481994628906e-01,5.305392742156982422e-01,-4.083127528429031372e-02,1.072259736247360706e-03,-2.261032313108444214e-01,-1.771511584520339966e-01,-1.522805988788604736e-01,-2.021188735961914062e-01,6.628385186195373535e-02,-4.814372397959232330e-03,-2.114926129579544067e-01,2.111517190933227539e-01,8.411424607038497925e-02,2.314507216215133667e-02,-7.116127759218215942e-02,-6.489801406860351562e-02,1.388649642467498779e-01,1.958052515983581543e-01,-2.159512937068939209e-01,-1.846965700387954712e-01,-2.716735936701297760e-03,7.536685559898614883e-03,2.298402041196823120e-01,2.388186305761337280e-01,9.476624429225921631e-02,-5.734327808022499084e-02,1.809789054095745087e-02,5.228742212057113647e-02,4.649371281266212463e-02,2.644350528717041016e-01,-5.217311903834342957e-02,9.202595055103302002e-02,1.841644793748855591e-01,-2.858967520296573639e-02,-9.568189829587936401e-02,-4.447292909026145935e-02,8.520603179931640625e-02,1.528587788343429565e-01,-1.498337835073471069e-01,-7.430440932512283325e-02,3.697033226490020752e-01,3.763169944286346436e-01,-6.456925719976425171e-02,3.274180293083190918e-01,-6.817890703678131104e-02,2.686064839363098145e-01,-4.443435464054346085e-03,4.008073732256889343e-02,-2.130077779293060303e-01,-6.541707366704940796e-02,6.581176072359085083e-02,-4.076322540640830994e-02,2.574430108070373535e-01,1.493261605501174927e-01,4.311889410018920898e-02,5.324533581733703613e-02,-5.291994288563728333e-02,1.636640354990959167e-02,1.825994104146957397e-01,5.427177250385284424e-02,3.572086244821548462e-02,1.199930533766746521e-01,-5.400657653808593750e-02,-6.316515058279037476e-02,9.613879770040512085e-02,-1.269699335098266602e-01,1.471653729677200317e-01,-7.451087236404418945e-02,1.208303961902856827e-02,2.226713113486766815e-02,-1.698448956012725830e-01,-1.742683202028274536e-01,-2.051118910312652588e-01,-2.583549618721008301e-01,-2.135576009750366211e-01,-2.241400033235549927e-01,-2.237533219158649445e-02,-2.205851227045059204e-01,1.279858052730560303e-01,1.711891591548919678e-01,-5.696338042616844177e-02,-6.208762899041175842e-02,2.564307749271392822e-01,-7.928168401122093201e-03,-1.340939253568649292e-01,-9.590517729520797729e-02
9.604716300964355469e-02,2.024418562650680542e-01,5.721979141235351562e-01,1.000000000000000000e+00,1.252933889627456665e-01,9.646505862474441528e-02,5.235318541526794434e-01,5.369394421577453613e-01,1.807033717632293701e-01,-1.437500678002834320e-02,1.208802387118339539e-01,2.955546379089355469e-01,3.734286725521087646e-01,3.779067993164062500e-01,1.776519864797592163e-01,1.015983596444129944e-01,6.253188848495483398e-02,2.204910069704055786e-01,1.941578984260559082e-01,9.205202013254165649e-02,2.217473089694976807e-01,2.832762300968170166e-01,4.519961178302764893e-01,5.741996765136718750e-01,2.750031948089599609e-01,2.936532497406005859e-01,1.162364259362220764e-01,1.528958380222320557e-01,2.846088632941246033e-02,2.408203482627868652e-01,4.740068018436431885e-01,5.663268566131591797e-01,6.343497335910797119e-02,1.317182034254074097e-01,4.272009059786796570e-02,1.208551675081253052e-01,3.451250120997428894e-02,2.170744724571704865e-02,1.004751920700073242e-01,1.994705051183700562e-01,-1.503637135028839111e-01,1.896858215332031250e-01,1.757612079381942749e-01,1.425058692693710327e-01,-9.550085291266441345e-03,-5.185526236891746521e-02,2.133602946996688843e-01,3.239138126373291016e-01,-1.808194667100906372e-01,-1.105633899569511414e-01,-3.156112274155020714e-03,3.089237026870250702e-02,2.034220248460769653e-01,2.064944952726364136e-01,-2.655618009157478809e-04,1.786721944808959961e-01,1.679943203926086426e-01,2.171370387077331543e-01,1.891809701919555664e-01,2.943144440650939941e-01,4.264494031667709351e-02,2.443327307701110840e-01,1.381420940160751343e-01,2.402740269899368286e-01,7.050951011478900909e-03,7.640271633863449097e-02,2.569035291671752930e-01,3.117827773094177246e-01,1.842334866523742676e-02,5.908988416194915771e-02,3.425423502922058105e-01,3.784972727298736572e-01,8.904440701007843018e-02,3.089038431644439697e-01,4.568573832511901855e-02,3.228261470794677734e-01,1.588906943798065186e-01,1.871885657310485840e-01,-5.233975872397422791e-02,8.647388964891433716e-02,9.663595817983150482e-03,1.783393025398254395e-01,3.894497081637382507e-02,1.162161827087402344e-01,-9.388524293899536133e-02,1.228526234626770020e-01,-2.351318001747131348e-01,-2.956584095954895020e-02,-7.119259983301162720e-02,1.044611856341362000e-01,-6.294126808643341064e-02,9.776390343904495239e-02,-1.452051550149917603e-01,-5.589546635746955872e-02,1.026460602879524231e-01,2.260444872081279755e-02,1.417981088161468506e-01,1.689854711294174194e-01,-2.794575877487659454e-03,1.757382750511169434e-01,-1.873295158147811890e-01,-1.171889752149581909e-01,-2.455083131790161133e-01,-1.945865750312805176e-01,-1.436164975166320801e-01,-1.271440982818603516e-01,-5.341786891222000122e-03,-6.759262084960937500e-02,2.143765538930892944e-01,3.089302480220794678e-01,1.887153387069702148e-01,1.326876580715179443e-01,2.624743580818176270e-01,-2.017803955823183060e-03,-7.809428870677947998e-02,-3.916108980774879456e-02
-6.437698006629943848e-02,-1.543818712234497070e-01,3.908162713050842285e-01,1.252933889627456665e-01,1.000000000000000000e+00,3.725365400314331055e-01,2.427558004856109619e-01,-1.290106866508722305e-02,7.134171724319458008e-01,3.166558742523193359e-01,2.623197436332702637e-01,1.007275506854057312e-01,4.115256965160369873e-01,1.655616462230682373e-01,6.389578580856323242e-01,3.193595111370086670e-01,-5.851479712873697281e-03,7.927889004349708557e-03,7.046294957399368286e-02,-5.207375809550285339e-02,3.495153784751892090e-01,3.323886990547180176e-01,4.106118381023406982e-01,2.701350152492523193e-01,6.564084291458129883e-01,2.918786406517028809e-01,6.292546391487121582e-01,3.691931962966918945e-01,8.741073310375213623e-02,1.536917537450790405e-01,2.142362743616104126e-01,2.008374929428100586e-01,-1.723448187112808228e-01,-1.491726040840148926e-01,-4.057144224643707275e-01,-3.695884346961975098e-01,-2.201904654502868652e-01,-1.977110654115676880e-01,8.019326627254486084e-02,7.106690201908349991e-03,-2.338062226772308350e-02,2.715911269187927246e-01,1.095860172063112259e-02,-2.407244220376014709e-02,-2.032648473978042603e-01,-1.445071864873170853e-02,-4.644471779465675354e-02,7.593735307455062866e-02,-2.043797224760055542e-01,-1.859585493803024292e-01,-1.392796337604522705e-01,-9.278944134712219238e-02,8.306590467691421509e-02,2.876390516757965088e-01,1.587456017732620239e-01,9.618287906050682068e-03,-6.798754911869764328e-03,-3.925265744328498840e-03,-7.420838624238967896e-02,2.245220243930816650e-01,-1.758993268013000488e-01,7.017581164836883545e-02,1.765719950199127197e-01,-8.295365422964096069e-02,-2.366162091493606567e-01,-7.784654945135116577e-02,-1.523381769657135010e-01,-5.075054615736007690e-02,-1.873395740985870361e-01,-9.329152852296829224e-02,1.545686274766921997e-01,1.941778212785720825e-01,6.622093915939331055e-02,2.439139634370803833e-01,6.633426249027252197e-02,1.305829137563705444e-01,-6.454501301050186157e-02,-8.403757214546203613e-02,-1.242718175053596497e-01,-6.437318027019500732e-02,1.425301283597946167e-01,-9.649110585451126099e-02,5.400334000587463379e-01,2.789174318313598633e-01,2.319740951061248779e-01,1.184069365262985229e-01,2.460121363401412964e-01,1.652091294527053833e-01,4.180212616920471191e-01,2.303830534219741821e-01,1.297412514686584473e-01,2.337770462036132812e-01,3.310737386345863342e-02,2.613143622875213623e-02,6.046417728066444397e-02,-8.353392779827117920e-02,3.655310720205307007e-02,-8.030622452497482300e-02,5.935369431972503662e-02,7.810106873512268066e-02,-9.562180936336517334e-02,-7.579448819160461426e-02,-4.508396610617637634e-02,-1.344722807407379150e-01,-1.248671263456344604e-01,-1.701072007417678833e-01,3.027259372174739838e-02,-1.322733610868453979e-01,1.968362927436828613e-02,6.101204454898834229e-02,-1.727469116449356079e-01,-7.763972133398056030e-02,1.745908707380294800e-01,6.668614596128463745e-02,-1.802554726600646973e-01,-1.770486384630203247e-01
-5.990166962146759033e-02,1.386697739362716675e-01,8.064463734626770020e-02,9.646505862474441528e-02,3.725365400314331055e-01,1.000000000000000000e+00,1.226954013109207153e-01,1.418292075395584106e-01,1.727951914072036743e-01,4.742782711982727051e-01,-4.966086521744728088e-02,7.813986390829086304e-02,9.546383470296859741e-02,2.083621472120285034e-01,3.986978530883789062e-01,4.341068267822265625e-01,4.421047051437199116e-04,2.866754680871963501e-02,-3.202691674232482910e-02,-1.292696446180343628e-01,1.525936275720596313e-01,2.566533088684082031e-01,9.387425333261489868e-02,1.745430976152420044e-01,4.283312857151031494e-01,5.603766441345214844e-01,5.063250660896301270e-01,5.961762666702270508e-01,5.157057568430900574e-02,2.670652568340301514e-01,2.526625394821166992e-01,2.456745207309722900e-01,1.634055227041244507e-01,1.753190755844116211e-01,-1.133060306310653687e-01,-1.305670589208602905e-01,-5.389289557933807373e-02,-5.011230707168579102e-02,1.250137984752655029e-01,1.426308900117874146e-01,1.097611058503389359e-02,3.399276733398437500e-01,-1.914913207292556763e-02,-2.150645479559898376e-02,-1.124417111277580261e-01,-6.861948966979980469e-02,-2.715435810387134552e-02,4.580367729067802429e-02,1.185245905071496964e-02,-2.134916558861732483e-02,4.808156564831733704e-02,2.912938361987471581e-03,9.797788411378860474e-02,3.010639846324920654e-01,1.865877956151962280e-01,2.736055254936218262e-01,3.144004568457603455e-02,2.105860561132431030e-01,1.280484795570373535e-01,2.825844101607799530e-02,9.341026097536087036e-02,6.509719789028167725e-02,-1.851200871169567108e-02,1.813951730728149414e-01,1.594394594430923462e-01,1.746179610490798950e-01,-1.436967868357896805e-02,-5.644332244992256165e-02,-1.389124095439910889e-01,-6.984699517488479614e-02,1.466477513313293457e-01,1.528909802436828613e-01,-4.829025268554687500e-02,1.591482013463973999e-01,5.817247554659843445e-02,2.040956169366836548e-03,1.583790034055709839e-02,5.710525065660476685e-02,8.713774383068084717e-02,8.225480467081069946e-02,7.422614097595214844e-02,7.341052591800689697e-02,3.273389041423797607e-01,5.059334635734558105e-01,1.631925106048583984e-01,2.251558750867843628e-01,1.875108182430267334e-01,3.432426750659942627e-01,2.176002711057662964e-01,3.640267550945281982e-01,8.587036281824111938e-02,1.824827492237091064e-01,1.624691039323806763e-01,2.334201037883758545e-01,1.364253312349319458e-01,4.249895364046096802e-02,1.250188332051038742e-02,1.096919476985931396e-01,8.195268362760543823e-02,1.096193045377731323e-01,1.889547407627105713e-01,2.853339910507202148e-01,1.667936295270919800e-01,1.906894296407699585e-01,9.396094083786010742e-02,7.683068513870239258e-02,1.103749796748161316e-01,8.942668884992599487e-02,1.427751779556274414e-01,4.391547292470932007e-02,1.703396588563919067e-01,8.790189027786254883e-02,7.845713198184967041e-02,7.233266532421112061e-02,1.692400127649307251e-02,4.223750904202461243e-02
-2.047895081341266632e-02,1.760990023612976074e-01,5.930452942848205566e-01,5.235318541526794434e-01,2.427558004856109619e-01,1.226954013109207153e-01,1.000000000000000000e+00,5.155891180038452148e-01,3.475791215896606445e-01,2.529861032962799072e-02,1.935685276985168457e-01,3.341017663478851318e-01,6.723147034645080566e-01,3.811171948909759521e-01,3.482204079627990723e-01,9.819174557924270630e-02,1.638734713196754456e-02,1.880158931016921997e-01,2.192342281341552734e-01,9.012257307767868042e-02,2.988838255405426025e-01,3.688664436340332031e-01,3.718841969966888428e-01,4.180807471275329590e-01,2.601502835750579834e-01,2.666600346565246582e-01,1.817419975996017456e-01,1.532837003469467163e-01,-1.648394018411636353e-01,1.842984110116958618e-01,4.720251560211181641e-01,5.897268056869506836e-01,8.388879895210266113e-02,1.385276466608047485e-01,-1.439159363508224487e-01,-9.172713011503219604e-02,-7.595425099134445190e-02,-1.781873404979705811e-01,1.234939992427825928e-01,-5.790553987026214600e-03,-2.487494647502899170e-01,1.204484403133392334e-01,7.450152188539505005e-02,2.282289229333400726e-02,-8.238500356674194336e-02,-9.560810029506683350e-02,8.182258158922195435e-02,9.387706965208053589e-02,-1.746986061334609985e-01,-1.196541860699653625e-01,-4.611061140894889832e-02,-6.340532563626766205e-03,1.538346409797668457e-01,1.191333904862403870e-01,6.004325300455093384e-02,-3.837192058563232422e-02,2.299162447452545166e-01,2.537866234779357910e-01,2.719563543796539307e-01,3.283158242702484131e-01,2.213507890701293945e-01,3.104534447193145752e-01,3.089718818664550781e-01,1.881333142518997192e-01,1.032014787197113037e-01,1.157848387956619263e-01,2.165161073207855225e-01,2.224639207124710083e-01,-1.020850031636655331e-03,6.519476324319839478e-02,4.143098592758178711e-01,4.243277907371520996e-01,-1.417958140373229980e-01,3.450956046581268311e-01,-5.019291862845420837e-02,2.470027804374694824e-01,-1.960823498666286469e-02,8.809546381235122681e-02,-1.554677933454513550e-01,-2.769122086465358734e-02,1.485327780246734619e-01,4.130167514085769653e-02,2.815780937671661377e-01,9.170302748680114746e-02,6.553184986114501953e-02,7.397428154945373535e-02,1.612428762018680573e-02,-9.959083981812000275e-04,1.264373213052749634e-01,2.859556116163730621e-02,5.162721499800682068e-02,1.079324409365653992e-01,-3.747221827507019043e-02,-1.897449232637882233e-02,1.407173722982406616e-01,-8.322801440954208374e-02,8.198411017656326294e-02,-1.070000976324081421e-01,-1.064004749059677124e-01,-5.556744709610939026e-02,-8.745004236698150635e-02,-3.801426663994789124e-02,-1.126769185066223145e-01,-1.387811601161956787e-01,-1.643251925706863403e-01,-1.406192332506179810e-01,9.122309088706970215e-02,-1.454982161521911621e-01,1.855020970106124878e-01,1.913659572601318359e-01,5.656607821583747864e-02,-7.784596085548400879e-02,1.781845092773437500e-01,5.894089862704277039e-02,-6.709828972816467285e-02,-5.857861042022705078e-02
2.384771406650543213e-01,5.221753716468811035e-01,3.031072020530700684e-01,5.369394421577453613e-01,-1.290106866508722305e-02,1.418292075395584106e-01,5.155891180038452148e-01,1.000000000000000000e+00,8.951453119516372681e-02,9.867650270462036133e-02,2.372669428586959839e-01,5.144648551940917969e-01,3.243727684020996094e-01,5.992311835289001465e-01,9.052107483148574829e-02,2.249554395675659180e-01,2.487278580665588379e-01,4.844361245632171631e-01,3.034826815128326416e-01,2.545613646507263184e-01,2.248784452676773071e-01,2.809660434722900391e-01,2.250766307115554810e-01,3.173414468765258789e-01,1.187318414449691772e-01,2.760010659694671631e-01,5.342342332005500793e-02,1.486620903015136719e-01,9.011448174715042114e-02,4.494599997997283936e-01,4.199236929416656494e-01,4.988068342208862305e-01,2.836870849132537842e-01,3.631444871425628662e-01,1.388467252254486084e-01,1.566831916570663452e-01,1.371495276689529419e-01,8.695026487112045288e-02,7.587499171495437622e-02,6.551004201173782349e-02,-1.752757430076599121e-01,1.314798295497894287e-01,2.206209301948547363e-01,2.713990509510040283e-01,1.079958379268646240e-01,1.762511581182479858e-02,1.886603683233261108e-01,2.874842286109924316e-01,5.537236854434013367e-02,1.665809452533721924e-01,1.416450291872024536e-01,2.646388411521911621e-01,1.753242462873458862e-01,1.684481799602508545e-01,1.446376647800207138e-02,2.144273966550827026e-01,3.812172412872314453e-01,4.502462148666381836e-01,2.901065349578857422e-01,2.532894611358642578e-01,3.015671670436859131e-01,3.770988881587982178e-01,3.290981352329254150e-01,4.402188360691070557e-01,2.145587354898452759e-01,3.396258056163787842e-01,3.003893196582794189e-01,3.512535691261291504e-01,2.131814956665039062e-01,2.284630089998245239e-01,3.944299221038818359e-01,4.368377923965454102e-01,7.572367787361145020e-02,3.650912344455718994e-01,7.400967180728912354e-02,2.478789836168289185e-01,2.358718365430831909e-01,3.197605907917022705e-01,1.533511281013488770e-01,2.420595586299896240e-01,2.246585935354232788e-01,4.462449252605438232e-01,-2.243921160697937012e-02,2.214149087667465210e-01,6.408995389938354492e-02,3.362380266189575195e-01,-1.896126419305801392e-01,-1.295919436961412430e-02,-6.967109441757202148e-02,1.983629465103149414e-01,-3.546839579939842224e-02,6.914571672677993774e-02,-7.616303116083145142e-02,-2.615521289408206940e-02,1.398644447326660156e-01,1.730563305318355560e-02,8.021678030490875244e-02,8.351565897464752197e-02,3.740166127681732178e-02,1.275361031293869019e-01,-4.280749335885047913e-02,-6.327949464321136475e-03,-8.739699423313140869e-02,-5.022986605763435364e-02,-1.554517447948455811e-02,-1.805571652948856354e-02,1.098523661494255066e-01,-3.604327887296676636e-02,2.207329273223876953e-01,1.615782380104064941e-01,1.769919395446777344e-01,1.078475788235664368e-01,1.102087423205375671e-01,1.238939836621284485e-01,6.287906318902969360e-02,9.692962467670440674e-02
-2.224975265562534332e-02,-1.224717795848846436e-01,4.036643207073211670e-01,1.807033717632293701e-01,7.134171724319458008e-01,1.727951914072036743e-01,3.475791215896606445e-01,8.951453119516372681e-02,1.000000000000000000e+00,2.933890521526336670e-01,3.587105572223663330e-01,1.580347269773483276e-01,5.110784769058227539e-01,2.013703137636184692e-01,6.613330245018005371e-01,3.239791989326477051e-01,3.209352493286132812e-02,1.154666617512702942e-01,2.049020379781723022e-01,4.103812575340270996e-02,4.170833826065063477e-01,3.810153901576995850e-01,3.637776076793670654e-01,2.024345695972442627e-01,5.865448713302612305e-01,2.491044551134109497e-01,4.847039878368377686e-01,2.080779373645782471e-01,1.113858669996261597e-01,2.019529193639755249e-01,1.997311413288116455e-01,2.168903946876525879e-01,-2.182397544384002686e-01,-1.941282451152801514e-01,-3.350718915462493896e-01,-2.791424691677093506e-01,-1.299261152744293213e-01,-1.129125431180000305e-01,1.122715324163436890e-01,2.865662798285484314e-02,-2.791206352412700653e-02,2.427838742733001709e-01,4.716723784804344177e-02,2.146273478865623474e-02,-2.566203176975250244e-01,1.314465980976819992e-02,-3.053497150540351868e-02,3.630270808935165405e-02,-2.810398042201995850e-01,-2.012536525726318359e-01,-2.568471133708953857e-01,-1.691669523715972900e-01,8.516745269298553467e-02,2.070509344339370728e-01,1.224221289157867432e-01,-2.294008992612361908e-02,6.586895138025283813e-02,3.249664232134819031e-02,-2.149912901222705841e-02,3.005146980285644531e-01,-9.325341880321502686e-02,1.935347169637680054e-01,2.933756411075592041e-01,-1.730040833353996277e-02,-2.668131589889526367e-01,-7.849806547164916992e-02,-6.675386428833007812e-02,4.522442072629928589e-02,-1.007727906107902527e-01,-4.100948944687843323e-02,2.078719437122344971e-01,2.455812096595764160e-01,1.442373245954513550e-01,3.146724700927734375e-01,1.028097048401832581e-01,2.387291789054870605e-01,9.948116727173328400e-03,5.699570756405591965e-03,-1.527355760335922241e-01,-9.951042942702770233e-03,1.560737937688827515e-01,1.331712584942579269e-03,4.897454977035522461e-01,1.552333086729049683e-01,1.860696524381637573e-01,1.196783259510993958e-01,1.568835079669952393e-01,2.384515292942523956e-02,3.722928166389465332e-01,1.335081905126571655e-01,8.520259708166122437e-02,1.879154890775680542e-01,-5.833895131945610046e-02,-3.606203943490982056e-02,6.940820813179016113e-02,-3.569532930850982666e-02,7.006012648344039917e-02,-8.156867325305938721e-02,1.874101534485816956e-02,7.480902224779129028e-02,-1.942395269870758057e-01,-1.371892690658569336e-01,-1.472672373056411743e-01,-2.297621220350265503e-01,-2.144028693437576294e-01,-2.224963456392288208e-01,1.309050992131233215e-02,-1.648523509502410889e-01,3.415548056364059448e-02,1.232462078332901001e-01,-1.786800324916839600e-01,-8.605845272541046143e-02,2.215055227279663086e-01,9.980791062116622925e-02,-2.470976710319519043e-01,-1.886348128318786621e-01
-1.166268587112426758e-01,-6.483276188373565674e-02,7.814995199441909790e-02,-1.437500678002834320e-02,3.166558742523193359e-01,4.742782711982727051e-01,2.529861032962799072e-02,9.867650270462036133e-02,2.933890521526336670e-01,1.000000000000000000e+00,5.932452157139778137e-02,2.017940282821655273e-01,1.589401364326477051e-01,2.516389489173889160e-01,3.084288239479064941e-01,6.993833184242248535e-01,4.858202114701271057e-02,2.542653977870941162e-01,4.759636521339416504e-02,-2.061319909989833832e-02,3.285902142524719238e-01,3.850669860839843750e-01,5.978246033191680908e-02,-5.987630039453506470e-02,2.650241553783416748e-01,3.147319257259368896e-01,3.324927687644958496e-01,2.951661050319671631e-01,1.164579764008522034e-01,3.625137507915496826e-01,1.698543876409530640e-01,1.383034586906433105e-01,-1.015581265091896057e-01,-8.703283220529556274e-02,4.033372923731803894e-02,-2.472088858485221863e-02,1.404345780611038208e-01,2.014500051736831665e-01,7.827626168727874756e-02,1.390771269798278809e-01,5.132666975259780884e-02,3.843398988246917725e-01,1.605557501316070557e-01,2.016299366950988770e-01,2.195728756487369537e-02,2.036362141370773315e-01,9.103515744209289551e-02,9.162735193967819214e-02,1.096445620059967041e-01,1.014676615595817566e-01,7.100348919630050659e-02,9.008882194757461548e-02,7.163240760564804077e-02,2.826897203922271729e-01,8.487294614315032959e-02,1.182853579521179199e-01,-9.432280808687210083e-02,-3.021105751395225525e-02,-1.402561515569686890e-01,-1.765335947275161743e-01,-1.101376581937074661e-02,-1.030323877930641174e-01,-1.682568341493606567e-02,-2.452812530100345612e-02,3.720896691083908081e-02,-2.824840880930423737e-02,-9.935576468706130981e-02,-5.024107545614242554e-02,-1.008396372199058533e-01,-1.264340430498123169e-01,1.360854655504226685e-01,1.540218144655227661e-01,3.041739948093891144e-02,2.110650539398193359e-01,9.772726893424987793e-02,5.672947689890861511e-02,1.404931843280792236e-01,1.742843389511108398e-01,9.334420785307884216e-03,2.068639993667602539e-01,1.297884136438369751e-01,2.090939581394195557e-01,7.730354368686676025e-02,4.779483377933502197e-01,1.149102151393890381e-01,2.856587469577789307e-01,-8.104128390550613403e-02,2.095757871866226196e-01,7.207378000020980835e-02,2.626185119152069092e-01,-1.022044271230697632e-01,6.455561518669128418e-02,-7.079309225082397461e-02,9.453761391341686249e-03,1.181518211960792542e-01,1.277144700288772583e-01,1.168577373027801514e-01,1.406759023666381836e-01,2.065789848566055298e-01,1.327082067728042603e-01,-7.993768155574798584e-02,2.655227668583393097e-02,-7.201695442199707031e-02,-5.520815774798393250e-02,-4.266444966197013855e-02,-1.351996660232543945e-01,-4.453197494149208069e-02,-3.169556707143783569e-02,5.346730351448059082e-02,-3.056834079325199127e-02,-1.828188635408878326e-02,9.798713028430938721e-02,1.010358780622482300e-01,8.718922734260559082e-02,-8.185705542564392090e-02,8.102443814277648926e-02
4.659590423107147217e-01,1.369014829397201538e-01,1.338181048631668091e-01,1.208802387118339539e-01,2.623197436332702637e-01,-4.966086521744728088e-02,1.935685276985168457e-01,2.372669428586959839e-01,3.587105572223663330e-01,5.932452157139778137e-02,1.000000000000000000e+00,2.006185054779052734e-01,3.550255298614501953e-01,1.682961583137512207e-01,3.190194368362426758e-01,6.828259676694869995e-02,6.003580093383789062e-01,4.175059497356414795e-01,3.229181766510009766e-01,2.564659416675567627e-01,2.590136229991912842e-01,1.351470351219177246e-01,1.171453483402729034e-02,6.816582381725311279e-02,1.280191838741302490e-01,1.164207756519317627e-01,1.390615552663803101e-01,8.548348397016525269e-02,5.942174196243286133e-01,3.943526446819305420e-01,2.776547372341156006e-01,1.864596307277679443e-01,1.075417622923851013e-01,7.280696183443069458e-02,1.065079644322395325e-01,9.802889078855514526e-02,2.818864583969116211e-01,2.422255128622055054e-01,2.598319351673126221e-01,1.156755685806274414e-01,2.790882885456085205e-01,1.527788490056991577e-01,1.979321837425231934e-01,2.455162405967712402e-01,2.344442903995513916e-02,7.338187843561172485e-02,2.574721574783325195e-01,1.937956660985946655e-01,3.170832246541976929e-02,-5.207884311676025391e-02,1.610250473022460938e-01,8.724357187747955322e-02,1.721586585044860840e-01,-7.902302779257297516e-03,2.281469702720642090e-01,-2.994255535304546356e-02,4.188487827777862549e-01,1.612662225961685181e-01,-1.647620461881160736e-02,7.355568557977676392e-02,1.080192551016807556e-01,8.343410491943359375e-02,4.391317367553710938e-01,-9.905807673931121826e-02,-5.726166814565658569e-02,-6.921462714672088623e-02,4.592335224151611328e-02,1.173532903194427490e-01,1.427378803491592407e-01,1.507411450147628784e-01,2.003063261508941650e-01,1.805549412965774536e-01,4.902062416076660156e-01,2.653449475765228271e-01,3.589233160018920898e-01,2.675278186798095703e-01,3.402538895606994629e-01,3.034444153308868408e-01,3.209500610828399658e-01,3.087751865386962891e-01,5.200097560882568359e-01,2.297157198190689087e-01,2.193614691495895386e-01,-1.569751948118209839e-01,4.240710139274597168e-01,1.196369379758834839e-01,9.145281277596950531e-03,-2.907840013504028320e-01,3.036431968212127686e-01,-3.599945455789566040e-02,9.334190189838409424e-02,-7.961163669824600220e-02,-1.874732598662376404e-02,-1.836700439453125000e-01,2.266515493392944336e-01,1.034727394580841064e-01,2.404557913541793823e-01,8.816204220056533813e-02,2.096869498491287231e-01,5.415235180407762527e-03,-5.116452649235725403e-02,-1.565209776163101196e-01,-3.589494526386260986e-02,-1.685092300176620483e-01,-1.066200509667396545e-01,-1.519295424222946167e-01,1.428125984966754913e-02,-2.054127752780914307e-01,1.044583842158317566e-01,1.373897939920425415e-01,-2.139949239790439606e-02,8.968170732259750366e-02,1.385275721549987793e-01,1.310234516859054565e-01,-4.962440580129623413e-03,-4.271946847438812256e-02
1.845630407333374023e-01,2.881842553615570068e-01,2.510271668434143066e-01,2.955546379089355469e-01,1.007275506854057312e-01,7.813986390829086304e-02,3.341017663478851318e-01,5.144648551940917969e-01,1.580347269773483276e-01,2.017940282821655273e-01,2.006185054779052734e-01,1.000000000000000000e+00,3.111105561256408691e-01,7.015603184700012207e-01,9.363339096307754517e-02,3.462185859680175781e-01,1.984604746103286743e-01,5.036057233810424805e-01,2.345891147851943970e-01,2.978038489818572998e-01,4.771634042263031006e-01,4.820611476898193359e-01,2.487625330686569214e-01,1.566433161497116089e-01,4.958047717809677124e-02,1.623260229825973511e-01,1.055242046713829041e-01,1.798415929079055786e-01,4.827374126762151718e-03,4.760150015354156494e-01,2.116851657629013062e-01,3.296006917953491211e-01,1.305182874202728271e-01,1.888367682695388794e-01,4.465699940919876099e-02,1.036512181162834167e-01,9.194077551364898682e-02,-9.473881125450134277e-02,8.955417573451995850e-02,-5.314192920923233032e-02,-3.047296404838562012e-01,1.490002572536468506e-01,2.798848748207092285e-01,3.994176387786865234e-01,3.012636005878448486e-01,2.204320877790451050e-01,2.663715779781341553e-01,2.976897656917572021e-01,2.100701183080673218e-01,3.022439777851104736e-01,2.333446443080902100e-01,3.018529415130615234e-01,1.887819617986679077e-01,1.852487772703170776e-01,1.395313739776611328e-01,1.242074966430664062e-01,3.234168291091918945e-01,2.322912514209747314e-01,1.062639728188514709e-01,1.066165342926979065e-01,2.111011743545532227e-01,2.278118431568145752e-01,3.009424507617950439e-01,1.272770464420318604e-01,1.448516398668289185e-01,2.944421172142028809e-01,1.983730494976043701e-01,3.141017556190490723e-01,2.545495331287384033e-01,2.429280877113342285e-01,5.273889303207397461e-01,5.981280803680419922e-01,-4.677537456154823303e-02,5.262949466705322266e-01,-1.612243987619876862e-02,2.428020536899566650e-01,2.761536240577697754e-01,3.852070868015289307e-01,1.404548883438110352e-01,5.827580764889717102e-02,3.333636224269866943e-01,4.090581536293029785e-01,6.449964642524719238e-02,4.135653972625732422e-01,2.285851091146469116e-01,3.750951290130615234e-01,-8.039780706167221069e-02,1.347241699695587158e-01,1.131628453731536865e-01,2.239203006029129028e-01,1.140267103910446167e-01,1.804723739624023438e-01,4.348145052790641785e-02,2.276218868792057037e-02,1.403818428516387939e-01,-4.654398933053016663e-02,1.878049522638320923e-01,-1.502204984426498413e-01,2.850392460823059082e-01,2.774865031242370605e-01,6.757000833749771118e-02,8.679688908159732819e-03,7.361162453889846802e-02,1.710005663335323334e-02,2.149315327405929565e-01,6.289533525705337524e-02,3.048833310604095459e-01,6.110040470957756042e-02,9.746964275836944580e-02,3.807338327169418335e-02,-1.417372841387987137e-02,1.232446804642677307e-01,1.800208091735839844e-01,3.688006699085235596e-01,2.964722514152526855e-01,3.273869454860687256e-01
-1.183062940835952759e-01,-2.103687264025211334e-02,5.674476027488708496e-01,3.734286725521087646e-01,4.115256965160369873e-01,9.546383470296859741e-02,6.723147034645080566e-01,3.243727684020996094e-01,5.110784769058227539e-01,1.589401364326477051e-01,3.550255298614501953e-01,3.111105561256408691e-01,1.000000000000000000e+00,3.756901621818542480e-01,5.206465125083923340e-01,2.216548174619674683e-01,8.468632400035858154e-02,2.042126059532165527e-01,1.475541591644287109e-01,1.829685457050800323e-02,4.013162851333618164e-01,4.610864222049713135e-01,3.548795878887176514e-01,3.558346927165985107e-01,3.462687432765960693e-01,2.929672300815582275e-01,2.869549989700317383e-01,1.812425702810287476e-01,-1.058618351817131042e-02,2.707501947879791260e-01,4.263454973697662354e-01,4.848783016204833984e-01,-1.371434330940246582e-01,-1.159443929791450500e-01,-2.672286629676818848e-01,-2.545863986015319824e-01,-9.685119986534118652e-02,-1.472795605659484863e-01,9.818249195814132690e-02,-1.597200054675340652e-03,-1.514651477336883545e-01,2.384640872478485107e-01,6.267713010311126709e-02,5.098031833767890930e-02,-6.700428575277328491e-02,-1.714423857629299164e-02,6.103001534938812256e-02,9.248462319374084473e-02,-7.852189242839813232e-02,-7.456073164939880371e-02,9.725442156195640564e-03,1.740952208638191223e-02,1.974121183156967163e-01,1.973214596509933472e-01,9.692928940057754517e-02,-8.133429288864135742e-02,1.152168437838554382e-01,8.154602348804473877e-02,3.100692667067050934e-02,1.632898896932601929e-01,3.923684731125831604e-02,1.165856495499610901e-01,3.304218947887420654e-01,3.794954344630241394e-02,-1.115020737051963806e-02,-4.875662922859191895e-02,-3.025589138269424438e-02,9.241426363587379456e-03,-1.853438615798950195e-01,-1.254677921533584595e-01,3.802647590637207031e-01,3.882617652416229248e-01,-5.816082656383514404e-02,3.654596507549285889e-01,-2.947234362363815308e-02,2.591311931610107422e-01,-7.100661844015121460e-02,3.187800198793411255e-02,-1.592607945203781128e-01,6.903340667486190796e-02,3.206977546215057373e-01,9.312976896762847900e-02,3.985368907451629639e-01,9.106252342462539673e-02,2.667593061923980713e-01,1.849129348993301392e-01,1.660610549151897430e-02,-9.394725412130355835e-02,2.711155712604522705e-01,7.333286851644515991e-02,3.693173453211784363e-02,1.200098618865013123e-01,-7.928815484046936035e-02,-9.965749084949493408e-02,1.080695465207099915e-01,-7.318224012851715088e-02,7.357160001993179321e-02,-7.706681638956069946e-02,-5.880812183022499084e-03,-4.647030681371688843e-02,-1.527853906154632568e-01,-1.285121887922286987e-01,-1.725800037384033203e-01,-2.491155713796615601e-01,-1.934945136308670044e-01,-2.464893758296966553e-01,4.455148428678512573e-02,-2.031523436307907104e-01,8.110424876213073730e-02,6.606467813253402710e-02,-9.057367593050003052e-02,-1.184720695018768311e-01,1.359566301107406616e-01,-2.131849899888038635e-02,-1.773213595151901245e-01,-1.263464391231536865e-01
