1.000000000000000000e+00,1.673498302698135376e-01,2.351550459861755371e-01,1.137876659631729126e-01,1.186311990022659302e-01,5.985492840409278870e-02,3.507942855358123779e-01,1.332344710826873779e-01,8.372125215828418732e-03,-1.138352230191230774e-01,2.673769891262054443e-01,-3.114155307412147522e-02,2.043465822935104370e-01,-2.321231178939342499e-02,2.826311290264129639e-01,-4.870045557618141174e-02,3.666113615036010742e-01,1.320163905620574951e-01,-1.250792946666479111e-02,2.530307695269584656e-02,1.062101796269416809e-01,1.829744130373001099e-02,1.348670125007629395e-01,6.150300032459199429e-04,2.063385844230651855e-01,1.674216687679290771e-01,2.412562519311904907e-01,1.457031965255737305e-01,2.961347997188568115e-01,1.472816765308380127e-01,1.788229942321777344e-01,1.264099329710006714e-01,5.746558681130409241e-02,2.194938994944095612e-02,1.712707132101058960e-01,1.693661212921142578e-01,2.052945941686630249e-01,2.092048758640885353e-03,2.288463413715362549e-01,-5.228270962834358215e-02,2.073195874691009521e-01,8.683670312166213989e-03,-8.635891135782003403e-04,-7.976280897855758667e-02,-6.794819235801696777e-02,-7.462919503450393677e-02,1.100769713521003723e-01,-1.582655310630798340e-02,1.103640794754028320e-01,-4.462653025984764099e-02,1.683019399642944336e-01,-5.632654577493667603e-02,1.757960915565490723e-01,1.102006211876869202e-01,3.363076746463775635e-01,4.238116368651390076e-02,5.713021159172058105e-01,9.202598780393600464e-02,3.470887541770935059e-01,1.438306272029876709e-01,3.461664915084838867e-01,6.820534914731979370e-02,4.183680117130279541e-01,1.269073933362960815e-01,3.057563900947570801e-01,1.647801510989665985e-02,3.221917450428009033e-01,1.995052397251129150e-01,2.046247273683547974e-01,9.335969388484954834e-02,2.064780294895172119e-01,1.934022307395935059e-01,2.567506134510040283e-01,9.139069914817810059e-02,1.624725013971328735e-01,1.221935600042343140e-01,7.050440460443496704e-02,3.886809572577476501e-02,2.345697134733200073e-01,9.804005175828933716e-02,4.830740988254547119e-01,7.472413033246994019e-02,2.929860949516296387e-01,1.826065033674240112e-02,4.392190575599670410e-01,4.452490806579589844e-02,2.807405292987823486e-01,1.076445877552032471e-01,2.820897698402404785e-01,-4.832797124981880188e-02,2.053134888410568237e-01,-6.868420634418725967e-03,4.937100410461425781e-02,8.340167254209518433e-02,1.533265858888626099e-01,3.364591673016548157e-02,1.436227709054946899e-01,2.958722971379756927e-02,1.124312728643417358e-01,-1.854833960533142090e-02,3.124970495700836182e-01,5.546355620026588440e-02,4.055901467800140381e-01,1.764540523290634155e-01,4.038979709148406982e-01,1.541125625371932983e-01,1.509674936532974243e-01,7.179571688175201416e-02,9.049069136381149292e-02,7.625567913055419922e-02,2.246566265821456909e-01,2.673898935317993164e-01,2.861034572124481201e-01,2.136565744876861572e-01,1.751391440629959106e-01,1.537219583988189697e-01
1.673498302698135376e-01,1.000000000000000000e+00,1.136600077152252197e-01,1.785278171300888062e-01,5.711459740996360779e-02,1.113333031535148621e-01,-3.578063473105430603e-02,2.419947683811187744e-01,3.469167277216911316e-02,1.208039745688438416e-01,-1.337659955024719238e-01,1.423485130071640015e-01,-9.120253473520278931e-02,8.098144084215164185e-02,3.847662732005119324e-02,2.005469948053359985e-01,-1.304081082344055176e-01,2.014974802732467651e-01,1.659283339977264404e-01,2.094541490077972412e-01,1.417704820632934570e-01,1.249747946858406067e-01,1.108250301331281662e-02,7.725088298320770264e-02,-8.158455602824687958e-03,8.698545396327972412e-02,1.688818335533142090e-01,1.338630914688110352e-01,-3.311661072075366974e-03,6.557560712099075317e-02,1.347926706075668335e-01,1.768815666437149048e-01,1.139948591589927673e-01,1.674044728279113770e-01,2.426056563854217529e-01,1.878553628921508789e-01,4.679300636053085327e-02,2.997128069400787354e-01,6.268692016601562500e-02,2.065132260322570801e-01,-4.619540646672248840e-02,8.116575330495834351e-02,-1.931188702583312988e-01,-8.411806076765060425e-02,1.394941657781600952e-01,9.037875384092330933e-02,-6.838445365428924561e-02,6.216126680374145508e-02,-1.933195069432258606e-02,2.032272666692733765e-01,-1.687263548374176025e-01,1.613670960068702698e-02,-4.839885234832763672e-02,3.177502378821372986e-02,-6.410052627325057983e-02,1.690238416194915771e-01,4.406030848622322083e-02,6.477199196815490723e-01,-1.523923967033624649e-02,4.306879341602325439e-01,-1.011715363711118698e-02,2.799268662929534912e-01,-6.894826889038085938e-02,4.281498491764068604e-01,-2.085847854614257812e-01,3.983595073223114014e-01,2.503218054771423340e-01,4.204815328121185303e-01,2.905468940734863281e-01,2.931370735168457031e-01,2.653475701808929443e-01,2.731620967388153076e-01,3.454878926277160645e-02,6.518578529357910156e-02,9.908912330865859985e-02,1.576314419507980347e-01,3.220508396625518799e-01,2.967102825641632080e-01,-2.467265725135803223e-02,1.549298763275146484e-01,-1.006124168634414673e-01,2.464452236890792847e-01,2.830685675144195557e-02,4.109601676464080811e-02,-4.888257756829261780e-02,2.496043741703033447e-01,-2.004928141832351685e-02,6.903993338346481323e-02,-1.504433341324329376e-02,1.765696257352828979e-01,3.077822737395763397e-02,7.433304190635681152e-02,1.079189553856849670e-01,5.797950550913810730e-02,1.785870343446731567e-01,9.062997251749038696e-02,1.842807978391647339e-01,2.907550930976867676e-01,9.691140055656433105e-02,2.066735029220581055e-01,6.534307729452848434e-03,7.257159054279327393e-02,-7.034946978092193604e-02,1.364441495388746262e-02,5.174539983272552490e-02,1.174615025520324707e-01,-8.239537477493286133e-02,1.881688088178634644e-01,1.605240851640701294e-01,2.211427390575408936e-01,2.323169261217117310e-01,1.262675374746322632e-01,1.188955232501029968e-01,2.368796914815902710e-01,1.843040287494659424e-01,1.008418649435043335e-01
2.351550459861755371e-01,1.136600077152252197e-01,1.000000000000000000e+00,2.698249518871307373e-01,2.768843770027160645e-01,2.849522233009338379e-02,5.114274621009826660e-01,1.796570271253585815e-01,1.003370899707078934e-02,-1.311765909194946289e-01,2.997892200946807861e-01,5.252637714147567749e-02,4.352535903453826904e-01,1.254478543996810913e-01,3.417090177536010742e-01,-6.203474476933479309e-02,2.489886581897735596e-01,1.915749460458755493e-01,1.548315137624740601e-01,1.370443999767303467e-01,1.204019710421562195e-01,5.530789867043495178e-02,6.092691421508789062e-01,4.268039762973785400e-01,3.549463450908660889e-01,2.729718983173370361e-01,3.022966980934143066e-01,1.672551035881042480e-02,3.106489181518554688e-01,1.401201486587524414e-01,3.159834444522857666e-01,2.587469518184661865e-01,-1.042993217706680298e-01,-5.713315680623054504e-02,-5.823287367820739746e-02,-8.654895424842834473e-02,1.211476419121026993e-02,-1.896993815898895264e-02,1.136497408151626587e-01,-2.625391632318496704e-02,1.821917444467544556e-01,-8.835471235215663910e-03,-4.166468232870101929e-02,-9.374970942735671997e-02,-1.224184632301330566e-01,-1.211714558303356171e-02,-6.163095310330390930e-02,-1.559546440839767456e-01,-4.347964003682136536e-02,6.570600438863039017e-03,1.071094162762165070e-02,2.167016454041004181e-02,3.535867854952812195e-02,-2.644846215844154358e-02,2.158526927232742310e-01,-7.221276313066482544e-02,2.168145328760147095e-01,1.256480813026428223e-01,7.876661419868469238e-02,2.133395969867706299e-01,5.484144669026136398e-03,7.982139289379119873e-02,3.236646950244903564e-01,3.909706324338912964e-02,1.535825282335281372e-01,1.149463355541229248e-01,1.684228191152215004e-04,3.220425918698310852e-02,4.962579160928726196e-02,5.157325882464647293e-03,7.917972654104232788e-02,1.509715914726257324e-01,1.359747946262359619e-01,1.011612825095653534e-02,1.914446474984288216e-03,1.204416272230446339e-03,3.784170374274253845e-02,-8.947842568159103394e-02,1.283521056175231934e-01,1.006294041872024536e-01,2.922126948833465576e-01,7.471436262130737305e-02,3.779903352260589600e-01,-6.323202699422836304e-02,3.522891998291015625e-01,1.033602133393287659e-01,1.593589484691619873e-01,-2.495756745338439941e-02,3.351811766624450684e-01,5.257402546703815460e-03,1.989262104034423828e-01,9.223974309861660004e-03,2.053539156913757324e-01,-1.510343980044126511e-03,2.801949679851531982e-01,1.565974950790405273e-01,-7.686807960271835327e-02,5.282802879810333252e-02,1.603358387947082520e-01,-3.541308268904685974e-02,1.676416844129562378e-01,3.094929642975330353e-02,1.766236722469329834e-01,7.962467521429061890e-02,1.213953122496604919e-01,5.877030268311500549e-02,4.464488849043846130e-02,1.216540392488241196e-02,1.646690219640731812e-01,1.147367805242538452e-01,5.510192364454269409e-02,9.322566539049148560e-02,1.268913298845291138e-01,2.669233083724975586e-02,-5.561976879835128784e-02,-5.372902750968933105e-02
1.137876659631729126e-01,1.785278171300888062e-01,2.698249518871307373e-01,1.000000000000000000e+00,1.611410379409790039e-01,1.061209440231323242e-01,1.068113371729850769e-01,1.841270923614501953e-01,2.081574201583862305e-01,1.458764225244522095e-01,1.093541905283927917e-01,1.743438094854354858e-01,1.324601024389266968e-01,8.644812554121017456e-02,2.151492387056350708e-01,1.848327815532684326e-01,1.717014163732528687e-01,2.570940852165222168e-01,4.969935715198516846e-01,4.633664190769195557e-01,2.386905699968338013e-01,2.085949033498764038e-01,2.748283147811889648e-01,3.095639944076538086e-01,1.675329059362411499e-01,2.051938176155090332e-01,2.546206712722778320e-01,1.653783768415451050e-01,1.165604442358016968e-01,1.647588014602661133e-01,2.679137885570526123e-01,3.085481524467468262e-01,-1.807754486799240112e-01,3.893607109785079956e-02,-1.648264937102794647e-02,2.583903446793556213e-02,1.291715167462825775e-02,1.019026115536689758e-01,5.132288485765457153e-02,1.585970371961593628e-01,1.718988828361034393e-02,9.462778270244598389e-02,7.961625605821609497e-02,3.566645085811614990e-02,6.469482183456420898e-02,2.823671884834766388e-02,-2.092326991260051727e-03,3.618859127163887024e-02,-4.244750738143920898e-02,-1.922174170613288879e-02,-1.870071440935134888e-01,-1.221943721175193787e-01,-6.659164279699325562e-02,-1.190747469663619995e-01,6.502864509820938110e-02,2.585191428661346436e-01,9.503950923681259155e-02,1.925755739212036133e-01,6.632596254348754883e-02,8.209638297557830811e-02,-5.317054316401481628e-02,3.275638446211814880e-02,-2.381440438330173492e-02,1.081043630838394165e-01,-1.835004836320877075e-01,4.282149299979209900e-02,-7.811429444700479507e-03,6.969344615936279297e-02,3.618833422660827637e-01,3.007260262966156006e-01,1.082016974687576294e-01,5.807230621576309204e-02,7.328321784734725952e-02,4.432219266891479492e-02,5.014395341277122498e-02,-1.174353249371051788e-02,8.069987595081329346e-02,6.941441446542739868e-02,2.420366853475570679e-01,1.625067591667175293e-01,6.756468862295150757e-02,2.319336980581283569e-01,1.614459156990051270e-01,1.231552511453628540e-01,-3.001908073201775551e-03,1.362970918416976929e-01,8.579548448324203491e-02,9.279513359069824219e-02,1.323225796222686768e-01,2.084172070026397705e-01,1.788413673639297485e-01,2.571564316749572754e-01,6.431412696838378906e-02,1.464065313339233398e-01,2.151534557342529297e-01,2.237531244754791260e-01,1.820113211870193481e-01,2.620151937007904053e-01,2.499372512102127075e-01,3.717439174652099609e-01,4.008161276578903198e-02,1.853455901145935059e-01,8.807586878538131714e-02,1.760765612125396729e-01,1.369534879922866821e-01,1.492166221141815186e-01,1.249188333749771118e-01,2.121934592723846436e-01,2.017020583152770996e-01,2.906972765922546387e-01,1.848606467247009277e-01,1.234377622604370117e-01,9.515468776226043701e-02,1.324950009584426880e-01,1.344209313392639160e-01,8.827367424964904785e-02
1.186311990022659302e-01,5.711459740996360779e-02,2.768843770027160645e-01,1.611410379409790039e-01,1.000000000000000000e+00,5.282289981842041016e-01,3.830933272838592529e-01,1.001776605844497681e-01,5.435605049133300781e-01,2.512845098972320557e-01,1.952653974294662476e-01,-4.755337536334991455e-02,3.071719408035278320e-01,-3.308246657252311707e-02,5.826398134231567383e-01,1.522859781980514526e-01,1.557873487472534180e-01,7.122292369604110718e-02,3.780576214194297791e-02,3.749091923236846924e-02,1.149267330765724182e-01,2.016323804855346680e-02,2.710351049900054932e-01,1.847075521945953369e-01,6.952107548713684082e-01,5.815464258193969727e-01,5.546488165855407715e-01,3.279988169670104980e-01,2.688239514827728271e-01,-2.435500733554363251e-02,3.794105350971221924e-01,2.976879477500915527e-01,-6.071281433105468750e-02,-6.479538232088088989e-02,-1.421347260475158691e-01,-1.810012310743331909e-01,9.278356097638607025e-03,1.714351773262023926e-01,1.010712981224060059e-01,8.739907294511795044e-02,2.056049704551696777e-01,-4.107289761304855347e-02,-2.015008032321929932e-01,-2.698910832405090332e-01,-1.040096357464790344e-01,-1.785063594579696655e-01,-1.230626404285430908e-01,-2.521364688873291016e-01,-3.317980095744132996e-02,-6.885650102049112320e-03,-1.122568622231483459e-01,-1.653419286012649536e-01,1.001596972346305847e-01,2.901080064475536346e-03,1.528002172708511353e-01,-5.283495783805847168e-02,1.381247341632843018e-01,8.497526496648788452e-02,1.093364134430885315e-01,2.635148465633392334e-01,-1.780563034117221832e-02,5.466994643211364746e-02,7.946544885635375977e-02,-3.313815966248512268e-02,-7.654116302728652954e-02,1.228851638734340668e-02,-2.020031772553920746e-02,-6.714762747287750244e-02,-6.381566822528839111e-02,-8.013598620891571045e-02,4.498703032732009888e-02,-6.393215805292129517e-02,9.094800055027008057e-02,-5.616812035441398621e-02,1.276702061295509338e-02,4.403934814035892487e-03,6.502376496791839600e-02,5.462718382477760315e-02,2.266819588840007782e-03,1.324619948863983154e-01,1.991682797670364380e-01,4.153227806091308594e-02,4.935108423233032227e-01,6.943279504776000977e-02,2.766711413860321045e-01,6.977623701095581055e-02,4.573501646518707275e-01,1.516803950071334839e-01,4.652822017669677734e-01,1.409554779529571533e-01,3.418892025947570801e-01,1.763724833726882935e-01,3.589654862880706787e-01,1.204578876495361328e-01,3.047545552253723145e-01,8.025472611188888550e-02,1.522400528192520142e-01,1.015839353203773499e-01,2.286754399538040161e-01,-1.597445830702781677e-02,2.416294664144515991e-01,1.393489539623260498e-01,2.102374583482742310e-01,1.381999254226684570e-01,1.618597805500030518e-01,1.278061866760253906e-01,4.735015332698822021e-02,6.085495278239250183e-02,2.462757825851440430e-01,1.245381012558937073e-01,7.129330933094024658e-02,1.209346726536750793e-01,1.338131725788116455e-01,2.905174195766448975e-01,8.020989596843719482e-02,1.454918831586837769e-01
5.985492840409278870e-02,1.113333031535148621e-01,2.849522233009338379e-02,1.061209440231323242e-01,5.282289981842041016e-01,1.000000000000000000e+00,9.361904859542846680e-02,1.545324325561523438e-01,2.973018586635589600e-01,5.723633170127868652e-01,-5.434963479638099670e-02,1.434849202632904053e-01,-7.958524674177169800e-02,1.352820694446563721e-01,1.844842284917831421e-01,3.518812656402587891e-01,1.931169442832469940e-02,2.516119778156280518e-01,5.666437000036239624e-02,5.449811369180679321e-02,9.235458821058273315e-02,5.398187041282653809e-02,6.311658024787902832e-02,1.175200864672660828e-01,5.205817818641662598e-01,6.179534792900085449e-01,4.498918950557708740e-01,5.901089906692504883e-01,4.870294779539108276e-02,2.663754299283027649e-02,2.040730267763137817e-01,2.919556796550750732e-01,-1.408504694700241089e-02,4.144025966525077820e-02,-3.996788058429956436e-03,-5.650514736771583557e-02,-6.619618088006973267e-02,2.381331175565719604e-01,-8.197119832038879395e-02,2.248519808053970337e-01,-1.516157761216163635e-02,3.824021294713020325e-02,-8.777938038110733032e-02,-7.294853776693344116e-02,-6.995629519224166870e-02,-5.901024118065834045e-02,-8.600222319364547729e-02,-3.388124331831932068e-02,-7.498315721750259399e-02,1.020687595009803772e-01,-1.346046328544616699e-01,-5.386486276984214783e-02,-1.489168852567672729e-01,4.636453464627265930e-02,-1.547247171401977539e-02,1.787896007299423218e-01,8.489220589399337769e-02,1.391793191432952881e-01,1.846240907907485962e-01,1.845239847898483276e-01,2.515524998307228088e-02,-1.711105369031429291e-02,-1.313343197107315063e-01,-3.007143363356590271e-02,-9.146627038717269897e-02,-7.582882046699523926e-02,-3.560191765427589417e-02,-2.094436809420585632e-02,2.704682946205139160e-02,6.984334904700517654e-03,-4.493503272533416748e-02,-7.120708376169204712e-02,-4.184184968471527100e-02,-2.179877460002899170e-02,-1.431493367999792099e-02,2.659038454294204712e-02,5.936943460255861282e-03,4.553793743252754211e-02,-4.164725076407194138e-03,2.037498205900192261e-01,-1.516959909349679947e-02,3.522962033748626709e-01,1.413923650979995728e-01,3.921016752719879150e-01,-3.862126171588897705e-02,2.924749553203582764e-01,2.456678599119186401e-01,4.678697288036346436e-01,1.322468072175979614e-01,4.821608662605285645e-01,8.172176033258438110e-02,2.947568297386169434e-01,6.283511966466903687e-02,2.934462130069732666e-01,1.174205094575881958e-01,6.054428592324256897e-02,2.061522156000137329e-01,2.160636186599731445e-01,1.030188724398612976e-01,9.155387431383132935e-02,2.091473042964935303e-01,4.246531724929809570e-01,2.207365483045578003e-01,4.003458321094512939e-01,2.837193906307220459e-01,3.462806046009063721e-01,3.991075977683067322e-02,2.869015634059906006e-01,1.581192910671234131e-01,5.214707925915718079e-02,1.517041027545928955e-01,2.250260710716247559e-01,1.890939623117446899e-01,3.513955175876617432e-01,2.666529715061187744e-01,3.195216953754425049e-01
3.507942855358123779e-01,-3.578063473105430603e-02,5.114274621009826660e-01,1.068113371729850769e-01,3.830933272838592529e-01,9.361904859542846680e-02,1.000000000000000000e+00,3.698576390743255615e-01,1.884630471467971802e-01,-8.091371506452560425e-02,5.033315420150756836e-01,1.015831083059310913e-01,6.161554455757141113e-01,1.680918782949447632e-01,4.121263027191162109e-01,-2.981507033109664917e-02,4.306503832340240479e-01,1.978550851345062256e-01,-5.568829830735921860e-03,-8.478960022330284119e-03,1.638381332159042358e-01,1.450729370117187500e-02,2.926881909370422363e-01,1.496540457010269165e-01,4.026722908020019531e-01,3.105961680412292480e-01,2.861883640289306641e-01,8.425541222095489502e-02,5.590827465057373047e-01,2.367782592773437500e-01,2.899673879146575928e-01,2.069507986307144165e-01,6.972919404506683350e-02,2.004759386181831360e-02,4.539442807435989380e-02,1.800813339650630951e-02,1.139698028564453125e-01,6.862293183803558350e-02,1.293925195932388306e-01,-3.645957633852958679e-02,2.482736706733703613e-01,-8.022147417068481445e-02,-2.448401227593421936e-02,-1.618904918432235718e-01,-8.116737008094787598e-02,-9.846729785203933716e-02,-3.040887415409088135e-02,-2.131736427545547485e-01,6.708108354359865189e-03,-5.523279309272766113e-02,1.075905859470367432e-01,-6.528624147176742554e-02,1.906549483537673950e-01,-2.061713859438896179e-02,2.219413369894027710e-01,-4.611677303910255432e-02,3.281014561653137207e-01,-3.461011499166488647e-02,1.565831899642944336e-01,8.002339303493499756e-02,1.287223398685455322e-01,-5.667957477271556854e-03,3.795547187328338623e-01,2.297755889594554901e-02,2.222949415445327759e-01,-2.485359273850917816e-02,6.872176378965377808e-02,2.582382783293724060e-02,-8.158612251281738281e-02,-1.154062524437904358e-01,2.388257831335067749e-01,1.935993582010269165e-01,2.519030272960662842e-01,9.352944046258926392e-02,1.550948768854141235e-01,4.499695077538490295e-02,1.654337942600250244e-01,1.041772589087486267e-01,8.748123049736022949e-02,1.497596502304077148e-01,4.552953839302062988e-01,6.292650848627090454e-02,3.517934083938598633e-01,-4.375835135579109192e-02,5.009553432464599609e-01,1.125681400299072266e-01,2.296404391527175903e-01,-2.250977605581283569e-02,3.848277926445007324e-01,1.745921373367309570e-02,2.063385397195816040e-01,-2.398046292364597321e-02,2.107116878032684326e-01,1.893641985952854156e-02,3.284866809844970703e-01,1.721640825271606445e-01,-4.639383777976036072e-02,2.055976912379264832e-02,8.114134520292282104e-02,-7.322478294372558594e-02,2.096373140811920166e-01,2.498717606067657471e-02,1.991994678974151611e-01,4.491498321294784546e-02,1.268930584192276001e-01,2.209007507190108299e-03,9.125308692455291748e-02,-6.518683582544326782e-02,1.436581313610076904e-01,1.124864295125007629e-01,5.772144719958305359e-02,5.722869187593460083e-02,1.413505077362060547e-01,5.348446220159530640e-02,-5.148385837674140930e-02,3.389072790741920471e-02
1.332344710826873779e-01,2.419947683811187744e-01,1.796570271253585815e-01,1.841270923614501953e-01,1.001776605844497681e-01,1.545324325561523438e-01,3.698576390743255615e-01,1.000000000000000000e+00,4.059133678674697876e-02,2.743369638919830322e-01,1.832626163959503174e-01,4.863005876541137695e-01,2.276654094457626343e-01,5.626815557479858398e-01,5.235122889280319214e-02,3.961234092712402344e-01,1.815072000026702881e-01,4.057803452014923096e-01,2.689012140035629272e-02,3.413207456469535828e-02,1.987594962120056152e-01,1.985817402601242065e-01,6.222006678581237793e-02,1.988725960254669189e-01,1.022996380925178528e-01,1.935364454984664917e-01,1.948864012956619263e-01,2.924785315990447998e-01,2.807532250881195068e-01,4.537222683429718018e-01,2.106445431709289551e-01,2.930609285831451416e-01,1.803510189056396484e-01,2.420665025711059570e-01,1.933261007070541382e-01,2.437961697578430176e-01,3.154233843088150024e-02,1.929442584514617920e-01,-2.314069494605064392e-02,1.644237041473388672e-01,-5.383874848484992981e-02,1.630274057388305664e-01,-1.484965998679399490e-02,-4.182009026408195496e-03,8.047307282686233521e-02,4.494160041213035583e-02,-1.751820892095565796e-01,-8.527717739343643188e-02,-1.062213778495788574e-01,3.663223609328269958e-02,-1.573836207389831543e-01,-9.854403138160705566e-02,-6.318627297878265381e-02,-1.781726814806461334e-02,1.534334942698478699e-02,2.803557217121124268e-01,9.196507930755615234e-02,1.820261776447296143e-01,5.126925930380821228e-02,3.900782391428947449e-02,-1.985792443156242371e-02,1.509542018175125122e-02,4.235238302499055862e-03,2.646921873092651367e-01,-1.702129393815994263e-01,9.514560922980308533e-03,5.099502578377723694e-02,1.410066336393356323e-01,-6.702334433794021606e-02,4.929385147988796234e-03,3.075323700904846191e-01,3.156881332397460938e-01,1.149786487221717834e-01,3.131782114505767822e-01,1.419622302055358887e-01,2.704699039459228516e-01,2.923071086406707764e-01,3.044873178005218506e-01,4.696184396743774414e-02,2.503949105739593506e-01,1.053357794880867004e-01,4.278492033481597900e-01,-1.958062313497066498e-02,3.552820086479187012e-01,9.165358729660511017e-03,3.400407433509826660e-01,-2.937375009059906006e-02,2.324253767728805542e-01,4.127743653953075409e-03,3.798049986362457275e-01,-3.830523043870925903e-02,2.263105213642120361e-01,9.160898625850677490e-03,1.325261890888214111e-01,1.955473721027374268e-01,4.640841856598854065e-02,2.678857371211051941e-02,1.711946278810501099e-01,9.979976341128349304e-03,2.310134470462799072e-01,-7.453254610300064087e-02,1.777179539203643799e-01,-3.260034322738647461e-02,1.270115971565246582e-01,6.294257193803787231e-02,1.797335743904113770e-01,-7.191854715347290039e-02,1.562113165855407715e-01,1.473106741905212402e-01,2.198733091354370117e-01,1.845413744449615479e-01,4.946132004261016846e-02,2.787516079843044281e-02,4.082605242729187012e-02,1.361516118049621582e-01,2.262234240770339966e-01
8.372125215828418732e-03,3.469167277216911316e-02,1.003370899707078934e-02,2.081574201583862305e-01,5.435605049133300781e-01,2.973018586635589600e-01,1.884630471467971802e-01,4.059133678674697876e-02,1.000000000000000000e+00,4.204599857330322266e-01,3.378215432167053223e-01,8.874998241662979126e-02,3.139146566390991211e-01,-1.778539642691612244e-02,4.261992871761322021e-01,1.718948185443878174e-01,1.643258184194564819e-01,1.249994039535522461e-01,1.135418340563774109e-01,9.271824359893798828e-02,1.471849083900451660e-01,8.177684992551803589e-02,3.379818424582481384e-02,2.908887574449181557e-03,3.566629588603973389e-01,3.041914701461791992e-01,2.813965976238250732e-01,1.167776361107826233e-01,2.470035254955291748e-01,5.223273113369941711e-02,3.037052452564239502e-01,3.153772950172424316e-01,-9.186425060033798218e-02,-8.100915700197219849e-02,-1.450685709714889526e-01,-1.579820215702056885e-01,4.730125516653060913e-02,2.301751226186752319e-01,6.583230942487716675e-02,3.230676520615816116e-03,6.621090322732925415e-02,6.733638048171997070e-02,-8.837451040744781494e-02,-8.269349485635757446e-02,2.434951625764369965e-02,-5.212792009115219116e-02,-3.533141687512397766e-02,-1.523739844560623169e-01,2.874396741390228271e-02,6.130181998014450073e-02,-1.408386677503585815e-01,-1.781113296747207642e-01,2.072035102173686028e-03,-2.726165950298309326e-01,4.133530333638191223e-02,-5.892693996429443359e-02,9.027498960494995117e-02,1.938043981790542603e-01,-1.128358207643032074e-02,1.856622993946075439e-01,-1.348180025815963745e-01,1.418268531560897827e-01,-1.236884519457817078e-01,-1.299707889556884766e-01,-2.757455706596374512e-01,1.319823134690523148e-02,-1.159100234508514404e-02,3.364424034953117371e-02,4.572888091206550598e-02,4.227830469608306885e-02,1.287242174148559570e-01,-2.500741183757781982e-02,1.420556157827377319e-01,1.121580526232719421e-01,1.443839371204376221e-01,1.089006140828132629e-01,2.170748859643936157e-01,1.862107515335083008e-01,2.626143768429756165e-02,9.136231243610382080e-02,1.053693369030952454e-01,-1.218573004007339478e-02,2.518998682498931885e-01,-2.436218783259391785e-02,1.908698379993438721e-01,6.552958488464355469e-02,2.809616625308990479e-01,2.492750436067581177e-02,4.695824980735778809e-01,1.471602171659469604e-01,2.778151929378509521e-01,1.269675493240356445e-01,3.650527298450469971e-01,8.646266162395477295e-02,2.206855416297912598e-01,1.177025362849235535e-01,2.486240118741989136e-01,9.614917635917663574e-02,3.264751434326171875e-01,1.822694987058639526e-01,1.625703871250152588e-01,1.245540753006935120e-01,1.471719145774841309e-01,1.056552007794380188e-01,1.015011128038167953e-02,8.048500865697860718e-02,1.350630372762680054e-01,4.792323708534240723e-02,1.055301204323768616e-01,2.531518042087554932e-01,-6.973667442798614502e-02,-1.070612594485282898e-01,-1.741157025098800659e-01,1.506809592247009277e-01,1.455659121274948120e-01,6.199971958994865417e-02
-1.138352230191230774e-01,1.208039745688438416e-01,-1.311765909194946289e-01,1.458764225244522095e-01,2.512845098972320557e-01,5.723633170127868652e-01,-8.091371506452560425e-02,2.743369638919830322e-01,4.204599857330322266e-01,1.000000000000000000e+00,-3.114750050008296967e-02,3.544407188892364502e-01,-5.357043445110321045e-02,3.150687217712402344e-01,7.463351357728242874e-03,5.206285119056701660e-01,-4.735464602708816528e-02,3.459549248218536377e-01,1.144617274403572083e-01,6.748588383197784424e-02,9.551244974136352539e-02,1.445069462060928345e-01,-1.149275526404380798e-01,1.648322865366935730e-02,1.771446019411087036e-01,3.078434467315673828e-01,1.895973235368728638e-01,4.366623461246490479e-01,9.464319795370101929e-03,1.890850663185119629e-01,9.100653976202011108e-02,2.891092598438262939e-01,-5.731620267033576965e-02,1.682693697512149811e-02,-1.214399561285972595e-02,-3.838470950722694397e-02,-1.372408717870712280e-01,2.375622391700744629e-01,-2.286275029182434082e-01,1.177821904420852661e-01,-1.716442853212356567e-01,1.254793554544448853e-01,-6.161062046885490417e-02,6.611678004264831543e-02,1.540334671735763550e-01,1.168264970183372498e-01,-1.802801489830017090e-01,-4.925235733389854431e-02,-2.148306556046009064e-02,2.030043601989746094e-01,-1.815792620182037354e-01,-8.301549404859542847e-02,-3.101950883865356445e-01,-2.071314454078674316e-01,-2.235480695962905884e-01,1.742860674858093262e-01,-3.808752447366714478e-02,2.470416426658630371e-01,6.823219358921051025e-02,8.883788436651229858e-02,-1.049214377999305725e-01,3.041045740246772766e-03,-3.331605792045593262e-01,-3.513585776090621948e-02,-3.117012083530426025e-01,-6.872750818729400635e-02,-3.046322800219058990e-02,5.837960541248321533e-02,1.206859350204467773e-01,1.039935722947120667e-01,1.643565483391284943e-02,4.545211326330900192e-03,-5.157893151044845581e-02,1.231120377779006958e-01,3.186893463134765625e-02,1.262042522430419922e-01,1.051587089896202087e-01,2.156867235898971558e-01,-4.739370569586753845e-02,1.956187486648559570e-01,-1.680500060319900513e-01,3.803228139877319336e-01,-1.691388338804244995e-01,4.291556179523468018e-01,-1.961497813463211060e-01,3.797016441822052002e-01,-4.111505672335624695e-02,4.349593818187713623e-01,-3.934830427169799805e-02,5.822375416755676270e-01,-1.628425121307373047e-01,2.706438004970550537e-01,-1.250081695616245270e-02,3.305068612098693848e-01,-2.972577884793281555e-02,5.011627823114395142e-02,1.061526238918304443e-01,2.168969959020614624e-01,7.171210832893848419e-03,2.298957109451293945e-01,5.267282947897911072e-02,4.610393941402435303e-01,7.955393195152282715e-02,3.533688485622406006e-01,1.999540999531745911e-02,2.313201278448104858e-01,-2.640276402235031128e-02,2.722346186637878418e-01,-5.483276210725307465e-03,1.448114961385726929e-01,2.718595974147319794e-02,-6.842871010303497314e-02,-1.430502533912658691e-01,1.684365868568420410e-01,2.447922378778457642e-01,1.875045150518417358e-01
2.673769891262054443e-01,-1.337659955024719238e-01,2.997892200946807861e-01,1.093541905283927917e-01,1.952653974294662476e-01,-5.434963479638099670e-02,5.033315420150756836e-01,1.832626163959503174e-01,3.378215432167053223e-01,-3.114750050008296967e-02,1.000000000000000000e+00,2.628881633281707764e-01,6.556778550148010254e-01,2.059612125158309937e-01,3.239603042602539062e-01,-8.060351759195327759e-02,6.090086102485656738e-01,3.037198483943939209e-01,3.703230991959571838e-02,1.728075323626399040e-03,2.367483526468276978e-01,9.991560876369476318e-02,2.692625224590301514e-01,1.315005868673324585e-01,1.999758332967758179e-01,1.499935984611511230e-01,1.427776366472244263e-01,-5.818099901080131531e-02,5.405728816986083984e-01,3.200098276138305664e-01,3.346819281578063965e-01,3.017261624336242676e-01,4.393644630908966064e-02,1.907138153910636902e-02,-7.858426123857498169e-02,-6.906420737504959106e-02,2.073040008544921875e-01,2.393402904272079468e-02,2.753157913684844971e-01,-1.005637496709823608e-01,1.224654018878936768e-01,4.869813099503517151e-02,2.662329971790313721e-01,1.022328436374664307e-01,4.360407963395118713e-02,4.694184288382530212e-02,1.767911911010742188e-01,-4.483935236930847168e-02,1.769071370363235474e-01,-6.074715405702590942e-02,1.746227741241455078e-01,-8.724719285964965820e-02,1.618645936250686646e-01,-8.555096387863159180e-02,2.848724126815795898e-01,-1.301904022693634033e-01,3.034979403018951416e-01,5.861632525920867920e-04,3.944378718733787537e-02,-5.449922010302543640e-02,-1.259908173233270645e-02,3.698493540287017822e-02,2.280881553888320923e-01,-2.003188729286193848e-01,9.263799339532852173e-02,-1.370971053838729858e-01,1.285362150520086288e-02,-3.736201673746109009e-02,-8.457096666097640991e-02,-8.171907812356948853e-02,1.737220585346221924e-01,1.430569142103195190e-01,2.090898752212524414e-01,1.517408192157745361e-01,1.046017482876777649e-01,1.140469312667846680e-02,1.199493184685707092e-01,6.805685907602310181e-02,3.653487861156463623e-01,1.754797548055648804e-01,5.483483076095581055e-01,5.044841393828392029e-02,2.801610827445983887e-01,-1.326922774314880371e-01,5.918996334075927734e-01,1.378674954175949097e-01,1.673770695924758911e-01,-1.128911599516868591e-01,5.044751167297363281e-01,-2.424181671813130379e-03,1.806539595127105713e-01,-6.670379638671875000e-02,1.623309850692749023e-01,-5.746497958898544312e-02,2.358321696519851685e-01,1.581144630908966064e-01,1.485323160886764526e-01,-1.373318023979663849e-02,2.599572539329528809e-01,-2.321335254237055779e-03,2.180964648723602295e-01,-1.557363942265510559e-02,3.153398036956787109e-01,8.281086385250091553e-02,1.206652224063873291e-01,2.279802970588207245e-02,1.739534586668014526e-01,-7.553187012672424316e-02,2.943857572972774506e-02,8.466373383998870850e-02,-3.796080872416496277e-02,1.691729389131069183e-02,-2.016780339181423187e-02,-1.812395267188549042e-02,7.293517887592315674e-02,3.049332834780216217e-02
-3.114155307412147522e-02,1.423485130071640015e-01,5.252637714147567749e-02,1.743438094854354858e-01,-4.755337536334991455e-02,1.434849202632904053e-01,1.015831083059310913e-01,4.863005876541137695e-01,8.874998241662979126e-02,3.544407188892364502e-01,2.628881633281707764e-01,1.000000000000000000e+00,2.284903377294540405e-01,6.836124062538146973e-01,-1.267110705375671387e-01,2.776269316673278809e-01,1.762006282806396484e-01,5.640809535980224609e-01,7.034718245267868042e-02,-1.838970556855201721e-02,2.072680145502090454e-01,2.279257327318191528e-01,1.406751871109008789e-01,2.479022890329360962e-01,4.516644775867462158e-02,1.927542537450790405e-01,-4.984215833246707916e-03,1.964394748210906982e-01,2.329135537147521973e-01,5.704308152198791504e-01,3.194691836833953857e-01,4.115326702594757080e-01,1.886819005012512207e-01,2.698006629943847656e-01,1.192097291350364685e-01,2.283293306827545166e-01,2.667539939284324646e-02,2.083435803651809692e-01,-1.165444031357765198e-01,1.554888784885406494e-01,-1.887271702289581299e-01,1.756654232740402222e-01,1.743682622909545898e-01,2.452432364225387573e-01,2.145395725965499878e-01,1.940371543169021606e-01,-5.660615861415863037e-04,1.496498435735702515e-01,5.998025462031364441e-02,1.729240715503692627e-01,-5.105140805244445801e-02,4.829686880111694336e-02,-1.194425374269485474e-01,-1.314854323863983154e-01,-6.962855160236358643e-02,2.924009263515472412e-01,-2.599025145173072815e-02,1.586994677782058716e-01,-1.404746621847152710e-01,-1.896383315324783325e-01,-2.308614701032638550e-01,-7.796967029571533203e-02,-2.411159127950668335e-01,5.083113443106412888e-03,-2.364877313375473022e-01,-5.503845959901809692e-02,-1.927416026592254639e-01,-6.303638219833374023e-02,-9.523618221282958984e-02,1.444803271442651749e-02,2.117030322551727295e-01,2.302193045616149902e-01,2.996502444148063660e-02,3.501804769039154053e-01,4.058740660548210144e-02,2.360938638448715210e-01,2.753314077854156494e-01,2.744730114936828613e-01,1.788473874330520630e-01,3.417968451976776123e-01,-9.712878614664077759e-03,5.242784023284912109e-01,-2.062068432569503784e-01,3.163025975227355957e-01,-4.526246339082717896e-02,5.426350831985473633e-01,-3.010093569755554199e-01,1.702355295419692993e-01,-1.135863140225410461e-01,4.878672957420349121e-01,-2.087147533893585205e-01,1.354425698518753052e-01,-1.552986651659011841e-01,1.051986441016197205e-01,7.485545426607131958e-02,1.035093665122985840e-01,8.899923413991928101e-02,2.051668614149093628e-01,7.926837354898452759e-02,2.942302227020263672e-01,-9.953068941831588745e-02,2.844575047492980957e-01,-4.167493060231208801e-02,2.331223338842391968e-01,6.127063534222543240e-04,2.431364059448242188e-01,-3.605935489758849144e-03,2.558741867542266846e-01,2.529364079236984253e-02,1.160012111067771912e-01,7.679066061973571777e-02,5.163863301277160645e-02,-1.993221929296851158e-03,2.958569675683975220e-02,1.503939777612686157e-01,1.597751975059509277e-01
2.043465822935104370e-01,-9.120253473520278931e-02,4.352535903453826904e-01,1.324601024389266968e-01,3.071719408035278320e-01,-7.958524674177169800e-02,6.161554455757141113e-01,2.276654094457626343e-01,3.139146566390991211e-01,-5.357043445110321045e-02,6.556778550148010254e-01,2.284903377294540405e-01,1.000000000000000000e+00,2.848511338233947754e-01,5.196395516395568848e-01,3.033984452486038208e-03,4.563259780406951904e-01,1.774050593376159668e-01,-3.662324324250221252e-02,-1.225405484437942505e-01,3.100233078002929688e-01,1.488554626703262329e-01,3.550503253936767578e-01,1.547864079475402832e-01,3.125957548618316650e-01,2.300273180007934570e-01,2.363229393959045410e-01,-3.667326271533966064e-02,6.149512529373168945e-01,3.676777184009552002e-01,4.143252074718475342e-01,3.168180286884307861e-01,4.915760084986686707e-02,3.998891450464725494e-03,-3.647564351558685303e-02,-8.998474478721618652e-02,1.678726375102996826e-01,2.155274152755737305e-02,2.534292936325073242e-01,-1.108512207865715027e-01,2.194078415632247925e-01,9.824502281844615936e-03,6.936288625001907349e-02,-3.697971999645233154e-02,1.243659704923629761e-01,5.744928121566772461e-02,3.411635756492614746e-02,-1.747737079858779907e-01,2.040134519338607788e-01,-2.203244529664516449e-02,1.578926295042037964e-01,-5.093837156891822815e-02,2.523035705089569092e-01,-1.221859604120254517e-01,3.046394288539886475e-01,-1.585076600313186646e-01,2.387093007564544678e-01,3.915622457861900330e-02,7.931943982839584351e-02,1.842137053608894348e-02,-3.038403578102588654e-03,3.806966543197631836e-02,2.925842106342315674e-01,-1.452465355396270752e-01,5.626007542014122009e-02,-4.729225113987922668e-02,6.650286167860031128e-02,-3.102552145719528198e-02,-1.031812354922294617e-01,-1.368615180253982544e-01,3.006613254547119141e-01,2.277352362871170044e-01,2.542579472064971924e-01,1.376876980066299438e-01,1.342243850231170654e-01,6.879940629005432129e-02,1.816684603691101074e-01,1.297342628240585327e-01,1.878725290298461914e-01,1.142021194100379944e-01,4.787303507328033447e-01,-5.618062987923622131e-02,4.068609178066253662e-01,-1.563611179590225220e-01,5.990818738937377930e-01,1.076267063617706299e-01,1.237634494900703430e-01,-1.847588717937469482e-01,5.104377269744873047e-01,-5.133666098117828369e-02,1.814124286174774170e-01,-9.232359379529953003e-02,1.847776770591735840e-01,-1.053551882505416870e-01,3.134015798568725586e-01,2.155861705541610718e-01,-4.708955530077219009e-03,2.791161276400089264e-02,2.026509046554565430e-01,-2.530578896403312683e-02,1.119239106774330139e-01,-8.150566369295120239e-02,1.320491284132003784e-01,-6.425233930349349976e-02,1.055094134062528610e-02,-6.939332187175750732e-02,8.444412052631378174e-02,-1.489141285419464111e-01,1.055506393313407898e-01,7.702355831861495972e-02,-7.906259596347808838e-02,-6.187316030263900757e-02,2.882603742182254791e-02,2.463937504217028618e-03,-7.591132074594497681e-02,-8.175890147686004639e-02
