1.000000000000000000e+00,6.310496330261230469e-01,3.668532967567443848e-01,3.562802076339721680e-01,-7.761497516185045242e-03,4.979274794459342957e-02,4.546841084957122803e-01,3.062609434127807617e-01,9.969677776098251343e-02,1.091221123933792114e-01,4.777584969997406006e-01,4.113789498805999756e-01,4.390419125556945801e-01,3.661151528358459473e-01,8.426521718502044678e-02,8.910249173641204834e-02,3.104398846626281738e-01,3.201833963394165039e-01,5.789505839347839355e-01,5.807504057884216309e-01,5.402411893010139465e-02,6.065207719802856445e-02,3.053320944309234619e-01,2.546240687370300293e-01,2.263166606426239014e-01,2.205173820257186890e-01,5.465204268693923950e-02,7.376543432474136353e-02,3.263217508792877197e-01,3.213833868503570557e-01,3.905219137668609619e-01,3.978258073329925537e-01,4.793691337108612061e-01,4.361339509487152100e-01,1.276459395885467529e-01,1.946413815021514893e-01,2.726497948169708252e-01,1.081047728657722473e-01,1.712752133607864380e-01,5.195675417780876160e-02,8.161567151546478271e-02,1.025494858622550964e-01,1.703930348157882690e-01,2.535806894302368164e-01,1.643991097807884216e-02,-5.847304686903953552e-02,2.526974081993103027e-01,2.160660028457641602e-01,-9.104666858911514282e-02,3.086998360231518745e-03,-4.097138717770576477e-02,7.036972045898437500e-02,2.025174945592880249e-01,-1.174286380410194397e-02,2.127783894538879395e-01,-1.470527946949005127e-01,4.947043657302856445e-01,3.567531406879425049e-01,5.362500995397567749e-02,-6.762728840112686157e-02,-5.369264259934425354e-02,-1.010933816432952881e-01,8.795578032732009888e-02,-4.831330478191375732e-02,-2.680090367794036865e-01,-1.518708169460296631e-01,-1.513982890173792839e-03,6.749814748764038086e-02,5.612865090370178223e-01,4.412716031074523926e-01,3.437657058238983154e-01,2.312900871038436890e-01,3.065118193626403809e-01,3.461179435253143311e-01,1.841114163398742676e-01,2.806200683116912842e-01,4.288232922554016113e-01,3.486148715019226074e-01,1.338299363851547241e-01,2.888289690017700195e-01,1.989204734563827515e-01,2.622466087341308594e-01,2.258982807397842407e-01,5.685541313141584396e-03,2.967155873775482178e-01,2.531611323356628418e-01,1.230868324637413025e-01,4.111452400684356689e-02,3.640443384647369385e-01,-1.196555048227310181e-02,2.438802123069763184e-01,2.028237283229827881e-01,-5.133417248725891113e-02,5.324135720729827881e-02,1.524134725332260132e-01,5.750164389610290527e-02,3.255382478237152100e-01,1.140209957957267761e-01,3.020916283130645752e-01,1.967103034257888794e-01,-3.838628157973289490e-02,1.970298122614622116e-03,-2.084215171635150909e-02,7.961173355579376221e-02,-2.981631644070148468e-02,1.276017446070909500e-02,-1.017824262380599976e-01,-5.442849174141883850e-02,-6.685324758291244507e-02,1.950937807559967041e-01,3.508187234401702881e-01,1.560737043619155884e-01,1.463483124971389771e-01,5.827617365866899490e-03,-9.192545711994171143e-02,-5.341980606317520142e-02
6.310496330261230469e-01,1.000000000000000000e+00,3.457317650318145752e-01,4.262145757675170898e-01,1.038360819220542908e-01,1.396623700857162476e-01,4.510427713394165039e-01,4.387781322002410889e-01,2.089423835277557373e-01,2.244368195533752441e-01,4.303750693798065186e-01,5.276900529861450195e-01,3.695333003997802734e-01,5.130182504653930664e-01,1.750883758068084717e-01,2.258086651563644409e-01,3.556359410285949707e-01,3.944762051105499268e-01,5.711988806724548340e-01,6.064455509185791016e-01,1.136204749345779419e-01,6.411181390285491943e-02,3.354207873344421387e-01,2.870081365108489990e-01,2.385296225547790527e-01,2.127457857131958008e-01,1.127967387437820435e-01,1.369969844818115234e-01,4.014689922332763672e-01,3.765076100826263428e-01,3.915082514286041260e-01,3.965806663036346436e-01,4.864255785942077637e-01,4.956320524215698242e-01,1.444517076015472412e-01,2.525050938129425049e-01,3.297288417816162109e-01,1.119116172194480896e-01,1.868921965360641479e-01,7.481877505779266357e-02,1.987360566854476929e-01,9.839856624603271484e-02,1.842328906059265137e-01,2.272626012563705444e-01,1.135420054197311401e-01,1.186510268598794937e-02,2.413108050823211670e-01,1.690407544374465942e-01,2.334761805832386017e-02,1.104424223303794861e-01,-1.558634545654058456e-02,1.044973433017730713e-01,1.496864855289459229e-01,-3.747209161520004272e-02,2.315137237310409546e-01,-1.328535676002502441e-01,4.527816474437713623e-01,4.373490512371063232e-01,1.351926922798156738e-01,1.171434819698333740e-01,1.894300803542137146e-02,5.796035379171371460e-02,1.644160598516464233e-01,9.911483526229858398e-02,-2.189105898141860962e-01,-3.333792835474014282e-02,9.093329310417175293e-02,1.837115883827209473e-01,5.484875440597534180e-01,4.790487289428710938e-01,3.841845095157623291e-01,3.255210816860198975e-01,3.918567001819610596e-01,3.888175189495086670e-01,2.778571844100952148e-01,2.983450591564178467e-01,4.122313261032104492e-01,3.347659707069396973e-01,1.743561178445816040e-01,3.080261051654815674e-01,3.043002188205718994e-01,3.187494575977325439e-01,2.718945145606994629e-01,1.245974823832511902e-01,2.921329438686370850e-01,2.574475705623626709e-01,1.549685001373291016e-01,5.887885391712188721e-02,3.788521587848663330e-01,4.215234145522117615e-02,2.766371071338653564e-01,2.307867556810379028e-01,-7.455252856016159058e-02,9.281574748456478119e-04,1.820219755172729492e-01,1.283384561538696289e-01,3.378009796142578125e-01,1.441138833761215210e-01,3.228993415832519531e-01,2.333424985408782959e-01,-7.072103768587112427e-02,-4.575631022453308105e-02,-2.783516235649585724e-02,1.390534453094005585e-02,-4.928760230541229248e-02,-2.517982386052608490e-02,-8.695597201585769653e-02,-1.459608506411314011e-02,-1.702226512134075165e-02,2.356740981340408325e-01,3.819803595542907715e-01,1.915292888879776001e-01,1.175531521439552307e-01,-3.087544627487659454e-02,-1.172273084521293640e-01,-9.216936677694320679e-02
3.668532967567443848e-01,3.457317650318145752e-01,1.000000000000000000e+00,5.971208214759826660e-01,1.341157704591751099e-01,1.689339727163314819e-01,6.440950632095336914e-01,5.186863541603088379e-01,1.389454901218414307e-01,1.747657358646392822e-01,3.874836564064025879e-01,3.157761096954345703e-01,4.593773484230041504e-01,2.800381183624267578e-01,1.140977442264556885e-01,1.194732263684272766e-01,1.740298569202423096e-01,1.636241674423217773e-01,4.834852218627929688e-01,5.011639595031738281e-01,4.431916773319244385e-02,-3.742206469178199768e-02,6.270716190338134766e-01,6.191071867942810059e-01,1.258649230003356934e-01,1.676710695028305054e-01,2.253440767526626587e-01,1.659759730100631714e-01,2.566463947296142578e-01,1.710033416748046875e-01,5.306341052055358887e-01,5.362939834594726562e-01,4.716170728206634521e-01,5.119121074676513672e-01,4.065100848674774170e-01,2.987698912620544434e-01,2.280637919902801514e-01,7.632385939359664917e-02,2.359734624624252319e-01,1.134681403636932373e-01,1.390794664621353149e-01,1.029128804802894592e-01,1.729294657707214355e-01,1.980783790349960327e-01,2.555782496929168701e-01,2.172561734914779663e-01,6.039445847272872925e-02,6.081866100430488586e-02,2.006673812866210938e-01,2.076833248138427734e-01,1.204931885004043579e-01,2.236794531345367432e-01,-5.704526975750923157e-02,-1.890773624181747437e-01,1.668057292699813843e-01,2.657600305974483490e-02,2.446183115243911743e-01,3.588331639766693115e-01,3.364081382751464844e-01,2.334886789321899414e-01,1.676798164844512939e-01,1.477274894714355469e-01,1.959343701601028442e-01,3.492318838834762573e-02,8.749797195196151733e-02,2.365278303623199463e-01,3.577221333980560303e-01,3.534303605556488037e-01,5.381742715835571289e-01,4.766201376914978027e-01,3.451639115810394287e-01,2.699045240879058838e-01,2.530287206172943115e-01,1.664878875017166138e-01,1.371465474367141724e-01,1.154174506664276123e-01,1.067630648612976074e-01,1.571239084005355835e-01,-1.999459695070981979e-03,1.151971369981765747e-01,1.778566390275955200e-01,1.672269999980926514e-01,2.887749671936035156e-01,1.137909740209579468e-01,2.382603287696838379e-01,1.488059163093566895e-01,-3.713422641158103943e-02,-1.149318143725395203e-01,2.106287181377410889e-01,-9.591523557901382446e-02,1.665115207433700562e-01,1.632315516471862793e-01,-1.267904043197631836e-01,1.088510383851826191e-03,1.682749092578887939e-01,1.509758830070495605e-01,2.234202772378921509e-01,1.280333250761032104e-01,1.011708751320838928e-01,6.079813092947006226e-02,5.570591241121292114e-02,-3.484960645437240601e-02,-2.234392799437046051e-03,-7.774164527654647827e-02,-1.881934143602848053e-02,4.874374251812696457e-03,4.170827567577362061e-02,7.873135805130004883e-02,-2.727715764194726944e-03,1.063698306679725647e-01,1.298703104257583618e-01,3.603793680667877197e-02,-2.874327823519706726e-02,-5.550451204180717468e-02,-1.117225363850593567e-01,4.965443629771471024e-03
3.562802076339721680e-01,4.262145757675170898e-01,5.971208214759826660e-01,1.000000000000000000e+00,1.710834503173828125e-01,2.473692893981933594e-01,5.939705967903137207e-01,6.658073067665100098e-01,1.950688809156417847e-01,2.795910537242889404e-01,3.578268289566040039e-01,4.113860428333282471e-01,3.688431084156036377e-01,3.983591496944427490e-01,1.429579555988311768e-01,2.162925153970718384e-01,8.361009508371353149e-02,1.895043849945068359e-01,4.676869809627532959e-01,5.223393440246582031e-01,3.294686973094940186e-02,-2.102350816130638123e-02,5.717138648033142090e-01,6.168517470359802246e-01,1.401771903038024902e-01,2.100395858287811279e-01,2.011455893516540527e-01,2.193697988986968994e-01,2.249517440795898438e-01,1.952796578407287598e-01,4.712942540645599365e-01,5.252442359924316406e-01,4.089545905590057373e-01,4.996787011623382568e-01,3.485422730445861816e-01,3.050669431686401367e-01,2.483707368373870850e-01,4.991416633129119873e-02,2.852621078491210938e-01,8.691586554050445557e-02,1.916319280862808228e-01,1.193894743919372559e-01,1.835447996854782104e-01,2.551938593387603760e-01,2.356311082839965820e-01,2.881473898887634277e-01,1.053643524646759033e-01,9.141249209642410278e-02,2.073476165533065796e-01,3.236902058124542236e-01,1.438901573419570923e-01,3.068783581256866455e-01,-2.349352836608886719e-02,-1.374168097972869873e-01,2.580942809581756592e-01,3.745950758457183838e-02,1.883197873830795288e-01,3.821891546249389648e-01,2.656075358390808105e-01,2.759759128093719482e-01,7.693306356668472290e-02,2.184641212224960327e-01,1.856009066104888916e-01,1.222951337695121765e-01,2.557762898504734039e-02,3.288828432559967041e-01,3.059041500091552734e-01,3.821538984775543213e-01,4.877906739711761475e-01,4.416631758213043213e-01,3.584489226341247559e-01,3.156350553035736084e-01,2.376151233911514282e-01,2.101262658834457397e-01,1.376138776540756226e-01,1.284161508083343506e-01,8.972859382629394531e-02,1.394309550523757935e-01,-5.322010815143585205e-02,8.630780875682830811e-02,1.159457117319107056e-01,2.139649540185928345e-01,2.545368969440460205e-01,1.143976971507072449e-01,1.667089015245437622e-01,2.159898579120635986e-01,-7.383108884096145630e-02,-1.204569786787033081e-01,2.070716768503189087e-01,-1.059958059340715408e-02,2.338884174823760986e-01,2.005090713500976562e-01,-5.721268802881240845e-02,1.903420686721801758e-02,2.634353339672088623e-01,2.589426338672637939e-01,3.405207693576812744e-01,2.328143715858459473e-01,2.155102640390396118e-01,1.964721828699111938e-01,7.905188202857971191e-02,-2.440772019326686859e-02,6.241029873490333557e-02,-4.390680417418479919e-02,5.183092132210731506e-02,5.256931856274604797e-02,6.076029688119888306e-02,6.701161712408065796e-02,9.753093123435974121e-02,1.916504651308059692e-01,2.330767959356307983e-01,1.707403957843780518e-01,5.188526958227157593e-02,1.392066944390535355e-02,-5.009704083204269409e-02,4.752230644226074219e-02
-7.761497516185045242e-03,1.038360819220542908e-01,1.341157704591751099e-01,1.710834503173828125e-01,1.000000000000000000e+00,5.445947051048278809e-01,1.395366340875625610e-01,1.564605087041854858e-01,5.991254448890686035e-01,5.111401081085205078e-01,3.518832474946975708e-02,1.296325474977493286e-01,6.875194609165191650e-02,1.744963824748992920e-01,5.551119446754455566e-01,5.778598785400390625e-01,-1.187853794544935226e-02,-2.246315358206629753e-03,1.434594988822937012e-01,7.353579998016357422e-02,3.666324317455291748e-01,3.233147561550140381e-01,1.555374562740325928e-01,1.553842872381210327e-01,4.919684231281280518e-01,4.472482502460479736e-01,5.773376226425170898e-01,5.775728821754455566e-01,2.781933546066284180e-01,1.392004042863845825e-01,1.359386593103408813e-01,1.002498939633369446e-01,-3.484497591853141785e-02,-8.455250412225723267e-03,5.973276495933532715e-02,1.864027082920074463e-01,2.566457688808441162e-01,1.170801222324371338e-01,3.486369550228118896e-01,1.657007336616516113e-01,2.586890161037445068e-01,2.182750552892684937e-01,1.028308123350143433e-01,9.752265363931655884e-02,7.581952214241027832e-02,1.066985428333282471e-01,7.931886613368988037e-02,5.667706951498985291e-02,1.779582947492599487e-01,1.775559484958648682e-01,1.382077038288116455e-01,1.710143238306045532e-01,-1.177217066287994385e-02,4.782411828637123108e-02,3.474957942962646484e-01,1.053620874881744385e-01,-1.221855655312538147e-01,6.005283445119857788e-02,1.111996918916702271e-01,1.347468793392181396e-01,2.494910173118114471e-02,5.425637215375900269e-02,3.920701146125793457e-02,3.910746425390243530e-03,7.376600056886672974e-02,1.820495277643203735e-01,1.021962985396385193e-01,1.350236535072326660e-01,2.759636379778385162e-02,9.016429632902145386e-02,1.779647320508956909e-01,1.833515018224716187e-01,2.378431856632232666e-01,3.243182972073554993e-02,1.742559969425201416e-01,-1.801390014588832855e-02,-1.506741195917129517e-01,-1.991439014673233032e-01,-6.904701888561248779e-02,-1.307182200253009796e-02,1.514904350042343140e-01,-1.000330317765474319e-02,4.164072275161743164e-01,3.827057182788848877e-01,2.009741514921188354e-01,1.670856475830078125e-01,1.702080070972442627e-01,1.096787005662918091e-01,2.735914587974548340e-01,1.346706897020339966e-01,1.760316044092178345e-01,8.690816909074783325e-02,3.741066530346870422e-02,-5.881932564079761505e-03,1.762970238924026489e-01,2.112661004066467285e-01,2.088346779346466064e-01,2.901228368282318115e-01,1.749245375394821167e-01,2.407481819391250610e-01,7.958965003490447998e-02,2.535270154476165771e-02,1.074701920151710510e-01,1.227440498769283295e-02,8.208089321851730347e-02,9.110864251852035522e-02,4.224983602762222290e-02,5.875894054770469666e-02,2.473845332860946655e-01,1.911276727914810181e-01,1.645992845296859741e-01,2.277303785085678101e-01,8.057042956352233887e-02,5.256303772330284119e-02,9.588734805583953857e-02,3.378823399543762207e-02
4.979274794459342957e-02,1.396623700857162476e-01,1.689339727163314819e-01,2.473692893981933594e-01,5.445947051048278809e-01,1.000000000000000000e+00,2.017475664615631104e-01,2.354344576597213745e-01,5.476242303848266602e-01,6.143449544906616211e-01,1.652534008026123047e-01,2.620672285556793213e-01,9.332367032766342163e-02,1.363245248794555664e-01,3.090098798274993896e-01,5.164595842361450195e-01,-5.159843340516090393e-02,1.375852525234222412e-01,1.819465160369873047e-01,1.192753463983535767e-01,2.662885785102844238e-01,2.897034287452697754e-01,1.309702843427658081e-01,1.776931881904602051e-01,2.617665827274322510e-01,3.838800191879272461e-01,5.560823082923889160e-01,6.394702792167663574e-01,1.346751004457473755e-01,1.923470050096511841e-01,1.504964977502822876e-01,2.043763995170593262e-01,3.415814414620399475e-02,1.204114854335784912e-01,1.659409701824188232e-01,2.591323852539062500e-01,2.533441185951232910e-01,3.137820363044738770e-01,3.545203208923339844e-01,2.614428400993347168e-01,1.561540216207504272e-01,3.883297443389892578e-01,6.171470880508422852e-02,1.706614494323730469e-01,1.297342330217361450e-01,2.443136721849441528e-01,3.997617587447166443e-02,8.264224231243133545e-02,1.674515455961227417e-01,3.058584034442901611e-01,1.332525908946990967e-01,2.235887646675109863e-01,2.430119924247264862e-02,6.174790114164352417e-02,3.663783371448516846e-01,1.430776417255401611e-01,-8.516329526901245117e-02,1.624139249324798584e-01,1.368370354175567627e-01,1.382130980491638184e-01,3.624681755900382996e-02,5.076306313276290894e-02,4.328070580959320068e-02,5.882314965128898621e-02,1.627379208803176880e-01,2.791059613227844238e-01,1.653439700603485107e-01,2.237055897712707520e-01,6.970786303281784058e-02,1.151210367679595947e-01,7.634911686182022095e-02,1.110587939620018005e-01,7.269194722175598145e-02,1.384660899639129639e-01,7.155194878578186035e-02,1.074299961328506470e-01,-1.441294699907302856e-01,-1.014561131596565247e-01,-1.425392478704452515e-01,5.466122925281524658e-02,2.356209605932235718e-02,1.794126480817794800e-01,2.742544710636138916e-01,4.058899581432342529e-01,1.875814050436019897e-01,3.719587028026580811e-01,1.032133251428604126e-01,-1.212208531796932220e-02,2.400837838649749756e-01,1.309023499488830566e-01,1.010770648717880249e-01,6.442855298519134521e-02,-3.594363480806350708e-02,-7.980273663997650146e-02,2.696891129016876221e-01,3.494705557823181152e-01,3.248116075992584229e-01,3.935630619525909424e-01,1.734225302934646606e-01,1.620659083127975464e-01,5.996529757976531982e-02,-1.920188590884208679e-02,9.873968362808227539e-02,-1.627664081752300262e-03,6.556744128465652466e-02,7.807093858718872070e-02,1.116284877061843872e-01,7.243625819683074951e-02,2.111652493476867676e-01,3.124736547470092773e-01,2.333619594573974609e-01,1.975493133068084717e-01,4.820058867335319519e-02,7.604774087667465210e-02,1.104048863053321838e-01,9.112880378961563110e-02
4.546841084957122803e-01,4.510427713394165039e-01,6.440950632095336914e-01,5.939705967903137207e-01,1.395366340875625610e-01,2.017475664615631104e-01,1.000000000000000000e+00,5.543959140777587891e-01,1.795803308486938477e-01,2.538629472255706787e-01,5.109694600105285645e-01,4.913666248321533203e-01,5.352315902709960938e-01,3.951948285102844238e-01,7.268077880144119263e-02,1.069916412234306335e-01,1.931630373001098633e-01,3.304485380649566650e-01,5.352695584297180176e-01,5.440536737442016602e-01,6.110391020774841309e-02,-3.569057211279869080e-02,6.009814739227294922e-01,5.702199935913085938e-01,9.862353652715682983e-02,1.514832526445388794e-01,1.650081276893615723e-01,1.486041545867919922e-01,2.521064579486846924e-01,3.239669501781463623e-01,5.713526606559753418e-01,5.839987397193908691e-01,5.248332619667053223e-01,5.734170079231262207e-01,2.860904932022094727e-01,2.572739124298095703e-01,2.964006662368774414e-01,1.040248200297355652e-01,3.326109349727630615e-01,1.065060123801231384e-01,1.000394672155380249e-01,1.137731522321701050e-01,1.004638150334358215e-01,1.909253597259521484e-01,1.820292472839355469e-01,1.712054610252380371e-01,6.119593605399131775e-02,5.017199367284774780e-02,9.094928205013275146e-02,2.040907889604568481e-01,3.375739976763725281e-02,1.618201285600662231e-01,-1.001815497875213623e-01,-2.171782255172729492e-01,2.140566110610961914e-01,-5.923344567418098450e-02,3.425983786582946777e-01,4.378123581409454346e-01,3.412243127822875977e-01,2.240972220897674561e-01,2.037053406238555908e-01,1.342971175909042358e-01,1.839790195226669312e-01,4.370514769107103348e-03,8.666823804378509521e-02,1.783553659915924072e-01,2.997745871543884277e-01,3.443914651870727539e-01,5.463026762008666992e-01,4.726787805557250977e-01,4.026677608489990234e-01,3.767494261264801025e-01,1.921858638525009155e-01,2.960826754570007324e-01,8.136975765228271484e-02,1.974245905876159668e-01,1.916606426239013672e-01,2.547824382781982422e-01,4.743569996207952499e-03,2.358274459838867188e-01,1.582711488008499146e-01,3.038502931594848633e-01,2.793582975864410400e-01,1.323492527008056641e-01,2.374605834484100342e-01,2.168866097927093506e-01,-2.520421892404556274e-02,-9.092815965414047241e-02,2.638623416423797607e-01,-1.161464080214500427e-01,1.097084954380989075e-01,1.543450951576232910e-01,-2.286906093358993530e-01,-9.263408184051513672e-02,2.817647457122802734e-01,2.447050958871841431e-01,3.259270787239074707e-01,1.803006976842880249e-01,1.278293281793594360e-01,4.439514130353927612e-02,-7.625333964824676514e-02,-1.460912674665451050e-01,-1.093738451600074768e-01,-1.570024937391281128e-01,-1.341645419597625732e-01,-1.225752681493759155e-01,1.118771731853485107e-02,-8.579454384744167328e-03,6.244099512696266174e-02,2.629171311855316162e-01,2.836862802505493164e-01,8.574724197387695312e-02,-8.664486557245254517e-02,-1.536299884319305420e-01,-2.136464715003967285e-01,-4.367807507514953613e-02
3.062609434127807617e-01,4.387781322002410889e-01,5.186863541603088379e-01,6.658073067665100098e-01,1.564605087041854858e-01,2.354344576597213745e-01,5.543959140777587891e-01,1.000000000000000000e+00,2.192946821451187134e-01,2.738840281963348389e-01,3.347446024417877197e-01,4.825388491153717041e-01,3.190747201442718506e-01,4.991985559463500977e-01,1.614657789468765259e-01,2.234323024749755859e-01,1.330106109380722046e-01,2.388178110122680664e-01,3.928292393684387207e-01,4.706247746944427490e-01,1.701905578374862671e-02,-5.685919150710105896e-02,5.258358120918273926e-01,5.674122571945190430e-01,1.171644553542137146e-01,2.018023282289505005e-01,1.297202706336975098e-01,1.694980859756469727e-01,2.639132142066955566e-01,2.329199910163879395e-01,4.458552300930023193e-01,5.072429180145263672e-01,4.003029763698577881e-01,5.066176652908325195e-01,2.853822112083435059e-01,2.669968008995056152e-01,2.655156850814819336e-01,2.353051304817199707e-02,2.786457836627960205e-01,8.826187998056411743e-02,2.051461935043334961e-01,6.125236675143241882e-02,1.903829574584960938e-01,2.331162393093109131e-01,2.459221333265304565e-01,2.960999608039855957e-01,1.269755810499191284e-01,9.069570899009704590e-02,2.202288359403610229e-01,3.334007859230041504e-01,1.513819545507431030e-01,2.804515659809112549e-01,-3.435930609703063965e-02,-1.279101073741912842e-01,2.594044506549835205e-01,7.375095784664154053e-02,2.043479084968566895e-01,4.208140075206756592e-01,2.756813466548919678e-01,3.425225615501403809e-01,1.305051892995834351e-01,2.791730463504791260e-01,2.642416059970855713e-01,1.878512054681777954e-01,5.160895735025405884e-02,3.335620164871215820e-01,3.181251883506774902e-01,4.160841405391693115e-01,4.425999820232391357e-01,4.427742362022399902e-01,3.627268671989440918e-01,3.569382727146148682e-01,2.571566700935363770e-01,2.175556123256683350e-01,1.848215162754058838e-01,1.185438334941864014e-01,1.028802394866943359e-01,1.203992962837219238e-01,5.211197771131992340e-03,9.382376819849014282e-02,1.872852891683578491e-01,2.280467748641967773e-01,2.413897663354873657e-01,9.627330303192138672e-02,1.475137621164321899e-01,1.884591281414031982e-01,-1.085851192474365234e-01,-1.346995234489440918e-01,1.685515493154525757e-01,2.578505314886569977e-02,2.589699923992156982e-01,2.425678670406341553e-01,-2.895176783204078674e-02,1.208742707967758179e-02,2.959555983543395996e-01,2.896102666854858398e-01,3.702300190925598145e-01,2.742628455162048340e-01,2.506060600280761719e-01,2.351313978433609009e-01,8.916271477937698364e-02,-2.275224588811397552e-02,8.302039653062820435e-02,-3.668013215065002441e-02,4.673645645380020142e-02,3.443403914570808411e-02,8.595608919858932495e-02,6.840067356824874878e-02,1.128169894218444824e-01,2.330517470836639404e-01,2.758661508560180664e-01,2.258894741535186768e-01,6.466751545667648315e-02,2.399064414203166962e-02,-5.682165548205375671e-02,2.360516786575317383e-02
9.969677776098251343e-02,2.089423835277557373e-01,1.389454901218414307e-01,1.950688809156417847e-01,5.991254448890686035e-01,5.476242303848266602e-01,1.795803308486938477e-01,2.192946821451187134e-01,1.000000000000000000e+00,5.224242806434631348e-01,1.805450618267059326e-01,2.913822531700134277e-01,1.238650828599929810e-01,2.697558403015136719e-01,5.186355113983154297e-01,4.915169179439544678e-01,9.152248501777648926e-02,1.253523826599121094e-01,1.729195863008499146e-01,1.495615094900131226e-01,3.178800344467163086e-01,1.851850003004074097e-01,1.570713520050048828e-01,1.538819372653961182e-01,4.571087658405303955e-01,4.444503486156463623e-01,4.829750359058380127e-01,4.811416566371917725e-01,3.504113256931304932e-01,2.167201191186904907e-01,2.496337890625000000e-01,2.270431220531463623e-01,1.062698513269424438e-01,1.205014288425445557e-01,2.503591589629650116e-02,1.638679802417755127e-01,2.803860306739807129e-01,7.686671614646911621e-02,3.928300142288208008e-01,6.671208143234252930e-02,2.224384397268295288e-01,1.676049679517745972e-01,4.393018409609794617e-02,7.138658314943313599e-02,1.453452184796333313e-02,3.091157041490077972e-02,7.725659757852554321e-02,2.151979692280292511e-02,6.439297646284103394e-02,1.007217392325401306e-01,2.806791290640830994e-02,7.742806524038314819e-02,-2.150751836597919464e-02,-5.306438729166984558e-02,3.942604959011077881e-01,-8.601375855505466461e-03,3.753213444724678993e-03,1.865886002779006958e-01,1.009515821933746338e-01,1.309657096862792969e-01,7.268688827753067017e-02,4.621466621756553650e-02,8.433529734611511230e-02,4.344048723578453064e-02,4.026181250810623169e-02,6.395927071571350098e-02,6.637344509363174438e-02,1.391437053680419922e-01,1.165202036499977112e-01,1.813834905624389648e-01,2.801509797573089600e-01,2.713513672351837158e-01,3.054128885269165039e-01,1.497362405061721802e-01,2.762768566608428955e-01,1.036981940269470215e-01,-2.136406861245632172e-02,-9.325444698333740234e-02,2.220717445015907288e-02,4.800745472311973572e-02,2.541303038597106934e-01,6.909163296222686768e-02,4.271722137928009033e-01,3.244082331657409668e-01,1.854577958583831787e-01,1.851085424423217773e-01,1.384720802307128906e-01,3.257106244564056396e-02,2.739527523517608643e-01,4.375018551945686340e-02,1.731060892343521118e-01,7.539513707160949707e-02,-5.427198484539985657e-02,-9.461287409067153931e-02,2.647894620895385742e-01,2.445775270462036133e-01,3.038549423217773438e-01,3.049848973751068115e-01,2.218589633703231812e-01,2.220341414213180542e-01,9.909454965963959694e-04,-5.031231418251991272e-02,3.665913268923759460e-02,-1.159097533673048019e-02,1.174284145236015320e-02,4.621870815753936768e-02,5.322079733014106750e-02,8.058774285018444061e-03,2.490421682596206665e-01,2.771495878696441650e-01,2.927831113338470459e-01,2.408628910779953003e-01,5.488262698054313660e-02,-7.466990035027265549e-03,3.562888596206903458e-03,1.381447538733482361e-02
1.091221123933792114e-01,2.244368195533752441e-01,1.747657358646392822e-01,2.795910537242889404e-01,5.111401081085205078e-01,6.143449544906616211e-01,2.538629472255706787e-01,2.738840281963348389e-01,5.224242806434631348e-01,1.000000000000000000e+00,2.359977364540100098e-01,3.734847307205200195e-01,1.484317630529403687e-01,2.376333773136138916e-01,2.615151405334472656e-01,4.545963406562805176e-01,9.803653508424758911e-02,2.925879955291748047e-01,2.417577356100082397e-01,2.066980898380279541e-01,1.754106581211090088e-01,1.461568325757980347e-01,1.791196167469024658e-01,2.245955318212509155e-01,2.295889407396316528e-01,2.683368325233459473e-01,4.338116347789764404e-01,5.072726607322692871e-01,1.588759571313858032e-01,2.187111973762512207e-01,2.005044966936111450e-01,2.334846854209899902e-01,1.231436431407928467e-01,2.188407778739929199e-01,1.218340247869491577e-01,2.648196816444396973e-01,2.941194772720336914e-01,1.982844173908233643e-01,3.761066794395446777e-01,1.462286114692687988e-01,2.270657122135162354e-01,2.361181825399398804e-01,3.256966592743992805e-03,8.513747900724411011e-02,1.421286463737487793e-01,1.788004189729690552e-01,-3.893535956740379333e-02,-4.304513335227966309e-02,1.257414370775222778e-01,2.595812976360321045e-01,2.928104437887668610e-02,1.172810122370719910e-01,-5.197902396321296692e-02,-6.454483419656753540e-02,3.372327983379364014e-01,-4.756507696583867073e-04,2.150072157382965088e-02,2.350198030471801758e-01,1.846539676189422607e-01,1.935918927192687988e-01,1.008321419358253479e-01,7.888224720954895020e-02,1.303291469812393188e-01,1.550931334495544434e-01,1.552784442901611328e-01,2.153404653072357178e-01,1.633816659450531006e-01,2.501127123832702637e-01,1.052026376128196716e-01,1.770389080047607422e-01,1.113633811473846436e-01,1.918377131223678589e-01,9.972099214792251587e-02,2.851211726665496826e-01,9.987656772136688232e-02,2.080707252025604248e-01,-1.229781378060579300e-02,2.239220030605792999e-02,-4.659175127744674683e-02,1.660719662904739380e-01,1.287234425544738770e-01,2.817253768444061279e-01,2.599787712097167969e-01,3.337036073207855225e-01,1.923185437917709351e-01,3.166362345218658447e-01,9.220855683088302612e-02,-1.176966633647680283e-02,2.614132761955261230e-01,7.771872729063034058e-02,9.995466470718383789e-02,7.944837212562561035e-02,-1.251229196786880493e-01,-1.756336390972137451e-01,2.901077270507812500e-01,2.973626255989074707e-01,2.938829064369201660e-01,2.939512431621551514e-01,1.264155060052871704e-01,9.081482887268066406e-02,-7.174886018037796021e-02,-1.250357925891876221e-01,4.763051401823759079e-03,-1.036032214760780334e-01,-2.970086224377155304e-02,-2.831389382481575012e-02,9.672964364290237427e-02,-1.335826702415943146e-02,2.178404629230499268e-01,2.920513749122619629e-01,2.292343825101852417e-01,1.095091402530670166e-01,-6.174264103174209595e-02,-4.303440451622009277e-02,-3.245070949196815491e-02,-9.235766716301441193e-03
4.777584969997406006e-01,4.303750693798065186e-01,3.874836564064025879e-01,3.578268289566040039e-01,3.518832474946975708e-02,1.652534008026123047e-01,5.109694600105285645e-01,3.347446024417877197e-01,1.805450618267059326e-01,2.359977364540100098e-01,1.000000000000000000e+00,4.937080442905426025e-01,6.082721948623657227e-01,3.253661692142486572e-01,-7.299474906176328659e-03,1.670554280281066895e-02,2.891860306262969971e-01,4.424680471420288086e-01,4.163058400154113770e-01,4.572945535182952881e-01,-1.670119166374206543e-02,5.504450295120477676e-03,3.594849705696105957e-01,3.277254998683929443e-01,8.688016980886459351e-02,1.468926072120666504e-01,3.812204673886299133e-02,8.201851695775985718e-02,1.966129988431930542e-01,3.765865266323089600e-01,5.058996081352233887e-01,5.269323587417602539e-01,4.942522048950195312e-01,4.643006622791290283e-01,1.789285391569137573e-01,1.844271719455718994e-01,1.814148277044296265e-01,1.907617002725601196e-01,2.260841280221939087e-01,3.756760153919458389e-03,-4.399576038122177124e-02,1.648682951927185059e-01,6.670384109020233154e-02,2.089693844318389893e-01,7.434417307376861572e-02,7.851343601942062378e-02,7.163169980049133301e-02,4.591042175889015198e-02,-6.768579781055450439e-02,9.645699709653854370e-02,-3.171299025416374207e-02,6.978631019592285156e-02,2.661923132836818695e-02,-1.422313153743743896e-01,2.216799855232238770e-01,-1.620790511369705200e-01,3.614882826805114746e-01,3.991237282752990723e-01,1.609093248844146729e-01,4.170134663581848145e-02,9.199313074350357056e-02,-6.212745234370231628e-02,1.175773739814758301e-01,2.730269217863678932e-03,-2.264337986707687378e-02,-2.804228849709033966e-02,8.979693055152893066e-02,1.914856880903244019e-01,4.455147683620452881e-01,4.145744740962982178e-01,3.612104952335357666e-01,2.943868637084960938e-01,9.951962530612945557e-02,4.258763194084167480e-01,-1.287964731454849243e-02,3.121292293071746826e-01,2.580729722976684570e-01,3.001885414123535156e-01,6.519453972578048706e-02,3.181020021438598633e-01,9.737559407949447632e-02,3.674688339233398438e-01,1.405042409896850586e-01,3.459025546908378601e-02,2.752838432788848877e-01,2.912053465843200684e-01,3.709699213504791260e-02,-1.117532923817634583e-01,2.408695518970489502e-01,-1.995398253202438354e-01,6.351254880428314209e-02,1.032426059246063232e-01,-2.252054661512374878e-01,-1.286582648754119873e-01,2.052510976791381836e-01,1.758160740137100220e-01,3.220379948616027832e-01,1.928951293230056763e-01,1.489094346761703491e-01,5.157219246029853821e-02,-9.723687916994094849e-02,-1.582622677087783813e-01,-5.993553623557090759e-02,-7.457844167947769165e-02,-5.592850595712661743e-02,-5.538217350840568542e-02,1.896015368402004242e-02,-2.670821361243724823e-02,-1.087462343275547028e-02,2.845081388950347900e-01,3.215894699096679688e-01,8.034124225378036499e-02,-5.602013319730758667e-02,-6.485713273286819458e-02,-1.285869479179382324e-01,1.224905531853437424e-02
4.113789498805999756e-01,5.276900529861450195e-01,3.157761096954345703e-01,4.113860428333282471e-01,1.296325474977493286e-01,2.620672285556793213e-01,4.913666248321533203e-01,4.825388491153717041e-01,2.913822531700134277e-01,3.734847307205200195e-01,4.937080442905426025e-01,1.000000000000000000e+00,3.309373855590820312e-01,5.381259918212890625e-01,8.385069668292999268e-02,1.755740642547607422e-01,2.574110925197601318e-01,5.099865794181823730e-01,4.422577023506164551e-01,4.656996726989746094e-01,8.165886998176574707e-02,-6.077520921826362610e-02,3.464963436126708984e-01,3.057317733764648438e-01,6.478878855705261230e-02,1.084496527910232544e-01,9.155678749084472656e-02,1.263472586870193481e-01,2.854607105255126953e-01,4.548846483230590820e-01,4.142773449420928955e-01,4.495339393615722656e-01,4.654224216938018799e-01,5.180876255035400391e-01,1.017212122678756714e-01,1.927815824747085571e-01,3.681953251361846924e-01,1.142025366425514221e-01,3.477941155433654785e-01,5.774182453751564026e-02,1.442051380872726440e-01,9.228045493364334106e-02,-3.521564975380897522e-02,5.805532261729240417e-02,7.757098227739334106e-02,4.986154288053512573e-02,1.421443372964859009e-02,-4.638088867068290710e-02,-2.038428559899330139e-02,1.546662598848342896e-01,-1.122702211141586304e-01,-1.309859217144548893e-03,-1.065434515476226807e-01,-2.285971343517303467e-01,2.778456509113311768e-01,-1.885015517473220825e-01,3.387871980667114258e-01,4.827187061309814453e-01,2.486257255077362061e-01,2.216524630784988403e-01,2.039871066808700562e-01,1.101993098855018616e-01,1.704430282115936279e-01,8.013907074928283691e-02,6.945202499628067017e-02,4.625052213668823242e-02,1.802974194288253784e-01,2.892962694168090820e-01,4.071386754512786865e-01,3.978863358497619629e-01,3.414469063282012939e-01,4.326295554637908936e-01,2.206158638000488281e-01,4.387179315090179443e-01,1.723798513412475586e-01,3.098305165767669678e-01,2.616071105003356934e-01,2.735061049461364746e-01,1.013114675879478455e-01,3.029747307300567627e-01,2.299741804599761963e-01,4.135681688785552979e-01,2.112307995557785034e-01,1.769657880067825317e-01,2.056138515472412109e-01,2.621367573738098145e-01,2.581755258142948151e-02,-2.651328034698963165e-02,2.920407056808471680e-01,-9.791677445173263550e-02,5.821654945611953735e-02,1.050994992256164551e-01,-3.053418099880218506e-01,-2.552396357059478760e-01,3.735180795192718506e-01,3.298660218715667725e-01,4.077962934970855713e-01,2.302196174860000610e-01,1.745830774307250977e-01,4.398353025317192078e-02,-2.560521960258483887e-01,-2.529390156269073486e-01,-2.040167748928070068e-01,-2.204052954912185669e-01,-2.282863408327102661e-01,-2.297849357128143311e-01,1.197840902023017406e-03,-1.008282676339149475e-01,1.350672543048858643e-01,4.184542596340179443e-01,4.393424689769744873e-01,1.331675052642822266e-01,-1.272276490926742554e-01,-2.299158275127410889e-01,-3.053360879421234131e-01,-1.322909593582153320e-01
4.390419125556945801e-01,3.695333003997802734e-01,4.593773484230041504e-01,3.688431084156036377e-01,6.875194609165191650e-02,9.332367032766342163e-02,5.352315902709960938e-01,3.190747201442718506e-01,1.238650828599929810e-01,1.484317630529403687e-01,6.082721948623657227e-01,3.309373855590820312e-01,1.000000000000000000e+00,2.982968091964721680e-01,5.710344016551971436e-02,6.175579875707626343e-02,2.424590289592742920e-01,3.219578862190246582e-01,4.026201665401458740e-01,4.521564841270446777e-01,2.644409239292144775e-02,5.236822739243507385e-02,4.278182089328765869e-01,4.173364341259002686e-01,1.464777588844299316e-01,2.071140110492706299e-01,6.697884202003479004e-02,6.595107167959213257e-02,2.069095373153686523e-01,3.210924565792083740e-01,5.579498410224914551e-01,5.465579032897949219e-01,5.027250051498413086e-01,4.467707574367523193e-01,2.002810537815093994e-01,2.161004096269607544e-01,1.478987932205200195e-01,1.265371590852737427e-01,1.730399578809738159e-01,3.387264674529433250e-03,-3.908309340476989746e-02,1.193107515573501587e-01,1.463245749473571777e-01,2.405883967876434326e-01,8.732870966196060181e-02,8.382380008697509766e-02,1.129153966903686523e-01,8.981376141309738159e-02,-5.311907082796096802e-02,5.953301489353179932e-02,2.370639145374298096e-02,1.181191653013229370e-01,2.248289808630943298e-02,-1.213000193238258362e-01,9.541796892881393433e-02,-1.100876629352569580e-01,3.457460403442382812e-01,2.909910976886749268e-01,1.446793824434280396e-01,2.090146392583847046e-02,7.037538290023803711e-02,-2.009418420493602753e-02,1.035370826721191406e-01,9.360104799270629883e-03,-9.265411645174026489e-02,-2.016378752887248993e-02,7.676036655902862549e-02,1.638816595077514648e-01,4.436244368553161621e-01,3.979127109050750732e-01,3.774263560771942139e-01,2.493540048599243164e-01,9.750533849000930786e-02,3.574231266975402832e-01,-3.419576585292816162e-02,2.730085849761962891e-01,2.872364819049835205e-01,3.578414320945739746e-01,5.222882330417633057e-02,2.820481657981872559e-01,8.969935029745101929e-02,2.948771715164184570e-01,2.159700840711593628e-01,6.627756357192993164e-02,2.770209014415740967e-01,2.247086018323898315e-01,8.731957525014877319e-02,-1.133280899375677109e-02,1.959613412618637085e-01,-1.189513877034187317e-01,1.201341748237609863e-01,1.208290755748748779e-01,-1.159830465912818909e-01,1.417782157659530640e-03,4.094710573554039001e-02,8.683452382683753967e-03,1.573785245418548584e-01,4.571349173784255981e-02,1.009052619338035583e-01,6.600442528724670410e-02,-1.682788599282503128e-03,-7.534030079841613770e-02,-1.962485490366816521e-03,-2.502659801393747330e-03,-1.576974987983703613e-02,4.863480105996131897e-03,-7.420209050178527832e-02,-3.107143566012382507e-02,-4.801478609442710876e-02,8.566734194755554199e-02,1.648077964782714844e-01,3.003335371613502502e-02,7.556456839665770531e-04,-3.126931563019752502e-02,-5.785784870386123657e-02,5.639985669404268265e-03
