1.000000000000000000e+00,4.035227894783020020e-01,6.550943851470947266e-01,3.888216912746429443e-01,1.172790303826332092e-01,1.487638950347900391e-01,7.076202630996704102e-01,2.441187351942062378e-01,1.010727658867835999e-01,3.893777728080749512e-02,6.231984496116638184e-01,1.959532201290130615e-01,6.250008344650268555e-01,1.063860431313514709e-01,-8.042638190090656281e-03,3.713996708393096924e-02,4.477818608283996582e-01,2.883821427822113037e-01,6.280340552330017090e-01,5.156211256980895996e-01,-2.068740874528884888e-02,5.581071227788925171e-02,4.249805212020874023e-01,4.022142887115478516e-01,-5.047932639718055725e-02,-1.693491637706756592e-01,6.247765943408012390e-02,1.140585243701934814e-01,3.866925537586212158e-01,1.391179263591766357e-01,3.475433588027954102e-01,2.814624309539794922e-01,4.795585572719573975e-01,4.369814693927764893e-01,1.000726819038391113e-01,8.056769520044326782e-02,3.207969367504119873e-01,1.465117931365966797e-01,4.913537204265594482e-02,7.936592400074005127e-02,2.232025712728500366e-01,7.165714353322982788e-02,2.418867796659469604e-01,2.226713746786117554e-01,2.951907813549041748e-01,2.892715036869049072e-01,2.516377866268157959e-01,1.714058965444564819e-01,2.546499073505401611e-01,2.408968061208724976e-01,2.108522206544876099e-01,1.036209315061569214e-01,2.701668441295623779e-01,5.959809198975563049e-02,8.864580094814300537e-02,2.159091271460056305e-02,7.247328162193298340e-01,3.482789695262908936e-01,4.498159885406494141e-01,3.242491483688354492e-01,5.171940326690673828e-01,2.507173120975494385e-01,4.471026957035064697e-01,1.812089607119560242e-02,2.166340649127960205e-01,-4.506271332502365112e-02,3.827077150344848633e-01,3.619017004966735840e-01,4.630054831504821777e-01,5.233838558197021484e-01,3.064535558223724365e-01,1.439487189054489136e-01,4.043055176734924316e-01,3.883121013641357422e-01,3.681612312793731689e-01,4.152637422084808350e-01,2.290125638246536255e-01,2.693249881267547607e-01,2.122365385293960571e-01,2.009199708700180054e-01,2.747841477394104004e-01,1.800839155912399292e-01,1.593945026397705078e-01,6.579436361789703369e-02,2.387768030166625977e-01,5.981874093413352966e-02,1.649702042341232300e-01,-1.427939813584089279e-02,9.769017994403839111e-02,-1.992581039667129517e-02,2.294696569442749023e-01,1.812497228384017944e-01,1.880559176206588745e-01,1.961357295513153076e-01,-3.417216986417770386e-02,6.572411209344863892e-02,1.254781931638717651e-01,1.141481697559356689e-01,2.416008412837982178e-01,2.465459853410720825e-01,-1.272184252738952637e-01,4.158508777618408203e-02,-7.058549672365188599e-02,4.351164028048515320e-02,1.535047590732574463e-02,3.811939433217048645e-02,-4.438496008515357971e-02,-4.192528128623962402e-02,1.904830150306224823e-02,-6.567524978891015053e-04,1.706398427486419678e-01,2.376678287982940674e-01,1.122095137834548950e-01,2.041550129652023315e-01,1.759839951992034912e-01,-8.099436014890670776e-02
4.035227894783020020e-01,1.000000000000000000e+00,4.294916093349456787e-01,5.787587761878967285e-01,-1.594179868698120117e-01,1.715409904718399048e-01,4.370765984058380127e-01,6.834815740585327148e-01,-1.746020168066024780e-01,3.390762954950332642e-02,4.210394993424415588e-02,4.935295879840850830e-01,1.213847622275352478e-01,4.556528925895690918e-01,-1.915983110666275024e-01,1.670810878276824951e-01,3.990431725978851318e-01,6.188184618949890137e-01,5.730583071708679199e-01,6.161842346191406250e-01,1.010222882032394409e-01,1.803629286587238312e-02,3.303435742855072021e-01,4.467093646526336670e-01,-1.092112362384796143e-01,-2.768378239125013351e-03,3.369921445846557617e-02,2.537023834884166718e-02,3.582059741020202637e-01,2.388343662023544312e-01,2.179771661758422852e-01,2.565648555755615234e-01,5.020330548286437988e-01,5.739564299583435059e-01,2.628354728221893311e-01,2.765469551086425781e-01,4.324205815792083740e-01,5.727598667144775391e-01,1.168409958481788635e-01,3.397790491580963135e-01,4.129305481910705566e-01,3.131070435047149658e-01,5.373122096061706543e-01,5.066481828689575195e-01,5.334787368774414062e-01,5.207893848419189453e-01,4.459792077541351318e-01,4.812468886375427246e-01,4.082557260990142822e-01,5.252198576927185059e-01,2.339581549167633057e-01,5.097620487213134766e-01,2.722011208534240723e-01,2.710269689559936523e-01,1.492722481489181519e-01,3.842761814594268799e-01,5.209472775459289551e-01,8.509203195571899414e-01,4.347165524959564209e-01,6.804597377777099609e-01,2.924581766128540039e-01,7.179220318794250488e-01,9.510456025600433350e-02,6.380664706230163574e-01,5.743097048252820969e-03,4.398865997791290283e-01,5.668023228645324707e-01,4.723706543445587158e-01,7.057163119316101074e-01,5.659702420234680176e-01,4.416425526142120361e-02,2.142985165119171143e-01,3.647603690624237061e-01,4.210395216941833496e-01,2.488261163234710693e-01,3.145733177661895752e-01,2.314696758985519409e-01,3.283098340034484863e-01,3.234234452247619629e-01,3.839339017868041992e-01,2.525138556957244873e-01,5.778303146362304688e-01,1.941800415515899658e-01,2.054183036088943481e-01,1.252170503139495850e-01,5.076915025711059570e-01,2.537628710269927979e-01,1.137186586856842041e-01,1.207705065608024597e-01,2.672513127326965332e-01,3.513852357864379883e-01,3.963572680950164795e-01,1.835043877363204956e-01,2.335244268178939819e-01,9.963792562484741211e-02,1.907041668891906738e-01,2.898918688297271729e-01,3.385110795497894287e-01,4.880263507366180420e-01,5.307688117027282715e-01,-6.068736687302589417e-02,1.033907160162925720e-01,1.321910694241523743e-02,2.273550629615783691e-01,6.837214529514312744e-02,1.983567178249359131e-01,8.866582065820693970e-02,4.282939434051513672e-02,-8.918319828808307648e-03,1.123712118715047836e-02,2.782808840274810791e-01,3.711890280246734619e-01,2.153455615043640137e-01,1.451027542352676392e-01,2.289483845233917236e-01,1.651186645030975342e-01
6.550943851470947266e-01,4.294916093349456787e-01,1.000000000000000000e+00,6.391723752021789551e-01,1.602942943572998047e-01,1.639164835214614868e-01,7.612556815147399902e-01,4.294671416282653809e-01,1.241592764854431152e-01,-5.670145153999328613e-03,4.010204374790191650e-01,2.315442413091659546e-01,5.280403494834899902e-01,8.982037752866744995e-02,1.440328210592269897e-01,3.805004432797431946e-02,4.217152297496795654e-01,3.945419788360595703e-01,6.339653134346008301e-01,5.691173672676086426e-01,1.195296943187713623e-01,2.627458237111568451e-02,7.322044968605041504e-01,7.084807753562927246e-01,1.497168391942977905e-01,-8.436091244220733643e-03,3.060459494590759277e-01,1.856269538402557373e-01,4.356400072574615479e-01,2.009995728731155396e-01,5.279545783996582031e-01,4.283433556556701660e-01,4.695350229740142822e-01,4.854137301445007324e-01,3.278356194496154785e-01,1.828783452510833740e-01,2.443895637989044189e-01,2.420966178178787231e-01,2.807742170989513397e-02,2.458229511976242065e-01,2.027624100446701050e-01,8.645609766244888306e-02,2.317681610584259033e-01,2.022947967052459717e-01,2.390563040971755981e-01,1.655571162700653076e-01,1.515711545944213867e-01,1.396299302577972412e-01,1.223954930901527405e-01,1.924369782209396362e-01,1.198876276612281799e-01,1.376626491546630859e-01,2.170047461986541748e-01,9.777186065912246704e-02,-3.876515477895736694e-02,7.965911924839019775e-02,4.977721571922302246e-01,4.259206950664520264e-01,3.456208705902099609e-01,3.154860436916351318e-01,3.203352987766265869e-01,2.641569972038269043e-01,2.316557914018630981e-01,6.677597016096115112e-02,1.725261509418487549e-01,8.056768774986267090e-02,3.545375466346740723e-01,2.321864366531372070e-01,4.562085568904876709e-01,4.011316299438476562e-01,2.166798859834671021e-01,7.988392561674118042e-02,4.677555561065673828e-01,4.019338190555572510e-01,4.265955984592437744e-01,3.383450508117675781e-01,2.409732192754745483e-01,2.844415605068206787e-01,2.792206406593322754e-01,2.623610496520996094e-01,2.433657050132751465e-01,1.662835329771041870e-01,5.534241348505020142e-02,2.881508134305477142e-02,2.269078493118286133e-01,2.188277393579483032e-01,1.559848189353942871e-01,1.594022847712039948e-02,-8.381984196603298187e-03,1.433381587266921997e-01,1.090217083692550659e-01,2.037910073995590210e-01,2.462877780199050903e-01,3.061093091964721680e-01,6.087001785635948181e-02,1.185353845357894897e-01,1.317079663276672363e-01,1.459449082612991333e-01,2.357394397258758545e-01,2.704280018806457520e-01,2.154397778213024139e-02,2.171168029308319092e-01,4.321305453777313232e-02,1.136613711714744568e-01,4.698518663644790649e-02,6.345954537391662598e-02,1.568954624235630035e-02,1.290780119597911835e-02,8.113844692707061768e-02,-5.210892856121063232e-02,1.350060701370239258e-01,2.041858285665512085e-01,5.642550066113471985e-02,2.277186959981918335e-01,2.557775676250457764e-01,-5.041161179542541504e-02
3.888216912746429443e-01,5.787587761878967285e-01,6.391723752021789551e-01,1.000000000000000000e+00,4.764848574995994568e-02,2.783229947090148926e-01,5.502617955207824707e-01,7.355020046234130859e-01,-5.098417028784751892e-02,8.927318453788757324e-02,1.202921047806739807e-01,3.804321289062500000e-01,2.457297891378402710e-01,2.049374431371688843e-01,1.404208876192569733e-02,2.175480574369430542e-01,3.164646625518798828e-01,3.914452493190765381e-01,5.827550888061523438e-01,6.361168026924133301e-01,1.384122371673583984e-01,1.112568005919456482e-01,6.091869473457336426e-01,7.788161039352416992e-01,2.820771769620478153e-04,5.373562872409820557e-02,1.717328131198883057e-01,1.886284798383712769e-01,4.220443964004516602e-01,2.594392299652099609e-01,4.055335819721221924e-01,4.828787147998809814e-01,3.942157626152038574e-01,4.854461848735809326e-01,2.612813711166381836e-01,3.140273988246917725e-01,2.379493564367294312e-01,3.826971948146820068e-01,2.004748731851577759e-01,2.945496439933776855e-01,2.518541514873504639e-01,2.555233240127563477e-01,3.374727070331573486e-01,3.955439329147338867e-01,3.016982674598693848e-01,3.314100503921508789e-01,2.793589830398559570e-01,2.950053215026855469e-01,2.311241179704666138e-01,3.415258824825286865e-01,1.628143042325973511e-01,3.614124953746795654e-01,2.110495418310165405e-01,2.718373835086822510e-01,-3.983804211020469666e-02,1.701937168836593628e-01,3.427236378192901611e-01,5.102778673171997070e-01,2.500166594982147217e-01,4.378623366355895996e-01,1.426083296537399292e-01,4.686051905155181885e-01,1.517431531101465225e-02,2.486179023981094360e-01,2.944191172719001770e-02,3.352539241313934326e-01,3.302949368953704834e-01,3.032156229019165039e-01,4.909565448760986328e-01,3.875443935394287109e-01,1.736102700233459473e-01,2.287766635417938232e-01,4.260242581367492676e-01,3.877055346965789795e-01,3.118189573287963867e-01,2.968778014183044434e-01,1.045433580875396729e-01,2.804714441299438477e-01,2.277406454086303711e-01,2.792523205280303955e-01,3.123631179332733154e-01,3.493706285953521729e-01,1.768323332071304321e-01,2.287208735942840576e-01,1.491107046604156494e-01,4.059821367263793945e-01,1.457475870847702026e-01,7.205751538276672363e-02,-4.356891289353370667e-02,2.453242093324661255e-01,2.134848982095718384e-01,2.887429893016815186e-01,2.864601016044616699e-01,2.844285666942596436e-01,1.277083158493041992e-01,2.067269384860992432e-01,1.558983772993087769e-01,1.973214298486709595e-01,2.804914116859436035e-01,3.331610262393951416e-01,9.990783780813217163e-02,1.532671451568603516e-01,2.671543322503566742e-02,6.795600056648254395e-02,2.410450391471385956e-02,7.033289968967437744e-02,2.800736203789710999e-02,2.672143839299678802e-02,8.684411644935607910e-02,-3.960872814059257507e-02,1.512974947690963745e-01,2.273329943418502808e-01,1.056807264685630798e-01,1.489239335060119629e-01,2.008492797613143921e-01,2.297449856996536255e-02
1.172790303826332092e-01,-1.594179868698120117e-01,1.602942943572998047e-01,4.764848574995994568e-02,1.000000000000000000e+00,4.636516869068145752e-01,9.163531661033630371e-02,-7.356759160757064819e-02,6.344063282012939453e-01,3.016690313816070557e-01,2.708995640277862549e-01,-7.449097465723752975e-03,3.015055358409881592e-01,-4.424914717674255371e-02,4.603656828403472900e-01,1.013880223035812378e-01,2.012450248003005981e-01,-6.698420643806457520e-02,4.124186001718044281e-03,-4.172794579062610865e-04,6.996912509202957153e-02,2.684064507484436035e-01,1.725887358188629150e-01,1.347437202930450439e-01,3.647640645503997803e-01,1.870930194854736328e-01,4.725859761238098145e-01,4.068939983844757080e-01,5.486924201250076294e-02,-1.175243500620126724e-02,2.116301506757736206e-01,7.627353072166442871e-02,-2.405112981796264648e-02,-8.009436726570129395e-02,1.068159639835357666e-01,-4.964575916528701782e-02,1.505527470726519823e-04,-2.044853419065475464e-01,3.487074002623558044e-02,3.862519282847642899e-03,-6.196327041834592819e-03,-6.178649142384529114e-02,-5.983552336692810059e-02,-1.135789379477500916e-01,-5.551586300134658813e-02,-1.229158416390419006e-01,6.531211733818054199e-02,-6.101679801940917969e-02,-1.375313103199005127e-01,-1.827929466962814331e-01,-3.698954358696937561e-02,-1.832656115293502808e-01,4.193297401070594788e-02,-2.772764489054679871e-02,-1.594534069299697876e-01,3.721967712044715881e-02,7.023929804563522339e-02,-1.460248082876205444e-01,-4.907247796654701233e-02,-1.866351068019866943e-01,2.535531064495444298e-03,-2.067397683858871460e-01,6.218837946653366089e-02,-2.357683926820755005e-01,-1.612660847604274750e-02,-2.097443491220474243e-01,-8.430338650941848755e-02,-7.626583427190780640e-02,-7.951229065656661987e-02,-3.427516296505928040e-02,1.654873639345169067e-01,-9.376767277717590332e-02,3.850247338414192200e-02,-5.403257161378860474e-02,-3.228374943137168884e-02,5.027366057038307190e-02,-5.477895960211753845e-03,-4.721804335713386536e-02,2.712645567953586578e-02,-2.346762269735336304e-02,2.581008896231651306e-02,-1.202574670314788818e-01,-1.733226235955953598e-03,-2.489234507083892822e-02,9.570389240980148315e-02,-1.031853482127189636e-01,3.737563267350196838e-02,2.578338235616683960e-02,2.938737720251083374e-02,5.831994116306304932e-03,-9.222631342709064484e-03,4.607046395540237427e-02,1.682062149047851562e-01,1.546759307384490967e-01,1.313724182546138763e-02,7.106253877282142639e-03,-1.965148001909255981e-02,5.403423681855201721e-02,2.475698292255401611e-02,1.070931274443864822e-02,8.637069910764694214e-02,1.551631540060043335e-01,8.136298507452011108e-02,8.278499543666839600e-02,1.970648467540740967e-01,1.535432636737823486e-01,-8.539955317974090576e-02,-3.882559016346931458e-02,5.517319962382316589e-02,1.455792635679244995e-01,1.050928458571434021e-01,7.962229847908020020e-02,3.762011229991912842e-02,1.528653502464294434e-01,1.290992200374603271e-01,-1.281073540449142456e-01
1.487638950347900391e-01,1.715409904718399048e-01,1.639164835214614868e-01,2.783229947090148926e-01,4.636516869068145752e-01,1.000000000000000000e+00,1.712380498647689819e-01,2.517823278903961182e-01,2.918544709682464600e-01,6.006430983543395996e-01,1.419647783041000366e-01,1.366574615240097046e-01,1.913162171840667725e-01,1.518085747957229614e-01,1.460306197404861450e-01,4.419883787631988525e-01,2.992666661739349365e-01,9.980151057243347168e-02,1.772602349519729614e-01,2.170915156602859497e-01,6.851483136415481567e-02,4.331859648227691650e-01,1.986022144556045532e-01,3.150622844696044922e-01,2.040876448154449463e-01,3.098846077919006348e-01,2.776582837104797363e-01,5.088336467742919922e-01,2.238528579473495483e-01,1.458244621753692627e-01,2.468037456274032593e-01,2.616463899612426758e-01,8.843887597322463989e-02,1.259948611259460449e-01,9.630059450864791870e-02,1.217676997184753418e-01,2.397723197937011719e-01,1.371454596519470215e-01,2.298429012298583984e-01,1.491734981536865234e-01,1.942448467016220093e-01,2.457742542028427124e-01,1.221472844481468201e-01,1.941037625074386597e-01,9.078818559646606445e-02,1.178422197699546814e-01,3.187544345855712891e-01,2.173957079648971558e-01,7.017179578542709351e-02,7.188187539577484131e-02,5.651617050170898438e-02,6.988908350467681885e-02,1.629015505313873291e-01,1.989915072917938232e-01,-2.287315949797630310e-02,1.895600259304046631e-01,1.914206594228744507e-01,1.241011619567871094e-01,-7.302192971110343933e-03,3.927609324455261230e-02,3.464528825134038925e-03,1.015937924385070801e-01,2.283986285328865051e-02,1.758278929628431797e-03,-9.139096736907958984e-02,-4.144117981195449829e-02,2.841783687472343445e-02,1.127456575632095337e-01,1.210508644580841064e-01,1.378193497657775879e-01,1.609037816524505615e-01,8.560828119516372681e-02,1.179274544119834900e-01,1.011808142066001892e-01,-7.858421653509140015e-03,1.712478846311569214e-01,-1.848032772541046143e-01,-8.014945685863494873e-02,1.131564974784851074e-01,1.726229041814804077e-01,2.461635768413543701e-01,2.385182380676269531e-01,3.096264600753784180e-01,2.208973765373229980e-01,1.049233302474021912e-01,1.512593328952789307e-01,1.699053049087524414e-01,1.226849481463432312e-01,1.645389199256896973e-01,2.064909934997558594e-01,2.166511118412017822e-01,2.567928433418273926e-01,1.883914470672607422e-01,8.540774881839752197e-02,6.246630847454071045e-02,1.525175571441650391e-01,8.889094740152359009e-02,2.082110792398452759e-01,1.910904049873352051e-01,2.598329186439514160e-01,-2.000784501433372498e-03,7.301944494247436523e-02,-8.382839709520339966e-02,9.044988453388214111e-02,7.708650827407836914e-02,1.487718373537063599e-01,-6.943409889936447144e-02,-1.206175982952117920e-01,-2.163890562951564789e-02,1.417109221220016479e-01,1.940556019544601440e-01,1.988834142684936523e-01,1.866638958454132080e-01,9.133530408143997192e-02,1.081045866012573242e-01,-1.093892455101013184e-01
7.076202630996704102e-01,4.370765984058380127e-01,7.612556815147399902e-01,5.502617955207824707e-01,9.163531661033630371e-02,1.712380498647689819e-01,1.000000000000000000e+00,4.683948755264282227e-01,1.309723407030105591e-01,-3.064620122313499451e-02,4.818544387817382812e-01,2.893827855587005615e-01,6.117198467254638672e-01,1.787256002426147461e-01,-3.650747938081622124e-03,-2.364841289818286896e-02,4.489466249942779541e-01,4.237865805625915527e-01,5.863615870475769043e-01,5.085022449493408203e-01,-4.381125420331954956e-02,-3.392802784219384193e-03,5.008043050765991211e-01,5.260049104690551758e-01,-3.910065814852714539e-02,-6.884384900331497192e-02,1.202601715922355652e-01,3.438116982579231262e-02,4.495016634464263916e-01,2.177361696958541870e-01,4.487888216972351074e-01,4.048333764076232910e-01,5.323920845985412598e-01,5.385907292366027832e-01,1.121939048171043396e-01,6.242297217249870300e-02,2.803274691104888916e-01,2.863407433032989502e-01,3.587353229522705078e-02,2.553941905498504639e-01,1.603762954473495483e-01,1.615495234727859497e-01,2.085209488868713379e-01,1.893721818923950195e-01,2.255106866359710693e-01,2.213984429836273193e-01,1.791668534278869629e-01,1.313933581113815308e-01,1.191171258687973022e-01,1.521240323781967163e-01,6.691389530897140503e-02,4.484821110963821411e-02,2.272491008043289185e-01,-1.416243892163038254e-02,2.905695140361785889e-02,1.234984695911407471e-01,5.245662331581115723e-01,3.482643663883209229e-01,3.627465069293975830e-01,3.032324612140655518e-01,3.767615854740142822e-01,2.943688333034515381e-01,3.174054920673370361e-01,1.296495944261550903e-01,1.017691045999526978e-01,-5.176260136067867279e-03,3.327340781688690186e-01,2.430915087461471558e-01,4.527103900909423828e-01,4.107063412666320801e-01,2.445738166570663452e-01,1.353492587804794312e-01,4.483006000518798828e-01,4.646385610103607178e-01,4.248808920383453369e-01,3.678815066814422607e-01,2.448630928993225098e-01,2.841966152191162109e-01,2.336671352386474609e-01,2.716498970985412598e-01,3.005425035953521729e-01,2.516065835952758789e-01,1.131557449698448181e-01,7.814780622720718384e-02,2.338818907737731934e-01,1.357659697532653809e-01,1.687256097793579102e-01,-2.544905431568622589e-02,2.674091607332229614e-02,3.804023936390876770e-02,1.678225696086883545e-01,1.121603026986122131e-01,1.829392611980438232e-01,2.335935980081558228e-01,1.899803057312965393e-02,9.302704036235809326e-02,1.345167309045791626e-01,1.398597955703735352e-01,2.473551928997039795e-01,2.430496513843536377e-01,-4.257186874747276306e-02,1.541811376810073853e-01,-5.119503475725650787e-03,2.042960673570632935e-01,8.012881129980087280e-02,1.056836545467376709e-01,6.370972841978073120e-02,2.677124179899692535e-02,-3.382106870412826538e-02,-5.541231855750083923e-02,1.026120036840438843e-01,1.819809526205062866e-01,7.432529330253601074e-02,2.120695114135742188e-01,1.832965910434722900e-01,-5.948831513524055481e-02
2.441187351942062378e-01,6.834815740585327148e-01,4.294671416282653809e-01,7.355020046234130859e-01,-7.356759160757064819e-02,2.517823278903961182e-01,4.683948755264282227e-01,1.000000000000000000e+00,-3.450024500489234924e-02,1.815669536590576172e-01,-1.789989997632801533e-03,5.880218148231506348e-01,1.386268734931945801e-01,5.355458259582519531e-01,-3.888145834207534790e-02,3.045254945755004883e-01,3.306793570518493652e-01,4.458453357219696045e-01,4.459831118583679199e-01,5.208478569984436035e-01,9.320135414600372314e-02,9.199789911508560181e-02,3.661391735076904297e-01,5.737655162811279297e-01,-4.506543651223182678e-02,1.214507743716239929e-01,1.009549573063850403e-01,1.463293731212615967e-01,3.460317552089691162e-01,2.574654519557952881e-01,3.071860074996948242e-01,4.532380104064941406e-01,3.701096773147583008e-01,5.193239450454711914e-01,2.081085145473480225e-01,2.827845513820648193e-01,2.473454028367996216e-01,4.907963871955871582e-01,1.700511574745178223e-01,3.274960517883300781e-01,2.987698912620544434e-01,2.964726686477661133e-01,4.074568450450897217e-01,4.264442324638366699e-01,2.831069231033325195e-01,3.673967719078063965e-01,3.484503030776977539e-01,4.033110737800598145e-01,1.846191138029098511e-01,3.207952678203582764e-01,1.357959061861038208e-01,3.489110171794891357e-01,2.763063907623291016e-01,2.923630475997924805e-01,9.602775424718856812e-02,3.125217854976654053e-01,2.914998531341552734e-01,5.947618484497070312e-01,1.741939038038253784e-01,4.165109694004058838e-01,7.649910449981689453e-02,5.606014728546142578e-01,6.618363782763481140e-03,5.033966302871704102e-01,-8.944795280694961548e-02,3.843463659286499023e-01,3.144364953041076660e-01,3.078275620937347412e-01,4.492793679237365723e-01,3.320401906967163086e-01,4.675507545471191406e-02,2.732901275157928467e-01,3.249316811561584473e-01,3.854160010814666748e-01,2.415008395910263062e-01,2.438304722309112549e-01,1.317655444145202637e-01,2.325515896081924438e-01,2.840151488780975342e-01,2.333207577466964722e-01,2.075737118721008301e-01,4.414867162704467773e-01,1.736358553171157837e-01,2.110916078090667725e-01,1.366150230169296265e-01,5.009280443191528320e-01,2.770667374134063721e-01,9.107505530118942261e-02,1.049750968813896179e-01,3.477577865123748779e-01,2.858676314353942871e-01,2.930088043212890625e-01,2.721848189830780029e-01,3.174749910831451416e-01,9.015776216983795166e-02,1.728081107139587402e-01,2.074820101261138916e-01,2.339197695255279541e-01,3.916887938976287842e-01,3.723943829536437988e-01,8.785340189933776855e-02,1.949592828750610352e-01,3.066089935600757599e-03,2.004512101411819458e-01,-3.777397796511650085e-03,1.465277075767517090e-01,6.092116981744766235e-02,3.110473975539207458e-02,3.066182322800159454e-02,1.614019088447093964e-02,2.016353905200958252e-01,2.509901523590087891e-01,1.595055460929870605e-01,1.426345854997634888e-01,1.785375773906707764e-01,8.695171773433685303e-02
1.010727658867835999e-01,-1.746020168066024780e-01,1.241592764854431152e-01,-5.098417028784751892e-02,6.344063282012939453e-01,2.918544709682464600e-01,1.309723407030105591e-01,-3.450024500489234924e-02,1.000000000000000000e+00,3.025754094123840332e-01,2.033701837062835693e-01,1.083618253469467163e-01,2.952472269535064697e-01,1.063998192548751831e-01,5.688381195068359375e-01,9.299888461828231812e-02,6.588669121265411377e-02,-4.704046621918678284e-02,2.711986936628818512e-02,-1.083918474614620209e-02,-1.134872715920209885e-02,2.223236858844757080e-01,8.852010965347290039e-02,4.291010648012161255e-02,2.782765924930572510e-01,1.076320931315422058e-01,5.240721106529235840e-01,3.783432543277740479e-01,-6.864637136459350586e-02,4.483246430754661560e-02,1.011988818645477295e-01,4.124348238110542297e-02,-2.419922873377799988e-02,-3.230392560362815857e-02,3.796714171767234802e-02,-1.680987179279327393e-01,-4.507347568869590759e-02,-2.265757769346237183e-01,-7.434470579028129578e-03,8.778490871191024780e-02,-3.768509626388549805e-02,-6.933037191629409790e-02,-1.573018729686737061e-01,-2.098420709371566772e-01,-2.085095942020416260e-01,-2.488428503274917603e-01,-2.491034194827079773e-02,-9.899418801069259644e-02,-3.151844739913940430e-01,-3.242526948451995850e-01,-1.715156733989715576e-01,-3.526675701141357422e-01,5.916031450033187866e-02,-1.350826323032379150e-01,-8.020182698965072632e-02,3.320906683802604675e-02,-3.007118962705135345e-02,-1.788168996572494507e-01,-1.759682595729827881e-01,-3.389014005661010742e-01,-8.919993788003921509e-02,-2.238019108772277832e-01,-2.183455601334571838e-02,-1.824710369110107422e-01,-7.317739725112915039e-02,-2.623995542526245117e-01,-1.231805756688117981e-01,-1.498490720987319946e-01,-1.650681197643280029e-01,-9.333772957324981689e-02,2.674214169383049011e-02,-6.433219462633132935e-02,-3.332642465829849243e-02,9.420584887266159058e-03,-1.670652255415916443e-02,-1.999521814286708832e-02,2.187096178531646729e-01,1.075149700045585632e-01,-8.363700658082962036e-02,-1.190881729125976562e-01,-9.777627885341644287e-02,-1.464401781558990479e-01,-7.435011863708496094e-02,-9.979008883237838745e-02,8.583974838256835938e-02,-1.198123842477798462e-01,4.262996837496757507e-02,-1.519327779533341527e-04,5.592215806245803833e-02,1.098614707589149475e-01,2.108701132237911224e-02,-6.107900664210319519e-02,1.538816243410110474e-01,1.311012208461761475e-01,-3.078236244618892670e-02,-4.246619343757629395e-02,-8.297306299209594727e-02,5.858246609568595886e-02,-1.136204320937395096e-02,-6.222710385918617249e-02,1.525319367647171021e-01,1.860548257827758789e-01,1.160576418042182922e-01,5.961086228489875793e-02,1.456820815801620483e-01,1.146454885601997375e-01,-1.206825394183397293e-02,2.486251760274171829e-03,-2.336776070296764374e-02,3.814293444156646729e-02,8.982582017779350281e-03,-2.780040912330150604e-02,-2.415137737989425659e-02,2.999361045658588409e-02,-3.297686576843261719e-02,-1.590025126934051514e-01
3.893777728080749512e-02,3.390762954950332642e-02,-5.670145153999328613e-03,8.927318453788757324e-02,3.016690313816070557e-01,6.006430983543395996e-01,-3.064620122313499451e-02,1.815669536590576172e-01,3.025754094123840332e-01,1.000000000000000000e+00,1.996604911983013153e-02,1.675040274858474731e-01,4.060180112719535828e-02,2.621988058090209961e-01,1.601699441671371460e-01,6.145438551902770996e-01,1.052011027932167053e-01,-1.004352793097496033e-01,-3.703575208783149719e-02,-1.362175401300191879e-02,3.509736806154251099e-02,2.379071861505508423e-01,-2.543012611567974091e-02,1.314127892255783081e-01,1.477776467800140381e-01,2.788878977298736572e-01,2.604943811893463135e-01,4.494747519493103027e-01,8.074159175157546997e-02,1.213772445917129517e-01,1.318940147757530212e-02,9.455928206443786621e-02,-1.599836349487304688e-01,-7.759542763233184814e-02,-3.411874547600746155e-02,-3.768282383680343628e-02,6.107975170016288757e-02,1.016719359904527664e-02,1.657422035932540894e-01,2.738312445580959320e-02,4.507034644484519958e-02,1.319308876991271973e-01,1.838107407093048096e-02,7.419507205486297607e-02,-1.073031798005104065e-01,-6.540102511644363403e-02,1.898513734340667725e-01,1.667133122682571411e-01,-1.297617107629776001e-01,-1.130824238061904907e-01,-6.004905700683593750e-02,-9.642318636178970337e-02,1.006239801645278931e-01,1.382898986339569092e-01,9.480144083499908447e-02,6.094907596707344055e-02,3.635371476411819458e-02,1.979579217731952667e-02,-2.423394322395324707e-01,-1.668091118335723877e-01,-1.823340505361557007e-01,-1.537939254194498062e-02,-9.655678272247314453e-02,-2.839615754783153534e-02,-1.812117248773574829e-01,-9.927050024271011353e-02,-1.735769361257553101e-01,-7.298985868692398071e-02,-1.250593960285186768e-01,-1.163951084017753601e-01,-1.319825276732444763e-02,3.396948426961898804e-02,-2.878862060606479645e-02,-5.246552452445030212e-02,-4.090598225593566895e-02,2.688583172857761383e-02,-1.833012104034423828e-01,-1.728850752115249634e-01,3.317086398601531982e-02,-5.882127955555915833e-02,4.571572691202163696e-02,1.991262473165988922e-02,1.804156452417373657e-01,9.187872707843780518e-02,1.103963330388069153e-02,7.983972877264022827e-02,1.835207939147949219e-01,7.446425408124923706e-02,1.690234094858169556e-01,1.669074743986129761e-01,1.702339798212051392e-01,1.303042322397232056e-01,1.200319603085517883e-01,1.451620459556579590e-02,-3.349941968917846680e-02,1.065036356449127197e-01,-2.808210672810673714e-03,6.252500414848327637e-02,1.231407448649406433e-01,1.202088594436645508e-01,-1.138329785317182541e-02,-8.264953270554542542e-03,-1.897758543491363525e-01,1.416108105331659317e-02,-1.142323315143585205e-01,4.266975447535514832e-02,-9.903769195079803467e-02,-1.631880700588226318e-01,-6.980385631322860718e-02,4.799341782927513123e-02,9.496268630027770996e-02,1.770315319299697876e-01,1.658993065357208252e-01,6.933516263961791992e-02,3.250396624207496643e-02,-5.516799539327621460e-02
6.231984496116638184e-01,4.210394993424415588e-02,4.010204374790191650e-01,1.202921047806739807e-01,2.708995640277862549e-01,1.419647783041000366e-01,4.818544387817382812e-01,-1.789989997632801533e-03,2.033701837062835693e-01,1.996604911983013153e-02,1.000000000000000000e+00,8.889778703451156616e-02,7.958301305770874023e-01,5.755388364195823669e-02,1.404359936714172363e-01,3.132508834823966026e-03,5.654030442237854004e-01,2.048487067222595215e-01,3.777056932449340820e-01,2.773771882057189941e-01,-2.658778987824916840e-02,9.435614198446273804e-02,3.553319871425628662e-01,2.217353582382202148e-01,9.502580761909484863e-02,2.645447291433811188e-02,-1.498580444604158401e-02,2.329979836940765381e-02,3.629418313503265381e-01,3.130989521741867065e-02,4.397953450679779053e-01,2.751851081848144531e-01,3.561566770076751709e-01,2.492599636316299438e-01,1.519403904676437378e-01,1.017969399690628052e-01,2.366122901439666748e-01,-1.488495431840419769e-02,8.712796866893768311e-02,4.005973041057586670e-02,1.183250248432159424e-01,-2.894878946244716644e-02,1.667531579732894897e-01,1.212776303291320801e-01,2.408970892429351807e-01,2.107274532318115234e-01,1.630810350179672241e-01,6.153163686394691467e-02,2.247494012117385864e-01,1.243422403931617737e-01,2.475938051939010620e-01,2.124016173183917999e-02,2.530461847782135010e-01,4.766255244612693787e-02,1.159631013870239258e-01,1.209321711212396622e-02,5.083469748497009277e-01,-3.939362242817878723e-03,3.044634759426116943e-01,7.963299751281738281e-02,4.273554682731628418e-01,-5.602064542472362518e-03,5.159615874290466309e-01,-1.909124404191970825e-01,2.740079164505004883e-01,-1.271086484193801880e-01,2.425218522548675537e-01,2.823922634124755859e-01,1.947448551654815674e-01,3.540979623794555664e-01,4.629565179347991943e-01,1.606604009866714478e-01,3.930701613426208496e-01,2.418483793735504150e-01,2.969407737255096436e-01,3.530264794826507568e-01,9.124915301799774170e-02,8.925288170576095581e-02,1.668059378862380981e-01,1.806261092424392700e-01,3.232515156269073486e-01,5.740880966186523438e-02,2.418165057897567749e-01,1.115890666842460632e-01,3.399480879306793213e-01,1.622187905013561249e-02,2.176957279443740845e-01,6.263032555580139160e-02,1.402504593133926392e-01,2.193817403167486191e-03,2.572573721408843994e-01,1.506182253360748291e-01,2.272983789443969727e-01,1.705118417739868164e-01,3.685300797224044800e-02,4.530013725161552429e-02,1.741955876350402832e-01,1.377504020929336548e-01,2.130057364702224731e-01,1.967099457979202271e-01,1.056454610079526901e-02,1.625640541315078735e-01,5.066271498799324036e-02,1.872348189353942871e-01,1.973701268434524536e-01,1.709993034601211548e-01,5.402911454439163208e-02,3.912028670310974121e-02,4.632144048810005188e-02,1.555094122886657715e-01,1.243435367941856384e-01,1.264408379793167114e-01,1.207328066229820251e-01,2.617151141166687012e-01,1.682945489883422852e-01,-1.863157898187637329e-01
1.959532201290130615e-01,4.935295879840850830e-01,2.315442413091659546e-01,3.804321289062500000e-01,-7.449097465723752975e-03,1.366574615240097046e-01,2.893827855587005615e-01,5.880218148231506348e-01,1.083618253469467163e-01,1.675040274858474731e-01,8.889778703451156616e-02,1.000000000000000000e+00,1.414877474308013916e-01,6.868861317634582520e-01,-8.783457428216934204e-02,2.479168325662612915e-01,2.523989677429199219e-01,5.509206652641296387e-01,3.197552561759948730e-01,2.900062203407287598e-01,5.461820587515830994e-02,6.718625128269195557e-02,1.595042645931243896e-01,3.232769668102264404e-01,-1.089687943458557129e-01,1.009809449315071106e-01,8.624115586280822754e-02,3.857006877660751343e-02,1.921485364437103271e-01,3.548388779163360596e-01,2.581940591335296631e-01,3.798499107360839844e-01,2.612508237361907959e-01,4.049637913703918457e-01,8.399759978055953979e-02,5.208023637533187866e-02,1.579591035842895508e-01,3.129492104053497314e-01,-8.636495471000671387e-02,1.966226696968078613e-01,2.022660076618194580e-01,1.345626115798950195e-01,3.094337582588195801e-01,2.475466579198837280e-01,1.913353055715560913e-01,2.207093089818954468e-01,3.093031644821166992e-01,2.987181246280670166e-01,-1.807060837745666504e-02,1.345506161451339722e-01,-8.680843561887741089e-02,1.571024358272552490e-01,1.264280527830123901e-01,7.225056737661361694e-02,2.397551089525222778e-01,3.135386705398559570e-01,1.308620572090148926e-01,4.823957085609436035e-01,4.037126153707504272e-02,2.136599719524383545e-01,-2.897203341126441956e-02,4.066920280456542969e-01,-9.985365718603134155e-02,5.772179961204528809e-01,-2.237957417964935303e-01,2.617839872837066650e-01,2.580995857715606689e-01,1.786827594041824341e-01,2.763651013374328613e-01,1.368155479431152344e-01,-6.495433859527111053e-03,2.699890434741973877e-01,1.015712320804595947e-01,3.986358940601348877e-01,1.127901524305343628e-01,1.421371400356292725e-01,3.092372119426727295e-01,3.635740578174591064e-01,2.132409811019897461e-01,3.175696730613708496e-01,7.447418570518493652e-02,4.063241183757781982e-01,5.578273162245750427e-02,7.732401788234710693e-02,6.550259888172149658e-02,4.479345679283142090e-01,2.285468727350234985e-01,-2.155530732125043869e-03,1.669822186231613159e-01,3.021371364593505859e-01,1.859876960515975952e-01,7.586345821619033813e-02,6.073320284485816956e-02,1.404815465211868286e-01,1.379487067461013794e-01,2.510111927986145020e-01,2.121171802282333374e-01,2.809112071990966797e-01,4.217105507850646973e-01,3.310243487358093262e-01,1.608454436063766479e-02,9.980860352516174316e-02,-2.412105724215507507e-02,2.090620845556259155e-01,-1.959402672946453094e-02,1.035882011055946350e-01,1.575929820537567139e-01,4.322482645511627197e-02,3.203339129686355591e-02,2.556931599974632263e-02,1.747151762247085571e-01,3.098228275775909424e-01,1.324742436408996582e-01,1.416886001825332642e-01,1.026797741651535034e-01,9.445493668317794800e-02
6.250008344650268555e-01,1.213847622275352478e-01,5.280403494834899902e-01,2.457297891378402710e-01,3.015055358409881592e-01,1.913162171840667725e-01,6.117198467254638672e-01,1.386268734931945801e-01,2.952472269535064697e-01,4.060180112719535828e-02,7.958301305770874023e-01,1.414877474308013916e-01,1.000000000000000000e+00,6.639174371957778931e-02,1.986571848392486572e-01,-6.744439899921417236e-02,5.073409676551818848e-01,2.791740298271179199e-01,3.732907474040985107e-01,2.762934565544128418e-01,-4.478711262345314026e-02,7.863212376832962036e-02,4.185492098331451416e-01,3.192478120326995850e-01,1.346316337585449219e-01,5.749906972050666809e-02,9.442195296287536621e-02,1.314661502838134766e-01,4.184734225273132324e-01,7.339999079704284668e-02,4.772382378578186035e-01,3.251586854457855225e-01,3.241409063339233398e-01,2.759136557579040527e-01,1.287423223257064819e-01,3.251580521464347839e-02,2.708453238010406494e-01,2.405541203916072845e-02,1.234281286597251892e-01,1.488561481237411499e-01,1.252961605787277222e-01,1.993842981755733490e-02,1.070648133754730225e-01,8.116927742958068848e-02,1.193436011672019958e-01,1.108047813177108765e-01,1.400230228900909424e-01,1.348861120641231537e-02,7.163250446319580078e-02,3.662303090095520020e-02,1.083262935280799866e-01,-4.565560445189476013e-02,1.914332062005996704e-01,-4.679435119032859802e-02,9.056751430034637451e-02,-4.734200239181518555e-02,4.764118790626525879e-01,4.943408817052841187e-02,2.555995285511016846e-01,9.130471199750900269e-02,3.565773963928222656e-01,7.801556587219238281e-02,4.039109349250793457e-01,-1.545656472444534302e-01,1.675160676240921021e-01,-1.563142687082290649e-01,1.852265000343322754e-01,1.979022771120071411e-01,2.099485695362091064e-01,3.093808591365814209e-01,4.396785497665405273e-01,1.007135137915611267e-01,4.194821119308471680e-01,3.327444195747375488e-01,3.103720843791961670e-01,3.605649471282958984e-01,1.443059146404266357e-01,1.739326864480972290e-01,1.347594559192657471e-01,2.397353053092956543e-01,2.767870128154754639e-01,9.229337424039840698e-02,1.588191539049148560e-01,5.293753370642662048e-02,2.349974364042282104e-01,1.363626495003700256e-02,2.003093063831329346e-01,2.597861737012863159e-02,8.040920644998550415e-02,-1.656309887766838074e-02,1.808806061744689941e-01,1.088274046778678894e-01,1.843708157539367676e-01,1.629199832677841187e-01,-2.173306792974472046e-02,2.833073399960994720e-02,1.428385674953460693e-01,1.123652458190917969e-01,1.499036997556686401e-01,1.395180225372314453e-01,-1.614085398614406586e-02,1.720772385597229004e-01,5.034728348255157471e-02,1.868778169155120850e-01,1.523710340261459351e-01,1.582734286785125732e-01,9.843038767576217651e-02,6.019664928317070007e-02,7.108027581125497818e-03,9.551808238029479980e-02,1.138574779033660889e-01,1.067810878157615662e-01,4.676071926951408386e-02,2.462500780820846558e-01,2.027332484722137451e-01,-1.522041857242584229e-01
