1.000000000000000000e+00,5.226251482963562012e-01,4.609537124633789062e-01,4.480598866939544678e-01,2.362108081579208374e-01,2.078946232795715332e-01,4.251773953437805176e-01,3.050232529640197754e-01,8.989049494266510010e-02,1.288711130619049072e-01,1.781849116086959839e-01,2.209557145833969116e-01,8.260034769773483276e-02,1.092489063739776611e-01,7.441002875566482544e-02,9.526408463716506958e-02,2.487606108188629150e-01,2.537319064140319824e-01,5.196741223335266113e-01,5.468233823776245117e-01,1.745153367519378662e-01,2.399130761623382568e-01,3.115158975124359131e-01,3.327659666538238525e-01,2.302388250827789307e-01,2.052543163299560547e-01,2.194038033485412598e-01,2.204479426145553589e-01,1.656791418790817261e-01,1.467982679605484009e-01,1.633739024400711060e-01,1.859346628189086914e-01,1.626740694046020508e-01,1.004902347922325134e-01,-7.928895205259323120e-02,2.188539132475852966e-02,6.663747876882553101e-02,-2.657845988869667053e-02,6.573963910341262817e-02,4.336911439895629883e-02,-5.471852049231529236e-02,1.294006258249282837e-01,-1.746725440025329590e-01,-1.240524351596832275e-01,-3.910359460860490799e-03,9.508026391267776489e-02,-1.812303811311721802e-02,1.667374512180685997e-03,7.292833924293518066e-02,5.380732007324695587e-03,-8.157428354024887085e-02,-1.338534355163574219e-01,-9.895047545433044434e-02,-1.497399657964706421e-01,3.120359033346176147e-02,9.244074113667011261e-03,6.380710005760192871e-01,4.860582947731018066e-01,4.303495883941650391e-01,4.609349668025970459e-01,3.401934504508972168e-01,1.615579575300216675e-01,2.515883147716522217e-01,2.050247788429260254e-01,1.080432236194610596e-01,1.169337984174489975e-02,1.141893640160560608e-01,1.293913573026657104e-01,5.114328861236572266e-01,4.760350584983825684e-01,1.535166986286640167e-02,9.118954092264175415e-02,4.491870850324630737e-02,2.582340314984321594e-02,3.588422387838363647e-02,1.661486029624938965e-01,1.145528182387351990e-01,1.007962450385093689e-01,8.223129808902740479e-02,7.116083055734634399e-02,1.382383555173873901e-01,4.792287573218345642e-02,-5.706191807985305786e-02,5.411851406097412109e-02,8.452204614877700806e-02,-9.447427093982696533e-02,-2.748088166117668152e-02,6.534812599420547485e-02,9.918364882469177246e-02,-1.017213333398103714e-02,-5.418404191732406616e-02,-2.304237335920333862e-02,7.584302127361297607e-02,4.720246419310569763e-02,-5.375910177826881409e-02,-7.167408615350723267e-02,1.119040474295616150e-01,-4.936164710670709610e-03,1.659327447414398193e-01,8.746934682130813599e-02,7.930460572242736816e-02,1.493710726499557495e-01,5.003565177321434021e-02,2.009299695491790771e-01,-1.210224255919456482e-01,-9.392224252223968506e-02,-5.795430392026901245e-03,-2.451704628765583038e-02,-1.707777567207813263e-02,-2.168984524905681610e-02,7.300124503672122955e-03,8.731996268033981323e-02,7.508146762847900391e-02,3.946172818541526794e-02,-7.470077276229858398e-02,-3.138768300414085388e-02
5.226251482963562012e-01,1.000000000000000000e+00,3.650619387626647949e-01,4.899253845214843750e-01,2.253763228654861450e-01,1.734998673200607300e-01,1.646732687950134277e-01,4.047722816467285156e-01,1.086850538849830627e-01,1.740637719631195068e-01,-5.557985231280326843e-02,3.765428066253662109e-01,-1.648883372545242310e-01,2.537388503551483154e-01,5.503799021244049072e-02,2.200615853071212769e-01,6.031618639826774597e-02,4.226849675178527832e-01,4.384790658950805664e-01,5.495015382766723633e-01,2.370788007974624634e-01,2.855654060840606689e-01,3.506551384925842285e-01,3.941805362701416016e-01,2.626321315765380859e-01,2.068298161029815674e-01,1.899497061967849731e-01,2.019566148519515991e-01,-6.265289150178432465e-03,2.643283009529113770e-01,2.282508462667465210e-01,1.947381496429443359e-01,1.604618579149246216e-01,1.669626533985137939e-01,-7.698132842779159546e-02,7.352460920810699463e-02,-1.131102908402681351e-02,-3.470301628112792969e-02,1.174597069621086121e-02,6.542008370161056519e-02,-3.729986399412155151e-02,5.910188332200050354e-02,-2.816830277442932129e-01,-1.438961923122406006e-01,-1.429218202829360962e-01,1.265015155076980591e-01,-1.087996587157249451e-01,1.649979688227176666e-02,1.490587950684130192e-03,5.450180545449256897e-02,-7.460569590330123901e-02,-2.901316992938518524e-02,-8.458421379327774048e-02,6.723902653902769089e-03,4.884470626711845398e-02,1.414898484945297241e-01,5.965394377708435059e-01,7.043018937110900879e-01,4.255828559398651123e-01,5.225712656974792480e-01,3.163749575614929199e-01,2.328359037637710571e-01,1.955504566431045532e-01,3.995193243026733398e-01,9.402593970298767090e-02,5.103130266070365906e-02,1.073033064603805542e-01,1.083538681268692017e-01,5.472882986068725586e-01,5.518199801445007324e-01,-8.287262916564941406e-02,6.398391723632812500e-02,-8.415941894054412842e-02,7.526455819606781006e-02,-5.958593264222145081e-02,2.283548936247825623e-02,-3.153789415955543518e-02,9.522913023829460144e-03,7.818455249071121216e-02,1.102823019027709961e-01,4.549787938594818115e-02,2.298246324062347412e-01,-3.138029575347900391e-02,1.073517352342605591e-01,2.538455463945865631e-02,1.271319836378097534e-01,1.775464415550231934e-02,1.110264733433723450e-01,6.016624718904495239e-02,2.645132839679718018e-01,-7.610931247472763062e-02,-1.101703271269798279e-01,1.502947956323623657e-01,1.020993366837501526e-01,-9.389466047286987305e-02,-1.319429371505975723e-02,2.510532923042774200e-02,-3.692974336445331573e-03,1.133756339550018311e-01,8.947814814746379852e-03,2.106824815273284912e-01,9.690227359533309937e-02,1.441083252429962158e-01,9.331934154033660889e-02,-4.054515808820724487e-02,-7.773523032665252686e-02,-7.693007588386535645e-02,-5.214114114642143250e-02,2.907632850110530853e-02,-1.078212633728981018e-01,-7.783877849578857422e-02,-1.319875661283731461e-02,6.457700580358505249e-02,8.020915091037750244e-02,-1.789970099925994873e-01,-6.152959540486335754e-02
4.609537124633789062e-01,3.650619387626647949e-01,1.000000000000000000e+00,6.061467528343200684e-01,2.851690538227558136e-02,6.271813809871673584e-02,5.699770450592041016e-01,4.006803035736083984e-01,1.842946372926235199e-02,-2.635637763887643814e-03,8.368407189846038818e-02,1.461813747882843018e-01,1.197958067059516907e-01,1.822566837072372437e-01,-1.189723424613475800e-02,-4.347016289830207825e-02,-4.394539073109626770e-02,7.478032261133193970e-02,4.709474146366119385e-01,3.756954073905944824e-01,7.815241813659667969e-02,1.124674379825592041e-01,5.813292264938354492e-01,5.324805974960327148e-01,1.170618087053298950e-01,6.673617660999298096e-02,3.904910758137702942e-02,3.981087729334831238e-02,-8.477230556309223175e-03,-1.868616044521331787e-02,1.810289621353149414e-01,1.833256930112838745e-01,3.358539193868637085e-02,-1.437618513591587543e-03,2.531047165393829346e-01,2.396689653396606445e-01,1.447325348854064941e-01,7.243141531944274902e-02,1.293015629053115845e-01,4.247903451323509216e-02,5.948950722813606262e-02,1.113750413060188293e-01,1.447691172361373901e-01,1.956672593951225281e-02,6.230145320296287537e-02,3.695600479841232300e-02,9.911825507879257202e-02,2.654482237994670868e-02,6.106778979301452637e-02,5.867519974708557129e-02,5.165167897939682007e-02,-2.354118786752223969e-02,3.014828823506832123e-02,-2.246712893247604370e-02,4.033625125885009766e-02,-6.146384985186159611e-04,2.947070300579071045e-01,3.458695411682128906e-01,3.558381497859954834e-01,2.974810600280761719e-01,1.799213290214538574e-01,1.559455841779708862e-01,1.296763867139816284e-01,1.158183217048645020e-01,2.946195900440216064e-01,1.834129393100738525e-01,4.138948023319244385e-01,1.975399255752563477e-01,2.798284292221069336e-01,2.003630995750427246e-01,6.767785549163818359e-02,9.412434697151184082e-02,1.016774121671915054e-02,-7.292407006025314331e-02,1.669616997241973877e-02,1.788211911916732788e-01,1.562771499156951904e-01,1.009683161973953247e-01,-9.299041330814361572e-02,-1.391391851939260960e-03,-4.526767134666442871e-02,-3.382693976163864136e-02,-1.027184724807739258e-02,-3.466882184147834778e-02,1.935278922319412231e-01,6.737118959426879883e-02,4.120070487260818481e-02,1.388763785362243652e-01,2.112925499677658081e-01,4.722804576158523560e-02,4.847850650548934937e-02,3.909630700945854187e-02,1.541528552770614624e-01,2.023867964744567871e-01,1.067582797259092331e-02,7.168930768966674805e-02,1.562998145818710327e-01,3.538426384329795837e-02,1.485446244478225708e-01,-3.098016977310180664e-02,1.937819123268127441e-01,3.185573220252990723e-01,2.250734716653823853e-01,2.480966448783874512e-01,5.977830290794372559e-02,4.355471208691596985e-02,8.582188934087753296e-02,7.287437468767166138e-02,1.281325612217187881e-02,1.063298434019088745e-01,1.186380162835121155e-01,2.916845865547657013e-02,1.191582679748535156e-01,6.735483556985855103e-02,-4.000934585928916931e-02,7.719621062278747559e-02
4.480598866939544678e-01,4.899253845214843750e-01,6.061467528343200684e-01,1.000000000000000000e+00,1.784172207117080688e-01,2.677861452102661133e-01,4.336841702461242676e-01,6.535149812698364258e-01,1.125875636935234070e-01,2.565917670726776123e-01,-2.532883733510971069e-02,4.225062429904937744e-01,-5.009375512599945068e-02,4.246361851692199707e-01,-5.729907751083374023e-02,7.395879924297332764e-02,-6.360857933759689331e-02,1.817346513271331787e-01,4.312341511249542236e-01,3.740392029285430908e-01,1.779290735721588135e-01,2.676894962787628174e-01,5.729399919509887695e-01,6.893557310104370117e-01,2.783338427543640137e-01,2.482517659664154053e-01,1.790027618408203125e-01,1.891046166419982910e-01,-4.189323261380195618e-02,5.501770228147506714e-02,1.938832253217697144e-01,3.121170699596405029e-01,-8.684720098972320557e-02,-9.765487164258956909e-02,-1.973658800125122070e-03,6.791961193084716797e-02,-2.942803502082824707e-02,-1.255276352167129517e-01,-7.191740721464157104e-02,-3.645506128668785095e-02,-3.160338476300239563e-02,8.695948123931884766e-02,2.002678625285625458e-02,-1.130768358707427979e-01,2.803941257297992706e-02,3.231846541166305542e-02,3.200695291161537170e-02,-8.204152435064315796e-02,8.880025148391723633e-02,4.437119141221046448e-02,2.649980597198009491e-02,2.143893763422966003e-02,-2.446469850838184357e-03,-6.095501035451889038e-02,-9.566750377416610718e-02,-4.868113249540328979e-02,3.611665964126586914e-01,3.909220695495605469e-01,4.467255771160125732e-01,5.335496068000793457e-01,2.561380565166473389e-01,2.223907560110092163e-01,1.565262228250503540e-01,1.640312224626541138e-01,2.595248818397521973e-01,2.662160694599151611e-01,3.174883425235748291e-01,1.999917775392532349e-01,3.278620839118957520e-01,2.510382235050201416e-01,-1.287196725606918335e-01,-1.216794084757566452e-02,1.066498644649982452e-02,6.504527758806943893e-03,3.509673103690147400e-02,2.247096598148345947e-01,2.016713097691535950e-02,-2.952264808118343353e-02,-1.375616341829299927e-01,-5.782903637737035751e-03,-1.314838081598281860e-01,6.637687981128692627e-02,-1.285076737403869629e-01,-9.399943985044956207e-03,5.032544583082199097e-02,1.305378824472427368e-01,-5.887674167752265930e-02,6.137720122933387756e-02,9.505447745323181152e-02,1.855878084897994995e-01,6.009707227349281311e-02,-3.173742070794105530e-02,1.346905976533889771e-01,5.494106933474540710e-02,-1.209550946950912476e-01,-5.087231844663619995e-02,-2.753015980124473572e-02,-9.971515834331512451e-02,5.239756777882575989e-02,-1.094934195280075073e-01,2.033035457134246826e-01,1.749577224254608154e-01,2.246156632900238037e-01,1.554118394851684570e-01,-5.693388357758522034e-02,-1.363391876220703125e-01,-2.613034658133983612e-02,-1.067229267209768295e-02,-2.507897280156612396e-02,-6.492733955383300781e-02,-9.692034870386123657e-02,-1.710791736841201782e-01,-3.842954710125923157e-02,-8.002488315105438232e-02,-1.945184916257858276e-01,-1.790206506848335266e-02
2.362108081579208374e-01,2.253763228654861450e-01,2.851690538227558136e-02,1.784172207117080688e-01,1.000000000000000000e+00,6.792441606521606445e-01,4.375740140676498413e-02,1.315535902976989746e-01,4.884840548038482666e-01,5.405477881431579590e-01,9.513460844755172729e-02,2.301469296216964722e-01,1.167283505201339722e-01,1.879620701074600220e-01,3.462074697017669678e-01,4.201095402240753174e-01,2.300321906805038452e-01,3.097769618034362793e-01,9.905884414911270142e-02,1.955114156007766724e-01,5.117013454437255859e-01,5.687681436538696289e-01,2.235355824232101440e-01,2.617530524730682373e-01,7.049935460090637207e-01,7.091179490089416504e-01,7.399039268493652344e-01,7.342319488525390625e-01,2.247375398874282837e-01,2.795225083827972412e-01,4.141245186328887939e-01,4.779975712299346924e-01,6.999391596764326096e-03,-2.987321652472019196e-02,-1.601395010948181152e-01,5.882173404097557068e-02,3.079020977020263672e-02,9.109507314860820770e-03,-2.865364775061607361e-02,1.283389776945114136e-01,-3.270706534385681152e-02,2.810383737087249756e-01,-3.434263467788696289e-01,-2.229403704404830933e-01,-2.158739790320396423e-02,6.382787972688674927e-02,-8.367590606212615967e-02,-1.146334037184715271e-01,-2.917492017149925232e-02,-2.931557781994342804e-02,-7.847958058118820190e-02,-1.210212782025337219e-01,-7.407808303833007812e-02,-1.903212815523147583e-01,7.255914062261581421e-02,6.063369661569595337e-02,3.039291799068450928e-01,1.090925931930541992e-01,6.729186326265335083e-02,2.194621264934539795e-01,7.371024042367935181e-02,-1.105327829718589783e-01,1.788367480039596558e-01,4.580453783273696899e-02,-1.744329556822776794e-02,-1.773133873939514160e-01,-8.617475628852844238e-02,1.770026795566082001e-02,1.783066987991333008e-01,1.902599930763244629e-01,6.600059568881988525e-02,2.486263215541839600e-01,1.942488849163055420e-01,3.683343529701232910e-01,1.882497780025005341e-02,2.609990537166595459e-01,2.382544428110122681e-02,5.665654689073562622e-02,1.774340420961380005e-01,8.564971387386322021e-02,1.164249107241630554e-01,1.358595192432403564e-01,2.333510853350162506e-02,2.487642616033554077e-01,1.749798804521560669e-01,3.139356151223182678e-03,-1.237698178738355637e-02,9.323651343584060669e-02,1.360275447368621826e-01,1.065590232610702515e-01,4.838391393423080444e-02,-5.249678343534469604e-02,1.486300081014633179e-01,-1.396172959357500076e-02,-8.768150210380554199e-02,-1.266943514347076416e-01,8.660059422254562378e-02,-1.671017520129680634e-02,1.415710598230361938e-01,5.460074916481971741e-02,-1.131459232419729233e-02,-1.474266797304153442e-01,-8.568013459444046021e-02,-7.158966362476348877e-02,-1.025702729821205139e-01,-3.543457761406898499e-02,7.361487951129674911e-03,-1.776197403669357300e-01,4.686360806226730347e-02,-1.014518514275550842e-01,-1.272133290767669678e-01,-2.311359532177448273e-02,-8.753115683794021606e-02,-3.800379484891891479e-02,-9.863542765378952026e-02,-1.092830821871757507e-01
2.078946232795715332e-01,1.734998673200607300e-01,6.271813809871673584e-02,2.677861452102661133e-01,6.792441606521606445e-01,1.000000000000000000e+00,1.489003598690032959e-01,2.560603618621826172e-01,4.101293981075286865e-01,6.366274356842041016e-01,1.633754968643188477e-01,2.761645913124084473e-01,1.837348043918609619e-01,2.550983130931854248e-01,1.841657012701034546e-01,2.990274727344512939e-01,1.970757693052291870e-01,2.889078557491302490e-01,4.830617830157279968e-02,7.824613898992538452e-02,4.961201250553131104e-01,5.842319130897521973e-01,2.294790744781494141e-01,3.534426391124725342e-01,6.908249855041503906e-01,7.330340743064880371e-01,7.054324746131896973e-01,7.128062248229980469e-01,2.088468819856643677e-01,2.096111476421356201e-01,4.061600267887115479e-01,5.560985207557678223e-01,-1.063642874360084534e-01,-1.376589983701705933e-01,-1.741891503334045410e-01,2.344689331948757172e-02,-4.159515723586082458e-02,-4.639655351638793945e-02,-1.269704997539520264e-01,4.145777598023414612e-02,-3.605861961841583252e-02,1.886797547340393066e-01,-2.599207758903503418e-01,-2.490679025650024414e-01,2.449567429721355438e-02,4.306880757212638855e-02,-7.902134954929351807e-02,-1.727544367313385010e-01,5.418879911303520203e-02,-6.428852677345275879e-02,-8.880488574504852295e-02,-1.093468293547630310e-01,-1.195533424615859985e-01,-2.579420506954193115e-01,-5.879803374409675598e-02,-5.091206729412078857e-02,2.222195714712142944e-01,4.645105078816413879e-02,6.674054265022277832e-02,2.407929003238677979e-01,3.743210434913635254e-02,-5.276289954781532288e-02,1.461049914360046387e-01,7.924263924360275269e-02,8.731431327760219574e-03,-4.012859985232353210e-02,-2.100875042378902435e-02,2.289527468383312225e-02,7.771099358797073364e-02,8.613231033086776733e-02,1.716287620365619659e-02,1.836808770895004272e-01,2.351350188255310059e-01,3.805323541164398193e-01,1.062297672033309937e-01,2.534013092517852783e-01,4.825749248266220093e-02,3.316513448953628540e-02,8.781218528747558594e-02,5.159451067447662354e-02,7.778172148391604424e-04,1.095342338085174561e-01,-7.451345771551132202e-02,1.823570281267166138e-01,8.147287368774414062e-02,-2.261768467724323273e-02,-1.300487816333770752e-01,2.515221945941448212e-02,2.339207753539085388e-02,5.570287257432937622e-02,1.325022149831056595e-02,-1.041825711727142334e-01,1.874160207808017731e-02,-1.757220625877380371e-01,-1.115653887391090393e-01,-1.323598176240921021e-01,5.516127496957778931e-02,-8.577373623847961426e-02,4.828818142414093018e-02,-3.934302926063537598e-02,-1.123133003711700439e-01,-1.878421604633331299e-01,-1.140755563974380493e-01,-6.534957885742187500e-02,-1.969480812549591064e-01,-1.368672102689743042e-01,-2.230372652411460876e-02,-1.923104673624038696e-01,5.365281831473112106e-04,-8.898835629224777222e-02,-1.434374004602432251e-01,-9.527528285980224609e-02,-1.484400779008865356e-01,-1.392796933650970459e-01,-1.281080394983291626e-01,-6.935267150402069092e-02
4.251773953437805176e-01,1.646732687950134277e-01,5.699770450592041016e-01,4.336841702461242676e-01,4.375740140676498413e-02,1.489003598690032959e-01,1.000000000000000000e+00,3.639762997627258301e-01,1.076508313417434692e-02,3.810351714491844177e-02,3.495131134986877441e-01,1.447738409042358398e-01,3.914100825786590576e-01,1.492137014865875244e-01,-7.500358670949935913e-02,-1.519817858934402466e-01,8.345209807157516479e-02,9.396225959062576294e-02,3.896133303642272949e-01,2.444822639226913452e-01,7.415077835321426392e-02,1.126332730054855347e-01,3.840069174766540527e-01,3.855321109294891357e-01,7.021887600421905518e-02,1.142142266035079956e-01,7.588559389114379883e-02,8.793887495994567871e-02,2.023535072803497314e-01,4.533815011382102966e-02,1.901763230562210083e-01,2.470406293869018555e-01,8.700831234455108643e-02,3.665392100811004639e-02,7.507258653640747070e-02,8.063729852437973022e-02,1.768532395362854004e-01,1.179788857698440552e-01,6.719654798507690430e-02,1.231214404106140137e-02,1.007071137428283691e-01,1.211222931742668152e-01,1.570189446210861206e-01,8.246346563100814819e-02,1.973072588443756104e-01,1.139928102493286133e-01,1.772187352180480957e-01,1.071169152855873108e-01,1.448286771774291992e-01,-2.869215048849582672e-02,-3.147164359688758850e-03,-1.101526990532875061e-02,-5.256916582584381104e-02,-1.322294473648071289e-01,2.127601765096187592e-03,-6.064153090119361877e-02,1.766208261251449585e-01,1.198011711239814758e-01,2.040085643529891968e-01,2.674811780452728271e-01,8.954792469739913940e-02,1.787753254175186157e-01,1.363383829593658447e-01,9.442541003227233887e-02,1.795773655176162720e-01,2.337981164455413818e-01,2.899535596370697021e-01,2.341442704200744629e-01,1.307457983493804932e-01,1.128138154745101929e-01,2.403199672698974609e-01,2.299885451793670654e-01,1.858278363943099976e-01,-1.416406873613595963e-02,1.649804413318634033e-01,2.263806760311126709e-01,3.157509565353393555e-01,2.471629977226257324e-01,-6.751879304647445679e-02,1.357453316450119019e-02,-1.565333642065525055e-02,-1.488473638892173767e-02,-8.468281477689743042e-02,-3.077522106468677521e-02,1.002108156681060791e-01,-2.987788990139961243e-02,-1.783307939767837524e-01,-7.429831475019454956e-02,8.737512677907943726e-02,-9.601322561502456665e-02,5.565358325839042664e-02,9.189920127391815186e-02,-4.022803530097007751e-02,-8.733476512134075165e-03,7.064711302518844604e-02,2.606985718011856079e-02,2.371539771556854248e-01,4.370163381099700928e-02,1.883469372987747192e-01,2.914045751094818115e-02,6.900326162576675415e-02,2.384522557258605957e-01,1.722569614648818970e-01,2.984832525253295898e-01,4.356087185442447662e-03,6.395744532346725464e-02,9.341236203908920288e-02,5.369136482477188110e-02,3.764547035098075867e-02,2.054662108421325684e-01,2.180085927248001099e-01,1.296798586845397949e-01,1.316420435905456543e-01,2.720389142632484436e-02,3.291366621851921082e-02,9.844540059566497803e-02
3.050232529640197754e-01,4.047722816467285156e-01,4.006803035736083984e-01,6.535149812698364258e-01,1.315535902976989746e-01,2.560603618621826172e-01,3.639762997627258301e-01,1.000000000000000000e+00,9.195449203252792358e-02,3.024038672447204590e-01,4.750981554388999939e-02,6.053428649902343750e-01,-1.964417845010757446e-02,6.192296147346496582e-01,-9.663411974906921387e-02,4.551614075899124146e-02,-8.587165921926498413e-02,2.333679944276809692e-01,2.845296561717987061e-01,2.121989876031875610e-01,1.239347383379936218e-01,2.557369172573089600e-01,4.675097763538360596e-01,6.319615840911865234e-01,2.483958303928375244e-01,2.340515702962875366e-01,1.373629122972488403e-01,1.561046689748764038e-01,4.809959325939416885e-03,1.257053166627883911e-01,2.201269567012786865e-01,3.451284468173980713e-01,-1.139730662107467651e-01,-1.251155138015747070e-01,-1.409634649753570557e-01,-9.406545758247375488e-02,-1.188196465373039246e-01,-2.357577383518218994e-01,-1.724625974893569946e-01,-9.903343766927719116e-02,-3.073577210307121277e-02,2.599950530566275120e-04,-2.607135288417339325e-02,-1.215379312634468079e-01,-9.673140943050384521e-03,3.769220784306526184e-02,-1.745360344648361206e-02,-1.127794161438941956e-01,7.410719990730285645e-02,-1.493539568036794662e-02,1.229594461619853973e-02,1.040556207299232483e-01,-4.726972058415412903e-02,-8.487332612276077271e-02,-1.751446127891540527e-01,-1.343433260917663574e-01,2.608700394630432129e-01,2.675939798355102539e-01,4.296355545520782471e-01,5.285173058509826660e-01,3.346221745014190674e-01,3.392236530780792236e-01,2.262513041496276855e-01,2.159654498100280762e-01,2.671183347702026367e-01,3.749747872352600098e-01,1.769696325063705444e-01,1.564484089612960815e-01,1.452331542968750000e-01,1.309957802295684814e-01,-1.699031740427017212e-01,-3.051992878317832947e-02,6.727111339569091797e-02,3.532733768224716187e-02,1.236990466713905334e-01,2.335023581981658936e-01,-3.292365372180938721e-02,-8.351532369852066040e-02,-1.464071720838546753e-01,-4.300159960985183716e-02,-7.423100620508193970e-02,1.900336444377899170e-01,-1.267081797122955322e-01,1.924051344394683838e-02,-1.928567886352539062e-02,1.845973879098892212e-01,-1.228809282183647156e-01,-4.527220875024795532e-02,7.677842862904071808e-03,1.739005446434020996e-01,5.921398848295211792e-02,-6.574334949254989624e-02,-1.647671335376799107e-03,-7.706521451473236084e-02,-9.120970964431762695e-02,-1.016708239912986755e-01,-1.360875666141510010e-01,-1.638232618570327759e-01,-1.464100927114486694e-02,-1.833220124244689941e-01,1.984363645315170288e-01,5.836312845349311829e-02,2.291559278964996338e-01,5.025125667452812195e-02,-7.673162221908569336e-02,-1.730328202247619629e-01,-5.370366573333740234e-02,-8.895875071175396442e-04,5.724591668695211411e-03,-1.305455565452575684e-01,-1.994825452566146851e-01,-2.695212662220001221e-01,-7.547261565923690796e-02,-1.629144549369812012e-01,-2.784997522830963135e-01,-6.015564873814582825e-02
8.989049494266510010e-02,1.086850538849830627e-01,1.842946372926235199e-02,1.125875636935234070e-01,4.884840548038482666e-01,4.101293981075286865e-01,1.076508313417434692e-02,9.195449203252792358e-02,1.000000000000000000e+00,4.663690626621246338e-01,1.310268640518188477e-01,2.342602908611297607e-01,9.151220321655273438e-02,2.335856854915618896e-01,4.686924517154693604e-01,4.303449094295501709e-01,2.357580214738845825e-01,2.781409621238708496e-01,9.119582176208496094e-02,1.477880179882049561e-01,4.360744357109069824e-01,4.351574480533599854e-01,2.983108758926391602e-01,1.756216734647750854e-01,4.269726276397705078e-01,3.886582255363464355e-01,4.047545790672302246e-01,3.887310624122619629e-01,2.397048026323318481e-01,3.204517662525177002e-01,3.180892467498779297e-01,2.919487059116363525e-01,8.908990025520324707e-02,4.586065188050270081e-02,-4.178345948457717896e-02,6.138163432478904724e-02,1.261860877275466919e-01,1.163321062922477722e-01,3.154803439974784851e-02,1.618918329477310181e-01,-2.992065064609050751e-02,2.907251119613647461e-01,-1.319899410009384155e-01,-7.341710478067398071e-02,1.661648452281951904e-01,1.121959239244461060e-01,9.769236296415328979e-02,-1.179259154014289379e-03,9.105756878852844238e-02,4.316065832972526550e-02,9.911062568426132202e-02,5.286462232470512390e-02,6.503780931234359741e-02,6.480749696493148804e-03,1.499361097812652588e-01,1.666276603937149048e-01,1.005983427166938782e-01,-1.978037413209676743e-03,2.916575036942958832e-02,7.452398538589477539e-02,7.237896323204040527e-02,-1.323386579751968384e-01,1.138672456145286560e-01,-3.896549716591835022e-02,8.353117108345031738e-02,-1.356026083230972290e-01,-2.241643611341714859e-03,1.494363415986299515e-02,1.171389445662498474e-01,5.766641721129417419e-02,8.638469129800796509e-02,1.847120076417922974e-01,2.037293463945388794e-01,3.075841963291168213e-01,8.721873164176940918e-02,2.025945186614990234e-01,3.574913367629051208e-02,3.272786736488342285e-02,2.147331833839416504e-01,2.533706724643707275e-01,1.639671176671981812e-01,2.172945588827133179e-01,1.182783916592597961e-01,3.067073225975036621e-01,3.618740439414978027e-01,2.567400336265563965e-01,8.450806885957717896e-02,1.738227009773254395e-01,2.575522959232330322e-01,2.578540146350860596e-01,2.661424279212951660e-01,2.624514102935791016e-01,3.414120972156524658e-01,2.716006636619567871e-01,-2.272058278322219849e-02,-1.135040670633316040e-01,3.475286066532135010e-02,2.928107976913452148e-02,2.313107848167419434e-01,1.945389509201049805e-01,9.228432178497314453e-02,1.048655062913894653e-01,9.639527648687362671e-02,8.268106728792190552e-02,7.754857838153839111e-02,8.833217620849609375e-02,4.017461463809013367e-02,-1.524170935153961182e-01,8.353286236524581909e-02,-6.149573624134063721e-02,-5.147497355937957764e-02,3.782653063535690308e-02,9.726083278656005859e-02,8.016502112150192261e-02,4.969937726855278015e-02,-3.860201314091682434e-02
1.288711130619049072e-01,1.740637719631195068e-01,-2.635637763887643814e-03,2.565917670726776123e-01,5.405477881431579590e-01,6.366274356842041016e-01,3.810351714491844177e-02,3.024038672447204590e-01,4.663690626621246338e-01,1.000000000000000000e+00,1.208095699548721313e-01,3.598902523517608643e-01,6.961374729871749878e-02,3.443027436733245850e-01,2.679585218429565430e-01,4.477690458297729492e-01,1.422341465950012207e-01,2.830849885940551758e-01,6.527875363826751709e-02,5.842772871255874634e-02,4.204053282737731934e-01,5.218952894210815430e-01,2.497836202383041382e-01,3.090798556804656982e-01,5.371351242065429688e-01,5.609678626060485840e-01,5.087661743164062500e-01,5.214107632637023926e-01,1.823685765266418457e-01,2.030381113290786743e-01,3.023119568824768066e-01,4.369612038135528564e-01,-1.476449519395828247e-01,-1.973784416913986206e-01,-2.278626710176467896e-01,-9.873043000698089600e-02,-9.936185181140899658e-02,-1.108404472470283508e-01,-1.859607696533203125e-01,2.525271289050579071e-02,-8.023983985185623169e-02,1.266629695892333984e-01,-2.251764237880706787e-01,-1.912455409765243530e-01,3.880185261368751526e-02,2.959787473082542419e-02,-7.953540235757827759e-02,-1.290564984083175659e-01,1.350432485342025757e-01,-4.717344045639038086e-02,-2.752701379358768463e-02,9.803432971239089966e-03,-6.881186366081237793e-02,-1.079815998673439026e-01,-2.091590873897075653e-02,-1.732059009373188019e-02,1.655577868223190308e-01,2.407787181437015533e-02,7.978805899620056152e-02,2.038487493991851807e-01,1.046641170978546143e-01,-7.873205840587615967e-02,1.336128562688827515e-01,3.777916356921195984e-02,6.321132183074951172e-02,-3.710253536701202393e-02,-8.807154744863510132e-02,-7.067625224590301514e-02,7.996546477079391479e-02,2.619017101824283600e-02,-4.456037655472755432e-02,6.761311739683151245e-02,2.599801123142242432e-01,2.697739601135253906e-01,1.884313076734542847e-01,1.935527771711349487e-01,-2.482585608959197998e-02,-7.389406114816665649e-02,9.448405355215072632e-02,1.008425652980804443e-01,2.987682819366455078e-02,2.303684055805206299e-01,-6.383703649044036865e-02,2.114839851856231689e-01,1.340156644582748413e-01,1.585554778575897217e-01,-6.166857108473777771e-02,6.670811772346496582e-02,6.218658760190010071e-02,2.695050239562988281e-01,1.503778100013732910e-01,6.432737410068511963e-02,1.630457490682601929e-01,7.013025227934122086e-03,-1.157077997922897339e-01,-1.564845293760299683e-01,-2.473759837448596954e-02,-1.003640294075012207e-01,5.556973442435264587e-02,-2.699770778417587280e-02,-9.990109829232096672e-04,-9.908988326787948608e-02,-4.119111597537994385e-02,-9.936142712831497192e-02,-1.437785178422927856e-01,-1.354117542505264282e-01,-1.177160535007715225e-02,-2.275572121143341064e-01,3.410416189581155777e-03,-1.137766987085342407e-01,-1.733745634555816650e-01,-1.183230951428413391e-01,-8.712328225374221802e-02,-7.810759544372558594e-02,-9.382442384958267212e-02,-5.916467308998107910e-02
1.781849116086959839e-01,-5.557985231280326843e-02,8.368407189846038818e-02,-2.532883733510971069e-02,9.513460844755172729e-02,1.633754968643188477e-01,3.495131134986877441e-01,4.750981554388999939e-02,1.310268640518188477e-01,1.208095699548721313e-01,1.000000000000000000e+00,8.682650327682495117e-02,5.994861125946044922e-01,9.283924102783203125e-02,1.307584047317504883e-01,-8.035380393266677856e-03,3.192343115806579590e-01,1.879701763391494751e-01,7.187265157699584961e-02,7.879005745053291321e-03,1.230600476264953613e-01,1.436251997947692871e-01,5.415969341993331909e-02,2.881283313035964966e-02,7.215569913387298584e-02,1.330370008945465088e-01,1.187433823943138123e-01,1.246728077530860901e-01,4.169028103351593018e-01,2.158446311950683594e-01,2.885060310363769531e-01,2.544191181659698486e-01,1.624892503023147583e-01,8.313325047492980957e-02,-1.981585659086704254e-02,-2.473119087517261505e-02,1.743862628936767578e-01,1.845883578062057495e-01,9.254288673400878906e-02,4.579630866646766663e-02,8.136029541492462158e-02,1.050279662013053894e-01,-7.924142293632030487e-03,1.034766733646392822e-01,7.817761600017547607e-02,1.032744497060775757e-01,1.308807581663131714e-01,1.407587677240371704e-01,4.017823562026023865e-02,-7.460400462150573730e-02,1.720738969743251801e-02,6.296155042946338654e-03,1.242241635918617249e-02,-1.104127839207649231e-01,7.821314036846160889e-02,-2.666595391929149628e-02,6.993206590414047241e-02,-4.807626828551292419e-02,1.012312769889831543e-01,6.955340504646301270e-02,1.364814341068267822e-01,1.706124842166900635e-01,2.375297099351882935e-01,1.903927475214004517e-01,8.413311094045639038e-02,7.268253713846206665e-02,2.081198617815971375e-02,1.511650979518890381e-01,-6.187912076711654663e-02,-1.534049678593873978e-02,3.469866514205932617e-01,3.324908018112182617e-01,3.965044617652893066e-01,1.774493157863616943e-01,2.979231774806976318e-01,1.637858152389526367e-01,3.369823396205902100e-01,2.916803061962127686e-01,1.218852773308753967e-01,7.934837788343429565e-02,2.488736510276794434e-01,8.720077574253082275e-02,7.539037615060806274e-02,1.130447387695312500e-01,1.655130982398986816e-01,-4.820828884840011597e-02,-4.622958227992057800e-02,-3.215147554874420166e-02,1.184786707162857056e-01,-1.007777899503707886e-01,2.928724046796560287e-03,7.393990643322467804e-03,-1.773123890161514282e-01,-1.323634535074234009e-01,9.491956233978271484e-02,2.186774834990501404e-02,2.293206751346588135e-01,5.696020647883415222e-02,1.793551892042160034e-01,9.959246218204498291e-02,-2.181030251085758209e-02,-6.092702504247426987e-03,7.022140920162200928e-02,1.166111379861831665e-01,8.305131644010543823e-02,1.154866740107536316e-01,1.327842324972152710e-01,6.172585859894752502e-02,5.167492106556892395e-02,1.807378828525543213e-01,1.951683461666107178e-01,2.435645163059234619e-01,1.817643344402313232e-01,4.686793684959411621e-02,7.285552471876144409e-02,5.973207578063011169e-02
2.209557145833969116e-01,3.765428066253662109e-01,1.461813747882843018e-01,4.225062429904937744e-01,2.301469296216964722e-01,2.761645913124084473e-01,1.447738409042358398e-01,6.053428649902343750e-01,2.342602908611297607e-01,3.598902523517608643e-01,8.682650327682495117e-02,1.000000000000000000e+00,1.035568211227655411e-02,6.598473787307739258e-01,7.240799069404602051e-02,2.137553393840789795e-01,7.634524255990982056e-02,4.282444119453430176e-01,1.651068478822708130e-01,1.578801423311233521e-01,2.450209110975265503e-01,3.221215903759002686e-01,3.869039118289947510e-01,4.771485626697540283e-01,3.228876590728759766e-01,2.759474515914916992e-01,2.015437632799148560e-01,2.116404920816421509e-01,9.436633437871932983e-02,3.215224146842956543e-01,3.130985796451568604e-01,3.543893098831176758e-01,-6.174099398776888847e-04,-3.038032911717891693e-02,-2.120396047830581665e-01,-1.555471569299697876e-01,-1.110690757632255554e-01,-1.990119069814682007e-01,-1.339527815580368042e-01,1.685111783444881439e-02,-1.012592688202857971e-01,3.311745449900627136e-02,-1.718445122241973877e-01,-1.534007340669631958e-01,-7.888382673263549805e-02,5.657124146819114685e-02,-9.610868990421295166e-02,-8.193671703338623047e-02,5.863326415419578552e-02,-1.393373124301433563e-02,1.457752846181392670e-02,1.422060132026672363e-01,-5.344177782535552979e-02,-7.541574537754058838e-02,-6.884001195430755615e-02,-2.098086476325988770e-02,2.974133491516113281e-01,2.205211222171783447e-01,3.900078237056732178e-01,4.457589387893676758e-01,4.162936806678771973e-01,3.143101632595062256e-01,3.248146176338195801e-01,3.075602352619171143e-01,2.598396539688110352e-01,2.978089451789855957e-01,-1.571299135684967041e-02,9.292078018188476562e-02,1.241073533892631531e-01,1.015742346644401550e-01,-1.345209181308746338e-01,7.899300754070281982e-02,1.093553900718688965e-01,1.933305561542510986e-01,1.473615318536758423e-01,2.317836433649063110e-01,-5.114422738552093506e-02,-6.334836781024932861e-02,-4.461645148694515228e-03,8.948257565498352051e-02,9.005841612815856934e-02,3.768450021743774414e-01,-3.362580016255378723e-02,1.397496461868286133e-01,1.241628006100654602e-01,2.866733074188232422e-01,-2.926768362522125244e-02,1.048201173543930054e-01,8.450520783662796021e-02,2.582849562168121338e-01,2.429926302284002304e-03,-5.262527987360954285e-02,2.978704310953617096e-02,2.235189778730273247e-03,-7.247752696275711060e-02,-1.073541566729545593e-01,-1.030829027295112610e-01,-9.758917987346649170e-02,4.312800243496894836e-02,-7.983817905187606812e-02,1.384012401103973389e-01,1.423690351657569408e-03,1.249243840575218201e-01,2.778664603829383850e-02,-5.494568496942520142e-02,-8.363972604274749756e-02,-8.940122276544570923e-02,2.621248364448547363e-02,2.240237593650817871e-02,-1.327256411314010620e-01,-2.171281427145004272e-01,-1.801512539386749268e-01,-4.691677540540695190e-02,-1.034420728683471680e-01,-1.940515190362930298e-01,-1.448422372341156006e-01
8.260034769773483276e-02,-1.648883372545242310e-01,1.197958067059516907e-01,-5.009375512599945068e-02,1.167283505201339722e-01,1.837348043918609619e-01,3.914100825786590576e-01,-1.964417845010757446e-02,9.151220321655273438e-02,6.961374729871749878e-02,5.994861125946044922e-01,1.035568211227655411e-02,1.000000000000000000e+00,6.473804265260696411e-02,1.313852518796920776e-01,-6.932056695222854614e-02,2.239174842834472656e-01,1.077353805303573608e-01,-2.381077781319618225e-02,-1.129744276404380798e-01,1.335821300745010376e-01,1.274264901876449585e-01,8.837702870368957520e-02,3.573969379067420959e-02,1.083109080791473389e-01,1.560341715812683105e-01,1.486817896366119385e-01,1.563849747180938721e-01,3.279440402984619141e-01,1.155229136347770691e-01,2.690139114856719971e-01,2.566852271556854248e-01,7.432704418897628784e-02,1.728820614516735077e-02,9.743345528841018677e-02,3.646388649940490723e-02,1.825639605522155762e-01,2.392259240150451660e-01,1.334275007247924805e-01,5.995799973607063293e-02,1.193986982107162476e-01,1.601292788982391357e-01,7.291091978549957275e-02,1.129008308053016663e-01,1.060570403933525085e-01,1.133473888039588928e-01,1.201209500432014465e-01,1.180392801761627197e-01,6.005210429430007935e-02,-9.839717298746109009e-03,8.197616785764694214e-02,4.665204510092735291e-02,4.455080628395080566e-02,-4.444642364978790283e-02,1.099877059459686279e-01,-7.802249398082494736e-03,-3.161143884062767029e-02,-1.366075426340103149e-01,3.611706569790840149e-02,-4.460474476218223572e-02,6.627053767442703247e-02,1.542648077011108398e-01,1.787155568599700928e-01,1.608478277921676636e-01,1.473353505134582520e-01,9.633685648441314697e-02,9.744657576084136963e-02,1.295737773180007935e-01,-1.648511439561843872e-01,-1.201091408729553223e-01,3.414047360420227051e-01,3.604860007762908936e-01,3.836381733417510986e-01,1.743239909410476685e-01,2.017891854047775269e-01,1.785244643688201904e-01,2.971174716949462891e-01,2.851963341236114502e-01,5.593853816390037537e-02,4.154478758573532104e-02,1.768690496683120728e-01,7.439143955707550049e-02,7.156554609537124634e-02,8.837103843688964844e-02,2.243653088808059692e-01,-1.190101075917482376e-02,-5.374663509428501129e-03,1.211290899664163589e-02,1.932981312274932861e-01,-1.260217577219009399e-01,-1.925192959606647491e-02,2.710612490773200989e-02,-1.308803558349609375e-01,-9.089310467243194580e-02,1.320321410894393921e-01,8.437820523977279663e-02,2.426956444978713989e-01,8.549873530864715576e-02,1.698273122310638428e-01,7.209637016057968140e-02,-7.536358386278152466e-02,3.531902283430099487e-02,1.168707758188247681e-02,1.276651173830032349e-01,1.035289093852043152e-01,2.216529399156570435e-01,1.721775382757186890e-01,1.255389750003814697e-01,8.490673452615737915e-02,1.992713510990142822e-01,1.808199733495712280e-01,2.156713306903839111e-01,1.838489323854446411e-01,3.372595831751823425e-02,1.173530220985412598e-01,3.854099288582801819e-02
