1.000000000000000000e+00,6.104044318199157715e-01,6.028858423233032227e-01,5.725923776626586914e-01,-1.628824882209300995e-02,1.527753919363021851e-01,5.526152253150939941e-01,5.290371179580688477e-01,2.894259393215179443e-01,2.502076923847198486e-01,4.642686843872070312e-01,4.642499387264251709e-01,4.659947156906127930e-01,3.382994532585144043e-01,3.334607183933258057e-02,2.181142196059226990e-02,3.281175792217254639e-01,1.639892607927322388e-01,3.868517875671386719e-01,5.110283493995666504e-01,-1.038360409438610077e-02,2.552858740091323853e-02,4.800852835178375244e-01,4.073241353034973145e-01,1.346262544393539429e-01,1.239962428808212280e-01,7.364448159933090210e-02,5.905984342098236084e-02,3.504067063331604004e-01,1.722596138715744019e-01,1.666206270456314087e-01,1.885880529880523682e-01,5.614460110664367676e-01,4.355939328670501709e-01,1.359552294015884399e-01,1.844539493322372437e-02,1.220094561576843262e-01,5.957463383674621582e-02,2.436060830950737000e-02,-1.335748434066772461e-01,8.154471218585968018e-02,1.135461851954460144e-01,2.443790882825851440e-01,2.193708717823028564e-01,2.375204116106033325e-01,1.989850848913192749e-01,3.646696805953979492e-01,6.670279055833816528e-02,1.758024245500564575e-01,2.211380153894424438e-01,4.630082845687866211e-01,2.893221974372863770e-01,5.237231254577636719e-01,2.094215005636215210e-01,3.598727881908416748e-01,-1.584344208240509033e-01,6.087749600410461426e-01,4.033055901527404785e-01,2.530722022056579590e-01,2.869330942630767822e-01,4.055330753326416016e-01,2.667724788188934326e-01,3.343584537506103516e-01,2.111668586730957031e-01,2.645462155342102051e-01,2.583831846714019775e-01,4.807121455669403076e-01,4.293832182884216309e-01,6.101824045181274414e-01,4.548778235912322998e-01,1.906748674809932709e-02,-1.196052506566047668e-01,2.628259956836700439e-01,-1.929923705756664276e-02,9.784166514873504639e-02,4.070690274238586426e-02,2.816312611103057861e-01,3.539506196975708008e-01,2.963467538356781006e-01,7.445055246353149414e-02,2.627200186252593994e-01,2.120863199234008789e-01,2.214501947164535522e-01,2.043894082307815552e-01,3.249583840370178223e-01,1.486409753561019897e-01,3.403489291667938232e-01,9.476356953382492065e-02,2.549862563610076904e-01,-4.237037897109985352e-02,2.988784611225128174e-01,1.539406925439834595e-01,3.027516901493072510e-01,1.458341181278228760e-01,-2.240706793963909149e-02,-3.168704733252525330e-02,6.885040551424026489e-02,-1.491285115480422974e-01,1.913330107927322388e-01,8.782052248716354370e-02,2.478932291269302368e-01,3.103820141404867172e-03,1.019093990325927734e-01,-9.582637995481491089e-02,1.148277074098587036e-01,1.023387387394905090e-01,1.763955205678939819e-01,9.393529593944549561e-02,-1.408088952302932739e-01,-1.720600277185440063e-01,-1.286394596099853516e-01,-1.436011306941509247e-02,1.400636881589889526e-01,1.672960445284843445e-02,8.297685533761978149e-02,-1.216117963194847107e-01
6.104044318199157715e-01,1.000000000000000000e+00,5.023719072341918945e-01,6.321204304695129395e-01,-5.529920011758804321e-02,1.192037165164947510e-01,4.337940514087677002e-01,5.723074078559875488e-01,3.225192725658416748e-01,2.792294323444366455e-01,2.777196764945983887e-01,5.503256916999816895e-01,3.045421540737152100e-01,4.970177114009857178e-01,1.885114796459674835e-02,9.785776585340499878e-02,1.568110138177871704e-01,1.970858573913574219e-01,4.387472569942474365e-01,5.587236881256103516e-01,5.904147773981094360e-02,1.469679176807403564e-01,4.515377879142761230e-01,4.464559257030487061e-01,1.558353304862976074e-01,1.515327394008636475e-01,8.228886127471923828e-02,5.425366386771202087e-02,1.652732640504837036e-01,1.614491194486618042e-01,1.651217043399810791e-01,2.217090427875518799e-01,5.261311531066894531e-01,5.073775649070739746e-01,9.997997432947158813e-02,-3.836349025368690491e-02,1.109312400221824646e-01,-1.133365742862224579e-02,6.452115625143051147e-02,-6.994766741991043091e-02,1.143882870674133301e-01,1.316585093736648560e-01,3.588762581348419189e-01,3.653011620044708252e-01,3.099343180656433105e-01,3.725799322128295898e-01,3.220545053482055664e-01,1.543230414390563965e-01,2.727630734443664551e-01,3.995908498764038086e-01,4.350709617137908936e-01,5.800728797912597656e-01,4.139231741428375244e-01,4.631116092205047607e-01,2.304241955280303955e-01,-1.022756919264793396e-01,4.437185823917388916e-01,6.595276594161987305e-01,2.873775064945220947e-01,4.394525587558746338e-01,3.482324182987213135e-01,5.073807239532470703e-01,1.917568147182464600e-01,5.136980414390563965e-01,3.031943142414093018e-01,4.873020052909851074e-01,4.613765478134155273e-01,4.769700765609741211e-01,5.301162004470825195e-01,5.297354459762573242e-01,-7.781248539686203003e-02,-1.079626828432083130e-01,1.199670061469078064e-01,-1.857452653348445892e-02,3.888583555817604065e-02,7.564959675073623657e-02,1.413274705410003662e-01,2.183297723531723022e-01,1.486295312643051147e-01,1.370560470968484879e-02,1.386528611183166504e-01,3.194518387317657471e-01,1.378686428070068359e-01,4.541749060153961182e-01,2.344836145639419556e-01,3.096474707126617432e-01,4.253359436988830566e-01,3.428965806961059570e-01,1.386093497276306152e-01,9.479744732379913330e-02,1.204167753458023071e-01,3.083862066268920898e-01,2.167190164327621460e-01,3.271693289279937744e-01,-9.029971063137054443e-02,-1.050917655229568481e-01,1.283047907054424286e-02,-2.080689668655395508e-01,5.173232033848762512e-02,1.250165253877639771e-01,1.573703140020370483e-01,2.019391506910324097e-01,1.701282858848571777e-01,1.683261245489120483e-01,1.598857492208480835e-01,2.311426401138305664e-01,1.283179372549057007e-01,1.466520279645919800e-01,-2.086700052022933960e-01,-2.141853868961334229e-01,-2.239243090152740479e-01,2.610386162996292114e-02,2.165629118680953979e-01,1.200940236449241638e-01,7.162934541702270508e-02,-1.755334287881851196e-01
6.028858423233032227e-01,5.023719072341918945e-01,1.000000000000000000e+00,7.104671001434326172e-01,1.150787249207496643e-02,1.565318405628204346e-01,7.438794970512390137e-01,6.648154854774475098e-01,4.505574107170104980e-01,2.430257648229598999e-01,5.073432922363281250e-01,5.471699833869934082e-01,5.952686667442321777e-01,4.618770778179168701e-01,1.254094392061233521e-01,-6.735707074403762817e-02,4.338650405406951904e-01,2.933755218982696533e-01,4.876007139682769775e-01,5.494385957717895508e-01,1.063816621899604797e-01,5.483939871191978455e-02,5.438976287841796875e-01,5.425155162811279297e-01,3.291957080364227295e-01,3.284851312637329102e-01,5.062718689441680908e-02,1.861888170242309570e-02,4.400923848152160645e-01,3.100234270095825195e-01,4.358100891113281250e-01,4.793994128704071045e-01,4.909706711769104004e-01,4.850218892097473145e-01,2.411302328109741211e-01,1.278305500745773315e-01,2.935735881328582764e-01,1.998758018016815186e-01,1.088793203234672546e-01,-5.964109674096107483e-02,1.585987359285354614e-01,2.743096053600311279e-01,2.025185823440551758e-01,2.143606096506118774e-01,3.202268779277801514e-01,1.467118859291076660e-01,3.389890193939208984e-01,1.530449539422988892e-01,1.020273789763450623e-01,8.902653306722640991e-02,2.314722239971160889e-01,2.045023143291473389e-01,2.884840667247772217e-01,2.021343410015106201e-01,3.720282614231109619e-01,-1.741484366357326508e-02,4.706658720970153809e-01,3.752176463603973389e-01,1.970822513103485107e-01,2.373670041561126709e-01,2.864316105842590332e-01,1.944767236709594727e-01,2.589254677295684814e-01,2.734394967555999756e-01,2.292040884494781494e-01,2.519485354423522949e-01,5.005066990852355957e-01,4.637380838394165039e-01,5.175937414169311523e-01,3.557451665401458740e-01,1.790031343698501587e-01,1.093316599726676941e-01,4.231269061565399170e-01,1.330536752939224243e-01,2.624678611755371094e-01,1.799547970294952393e-01,3.276582956314086914e-01,3.496385514736175537e-01,3.619048297405242920e-01,1.274738758802413940e-01,2.778668999671936035e-01,4.010510444641113281e-01,1.990194767713546753e-01,1.882081925868988037e-01,3.374511599540710449e-01,2.773875594139099121e-01,3.852975368499755859e-01,6.746612489223480225e-02,2.456455379724502563e-01,6.638585776090621948e-02,1.961299031972885132e-01,2.607635855674743652e-01,1.340704262256622314e-01,1.276670545339584351e-01,5.094168335199356079e-02,1.391078233718872070e-01,9.666331857442855835e-02,-9.801168739795684814e-02,2.296130806207656860e-01,2.443137913942337036e-01,7.440552860498428345e-02,1.623249612748622894e-02,1.790559478104114532e-02,-5.141635891050100327e-03,1.566037833690643311e-01,1.837175935506820679e-01,1.326069980859756470e-01,1.080349981784820557e-01,1.678955741226673126e-02,-1.150649636983871460e-01,-6.690789759159088135e-02,1.417889352887868881e-02,7.345735281705856323e-02,5.155403539538383484e-02,9.556198120117187500e-02,-6.490187346935272217e-02
5.725923776626586914e-01,6.321204304695129395e-01,7.104671001434326172e-01,1.000000000000000000e+00,-3.291196748614311218e-02,1.280777603387832642e-01,6.502365469932556152e-01,7.373296618461608887e-01,3.699585795402526855e-01,3.263517022132873535e-01,3.934738934040069580e-01,6.124099493026733398e-01,4.661150276660919189e-01,5.945445299148559570e-01,1.019309535622596741e-01,6.271205842494964600e-02,2.858943343162536621e-01,3.007080554962158203e-01,5.661580562591552734e-01,6.356563568115234375e-01,8.476333320140838623e-02,1.256393790245056152e-01,5.141877532005310059e-01,6.586343646049499512e-01,1.683752983808517456e-01,2.203587144613265991e-01,6.246064603328704834e-02,2.297342196106910706e-02,2.801295816898345947e-01,3.054078221321105957e-01,3.648924231529235840e-01,4.408733248710632324e-01,4.270670711994171143e-01,4.898342490196228027e-01,6.526370346546173096e-02,-2.036859653890132904e-02,1.920153051614761353e-01,1.088562235236167908e-01,1.517270356416702271e-01,-3.608622122555971146e-03,1.104562431573867798e-01,1.984583288431167603e-01,2.224179506301879883e-01,2.579800486564636230e-01,2.661880850791931152e-01,2.862826883792877197e-01,2.835768461227416992e-01,1.166783049702644348e-01,1.595164686441421509e-01,2.702817916870117188e-01,2.991804778575897217e-01,3.827362358570098877e-01,3.214252293109893799e-01,3.677006363868713379e-01,3.093287646770477295e-01,-1.880369707942008972e-02,4.404205679893493652e-01,5.621306896209716797e-01,2.738680839538574219e-01,3.845717906951904297e-01,3.583990037441253662e-01,4.077863097190856934e-01,2.022960036993026733e-01,4.463576674461364746e-01,2.750848829746246338e-01,4.164593517780303955e-01,4.681042432785034180e-01,4.494733214378356934e-01,5.849348902702331543e-01,4.318975508213043213e-01,5.733727291226387024e-02,3.609267249703407288e-02,2.649208605289459229e-01,1.208006739616394043e-01,1.399547457695007324e-01,1.327584832906723022e-01,1.609521806240081787e-01,2.089066803455352783e-01,2.063415795564651489e-01,8.615542948246002197e-02,1.618640124797821045e-01,4.086766839027404785e-01,1.351467669010162354e-01,3.343677222728729248e-01,2.454711347818374634e-01,4.086756706237792969e-01,4.324691593647003174e-01,2.394769191741943359e-01,1.849237084388732910e-01,1.315371841192245483e-01,1.329853832721710205e-01,2.866278290748596191e-01,1.519975513219833374e-01,1.645842194557189941e-01,-9.496308863162994385e-02,-4.319021850824356079e-02,-1.759166084229946136e-02,-2.197808027267456055e-01,1.152620688080787659e-01,1.644914895296096802e-01,2.277381345629692078e-02,5.225944519042968750e-02,2.912848629057407379e-02,5.849467590451240540e-02,1.036261320114135742e-01,1.260885894298553467e-01,4.448754712939262390e-02,1.160196736454963684e-01,-1.605455130338668823e-01,-2.466263324022293091e-01,-2.233573943376541138e-01,-6.398359313607215881e-03,8.183909207582473755e-02,4.463998973369598389e-02,7.224147021770477295e-02,-1.680905520915985107e-01
-1.628824882209300995e-02,-5.529920011758804321e-02,1.150787249207496643e-02,-3.291196748614311218e-02,1.000000000000000000e+00,3.326256275177001953e-01,-4.426933452486991882e-02,-6.189547851681709290e-02,1.408033519983291626e-01,1.905537843704223633e-01,5.813218280673027039e-02,-2.693344280123710632e-02,-4.132062941789627075e-02,-7.407291233539581299e-02,1.786948889493942261e-01,2.257415950298309326e-01,6.025346368551254272e-02,1.017747446894645691e-01,-3.990350291132926941e-02,1.442462857812643051e-02,6.993045564740896225e-03,-6.784826517105102539e-02,-1.296296566724777222e-01,-7.722002267837524414e-02,1.662006229162216187e-01,1.476843655109405518e-01,5.027180314064025879e-01,2.902372181415557861e-01,6.517447531223297119e-03,9.047611057758331299e-02,-3.213681653141975403e-02,7.521219085901975632e-03,-1.017306372523307800e-01,-4.114566743373870850e-02,9.448037296533584595e-02,3.699649125337600708e-02,-7.604216039180755615e-02,-3.191494569182395935e-02,-1.022000908851623535e-01,5.883783474564552307e-02,-7.111028581857681274e-02,-6.094481050968170166e-02,4.632867872714996338e-02,1.342125236988067627e-01,1.342801153659820557e-01,8.951526135206222534e-02,-3.897194936871528625e-02,-7.385259866714477539e-02,2.074891775846481323e-01,1.359371095895767212e-01,8.176204562187194824e-02,2.420473285019397736e-02,-2.309083379805088043e-02,-7.864078879356384277e-02,2.485516853630542755e-02,8.329173177480697632e-02,6.005179136991500854e-02,6.374208629131317139e-02,1.754453927278518677e-01,1.686243414878845215e-01,1.118792295455932617e-01,9.383038431406021118e-02,3.437999263405799866e-02,-6.904950737953186035e-02,1.511538475751876831e-01,7.244857400655746460e-02,1.157919093966484070e-01,1.126196533441543579e-01,5.795015767216682434e-02,1.454105228185653687e-01,-8.474297821521759033e-02,-6.474632024765014648e-02,-4.471120983362197876e-02,-4.769633524119853973e-03,-8.554202318191528320e-02,-7.744421064853668213e-02,2.182053774595260620e-02,-4.603178426623344421e-02,4.922834690660238266e-03,-4.105277359485626221e-02,8.205170184373855591e-02,-7.123439013957977295e-02,-1.048413589596748352e-01,-6.601285934448242188e-02,6.331539154052734375e-02,-2.759402431547641754e-02,1.801951415836811066e-02,7.234945148229598999e-02,4.199828952550888062e-02,4.338845610618591309e-02,3.199678659439086914e-02,-3.131454810500144958e-02,-3.538963198661804199e-02,-7.388971000909805298e-02,-1.186509244143962860e-02,-5.781888216733932495e-02,2.867284975945949554e-02,-1.706543262116611004e-03,2.654422773048281670e-03,-4.663758352398872375e-02,-3.083669766783714294e-02,-7.088075578212738037e-02,-2.291042171418666840e-02,6.416187388822436333e-04,-2.424000389873981476e-02,-1.384706199169158936e-01,5.999359767884016037e-03,-8.027427643537521362e-02,6.733638048171997070e-02,1.811222173273563385e-02,8.980071870610117912e-04,-1.392900049686431885e-01,-2.055212408304214478e-01,-7.817947119474411011e-02,-9.942677617073059082e-02,1.084953024983406067e-01
1.527753919363021851e-01,1.192037165164947510e-01,1.565318405628204346e-01,1.280777603387832642e-01,3.326256275177001953e-01,1.000000000000000000e+00,1.604944765567779541e-01,1.446578502655029297e-01,2.873651087284088135e-01,4.666901230812072754e-01,2.780239880084991455e-01,2.771261930465698242e-01,2.472846806049346924e-01,1.430322080850601196e-01,3.373331725597381592e-01,3.536415398120880127e-01,3.634816408157348633e-01,4.396480619907379150e-01,5.793841555714607239e-02,1.937569230794906616e-01,-1.524413675069808960e-01,-1.944735795259475708e-01,2.652807906270027161e-02,6.451972573995590210e-02,5.077310800552368164e-01,5.096924901008605957e-01,4.187005758285522461e-01,5.764874815940856934e-01,1.895159929990768433e-01,4.166815876960754395e-01,-1.436953712254762650e-02,7.834204472601413727e-03,6.953742355108261108e-02,8.358507603406906128e-02,5.900755990296602249e-03,-1.759616583585739136e-01,-1.049625873565673828e-01,7.794627547264099121e-02,-1.671203672885894775e-01,-1.447261273860931396e-01,-1.167757958173751831e-01,-9.956106543540954590e-02,-7.126044481992721558e-02,5.042671412229537964e-02,7.037838548421859741e-02,-7.517743110656738281e-02,-5.715795978903770447e-02,-3.050490282475948334e-02,3.964890539646148682e-02,-5.209193751215934753e-02,1.891424134373664856e-02,-2.337633073329925537e-02,4.264809191226959229e-02,-2.020252682268619537e-02,2.291297018527984619e-01,2.499900311231613159e-01,1.486864387989044189e-01,2.036406472325325012e-02,3.141913190484046936e-02,7.083816081285476685e-02,5.698781460523605347e-03,-4.036799445748329163e-02,9.012286365032196045e-02,1.299491673707962036e-01,1.857972936704754829e-03,-1.672792807221412659e-02,1.494645476341247559e-01,1.184789538383483887e-01,1.624719947576522827e-01,2.527169585227966309e-01,-9.082400798797607422e-02,-1.725432574748992920e-01,1.080102846026420593e-01,-8.953894674777984619e-02,-7.354716211557388306e-02,-1.715522259473800659e-01,2.562644518911838531e-02,1.487465202808380127e-01,2.606330811977386475e-01,3.537375032901763916e-01,3.456212878227233887e-01,3.407969176769256592e-01,-8.464123308658599854e-02,6.338648963719606400e-03,3.308745324611663818e-01,2.310216724872589111e-01,6.917104125022888184e-02,1.018925905227661133e-01,3.610762953758239746e-01,3.603363633155822754e-01,1.678128391504287720e-01,1.270535737276077271e-01,1.616553403437137604e-02,3.971511125564575195e-02,-2.956827878952026367e-01,-2.308340370655059814e-01,-2.219499200582504272e-01,-2.221214622259140015e-01,1.601368188858032227e-01,9.921324253082275391e-02,5.360049381852149963e-02,4.416406899690628052e-02,1.233145445585250854e-01,7.968482375144958496e-02,1.604681164026260376e-01,9.866493195295333862e-02,1.448829323053359985e-01,6.517188996076583862e-02,-2.310708761215209961e-01,-1.892354637384414673e-01,-1.802374124526977539e-01,-1.093944609165191650e-01,-2.227540463209152222e-01,-8.541613072156906128e-02,1.036954894661903381e-01,2.071523517370223999e-01
5.526152253150939941e-01,4.337940514087677002e-01,7.438794970512390137e-01,6.502365469932556152e-01,-4.426933452486991882e-02,1.604944765567779541e-01,1.000000000000000000e+00,6.497009992599487305e-01,4.264579713344573975e-01,2.261616885662078857e-01,5.492721199989318848e-01,5.376674532890319824e-01,7.286107540130615234e-01,5.350494384765625000e-01,1.632437109947204590e-01,-1.278229150921106339e-02,4.056179821491241455e-01,2.602767944335937500e-01,5.333541631698608398e-01,5.578783154487609863e-01,1.233988106250762939e-01,5.724936351180076599e-02,4.864647984504699707e-01,4.435026049613952637e-01,3.193247616291046143e-01,2.815420031547546387e-01,3.747158870100975037e-02,5.476671084761619568e-02,4.706407189369201660e-01,3.098776936531066895e-01,4.493163228034973145e-01,4.168175160884857178e-01,5.158826112747192383e-01,5.407275557518005371e-01,1.768341660499572754e-01,1.022520586848258972e-01,2.714177370071411133e-01,2.026151716709136963e-01,8.163186907768249512e-02,-2.279852144420146942e-02,1.038920655846595764e-01,1.526556909084320068e-01,8.759538829326629639e-02,1.417351216077804565e-01,1.680491566658020020e-01,4.624732956290245056e-02,2.739910483360290527e-01,1.746897399425506592e-01,9.636254049837589264e-03,8.484847843647003174e-03,1.549508571624755859e-01,1.316149532794952393e-01,2.460624277591705322e-01,1.364606022834777832e-01,3.461033105850219727e-01,4.039970226585865021e-03,3.586047589778900146e-01,2.232432663440704346e-01,1.210336610674858093e-01,1.556844115257263184e-01,2.009627372026443481e-01,8.012413978576660156e-02,2.022771686315536499e-01,1.631196439266204834e-01,1.811291724443435669e-01,1.658420711755752563e-01,4.215713739395141602e-01,3.622716665267944336e-01,5.007075667381286621e-01,3.594434559345245361e-01,2.294820249080657959e-01,1.168764606118202209e-01,4.556496441364288330e-01,2.107383757829666138e-01,2.235954701900482178e-01,1.215401142835617065e-01,3.072400689125061035e-01,3.615805804729461670e-01,2.969784736633300781e-01,1.159840673208236694e-01,2.520255148410797119e-01,3.852187693119049072e-01,1.729519814252853394e-01,1.485043168067932129e-01,3.386799097061157227e-01,2.252023816108703613e-01,3.447985053062438965e-01,9.147585183382034302e-02,2.443403005599975586e-01,8.757371455430984497e-02,2.068191468715667725e-01,1.939878612756729126e-01,1.700462102890014648e-01,1.448320299386978149e-01,3.012074902653694153e-02,1.097020432353019714e-01,5.303766205906867981e-02,-9.633345156908035278e-02,2.216794043779373169e-01,2.089795917272567749e-01,1.509549170732498169e-01,1.318177878856658936e-01,1.303136795759201050e-01,8.096288144588470459e-02,2.156028896570205688e-01,2.315422445535659790e-01,1.628416776657104492e-01,1.433121711015701294e-01,-4.712551832199096680e-02,-1.373368799686431885e-01,-5.807556211948394775e-02,2.740688156336545944e-03,5.849990248680114746e-02,-2.107786759734153748e-02,1.020970046520233154e-01,-8.696939051151275635e-02
5.290371179580688477e-01,5.723074078559875488e-01,6.648154854774475098e-01,7.373296618461608887e-01,-6.189547851681709290e-02,1.446578502655029297e-01,6.497009992599487305e-01,1.000000000000000000e+00,2.894809544086456299e-01,3.069777190685272217e-01,4.055512547492980957e-01,6.591842770576477051e-01,4.805369079113006592e-01,6.625709533691406250e-01,-1.227725856006145477e-02,3.878004848957061768e-02,2.992239296436309814e-01,3.016058206558227539e-01,3.673593699932098389e-01,4.873870015144348145e-01,7.496338337659835815e-02,8.101224154233932495e-02,4.487744867801666260e-01,4.505144953727722168e-01,2.396979331970214844e-01,2.534629106521606445e-01,8.470302447676658630e-03,7.708351314067840576e-02,2.750938832759857178e-01,2.779137194156646729e-01,2.836930751800537109e-01,3.698281645774841309e-01,3.792425692081451416e-01,4.047265946865081787e-01,4.695166274905204773e-02,-1.863731630146503448e-02,1.656762659549713135e-01,1.541141122579574585e-01,8.158319443464279175e-02,-4.558627679944038391e-02,1.149746328592300415e-01,2.608620822429656982e-01,1.729773133993148804e-01,1.883245259523391724e-01,2.004499584436416626e-01,1.606917083263397217e-01,2.213462442159652710e-01,8.899619430303573608e-02,5.015798285603523254e-02,1.429994553327560425e-01,2.034364789724349976e-01,2.692735791206359863e-01,2.483102530241012573e-01,2.680057883262634277e-01,2.231131643056869507e-01,-6.704112887382507324e-02,3.625792562961578369e-01,4.477439522743225098e-01,2.050699591636657715e-01,2.785067856311798096e-01,2.728398740291595459e-01,3.052860796451568604e-01,1.215820610523223877e-01,3.705127835273742676e-01,1.615520715713500977e-01,3.425662517547607422e-01,3.990833163261413574e-01,3.853833377361297607e-01,4.407214820384979248e-01,3.074329793453216553e-01,2.286385186016559601e-02,-1.361604221165180206e-02,2.126713097095489502e-01,9.818071871995925903e-02,1.226894855499267578e-01,9.456609189510345459e-02,1.185109689831733704e-01,1.953336596488952637e-01,1.476628333330154419e-01,6.505583971738815308e-02,1.691352874040603638e-01,4.577507376670837402e-01,1.801611930131912231e-01,2.859888076782226562e-01,2.340737283229827881e-01,3.962940275669097900e-01,3.805567622184753418e-01,1.467858701944351196e-01,1.457263827323913574e-01,1.210557520389556885e-01,8.128923922777175903e-02,2.545011341571807861e-01,1.113936677575111389e-01,1.878283768892288208e-01,-1.433848142623901367e-01,-1.063051149249076843e-01,-5.987747386097908020e-02,-2.348381578922271729e-01,6.089891865849494934e-02,1.186400428414344788e-01,3.413212299346923828e-02,3.846098110079765320e-02,6.113959848880767822e-02,3.857887536287307739e-02,1.540461927652359009e-01,2.072969228029251099e-01,9.190256893634796143e-02,8.622945845127105713e-02,-1.670835465192794800e-01,-2.949075102806091309e-01,-1.782063543796539307e-01,-1.102361828088760376e-01,2.667951397597789764e-02,-3.440323099493980408e-02,6.693093478679656982e-02,-8.944554626941680908e-02
2.894259393215179443e-01,3.225192725658416748e-01,4.505574107170104980e-01,3.699585795402526855e-01,1.408033519983291626e-01,2.873651087284088135e-01,4.264579713344573975e-01,2.894809544086456299e-01,1.000000000000000000e+00,4.553021490573883057e-01,3.110804557800292969e-01,3.351821303367614746e-01,4.589162468910217285e-01,2.991614937782287598e-01,4.818162918090820312e-01,2.211815714836120605e-01,3.238723874092102051e-01,2.544946074485778809e-01,3.822437226772308350e-01,3.717361092567443848e-01,1.679549068212509155e-01,1.460411250591278076e-01,3.544172048568725586e-01,2.458278685808181763e-01,4.905264675617218018e-01,4.813979566097259521e-01,1.536226123571395874e-01,1.833586096763610840e-01,3.978921175003051758e-01,3.494806289672851562e-01,4.412119090557098389e-01,4.051941037178039551e-01,3.508160710334777832e-01,4.130151867866516113e-01,2.399537265300750732e-01,1.371362060308456421e-01,2.773099243640899658e-01,1.480236500501632690e-01,2.143685221672058105e-01,5.142014473676681519e-02,1.717784702777862549e-01,2.513085901737213135e-01,1.494077295064926147e-01,2.102374881505966187e-01,3.183308839797973633e-01,1.912219077348709106e-01,1.405900418758392334e-01,1.631308645009994507e-01,2.218681871891021729e-01,1.619176268577575684e-01,1.236254796385765076e-01,1.829614788293838501e-01,7.823251187801361084e-02,1.681425273418426514e-01,3.042230606079101562e-01,1.693723499774932861e-01,2.681769728660583496e-01,2.153584659099578857e-01,1.986093223094940186e-01,2.526829540729522705e-01,1.347748041152954102e-01,1.166771426796913147e-01,1.749915182590484619e-01,2.078285962343215942e-01,1.873214691877365112e-01,1.819103509187698364e-01,4.560079574584960938e-01,4.676564335823059082e-01,3.378154039382934570e-01,4.579431116580963135e-01,2.759365141391754150e-01,2.322498708963394165e-01,3.652932047843933105e-01,1.889389604330062866e-01,2.673956751823425293e-01,2.081404030323028564e-01,1.301964372396469116e-01,1.542148143053054810e-01,2.541523277759552002e-01,2.290017753839492798e-01,2.794654965400695801e-01,3.082263171672821045e-01,2.143584638833999634e-01,5.725309252738952637e-03,2.915049195289611816e-01,2.359198480844497681e-01,3.753886520862579346e-01,1.830587536096572876e-01,2.219238877296447754e-01,2.251115143299102783e-01,8.094439655542373657e-02,1.222352534532546997e-01,-1.303866319358348846e-02,2.860143408179283142e-02,-2.171134017407894135e-02,8.391508832573890686e-03,-4.349069669842720032e-03,-1.430483907461166382e-01,1.351225227117538452e-01,1.329826861619949341e-01,4.406558349728584290e-02,2.528230845928192139e-02,5.273550376296043396e-02,1.472387760877609253e-01,2.341678291559219360e-01,2.182468175888061523e-01,1.446419507265090942e-01,4.556123539805412292e-02,-5.596758797764778137e-02,-1.335251480340957642e-01,-2.537292428314685822e-02,1.041112542152404785e-01,-7.706331089138984680e-04,1.013969480991363525e-01,1.898105442523956299e-01,4.707011207938194275e-02
2.502076923847198486e-01,2.792294323444366455e-01,2.430257648229598999e-01,3.263517022132873535e-01,1.905537843704223633e-01,4.666901230812072754e-01,2.261616885662078857e-01,3.069777190685272217e-01,4.553021490573883057e-01,1.000000000000000000e+00,3.141278326511383057e-01,3.070456981658935547e-01,2.368786185979843140e-01,2.166280299425125122e-01,4.136382639408111572e-01,5.868171453475952148e-01,3.333601355552673340e-01,4.098686575889587402e-01,2.684959173202514648e-01,2.853137552738189697e-01,7.609970122575759888e-02,1.065782681107521057e-01,1.572727560997009277e-01,1.300918459892272949e-01,2.579628527164459229e-01,3.192758560180664062e-01,1.883473545312881470e-01,2.916935086250305176e-01,1.974697113037109375e-01,3.966839015483856201e-01,1.499278247356414795e-01,1.935188174247741699e-01,1.703251004219055176e-01,3.075279593467712402e-01,5.414967238903045654e-02,-1.133775189518928528e-01,7.356180576607584953e-04,8.506529033184051514e-02,5.926242470741271973e-02,6.999030709266662598e-02,-1.222982443869113922e-02,-5.163621157407760620e-03,8.295100182294845581e-02,2.866278886795043945e-01,2.536627650260925293e-01,2.862359285354614258e-01,5.580304190516471863e-02,3.585287556052207947e-02,3.351080417633056641e-01,2.914569079875946045e-01,2.489112168550491333e-01,2.644138932228088379e-01,1.957286745309829712e-01,1.486990004777908325e-01,3.723345100879669189e-01,3.018707334995269775e-01,3.185215294361114502e-01,3.135079741477966309e-01,3.483046591281890869e-01,3.740381002426147461e-01,2.882501482963562012e-01,2.786109745502471924e-01,2.655200958251953125e-01,2.606454789638519287e-01,2.727617323398590088e-01,3.029223680496215820e-01,3.125136792659759521e-01,3.350268602371215820e-01,2.250675261020660400e-01,4.164696037769317627e-01,4.350661858916282654e-02,-1.828164793550968170e-02,1.301655620336532593e-01,-1.656575873494148254e-02,1.760684885084629059e-02,-6.256114691495895386e-02,-1.367320027202367783e-02,4.095133021473884583e-02,2.961120307445526123e-01,2.557229995727539062e-01,3.898222744464874268e-01,3.667119443416595459e-01,8.430728316307067871e-02,4.699532315135002136e-02,3.823258578777313232e-01,3.488527536392211914e-01,3.045837581157684326e-01,4.933375120162963867e-01,3.525042533874511719e-01,4.093580245971679688e-01,2.833870351314544678e-01,2.495662719011306763e-01,1.852541714906692505e-01,1.199188157916069031e-01,-1.647165119647979736e-01,-1.881642341613769531e-01,-7.960650324821472168e-02,-2.085549533367156982e-01,2.692430913448333740e-01,1.836982071399688721e-01,1.271115690469741821e-01,4.633663594722747803e-02,2.326712310314178467e-01,2.705618739128112793e-01,3.350692987442016602e-01,1.294188052415847778e-01,1.710205227136611938e-01,1.452357023954391479e-01,-2.565909028053283691e-01,-1.752063930034637451e-01,-1.552207469940185547e-01,8.496629307046532631e-04,1.022640708833932877e-02,1.672392785549163818e-01,2.332217544317245483e-01,-2.002264931797981262e-02
4.642686843872070312e-01,2.777196764945983887e-01,5.073432922363281250e-01,3.934738934040069580e-01,5.813218280673027039e-02,2.780239880084991455e-01,5.492721199989318848e-01,4.055512547492980957e-01,3.110804557800292969e-01,3.141278326511383057e-01,1.000000000000000000e+00,5.190040469169616699e-01,6.448677182197570801e-01,2.917590141296386719e-01,1.935947090387344360e-01,7.471939921379089355e-02,5.399924516677856445e-01,4.379791319370269775e-01,3.779898285865783691e-01,4.261935949325561523e-01,-2.316360175609588623e-02,-7.123753428459167480e-02,4.078326225280761719e-01,2.268787771463394165e-01,2.867883741855621338e-01,1.903014481067657471e-01,5.839971825480461121e-02,1.250946968793869019e-01,5.570394992828369141e-01,3.104809820652008057e-01,2.603105306625366211e-01,2.219965308904647827e-01,3.547981977462768555e-01,4.202054440975189209e-01,1.990687996149063110e-01,3.575813770294189453e-02,2.860014140605926514e-01,3.096250295639038086e-01,7.836324721574783325e-02,-2.461564913392066956e-02,1.011916622519493103e-01,9.618421643972396851e-02,-6.673983763903379440e-03,5.592886731028556824e-02,1.726150065660476685e-01,1.021988987922668457e-01,2.060830593109130859e-01,4.482115060091018677e-02,7.754091173410415649e-02,3.110373392701148987e-02,1.647377610206604004e-01,-2.493807114660739899e-02,2.888779938220977783e-01,1.829762384295463562e-02,5.127475857734680176e-01,1.801763921976089478e-01,5.479401350021362305e-01,1.958394646644592285e-01,2.259026169776916504e-01,2.255764156579971313e-01,3.478782773017883301e-01,8.729051798582077026e-02,5.251798033714294434e-01,1.737076044082641602e-01,2.256585061550140381e-01,1.175811886787414551e-01,3.878057599067687988e-01,3.321052789688110352e-01,3.932194709777832031e-01,2.997125685214996338e-01,1.273097246885299683e-01,1.612028665840625763e-02,4.222466051578521729e-01,1.812562942504882812e-01,2.002277374267578125e-01,3.948630765080451965e-02,2.463753074407577515e-01,3.184523582458496094e-01,3.766712844371795654e-01,1.640412211418151855e-01,4.758138656616210938e-01,4.780318737030029297e-01,2.506154179573059082e-01,8.754630573093891144e-03,5.422514081001281738e-01,2.506198585033416748e-01,3.154274821281433105e-01,7.251208275556564331e-02,4.519962668418884277e-01,1.736788302659988403e-01,5.117783546447753906e-01,3.141970634460449219e-01,2.799315750598907471e-01,1.452733874320983887e-01,2.946254797279834747e-03,8.860063552856445312e-02,7.671970129013061523e-02,-4.848101362586021423e-02,4.476206898689270020e-01,3.487236201763153076e-01,2.932461798191070557e-01,1.560122966766357422e-01,2.613714337348937988e-01,1.441394239664077759e-01,3.256385028362274170e-01,1.931426376104354858e-01,2.458346039056777954e-01,1.963490694761276245e-01,-1.073435172438621521e-01,-1.952773779630661011e-01,-1.051199063658714294e-01,-7.179273664951324463e-02,-3.729951381683349609e-02,-1.570465974509716034e-02,9.228196740150451660e-02,-5.036835744976997375e-02
4.642499387264251709e-01,5.503256916999816895e-01,5.471699833869934082e-01,6.124099493026733398e-01,-2.693344280123710632e-02,2.771261930465698242e-01,5.376674532890319824e-01,6.591842770576477051e-01,3.351821303367614746e-01,3.070456981658935547e-01,5.190040469169616699e-01,1.000000000000000000e+00,5.121924281120300293e-01,6.371077895164489746e-01,8.957948535680770874e-02,2.866822853684425354e-02,3.698652088642120361e-01,5.233129262924194336e-01,3.978098034858703613e-01,5.479255914688110352e-01,-3.830468654632568359e-02,-8.459203876554965973e-03,4.728795588016510010e-01,4.573753774166107178e-01,3.128758966922760010e-01,2.698362767696380615e-01,3.931147232651710510e-02,1.627896130084991455e-01,3.625362813472747803e-01,4.454842805862426758e-01,2.709617614746093750e-01,3.366928696632385254e-01,3.601749837398529053e-01,4.363763332366943359e-01,1.030725836753845215e-01,4.723184183239936829e-02,2.825769186019897461e-01,2.691251635551452637e-01,9.584570676088333130e-02,3.162246569991111755e-02,1.657777577638626099e-01,2.525709271430969238e-01,5.681707710027694702e-02,1.444264799356460571e-01,1.453135162591934204e-01,1.115798354148864746e-01,1.811281293630599976e-01,1.634526997804641724e-01,-4.579794406890869141e-02,9.931963682174682617e-02,4.362085461616516113e-02,2.048409432172775269e-01,1.264654844999313354e-01,3.144182562828063965e-01,3.320723772048950195e-01,1.374008506536483765e-01,3.099217712879180908e-01,3.451750874519348145e-01,8.405107259750366211e-02,2.361956834793090820e-01,1.727117896080017090e-01,1.834357827901840210e-01,1.843455433845520020e-01,3.866698741912841797e-01,5.968462675809860229e-02,1.930344402790069580e-01,3.915128707885742188e-01,4.022696912288665771e-01,4.691355228424072266e-01,3.903154730796813965e-01,5.655715987086296082e-02,4.420157521963119507e-02,3.003722727298736572e-01,1.738286167383193970e-01,1.260351389646530151e-01,5.751447379589080811e-02,2.614364922046661377e-01,3.388842940330505371e-01,2.317962497472763062e-01,1.930030584335327148e-01,2.382937669754028320e-01,5.933671593666076660e-01,1.209767460823059082e-01,3.303707540035247803e-01,2.859819233417510986e-01,4.559287428855895996e-01,3.081362843513488770e-01,1.339357197284698486e-01,2.256825715303421021e-01,2.879990637302398682e-01,1.232631653547286987e-01,4.325385093688964844e-01,1.712506450712680817e-02,2.695952057838439941e-01,-8.071877062320709229e-02,-2.207104302942752838e-02,-1.391392666846513748e-02,-1.303072571754455566e-01,1.095990538597106934e-01,2.752976715564727783e-01,6.314460653811693192e-03,2.219252437353134155e-01,1.071574240922927856e-01,1.867916285991668701e-01,2.299053519964218140e-01,2.109148055315017700e-01,1.590944826602935791e-01,2.085126638412475586e-01,-1.794445067644119263e-01,-2.448354363441467285e-01,-1.113307476043701172e-01,-1.958135813474655151e-01,-1.080005913972854614e-01,-9.746303409337997437e-02,6.298137456178665161e-02,-1.282490603625774384e-02
4.659947156906127930e-01,3.045421540737152100e-01,5.952686667442321777e-01,4.661150276660919189e-01,-4.132062941789627075e-02,2.472846806049346924e-01,7.286107540130615234e-01,4.805369079113006592e-01,4.589162468910217285e-01,2.368786185979843140e-01,6.448677182197570801e-01,5.121924281120300293e-01,1.000000000000000000e+00,4.481668174266815186e-01,2.566657960414886475e-01,1.535223703831434250e-02,4.405919015407562256e-01,2.813215255737304688e-01,4.775064587593078613e-01,5.219829082489013672e-01,7.443512976169586182e-02,-8.458713069558143616e-03,5.070927739143371582e-01,3.206501603126525879e-01,4.107961058616638184e-01,3.363790810108184814e-01,4.613251984119415283e-02,1.404136419296264648e-01,5.139112472534179688e-01,2.999035120010375977e-01,4.089491367340087891e-01,3.629960715770721436e-01,4.589254260063171387e-01,4.988118112087249756e-01,1.348515897989273071e-01,9.240809828042984009e-02,2.937992811203002930e-01,2.116825878620147705e-01,8.255296200513839722e-02,1.245453860610723495e-02,1.074198856949806213e-01,9.851315617561340332e-02,-5.155967664904892445e-04,5.657111480832099915e-02,1.815566271543502808e-01,-2.535396069288253784e-02,1.930197328329086304e-01,1.958990693092346191e-01,-3.583151102066040039e-02,-7.987967133522033691e-02,9.420347958803176880e-02,4.755023401230573654e-03,2.201948761940002441e-01,1.055677309632301331e-01,3.689774274826049805e-01,1.455793231725692749e-01,4.054021239280700684e-01,5.536722391843795776e-02,6.106543168425559998e-02,9.477791190147399902e-02,1.971945911645889282e-01,-3.816911205649375916e-02,2.959387898445129395e-01,1.175292730331420898e-01,1.295733302831649780e-01,6.066277623176574707e-02,3.946561217308044434e-01,3.366439044475555420e-01,4.967130124568939209e-01,3.577148616313934326e-01,2.208762764930725098e-01,1.195795983076095581e-01,4.422550499439239502e-01,1.572307497262954712e-01,2.439310252666473389e-01,7.922527939081192017e-02,2.784554064273834229e-01,3.843294382095336914e-01,2.876981198787689209e-01,1.834480613470077515e-01,3.116405606269836426e-01,4.445650279521942139e-01,3.343788385391235352e-01,6.972197443246841431e-02,4.180664122104644775e-01,2.311831712722778320e-01,2.876164317131042480e-01,4.953641444444656372e-03,3.316265046596527100e-01,1.274247318506240845e-01,2.857751846313476562e-01,1.644816398620605469e-01,1.079763397574424744e-01,3.071851842105388641e-02,-3.683583065867424011e-02,8.289205282926559448e-02,-4.460466653108596802e-02,-1.416505575180053711e-01,2.391629368066787720e-01,1.774410009384155273e-01,2.121368646621704102e-01,1.425748616456985474e-01,2.317211925983428955e-01,1.141466200351715088e-01,2.547312080860137939e-01,2.251219749450683594e-01,2.710642814636230469e-01,1.470145732164382935e-01,-1.591818779706954956e-01,-2.239439189434051514e-01,-5.143933370709419250e-02,2.774712920654565096e-04,-8.061493188142776489e-02,-1.262065172195434570e-01,8.799485117197036743e-02,-4.470483586192131042e-02
