1.000000000000000000e+00,5.197227597236633301e-01,2.013701796531677246e-01,-9.352608025074005127e-02,2.743555232882499695e-02,-1.581909060478210449e-01,2.339692264795303345e-01,1.689343005418777466e-01,2.111395597457885742e-01,-6.860797852277755737e-02,4.792559742927551270e-01,3.201132714748382568e-01,4.334502816200256348e-01,1.979806721210479736e-01,1.464362889528274536e-01,-8.524198830127716064e-02,4.417120516300201416e-01,3.762426078319549561e-01,3.051182627677917480e-01,4.446156322956085205e-01,1.372745633125305176e-02,4.573529586195945740e-02,-9.266203641891479492e-02,-2.185371369123458862e-01,-1.467680335044860840e-01,-2.221900969743728638e-01,6.575897336006164551e-02,7.726144790649414062e-02,1.872851401567459106e-01,2.950073033571243286e-02,-1.317006647586822510e-01,-8.723299950361251831e-02,1.052769497036933899e-01,3.872879967093467712e-02,-7.170118391513824463e-02,-8.771459013223648071e-02,5.995886772871017456e-02,2.160157114267349243e-01,1.113981306552886963e-01,6.488610059022903442e-02,1.392518281936645508e-01,7.902127504348754883e-02,3.214037716388702393e-01,2.485214918851852417e-01,3.321993350982666016e-01,3.558943569660186768e-01,3.576143383979797363e-01,3.150532841682434082e-01,4.128458499908447266e-01,4.218311905860900879e-01,5.317265391349792480e-01,3.633219599723815918e-01,2.842999398708343506e-01,1.439333558082580566e-01,2.472564280033111572e-01,2.747924327850341797e-01,6.121301054954528809e-01,4.311828613281250000e-01,5.864301919937133789e-01,4.249067604541778564e-01,6.315948367118835449e-01,3.000646233558654785e-01,2.491977065801620483e-01,6.138320267200469971e-02,1.380838453769683838e-01,3.790336474776268005e-02,3.167509138584136963e-01,2.037911564111709595e-01,5.093052387237548828e-01,4.966354668140411377e-01,6.775093078613281250e-02,4.908043146133422852e-02,1.486190408468246460e-01,1.143220141530036926e-01,9.665739536285400391e-02,-5.161393783055245876e-04,5.855708848685026169e-03,-3.317716717720031738e-02,1.283702403306961060e-01,2.126119881868362427e-01,2.218108624219894409e-01,1.361936330795288086e-01,2.765604555606842041e-01,2.578737735748291016e-01,2.387533634901046753e-01,6.724179536104202271e-02,-1.080796122550964355e-01,7.056023180484771729e-02,2.392716705799102783e-01,1.299577206373214722e-01,1.072326302528381348e-01,6.171877309679985046e-02,-4.587627202272415161e-02,-3.218670561909675598e-02,3.236155211925506592e-02,5.722812842577695847e-03,1.582636386156082153e-01,1.471579819917678833e-01,2.312031090259552002e-01,3.283030986785888672e-01,7.803779840469360352e-02,8.886965364217758179e-02,1.007477194070816040e-01,1.301492750644683838e-01,7.794363796710968018e-02,6.402191519737243652e-02,6.489419937133789062e-02,1.021458581089973450e-01,8.993561565876007080e-02,-3.578101471066474915e-02,1.418685764074325562e-01,7.867601513862609863e-02,2.130781263113021851e-01,1.536095738410949707e-01,1.380591094493865967e-01,2.584113925695419312e-02
5.197227597236633301e-01,1.000000000000000000e+00,-1.763932406902313232e-01,-7.068220525979995728e-02,7.761631277389824390e-04,-6.706221401691436768e-02,-1.217426359653472900e-01,1.300274282693862915e-01,5.465094372630119324e-02,2.544556856155395508e-01,1.604132354259490967e-01,4.149362444877624512e-01,-1.715485006570816040e-02,2.759886085987091064e-01,-1.047285273671150208e-02,9.348496794700622559e-02,4.771029651165008545e-01,6.550987362861633301e-01,2.265482097864151001e-01,4.069058299064636230e-01,7.855321466922760010e-02,1.015977412462234497e-01,-2.269991040229797363e-01,-1.283349096775054932e-01,-1.053296402096748352e-01,-1.480829864740371704e-01,7.337794452905654907e-02,1.250421851873397827e-01,2.598011791706085205e-01,1.268774121999740601e-01,-8.810357749462127686e-02,-1.571595668792724609e-02,4.351870715618133545e-02,1.149609461426734924e-01,-1.522762477397918701e-01,-1.079532727599143982e-01,1.451193392276763916e-01,2.056877613067626953e-01,2.042844891548156738e-01,7.112248986959457397e-02,1.158554628491401672e-01,1.080188229680061340e-01,2.844118177890777588e-01,3.443236947059631348e-01,2.967168688774108887e-01,4.001488089561462402e-01,3.455945551395416260e-01,3.927870690822601318e-01,4.581008255481719971e-01,5.400083065032958984e-01,4.497811496257781982e-01,5.096544623374938965e-01,3.971536159515380859e-01,3.325181007385253906e-01,2.330295294523239136e-01,3.841759860515594482e-01,6.698328256607055664e-01,7.633816599845886230e-01,3.555853366851806641e-01,5.032485127449035645e-01,3.992619514465332031e-01,2.696473896503448486e-01,1.337650120258331299e-01,1.676842868328094482e-01,-1.778920888900756836e-01,-8.836201578378677368e-02,1.049413532018661499e-01,1.602568030357360840e-01,6.401851773262023926e-01,6.035523414611816406e-01,2.855218946933746338e-02,1.360525339841842651e-01,2.231173962354660034e-01,1.588125377893447876e-01,9.791265428066253662e-02,1.394272502511739731e-02,-2.665179967880249023e-02,-5.389091745018959045e-02,2.811417579650878906e-01,3.633354306221008301e-01,4.008160531520843506e-01,5.033851265907287598e-01,3.655405342578887939e-01,4.892592430114746094e-01,1.735257655382156372e-01,2.576469779014587402e-01,-2.137920111417770386e-01,1.644038856029510498e-01,-2.000940777361392975e-02,2.870676815509796143e-01,1.679538786411285400e-01,1.570899933576583862e-01,-5.632159113883972168e-02,-4.612562432885169983e-02,1.103751808404922485e-01,1.240938305854797363e-01,2.186438888311386108e-01,2.185355722904205322e-01,3.948103487491607666e-01,4.644945263862609863e-01,-1.525893900543451309e-02,-1.341811269521713257e-01,3.534233942627906799e-02,6.927948445081710815e-03,-4.294227063655853271e-02,-5.010034143924713135e-02,-4.354918375611305237e-02,7.666234672069549561e-02,2.135315090417861938e-01,3.076747432351112366e-02,2.019806951284408569e-01,2.658325135707855225e-01,2.617856562137603760e-01,1.603156775236129761e-01,1.145150884985923767e-02,-3.525197878479957581e-02
2.013701796531677246e-01,-1.763932406902313232e-01,1.000000000000000000e+00,1.067623123526573181e-01,2.091023772954940796e-01,-1.463623940944671631e-01,4.971983432769775391e-01,-9.354077279567718506e-02,8.385135233402252197e-02,-3.952412307262420654e-01,2.221791148185729980e-01,-2.217111736536026001e-01,3.440657258033752441e-01,-1.411716789007186890e-01,1.327109634876251221e-01,-2.417673021554946899e-01,2.757732756435871124e-03,-1.872166842222213745e-01,1.940828561782836914e-01,6.308063119649887085e-02,1.023660004138946533e-01,1.401734799146652222e-01,5.621250271797180176e-01,2.887414395809173584e-01,3.031959831714630127e-01,1.691512316465377808e-01,2.959980368614196777e-01,1.193697601556777954e-01,-9.321682900190353394e-02,-1.303312927484512329e-01,2.400764673948287964e-01,4.514494910836219788e-02,1.476118415594100952e-01,2.850146964192390442e-02,2.828895449638366699e-01,1.299057751893997192e-01,8.267191052436828613e-02,1.113354638218879700e-01,3.848006576299667358e-02,6.158996000885963440e-02,2.613496594130992889e-02,5.574070289731025696e-02,1.218198835849761963e-01,-9.221757948398590088e-02,2.842518873512744904e-02,-1.451913267374038696e-01,-2.455581165850162506e-02,-5.557259917259216309e-02,-3.783250227570533752e-02,-5.106008052825927734e-02,3.103845193982124329e-02,-6.652170419692993164e-02,-1.382515579462051392e-01,-4.449374973773956299e-03,2.166240289807319641e-02,-7.365544140338897705e-02,-3.738683089613914490e-02,-1.787074357271194458e-01,5.892921611666679382e-02,-1.761372387409210205e-01,-5.403298884630203247e-03,-2.169512659311294556e-01,-6.867852061986923218e-02,-2.844631969928741455e-01,3.536724150180816650e-01,4.513401910662651062e-02,1.807970553636550903e-01,-7.759010046720504761e-02,-1.221339106559753418e-01,-1.463009864091873169e-01,1.862637251615524292e-01,3.413810953497886658e-02,4.048681631684303284e-02,-1.034231334924697876e-01,1.493635624647140503e-01,1.288043428212404251e-02,9.262476861476898193e-02,4.548244550824165344e-02,-3.651362843811511993e-03,-4.246476665139198303e-02,-1.971397697925567627e-01,-3.385917544364929199e-01,-1.214197874069213867e-01,-2.650402486324310303e-01,2.101989090442657471e-01,-6.301575899124145508e-02,1.678535342216491699e-01,5.592935532331466675e-02,2.520219087600708008e-01,-1.264616549015045166e-01,-1.740607917308807373e-01,-2.260276079177856445e-01,-5.278067663311958313e-03,3.943067416548728943e-02,-4.000669345259666443e-02,-8.403930068016052246e-02,-1.939838007092475891e-02,-8.760988712310791016e-02,-2.002770751714706421e-01,-1.305009722709655762e-01,-3.074713423848152161e-02,1.192197725176811218e-01,-9.102754294872283936e-02,1.585061289370059967e-02,2.398672327399253845e-02,1.061830744147300720e-01,-2.016990631818771362e-02,-8.286263793706893921e-02,-4.433402419090270996e-02,-1.916303113102912903e-02,9.817080199718475342e-02,-1.370106190443038940e-01,-1.509188860654830933e-02,-1.118603907525539398e-02,4.263389855623245239e-02,2.426203154027462006e-02
-9.352608025074005127e-02,-7.068220525979995728e-02,1.067623123526573181e-01,1.000000000000000000e+00,9.268792718648910522e-02,3.631776273250579834e-01,2.467145770788192749e-01,6.079994440078735352e-01,1.021853163838386536e-01,2.220420986413955688e-01,-1.201181784272193909e-01,1.342525482177734375e-01,-4.839558526873588562e-02,9.967117756605148315e-02,-1.028699576854705811e-01,1.003443896770477295e-01,-1.344016790390014648e-01,-1.134133711457252502e-01,9.947928041219711304e-02,2.573835253715515137e-01,-1.055727526545524597e-01,-3.010494634509086609e-02,3.917070105671882629e-02,3.699690997600555420e-01,-1.069095060229301453e-01,2.483016997575759888e-01,-2.130627185106277466e-01,-3.614518418908119202e-02,-2.274084091186523438e-02,-1.762789636850357056e-01,-1.147616002708673477e-02,3.050305545330047607e-01,1.005823239684104919e-01,2.661874592304229736e-01,8.626605570316314697e-02,7.810467481613159180e-02,-6.086457148194313049e-02,-4.482739791274070740e-02,6.729247421026229858e-02,4.208289086818695068e-02,-6.358311325311660767e-02,-1.324685383588075638e-02,-5.755031853914260864e-02,-1.622487790882587433e-02,-8.857835084199905396e-02,-9.041672945022583008e-02,-7.991377264261245728e-02,-7.867591828107833862e-02,-2.477536797523498535e-01,-1.166915073990821838e-01,-1.140948757529258728e-01,-6.569439917802810669e-02,-9.027162939310073853e-02,-4.127219319343566895e-02,-8.071620762348175049e-02,2.150381216779351234e-03,-1.684231311082839966e-01,-4.794094711542129517e-02,-1.447334140539169312e-01,-3.713428974151611328e-02,-5.012810230255126953e-02,2.580727636814117432e-01,-6.862358003854751587e-02,5.739905312657356262e-02,1.126745194196701050e-01,3.911562561988830566e-01,9.357720613479614258e-02,1.426303684711456299e-01,-4.159647598862648010e-02,-1.120171546936035156e-01,-2.596299722790718079e-02,1.584587097167968750e-01,2.960156649351119995e-02,-1.444548089057207108e-02,2.564146881923079491e-03,-6.515137385576963425e-03,4.712511599063873291e-02,1.769016981124877930e-01,-3.331476822495460510e-02,8.053741604089736938e-02,-1.878879815340042114e-01,-3.234392032027244568e-02,-1.610761880874633789e-01,-4.777995124459266663e-02,-6.488884240388870239e-02,5.168622732162475586e-02,3.846869617700576782e-02,1.411798745393753052e-01,-9.042064100503921509e-02,1.592805385589599609e-01,7.609872519969940186e-02,-1.579863280057907104e-01,4.758114367723464966e-02,-1.436546295881271362e-01,-2.052774466574192047e-02,-3.017138317227363586e-02,-9.246249496936798096e-02,-6.545496731996536255e-02,-7.743995636701583862e-02,-4.604615271091461182e-02,1.395077854394912720e-01,2.643235959112644196e-02,4.441806674003601074e-02,-7.241883873939514160e-02,9.143920242786407471e-02,4.455059021711349487e-02,1.020993739366531372e-01,5.335699766874313354e-02,-6.064731627702713013e-03,1.537499204277992249e-02,-1.088935658335685730e-01,1.047281827777624130e-02,9.303803741931915283e-02,-4.950029775500297546e-02,9.520455449819564819e-02,9.066858142614364624e-02
2.743555232882499695e-02,7.761631277389824390e-04,2.091023772954940796e-01,9.268792718648910522e-02,1.000000000000000000e+00,2.463097423315048218e-01,1.078685298562049866e-01,3.464677929878234863e-02,2.990950942039489746e-01,1.718579977750778198e-01,-4.062876850366592407e-02,-4.941576346755027771e-02,-3.175470978021621704e-03,8.247448131442070007e-03,2.446821033954620361e-01,1.666042357683181763e-01,-3.179999068379402161e-03,-5.526331812143325806e-02,1.573214977979660034e-01,7.873582839965820312e-02,6.103135645389556885e-02,1.213487386703491211e-01,2.713547945022583008e-01,1.513430029153823853e-01,1.834633797407150269e-01,2.042576968669891357e-01,1.699014604091644287e-01,1.894221454858779907e-01,-5.821474641561508179e-02,-1.906622648239135742e-01,1.382629275321960449e-01,6.246465817093849182e-02,6.237133219838142395e-02,9.201706200838088989e-02,1.684644375927746296e-04,2.544197253882884979e-02,7.523716986179351807e-02,5.154265835881233215e-02,1.224416866898536682e-01,1.262090802192687988e-01,1.814032904803752899e-03,2.388207241892814636e-02,1.035347953438758850e-01,8.206534385681152344e-02,-1.719377376139163971e-02,1.061805523931980133e-02,6.451702862977981567e-02,3.884572302922606468e-03,-3.246887028217315674e-02,3.316422924399375916e-02,-3.804633393883705139e-02,4.007349908351898193e-02,4.712825641036033630e-02,-3.429887071251869202e-02,6.128282099962234497e-02,1.034630015492439270e-01,-1.508942339569330215e-02,-2.288605831563472748e-02,-1.643763296306133270e-02,-2.960320189595222473e-02,-8.782664686441421509e-02,2.470362465828657150e-03,-6.594484299421310425e-02,-9.474544972181320190e-02,1.770671457052230835e-01,5.590088665485382080e-03,1.268019620329141617e-02,-5.547353625297546387e-02,4.377022851258516312e-03,3.480672836303710938e-02,2.464713007211685181e-01,3.399389386177062988e-01,1.253830492496490479e-01,5.974454060196876526e-02,9.837390854954719543e-03,9.845269843935966492e-03,1.531756222248077393e-01,1.072608232498168945e-01,1.402295753359794617e-02,1.124007720500230789e-02,-2.365345694124698639e-02,-2.300746925175189972e-02,-7.056058943271636963e-02,2.958640828728675842e-02,1.116109043359756470e-01,3.020565398037433624e-02,-1.345415562391281128e-01,2.674710452556610107e-01,1.063377708196640015e-01,3.997625410556793213e-02,5.838932096958160400e-02,-5.354374274611473083e-02,1.517489403486251831e-01,3.762660175561904907e-02,-5.218104273080825806e-02,-2.382086124271154404e-03,8.592692203819751740e-03,3.539845347404479980e-02,6.908848881721496582e-02,8.655858039855957031e-02,1.070365607738494873e-01,5.361532419919967651e-02,1.937945783138275146e-01,4.889443516731262207e-02,1.556193232536315918e-01,1.371014416217803955e-01,1.328049972653388977e-02,6.411587446928024292e-02,1.078977584838867188e-01,-9.659554064273834229e-02,6.283605843782424927e-02,1.791142672300338745e-02,1.623771935701370239e-01,4.394914954900741577e-02,2.791030146181583405e-02,4.125237837433815002e-02
-1.581909060478210449e-01,-6.706221401691436768e-02,-1.463623940944671631e-01,3.631776273250579834e-01,2.463097423315048218e-01,1.000000000000000000e+00,-2.410294115543365479e-02,3.671764135360717773e-01,2.148936241865158081e-01,4.715841710567474365e-01,-9.916844218969345093e-02,1.895791441202163696e-01,-2.451819740235805511e-02,2.000621706247329712e-01,1.755064874887466431e-01,4.313910603523254395e-01,-1.254696398973464966e-01,-1.300942301750183105e-01,2.925250679254531860e-02,1.566595137119293213e-01,6.435009837150573730e-02,1.185043826699256897e-01,-2.729417197406291962e-02,1.484970003366470337e-01,-1.500101853162050247e-02,2.555622160434722900e-01,-1.364013254642486572e-01,1.303444951772689819e-01,1.556711643934249878e-02,-1.329078376293182373e-01,8.578913286328315735e-03,7.791756093502044678e-02,-1.067091990262269974e-02,2.032074183225631714e-01,-5.672322958707809448e-02,1.132463850080966949e-02,-3.179625049233436584e-02,-1.814052760601043701e-01,8.292914181947708130e-02,5.287093669176101685e-02,2.642388455569744110e-02,7.917506247758865356e-02,2.052183030173182487e-03,1.719379983842372894e-02,-2.056830376386642456e-02,7.680383510887622833e-03,-4.639831185340881348e-02,-1.425434462726116180e-02,-7.635693252086639404e-02,-3.266425058245658875e-02,-6.126004457473754883e-02,1.072983443737030029e-02,5.981372296810150146e-02,-5.872002243995666504e-02,-4.658280685544013977e-02,-1.077674794942140579e-02,-1.943218111991882324e-01,-1.239429488778114319e-01,-1.850085258483886719e-01,-4.216239228844642639e-02,-9.441248327493667603e-02,2.177343219518661499e-01,-4.541031271219253540e-02,5.219773203134536743e-02,-4.600798338651657104e-02,1.826903373003005981e-01,-9.402415156364440918e-02,-1.319734845310449600e-02,-7.805427163839340210e-02,-3.240422904491424561e-02,-5.632875487208366394e-03,1.529815644025802612e-01,3.864492475986480713e-02,1.141195371747016907e-01,-7.619047909975051880e-02,3.144882619380950928e-02,1.490500718355178833e-01,1.737592816352844238e-01,-6.509633362293243408e-02,-8.725701272487640381e-02,-5.664531141519546509e-02,2.337752655148506165e-02,-5.302187055349349976e-02,2.635096386075019836e-02,-9.771355241537094116e-02,9.588061948306858540e-04,-4.544720053672790527e-02,3.529435768723487854e-02,-4.212919250130653381e-02,1.675624996423721313e-01,1.339446939527988434e-02,-1.090781539678573608e-01,1.283310353755950928e-01,-3.915564343333244324e-02,-7.836321741342544556e-02,-5.521997809410095215e-02,-9.654588997364044189e-02,1.136106718331575394e-02,8.307892829179763794e-03,-2.774347737431526184e-02,1.619069278240203857e-01,8.115184307098388672e-02,1.672926098108291626e-01,1.123811211436986923e-02,8.732102066278457642e-02,8.104481548070907593e-02,5.653732642531394958e-02,8.619014173746109009e-02,5.209503695368766785e-03,-1.551060527563095093e-01,-1.337326914072036743e-01,-2.415843866765499115e-02,1.509940326213836670e-01,7.031766325235366821e-02,2.091834545135498047e-01,7.125665247440338135e-02
2.339692264795303345e-01,-1.217426359653472900e-01,4.971983432769775391e-01,2.467145770788192749e-01,1.078685298562049866e-01,-2.410294115543365479e-02,1.000000000000000000e+00,3.345782160758972168e-01,3.637531995773315430e-01,-2.501265406608581543e-01,2.047680169343948364e-01,-5.499852076172828674e-02,3.485657274723052979e-01,-1.166300550103187561e-01,1.535241007804870605e-01,-2.714360654354095459e-01,4.418211802840232849e-02,-9.862140566110610962e-02,2.571108937263488770e-01,2.904319167137145996e-01,-5.765996873378753662e-02,1.118219792842864990e-01,6.962794065475463867e-02,-1.443999260663986206e-01,-1.371930986642837524e-01,-4.629964381456375122e-02,-6.993571668863296509e-02,-8.687917143106460571e-03,2.189110517501831055e-01,-2.841946668922901154e-02,1.934651732444763184e-01,7.824217528104782104e-02,4.372801780700683594e-01,2.871504127979278564e-01,9.409331530332565308e-02,5.524149537086486816e-02,-4.861176013946533203e-02,8.597879670560359955e-03,3.832940757274627686e-02,8.312036097049713135e-02,6.968055665493011475e-02,3.686350584030151367e-02,1.634780317544937134e-01,9.287437796592712402e-02,2.457261234521865845e-01,1.398241966962814331e-01,1.064312681555747986e-01,5.814233794808387756e-02,1.677397824823856354e-02,2.068021520972251892e-02,1.798179000616073608e-01,-2.243083901703357697e-02,-4.226384684443473816e-02,-1.738509890856221318e-04,6.249616295099258423e-02,-3.145601600408554077e-03,7.971877604722976685e-02,-1.632506102323532104e-01,3.043940067291259766e-01,7.411799579858779907e-02,2.632973194122314453e-01,1.318258345127105713e-01,3.350414931774139404e-01,9.749085456132888794e-02,2.939384579658508301e-01,1.744457632303237915e-01,4.506351947784423828e-01,2.570304274559020996e-01,2.167237736284732819e-02,-3.831193316727876663e-03,9.294880926609039307e-02,-2.361329272389411926e-02,1.512852758169174194e-01,6.961773335933685303e-02,1.673682332038879395e-01,-2.504315227270126343e-02,1.368479579687118530e-01,2.513438165187835693e-01,2.223203517496585846e-02,-5.403733253479003906e-02,6.744628399610519409e-02,-2.196518033742904663e-01,-4.622631147503852844e-02,-2.190129160881042480e-01,-9.231878817081451416e-02,-2.087373137474060059e-01,5.551317706704139709e-02,-1.100075617432594299e-01,1.658352017402648926e-01,-8.828739821910858154e-02,-7.986822724342346191e-02,-1.584707200527191162e-01,-6.339338421821594238e-02,-3.153077512979507446e-02,-1.007412932813167572e-02,-3.138210624456405640e-02,-7.156095653772354126e-02,2.049239352345466614e-03,2.004781505092978477e-03,-7.274188566952943802e-03,1.626395732164382935e-01,1.960276663303375244e-01,1.234897002577781677e-01,1.703690886497497559e-01,1.146744713187217712e-01,1.455552875995635986e-01,5.287853255867958069e-02,3.341152146458625793e-02,-7.016262505203485489e-03,-2.984770759940147400e-02,-5.226418375968933105e-02,-9.031559526920318604e-02,6.703156232833862305e-02,2.541298279538750648e-03,1.411963403224945068e-01,2.460379339754581451e-02
1.689343005418777466e-01,1.300274282693862915e-01,-9.354077279567718506e-02,6.079994440078735352e-01,3.464677929878234863e-02,3.671764135360717773e-01,3.345782160758972168e-01,1.000000000000000000e+00,2.616408467292785645e-01,3.204484879970550537e-01,6.288072094321250916e-03,4.027372598648071289e-01,1.048973500728607178e-01,3.235178887844085693e-01,4.240608960390090942e-02,6.888061016798019409e-02,-2.675875276327133179e-02,8.129400014877319336e-02,1.840107738971710205e-01,4.476509988307952881e-01,-1.487027853727340698e-01,-6.815795600414276123e-02,-3.209137022495269775e-01,-1.035008877515792847e-01,-4.483067095279693604e-01,-6.851007044315338135e-02,-4.221329987049102783e-01,-1.104500517249107361e-01,1.895798891782760620e-01,-4.242501407861709595e-02,-1.279910951852798462e-01,1.807608008384704590e-01,2.778758108615875244e-01,3.970052599906921387e-01,-1.332709342241287231e-01,-7.133863121271133423e-02,-1.226473525166511536e-01,-9.227876365184783936e-02,2.979417517781257629e-02,2.099504508078098297e-02,1.595138804987072945e-03,-3.035212680697441101e-02,9.215039014816284180e-02,1.490534991025924683e-01,8.068893849849700928e-02,1.567651480436325073e-01,6.502807140350341797e-02,5.156448483467102051e-02,-5.969834327697753906e-02,4.126478359103202820e-02,1.329234987497329712e-01,7.025953382253646851e-02,6.596568971872329712e-02,-4.785369336605072021e-02,-1.818827819079160690e-03,6.294760107994079590e-02,4.643447324633598328e-02,7.929446548223495483e-02,1.568999290466308594e-01,2.495977282524108887e-01,3.022668361663818359e-01,5.741977095603942871e-01,2.578512728214263916e-01,3.427474796772003174e-01,2.294979244470596313e-02,3.428135216236114502e-01,2.441692948341369629e-01,3.092721700668334961e-01,1.651389747858047485e-01,9.692795574665069580e-02,-6.726922094821929932e-02,1.538118422031402588e-01,1.421308666467666626e-01,2.153119295835494995e-01,1.181357130408287048e-01,4.086295142769813538e-02,1.137041896581649780e-01,2.714202702045440674e-01,-1.667135511524975300e-03,6.904886662960052490e-02,-5.365811288356781006e-03,1.028468683362007141e-01,-1.594039797782897949e-02,5.343963205814361572e-02,-2.422033101320266724e-01,-7.301165163516998291e-02,-1.554281450808048248e-03,1.947411894798278809e-02,-3.769737854599952698e-02,1.690242290496826172e-01,1.193443909287452698e-01,-1.330698430538177490e-01,-1.158158294856548309e-02,-1.691028177738189697e-01,-3.491849079728126526e-02,-7.751099765300750732e-02,-1.067607849836349487e-01,-2.848272398114204407e-02,8.391328901052474976e-02,8.112404495477676392e-02,1.948312371969223022e-01,5.823783203959465027e-02,1.879942417144775391e-01,7.321738451719284058e-02,7.783522456884384155e-02,6.102190539240837097e-02,8.103776723146438599e-02,1.088270321488380432e-01,6.067379843443632126e-03,-4.521501436829566956e-02,-1.555168032646179199e-01,-4.119960218667984009e-02,1.688778847455978394e-01,6.203106418251991272e-02,1.971642225980758667e-01,4.195780493319034576e-03
2.111395597457885742e-01,5.465094372630119324e-02,8.385135233402252197e-02,1.021853163838386536e-01,2.990950942039489746e-01,2.148936241865158081e-01,3.637531995773315430e-01,2.616408467292785645e-01,1.000000000000000000e+00,1.616326421499252319e-01,1.731875240802764893e-01,8.813975006341934204e-02,2.537522614002227783e-01,-6.246265489608049393e-03,3.339151144027709961e-01,6.238884478807449341e-02,1.456784009933471680e-01,-1.207275595515966415e-02,2.025870978832244873e-01,2.762095630168914795e-01,4.267301782965660095e-02,1.681617200374603271e-01,-8.249293267726898193e-02,-2.174639701843261719e-01,-1.251318007707595825e-01,4.348053783178329468e-02,-1.041721031069755554e-01,1.295810341835021973e-01,1.577869653701782227e-01,-1.365756150335073471e-02,1.165214404463768005e-01,-1.548935286700725555e-02,2.332598119974136353e-01,1.522360891103744507e-01,-1.389793157577514648e-01,-1.048520654439926147e-01,-1.826261356472969055e-02,-1.666535809636116028e-02,5.104287713766098022e-02,4.579839482903480530e-02,5.485784262418746948e-02,7.096377760171890259e-02,1.396700441837310791e-01,1.147615462541580200e-01,1.794004440307617188e-01,2.080689668655395508e-01,2.629214525222778320e-01,1.118760183453559875e-01,7.474883645772933960e-02,1.333694756031036377e-01,8.950128406286239624e-02,1.640531048178672791e-02,2.553539723157882690e-02,-1.042685657739639282e-01,1.333616375923156738e-01,1.434769779443740845e-01,1.742732077836990356e-01,-3.370949998497962952e-02,2.004111707210540771e-01,1.356796026229858398e-01,2.730638980865478516e-01,1.932315826416015625e-01,1.966732889413833618e-01,-2.885147742927074432e-02,2.009977102279663086e-01,1.104781553149223328e-01,1.214142739772796631e-01,1.042074337601661682e-01,1.205306649208068848e-01,1.579856425523757935e-01,2.760772779583930969e-02,7.058324664831161499e-02,7.980473339557647705e-02,1.245163381099700928e-02,9.467930346727371216e-02,-7.902505993843078613e-02,-2.984219603240489960e-02,9.866158477962017059e-03,1.354907304048538208e-01,2.399341203272342682e-02,1.377971172332763672e-01,-4.587536677718162537e-02,3.324541728943586349e-03,8.812516182661056519e-02,-1.666499488055706024e-02,-1.023788303136825562e-01,-1.804095804691314697e-01,6.700874865055084229e-02,7.890740036964416504e-02,1.429843343794345856e-02,-1.314196642488241196e-02,-8.498939871788024902e-02,-5.059165507555007935e-02,-4.008481651544570923e-02,4.495365172624588013e-02,-7.978689856827259064e-03,2.268191240727901459e-02,1.200977712869644165e-01,1.387386918067932129e-01,2.282935529947280884e-01,1.354559212923049927e-01,1.385422646999359131e-01,1.888261735439300537e-01,1.580452919006347656e-01,1.873831748962402344e-01,1.448902934789657593e-01,9.200854599475860596e-02,1.056372523307800293e-01,6.542617827653884888e-02,-9.472605306655168533e-04,-1.265971641987562180e-02,5.819575861096382141e-03,8.025961369276046753e-02,6.120999902486801147e-02,1.908855289220809937e-01,2.093410678207874298e-02
-6.860797852277755737e-02,2.544556856155395508e-01,-3.952412307262420654e-01,2.220420986413955688e-01,1.718579977750778198e-01,4.715841710567474365e-01,-2.501265406608581543e-01,3.204484879970550537e-01,1.616326421499252319e-01,1.000000000000000000e+00,-1.631462574005126953e-01,3.384657800197601318e-01,-1.687640696763992310e-01,3.021597266197204590e-01,1.248223111033439636e-01,5.495205521583557129e-01,6.637927889823913574e-02,2.242828309535980225e-01,9.174195677042007446e-02,1.922505348920822144e-01,-7.363203912973403931e-02,-4.890457540750503540e-02,-2.404109090566635132e-01,2.330700866878032684e-02,-1.097168400883674622e-01,8.279580622911453247e-02,-1.890928298234939575e-01,5.348040908575057983e-02,1.369035094976425171e-01,7.050129771232604980e-02,-7.837100327014923096e-02,1.171204969286918640e-01,-5.880908574908971786e-03,2.063652426004409790e-01,-2.309052944183349609e-01,-7.489240914583206177e-02,-4.835342988371849060e-02,-1.199431791901588440e-01,2.992750518023967743e-02,-1.167481858283281326e-02,-5.602956190705299377e-02,3.822135552763938904e-02,-1.511936914175748825e-02,1.126925572752952576e-01,-7.296435534954071045e-02,1.149013414978981018e-01,2.598252519965171814e-02,5.139181390404701233e-02,-4.883264657109975815e-03,6.298239529132843018e-02,2.693948149681091309e-02,1.228828206658363342e-01,1.683719903230667114e-01,-4.065765067934989929e-02,7.151887752115726471e-03,1.172261014580726624e-01,5.913044326007366180e-03,2.409702986478805542e-01,-1.535510420799255371e-01,1.137594506144523621e-01,-3.448713943362236023e-02,3.109256029129028320e-01,-1.055787783116102219e-03,2.897841036319732666e-01,-2.183543890714645386e-01,7.304995507001876831e-02,-1.422125101089477539e-01,-7.662761956453323364e-03,1.700733453035354614e-01,1.495327353477478027e-01,7.868264801800251007e-03,2.405334115028381348e-01,1.014240533113479614e-01,2.054914981126785278e-01,-8.356856182217597961e-03,9.076645597815513611e-03,5.014739930629730225e-02,7.560341805219650269e-02,9.917225688695907593e-02,1.420922130346298218e-01,1.246300712227821350e-01,3.783363997936248779e-01,-3.089503012597560883e-02,2.290241420269012451e-01,-1.250064522027969360e-01,1.587932407855987549e-01,-1.877869069576263428e-01,1.467095613479614258e-01,-1.512544602155685425e-01,2.082473039627075195e-01,1.782307922840118408e-01,-7.042787969112396240e-02,6.691789627075195312e-02,-1.691506057977676392e-01,2.686120383441448212e-02,5.101127177476882935e-02,9.533802419900894165e-02,7.791465520858764648e-02,2.372407317161560059e-01,2.166575342416763306e-01,8.922556787729263306e-02,-1.733104735612869263e-01,1.901112496852874756e-01,-1.469616144895553589e-01,5.097228661179542542e-02,6.160628050565719604e-03,2.613390050828456879e-02,5.057662725448608398e-02,1.185477524995803833e-01,-2.970600686967372894e-02,-3.609763458371162415e-02,2.000243663787841797e-01,1.901805996894836426e-01,1.418920308351516724e-01,4.979245737195014954e-02,3.756105154752731323e-02
4.792559742927551270e-01,1.604132354259490967e-01,2.221791148185729980e-01,-1.201181784272193909e-01,-4.062876850366592407e-02,-9.916844218969345093e-02,2.047680169343948364e-01,6.288072094321250916e-03,1.731875240802764893e-01,-1.631462574005126953e-01,1.000000000000000000e+00,1.703097075223922729e-01,4.537107348442077637e-01,1.575897186994552612e-01,1.424995511770248413e-01,-9.091158956289291382e-02,2.988235950469970703e-01,1.244745850563049316e-01,3.783356547355651855e-01,2.563929855823516846e-01,4.349982831627130508e-03,2.905484847724437714e-02,-7.576905190944671631e-02,-1.567352861166000366e-01,-1.737679392099380493e-01,-2.484699785709381104e-01,-2.771490719169378281e-03,1.676812209188938141e-02,7.741246372461318970e-02,-2.106810919940471649e-02,-7.857878506183624268e-02,-1.357782483100891113e-01,5.826989561319351196e-02,-2.426620759069919586e-02,-1.358502171933650970e-02,-2.259961143136024475e-02,-4.920469224452972412e-02,1.680817306041717529e-01,-3.350164741277694702e-02,5.767241865396499634e-02,3.113318979740142822e-02,1.305607426911592484e-02,1.849343180656433105e-01,9.739217907190322876e-02,1.777763068675994873e-01,1.177978739142417908e-01,1.599117368459701538e-01,1.856149882078170776e-01,2.266717851161956787e-01,1.651002317667007446e-01,2.649636864662170410e-01,1.400928199291229248e-01,1.609472185373306274e-01,3.941264376044273376e-02,1.709746271371841431e-01,1.973698288202285767e-01,2.580804824829101562e-01,1.055712178349494934e-01,3.640451133251190186e-01,2.177965790033340454e-01,3.669539988040924072e-01,8.168936520814895630e-02,1.700561642646789551e-01,6.876823492348194122e-03,9.921964257955551147e-02,7.228079484775662422e-04,1.887040138244628906e-01,1.061952486634254456e-01,1.744708269834518433e-01,2.048702090978622437e-01,1.120256930589675903e-01,7.109934091567993164e-02,9.476371109485626221e-02,1.752534508705139160e-02,4.804076254367828369e-02,2.468782663345336914e-02,2.629391849040985107e-03,-4.323841631412506104e-02,4.310190677642822266e-02,3.164146468043327332e-02,4.154332727193832397e-02,-7.240889966487884521e-02,1.620425730943679810e-01,1.646410822868347168e-01,2.377886027097702026e-01,5.559685640037059784e-03,-5.643602460622787476e-02,6.691793352365493774e-02,1.801171898841857910e-01,8.671520650386810303e-02,1.353447511792182922e-02,3.619921952486038208e-02,-8.107975125312805176e-02,-1.517032366245985031e-02,5.823147296905517578e-02,7.149692624807357788e-02,8.547014743089675903e-02,1.291084885597229004e-01,9.974472224712371826e-02,2.187286764383316040e-01,2.742253942415118217e-03,1.188445091247558594e-01,7.418417930603027344e-02,1.683283299207687378e-01,4.971128702163696289e-02,1.569741778075695038e-02,1.545236706733703613e-01,1.084827482700347900e-01,3.548723831772804260e-02,7.549948990345001221e-03,1.061419770121574402e-01,5.741883441805839539e-02,1.017483547329902649e-01,1.111388429999351501e-01,2.387566119432449341e-02,-4.398578777909278870e-02
3.201132714748382568e-01,4.149362444877624512e-01,-2.217111736536026001e-01,1.342525482177734375e-01,-4.941576346755027771e-02,1.895791441202163696e-01,-5.499852076172828674e-02,4.027372598648071289e-01,8.813975006341934204e-02,3.384657800197601318e-01,1.703097075223922729e-01,1.000000000000000000e+00,1.157638654112815857e-01,5.863310098648071289e-01,5.729034543037414551e-02,2.223223745822906494e-01,2.230079025030136108e-01,3.622459173202514648e-01,2.595834732055664062e-01,4.519420862197875977e-01,-9.375432878732681274e-02,-6.209647282958030701e-02,-3.339894711971282959e-01,-1.233449578285217285e-01,-3.607045412063598633e-01,-1.753657609224319458e-01,-2.444994151592254639e-01,-1.454288419336080551e-02,2.833747267723083496e-01,1.377227008342742920e-01,-1.666710823774337769e-01,3.224679082632064819e-02,9.928236156702041626e-02,2.474660575389862061e-01,-3.025919795036315918e-01,-1.095382645726203918e-01,-5.255989357829093933e-02,-3.512685745954513550e-02,-1.784850843250751495e-02,-9.671238809823989868e-02,2.469090372323989868e-02,3.532692044973373413e-02,1.793119013309478760e-01,2.495062053203582764e-01,1.114247515797615051e-01,2.247526794672012329e-01,2.055078744888305664e-01,2.025504559278488159e-01,2.306364625692367554e-01,2.417806088924407959e-01,3.003699779510498047e-01,2.924598455429077148e-01,2.841021716594696045e-01,1.340736299753189087e-01,4.473206773400306702e-02,1.843406707048416138e-01,2.617216110229492188e-01,3.338451981544494629e-01,1.531650871038436890e-01,3.281945586204528809e-01,3.119491040706634521e-01,4.305135607719421387e-01,2.945104837417602539e-01,3.962938487529754639e-01,-2.442053258419036865e-01,-2.055612206459045410e-02,8.450174331665039062e-02,1.756566911935806274e-01,3.513169884681701660e-01,2.783032059669494629e-01,-2.908531576395034790e-02,1.635345816612243652e-01,2.463606745004653931e-01,3.072744905948638916e-01,1.370303779840469360e-01,1.070313453674316406e-01,1.098838821053504944e-01,8.636724203824996948e-02,2.732865326106548309e-02,1.187507957220077515e-01,1.367623955011367798e-01,3.099579215049743652e-01,1.782858371734619141e-01,2.573719322681427002e-01,-5.271632596850395203e-02,9.519144147634506226e-02,-4.631321504712104797e-02,7.460220158100128174e-02,7.205854170024394989e-03,2.263796627521514893e-01,1.866854131221771240e-01,-1.974952174350619316e-03,-3.801015764474868774e-02,-1.273037940263748169e-01,-4.809743911027908325e-02,6.096199527382850647e-02,1.413600519299507141e-03,1.374220550060272217e-01,2.428468763828277588e-01,2.158132642507553101e-01,1.040337607264518738e-01,-6.218285113573074341e-02,1.152047812938690186e-01,2.885902859270572662e-02,1.299329940229654312e-02,-7.615486159920692444e-03,4.622389748692512512e-02,9.549223631620407104e-02,7.784547656774520874e-02,-5.555201321840286255e-02,-3.213585168123245239e-02,1.018325388431549072e-01,1.424606442451477051e-01,1.248457580804824829e-01,1.244402751326560974e-01,-2.799199707806110382e-02
4.334502816200256348e-01,-1.715485006570816040e-02,3.440657258033752441e-01,-4.839558526873588562e-02,-3.175470978021621704e-03,-2.451819740235805511e-02,3.485657274723052979e-01,1.048973500728607178e-01,2.537522614002227783e-01,-1.687640696763992310e-01,4.537107348442077637e-01,1.157638654112815857e-01,1.000000000000000000e+00,1.929578483104705811e-01,3.563611507415771484e-01,-4.623631015419960022e-02,1.415627896785736084e-01,1.585524156689643860e-02,1.885822117328643799e-01,1.789734959602355957e-01,-1.763565838336944580e-02,2.650090027600526810e-03,6.205783784389495850e-02,-1.122210919857025146e-01,-1.094068363308906555e-01,-1.345300376415252686e-01,-3.217038512229919434e-02,8.217221498489379883e-02,1.051737293601036072e-01,-2.288832888007164001e-02,-1.181547343730926514e-01,-1.221110895276069641e-01,9.266114234924316406e-02,-3.289986774325370789e-02,3.741342946887016296e-02,3.584883362054824829e-02,-3.614553809165954590e-02,5.832504481077194214e-02,-1.146678030490875244e-01,-1.267679501324892044e-03,7.346536219120025635e-02,-2.852606959640979767e-02,1.523932218551635742e-01,3.828794881701469421e-02,9.791542589664459229e-02,1.195290684700012207e-02,8.782579749822616577e-02,1.457635778933763504e-02,6.229030340909957886e-02,-2.188961766660213470e-02,2.205501794815063477e-01,-4.942314326763153076e-02,5.124230403453111649e-03,-1.093913465738296509e-01,5.419086292386054993e-02,2.712387032806873322e-02,1.052867844700813293e-01,-7.780873775482177734e-02,2.929729819297790527e-01,3.834192454814910889e-02,4.277416169643402100e-01,1.426388025283813477e-01,2.703107893466949463e-01,1.747418008744716644e-02,2.673758566379547119e-01,4.374490305781364441e-02,2.558791339397430420e-01,8.951439708471298218e-02,2.822597138583660126e-02,4.022699967026710510e-02,8.608783781528472900e-02,1.425803266465663910e-02,1.331938505172729492e-01,1.115098148584365845e-01,1.822783946990966797e-01,8.759408444166183472e-02,1.047262623906135559e-01,7.839246839284896851e-02,-9.424190223217010498e-02,-7.947502285242080688e-02,-4.828953742980957031e-02,-1.402566283941268921e-01,8.720321953296661377e-02,-4.573279246687889099e-02,9.008056670427322388e-02,-9.217226505279541016e-02,3.595249354839324951e-02,-4.335193708539009094e-02,2.557278871536254883e-01,-2.703556418418884277e-02,-1.900443434715270996e-02,-1.772349327802658081e-01,-9.530656039714813232e-02,-4.353105276823043823e-02,-4.220583010464906693e-03,-7.988753169775009155e-02,-2.620486170053482056e-02,-1.942599378526210785e-02,-5.438322201371192932e-02,-5.823750048875808716e-03,7.762002199888229370e-02,1.807540655136108398e-01,8.214809000492095947e-02,1.563863456249237061e-01,1.252490878105163574e-01,8.034102618694305420e-02,7.057798653841018677e-02,6.995192915201187134e-02,-5.851066857576370239e-02,-3.285327553749084473e-02,3.632180020213127136e-02,-9.626735746860504150e-02,5.177255347371101379e-02,2.896813862025737762e-02,1.406109780073165894e-01,1.097812899388372898e-03
