1.000000000000000000e+00,6.842803359031677246e-01,6.785963177680969238e-01,6.367120146751403809e-01,1.375358849763870239e-01,3.038575947284698486e-01,7.034663558006286621e-01,4.313802719116210938e-01,1.990130096673965454e-01,8.374656736850738525e-02,4.872229099273681641e-01,-1.862918436527252197e-01,5.688182711601257324e-01,-1.153699681162834167e-01,9.798385947942733765e-02,1.561310291290283203e-01,3.355455398559570312e-01,1.558510214090347290e-01,6.855451464653015137e-01,6.476145982742309570e-01,3.550063446164131165e-02,1.586996018886566162e-01,4.413610100746154785e-01,4.019240736961364746e-01,-1.069643422961235046e-01,8.823247998952865601e-02,1.626956760883331299e-01,2.903742492198944092e-01,3.218416869640350342e-01,2.060549557209014893e-01,3.932654261589050293e-01,3.246508538722991943e-01,4.203933775424957275e-01,3.227988779544830322e-01,7.002296298742294312e-02,1.086549460887908936e-01,2.055269330739974976e-01,3.101536929607391357e-01,-9.115341119468212128e-03,3.269138559699058533e-02,4.075330495834350586e-02,2.334810644388198853e-01,1.807900816202163696e-01,1.170153990387916565e-01,1.349417269229888916e-01,1.378308683633804321e-01,2.345421165227890015e-01,2.794209420680999756e-01,7.128714025020599365e-02,9.540428966283798218e-02,2.846590988337993622e-02,-4.645884037017822266e-02,3.354113101959228516e-01,-8.927523344755172729e-02,3.140271008014678955e-01,8.671367168426513672e-02,7.676707506179809570e-01,6.673548221588134766e-01,5.554400086402893066e-01,4.024320840835571289e-01,6.092073917388916016e-01,4.051485657691955566e-01,3.057886362075805664e-01,8.975618332624435425e-02,3.099799454212188721e-01,1.536820232868194580e-01,2.218401283025741577e-01,2.301090508699417114e-01,6.661944985389709473e-01,6.341747641563415527e-01,1.965816020965576172e-01,1.467213034629821777e-01,3.140543401241302490e-01,4.302536547183990479e-01,1.230783984065055847e-01,3.698195815086364746e-01,4.600308537483215332e-01,4.369410574436187744e-01,2.375439554452896118e-01,3.993970751762390137e-01,2.425440400838851929e-01,4.001075923442840576e-01,-6.389595568180084229e-03,2.325364202260971069e-01,2.462203353643417358e-01,2.161935418844223022e-01,1.197620555758476257e-01,1.024911329150199890e-01,3.058715760707855225e-01,5.346452072262763977e-02,1.337282955646514893e-01,2.008032798767089844e-01,2.228339165449142456e-01,3.483835607767105103e-02,-5.600554123520851135e-02,2.304087579250335693e-02,1.516637802124023438e-01,1.164019182324409485e-01,3.299737572669982910e-01,1.941118389368057251e-01,-2.235431969165802002e-01,1.769959367811679840e-02,-2.164194285869598389e-01,3.842338919639587402e-02,-6.463974714279174805e-02,-4.356000499683432281e-05,-2.170209884643554688e-01,-8.161154389381408691e-02,6.044686585664749146e-02,6.601879000663757324e-02,1.631611287593841553e-01,1.710035204887390137e-01,2.432195693254470825e-01,1.741474121809005737e-01,6.508222967386245728e-02,1.404127776622772217e-01
6.842803359031677246e-01,1.000000000000000000e+00,5.462175607681274414e-01,6.443578600883483887e-01,7.806778699159622192e-02,2.015857845544815063e-01,5.505290627479553223e-01,5.744180679321289062e-01,9.284457564353942871e-02,-5.159678682684898376e-02,3.897610008716583252e-01,-6.391120702028274536e-02,4.570507109165191650e-01,1.554777566343545914e-02,2.619736082851886749e-02,1.919562816619873047e-01,3.298630714416503906e-01,2.652456462383270264e-01,6.181734800338745117e-01,6.527975201606750488e-01,1.134408190846443176e-01,2.923251986503601074e-01,4.887273311614990234e-01,4.780343472957611084e-01,-8.882664144039154053e-02,8.457440882921218872e-02,1.297441869974136353e-01,2.339178621768951416e-01,3.140859901905059814e-01,2.505101859569549561e-01,3.795721232891082764e-01,4.450528919696807861e-01,3.651045858860015869e-01,4.493189752101898193e-01,-2.971224719658493996e-03,7.896351814270019531e-02,2.109003812074661255e-01,3.897977769374847412e-01,2.442436851561069489e-02,8.529140055179595947e-02,3.387312218546867371e-02,3.007527887821197510e-01,1.544356793165206909e-01,1.169477552175521851e-01,1.722263246774673462e-01,2.118667364120483398e-01,2.353210896253585815e-01,3.354046940803527832e-01,5.439391359686851501e-02,1.787548661231994629e-01,-5.359874665737152100e-02,7.031186670064926147e-02,3.048286736011505127e-01,3.349012881517410278e-02,3.062442839145660400e-01,2.042513340711593628e-01,6.564333438873291016e-01,7.980176806449890137e-01,3.918785452842712402e-01,4.348613023757934570e-01,3.722957372665405273e-01,5.218074321746826172e-01,8.394595980644226074e-02,2.935422658920288086e-01,1.661577969789505005e-01,2.064123004674911499e-01,2.541287243366241455e-01,2.621408402919769287e-01,6.994471549987792969e-01,5.065929293632507324e-01,2.068823873996734619e-01,1.638794243335723877e-01,2.955783605575561523e-01,3.881794810295104980e-01,5.828421190381050110e-02,3.047955632209777832e-01,4.107066392898559570e-01,4.367284774780273438e-01,2.095349133014678955e-01,3.940841555595397949e-01,1.469475924968719482e-01,4.692868590354919434e-01,5.641772598028182983e-02,3.530215620994567871e-01,1.417157202959060669e-01,3.039509356021881104e-01,1.367130875587463379e-01,1.755359917879104614e-01,2.025176435708999634e-01,1.849626749753952026e-01,9.926975518465042114e-02,2.404367327690124512e-01,2.190412729978561401e-01,3.887961804866790771e-02,-5.794275552034378052e-02,4.432072862982749939e-02,1.705773621797561646e-01,1.375714093446731567e-01,2.754799723625183105e-01,1.837795972824096680e-01,-1.894161850214004517e-01,-2.540275268256664276e-02,-1.651827245950698853e-01,2.968055382370948792e-02,-2.663735114037990570e-02,-1.266999170184135437e-02,-1.036087498068809509e-01,-1.215550154447555542e-01,1.569940894842147827e-02,1.405775099992752075e-01,1.789667904376983643e-01,1.353661268949508667e-01,1.659144014120101929e-01,7.727959752082824707e-02,1.658545620739459991e-02,1.103352606296539307e-01
6.785963177680969238e-01,5.462175607681274414e-01,1.000000000000000000e+00,6.691955327987670898e-01,2.132876068353652954e-01,2.720499336719512939e-01,7.672997117042541504e-01,3.729449510574340820e-01,3.354645669460296631e-01,1.281160861253738403e-01,3.658093214035034180e-01,-9.889848530292510986e-02,5.084578394889831543e-01,-1.659510582685470581e-01,2.250649183988571167e-01,8.059342950582504272e-02,3.712423145771026611e-01,1.089336536824703217e-02,5.872077941894531250e-01,5.637270212173461914e-01,6.658609956502914429e-02,1.390169262886047363e-01,6.672316193580627441e-01,6.376076340675354004e-01,2.500751614570617676e-01,3.172473311424255371e-01,3.048916757106781006e-01,3.359842300415039062e-01,3.905782997608184814e-01,1.930083334445953369e-01,5.290411710739135742e-01,3.970934152603149414e-01,3.990071713924407959e-01,2.878898978233337402e-01,9.688558429479598999e-02,6.615673005580902100e-02,6.482313573360443115e-02,1.941349059343338013e-01,-1.272112689912319183e-02,6.945686042308807373e-02,-7.447581738233566284e-02,1.550105512142181396e-01,1.668132245540618896e-01,1.395678669214248657e-01,1.765116751194000244e-01,1.483050584793090820e-01,1.642013788223266602e-01,1.707806289196014404e-01,1.619472056627273560e-01,1.248108074069023132e-01,7.982616871595382690e-02,2.778465859591960907e-02,2.655446529388427734e-01,-5.194368213415145874e-02,2.761645913124084473e-01,4.018434137105941772e-02,5.681349635124206543e-01,5.057675242424011230e-01,5.047048926353454590e-01,3.303167819976806641e-01,4.840643703937530518e-01,3.086541295051574707e-01,2.444423139095306396e-01,4.880146682262420654e-02,2.706956565380096436e-01,1.409780234098434448e-01,2.584616839885711670e-01,2.426170557737350464e-01,5.288037061691284180e-01,5.445766448974609375e-01,2.644709646701812744e-01,1.807525902986526489e-01,3.323649466037750244e-01,3.483355343341827393e-01,2.015417367219924927e-01,2.957026660442352295e-01,3.824760913848876953e-01,3.179984092712402344e-01,2.532478272914886475e-01,3.506861925125122070e-01,2.614073455333709717e-01,2.640703320503234863e-01,-1.249940842390060425e-01,1.275359988212585449e-01,2.079349309206008911e-01,1.538993269205093384e-01,7.301076501607894897e-02,5.355138331651687622e-02,3.356651365756988525e-01,3.635973483324050903e-02,1.450119465589523315e-01,1.763627380132675171e-01,1.563736200332641602e-01,2.188959717750549316e-02,-8.304680138826370239e-02,-5.877640470862388611e-02,1.959311068058013916e-01,9.927730262279510498e-02,3.426351547241210938e-01,1.884502023458480835e-01,-1.009145677089691162e-01,4.819406941533088684e-02,-8.653116226196289062e-02,9.366372227668762207e-02,3.092871420085430145e-02,3.676157817244529724e-02,-1.553715914487838745e-01,-1.056409850716590881e-01,2.318543381989002228e-02,5.602003261446952820e-02,1.257788091897964478e-01,1.009352728724479675e-01,1.921114772558212280e-01,1.206003874540328979e-01,7.060533761978149414e-02,1.459446549415588379e-01
6.367120146751403809e-01,6.443578600883483887e-01,6.691955327987670898e-01,1.000000000000000000e+00,7.848761975765228271e-02,2.595531046390533447e-01,6.839538216590881348e-01,6.479387283325195312e-01,6.312570068985223770e-03,2.316568791866302490e-02,3.130724430084228516e-01,-9.510713815689086914e-02,4.377818405628204346e-01,-6.141201406717300415e-02,-1.067573428153991699e-01,1.223845779895782471e-01,3.057564795017242432e-01,1.175952702760696411e-01,5.972906947135925293e-01,6.270467638969421387e-01,-5.867977440357208252e-02,1.560176163911819458e-01,5.143393278121948242e-01,6.289846897125244141e-01,-1.051573529839515686e-01,1.450422555208206177e-01,1.380871385335922241e-01,2.827240526676177979e-01,2.897478640079498291e-01,2.312503010034561157e-01,4.881962537765502930e-01,4.747420847415924072e-01,3.024847805500030518e-01,3.931210339069366455e-01,1.227739229798316956e-01,1.916253864765167236e-01,1.306955963373184204e-01,2.573632001876831055e-01,-1.553602069616317749e-01,-3.272923827171325684e-02,4.710672050714492798e-02,1.882913261651992798e-01,1.731442362070083618e-01,1.177005246281623840e-01,1.642909795045852661e-01,1.776625066995620728e-01,2.499140948057174683e-01,2.666381001472473145e-01,8.177129179239273071e-02,1.691318005323410034e-01,-3.288958594202995300e-02,1.074490323662757874e-01,2.180110812187194824e-01,9.665769524872303009e-03,1.849772781133651733e-01,9.641736000776290894e-02,4.600849151611328125e-01,5.463185906410217285e-01,3.725374937057495117e-01,4.370663166046142578e-01,3.973570764064788818e-01,5.670568943023681641e-01,1.336911022663116455e-01,3.023726344108581543e-01,2.294300347566604614e-01,3.011024892330169678e-01,2.036064565181732178e-01,2.885405719280242920e-01,5.088144540786743164e-01,4.458002448081970215e-01,2.250921130180358887e-01,1.294758170843124390e-01,2.665341496467590332e-01,3.875270187854766846e-01,5.039694905281066895e-02,2.457065433263778687e-01,4.371206462383270264e-01,4.206145107746124268e-01,1.615277379751205444e-01,3.426730036735534668e-01,1.757129877805709839e-01,3.638286292552947998e-01,-8.924186974763870239e-02,1.434222459793090820e-01,1.166663616895675659e-01,2.204771339893341064e-01,1.004288047552108765e-01,-5.346559919416904449e-03,1.649461984634399414e-01,9.904840588569641113e-02,8.517520874738693237e-02,2.146567404270172119e-01,2.344387471675872803e-01,1.014257371425628662e-01,-8.458943665027618408e-02,4.718742892146110535e-02,1.115825250744819641e-01,1.300185173749923706e-01,1.707955300807952881e-01,1.356039941310882568e-01,-1.312361061573028564e-01,1.139873117208480835e-01,-9.930941462516784668e-02,1.417255401611328125e-01,3.645405545830726624e-02,4.419881850481033325e-02,-1.726672500371932983e-01,-1.251714527606964111e-01,-4.949217289686203003e-02,3.135991096496582031e-02,9.542648494243621826e-02,6.658636778593063354e-02,1.847848445177078247e-01,1.219528838992118835e-01,5.388425663113594055e-02,1.645693480968475342e-01
1.375358849763870239e-01,7.806778699159622192e-02,2.132876068353652954e-01,7.848761975765228271e-02,1.000000000000000000e+00,4.629698395729064941e-01,6.462778896093368530e-02,1.044515743851661682e-01,6.802706122398376465e-01,3.164983987808227539e-01,8.260709047317504883e-02,4.711768031120300293e-02,4.847153276205062866e-02,1.002484187483787537e-01,6.630314588546752930e-01,1.723622977733612061e-01,6.376247853040695190e-02,-9.160596132278442383e-02,-6.798412650823593140e-02,2.880548126995563507e-02,4.973281919956207275e-01,2.552299797534942627e-01,1.317808628082275391e-01,2.941294908523559570e-01,4.743789136409759521e-01,2.225744128227233887e-01,6.889591813087463379e-01,5.307950377464294434e-01,6.266223639249801636e-02,-7.893273234367370605e-02,1.358032226562500000e-01,6.984686851501464844e-02,1.572908461093902588e-01,1.139897927641868591e-01,-1.073182281106710434e-02,-6.781578809022903442e-02,-3.728225454688072205e-02,-9.208468347787857056e-02,3.417108356952667236e-01,1.193352863192558289e-01,7.329116761684417725e-02,-1.210639625787734985e-01,-1.744190454483032227e-01,-1.225135773420333862e-01,-3.154997527599334717e-02,3.648475557565689087e-02,-1.991911232471466064e-01,-1.831872910261154175e-01,1.089490484446287155e-03,-1.710483618080615997e-02,-7.860633544623851776e-03,-6.954608112573623657e-02,-1.823041141033172607e-01,-2.431085407733917236e-01,-1.585440933704376221e-01,9.330058097839355469e-02,1.644185483455657959e-01,7.018008083105087280e-02,2.689420580863952637e-01,1.477582156658172607e-01,1.803801953792572021e-01,5.809936672449111938e-02,1.135837286710739136e-01,4.407858848571777344e-02,4.468918219208717346e-02,-3.262894228100776672e-02,1.020257398486137390e-01,6.148896738886833191e-02,2.432995848357677460e-02,9.686048328876495361e-02,1.292545497417449951e-01,-4.223165288567543030e-02,-1.658628508448600769e-02,-1.168566197156906128e-01,6.682122498750686646e-02,-9.656194597482681274e-03,-1.618642210960388184e-01,-1.965361982583999634e-01,3.939069807529449463e-03,-8.694547414779663086e-02,7.211543619632720947e-02,-2.107074260711669922e-01,3.065044879913330078e-01,-7.438742369413375854e-02,-9.940958768129348755e-02,-1.171243414282798767e-01,1.987721025943756104e-02,3.269274160265922546e-02,1.101353168487548828e-01,1.035716608166694641e-01,-1.050883904099464417e-01,-1.312131583690643311e-01,-1.754121929407119751e-01,-1.416670129401609302e-04,-2.825925592333078384e-03,-3.235693275928497314e-02,2.403178438544273376e-02,5.584074929356575012e-02,4.683105647563934326e-02,-1.375598926097154617e-02,3.840192034840583801e-02,-8.466566354036331177e-02,4.253700748085975647e-02,-2.173805981874465942e-02,6.065445393323898315e-02,6.077033653855323792e-02,2.303310856223106384e-02,1.374604552984237671e-01,-4.510736092925071716e-02,1.026399210095405579e-01,3.265008702874183655e-02,4.194642603397369385e-02,-7.808201014995574951e-02,6.945506483316421509e-02,7.688216120004653931e-02,-5.778921023011207581e-02
3.038575947284698486e-01,2.015857845544815063e-01,2.720499336719512939e-01,2.595531046390533447e-01,4.629698395729064941e-01,1.000000000000000000e+00,2.370245009660720825e-01,1.312371939420700073e-01,4.288758337497711182e-01,5.896746516227722168e-01,1.213595569133758545e-01,1.231406331062316895e-01,2.049111127853393555e-01,1.425884664058685303e-01,4.783797860145568848e-01,3.391406536102294922e-01,-4.704039916396141052e-02,1.322426497936248779e-01,3.789000958204269409e-02,7.402385026216506958e-02,1.586115211248397827e-01,4.052190110087394714e-02,7.301244139671325684e-02,3.164531290531158447e-01,1.520398855209350586e-01,1.899405121803283691e-01,6.162134408950805664e-01,6.639264225959777832e-01,3.052667714655399323e-02,3.459867462515830994e-02,2.557141482830047607e-01,1.709671467542648315e-01,1.074713543057441711e-01,7.479448616504669189e-02,-2.082659862935543060e-02,2.351898141205310822e-02,-9.367755800485610962e-02,4.070287197828292847e-02,1.952343583106994629e-01,7.463832199573516846e-02,3.039798513054847717e-02,-7.522829622030258179e-02,-7.017432898283004761e-02,-1.835568100214004517e-01,4.187758639454841614e-02,-3.230661526322364807e-02,-7.567647099494934082e-02,-4.404561221599578857e-02,5.994994938373565674e-02,-5.759935826063156128e-02,3.331657126545906067e-02,-2.421822957694530487e-02,3.276233375072479248e-02,-1.409663558006286621e-01,7.741440087556838989e-02,8.019167929887771606e-02,1.742161065340042114e-01,2.484736889600753784e-01,2.999488115310668945e-01,1.555411368608474731e-01,3.004706203937530518e-01,2.774077355861663818e-01,1.002226173877716064e-01,2.198760658502578735e-01,1.134394556283950806e-01,1.320197731256484985e-01,8.692335337400436401e-02,-3.775281948037445545e-04,5.525576695799827576e-02,4.171260818839073181e-02,3.010304272174835205e-01,3.312856554985046387e-01,8.657233417034149170e-02,2.073266059160232544e-01,1.203674972057342529e-01,2.100860327482223511e-01,9.403625875711441040e-02,1.186309829354286194e-01,-6.335511058568954468e-02,1.847938597202301025e-01,-1.648788712918758392e-02,1.122422069311141968e-01,5.131305381655693054e-02,1.025101244449615479e-01,-9.912229329347610474e-02,6.214315071702003479e-02,2.169071324169635773e-02,1.125064715743064880e-01,1.635638773441314697e-01,1.120575889945030212e-01,-1.820339858531951904e-01,-1.392671912908554077e-01,-1.434098482131958008e-01,-5.042342841625213623e-02,-6.276383250951766968e-02,-1.374845393002033234e-02,8.506266400218009949e-03,-4.276472702622413635e-02,-1.022407319396734238e-02,-1.377976387739181519e-01,3.925354033708572388e-02,-1.200898513197898865e-01,1.984983682632446289e-02,-1.479780822992324829e-01,5.803935229778289795e-03,-4.508551210165023804e-02,7.818835973739624023e-02,1.536467224359512329e-01,-9.841711819171905518e-02,-6.559485942125320435e-02,-7.317367941141128540e-02,-6.583899259567260742e-02,-4.045631363987922668e-02,8.729624003171920776e-02,8.069474250078201294e-02,4.208843410015106201e-02
7.034663558006286621e-01,5.505290627479553223e-01,7.672997117042541504e-01,6.839538216590881348e-01,6.462778896093368530e-02,2.370245009660720825e-01,1.000000000000000000e+00,4.191449582576751709e-01,2.427299916744232178e-01,3.339376673102378845e-02,3.898520469665527344e-01,-1.453091353178024292e-01,6.309304833412170410e-01,-2.568770647048950195e-01,3.577257692813873291e-02,4.222152382135391235e-02,4.395350515842437744e-01,2.931121736764907837e-02,6.535249352455139160e-01,5.945252776145935059e-01,-9.111249446868896484e-02,1.543232798576354980e-01,5.406024456024169922e-01,4.040757119655609131e-01,4.637133702635765076e-02,2.117629647254943848e-01,1.278206259012222290e-01,1.976996809244155884e-01,4.175619482994079590e-01,2.260576337575912476e-01,4.758032858371734619e-01,3.255371749401092529e-01,4.542823731899261475e-01,3.355375230312347412e-01,1.050782054662704468e-01,1.420229524374008179e-01,1.248860880732536316e-01,1.853105425834655762e-01,-6.704948842525482178e-02,-1.291740220040082932e-03,-1.766754314303398132e-02,1.981953531503677368e-01,2.203092426061630249e-01,2.346337884664535522e-01,2.041519731283187866e-01,1.791508048772811890e-01,3.049243092536926270e-01,2.628048062324523926e-01,2.354806065559387207e-01,2.019870430231094360e-01,1.009146347641944885e-01,8.898659795522689819e-02,3.906886577606201172e-01,2.850942499935626984e-02,3.576957285404205322e-01,-2.250764146447181702e-02,5.806971192359924316e-01,4.797655045986175537e-01,4.989750087261199951e-01,3.794162273406982422e-01,5.425686240196228027e-01,3.817384839057922363e-01,2.946909666061401367e-01,5.526544153690338135e-02,4.074312150478363037e-01,2.509957551956176758e-01,2.710776925086975098e-01,2.588020563125610352e-01,5.211037993431091309e-01,5.086497068405151367e-01,1.859298050403594971e-01,1.063379198312759399e-01,4.506726562976837158e-01,4.507740736007690430e-01,2.793864309787750244e-01,3.419242501258850098e-01,5.313473343849182129e-01,3.961237370967864990e-01,3.597936034202575684e-01,3.879971802234649658e-01,3.454797565937042236e-01,4.039927124977111816e-01,-2.031955122947692871e-01,1.502313017845153809e-01,3.433057367801666260e-01,1.569900363683700562e-01,1.142818108201026917e-01,6.597996503114700317e-02,4.207200706005096436e-01,-2.411917969584465027e-02,2.495066225528717041e-01,2.626907527446746826e-01,2.323983162641525269e-01,7.764285057783126831e-02,-6.959413737058639526e-02,-2.026747725903987885e-02,2.093638330698013306e-01,5.435952171683311462e-02,3.663156628608703613e-01,1.977864056825637817e-01,-2.929580211639404297e-01,6.390780955553054810e-02,-2.405126541852951050e-01,7.736115902662277222e-02,-6.607645750045776367e-02,-3.192546963691711426e-02,-2.694737315177917480e-01,-1.784509420394897461e-01,2.875147387385368347e-02,4.277751594781875610e-02,1.417551934719085693e-01,1.331567019224166870e-01,2.360185980796813965e-01,1.265393495559692383e-01,3.121688403189182281e-02,1.451785415410995483e-01
4.313802719116210938e-01,5.744180679321289062e-01,3.729449510574340820e-01,6.479387283325195312e-01,1.044515743851661682e-01,1.312371939420700073e-01,4.191449582576751709e-01,1.000000000000000000e+00,4.863885988015681505e-04,-1.734224408864974976e-01,1.983824074268341064e-01,-9.974494576454162598e-02,2.614192366600036621e-01,1.758259162306785583e-02,-1.061117127537727356e-01,7.666927576065063477e-02,2.324298620223999023e-01,2.084933370351791382e-01,4.364972114562988281e-01,4.875527322292327881e-01,2.153690755367279053e-01,2.371298819780349731e-01,4.017114639282226562e-01,4.594079852104187012e-01,-1.619065552949905396e-01,-5.931727215647697449e-02,6.978782266378402710e-02,1.034548133611679077e-01,2.044330239295959473e-01,1.587965041399002075e-01,2.894968688488006592e-01,4.583082497119903564e-01,3.385922014713287354e-01,5.118344426155090332e-01,5.182784795761108398e-02,8.777645230293273926e-02,2.939132452011108398e-01,3.285850882530212402e-01,4.924345389008522034e-02,1.568711698055267334e-01,6.529837101697921753e-02,3.716561198234558105e-01,1.564124822616577148e-01,2.384362965822219849e-01,1.583663374185562134e-01,3.734261095523834229e-01,2.783918976783752441e-01,3.846338093280792236e-01,7.761969417333602905e-02,3.060547411441802979e-01,1.325890794396400452e-02,2.564443647861480713e-01,2.531928420066833496e-01,7.293644547462463379e-02,1.503551453351974487e-01,3.613647222518920898e-01,4.108876287937164307e-01,3.926870226860046387e-01,2.987490892410278320e-01,4.632078707218170166e-01,3.376821577548980713e-01,5.193963646888732910e-01,1.288147866725921631e-01,2.656067311763763428e-01,2.410786002874374390e-01,3.896379470825195312e-01,2.530393302440643311e-01,3.485382795333862305e-01,4.556286036968231201e-01,3.913943171501159668e-01,1.154521554708480835e-01,9.195109456777572632e-02,1.869702637195587158e-01,2.675104439258575439e-01,1.381065547466278076e-01,2.423686087131500244e-01,2.336459755897521973e-01,2.113266140222549438e-01,1.532923579216003418e-01,2.090149074792861938e-01,1.621746420860290527e-01,2.713724672794342041e-01,1.510272324085235596e-01,1.746379882097244263e-01,8.126714080572128296e-02,3.110000491142272949e-01,1.839749813079833984e-01,5.408060550689697266e-02,1.835452318191528320e-01,3.357660770416259766e-01,2.120155692100524902e-01,2.664947509765625000e-01,2.329554706811904907e-01,1.616180837154388428e-01,-3.784943372011184692e-02,2.245522290468215942e-02,1.818833798170089722e-01,2.437326163053512573e-01,2.477016597986221313e-01,2.561818957328796387e-01,-1.015600934624671936e-01,6.949641555547714233e-02,-1.158860921859741211e-01,1.605218350887298584e-01,4.433542862534523010e-02,7.221890985965728760e-02,-1.658604741096496582e-01,-1.169088557362556458e-01,6.050023809075355530e-02,2.225345075130462646e-01,1.109905317425727844e-01,6.737766414880752563e-02,1.845774501562118530e-01,2.031747847795486450e-01,9.017657488584518433e-02,9.655508212745189667e-03
1.990130096673965454e-01,9.284457564353942871e-02,3.354645669460296631e-01,6.312570068985223770e-03,6.802706122398376465e-01,4.288758337497711182e-01,2.427299916744232178e-01,4.863885988015681505e-04,1.000000000000000000e+00,2.438596189022064209e-01,1.759799867868423462e-01,3.120178123936057091e-03,2.669330239295959473e-01,-7.942016422748565674e-02,6.786348223686218262e-01,5.054578185081481934e-02,2.116272151470184326e-01,-1.306189596652984619e-01,2.537688054144382477e-02,7.498955726623535156e-02,4.095053374767303467e-01,1.644709855318069458e-01,2.349331974983215332e-01,2.699383497238159180e-01,5.724918842315673828e-01,3.642998337745666504e-01,5.791039466857910156e-01,3.966246843338012695e-01,2.788763940334320068e-01,-1.289601251482963562e-02,1.871007680892944336e-01,8.947465568780899048e-02,2.468200027942657471e-01,7.210124284029006958e-02,2.398830465972423553e-02,-3.496422246098518372e-02,-6.762345135211944580e-02,9.229317307472229004e-03,3.356612920761108398e-01,2.185889780521392822e-01,-7.116008549928665161e-02,-4.120999202132225037e-02,-8.879739046096801758e-02,6.923910230398178101e-02,1.157852634787559509e-01,1.816047579050064087e-01,-4.778036102652549744e-02,-7.045248150825500488e-02,1.875383853912353516e-01,1.559935659170150757e-01,1.279942691326141357e-01,7.091029733419418335e-02,2.976825647056102753e-02,-1.892532110214233398e-01,1.306287348270416260e-01,6.656784564256668091e-02,2.584915757179260254e-01,1.011143848299980164e-01,3.924966752529144287e-01,1.718598306179046631e-01,2.696536481380462646e-01,2.465945295989513397e-02,1.531947106122970581e-01,-6.907372176647186279e-02,1.702215820550918579e-01,3.566920012235641479e-02,2.409184873104095459e-01,1.425575911998748779e-01,1.450860351324081421e-01,2.246472239494323730e-01,1.830257177352905273e-01,1.397149637341499329e-02,2.687046527862548828e-01,7.340442389249801636e-02,2.902265191078186035e-01,1.725228130817413330e-01,3.541764989495277405e-02,-7.117989659309387207e-02,1.760997027158737183e-01,-1.096550095826387405e-02,2.146949023008346558e-01,-1.651680469512939453e-02,1.892858147621154785e-01,2.484978362917900085e-02,1.015937179327011108e-01,9.988074190914630890e-03,-5.938990041613578796e-03,1.626717746257781982e-01,3.053795397281646729e-01,6.790721416473388672e-02,5.505433306097984314e-02,-3.136705607175827026e-02,-1.623299270868301392e-01,-5.967335402965545654e-02,-2.574093407019972801e-03,-9.020145982503890991e-02,1.813357472419738770e-01,5.214689299464225769e-02,2.912598252296447754e-01,1.044832020998001099e-01,-1.135870441794395447e-01,-1.948906630277633667e-01,-7.912112027406692505e-02,-7.355619221925735474e-02,-1.504446659237146378e-02,-6.700138561427593231e-03,-2.424819581210613251e-02,4.024378955364227295e-02,7.980465888977050781e-02,1.428366601467132568e-01,1.185771971940994263e-01,1.095550283789634705e-01,1.586473663337528706e-03,8.284951746463775635e-02,6.789405643939971924e-02,-3.745791688561439514e-02
8.374656736850738525e-02,-5.159678682684898376e-02,1.281160861253738403e-01,2.316568791866302490e-02,3.164983987808227539e-01,5.896746516227722168e-01,3.339376673102378845e-02,-1.734224408864974976e-01,2.438596189022064209e-01,1.000000000000000000e+00,7.762162387371063232e-02,2.852895855903625488e-01,8.706841617822647095e-02,1.909653544425964355e-01,4.098386764526367188e-01,4.619870781898498535e-01,-1.933875679969787598e-01,7.304494827985763550e-02,-1.052380874752998352e-01,-1.030557751655578613e-01,-1.582106016576290131e-02,-5.343660712242126465e-02,-1.246176809072494507e-01,1.144786626100540161e-01,1.784401088953018188e-01,2.718115448951721191e-01,4.064525663852691650e-01,5.980123281478881836e-01,-7.772333920001983643e-02,1.049063634127378464e-02,1.408553123474121094e-01,7.360309362411499023e-03,-1.164159998297691345e-01,-1.106182858347892761e-01,-1.087127625942230225e-01,-6.128108128905296326e-02,-2.477521300315856934e-01,-1.579761207103729248e-01,9.428420662879943848e-02,-5.086771771311759949e-02,-4.098008852452039719e-03,-2.403127700090408325e-01,-8.005991578102111816e-02,-3.099210560321807861e-01,-6.568364799022674561e-02,-2.354765236377716064e-01,-2.534699141979217529e-01,-2.675834894180297852e-01,-5.625165253877639771e-02,-1.645555347204208374e-01,-3.301795572042465210e-02,-1.315596699714660645e-01,-1.624147295951843262e-01,-1.346842050552368164e-01,-7.209736108779907227e-02,-8.668886870145797729e-02,-7.806468755006790161e-02,5.785286054015159607e-02,9.096250683069229126e-02,-7.037482410669326782e-02,1.014300435781478882e-01,1.043170168995857239e-01,-7.930897921323776245e-02,2.095469087362289429e-01,1.375280134379863739e-02,8.922404376789927483e-04,-1.586186587810516357e-01,-2.541056275367736816e-01,-1.578485965728759766e-01,-1.425649970769882202e-01,2.244167774915695190e-01,2.697891891002655029e-01,-1.075339242815971375e-01,9.638687223196029663e-02,-7.464342564344406128e-02,1.013897806406021118e-01,-9.816272556781768799e-02,1.849899999797344208e-02,-2.728447914123535156e-01,-1.040982175618410110e-02,-2.127767950296401978e-01,-6.172777712345123291e-02,-4.504397138953208923e-02,-4.402954131364822388e-03,-2.272384613752365112e-01,-8.555068820714950562e-02,-1.448691785335540771e-01,1.931912265717983246e-02,-7.597471028566360474e-02,-9.879735857248306274e-02,-3.565902709960937500e-01,-2.029136568307876587e-01,-2.641006410121917725e-01,-8.859177120029926300e-03,-9.259859472513198853e-02,-8.501455932855606079e-02,-2.048447877168655396e-01,-1.735744476318359375e-01,-8.297455310821533203e-02,-2.800398468971252441e-01,6.241435930132865906e-02,-6.804230809211730957e-02,3.658133745193481445e-02,-1.771180331707000732e-01,-3.208433464169502258e-02,-2.398652397096157074e-02,1.958412975072860718e-01,2.273278683423995972e-01,-1.162184327840805054e-01,-1.676120162010192871e-01,-1.451308578252792358e-01,-7.345532625913619995e-02,-1.139499694108963013e-01,-2.201009629061445594e-04,4.731845855712890625e-02,-8.007697761058807373e-03
4.872229099273681641e-01,3.897610008716583252e-01,3.658093214035034180e-01,3.130724430084228516e-01,8.260709047317504883e-02,1.213595569133758545e-01,3.898520469665527344e-01,1.983824074268341064e-01,1.759799867868423462e-01,7.762162387371063232e-02,1.000000000000000000e+00,4.448480904102325439e-03,7.567941546440124512e-01,1.680436916649341583e-02,1.077434495091438293e-01,2.245692759752273560e-01,4.508799910545349121e-01,4.663754254579544067e-02,4.199182093143463135e-01,3.304197788238525391e-01,-3.370338305830955505e-02,-1.159726381301879883e-01,2.481300681829452515e-01,2.548194825649261475e-01,4.578169435262680054e-02,3.471111357212066650e-01,8.018014580011367798e-02,1.561698615550994873e-01,5.240309834480285645e-01,3.787026703357696533e-01,5.351589918136596680e-01,4.800199866294860840e-01,2.183390557765960693e-01,2.314991503953933716e-01,2.564764022827148438e-01,2.883008122444152832e-01,9.374932944774627686e-02,2.678237855434417725e-01,2.350854873657226562e-02,-1.726532541215419769e-02,-1.650577932596206665e-01,1.425278633832931519e-01,-1.540941298007965088e-01,-1.072232797741889954e-01,-6.334321200847625732e-02,2.716838382184505463e-02,4.985566809773445129e-02,1.042500436305999756e-01,-1.448005884885787964e-01,2.864081412553787231e-02,-1.387970149517059326e-01,-1.231468319892883301e-01,1.317324936389923096e-01,-2.009855061769485474e-01,3.463357388973236084e-01,-1.502349134534597397e-02,3.169071674346923828e-01,3.412199318408966064e-01,6.490074843168258667e-02,-8.018115535378456116e-03,1.145883426070213318e-01,1.448791921138763428e-01,-1.449969969689846039e-02,1.777341961860656738e-02,1.386508047580718994e-01,3.105557896196842194e-02,1.272120140492916107e-02,6.290851533412933350e-02,2.487006634473800659e-01,2.232595235109329224e-01,2.838893532752990723e-01,1.128472834825515747e-01,5.168843269348144531e-01,5.016708374023437500e-01,1.414252221584320068e-01,4.336220920085906982e-01,5.725953578948974609e-01,5.799119472503662109e-01,2.560103833675384521e-01,3.652816712856292725e-01,1.296357065439224243e-01,3.946497142314910889e-01,3.834976628422737122e-02,3.362645804882049561e-01,1.067555472254753113e-01,1.533132940530776978e-01,1.080296412110328674e-01,2.673264741897583008e-01,1.648668050765991211e-01,-1.834197714924812317e-02,-6.058059632778167725e-02,1.504910923540592194e-02,-8.952621370553970337e-02,-9.337691962718963623e-02,8.829075098037719727e-02,-6.772711407393217087e-03,9.412913769483566284e-02,-5.046176910400390625e-02,2.168834358453750610e-01,-4.584771022200584412e-02,-2.695688605308532715e-01,-1.433797478675842285e-01,-2.805831432342529297e-01,-1.874185949563980103e-01,-1.871229112148284912e-01,-1.650397628545761108e-01,-1.968987286090850830e-01,-2.472859919071197510e-01,6.272981315851211548e-02,2.302305214107036591e-02,9.217482060194015503e-03,4.519398510456085205e-02,4.193550720810890198e-02,-7.014305144548416138e-02,-1.112170219421386719e-01,-5.236475542187690735e-02
-1.862918436527252197e-01,-6.391120702028274536e-02,-9.889848530292510986e-02,-9.510713815689086914e-02,4.711768031120300293e-02,1.231406331062316895e-01,-1.453091353178024292e-01,-9.974494576454162598e-02,3.120178123936057091e-03,2.852895855903625488e-01,4.448480904102325439e-03,1.000000000000000000e+00,-8.541689813137054443e-02,6.398368477821350098e-01,1.786303669214248657e-01,3.791618645191192627e-01,-1.235217750072479248e-01,4.694469571113586426e-01,-1.816589832305908203e-01,-1.564608812332153320e-01,-9.186364710330963135e-02,-1.613508462905883789e-01,-1.770160645246505737e-01,6.057755649089813232e-02,1.800552308559417725e-01,2.057185322046279907e-01,1.402512043714523315e-01,1.384926736354827881e-01,-9.821551293134689331e-02,1.101194396615028381e-01,1.270908713340759277e-01,1.549951285123825073e-01,7.654327154159545898e-02,1.652925461530685425e-01,2.774171531200408936e-01,2.537917792797088623e-01,5.635044351220130920e-02,-3.231225162744522095e-02,1.143009811639785767e-01,1.698751449584960938e-01,1.450337320566177368e-01,-3.524891659617424011e-02,-3.351473063230514526e-02,-8.624993264675140381e-02,-7.216630131006240845e-02,-1.525303572416305542e-01,-1.339265704154968262e-01,-4.972945898771286011e-02,-3.389057144522666931e-02,-1.233318150043487549e-01,2.994246594607830048e-02,4.297485575079917908e-02,-2.097493112087249756e-01,1.972758322954177856e-01,-2.398660778999328613e-01,1.101120486855506897e-01,-1.723096370697021484e-01,2.673380076885223389e-02,-1.417749077081680298e-01,-1.199327111244201660e-01,-1.266700625419616699e-01,3.697216510772705078e-02,-9.979633614420890808e-03,4.442153275012969971e-01,-6.952553987503051758e-02,8.510855585336685181e-02,2.703484147787094116e-02,-4.864424839615821838e-02,-2.871575355529785156e-01,-3.217112720012664795e-01,2.129201740026473999e-01,4.215070605278015137e-01,1.178193930536508560e-02,1.199362948536872864e-01,1.947793662548065186e-01,1.928346604108810425e-01,-6.488303095102310181e-02,-2.979453094303607941e-02,-2.131323963403701782e-01,-1.401899009943008423e-01,-5.174697935581207275e-02,7.330454140901565552e-02,1.231686323881149292e-01,1.031102836132049561e-01,-5.930968001484870911e-02,1.728361696004867554e-01,-5.369939841330051422e-03,1.325263977050781250e-01,-7.379742711782455444e-02,1.274400353431701660e-01,-2.527006268501281738e-01,-1.789444237947463989e-01,-1.890362054109573364e-01,4.585010185837745667e-02,4.257918521761894226e-02,-1.717002317309379578e-02,-1.078018024563789368e-01,7.191185653209686279e-02,-2.213737219572067261e-01,-2.422422319650650024e-01,1.105919331312179565e-01,7.376657426357269287e-02,8.453804254531860352e-02,-2.439317759126424789e-03,-4.143872857093811035e-02,-2.959684655070304871e-02,1.311503350734710693e-01,6.414977461099624634e-02,1.125614494085311890e-01,5.478071048855781555e-03,-1.092412844300270081e-01,-1.429050862789154053e-01,-1.736465543508529663e-01,-3.292819112539291382e-02,1.397424004971981049e-02,-4.231413826346397400e-02
5.688182711601257324e-01,4.570507109165191650e-01,5.084578394889831543e-01,4.377818405628204346e-01,4.847153276205062866e-02,2.049111127853393555e-01,6.309304833412170410e-01,2.614192366600036621e-01,2.669330239295959473e-01,8.706841617822647095e-02,7.567941546440124512e-01,-8.541689813137054443e-02,1.000000000000000000e+00,-1.201213821768760681e-01,1.172438934445381165e-01,2.590105533599853516e-01,4.418825507164001465e-01,2.089232765138149261e-02,5.203160643577575684e-01,4.526374042034149170e-01,-1.844785921275615692e-02,5.238964408636093140e-02,3.817693591117858887e-01,2.945911586284637451e-01,1.102405041456222534e-01,3.951643109321594238e-01,9.888165444135665894e-02,1.917833238840103149e-01,5.968455076217651367e-01,3.893903493881225586e-01,5.775611400604248047e-01,4.681274890899658203e-01,2.950498759746551514e-01,2.643443346023559570e-01,1.936624050140380859e-01,2.617487907409667969e-01,1.273907124996185303e-01,3.072432577610015869e-01,5.712896212935447693e-02,4.881272464990615845e-02,-1.339680552482604980e-01,2.069931924343109131e-01,1.014795061200857162e-02,7.882314920425415039e-02,1.096727252006530762e-01,1.485849618911743164e-01,2.409658282995223999e-01,2.522674500942230225e-01,1.061911582946777344e-01,1.918976008892059326e-01,2.627750858664512634e-02,7.194938510656356812e-02,3.476272821426391602e-01,-8.689958602190017700e-02,5.287404656410217285e-01,1.356895640492439270e-02,3.871574103832244873e-01,3.978937268257141113e-01,2.730778455734252930e-01,1.904087960720062256e-01,2.861977517604827881e-01,2.883566617965698242e-01,5.282342806458473206e-02,6.536779552698135376e-02,3.301550149917602539e-01,2.009363472461700439e-01,2.108474969863891602e-01,1.961632668972015381e-01,3.752901256084442139e-01,3.324514329433441162e-01,2.569584548473358154e-01,1.239294633269309998e-01,6.524079442024230957e-01,6.254743933677673340e-01,3.126884698867797852e-01,5.286849737167358398e-01,6.855031847953796387e-01,6.282219290733337402e-01,3.403244316577911377e-01,4.046318829059600830e-01,2.343935519456863403e-01,5.759316682815551758e-01,-3.161475062370300293e-02,4.314769208431243896e-01,3.336386382579803467e-01,2.794902920722961426e-01,1.583281606435775757e-01,3.321458399295806885e-01,3.947697281837463379e-01,1.760808937251567841e-02,1.227807402610778809e-01,1.480635255575180054e-01,-6.193154025822877884e-03,-7.976806908845901489e-02,7.313318550586700439e-02,-1.387566979974508286e-02,2.471504658460617065e-01,-8.296456187963485718e-03,4.226479530334472656e-01,8.351493626832962036e-02,-4.055272042751312256e-01,-2.065417915582656860e-01,-4.031688272953033447e-01,-2.168266326189041138e-01,-2.666195929050445557e-01,-2.455619275569915771e-01,-2.565526366233825684e-01,-2.804752290248870850e-01,5.785297602415084839e-02,3.409378975629806519e-02,1.057276204228401184e-01,1.219705790281295776e-01,1.794037073850631714e-01,-6.346291862428188324e-03,-9.780586510896682739e-02,-6.099549680948257446e-02
