1.000000000000000000e+00,5.259066224098205566e-01,5.434831380844116211e-01,3.554935753345489502e-01,2.224242314696311951e-02,-1.068355590105056763e-01,3.807085156440734863e-01,9.257955849170684814e-02,1.126471981406211853e-01,-1.219141110777854919e-01,5.639812946319580078e-01,3.329156339168548584e-01,2.916127741336822510e-01,9.649907052516937256e-02,2.107133418321609497e-01,5.539100244641304016e-02,2.430449128150939941e-01,2.693747878074645996e-01,5.944703817367553711e-01,4.756480753421783447e-01,2.472845911979675293e-01,2.246808707714080811e-01,4.253400564193725586e-01,3.637225031852722168e-01,1.677480787038803101e-01,4.507667571306228638e-02,3.299972116947174072e-01,1.928466409444808960e-01,2.158835679292678833e-01,2.197039425373077393e-01,1.835067421197891235e-01,3.274582326412200928e-02,3.965750038623809814e-01,2.408814430236816406e-01,4.613094963133335114e-03,-2.058243155479431152e-01,1.302703469991683960e-01,-9.104510769248008728e-03,7.398634403944015503e-02,7.096844911575317383e-02,-9.933560341596603394e-02,1.757964119315147400e-02,-3.372406214475631714e-02,1.070839259773492813e-02,-1.361347734928131104e-01,-9.459370374679565430e-02,-9.620794653892517090e-02,-6.153283640742301941e-02,-1.056489124894142151e-01,-6.842835992574691772e-02,-7.058897521346807480e-03,1.716684550046920776e-02,-3.064500540494918823e-02,-9.790331125259399414e-03,-1.098847016692161560e-03,3.805881738662719727e-02,4.608999490737915039e-01,5.569713115692138672e-01,2.432933002710342407e-01,3.088310062885284424e-01,4.087300598621368408e-01,1.471712887287139893e-01,2.496185153722763062e-01,5.942934751510620117e-02,3.709955811500549316e-01,1.715909540653228760e-01,1.762972772121429443e-01,-6.863317638635635376e-02,4.967638850212097168e-01,3.788059353828430176e-01,1.112378984689712524e-01,1.442292928695678711e-01,6.546369194984436035e-02,1.638406664133071899e-01,4.620153084397315979e-02,1.459022909402847290e-01,1.004462391138076782e-01,1.481985300779342651e-01,1.302822679281234741e-01,2.619373202323913574e-01,1.641663014888763428e-01,1.523308008909225464e-01,3.048646748065948486e-01,1.145318895578384399e-01,3.972274065017700195e-01,2.040198743343353271e-01,3.044711351394653320e-01,3.469291627407073975e-01,3.925983011722564697e-01,2.370034456253051758e-01,-3.445814596489071846e-03,1.313697695732116699e-01,4.358920082449913025e-02,4.804463386535644531e-01,9.752124547958374023e-02,3.429580107331275940e-02,2.007245719432830811e-01,1.128601208329200745e-01,1.649034395813941956e-02,5.129707977175712585e-02,1.141284629702568054e-01,3.542061448097229004e-01,1.783676892518997192e-01,1.995334923267364502e-01,3.280372619628906250e-01,2.727566361427307129e-01,2.362655550241470337e-01,1.146351546049118042e-01,1.266979128122329712e-01,1.344413757324218750e-01,2.769480273127555847e-02,-2.899310365319252014e-02,2.804718613624572754e-01,2.224312275648117065e-01,1.754293143749237061e-01,1.004760563373565674e-01
5.259066224098205566e-01,1.000000000000000000e+00,3.128172159194946289e-01,3.677327334880828857e-01,-1.115848077461123466e-03,-5.876382347196340561e-03,2.228843271732330322e-01,2.512039840221405029e-01,6.010619178414344788e-02,-1.088611260056495667e-01,2.372373789548873901e-01,4.019548296928405762e-01,1.835623681545257568e-01,1.951103806495666504e-01,9.926043450832366943e-02,1.143902242183685303e-01,2.906337380409240723e-01,5.900743007659912109e-01,5.456860065460205078e-01,6.888368725776672363e-01,1.891076564788818359e-01,2.622407674789428711e-01,2.049048244953155518e-01,2.912767231464385986e-01,8.778307586908340454e-02,5.116907879710197449e-02,2.057985514402389526e-01,1.482586711645126343e-01,2.714577317237854004e-01,5.131548643112182617e-01,7.264280319213867188e-02,4.485173895955085754e-02,4.635656476020812988e-01,4.293498992919921875e-01,-1.497587859630584717e-01,-2.474076151847839355e-01,1.043774485588073730e-01,6.436278671026229858e-02,4.300394281744956970e-02,8.188552409410476685e-02,-3.124858811497688293e-02,9.764742851257324219e-02,2.271877042949199677e-02,1.378292739391326904e-01,7.561282068490982056e-02,2.044165879487991333e-01,-1.633034460246562958e-02,8.646790683269500732e-02,1.475658267736434937e-01,1.823963224887847900e-01,1.870246827602386475e-01,2.027523517608642578e-01,2.412589266896247864e-02,1.148195713758468628e-01,1.021223068237304688e-01,1.974507421255111694e-01,4.978399872779846191e-01,7.008722424507141113e-01,3.550754189491271973e-01,5.157417654991149902e-01,3.788560032844543457e-01,2.295257449150085449e-01,3.515221774578094482e-01,3.913865685462951660e-01,-1.721087656915187836e-02,-9.117782860994338989e-02,1.808459311723709106e-01,8.824740350246429443e-02,5.159287452697753906e-01,2.701123058795928955e-01,-2.141389995813369751e-02,7.784456014633178711e-02,3.378636017441749573e-02,4.219209849834442139e-01,5.325377732515335083e-02,3.144596219062805176e-01,1.840864866971969604e-01,2.857187986373901367e-01,9.958528727293014526e-02,3.248447179794311523e-01,3.082000315189361572e-01,4.431281089782714844e-01,1.469980031251907349e-01,3.379729390144348145e-01,2.871947586536407471e-01,2.689861357212066650e-01,2.277188897132873535e-01,3.261562287807464600e-01,2.026985436677932739e-01,2.137625664472579956e-01,-1.023228652775287628e-02,-6.508258730173110962e-02,3.411803022027015686e-02,1.369380801916122437e-01,-1.628905534744262695e-02,-3.377262502908706665e-02,9.476702660322189331e-02,8.128993213176727295e-02,1.252116560935974121e-01,1.182773783802986145e-01,3.630235791206359863e-01,3.294707238674163818e-01,3.305040895938873291e-01,3.909187614917755127e-01,1.912372559309005737e-01,1.701882332563400269e-01,2.216514647006988525e-01,1.338911056518554688e-01,1.501609086990356445e-01,3.129477147012948990e-03,-6.828427314758300781e-02,-1.770765334367752075e-02,1.843085139989852905e-01,1.602670550346374512e-01,4.487547650933265686e-02,6.398709863424301147e-02
5.434831380844116211e-01,3.128172159194946289e-01,1.000000000000000000e+00,4.284180998802185059e-01,7.235632091760635376e-02,-1.434576064348220825e-01,6.850161552429199219e-01,2.481509149074554443e-01,7.361695915460586548e-02,-1.597477495670318604e-01,4.242101311683654785e-01,2.699944674968719482e-01,3.949059844017028809e-01,-1.158443978056311607e-03,2.324113696813583374e-01,1.144555769860744476e-02,2.071801722049713135e-01,1.949581056833267212e-01,4.639468491077423096e-01,2.973878085613250732e-01,1.775494664907455444e-01,1.825492680072784424e-01,6.528267860412597656e-01,5.404162406921386719e-01,3.888858854770660400e-01,2.256125807762145996e-01,2.179378569126129150e-01,7.601826637983322144e-02,2.323449701070785522e-01,1.490986049175262451e-01,3.115222156047821045e-01,2.295873612165451050e-01,4.147226512432098389e-01,2.945963740348815918e-01,1.876639425754547119e-01,1.061597652733325958e-02,2.301992774009704590e-01,3.368218243122100830e-02,1.958182901144027710e-01,1.196392923593521118e-01,8.376879990100860596e-02,1.293437480926513672e-01,4.682078957557678223e-02,4.264186322689056396e-02,-6.477680057287216187e-02,-1.041216626763343811e-01,-2.037005685269832611e-02,3.267039312049746513e-03,-6.506782025098800659e-02,-1.016891449689865112e-01,-3.943064715713262558e-03,-4.645828902721405029e-02,-2.345487661659717560e-02,-1.493120007216930389e-02,-2.317479066550731659e-02,1.763867959380149841e-02,3.005519509315490723e-01,3.764853477478027344e-01,5.056423321366310120e-02,8.332055807113647461e-02,1.940718889236450195e-01,1.605043187737464905e-02,2.208725064992904663e-01,-3.368252515792846680e-02,3.890898525714874268e-01,2.063779681921005249e-01,2.388279139995574951e-01,-2.913777157664299011e-02,3.575059175491333008e-01,3.808045983314514160e-01,2.205737829208374023e-01,2.092583477497100830e-01,1.910696327686309814e-01,2.167372256517410278e-01,1.006797328591346741e-01,1.936415284872055054e-01,2.648126482963562012e-01,2.256601154804229736e-01,1.199740394949913025e-01,1.882026493549346924e-01,1.845217049121856689e-01,1.125585436820983887e-01,2.750109136104583740e-01,7.443118095397949219e-02,4.202028512954711914e-01,1.658008098602294922e-01,2.398403733968734741e-01,1.690132468938827515e-01,3.401410877704620361e-01,7.629846036434173584e-02,1.258592456579208374e-01,2.062252908945083618e-01,1.048617735505104065e-01,4.194858670234680176e-01,6.831311434507369995e-02,5.379800125956535339e-02,2.102967500686645508e-01,1.014235913753509521e-01,1.126131638884544373e-01,3.536966070532798767e-02,1.939868777990341187e-01,2.205745577812194824e-01,2.367068678140640259e-01,2.126389741897583008e-01,2.233510017395019531e-01,2.467735111713409424e-01,1.553441584110260010e-01,1.561835110187530518e-01,2.179073542356491089e-02,1.298756450414657593e-01,1.184841766953468323e-01,9.690978378057479858e-02,2.206476777791976929e-01,2.339897453784942627e-01,2.068521529436111450e-01,1.222172379493713379e-02
3.554935753345489502e-01,3.677327334880828857e-01,4.284180998802185059e-01,1.000000000000000000e+00,9.372074902057647705e-02,1.036298274993896484e-01,3.861271440982818604e-01,6.422477960586547852e-01,1.324858367443084717e-01,1.870638132095336914e-01,2.070505321025848389e-01,5.173379182815551758e-01,3.249833881855010986e-01,3.939801156520843506e-01,2.107546329498291016e-01,3.285585045814514160e-01,8.900345116853713989e-02,2.273328155279159546e-01,2.369988113641738892e-01,2.799417078495025635e-01,1.911207437515258789e-01,1.047561168670654297e-01,3.747510015964508057e-01,6.085633039474487305e-01,1.622738093137741089e-01,1.587909162044525146e-01,7.098567485809326172e-02,2.256305217742919922e-01,1.216876804828643799e-01,2.394909709692001343e-01,2.200306802988052368e-01,3.109464943408966064e-01,1.541373431682586670e-01,2.262521386146545410e-01,7.799136638641357422e-02,1.054703071713447571e-01,-2.799207530915737152e-02,-4.426122456789016724e-02,-9.761288762092590332e-02,-9.359367936849594116e-02,-1.479693055152893066e-01,-1.243197023868560791e-01,-1.181259378790855408e-01,-7.572542876005172729e-02,-9.986684471368789673e-02,-1.621756255626678467e-01,-7.786011695861816406e-02,-1.049558296799659729e-01,-1.172027438879013062e-01,-1.838666349649429321e-01,-5.986802652478218079e-02,-6.255177408456802368e-02,-1.230223476886749268e-02,-6.571973860263824463e-02,-9.229508042335510254e-02,-6.812512874603271484e-02,1.124111413955688477e-01,2.642029225826263428e-01,2.419931441545486450e-02,2.010384052991867065e-01,2.844403982162475586e-01,5.165988802909851074e-01,1.763241887092590332e-01,3.118292093276977539e-01,3.566972911357879639e-01,4.506325721740722656e-01,1.037695631384849548e-01,4.151391983032226562e-02,1.603618264198303223e-01,1.683081388473510742e-01,4.368669819086790085e-03,5.860627815127372742e-02,-3.837497159838676453e-02,1.086263656616210938e-01,-1.022422406822443008e-02,1.220388188958168030e-01,1.847473345696926117e-02,1.054836958646774292e-01,3.769019246101379395e-02,1.115738749504089355e-01,-2.009282587096095085e-03,1.739747636020183563e-02,-1.267571933567523956e-02,1.132884323596954346e-01,1.103684976696968079e-01,3.069837987422943115e-01,7.437555491924285889e-02,9.791357815265655518e-02,1.910909265279769897e-01,3.831717669963836670e-01,2.003454416990280151e-01,2.293109521269798279e-02,3.295093178749084473e-01,2.488208562135696411e-01,-1.214471533894538879e-01,-1.537963151931762695e-01,-6.047929823398590088e-02,-1.182324998080730438e-02,4.421089589595794678e-02,-5.834197625517845154e-02,3.189340233802795410e-02,1.444412171840667725e-01,1.251827478408813477e-01,1.708167791366577148e-01,1.023149713873863220e-01,7.924176752567291260e-02,-2.813321910798549652e-02,6.221264600753784180e-02,2.639917284250259399e-02,-3.119266964495182037e-02,-4.974282160401344299e-02,-1.331132054328918457e-01,8.983632922172546387e-02,1.327863335609436035e-01,4.084686189889907837e-02,-1.154776141047477722e-01
2.224242314696311951e-02,-1.115848077461123466e-03,7.235632091760635376e-02,9.372074902057647705e-02,1.000000000000000000e+00,3.930363953113555908e-01,9.865931421518325806e-02,-3.643256798386573792e-02,6.653031706809997559e-01,4.648768603801727295e-01,1.539840698242187500e-01,1.297119706869125366e-01,3.157017230987548828e-01,1.569127440452575684e-01,5.919305086135864258e-01,3.558060824871063232e-01,8.403517305850982666e-02,4.355437681078910828e-02,-5.673394352197647095e-02,-8.145971596240997314e-02,1.536665558815002441e-01,1.354490667581558228e-01,1.169124096632003784e-01,1.177057698369026184e-01,2.424168288707733154e-01,2.656486034393310547e-01,2.881046831607818604e-01,3.424070179462432861e-01,1.258994042873382568e-01,1.199096962809562683e-01,2.778681218624114990e-01,1.999251693487167358e-01,-1.169380638748407364e-02,4.676535353064537048e-02,1.074831262230873108e-01,6.288728117942810059e-02,8.413171023130416870e-02,6.336334161460399628e-03,4.348925128579139709e-02,5.344241857528686523e-02,-2.665049768984317780e-02,1.944130659103393555e-02,3.881223499774932861e-02,5.435384064912796021e-02,8.690305054187774658e-03,-8.255708217620849609e-02,2.457919344305992126e-02,-6.104718893766403198e-02,-8.664380759000778198e-02,-7.989744096994400024e-02,-5.946194753050804138e-02,-5.950809642672538757e-02,-4.170442465692758560e-03,-5.161581560969352722e-02,2.855536155402660370e-02,1.839988306164741516e-02,-1.143490746617317200e-01,1.994319818913936615e-02,-1.134178414940834045e-01,-1.536337286233901978e-01,-4.579007625579833984e-03,-1.067348290234804153e-02,8.970352262258529663e-02,3.365621902048587799e-03,2.226900458335876465e-01,7.522404938936233521e-02,5.807442218065261841e-02,-2.485838904976844788e-02,-1.885959319770336151e-02,-2.272814046591520309e-03,6.946950405836105347e-02,1.149576529860496521e-02,7.822273671627044678e-02,8.783137425780296326e-03,-1.123605528846383095e-03,2.587165497243404388e-02,4.290354251861572266e-02,-2.416959591209888458e-02,7.445176690816879272e-02,6.926538795232772827e-02,7.443211227655410767e-02,-4.421053454279899597e-02,2.415164113044738770e-01,1.281934827566146851e-01,1.919931769371032715e-01,9.793676435947418213e-02,1.119998097419738770e-01,3.147549182176589966e-02,2.731260061264038086e-01,1.468704491853713989e-01,1.419245004653930664e-01,1.386607587337493896e-01,9.713684022426605225e-02,1.085360571742057800e-01,1.475942693650722504e-02,5.035329982638359070e-02,1.036912947893142700e-02,-5.190135538578033447e-02,5.926088895648717880e-03,9.553832933306694031e-03,-7.722557336091995239e-02,-7.819221913814544678e-02,-9.472844004631042480e-02,-1.328953653573989868e-01,-1.134308055043220520e-02,5.018095672130584717e-02,-1.907437108457088470e-02,5.352436006069183350e-02,-2.269179094582796097e-03,5.269365385174751282e-02,-4.635029658675193787e-02,1.027470268309116364e-02,3.572104871273040771e-02,-5.618219822645187378e-02,2.847330085933208466e-02,-2.080466225743293762e-02
-1.068355590105056763e-01,-5.876382347196340561e-03,-1.434576064348220825e-01,1.036298274993896484e-01,3.930363953113555908e-01,1.000000000000000000e+00,-2.204145118594169617e-02,1.140733361244201660e-01,3.177638947963714600e-01,6.822667121887207031e-01,-6.318742036819458008e-02,6.319627910852432251e-02,-1.061975676566362381e-02,1.691305786371231079e-01,3.015072047710418701e-01,4.502978920936584473e-01,-1.087806448340415955e-01,-7.283261511474847794e-03,-8.618700504302978516e-02,-3.143407404422760010e-02,1.075316295027732849e-01,4.294618219137191772e-02,-8.888942748308181763e-02,-1.478190813213586807e-02,-8.771029300987720490e-03,2.541775703430175781e-01,1.359283626079559326e-01,4.002931416034698486e-01,4.780611395835876465e-02,1.031295657157897949e-01,6.199153140187263489e-03,4.478440061211585999e-02,-4.980025812983512878e-02,6.507419794797897339e-02,4.329499229788780212e-02,1.064425483345985413e-01,3.255601227283477783e-02,4.723315127193927765e-03,1.914776675403118134e-02,-6.562442332506179810e-02,1.448234077543020248e-02,-2.395634353160858154e-02,-1.177944708615541458e-02,8.415865711867809296e-03,5.907255783677101135e-02,5.160106811672449112e-03,5.207793042063713074e-02,1.412042137235403061e-02,-2.508231205865740776e-03,-3.807181492447853088e-02,-2.169089391827583313e-02,-8.619051426649093628e-02,4.881753027439117432e-02,1.507336366921663284e-02,2.749770693480968475e-02,3.288355469703674316e-02,-1.496236473321914673e-01,-5.944960564374923706e-02,-4.037655144929885864e-02,-8.055227249860763550e-02,6.592685729265213013e-02,1.950814574956893921e-01,1.097313314676284790e-02,9.719525277614593506e-02,7.046380639076232910e-02,4.513056948781013489e-02,3.680557757616043091e-02,9.451532363891601562e-02,-1.163639202713966370e-01,-6.769586354494094849e-02,-2.426669560372829437e-02,-5.022731423377990723e-02,3.423027694225311279e-02,-6.206304952502250671e-02,1.935479231178760529e-02,-4.009566083550453186e-02,-7.453022152185440063e-02,-7.583229988813400269e-02,-1.646166294813156128e-01,-1.244686394929885864e-01,-7.812006771564483643e-02,-8.689900487661361694e-02,1.010986417531967163e-01,1.397531330585479736e-01,-9.909351915121078491e-02,2.922510169446468353e-02,-1.821365952491760254e-02,9.763262420892715454e-02,1.315144896507263184e-01,1.920140385627746582e-01,1.951823532581329346e-01,3.280523419380187988e-02,2.485738694667816162e-01,-1.317207794636487961e-02,5.220661684870719910e-02,5.692141503095626831e-02,-7.673516520299017429e-04,-1.004953682422637939e-02,6.569020450115203857e-02,4.755609855055809021e-02,-4.923405125737190247e-03,-6.828779727220535278e-02,-1.436710264533758163e-02,-5.152375996112823486e-02,-3.708793595433235168e-02,-3.126277355477213860e-03,5.000942945480346680e-02,3.439279971644282341e-03,1.019260361790657043e-01,4.892202094197273254e-02,6.119957659393548965e-03,2.201213873922824860e-02,9.926738217473030090e-03,-3.135736286640167236e-02,-6.206291727721691132e-03,-4.573278594762086868e-03
3.807085156440734863e-01,2.228843271732330322e-01,6.850161552429199219e-01,3.861271440982818604e-01,9.865931421518325806e-02,-2.204145118594169617e-02,1.000000000000000000e+00,3.583501875400543213e-01,1.568969488143920898e-01,-6.680937949568033218e-03,2.994329035282135010e-01,1.808109879493713379e-01,5.222371816635131836e-01,5.589512735605239868e-02,2.503711581230163574e-01,7.695836573839187622e-02,2.744799852371215820e-01,2.325486540794372559e-01,3.473879694938659668e-01,1.965626627206802368e-01,8.629386872053146362e-02,8.019255846738815308e-02,3.666270673274993896e-01,3.234179913997650146e-01,2.071329057216644287e-01,1.199532449245452881e-01,1.253497879952192307e-02,-2.707096748054027557e-02,2.816340923309326172e-01,2.296819984912872314e-01,1.993876248598098755e-01,1.782569736242294312e-01,2.813569009304046631e-01,2.712894380092620850e-01,4.736463725566864014e-02,7.918946444988250732e-03,1.792045682668685913e-01,1.124568376690149307e-02,1.295065432786941528e-01,4.783758893609046936e-02,4.919724911451339722e-02,9.373124688863754272e-02,-4.046072252094745636e-03,5.606085807085037231e-02,4.180236905813217163e-02,1.540179923176765442e-02,2.679297514259815216e-02,5.846469104290008545e-02,6.622748076915740967e-02,-5.595888569951057434e-02,4.323337227106094360e-02,-3.461378440260887146e-02,5.775247514247894287e-02,-2.778200991451740265e-02,2.102172747254371643e-02,-7.711586542427539825e-03,1.571840792894363403e-01,1.772138327360153198e-01,1.418109834194183350e-01,3.582259267568588257e-02,2.630605995655059814e-01,8.147094398736953735e-02,2.911145389080047607e-01,1.186880841851234436e-01,2.719409763813018799e-01,6.674669682979583740e-02,2.220152616500854492e-01,1.319544110447168350e-02,1.714316159486770630e-01,1.395021528005599976e-01,2.457672953605651855e-01,2.065728306770324707e-01,2.188751995563507080e-01,2.825329601764678955e-01,1.118476539850234985e-01,2.321613878011703491e-01,2.828614115715026855e-01,2.124177366495132446e-01,6.437285989522933960e-02,3.148651868104934692e-02,2.395507693290710449e-01,1.227374076843261719e-01,1.689464002847671509e-01,6.055610254406929016e-02,2.869027256965637207e-01,1.070916280150413513e-02,4.526128619909286499e-02,1.971257477998733521e-02,2.820135056972503662e-01,-1.602026633918285370e-02,2.236799746751785278e-01,9.943053871393203735e-02,2.533057332038879395e-01,2.665784657001495361e-01,6.327430903911590576e-02,9.372821450233459473e-02,1.914668530225753784e-01,1.316280364990234375e-01,2.595665454864501953e-01,1.416930109262466431e-01,3.424686789512634277e-01,2.230404019355773926e-01,3.012168407440185547e-01,2.187592983245849609e-01,1.914001703262329102e-01,1.701100170612335205e-01,1.119372844696044922e-01,2.150138467550277710e-01,8.972883224487304688e-03,9.884483367204666138e-02,1.429776698350906372e-01,1.053897365927696228e-01,3.252598643302917480e-01,2.103540599346160889e-01,1.467723250389099121e-01,3.312733490020036697e-03
9.257955849170684814e-02,2.512039840221405029e-01,2.481509149074554443e-01,6.422477960586547852e-01,-3.643256798386573792e-02,1.140733361244201660e-01,3.583501875400543213e-01,1.000000000000000000e+00,3.121928125619888306e-02,1.990950405597686768e-01,-3.257879614830017090e-02,3.822807967662811279e-01,1.664859056472778320e-01,3.730443418025970459e-01,5.605870112776756287e-02,2.047026753425598145e-01,8.264019340276718140e-02,1.689511835575103760e-01,1.592988073825836182e-01,1.787637621164321899e-01,7.187260687351226807e-02,2.983917668461799622e-02,1.407509893178939819e-01,3.337639868259429932e-01,5.679165199398994446e-02,1.238094344735145569e-01,-1.990769803524017334e-01,-1.061879191547632217e-02,1.486820578575134277e-01,2.478296905755996704e-01,1.188371777534484863e-01,3.096229732036590576e-01,1.253013461828231812e-01,2.464577257633209229e-01,4.964077845215797424e-02,1.924588680267333984e-01,3.386087343096733093e-02,1.094878539443016052e-01,-4.635289311408996582e-02,-2.151418942958116531e-03,-4.818031191825866699e-02,-6.436642259359359741e-02,-1.257526725530624390e-01,4.478385299444198608e-02,-4.131196439266204834e-02,-4.067987611051648855e-04,1.741900295019149780e-02,5.030072107911109924e-02,-1.566181890666484833e-02,-6.514987349510192871e-02,3.219909593462944031e-02,2.529131248593330383e-02,3.907141834497451782e-02,-6.104610394686460495e-03,-4.008920863270759583e-02,4.679769650101661682e-02,3.036767803132534027e-02,5.339295789599418640e-02,3.651803359389305115e-02,1.430449634790420532e-01,1.535267978906631470e-01,4.336392581462860107e-01,2.040108293294906616e-01,3.791426420211791992e-01,1.014525592327117920e-01,2.748097479343414307e-01,9.473526477813720703e-02,1.580744981765747070e-01,-4.588709399104118347e-02,-4.372472688555717468e-02,8.730243891477584839e-02,1.458867937326431274e-01,2.973622642457485199e-02,1.809308975934982300e-01,7.592271268367767334e-02,1.300389915704727173e-01,1.051334738731384277e-01,1.586614549160003662e-01,-5.430737044662237167e-03,4.047768563032150269e-02,4.376374930143356323e-02,1.248859316110610962e-01,-7.259137183427810669e-02,1.097163632512092590e-01,-6.377993524074554443e-02,2.211193144321441650e-01,-4.144547879695892334e-02,-1.480643078684806824e-02,-3.506012260913848877e-02,1.567963063716888428e-01,1.822775602340698242e-01,-5.436053872108459473e-02,3.249383270740509033e-01,1.099941655993461609e-01,-1.097011193633079529e-01,-9.268503636121749878e-02,-6.451591849327087402e-02,1.916276849806308746e-02,1.713522523641586304e-01,6.122833490371704102e-02,1.788572967052459717e-01,1.167528331279754639e-01,1.480340510606765747e-01,2.378472089767456055e-01,1.317668613046407700e-02,6.278934329748153687e-02,-5.473910644650459290e-02,9.894682466983795166e-02,-3.857668489217758179e-02,-2.960531972348690033e-02,5.328949540853500366e-02,-1.982837170362472534e-02,1.164055466651916504e-01,1.751517653465270996e-01,5.561942607164382935e-02,-8.402287214994430542e-02
1.126471981406211853e-01,6.010619178414344788e-02,7.361695915460586548e-02,1.324858367443084717e-01,6.653031706809997559e-01,3.177638947963714600e-01,1.568969488143920898e-01,3.121928125619888306e-02,1.000000000000000000e+00,4.905402064323425293e-01,1.643617302179336548e-01,1.482104659080505371e-01,3.260320723056793213e-01,1.845261603593826294e-01,5.794090032577514648e-01,3.614439070224761963e-01,5.211250483989715576e-02,7.570061832666397095e-02,1.121300365775823593e-02,-4.707684740424156189e-02,1.962856054306030273e-01,1.295957863330841064e-01,6.044071167707443237e-02,7.435643672943115234e-02,2.009401768445968628e-01,2.187185585498809814e-01,2.058445215225219727e-01,2.624834775924682617e-01,1.200439035892486572e-01,1.578703671693801880e-01,2.308604270219802856e-01,1.084116175770759583e-01,-1.322838105261325836e-02,5.049719288945198059e-02,-4.964459314942359924e-02,-7.009579241275787354e-02,4.160438850522041321e-02,4.951313603669404984e-03,-6.445877999067306519e-02,-4.673271626234054565e-02,-9.644035249948501587e-02,-3.457397967576980591e-02,3.125431761145591736e-02,1.094474941492080688e-01,2.705553919076919556e-02,-6.636834144592285156e-02,8.740534633398056030e-02,4.766326397657394409e-02,-5.328996106982231140e-02,-6.325851380825042725e-02,-5.728083662688732147e-03,-2.902296930551528931e-02,9.733641892671585083e-02,5.688431859016418457e-02,1.470421105623245239e-01,8.561051636934280396e-02,-9.116362780332565308e-02,3.752642497420310974e-02,-7.543745636940002441e-02,-1.379060000181198120e-01,4.841499030590057373e-02,1.685199514031410217e-02,5.896259099245071411e-02,5.619611591100692749e-02,2.057683914899826050e-01,3.042177297174930573e-02,-2.404097653925418854e-02,-1.049947142601013184e-01,3.174260025843977928e-03,2.563018351793289185e-03,8.670891821384429932e-02,2.060925588011741638e-02,8.208843320608139038e-02,7.710017263889312744e-02,8.430121093988418579e-02,7.402810454368591309e-02,5.421600863337516785e-02,-1.144785550422966480e-03,1.440884359180927277e-02,6.350388377904891968e-02,7.525677978992462158e-02,1.327823381870985031e-02,2.250314801931381226e-01,8.374773710966110229e-02,1.742148846387863159e-01,1.235902309417724609e-01,1.594801992177963257e-01,5.620857700705528259e-02,2.893937230110168457e-01,1.423452347517013550e-01,1.722815036773681641e-01,2.124910056591033936e-01,1.312649548053741455e-01,1.540520936250686646e-01,1.967732980847358704e-02,2.297862060368061066e-02,7.013756781816482544e-02,-7.191065698862075806e-03,6.075394153594970703e-02,1.534458547830581665e-01,-7.636896520853042603e-02,-6.145387887954711914e-02,-6.063324958086013794e-02,-8.999151736497879028e-02,7.057104259729385376e-02,8.983273059129714966e-02,-2.827078849077224731e-02,8.024176955223083496e-02,-4.848620155826210976e-04,8.484770357608795166e-02,5.117111373692750931e-03,-1.875382103025913239e-02,1.412804722785949707e-01,-1.907457038760185242e-02,5.710465088486671448e-02,-1.992463879287242889e-02
-1.219141110777854919e-01,-1.088611260056495667e-01,-1.597477495670318604e-01,1.870638132095336914e-01,4.648768603801727295e-01,6.822667121887207031e-01,-6.680937949568033218e-03,1.990950405597686768e-01,4.905402064323425293e-01,1.000000000000000000e+00,-6.368385255336761475e-02,4.897168651223182678e-02,4.286809638142585754e-02,1.844491809606552124e-01,3.676347434520721436e-01,4.964881837368011475e-01,-1.438494175672531128e-01,-8.928822726011276245e-02,-1.341337263584136963e-01,-1.379034966230392456e-01,8.578471094369888306e-02,-4.918991029262542725e-02,-1.274351477622985840e-01,-1.562704332172870636e-02,-3.910321742296218872e-02,2.142882645130157471e-01,2.184624783694744110e-03,2.828536331653594971e-01,-3.202787786722183228e-02,3.213914856314659119e-02,3.249500319361686707e-02,3.936119750142097473e-02,-1.850535422563552856e-01,-4.242913797497749329e-02,2.026754431426525116e-03,9.263341128826141357e-02,-9.970145672559738159e-02,-1.096012145280838013e-01,-1.499307006597518921e-01,-1.857650727033615112e-01,-1.268701553344726562e-01,-1.670166105031967163e-01,-2.461964450776576996e-02,3.933086618781089783e-02,7.957273721694946289e-02,-3.328946605324745178e-02,1.032498925924301147e-01,4.780383780598640442e-02,1.576297171413898468e-02,-5.360535159707069397e-02,4.435794893652200699e-03,-1.000786051154136658e-01,1.344882994890213013e-01,7.597941160202026367e-02,2.900872752070426941e-02,-1.446484588086605072e-02,-2.224146127700805664e-01,-1.509666293859481812e-01,-1.663706153631210327e-01,-2.050402313470840454e-01,-4.132272303104400635e-02,1.749186515808105469e-01,-6.437468528747558594e-02,7.331451773643493652e-02,1.054036766290664673e-01,1.090298742055892944e-01,-5.942957475781440735e-02,-2.579155191779136658e-02,-1.681365519762039185e-01,-1.216553673148155212e-01,-6.620233505964279175e-02,-1.164267733693122864e-01,-5.852714180946350098e-02,-1.828487217426300049e-01,-6.931079924106597900e-02,-1.241543367505073547e-01,-1.461280733346939087e-01,-1.765230745077133179e-01,-1.742980182170867920e-01,-1.455650478601455688e-01,-1.220505908131599426e-01,-1.224304661154747009e-01,-9.935350157320499420e-03,2.793251164257526398e-02,-1.369218528270721436e-01,-1.464998070150613785e-02,-8.496524393558502197e-02,-9.175625746138393879e-04,4.386132955551147461e-02,1.188860908150672913e-01,2.342705577611923218e-01,7.942062616348266602e-02,2.707248926162719727e-01,-1.983611844480037689e-02,-1.470312662422657013e-02,-5.268853902816772461e-02,-8.685468882322311401e-02,-7.711169123649597168e-02,4.992560483515262604e-03,7.755294442176818848e-02,-1.090000718832015991e-01,-1.693277657032012939e-01,-1.292455196380615234e-01,-1.348958462476730347e-01,-7.027126848697662354e-02,-2.712055295705795288e-02,-6.530626863241195679e-02,-4.942429065704345703e-02,3.283340483903884888e-02,1.156750717200338840e-03,-5.070606246590614319e-02,-1.030165702104568481e-01,-3.936047852039337158e-02,-1.419336795806884766e-01,-1.298846304416656494e-01,-1.021356210112571716e-01
5.639812946319580078e-01,2.372373789548873901e-01,4.242101311683654785e-01,2.070505321025848389e-01,1.539840698242187500e-01,-6.318742036819458008e-02,2.994329035282135010e-01,-3.257879614830017090e-02,1.643617302179336548e-01,-6.368385255336761475e-02,1.000000000000000000e+00,4.107114970684051514e-01,3.386793732643127441e-01,9.367594867944717407e-02,3.743578195571899414e-01,2.025710195302963257e-01,3.057319223880767822e-01,1.941656023263931274e-01,4.284587800502777100e-01,2.354605346918106079e-01,1.801814883947372437e-01,2.058487683534622192e-01,5.224039554595947266e-01,4.214261472225189209e-01,2.858144938945770264e-01,1.138890534639358521e-01,4.025658965110778809e-01,2.712221145629882812e-01,3.636612892150878906e-01,2.349190413951873779e-01,3.425072133541107178e-01,1.697342991828918457e-01,3.190274536609649658e-01,1.711567193269729614e-01,3.190551698207855225e-02,-9.948471933603286743e-02,2.296325117349624634e-01,5.940454080700874329e-02,2.069199830293655396e-01,1.617859452962875366e-01,3.279830142855644226e-02,1.765526235103607178e-01,-6.806443631649017334e-02,-7.362473011016845703e-02,-1.649325937032699585e-01,-2.021879851818084717e-01,-1.126579493284225464e-01,-1.186931133270263672e-01,-2.162771522998809814e-01,-1.875647902488708496e-01,-1.714173704385757446e-01,-1.324353367090225220e-01,-9.500808268785476685e-02,-9.587089717388153076e-02,4.778943024575710297e-03,-2.048168145120143890e-02,1.783985942602157593e-01,2.778928279876708984e-01,-8.834298700094223022e-02,-6.385790556669235229e-02,1.287453174591064453e-01,-6.223626434803009033e-02,2.763580381870269775e-01,-9.382615983486175537e-02,3.348661661148071289e-01,1.398765742778778076e-01,3.484059870243072510e-02,-1.827548146247863770e-01,2.254031896591186523e-01,2.289519459009170532e-01,2.769804596900939941e-01,2.322680801153182983e-01,2.140279263257980347e-01,1.356752514839172363e-01,1.441753506660461426e-01,1.747958660125732422e-01,1.308230906724929810e-01,1.377115100622177124e-01,1.712089627981185913e-01,2.303410768508911133e-01,1.478399187326431274e-01,5.200548842549324036e-02,4.774419665336608887e-01,3.043378591537475586e-01,5.235691070556640625e-01,2.573778629302978516e-01,3.736456632614135742e-01,2.542659640312194824e-01,4.417961835861206055e-01,1.850344389677047729e-01,9.059461206197738647e-02,2.640996873378753662e-01,-2.335011214017868042e-02,4.632835090160369873e-01,8.461174368858337402e-02,9.135930985212326050e-02,2.210593670606613159e-01,1.413455158472061157e-01,3.436474874615669250e-02,1.303417421877384186e-02,7.097738329321146011e-03,1.670632809400558472e-01,2.447896823287010193e-02,2.496774308383464813e-02,1.350404173135757446e-01,1.447070240974426270e-01,1.231625899672508240e-01,2.277190983295440674e-02,9.922855347394943237e-02,1.910545676946640015e-01,9.074373543262481689e-02,4.721015319228172302e-02,1.335641145706176758e-01,1.272360384464263916e-01,1.712122857570648193e-01,1.119270101189613342e-01
3.329156339168548584e-01,4.019548296928405762e-01,2.699944674968719482e-01,5.173379182815551758e-01,1.297119706869125366e-01,6.319627910852432251e-02,1.808109879493713379e-01,3.822807967662811279e-01,1.482104659080505371e-01,4.897168651223182678e-02,4.107114970684051514e-01,1.000000000000000000e+00,3.149244189262390137e-01,5.460270047187805176e-01,2.778012156486511230e-01,4.107522666454315186e-01,2.679425179958343506e-01,3.495580554008483887e-01,2.549648284912109375e-01,2.653358578681945801e-01,2.191874086856842041e-01,3.110315799713134766e-01,3.125400245189666748e-01,4.530940949916839600e-01,2.265214025974273682e-01,1.782075017690658569e-01,2.129341512918472290e-01,2.945456504821777344e-01,3.589596152305603027e-01,3.957540392875671387e-01,2.809260189533233643e-01,3.068697750568389893e-01,2.933354675769805908e-01,3.223257958889007568e-01,-5.034067854285240173e-02,-2.126644179224967957e-02,1.313894391059875488e-01,1.073539257049560547e-01,1.040937602519989014e-01,1.458081007003784180e-01,-6.615352630615234375e-02,1.782182045280933380e-02,-2.086872011423110962e-01,-1.114961653947830200e-01,-2.279308289289474487e-01,-1.547235399484634399e-01,-2.243061959743499756e-01,-2.014283686876296997e-01,-2.359108775854110718e-01,-2.208713293075561523e-01,-1.285882294178009033e-01,-5.465150997042655945e-02,-1.618873476982116699e-01,-1.813706308603286743e-01,-9.523642063140869141e-02,-1.847196742892265320e-02,1.058858409523963928e-01,2.502240240573883057e-01,4.149067029356956482e-02,1.576959043741226196e-01,2.959001362323760986e-01,3.840784132480621338e-01,2.662219703197479248e-01,3.294948339462280273e-01,2.452095001935958862e-01,2.848966121673583984e-01,-2.992332912981510162e-03,2.027039602398872375e-02,7.631841301918029785e-02,4.633428901433944702e-02,2.028835862874984741e-01,2.565064728260040283e-01,1.781408339738845825e-01,2.684639096260070801e-01,2.557172179222106934e-01,2.941978275775909424e-01,4.256732761859893799e-02,1.684908568859100342e-01,2.054748982191085815e-01,2.505280077457427979e-01,1.362490653991699219e-01,1.349434703588485718e-01,1.542227268218994141e-01,2.944314777851104736e-01,2.408897876739501953e-01,4.082103967666625977e-01,2.942928373813629150e-01,2.631387412548065186e-01,3.345516324043273926e-01,3.868854939937591553e-01,4.521741997450590134e-03,-3.345375508069992065e-02,3.155144304037094116e-02,2.341775298118591309e-01,-7.973264157772064209e-02,-8.885433524847030640e-02,5.118166655302047729e-02,7.505270093679428101e-02,3.108682297170162201e-02,-1.559484004974365234e-01,2.258674800395965576e-02,2.707305550575256348e-01,1.455915533006191254e-02,1.618514508008956909e-01,8.510918170213699341e-02,9.076055139303207397e-03,4.032476618885993958e-02,9.206271171569824219e-02,3.487996384501457214e-02,9.679719060659408569e-02,6.065063178539276123e-02,-4.732824489474296570e-02,4.598513990640640259e-02,1.721952110528945923e-01,1.418332308530807495e-01,3.907529264688491821e-02
2.916127741336822510e-01,1.835623681545257568e-01,3.949059844017028809e-01,3.249833881855010986e-01,3.157017230987548828e-01,-1.061975676566362381e-02,5.222371816635131836e-01,1.664859056472778320e-01,3.260320723056793213e-01,4.286809638142585754e-02,3.386793732643127441e-01,3.149244189262390137e-01,1.000000000000000000e+00,3.933534920215606689e-01,4.918832182884216309e-01,3.226205110549926758e-01,4.533448517322540283e-01,3.399872481822967529e-01,1.086730733513832092e-01,1.907870545983314514e-02,1.710541993379592896e-01,2.333844900131225586e-01,2.177057713270187378e-01,3.090021908283233643e-01,2.641263008117675781e-01,1.757385730743408203e-01,1.987641155719757080e-01,1.514625996351242065e-01,3.930611014366149902e-01,3.458710610866546631e-01,3.358191549777984619e-01,3.163352012634277344e-01,1.564542800188064575e-01,2.069596648216247559e-01,-4.456814378499984741e-02,-1.063350662589073181e-01,1.349608600139617920e-01,8.238893002271652222e-02,1.101763695478439331e-01,1.002002209424972534e-01,-7.031849026679992676e-02,3.944012895226478577e-02,-5.925642699003219604e-02,2.355592511594295502e-02,-4.508306086063385010e-02,-2.487502433359622955e-02,-7.795467972755432129e-02,-4.968902096152305603e-02,-6.402646657079458237e-03,-7.844264060258865356e-02,-2.769828774034976959e-02,1.584272086620330811e-02,-4.492415115237236023e-02,-1.357583999633789062e-01,4.035923629999160767e-02,1.229272037744522095e-02,9.363899379968643188e-02,1.716147214174270630e-01,1.673353761434555054e-01,1.992968469858169556e-02,4.009222090244293213e-01,1.141187474131584167e-01,3.075504302978515625e-01,2.606578469276428223e-01,2.714780867099761963e-01,6.385156512260437012e-02,6.755041331052780151e-02,-5.491817742586135864e-02,1.497781872749328613e-01,3.243872523307800293e-02,2.334319949150085449e-01,1.443795263767242432e-01,1.614680141210556030e-01,2.493137419223785400e-01,1.000781580805778503e-01,2.007821947336196899e-01,1.759409159421920776e-01,1.732628196477890015e-01,2.345534116029739380e-01,2.108132839202880859e-01,2.873865067958831787e-01,1.103895530104637146e-01,1.525090485811233521e-01,9.232402592897415161e-02,2.773604094982147217e-01,5.638678744435310364e-02,4.068765044212341309e-02,-4.123659431934356689e-02,4.365639388561248779e-01,1.451473534107208252e-01,1.001011207699775696e-02,-6.459192931652069092e-02,2.728748321533203125e-02,1.325186789035797119e-01,3.036232292652130127e-02,4.318288341164588928e-02,1.654624342918395996e-01,7.125749439001083374e-02,9.962808340787887573e-02,1.524269953370094299e-02,9.230940043926239014e-02,2.566344141960144043e-01,1.129559427499771118e-01,1.306119561195373535e-01,1.390980333089828491e-01,6.715556979179382324e-02,1.026229113340377808e-01,2.345980256795883179e-01,9.048498235642910004e-03,1.235479041934013367e-01,9.429904073476791382e-02,6.138090416789054871e-02,2.353818565607070923e-01,1.345022916793823242e-01,8.186984062194824219e-02,-9.815065190196037292e-03
