1.000000000000000000e+00,5.964680314064025879e-01,4.942988753318786621e-01,3.238307237625122070e-01,2.162533253431320190e-01,1.345260888338088989e-01,5.047984123229980469e-01,3.306404352188110352e-01,8.381330221891403198e-02,-3.677855059504508972e-02,4.301846027374267578e-01,3.336093425750732422e-01,4.651048183441162109e-01,1.988825201988220215e-01,2.499538958072662354e-01,1.491252183914184570e-01,3.361217379570007324e-01,2.461852431297302246e-01,5.635048151016235352e-01,5.070481300354003906e-01,9.394516237080097198e-03,1.716754585504531860e-02,4.436007440090179443e-01,4.011575579643249512e-01,5.624605342745780945e-02,6.237269565463066101e-02,7.619146257638931274e-02,-6.994727300480008125e-05,2.744377553462982178e-01,1.721223890781402588e-01,1.836366206407546997e-01,1.591027528047561646e-01,2.401328682899475098e-01,1.223326250910758972e-01,-2.209531813859939575e-01,-2.481711357831954956e-01,1.169917955994606018e-01,8.194569498300552368e-02,9.082505106925964355e-02,1.379064172506332397e-01,7.252562046051025391e-02,6.799367815256118774e-02,-8.390458673238754272e-02,7.649972289800643921e-02,-7.495678961277008057e-02,1.824307143688201904e-01,6.809420883655548096e-02,1.519808471202850342e-01,1.415251344442367554e-01,2.921983897686004639e-01,3.144941031932830811e-01,2.272879481315612793e-01,6.131078675389289856e-02,2.516668438911437988e-01,1.068125739693641663e-01,1.109533682465553284e-01,7.224213480949401855e-01,5.092144608497619629e-01,4.958738386631011963e-01,3.341568410396575928e-01,3.809183537960052490e-01,2.186685055494308472e-01,3.812893331050872803e-01,1.644347608089447021e-01,1.269778460264205933e-01,2.776437252759933472e-02,7.242817431688308716e-02,4.205726832151412964e-02,5.497489571571350098e-01,3.619930148124694824e-01,8.817982673645019531e-02,8.503749221563339233e-02,8.644464612007141113e-02,-2.811892423778772354e-03,7.139743119478225708e-02,2.024770714342594147e-02,1.279253214597702026e-01,2.689122967422008514e-02,1.347596943378448486e-01,2.677004933357238770e-01,2.151507884263992310e-01,1.790037304162979126e-01,1.328704059123992920e-01,1.919293850660324097e-01,3.292117416858673096e-01,1.546201556921005249e-01,1.483544707298278809e-01,1.680829524993896484e-01,2.221173495054244995e-01,4.920077323913574219e-02,1.402411758899688721e-01,2.020532190799713135e-01,1.088236346840858459e-01,1.755749881267547607e-01,-2.069083154201507568e-01,-1.547479778528213501e-01,-9.530232846736907959e-02,-1.523311133496463299e-03,2.267791330814361572e-01,2.226932644844055176e-01,2.290444076061248779e-01,2.584337294101715088e-01,1.599573343992233276e-01,2.430561780929565430e-01,-1.872166097164154053e-01,-7.204172015190124512e-02,-5.311364680528640747e-02,-1.064149383455514908e-02,-1.725743263959884644e-01,-2.479007840156555176e-01,-5.581689998507499695e-02,2.500833570957183838e-01,2.690095901489257812e-01,2.153395116329193115e-01,3.799852728843688965e-02,-1.937495172023773193e-01
5.964680314064025879e-01,1.000000000000000000e+00,2.594611644744873047e-01,3.276899456977844238e-01,6.234380230307579041e-02,6.949277967214584351e-02,1.811963766813278198e-01,3.999617397785186768e-01,-8.113137632608413696e-02,-4.175320640206336975e-02,3.154411017894744873e-01,4.897557497024536133e-01,2.470970749855041504e-01,4.458379745483398438e-01,8.571428805589675903e-02,1.987885534763336182e-01,3.188378810882568359e-01,3.912566900253295898e-01,5.630974769592285156e-01,5.390331149101257324e-01,2.464773878455162048e-02,5.542105808854103088e-02,2.311808466911315918e-01,2.573420405387878418e-01,-8.697940036654472351e-03,-8.541600778698921204e-03,4.479962959885597229e-02,-5.171868484467267990e-03,2.161682397127151489e-01,2.482791841030120850e-01,1.032058969140052795e-01,8.079151809215545654e-02,1.160250976681709290e-01,8.568959683179855347e-02,-3.073815703392028809e-01,-3.170787096023559570e-01,1.350144594907760620e-01,6.646461784839630127e-02,1.058530882000923157e-01,2.326394468545913696e-01,1.704063862562179565e-01,1.464194208383560181e-01,-7.574295997619628906e-02,1.402294784784317017e-01,-1.259724795818328857e-01,2.441044598817825317e-01,3.885898366570472717e-02,1.416847407817840576e-01,1.742074340581893921e-01,3.672638237476348877e-01,3.818540573120117188e-01,3.481791019439697266e-01,6.383322644978761673e-03,3.096964955329895020e-01,1.617749035358428955e-01,2.335597127676010132e-01,5.788661837577819824e-01,7.456513047218322754e-01,4.463588297367095947e-01,4.185497164726257324e-01,1.554060280323028564e-01,2.824295759201049805e-01,2.316198050975799561e-01,3.858984112739562988e-01,-3.633711859583854675e-02,-5.541190877556800842e-02,-5.659564211964607239e-02,-5.224510282278060913e-02,6.044788956642150879e-01,4.537283182144165039e-01,1.063074523699469864e-04,4.854860529303550720e-02,1.528750509023666382e-01,1.613359451293945312e-01,8.398222178220748901e-02,1.568779498338699341e-01,1.170746237039566040e-01,8.296816796064376831e-02,1.877560019493103027e-01,2.722053229808807373e-01,1.875932216644287109e-01,2.986534833908081055e-01,5.645984411239624023e-02,2.064809203147888184e-01,1.628358364105224609e-01,1.769344657659530640e-01,1.165219768881797791e-01,1.086382269859313965e-01,1.845531016588211060e-01,1.615846306085586548e-01,9.208643436431884766e-02,1.369319558143615723e-01,6.623683869838714600e-02,7.424693554639816284e-02,-1.781646013259887695e-01,-1.320952922105789185e-01,-8.821948617696762085e-02,4.475030675530433655e-02,2.653515040874481201e-01,2.145888507366180420e-01,2.540083527565002441e-01,2.274172902107238770e-01,2.280376106500625610e-01,2.545017302036285400e-01,-1.926826536655426025e-01,-5.660377815365791321e-02,-6.561314314603805542e-02,-7.457301765680313110e-02,-1.083016544580459595e-01,-1.944051533937454224e-01,-9.728524088859558105e-02,1.879503428936004639e-01,1.732263863086700439e-01,2.233871817588806152e-01,-3.236778452992439270e-02,-1.830635964870452881e-01
4.942988753318786621e-01,2.594611644744873047e-01,1.000000000000000000e+00,6.398071050643920898e-01,3.889173567295074463e-01,3.177247047424316406e-01,7.340310215950012207e-01,4.856237173080444336e-01,2.630580365657806396e-01,1.268141716718673706e-01,2.946347594261169434e-01,2.241261154413223267e-01,4.536641240119934082e-01,1.865075230598449707e-01,3.815826177597045898e-01,1.751223057508468628e-01,3.531474620103836060e-02,8.211470395326614380e-02,4.157418310642242432e-01,3.939391374588012695e-01,2.328003197908401489e-01,3.029635250568389893e-01,7.484096288681030273e-01,6.461787819862365723e-01,4.339498281478881836e-01,4.310608506202697754e-01,1.888520866632461548e-01,1.884440630674362183e-01,1.041357666254043579e-01,6.237623095512390137e-02,4.850856959819793701e-01,4.472865164279937744e-01,5.139282345771789551e-01,4.352019131183624268e-01,3.062323331832885742e-01,2.177490890026092529e-01,2.043988257646560669e-01,1.263635158538818359e-01,2.980893254280090332e-01,2.465729564428329468e-01,6.487599015235900879e-02,8.224782347679138184e-02,1.915191113948822021e-01,2.068980224430561066e-02,2.424231022596359253e-01,1.655961759388446808e-02,1.859708577394485474e-01,6.792338192462921143e-02,1.150797531008720398e-01,-7.859524339437484741e-02,4.994477331638336182e-02,-8.120424300432205200e-02,1.390598863363265991e-01,-3.746818378567695618e-02,1.873719841241836548e-01,-1.293253735639154911e-03,4.096527695655822754e-01,2.352183759212493896e-01,3.883118629455566406e-01,3.515242040157318115e-02,6.174661517143249512e-01,1.094535365700721741e-01,2.669340670108795166e-01,6.116069480776786804e-02,5.575885772705078125e-01,4.042573571205139160e-01,5.146527290344238281e-01,3.216225206851959229e-01,4.819437265396118164e-01,3.573423326015472412e-01,2.791554927825927734e-01,2.530176639556884766e-01,8.914932608604431152e-02,2.255157800391316414e-03,1.485773622989654541e-01,5.485554412007331848e-02,2.567335963249206543e-01,1.468597501516342163e-01,8.791176229715347290e-02,5.151297152042388916e-02,1.672481745481491089e-01,2.573497891426086426e-01,-4.471550695598125458e-03,2.634999454021453857e-01,3.397026062011718750e-01,3.028202354907989502e-01,3.411334753036499023e-01,4.197974503040313721e-01,3.292230665683746338e-01,1.581444740295410156e-01,3.508833050727844238e-01,3.652994930744171143e-01,3.265024423599243164e-01,4.540203213691711426e-01,-2.535640895366668701e-01,-2.634177505970001221e-01,-1.237449273467063904e-01,5.598812550306320190e-02,2.526065111160278320e-01,2.029146701097488403e-01,1.242863386869430542e-01,2.329140454530715942e-01,1.395761519670486450e-01,1.397774666547775269e-01,2.530948072671890259e-02,1.608802080154418945e-01,-1.592669337987899780e-01,-1.058345362544059753e-01,-2.034798115491867065e-01,-2.144990861415863037e-01,-3.625529631972312927e-02,2.462239712476730347e-01,1.318981796503067017e-01,1.356827765703201294e-01,1.669558584690093994e-01,-1.121512055397033691e-01
3.238307237625122070e-01,3.276899456977844238e-01,6.398071050643920898e-01,1.000000000000000000e+00,1.924204379320144653e-01,3.367668986320495605e-01,5.092113018035888672e-01,7.623801827430725098e-01,1.470580250024795532e-01,3.625447452068328857e-01,1.209993362426757812e-01,3.156217336654663086e-01,1.983413696289062500e-01,3.105055987834930420e-01,1.614533513784408569e-01,2.459974437952041626e-01,4.246090352535247803e-02,2.414771169424057007e-02,3.501935005187988281e-01,3.744347095489501953e-01,1.370596736669540405e-01,2.538239359855651855e-01,6.008546352386474609e-01,7.531596422195434570e-01,3.332898914813995361e-01,3.875716626644134521e-01,5.316667258739471436e-02,1.159975826740264893e-01,-4.132900387048721313e-02,4.175625741481781006e-02,4.066402316093444824e-01,5.294495820999145508e-01,4.138239920139312744e-01,4.675322473049163818e-01,2.727854251861572266e-01,2.821614742279052734e-01,-5.037528648972511292e-02,-7.726625353097915649e-02,2.061696201562881470e-01,1.587507724761962891e-01,-5.670068785548210144e-02,-9.535951912403106689e-02,1.462798863649368286e-01,-1.039225831627845764e-01,3.548884093761444092e-01,-7.968503236770629883e-02,1.382237821817398071e-01,-1.425912678241729736e-01,1.070406809449195862e-01,-2.441806942224502563e-01,-9.448997676372528076e-02,-2.568393051624298096e-01,8.142891526222229004e-02,-2.223191261291503906e-01,1.108979582786560059e-01,-1.171196699142456055e-01,3.599086701869964600e-01,3.678879737854003906e-01,4.462607204914093018e-01,2.099074125289916992e-01,5.813615918159484863e-01,4.339940249919891357e-01,1.799125075340270996e-01,2.708989381790161133e-01,4.961303472518920898e-01,5.725041627883911133e-01,5.302435755729675293e-01,4.396640956401824951e-01,4.886809289455413818e-01,5.198578834533691406e-01,1.723475567996501923e-02,9.274329990148544312e-02,1.075702309608459473e-01,4.167695343494415283e-02,2.066833674907684326e-01,1.840386092662811279e-01,1.888213902711868286e-01,2.225624620914459229e-01,1.553353071212768555e-01,7.941211760044097900e-02,1.878882497549057007e-01,3.686334788799285889e-01,-1.286303848028182983e-01,1.171999499201774597e-01,9.601005911827087402e-02,3.008497357368469238e-01,3.109635412693023682e-01,3.862860798835754395e-01,2.257840484380722046e-01,2.388374060392379761e-01,4.673909246921539307e-01,1.640490144491195679e-01,4.759820997714996338e-01,3.145316541194915771e-01,-2.793221175670623779e-01,-2.680308222770690918e-01,-2.196813821792602539e-01,-3.415494412183761597e-02,3.289569914340972900e-01,1.886709481477737427e-01,1.219760179519653320e-01,1.381967216730117798e-01,1.530355066061019897e-01,1.242680251598358154e-01,1.059257891029119492e-02,1.315036267042160034e-01,-1.465087383985519409e-01,-1.344167739152908325e-01,-1.735530942678451538e-01,-3.164216279983520508e-01,-2.310651242733001709e-01,8.810383826494216919e-02,-5.992458760738372803e-02,1.753802746534347534e-01,6.170623749494552612e-02,-1.930781304836273193e-01
2.162533253431320190e-01,6.234380230307579041e-02,3.889173567295074463e-01,1.924204379320144653e-01,1.000000000000000000e+00,6.125975251197814941e-01,2.735192477703094482e-01,-7.806105073541402817e-03,5.928118824958801270e-01,3.550516068935394287e-01,2.273330390453338623e-01,3.694859519600868225e-02,4.018683731555938721e-01,6.801050901412963867e-02,5.721958875656127930e-01,3.073597848415374756e-01,4.220476746559143066e-02,4.805305972695350647e-02,8.085480332374572754e-02,3.397765755653381348e-02,3.249628841876983643e-01,3.475853502750396729e-01,3.711732029914855957e-01,2.784715592861175537e-01,4.380857646465301514e-01,3.950251042842864990e-01,6.311450004577636719e-01,5.822045803070068359e-01,-3.568441374227404594e-03,-5.804437026381492615e-02,2.308374047279357910e-01,1.762161254882812500e-01,2.458662390708923340e-01,1.537535041570663452e-01,2.633544504642486572e-01,1.988367140293121338e-01,2.590595185756683350e-01,2.463887482881546021e-01,1.959169507026672363e-01,2.835210561752319336e-01,5.286760628223419189e-02,1.955104321241378784e-01,1.266650855541229248e-01,9.491976350545883179e-02,3.323716670274734497e-02,-1.068315654993057251e-01,1.300135701894760132e-01,8.241451531648635864e-02,-6.062774732708930969e-02,4.241883754730224609e-02,1.232748776674270630e-01,6.884225457906723022e-02,2.026526778936386108e-01,-1.446029916405677795e-02,2.382260859012603760e-01,2.056706398725509644e-01,1.029467210173606873e-01,-9.403117001056671143e-03,2.525502443313598633e-01,-1.434960402548313141e-02,3.253754675388336182e-01,-7.551874965429306030e-02,5.173471197485923767e-02,-1.915414929389953613e-01,3.968330323696136475e-01,2.791172564029693604e-01,2.740432918071746826e-01,1.670411229133605957e-01,2.495436519384384155e-01,1.334500014781951904e-01,3.416598141193389893e-01,2.571968138217926025e-01,1.049606800079345703e-01,5.483032204210758209e-03,8.545216172933578491e-02,1.828322410583496094e-01,2.309986203908920288e-01,1.636061817407608032e-01,5.642457306385040283e-02,6.581574678421020508e-02,4.317537415772676468e-03,1.086545735597610474e-01,1.342100352048873901e-01,1.895778924226760864e-01,4.124674797058105469e-01,3.555555939674377441e-01,2.692542672157287598e-01,3.782864212989807129e-01,4.169826209545135498e-01,3.304071128368377686e-01,2.631391584873199463e-01,3.458030819892883301e-01,1.718758195638656616e-01,3.925977647304534912e-01,-1.129038184881210327e-01,-1.047047600150108337e-01,3.251668438315391541e-02,1.396565735340118408e-01,1.083567887544631958e-01,1.992588043212890625e-01,-1.599414497613906860e-01,6.998525559902191162e-02,-1.066547259688377380e-01,-1.410398632287979126e-03,4.864230751991271973e-02,7.917159795761108398e-02,-7.284483313560485840e-02,-1.730067096650600433e-02,-2.600266784429550171e-02,-8.550612628459930420e-02,-2.866225503385066986e-02,1.846559494733810425e-01,2.117760926485061646e-01,9.963209182024002075e-02,1.330318897962570190e-01,-1.224708408117294312e-01
1.345260888338088989e-01,6.949277967214584351e-02,3.177247047424316406e-01,3.367668986320495605e-01,6.125975251197814941e-01,1.000000000000000000e+00,2.285261750221252441e-01,2.010123729705810547e-01,3.794245421886444092e-01,4.442182183265686035e-01,1.630727052688598633e-01,1.024846136569976807e-01,3.509135842323303223e-01,2.903229892253875732e-01,3.785126209259033203e-01,2.803102433681488037e-01,9.222729131579399109e-04,-4.656339064240455627e-03,1.577135920524597168e-02,2.045591361820697784e-02,2.916050553321838379e-01,3.984079062938690186e-01,2.656327784061431885e-01,3.389136493206024170e-01,4.954293668270111084e-01,5.518560409545898438e-01,6.158504486083984375e-01,6.821873188018798828e-01,-2.254481427371501923e-02,-5.083102360367774963e-02,3.711275458335876465e-01,4.064797163009643555e-01,2.516444027423858643e-01,2.691611051559448242e-01,2.491949200630187988e-01,2.143395692110061646e-01,1.120814606547355652e-01,1.477854549884796143e-01,1.379387229681015015e-01,1.851309537887573242e-01,-1.486995667219161987e-01,5.502754822373390198e-02,1.151357591152191162e-01,2.370565570890903473e-02,1.384672075510025024e-01,-7.662942260503768921e-02,2.697694115340709686e-02,-5.187609419226646423e-02,-5.327697098255157471e-02,-2.364066988229751587e-02,-5.048970133066177368e-02,-9.358264505863189697e-02,9.086485952138900757e-02,-1.313518583774566650e-01,1.395253986120223999e-01,3.389843180775642395e-02,1.068284437060356140e-01,5.206121131777763367e-02,2.485458403825759888e-01,4.520283639430999756e-02,3.591634929180145264e-01,1.502905786037445068e-01,-9.086123853921890259e-02,-4.047170281410217285e-02,3.243524134159088135e-01,4.236238598823547363e-01,2.898402214050292969e-01,2.823401987552642822e-01,2.253642976284027100e-01,1.841997504234313965e-01,2.382287383079528809e-01,2.845351696014404297e-01,1.323106139898300171e-01,-2.884798869490623474e-02,1.101316362619400024e-01,2.563521265983581543e-01,1.708824932575225830e-01,1.898160576820373535e-01,1.208520457148551941e-01,1.006756648421287537e-01,1.175102666020393372e-01,1.989594548940658569e-01,-2.700233273208141327e-02,1.541454493999481201e-01,1.283364444971084595e-01,2.301658391952514648e-01,8.476817607879638672e-02,2.214963734149932861e-01,2.545235157012939453e-01,2.552295327186584473e-01,2.158767729997634888e-01,5.025428161025047302e-02,2.419750243425369263e-01,1.889036148786544800e-01,-1.721555590629577637e-01,-1.079577356576919556e-01,-9.083215147256851196e-02,7.660691440105438232e-02,1.687206178903579712e-01,1.278797239065170288e-01,-4.341421648859977722e-02,8.439237624406814575e-02,2.586490288376808167e-02,4.792370647192001343e-02,-3.901881864294409752e-03,9.344532154500484467e-03,-9.468901902437210083e-02,-8.697953075170516968e-02,-9.156877547502517700e-02,-1.303486227989196777e-01,-9.297333657741546631e-02,1.112687215209007263e-01,2.936571091413497925e-02,1.471517793834209442e-02,2.527011185884475708e-02,-2.130184620618820190e-01
5.047984123229980469e-01,1.811963766813278198e-01,7.340310215950012207e-01,5.092113018035888672e-01,2.735192477703094482e-01,2.285261750221252441e-01,1.000000000000000000e+00,4.994101822376251221e-01,1.247155293822288513e-01,6.831298768520355225e-02,3.708837926387786865e-01,2.461104094982147217e-01,5.216490626335144043e-01,1.164235249161720276e-01,2.544786334037780762e-01,4.864654317498207092e-02,-2.050665579736232758e-02,8.186555653810501099e-02,3.330498039722442627e-01,3.233357965946197510e-01,3.764985501766204834e-02,8.146457374095916748e-02,6.215654015541076660e-01,5.842881798744201660e-01,1.861025691032409668e-01,2.587885260581970215e-01,4.929463937878608704e-02,6.641326099634170532e-02,1.333328932523727417e-01,2.965406887233257294e-02,3.633468747138977051e-01,3.468974232673645020e-01,3.614326417446136475e-01,3.456240296363830566e-01,9.266190975904464722e-02,5.460201576352119446e-02,2.581862732768058777e-02,4.781370237469673157e-02,1.257375776767730713e-01,4.134240001440048218e-02,-3.213531523942947388e-02,9.866232983767986298e-03,3.185484558343887329e-02,-6.277277320623397827e-02,1.771231293678283691e-01,-5.125289782881736755e-02,1.015149354934692383e-01,4.880138672888278961e-03,1.996560581028461456e-02,-1.001841276884078979e-01,-3.741639852523803711e-02,-1.375811398029327393e-01,6.940604746341705322e-02,-3.622449189424514771e-02,1.088475361466407776e-01,-1.438796967267990112e-01,4.356108009815216064e-01,1.941719204187393188e-01,3.883177042007446289e-01,2.187359333038330078e-01,6.013252735137939453e-01,2.751258015632629395e-01,3.508234620094299316e-01,1.481455713510513306e-01,3.387545347213745117e-01,3.411317765712738037e-01,4.160794615745544434e-01,3.211956024169921875e-01,3.446823656558990479e-01,2.747740149497985840e-01,1.894027143716812134e-01,2.007088512182235718e-01,-9.886236861348152161e-03,-1.291415840387344360e-01,7.033120840787887573e-02,-4.518941789865493774e-02,1.441359966993331909e-01,7.001198828220367432e-02,-7.510964572429656982e-02,-4.528689756989479065e-02,8.387048542499542236e-02,6.915569305419921875e-02,-4.970822110772132874e-02,1.404207795858383179e-01,2.098605334758758545e-01,1.529283821582794189e-01,1.225227862596511841e-01,2.389559596776962280e-01,2.096468061208724976e-01,2.926851622760295868e-02,3.410434722900390625e-01,2.685405015945434570e-01,3.065913319587707520e-01,3.088191151618957520e-01,-1.805952787399291992e-01,-2.421412169933319092e-01,-1.424855738878250122e-01,-6.001896038651466370e-02,2.762140035629272461e-01,1.634416878223419189e-01,1.372416168451309204e-01,2.933054566383361816e-01,7.346798479557037354e-02,1.083778515458106995e-01,-7.077334821224212646e-02,4.657601937651634216e-02,-1.380603909492492676e-01,-8.085586875677108765e-02,-1.735489815473556519e-01,-1.155330315232276917e-01,-3.999145328998565674e-02,2.036049813032150269e-01,1.511486470699310303e-01,7.129345089197158813e-02,5.521684512495994568e-02,-1.174320504069328308e-01
3.306404352188110352e-01,3.999617397785186768e-01,4.856237173080444336e-01,7.623801827430725098e-01,-7.806105073541402817e-03,2.010123729705810547e-01,4.994101822376251221e-01,1.000000000000000000e+00,-1.349631100893020630e-01,2.174892276525497437e-01,1.410817950963973999e-01,4.618236124515533447e-01,1.715403795242309570e-01,4.101147055625915527e-01,-4.455164447426795959e-02,1.364240199327468872e-01,3.108245437033474445e-04,1.044941991567611694e-01,3.516718447208404541e-01,3.756688833236694336e-01,-4.453983530402183533e-02,5.375570431351661682e-02,4.592786431312561035e-01,6.523945927619934082e-01,1.383605897426605225e-01,2.312979400157928467e-01,-9.694839268922805786e-02,-3.754064068198204041e-02,-1.315770670771598816e-02,6.454599648714065552e-02,2.579386234283447266e-01,3.779338300228118896e-01,2.381967753171920776e-01,3.458787798881530762e-01,4.907289892435073853e-02,9.400157630443572998e-02,-1.135248616337776184e-01,-1.319468170404434204e-01,1.019670516252517700e-01,3.162061795592308044e-02,-4.529625549912452698e-02,-8.848208189010620117e-02,8.004315197467803955e-02,-3.822426870465278625e-02,2.863553464412689209e-01,-3.412801073864102364e-03,4.600422084331512451e-02,-1.122771054506301880e-01,1.037905961275100708e-01,-1.532336622476577759e-01,-9.775771200656890869e-02,-2.223110049962997437e-01,-1.357387192547321320e-02,-1.655233949422836304e-01,-2.654065564274787903e-02,-2.392677664756774902e-01,3.767452239990234375e-01,4.276335537433624268e-01,4.650006890296936035e-01,3.678649365901947021e-01,5.039850473403930664e-01,5.665078759193420410e-01,2.213424146175384521e-01,4.284852147102355957e-01,2.547416090965270996e-01,4.707666337490081787e-01,3.947952687740325928e-01,3.842089474201202393e-01,3.815073072910308838e-01,4.168981611728668213e-01,-6.747536361217498779e-02,4.293058440089225769e-02,-4.391856119036674500e-02,-5.084365978837013245e-02,1.266352832317352295e-02,3.435701876878738403e-02,6.595828384160995483e-02,1.221428364515304565e-01,6.130107864737510681e-02,9.586882777512073517e-03,1.406824886798858643e-01,2.526034414768218994e-01,-1.035633459687232971e-01,6.297470629215240479e-02,-2.855192124843597412e-02,1.770830750465393066e-01,9.121545404195785522e-02,1.766449064016342163e-01,6.655021011829376221e-02,1.055117174983024597e-01,3.483252823352813721e-01,6.039066240191459656e-02,3.361469805240631104e-01,1.354438662528991699e-01,-2.244250476360321045e-01,-2.268907129764556885e-01,-2.555707693099975586e-01,-1.714613139629364014e-01,3.284844756126403809e-01,1.581124812364578247e-01,1.941825747489929199e-01,1.889152973890304565e-01,1.442225873470306396e-01,1.329049766063690186e-01,-1.054128631949424744e-01,4.797503724694252014e-02,-8.753029257059097290e-02,-1.032114326953887939e-01,-1.253482401371002197e-01,-2.721463441848754883e-01,-2.682286500930786133e-01,2.858299948275089264e-02,-3.166988119482994080e-02,1.385108232498168945e-01,1.178549064206890762e-04,-2.038019150495529175e-01
8.381330221891403198e-02,-8.113137632608413696e-02,2.630580365657806396e-01,1.470580250024795532e-01,5.928118824958801270e-01,3.794245421886444092e-01,1.247155293822288513e-01,-1.349631100893020630e-01,1.000000000000000000e+00,5.380368828773498535e-01,1.998816877603530884e-01,-3.061917237937450409e-02,2.680935263633728027e-01,-1.336428429931402206e-02,6.077225208282470703e-01,3.905706107616424561e-01,2.229030281305313110e-01,-4.363044351339340210e-02,6.158802285790443420e-02,3.998257219791412354e-02,2.846283018589019775e-01,2.762109339237213135e-01,3.434237837791442871e-01,2.342261523008346558e-01,3.241736590862274170e-01,3.090077340602874756e-01,3.786343932151794434e-01,3.442290425300598145e-01,1.274261325597763062e-01,1.381621658802032471e-01,2.742589414119720459e-01,3.047270178794860840e-01,3.018977642059326172e-01,2.158052623271942139e-01,2.703738808631896973e-01,2.699129879474639893e-01,8.669923990964889526e-02,5.954063683748245239e-02,9.065932780504226685e-02,1.449827551841735840e-01,-7.288312911987304688e-02,-7.475590705871582031e-02,1.466287374496459961e-01,-2.123910188674926758e-02,8.784224092960357666e-02,-8.458233624696731567e-02,1.614891141653060913e-01,2.918523037806153297e-03,-5.419929325580596924e-02,-3.187915682792663574e-02,1.086151525378227234e-01,3.891552239656448364e-02,2.039785832166671753e-01,-6.619507446885108948e-03,2.662933468818664551e-01,2.682145237922668457e-01,3.552747517824172974e-02,-1.151475906372070312e-01,9.941317141056060791e-02,-1.500533968210220337e-01,2.501524686813354492e-01,-6.183549389243125916e-02,1.085941642522811890e-01,-2.476087212562561035e-01,3.353808522224426270e-01,1.841122359037399292e-01,1.951804757118225098e-01,1.211668327450752258e-01,2.038466036319732666e-01,1.569848209619522095e-01,2.058334946632385254e-01,1.893175542354583740e-01,3.786178529262542725e-01,2.323362529277801514e-01,3.618564903736114502e-01,3.527727127075195312e-01,3.917306661605834961e-01,3.459371030330657959e-01,2.820659577846527100e-01,2.800867259502410889e-01,1.653442084789276123e-01,2.599338591098785400e-01,2.661045454442501068e-02,1.408824026584625244e-01,3.467203080654144287e-01,2.058535963296890259e-01,3.761562108993530273e-01,3.346679210662841797e-01,3.831816017627716064e-01,2.895180583000183105e-01,2.548480927944183350e-01,2.551130950450897217e-01,2.189602553844451904e-01,3.475755453109741211e-01,-5.253585427999496460e-02,-6.919433921575546265e-02,6.612794101238250732e-02,1.964120864868164062e-01,7.588084321469068527e-03,1.455626189708709717e-01,-1.354824006557464600e-01,-6.499256473034620285e-03,-4.980051890015602112e-02,1.375346473651006818e-04,1.882526874542236328e-01,1.247696056962013245e-01,-2.002808451652526855e-02,-5.001424252986907959e-02,-6.361484527587890625e-03,-1.115561425685882568e-01,5.351543053984642029e-02,1.637504249811172485e-01,3.443568572402000427e-02,1.363604068756103516e-01,1.502429544925689697e-01,-8.507259190082550049e-02
-3.677855059504508972e-02,-4.175320640206336975e-02,1.268141716718673706e-01,3.625447452068328857e-01,3.550516068935394287e-01,4.442182183265686035e-01,6.831298768520355225e-02,2.174892276525497437e-01,5.380368828773498535e-01,1.000000000000000000e+00,-1.208092924207448959e-02,9.212922304868698120e-02,3.506774082779884338e-02,4.678143560886383057e-02,3.402006626129150391e-01,5.181583762168884277e-01,1.164449080824851990e-01,-4.071157425642013550e-02,5.557129159569740295e-02,4.578479006886482239e-02,1.967222839593887329e-01,2.601693272590637207e-01,2.538043558597564697e-01,3.556260764598846436e-01,1.948781311511993408e-01,2.452028393745422363e-01,2.282316535711288452e-01,2.733650207519531250e-01,8.394353091716766357e-03,1.110121309757232666e-01,1.631766259670257568e-01,2.922592461109161377e-01,1.733435541391372681e-01,2.079136222600936890e-01,2.446460574865341187e-01,2.762084603309631348e-01,-7.937340438365936279e-02,-7.318403571844100952e-02,2.331980317831039429e-02,6.535059213638305664e-02,-1.305591315031051636e-01,-1.294818967580795288e-01,1.361461728811264038e-01,-7.641160488128662109e-02,2.045408189296722412e-01,-1.124397516250610352e-01,2.261491268873214722e-01,-8.763890713453292847e-02,-5.583131313323974609e-02,-1.858564317226409912e-01,-5.738749727606773376e-02,-1.420176625251770020e-01,1.658478528261184692e-01,-9.235186129808425903e-02,1.719302684068679810e-01,7.017337530851364136e-02,-1.711753755807876587e-02,3.722055628895759583e-02,9.687723219394683838e-02,-1.681043393909931183e-02,2.617681324481964111e-01,2.374776005744934082e-01,6.023589149117469788e-02,4.984930530190467834e-02,2.328943014144897461e-01,3.207048475742340088e-01,2.234015464782714844e-01,2.104859054088592529e-01,1.686907708644866943e-01,2.669878005981445312e-01,1.040001213550567627e-01,1.697476506233215332e-01,3.014318048954010010e-01,1.408939957618713379e-01,2.583947777748107910e-01,3.395839333534240723e-01,2.123791277408599854e-01,2.313524782657623291e-01,2.715429067611694336e-01,1.677909642457962036e-01,2.293033599853515625e-01,2.937475144863128662e-01,-9.302476420998573303e-03,2.819826267659664154e-02,1.827838122844696045e-01,2.543771266937255859e-01,2.521978318691253662e-01,3.005733489990234375e-01,2.093802094459533691e-01,3.396921157836914062e-01,4.332839548587799072e-01,2.024739980697631836e-01,3.477450907230377197e-01,2.669401764869689941e-01,-6.969103962182998657e-02,-7.047533988952636719e-02,4.100391233805567026e-04,1.481710225343704224e-01,1.656189262866973877e-01,1.855857074260711670e-01,-6.489283591508865356e-02,-1.830629073083400726e-02,-2.740300260484218597e-02,2.407704666256904602e-02,1.183504909276962280e-01,8.506742119789123535e-02,-6.907542049884796143e-02,1.758757792413234711e-02,3.304136171936988831e-02,-1.577658355236053467e-01,-2.250743843615055084e-02,5.252119526267051697e-02,-5.299136042594909668e-02,1.677129417657852173e-01,7.389155775308609009e-02,-1.477635055780410767e-01
4.301846027374267578e-01,3.154411017894744873e-01,2.946347594261169434e-01,1.209993362426757812e-01,2.273330390453338623e-01,1.630727052688598633e-01,3.708837926387786865e-01,1.410817950963973999e-01,1.998816877603530884e-01,-1.208092924207448959e-02,1.000000000000000000e+00,4.200984835624694824e-01,6.681149601936340332e-01,3.528590798377990723e-01,3.503420054912567139e-01,2.499221712350845337e-01,3.102216124534606934e-01,3.524494469165802002e-01,3.740737438201904297e-01,3.707303106784820557e-01,1.309898346662521362e-01,6.135955825448036194e-02,2.870337963104248047e-01,2.663371860980987549e-01,1.467010974884033203e-01,1.541550904512405396e-01,9.498465806245803833e-02,5.534433946013450623e-02,4.772847890853881836e-01,2.927291989326477051e-01,2.247386872768402100e-01,2.400889992713928223e-01,1.588595062494277954e-01,8.293412625789642334e-02,-1.080602332949638367e-01,-1.008084341883659363e-01,1.881533265113830566e-01,1.359673440456390381e-01,6.662800908088684082e-02,4.592664539813995361e-02,3.163725882768630981e-02,7.830733060836791992e-02,3.709224238991737366e-02,8.101169019937515259e-02,-5.699354410171508789e-02,6.044958159327507019e-02,3.211912885308265686e-02,-4.208826273679733276e-02,-5.220457911491394043e-03,2.384679019451141357e-01,2.006305605173110962e-01,1.914322376251220703e-01,6.956808269023895264e-02,1.635779887437820435e-01,2.282419204711914062e-01,1.473890841007232666e-01,4.438088834285736084e-01,2.972362935543060303e-01,3.039816021919250488e-01,2.185442745685577393e-01,3.228714466094970703e-01,1.831878423690795898e-01,4.152347743511199951e-01,2.569130957126617432e-01,6.041674688458442688e-02,7.173502352088689804e-03,8.843830227851867676e-02,6.394988298416137695e-02,3.949121832847595215e-01,2.477168589830398560e-01,3.039741218090057373e-01,3.343376219272613525e-01,2.090434730052947998e-01,6.107332184910774231e-02,1.240890100598335266e-01,6.829037517309188843e-02,3.083663284778594971e-01,2.093395143747329712e-01,1.388697624206542969e-01,1.454214900732040405e-01,2.608951032161712646e-01,1.980901509523391724e-01,1.231555715203285217e-01,3.405121862888336182e-01,3.183257877826690674e-01,1.984693706035614014e-01,1.786650568246841431e-01,1.874756366014480591e-01,3.159906268119812012e-01,1.241574883460998535e-01,1.883977204561233521e-01,2.116469144821166992e-01,1.502072364091873169e-01,1.288261562585830688e-01,-1.402902752161026001e-01,-1.761714220046997070e-01,-1.263484060764312744e-01,-7.136532664299011230e-02,2.611064612865447998e-01,1.914565563201904297e-01,2.551890313625335693e-01,2.987308800220489502e-01,2.245326638221740723e-01,2.137453109025955200e-01,3.975094296038150787e-04,-3.694602102041244507e-02,1.265794783830642700e-02,-8.721425384283065796e-02,-1.000292897224426270e-01,-1.131285279989242554e-01,-6.279414892196655273e-02,2.624615132808685303e-01,2.475344985723495483e-01,1.032283678650856018e-01,3.500816971063613892e-02,-4.483418911695480347e-02
3.336093425750732422e-01,4.897557497024536133e-01,2.241261154413223267e-01,3.156217336654663086e-01,3.694859519600868225e-02,1.024846136569976807e-01,2.461104094982147217e-01,4.618236124515533447e-01,-3.061917237937450409e-02,9.212922304868698120e-02,4.200984835624694824e-01,1.000000000000000000e+00,3.632574975490570068e-01,6.178097724914550781e-01,1.022017896175384521e-01,3.625285923480987549e-01,2.966539561748504639e-01,4.225253462791442871e-01,3.910054266452789307e-01,4.555843770503997803e-01,6.274777650833129883e-02,2.494805864989757538e-02,2.652209401130676270e-01,3.347351253032684326e-01,3.451754525303840637e-02,5.237455666065216064e-02,-2.769613079726696014e-02,-5.008397996425628662e-02,3.387179076671600342e-01,3.998954892158508301e-01,2.172967642545700073e-01,2.367037087678909302e-01,2.372196167707443237e-01,2.702001333236694336e-01,-1.859304755926132202e-01,-1.655003726482391357e-01,8.212275058031082153e-02,7.541567087173461914e-03,1.094030067324638367e-01,9.618996083736419678e-02,1.057645380496978760e-01,1.363960802555084229e-01,1.154208928346633911e-01,1.891297399997711182e-01,-2.199746482074260712e-02,1.317799687385559082e-01,8.668120205402374268e-02,1.965008303523063660e-02,8.012157678604125977e-02,2.023056745529174805e-01,2.303829044103622437e-01,2.059155404567718506e-01,-2.138081006705760956e-03,1.858428567647933960e-01,2.194020152091979980e-01,1.459373086690902710e-01,3.642655611038208008e-01,4.171969890594482422e-01,2.810294628143310547e-01,3.505870699882507324e-01,2.883913516998291016e-01,3.966439068317413330e-01,3.809717595577239990e-01,4.699548780918121338e-01,-8.980135433375835419e-03,9.437844902276992798e-02,5.405604094266891479e-02,1.017476618289947510e-01,3.604490160942077637e-01,2.968935370445251465e-01,1.691848188638687134e-01,2.465514540672302246e-01,1.030196174979209900e-01,1.867362856864929199e-01,3.346276702359318733e-03,1.549584120512008667e-01,1.790377050638198853e-01,1.841741949319839478e-01,1.233198717236518860e-01,1.365473717451095581e-01,2.021821290254592896e-01,2.454218864440917969e-01,6.136909127235412598e-02,2.335693538188934326e-01,2.073042243719100952e-01,2.385759055614471436e-01,1.100102737545967102e-01,1.063060984015464783e-01,2.144634276628494263e-01,2.099909335374832153e-01,1.891321837902069092e-01,1.498051136732101440e-01,1.873867809772491455e-01,1.051228716969490051e-01,-1.720557212829589844e-01,-2.014227807521820068e-01,-1.507559269666671753e-01,-3.173318132758140564e-02,3.866321146488189697e-01,2.716972231864929199e-01,3.737216591835021973e-01,2.832570374011993408e-01,1.963027864694595337e-01,2.171573936939239502e-01,-1.520482748746871948e-01,-5.664948839694261551e-03,-1.008977890014648438e-01,3.074622899293899536e-02,-6.346312165260314941e-02,-2.368452548980712891e-01,-8.631362766027450562e-02,2.523728609085083008e-01,1.692909747362136841e-01,1.725496649742126465e-01,-4.623741842806339264e-03,-1.864272505044937134e-01
4.651048183441162109e-01,2.470970749855041504e-01,4.536641240119934082e-01,1.983413696289062500e-01,4.018683731555938721e-01,3.509135842323303223e-01,5.216490626335144043e-01,1.715403795242309570e-01,2.680935263633728027e-01,3.506774082779884338e-02,6.681149601936340332e-01,3.632574975490570068e-01,1.000000000000000000e+00,3.688694536685943604e-01,4.980180561542510986e-01,2.341224253177642822e-01,1.713330000638961792e-01,2.275674194097518921e-01,2.880870997905731201e-01,2.531500160694122314e-01,1.427351534366607666e-01,1.422161310911178589e-01,3.872359693050384521e-01,3.196989595890045166e-01,2.039373666048049927e-01,2.071759253740310669e-01,1.765422374010086060e-01,1.581757664680480957e-01,3.366238474845886230e-01,1.186247318983078003e-01,2.873736619949340820e-01,2.497161626815795898e-01,1.664149910211563110e-01,8.833263069391250610e-02,-5.132549256086349487e-02,-9.533134847879409790e-02,1.725549548864364624e-01,1.492927074432373047e-01,9.503315389156341553e-02,1.009373962879180908e-01,-2.471761032938957214e-02,9.769114106893539429e-02,-4.030398093163967133e-03,2.143616788089275360e-02,-6.292033195495605469e-02,-6.639127433300018311e-02,3.566814586520195007e-02,-3.327704221010208130e-02,-7.789531350135803223e-02,1.441798657178878784e-01,1.745766848325729370e-01,1.202390789985656738e-01,2.201147675514221191e-01,1.336480528116226196e-01,2.060483545064926147e-01,1.011369153857231140e-01,4.033530950546264648e-01,2.250626236200332642e-01,3.787733316421508789e-01,2.087936550378799438e-01,4.781245589256286621e-01,1.836771070957183838e-01,3.327068686485290527e-01,1.487478762865066528e-01,1.930095404386520386e-01,1.582688540220260620e-01,1.145260035991668701e-01,7.858001440763473511e-02,3.635853528976440430e-01,2.159717828035354614e-01,3.141406774520874023e-01,3.351294398307800293e-01,1.407103091478347778e-01,-5.018024519085884094e-02,1.213754117488861084e-01,5.660816654562950134e-02,2.519025504589080811e-01,1.103272661566734314e-01,6.905484944581985474e-02,8.895995467901229858e-02,1.902980953454971313e-01,1.172429695725440979e-01,1.048586517572402954e-01,2.941711246967315674e-01,3.553725183010101318e-01,2.210362702608108521e-01,1.220986470580101013e-01,1.921946406364440918e-01,3.616431653499603271e-01,1.562417000532150269e-01,2.623383998870849609e-01,2.741721272468566895e-01,2.146137654781341553e-01,2.653128504753112793e-01,-1.977361291646957397e-01,-2.144328653812408447e-01,-1.491227746009826660e-01,-4.454191774129867554e-02,2.951281964778900146e-01,2.706940770149230957e-01,2.328071892261505127e-01,3.915008604526519775e-01,2.241186052560806274e-01,2.538693845272064209e-01,-5.975605919957160950e-02,-4.566907882690429688e-02,-4.102140199393033981e-03,-7.201848179101943970e-02,-1.234919652342796326e-01,-1.891538053750991821e-01,-9.893471002578735352e-02,2.349327504634857178e-01,2.556416392326354980e-01,1.052953153848648071e-01,9.856593608856201172e-02,-1.060283556580543518e-01
