1.000000000000000000e+00,4.646825790405273438e-01,4.325479269027709961e-01,5.013148784637451172e-01,1.688584238290786743e-01,2.267568707466125488e-01,3.904176950454711914e-01,4.414592981338500977e-01,1.947028636932373047e-01,3.576999604701995850e-01,6.619350910186767578e-01,3.590168952941894531e-01,5.643565058708190918e-01,3.309906423091888428e-01,1.873580664396286011e-01,1.543543189764022827e-01,3.786867558956146240e-01,1.832912415266036987e-01,2.989566028118133545e-01,5.207488536834716797e-01,4.103202372789382935e-02,2.797663956880569458e-02,1.788229495286941528e-01,2.583840787410736084e-01,2.896564304828643799e-01,2.071382850408554077e-01,2.324932217597961426e-01,1.307565867900848389e-01,3.690205812454223633e-01,2.000284045934677124e-01,1.229901090264320374e-01,3.160933852195739746e-01,3.254327774047851562e-01,2.615722715854644775e-01,9.679821133613586426e-02,1.549287606030702591e-02,4.414059221744537354e-01,1.668000072240829468e-01,1.671884655952453613e-01,-5.196720734238624573e-02,1.398782432079315186e-01,2.387648373842239380e-01,3.127743899822235107e-01,1.911755055189132690e-01,3.496443331241607666e-01,1.648336499929428101e-01,2.314141839742660522e-01,7.020292803645133972e-03,3.805525302886962891e-01,2.225929051637649536e-01,5.222579240798950195e-01,1.855210214853286743e-01,3.858904540538787842e-01,7.495628297328948975e-02,2.152182608842849731e-01,-1.114482283592224121e-01,7.139835953712463379e-01,3.809535503387451172e-01,6.410953402519226074e-01,3.554092347621917725e-01,5.824714303016662598e-01,2.804483473300933838e-01,4.852688014507293701e-01,9.606724232435226440e-02,4.220885932445526123e-01,1.410775035619735718e-01,4.887802302837371826e-01,4.813316166400909424e-01,6.153453588485717773e-01,5.628299713134765625e-01,1.605178713798522949e-01,1.424106210470199585e-01,2.868777811527252197e-01,2.623383700847625732e-01,-4.197679087519645691e-02,-5.817079916596412659e-02,1.404475569725036621e-01,1.117969378829002380e-01,9.898697584867477417e-02,-1.352837681770324707e-02,4.597749710083007812e-01,1.009639799594879150e-01,4.027485847473144531e-01,-2.470054477453231812e-02,4.544779062271118164e-01,9.941495209932327271e-02,2.297107428312301636e-01,4.235725104808807373e-02,2.150164246559143066e-01,-2.674188092350959778e-02,2.498768568038940430e-01,8.444122038781642914e-03,1.971076726913452148e-01,5.566201731562614441e-02,1.146366354078054428e-02,-9.174171090126037598e-02,8.134789019823074341e-02,-1.260246634483337402e-01,1.294964402914047241e-01,-5.536958575248718262e-02,2.337687015533447266e-01,-3.542427346110343933e-02,1.596343815326690674e-01,-1.262733042240142822e-01,-2.330121584236621857e-02,4.607156664133071899e-02,2.892600372433662415e-02,-9.907282888889312744e-02,-8.335997164249420166e-02,-1.046684086322784424e-01,-4.003204777836799622e-02,-2.864021807909011841e-03,1.685895323753356934e-01,9.228160977363586426e-02,1.048038080334663391e-01,1.519265174865722656e-01
4.646825790405273438e-01,1.000000000000000000e+00,2.237268537282943726e-01,2.986003756523132324e-01,1.771340966224670410e-01,2.027554959058761597e-01,2.576657384634017944e-02,4.406982958316802979e-01,3.055899739265441895e-01,2.306988537311553955e-01,3.487460613250732422e-01,5.400109887123107910e-01,2.567728161811828613e-01,4.598794281482696533e-01,1.984937340021133423e-01,3.459757566452026367e-01,2.982099652290344238e-01,6.073867082595825195e-01,1.717852205038070679e-01,2.707551717758178711e-01,1.192291527986526489e-01,2.092068493366241455e-01,1.844274103641510010e-01,1.287269294261932373e-01,2.412384152412414551e-01,2.033628821372985840e-01,1.972753703594207764e-01,7.680710405111312866e-02,1.492010951042175293e-01,3.819510638713836670e-01,1.117764338850975037e-01,2.018218785524368286e-01,3.487187922000885010e-01,3.200267255306243896e-01,-2.445275662466883659e-03,-5.768112838268280029e-02,2.045412510633468628e-01,2.891965210437774658e-01,9.337038546800613403e-02,2.010125219821929932e-01,2.087871581315994263e-01,3.355802893638610840e-01,4.603614509105682373e-01,4.111965298652648926e-01,3.321538567543029785e-01,3.615566492080688477e-01,1.836321204900741577e-01,1.198175400495529175e-01,3.875100314617156982e-01,4.646964967250823975e-01,4.334559142589569092e-01,6.118573546409606934e-01,3.828497529029846191e-01,4.519341588020324707e-01,2.319166958332061768e-01,2.026376277208328247e-01,5.030967593193054199e-01,8.154561519622802734e-01,3.494445681571960449e-01,3.720875084400177002e-01,3.552913367748260498e-01,5.340102314949035645e-01,3.137306272983551025e-01,4.906210005283355713e-01,1.978371888399124146e-01,2.762137353420257568e-01,4.235557913780212402e-01,4.220872819423675537e-01,5.239022970199584961e-01,5.424353480339050293e-01,1.404267251491546631e-01,1.446439325809478760e-01,1.694750189781188965e-01,3.464738130569458008e-01,2.528929151594638824e-02,1.600872725248336792e-01,6.175248697400093079e-02,8.742520213127136230e-02,1.402495056390762329e-01,2.179272919893264771e-01,3.957953751087188721e-01,4.401889443397521973e-01,2.799845635890960693e-01,3.550928533077239990e-01,4.092368483543395996e-01,4.363517463207244873e-01,2.598090469837188721e-01,1.850770860910415649e-01,2.963027656078338623e-01,4.565793871879577637e-01,2.404209971427917480e-01,4.091044664382934570e-01,3.029552996158599854e-01,4.871823489665985107e-01,-4.863074421882629395e-02,-2.179654873907566071e-02,1.055203378200531006e-02,-4.601252730935811996e-03,1.695473641157150269e-01,2.329613268375396729e-01,2.838363349437713623e-01,3.102009892463684082e-01,1.517304033041000366e-01,1.505860090255737305e-01,1.328495293855667114e-01,2.183343470096588135e-01,3.074532374739646912e-02,1.990491151809692383e-01,1.140281744301319122e-02,-1.141616255044937134e-01,-1.192513778805732727e-01,6.187247112393379211e-02,2.872962951660156250e-01,2.140586525201797485e-01,1.342154443264007568e-01,2.067925333976745605e-01
4.325479269027709961e-01,2.237268537282943726e-01,1.000000000000000000e+00,7.343623042106628418e-01,1.744236946105957031e-01,2.566017210483551025e-01,7.126120924949645996e-01,5.410906672477722168e-01,2.698353230953216553e-01,3.228524029254913330e-01,3.796351552009582520e-01,5.389201641082763672e-02,4.808301329612731934e-01,2.104416042566299438e-01,1.323870718479156494e-01,6.454379856586456299e-02,2.564282119274139404e-01,2.272019833326339722e-01,4.494486749172210693e-01,6.002781391143798828e-01,5.545222759246826172e-02,4.237541183829307556e-02,5.128020048141479492e-01,6.016151309013366699e-01,3.527717888355255127e-01,3.242961168289184570e-01,2.058562487363815308e-01,1.911249309778213501e-01,3.567453622817993164e-01,1.770192980766296387e-01,4.184970855712890625e-01,5.151928067207336426e-01,5.120154023170471191e-01,5.410468578338623047e-01,2.608883082866668701e-01,1.522001624107360840e-01,4.153348207473754883e-01,2.525472939014434814e-01,1.799578666687011719e-01,-5.760307982563972473e-02,-1.958860084414482117e-02,4.472732543945312500e-02,2.526228427886962891e-01,1.710068881511688232e-01,1.361817121505737305e-01,6.843770295381546021e-02,2.751440405845642090e-01,1.492905914783477783e-01,4.063213244080543518e-02,-7.016573846340179443e-02,1.701950877904891968e-01,-2.884334325790405273e-02,2.640276849269866943e-01,1.983015798032283783e-02,2.052880972623825073e-01,1.270873937755823135e-02,4.091975092887878418e-01,1.389307528734207153e-01,1.458885520696640015e-01,4.929534625262022018e-03,1.642311066389083862e-01,-3.088884986937046051e-02,3.022485375404357910e-01,6.587815005332231522e-03,1.281328033655881882e-02,-1.249497756361961365e-01,1.702479273080825806e-01,2.062484771013259888e-01,2.123126238584518433e-01,2.098821401596069336e-01,2.384451031684875488e-01,2.215383350849151611e-01,2.272024899721145630e-01,2.026420831680297852e-01,9.961184859275817871e-02,-3.366905823349952698e-02,2.955364882946014404e-01,3.075058758258819580e-01,1.532498598098754883e-01,1.572488099336624146e-01,2.755487263202667236e-01,3.792438283562660217e-02,2.090764939785003662e-01,-7.887783646583557129e-02,1.898105293512344360e-01,4.453224688768386841e-02,1.399907022714614868e-01,6.791182607412338257e-02,2.279718518257141113e-01,1.883971244096755981e-01,2.101407051086425781e-01,9.233672916889190674e-02,2.150456160306930542e-01,2.338750362396240234e-01,4.023795574903488159e-02,2.447059005498886108e-02,1.891055554151535034e-01,3.559199720621109009e-02,1.694965660572052002e-01,1.335756033658981323e-01,2.151861637830734253e-01,1.817162930965423584e-01,2.319675087928771973e-01,1.444106847047805786e-01,5.106922239065170288e-02,2.683764100074768066e-01,2.377874851226806641e-01,-2.680162712931632996e-02,-3.768073767423629761e-02,3.898877417668700218e-03,8.307137340307235718e-02,2.438357472419738770e-01,2.801004052162170410e-01,3.285956978797912598e-01,2.152560055255889893e-01,1.292395144701004028e-01
5.013148784637451172e-01,2.986003756523132324e-01,7.343623042106628418e-01,1.000000000000000000e+00,6.858170777559280396e-02,1.987866908311843872e-01,7.036773562431335449e-01,5.387963056564331055e-01,2.584765553474426270e-01,4.089462161064147949e-01,3.564261496067047119e-01,6.989521533250808716e-02,4.145127832889556885e-01,1.467780172824859619e-01,4.346115142107009888e-02,-1.112693324685096741e-01,2.535330057144165039e-01,2.363905310630798340e-01,4.115831851959228516e-01,6.979277133941650391e-01,-5.258880089968442917e-03,2.692881412804126740e-02,5.595398545265197754e-01,7.298632264137268066e-01,3.282521367073059082e-01,3.546817600727081299e-01,1.210235059261322021e-01,1.263149678707122803e-01,2.133683413267135620e-01,7.856728881597518921e-02,4.103887677192687988e-01,5.478090643882751465e-01,4.724135398864746094e-01,5.193353295326232910e-01,1.919336318969726562e-01,7.387468218803405762e-02,3.915989100933074951e-01,1.781095117330551147e-01,1.917794048786163330e-01,-1.313413232564926147e-01,-1.556796729564666748e-01,1.732074469327926636e-02,1.765902638435363770e-01,1.072697639465332031e-01,9.203495085239410400e-02,1.758683472871780396e-03,1.147912368178367615e-01,2.803876809775829315e-02,-3.681531548500061035e-02,-8.880651742219924927e-02,1.194801107048988342e-01,-4.219912365078926086e-02,1.748005747795104980e-01,3.169231861829757690e-02,1.441305726766586304e-01,-6.468168646097183228e-02,4.980705976486206055e-01,1.908745616674423218e-01,1.772363483905792236e-01,2.246254682540893555e-02,2.076702862977981567e-01,1.071520894765853882e-02,3.347419798374176025e-01,3.607562184333801270e-02,-2.558908658102154732e-03,-1.551818996667861938e-01,1.378112435340881348e-01,2.227266281843185425e-01,2.336538881063461304e-01,2.953520417213439941e-01,2.107064425945281982e-01,2.025177180767059326e-01,1.314349025487899780e-01,2.225954830646514893e-01,6.577464193105697632e-02,-6.212379410862922668e-02,1.628460437059402466e-01,2.316502034664154053e-01,1.884187906980514526e-01,1.917175054550170898e-01,2.276622354984283447e-01,3.176423162221908569e-02,1.677599400281906128e-01,-1.640236526727676392e-01,1.334079355001449585e-01,3.838411346077919006e-02,1.204911693930625916e-01,1.770585626363754272e-01,1.722802519798278809e-01,1.721748411655426025e-01,1.229968294501304626e-01,1.479276418685913086e-01,1.411535441875457764e-01,2.807385921478271484e-01,-4.555580019950866699e-02,-1.103687733411788940e-01,7.088438421487808228e-02,-6.876599043607711792e-02,4.547011479735374451e-02,4.740279540419578552e-02,1.736205667257308960e-01,2.486766576766967773e-01,2.326564341783523560e-01,1.379941552877426147e-01,-3.938215970993041992e-02,1.744795292615890503e-01,2.601729333400726318e-01,2.055758796632289886e-02,-1.696669906377792358e-01,-1.144217476248741150e-01,-1.093380618840456009e-03,2.005154341459274292e-01,1.992664486169815063e-01,2.077120095491409302e-01,1.362401843070983887e-01,1.133590936660766602e-01
1.688584238290786743e-01,1.771340966224670410e-01,1.744236946105957031e-01,6.858170777559280396e-02,1.000000000000000000e+00,6.940933465957641602e-01,3.581295162439346313e-02,1.329568922519683838e-01,3.080764412879943848e-01,3.254463076591491699e-01,1.904353052377700806e-01,2.021722048521041870e-01,1.310512274503707886e-01,1.379190683364868164e-01,3.464819192886352539e-01,3.563645184040069580e-01,6.060893461108207703e-02,7.194456458091735840e-02,-2.544562518596649170e-02,5.878387019038200378e-02,3.180086240172386169e-02,-1.769428849220275879e-01,3.485985100269317627e-02,3.830934315919876099e-02,3.813625574111938477e-01,2.896514534950256348e-01,4.715775847434997559e-01,4.064058065414428711e-01,1.693913340568542480e-01,2.101147323846817017e-01,2.127064950764179230e-02,6.313554942607879639e-02,4.732288792729377747e-02,4.905267804861068726e-02,4.903628304600715637e-02,4.848207905888557434e-02,2.449671551585197449e-02,1.003584116697311401e-01,-1.564274281263351440e-01,-5.204083397984504700e-02,2.217760533094406128e-01,-1.131821796298027039e-02,2.094741016626358032e-01,1.751231402158737183e-01,1.712260842323303223e-01,1.779278367757797241e-01,1.854007840156555176e-01,4.558013379573822021e-02,1.665034741163253784e-01,1.259013712406158447e-01,1.896595954895019531e-01,1.347602009773254395e-01,2.077901363372802734e-01,1.171090379357337952e-01,2.320885062217712402e-01,2.913463488221168518e-02,1.412800103425979614e-01,1.644125878810882568e-01,1.789712458848953247e-01,1.550710350275039673e-01,1.991727799177169800e-01,2.287177294492721558e-01,2.411601096391677856e-01,2.024291902780532837e-01,1.360155940055847168e-01,1.378898769617080688e-01,1.859926879405975342e-01,1.355242878198623657e-01,1.401249915361404419e-01,1.362368911504745483e-01,7.547737914137542248e-04,-3.945350274443626404e-02,1.873631775379180908e-01,2.575402893126010895e-02,5.527503043413162231e-02,1.634678393602371216e-01,2.780989706516265869e-01,2.583203911781311035e-01,-2.197765111923217773e-01,-2.176598161458969116e-01,2.076437175273895264e-01,1.401359885931015015e-01,7.016634196043014526e-02,1.326557844877243042e-01,2.313580960035324097e-01,1.843328028917312622e-01,3.958731144666671753e-02,-5.025727301836013794e-02,1.777858883142471313e-01,1.668533831834793091e-01,1.630199104547500610e-01,9.544980525970458984e-02,9.205815196037292480e-02,5.252557247877120972e-02,2.061021775007247925e-01,2.662767767906188965e-01,7.234177738428115845e-02,6.292919069528579712e-02,6.037305667996406555e-02,7.554796338081359863e-02,7.113201916217803955e-02,2.648693323135375977e-02,1.000939309597015381e-01,7.041981816291809082e-02,1.411982476711273193e-01,8.868704736232757568e-02,4.646519199013710022e-02,5.434515699744224548e-02,3.312773108482360840e-01,1.988510638475418091e-01,-6.299030780792236328e-02,2.595817744731903076e-01,2.678431570529937744e-01,3.472017943859100342e-01,2.835945188999176025e-01,1.140037626028060913e-01
2.267568707466125488e-01,2.027554959058761597e-01,2.566017210483551025e-01,1.987866908311843872e-01,6.940933465957641602e-01,1.000000000000000000e+00,1.481020003557205200e-01,2.241546064615249634e-01,2.418432235717773438e-01,3.781441152095794678e-01,2.388943731784820557e-01,2.007096260786056519e-01,1.844520866870880127e-01,1.529491543769836426e-01,1.638720184564590454e-01,2.775224149227142334e-01,5.953275412321090698e-02,1.025012731552124023e-01,7.146934419870376587e-02,1.860198080539703369e-01,1.853852416388690472e-03,-1.764221489429473877e-01,9.604789316654205322e-02,1.301587224006652832e-01,4.276339411735534668e-01,3.806313276290893555e-01,3.908992409706115723e-01,3.709950149059295654e-01,1.197346523404121399e-01,1.783706992864608765e-01,1.299487054347991943e-02,1.030936166644096375e-01,1.033570021390914917e-01,1.106075868010520935e-01,4.046560078859329224e-02,2.817803993821144104e-02,9.745809435844421387e-02,7.765301316976547241e-02,-9.440732002258300781e-02,-1.500537097454071045e-01,1.599154919385910034e-01,1.014078967273235321e-02,2.196367979049682617e-01,1.723688989877700806e-01,2.043547481298446655e-01,1.992823630571365356e-01,1.705279946327209473e-01,2.951906248927116394e-02,1.502487808465957642e-01,1.299703866243362427e-01,1.842040717601776123e-01,1.282659173011779785e-01,2.141861170530319214e-01,1.138896420598030090e-01,1.977741718292236328e-01,-6.325118988752365112e-02,2.125625908374786377e-01,1.794800311326980591e-01,2.252079695463180542e-01,1.793585717678070068e-01,2.335688173770904541e-01,2.077275514602661133e-01,2.575507760047912598e-01,2.027358859777450562e-01,1.655249297618865967e-01,1.211466640233993530e-01,1.988003551959991455e-01,1.792015880346298218e-01,1.498019844293594360e-01,1.673994064331054688e-01,-2.392476797103881836e-02,-1.009366661310195923e-02,1.283056885004043579e-01,2.110156416893005371e-02,1.186061576008796692e-01,1.317983865737915039e-01,2.312092483043670654e-01,2.126108705997467041e-01,-2.051303833723068237e-01,-1.561413258314132690e-01,2.041805088520050049e-01,1.339069157838821411e-01,1.277864277362823486e-01,9.635757654905319214e-02,2.164153754711151123e-01,2.141701728105545044e-01,1.038830652832984924e-01,7.869199663400650024e-02,1.454103887081146240e-01,1.843916028738021851e-01,1.478530764579772949e-01,1.102818772196769714e-01,7.350443303585052490e-02,1.179491803050041199e-01,1.121648922562599182e-01,1.747034192085266113e-01,4.539554473012685776e-03,-3.278068453073501587e-02,8.282937109470367432e-03,1.147703174501657486e-02,1.008019670844078064e-01,1.370977610349655151e-01,1.820958107709884644e-01,1.480872333049774170e-01,9.126581251621246338e-02,5.235650017857551575e-02,1.256203204393386841e-01,1.065475717186927795e-01,2.505972087383270264e-01,5.580598115921020508e-02,-1.343922913074493408e-01,2.303044348955154419e-01,2.027795761823654175e-01,2.900765836238861084e-01,1.668323427438735962e-01,7.524108886718750000e-02
3.904176950454711914e-01,2.576657384634017944e-02,7.126120924949645996e-01,7.036773562431335449e-01,3.581295162439346313e-02,1.481020003557205200e-01,1.000000000000000000e+00,4.928242564201354980e-01,1.353691071271896362e-01,2.051666975021362305e-01,3.502336144447326660e-01,-8.289176970720291138e-02,5.851716995239257812e-01,1.178298965096473694e-01,7.562678307294845581e-02,-2.357791811227798462e-01,1.334725320339202881e-01,6.832414865493774414e-02,5.007885694503784180e-01,6.591115593910217285e-01,-1.066428571939468384e-01,-6.958120316267013550e-02,4.663211703300476074e-01,6.174967288970947266e-01,2.152295708656311035e-01,2.216425240039825439e-01,5.502475053071975708e-02,8.358766138553619385e-02,2.600325047969818115e-01,4.586866125464439392e-02,3.050556778907775879e-01,4.528583288192749023e-01,3.757788836956024170e-01,4.241736531257629395e-01,1.497297435998916626e-01,7.649455219507217407e-02,3.594325482845306396e-01,1.600724756717681885e-01,1.067841202020645142e-01,-1.516533344984054565e-01,-9.759642928838729858e-02,-5.238835141062736511e-02,9.169727563858032227e-02,8.146121352910995483e-02,1.076335385441780090e-01,1.652409136295318604e-02,1.209650412201881409e-01,7.762653380632400513e-02,-3.489812836050987244e-02,-9.210617095232009888e-02,4.249826073646545410e-02,-1.150617003440856934e-01,9.865043312311172485e-02,-4.317384585738182068e-02,4.158744215965270996e-02,-7.894088327884674072e-02,2.845872342586517334e-01,-4.582382366061210632e-02,1.898167729377746582e-01,2.149696275591850281e-02,1.525574326515197754e-01,-1.013356074690818787e-01,2.006483674049377441e-01,-1.391170322895050049e-01,9.775102883577346802e-02,-1.106479093432426453e-01,1.148851960897445679e-01,2.316802442073822021e-01,9.981574863195419312e-02,1.913228034973144531e-01,1.651056110858917236e-01,1.370424479246139526e-01,1.657738536596298218e-01,1.344733238220214844e-01,2.714542858302593231e-02,-1.334846168756484985e-01,6.389539688825607300e-02,8.791413903236389160e-02,9.203848987817764282e-02,7.022095471620559692e-02,1.509466916322708130e-01,-6.804062426090240479e-02,1.436985880136489868e-01,-1.831163614988327026e-01,8.963878452777862549e-02,-2.529387176036834717e-02,5.696241185069084167e-02,1.436433941125869751e-01,8.651153743267059326e-02,7.987762987613677979e-02,1.745987497270107269e-02,3.470250964164733887e-02,4.108427092432975769e-02,1.664837598800659180e-01,-6.697107106447219849e-02,-1.417495310306549072e-01,6.197207421064376831e-02,-1.267895400524139404e-01,4.472618177533149719e-02,-3.250457718968391418e-02,6.527385860681533813e-02,1.427240222692489624e-01,1.402937322854995728e-01,8.704788982868194580e-02,-5.287214368581771851e-02,1.413105875253677368e-01,2.111432701349258423e-01,-1.015077903866767883e-01,-1.883713603019714355e-01,-1.276874244213104248e-01,2.506929636001586914e-02,1.244120225310325623e-01,1.276017725467681885e-01,1.738171130418777466e-01,1.457576602697372437e-01,1.080531999468803406e-01
4.414592981338500977e-01,4.406982958316802979e-01,5.410906672477722168e-01,5.387963056564331055e-01,1.329568922519683838e-01,2.241546064615249634e-01,4.928242564201354980e-01,1.000000000000000000e+00,1.423152536153793335e-01,2.346910238265991211e-01,4.351775944232940674e-01,4.015947878360748291e-01,5.703077912330627441e-01,6.051633954048156738e-01,7.307486608624458313e-03,3.359507322311401367e-01,1.375152319669723511e-01,3.899145126342773438e-01,4.367124438285827637e-01,4.422342181205749512e-01,6.219271197915077209e-02,8.015820384025573730e-02,2.059398293495178223e-01,2.145065814256668091e-01,2.064999788999557495e-01,1.591539531946182251e-01,1.832567900419235229e-01,1.384967118501663208e-01,3.412250876426696777e-01,4.588193297386169434e-01,1.555789411067962646e-01,2.568342685699462891e-01,2.860556244850158691e-01,2.082831114530563354e-01,3.915908560156822205e-02,6.943217664957046509e-02,2.858200669288635254e-01,2.897989451885223389e-01,8.392708748579025269e-02,2.514242529869079590e-01,2.278736829757690430e-01,2.947637736797332764e-01,4.154154360294342041e-01,3.440203666687011719e-01,4.089388251304626465e-01,3.421598672866821289e-01,3.304340839385986328e-01,2.626413106918334961e-01,3.620248138904571533e-01,3.343110382556915283e-01,3.326173126697540283e-01,3.313511312007904053e-01,3.206231892108917236e-01,2.352961748838424683e-01,1.631239205598831177e-01,2.245472073554992676e-01,2.577487230300903320e-01,3.886544108390808105e-01,3.279953300952911377e-01,3.113018274307250977e-01,2.368670105934143066e-01,2.910149693489074707e-01,2.208113372325897217e-01,2.078101038932800293e-01,2.992470264434814453e-01,2.340271174907684326e-01,3.740281164646148682e-01,3.807358145713806152e-01,3.268955051898956299e-01,2.973108887672424316e-01,1.857539117336273193e-01,1.731965094804763794e-01,2.269803285598754883e-01,3.030617237091064453e-01,-4.210172221064567566e-02,-2.573099732398986816e-02,-2.978279255330562592e-02,-8.769807219505310059e-02,8.021122217178344727e-02,2.174151539802551270e-01,3.108731508255004883e-01,3.048324882984161377e-01,3.169718980789184570e-01,2.096847295761108398e-01,3.273094892501831055e-01,3.256281614303588867e-01,2.593714594841003418e-01,1.160912066698074341e-01,2.241328358650207520e-01,3.177523910999298096e-01,2.563645839691162109e-01,1.767332255840301514e-01,2.374141067266464233e-01,2.569509446620941162e-01,-5.242525413632392883e-02,-3.400825709104537964e-02,4.483890905976295471e-02,5.254483222961425781e-02,3.093105554580688477e-01,2.702379226684570312e-01,1.931851059198379517e-01,1.390603184700012207e-01,1.065876409411430359e-01,4.926181212067604065e-02,1.515625417232513428e-01,2.409148365259170532e-01,4.034760594367980957e-02,1.262321136891841888e-02,-7.147692888975143433e-02,-7.477910071611404419e-02,3.588110581040382385e-02,4.678669199347496033e-02,1.373862177133560181e-01,1.584206968545913696e-01,1.393928974866867065e-01,1.135024949908256531e-01
1.947028636932373047e-01,3.055899739265441895e-01,2.698353230953216553e-01,2.584765553474426270e-01,3.080764412879943848e-01,2.418432235717773438e-01,1.353691071271896362e-01,1.423152536153793335e-01,1.000000000000000000e+00,4.427428543567657471e-01,1.288467943668365479e-01,-2.623389475047588348e-03,1.236988380551338196e-01,-7.602410018444061279e-02,3.313045501708984375e-01,1.697058826684951782e-01,4.033120870590209961e-01,2.042895555496215820e-01,1.619780808687210083e-01,2.086986303329467773e-01,1.586452685296535492e-02,1.277092378586530685e-02,4.034531712532043457e-01,3.158531785011291504e-01,5.114822983741760254e-01,3.754963576793670654e-01,3.500201404094696045e-01,3.104360699653625488e-01,1.748386919498443604e-01,1.297983713448047638e-02,3.278479576110839844e-01,3.259678184986114502e-01,3.455437719821929932e-01,3.456785082817077637e-01,2.423990666866302490e-01,1.450617909431457520e-01,2.577831149101257324e-01,1.276403218507766724e-01,9.266255050897598267e-02,-8.760393597185611725e-03,-1.624219864606857300e-02,-7.603503763675689697e-02,2.875134646892547607e-01,9.640020877122879028e-02,6.422065198421478271e-02,-2.321516536176204681e-02,1.853196769952774048e-01,3.232510387897491455e-02,5.135376751422882080e-02,-6.522968411445617676e-02,1.470195800065994263e-01,2.012741006910800934e-02,2.184013277292251587e-01,2.019538916647434235e-02,1.566477119922637939e-01,1.684154011309146881e-02,3.398483693599700928e-01,2.168137878179550171e-01,9.650389663875102997e-03,-1.087414622306823730e-01,1.125779747962951660e-01,-3.814250603318214417e-02,2.251155525445938110e-01,6.391872465610504150e-02,-6.190092861652374268e-02,-1.741045415401458740e-01,1.275901943445205688e-01,1.368588507175445557e-01,2.004569768905639648e-01,2.142648249864578247e-01,2.394406050443649292e-01,1.751744598150253296e-01,2.107385098934173584e-01,1.735530346632003784e-01,1.468290835618972778e-01,1.138606444001197815e-01,1.865102946758270264e-01,1.963742822408676147e-01,2.943057417869567871e-01,1.553333550691604614e-01,2.052934318780899048e-01,8.276100270450115204e-03,2.167050354182720184e-02,-1.409980058670043945e-01,1.766726523637771606e-01,-8.181168138980865479e-02,-4.268139973282814026e-02,-1.263740658760070801e-01,1.802654713392257690e-01,8.653144538402557373e-02,2.057406157255172729e-01,1.025725528597831726e-01,2.284338921308517456e-01,2.415336370468139648e-01,-7.366404682397842407e-02,-6.396123766899108887e-02,7.987069338560104370e-02,-2.573777735233306885e-02,1.629374176263809204e-01,1.487099751830101013e-02,1.900393962860107422e-01,1.432837843894958496e-01,1.281672567129135132e-01,6.012719497084617615e-02,-5.285623297095298767e-02,8.815391361713409424e-02,7.855725288391113281e-02,-3.241360560059547424e-02,-8.940208703279495239e-02,-4.185426980257034302e-02,6.963247060775756836e-02,1.545671522617340088e-01,2.525711357593536377e-01,1.786481738090515137e-01,9.084802120923995972e-03,-7.043336331844329834e-02
3.576999604701995850e-01,2.306988537311553955e-01,3.228524029254913330e-01,4.089462161064147949e-01,3.254463076591491699e-01,3.781441152095794678e-01,2.051666975021362305e-01,2.346910238265991211e-01,4.427428543567657471e-01,1.000000000000000000e+00,2.763982713222503662e-01,1.390196233987808228e-01,1.328247785568237305e-01,-4.331364762037992477e-03,1.267360150814056396e-01,2.313572615385055542e-01,2.962459623813629150e-01,2.254586070775985718e-01,1.537883579730987549e-01,3.474379479885101318e-01,1.709002405405044556e-01,5.647225677967071533e-02,3.705451786518096924e-01,3.437436521053314209e-01,4.759728014469146729e-01,4.012057483196258545e-01,3.773809969425201416e-01,3.423555493354797363e-01,1.052366271615028381e-01,9.409159421920776367e-02,3.532918691635131836e-01,3.856716752052307129e-01,2.176822572946548462e-01,2.154070883989334106e-01,2.343690693378448486e-01,1.335507184267044067e-01,3.239371776580810547e-01,1.251606941223144531e-01,1.707496494054794312e-01,-4.608752205967903137e-03,2.881135977804660797e-02,1.853305660188198090e-02,3.438239395618438721e-01,1.123086959123611450e-01,2.127959430217742920e-01,8.443774282932281494e-02,3.191057741641998291e-01,4.603932797908782959e-02,1.573058962821960449e-01,-4.792458564043045044e-02,2.783062458038330078e-01,-3.933089599013328552e-02,2.454780936241149902e-01,2.280388493090867996e-03,3.304896652698516846e-01,3.904915601015090942e-02,4.229554831981658936e-01,1.670168638229370117e-01,1.947325915098190308e-01,2.219707332551479340e-02,2.929633259773254395e-01,6.243078038096427917e-02,4.270085096359252930e-01,1.555273234844207764e-01,6.588333100080490112e-02,-1.204561591148376465e-01,1.585042327642440796e-01,1.705906093120574951e-01,2.159893512725830078e-01,1.926323026418685913e-01,2.072419524192810059e-01,2.106685936450958252e-01,9.477775543928146362e-02,1.300624459981918335e-01,1.080006733536720276e-01,7.912910729646682739e-02,1.794465482234954834e-01,2.779034376144409180e-01,1.374557912349700928e-01,1.413211226463317871e-01,2.974173128604888916e-01,1.077825129032135010e-01,1.656093150377273560e-01,-1.517879962921142578e-01,2.233916223049163818e-01,5.396360531449317932e-02,1.410246491432189941e-01,5.386133864521980286e-02,2.790383100509643555e-01,1.460216790437698364e-01,3.140275478363037109e-01,1.502747386693954468e-01,2.052682638168334961e-01,1.408440470695495605e-01,8.057885617017745972e-02,3.609792888164520264e-02,1.923326104879379272e-01,7.041534036397933960e-02,2.339673787355422974e-01,1.129020974040031433e-01,2.480195611715316772e-01,1.007286757230758667e-01,2.621320188045501709e-01,1.291594356298446655e-01,-7.798772305250167847e-03,6.365386396646499634e-02,1.775468587875366211e-01,3.310673683881759644e-02,-7.014137227088212967e-04,8.279055356979370117e-02,9.286414831876754761e-02,1.770809441804885864e-01,1.453495025634765625e-01,1.960489749908447266e-01,1.237846016883850098e-01,-1.988229900598526001e-02
6.619350910186767578e-01,3.487460613250732422e-01,3.796351552009582520e-01,3.564261496067047119e-01,1.904353052377700806e-01,2.388943731784820557e-01,3.502336144447326660e-01,4.351775944232940674e-01,1.288467943668365479e-01,2.763982713222503662e-01,1.000000000000000000e+00,4.065802395343780518e-01,5.968121290206909180e-01,4.650998413562774658e-01,2.039264738559722900e-01,2.133288234472274780e-01,3.529002666473388672e-01,1.994106918573379517e-01,2.389641255140304565e-01,3.781267702579498291e-01,1.228081360459327698e-01,1.642681807279586792e-01,7.862640917301177979e-02,9.729792922735214233e-02,2.000331580638885498e-01,6.624048948287963867e-02,1.682358086109161377e-01,1.689977198839187622e-01,4.272276163101196289e-01,3.478060364723205566e-01,9.070197492837905884e-02,2.010685503482818604e-01,2.048245221376419067e-01,1.720857024192810059e-01,3.537663444876670837e-02,4.619793221354484558e-02,4.231289625167846680e-01,2.418048381805419922e-01,1.443195343017578125e-01,1.307069808244705200e-01,3.122696876525878906e-01,2.938480973243713379e-01,2.499328404664993286e-01,1.730485856533050537e-01,3.728444576263427734e-01,2.428268045186996460e-01,2.444056868553161621e-01,8.324486762285232544e-02,3.783130347728729248e-01,2.603127360343933105e-01,3.954834342002868652e-01,1.765232384204864502e-01,2.576908767223358154e-01,5.961376801133155823e-02,2.292993813753128052e-01,5.462950468063354492e-02,4.723897874355316162e-01,2.870713770389556885e-01,5.891792774200439453e-01,4.256497025489807129e-01,4.749714434146881104e-01,2.912209928035736084e-01,4.235574305057525635e-01,1.149803474545478821e-01,4.179884791374206543e-01,2.208636403083801270e-01,4.362007379531860352e-01,4.293763935565948486e-01,4.292625486850738525e-01,4.261850118637084961e-01,2.472597509622573853e-01,1.886047124862670898e-01,2.620198726654052734e-01,3.141290843486785889e-01,1.094969883561134338e-01,9.179076552391052246e-02,1.102873980998992920e-01,2.169417962431907654e-02,1.042441725730895996e-01,4.910108819603919983e-02,4.954467117786407471e-01,1.620380282402038574e-01,4.366262257099151611e-01,1.461998224258422852e-01,4.133702218532562256e-01,1.711808145046234131e-01,3.165604174137115479e-01,2.004494816064834595e-01,2.091276645660400391e-01,6.752056628465652466e-02,1.505082398653030396e-01,-5.437037348747253418e-02,7.488266378641128540e-02,-2.063232101500034332e-02,1.302239596843719482e-01,7.432974409312009811e-03,1.418692171573638916e-01,-2.164690755307674408e-02,1.930473148822784424e-01,-6.218578666448593140e-02,1.137105375528335571e-01,-1.393336057662963867e-02,1.187916174530982971e-01,-3.718144446611404419e-02,1.986068300902843475e-02,4.357456043362617493e-02,2.464058063924312592e-02,3.782749548554420471e-02,5.126708000898361206e-02,-1.763042062520980835e-02,1.458987686783075333e-02,-9.818076342344284058e-02,1.172930747270584106e-02,3.728414699435234070e-02,1.408536732196807861e-01,1.125481873750686646e-01
3.590168952941894531e-01,5.400109887123107910e-01,5.389201641082763672e-02,6.989521533250808716e-02,2.021722048521041870e-01,2.007096260786056519e-01,-8.289176970720291138e-02,4.015947878360748291e-01,-2.623389475047588348e-03,1.390196233987808228e-01,4.065802395343780518e-01,1.000000000000000000e+00,2.808585166931152344e-01,6.861922144889831543e-01,1.647984981536865234e-01,4.493003189563751221e-01,-3.086587972939014435e-02,4.783573448657989502e-01,-3.488501533865928650e-02,-2.349223010241985321e-02,1.617520898580551147e-01,2.356367409229278564e-01,-1.865795701742172241e-01,-1.972911804914474487e-01,3.275922313332557678e-02,-8.682212978601455688e-02,1.436935961246490479e-01,7.819109410047531128e-02,9.359081089496612549e-02,5.976477265357971191e-01,-1.781615018844604492e-01,-6.511823832988739014e-02,-6.215523183345794678e-02,-6.994687765836715698e-02,-6.604932248592376709e-02,5.655056610703468323e-02,1.515455991029739380e-01,3.941076397895812988e-01,3.968672826886177063e-02,3.688257932662963867e-01,3.722227513790130615e-01,4.156057834625244141e-01,3.282810449600219727e-01,4.473160803318023682e-01,4.425010681152343750e-01,5.242230892181396484e-01,1.542593836784362793e-01,2.813613116741180420e-01,4.328133165836334229e-01,6.458415985107421875e-01,2.625086605548858643e-01,5.788130164146423340e-01,1.355069726705551147e-01,4.731631278991699219e-01,2.309546470642089844e-01,3.345299363136291504e-01,1.124927774071693420e-01,5.983589291572570801e-01,4.401261210441589355e-01,5.592271685600280762e-01,2.780151665210723877e-01,6.055911779403686523e-01,2.361437231302261353e-01,5.404269099235534668e-01,3.312394022941589355e-01,5.368535518646240234e-01,4.586054682731628418e-01,4.734367728233337402e-01,3.961823284626007080e-01,4.549406170845031738e-01,9.087466448545455933e-02,1.714764535427093506e-01,1.204387992620468140e-01,4.102303683757781982e-01,-5.485237017273902893e-02,2.027374953031539917e-01,-2.099523879587650299e-02,-8.602394163608551025e-02,-8.740612864494323730e-02,2.115689963102340698e-01,2.572730481624603271e-01,5.787507295608520508e-01,2.106587290763854980e-01,5.088030695915222168e-01,2.594632208347320557e-01,6.072022318840026855e-01,1.279160231351852417e-01,1.580547541379928589e-01,2.695571817457675934e-02,3.457199037075042725e-01,6.654258817434310913e-02,2.747964859008789062e-01,-2.858555689454078674e-02,7.845976948738098145e-02,8.970914781093597412e-02,1.508453041315078735e-01,7.472560554742813110e-02,1.498093605041503906e-01,2.255180329084396362e-01,2.393587082624435425e-01,-8.148866891860961914e-02,-7.112122327089309692e-02,-2.125370949506759644e-01,-1.303735524415969849e-01,4.018099978566169739e-02,1.538516301661729813e-02,-2.121522724628448486e-01,3.979901969432830811e-02,2.064733058214187622e-01,7.074780017137527466e-02,1.087469607591629028e-02,-9.853655844926834106e-02,-4.030773788690567017e-02,-8.555228263139724731e-02,5.222113430500030518e-02,1.087516620755195618e-01
5.643565058708190918e-01,2.567728161811828613e-01,4.808301329612731934e-01,4.145127832889556885e-01,1.310512274503707886e-01,1.844520866870880127e-01,5.851716995239257812e-01,5.703077912330627441e-01,1.236988380551338196e-01,1.328247785568237305e-01,5.968121290206909180e-01,2.808585166931152344e-01,1.000000000000000000e+00,4.842050969600677490e-01,2.017848193645477295e-01,7.494345307350158691e-02,1.951009929180145264e-01,1.955343037843704224e-01,3.852654397487640381e-01,4.448379278182983398e-01,-5.628953222185373306e-03,2.141002751886844635e-02,1.272662580013275146e-01,1.875273287296295166e-01,1.296557635068893433e-01,7.791297882795333862e-02,1.312038004398345947e-01,6.327445805072784424e-02,4.385986030101776123e-01,3.683952987194061279e-01,8.095588535070419312e-02,2.441454082727432251e-01,2.408090680837631226e-01,2.221281826496124268e-01,9.057170152664184570e-02,7.701034843921661377e-02,3.650202453136444092e-01,2.926946580410003662e-01,7.800605148077011108e-02,8.756367862224578857e-02,2.505874931812286377e-01,2.575235366821289062e-01,2.786737680435180664e-01,2.602591514587402344e-01,4.069403707981109619e-01,3.110552132129669189e-01,2.116628736257553101e-01,2.021320313215255737e-01,3.385547995567321777e-01,3.056293129920959473e-01,3.185850083827972412e-01,2.299538403749465942e-01,2.667343318462371826e-01,1.248415559530258179e-01,8.315781503915786743e-02,5.644239112734794617e-02,3.451105058193206787e-01,2.395366728305816650e-01,5.219044089317321777e-01,3.732748627662658691e-01,3.921639323234558105e-01,2.344836741685867310e-01,2.324843853712081909e-01,2.634439989924430847e-02,4.268472492694854736e-01,2.379905879497528076e-01,4.773588180541992188e-01,5.502499938011169434e-01,4.061940014362335205e-01,4.067837595939636230e-01,1.877595782279968262e-01,1.820403039455413818e-01,3.100838661193847656e-01,2.798151671886444092e-01,9.243364445865154266e-03,-4.140940308570861816e-02,2.652483806014060974e-02,-5.336777865886688232e-02,5.741993710398674011e-02,3.330443054437637329e-02,3.237544894218444824e-01,1.273004114627838135e-01,4.194815456867218018e-01,1.640374362468719482e-01,3.326006233692169189e-01,1.801706403493881226e-01,2.929964065551757812e-01,2.031953781843185425e-01,1.459744125604629517e-01,1.172779127955436707e-01,1.392127722501754761e-01,6.048963963985443115e-02,1.132669001817703247e-01,1.253142952919006348e-01,1.537165418267250061e-02,-2.359256334602832794e-02,1.015991568565368652e-01,-3.231801837682723999e-02,1.969498693943023682e-01,8.129923045635223389e-02,1.632784605026245117e-01,6.849571317434310913e-02,1.319397389888763428e-01,3.720130398869514465e-02,1.043497323989868164e-01,1.587983071804046631e-01,1.276848167181015015e-01,-1.113621983677148819e-02,-8.341093361377716064e-02,-5.389637500047683716e-02,6.591385602951049805e-02,1.036086864769458771e-02,1.077778711915016174e-01,1.406968384981155396e-01,1.856379806995391846e-01,1.563206613063812256e-01
