1.000000000000000000e+00,6.514672040939331055e-01,4.078813791275024414e-01,4.727143943309783936e-01,-9.258661419153213501e-02,-1.397479921579360962e-01,4.968201220035552979e-01,3.182534873485565186e-01,3.232702380046248436e-03,-1.962767392396926880e-01,5.515806078910827637e-01,4.310759305953979492e-01,4.584220647811889648e-01,2.951727509498596191e-01,4.789427667856216431e-02,-1.036870181560516357e-01,2.539757192134857178e-01,2.154522538185119629e-01,6.129186749458312988e-01,4.763681590557098389e-01,-1.322413831949234009e-01,-2.267297059297561646e-01,2.351012229919433594e-01,3.303070664405822754e-01,-8.623832464218139648e-02,-5.314980074763298035e-02,-1.699866652488708496e-01,-2.471806108951568604e-01,3.790579736232757568e-02,2.878749184310436249e-02,1.221810728311538696e-01,1.843018531799316406e-01,4.472986459732055664e-01,3.617186546325683594e-01,-7.914121448993682861e-02,-1.118913199752569199e-02,1.611330546438694000e-02,2.844119071960449219e-02,-2.219370007514953613e-01,-4.741843044757843018e-02,-1.002196520566940308e-01,-2.849007584154605865e-02,-2.393721342086791992e-01,-9.274982661008834839e-02,-1.409554034471511841e-01,-5.288118869066238403e-02,1.497046649456024170e-02,-1.863082125782966614e-02,-3.169896453619003296e-02,-4.269399866461753845e-02,-6.149178743362426758e-02,-7.735687494277954102e-02,-1.430294513702392578e-01,-5.433980002999305725e-02,-1.496762931346893311e-01,-1.790288463234901428e-02,6.581390500068664551e-01,5.395858287811279297e-01,1.780657023191452026e-01,3.468764126300811768e-01,2.361509799957275391e-01,2.103489935398101807e-01,3.819470703601837158e-01,2.358822226524353027e-01,-1.333509534597396851e-01,8.497123420238494873e-02,-4.355935752391815186e-02,-1.210970729589462280e-01,4.198758304119110107e-01,3.176876902580261230e-01,-2.156895995140075684e-01,-1.621022671461105347e-01,2.423273399472236633e-02,1.078710705041885376e-01,1.231331005692481995e-01,1.933444142341613770e-01,1.891742646694183350e-01,2.677011191844940186e-01,6.604515761137008667e-02,1.901877671480178833e-01,1.266607940196990967e-01,1.598237752914428711e-01,-2.104778736829757690e-01,-8.377653360366821289e-02,1.709297448396682739e-01,9.561966359615325928e-02,-4.671013727784156799e-02,-1.140995230525732040e-02,-3.226992208510637283e-03,-1.037614941596984863e-01,-5.657485127449035645e-02,-4.251121357083320618e-02,-1.126579344272613525e-01,-7.216567546129226685e-02,-1.256073117256164551e-01,-1.403622888028621674e-02,-3.301054239273071289e-02,9.248190373182296753e-02,3.468315303325653076e-02,1.644003242254257202e-01,-7.951636612415313721e-02,6.188025698065757751e-02,-1.761936023831367493e-02,7.120350748300552368e-02,2.677016519010066986e-02,7.515726983547210693e-02,-9.709990024566650391e-02,5.951484665274620056e-02,-2.278343960642814636e-02,6.505592167377471924e-02,-4.605692252516746521e-02,-1.027801707386970520e-01,-2.264051884412765503e-02,9.718777239322662354e-02,7.289770990610122681e-02,2.241249196231365204e-02
6.514672040939331055e-01,1.000000000000000000e+00,2.849157154560089111e-01,5.304048657417297363e-01,-2.637830674648284912e-01,-1.729518622159957886e-01,2.875658869743347168e-01,4.257549345493316650e-01,-1.246388703584671021e-01,-1.975889503955841064e-01,3.569373786449432373e-01,6.023410558700561523e-01,2.978447675704956055e-01,4.817510545253753662e-01,-1.138268411159515381e-01,-6.269119679927825928e-02,7.710458338260650635e-02,3.701354265213012695e-01,6.335856318473815918e-01,5.538698434829711914e-01,-7.050304114818572998e-02,-1.750364452600479126e-01,2.584334611892700195e-01,3.477130532264709473e-01,-1.501381695270538330e-01,-8.288192003965377808e-02,-2.795720398426055908e-01,-2.796228826045989990e-01,-1.167907640337944031e-01,4.958326742053031921e-02,1.403502225875854492e-01,2.137631624937057495e-01,5.008040666580200195e-01,4.494553506374359131e-01,-4.435797780752182007e-02,-4.757887125015258789e-02,3.240411728620529175e-02,-6.476408243179321289e-02,-2.716864347457885742e-01,-1.241168826818466187e-01,-7.981257140636444092e-02,-6.798589229583740234e-02,-1.231756135821342468e-01,-8.379106223583221436e-02,6.138947233557701111e-02,1.607130020856857300e-01,1.415202915668487549e-01,6.637558341026306152e-03,1.068839617073535919e-02,2.663455344736576080e-02,8.048433065414428711e-02,-7.834522984921932220e-03,-7.550386339426040649e-02,-1.353905647993087769e-01,-2.013586461544036865e-01,-1.146812289953231812e-01,6.608499884605407715e-01,7.591463327407836914e-01,1.897050887346267700e-01,3.232012093067169189e-01,2.259625494480133057e-01,2.924209237098693848e-01,2.232850193977355957e-01,4.095133244991302490e-01,-4.436750337481498718e-02,1.317472159862518311e-01,1.137588620185852051e-01,-3.262145072221755981e-02,5.057331919670104980e-01,4.774715006351470947e-01,-2.670641243457794189e-01,-1.483041197061538696e-01,-7.429426163434982300e-02,8.149946480989456177e-02,8.865486830472946167e-02,1.774699985980987549e-01,9.334491193294525146e-02,1.461728513240814209e-01,2.272437512874603271e-02,2.499353587627410889e-01,9.836310148239135742e-02,1.985400617122650146e-01,-2.615208327770233154e-01,1.566886669024825096e-03,1.786999106407165527e-01,1.783555001020431519e-01,-1.174547299742698669e-01,-4.718392621725797653e-03,-2.672315947711467743e-02,-7.029431313276290894e-02,1.000623479485511780e-01,-3.356115520000457764e-02,-8.010275661945343018e-02,-9.657797217369079590e-02,-2.170390039682388306e-01,-8.456943929195404053e-02,-1.131345853209495544e-01,7.590731233358383179e-02,1.747045293450355530e-02,1.799452304840087891e-01,-4.206683859229087830e-02,-4.250647872686386108e-02,-6.848120829090476036e-04,-4.186724871397018433e-02,-4.022124782204627991e-02,-7.732373476028442383e-02,-1.560054719448089600e-01,-3.850875794887542725e-02,-3.819077461957931519e-02,-2.635459229350090027e-02,-1.011557802557945251e-01,-1.308346837759017944e-01,-7.835016399621963501e-02,1.690519899129867554e-01,1.025821939110755920e-01,8.863881975412368774e-02
4.078813791275024414e-01,2.849157154560089111e-01,1.000000000000000000e+00,5.599032640457153320e-01,1.561582088470458984e-01,1.166282501071691513e-02,7.023457884788513184e-01,4.659467637538909912e-01,2.023428082466125488e-01,3.544004866853356361e-03,3.355474174022674561e-01,1.253485381603240967e-01,4.814459979534149170e-01,2.308714240789413452e-01,1.253098100423812866e-01,1.031357347965240479e-01,2.934695184230804443e-01,1.020209789276123047e-01,3.840339779853820801e-01,2.943604588508605957e-01,9.552168846130371094e-02,-4.289381206035614014e-02,5.473582148551940918e-01,5.638701319694519043e-01,-4.272044077515602112e-02,1.524035539478063583e-02,4.071601107716560364e-02,4.676551092416048050e-03,1.722199469804763794e-01,-6.491872947663068771e-03,3.561733365058898926e-01,3.267064094543457031e-01,2.656961083412170410e-01,2.799339890480041504e-01,6.184519827365875244e-02,-3.432443365454673767e-02,7.525114715099334717e-02,-5.797594040632247925e-02,5.213877931237220764e-02,2.165940590202808380e-02,1.032143458724021912e-01,7.951658964157104492e-02,-2.839445509016513824e-02,-3.243249654769897461e-02,7.483737915754318237e-02,4.454116150736808777e-02,3.908254951238632202e-02,-1.150990203022956848e-01,9.002053737640380859e-02,6.268214434385299683e-02,8.919695392251014709e-03,-2.151285670697689056e-02,-1.122776940464973450e-01,-2.252636551856994629e-01,1.725478656589984894e-02,-5.568714439868927002e-02,2.390602827072143555e-01,1.710374802350997925e-01,2.451356053352355957e-01,2.196533381938934326e-01,2.711489200592041016e-01,2.437344640493392944e-01,2.770166099071502686e-01,4.538466408848762512e-02,2.627450823783874512e-01,2.135842740535736084e-01,8.115261048078536987e-02,-7.235107477754354477e-03,1.846571117639541626e-01,5.928173661231994629e-02,1.098687052726745605e-01,4.108314216136932373e-02,1.513507664203643799e-01,6.623150780797004700e-03,1.691502481698989868e-01,2.183717861771583557e-02,1.515422165393829346e-01,6.548266112804412842e-02,2.251256853342056274e-01,1.142589822411537170e-01,2.254870980978012085e-01,-1.138248816132545471e-01,2.451968938112258911e-02,2.962749637663364410e-02,3.857725113630294800e-02,-6.503910571336746216e-02,2.704975754022598267e-02,1.465304940938949585e-01,1.451137810945510864e-01,-5.145671963691711426e-02,-6.110536679625511169e-02,9.523554705083370209e-03,5.200938507914543152e-02,6.804557889699935913e-02,-5.423594266176223755e-04,-7.142378389835357666e-02,1.238727867603302002e-01,4.371181130409240723e-02,1.575922518968582153e-01,8.502379059791564941e-02,1.043863072991371155e-01,8.119010180234909058e-02,1.331863254308700562e-01,6.933823972940444946e-02,1.630456149578094482e-01,1.258791834115982056e-01,6.682380288839340210e-02,2.087509334087371826e-01,4.253259394317865372e-03,-5.290032550692558289e-02,5.556464195251464844e-02,6.689631193876266479e-02,-3.854869306087493896e-02,9.340614825487136841e-02,1.421727687120437622e-01,3.516010940074920654e-02
4.727143943309783936e-01,5.304048657417297363e-01,5.599032640457153320e-01,1.000000000000000000e+00,-7.506585866212844849e-02,-8.111451566219329834e-02,4.602751433849334717e-01,6.413341760635375977e-01,2.021601190790534019e-03,-6.993369199335575104e-03,2.854022681713104248e-01,4.428729414939880371e-01,3.619785904884338379e-01,4.361232817173004150e-01,-3.307200595736503601e-02,5.605059489607810974e-02,1.148414611816406250e-01,2.494396269321441650e-01,5.093559026718139648e-01,5.058388113975524902e-01,1.020201891660690308e-01,-5.356279015541076660e-02,5.596112608909606934e-01,6.883170008659362793e-01,5.045134108513593674e-03,2.737724781036376953e-02,-1.030563041567802429e-01,-1.049602329730987549e-01,5.734193325042724609e-02,2.128200232982635498e-02,3.275066614151000977e-01,4.110465347766876221e-01,3.866618573665618896e-01,4.336262345314025879e-01,1.644858270883560181e-01,8.812730014324188232e-02,9.405664354562759399e-02,-1.168078407645225525e-01,-4.468854144215583801e-02,-1.432430348359048367e-03,2.171351946890354156e-02,-3.738639503717422485e-02,-7.620657980442047119e-02,-8.989797532558441162e-02,1.923337392508983612e-02,7.125838845968246460e-02,1.182929947972297668e-01,-6.656424608081579208e-03,-2.242655958980321884e-03,6.531412899494171143e-02,5.656941607594490051e-02,-3.484371304512023926e-02,-7.394929975271224976e-02,-1.240727007389068604e-01,-3.494249284267425537e-02,-1.643110252916812897e-02,3.725186586380004883e-01,4.112200140953063965e-01,1.933548301458358765e-01,2.204198241233825684e-01,2.521807551383972168e-01,2.577813565731048584e-01,1.590837985277175903e-01,2.508868277072906494e-01,1.141154542565345764e-01,2.795051336288452148e-01,1.697642952203750610e-01,3.782760724425315857e-02,3.260057568550109863e-01,2.617440521717071533e-01,1.106736343353986740e-02,5.379292741417884827e-02,5.320587381720542908e-02,8.804869651794433594e-02,1.525577902793884277e-01,2.344851791858673096e-01,1.719277650117874146e-01,1.108429729938507080e-01,1.334202885627746582e-01,2.263586819171905518e-01,1.157688349485397339e-01,4.720292240381240845e-02,-1.098824292421340942e-01,4.517558217048645020e-02,1.413058638572692871e-01,1.193655952811241150e-01,7.343868166208267212e-02,1.463407427072525024e-01,1.303598433732986450e-01,2.839796431362628937e-02,3.401579707860946655e-02,-1.949615404009819031e-02,7.091263681650161743e-02,4.112470895051956177e-02,-7.883132249116897583e-02,-2.718707174062728882e-02,2.458870224654674530e-02,8.210948109626770020e-02,5.612985789775848389e-02,7.806526124477386475e-02,1.130831316113471985e-01,7.163153588771820068e-02,1.105541437864303589e-01,2.193876355886459351e-02,5.547763407230377197e-02,9.185049682855606079e-03,-2.326055802404880524e-02,1.901187002658843994e-02,-4.161885380744934082e-02,-1.376364938914775848e-02,1.007864344865083694e-02,-4.906846210360527039e-02,-5.287212878465652466e-02,1.154890954494476318e-01,7.277324795722961426e-02,7.892672717571258545e-02
-9.258661419153213501e-02,-2.637830674648284912e-01,1.561582088470458984e-01,-7.506585866212844849e-02,1.000000000000000000e+00,6.044602394104003906e-01,1.913550943136215210e-01,-8.971290290355682373e-02,6.319143772125244141e-01,4.337551891803741455e-01,6.640511751174926758e-02,-2.549186646938323975e-01,1.853576153516769409e-01,-1.458231657743453979e-01,4.361239075660705566e-01,4.759669601917266846e-01,1.578889936208724976e-01,-1.814456284046173096e-01,-2.860017716884613037e-01,-2.328252643346786499e-01,9.297978132963180542e-02,2.620707452297210693e-01,1.470083445310592651e-01,1.052995398640632629e-01,4.203720688819885254e-01,3.055551648139953613e-01,6.924803256988525391e-01,6.034984588623046875e-01,2.778433859348297119e-01,1.392587721347808838e-01,1.623438000679016113e-01,1.282942593097686768e-01,-2.817763388156890869e-01,-1.876270323991775513e-01,-6.489846110343933105e-02,2.764162234961986542e-02,-1.269471347332000732e-01,1.971588283777236938e-01,1.343279778957366943e-01,2.227184921503067017e-01,1.160691231489181519e-01,3.324573338031768799e-01,-6.408520042896270752e-03,5.894374847412109375e-02,-1.059572249650955200e-01,-3.308768197894096375e-02,-3.424871340394020081e-02,3.071405552327632904e-02,1.261812746524810791e-01,5.197230353951454163e-02,-2.876492403447628021e-02,4.280897974967956543e-02,3.296052804216742516e-03,6.361245363950729370e-02,1.120311915874481201e-01,2.616503238677978516e-01,-1.793075501918792725e-01,-2.515698671340942383e-01,1.130793616175651550e-01,-2.073466591536998749e-02,-1.696046814322471619e-02,3.951946645975112915e-02,5.644994229078292847e-02,-1.040016412734985352e-01,1.352578699588775635e-01,3.123765066266059875e-02,-6.875496357679367065e-02,8.580844104290008545e-02,-1.681775748729705811e-01,-1.787263453006744385e-01,2.824922800064086914e-01,1.827827841043472290e-01,1.988171339035034180e-01,1.070164889097213745e-01,9.093327075242996216e-02,-6.242557242512702942e-02,-1.281250268220901489e-01,-1.113378778100013733e-01,1.508433371782302856e-01,-7.675421237945556641e-02,9.683927148580551147e-02,-6.655272841453552246e-02,2.754694521427154541e-01,1.908706724643707275e-01,1.861677318811416626e-02,-4.690683912485837936e-03,6.909378618001937866e-02,2.421596497297286987e-01,-1.003699898719787598e-01,1.714112162590026855e-01,-1.505095958709716797e-01,-4.795920476317405701e-02,5.347820697352290154e-04,2.157562784850597382e-02,-7.100044749677181244e-04,3.107698075473308563e-02,6.638400256633758545e-02,4.746181890368461609e-02,1.112470775842666626e-01,1.281837821006774902e-01,8.016964048147201538e-02,-1.416334067471325397e-03,6.944116950035095215e-02,4.018135368824005127e-02,1.323076337575912476e-01,1.208929494023323059e-01,2.071733474731445312e-01,2.036569118499755859e-01,-1.010017246007919312e-01,-1.773317903280258179e-01,-1.210431568324565887e-02,2.179851084947586060e-01,1.449635922908782959e-01,-1.234037876129150391e-01,-5.162821337580680847e-02,-4.181746393442153931e-03
-1.397479921579360962e-01,-1.729518622159957886e-01,1.166282501071691513e-02,-8.111451566219329834e-02,6.044602394104003906e-01,1.000000000000000000e+00,3.296203911304473877e-03,1.017112378031015396e-02,4.270569384098052979e-01,4.272156953811645508e-01,-2.678116969764232635e-02,-1.385191679000854492e-01,7.188639789819717407e-02,-6.561309099197387695e-02,3.122244775295257568e-01,6.399620771408081055e-01,-1.503012981265783310e-02,-8.775931596755981445e-02,-2.077970802783966064e-01,-1.179955154657363892e-01,1.263985633850097656e-01,4.266195297241210938e-01,4.961352795362472534e-02,2.877619583159685135e-03,4.207586050033569336e-01,3.619947731494903564e-01,6.643720865249633789e-01,6.656258106231689453e-01,1.455307900905609131e-01,3.004804849624633789e-01,1.391630526632070541e-02,5.940854921936988831e-02,-1.926042586565017700e-01,-6.064723432064056396e-02,-2.949869632720947266e-02,1.214231327176094055e-01,-2.941173017024993896e-01,2.662725448608398438e-01,2.356864884495735168e-02,1.730339825153350830e-01,2.696521393954753876e-02,4.132380187511444092e-01,-4.167446121573448181e-02,5.217535793781280518e-02,-1.700039356946945190e-01,-6.172499805688858032e-02,2.342194132506847382e-02,8.954034000635147095e-02,-9.991625696420669556e-02,-1.053810417652130127e-01,-1.271585077047348022e-01,-7.238681614398956299e-02,-1.078105419874191284e-01,1.036344766616821289e-01,1.801164448261260986e-02,1.593162268400192261e-01,-1.917102187871932983e-01,-1.600936502218246460e-01,-2.604515850543975830e-02,-1.979119777679443359e-01,-7.643937319517135620e-02,-3.136618435382843018e-02,-1.043383106589317322e-01,-1.120358407497406006e-01,-3.309294581413269043e-02,-8.945674449205398560e-02,-1.235543712973594666e-01,1.850149035453796387e-02,-7.511877268552780151e-02,-3.269046917557716370e-02,1.989191323518753052e-01,2.508521974086761475e-01,9.085986763238906860e-02,1.006716713309288025e-01,5.121883004903793335e-02,-4.895035922527313232e-02,-1.708726882934570312e-01,-1.371346414089202881e-01,7.338072359561920166e-02,-1.348301675170660019e-02,-4.560788348317146301e-02,1.347822993993759155e-01,2.468614280223846436e-01,4.146101474761962891e-01,4.201887547969818115e-02,1.527954190969467163e-01,-9.294809773564338684e-03,1.091106683015823364e-01,-1.024242714047431946e-01,2.555005848407745361e-01,-1.235351487994194031e-01,-1.187779754400253296e-01,-5.670472979545593262e-02,-1.421400308609008789e-01,-6.047617644071578979e-02,9.678769856691360474e-03,7.889042608439922333e-03,-2.308939583599567413e-02,-2.357963658869266510e-02,3.284361585974693298e-02,7.052145898342132568e-02,-1.070398390293121338e-01,4.726022947579622269e-03,-1.095005795359611511e-01,1.720670051872730255e-02,-5.338172614574432373e-02,7.812687754631042480e-02,2.322720736265182495e-02,-1.720048636198043823e-01,-1.943469941616058350e-01,-1.191075593233108521e-01,1.186461001634597778e-01,5.966938566416501999e-03,-1.340852677822113037e-01,-9.454520791769027710e-02,-6.306820362806320190e-02
4.968201220035552979e-01,2.875658869743347168e-01,7.023457884788513184e-01,4.602751433849334717e-01,1.913550943136215210e-01,3.296203911304473877e-03,1.000000000000000000e+00,4.970825612545013428e-01,2.143641859292984009e-01,-7.733897119760513306e-02,3.576613664627075195e-01,1.667917072772979736e-01,5.936629176139831543e-01,2.405023723840713501e-01,1.815738081932067871e-01,-1.592230424284934998e-02,3.614554703235626221e-01,1.763581037521362305e-01,4.080989956855773926e-01,3.415303528308868408e-01,3.272110130637884140e-03,-1.432181000709533691e-01,4.015298783779144287e-01,4.376449882984161377e-01,-8.218769915401935577e-03,5.621244758367538452e-02,4.093036800622940063e-02,-8.009688556194305420e-02,2.265144437551498413e-01,4.465822875499725342e-02,4.223280251026153564e-01,3.648930191993713379e-01,3.105285167694091797e-01,3.247191905975341797e-01,-7.962117088027298450e-04,-2.374219335615634918e-02,1.671813577413558960e-01,-1.760969124734401703e-02,5.099431797862052917e-02,-3.604024276137351990e-02,1.217713430523872375e-01,1.030706837773323059e-01,5.751186236739158630e-02,4.362410679459571838e-02,7.894232869148254395e-02,1.030121371150016785e-01,1.122890487313270569e-01,-3.178692981600761414e-02,1.581309884786605835e-01,8.240629732608795166e-02,2.510476624593138695e-03,6.750854197889566422e-03,-9.386961162090301514e-02,-1.662757396697998047e-01,4.911123216152191162e-02,-4.340164735913276672e-02,2.540938258171081543e-01,1.581582576036453247e-01,1.623472124338150024e-01,2.131643593311309814e-01,2.229970693588256836e-01,3.046783804893493652e-01,3.708256185054779053e-01,1.289415061473846436e-01,2.000897526741027832e-01,3.053546249866485596e-01,5.714580044150352478e-02,1.768296584486961365e-02,1.631481200456619263e-01,2.256165258586406708e-02,1.107016131281852722e-01,6.836169958114624023e-02,2.528146505355834961e-01,8.558680862188339233e-02,1.899481564760208130e-01,1.218573749065399170e-01,2.436835616827011108e-01,2.415413558483123779e-01,1.824847310781478882e-01,1.609311252832412720e-01,2.797870934009552002e-01,7.666382472962141037e-03,1.105756312608718872e-02,-5.547199770808219910e-02,1.455351561307907104e-01,-4.493735358119010925e-02,1.260004937648773193e-01,1.309926211833953857e-01,1.006955206394195557e-01,-1.590594798326492310e-01,-6.069128587841987610e-02,2.537526749074459076e-02,3.772405907511711121e-02,1.691434718668460846e-02,-6.520184874534606934e-02,-9.412819147109985352e-02,1.735153943300247192e-01,2.539731562137603760e-02,2.271816730499267578e-01,1.365630030632019043e-01,8.244898170232772827e-02,7.965977489948272705e-02,1.264932304620742798e-01,9.932943433523178101e-02,1.874912381172180176e-01,1.580551564693450928e-01,-4.977226629853248596e-02,2.423178553581237793e-01,-9.751234948635101318e-02,1.944862678647041321e-02,1.457436233758926392e-01,1.706839948892593384e-01,5.479011312127113342e-02,1.469965465366840363e-02,9.432175755500793457e-02,3.017657063901424408e-02
3.182534873485565186e-01,4.257549345493316650e-01,4.659467637538909912e-01,6.413341760635375977e-01,-8.971290290355682373e-02,1.017112378031015396e-02,4.970825612545013428e-01,1.000000000000000000e+00,-6.851662695407867432e-02,-6.500215828418731689e-02,1.904202997684478760e-01,4.357024431228637695e-01,4.280655384063720703e-01,5.459632873535156250e-01,-5.654782056808471680e-02,2.422897331416606903e-02,7.739476114511489868e-02,3.226633965969085693e-01,4.566333591938018799e-01,5.092819333076477051e-01,1.893493905663490295e-02,-7.452823221683502197e-02,3.850166797637939453e-01,4.223180413246154785e-01,-1.353963017463684082e-01,-8.703075349330902100e-02,-8.932793140411376953e-02,-7.148368656635284424e-02,1.364381313323974609e-01,9.448511525988578796e-03,2.479552775621414185e-01,2.990447878837585449e-01,3.798215389251708984e-01,4.792051613330841064e-01,1.958561092615127563e-01,1.759556382894515991e-01,1.937522888183593750e-01,-1.390347778797149658e-01,1.054400764405727386e-02,2.398570068180561066e-02,1.417087316513061523e-01,4.573082178831100464e-02,3.478953242301940918e-02,4.716737195849418640e-02,4.178382828831672668e-02,1.392671912908554077e-01,2.578048110008239746e-01,1.118522956967353821e-01,-9.015587158501148224e-03,1.187774315476417542e-01,7.944828271865844727e-02,-6.460161413997411728e-03,-1.243797596544027328e-02,-1.258139461278915405e-01,9.240095317363739014e-02,3.132354468107223511e-02,1.793472617864608765e-01,2.718768715858459473e-01,1.337826400995254517e-01,6.837953627109527588e-02,2.895737886428833008e-01,3.029028475284576416e-01,1.222061812877655029e-01,2.207452952861785889e-01,1.590894162654876709e-01,4.032315909862518311e-01,2.378647476434707642e-01,1.740212291479110718e-01,3.320170342922210693e-01,3.089543879032135010e-01,4.267305508255958557e-02,1.219126805663108826e-01,1.973230093717575073e-01,8.628340065479278564e-02,2.223165333271026611e-01,1.880528032779693604e-01,2.295141816139221191e-01,1.103716269135475159e-01,7.478643953800201416e-02,2.245926707983016968e-01,9.099522978067398071e-02,1.060932651162147522e-01,-2.221206389367580414e-02,1.435643583536148071e-01,1.061026155948638916e-01,1.344053745269775391e-01,1.534257829189300537e-01,2.385724186897277832e-01,2.103160619735717773e-01,8.676780015230178833e-02,6.787998229265213013e-02,7.387144863605499268e-02,1.396154314279556274e-01,9.380084462463855743e-03,-9.662377834320068359e-02,-7.423973828554153442e-02,1.550482958555221558e-01,4.279593750834465027e-02,9.435981512069702148e-02,1.164642646908760071e-01,2.258452624082565308e-01,4.406424239277839661e-03,1.916459649801254272e-01,-4.252588748931884766e-02,1.141117513179779053e-01,-1.419720426201820374e-02,-4.313558340072631836e-02,3.420426324009895325e-02,-1.064209416508674622e-01,-6.868363358080387115e-03,1.314406096935272217e-01,7.588805258274078369e-02,1.672044396400451660e-02,1.110057756304740906e-01,7.569161802530288696e-02,4.621138796210289001e-02
3.232702380046248436e-03,-1.246388703584671021e-01,2.023428082466125488e-01,2.021601190790534019e-03,6.319143772125244141e-01,4.270569384098052979e-01,2.143641859292984009e-01,-6.851662695407867432e-02,1.000000000000000000e+00,5.238993763923645020e-01,2.789834439754486084e-01,-6.387599557638168335e-02,3.625347614288330078e-01,8.292319253087043762e-03,4.846476018428802490e-01,4.878380596637725830e-01,2.899339795112609863e-01,-1.842938829213380814e-03,-1.169893816113471985e-01,-1.671169102191925049e-01,1.756247282028198242e-01,2.507797777652740479e-01,2.335217595100402832e-01,1.842976212501525879e-01,4.798939824104309082e-01,4.004378020763397217e-01,3.872317373752593994e-01,3.652293384075164795e-01,3.158762156963348389e-01,2.336228936910629272e-01,3.105777204036712646e-01,2.453919500112533569e-01,-5.785471573472023010e-02,-3.155892714858055115e-02,3.677856922149658203e-02,5.138745997101068497e-03,-2.405308932065963745e-02,2.094282358884811401e-01,1.937010735273361206e-01,2.636150717735290527e-01,6.587187945842742920e-02,2.339111119508743286e-01,2.117840014398097992e-02,9.225024282932281494e-02,-3.307277336716651917e-02,1.088250130414962769e-01,5.802407860755920410e-02,4.901187866926193237e-02,1.692481935024261475e-01,1.166077405214309692e-01,1.174289584159851074e-01,7.562931627035140991e-02,8.343781344592571259e-03,2.520898357033729553e-02,2.039692252874374390e-01,2.807465791702270508e-01,4.965762794017791748e-02,-7.832752168178558350e-02,2.115718722343444824e-01,6.141984090209007263e-02,2.160232514142990112e-01,1.067964211106300354e-01,2.456613630056381226e-01,3.748875483870506287e-02,3.128327727317810059e-01,1.209441646933555603e-01,3.460644278675317764e-03,6.681475788354873657e-02,-9.579893201589584351e-02,-9.381055831909179688e-02,2.161004394292831421e-01,1.567258089780807495e-01,2.433031499385833740e-01,1.025928333401679993e-01,1.559259742498397827e-01,-1.227608136832714081e-02,2.038130536675453186e-02,-3.813188150525093079e-02,2.695737183094024658e-01,8.033218234777450562e-02,2.710219323635101318e-01,5.778142437338829041e-02,2.529851198196411133e-01,1.888611614704132080e-01,2.139198035001754761e-01,1.237842664122581482e-01,9.733530133962631226e-02,2.514605522155761719e-01,-5.292759835720062256e-02,1.719417423009872437e-01,-7.897391170263290405e-02,-1.490799188613891602e-01,-5.414433404803276062e-02,-7.209624163806438446e-03,1.325058788061141968e-01,1.809528619050979614e-01,1.368014216423034668e-01,2.629431486129760742e-01,2.445776760578155518e-01,2.136150747537612915e-01,1.304544806480407715e-01,1.117294058203697205e-01,1.415403038263320923e-01,1.586981862783432007e-01,1.826741844415664673e-01,1.895617544651031494e-01,2.160801887512207031e-01,1.875432729721069336e-01,1.793901175260543823e-01,-9.141971170902252197e-02,1.479736901819705963e-02,2.388921976089477539e-01,1.290533542633056641e-01,9.905820712447166443e-03,6.099073588848114014e-02,1.185626462101936340e-01
-1.962767392396926880e-01,-1.975889503955841064e-01,3.544004866853356361e-03,-6.993369199335575104e-03,4.337551891803741455e-01,4.272156953811645508e-01,-7.733897119760513306e-02,-6.500215828418731689e-02,5.238993763923645020e-01,1.000000000000000000e+00,7.654314488172531128e-02,-3.011251799762248993e-02,6.310349702835083008e-02,-4.151845350861549377e-03,3.751005828380584717e-01,5.634122490882873535e-01,1.456796526908874512e-01,9.962526150047779083e-03,-2.642937302589416504e-01,-2.053704112768173218e-01,2.394886761903762817e-01,3.227547109127044678e-01,1.100994870066642761e-01,9.574154019355773926e-02,4.874502718448638916e-01,4.702045321464538574e-01,3.388346433639526367e-01,3.544205725193023682e-01,3.099677264690399170e-01,2.854867577552795410e-01,7.271764427423477173e-02,8.090601861476898193e-02,-1.311124712228775024e-01,-2.823911607265472412e-02,1.213095262646675110e-01,1.249748021364212036e-01,-8.355995267629623413e-02,2.520142793655395508e-01,2.969231009483337402e-01,3.317406773567199707e-01,7.400441914796829224e-02,2.185804247856140137e-01,-7.188782095909118652e-03,1.236496046185493469e-01,-1.501296758651733398e-01,-1.679657772183418274e-02,-4.453397355973720551e-03,1.283996254205703735e-01,-7.836861908435821533e-02,-4.812093451619148254e-02,-3.651199117302894592e-02,-1.284727081656455994e-02,-1.194422319531440735e-01,-3.675666823983192444e-02,1.880895346403121948e-01,2.632564306259155273e-01,-1.018887236714363098e-01,-8.400743454694747925e-02,1.303570866584777832e-01,-5.926406383514404297e-02,1.664660871028900146e-01,6.188095733523368835e-02,1.052718311548233032e-01,7.194047421216964722e-02,1.927479803562164307e-01,1.059241145849227905e-01,3.459505736827850342e-02,9.243091940879821777e-02,-9.261722117662429810e-02,1.560907904058694839e-02,1.571733057498931885e-01,1.737004071474075317e-01,2.260058075189590454e-01,1.336375176906585693e-01,1.239676475524902344e-01,9.459865838289260864e-02,-1.068206853233277798e-03,-8.248011022806167603e-02,2.233931124210357666e-01,3.936592489480972290e-02,1.953197717666625977e-01,2.233698815107345581e-01,3.378490209579467773e-01,3.639790415763854980e-01,1.937475502490997314e-01,3.351799547672271729e-01,1.701628863811492920e-01,2.121586054563522339e-01,-4.600280523300170898e-02,2.942288517951965332e-01,-1.941356658935546875e-01,-2.127077430486679077e-01,-1.109453290700912476e-01,-5.679623037576675415e-02,2.783199250698089600e-01,2.689494192600250244e-01,1.593299806118011475e-01,1.167934238910675049e-01,2.187751792371273041e-02,-1.080522388219833374e-01,1.678937673568725586e-01,1.529347300529479980e-01,1.431729793548583984e-01,1.693101972341537476e-01,1.916033774614334106e-01,1.834802031517028809e-01,1.968375891447067261e-01,9.994880855083465576e-02,2.162587940692901611e-01,-2.749559469521045685e-02,4.043903201818466187e-02,1.391323953866958618e-01,1.364871300756931305e-02,-8.003049343824386597e-02,-1.133879832923412323e-02,1.323116272687911987e-01
5.515806078910827637e-01,3.569373786449432373e-01,3.355474174022674561e-01,2.854022681713104248e-01,6.640511751174926758e-02,-2.678116969764232635e-02,3.576613664627075195e-01,1.904202997684478760e-01,2.789834439754486084e-01,7.654314488172531128e-02,1.000000000000000000e+00,3.695725202560424805e-01,6.507040858268737793e-01,3.618933260440826416e-01,3.851739168167114258e-01,7.613438367843627930e-02,5.655892491340637207e-01,3.023412525653839111e-01,3.468228280544281006e-01,2.396013587713241577e-01,-5.416503921151161194e-02,-1.699080616235733032e-01,3.814581334590911865e-01,3.714025020599365234e-01,1.951620280742645264e-01,1.711344271898269653e-01,-3.971900418400764465e-02,-1.028075814247131348e-01,4.180739820003509521e-01,1.750615835189819336e-01,2.776738405227661133e-01,3.297577202320098877e-01,4.211362302303314209e-01,3.282267451286315918e-01,2.370118349790573120e-02,-7.667299360036849976e-02,2.944916253909468651e-03,6.623131036758422852e-02,-3.676250576972961426e-02,1.101418510079383850e-01,-1.502141635864973068e-02,-7.398499548435211182e-02,-2.665563821792602539e-01,-3.970013558864593506e-02,-1.363837122917175293e-01,-2.894398011267185211e-02,-7.397536188364028931e-03,-5.388106405735015869e-02,3.008391009643673897e-03,-1.308866497129201889e-02,5.459216982126235962e-02,-2.843343839049339294e-02,-1.823417395353317261e-01,-1.411999464035034180e-01,9.940036386251449585e-02,1.625301241874694824e-01,5.083454847335815430e-01,3.204372525215148926e-01,1.920020133256912231e-01,2.096088975667953491e-01,3.676108717918395996e-01,2.234564423561096191e-01,5.572777390480041504e-01,2.790930867195129395e-01,1.627676635980606079e-01,1.900483965873718262e-01,-3.089793212711811066e-02,-4.775073006749153137e-02,2.749877572059631348e-01,2.032665908336639404e-01,9.961076080799102783e-03,-6.343904882669448853e-02,3.002816736698150635e-01,1.364962160587310791e-01,2.682089805603027344e-01,1.874871850013732910e-01,1.226539537310600281e-01,2.446922659873962402e-02,4.218438267707824707e-01,3.546509146690368652e-01,4.337097108364105225e-01,2.587909102439880371e-01,-5.618246644735336304e-02,7.377658784389495850e-02,2.651288509368896484e-01,1.935480087995529175e-01,7.879929244518280029e-02,1.646107733249664307e-01,4.694886505603790283e-02,7.443481683731079102e-02,-1.525632143020629883e-01,-2.574242949485778809e-01,-1.589389592409133911e-01,-1.432237923145294189e-01,6.399400532245635986e-02,4.268356040120124817e-02,7.382821291685104370e-02,1.852632462978363037e-01,1.362833976745605469e-01,1.388273388147354126e-01,1.152717247605323792e-01,9.997250884771347046e-02,2.081805467605590820e-01,1.195101365447044373e-01,2.451566457748413086e-01,1.548325717449188232e-01,1.431157141923904419e-01,1.867134124040603638e-01,2.139190435409545898e-01,4.346098005771636963e-02,-1.378032714128494263e-01,-1.225333735346794128e-01,-8.100686222314834595e-02,1.374109089374542236e-01,3.422833979129791260e-02,1.634332537651062012e-01
4.310759305953979492e-01,6.023410558700561523e-01,1.253485381603240967e-01,4.428729414939880371e-01,-2.549186646938323975e-01,-1.385191679000854492e-01,1.667917072772979736e-01,4.357024431228637695e-01,-6.387599557638168335e-02,-3.011251799762248993e-02,3.695725202560424805e-01,1.000000000000000000e+00,3.616023063659667969e-01,6.789718866348266602e-01,-7.246357947587966919e-02,2.458736859261989594e-02,1.165777631103992462e-02,4.966236352920532227e-01,5.393263101577758789e-01,4.496440589427947998e-01,-9.950892068445682526e-03,-7.356012612581253052e-02,3.064991831779479980e-01,3.397684395313262939e-01,-4.352438077330589294e-02,1.591997221112251282e-02,-2.938885092735290527e-01,-2.526907622814178467e-01,-6.933428347110748291e-02,1.146396175026893616e-01,2.513430714607238770e-01,3.370288312435150146e-01,5.104063153266906738e-01,4.937034845352172852e-01,1.138926148414611816e-01,2.358900941908359528e-02,3.992136940360069275e-02,-3.933549672365188599e-02,-1.799281835556030273e-01,-5.572630837559700012e-02,-1.166225522756576538e-01,-1.454726606607437134e-01,-1.454897373914718628e-01,-8.974906057119369507e-03,1.231895480304956436e-02,1.035299301147460938e-01,1.002017781138420105e-01,7.660337537527084351e-02,-1.604974567890167236e-01,-5.502203479409217834e-02,6.728031486272811890e-02,1.554094138555228710e-03,-1.237247362732887268e-01,-4.326400533318519592e-02,-1.506351083517074585e-01,1.555571239441633224e-02,3.948683738708496094e-01,4.778673946857452393e-01,2.160323411226272583e-02,6.689038127660751343e-02,2.497577369213104248e-01,1.093606874346733093e-01,1.344398409128189087e-01,4.171883463859558105e-01,4.562433436512947083e-02,2.060005366802215576e-01,1.321085691452026367e-01,-2.323179878294467926e-02,3.702787458896636963e-01,3.571738004684448242e-01,-1.851244866847991943e-01,3.250592155382037163e-03,-5.544150713831186295e-03,1.989077627658843994e-01,1.535653173923492432e-01,3.244479000568389893e-01,1.846741139888763428e-01,1.900697648525238037e-01,2.318846061825752258e-02,4.102140367031097412e-01,1.103658080101013184e-01,3.612453937530517578e-01,-2.564936876296997070e-01,5.961078405380249023e-02,2.892205119132995605e-01,3.354919254779815674e-01,-1.129095349460840225e-02,2.799402549862861633e-02,-3.163266927003860474e-02,4.700363613665103912e-03,1.234612241387367249e-01,-9.804265946149826050e-02,-7.772204279899597168e-02,-1.663945466279983521e-01,-5.257121101021766663e-02,9.641664102673530579e-03,-7.586105167865753174e-02,4.566898569464683533e-02,-1.647110655903816223e-02,8.716807514429092407e-02,1.243526637554168701e-01,-2.061268314719200134e-02,1.467366069555282593e-01,-3.957772254943847656e-02,7.036863267421722412e-02,-7.057037204504013062e-02,1.457383914384990931e-04,-1.019214019179344177e-01,5.697744712233543396e-02,4.230932518839836121e-02,-8.670061081647872925e-02,-2.152656465768814087e-01,-2.996545284986495972e-02,2.025363445281982422e-01,1.407531797885894775e-01,2.117438316345214844e-01
4.584220647811889648e-01,2.978447675704956055e-01,4.814459979534149170e-01,3.619785904884338379e-01,1.853576153516769409e-01,7.188639789819717407e-02,5.936629176139831543e-01,4.280655384063720703e-01,3.625347614288330078e-01,6.310349702835083008e-02,6.507040858268737793e-01,3.616023063659667969e-01,1.000000000000000000e+00,4.594618380069732666e-01,3.800378143787384033e-01,1.696639955043792725e-01,5.088298320770263672e-01,3.275597393512725830e-01,4.247766137123107910e-01,3.444645404815673828e-01,2.884830906987190247e-02,-9.534284472465515137e-02,4.823380410671234131e-01,4.180410802364349365e-01,1.732195168733596802e-01,1.220145747065544128e-01,5.922228097915649414e-02,-1.516974158585071564e-02,4.519061446189880371e-01,1.645031720399856567e-01,3.842037022113800049e-01,3.989284634590148926e-01,4.412347376346588135e-01,4.150827825069427490e-01,1.507030576467514038e-01,5.539180710911750793e-02,1.060912758111953735e-01,-3.955950215458869934e-02,3.636771440505981445e-02,5.873716250061988831e-02,8.567226678133010864e-02,-1.017266232520341873e-02,-1.227690726518630981e-01,4.744434729218482971e-02,-8.408894389867782593e-02,6.975258141756057739e-02,1.348255276679992676e-01,1.201172173023223877e-02,1.007581204175949097e-01,9.223736822605133057e-02,1.243141517043113708e-01,4.850812256336212158e-02,-1.327200084924697876e-01,-1.932227909564971924e-01,1.265844702720642090e-01,1.301061958074569702e-01,3.584114909172058105e-01,2.376290708780288696e-01,2.604812383651733398e-01,1.916272491216659546e-01,4.770359992980957031e-01,3.423503339290618896e-01,4.892143905162811279e-01,2.717806398868560791e-01,3.364613056182861328e-01,4.025462567806243896e-01,7.917246222496032715e-02,7.388284057378768921e-02,2.783066630363464355e-01,1.944693773984909058e-01,4.792625084519386292e-02,3.459614887833595276e-02,3.721491694450378418e-01,1.431823372840881348e-01,3.302102386951446533e-01,2.162771522998809814e-01,2.007335722446441650e-01,7.041902840137481689e-02,3.460467159748077393e-01,3.897579312324523926e-01,3.849709033966064453e-01,2.209010273218154907e-01,-3.299069404602050781e-02,1.114998236298561096e-01,2.823866903781890869e-01,1.959928423166275024e-01,1.554648429155349731e-01,2.704932093620300293e-01,9.934171289205551147e-02,2.544951066374778748e-02,-1.002403348684310913e-01,-1.889911442995071411e-01,-4.440138116478919983e-02,-1.112997308373451233e-01,7.002191990613937378e-02,-3.515375033020973206e-02,1.806752830743789673e-01,1.391098052263259888e-01,2.442951351404190063e-01,1.621646136045455933e-01,1.891263574361801147e-01,3.642288222908973694e-02,2.482756376266479492e-01,6.084238365292549133e-02,2.636972367763519287e-01,1.302121728658676147e-01,9.988509118556976318e-02,2.006650269031524658e-01,1.236538514494895935e-01,-5.613106489181518555e-02,-5.404018610715866089e-02,1.829797215759754181e-02,1.097456179559230804e-02,1.135189980268478394e-01,5.868245288729667664e-02,1.337615251541137695e-01
