9.999997615814208984e-01,5.959243774414062500e-01,5.608576536178588867e-01,5.801380872726440430e-01,6.579185724258422852e-01,6.151184439659118652e-01,4.200288355350494385e-01,2.698781192302703857e-01,4.912817776203155518e-01,4.715799391269683838e-01,4.775699377059936523e-01,6.097077131271362305e-01,3.486691713333129883e-01,5.352478027343750000e-01,5.162715911865234375e-01,6.399663090705871582e-01,5.640445947647094727e-01,3.704753518104553223e-01,4.990946650505065918e-01,4.621104598045349121e-01,4.450406730175018311e-01
5.959243774414062500e-01,9.999999403953552246e-01,1.345063596963882446e-01,3.514856398105621338e-01,4.531067013740539551e-01,3.994302153587341309e-01,2.067693173885345459e-01,5.375355109572410583e-02,1.650519073009490967e-01,2.161818295717239380e-01,2.209224104881286621e-01,3.368024826049804688e-01,4.671727418899536133e-01,9.300003945827484131e-02,2.423557341098785400e-01,4.064455926418304443e-01,3.542012870311737061e-01,2.038702368736267090e-01,1.976506710052490234e-01,1.936312019824981689e-01,1.936804205179214478e-01
5.608576536178588867e-01,1.345063596963882446e-01,9.999999403953552246e-01,5.447112917900085449e-01,4.495045840740203857e-01,3.267836272716522217e-01,3.246605694293975830e-01,5.046092867851257324e-01,5.537989139556884766e-01,3.689579069614410400e-01,3.183447420597076416e-01,5.574043393135070801e-01,1.648396849632263184e-01,8.542039990425109863e-01,6.338127255439758301e-01,5.105205178260803223e-01,3.395549952983856201e-01,3.055500984191894531e-01,6.178199052810668945e-01,4.603264331817626953e-01,3.255625367164611816e-01
5.801380872726440430e-01,3.514856398105621338e-01,5.447112917900085449e-01,9.999998211860656738e-01,6.633059382438659668e-01,5.924118161201477051e-01,5.197061896324157715e-01,2.420560717582702637e-01,3.570770323276519775e-01,3.769918680191040039e-01,4.234903156757354736e-01,5.784198045730590820e-01,3.261162936687469482e-01,5.067079067230224609e-01,7.918627262115478516e-01,6.708276867866516113e-01,5.842000246047973633e-01,5.085039734840393066e-01,6.254155635833740234e-01,5.614836812019348145e-01,3.478820919990539551e-01
6.579185724258422852e-01,4.531067013740539551e-01,4.495045840740203857e-01,6.633059382438659668e-01,9.999999403953552246e-01,6.856932640075683594e-01,5.170999765396118164e-01,1.323778629302978516e-01,3.192813098430633545e-01,4.315914511680603027e-01,5.443739891052246094e-01,5.550870895385742188e-01,3.009398579597473145e-01,3.961678445339202881e-01,5.849865078926086426e-01,7.462648153305053711e-01,6.616832017898559570e-01,4.781502187252044678e-01,5.057024359703063965e-01,5.144958496093750000e-01,4.279493391513824463e-01
6.151184439659118652e-01,3.994302153587341309e-01,3.267836272716522217e-01,5.924118161201477051e-01,6.856932640075683594e-01,1.000000238418579102e+00,5.225654244422912598e-01,7.627164572477340698e-02,3.243556022644042969e-01,4.941429495811462402e-01,5.660848021507263184e-01,5.128469467163085938e-01,3.283617496490478516e-01,2.935561537742614746e-01,4.839736521244049072e-01,6.230533719062805176e-01,6.637337803840637207e-01,4.786500930786132812e-01,4.914475381374359131e-01,5.485673546791076660e-01,4.207108318805694580e-01
4.200288355350494385e-01,2.067693173885345459e-01,3.246605694293975830e-01,5.197061896324157715e-01,5.170999765396118164e-01,5.225654244422912598e-01,9.999995827674865723e-01,8.842424303293228149e-02,1.660650372505187988e-01,3.558000922203063965e-01,3.414732813835144043e-01,4.666945636272430420e-01,2.560920417308807373e-01,2.842986285686492920e-01,4.656906723976135254e-01,4.901706278324127197e-01,5.301522612571716309e-01,5.587683916091918945e-01,4.790870845317840576e-01,5.244503021240234375e-01,3.909559547901153564e-01
2.698781192302703857e-01,5.375355109572410583e-02,5.046092867851257324e-01,2.420560717582702637e-01,1.323778629302978516e-01,7.627164572477340698e-02,8.842424303293228149e-02,9.999998211860656738e-01,5.431004166603088379e-01,3.216468691825866699e-01,2.690465748310089111e-01,2.215566337108612061e-01,7.082146406173706055e-02,4.965297579765319824e-01,3.336971700191497803e-01,1.915051639080047607e-01,4.453169554471969604e-02,3.632489591836929321e-02,3.691648840904235840e-01,1.964100152254104614e-01,2.577278017997741699e-01
4.912817776203155518e-01,1.650519073009490967e-01,5.537989139556884766e-01,3.570770323276519775e-01,3.192813098430633545e-01,3.243556022644042969e-01,1.660650372505187988e-01,5.431004166603088379e-01,1.000000238418579102e+00,4.948187768459320068e-01,4.462673962116241455e-01,3.385141193866729736e-01,1.260007470846176147e-01,5.471862554550170898e-01,3.793017268180847168e-01,3.274322450160980225e-01,2.712838053703308105e-01,1.277759075164794922e-01,4.285621345043182373e-01,3.615744113922119141e-01,4.013133943080902100e-01
4.715799391269683838e-01,2.161818295717239380e-01,3.689579069614410400e-01,3.769918680191040039e-01,4.315914511680603027e-01,4.941429495811462402e-01,3.558000922203063965e-01,3.216468691825866699e-01,4.948187768459320068e-01,1.000000238418579102e+00,4.963310956954956055e-01,4.096966981887817383e-01,2.523432970046997070e-01,3.428166806697845459e-01,3.103035986423492432e-01,4.200110137462615967e-01,3.805623948574066162e-01,2.999465167522430420e-01,4.304136335849761963e-01,4.854738414287567139e-01,4.392002522945404053e-01
4.775699377059936523e-01,2.209224104881286621e-01,3.183447420597076416e-01,4.234903156757354736e-01,5.443739891052246094e-01,5.660848021507263184e-01,3.414732813835144043e-01,2.690465748310089111e-01,4.462673962116241455e-01,4.963310956954956055e-01,1.000000238418579102e+00,3.763797879219055176e-01,1.874495446681976318e-01,3.065524101257324219e-01,3.804128468036651611e-01,5.009670853614807129e-01,4.814799726009368896e-01,2.910028696060180664e-01,4.239504039287567139e-01,4.832438826560974121e-01,5.157777070999145508e-01
6.097077131271362305e-01,3.368024826049804688e-01,5.574043393135070801e-01,5.784198045730590820e-01,5.550870895385742188e-01,5.128469467163085938e-01,4.666945636272430420e-01,2.215566337108612061e-01,3.385141193866729736e-01,4.096966981887817383e-01,3.763797879219055176e-01,1.000000596046447754e+00,6.533757448196411133e-01,5.515750646591186523e-01,5.786843299865722656e-01,6.247165799140930176e-01,6.103420853614807129e-01,5.333336591720581055e-01,6.105860471725463867e-01,6.433252692222595215e-01,3.634585440158843994e-01
3.486691713333129883e-01,4.671727418899536133e-01,1.648396849632263184e-01,3.261162936687469482e-01,3.009398579597473145e-01,3.283617496490478516e-01,2.560920417308807373e-01,7.082146406173706055e-02,1.260007470846176147e-01,2.523432970046997070e-01,1.874495446681976318e-01,6.533757448196411133e-01,1.000000119209289551e+00,1.509028226137161255e-01,2.816137671470642090e-01,3.553354740142822266e-01,3.937724828720092773e-01,3.307825624942779541e-01,3.221151530742645264e-01,4.102183878421783447e-01,2.009000182151794434e-01
5.352478027343750000e-01,9.300003945827484131e-02,8.542039990425109863e-01,5.067079067230224609e-01,3.961678445339202881e-01,2.935561537742614746e-01,2.842986285686492920e-01,4.965297579765319824e-01,5.471862554550170898e-01,3.428166806697845459e-01,3.065524101257324219e-01,5.515750646591186523e-01,1.509028226137161255e-01,1.000000119209289551e+00,6.081319451332092285e-01,4.872798919677734375e-01,3.103376924991607666e-01,2.822827994823455811e-01,6.118852496147155762e-01,4.472914636135101318e-01,2.998828291893005371e-01
5.162715911865234375e-01,2.423557341098785400e-01,6.338127255439758301e-01,7.918627262115478516e-01,5.849865078926086426e-01,4.839736521244049072e-01,4.656906723976135254e-01,3.336971700191497803e-01,3.793017268180847168e-01,3.103035986423492432e-01,3.804128468036651611e-01,5.786843299865722656e-01,2.816137671470642090e-01,6.081319451332092285e-01,9.999997615814208984e-01,6.325927972793579102e-01,5.387284755706787109e-01,4.688707888126373291e-01,6.767844557762145996e-01,5.478892922401428223e-01,3.014329671859741211e-01
6.399663090705871582e-01,4.064455926418304443e-01,5.105205178260803223e-01,6.708276867866516113e-01,7.462648153305053711e-01,6.230533719062805176e-01,4.901706278324127197e-01,1.915051639080047607e-01,3.274322450160980225e-01,4.200110137462615967e-01,5.009670853614807129e-01,6.247165799140930176e-01,3.553354740142822266e-01,4.872798919677734375e-01,6.325927972793579102e-01,1.000000119209289551e+00,6.302445530891418457e-01,4.891170263290405273e-01,5.786392092704772949e-01,5.482078790664672852e-01,4.289000034332275391e-01
5.640445947647094727e-01,3.542012870311737061e-01,3.395549952983856201e-01,5.842000246047973633e-01,6.616832017898559570e-01,6.637337803840637207e-01,5.301522612571716309e-01,4.453169554471969604e-02,2.712838053703308105e-01,3.805623948574066162e-01,4.814799726009368896e-01,6.103420853614807129e-01,3.937724828720092773e-01,3.103376924991607666e-01,5.387284755706787109e-01,6.302445530891418457e-01,9.999995231628417969e-01,6.190042495727539062e-01,5.438268780708312988e-01,6.022129654884338379e-01,4.222574830055236816e-01
3.704753518104553223e-01,2.038702368736267090e-01,3.055500984191894531e-01,5.085039734840393066e-01,4.781502187252044678e-01,4.786500930786132812e-01,5.587683916091918945e-01,3.632489591836929321e-02,1.277759075164794922e-01,2.999465167522430420e-01,2.910028696060180664e-01,5.333336591720581055e-01,3.307825624942779541e-01,2.822827994823455811e-01,4.688707888126373291e-01,4.891170263290405273e-01,6.190042495727539062e-01,1.000000000000000000e+00,5.390397310256958008e-01,5.932117700576782227e-01,3.297489583492279053e-01
4.990946650505065918e-01,1.976506710052490234e-01,6.178199052810668945e-01,6.254155635833740234e-01,5.057024359703063965e-01,4.914475381374359131e-01,4.790870845317840576e-01,3.691648840904235840e-01,4.285621345043182373e-01,4.304136335849761963e-01,4.239504039287567139e-01,6.105860471725463867e-01,3.221151530742645264e-01,6.118852496147155762e-01,6.767844557762145996e-01,5.786392092704772949e-01,5.438268780708312988e-01,5.390397310256958008e-01,1.000000119209289551e+00,6.885702013969421387e-01,3.328499495983123779e-01
4.621104598045349121e-01,1.936312019824981689e-01,4.603264331817626953e-01,5.614836812019348145e-01,5.144958496093750000e-01,5.485673546791076660e-01,5.244503021240234375e-01,1.964100152254104614e-01,3.615744113922119141e-01,4.854738414287567139e-01,4.832438826560974121e-01,6.433252692222595215e-01,4.102183878421783447e-01,4.472914636135101318e-01,5.478892922401428223e-01,5.482078790664672852e-01,6.022129654884338379e-01,5.932117700576782227e-01,6.885702013969421387e-01,1.000001072883605957e+00,4.112232327461242676e-01
4.450406730175018311e-01,1.936804205179214478e-01,3.255625367164611816e-01,3.478820919990539551e-01,4.279493391513824463e-01,4.207108318805694580e-01,3.909559547901153564e-01,2.577278017997741699e-01,4.013133943080902100e-01,4.392002522945404053e-01,5.157777070999145508e-01,3.634585440158843994e-01,2.009000182151794434e-01,2.998828291893005371e-01,3.014329671859741211e-01,4.289000034332275391e-01,4.222574830055236816e-01,3.297489583492279053e-01,3.328499495983123779e-01,4.112232327461242676e-01,9.999995827674865723e-01
