9.999994635581970215e-01,5.680312514305114746e-01,4.506768584251403809e-01,5.437763333320617676e-01,3.918370902538299561e-01,2.629091739654541016e-01,3.522277772426605225e-01,3.154921233654022217e-01,4.682445228099822998e-01,2.313474863767623901e-01,-4.593707621097564697e-02,8.036959171295166016e-01,4.544818699359893799e-01,5.000979304313659668e-01,4.463342130184173584e-01,3.788675069808959961e-01,3.785379528999328613e-01,2.926876246929168701e-01,4.193534553050994873e-01,2.515625059604644775e-01,1.594796627759933472e-01
5.680312514305114746e-01,1.000000119209289551e+00,9.365371614694595337e-02,2.682562172412872314e-01,8.408606052398681641e-02,3.029376454651355743e-02,3.258149325847625732e-01,1.501755118370056152e-01,2.407531887292861938e-01,1.914318650960922241e-01,7.259127497673034668e-02,5.174108743667602539e-01,8.039888739585876465e-01,1.440414190292358398e-01,2.019672989845275879e-01,1.738160550594329834e-01,2.438395172357559204e-01,1.229270920157432556e-01,2.006119638681411743e-01,2.150065004825592041e-01,1.515693068504333496e-01
4.506768584251403809e-01,9.365371614694595337e-02,1.000000357627868652e+00,4.759232699871063232e-01,5.128322839736938477e-01,2.266253083944320679e-01,2.485124766826629639e-01,4.642732813954353333e-02,3.161068558692932129e-01,2.782285511493682861e-01,3.192509710788726807e-02,4.239332973957061768e-01,5.420565232634544373e-02,7.138590812683105469e-01,4.325199723243713379e-01,5.282415747642517090e-01,3.199096620082855225e-01,2.990503907203674316e-01,3.270975649356842041e-01,2.039985805749893188e-01,2.297125458717346191e-01
5.437763333320617676e-01,2.682562172412872314e-01,4.759232699871063232e-01,1.000000238418579102e+00,1.943880915641784668e-01,1.260627508163452148e-01,3.697037696838378906e-01,1.327329874038696289e-01,4.194474220275878906e-01,9.314763545989990234e-02,-2.490188740193843842e-02,4.646960794925689697e-01,1.730841845273971558e-01,4.471432268619537354e-01,7.877923250198364258e-01,2.683756351470947266e-01,2.074974775314331055e-01,3.104741275310516357e-01,3.833280503749847412e-01,3.136426582932472229e-02,1.213909685611724854e-01
3.918370902538299561e-01,8.408606052398681641e-02,5.128322839736938477e-01,1.943880915641784668e-01,1.000000119209289551e+00,1.707154512405395508e-01,1.405840218067169189e-01,1.327209025621414185e-01,1.557000875473022461e-01,1.132743582129478455e-01,1.475487798452377319e-01,4.776212871074676514e-01,1.104240715503692627e-01,3.682023584842681885e-01,1.925657093524932861e-01,5.714106559753417969e-01,4.470177590847015381e-01,1.935655176639556885e-01,2.172270566225051880e-01,1.767019927501678467e-01,3.981941342353820801e-01
2.629091739654541016e-01,3.029376454651355743e-02,2.266253083944320679e-01,1.260627508163452148e-01,1.707154512405395508e-01,9.999997019767761230e-01,3.636051118373870850e-01,2.089260965585708618e-01,2.174529731273651123e-01,2.009871006011962891e-01,7.092244923114776611e-03,1.468194723129272461e-01,-5.953708291053771973e-02,2.536694705486297607e-01,4.176438227295875549e-02,1.275201141834259033e-01,3.259093761444091797e-01,2.436235696077346802e-01,2.216035723686218262e-01,2.441424578428268433e-01,1.865714602172374725e-02
3.522277772426605225e-01,3.258149325847625732e-01,2.485124766826629639e-01,3.697037696838378906e-01,1.405840218067169189e-01,3.636051118373870850e-01,1.000000357627868652e+00,5.187288671731948853e-02,3.494231402873992920e-01,2.109773904085159302e-01,3.924847394227981567e-02,2.569230496883392334e-01,2.530232667922973633e-01,2.887719869613647461e-01,2.970039546489715576e-01,2.651416361331939697e-01,2.405826002359390259e-01,2.941019535064697266e-01,3.539690673351287842e-01,1.895568370819091797e-01,1.970969289541244507e-01
3.154921233654022217e-01,1.501755118370056152e-01,4.642732813954353333e-02,1.327329874038696289e-01,1.327209025621414185e-01,2.089260965585708618e-01,5.187288671731948853e-02,1.000000357627868652e+00,3.557533621788024902e-01,5.191240832209587097e-02,-2.139343880116939545e-02,3.050388991832733154e-01,1.238160133361816406e-01,1.283585727214813232e-01,1.650533527135848999e-01,6.599728018045425415e-02,2.996048629283905029e-01,2.217852622270584106e-01,3.753580451011657715e-01,2.365954369306564331e-01,2.755682216957211494e-03
4.682445228099822998e-01,2.407531887292861938e-01,3.161068558692932129e-01,4.194474220275878906e-01,1.557000875473022461e-01,2.174529731273651123e-01,3.494231402873992920e-01,3.557533621788024902e-01,1.000000119209289551e+00,4.392721354961395264e-01,-7.240314735099673271e-04,4.066148698329925537e-01,1.550312638282775879e-01,3.597540259361267090e-01,3.867489695549011230e-01,2.109922468662261963e-01,2.547608017921447754e-01,3.346152603626251221e-01,7.052286863327026367e-01,3.063601553440093994e-01,6.542751938104629517e-02
2.313474863767623901e-01,1.914318650960922241e-01,2.782285511493682861e-01,9.314763545989990234e-02,1.132743582129478455e-01,2.009871006011962891e-01,2.109773904085159302e-01,5.191240832209587097e-02,4.392721354961395264e-01,9.999998211860656738e-01,-1.091854646801948547e-02,1.912482529878616333e-01,1.325526088476181030e-01,2.968653440475463867e-01,6.260441243648529053e-02,1.945414096117019653e-01,2.759638726711273193e-01,2.172092795372009277e-01,3.123505115509033203e-01,5.647588372230529785e-01,-1.775251887738704681e-02
-4.593707621097564697e-02,7.259127497673034668e-02,3.192509710788726807e-02,-2.490188740193843842e-02,1.475487798452377319e-01,7.092244923114776611e-03,3.924847394227981567e-02,-2.139343880116939545e-02,-7.240314735099673271e-04,-1.091854646801948547e-02,9.999995231628417969e-01,-4.093391075730323792e-02,9.721995145082473755e-02,-7.255431264638900757e-02,2.296139113605022430e-02,2.217043936252593994e-01,2.757935523986816406e-01,1.549377739429473877e-01,2.176057174801826477e-02,9.147944301366806030e-02,3.841958343982696533e-01
8.036959171295166016e-01,5.174108743667602539e-01,4.239332973957061768e-01,4.646960794925689697e-01,4.776212871074676514e-01,1.468194723129272461e-01,2.569230496883392334e-01,3.050388991832733154e-01,4.066148698329925537e-01,1.912482529878616333e-01,-4.093391075730323792e-02,9.999997019767761230e-01,5.463259220123291016e-01,4.622310101985931396e-01,4.550341069698333740e-01,4.158979654312133789e-01,4.567838609218597412e-01,3.212461769580841064e-01,3.959312438964843750e-01,2.113841623067855835e-01,1.939350068569183350e-01
4.544818699359893799e-01,8.039888739585876465e-01,5.420565232634544373e-02,1.730841845273971558e-01,1.104240715503692627e-01,-5.953708291053771973e-02,2.530232667922973633e-01,1.238160133361816406e-01,1.550312638282775879e-01,1.325526088476181030e-01,9.721995145082473755e-02,5.463259220123291016e-01,1.000000357627868652e+00,1.131579354405403137e-01,1.427184790372848511e-01,1.453370153903961182e-01,2.583239674568176270e-01,1.278538554906845093e-01,1.720159500837326050e-01,1.829732656478881836e-01,1.557554602622985840e-01
5.000979304313659668e-01,1.440414190292358398e-01,7.138590812683105469e-01,4.471432268619537354e-01,3.682023584842681885e-01,2.536694705486297607e-01,2.887719869613647461e-01,1.283585727214813232e-01,3.597540259361267090e-01,2.968653440475463867e-01,-7.255431264638900757e-02,4.622310101985931396e-01,1.131579354405403137e-01,9.999998211860656738e-01,4.532732665538787842e-01,6.036713719367980957e-01,3.714771866798400879e-01,3.914289772510528564e-01,3.629945516586303711e-01,2.358917742967605591e-01,2.054626792669296265e-01
4.463342130184173584e-01,2.019672989845275879e-01,4.325199723243713379e-01,7.877923250198364258e-01,1.925657093524932861e-01,4.176438227295875549e-02,2.970039546489715576e-01,1.650533527135848999e-01,3.867489695549011230e-01,6.260441243648529053e-02,2.296139113605022430e-02,4.550341069698333740e-01,1.427184790372848511e-01,4.532732665538787842e-01,9.999997019767761230e-01,3.088593184947967529e-01,2.704253792762756348e-01,3.228534460067749023e-01,3.573396503925323486e-01,2.198050171136856079e-02,1.868615001440048218e-01
3.788675069808959961e-01,1.738160550594329834e-01,5.282415747642517090e-01,2.683756351470947266e-01,5.714106559753417969e-01,1.275201141834259033e-01,2.651416361331939697e-01,6.599728018045425415e-02,2.109922468662261963e-01,1.945414096117019653e-01,2.217043936252593994e-01,4.158979654312133789e-01,1.453370153903961182e-01,6.036713719367980957e-01,3.088593184947967529e-01,1.000000238418579102e+00,4.518358707427978516e-01,3.312497735023498535e-01,1.965576857328414917e-01,1.849899142980575562e-01,5.203609466552734375e-01
3.785379528999328613e-01,2.438395172357559204e-01,3.199096620082855225e-01,2.074974775314331055e-01,4.470177590847015381e-01,3.259093761444091797e-01,2.405826002359390259e-01,2.996048629283905029e-01,2.547608017921447754e-01,2.759638726711273193e-01,2.757935523986816406e-01,4.567838609218597412e-01,2.583239674568176270e-01,3.714771866798400879e-01,2.704253792762756348e-01,4.518358707427978516e-01,1.000000596046447754e+00,4.984685182571411133e-01,2.961136996746063232e-01,3.937510251998901367e-01,3.448063135147094727e-01
2.926876246929168701e-01,1.229270920157432556e-01,2.990503907203674316e-01,3.104741275310516357e-01,1.935655176639556885e-01,2.436235696077346802e-01,2.941019535064697266e-01,2.217852622270584106e-01,3.346152603626251221e-01,2.172092795372009277e-01,1.549377739429473877e-01,3.212461769580841064e-01,1.278538554906845093e-01,3.914289772510528564e-01,3.228534460067749023e-01,3.312497735023498535e-01,4.984685182571411133e-01,1.000000119209289551e+00,3.326419889926910400e-01,1.314788013696670532e-01,2.045417875051498413e-01
4.193534553050994873e-01,2.006119638681411743e-01,3.270975649356842041e-01,3.833280503749847412e-01,2.172270566225051880e-01,2.216035723686218262e-01,3.539690673351287842e-01,3.753580451011657715e-01,7.052286863327026367e-01,3.123505115509033203e-01,2.176057174801826477e-02,3.959312438964843750e-01,1.720159500837326050e-01,3.629945516586303711e-01,3.573396503925323486e-01,1.965576857328414917e-01,2.961136996746063232e-01,3.326419889926910400e-01,1.000000119209289551e+00,3.426948487758636475e-01,8.499654382467269897e-02
2.515625059604644775e-01,2.150065004825592041e-01,2.039985805749893188e-01,3.136426582932472229e-02,1.767019927501678467e-01,2.441424578428268433e-01,1.895568370819091797e-01,2.365954369306564331e-01,3.063601553440093994e-01,5.647588372230529785e-01,9.147944301366806030e-02,2.113841623067855835e-01,1.829732656478881836e-01,2.358917742967605591e-01,2.198050171136856079e-02,1.849899142980575562e-01,3.937510251998901367e-01,1.314788013696670532e-01,3.426948487758636475e-01,1.000000119209289551e+00,4.193263594061136246e-03
1.594796627759933472e-01,1.515693068504333496e-01,2.297125458717346191e-01,1.213909685611724854e-01,3.981941342353820801e-01,1.865714602172374725e-02,1.970969289541244507e-01,2.755682216957211494e-03,6.542751938104629517e-02,-1.775251887738704681e-02,3.841958343982696533e-01,1.939350068569183350e-01,1.557554602622985840e-01,2.054626792669296265e-01,1.868615001440048218e-01,5.203609466552734375e-01,3.448063135147094727e-01,2.045417875051498413e-01,8.499654382467269897e-02,4.193263594061136246e-03,1.000000357627868652e+00
