1.000000357627868652e+00,-6.467939913272857666e-02,1.320864409208297729e-01,1.886618733406066895e-01,3.896054625511169434e-01,3.248095810413360596e-01,-9.888935089111328125e-02,1.808625459671020508e-01,-1.783400326967239380e-01,-9.280064702033996582e-02,-3.466682741418480873e-03,1.303268522024154663e-01,1.359322816133499146e-01,1.993284970521926880e-01,2.625244259834289551e-01,2.290754616260528564e-01,-1.268890351057052612e-01,4.202718287706375122e-02,-9.154097735881805420e-02,-2.483462356030941010e-02,1.484357565641403198e-01,1.634433120489120483e-01,-7.472181320190429688e-02,-7.478540390729904175e-02,3.288572728633880615e-01,-1.444619894027709961e-01,2.319415807723999023e-01,4.409787654876708984e-01,1.855783760547637939e-01,1.826100610196590424e-02,1.118478104472160339e-01,-5.982678011059761047e-02,4.873695671558380127e-01,1.180393174290657043e-01,7.618755102157592773e-03,-1.801289170980453491e-01,1.587695479393005371e-01,5.262156203389167786e-02,-1.619182974100112915e-01,-1.298314034938812256e-01,2.231116592884063721e-01,-2.327630668878555298e-01,-2.356296926736831665e-01,-8.913388103246688843e-02,-1.706252545118331909e-01,-1.760501265525817871e-01,-4.312964528799057007e-02,-1.272359192371368408e-01
-6.467939913272857666e-02,9.999997019767761230e-01,-1.699025779962539673e-01,1.476113796234130859e-01,-8.033560588955879211e-03,2.269333302974700928e-01,6.220437884330749512e-01,1.304449737071990967e-01,5.590439438819885254e-01,3.288842439651489258e-01,9.613979607820510864e-02,-2.774466760456562042e-02,-1.162289530038833618e-01,-7.014068961143493652e-02,-3.292602300643920898e-01,-1.992987692356109619e-01,4.652808904647827148e-01,4.508875310420989990e-01,6.771123409271240234e-01,6.800275444984436035e-01,2.845438420772552490e-01,-3.221490234136581421e-02,3.277772963047027588e-01,4.399068653583526611e-01,-2.124799937009811401e-01,6.401753425598144531e-01,5.300823599100112915e-02,3.348666429519653320e-02,5.051023364067077637e-01,1.337508559226989746e-01,2.348163872957229614e-01,4.880628585815429688e-01,7.688783854246139526e-02,1.765071302652359009e-01,9.751098603010177612e-02,4.610345661640167236e-01,2.377319149672985077e-02,6.757967174053192139e-02,3.245689868927001953e-01,2.770094573497772217e-01,4.864882528781890869e-01,7.043995261192321777e-01,6.407927870750427246e-01,6.152891516685485840e-01,6.748583912849426270e-01,5.980374217033386230e-01,4.304165542125701904e-01,4.340235143899917603e-02
1.320864409208297729e-01,-1.699025779962539673e-01,9.999999403953552246e-01,5.638780593872070312e-01,3.136074244976043701e-01,1.263757944107055664e-01,3.604111075401306152e-02,1.450117677450180054e-01,-2.132188528776168823e-01,-5.238088220357894897e-02,2.170448899269104004e-01,2.670018374919891357e-01,2.656642198562622070e-01,2.489061802625656128e-01,3.137152194976806641e-01,4.514793157577514648e-01,2.946144901216030121e-02,-3.477343916893005371e-02,-2.732219994068145752e-01,-2.427302151918411255e-01,7.528948783874511719e-02,4.009605646133422852e-01,-5.944263562560081482e-02,8.056454360485076904e-03,4.071432352066040039e-02,-4.291215166449546814e-02,-4.011437296867370605e-02,4.385839998722076416e-01,1.269541084766387939e-01,7.488319277763366699e-02,1.507839709520339966e-01,-7.456267625093460083e-02,4.857736825942993164e-02,4.285630211234092712e-02,8.047513663768768311e-02,-7.507895678281784058e-02,1.159934997558593750e-01,7.608421146869659424e-02,4.326627776026725769e-02,4.123265296220779419e-02,1.682211607694625854e-01,-1.637006253004074097e-01,-2.759019136428833008e-01,-1.837039887905120850e-01,-1.934753954410552979e-01,-1.544678211212158203e-01,-1.630793884396553040e-02,8.439836092293262482e-03
1.886618733406066895e-01,1.476113796234130859e-01,5.638780593872070312e-01,9.999998211860656738e-01,4.453555867075920105e-02,2.044720351696014404e-01,4.041211605072021484e-01,-6.122803315520286560e-02,-1.883953250944614410e-02,7.040396798402070999e-03,-7.489118725061416626e-02,-2.928238594904541969e-03,4.456703085452318192e-03,-1.179703474044799805e-01,-1.386558413505554199e-01,3.715957999229431152e-01,2.661883234977722168e-01,3.757565319538116455e-01,2.135302573442459106e-01,2.093915492296218872e-01,1.326539516448974609e-01,3.757253885269165039e-01,5.709727853536605835e-02,4.568777233362197876e-02,-3.716275095939636230e-01,2.166115492582321167e-01,-2.827436625957489014e-01,1.754652708768844604e-01,2.674705386161804199e-01,-1.041110903024673462e-01,1.490051895380020142e-01,7.951433211565017700e-02,-2.133950144052505493e-01,5.008607171475887299e-03,1.807731762528419495e-02,-1.542988233268260956e-02,2.650151588022708893e-02,-8.403004705905914307e-02,4.098819196224212646e-02,1.378844399005174637e-02,3.091679513454437256e-01,1.176114827394485474e-01,4.470850899815559387e-02,6.274007260799407959e-03,3.527751192450523376e-02,1.213464960455894470e-01,4.962234199047088623e-02,2.356452494859695435e-02
3.896054625511169434e-01,-8.033560588955879211e-03,3.136074244976043701e-01,4.453555867075920105e-02,1.000000357627868652e+00,6.650552153587341309e-01,-5.383016541600227356e-02,4.944756329059600830e-01,2.562934905290603638e-02,2.163454890251159668e-01,4.483107030391693115e-01,4.768193960189819336e-01,4.692333340644836426e-01,3.596282899379730225e-01,3.216531872749328613e-01,2.561234831809997559e-01,-1.024507582187652588e-01,-1.274721920490264893e-01,-2.002235800027847290e-01,-2.078560926020145416e-02,4.058514833450317383e-01,1.897691786289215088e-01,8.739083260297775269e-02,9.209024906158447266e-02,2.242582738399505615e-01,-9.761411696672439575e-03,1.912221312522888184e-01,4.060095548629760742e-01,2.014482617378234863e-01,-2.753167040646076202e-02,1.132899373769760132e-01,6.211366876959800720e-02,5.106613636016845703e-01,2.560692727565765381e-01,4.675402119755744934e-02,-2.850650809705257416e-02,3.457109928131103516e-01,1.498995125293731689e-01,1.419338285923004150e-01,8.989962935447692871e-02,4.438477754592895508e-01,-1.086878404021263123e-01,-2.193521112203598022e-01,-2.567112073302268982e-02,-9.974680840969085693e-02,-5.945252999663352966e-02,4.961980134248733521e-02,-8.250369131565093994e-02
3.248095810413360596e-01,2.269333302974700928e-01,1.263757944107055664e-01,2.044720351696014404e-01,6.650552153587341309e-01,1.000000476837158203e+00,2.417012751102447510e-01,3.963502645492553711e-01,2.298240661621093750e-01,3.553783893585205078e-01,2.871589362621307373e-01,3.762649595737457275e-01,3.701671659946441650e-01,2.105340212583541870e-01,5.036919936537742615e-02,1.395228058099746704e-01,6.795633584260940552e-02,1.140382960438728333e-01,8.872068673372268677e-02,3.393979966640472412e-01,5.326758027076721191e-01,1.335491687059402466e-01,1.401256173849105835e-01,2.073590457439422607e-01,2.633546944707632065e-03,2.735286653041839600e-01,6.251063942909240723e-02,2.902639508247375488e-01,3.188906311988830566e-01,-1.736882776021957397e-01,1.114757731556892395e-01,1.877221018075942993e-01,3.492714762687683105e-01,2.764732539653778076e-01,3.343713656067848206e-02,8.070772886276245117e-02,3.122870922088623047e-01,2.072284966707229614e-01,2.384267598390579224e-01,1.480294764041900635e-01,5.501896739006042480e-01,1.368044614791870117e-01,3.488398343324661255e-02,1.544699966907501221e-01,9.814945608377456665e-02,2.047564089298248291e-01,1.523340195417404175e-01,-6.444303691387176514e-02
-9.888935089111328125e-02,6.220437884330749512e-01,3.604111075401306152e-02,4.041211605072021484e-01,-5.383016541600227356e-02,2.417012751102447510e-01,9.999998211860656738e-01,1.184461265802383423e-01,4.435653388500213623e-01,2.365952581167221069e-01,-1.898738788440823555e-03,-1.297822594642639160e-01,-1.766024231910705566e-01,-6.166206672787666321e-02,-3.687202632427215576e-01,-6.969415396451950073e-02,7.547487616539001465e-01,7.188807725906372070e-01,6.975120902061462402e-01,6.284229159355163574e-01,2.051289677619934082e-01,1.789479404687881470e-01,4.200963675975799561e-01,2.726219892501831055e-01,-2.783057987689971924e-01,7.638054490089416504e-01,-6.030695140361785889e-02,-6.416028738021850586e-02,4.727923572063446045e-01,-1.497487425804138184e-01,1.693383157253265381e-01,3.504461646080017090e-01,-1.157291680574417114e-01,2.259717583656311035e-01,7.619163393974304199e-02,2.927266657352447510e-01,6.237785518169403076e-02,1.219240128993988037e-01,3.332209587097167969e-01,2.313481122255325317e-01,3.072395920753479004e-01,6.413491964340209961e-01,5.528480410575866699e-01,3.862913548946380615e-01,4.932614862918853760e-01,5.789603590965270996e-01,2.666004300117492676e-01,1.115181818604469299e-01
1.808625459671020508e-01,1.304449737071990967e-01,1.450117677450180054e-01,-6.122803315520286560e-02,4.944756329059600830e-01,3.963502645492553711e-01,1.184461265802383423e-01,1.000000000000000000e+00,2.705299258232116699e-01,3.254431486129760742e-01,5.584055185317993164e-01,4.680941998958587646e-01,2.964559793472290039e-01,4.797160327434539795e-01,2.821226418018341064e-01,1.045746877789497375e-01,1.314986795186996460e-01,4.528898373246192932e-02,3.106973692774772644e-02,1.058896780014038086e-01,2.112673670053482056e-01,6.435296684503555298e-02,2.019403874874114990e-01,9.199459105730056763e-02,2.109783440828323364e-01,9.619688987731933594e-02,3.058382570743560791e-01,2.961324155330657959e-01,2.997619211673736572e-01,-2.250771038234233856e-02,1.572377681732177734e-01,1.764146536588668823e-01,4.538072347640991211e-01,3.951376080513000488e-01,2.426338791847229004e-01,5.231374129652976990e-02,4.637993574142456055e-01,3.032404780387878418e-01,1.906769871711730957e-01,6.929894536733627319e-02,3.316550552845001221e-01,4.848190397024154663e-02,9.750143438577651978e-02,1.216606572270393372e-01,4.050289094448089600e-02,1.825111657381057739e-01,9.711855649948120117e-02,-1.422098278999328613e-01
-1.783400326967239380e-01,5.590439438819885254e-01,-2.132188528776168823e-01,-1.883953250944614410e-02,2.562934905290603638e-02,2.298240661621093750e-01,4.435653388500213623e-01,2.705299258232116699e-01,9.999997615814208984e-01,6.279034018516540527e-01,3.399680852890014648e-01,2.897223532199859619e-01,-9.323665872216224670e-03,-1.090350151062011719e-01,-2.831141948699951172e-01,-1.321246773004531860e-01,4.799322783946990967e-01,1.986718326807022095e-01,4.649471044540405273e-01,5.972544550895690918e-01,2.897707223892211914e-01,-9.493776410818099976e-02,4.160591661930084229e-01,2.459359616041183472e-01,-1.513396650552749634e-01,4.459224939346313477e-01,9.040179848670959473e-02,-8.922955393791198730e-02,3.753669261932373047e-01,7.025687396526336670e-02,1.425862759351730347e-01,4.171548783779144287e-01,8.084931224584579468e-02,1.644373387098312378e-01,2.470480948686599731e-01,3.825681805610656738e-01,1.392704695463180542e-01,2.328082323074340820e-01,3.658290207386016846e-01,2.309468239545822144e-01,2.551511824131011963e-01,5.851087570190429688e-01,5.933629274368286133e-01,5.663028955459594727e-01,5.954870581626892090e-01,6.867214441299438477e-01,2.353318482637405396e-01,5.613287910819053650e-03
-9.280064702033996582e-02,3.288842439651489258e-01,-5.238088220357894897e-02,7.040396798402070999e-03,2.163454890251159668e-01,3.553783893585205078e-01,2.365952581167221069e-01,3.254431486129760742e-01,6.279034018516540527e-01,1.000000000000000000e+00,5.062682628631591797e-01,5.342649221420288086e-01,2.195603251457214355e-01,1.153912954032421112e-02,-8.757962286472320557e-02,4.015220329165458679e-02,2.965447008609771729e-01,5.215608049184083939e-03,1.696072369813919067e-01,4.301584362983703613e-01,3.063315749168395996e-01,-5.019301921129226685e-02,3.138903975486755371e-01,2.097903937101364136e-01,-9.870789200067520142e-02,2.372706681489944458e-01,1.809891611337661743e-01,2.198640815913677216e-02,2.362830936908721924e-01,2.318003959953784943e-02,1.397231072187423706e-01,3.366923630237579346e-01,1.426003277301788330e-01,2.430676370859146118e-01,2.162061929702758789e-01,2.387258857488632202e-01,2.998039424419403076e-01,2.896163463592529297e-01,3.018461167812347412e-01,2.036069035530090332e-01,2.384279519319534302e-01,2.341836541891098022e-01,3.594164848327636719e-01,4.879386126995086670e-01,4.456015527248382568e-01,6.154916882514953613e-01,2.202660292387008667e-01,-1.907661184668540955e-02
-3.466682741418480873e-03,9.613979607820510864e-02,2.170448899269104004e-01,-7.489118725061416626e-02,4.483107030391693115e-01,2.871589362621307373e-01,-1.898738788440823555e-03,5.584055185317993164e-01,3.399680852890014648e-01,5.062682628631591797e-01,1.000000000000000000e+00,6.777344346046447754e-01,4.936697781085968018e-01,3.297137618064880371e-01,3.253275752067565918e-01,3.162239491939544678e-01,7.073049992322921753e-02,-1.768983453512191772e-01,-1.567632257938385010e-01,3.375289961695671082e-02,2.468042820692062378e-01,1.948354989290237427e-01,2.216228544712066650e-01,6.624953448772430420e-02,1.782713085412979126e-01,4.015638679265975952e-02,2.674672603607177734e-01,1.508126854896545410e-01,1.792408078908920288e-01,2.184534668922424316e-01,2.486392110586166382e-01,1.253074854612350464e-01,2.928673028945922852e-01,2.490318715572357178e-01,2.755751609802246094e-01,8.591867238283157349e-02,3.446563184261322021e-01,3.164929151535034180e-01,2.811228930950164795e-01,1.485103815793991089e-01,1.635885536670684814e-01,1.093504857271909714e-02,9.329640120267868042e-02,2.001698017120361328e-01,1.715828627347946167e-01,2.273786962032318115e-01,4.325450211763381958e-02,-2.277376130223274231e-02
1.303268522024154663e-01,-2.774466760456562042e-02,2.670018374919891357e-01,-2.928238594904541969e-03,4.768193960189819336e-01,3.762649595737457275e-01,-1.297822594642639160e-01,4.680941998958587646e-01,2.897223532199859619e-01,5.342649221420288086e-01,6.777344346046447754e-01,1.000000238418579102e+00,6.600951552391052246e-01,3.800197243690490723e-01,4.372020065784454346e-01,3.140120804309844971e-01,-1.274147443473339081e-02,-1.993355751037597656e-01,-1.774042248725891113e-01,9.973195940256118774e-02,4.955889284610748291e-01,2.078302353620529175e-01,2.142739146947860718e-01,7.287238538265228271e-02,7.892669737339019775e-02,-4.428632557392120361e-02,2.618356347084045410e-01,3.047500550746917725e-01,1.396684944629669189e-01,1.932084858417510986e-01,2.381846010684967041e-01,1.107895299792289734e-01,2.841499149799346924e-01,1.889798492193222046e-01,2.073825001716613770e-01,-2.626334130764007568e-02,3.220359385013580322e-01,2.371807694435119629e-01,1.334018707275390625e-01,1.126162409782409668e-01,1.165828183293342590e-01,-8.499573916196823120e-02,1.736388728022575378e-02,1.856274455785751343e-01,9.663970768451690674e-02,1.740977168083190918e-01,3.158846497535705566e-02,-1.133743226528167725e-01
1.359322816133499146e-01,-1.162289530038833618e-01,2.656642198562622070e-01,4.456703085452318192e-03,4.692333340644836426e-01,3.701671659946441650e-01,-1.766024231910705566e-01,2.964559793472290039e-01,-9.323665872216224670e-03,2.195603251457214355e-01,4.936697781085968018e-01,6.600951552391052246e-01,9.999998211860656738e-01,4.133330881595611572e-01,5.345819592475891113e-01,4.922878742218017578e-01,-1.048169285058975220e-01,-7.948604226112365723e-02,-1.934450417757034302e-01,2.015819773077964783e-03,4.749515354633331299e-01,3.779237270355224609e-01,6.097295135259628296e-02,-4.932945966720581055e-02,1.946465969085693359e-01,-1.259807646274566650e-01,1.251662820577621460e-01,1.011811941862106323e-01,-1.553295254707336426e-01,2.273233085870742798e-01,1.770000904798507690e-01,-8.551415801048278809e-02,2.378743439912796021e-01,8.751779049634933472e-02,6.852141767740249634e-02,-1.901061087846755981e-01,1.914591640233993530e-01,2.488505095243453979e-01,8.725997805595397949e-02,-3.268662467598915100e-02,2.400043420493602753e-02,-1.984860301017761230e-01,-1.174742728471755981e-01,2.017225511372089386e-02,-3.175152000039815903e-03,-6.556612253189086914e-02,-1.022809892892837524e-01,-2.032009214162826538e-01
1.993284970521926880e-01,-7.014068961143493652e-02,2.489061802625656128e-01,-1.179703474044799805e-01,3.596282899379730225e-01,2.105340212583541870e-01,-6.166206672787666321e-02,4.797160327434539795e-01,-1.090350151062011719e-01,1.153912954032421112e-02,3.297137618064880371e-01,3.800197243690490723e-01,4.133330881595611572e-01,9.999996423721313477e-01,6.280890703201293945e-01,9.454207867383956909e-02,-1.874540746212005615e-02,2.078261785209178925e-02,-1.229780763387680054e-01,-1.046046614646911621e-01,2.004869431257247925e-01,1.742815226316452026e-01,1.110854074358940125e-01,8.248008787631988525e-02,3.991214036941528320e-01,-5.281874537467956543e-02,2.654778361320495605e-01,3.206559717655181885e-01,1.097570881247520447e-01,1.122316122055053711e-01,1.804468482732772827e-01,3.247917443513870239e-02,3.974403142929077148e-01,3.442348539829254150e-01,1.249838694930076599e-01,-7.924459874629974365e-02,4.255607426166534424e-01,3.831480443477630615e-01,1.466536223888397217e-01,8.786421269178390503e-02,1.680450327694416046e-02,-1.529613286256790161e-01,-1.011471971869468689e-01,-1.116057559847831726e-01,-6.313503533601760864e-02,-6.929770112037658691e-02,9.108126163482666016e-02,-9.623198211193084717e-02
2.625244259834289551e-01,-3.292602300643920898e-01,3.137152194976806641e-01,-1.386558413505554199e-01,3.216531872749328613e-01,5.036919936537742615e-02,-3.687202632427215576e-01,2.821226418018341064e-01,-2.831141948699951172e-01,-8.757962286472320557e-02,3.253275752067565918e-01,4.372020065784454346e-01,5.345819592475891113e-01,6.280890703201293945e-01,1.000000119209289551e+00,3.961664736270904541e-01,-2.409900575876235962e-01,-2.089453339576721191e-01,-3.763313293457031250e-01,-3.268101811408996582e-01,9.669066965579986572e-02,2.323081791400909424e-01,3.270194632932543755e-03,-1.451656520366668701e-01,4.565759003162384033e-01,-2.937507629394531250e-01,2.403825521469116211e-01,2.603498101234436035e-01,-1.066206768155097961e-01,1.685916036367416382e-01,5.121308565139770508e-02,-2.188165485858917236e-01,3.676722347736358643e-01,2.214802950620651245e-01,1.330380737781524658e-01,-2.594714462757110596e-01,2.310384660959243774e-01,3.481937348842620850e-01,-3.637775778770446777e-02,-5.841768532991409302e-02,-1.066077202558517456e-01,-3.435390293598175049e-01,-3.113305568695068359e-01,-2.783518135547637939e-01,-2.053288519382476807e-01,-2.456553727388381958e-01,-1.835802793502807617e-01,-1.484047472476959229e-01
2.290754616260528564e-01,-1.992987692356109619e-01,4.514793157577514648e-01,3.715957999229431152e-01,2.561234831809997559e-01,1.395228058099746704e-01,-6.969415396451950073e-02,1.045746877789497375e-01,-1.321246773004531860e-01,4.015220329165458679e-02,3.162239491939544678e-01,3.140120804309844971e-01,4.922878742218017578e-01,9.454207867383956909e-02,3.961664736270904541e-01,1.000000119209289551e+00,1.304523367434740067e-02,1.222333312034606934e-02,-2.646864354610443115e-01,-2.100846022367477417e-01,2.080506458878517151e-02,4.656922519207000732e-01,-4.149273037910461426e-02,-1.861974000930786133e-01,1.356521695852279663e-01,-1.472989469766616821e-01,1.078700572252273560e-01,3.153733909130096436e-02,-1.386734992265701294e-01,1.000350862741470337e-01,2.186153456568717957e-02,-2.324609160423278809e-01,1.560147106647491455e-01,3.778155520558357239e-02,2.238364964723587036e-01,-1.597545593976974487e-01,8.247865736484527588e-02,2.823743820190429688e-01,1.150142848491668701e-01,-7.392895966768264771e-02,5.947995558381080627e-02,-2.540315389633178711e-01,-2.438122928142547607e-01,-1.318853348493576050e-01,-1.190073266625404358e-01,-1.114305257797241211e-01,-2.338663041591644287e-01,-8.139171451330184937e-02
-1.268890351057052612e-01,4.652808904647827148e-01,2.946144901216030121e-02,2.661883234977722168e-01,-1.024507582187652588e-01,6.795633584260940552e-02,7.547487616539001465e-01,1.314986795186996460e-01,4.799322783946990967e-01,2.965447008609771729e-01,7.073049992322921753e-02,-1.274147443473339081e-02,-1.048169285058975220e-01,-1.874540746212005615e-02,-2.409900575876235962e-01,1.304523367434740067e-02,1.000000119209289551e+00,6.402305364608764648e-01,5.462908148765563965e-01,4.522351920604705811e-01,1.244460418820381165e-01,1.958164572715759277e-01,3.846004903316497803e-01,7.791226357221603394e-02,-2.176983207464218140e-01,5.612575411796569824e-01,3.595368564128875732e-02,-1.173998713493347168e-01,3.097146451473236084e-01,-3.562339022755622864e-02,1.013851985335350037e-01,2.143481522798538208e-01,-1.219684928655624390e-01,1.332846581935882568e-01,1.239563226699829102e-01,1.628001779317855835e-01,4.999813809990882874e-02,1.650253385305404663e-01,2.794046998023986816e-01,1.342772692441940308e-01,1.261043250560760498e-01,5.698723196983337402e-01,4.931548535823822021e-01,2.975459694862365723e-01,5.233080983161926270e-01,6.305998563766479492e-01,1.054534539580345154e-01,4.476177692413330078e-02
4.202718287706375122e-02,4.508875310420989990e-01,-3.477343916893005371e-02,3.757565319538116455e-01,-1.274721920490264893e-01,1.140382960438728333e-01,7.188807725906372070e-01,4.528898373246192932e-02,1.986718326807022095e-01,5.215608049184083939e-03,-1.768983453512191772e-01,-1.993355751037597656e-01,-7.948604226112365723e-02,2.078261785209178925e-02,-2.089453339576721191e-01,1.222333312034606934e-02,6.402305364608764648e-01,9.999994635581970215e-01,6.833698153495788574e-01,4.821775853633880615e-01,1.412942707538604736e-01,3.045133352279663086e-01,3.365162014961242676e-01,1.095761209726333618e-01,-2.002787142992019653e-01,5.068116188049316406e-01,-7.574429269880056381e-03,-5.548706650733947754e-02,2.691299319267272949e-01,-1.187748685479164124e-01,2.132374346256256104e-01,1.790988296270370483e-01,-1.014821007847785950e-01,1.356763988733291626e-01,1.676863059401512146e-02,7.041914016008377075e-02,2.268738113343715668e-02,1.120644062757492065e-01,2.304764688014984131e-01,7.072953879833221436e-02,1.429297178983688354e-01,3.950797319412231445e-01,4.168289601802825928e-01,2.165962606668472290e-01,3.238945305347442627e-01,3.665697574615478516e-01,1.463085860013961792e-01,-4.539839178323745728e-02
-9.154097735881805420e-02,6.771123409271240234e-01,-2.732219994068145752e-01,2.135302573442459106e-01,-2.002235800027847290e-01,8.872068673372268677e-02,6.975120902061462402e-01,3.106973692774772644e-02,4.649471044540405273e-01,1.696072369813919067e-01,-1.567632257938385010e-01,-1.774042248725891113e-01,-1.934450417757034302e-01,-1.229780763387680054e-01,-3.763313293457031250e-01,-2.646864354610443115e-01,5.462908148765563965e-01,6.833698153495788574e-01,9.999998211860656738e-01,7.401487231254577637e-01,1.964372247457504272e-01,2.736989222466945648e-02,4.293760657310485840e-01,2.447031885385513306e-01,-2.780593037605285645e-01,5.803015828132629395e-01,-7.762467116117477417e-02,-1.811825484037399292e-01,3.707058131694793701e-01,-7.474619895219802856e-02,1.675247699022293091e-01,3.387279510498046875e-01,-1.203174516558647156e-01,6.205274909734725952e-02,-9.475024417042732239e-03,2.556190192699432373e-01,-2.535520121455192566e-02,-3.947020322084426880e-02,2.107221484184265137e-01,1.028111279010772705e-01,2.594687342643737793e-01,6.412973403930664062e-01,7.199512720108032227e-01,4.240594506263732910e-01,5.296387076377868652e-01,5.723361372947692871e-01,2.457030713558197021e-01,5.632993299514055252e-03
-2.483462356030941010e-02,6.800275444984436035e-01,-2.427302151918411255e-01,2.093915492296218872e-01,-2.078560926020145416e-02,3.393979966640472412e-01,6.284229159355163574e-01,1.058896780014038086e-01,5.972544550895690918e-01,4.301584362983703613e-01,3.375289961695671082e-02,9.973195940256118774e-02,2.015819773077964783e-03,-1.046046614646911621e-01,-3.268101811408996582e-01,-2.100846022367477417e-01,4.522351920604705811e-01,4.821775853633880615e-01,7.401487231254577637e-01,9.999996423721313477e-01,5.179505348205566406e-01,2.966565545648336411e-03,3.781303763389587402e-01,3.009164631366729736e-01,-3.201721012592315674e-01,6.508961915969848633e-01,-9.308542311191558838e-02,-1.079289019107818604e-01,4.261296987533569336e-01,-5.142288655042648315e-02,2.154289931058883667e-01,4.095737040042877197e-01,-5.422062426805496216e-02,1.346490085124969482e-01,-2.760232239961624146e-02,2.484416812658309937e-01,1.114411279559135437e-01,2.832616912201046944e-03,1.857709884643554688e-01,1.448386311531066895e-01,3.193255662918090820e-01,6.127771139144897461e-01,6.994278430938720703e-01,5.465747117996215820e-01,5.900754332542419434e-01,6.437494158744812012e-01,2.906583249568939209e-01,-1.050157658755779266e-02
1.484357565641403198e-01,2.845438420772552490e-01,7.528948783874511719e-02,1.326539516448974609e-01,4.058514833450317383e-01,5.326758027076721191e-01,2.051289677619934082e-01,2.112673670053482056e-01,2.897707223892211914e-01,3.063315749168395996e-01,2.468042820692062378e-01,4.955889284610748291e-01,4.749515354633331299e-01,2.004869431257247925e-01,9.669066965579986572e-02,2.080506458878517151e-02,1.244460418820381165e-01,1.412942707538604736e-01,1.964372247457504272e-01,5.179505348205566406e-01,9.999995827674865723e-01,3.095120489597320557e-01,2.890979945659637451e-01,2.212849706411361694e-01,-1.876134276390075684e-01,2.921321988105773926e-01,-1.039385721087455750e-01,1.956733912229537964e-01,2.812615931034088135e-01,1.189125776290893555e-01,3.723911643028259277e-01,3.043300509452819824e-01,4.586270451545715332e-02,9.499064832925796509e-02,-3.629857301712036133e-02,7.349408417940139771e-02,1.740378141403198242e-01,3.634576126933097839e-02,1.466924846172332764e-01,1.749757826328277588e-01,2.013794779777526855e-01,1.775204688310623169e-01,2.132627815008163452e-01,2.412796318531036377e-01,2.349635064601898193e-01,2.240598648786544800e-01,2.113056182861328125e-01,-2.434601821005344391e-02
1.634433120489120483e-01,-3.221490234136581421e-02,4.009605646133422852e-01,3.757253885269165039e-01,1.897691786289215088e-01,1.335491687059402466e-01,1.789479404687881470e-01,6.435296684503555298e-02,-9.493776410818099976e-02,-5.019301921129226685e-02,1.948354989290237427e-01,2.078302353620529175e-01,3.779237270355224609e-01,1.742815226316452026e-01,2.323081791400909424e-01,4.656922519207000732e-01,1.958164572715759277e-01,3.045133352279663086e-01,2.736989222466945648e-02,2.966565545648336411e-03,3.095120489597320557e-01,9.999997019767761230e-01,3.609014451503753662e-01,1.336937695741653442e-01,4.350563883781433105e-02,1.070615556091070175e-02,-5.698944255709648132e-02,1.225751712918281555e-01,6.335244327783584595e-02,1.996880322694778442e-01,4.752746820449829102e-01,8.773240447044372559e-02,-8.368609473109245300e-03,-1.381722930818796158e-02,1.429922580718994141e-01,8.243825286626815796e-02,6.014860421419143677e-02,1.636413931846618652e-01,2.489145845174789429e-01,2.547788619995117188e-01,-3.268929943442344666e-02,-1.439102739095687866e-01,-4.747260734438896179e-02,-4.701831191778182983e-02,-1.142030395567417145e-02,-6.134994700551033020e-02,1.118178814649581909e-01,2.495202571153640747e-01
-7.472181320190429688e-02,3.277772963047027588e-01,-5.944263562560081482e-02,5.709727853536605835e-02,8.739083260297775269e-02,1.401256173849105835e-01,4.200963675975799561e-01,2.019403874874114990e-01,4.160591661930084229e-01,3.138903975486755371e-01,2.216228544712066650e-01,2.142739146947860718e-01,6.097295135259628296e-02,1.110854074358940125e-01,3.270194632932543755e-03,-4.149273037910461426e-02,3.846004903316497803e-01,3.365162014961242676e-01,4.293760657310485840e-01,3.781303763389587402e-01,2.890979945659637451e-01,3.609014451503753662e-01,1.000000238418579102e+00,2.987976372241973877e-01,-4.582970589399337769e-02,3.132740259170532227e-01,9.855144470930099487e-02,-3.912619315087795258e-03,2.857887148857116699e-01,-3.347015380859375000e-02,2.622220516204833984e-01,4.653727412223815918e-01,6.097122281789779663e-02,1.271366775035858154e-01,2.066423892974853516e-01,3.339846432209014893e-01,1.315337717533111572e-01,2.676336169242858887e-01,4.944823384284973145e-01,4.947028160095214844e-01,8.479884266853332520e-02,2.807614803314208984e-01,3.697781264781951904e-01,3.721970319747924805e-01,3.091489374637603760e-01,3.520573973655700684e-01,3.234095573425292969e-01,2.964461147785186768e-01
-7.478540390729904175e-02,4.399068653583526611e-01,8.056454360485076904e-03,4.568777233362197876e-02,9.209024906158447266e-02,2.073590457439422607e-01,2.726219892501831055e-01,9.199459105730056763e-02,2.459359616041183472e-01,2.097903937101364136e-01,6.624953448772430420e-02,7.287238538265228271e-02,-4.932945966720581055e-02,8.248008787631988525e-02,-1.451656520366668701e-01,-1.861974000930786133e-01,7.791226357221603394e-02,1.095761209726333618e-01,2.447031885385513306e-01,3.009164631366729736e-01,2.212849706411361694e-01,1.336937695741653442e-01,2.987976372241973877e-01,1.000000119209289551e+00,-6.003932654857635498e-02,3.667767047882080078e-01,4.164728149771690369e-02,2.032560110092163086e-01,4.034171402454376221e-01,1.564822643995285034e-01,4.006499350070953369e-01,6.796522736549377441e-01,1.598083078861236572e-01,1.899168193340301514e-01,1.591743230819702148e-01,7.371744513511657715e-01,6.853269785642623901e-02,1.115323007106781006e-01,3.435457050800323486e-01,6.142169833183288574e-01,2.510145902633666992e-01,2.615219056606292725e-01,2.257834970951080322e-01,3.802651166915893555e-01,3.040503561496734619e-01,2.182125151157379150e-01,7.987834811210632324e-01,3.358246088027954102e-01
3.288572728633880615e-01,-2.124799937009811401e-01,4.071432352066040039e-02,-3.716275095939636230e-01,2.242582738399505615e-01,2.633546944707632065e-03,-2.783057987689971924e-01,2.109783440828323364e-01,-1.513396650552749634e-01,-9.870789200067520142e-02,1.782713085412979126e-01,7.892669737339019775e-02,1.946465969085693359e-01,3.991214036941528320e-01,4.565759003162384033e-01,1.356521695852279663e-01,-2.176983207464218140e-01,-2.002787142992019653e-01,-2.780593037605285645e-01,-3.201721012592315674e-01,-1.876134276390075684e-01,4.350563883781433105e-02,-4.582970589399337769e-02,-6.003932654857635498e-02,1.000000000000000000e+00,-2.656911909580230713e-01,4.926916360855102539e-01,3.064880967140197754e-01,1.416577305644750595e-02,1.121486425399780273e-01,1.048290356993675232e-01,-1.932045370340347290e-01,6.199968457221984863e-01,2.713636457920074463e-01,2.519486248493194580e-01,-2.451681159436702728e-02,1.661706566810607910e-01,4.896732568740844727e-01,1.379194706678390503e-01,-7.379448041319847107e-03,-5.951655097305774689e-03,-2.518869936466217041e-01,-2.382904887199401855e-01,-1.948409825563430786e-01,-1.338214129209518433e-01,-1.950899064540863037e-01,-5.018410459160804749e-02,-1.167781874537467957e-01
-1.444619894027709961e-01,6.401753425598144531e-01,-4.291215166449546814e-02,2.166115492582321167e-01,-9.761411696672439575e-03,2.735286653041839600e-01,7.638054490089416504e-01,9.619688987731933594e-02,4.459224939346313477e-01,2.372706681489944458e-01,4.015638679265975952e-02,-4.428632557392120361e-02,-1.259807646274566650e-01,-5.281874537467956543e-02,-2.937507629394531250e-01,-1.472989469766616821e-01,5.612575411796569824e-01,5.068116188049316406e-01,5.803015828132629395e-01,6.508961915969848633e-01,2.921321988105773926e-01,1.070615556091070175e-02,3.132740259170532227e-01,3.667767047882080078e-01,-2.656911909580230713e-01,9.999998211860656738e-01,-6.309699267148971558e-02,-1.787416823208332062e-02,5.127203464508056641e-01,-9.237287193536758423e-02,1.936486810445785522e-01,3.737044930458068848e-01,-6.818778812885284424e-02,2.394543588161468506e-01,3.806377947330474854e-02,3.347742855548858643e-01,9.687558561563491821e-02,8.493866026401519775e-02,2.268157452344894409e-01,2.374787777662277222e-01,2.748525440692901611e-01,6.470637321472167969e-01,5.265560150146484375e-01,4.949197769165039062e-01,4.802049100399017334e-01,5.093435645103454590e-01,3.211180865764617920e-01,5.281510576605796814e-02
2.319415807723999023e-01,5.300823599100112915e-02,-4.011437296867370605e-02,-2.827436625957489014e-01,1.912221312522888184e-01,6.251063942909240723e-02,-6.030695140361785889e-02,3.058382570743560791e-01,9.040179848670959473e-02,1.809891611337661743e-01,2.674672603607177734e-01,2.618356347084045410e-01,1.251662820577621460e-01,2.654778361320495605e-01,2.403825521469116211e-01,1.078700572252273560e-01,3.595368564128875732e-02,-7.574429269880056381e-03,-7.762467116117477417e-02,-9.308542311191558838e-02,-1.039385721087455750e-01,-5.698944255709648132e-02,9.855144470930099487e-02,4.164728149771690369e-02,4.926916360855102539e-01,-6.309699267148971558e-02,1.000000476837158203e+00,2.763262391090393066e-01,1.050765067338943481e-01,1.750250011682510376e-01,1.213160976767539978e-01,4.413382615894079208e-03,5.796517729759216309e-01,2.606098055839538574e-01,2.527304589748382568e-01,7.468947768211364746e-02,7.563874125480651855e-02,4.091470539569854736e-01,2.003958821296691895e-01,5.401792377233505249e-02,7.647428661584854126e-02,-5.819037556648254395e-02,-1.261107064783573151e-02,1.787266731262207031e-01,6.488056480884552002e-02,6.660057604312896729e-02,3.450102731585502625e-02,-1.432388722896575928e-01
4.409787654876708984e-01,3.348666429519653320e-02,4.385839998722076416e-01,1.754652708768844604e-01,4.060095548629760742e-01,2.902639508247375488e-01,-6.416028738021850586e-02,2.961324155330657959e-01,-8.922955393791198730e-02,2.198640815913677216e-02,1.508126854896545410e-01,3.047500550746917725e-01,1.011811941862106323e-01,3.206559717655181885e-01,2.603498101234436035e-01,3.153733909130096436e-02,-1.173998713493347168e-01,-5.548706650733947754e-02,-1.811825484037399292e-01,-1.079289019107818604e-01,1.956733912229537964e-01,1.225751712918281555e-01,-3.912619315087795258e-03,2.032560110092163086e-01,3.064880967140197754e-01,-1.787416823208332062e-02,2.763262391090393066e-01,9.999997019767761230e-01,5.097965002059936523e-01,1.375103890895843506e-01,3.611527383327484131e-01,9.242623299360275269e-02,4.249398112297058105e-01,3.001339733600616455e-01,1.899468898773193359e-01,9.052770584821701050e-02,2.579383850097656250e-01,1.779706627130508423e-01,9.122856706380844116e-02,1.274587213993072510e-01,3.610111773014068604e-01,-1.253759562969207764e-01,-2.018912434577941895e-01,-5.260372161865234375e-02,-1.337028294801712036e-01,-9.876066446304321289e-02,2.039766013622283936e-01,-6.838394701480865479e-02
1.855783760547637939e-01,5.051023364067077637e-01,1.269541084766387939e-01,2.674705386161804199e-01,2.014482617378234863e-01,3.188906311988830566e-01,4.727923572063446045e-01,2.997619211673736572e-01,3.753669261932373047e-01,2.362830936908721924e-01,1.792408078908920288e-01,1.396684944629669189e-01,-1.553295254707336426e-01,1.097570881247520447e-01,-1.066206768155097961e-01,-1.386734992265701294e-01,3.097146451473236084e-01,2.691299319267272949e-01,3.707058131694793701e-01,4.261296987533569336e-01,2.812615931034088135e-01,6.335244327783584595e-02,2.857887148857116699e-01,4.034171402454376221e-01,1.416577305644750595e-02,5.127203464508056641e-01,1.050765067338943481e-01,5.097965002059936523e-01,1.000000119209289551e+00,4.572197049856185913e-02,4.182331860065460205e-01,3.962323069572448730e-01,2.110460400581359863e-01,3.972073495388031006e-01,2.526243031024932861e-01,3.621711134910583496e-01,2.336168736219406128e-01,1.563216149806976318e-01,2.854265570640563965e-01,2.630093693733215332e-01,4.889629483222961426e-01,4.242884516716003418e-01,3.545347154140472412e-01,2.047942429780960083e-01,3.218605816364288330e-01,4.154387116432189941e-01,3.572943508625030518e-01,2.638402022421360016e-02
1.826100610196590424e-02,1.337508559226989746e-01,7.488319277763366699e-02,-1.041110903024673462e-01,-2.753167040646076202e-02,-1.736882776021957397e-01,-1.497487425804138184e-01,-2.250771038234233856e-02,7.025687396526336670e-02,2.318003959953784943e-02,2.184534668922424316e-01,1.932084858417510986e-01,2.273233085870742798e-01,1.122316122055053711e-01,1.685916036367416382e-01,1.000350862741470337e-01,-3.562339022755622864e-02,-1.187748685479164124e-01,-7.474619895219802856e-02,-5.142288655042648315e-02,1.189125776290893555e-01,1.996880322694778442e-01,-3.347015380859375000e-02,1.564822643995285034e-01,1.121486425399780273e-01,-9.237287193536758423e-02,1.750250011682510376e-01,1.375103890895843506e-01,4.572197049856185913e-02,1.000000119209289551e+00,4.651276767253875732e-01,1.170765683054924011e-01,8.906691521406173706e-02,5.692276358604431152e-02,2.168902307748794556e-01,1.773035526275634766e-01,-5.664615705609321594e-02,1.649022102355957031e-01,1.368260383605957031e-01,8.269944787025451660e-02,-5.222947895526885986e-02,2.703513763844966888e-02,1.167828291654586792e-01,1.317015737295150757e-01,2.196173071861267090e-01,4.687760025262832642e-02,1.229143589735031128e-01,-5.973752960562705994e-02
1.118478104472160339e-01,2.348163872957229614e-01,1.507839709520339966e-01,1.490051895380020142e-01,1.132899373769760132e-01,1.114757731556892395e-01,1.693383157253265381e-01,1.572377681732177734e-01,1.425862759351730347e-01,1.397231072187423706e-01,2.486392110586166382e-01,2.381846010684967041e-01,1.770000904798507690e-01,1.804468482732772827e-01,5.121308565139770508e-02,2.186153456568717957e-02,1.013851985335350037e-01,2.132374346256256104e-01,1.675247699022293091e-01,2.154289931058883667e-01,3.723911643028259277e-01,4.752746820449829102e-01,2.622220516204833984e-01,4.006499350070953369e-01,1.048290356993675232e-01,1.936486810445785522e-01,1.213160976767539978e-01,3.611527383327484131e-01,4.182331860065460205e-01,4.651276767253875732e-01,1.000000119209289551e+00,3.405264914035797119e-01,1.166221871972084045e-01,2.613087594509124756e-01,2.245349735021591187e-01,3.223857581615447998e-01,1.804777681827545166e-01,2.354079335927963257e-01,2.836229801177978516e-01,2.406001389026641846e-01,6.401637941598892212e-02,3.114835731685161591e-02,1.963776201009750366e-01,1.920285075902938843e-01,2.147767692804336548e-01,1.326372921466827393e-01,3.865999579429626465e-01,4.155868664383888245e-03
-5.982678011059761047e-02,4.880628585815429688e-01,-7.456267625093460083e-02,7.951433211565017700e-02,6.211366876959800720e-02,1.877221018075942993e-01,3.504461646080017090e-01,1.764146536588668823e-01,4.171548783779144287e-01,3.366923630237579346e-01,1.253074854612350464e-01,1.107895299792289734e-01,-8.551415801048278809e-02,3.247917443513870239e-02,-2.188165485858917236e-01,-2.324609160423278809e-01,2.143481522798538208e-01,1.790988296270370483e-01,3.387279510498046875e-01,4.095737040042877197e-01,3.043300509452819824e-01,8.773240447044372559e-02,4.653727412223815918e-01,6.796522736549377441e-01,-1.932045370340347290e-01,3.737044930458068848e-01,4.413382615894079208e-03,9.242623299360275269e-02,3.962323069572448730e-01,1.170765683054924011e-01,3.405264914035797119e-01,9.999994635581970215e-01,1.052886545658111572e-01,1.810496896505355835e-01,1.127199605107307434e-01,5.965081453323364258e-01,1.397598832845687866e-01,7.188173383474349976e-02,3.840685486793518066e-01,5.646160244941711426e-01,2.206873595714569092e-01,3.341710567474365234e-01,3.189881742000579834e-01,4.524037241935729980e-01,3.579721450805664062e-01,3.676977455615997314e-01,7.545689940452575684e-01,2.720490396022796631e-01
4.873695671558380127e-01,7.688783854246139526e-02,4.857736825942993164e-02,-2.133950144052505493e-01,5.106613636016845703e-01,3.492714762687683105e-01,-1.157291680574417114e-01,4.538072347640991211e-01,8.084931224584579468e-02,1.426003277301788330e-01,2.928673028945922852e-01,2.841499149799346924e-01,2.378743439912796021e-01,3.974403142929077148e-01,3.676722347736358643e-01,1.560147106647491455e-01,-1.219684928655624390e-01,-1.014821007847785950e-01,-1.203174516558647156e-01,-5.422062426805496216e-02,4.586270451545715332e-02,-8.368609473109245300e-03,6.097122281789779663e-02,1.598083078861236572e-01,6.199968457221984863e-01,-6.818778812885284424e-02,5.796517729759216309e-01,4.249398112297058105e-01,2.110460400581359863e-01,8.906691521406173706e-02,1.166221871972084045e-01,1.052886545658111572e-01,9.999994039535522461e-01,4.216272234916687012e-01,2.275917828083038330e-01,1.136301681399345398e-01,3.112226128578186035e-01,4.187675118446350098e-01,1.729656457901000977e-01,9.498710930347442627e-02,3.198077082633972168e-01,-1.259746998548507690e-01,-1.257620751857757568e-01,1.014920100569725037e-01,-1.887563616037368774e-02,2.948747016489505768e-03,1.511718928813934326e-01,-1.488216519355773926e-01
