1.000000000000000000e+00,3.284858763217926025e-01,1.224036738276481628e-01,1.065244674682617188e-01,3.739432096481323242e-01,1.881058812141418457e-01,3.034048676490783691e-01,4.048049449920654297e-01,5.490385890007019043e-01,1.855998933315277100e-01,5.627986788749694824e-01,1.624980270862579346e-01,1.926869302988052368e-01,5.543291568756103516e-01,3.768225908279418945e-01,3.797844946384429932e-01,4.527369737625122070e-01,4.666791558265686035e-01,9.023886173963546753e-02,2.866123318672180176e-01,3.916299641132354736e-01,4.431462287902832031e-01,2.276723384857177734e-01,2.981715202331542969e-01,3.218472898006439209e-01,-1.161753833293914795e-01,3.142372071743011475e-01,1.815464347600936890e-01,2.775542736053466797e-01,3.944737613201141357e-01,4.379077255725860596e-01,2.962569892406463623e-01,3.271948695182800293e-01,3.110531866550445557e-01,2.086139619350433350e-01,3.021489679813385010e-01,3.653415143489837646e-01,1.302727013826370239e-01,2.022274881601333618e-01,2.199247330427169800e-01,2.896183431148529053e-01,3.601282835006713867e-01,8.859177678823471069e-02,3.239674270153045654e-01,7.410770282149314880e-03,1.465679705142974854e-01,3.190744519233703613e-01,4.865287244319915771e-01
3.284858763217926025e-01,9.999999403953552246e-01,2.108547240495681763e-01,4.172764122486114502e-01,4.544717967510223389e-01,4.290452599525451660e-01,2.761131227016448975e-01,4.506514668464660645e-01,2.272770106792449951e-01,4.023541808128356934e-01,1.619833260774612427e-01,3.876806199550628662e-01,2.127875089645385742e-01,1.686597764492034912e-01,4.140964150428771973e-01,1.841062009334564209e-01,2.801616489887237549e-01,3.926063477993011475e-01,1.908195763826370239e-01,2.236660420894622803e-01,2.780202925205230713e-01,3.127467632293701172e-01,1.303673256188631058e-03,4.375318288803100586e-01,7.216498255729675293e-02,1.622713208198547363e-01,3.739566802978515625e-01,3.863287568092346191e-01,5.080478787422180176e-01,4.543956518173217773e-01,6.239784955978393555e-01,4.106588661670684814e-01,2.724731862545013428e-01,2.973170280456542969e-01,4.382548034191131592e-01,4.532506465911865234e-01,3.509643301367759705e-02,3.295476436614990234e-01,3.979067206382751465e-01,2.599699199199676514e-01,5.871793627738952637e-01,5.216989517211914062e-01,4.293009638786315918e-01,4.598585367202758789e-01,3.808550834655761719e-01,4.661690294742584229e-01,4.339553713798522949e-01,-5.871845409274101257e-02
1.224036738276481628e-01,2.108547240495681763e-01,1.000000119209289551e+00,6.103708148002624512e-01,1.094892807304859161e-02,1.113632321357727051e-01,1.925657391548156738e-01,1.625077277421951294e-01,2.053815126419067383e-02,2.796260267496109009e-02,-4.848392680287361145e-02,4.257079958915710449e-02,1.564792394638061523e-01,7.378128170967102051e-02,1.082874909043312073e-01,1.216460242867469788e-01,8.846148848533630371e-02,2.158262431621551514e-01,1.306342333555221558e-01,6.030121818184852600e-02,8.572389930486679077e-02,1.276284158229827881e-01,7.464716583490371704e-02,1.893759071826934814e-01,1.459147185087203979e-01,7.317064404487609863e-01,7.785979658365249634e-02,6.403720974922180176e-01,4.917329251766204834e-01,1.726418584585189819e-01,2.409538924694061279e-01,2.773907482624053955e-01,1.578854471445083618e-01,8.678408712148666382e-02,1.632874459028244019e-01,2.686140239238739014e-01,7.942476868629455566e-02,1.162670701742172241e-01,1.702470332384109497e-01,2.296349853277206421e-01,2.602557539939880371e-01,9.837865084409713745e-02,1.560698151588439941e-01,3.356384858489036560e-02,3.488776087760925293e-02,1.573145389556884766e-01,1.529061794281005859e-01,-4.137951135635375977e-02
1.065244674682617188e-01,4.172764122486114502e-01,6.103708148002624512e-01,9.999997019767761230e-01,4.000474810600280762e-01,5.067961215972900391e-01,3.863161206245422363e-01,2.121628969907760620e-01,-1.173086278140544891e-02,4.436901956796646118e-02,-3.574356064200401306e-02,4.643788561224937439e-02,2.073708623647689819e-01,2.570710517466068268e-02,2.887604571878910065e-02,9.360820055007934570e-03,1.852627992630004883e-01,2.784517109394073486e-01,8.625891059637069702e-02,1.164524778723716736e-01,1.491621881723403931e-01,1.917663067579269409e-01,5.709137767553329468e-02,2.143690139055252075e-01,9.989718347787857056e-02,4.310256838798522949e-01,2.134719341993331909e-01,4.643283486366271973e-01,4.034060239791870117e-01,2.133212238550186157e-01,3.534751236438751221e-01,2.483934909105300903e-01,2.040280252695083618e-01,1.923712193965911865e-01,2.816561162471771240e-01,2.523777484893798828e-01,-4.502196796238422394e-03,4.581481590867042542e-02,2.718527317047119141e-01,1.042912825942039490e-01,6.109380125999450684e-01,7.516030222177505493e-02,2.599000930786132812e-01,9.045047685503959656e-03,6.762312352657318115e-02,1.948795467615127563e-01,2.154925167560577393e-01,-1.514649391174316406e-01
3.739432096481323242e-01,4.544717967510223389e-01,1.094892807304859161e-02,4.000474810600280762e-01,9.999997615814208984e-01,6.528344750404357910e-01,3.253099322319030762e-01,3.382846117019653320e-01,1.203207150101661682e-01,6.770061701536178589e-02,1.081793606281280518e-01,8.221633732318878174e-02,2.490193769335746765e-02,1.376158446073532104e-01,1.874947547912597656e-01,-1.027791947126388550e-02,3.299688696861267090e-01,3.625814616680145264e-01,9.897984564304351807e-02,2.793607413768768311e-01,1.921052634716033936e-01,2.547944188117980957e-01,-1.443763077259063721e-02,1.756246536970138550e-01,5.877817794680595398e-02,-5.724048241972923279e-02,2.458275258541107178e-01,2.467735409736633301e-01,2.563044428825378418e-01,2.632817924022674561e-01,3.903585076332092285e-01,1.220874562859535217e-01,3.100918531417846680e-01,2.285151332616806030e-01,1.962386667728424072e-01,1.858934909105300903e-01,1.179848909378051758e-01,1.124406680464744568e-01,1.999981403350830078e-01,-7.317721843719482422e-02,7.074767351150512695e-01,1.836432069540023804e-01,2.422703504562377930e-01,2.066356241703033447e-01,8.359170705080032349e-02,8.946451544761657715e-02,2.428331226110458374e-01,-6.792255677282810211e-03
1.881058812141418457e-01,4.290452599525451660e-01,1.113632321357727051e-01,5.067961215972900391e-01,6.528344750404357910e-01,9.999995827674865723e-01,5.731613636016845703e-01,2.880435287952423096e-01,1.107952445745468140e-01,1.206106990575790405e-01,1.863159798085689545e-02,1.096833869814872742e-01,2.580437362194061279e-01,4.073083400726318359e-02,1.526263207197189331e-01,3.430747240781784058e-02,3.891570270061492920e-01,4.033587574958801270e-01,2.692202627658843994e-01,4.735978245735168457e-01,2.568712830543518066e-01,2.419313937425613403e-01,2.111305892467498779e-01,2.859241068363189697e-01,6.620440632104873657e-02,9.660828858613967896e-02,1.061893627047538757e-01,2.240370213985443115e-01,2.531163990497589111e-01,2.994623482227325439e-01,4.340048730373382568e-01,2.227960079908370972e-01,1.332729905843734741e-01,2.454685717821121216e-01,4.221682548522949219e-01,3.162057697772979736e-01,1.437114179134368896e-01,3.321323171257972717e-02,4.359172582626342773e-01,8.021187037229537964e-02,6.337944269180297852e-01,1.569658666849136353e-01,4.663293957710266113e-01,5.165265500545501709e-02,1.114017050713300705e-02,2.547666430473327637e-01,2.935284078121185303e-01,-6.700298935174942017e-02
3.034048676490783691e-01,2.761131227016448975e-01,1.925657391548156738e-01,3.863161206245422363e-01,3.253099322319030762e-01,5.731613636016845703e-01,9.999999403953552246e-01,2.788675725460052490e-01,4.455413818359375000e-01,3.252565162256360054e-03,3.599662184715270996e-01,3.640756011009216309e-02,2.603434324264526367e-01,3.950847685337066650e-01,8.102996647357940674e-02,1.626506298780441284e-01,6.843860745429992676e-01,3.971775174140930176e-01,1.707946062088012695e-01,4.325031638145446777e-01,3.496408760547637939e-01,3.698255419731140137e-01,4.663642644882202148e-01,2.723073959350585938e-01,1.277419328689575195e-01,2.579716742038726807e-01,1.962897628545761108e-01,1.915891915559768677e-01,3.648568987846374512e-01,5.778537392616271973e-01,4.779881536960601807e-01,1.483121067285537720e-01,2.103363722562789917e-01,2.398908585309982300e-01,3.050875961780548096e-01,3.896163702011108398e-01,2.593354880809783936e-01,-2.825191244482994080e-02,3.631823062896728516e-01,3.007332086563110352e-01,4.420228600502014160e-01,1.938689500093460083e-01,2.064141929149627686e-01,4.355527833104133606e-02,-9.506586194038391113e-02,7.584388554096221924e-02,2.819691002368927002e-01,3.245680630207061768e-01
4.048049449920654297e-01,4.506514668464660645e-01,1.625077277421951294e-01,2.121628969907760620e-01,3.382846117019653320e-01,2.880435287952423096e-01,2.788675725460052490e-01,9.999999403953552246e-01,3.292531967163085938e-01,1.618277430534362793e-01,4.423713088035583496e-01,1.928643733263015747e-01,2.292097657918930054e-01,4.515356719493865967e-01,3.252602517604827881e-01,1.968426257371902466e-01,4.509694576263427734e-01,5.251439809799194336e-01,4.067914485931396484e-01,3.786011934280395508e-01,3.905708491802215576e-01,5.034611821174621582e-01,1.619533449411392212e-01,3.309432566165924072e-01,2.666974961757659912e-01,1.231915280222892761e-01,3.629218041896820068e-01,3.663346469402313232e-01,3.299301564693450928e-01,2.897517383098602295e-01,5.644598603248596191e-01,4.214504361152648926e-01,3.738298714160919189e-01,3.539213836193084717e-01,1.514129042625427246e-01,2.182057797908782959e-01,3.419257700443267822e-01,3.432826697826385498e-02,1.889729052782058716e-01,2.248757481575012207e-01,4.011503756046295166e-01,3.354893326759338379e-01,3.263644278049468994e-01,2.099597603082656860e-01,-3.380718082189559937e-02,1.444756686687469482e-01,3.519001901149749756e-01,2.384879291057586670e-01
5.490385890007019043e-01,2.272770106792449951e-01,2.053815126419067383e-02,-1.173086278140544891e-02,1.203207150101661682e-01,1.107952445745468140e-01,4.455413818359375000e-01,3.292531967163085938e-01,9.999999403953552246e-01,3.382816910743713379e-01,7.191237807273864746e-01,3.133378028869628906e-01,2.834382057189941406e-01,5.036222934722900391e-01,4.186060726642608643e-01,5.213103294372558594e-01,6.241539716720581055e-01,3.722184896469116211e-01,3.252502381801605225e-01,3.305232822895050049e-01,4.811501204967498779e-01,4.308393895626068115e-01,3.969990015029907227e-01,3.163957595825195312e-01,1.564067453145980835e-01,-3.415128961205482483e-02,2.207720577716827393e-01,3.779026865959167480e-02,1.252387762069702148e-01,4.470507502555847168e-01,4.221064746379852295e-01,1.912320554256439209e-01,8.603659272193908691e-02,2.636016905307769775e-01,3.191703259944915771e-01,4.139802455902099609e-01,1.947148591279983521e-01,1.620049476623535156e-01,3.394554257392883301e-01,4.523479044437408447e-01,1.279169023036956787e-01,5.135505795478820801e-01,1.571499258279800415e-01,3.905601501464843750e-01,2.881218492984771729e-02,2.533087730407714844e-01,2.837372422218322754e-01,5.256543159484863281e-01
1.855998933315277100e-01,4.023541808128356934e-01,2.796260267496109009e-02,4.436901956796646118e-02,6.770061701536178589e-02,1.206106990575790405e-01,3.252565162256360054e-03,1.618277430534362793e-01,3.382816910743713379e-01,9.999998211860656738e-01,2.328609973192214966e-01,7.976297736167907715e-01,4.143104851245880127e-01,8.994677662849426270e-02,5.282310843467712402e-01,3.909273147583007812e-01,1.745882034301757812e-01,2.407807111740112305e-01,3.113515377044677734e-01,2.064530253410339355e-01,3.779384493827819824e-01,2.648177444934844971e-01,1.647995263338088989e-01,3.806309401988983154e-01,-2.511135861277580261e-02,-5.045738443732261658e-02,2.199120521545410156e-01,2.905156463384628296e-02,1.017357036471366882e-01,2.078587710857391357e-01,3.677777051925659180e-01,3.496505320072174072e-01,-8.332730084657669067e-02,2.478363364934921265e-02,3.401464223861694336e-01,3.199009299278259277e-01,-1.795290969312191010e-02,3.047220706939697266e-01,3.200346529483795166e-01,3.778855204582214355e-01,5.495943129062652588e-02,6.531057953834533691e-01,4.264314472675323486e-01,4.981426000595092773e-01,5.021713972091674805e-01,7.448880672454833984e-01,3.443864881992340088e-01,5.595988407731056213e-02
5.627986788749694824e-01,1.619833260774612427e-01,-4.848392680287361145e-02,-3.574356064200401306e-02,1.081793606281280518e-01,1.863159798085689545e-02,3.599662184715270996e-01,4.423713088035583496e-01,7.191237807273864746e-01,2.328609973192214966e-01,9.999999403953552246e-01,2.996749281883239746e-01,2.356744706630706787e-01,6.885728240013122559e-01,3.414440751075744629e-01,4.983362257480621338e-01,6.047413945198059082e-01,2.787806391716003418e-01,1.968965977430343628e-01,1.741444617509841919e-01,3.567019999027252197e-01,4.191998541355133057e-01,3.383048772811889648e-01,2.325379699468612671e-01,1.641407459974288940e-01,-1.497196853160858154e-01,3.219629824161529541e-01,5.380196496844291687e-02,1.064287126064300537e-01,3.674375414848327637e-01,3.198720216751098633e-01,1.922976523637771606e-01,1.636712551116943359e-01,1.880405694246292114e-01,1.506436914205551147e-01,2.504895329475402832e-01,2.601756453514099121e-01,2.076563052833080292e-02,1.642336845397949219e-01,3.840905725955963135e-01,1.136747151613235474e-01,4.101503491401672363e-01,-6.779895629733800888e-03,3.284254372119903564e-01,-7.662271149456501007e-03,1.051795333623886108e-01,2.625250816345214844e-01,5.952281355857849121e-01
1.624980270862579346e-01,3.876806199550628662e-01,4.257079958915710449e-02,4.643788561224937439e-02,8.221633732318878174e-02,1.096833869814872742e-01,3.640756011009216309e-02,1.928643733263015747e-01,3.133378028869628906e-01,7.976297736167907715e-01,2.996749281883239746e-01,1.000000238418579102e+00,3.897383213043212891e-01,1.814960539340972900e-01,4.896400868892669678e-01,3.996509611606597900e-01,2.328983992338180542e-01,2.284681349992752075e-01,3.617240786552429199e-01,2.047546058893203735e-01,3.634931445121765137e-01,3.137220740318298340e-01,2.172226905822753906e-01,4.021522998809814453e-01,-3.667489439249038696e-02,-6.585648655891418457e-02,2.095659375190734863e-01,6.614696234464645386e-02,1.039797216653823853e-01,2.445827871561050415e-01,3.815192878246307373e-01,3.581105172634124756e-01,-4.044828563928604126e-02,4.549570009112358093e-02,3.537214696407318115e-01,3.363247215747833252e-01,1.376865059137344360e-02,3.244258463382720947e-01,3.264942467212677002e-01,4.172267615795135498e-01,8.912997692823410034e-02,6.542682647705078125e-01,4.690460264682769775e-01,5.251350402832031250e-01,4.956824779510498047e-01,6.842830181121826172e-01,3.608534634113311768e-01,9.166882187128067017e-02
1.926869302988052368e-01,2.127875089645385742e-01,1.564792394638061523e-01,2.073708623647689819e-01,2.490193769335746765e-02,2.580437362194061279e-01,2.603434324264526367e-01,2.292097657918930054e-01,2.834382057189941406e-01,4.143104851245880127e-01,2.356744706630706787e-01,3.897383213043212891e-01,9.999996423721313477e-01,1.686956584453582764e-01,3.050592541694641113e-01,5.431227684020996094e-01,3.451233804225921631e-01,4.679423570632934570e-01,4.403810501098632812e-01,5.959826111793518066e-01,6.528975963592529297e-01,5.375884175300598145e-01,6.241571307182312012e-01,3.613902628421783447e-01,2.858820259571075439e-01,-1.078341063112020493e-02,1.463072150945663452e-01,9.097196906805038452e-02,-7.159592956304550171e-02,1.192661970853805542e-01,4.064758121967315674e-01,4.922297298908233643e-01,5.705485492944717407e-02,1.946712136268615723e-01,3.594863414764404297e-01,3.799808621406555176e-01,7.405696064233779907e-02,6.969697773456573486e-02,5.105366706848144531e-01,5.280758738517761230e-01,8.173707127571105957e-02,2.890278398990631104e-01,4.080135226249694824e-01,8.493532985448837280e-02,1.138322707265615463e-02,5.190131664276123047e-01,3.386255800724029541e-01,3.325196802616119385e-01
5.543291568756103516e-01,1.686597764492034912e-01,7.378128170967102051e-02,2.570710517466068268e-02,1.376158446073532104e-01,4.073083400726318359e-02,3.950847685337066650e-01,4.515356719493865967e-01,5.036222934722900391e-01,8.994677662849426270e-02,6.885728240013122559e-01,1.814960539340972900e-01,1.686956584453582764e-01,9.999997615814208984e-01,2.424064129590988159e-01,3.885763883590698242e-01,5.609568953514099121e-01,3.505700528621673584e-01,1.337904930114746094e-01,2.373204380273818970e-01,3.316585123538970947e-01,4.803588390350341797e-01,3.429061770439147949e-01,1.785033345222473145e-01,2.730023860931396484e-01,-2.494435943663120270e-02,3.662699759006500244e-01,1.801998615264892578e-01,2.463779300451278687e-01,3.938596248626708984e-01,3.549064695835113525e-01,1.891872882843017578e-01,4.439747929573059082e-01,2.948217093944549561e-01,8.050788193941116333e-02,2.207241207361221313e-01,3.828288018703460693e-01,-7.166800647974014282e-02,9.638874232769012451e-02,3.206176757812500000e-01,1.810587942600250244e-01,2.924071848392486572e-01,-4.545804485678672791e-02,1.882507652044296265e-01,-9.256722033023834229e-02,-2.543584257364273071e-02,2.491490840911865234e-01,5.929000377655029297e-01
3.768225908279418945e-01,4.140964150428771973e-01,1.082874909043312073e-01,2.887604571878910065e-02,1.874947547912597656e-01,1.526263207197189331e-01,8.102996647357940674e-02,3.252602517604827881e-01,4.186060726642608643e-01,5.282310843467712402e-01,3.414440751075744629e-01,4.896400868892669678e-01,3.050592541694641113e-01,2.424064129590988159e-01,1.000000000000000000e+00,4.607825279235839844e-01,3.412433862686157227e-01,4.108903706073760986e-01,3.690221011638641357e-01,3.347254097461700439e-01,4.279541373252868652e-01,3.262274861335754395e-01,1.534232050180435181e-01,2.702969014644622803e-01,9.546586871147155762e-02,1.631093397736549377e-02,2.425879091024398804e-01,1.911105662584304810e-01,1.124009266495704651e-01,1.217919215559959412e-01,3.791186511516571045e-01,3.432763814926147461e-01,1.039406731724739075e-01,1.631318479776382446e-01,2.386336624622344971e-01,2.605102360248565674e-01,8.683053404092788696e-02,5.047085285186767578e-01,2.376803904771804810e-01,3.397162556648254395e-01,1.785841137170791626e-01,4.991806745529174805e-01,2.758466005325317383e-01,5.852892994880676270e-01,3.346502780914306641e-01,4.231499135494232178e-01,2.426509261131286621e-01,2.243607640266418457e-01
3.797844946384429932e-01,1.841062009334564209e-01,1.216460242867469788e-01,9.360820055007934570e-03,-1.027791947126388550e-02,3.430747240781784058e-02,1.626506298780441284e-01,1.968426257371902466e-01,5.213103294372558594e-01,3.909273147583007812e-01,4.983362257480621338e-01,3.996509611606597900e-01,5.431227684020996094e-01,3.885763883590698242e-01,4.607825279235839844e-01,1.000000119209289551e+00,4.072603583335876465e-01,2.579679787158966064e-01,4.192105531692504883e-01,2.938499152660369873e-01,3.916383981704711914e-01,3.266109228134155273e-01,4.715027213096618652e-01,3.087900578975677490e-01,1.629969924688339233e-01,-2.414416894316673279e-02,9.075462073087692261e-02,1.079296916723251343e-01,3.938989713788032532e-03,2.693148851394653320e-01,3.206062316894531250e-01,3.197665512561798096e-01,-4.273293167352676392e-02,1.454370468854904175e-01,3.392286598682403564e-01,4.166394174098968506e-01,1.046747192740440369e-01,1.939006000757217407e-01,5.107220411300659180e-01,5.524243712425231934e-01,2.278517698869109154e-03,4.562312066555023193e-01,1.634948253631591797e-01,2.857484817504882812e-01,5.515566840767860413e-02,3.872652947902679443e-01,2.942290902137756348e-01,4.516512155532836914e-01
4.527369737625122070e-01,2.801616489887237549e-01,8.846148848533630371e-02,1.852627992630004883e-01,3.299688696861267090e-01,3.891570270061492920e-01,6.843860745429992676e-01,4.509694576263427734e-01,6.241539716720581055e-01,1.745882034301757812e-01,6.047413945198059082e-01,2.328983992338180542e-01,3.451233804225921631e-01,5.609568953514099121e-01,3.412433862686157227e-01,4.072603583335876465e-01,9.999997615814208984e-01,5.059675574302673340e-01,4.829618930816650391e-01,5.507560968399047852e-01,4.893754720687866211e-01,5.488119125366210938e-01,5.663020610809326172e-01,3.674483299255371094e-01,2.010522484779357910e-01,6.075199693441390991e-02,3.120476603507995605e-01,2.114443928003311157e-01,2.594524025917053223e-01,5.430645942687988281e-01,5.796473622322082520e-01,3.087523281574249268e-01,2.520951330661773682e-01,2.305515408515930176e-01,2.697034180164337158e-01,4.219599962234497070e-01,2.749034762382507324e-01,8.885936439037322998e-02,3.645927309989929199e-01,4.390176236629486084e-01,3.584991693496704102e-01,4.021633565425872803e-01,2.447897195816040039e-01,2.899973392486572266e-01,2.838731929659843445e-02,1.573496460914611816e-01,3.862571120262145996e-01,5.463406443595886230e-01
4.666791558265686035e-01,3.926063477993011475e-01,2.158262431621551514e-01,2.784517109394073486e-01,3.625814616680145264e-01,4.033587574958801270e-01,3.971775174140930176e-01,5.251439809799194336e-01,3.722184896469116211e-01,2.407807111740112305e-01,2.787806391716003418e-01,2.284681349992752075e-01,4.679423570632934570e-01,3.505700528621673584e-01,4.108903706073760986e-01,2.579679787158966064e-01,5.059675574302673340e-01,9.999998211860656738e-01,3.979220092296600342e-01,6.653246283531188965e-01,7.302619218826293945e-01,7.750191688537597656e-01,3.768024146556854248e-01,4.407007396221160889e-01,3.015037775039672852e-01,1.178127676248550415e-01,2.596215903759002686e-01,2.564307451248168945e-01,1.900902837514877319e-01,2.077156752347946167e-01,6.900401711463928223e-01,5.757730603218078613e-01,3.960045576095581055e-01,3.060553073883056641e-01,2.386351674795150757e-01,2.726302444934844971e-01,2.961093187332153320e-01,1.014365479350090027e-01,2.940858006477355957e-01,3.040874600410461426e-01,3.925373852252960205e-01,3.181146979331970215e-01,4.929782152175903320e-01,2.424732595682144165e-01,7.119638845324516296e-03,3.145442008972167969e-01,4.553476572036743164e-01,3.998778164386749268e-01
9.023886173963546753e-02,1.908195763826370239e-01,1.306342333555221558e-01,8.625891059637069702e-02,9.897984564304351807e-02,2.692202627658843994e-01,1.707946062088012695e-01,4.067914485931396484e-01,3.252502381801605225e-01,3.113515377044677734e-01,1.968965977430343628e-01,3.617240786552429199e-01,4.403810501098632812e-01,1.337904930114746094e-01,3.690221011638641357e-01,4.192105531692504883e-01,4.829618930816650391e-01,3.979220092296600342e-01,9.999998211860656738e-01,5.944154858589172363e-01,4.607867896556854248e-01,4.452319741249084473e-01,4.576525688171386719e-01,4.322177767753601074e-01,1.597555875778198242e-01,1.101952940225601196e-01,1.545878648757934570e-01,2.065344452857971191e-01,2.427158132195472717e-02,1.741258502006530762e-01,4.599602222442626953e-01,4.588841199874877930e-01,7.815918326377868652e-02,1.596252471208572388e-01,3.845753371715545654e-01,4.045137763023376465e-01,5.555126816034317017e-02,1.864362061023712158e-01,4.901805222034454346e-01,4.891797304153442383e-01,1.429988890886306763e-01,4.266645014286041260e-01,5.416830182075500488e-01,2.484606355428695679e-01,4.889624193310737610e-02,4.297161102294921875e-01,3.975553810596466064e-01,2.417265623807907104e-01
2.866123318672180176e-01,2.236660420894622803e-01,6.030121818184852600e-02,1.164524778723716736e-01,2.793607413768768311e-01,4.735978245735168457e-01,4.325031638145446777e-01,3.786011934280395508e-01,3.305232822895050049e-01,2.064530253410339355e-01,1.741444617509841919e-01,2.047546058893203735e-01,5.959826111793518066e-01,2.373204380273818970e-01,3.347254097461700439e-01,2.938499152660369873e-01,5.507560968399047852e-01,6.653246283531188965e-01,5.944154858589172363e-01,9.999996423721313477e-01,7.049031853675842285e-01,6.395139098167419434e-01,6.034272313117980957e-01,3.568194806575775146e-01,2.542209625244140625e-01,-1.894027460366487503e-03,1.536728590726852417e-01,1.376365870237350464e-01,1.495261490345001221e-02,1.752988994121551514e-01,4.869559109210968018e-01,4.493239223957061768e-01,2.186409831047058105e-01,2.745446562767028809e-01,2.898021936416625977e-01,3.401715457439422607e-01,2.034962922334671021e-01,8.002988994121551514e-02,4.154689311981201172e-01,3.829657435417175293e-01,2.580651938915252686e-01,2.272680699825286865e-01,4.664835333824157715e-01,1.107394024729728699e-01,-9.774449467658996582e-02,3.028095066547393799e-01,3.771562874317169189e-01,3.892828226089477539e-01
3.916299641132354736e-01,2.780202925205230713e-01,8.572389930486679077e-02,1.491621881723403931e-01,1.921052634716033936e-01,2.568712830543518066e-01,3.496408760547637939e-01,3.905708491802215576e-01,4.811501204967498779e-01,3.779384493827819824e-01,3.567019999027252197e-01,3.634931445121765137e-01,6.528975963592529297e-01,3.316585123538970947e-01,4.279541373252868652e-01,3.916383981704711914e-01,4.893754720687866211e-01,7.302619218826293945e-01,4.607867896556854248e-01,7.049031853675842285e-01,1.000000119209289551e+00,7.861583232879638672e-01,5.688228011131286621e-01,4.484676718711853027e-01,2.757057845592498779e-01,-4.430396109819412231e-02,2.579522430896759033e-01,1.059631109237670898e-01,-4.596071783453226089e-03,1.783840209245681763e-01,5.791441798210144043e-01,5.106696486473083496e-01,2.388131320476531982e-01,2.486792653799057007e-01,3.039818406105041504e-01,3.653033375740051270e-01,1.784152835607528687e-01,1.032084673643112183e-01,4.215416908264160156e-01,4.878739416599273682e-01,2.173189669847488403e-01,3.703486323356628418e-01,4.702777266502380371e-01,2.370337247848510742e-01,2.818903652951121330e-03,4.291896820068359375e-01,4.299544990062713623e-01,4.890085160732269287e-01
4.431462287902832031e-01,3.127467632293701172e-01,1.276284158229827881e-01,1.917663067579269409e-01,2.547944188117980957e-01,2.419313937425613403e-01,3.698255419731140137e-01,5.034611821174621582e-01,4.308393895626068115e-01,2.648177444934844971e-01,4.191998541355133057e-01,3.137220740318298340e-01,5.375884175300598145e-01,4.803588390350341797e-01,3.262274861335754395e-01,3.266109228134155273e-01,5.488119125366210938e-01,7.750191688537597656e-01,4.452319741249084473e-01,6.395139098167419434e-01,7.861583232879638672e-01,9.999999403953552246e-01,5.297453999519348145e-01,4.738064706325531006e-01,3.064846396446228027e-01,-2.009834907948970795e-02,3.572036325931549072e-01,2.017209082841873169e-01,1.148576959967613220e-01,2.269763797521591187e-01,6.519443988800048828e-01,5.855104923248291016e-01,4.097512662410736084e-01,2.389918416738510132e-01,2.367561161518096924e-01,3.319699466228485107e-01,2.452013641595840454e-01,3.384450823068618774e-02,3.209219574928283691e-01,4.549478590488433838e-01,2.952499091625213623e-01,3.799410164356231689e-01,4.213376343250274658e-01,2.656394839286804199e-01,4.621182009577751160e-02,2.995466589927673340e-01,5.180994868278503418e-01,6.095665097236633301e-01
2.276723384857177734e-01,1.303673256188631058e-03,7.464716583490371704e-02,5.709137767553329468e-02,-1.443763077259063721e-02,2.111305892467498779e-01,4.663642644882202148e-01,1.619533449411392212e-01,3.969990015029907227e-01,1.647995263338088989e-01,3.383048772811889648e-01,2.172226905822753906e-01,6.241571307182312012e-01,3.429061770439147949e-01,1.534232050180435181e-01,4.715027213096618652e-01,5.663020610809326172e-01,3.768024146556854248e-01,4.576525688171386719e-01,6.034272313117980957e-01,5.688228011131286621e-01,5.297453999519348145e-01,1.000000000000000000e+00,3.256522715091705322e-01,2.152820378541946411e-01,1.179731334559619427e-03,9.204266220331192017e-02,2.409857930615544319e-03,-1.077470704913139343e-01,2.514775693416595459e-01,3.386734724044799805e-01,2.643027603626251221e-01,6.241728737950325012e-02,1.451554447412490845e-01,2.802289128303527832e-01,4.075642228126525879e-01,1.290301978588104248e-01,-5.596922338008880615e-02,4.127115011215209961e-01,6.367759704589843750e-01,-2.158164232969284058e-02,1.907299458980560303e-01,2.257881611585617065e-01,4.446156695485115051e-02,-1.158272400498390198e-01,2.466533631086349487e-01,3.249256014823913574e-01,6.129729747772216797e-01
2.981715202331542969e-01,4.375318288803100586e-01,1.893759071826934814e-01,2.143690139055252075e-01,1.756246536970138550e-01,2.859241068363189697e-01,2.723073959350585938e-01,3.309432566165924072e-01,3.163957595825195312e-01,3.806309401988983154e-01,2.325379699468612671e-01,4.021522998809814453e-01,3.613902628421783447e-01,1.785033345222473145e-01,2.702969014644622803e-01,3.087900578975677490e-01,3.674483299255371094e-01,4.407007396221160889e-01,4.322177767753601074e-01,3.568194806575775146e-01,4.484676718711853027e-01,4.738064706325531006e-01,3.256522715091705322e-01,1.000000119209289551e+00,1.058704480528831482e-01,1.137475967407226562e-01,1.314156055450439453e-01,2.116062343120574951e-01,2.943727970123291016e-01,4.194605946540832520e-01,6.200398802757263184e-01,6.140055656433105469e-01,3.567185997962951660e-02,1.603355407714843750e-01,5.324103832244873047e-01,6.064625978469848633e-01,2.750404477119445801e-01,1.107541248202323914e-01,5.811396241188049316e-01,5.025128126144409180e-01,3.149442374706268311e-01,5.167968273162841797e-01,5.868019461631774902e-01,2.588158547878265381e-01,1.415618509054183960e-01,4.985377490520477295e-01,7.322478890419006348e-01,2.762798368930816650e-01
3.218472898006439209e-01,7.216498255729675293e-02,1.459147185087203979e-01,9.989718347787857056e-02,5.877817794680595398e-02,6.620440632104873657e-02,1.277419328689575195e-01,2.666974961757659912e-01,1.564067453145980835e-01,-2.511135861277580261e-02,1.641407459974288940e-01,-3.667489439249038696e-02,2.858820259571075439e-01,2.730023860931396484e-01,9.546586871147155762e-02,1.629969924688339233e-01,2.010522484779357910e-01,3.015037775039672852e-01,1.597555875778198242e-01,2.542209625244140625e-01,2.757057845592498779e-01,3.064846396446228027e-01,2.152820378541946411e-01,1.058704480528831482e-01,1.000000000000000000e+00,7.283352315425872803e-02,1.936818808317184448e-01,1.867059022188186646e-01,1.353619396686553955e-01,1.544907540082931519e-01,2.626833915710449219e-01,2.176920920610427856e-01,3.396898508071899414e-01,4.083212316036224365e-01,1.539545655250549316e-01,1.855559200048446655e-01,2.962564229965209961e-01,6.189833395183086395e-03,1.461716294288635254e-01,2.155497223138809204e-01,9.228632599115371704e-02,7.515409588813781738e-02,1.126726791262626648e-01,-6.562010198831558228e-02,-3.039160072803497314e-01,2.048878744244575500e-02,1.082899272441864014e-01,2.171725481748580933e-01
-1.161753833293914795e-01,1.622713208198547363e-01,7.317064404487609863e-01,4.310256838798522949e-01,-5.724048241972923279e-02,9.660828858613967896e-02,2.579716742038726807e-01,1.231915280222892761e-01,-3.415128961205482483e-02,-5.045738443732261658e-02,-1.497196853160858154e-01,-6.585648655891418457e-02,-1.078341063112020493e-02,-2.494435943663120270e-02,1.631093397736549377e-02,-2.414416894316673279e-02,6.075199693441390991e-02,1.178127676248550415e-01,1.101952940225601196e-01,-1.894027460366487503e-03,-4.430396109819412231e-02,-2.009834907948970795e-02,1.179731334559619427e-03,1.137475967407226562e-01,7.283352315425872803e-02,1.000000238418579102e+00,-8.640296757221221924e-03,5.708160996437072754e-01,5.488581061363220215e-01,2.005275934934616089e-01,1.764959990978240967e-01,1.088316291570663452e-01,1.320721358060836792e-01,5.134835466742515564e-02,7.006990909576416016e-02,1.932740211486816406e-01,6.305575370788574219e-02,4.413954541087150574e-02,7.253284007310867310e-02,1.623100489377975464e-01,2.203063219785690308e-01,2.547844499349594116e-02,1.382091343402862549e-01,-5.983978137373924255e-02,3.760216350201517344e-04,6.743662804365158081e-02,7.660568505525588989e-02,-1.110292002558708191e-01
3.142372071743011475e-01,3.739566802978515625e-01,7.785979658365249634e-02,2.134719341993331909e-01,2.458275258541107178e-01,1.061893627047538757e-01,1.962897628545761108e-01,3.629218041896820068e-01,2.207720577716827393e-01,2.199120521545410156e-01,3.219629824161529541e-01,2.095659375190734863e-01,1.463072150945663452e-01,3.662699759006500244e-01,2.425879091024398804e-01,9.075462073087692261e-02,3.120476603507995605e-01,2.596215903759002686e-01,1.545878648757934570e-01,1.536728590726852417e-01,2.579522430896759033e-01,3.572036325931549072e-01,9.204266220331192017e-02,1.314156055450439453e-01,1.936818808317184448e-01,-8.640296757221221924e-03,1.000000119209289551e+00,2.276939302682876587e-01,2.803711593151092529e-01,2.487638890743255615e-01,3.630476295948028564e-01,1.665029376745223999e-01,5.014892816543579102e-01,6.388749182224273682e-02,1.589682400226593018e-01,1.895272880792617798e-01,8.004924654960632324e-02,1.863518208265304565e-01,5.128915607929229736e-02,1.869309097528457642e-01,2.724990248680114746e-01,2.654558122158050537e-01,4.802395775914192200e-02,2.765790522098541260e-01,1.545597314834594727e-01,1.651565730571746826e-01,1.957310140132904053e-01,1.527002155780792236e-01
1.815464347600936890e-01,3.863287568092346191e-01,6.403720974922180176e-01,4.643283486366271973e-01,2.467735409736633301e-01,2.240370213985443115e-01,1.915891915559768677e-01,3.663346469402313232e-01,3.779026865959167480e-02,2.905156463384628296e-02,5.380196496844291687e-02,6.614696234464645386e-02,9.097196906805038452e-02,1.801998615264892578e-01,1.911105662584304810e-01,1.079296916723251343e-01,2.114443928003311157e-01,2.564307451248168945e-01,2.065344452857971191e-01,1.376365870237350464e-01,1.059631109237670898e-01,2.017209082841873169e-01,2.409857930615544319e-03,2.116062343120574951e-01,1.867059022188186646e-01,5.708160996437072754e-01,2.276939302682876587e-01,9.999994635581970215e-01,6.756636500358581543e-01,2.859190106391906738e-01,3.801912367343902588e-01,2.538804709911346436e-01,2.887385189533233643e-01,1.518064290285110474e-01,1.558506041765213013e-01,2.684457600116729736e-01,1.883318275213241577e-01,9.795320779085159302e-02,2.067440450191497803e-01,1.481668055057525635e-01,4.589163959026336670e-01,1.844068169593811035e-01,2.343154251575469971e-01,1.390573084354400635e-01,8.848477900028228760e-02,1.149239391088485718e-01,2.450445294380187988e-01,-5.178894475102424622e-02
2.775542736053466797e-01,5.080478787422180176e-01,4.917329251766204834e-01,4.034060239791870117e-01,2.563044428825378418e-01,2.531163990497589111e-01,3.648568987846374512e-01,3.299301564693450928e-01,1.252387762069702148e-01,1.017357036471366882e-01,1.064287126064300537e-01,1.039797216653823853e-01,-7.159592956304550171e-02,2.463779300451278687e-01,1.124009266495704651e-01,3.938989713788032532e-03,2.594524025917053223e-01,1.900902837514877319e-01,2.427158132195472717e-02,1.495261490345001221e-02,-4.596071783453226089e-03,1.148576959967613220e-01,-1.077470704913139343e-01,2.943727970123291016e-01,1.353619396686553955e-01,5.488581061363220215e-01,2.803711593151092529e-01,6.756636500358581543e-01,1.000000357627868652e+00,5.828968286514282227e-01,4.416020512580871582e-01,1.860960125923156738e-01,2.825150489807128906e-01,2.048042267560958862e-01,2.324504554271697998e-01,3.919231593608856201e-01,2.467902451753616333e-01,1.117078065872192383e-01,2.125396877527236938e-01,1.197820901870727539e-01,4.766018986701965332e-01,2.636348307132720947e-01,2.212202847003936768e-01,1.728130877017974854e-01,1.480865627527236938e-01,1.521105468273162842e-01,3.002357482910156250e-01,-5.771431699395179749e-02
3.944737613201141357e-01,4.543956518173217773e-01,1.726418584585189819e-01,2.133212238550186157e-01,2.632817924022674561e-01,2.994623482227325439e-01,5.778537392616271973e-01,2.897517383098602295e-01,4.470507502555847168e-01,2.078587710857391357e-01,3.674375414848327637e-01,2.445827871561050415e-01,1.192661970853805542e-01,3.938596248626708984e-01,1.217919215559959412e-01,2.693148851394653320e-01,5.430645942687988281e-01,2.077156752347946167e-01,1.741258502006530762e-01,1.752988994121551514e-01,1.783840209245681763e-01,2.269763797521591187e-01,2.514775693416595459e-01,4.194605946540832520e-01,1.544907540082931519e-01,2.005275934934616089e-01,2.487638890743255615e-01,2.859190106391906738e-01,5.828968286514282227e-01,1.000000357627868652e+00,5.841522216796875000e-01,1.610472649335861206e-01,1.312900334596633911e-01,2.524544000625610352e-01,4.201997220516204834e-01,6.494582295417785645e-01,2.182488888502120972e-01,8.550181984901428223e-02,4.553556144237518311e-01,4.059128761291503906e-01,3.488155305385589600e-01,4.435411393642425537e-01,2.821207940578460693e-01,2.124043554067611694e-01,1.340927630662918091e-01,2.495061606168746948e-01,4.191762506961822510e-01,2.272461354732513428e-01
4.379077255725860596e-01,6.239784955978393555e-01,2.409538924694061279e-01,3.534751236438751221e-01,3.903585076332092285e-01,4.340048730373382568e-01,4.779881536960601807e-01,5.644598603248596191e-01,4.221064746379852295e-01,3.677777051925659180e-01,3.198720216751098633e-01,3.815192878246307373e-01,4.064758121967315674e-01,3.549064695835113525e-01,3.791186511516571045e-01,3.206062316894531250e-01,5.796473622322082520e-01,6.900401711463928223e-01,4.599602222442626953e-01,4.869559109210968018e-01,5.791441798210144043e-01,6.519443988800048828e-01,3.386734724044799805e-01,6.200398802757263184e-01,2.626833915710449219e-01,1.764959990978240967e-01,3.630476295948028564e-01,3.801912367343902588e-01,4.416020512580871582e-01,5.841522216796875000e-01,1.000000238418579102e+00,5.640341043472290039e-01,3.087979853153228760e-01,2.917456626892089844e-01,4.480307698249816895e-01,5.842539072036743164e-01,2.511273026466369629e-01,1.496531069278717041e-01,4.967390298843383789e-01,4.418498873710632324e-01,4.807581901550292969e-01,5.724260807037353516e-01,5.961701273918151855e-01,3.601504266262054443e-01,2.223763912916183472e-01,4.749775230884552002e-01,6.089542508125305176e-01,2.780008018016815186e-01
2.962569892406463623e-01,4.106588661670684814e-01,2.773907482624053955e-01,2.483934909105300903e-01,1.220874562859535217e-01,2.227960079908370972e-01,1.483121067285537720e-01,4.214504361152648926e-01,1.912320554256439209e-01,3.496505320072174072e-01,1.922976523637771606e-01,3.581105172634124756e-01,4.922297298908233643e-01,1.891872882843017578e-01,3.432763814926147461e-01,3.197665512561798096e-01,3.087523281574249268e-01,5.757730603218078613e-01,4.588841199874877930e-01,4.493239223957061768e-01,5.106696486473083496e-01,5.855104923248291016e-01,2.643027603626251221e-01,6.140055656433105469e-01,2.176920920610427856e-01,1.088316291570663452e-01,1.665029376745223999e-01,2.538804709911346436e-01,1.860960125923156738e-01,1.610472649335861206e-01,5.640341043472290039e-01,1.000000000000000000e+00,1.521300524473190308e-01,1.624812334775924683e-01,3.033360838890075684e-01,3.751176595687866211e-01,2.236143499612808228e-01,1.304229646921157837e-01,4.037631154060363770e-01,4.203825294971466064e-01,2.389826178550720215e-01,4.318267405033111572e-01,4.830016493797302246e-01,2.593836784362792969e-01,1.284607052803039551e-01,4.417042136192321777e-01,5.889335274696350098e-01,2.710898518562316895e-01
3.271948695182800293e-01,2.724731862545013428e-01,1.578854471445083618e-01,2.040280252695083618e-01,3.100918531417846680e-01,1.332729905843734741e-01,2.103363722562789917e-01,3.738298714160919189e-01,8.603659272193908691e-02,-8.332730084657669067e-02,1.636712551116943359e-01,-4.044828563928604126e-02,5.705485492944717407e-02,4.439747929573059082e-01,1.039406731724739075e-01,-4.273293167352676392e-02,2.520951330661773682e-01,3.960045576095581055e-01,7.815918326377868652e-02,2.186409831047058105e-01,2.388131320476531982e-01,4.097512662410736084e-01,6.241728737950325012e-02,3.567185997962951660e-02,3.396898508071899414e-01,1.320721358060836792e-01,5.014892816543579102e-01,2.887385189533233643e-01,2.825150489807128906e-01,1.312900334596633911e-01,3.087979853153228760e-01,1.521300524473190308e-01,1.000000357627868652e+00,2.940094769001007080e-01,3.461361303925514221e-02,6.852787733078002930e-02,2.173308581113815308e-01,6.547322124242782593e-02,-2.990649454295635223e-02,8.800326287746429443e-02,3.440828025341033936e-01,5.561021342873573303e-02,2.771503757685422897e-03,6.160502880811691284e-02,-6.973864883184432983e-02,-9.167478978633880615e-02,1.729627549648284912e-01,2.035784125328063965e-01
