1.000000119209289551e+00,7.243915200233459473e-01,6.828266382217407227e-01,7.384953498840332031e-01,7.452221512794494629e-01,7.541912198066711426e-01,6.494796872138977051e-01,4.170623123645782471e-01,5.464505553245544434e-01,4.504114687442779541e-01,6.536108851432800293e-01,8.003425598144531250e-01,6.220617890357971191e-01,6.909412741661071777e-01,6.808416247367858887e-01,6.698412895202636719e-01,6.102960705757141113e-01,5.368653535842895508e-01,5.668262839317321777e-01,4.867062866687774658e-01,5.345389842987060547e-01
7.243915200233459473e-01,9.999998211860656738e-01,2.546672821044921875e-01,3.841454386711120605e-01,4.032346904277801514e-01,4.958677887916564941e-01,5.251179337501525879e-01,1.418433338403701782e-01,2.398982346057891846e-01,3.076444268226623535e-01,3.300233185291290283e-01,4.709675610065460205e-01,5.873770117759704590e-01,2.572679519653320312e-01,2.983059287071228027e-01,2.908292412757873535e-01,2.555635869503021240e-01,2.874671220779418945e-01,2.079909592866897583e-01,1.929531693458557129e-01,1.724240481853485107e-01
6.828266382217407227e-01,2.546672821044921875e-01,9.999999403953552246e-01,7.983078956604003906e-01,8.458858132362365723e-01,6.086990237236022949e-01,4.220471382141113281e-01,4.710800349712371826e-01,5.925534963607788086e-01,3.554091751575469971e-01,6.838700771331787109e-01,7.306902408599853516e-01,4.643900692462921143e-01,9.478178024291992188e-01,7.750285267829895020e-01,8.615803718566894531e-01,6.413786411285400391e-01,5.087265968322753906e-01,6.890724301338195801e-01,6.043178439140319824e-01,6.679410934448242188e-01
7.384953498840332031e-01,3.841454386711120605e-01,7.983078956604003906e-01,1.000000357627868652e+00,8.272204399108886719e-01,7.295940518379211426e-01,6.010510921478271484e-01,4.664226472377777100e-01,5.848750472068786621e-01,4.083398878574371338e-01,7.488252520561218262e-01,7.665887475013732910e-01,5.343657732009887695e-01,8.033295869827270508e-01,9.274305701255798340e-01,8.329175710678100586e-01,6.924045681953430176e-01,6.113545894622802734e-01,6.278921961784362793e-01,5.472379922866821289e-01,6.800001859664916992e-01
7.452221512794494629e-01,4.032346904277801514e-01,8.458858132362365723e-01,8.272204399108886719e-01,9.999997019767761230e-01,6.555112004280090332e-01,4.998343884944915771e-01,4.088400900363922119e-01,5.340646505355834961e-01,4.090379774570465088e-01,7.210195064544677734e-01,6.908824443817138672e-01,4.326055347919464111e-01,8.354733586311340332e-01,7.967986464500427246e-01,8.789895772933959961e-01,5.907180905342102051e-01,4.914509356021881104e-01,6.135835647583007812e-01,5.223523974418640137e-01,6.746757030487060547e-01
7.541912198066711426e-01,4.958677887916564941e-01,6.086990237236022949e-01,7.295940518379211426e-01,6.555112004280090332e-01,9.999994635581970215e-01,7.223227024078369141e-01,3.348377346992492676e-01,4.883153140544891357e-01,3.847500681877136230e-01,6.818270087242126465e-01,6.993325352668762207e-01,5.488432049751281738e-01,6.150178909301757812e-01,6.754682660102844238e-01,6.358376741409301758e-01,7.083336114883422852e-01,6.243515014648437500e-01,5.336366295814514160e-01,5.190831422805786133e-01,6.180155277252197266e-01
6.494796872138977051e-01,5.251179337501525879e-01,4.220471382141113281e-01,6.010510921478271484e-01,4.998343884944915771e-01,7.223227024078369141e-01,1.000000357627868652e+00,2.638058364391326904e-01,3.396497070789337158e-01,3.135990500450134277e-01,5.541262626647949219e-01,6.017177104949951172e-01,4.917804598808288574e-01,4.281116127967834473e-01,5.529374480247497559e-01,4.637288153171539307e-01,5.950198173522949219e-01,6.133905053138732910e-01,4.418620765209197998e-01,4.319049417972564697e-01,4.226779341697692871e-01
4.170623123645782471e-01,1.418433338403701782e-01,4.710800349712371826e-01,4.664226472377777100e-01,4.088400900363922119e-01,3.348377346992492676e-01,2.638058364391326904e-01,1.000000000000000000e+00,5.698707699775695801e-01,2.331912815570831299e-01,4.999378919601440430e-01,4.831826686859130859e-01,2.867749035358428955e-01,4.984781146049499512e-01,4.935355484485626221e-01,4.161551892757415771e-01,4.244736433029174805e-01,3.615052998065948486e-01,6.013469099998474121e-01,5.203468799591064453e-01,4.773207604885101318e-01
5.464505553245544434e-01,2.398982346057891846e-01,5.925534963607788086e-01,5.848750472068786621e-01,5.340646505355834961e-01,4.883153140544891357e-01,3.396497070789337158e-01,5.698707699775695801e-01,1.000000000000000000e+00,5.870570540428161621e-01,5.890889167785644531e-01,5.645358562469482422e-01,3.729177415370941162e-01,6.096117496490478516e-01,5.618500113487243652e-01,5.336914062500000000e-01,5.247322916984558105e-01,4.017537534236907959e-01,7.327100038528442383e-01,5.571619868278503418e-01,5.534678697586059570e-01
4.504114687442779541e-01,3.076444268226623535e-01,3.554091751575469971e-01,4.083398878574371338e-01,4.090379774570465088e-01,3.847500681877136230e-01,3.135990500450134277e-01,2.331912815570831299e-01,5.870570540428161621e-01,9.999998211860656738e-01,4.172440767288208008e-01,3.753172457218170166e-01,2.643013894557952881e-01,3.702957630157470703e-01,3.955924212932586670e-01,3.593798577785491943e-01,3.548472821712493896e-01,3.392904996871948242e-01,5.203014016151428223e-01,4.059562385082244873e-01,3.454032540321350098e-01
6.536108851432800293e-01,3.300233185291290283e-01,6.838700771331787109e-01,7.488252520561218262e-01,7.210195064544677734e-01,6.818270087242126465e-01,5.541262626647949219e-01,4.999378919601440430e-01,5.890889167785644531e-01,4.172440767288208008e-01,1.000000357627868652e+00,6.759656071662902832e-01,4.680781662464141846e-01,6.934578418731689453e-01,7.290766835212707520e-01,6.851720213890075684e-01,6.026421189308166504e-01,5.222622156143188477e-01,6.116524934768676758e-01,5.342383980751037598e-01,7.158751487731933594e-01
8.003425598144531250e-01,4.709675610065460205e-01,7.306902408599853516e-01,7.665887475013732910e-01,6.908824443817138672e-01,6.993325352668762207e-01,6.017177104949951172e-01,4.831826686859130859e-01,5.645358562469482422e-01,3.753172457218170166e-01,6.759656071662902832e-01,1.000000119209289551e+00,7.971982955932617188e-01,7.405204772949218750e-01,7.583205699920654297e-01,7.619271278381347656e-01,7.434632778167724609e-01,6.179202198982238770e-01,6.558163762092590332e-01,6.045995950698852539e-01,6.529291868209838867e-01
6.220617890357971191e-01,5.873770117759704590e-01,4.643900692462921143e-01,5.343657732009887695e-01,4.326055347919464111e-01,5.488432049751281738e-01,4.917804598808288574e-01,2.867749035358428955e-01,3.729177415370941162e-01,2.643013894557952881e-01,4.680781662464141846e-01,7.971982955932617188e-01,9.999999403953552246e-01,4.543078243732452393e-01,5.056185126304626465e-01,5.454888939857482910e-01,4.801859855651855469e-01,4.571132957935333252e-01,4.128199219703674316e-01,4.231852293014526367e-01,5.006119012832641602e-01
6.909412741661071777e-01,2.572679519653320312e-01,9.478178024291992188e-01,8.033295869827270508e-01,8.354733586311340332e-01,6.150178909301757812e-01,4.281116127967834473e-01,4.984781146049499512e-01,6.096117496490478516e-01,3.702957630157470703e-01,6.934578418731689453e-01,7.405204772949218750e-01,4.543078243732452393e-01,9.999998211860656738e-01,7.933186292648315430e-01,8.591499328613281250e-01,6.681637167930603027e-01,5.141572356224060059e-01,7.083030343055725098e-01,6.142330169677734375e-01,6.635412573814392090e-01
6.808416247367858887e-01,2.983059287071228027e-01,7.750285267829895020e-01,9.274305701255798340e-01,7.967986464500427246e-01,6.754682660102844238e-01,5.529374480247497559e-01,4.935355484485626221e-01,5.618500113487243652e-01,3.955924212932586670e-01,7.290766835212707520e-01,7.583205699920654297e-01,5.056185126304626465e-01,7.933186292648315430e-01,1.000000238418579102e+00,8.242194652557373047e-01,6.994078755378723145e-01,6.003877520561218262e-01,6.152429580688476562e-01,5.497412085533142090e-01,6.794155836105346680e-01
6.698412895202636719e-01,2.908292412757873535e-01,8.615803718566894531e-01,8.329175710678100586e-01,8.789895772933959961e-01,6.358376741409301758e-01,4.637288153171539307e-01,4.161551892757415771e-01,5.336914062500000000e-01,3.593798577785491943e-01,6.851720213890075684e-01,7.619271278381347656e-01,5.454888939857482910e-01,8.591499328613281250e-01,8.242194652557373047e-01,1.000000476837158203e+00,6.360626220703125000e-01,5.298842787742614746e-01,6.318005919456481934e-01,5.593329071998596191e-01,7.171202898025512695e-01
6.102960705757141113e-01,2.555635869503021240e-01,6.413786411285400391e-01,6.924045681953430176e-01,5.907180905342102051e-01,7.083336114883422852e-01,5.950198173522949219e-01,4.244736433029174805e-01,5.247322916984558105e-01,3.548472821712493896e-01,6.026421189308166504e-01,7.434632778167724609e-01,4.801859855651855469e-01,6.681637167930603027e-01,6.994078755378723145e-01,6.360626220703125000e-01,1.000000119209289551e+00,7.056661844253540039e-01,6.215571165084838867e-01,5.984833240509033203e-01,5.909510850906372070e-01
5.368653535842895508e-01,2.874671220779418945e-01,5.087265968322753906e-01,6.113545894622802734e-01,4.914509356021881104e-01,6.243515014648437500e-01,6.133905053138732910e-01,3.615052998065948486e-01,4.017537534236907959e-01,3.392904996871948242e-01,5.222622156143188477e-01,6.179202198982238770e-01,4.571132957935333252e-01,5.141572356224060059e-01,6.003877520561218262e-01,5.298842787742614746e-01,7.056661844253540039e-01,1.000000119209289551e+00,5.139928460121154785e-01,5.344764590263366699e-01,5.057479739189147949e-01
5.668262839317321777e-01,2.079909592866897583e-01,6.890724301338195801e-01,6.278921961784362793e-01,6.135835647583007812e-01,5.336366295814514160e-01,4.418620765209197998e-01,6.013469099998474121e-01,7.327100038528442383e-01,5.203014016151428223e-01,6.116524934768676758e-01,6.558163762092590332e-01,4.128199219703674316e-01,7.083030343055725098e-01,6.152429580688476562e-01,6.318005919456481934e-01,6.215571165084838867e-01,5.139928460121154785e-01,1.000000119209289551e+00,7.895156145095825195e-01,5.761913061141967773e-01
4.867062866687774658e-01,1.929531693458557129e-01,6.043178439140319824e-01,5.472379922866821289e-01,5.223523974418640137e-01,5.190831422805786133e-01,4.319049417972564697e-01,5.203468799591064453e-01,5.571619868278503418e-01,4.059562385082244873e-01,5.342383980751037598e-01,6.045995950698852539e-01,4.231852293014526367e-01,6.142330169677734375e-01,5.497412085533142090e-01,5.593329071998596191e-01,5.984833240509033203e-01,5.344764590263366699e-01,7.895156145095825195e-01,1.000000000000000000e+00,5.165669322013854980e-01
5.345389842987060547e-01,1.724240481853485107e-01,6.679410934448242188e-01,6.800001859664916992e-01,6.746757030487060547e-01,6.180155277252197266e-01,4.226779341697692871e-01,4.773207604885101318e-01,5.534678697586059570e-01,3.454032540321350098e-01,7.158751487731933594e-01,6.529291868209838867e-01,5.006119012832641602e-01,6.635412573814392090e-01,6.794155836105346680e-01,7.171202898025512695e-01,5.909510850906372070e-01,5.057479739189147949e-01,5.761913061141967773e-01,5.165669322013854980e-01,1.000000119209289551e+00
