1.000000119209289551e+00,3.943134844303131104e-01,4.377745389938354492e-01,6.813582181930541992e-01,7.847203016281127930e-01,8.284123539924621582e-01,6.014259457588195801e-01,1.921376436948776245e-01,4.993272721767425537e-01,5.374266505241394043e-01,3.241686820983886719e-01,4.074414968490600586e-01,4.595096707344055176e-01,1.107388138771057129e-01,2.694486975669860840e-01,2.405456006526947021e-01,4.962361752986907959e-01,4.167262613773345947e-01,7.002521157264709473e-01,7.186542153358459473e-01,7.576001286506652832e-01,6.845289468765258789e-01,3.478738367557525635e-01,4.370520710945129395e-01,6.342394351959228516e-01,4.926698207855224609e-01,4.796320796012878418e-01,8.461033701896667480e-01,7.906569242477416992e-01,7.718994021415710449e-01,7.177172899246215820e-01,6.678886413574218750e-01,5.223312377929687500e-01,-1.863443292677402496e-02,1.050205081701278687e-01,3.131595253944396973e-01,-2.653385885059833527e-02,9.800379723310470581e-02,1.997721195220947266e-01,9.806802868843078613e-02,5.746673941612243652e-01,5.953388810157775879e-01,6.451127529144287109e-01,1.964067518711090088e-01,4.164523780345916748e-01,5.591075420379638672e-01,4.358776509761810303e-01,3.641453385353088379e-01
3.943134844303131104e-01,1.000000000000000000e+00,-1.626841872930526733e-01,3.276538848876953125e-02,5.611994266510009766e-01,4.682688117027282715e-01,3.854965418577194214e-02,4.892098903656005859e-01,6.403969526290893555e-01,6.723452210426330566e-01,4.355936944484710693e-01,6.007977724075317383e-01,6.090719103813171387e-01,4.807603079825639725e-03,4.081395864486694336e-01,5.291825532913208008e-01,-1.410333253443241119e-02,-7.721418142318725586e-02,2.203596234321594238e-01,3.257770836353302002e-01,3.173035681247711182e-01,2.345966696739196777e-01,4.310796558856964111e-01,3.968866467475891113e-01,4.188906252384185791e-01,-8.971717208623886108e-02,5.722635388374328613e-01,3.012681007385253906e-01,3.101876676082611084e-01,3.016534447669982910e-01,2.258380353450775146e-01,3.572082817554473877e-01,6.723482012748718262e-01,2.877430915832519531e-01,6.798534989356994629e-01,4.659226834774017334e-01,2.844157628715038300e-02,4.531204700469970703e-01,5.128832459449768066e-01,3.152063190937042236e-01,7.458937764167785645e-01,6.260553598403930664e-01,5.087740421295166016e-01,6.852190494537353516e-01,8.418185710906982422e-01,6.923648715019226074e-01,4.173499345779418945e-01,3.348217010498046875e-01
4.377745389938354492e-01,-1.626841872930526733e-01,9.999994039535522461e-01,8.405250310897827148e-01,2.371969372034072876e-01,4.109714925289154053e-01,8.399096727371215820e-01,-2.523492872714996338e-01,-1.142065748572349548e-01,-4.567223042249679565e-02,-2.164241969585418701e-01,-2.260757982730865479e-01,-1.096719652414321899e-01,-6.826728582382202148e-02,-3.021679818630218506e-01,-3.162828087806701660e-01,7.656291127204895020e-01,7.912812829017639160e-01,6.047669649124145508e-01,5.369481444358825684e-01,4.613600671291351318e-01,5.174370408058166504e-01,-8.442851901054382324e-02,4.494413733482360840e-02,1.095621883869171143e-01,8.773006200790405273e-01,1.600006520748138428e-01,5.923053622245788574e-01,5.748595595359802246e-01,5.543662905693054199e-01,5.840039253234863281e-01,3.352818191051483154e-01,-2.366280183196067810e-02,-3.258705437183380127e-01,-4.459622204303741455e-01,-1.598396301269531250e-01,-9.436586499214172363e-02,-3.568275868892669678e-01,-2.934393882751464844e-01,-2.301732152700424194e-01,-5.848231539130210876e-02,9.012167900800704956e-02,2.219733595848083496e-01,-1.483264714479446411e-01,-5.658111348748207092e-02,-2.379597350955009460e-02,4.048690199851989746e-02,4.215572774410247803e-02
6.813582181930541992e-01,3.276538848876953125e-02,8.405250310897827148e-01,1.000000357627868652e+00,5.265591144561767578e-01,6.651192307472229004e-01,8.759574890136718750e-01,-2.068081200122833252e-01,6.629772484302520752e-02,1.617040932178497314e-01,-1.171535998582839966e-01,-6.612548232078552246e-02,7.524476200342178345e-02,-1.059713959693908691e-01,-1.964775621891021729e-01,-2.056737095117568970e-01,7.839998602867126465e-01,7.650915980339050293e-01,8.186427354812622070e-01,7.694361805915832520e-01,6.850122213363647461e-01,6.486730575561523438e-01,3.650168655440211296e-03,1.402910500764846802e-01,2.619954347610473633e-01,8.427583575248718262e-01,2.910318970680236816e-01,8.035750389099121094e-01,7.896648049354553223e-01,7.537538409233093262e-01,7.153829336166381836e-01,5.035897493362426758e-01,1.146739348769187927e-01,-3.146319687366485596e-01,-3.176994919776916504e-01,-8.206987380981445312e-02,-1.425420641899108887e-01,-2.457955628633499146e-01,-1.971603035926818848e-01,-2.200500816106796265e-01,1.978394836187362671e-01,3.320159614086151123e-01,4.483236372470855713e-01,-5.856605991721153259e-02,1.292091012001037598e-01,2.502461969852447510e-01,1.606056541204452515e-01,8.919806033372879028e-02
7.847203016281127930e-01,5.611994266510009766e-01,2.371969372034072876e-01,5.265591144561767578e-01,9.999998211860656738e-01,8.638552427291870117e-01,4.938225448131561279e-01,2.199769914150238037e-01,5.521239042282104492e-01,6.026635169982910156e-01,3.013208806514739990e-01,4.483246505260467529e-01,5.081086754798889160e-01,-6.182616576552391052e-02,1.869994997978210449e-01,2.593931853771209717e-01,4.216916859149932861e-01,3.359093964099884033e-01,6.967022418975830078e-01,6.975283026695251465e-01,6.495953798294067383e-01,5.612848997116088867e-01,3.132626116275787354e-01,4.142188429832458496e-01,5.577034950256347656e-01,3.376312553882598877e-01,5.382092595100402832e-01,6.993770003318786621e-01,7.028185129165649414e-01,7.032631635665893555e-01,6.129493713378906250e-01,6.137672066688537598e-01,5.100222826004028320e-01,2.912699431180953979e-02,2.336503714323043823e-01,3.086730241775512695e-01,-7.233913987874984741e-02,1.250988990068435669e-01,2.561295330524444580e-01,1.098817065358161926e-01,6.544629335403442383e-01,7.187924385070800781e-01,6.714603304862976074e-01,3.425891697406768799e-01,5.516263842582702637e-01,6.779658198356628418e-01,4.457712769508361816e-01,3.138557374477386475e-01
8.284123539924621582e-01,4.682688117027282715e-01,4.109714925289154053e-01,6.651192307472229004e-01,8.638552427291870117e-01,1.000000238418579102e+00,6.357330083847045898e-01,1.271241456270217896e-01,4.669351577758789062e-01,5.843306779861450195e-01,2.739078402519226074e-01,3.981946706771850586e-01,5.134922862052917480e-01,-1.622932218015193939e-02,1.683240532875061035e-01,2.185612469911575317e-01,5.375509262084960938e-01,4.467479288578033447e-01,7.739573121070861816e-01,7.682294249534606934e-01,7.659295201301574707e-01,7.224853634834289551e-01,3.477415442466735840e-01,4.675139486789703369e-01,4.798069596290588379e-01,5.003484487533569336e-01,4.599896967411041260e-01,8.077980279922485352e-01,7.898585796356201172e-01,8.023787736892700195e-01,7.361201047897338867e-01,7.132383584976196289e-01,4.214764237403869629e-01,-2.691953256726264954e-02,1.371984034776687622e-01,3.115674257278442383e-01,-5.749004334211349487e-02,1.063963621854782104e-01,2.294874638319015503e-01,9.905683994293212891e-02,6.281006932258605957e-01,7.303684949874877930e-01,7.063010931015014648e-01,2.179591357707977295e-01,4.841664731502532959e-01,6.609033346176147461e-01,5.192475318908691406e-01,3.667505383491516113e-01
6.014259457588195801e-01,3.854965418577194214e-02,8.399096727371215820e-01,8.759574890136718750e-01,4.938225448131561279e-01,6.357330083847045898e-01,1.000000000000000000e+00,-1.597648113965988159e-01,1.024392247200012207e-01,1.697127521038055420e-01,-1.017462983727455139e-01,-7.404853403568267822e-02,6.000249460339546204e-02,-7.443100214004516602e-02,-2.304439693689346313e-01,-1.620825976133346558e-01,9.070106148719787598e-01,8.799371719360351562e-01,8.127685189247131348e-01,7.148776650428771973e-01,6.053828597068786621e-01,6.916043758392333984e-01,8.682329207658767700e-02,2.261025011539459229e-01,2.902212738990783691e-01,8.864514231681823730e-01,3.182792663574218750e-01,7.077165246009826660e-01,7.130784392356872559e-01,7.300933599472045898e-01,7.506362795829772949e-01,5.317937135696411133e-01,1.189802587032318115e-01,-2.576743364334106445e-01,-3.047203421592712402e-01,1.462108455598354340e-02,-6.135483831167221069e-02,-2.566100060939788818e-01,-1.380116343498229980e-01,-1.110680401325225830e-01,1.840055584907531738e-01,3.691628575325012207e-01,4.795141816139221191e-01,-7.063589990139007568e-02,1.270867288112640381e-01,2.138598561286926270e-01,2.454779893159866333e-01,2.252729833126068115e-01
1.921376436948776245e-01,4.892098903656005859e-01,-2.523492872714996338e-01,-2.068081200122833252e-01,2.199769914150238037e-01,1.271241456270217896e-01,-1.597648113965988159e-01,1.000000476837158203e+00,6.202298402786254883e-01,4.061733782291412354e-01,6.949004530906677246e-01,6.295169591903686523e-01,4.751155376434326172e-01,4.534869194030761719e-01,6.390745043754577637e-01,6.474255919456481934e-01,-1.720422357320785522e-01,-2.503247559070587158e-01,-7.908502221107482910e-02,-3.211050853133201599e-02,4.795478284358978271e-02,8.553250879049301147e-02,4.316637217998504639e-01,3.873315155506134033e-01,3.169988989830017090e-01,-2.556652128696441650e-01,3.450768291950225830e-01,-6.355052441358566284e-02,-8.524993807077407837e-02,4.773485288023948669e-02,8.385910838842391968e-02,1.946438550949096680e-01,6.090833544731140137e-01,6.796179413795471191e-01,6.270704865455627441e-01,5.762684941291809082e-01,3.908859193325042725e-01,5.649626851081848145e-01,6.065550446510314941e-01,5.032340288162231445e-01,3.588285446166992188e-01,3.541604280471801758e-01,2.689366340637207031e-01,5.097860097885131836e-01,3.596400618553161621e-01,3.105223476886749268e-01,3.155559897422790527e-01,3.837924003601074219e-01
4.993272721767425537e-01,6.403969526290893555e-01,-1.142065748572349548e-01,6.629772484302520752e-02,5.521239042282104492e-01,4.669351577758789062e-01,1.024392247200012207e-01,6.202298402786254883e-01,9.999999403953552246e-01,7.945079207420349121e-01,6.872481703758239746e-01,7.663944959640502930e-01,7.460030317306518555e-01,1.115322262048721313e-01,5.101105570793151855e-01,6.715435385704040527e-01,1.076632216572761536e-01,-4.029090923722833395e-04,2.500170469284057617e-01,3.139970600605010986e-01,3.323173820972442627e-01,3.439463078975677490e-01,6.569318175315856934e-01,6.221519708633422852e-01,5.951144099235534668e-01,-5.033148452639579773e-02,5.486068725585937500e-01,3.044627308845520020e-01,2.731426656246185303e-01,3.831808269023895264e-01,3.806727528572082520e-01,5.012142062187194824e-01,7.273628711700439453e-01,3.688563108444213867e-01,6.013271808624267578e-01,6.990956664085388184e-01,9.259458631277084351e-02,5.016103982925415039e-01,6.780784130096435547e-01,5.357220768928527832e-01,6.177371144294738770e-01,6.749594807624816895e-01,5.936038494110107422e-01,4.879974424839019775e-01,6.048761606216430664e-01,6.413965225219726562e-01,5.853862762451171875e-01,5.399444103240966797e-01
5.374266505241394043e-01,6.723452210426330566e-01,-4.567223042249679565e-02,1.617040932178497314e-01,6.026635169982910156e-01,5.843306779861450195e-01,1.697127521038055420e-01,4.061733782291412354e-01,7.945079207420349121e-01,1.000000357627868652e+00,5.329572558403015137e-01,7.253447771072387695e-01,7.997940778732299805e-01,3.532185405492782593e-02,4.461790919303894043e-01,6.229006052017211914e-01,1.201575174927711487e-01,2.263359166681766510e-02,3.669812977313995361e-01,5.032452940940856934e-01,5.179157257080078125e-01,4.680238068103790283e-01,6.475128531455993652e-01,6.318629384040832520e-01,4.662609994411468506e-01,2.031510323286056519e-02,4.342498779296875000e-01,4.177812635898590088e-01,3.975425660610198975e-01,5.071918964385986328e-01,4.607195854187011719e-01,5.949316620826721191e-01,6.173434257507324219e-01,2.260998189449310303e-01,5.074384212493896484e-01,6.198145151138305664e-01,-5.680830217897891998e-03,4.216319322586059570e-01,5.959473252296447754e-01,4.212602078914642334e-01,6.683629751205444336e-01,7.280779480934143066e-01,7.139677405357360840e-01,4.654980599880218506e-01,7.190834283828735352e-01,8.303458094596862793e-01,6.465034484863281250e-01,5.342397093772888184e-01
3.241686820983886719e-01,4.355936944484710693e-01,-2.164241969585418701e-01,-1.171535998582839966e-01,3.013208806514739990e-01,2.739078402519226074e-01,-1.017462983727455139e-01,6.949004530906677246e-01,6.872481703758239746e-01,5.329572558403015137e-01,1.000000357627868652e+00,8.060646653175354004e-01,6.877872943878173828e-01,4.428635239601135254e-01,7.392270565032958984e-01,7.266621589660644531e-01,-9.646850079298019409e-02,-2.183757722377777100e-01,-9.753546677529811859e-03,4.549086093902587891e-02,1.514574140310287476e-01,2.200412750244140625e-01,6.659553050994873047e-01,5.889868736267089844e-01,4.600778520107269287e-01,-2.218191176652908325e-01,3.519414663314819336e-01,8.998274058103561401e-02,4.451064392924308777e-02,1.434023082256317139e-01,1.969556510448455811e-01,3.448888659477233887e-01,6.413449048995971680e-01,4.622458219528198242e-01,6.191506981849670410e-01,7.102176547050476074e-01,2.797916233539581299e-01,6.748083829879760742e-01,6.979483366012573242e-01,6.456486582756042480e-01,4.489107131958007812e-01,4.822616875171661377e-01,3.356295824050903320e-01,3.008783757686614990e-01,3.874471485614776611e-01,4.206509888172149658e-01,5.056429505348205566e-01,5.514780282974243164e-01
4.074414968490600586e-01,6.007977724075317383e-01,-2.260757982730865479e-01,-6.612548232078552246e-02,4.483246505260467529e-01,3.981946706771850586e-01,-7.404853403568267822e-02,6.295169591903686523e-01,7.663944959640502930e-01,7.253447771072387695e-01,8.060646653175354004e-01,9.999997615814208984e-01,8.199798464775085449e-01,2.507113814353942871e-01,7.018046379089355469e-01,7.680264711380004883e-01,-1.081385314464569092e-01,-2.090272009372711182e-01,9.189559519290924072e-02,1.949799209833145142e-01,2.913990020751953125e-01,2.682794630527496338e-01,6.881112456321716309e-01,5.870069861412048340e-01,5.144447088241577148e-01,-2.080903649330139160e-01,4.419203102588653564e-01,1.973773837089538574e-01,1.353764683008193970e-01,2.458557337522506714e-01,2.366000711917877197e-01,3.957111239433288574e-01,6.702960729598999023e-01,4.324347078800201416e-01,6.775380373001098633e-01,7.059695124626159668e-01,1.683207303285598755e-01,6.505181193351745605e-01,7.355626821517944336e-01,5.959810018539428711e-01,6.010378599166870117e-01,5.914480686187744141e-01,4.497869610786437988e-01,4.181091785430908203e-01,5.588433146476745605e-01,6.157985925674438477e-01,5.208314061164855957e-01,5.344836115837097168e-01
4.595096707344055176e-01,6.090719103813171387e-01,-1.096719652414321899e-01,7.524476200342178345e-02,5.081086754798889160e-01,5.134922862052917480e-01,6.000249460339546204e-02,4.751155376434326172e-01,7.460030317306518555e-01,7.997940778732299805e-01,6.877872943878173828e-01,8.199798464775085449e-01,1.000000000000000000e+00,1.681094467639923096e-01,5.703799724578857422e-01,7.502539157867431641e-01,2.657376043498516083e-02,-7.905043661594390869e-02,2.513691782951354980e-01,3.903954625129699707e-01,4.768361449241638184e-01,4.554948508739471436e-01,8.030624985694885254e-01,7.067031264305114746e-01,4.523833394050598145e-01,-9.850520640611648560e-02,4.488381743431091309e-01,3.218685090541839600e-01,2.959884405136108398e-01,4.130501151084899902e-01,4.118831455707550049e-01,6.041473150253295898e-01,5.932322144508361816e-01,2.905461788177490234e-01,6.168251037597656250e-01,7.301796674728393555e-01,8.970995992422103882e-02,5.975109338760375977e-01,7.531866431236267090e-01,6.289464831352233887e-01,6.434641480445861816e-01,7.253013849258422852e-01,5.979691743850708008e-01,3.726068139076232910e-01,5.974764823913574219e-01,7.456653118133544922e-01,6.971883177757263184e-01,6.126661300659179688e-01
1.107388138771057129e-01,4.807603079825639725e-03,-6.826728582382202148e-02,-1.059713959693908691e-01,-6.182616576552391052e-02,-1.622932218015193939e-02,-7.443100214004516602e-02,4.534869194030761719e-01,1.115322262048721313e-01,3.532185405492782593e-02,4.428635239601135254e-01,2.507113814353942871e-01,1.681094467639923096e-01,1.000000476837158203e+00,5.533232688903808594e-01,3.314724564552307129e-01,-8.184818923473358154e-02,-1.560160964727401733e-01,-8.195974677801132202e-02,-1.099416762590408325e-01,2.878387924283742905e-03,9.190785884857177734e-02,3.000565469264984131e-01,2.398005723953247070e-01,1.752705425024032593e-01,-1.055984869599342346e-01,4.166220873594284058e-02,-2.304174564778804779e-02,-5.995463579893112183e-02,-2.408964373171329498e-02,4.261519759893417358e-02,1.044315248727798462e-01,1.609536260366439819e-01,4.513508677482604980e-01,2.406971454620361328e-01,3.188816606998443604e-01,5.730841755867004395e-01,4.170463681221008301e-01,3.096568584442138672e-01,3.695173561573028564e-01,6.906287372112274170e-02,4.393463209271430969e-02,1.392385456711053848e-02,-9.927811473608016968e-02,-8.135686814785003662e-02,-1.925437152385711670e-02,2.056733071804046631e-01,3.201470077037811279e-01
2.694486975669860840e-01,4.081395864486694336e-01,-3.021679818630218506e-01,-1.964775621891021729e-01,1.869994997978210449e-01,1.683240532875061035e-01,-2.304439693689346313e-01,6.390745043754577637e-01,5.101105570793151855e-01,4.461790919303894043e-01,7.392270565032958984e-01,7.018046379089355469e-01,5.703799724578857422e-01,5.533232688903808594e-01,1.000000476837158203e+00,7.613277435302734375e-01,-2.987912893295288086e-01,-3.711999654769897461e-01,-1.147222071886062622e-01,8.107815869152545929e-03,1.843218356370925903e-01,1.270558089017868042e-01,5.158261060714721680e-01,3.870188295841217041e-01,3.204748928546905518e-01,-2.996112108230590820e-01,2.345562279224395752e-01,4.579775780439376831e-02,9.028949425555765629e-04,7.811078429222106934e-02,7.013245671987533569e-02,2.254021167755126953e-01,5.106578469276428223e-01,5.204922556877136230e-01,5.966656804084777832e-01,5.503937602043151855e-01,3.842597305774688721e-01,6.838647723197937012e-01,6.430681943893432617e-01,5.239771604537963867e-01,4.365143179893493652e-01,3.405939042568206787e-01,2.561262845993041992e-01,2.622826099395751953e-01,2.856938242912292480e-01,3.870702087879180908e-01,3.581132292747497559e-01,3.496665656566619873e-01
2.405456006526947021e-01,5.291825532913208008e-01,-3.162828087806701660e-01,-2.056737095117568970e-01,2.593931853771209717e-01,2.185612469911575317e-01,-1.620825976133346558e-01,6.474255919456481934e-01,6.715435385704040527e-01,6.229006052017211914e-01,7.266621589660644531e-01,7.680264711380004883e-01,7.502539157867431641e-01,3.314724564552307129e-01,7.613277435302734375e-01,1.000000119209289551e+00,-2.082348465919494629e-01,-2.798777520656585693e-01,-3.495495393872261047e-02,1.005816906690597534e-01,2.152688354253768921e-01,2.448729425668716431e-01,7.427135109901428223e-01,5.647280216217041016e-01,3.372192084789276123e-01,-2.981208264827728271e-01,3.296569287776947021e-01,2.504939585924148560e-02,9.746133349835872650e-03,1.380273103713989258e-01,1.585297733545303345e-01,3.651711642742156982e-01,5.720839500427246094e-01,4.901529252529144287e-01,7.001119852066040039e-01,7.117471694946289062e-01,2.377180308103561401e-01,6.809195280075073242e-01,8.214620351791381836e-01,6.976535320281982422e-01,4.661123752593994141e-01,4.958336651325225830e-01,4.424771368503570557e-01,3.516530990600585938e-01,4.413559436798095703e-01,5.390834808349609375e-01,5.406508445739746094e-01,5.388606786727905273e-01
4.962361752986907959e-01,-1.410333253443241119e-02,7.656291127204895020e-01,7.839998602867126465e-01,4.216916859149932861e-01,5.375509262084960938e-01,9.070106148719787598e-01,-1.720422357320785522e-01,1.076632216572761536e-01,1.201575174927711487e-01,-9.646850079298019409e-02,-1.081385314464569092e-01,2.657376043498516083e-02,-8.184818923473358154e-02,-2.987912893295288086e-01,-2.082348465919494629e-01,1.000000238418579102e+00,9.023685455322265625e-01,7.754752635955810547e-01,6.305477023124694824e-01,4.838096201419830322e-01,6.304796934127807617e-01,1.248125880956649780e-01,2.549219429492950439e-01,3.120637536048889160e-01,8.222754001617431641e-01,3.422867357730865479e-01,6.083204746246337891e-01,6.256010532379150391e-01,6.443262696266174316e-01,7.061815857887268066e-01,4.997768998146057129e-01,9.326072037220001221e-02,-2.789080440998077393e-01,-3.199059367179870605e-01,6.171886250376701355e-02,-5.980099365115165710e-02,-2.654937803745269775e-01,-1.193751171231269836e-01,-3.356248140335083008e-02,1.039683520793914795e-01,3.489390313625335693e-01,4.357991516590118408e-01,-1.066816076636314392e-01,8.635806292295455933e-02,1.503746807575225830e-01,2.744574844837188721e-01,2.936810851097106934e-01
4.167262613773345947e-01,-7.721418142318725586e-02,7.912812829017639160e-01,7.650915980339050293e-01,3.359093964099884033e-01,4.467479288578033447e-01,8.799371719360351562e-01,-2.503247559070587158e-01,-4.029090923722833395e-04,2.263359166681766510e-02,-2.183757722377777100e-01,-2.090272009372711182e-01,-7.905043661594390869e-02,-1.560160964727401733e-01,-3.711999654769897461e-01,-2.798777520656585693e-01,9.023685455322265625e-01,1.000000357627868652e+00,7.251902818679809570e-01,6.146193146705627441e-01,4.818572700023651123e-01,6.290363073348999023e-01,1.069513242691755295e-02,1.608098298311233521e-01,1.865480542182922363e-01,8.444871306419372559e-01,2.626497149467468262e-01,5.526916980743408203e-01,5.620222687721252441e-01,6.059967875480651855e-01,6.824307441711425781e-01,4.475522637367248535e-01,1.505717635154724121e-02,-3.161402940750122070e-01,-3.879430890083312988e-01,-5.256676673889160156e-02,-1.059960201382637024e-01,-3.412432670593261719e-01,-2.356501221656799316e-01,-1.605332642793655396e-01,1.664796844124794006e-02,2.041870504617691040e-01,3.671590983867645264e-01,-1.120659857988357544e-01,3.279712796211242676e-02,6.824500858783721924e-02,1.700952798128128052e-01,1.847763061523437500e-01
7.002521157264709473e-01,2.203596234321594238e-01,6.047669649124145508e-01,8.186427354812622070e-01,6.967022418975830078e-01,7.739573121070861816e-01,8.127685189247131348e-01,-7.908502221107482910e-02,2.500170469284057617e-01,3.669812977313995361e-01,-9.753546677529811859e-03,9.189559519290924072e-02,2.513691782951354980e-01,-8.195974677801132202e-02,-1.147222071886062622e-01,-3.495495393872261047e-02,7.754752635955810547e-01,7.251902818679809570e-01,1.000000000000000000e+00,8.836936950683593750e-01,7.604202628135681152e-01,7.219511866569519043e-01,1.579633653163909912e-01,2.873943448066711426e-01,3.541987538337707520e-01,6.892993450164794922e-01,4.037357866764068604e-01,7.774289846420288086e-01,7.922021150588989258e-01,8.170740604400634766e-01,7.609295248985290527e-01,6.380606293678283691e-01,2.164716720581054688e-01,-1.636602431535720825e-01,-1.141718477010726929e-01,7.863748818635940552e-02,-9.010525047779083252e-02,-8.807756006717681885e-02,-9.761539287865161896e-03,-8.457077294588088989e-02,3.659724593162536621e-01,5.238803625106811523e-01,6.561408042907714844e-01,5.703702196478843689e-02,2.971256077289581299e-01,4.828482568264007568e-01,3.528925478458404541e-01,2.516955137252807617e-01
7.186542153358459473e-01,3.257770836353302002e-01,5.369481444358825684e-01,7.694361805915832520e-01,6.975283026695251465e-01,7.682294249534606934e-01,7.148776650428771973e-01,-3.211050853133201599e-02,3.139970600605010986e-01,5.032452940940856934e-01,4.549086093902587891e-02,1.949799209833145142e-01,3.903954625129699707e-01,-1.099416762590408325e-01,8.107815869152545929e-03,1.005816906690597534e-01,6.305477023124694824e-01,6.146193146705627441e-01,8.836936950683593750e-01,9.999995231628417969e-01,8.724167943000793457e-01,7.557010054588317871e-01,2.244365066289901733e-01,3.402291238307952881e-01,2.920490503311157227e-01,6.085631847381591797e-01,3.785011768341064453e-01,7.707002162933349609e-01,8.014252185821533203e-01,8.414700627326965332e-01,7.688784003257751465e-01,6.944367885589599609e-01,3.064819574356079102e-01,-1.563412845134735107e-01,-1.265592407435178757e-02,1.351717561483383179e-01,-1.239286214113235474e-01,-1.174578908830881119e-02,6.050338223576545715e-02,-6.434013694524765015e-02,4.332063496112823486e-01,5.585657954216003418e-01,7.162601947784423828e-01,1.649493724107742310e-01,4.143372774124145508e-01,6.155551075935363770e-01,3.946240246295928955e-01,2.547678947448730469e-01
7.576001286506652832e-01,3.173035681247711182e-01,4.613600671291351318e-01,6.850122213363647461e-01,6.495953798294067383e-01,7.659295201301574707e-01,6.053828597068786621e-01,4.795478284358978271e-02,3.323173820972442627e-01,5.179157257080078125e-01,1.514574140310287476e-01,2.913990020751953125e-01,4.768361449241638184e-01,2.878387924283742905e-03,1.843218356370925903e-01,2.152688354253768921e-01,4.838096201419830322e-01,4.818572700023651123e-01,7.604202628135681152e-01,8.724167943000793457e-01,9.999999403953552246e-01,8.131440281867980957e-01,3.026746809482574463e-01,4.513447284698486328e-01,2.979295551776885986e-01,5.177379250526428223e-01,3.011847734451293945e-01,7.588724493980407715e-01,7.415428161621093750e-01,8.513225317001342773e-01,7.972601056098937988e-01,7.679595947265625000e-01,3.280323445796966553e-01,-9.689845144748687744e-02,4.931723698973655701e-02,2.528778314590454102e-01,-8.393138647079467773e-02,6.840812414884567261e-02,1.393394917249679565e-01,1.094913948327302933e-02,4.817341864109039307e-01,5.754485130310058594e-01,7.177140116691589355e-01,1.638608127832412720e-01,3.934209644794464111e-01,6.204407811164855957e-01,4.885695278644561768e-01,3.197958767414093018e-01
6.845289468765258789e-01,2.345966696739196777e-01,5.174370408058166504e-01,6.486730575561523438e-01,5.612848997116088867e-01,7.224853634834289551e-01,6.916043758392333984e-01,8.553250879049301147e-02,3.439463078975677490e-01,4.680238068103790283e-01,2.200412750244140625e-01,2.682794630527496338e-01,4.554948508739471436e-01,9.190785884857177734e-02,1.270558089017868042e-01,2.448729425668716431e-01,6.304796934127807617e-01,6.290363073348999023e-01,7.219511866569519043e-01,7.557010054588317871e-01,8.131440281867980957e-01,1.000000000000000000e+00,4.837417900562286377e-01,6.229084730148315430e-01,3.431690335273742676e-01,5.996921658515930176e-01,3.070434927940368652e-01,6.883668899536132812e-01,6.647890806198120117e-01,8.171591162681579590e-01,9.013452529907226562e-01,8.614858388900756836e-01,3.096057772636413574e-01,-9.375068545341491699e-02,-1.510792784392833710e-02,4.149057269096374512e-01,-2.935577929019927979e-02,2.821903117001056671e-02,2.117929309606552124e-01,1.902169734239578247e-01,3.822440207004547119e-01,5.599368810653686523e-01,7.001494765281677246e-01,9.707820415496826172e-02,3.264102935791015625e-01,4.999087154865264893e-01,6.301538944244384766e-01,5.655545592308044434e-01
3.478738367557525635e-01,4.310796558856964111e-01,-8.442851901054382324e-02,3.650168655440211296e-03,3.132626116275787354e-01,3.477415442466735840e-01,8.682329207658767700e-02,4.316637217998504639e-01,6.569318175315856934e-01,6.475128531455993652e-01,6.659553050994873047e-01,6.881112456321716309e-01,8.030624985694885254e-01,3.000565469264984131e-01,5.158261060714721680e-01,7.427135109901428223e-01,1.248125880956649780e-01,1.069513242691755295e-02,1.579633653163909912e-01,2.244365066289901733e-01,3.026746809482574463e-01,4.837417900562286377e-01,9.999997615814208984e-01,7.953947782516479492e-01,4.807044267654418945e-01,-6.704765558242797852e-02,3.829299509525299072e-01,2.089883387088775635e-01,1.751093119382858276e-01,2.965967059135437012e-01,4.012662172317504883e-01,5.986366271972656250e-01,5.230741500854492188e-01,2.532453238964080811e-01,5.025311708450317383e-01,8.256911039352416992e-01,1.456414610147476196e-01,5.142039060592651367e-01,7.699555754661560059e-01,7.982368469238281250e-01,4.488284289836883545e-01,5.976272821426391602e-01,5.141774415969848633e-01,2.256812900304794312e-01,4.428403973579406738e-01,5.332869291305541992e-01,7.682455778121948242e-01,8.293294310569763184e-01
4.370520710945129395e-01,3.968866467475891113e-01,4.494413733482360840e-02,1.402910500764846802e-01,4.142188429832458496e-01,4.675139486789703369e-01,2.261025011539459229e-01,3.873315155506134033e-01,6.221519708633422852e-01,6.318629384040832520e-01,5.889868736267089844e-01,5.870069861412048340e-01,7.067031264305114746e-01,2.398005723953247070e-01,3.870188295841217041e-01,5.647280216217041016e-01,2.549219429492950439e-01,1.608098298311233521e-01,2.873943448066711426e-01,3.402291238307952881e-01,4.513447284698486328e-01,6.229084730148315430e-01,7.953947782516479492e-01,1.000000119209289551e+00,4.180345833301544189e-01,9.217688441276550293e-02,3.169339597225189209e-01,3.275651335716247559e-01,3.036693930625915527e-01,4.811928868293762207e-01,5.882233381271362305e-01,7.641757726669311523e-01,4.874228835105895996e-01,1.944215446710586548e-01,3.884488344192504883e-01,8.549069762229919434e-01,8.233199268579483032e-02,3.566208779811859131e-01,6.328741908073425293e-01,6.682031154632568359e-01,4.480152428150177002e-01,6.560323238372802734e-01,6.139838695526123047e-01,2.349806874990463257e-01,4.590583145618438721e-01,5.507894754409790039e-01,8.889672756195068359e-01,8.286722898483276367e-01
6.342394351959228516e-01,4.188906252384185791e-01,1.095621883869171143e-01,2.619954347610473633e-01,5.577034950256347656e-01,4.798069596290588379e-01,2.902212738990783691e-01,3.169988989830017090e-01,5.951144099235534668e-01,4.662609994411468506e-01,4.600778520107269287e-01,5.144447088241577148e-01,4.523833394050598145e-01,1.752705425024032593e-01,3.204748928546905518e-01,3.372192084789276123e-01,3.120637536048889160e-01,1.865480542182922363e-01,3.541987538337707520e-01,2.920490503311157227e-01,2.979295551776885986e-01,3.431690335273742676e-01,4.807044267654418945e-01,4.180345833301544189e-01,9.999998211860656738e-01,1.398484557867050171e-01,6.659070253372192383e-01,4.603478312492370605e-01,3.691298365592956543e-01,3.544851541519165039e-01,3.883877992630004883e-01,3.987443745136260986e-01,6.407459378242492676e-01,9.576536715030670166e-02,2.740349769592285156e-01,4.406245350837707520e-01,3.578633069992065430e-02,1.701540499925613403e-01,3.438899815082550049e-01,3.510383665561676025e-01,5.147512555122375488e-01,4.911155104637145996e-01,3.928028345108032227e-01,2.267530709505081177e-01,3.842676877975463867e-01,3.993190526962280273e-01,3.681496977806091309e-01,4.634770154953002930e-01
4.926698207855224609e-01,-8.971717208623886108e-02,8.773006200790405273e-01,8.427583575248718262e-01,3.376312553882598877e-01,5.003484487533569336e-01,8.864514231681823730e-01,-2.556652128696441650e-01,-5.033148452639579773e-02,2.031510323286056519e-02,-2.218191176652908325e-01,-2.080903649330139160e-01,-9.850520640611648560e-02,-1.055984869599342346e-01,-2.996112108230590820e-01,-2.981208264827728271e-01,8.222754001617431641e-01,8.444871306419372559e-01,6.892993450164794922e-01,6.085631847381591797e-01,5.177379250526428223e-01,5.996921658515930176e-01,-6.704765558242797852e-02,9.217688441276550293e-02,1.398484557867050171e-01,1.000000000000000000e+00,1.690903455018997192e-01,6.607159972190856934e-01,6.455088257789611816e-01,6.368245482444763184e-01,6.585237979888916016e-01,4.158474206924438477e-01,-1.676604151725769043e-02,-3.144026100635528564e-01,-4.253375828266143799e-01,-1.254005730152130127e-01,-9.496406465768814087e-02,-3.696550428867340088e-01,-2.729820311069488525e-01,-2.377660125494003296e-01,5.059117823839187622e-02,1.769649386405944824e-01,3.474293351173400879e-01,-1.530422419309616089e-01,-4.286736249923706055e-03,5.914439260959625244e-02,1.127888932824134827e-01,8.214815706014633179e-02
4.796320796012878418e-01,5.722635388374328613e-01,1.600006520748138428e-01,2.910318970680236816e-01,5.382092595100402832e-01,4.599896967411041260e-01,3.182792663574218750e-01,3.450768291950225830e-01,5.486068725585937500e-01,4.342498779296875000e-01,3.519414663314819336e-01,4.419203102588653564e-01,4.488381743431091309e-01,4.166220873594284058e-02,2.345562279224395752e-01,3.296569287776947021e-01,3.422867357730865479e-01,2.626497149467468262e-01,4.037357866764068604e-01,3.785011768341064453e-01,3.011847734451293945e-01,3.070434927940368652e-01,3.829299509525299072e-01,3.169339597225189209e-01,6.659070253372192383e-01,1.690903455018997192e-01,1.000000238418579102e+00,3.931780159473419189e-01,3.567230105400085449e-01,3.222932815551757812e-01,3.430690169334411621e-01,3.422154486179351807e-01,6.523220539093017578e-01,1.737946718931198120e-01,3.375426530838012695e-01,3.368214964866638184e-01,1.231586281210184097e-02,2.616210579872131348e-01,3.719498813152313232e-01,3.216037154197692871e-01,4.756956100463867188e-01,4.798245728015899658e-01,4.075328707695007324e-01,3.887916803359985352e-01,4.839235842227935791e-01,4.348280131816864014e-01,2.978807091712951660e-01,3.646993935108184814e-01
8.461033701896667480e-01,3.012681007385253906e-01,5.923053622245788574e-01,8.035750389099121094e-01,6.993770003318786621e-01,8.077980279922485352e-01,7.077165246009826660e-01,-6.355052441358566284e-02,3.044627308845520020e-01,4.177812635898590088e-01,8.998274058103561401e-02,1.973773837089538574e-01,3.218685090541839600e-01,-2.304174564778804779e-02,4.579775780439376831e-02,2.504939585924148560e-02,6.083204746246337891e-01,5.526916980743408203e-01,7.774289846420288086e-01,7.707002162933349609e-01,7.588724493980407715e-01,6.883668899536132812e-01,2.089883387088775635e-01,3.275651335716247559e-01,4.603478312492370605e-01,6.607159972190856934e-01,3.931780159473419189e-01,1.000000119209289551e+00,8.906434774398803711e-01,8.034265041351318359e-01,7.189911007881164551e-01,6.329683065414428711e-01,3.104687333106994629e-01,-1.870091706514358521e-01,-7.739949971437454224e-02,1.299868673086166382e-01,-1.231798753142356873e-01,-4.594791680574417114e-02,3.568642213940620422e-02,-7.109289616346359253e-02,4.748007655143737793e-01,5.352369546890258789e-01,5.888262391090393066e-01,8.682363480329513550e-02,3.371568620204925537e-01,4.914452433586120605e-01,3.870106935501098633e-01,2.357492893934249878e-01
7.906569242477416992e-01,3.101876676082611084e-01,5.748595595359802246e-01,7.896648049354553223e-01,7.028185129165649414e-01,7.898585796356201172e-01,7.130784392356872559e-01,-8.524993807077407837e-02,2.731426656246185303e-01,3.975425660610198975e-01,4.451064392924308777e-02,1.353764683008193970e-01,2.959884405136108398e-01,-5.995463579893112183e-02,9.028949425555765629e-04,9.746133349835872650e-03,6.256010532379150391e-01,5.620222687721252441e-01,7.922021150588989258e-01,8.014252185821533203e-01,7.415428161621093750e-01,6.647890806198120117e-01,1.751093119382858276e-01,3.036693930625915527e-01,3.691298365592956543e-01,6.455088257789611816e-01,3.567230105400085449e-01,8.906434774398803711e-01,9.999997615814208984e-01,8.104628324508666992e-01,7.096054553985595703e-01,6.247659325599670410e-01,2.647626101970672607e-01,-1.996380090713500977e-01,-7.500507682561874390e-02,9.907943755388259888e-02,-9.648469090461730957e-02,-3.857068344950675964e-02,3.923286125063896179e-02,-7.121006399393081665e-02,4.489016830921173096e-01,5.504221916198730469e-01,6.116361618041992188e-01,6.869013607501983643e-02,3.357447385787963867e-01,5.075640082359313965e-01,3.566271364688873291e-01,2.117682248353958130e-01
7.718994021415710449e-01,3.016534447669982910e-01,5.543662905693054199e-01,7.537538409233093262e-01,7.032631635665893555e-01,8.023787736892700195e-01,7.300933599472045898e-01,4.773485288023948669e-02,3.831808269023895264e-01,5.071918964385986328e-01,1.434023082256317139e-01,2.458557337522506714e-01,4.130501151084899902e-01,-2.408964373171329498e-02,7.811078429222106934e-02,1.380273103713989258e-01,6.443262696266174316e-01,6.059967875480651855e-01,8.170740604400634766e-01,8.414700627326965332e-01,8.513225317001342773e-01,8.171591162681579590e-01,2.965967059135437012e-01,4.811928868293762207e-01,3.544851541519165039e-01,6.368245482444763184e-01,3.222932815551757812e-01,8.034265041351318359e-01,8.104628324508666992e-01,9.999997615814208984e-01,8.825976252555847168e-01,7.977006435394287109e-01,3.106746673583984375e-01,-1.087415367364883423e-01,5.352952983230352402e-03,2.819172441959381104e-01,-9.167409688234329224e-02,-7.045847829431295395e-03,1.174921020865440369e-01,6.473434157669544220e-03,4.422180354595184326e-01,6.164016723632812500e-01,7.313548326492309570e-01,1.548503190279006958e-01,3.897918164730072021e-01,5.494506955146789551e-01,5.210028290748596191e-01,3.537330329418182373e-01
7.177172899246215820e-01,2.258380353450775146e-01,5.840039253234863281e-01,7.153829336166381836e-01,6.129493713378906250e-01,7.361201047897338867e-01,7.506362795829772949e-01,8.385910838842391968e-02,3.806727528572082520e-01,4.607195854187011719e-01,1.969556510448455811e-01,2.366000711917877197e-01,4.118831455707550049e-01,4.261519759893417358e-02,7.013245671987533569e-02,1.585297733545303345e-01,7.061815857887268066e-01,6.824307441711425781e-01,7.609295248985290527e-01,7.688784003257751465e-01,7.972601056098937988e-01,9.013452529907226562e-01,4.012662172317504883e-01,5.882233381271362305e-01,3.883877992630004883e-01,6.585237979888916016e-01,3.430690169334411621e-01,7.189911007881164551e-01,7.096054553985595703e-01,8.825976252555847168e-01,1.000000000000000000e+00,8.567321896553039551e-01,3.152476847171783447e-01,-1.167693361639976501e-01,-5.676303803920745850e-02,3.826328217983245850e-01,-4.805599153041839600e-02,-3.102336451411247253e-02,1.405492126941680908e-01,1.192286610603332520e-01,3.689532279968261719e-01,5.743380188941955566e-01,6.968930363655090332e-01,1.220804154872894287e-01,3.250119686126708984e-01,4.692850410938262939e-01,5.893920660018920898e-01,4.902596175670623779e-01
6.678886413574218750e-01,3.572082817554473877e-01,3.352818191051483154e-01,5.035897493362426758e-01,6.137672066688537598e-01,7.132383584976196289e-01,5.317937135696411133e-01,1.946438550949096680e-01,5.012142062187194824e-01,5.949316620826721191e-01,3.448888659477233887e-01,3.957111239433288574e-01,6.041473150253295898e-01,1.044315248727798462e-01,2.254021167755126953e-01,3.651711642742156982e-01,4.997768998146057129e-01,4.475522637367248535e-01,6.380606293678283691e-01,6.944367885589599609e-01,7.679595947265625000e-01,8.614858388900756836e-01,5.986366271972656250e-01,7.641757726669311523e-01,3.987443745136260986e-01,4.158474206924438477e-01,3.422154486179351807e-01,6.329683065414428711e-01,6.247659325599670410e-01,7.977006435394287109e-01,8.567321896553039551e-01,1.000000119209289551e+00,3.983391225337982178e-01,9.041310986503958702e-04,1.535617560148239136e-01,5.789275169372558594e-01,-8.642314001917839050e-03,1.389268338680267334e-01,3.753821253776550293e-01,3.410649895668029785e-01,4.671716094017028809e-01,6.661853194236755371e-01,7.485868930816650391e-01,1.924789398908615112e-01,4.253111779689788818e-01,6.014266610145568848e-01,7.961753010749816895e-01,6.558104157447814941e-01
5.223312377929687500e-01,6.723482012748718262e-01,-2.366280183196067810e-02,1.146739348769187927e-01,5.100222826004028320e-01,4.214764237403869629e-01,1.189802587032318115e-01,6.090833544731140137e-01,7.273628711700439453e-01,6.173434257507324219e-01,6.413449048995971680e-01,6.702960729598999023e-01,5.932322144508361816e-01,1.609536260366439819e-01,5.106578469276428223e-01,5.720839500427246094e-01,9.326072037220001221e-02,1.505717635154724121e-02,2.164716720581054688e-01,3.064819574356079102e-01,3.280323445796966553e-01,3.096057772636413574e-01,5.230741500854492188e-01,4.874228835105895996e-01,6.407459378242492676e-01,-1.676604151725769043e-02,6.523220539093017578e-01,3.104687333106994629e-01,2.647626101970672607e-01,3.106746673583984375e-01,3.152476847171783447e-01,3.983391225337982178e-01,9.999997019767761230e-01,2.711673676967620850e-01,5.477712750434875488e-01,5.592884421348571777e-01,6.335943192243576050e-02,4.466521143913269043e-01,5.344213247299194336e-01,4.355033636093139648e-01,5.392842292785644531e-01,5.260906219482421875e-01,4.794816076755523682e-01,6.083206534385681152e-01,6.147717833518981934e-01,5.393371582031250000e-01,4.260474443435668945e-01,4.778393805027008057e-01
