9.999997615814208984e-01,1.025200542062520981e-02,2.247132062911987305e-01,3.939916193485260010e-01,2.889623641967773438e-01,3.350925445556640625e-01,3.632772266864776611e-01,2.162918746471405029e-01,2.536355331540107727e-02,9.644323587417602539e-02,1.038192659616470337e-01,9.000404924154281616e-02,1.723347306251525879e-01,2.744015306234359741e-02,6.474727392196655273e-02,1.100545302033424377e-01,1.721513122320175171e-01,1.200048103928565979e-01,1.956759095191955566e-01,2.336716204881668091e-01,1.937079876661300659e-01,1.062007918953895569e-01,1.212668269872665405e-01,2.003482878208160400e-01,2.902783453464508057e-01,2.990320026874542236e-01,2.404296696186065674e-01,3.526631891727447510e-01,3.076007068157196045e-01,2.812285348773002625e-02,-2.545310184359550476e-02,4.369295388460159302e-02,4.361180365085601807e-01,-3.323316574096679688e-02,-3.231570869684219360e-02,-2.308122813701629639e-03,-7.681529968976974487e-02,-9.532694518566131592e-02,7.727147080004215240e-03,7.037045806646347046e-02,1.773972362279891968e-01,2.891829982399940491e-02,1.098168566823005676e-01,-1.419957876205444336e-01,-4.090131446719169617e-02,1.558908671140670776e-01,1.784517318010330200e-01,-6.120838969945907593e-02
1.025200542062520981e-02,9.999999403953552246e-01,-4.771664738655090332e-02,1.891082525253295898e-02,3.550150692462921143e-01,2.428235858678817749e-01,3.464489281177520752e-01,2.945794463157653809e-01,1.837016046047210693e-01,4.973590373992919922e-01,1.381220966577529907e-01,4.348317533731460571e-02,3.192114830017089844e-01,1.476962268352508545e-01,-9.871797263622283936e-02,1.201180294156074524e-01,1.591992378234863281e-01,1.232619062066078186e-01,2.904764413833618164e-01,3.422856330871582031e-01,2.006807923316955566e-01,6.608454883098602295e-02,2.757546901702880859e-01,2.225871682167053223e-01,-1.875309348106384277e-01,2.380280047655105591e-01,1.754936575889587402e-01,1.067692339420318604e-01,3.676716387271881104e-01,2.612713433336466551e-04,-7.185760885477066040e-02,6.215794943273067474e-03,1.797823160886764526e-01,2.118006050586700439e-01,2.229100558906793594e-03,-1.339619979262351990e-03,-8.344552665948867798e-02,9.824079275131225586e-02,7.314595859497785568e-03,1.923287063837051392e-01,5.270498394966125488e-01,6.434910297393798828e-01,4.440392553806304932e-01,6.034768819808959961e-01,4.071570038795471191e-01,4.377817809581756592e-01,1.391815394163131714e-01,2.057572156190872192e-01
2.247132062911987305e-01,-4.771664738655090332e-02,1.000000238418579102e+00,4.350911974906921387e-01,7.692047208547592163e-02,3.414085209369659424e-01,2.988379597663879395e-01,2.143936753273010254e-01,-2.344160899519920349e-02,6.881970167160034180e-02,2.760532796382904053e-01,2.848398089408874512e-01,1.514309793710708618e-01,5.851346626877784729e-02,1.052426621317863464e-01,1.777853667736053467e-01,1.229423731565475464e-01,3.871379047632217407e-02,-1.407817304134368896e-01,-1.835539937019348145e-01,1.977822333574295044e-01,1.768441498279571533e-01,1.365301758050918579e-01,-3.776069357991218567e-02,4.777674749493598938e-02,3.034665584564208984e-01,1.606250703334808350e-01,4.464175701141357422e-01,2.227752208709716797e-01,1.853242069482803345e-01,9.318178147077560425e-02,-3.201688528060913086e-01,2.594481110572814941e-01,1.334772109985351562e-01,1.271249949932098389e-01,4.764687400893308222e-05,-1.515261530876159668e-01,2.572859637439250946e-02,2.004333138465881348e-01,7.602669298648834229e-02,7.427202910184860229e-02,-1.532922089099884033e-01,-2.126798331737518311e-01,-7.933758199214935303e-02,-1.616798690520226955e-03,2.574171870946884155e-02,-1.654399931430816650e-01,-4.731139540672302246e-02
3.939916193485260010e-01,1.891082525253295898e-02,4.350911974906921387e-01,1.000000000000000000e+00,7.117434591054916382e-02,1.278029233217239380e-01,4.052460491657257080e-01,9.634612500667572021e-02,-2.970912680029869080e-02,-1.544312015175819397e-02,-1.849095150828361511e-02,-1.611798256635665894e-01,-1.466526985168457031e-01,-1.843304336071014404e-01,-2.530262432992458344e-02,3.234147727489471436e-01,2.068071216344833374e-01,1.973524242639541626e-01,2.662513256072998047e-01,2.012712806463241577e-01,2.255066484212875366e-02,1.599459052085876465e-01,8.474931120872497559e-02,9.192822873592376709e-02,-4.416236653923988342e-02,3.450987339019775391e-01,4.392129555344581604e-02,1.695218533277511597e-01,1.949174553155899048e-01,-7.092954218387603760e-02,-9.615622460842132568e-02,-1.123436689376831055e-01,1.280378848314285278e-01,8.707719296216964722e-02,1.732805669307708740e-01,1.730111539363861084e-01,-1.208351776003837585e-01,1.874276995658874512e-02,2.964310348033905029e-01,1.293434202671051025e-01,1.070271879434585571e-01,4.855320230126380920e-02,4.689171537756919861e-02,-1.309688985347747803e-01,-4.092309996485710144e-02,9.056568890810012817e-02,-7.686960976570844650e-03,2.489676699042320251e-02
2.889623641967773438e-01,3.550150692462921143e-01,7.692047208547592163e-02,7.117434591054916382e-02,9.999998211860656738e-01,6.120330095291137695e-01,3.849875926971435547e-01,3.354219496250152588e-01,5.660208314657211304e-02,4.683573544025421143e-01,8.803363889455795288e-02,1.841456294059753418e-01,4.957776963710784912e-01,1.237656697630882263e-01,2.858127653598785400e-02,-8.152732625603675842e-03,1.982982158660888672e-01,4.869820550084114075e-03,7.361338287591934204e-02,1.865261942148208618e-01,1.951812654733657837e-01,4.911664873361587524e-03,2.225293070077896118e-01,2.484944462776184082e-01,1.082362458109855652e-01,1.312298774719238281e-01,2.767133414745330811e-01,3.551838099956512451e-01,2.934840917587280273e-01,2.829889580607414246e-02,-6.406156718730926514e-02,-5.443104542791843414e-03,2.601298987865447998e-01,1.555669456720352173e-01,-1.699324697256088257e-01,-6.312432885169982910e-02,-2.028895169496536255e-01,-2.694479934871196747e-02,-1.972109526395797729e-01,2.216527014970779419e-01,4.478465020656585693e-01,2.649639248847961426e-01,1.559475511312484741e-01,2.580707669258117676e-01,1.488987654447555542e-01,2.376148104667663574e-01,2.007370889186859131e-01,1.720771640539169312e-01
3.350925445556640625e-01,2.428235858678817749e-01,3.414085209369659424e-01,1.278029233217239380e-01,6.120330095291137695e-01,1.000000119209289551e+00,3.047094941139221191e-01,2.893978655338287354e-01,7.383313030004501343e-02,3.411120474338531494e-01,1.476000398397445679e-01,3.263523578643798828e-01,4.544677734375000000e-01,9.872420877218246460e-02,6.864802539348602295e-02,-1.097559370100498199e-02,5.262826383113861084e-02,-9.220780432224273682e-02,-4.225787520408630371e-02,2.764651551842689514e-02,2.950257658958435059e-01,3.740296140313148499e-02,1.653489917516708374e-01,1.643741577863693237e-01,1.676016002893447876e-01,1.092708036303520203e-01,3.235700130462646484e-01,5.144168734550476074e-01,3.625397980213165283e-01,1.229884326457977295e-01,-3.238370269536972046e-02,-1.413616687059402466e-01,3.077587485313415527e-01,1.007579118013381958e-01,-1.174200177192687988e-01,-7.430011872202157974e-03,-1.822540611028671265e-01,-6.166571006178855896e-02,-1.227165237069129944e-01,2.299780100584030151e-01,4.919733405113220215e-01,1.190203353762626648e-01,5.346903577446937561e-03,1.492393165826797485e-01,2.025140821933746338e-01,1.271671801805496216e-01,1.143544539809226990e-01,3.198925778269767761e-02
3.632772266864776611e-01,3.464489281177520752e-01,2.988379597663879395e-01,4.052460491657257080e-01,3.849875926971435547e-01,3.047094941139221191e-01,1.000000238418579102e+00,4.046543836593627930e-01,2.347320914268493652e-01,3.912203013896942139e-01,1.439021527767181396e-01,1.028115898370742798e-01,2.155667543411254883e-01,1.569260507822036743e-01,1.060567498207092285e-01,2.506981194019317627e-01,6.777094602584838867e-01,5.014495849609375000e-01,4.916571080684661865e-01,3.910208344459533691e-01,5.791474506258964539e-02,2.182322591543197632e-01,3.643611371517181396e-01,4.083451330661773682e-01,9.848095476627349854e-02,7.060375809669494629e-01,1.452118605375289917e-01,2.974216043949127197e-01,5.302649140357971191e-01,1.510434299707412720e-01,3.405428025871515274e-03,3.689241409301757812e-02,3.170426785945892334e-01,2.415113449096679688e-01,1.206086054444313049e-01,1.758505403995513916e-01,-3.446849435567855835e-02,1.543254703283309937e-01,2.350956350564956665e-01,3.390126526355743408e-01,2.377020418643951416e-01,4.389367699623107910e-01,4.050615727901458740e-01,1.255921423435211182e-01,1.142889931797981262e-01,5.306779146194458008e-01,2.546181380748748779e-01,1.199789494276046753e-01
2.162918746471405029e-01,2.945794463157653809e-01,2.143936753273010254e-01,9.634612500667572021e-02,3.354219496250152588e-01,2.893978655338287354e-01,4.046543836593627930e-01,1.000000238418579102e+00,2.196837812662124634e-01,2.762894034385681152e-01,4.763135015964508057e-01,3.259388208389282227e-01,1.869340538978576660e-01,4.347542226314544678e-01,2.189588397741317749e-01,2.519010901451110840e-01,2.423568814992904663e-01,1.651676744222640991e-01,1.317145973443984985e-01,4.699825122952461243e-02,5.893631651997566223e-02,7.862854003906250000e-02,2.446833699941635132e-01,2.449434995651245117e-01,2.052591890096664429e-01,3.334998786449432373e-01,3.772752583026885986e-01,2.906745374202728271e-01,2.768205702304840088e-01,3.096293807029724121e-01,1.162345185875892639e-01,-2.569661848247051239e-02,4.343697130680084229e-01,5.262717604637145996e-01,1.875862777233123779e-01,-3.838469088077545166e-02,1.054496988654136658e-01,3.655452728271484375e-01,1.246209517121315002e-01,4.572233259677886963e-01,1.065107733011245728e-01,1.129255145788192749e-01,1.271525025367736816e-01,1.715829670429229736e-01,1.389071047306060791e-01,2.166893482208251953e-01,1.664906591176986694e-01,3.422690927982330322e-02
2.536355331540107727e-02,1.837016046047210693e-01,-2.344160899519920349e-02,-2.970912680029869080e-02,5.660208314657211304e-02,7.383313030004501343e-02,2.347320914268493652e-01,2.196837812662124634e-01,1.000000834465026855e+00,3.377901911735534668e-01,1.339297890663146973e-01,3.326835334300994873e-01,1.148806363344192505e-01,6.519821286201477051e-02,8.162376470863819122e-03,1.173260137438774109e-01,2.249458730220794678e-01,1.852300316095352173e-01,1.298559159040451050e-01,2.403713203966617584e-02,-8.855847269296646118e-02,7.108744978904724121e-02,1.727747470140457153e-01,1.483063846826553345e-01,5.486816912889480591e-02,1.934325844049453735e-01,9.005019068717956543e-02,1.052522286772727966e-01,2.047882080078125000e-01,1.727818101644515991e-01,8.663056045770645142e-02,3.204775601625442505e-02,1.944482177495956421e-01,1.573687344789505005e-01,2.256381362676620483e-01,1.842873394489288330e-01,1.191387102007865906e-01,1.333862543106079102e-01,2.037787586450576782e-01,1.790077090263366699e-01,8.839115500450134277e-02,1.074825376272201538e-01,1.488939225673675537e-01,3.135043978691101074e-01,-1.246524751186370850e-01,2.328603565692901611e-01,1.519506424665451050e-02,9.549117088317871094e-02
9.644323587417602539e-02,4.973590373992919922e-01,6.881970167160034180e-02,-1.544312015175819397e-02,4.683573544025421143e-01,3.411120474338531494e-01,3.912203013896942139e-01,2.762894034385681152e-01,3.377901911735534668e-01,1.000000119209289551e+00,1.473148167133331299e-01,3.556960225105285645e-01,4.984602630138397217e-01,5.478126928210258484e-02,-2.616932988166809082e-02,6.613942980766296387e-02,1.995908468961715698e-01,7.882130146026611328e-02,6.178418174386024475e-02,1.651856601238250732e-01,2.088639885187149048e-01,1.016909405589103699e-01,3.527254164218902588e-01,2.937758862972259521e-01,1.607069559395313263e-02,2.133549749851226807e-01,1.592632979154586792e-01,3.227970898151397705e-01,3.928495049476623535e-01,2.024167180061340332e-01,5.996007844805717468e-02,-5.797413736581802368e-02,2.067878693342208862e-01,1.712125241756439209e-01,2.345404960215091705e-02,2.175800688564777374e-02,-1.260012090206146240e-01,8.295518159866333008e-02,6.103347614407539368e-02,2.089119851589202881e-01,3.488779962062835693e-01,4.157864153385162354e-01,2.856894731521606445e-01,4.712976813316345215e-01,2.005311250686645508e-01,5.709089040756225586e-01,1.664215773344039917e-01,1.781698167324066162e-01
1.038192659616470337e-01,1.381220966577529907e-01,2.760532796382904053e-01,-1.849095150828361511e-02,8.803363889455795288e-02,1.476000398397445679e-01,1.439021527767181396e-01,4.763135015964508057e-01,1.339297890663146973e-01,1.473148167133331299e-01,9.999997615814208984e-01,4.332178533077239990e-01,2.285450845956802368e-01,2.718850076198577881e-01,1.548869460821151733e-01,2.003441005945205688e-01,5.533932894468307495e-02,6.561054289340972900e-02,-1.149826496839523315e-01,-2.421048469841480255e-02,3.191880583763122559e-01,2.574175298213958740e-01,2.456367909908294678e-01,6.339184194803237915e-02,9.328378736972808838e-02,1.206106543540954590e-01,2.526847422122955322e-01,3.442079424858093262e-01,2.315368503332138062e-01,4.320922791957855225e-01,3.447469472885131836e-01,-2.773310802876949310e-02,2.682146430015563965e-01,3.418737947940826416e-01,2.515491843223571777e-01,-1.242739427834749222e-02,7.193677872419357300e-02,2.993929088115692139e-01,1.417975425720214844e-01,2.208261787891387939e-01,8.411683142185211182e-02,2.361510694026947021e-02,-8.101449348032474518e-03,2.426967397332191467e-02,9.745680540800094604e-02,1.747840046882629395e-01,6.431918591260910034e-02,1.544329244643449783e-02
9.000404924154281616e-02,4.348317533731460571e-02,2.848398089408874512e-01,-1.611798256635665894e-01,1.841456294059753418e-01,3.263523578643798828e-01,1.028115898370742798e-01,3.259388208389282227e-01,3.326835334300994873e-01,3.556960225105285645e-01,4.332178533077239990e-01,1.000000238418579102e+00,4.362052381038665771e-01,1.906308233737945557e-01,1.517112851142883301e-01,7.870788872241973877e-02,6.540168076753616333e-02,-6.380350142717361450e-02,-2.874512076377868652e-01,-2.344654202461242676e-01,2.943522930145263672e-01,1.257601678371429443e-01,1.249641925096511841e-01,-4.451453313231468201e-02,2.812980413436889648e-01,6.657856702804565430e-02,2.592346072196960449e-01,4.918414056301116943e-01,2.293764054775238037e-01,4.704058170318603516e-01,2.233593016862869263e-01,-1.322004050016403198e-01,4.303345978260040283e-01,1.916179060935974121e-01,1.164201796054840088e-01,-1.500438749790191650e-01,8.086813241243362427e-02,1.259576231241226196e-01,-3.327254951000213623e-02,6.166532635688781738e-02,6.471581012010574341e-02,-1.473016440868377686e-01,-2.103092372417449951e-01,1.047994792461395264e-01,-1.795283406972885132e-01,3.907179087400436401e-02,-1.139767318964004517e-01,-8.757295459508895874e-02
1.723347306251525879e-01,3.192114830017089844e-01,1.514309793710708618e-01,-1.466526985168457031e-01,4.957776963710784912e-01,4.544677734375000000e-01,2.155667543411254883e-01,1.869340538978576660e-01,1.148806363344192505e-01,4.984602630138397217e-01,2.285450845956802368e-01,4.362052381038665771e-01,1.000000596046447754e+00,1.451480537652969360e-01,4.553559795022010803e-02,-2.076707407832145691e-02,6.842811126261949539e-03,-4.306421801447868347e-02,-1.258879750967025757e-01,1.709620505571365356e-01,5.023298263549804688e-01,2.271891236305236816e-01,3.860538303852081299e-01,2.081701308488845825e-01,3.090038523077964783e-02,1.044338941574096680e-01,1.267161071300506592e-01,3.786741495132446289e-01,3.004949390888214111e-01,2.391083836555480957e-01,2.263170629739761353e-01,4.417459666728973389e-02,2.312287390232086182e-01,-1.107940077781677246e-02,-1.452445238828659058e-01,-2.112234570086002350e-02,-1.491854488849639893e-01,-8.078095316886901855e-02,-1.474146246910095215e-01,1.004392653703689575e-01,3.387625515460968018e-01,2.314351946115493774e-01,1.715296208858489990e-01,3.149012029170989990e-01,2.826979570090770721e-02,2.870223522186279297e-01,1.498895436525344849e-01,1.748524010181427002e-01
2.744015306234359741e-02,1.476962268352508545e-01,5.851346626877784729e-02,-1.843304336071014404e-01,1.237656697630882263e-01,9.872420877218246460e-02,1.569260507822036743e-01,4.347542226314544678e-01,6.519821286201477051e-02,5.478126928210258484e-02,2.718850076198577881e-01,1.906308233737945557e-01,1.451480537652969360e-01,9.999998211860656738e-01,3.394629061222076416e-01,2.743615582585334778e-02,1.731557250022888184e-01,1.042215004563331604e-01,4.874976724386215210e-02,-5.039536207914352417e-02,7.113870233297348022e-03,-3.641269728541374207e-02,8.355374634265899658e-02,1.049827188253402710e-01,1.154074743390083313e-01,1.610328704118728638e-01,3.202938437461853027e-01,6.738303601741790771e-02,9.433980286121368408e-02,1.959832459688186646e-01,4.022969305515289307e-02,-5.616901814937591553e-02,2.177577316761016846e-01,2.783572077751159668e-01,-5.530882999300956726e-02,-1.998593807220458984e-01,2.309228628873825073e-01,3.984998762607574463e-01,-1.644584834575653076e-01,1.530804187059402466e-01,-1.512355543673038483e-02,-9.233369491994380951e-03,2.217068336904048920e-02,1.327362954616546631e-01,4.749832674860954285e-02,3.618885949254035950e-02,2.050547674298286438e-02,2.675806172192096710e-02
6.474727392196655273e-02,-9.871797263622283936e-02,1.052426621317863464e-01,-2.530262432992458344e-02,2.858127653598785400e-02,6.864802539348602295e-02,1.060567498207092285e-01,2.189588397741317749e-01,8.162376470863819122e-03,-2.616932988166809082e-02,1.548869460821151733e-01,1.517112851142883301e-01,4.553559795022010803e-02,3.394629061222076416e-01,1.000000476837158203e+00,4.437471926212310791e-01,7.531422376632690430e-02,1.758659482002258301e-01,-2.117499825544655323e-04,-4.254409670829772949e-02,4.712592810392379761e-02,3.933061659336090088e-02,1.079031825065612793e-01,-8.226176351308822632e-02,8.922170847654342651e-02,1.457760632038116455e-01,1.148678809404373169e-01,5.738691613078117371e-02,8.349493891000747681e-02,1.993474364280700684e-01,1.297538131475448608e-01,-1.599336117506027222e-01,7.606312632560729980e-02,3.635900020599365234e-01,-5.976776033639907837e-02,-2.261282801628112793e-01,3.055757284164428711e-01,5.122262835502624512e-01,-6.757057458162307739e-02,7.836477458477020264e-02,-3.781606256961822510e-02,-1.892884969711303711e-01,-2.498749084770679474e-02,-1.293676793575286865e-01,1.170638352632522583e-01,5.191042274236679077e-02,-6.182265654206275940e-02,-2.594602406024932861e-01
1.100545302033424377e-01,1.201180294156074524e-01,1.777853667736053467e-01,3.234147727489471436e-01,-8.152732625603675842e-03,-1.097559370100498199e-02,2.506981194019317627e-01,2.519010901451110840e-01,1.173260137438774109e-01,6.613942980766296387e-02,2.003441005945205688e-01,7.870788872241973877e-02,-2.076707407832145691e-02,2.743615582585334778e-02,4.437471926212310791e-01,9.999997019767761230e-01,1.358183026313781738e-01,2.929159700870513916e-01,1.393633037805557251e-01,9.214760363101959229e-02,6.212280318140983582e-02,2.778087854385375977e-01,3.038719594478607178e-01,2.366012334823608398e-02,-3.657359629869461060e-02,2.903837263584136963e-01,1.392819881439208984e-01,9.528282284736633301e-02,1.965636312961578369e-01,1.822570264339447021e-01,2.072247266769409180e-01,-4.057494550943374634e-02,1.074217334389686584e-01,4.086972177028656006e-01,3.113785982131958008e-01,3.195913136005401611e-02,2.185968011617660522e-01,4.601958394050598145e-01,3.303852975368499756e-01,2.483745366334915161e-01,1.079437732696533203e-01,2.330566989257931709e-03,9.495904296636581421e-02,-5.277183651924133301e-02,1.149971857666969299e-01,1.497595757246017456e-01,3.127865865826606750e-02,-6.051208451390266418e-02
1.721513122320175171e-01,1.591992378234863281e-01,1.229423731565475464e-01,2.068071216344833374e-01,1.982982158660888672e-01,5.262826383113861084e-02,6.777094602584838867e-01,2.423568814992904663e-01,2.249458730220794678e-01,1.995908468961715698e-01,5.533932894468307495e-02,6.540168076753616333e-02,6.842811126261949539e-03,1.731557250022888184e-01,7.531422376632690430e-02,1.358183026313781738e-01,9.999999403953552246e-01,5.929794907569885254e-01,4.891504049301147461e-01,2.832501232624053955e-01,-7.256909459829330444e-02,2.158041894435882568e-01,2.027921825647354126e-01,3.614551126956939697e-01,1.802582889795303345e-01,4.701424837112426758e-01,4.255112633109092712e-02,7.062469422817230225e-02,2.487262040376663208e-01,1.458424776792526245e-01,-1.177295483648777008e-02,1.970776617527008057e-01,2.252497971057891846e-01,1.943203508853912354e-01,7.251557707786560059e-02,2.188745588064193726e-01,1.214531436562538147e-01,1.160368621349334717e-01,2.041981220245361328e-01,2.239921987056732178e-01,1.932639069855213165e-02,2.835488617420196533e-01,2.729970216751098633e-01,6.725247204303741455e-02,-5.938329920172691345e-02,2.899526655673980713e-01,2.573945820331573486e-01,2.215261012315750122e-01
1.200048103928565979e-01,1.232619062066078186e-01,3.871379047632217407e-02,1.973524242639541626e-01,4.869820550084114075e-03,-9.220780432224273682e-02,5.014495849609375000e-01,1.651676744222640991e-01,1.852300316095352173e-01,7.882130146026611328e-02,6.561054289340972900e-02,-6.380350142717361450e-02,-4.306421801447868347e-02,1.042215004563331604e-01,1.758659482002258301e-01,2.929159700870513916e-01,5.929794907569885254e-01,9.999994635581970215e-01,6.072543859481811523e-01,4.982430338859558105e-01,8.474312722682952881e-02,4.306077659130096436e-01,3.406694233417510986e-01,2.972878515720367432e-01,-6.561657041311264038e-02,5.286497473716735840e-01,-9.467606991529464722e-02,-1.393906865268945694e-02,3.569018840789794922e-01,2.119032442569732666e-01,2.248402982950210571e-01,3.099083304405212402e-01,5.442394316196441650e-02,9.734855592250823975e-02,1.614602655172348022e-01,2.085745334625244141e-01,2.004484385251998901e-01,2.405404299497604370e-01,3.429619371891021729e-01,1.504544615745544434e-01,-1.182837598025798798e-02,3.046973049640655518e-01,4.762088954448699951e-01,5.622476339340209961e-02,8.433654159307479858e-02,3.962604701519012451e-01,2.786369621753692627e-01,1.683722138404846191e-01
1.956759095191955566e-01,2.904764413833618164e-01,-1.407817304134368896e-01,2.662513256072998047e-01,7.361338287591934204e-02,-4.225787520408630371e-02,4.916571080684661865e-01,1.317145973443984985e-01,1.298559159040451050e-01,6.178418174386024475e-02,-1.149826496839523315e-01,-2.874512076377868652e-01,-1.258879750967025757e-01,4.874976724386215210e-02,-2.117499825544655323e-04,1.393633037805557251e-01,4.891504049301147461e-01,6.072543859481811523e-01,1.000000357627868652e+00,6.578857302665710449e-01,-8.453345298767089844e-02,7.987096905708312988e-02,1.188279166817665100e-01,2.958079278469085693e-01,-1.251249387860298157e-02,4.693004488945007324e-01,-7.917497307062149048e-02,-9.623138606548309326e-02,3.406950831413269043e-01,-9.545599669218063354e-02,-1.931577026844024658e-01,2.505089044570922852e-01,6.467221677303314209e-02,4.703881964087486267e-02,7.741452753543853760e-02,2.076806724071502686e-01,1.237788125872612000e-01,8.273590356111526489e-02,2.132152616977691650e-01,1.672453135251998901e-01,8.978048712015151978e-02,4.687205851078033447e-01,6.669028401374816895e-01,1.183318868279457092e-01,7.940612733364105225e-02,3.597578704357147217e-01,2.374501675367355347e-01,1.078061386942863464e-01
2.336716204881668091e-01,3.422856330871582031e-01,-1.835539937019348145e-01,2.012712806463241577e-01,1.865261942148208618e-01,2.764651551842689514e-02,3.910208344459533691e-01,4.699825122952461243e-02,2.403713203966617584e-02,1.651856601238250732e-01,-2.421048469841480255e-02,-2.344654202461242676e-01,1.709620505571365356e-01,-5.039536207914352417e-02,-4.254409670829772949e-02,9.214760363101959229e-02,2.832501232624053955e-01,4.982430338859558105e-01,6.578857302665710449e-01,1.000000000000000000e+00,3.853864371776580811e-01,3.146722018718719482e-01,2.916072309017181396e-01,2.924617230892181396e-01,-2.512154877185821533e-01,3.611401021480560303e-01,-2.557002305984497070e-01,-4.343686625361442566e-02,3.698981404304504395e-01,-4.716561734676361084e-02,-1.975842984393239021e-03,3.522490561008453369e-01,-7.594927400350570679e-02,-8.169222623109817505e-02,1.137048844248056412e-02,2.138556092977523804e-01,-1.859148778021335602e-02,-1.323369145393371582e-02,1.680824160575866699e-01,1.174702197313308716e-01,2.419862747192382812e-01,5.496742725372314453e-01,6.490721702575683594e-01,1.607240736484527588e-01,1.560950130224227905e-01,4.665623605251312256e-01,3.462666869163513184e-01,2.090457230806350708e-01
1.937079876661300659e-01,2.006807923316955566e-01,1.977822333574295044e-01,2.255066484212875366e-02,1.951812654733657837e-01,2.950257658958435059e-01,5.791474506258964539e-02,5.893631651997566223e-02,-8.855847269296646118e-02,2.088639885187149048e-01,3.191880583763122559e-01,2.943522930145263672e-01,5.023298263549804688e-01,7.113870233297348022e-03,4.712592810392379761e-02,6.212280318140983582e-02,-7.256909459829330444e-02,8.474312722682952881e-02,-8.453345298767089844e-02,3.853864371776580811e-01,1.000000119209289551e+00,4.507997930049896240e-01,2.782772779464721680e-01,-5.244515836238861084e-03,-2.249507457017898560e-01,3.769829124212265015e-02,-1.360144913196563721e-01,2.778091430664062500e-01,2.643006443977355957e-01,2.929614782333374023e-01,3.307895064353942871e-01,6.754995137453079224e-02,-8.619731292128562927e-03,-4.710510745644569397e-02,-3.552431613206863403e-02,-2.587348781526088715e-02,-1.430689394474029541e-01,-4.970911517739295959e-02,2.173114754259586334e-02,-5.732685327529907227e-02,3.208565711975097656e-01,1.903132796287536621e-01,9.356909990310668945e-02,7.986681163311004639e-02,1.685294508934020996e-01,2.054472416639328003e-01,1.096110045909881592e-01,7.093220949172973633e-02
1.062007918953895569e-01,6.608454883098602295e-02,1.768441498279571533e-01,1.599459052085876465e-01,4.911664873361587524e-03,3.740296140313148499e-02,2.182322591543197632e-01,7.862854003906250000e-02,7.108744978904724121e-02,1.016909405589103699e-01,2.574175298213958740e-01,1.257601678371429443e-01,2.271891236305236816e-01,-3.641269728541374207e-02,3.933061659336090088e-02,2.778087854385375977e-01,2.158041894435882568e-01,4.306077659130096436e-01,7.987096905708312988e-02,3.146722018718719482e-01,4.507997930049896240e-01,9.999997615814208984e-01,5.293405055999755859e-01,3.226782679557800293e-01,-1.881942451000213623e-01,2.353631854057312012e-01,-7.280012965202331543e-02,1.526446193456649780e-01,2.138582766056060791e-01,3.831784427165985107e-01,5.954489707946777344e-01,4.084604084491729736e-01,-1.185986911877989769e-03,4.500485956668853760e-03,2.350605279207229614e-01,3.025091588497161865e-01,-1.052962690591812134e-01,1.085105910897254944e-01,3.334884643554687500e-01,2.236187458038330078e-01,1.420565098524093628e-01,1.439363807439804077e-01,1.541269868612289429e-01,1.031027920544147491e-02,6.550903618335723877e-02,2.683978080749511719e-01,3.656776249408721924e-01,4.164517521858215332e-01
1.212668269872665405e-01,2.757546901702880859e-01,1.365301758050918579e-01,8.474931120872497559e-02,2.225293070077896118e-01,1.653489917516708374e-01,3.643611371517181396e-01,2.446833699941635132e-01,1.727747470140457153e-01,3.527254164218902588e-01,2.456367909908294678e-01,1.249641925096511841e-01,3.860538303852081299e-01,8.355374634265899658e-02,1.079031825065612793e-01,3.038719594478607178e-01,2.027921825647354126e-01,3.406694233417510986e-01,1.188279166817665100e-01,2.916072309017181396e-01,2.782772779464721680e-01,5.293405055999755859e-01,1.000000357627868652e+00,4.758634865283966064e-01,-1.320724785327911377e-01,2.839185893535614014e-01,8.156511187553405762e-02,1.715937405824661255e-01,3.087643384933471680e-01,2.069136649370193481e-01,3.427345156669616699e-01,3.311904370784759521e-01,9.369337558746337891e-02,1.277635395526885986e-01,2.168896794319152832e-01,4.063879549503326416e-01,-8.687149733304977417e-02,1.992519944906234741e-01,3.542658090591430664e-01,5.105541348457336426e-01,2.243232131004333496e-01,2.858432531356811523e-01,3.477211296558380127e-01,2.014008611440658569e-01,1.350718885660171509e-01,4.444304406642913818e-01,3.950202763080596924e-01,5.279924273490905762e-01
2.003482878208160400e-01,2.225871682167053223e-01,-3.776069357991218567e-02,9.192822873592376709e-02,2.484944462776184082e-01,1.643741577863693237e-01,4.083451330661773682e-01,2.449434995651245117e-01,1.483063846826553345e-01,2.937758862972259521e-01,6.339184194803237915e-02,-4.451453313231468201e-02,2.081701308488845825e-01,1.049827188253402710e-01,-8.226176351308822632e-02,2.366012334823608398e-02,3.614551126956939697e-01,2.972878515720367432e-01,2.958079278469085693e-01,2.924617230892181396e-01,-5.244515836238861084e-03,3.226782679557800293e-01,4.758634865283966064e-01,9.999997615814208984e-01,1.124737933278083801e-01,2.941778600215911865e-01,9.680267423391342163e-02,5.476735159754753113e-02,2.030917257070541382e-01,9.504891932010650635e-02,1.674322634935379028e-01,5.427148342132568359e-01,1.507116705179214478e-01,5.008529871702194214e-02,6.873888522386550903e-02,5.728902816772460938e-01,-9.929683059453964233e-02,2.265833318233489990e-02,2.309572100639343262e-01,5.442208647727966309e-01,1.467007249593734741e-01,3.348757624626159668e-01,3.525427579879760742e-01,2.305743247270584106e-01,4.436156153678894043e-02,3.574700951576232910e-01,6.768839359283447266e-01,4.687001407146453857e-01
2.902783453464508057e-01,-1.875309348106384277e-01,4.777674749493598938e-02,-4.416236653923988342e-02,1.082362458109855652e-01,1.676016002893447876e-01,9.848095476627349854e-02,2.052591890096664429e-01,5.486816912889480591e-02,1.607069559395313263e-02,9.328378736972808838e-02,2.812980413436889648e-01,3.090038523077964783e-02,1.154074743390083313e-01,8.922170847654342651e-02,-3.657359629869461060e-02,1.802582889795303345e-01,-6.561657041311264038e-02,-1.251249387860298157e-02,-2.512154877185821533e-01,-2.249507457017898560e-01,-1.881942451000213623e-01,-1.320724785327911377e-01,1.124737933278083801e-01,1.000000119209289551e+00,5.282651167362928391e-03,3.964576721191406250e-01,2.439642250537872314e-01,1.786725036799907684e-02,8.385917544364929199e-02,-1.082837134599685669e-01,-3.310266509652137756e-02,4.788415133953094482e-01,1.082870587706565857e-01,-5.305829644203186035e-02,-7.862536609172821045e-02,7.519054412841796875e-02,-3.121907822787761688e-02,-1.666301786899566650e-01,8.259980380535125732e-02,-1.061788275837898254e-01,-2.357197850942611694e-01,-1.734965741634368896e-01,-1.325230449438095093e-01,-2.152175307273864746e-01,-1.588932722806930542e-01,6.941255182027816772e-02,-1.004315242171287537e-01
2.990320026874542236e-01,2.380280047655105591e-01,3.034665584564208984e-01,3.450987339019775391e-01,1.312298774719238281e-01,1.092708036303520203e-01,7.060375809669494629e-01,3.334998786449432373e-01,1.934325844049453735e-01,2.133549749851226807e-01,1.206106543540954590e-01,6.657856702804565430e-02,1.044338941574096680e-01,1.610328704118728638e-01,1.457760632038116455e-01,2.903837263584136963e-01,4.701424837112426758e-01,5.286497473716735840e-01,4.693004488945007324e-01,3.611401021480560303e-01,3.769829124212265015e-02,2.353631854057312012e-01,2.839185893535614014e-01,2.941778600215911865e-01,5.282651167362928391e-03,1.000000000000000000e+00,6.301040202379226685e-02,2.359121441841125488e-01,5.616171360015869141e-01,1.651888936758041382e-01,7.166497409343719482e-02,4.486174136400222778e-02,2.565167844295501709e-01,1.835485845804214478e-01,2.159601449966430664e-01,1.302080303430557251e-01,3.312866017222404480e-02,1.996304541826248169e-01,3.124730885028839111e-01,2.282355874776840210e-01,1.350342184305191040e-01,3.724482357501983643e-01,4.279355704784393311e-01,5.757000669836997986e-02,6.659326702356338501e-02,4.916731715202331543e-01,1.919655352830886841e-01,-8.484264835715293884e-03
2.404296696186065674e-01,1.754936575889587402e-01,1.606250703334808350e-01,4.392129555344581604e-02,2.767133414745330811e-01,3.235700130462646484e-01,1.452118605375289917e-01,3.772752583026885986e-01,9.005019068717956543e-02,1.592632979154586792e-01,2.526847422122955322e-01,2.592346072196960449e-01,1.267161071300506592e-01,3.202938437461853027e-01,1.148678809404373169e-01,1.392819881439208984e-01,4.255112633109092712e-02,-9.467606991529464722e-02,-7.917497307062149048e-02,-2.557002305984497070e-01,-1.360144913196563721e-01,-7.280012965202331543e-02,8.156511187553405762e-02,9.680267423391342163e-02,3.964576721191406250e-01,6.301040202379226685e-02,1.000000119209289551e+00,2.890344560146331787e-01,1.595139354467391968e-01,6.666309386491775513e-02,-4.158104211091995239e-02,-9.590882062911987305e-02,5.647054910659790039e-01,2.512355446815490723e-01,-9.765889495611190796e-02,-1.231597438454627991e-01,8.149135857820510864e-02,1.164359897375106812e-01,-1.901950389146804810e-01,2.649138569831848145e-01,1.878692507743835449e-01,-1.305927187204360962e-01,-1.092481687664985657e-01,1.527998000383377075e-01,5.700716748833656311e-03,-8.598475158214569092e-02,-1.761841215193271637e-02,1.859157904982566833e-02
3.526631891727447510e-01,1.067692339420318604e-01,4.464175701141357422e-01,1.695218533277511597e-01,3.551838099956512451e-01,5.144168734550476074e-01,2.974216043949127197e-01,2.906745374202728271e-01,1.052522286772727966e-01,3.227970898151397705e-01,3.442079424858093262e-01,4.918414056301116943e-01,3.786741495132446289e-01,6.738303601741790771e-02,5.738691613078117371e-02,9.528282284736633301e-02,7.062469422817230225e-02,-1.393906865268945694e-02,-9.623138606548309326e-02,-4.343686625361442566e-02,2.778091430664062500e-01,1.526446193456649780e-01,1.715937405824661255e-01,5.476735159754753113e-02,2.439642250537872314e-01,2.359121441841125488e-01,2.890344560146331787e-01,9.999997019767761230e-01,5.467696189880371094e-01,3.397700190544128418e-01,1.617951393127441406e-01,-1.425262093544006348e-01,4.078471660614013672e-01,1.741546019911766052e-02,1.174658909440040588e-01,-7.754897326231002808e-02,-1.716283559799194336e-01,1.897118240594863892e-02,-3.585301712155342102e-02,1.023586839437484741e-01,2.401113510131835938e-01,-2.081061340868473053e-02,-4.567746818065643311e-02,2.646608091890811920e-02,1.002493593841791153e-02,1.334652602672576904e-01,3.362596780061721802e-02,-1.490398403257131577e-02
3.076007068157196045e-01,3.676716387271881104e-01,2.227752208709716797e-01,1.949174553155899048e-01,2.934840917587280273e-01,3.625397980213165283e-01,5.302649140357971191e-01,2.768205702304840088e-01,2.047882080078125000e-01,3.928495049476623535e-01,2.315368503332138062e-01,2.293764054775238037e-01,3.004949390888214111e-01,9.433980286121368408e-02,8.349493891000747681e-02,1.965636312961578369e-01,2.487262040376663208e-01,3.569018840789794922e-01,3.406950831413269043e-01,3.698981404304504395e-01,2.643006443977355957e-01,2.138582766056060791e-01,3.087643384933471680e-01,2.030917257070541382e-01,1.786725036799907684e-02,5.616171360015869141e-01,1.595139354467391968e-01,5.467696189880371094e-01,1.000000238418579102e+00,3.106505274772644043e-01,1.459523439407348633e-01,3.224828094244003296e-02,3.082830011844635010e-01,3.714078664779663086e-02,1.673649251461029053e-01,7.110280543565750122e-02,-8.431757986545562744e-02,1.205304563045501709e-01,9.518901258707046509e-02,1.496491134166717529e-01,3.606084287166595459e-01,4.083185493946075439e-01,4.024628400802612305e-01,1.664401739835739136e-01,2.000599205493927002e-01,4.944016635417938232e-01,2.000730186700820923e-01,1.384370611049234867e-03
2.812285348773002625e-02,2.612713433336466551e-04,1.853242069482803345e-01,-7.092954218387603760e-02,2.829889580607414246e-02,1.229884326457977295e-01,1.510434299707412720e-01,3.096293807029724121e-01,1.727818101644515991e-01,2.024167180061340332e-01,4.320922791957855225e-01,4.704058170318603516e-01,2.391083836555480957e-01,1.959832459688186646e-01,1.993474364280700684e-01,1.822570264339447021e-01,1.458424776792526245e-01,2.119032442569732666e-01,-9.545599669218063354e-02,-4.716561734676361084e-02,2.929614782333374023e-01,3.831784427165985107e-01,2.069136649370193481e-01,9.504891932010650635e-02,8.385917544364929199e-02,1.651888936758041382e-01,6.666309386491775513e-02,3.397700190544128418e-01,3.106505274772644043e-01,9.999999403953552246e-01,6.616786122322082520e-01,3.167334944009780884e-02,1.151691228151321411e-01,2.607494592666625977e-01,2.240054458379745483e-01,3.764293342828750610e-02,3.250113502144813538e-02,2.907346189022064209e-01,1.213732957839965820e-01,1.379644125699996948e-01,6.036248430609703064e-02,-7.606464438140392303e-03,-5.491529591381549835e-03,-9.556827694177627563e-02,5.392804369330406189e-02,1.901413798332214355e-01,1.462495923042297363e-01,-7.797204703092575073e-02
-2.545310184359550476e-02,-7.185760885477066040e-02,9.318178147077560425e-02,-9.615622460842132568e-02,-6.406156718730926514e-02,-3.238370269536972046e-02,3.405428025871515274e-03,1.162345185875892639e-01,8.663056045770645142e-02,5.996007844805717468e-02,3.447469472885131836e-01,2.233593016862869263e-01,2.263170629739761353e-01,4.022969305515289307e-02,1.297538131475448608e-01,2.072247266769409180e-01,-1.177295483648777008e-02,2.248402982950210571e-01,-1.931577026844024658e-01,-1.975842984393239021e-03,3.307895064353942871e-01,5.954489707946777344e-01,3.427345156669616699e-01,1.674322634935379028e-01,-1.082837134599685669e-01,7.166497409343719482e-02,-4.158104211091995239e-02,1.617951393127441406e-01,1.459523439407348633e-01,6.616786122322082520e-01,9.999997615814208984e-01,2.679496407508850098e-01,-6.856793910264968872e-02,1.045255139470100403e-01,2.589988708496093750e-01,1.976930052042007446e-01,-3.547596558928489685e-02,2.178300023078918457e-01,1.759627461433410645e-01,1.187133863568305969e-01,4.498371854424476624e-02,-3.253468498587608337e-02,1.145078148692846298e-02,-8.434107154607772827e-02,1.032261103391647339e-01,1.762143224477767944e-01,3.295905590057373047e-01,1.007265821099281311e-01
4.369295388460159302e-02,6.215794943273067474e-03,-3.201688528060913086e-01,-1.123436689376831055e-01,-5.443104542791843414e-03,-1.413616687059402466e-01,3.689241409301757812e-02,-2.569661848247051239e-02,3.204775601625442505e-02,-5.797413736581802368e-02,-2.773310802876949310e-02,-1.322004050016403198e-01,4.417459666728973389e-02,-5.616901814937591553e-02,-1.599336117506027222e-01,-4.057494550943374634e-02,1.970776617527008057e-01,3.099083304405212402e-01,2.505089044570922852e-01,3.522490561008453369e-01,6.754995137453079224e-02,4.084604084491729736e-01,3.311904370784759521e-01,5.427148342132568359e-01,-3.310266509652137756e-02,4.486174136400222778e-02,-9.590882062911987305e-02,-1.425262093544006348e-01,3.224828094244003296e-02,3.167334944009780884e-02,2.679496407508850098e-01,9.999997019767761230e-01,-7.452504336833953857e-02,-1.300593316555023193e-01,8.654426783323287964e-02,4.949954152107238770e-01,9.564010053873062134e-02,-4.490772634744644165e-02,1.339240074157714844e-01,2.791865468025207520e-01,-6.557646207511425018e-03,1.857491284608840942e-01,3.202662765979766846e-01,6.958726793527603149e-02,-8.643498271703720093e-02,1.108238995075225830e-01,5.897831916809082031e-01,4.903494715690612793e-01
4.361180365085601807e-01,1.797823160886764526e-01,2.594481110572814941e-01,1.280378848314285278e-01,2.601298987865447998e-01,3.077587485313415527e-01,3.170426785945892334e-01,4.343697130680084229e-01,1.944482177495956421e-01,2.067878693342208862e-01,2.682146430015563965e-01,4.303345978260040283e-01,2.312287390232086182e-01,2.177577316761016846e-01,7.606312632560729980e-02,1.074217334389686584e-01,2.252497971057891846e-01,5.442394316196441650e-02,6.467221677303314209e-02,-7.594927400350570679e-02,-8.619731292128562927e-03,-1.185986911877989769e-03,9.369337558746337891e-02,1.507116705179214478e-01,4.788415133953094482e-01,2.565167844295501709e-01,5.647054910659790039e-01,4.078471660614013672e-01,3.082830011844635010e-01,1.151691228151321411e-01,-6.856793910264968872e-02,-7.452504336833953857e-02,9.999997615814208984e-01,1.428337693214416504e-01,-8.657884597778320312e-02,-1.045097187161445618e-01,4.553861543536186218e-02,-2.210216782987117767e-02,-7.613654434680938721e-02,1.456978470087051392e-01,1.008904501795768738e-01,-5.004201456904411316e-02,-2.374708466231822968e-02,1.145434454083442688e-01,-8.068036288022994995e-02,8.075428754091262817e-02,1.452617906033992767e-02,-4.302993416786193848e-02
