9.999992251396179199e-01,4.605402238667011261e-03,2.788341641426086426e-01,3.312237262725830078e-01,6.651400923728942871e-01,1.281617581844329834e-01,-1.442833393812179565e-01,2.134456187486648560e-01,-2.326121479272842407e-01,-6.579614430665969849e-02,-1.686313934624195099e-02,1.088807452470064163e-02,-8.023935556411743164e-02,-1.083164513111114502e-01,-1.761417388916015625e-01,-2.129416167736053467e-01,-9.337846934795379639e-02,-2.077321857213973999e-01,-2.015672624111175537e-01,-1.670319288969039917e-01,-1.393092870712280273e-01,3.549041971564292908e-02,4.211566969752311707e-02,-1.958896070718765259e-01,6.642806529998779297e-01,-1.539218872785568237e-01,6.372464299201965332e-01,8.687530159950256348e-01,7.242726683616638184e-01,9.483302384614944458e-02,-2.656081914901733398e-01,-1.749245263636112213e-02,7.827638387680053711e-01,-3.088109195232391357e-01,-5.348475575447082520e-01,-2.237317711114883423e-01,4.459165036678314209e-02,-3.060839474201202393e-01,-4.927889406681060791e-01,-9.540962427854537964e-02,5.377886891365051270e-01,-2.209851145744323730e-01,-2.045959681272506714e-01,-4.737233817577362061e-01,-1.878458410501480103e-01,-1.870713979005813599e-01,-1.409827023744583130e-01,8.759043365716934204e-02
4.605402238667011261e-03,9.999997019767761230e-01,1.057233009487390518e-02,-7.214692234992980957e-02,2.282490134239196777e-01,5.026197433471679688e-01,2.043368518352508545e-01,2.425590902566909790e-01,3.000280559062957764e-01,4.960632324218750000e-01,4.352992773056030273e-02,1.689664721488952637e-01,3.179093897342681885e-01,-1.041406095027923584e-01,3.228225708007812500e-01,1.918741166591644287e-01,-3.693215257953852415e-04,8.572861552238464355e-02,1.657468825578689575e-01,1.399489492177963257e-01,6.689172238111495972e-02,-3.493025600910186768e-01,3.626491725444793701e-01,2.606087327003479004e-01,-1.446119695901870728e-01,3.527709841728210449e-01,2.451765835285186768e-01,8.132128417491912842e-02,2.809416651725769043e-01,1.347236633300781250e-01,-2.355914004147052765e-02,-3.363883122801780701e-02,1.664355099201202393e-01,8.737259358167648315e-02,3.172356188297271729e-01,3.781956732273101807e-01,-8.967889100313186646e-02,1.271092593669891357e-01,2.625507712364196777e-01,3.632091581821441650e-01,4.411230683326721191e-01,6.590083241462707520e-01,4.551695883274078369e-01,5.014526844024658203e-01,5.933458209037780762e-01,5.444976687431335449e-01,2.251031100749969482e-01,-7.087591290473937988e-02
2.788341641426086426e-01,1.057233009487390518e-02,9.999999403953552246e-01,5.524997711181640625e-01,3.831519484519958496e-01,3.322867155075073242e-01,2.368763238191604614e-01,3.296717703342437744e-01,9.913546591997146606e-02,1.389691233634948730e-01,1.662628501653671265e-01,2.515487968921661377e-01,8.346125483512878418e-02,3.894387558102607727e-02,4.313293471932411194e-02,-1.267343759536743164e-01,3.154954910278320312e-01,1.893662810325622559e-01,5.611556395888328552e-02,1.223148331046104431e-01,3.028595149517059326e-01,2.112833708524703979e-01,-1.299660187214612961e-02,-1.331667006015777588e-01,1.258269101381301880e-01,1.878785938024520874e-01,1.825002580881118774e-01,3.461596667766571045e-01,1.596542000770568848e-01,-1.000071316957473755e-02,1.838041692972183228e-01,-1.076071858406066895e-01,2.358290404081344604e-01,1.409537158906459808e-02,-1.537220180034637451e-01,-2.428865283727645874e-01,9.087104350328445435e-02,2.525901608169078827e-02,-1.736239790916442871e-01,-1.240606456995010376e-01,1.816200017929077148e-01,-9.696815162897109985e-02,-7.653400301933288574e-02,-6.134536117315292358e-02,-9.891372919082641602e-02,-1.494881361722946167e-01,-1.171216666698455811e-01,-1.563170850276947021e-01
3.312237262725830078e-01,-7.214692234992980957e-02,5.524997711181640625e-01,9.999999403953552246e-01,3.945528566837310791e-01,3.189058303833007812e-01,2.592259049415588379e-01,-7.832326926290988922e-03,-2.045211642980575562e-01,-2.228094264864921570e-02,-2.124022543430328369e-01,6.383437663316726685e-02,2.735686860978603363e-02,-2.034049183130264282e-01,-9.466978162527084351e-02,4.445532336831092834e-02,2.459448575973510742e-01,5.510517954826354980e-02,1.158168837428092957e-01,2.543917894363403320e-01,3.875074982643127441e-01,4.043861925601959229e-01,-2.224659621715545654e-01,-1.138537600636482239e-01,9.769055247306823730e-02,1.070109754800796509e-01,6.063633784651756287e-02,3.221091032028198242e-01,1.937515139579772949e-01,6.478572636842727661e-02,5.884980782866477966e-02,1.278261840343475342e-02,1.538840681314468384e-01,-1.893856972455978394e-01,-2.877478599548339844e-01,-1.861538141965866089e-01,-1.446866095066070557e-01,-1.312280595302581787e-01,-2.961992919445037842e-01,-2.911614775657653809e-01,4.122984409332275391e-01,-6.147378310561180115e-02,-5.905147641897201538e-02,-2.545742988586425781e-01,-1.471058875322341919e-01,-1.003732755780220032e-01,-1.328023672103881836e-01,-2.251005731523036957e-02
6.651400923728942871e-01,2.282490134239196777e-01,3.831519484519958496e-01,3.945528566837310791e-01,9.999995231628417969e-01,3.929642140865325928e-01,-4.089359939098358154e-02,3.112918436527252197e-01,7.876388728618621826e-02,2.095433771610260010e-01,1.535076797008514404e-01,2.350453436374664307e-01,2.184360772371292114e-01,-1.056829933077096939e-02,4.727205634117126465e-02,2.594021148979663849e-02,-3.176115080714225769e-02,-1.064908951520919800e-01,-1.863849163055419922e-01,-1.081514656543731689e-01,3.459069877862930298e-02,1.062026619911193848e-02,1.981012076139450073e-01,-7.582003623247146606e-02,4.126445651054382324e-01,-4.228501021862030029e-02,5.577221512794494629e-01,6.428304910659790039e-01,4.977069497108459473e-01,2.054370753467082977e-02,-2.004878968000411987e-01,-9.457199275493621826e-02,6.135857105255126953e-01,-1.939196437597274780e-01,-2.388477623462677002e-01,-4.516754671931266785e-02,3.139870241284370422e-02,-7.777240127325057983e-02,-2.296479493379592896e-01,6.573399901390075684e-02,5.611490011215209961e-01,-4.658423364162445068e-02,-7.878131419420242310e-02,-1.298257410526275635e-01,-1.346216909587383270e-02,-6.882731337100267410e-03,-1.468288153409957886e-02,4.199288412928581238e-02
1.281617581844329834e-01,5.026197433471679688e-01,3.322867155075073242e-01,3.189058303833007812e-01,3.929642140865325928e-01,1.000000119209289551e+00,4.953183829784393311e-01,1.329406499862670898e-01,4.987261816859245300e-02,3.790001869201660156e-01,-1.194767057895660400e-01,1.241582632064819336e-01,2.294023036956787109e-01,-8.701978623867034912e-02,2.240305244922637939e-01,1.227739006280899048e-01,1.995690464973449707e-01,1.403002738952636719e-01,3.328158557415008545e-01,3.907637596130371094e-01,3.757489323616027832e-01,-1.811476945877075195e-01,9.848920255899429321e-02,1.160528212785720825e-01,-5.144584923982620239e-02,5.152741670608520508e-01,1.698114871978759766e-01,1.604252606630325317e-01,2.041554152965545654e-01,7.834202051162719727e-02,-4.439986776560544968e-03,-5.436561536043882370e-03,1.905913650989532471e-01,5.250671505928039551e-02,5.417673662304878235e-02,1.880173087120056152e-01,-2.542570233345031738e-03,6.706693675369024277e-03,2.869252674281597137e-02,4.942650720477104187e-02,5.355154275894165039e-01,4.537217319011688232e-01,4.569405317306518555e-01,2.006429582834243774e-01,2.914339303970336914e-01,3.860281407833099365e-01,8.684828877449035645e-02,-6.610507518053054810e-02
-1.442833393812179565e-01,2.043368518352508545e-01,2.368763238191604614e-01,2.592259049415588379e-01,-4.089359939098358154e-02,4.953183829784393311e-01,9.999998211860656738e-01,-1.006584018468856812e-01,-1.523833870887756348e-01,4.542548954486846924e-02,-2.218206077814102173e-01,-1.402749419212341309e-01,-1.337174773216247559e-01,2.560619451105594635e-02,1.137787997722625732e-01,9.151338785886764526e-02,7.032857537269592285e-01,6.585472226142883301e-01,7.129055857658386230e-01,6.722370982170104980e-01,3.987718522548675537e-01,1.394842714071273804e-01,-4.633865784853696823e-03,2.545677721500396729e-01,-1.491402387619018555e-01,5.995972156524658203e-01,-1.520136445760726929e-01,-1.619377434253692627e-01,-1.134117916226387024e-01,2.974653244018554688e-02,1.363981813192367554e-01,1.515391021966934204e-01,-1.330528855323791504e-01,8.384804427623748779e-02,5.561499670147895813e-02,1.739645600318908691e-01,8.126158267259597778e-03,1.220637932419776917e-01,1.734831184148788452e-01,3.025035746395587921e-02,2.193996608257293701e-01,4.123622179031372070e-01,5.357557535171508789e-01,5.544310808181762695e-02,1.774788796901702881e-01,2.837986946105957031e-01,8.644586801528930664e-02,-1.146337296813726425e-02
2.134456187486648560e-01,2.425590902566909790e-01,3.296717703342437744e-01,-7.832326926290988922e-03,3.112918436527252197e-01,1.329406499862670898e-01,-1.006584018468856812e-01,1.000000000000000000e+00,3.553759753704071045e-01,1.861130148172378540e-01,6.326231360435485840e-01,4.016122519969940186e-01,1.020739600062370300e-01,3.592464923858642578e-01,4.806879758834838867e-01,5.072100833058357239e-02,9.314520284533500671e-03,-8.772810548543930054e-02,-2.352081388235092163e-01,-2.357233017683029175e-01,-1.900223344564437866e-01,-2.423320710659027100e-01,7.979747653007507324e-02,-1.019464284181594849e-01,1.990547925233840942e-01,5.005071870982646942e-03,4.786253571510314941e-01,1.912817806005477905e-01,1.286835521459579468e-01,-2.576503157615661621e-01,-1.972786337137222290e-01,-3.373056650161743164e-01,4.345546960830688477e-01,4.700887203216552734e-01,1.848798692226409912e-01,-1.336400955915451050e-01,3.324778676033020020e-01,4.392926394939422607e-01,1.031769141554832458e-01,9.680558741092681885e-02,3.610451892018318176e-02,-1.198059879243373871e-02,-2.072149962186813354e-01,2.534939050674438477e-01,2.267045900225639343e-02,-1.021119803190231323e-01,-1.343097686767578125e-01,-3.006115555763244629e-01
-2.326121479272842407e-01,3.000280559062957764e-01,9.913546591997146606e-02,-2.045211642980575562e-01,7.876388728618621826e-02,4.987261816859245300e-02,-1.523833870887756348e-01,3.553759753704071045e-01,9.999995231628417969e-01,3.967627286911010742e-01,5.397768020629882812e-01,4.138188064098358154e-01,3.793202936649322510e-01,1.599775105714797974e-01,1.970389336347579956e-01,1.111252829432487488e-01,-7.932738959789276123e-02,-1.072002425789833069e-01,-2.320011854171752930e-01,-2.732353508472442627e-01,-1.493142098188400269e-01,-1.381156891584396362e-01,2.874188423156738281e-01,1.041045114398002625e-01,-2.246454358100891113e-01,-6.674514710903167725e-02,1.143198832869529724e-01,-1.348450183868408203e-01,-1.135501638054847717e-01,-2.924231626093387604e-02,1.804461330175399780e-01,-1.082129701972007751e-01,-7.162202894687652588e-02,1.997746676206588745e-01,4.837514162063598633e-01,2.046661674976348877e-01,9.569794684648513794e-02,3.202153742313385010e-01,3.618069291114807129e-01,2.769716084003448486e-01,-2.088659703731536865e-01,1.065736785531044006e-01,-7.267346233129501343e-02,6.401256918907165527e-01,1.976681649684906006e-01,1.068985164165496826e-01,1.448544412851333618e-01,-1.061435416340827942e-01
-6.579614430665969849e-02,4.960632324218750000e-01,1.389691233634948730e-01,-2.228094264864921570e-02,2.095433771610260010e-01,3.790001869201660156e-01,4.542548954486846924e-02,1.861130148172378540e-01,3.967627286911010742e-01,1.000000357627868652e+00,2.188817858695983887e-01,5.188623666763305664e-01,6.786559224128723145e-01,8.095909655094146729e-02,2.280089855194091797e-01,2.555314004421234131e-01,1.821981556713581085e-02,4.731747508049011230e-02,8.916595578193664551e-02,1.303753852844238281e-01,2.536671161651611328e-01,-3.155306354165077209e-02,3.738525211811065674e-01,1.041909977793693542e-01,-4.921249300241470337e-02,1.236848682165145874e-01,1.525945067405700684e-01,2.886579371988773346e-02,7.395947724580764771e-02,2.260527312755584717e-01,1.637533158063888550e-01,-8.698603510856628418e-02,-1.351324375718832016e-03,3.365026041865348816e-02,1.496435254812240601e-01,2.018807679414749146e-01,5.301942001096904278e-04,1.469549816101789474e-02,1.828165352344512939e-01,3.141501545906066895e-01,2.189741730690002441e-01,4.492908418178558350e-01,3.670175075531005859e-01,4.775167703628540039e-01,4.775739908218383789e-01,4.903243780136108398e-01,7.584428042173385620e-02,5.635293573141098022e-02
-1.686313934624195099e-02,4.352992773056030273e-02,1.662628501653671265e-01,-2.124022543430328369e-01,1.535076797008514404e-01,-1.194767057895660400e-01,-2.218206077814102173e-01,6.326231360435485840e-01,5.397768020629882812e-01,2.188817858695983887e-01,9.999999403953552246e-01,5.743057727813720703e-01,2.221298217773437500e-01,5.370654463768005371e-01,4.557218253612518311e-01,1.463350206613540649e-01,-8.805186487734317780e-03,-4.530924931168556213e-02,-2.867761850357055664e-01,-3.335694670677185059e-01,-2.091314047574996948e-01,-4.941922426223754883e-02,2.185961902141571045e-01,-2.583154849708080292e-02,1.812342107295989990e-01,-1.944049298763275146e-01,3.186865746974945068e-01,-1.801196299493312836e-02,-1.119475886225700378e-01,-1.847792565822601318e-01,2.420753054320812225e-02,-2.360028177499771118e-01,1.621608138084411621e-01,4.921930134296417236e-01,2.855440974235534668e-01,-1.248221378773450851e-02,3.913952410221099854e-01,4.929477274417877197e-01,2.666498720645904541e-01,2.729618251323699951e-01,-2.464917600154876709e-01,-1.466153860092163086e-01,-2.283420115709304810e-01,3.336175978183746338e-01,7.798445411026477814e-03,-9.580257534980773926e-02,-4.609222337603569031e-02,-1.108241230249404907e-01
1.088807452470064163e-02,1.689664721488952637e-01,2.515487968921661377e-01,6.383437663316726685e-02,2.350453436374664307e-01,1.241582632064819336e-01,-1.402749419212341309e-01,4.016122519969940186e-01,4.138188064098358154e-01,5.188623666763305664e-01,5.743057727813720703e-01,1.000000000000000000e+00,5.391732454299926758e-01,2.830967605113983154e-01,4.577944874763488770e-01,3.409711420536041260e-01,-1.723909564316272736e-02,-6.714840233325958252e-02,-1.457183063030242920e-01,-1.126616746187210083e-01,1.945221871137619019e-01,7.954952865839004517e-02,2.622003555297851562e-01,-8.071924746036529541e-02,9.082908183336257935e-02,-1.154273226857185364e-01,1.975155472755432129e-01,5.182363465428352356e-02,-4.974135011434555054e-02,4.920496419072151184e-02,7.885684072971343994e-02,-2.232784181833267212e-01,9.770917147397994995e-02,2.954305112361907959e-01,1.428529024124145508e-01,7.166694849729537964e-03,2.161096036434173584e-01,2.643994390964508057e-01,2.253634631633758545e-01,2.258052229881286621e-01,8.721350692212581635e-03,4.178103059530258179e-02,3.762156516313552856e-02,3.365294635295867920e-01,1.351497471332550049e-01,1.017406955361366272e-01,-1.051105484366416931e-01,-8.881718665361404419e-02
-8.023935556411743164e-02,3.179093897342681885e-01,8.346125483512878418e-02,2.735686860978603363e-02,2.184360772371292114e-01,2.294023036956787109e-01,-1.337174773216247559e-01,1.020739600062370300e-01,3.793202936649322510e-01,6.786559224128723145e-01,2.221298217773437500e-01,5.391732454299926758e-01,1.000000119209289551e+00,8.103940635919570923e-02,2.816676199436187744e-01,5.121707916259765625e-01,-1.368141174316406250e-01,-4.910847172141075134e-02,-7.510094344615936279e-02,5.854372680187225342e-02,3.712071180343627930e-01,1.496216356754302979e-01,4.643219411373138428e-01,4.096929728984832764e-02,-3.149056434631347656e-02,4.250948503613471985e-02,8.550816774368286133e-02,-6.821427494287490845e-03,3.534739464521408081e-02,2.571672797203063965e-01,1.999444961547851562e-01,-1.234356611967086792e-01,-4.024035856127738953e-02,2.250191289931535721e-03,1.529002040624618530e-01,1.877778917551040649e-01,1.938434131443500519e-02,6.542175263166427612e-02,1.807587295770645142e-01,2.683167755603790283e-01,1.635177880525588989e-01,2.929568588733673096e-01,2.112356722354888916e-01,3.977855443954467773e-01,3.790027201175689697e-01,3.694168329238891602e-01,6.550456583499908447e-02,1.530421990901231766e-02
-1.083164513111114502e-01,-1.041406095027923584e-01,3.894387558102607727e-02,-2.034049183130264282e-01,-1.056829933077096939e-02,-8.701978623867034912e-02,2.560619451105594635e-02,3.592464923858642578e-01,1.599775105714797974e-01,8.095909655094146729e-02,5.370654463768005371e-01,2.830967605113983154e-01,8.103940635919570923e-02,9.999998211860656738e-01,2.810159921646118164e-01,1.900068521499633789e-01,2.269637286663055420e-01,1.641988605260848999e-01,5.893450696021318436e-03,-1.739900186657905579e-02,-3.716445714235305786e-02,9.601032733917236328e-02,6.123739108443260193e-02,8.245399594306945801e-02,2.670941054821014404e-01,-4.980462044477462769e-02,1.770398020744323730e-01,-1.421898454427719116e-01,-2.003459632396697998e-01,-8.616431802511215210e-02,1.582117825746536255e-01,-9.031018614768981934e-02,-6.031275913119316101e-02,4.477818012237548828e-01,2.344758212566375732e-01,-5.229778960347175598e-02,6.200990676879882812e-01,3.529896438121795654e-01,2.525630891323089600e-01,1.894645392894744873e-01,-2.702921330928802490e-01,-4.238829389214515686e-02,-7.089433073997497559e-02,1.115261912345886230e-01,1.716990582644939423e-02,-7.382741570472717285e-02,-9.662915021181106567e-03,3.084338828921318054e-02
-1.761417388916015625e-01,3.228225708007812500e-01,4.313293471932411194e-02,-9.466978162527084351e-02,4.727205634117126465e-02,2.240305244922637939e-01,1.137787997722625732e-01,4.806879758834838867e-01,1.970389336347579956e-01,2.280089855194091797e-01,4.557218253612518311e-01,4.577944874763488770e-01,2.816676199436187744e-01,2.810159921646118164e-01,9.999997019767761230e-01,4.658059179782867432e-01,4.214814677834510803e-02,1.605140417814254761e-01,7.099991291761398315e-02,8.752144873142242432e-02,1.071433499455451965e-01,-2.193491011857986450e-01,1.788824200630187988e-01,-4.043705016374588013e-02,-1.014546975493431091e-01,2.538599371910095215e-01,1.345192790031433105e-01,-2.096157371997833252e-01,-1.226172670722007751e-01,-1.753522157669067383e-01,-1.624961495399475098e-01,-3.507703840732574463e-01,3.152973204851150513e-02,6.068573594093322754e-01,3.606832921504974365e-01,7.172709703445434570e-02,2.284708321094512939e-01,5.554563403129577637e-01,2.909282147884368896e-01,1.580737680196762085e-01,9.293971210718154907e-02,2.315601557493209839e-01,1.940087825059890747e-01,3.822607696056365967e-01,2.405245453119277954e-01,1.979633271694183350e-01,-1.030813902616500854e-01,-3.938712477684020996e-01
-2.129416167736053467e-01,1.918741166591644287e-01,-1.267343759536743164e-01,4.445532336831092834e-02,2.594021148979663849e-02,1.227739006280899048e-01,9.151338785886764526e-02,5.072100833058357239e-02,1.111252829432487488e-01,2.555314004421234131e-01,1.463350206613540649e-01,3.409711420536041260e-01,5.121707916259765625e-01,1.900068521499633789e-01,4.658059179782867432e-01,9.999997019767761230e-01,-2.720518037676811218e-02,1.752738356590270996e-01,1.646995842456817627e-01,3.363370299339294434e-01,3.888992667198181152e-01,2.714480161666870117e-01,3.488009274005889893e-01,7.949075102806091309e-02,-6.009043753147125244e-02,6.133478134870529175e-02,-4.158492386341094971e-02,-2.557846009731292725e-01,-1.763901412487030029e-01,-4.979559779167175293e-02,2.038683742284774780e-02,-2.497148811817169189e-01,-1.450007110834121704e-01,1.921895444393157959e-01,3.395657837390899658e-01,1.887562423944473267e-01,1.171394586563110352e-01,3.909118175506591797e-01,4.548166394233703613e-01,3.017685711383819580e-01,9.213141351938247681e-02,2.472430467605590820e-01,1.540225595235824585e-01,2.843799591064453125e-01,2.291257530450820923e-01,2.336662113666534424e-01,1.231462601572275162e-02,-1.491446197032928467e-01
-9.337846934795379639e-02,-3.693215257953852415e-04,3.154954910278320312e-01,2.459448575973510742e-01,-3.176115080714225769e-02,1.995690464973449707e-01,7.032857537269592285e-01,9.314520284533500671e-03,-7.932738959789276123e-02,1.821981556713581085e-02,-8.805186487734317780e-03,-1.723909564316272736e-02,-1.368141174316406250e-01,2.269637286663055420e-01,4.214814677834510803e-02,-2.720518037676811218e-02,1.000000357627868652e+00,6.523052453994750977e-01,5.090706944465637207e-01,4.514149129390716553e-01,3.055738508701324463e-01,2.572545409202575684e-01,-7.577040791511535645e-02,1.567347198724746704e-01,-7.136295549571514130e-03,3.609857261180877686e-01,-9.067648649215698242e-02,-1.007301136851310730e-01,-1.675599515438079834e-01,6.976456195116043091e-02,2.032889872789382935e-01,1.204439550638198853e-01,-9.456562250852584839e-02,1.674771457910537720e-01,-3.486457467079162598e-02,-5.577996373176574707e-03,1.645104289054870605e-01,1.149160414934158325e-01,1.031326651573181152e-01,5.752067640423774719e-02,-9.739458328112959862e-04,1.778864562511444092e-01,3.309727907180786133e-01,1.285518892109394073e-02,3.000228665769100189e-02,1.405185610055923462e-01,1.350870449095964432e-02,1.064832210540771484e-01
-2.077321857213973999e-01,8.572861552238464355e-02,1.893662810325622559e-01,5.510517954826354980e-02,-1.064908951520919800e-01,1.403002738952636719e-01,6.585472226142883301e-01,-8.772810548543930054e-02,-1.072002425789833069e-01,4.731747508049011230e-02,-4.530924931168556213e-02,-6.714840233325958252e-02,-4.910847172141075134e-02,1.641988605260848999e-01,1.605140417814254761e-01,1.752738356590270996e-01,6.523052453994750977e-01,9.999998211860656738e-01,6.389703750610351562e-01,6.204780340194702148e-01,3.730046749114990234e-01,3.267915248870849609e-01,1.331738084554672241e-01,2.355751395225524902e-01,-9.821815788745880127e-02,3.428136110305786133e-01,-1.329482644796371460e-01,-2.367556244134902954e-01,-2.121932059526443481e-01,-1.512015890330076218e-02,2.452555894851684570e-01,8.731578290462493896e-02,-2.277623862028121948e-01,9.863351285457611084e-02,6.273675709962844849e-02,9.018802642822265625e-02,9.720671921968460083e-02,1.471390277147293091e-01,2.134674191474914551e-01,1.340763568878173828e-01,2.546718344092369080e-02,2.799751758575439453e-01,4.552042186260223389e-01,1.585911028087139130e-02,1.752272993326187134e-01,2.344722002744674683e-01,1.040699109435081482e-01,-2.059009711956605315e-04
-2.015672624111175537e-01,1.657468825578689575e-01,5.611556395888328552e-02,1.158168837428092957e-01,-1.863849163055419922e-01,3.328158557415008545e-01,7.129055857658386230e-01,-2.352081388235092163e-01,-2.320011854171752930e-01,8.916595578193664551e-02,-2.867761850357055664e-01,-1.457183063030242920e-01,-7.510094344615936279e-02,5.893450696021318436e-03,7.099991291761398315e-02,1.646995842456817627e-01,5.090706944465637207e-01,6.389703750610351562e-01,1.000000715255737305e+00,8.008261919021606445e-01,4.871666431427001953e-01,2.177090942859649658e-01,-3.564495220780372620e-02,1.939112395048141479e-01,-1.475876569747924805e-01,4.057908654212951660e-01,-1.768212169408798218e-01,-1.883031576871871948e-01,-7.914296537637710571e-02,1.538299471139907837e-01,2.397745847702026367e-01,1.460210680961608887e-01,-2.336114197969436646e-01,1.758490316569805145e-02,-1.043612230569124222e-02,1.412030309438705444e-01,-4.439097829163074493e-03,1.651471294462680817e-02,1.052117422223091125e-01,-3.210950270295143127e-02,1.946192383766174316e-01,4.616714715957641602e-01,6.211019158363342285e-01,1.806410029530525208e-02,2.527447938919067383e-01,3.150717318058013916e-01,5.228419229388237000e-02,-2.326313965022563934e-02
-1.670319288969039917e-01,1.399489492177963257e-01,1.223148331046104431e-01,2.543917894363403320e-01,-1.081514656543731689e-01,3.907637596130371094e-01,6.722370982170104980e-01,-2.357233017683029175e-01,-2.732353508472442627e-01,1.303753852844238281e-01,-3.335694670677185059e-01,-1.126616746187210083e-01,5.854372680187225342e-02,-1.739900186657905579e-02,8.752144873142242432e-02,3.363370299339294434e-01,4.514149129390716553e-01,6.204780340194702148e-01,8.008261919021606445e-01,1.000000000000000000e+00,6.532260775566101074e-01,3.644526302814483643e-01,3.738094866275787354e-02,2.063571512699127197e-01,-9.435562044382095337e-02,3.876131176948547363e-01,-1.905817538499832153e-01,-1.751636117696762085e-01,-8.802635967731475830e-02,1.216976568102836609e-01,2.178934961557388306e-01,1.025697141885757446e-01,-2.372157573699951172e-01,-1.337444595992565155e-02,1.916459412313997746e-03,1.456260681152343750e-01,1.060946658253669739e-02,4.591415449976921082e-02,1.378788799047470093e-01,6.153849884867668152e-03,2.518433928489685059e-01,4.128756821155548096e-01,5.586832761764526367e-01,1.318884920328855515e-02,2.027477771043777466e-01,3.336443603038787842e-01,6.711360812187194824e-02,-5.497317179106175900e-04
-1.393092870712280273e-01,6.689172238111495972e-02,3.028595149517059326e-01,3.875074982643127441e-01,3.459069877862930298e-02,3.757489323616027832e-01,3.987718522548675537e-01,-1.900223344564437866e-01,-1.493142098188400269e-01,2.536671161651611328e-01,-2.091314047574996948e-01,1.945221871137619019e-01,3.712071180343627930e-01,-3.716445714235305786e-02,1.071433499455451965e-01,3.888992667198181152e-01,3.055738508701324463e-01,3.730046749114990234e-01,4.871666431427001953e-01,6.532260775566101074e-01,1.000000357627868652e+00,5.069097876548767090e-01,1.149682551622390747e-01,1.102116629481315613e-01,-6.467662751674652100e-02,2.288058549165725708e-01,-2.051570266485214233e-01,-1.105764731764793396e-01,-1.375706195831298828e-01,2.358213812112808228e-01,3.993332684040069580e-01,1.351190209388732910e-01,-2.155046761035919189e-01,-4.844511393457651138e-03,-3.115709125995635986e-02,1.101131215691566467e-01,3.721069777384400368e-03,1.140254200436174870e-03,9.777349978685379028e-02,-1.585096493363380432e-02,2.233706414699554443e-01,2.019423544406890869e-01,3.857711553573608398e-01,3.378921002149581909e-02,1.272400021553039551e-01,1.946363002061843872e-01,9.832061827182769775e-02,4.147175699472427368e-02
3.549041971564292908e-02,-3.493025600910186768e-01,2.112833708524703979e-01,4.043861925601959229e-01,1.062026619911193848e-02,-1.811476945877075195e-01,1.394842714071273804e-01,-2.423320710659027100e-01,-1.381156891584396362e-01,-3.155306354165077209e-02,-4.941922426223754883e-02,7.954952865839004517e-02,1.496216356754302979e-01,9.601032733917236328e-02,-2.193491011857986450e-01,2.714480161666870117e-01,2.572545409202575684e-01,3.267915248870849609e-01,2.177090942859649658e-01,3.644526302814483643e-01,5.069097876548767090e-01,9.999997019767761230e-01,7.904267311096191406e-02,1.052039638161659241e-01,2.147442102432250977e-01,-2.108012437820434570e-01,-1.304305940866470337e-01,1.128483284264802933e-02,-1.376386731863021851e-01,1.591639965772628784e-01,4.611386358737945557e-01,2.640913426876068115e-01,-1.647363156080245972e-01,-2.017317712306976318e-01,-1.840671598911285400e-01,-1.794568146578967571e-03,-6.387582980096340179e-03,-2.736822888255119324e-02,2.356527186930179596e-02,-9.538399986922740936e-03,-4.067162796854972839e-02,-2.033310532569885254e-01,-3.775310516357421875e-02,-2.558462321758270264e-01,-1.727732121944427490e-01,-1.246333420276641846e-01,9.928897768259048462e-02,2.396458089351654053e-01
4.211566969752311707e-02,3.626491725444793701e-01,-1.299660187214612961e-02,-2.224659621715545654e-01,1.981012076139450073e-01,9.848920255899429321e-02,-4.633865784853696823e-03,7.979747653007507324e-02,2.874188423156738281e-01,3.738525211811065674e-01,2.185961902141571045e-01,2.622003555297851562e-01,4.643219411373138428e-01,6.123739108443260193e-02,1.788824200630187988e-01,3.488009274005889893e-01,-7.577040791511535645e-02,1.331738084554672241e-01,-3.564495220780372620e-02,3.738094866275787354e-02,1.149682551622390747e-01,7.904267311096191406e-02,9.999997019767761230e-01,3.623584806919097900e-01,1.399630159139633179e-01,-1.971835503354668617e-03,1.863847821950912476e-01,7.516562193632125854e-02,1.220180988311767578e-01,1.348653286695480347e-01,1.184322237968444824e-01,6.268214434385299683e-02,1.140881478786468506e-01,-5.079592391848564148e-02,2.756084501743316650e-01,3.973131179809570312e-01,3.996176645159721375e-02,1.961947083473205566e-01,4.728363752365112305e-01,6.830016374588012695e-01,1.442588269710540771e-01,2.813804745674133301e-01,1.633891612291336060e-01,3.080940842628479004e-01,4.206302762031555176e-01,3.509954810142517090e-01,3.281985223293304443e-01,1.652452200651168823e-01
-1.958896070718765259e-01,2.606087327003479004e-01,-1.331667006015777588e-01,-1.138537600636482239e-01,-7.582003623247146606e-02,1.160528212785720825e-01,2.545677721500396729e-01,-1.019464284181594849e-01,1.041045114398002625e-01,1.041909977793693542e-01,-2.583154849708080292e-02,-8.071924746036529541e-02,4.096929728984832764e-02,8.245399594306945801e-02,-4.043705016374588013e-02,7.949075102806091309e-02,1.567347198724746704e-01,2.355751395225524902e-01,1.939112395048141479e-01,2.063571512699127197e-01,1.102116629481315613e-01,1.052039638161659241e-01,3.623584806919097900e-01,1.000000238418579102e+00,-6.230196356773376465e-02,4.321254417300224304e-02,-7.647424936294555664e-02,-2.057975679636001587e-01,-1.301793456077575684e-01,1.649927049875259399e-01,2.955982089042663574e-01,5.628828406333923340e-01,-1.555463820695877075e-01,-6.255237758159637451e-02,3.104244172573089600e-01,6.883255839347839355e-01,1.503991987556219101e-02,1.480200886726379395e-01,4.517616033554077148e-01,4.087163209915161133e-01,5.550640821456909180e-02,3.199242055416107178e-01,2.095928043127059937e-01,2.029170393943786621e-01,3.862026333808898926e-01,2.995321750640869141e-01,7.376047968864440918e-01,2.915821373462677002e-01
6.642806529998779297e-01,-1.446119695901870728e-01,1.258269101381301880e-01,9.769055247306823730e-02,4.126445651054382324e-01,-5.144584923982620239e-02,-1.491402387619018555e-01,1.990547925233840942e-01,-2.246454358100891113e-01,-4.921249300241470337e-02,1.812342107295989990e-01,9.082908183336257935e-02,-3.149056434631347656e-02,2.670941054821014404e-01,-1.014546975493431091e-01,-6.009043753147125244e-02,-7.136295549571514130e-03,-9.821815788745880127e-02,-1.475876569747924805e-01,-9.435562044382095337e-02,-6.467662751674652100e-02,2.147442102432250977e-01,1.399630159139633179e-01,-6.230196356773376465e-02,1.000000715255737305e+00,-2.864173352718353271e-01,5.657464265823364258e-01,6.081200838088989258e-01,4.449720084667205811e-01,1.040864586830139160e-01,-8.525612205266952515e-02,6.804247200489044189e-02,5.804506540298461914e-01,-1.167113780975341797e-01,-4.183750450611114502e-01,-1.166027635335922241e-01,3.028637170791625977e-01,-1.489355713129043579e-01,-2.649983763694763184e-01,5.285171046853065491e-02,2.556459307670593262e-01,-2.563412189483642578e-01,-2.078800946474075317e-01,-3.841930329799652100e-01,-1.897933930158615112e-01,-2.083272337913513184e-01,-3.278727084398269653e-02,2.528066933155059814e-01
-1.539218872785568237e-01,3.527709841728210449e-01,1.878785938024520874e-01,1.070109754800796509e-01,-4.228501021862030029e-02,5.152741670608520508e-01,5.995972156524658203e-01,5.005071870982646942e-03,-6.674514710903167725e-02,1.236848682165145874e-01,-1.944049298763275146e-01,-1.154273226857185364e-01,4.250948503613471985e-02,-4.980462044477462769e-02,2.538599371910095215e-01,6.133478134870529175e-02,3.609857261180877686e-01,3.428136110305786133e-01,4.057908654212951660e-01,3.876131176948547363e-01,2.288058549165725708e-01,-2.108012437820434570e-01,-1.971835503354668617e-03,4.321254417300224304e-02,-2.864173352718353271e-01,1.000000119209289551e+00,-9.383814036846160889e-02,-1.211203336715698242e-01,8.238794654607772827e-02,1.153715141117572784e-02,-6.450047343969345093e-02,-4.876514151692390442e-02,-7.430631667375564575e-02,1.474971771240234375e-01,5.216756090521812439e-02,7.816477119922637939e-02,-3.216023743152618408e-02,4.555926099419593811e-02,3.618953377008438110e-02,-2.440735697746276855e-02,2.701070606708526611e-01,4.914624392986297607e-01,4.774610400199890137e-01,1.725137978792190552e-01,2.763713896274566650e-01,3.952838182449340820e-01,-3.087860532104969025e-02,-1.717907488346099854e-01
6.372464299201965332e-01,2.451765835285186768e-01,1.825002580881118774e-01,6.063633784651756287e-02,5.577221512794494629e-01,1.698114871978759766e-01,-1.520136445760726929e-01,4.786253571510314941e-01,1.143198832869529724e-01,1.525945067405700684e-01,3.186865746974945068e-01,1.975155472755432129e-01,8.550816774368286133e-02,1.770398020744323730e-01,1.345192790031433105e-01,-4.158492386341094971e-02,-9.067648649215698242e-02,-1.329482644796371460e-01,-1.768212169408798218e-01,-1.905817538499832153e-01,-2.051570266485214233e-01,-1.304305940866470337e-01,1.863847821950912476e-01,-7.647424936294555664e-02,5.657464265823364258e-01,-9.383814036846160889e-02,1.000000357627868652e+00,6.304945349693298340e-01,5.694717168807983398e-01,7.609914988279342651e-02,-1.586659997701644897e-01,-1.161148622632026672e-01,6.876736879348754883e-01,3.378345863893628120e-03,-1.260969936847686768e-01,-5.391017720103263855e-02,2.356092780828475952e-01,-4.099117591977119446e-02,-1.745829731225967407e-01,1.086510792374610901e-01,3.557124435901641846e-01,-5.616149865090847015e-03,-9.573351591825485229e-02,-7.410571724176406860e-02,3.965751454234123230e-02,-3.111024573445320129e-02,-4.091798886656761169e-02,-6.458888202905654907e-02
8.687530159950256348e-01,8.132128417491912842e-02,3.461596667766571045e-01,3.221091032028198242e-01,6.428304910659790039e-01,1.604252606630325317e-01,-1.619377434253692627e-01,1.912817806005477905e-01,-1.348450183868408203e-01,2.886579371988773346e-02,-1.801196299493312836e-02,5.182363465428352356e-02,-6.821427494287490845e-03,-1.421898454427719116e-01,-2.096157371997833252e-01,-2.557846009731292725e-01,-1.007301136851310730e-01,-2.367556244134902954e-01,-1.883031576871871948e-01,-1.751636117696762085e-01,-1.105764731764793396e-01,1.128483284264802933e-02,7.516562193632125854e-02,-2.057975679636001587e-01,6.081200838088989258e-01,-1.211203336715698242e-01,6.304945349693298340e-01,1.000000357627868652e+00,7.961436510086059570e-01,2.259441316127777100e-01,-1.565856784582138062e-01,4.621344618499279022e-03,7.438687086105346680e-01,-3.186487555503845215e-01,-4.960587322711944580e-01,-2.035468816757202148e-01,2.948855422437191010e-02,-3.497440516948699951e-01,-4.843802452087402344e-01,-8.594375103712081909e-02,5.459536314010620117e-01,-1.394181251525878906e-01,-1.438623368740081787e-01,-3.778561651706695557e-01,-1.009497568011283875e-01,-1.269341707229614258e-01,-1.258471757173538208e-01,5.287283658981323242e-02
7.242726683616638184e-01,2.809416651725769043e-01,1.596542000770568848e-01,1.937515139579772949e-01,4.977069497108459473e-01,2.041554152965545654e-01,-1.134117916226387024e-01,1.286835521459579468e-01,-1.135501638054847717e-01,7.395947724580764771e-02,-1.119475886225700378e-01,-4.974135011434555054e-02,3.534739464521408081e-02,-2.003459632396697998e-01,-1.226172670722007751e-01,-1.763901412487030029e-01,-1.675599515438079834e-01,-2.121932059526443481e-01,-7.914296537637710571e-02,-8.802635967731475830e-02,-1.375706195831298828e-01,-1.376386731863021851e-01,1.220180988311767578e-01,-1.301793456077575684e-01,4.449720084667205811e-01,8.238794654607772827e-02,5.694717168807983398e-01,7.961436510086059570e-01,1.000000238418579102e+00,2.962386012077331543e-01,-2.115931063890457153e-01,-1.116292271763086319e-02,6.305946707725524902e-01,-2.802607715129852295e-01,-3.935126960277557373e-01,-9.273674339056015015e-02,-8.900983375497162342e-04,-3.549195528030395508e-01,-4.240251481533050537e-01,-6.104131042957305908e-02,6.059725284576416016e-01,1.417497843503952026e-01,3.506980091333389282e-02,-2.191113978624343872e-01,1.094599291682243347e-01,1.091030538082122803e-01,-8.406284451484680176e-02,-3.681050613522529602e-03
9.483302384614944458e-02,1.347236633300781250e-01,-1.000071316957473755e-02,6.478572636842727661e-02,2.054370753467082977e-02,7.834202051162719727e-02,2.974653244018554688e-02,-2.576503157615661621e-01,-2.924231626093387604e-02,2.260527312755584717e-01,-1.847792565822601318e-01,4.920496419072151184e-02,2.571672797203063965e-01,-8.616431802511215210e-02,-1.753522157669067383e-01,-4.979559779167175293e-02,6.976456195116043091e-02,-1.512015890330076218e-02,1.538299471139907837e-01,1.216976568102836609e-01,2.358213812112808228e-01,1.591639965772628784e-01,1.348653286695480347e-01,1.649927049875259399e-01,1.040864586830139160e-01,1.153715141117572784e-02,7.609914988279342651e-02,2.259441316127777100e-01,2.962386012077331543e-01,1.000000119209289551e+00,4.739799797534942627e-01,4.450678527355194092e-01,3.449822589755058289e-02,-2.169476449489593506e-01,-9.264050424098968506e-02,1.986979842185974121e-01,-4.517592489719390869e-02,-2.941699922084808350e-01,-1.071718409657478333e-01,-7.884819991886615753e-03,2.167331427335739136e-01,2.408291548490524292e-01,2.950848937034606934e-01,-1.892047002911567688e-02,2.696223556995391846e-01,2.399778366088867188e-01,2.291191816329956055e-01,1.538103222846984863e-01
-2.656081914901733398e-01,-2.355914004147052765e-02,1.838041692972183228e-01,5.884980782866477966e-02,-2.004878968000411987e-01,-4.439986776560544968e-03,1.363981813192367554e-01,-1.972786337137222290e-01,1.804461330175399780e-01,1.637533158063888550e-01,2.420753054320812225e-02,7.885684072971343994e-02,1.999444961547851562e-01,1.582117825746536255e-01,-1.624961495399475098e-01,2.038683742284774780e-02,2.032889872789382935e-01,2.452555894851684570e-01,2.397745847702026367e-01,2.178934961557388306e-01,3.993332684040069580e-01,4.611386358737945557e-01,1.184322237968444824e-01,2.955982089042663574e-01,-8.525612205266952515e-02,-6.450047343969345093e-02,-1.586659997701644897e-01,-1.565856784582138062e-01,-2.115931063890457153e-01,4.739799797534942627e-01,1.000000119209289551e+00,4.796938896179199219e-01,-3.477658331394195557e-01,-1.094905938953161240e-02,1.846624165773391724e-01,2.243203818798065186e-01,4.132556915283203125e-02,-4.966110363602638245e-02,1.665962934494018555e-01,6.010439619421958923e-02,-1.749516576528549194e-01,9.496846050024032593e-02,1.982766091823577881e-01,1.166938319802284241e-01,1.444135159254074097e-01,7.618357241153717041e-02,3.798414468765258789e-01,1.006074696779251099e-01
-1.749245263636112213e-02,-3.363883122801780701e-02,-1.076071858406066895e-01,1.278261840343475342e-02,-9.457199275493621826e-02,-5.436561536043882370e-03,1.515391021966934204e-01,-3.373056650161743164e-01,-1.082129701972007751e-01,-8.698603510856628418e-02,-2.360028177499771118e-01,-2.232784181833267212e-01,-1.234356611967086792e-01,-9.031018614768981934e-02,-3.507703840732574463e-01,-2.497148811817169189e-01,1.204439550638198853e-01,8.731578290462493896e-02,1.460210680961608887e-01,1.025697141885757446e-01,1.351190209388732910e-01,2.640913426876068115e-01,6.268214434385299683e-02,5.628828406333923340e-01,6.804247200489044189e-02,-4.876514151692390442e-02,-1.161148622632026672e-01,4.621344618499279022e-03,-1.116292271763086319e-02,4.450678527355194092e-01,4.796938896179199219e-01,1.000000119209289551e+00,-1.094962880015373230e-01,-2.552699744701385498e-01,-7.477138936519622803e-02,4.874405562877655029e-01,-1.112080365419387817e-01,-2.001802176237106323e-01,5.743488669395446777e-02,4.089998453855514526e-02,4.745589196681976318e-02,2.169061824679374695e-02,1.642785966396331787e-01,-1.374597102403640747e-01,8.166895806789398193e-02,5.190102010965347290e-02,6.407388448715209961e-01,3.650031387805938721e-01
