1.000000119209289551e+00,2.785180211067199707e-01,2.075639180839061737e-02,1.055287569761276245e-01,4.682978987693786621e-01,2.186148017644882202e-01,8.156608790159225464e-02,4.823107421398162842e-01,9.147273749113082886e-02,-3.243890032172203064e-02,1.548816114664077759e-01,9.614140540361404419e-02,1.350238025188446045e-01,1.975462138652801514e-01,8.584470488131046295e-03,3.678404092788696289e-01,2.869466543197631836e-01,1.389635205268859863e-01,3.207754194736480713e-01,3.242121636867523193e-01,2.377103716135025024e-01,-1.054201647639274597e-01,9.727701544761657715e-02,-1.469691246747970581e-01,4.862306714057922363e-01,7.709686458110809326e-02,3.789376020431518555e-01,5.392000675201416016e-01,1.237672492861747742e-01,-9.490914642810821533e-02,-6.190586462616920471e-02,-7.087600976228713989e-02,5.627909898757934570e-01,1.139243021607398987e-01,-3.180618286132812500e-01,-1.504982411861419678e-01,2.994056046009063721e-01,-8.831612020730972290e-02,2.101634591817855835e-01,4.200507700443267822e-02,5.131087303161621094e-01,1.000445187091827393e-01,1.024342775344848633e-01,1.614772975444793701e-01,-1.144130006432533264e-01,5.062695220112800598e-02,-9.530014544725418091e-02,-4.817977175116539001e-02
2.785180211067199707e-01,1.000000715255737305e+00,-1.046354696154594421e-01,9.173668920993804932e-02,1.330720335245132446e-01,4.566416144371032715e-01,3.141173124313354492e-01,1.488146483898162842e-01,4.328614771366119385e-01,4.108818471431732178e-01,2.070604413747787476e-01,5.491048693656921387e-01,3.882905840873718262e-01,-2.260455861687660217e-02,3.540388345718383789e-01,3.734151124954223633e-01,2.052716612815856934e-01,1.786593943834304810e-01,2.116534858942031860e-01,3.777582049369812012e-01,3.306163549423217773e-01,-5.126717314124107361e-02,3.009541705250740051e-02,6.853194534778594971e-02,-1.125753149390220642e-01,2.671342156827449799e-02,3.535898327827453613e-01,1.086850166320800781e-01,-1.180053129792213440e-01,9.612386673688888550e-02,2.216048538684844971e-01,-1.008681114763021469e-02,3.473034203052520752e-01,3.303645253181457520e-01,2.294479496777057648e-02,8.322516083717346191e-02,-1.330397371202707291e-02,3.240762650966644287e-01,2.692938446998596191e-01,8.830005675554275513e-02,5.986534953117370605e-01,5.911123156547546387e-01,1.047803834080696106e-01,6.563062071800231934e-01,3.149144053459167480e-01,3.198840618133544922e-01,7.634254544973373413e-02,-4.586998373270034790e-02
2.075639180839061737e-02,-1.046354696154594421e-01,9.999999403953552246e-01,2.782526016235351562e-01,9.767621755599975586e-02,1.281239986419677734e-01,1.642425954341888428e-01,-7.364898175001144409e-02,-8.773286826908588409e-03,3.377196565270423889e-02,-6.089932471513748169e-02,8.763541700318455696e-04,1.495345979928970337e-01,5.010480806231498718e-02,-4.826345946639776230e-03,1.001387238502502441e-01,1.581238657236099243e-01,-3.427510708570480347e-02,1.537660360336303711e-01,1.323002278804779053e-01,1.070963218808174133e-01,1.127040982246398926e-01,1.613044738769531250e-01,-4.387556016445159912e-02,7.527129724621772766e-03,2.973748147487640381e-01,-8.506653457880020142e-02,2.349215149879455566e-01,2.969792857766151428e-02,-2.455733530223369598e-02,-4.207343608140945435e-02,-8.719961345195770264e-02,-1.265535801649093628e-01,-2.179093807935714722e-01,-6.449979543685913086e-02,-1.584451459348201752e-02,-5.790363997220993042e-02,-7.161429524421691895e-02,-7.536111027002334595e-02,8.380492776632308960e-02,5.176009610295295715e-02,9.523118287324905396e-02,1.711912751197814941e-01,-8.696269989013671875e-02,3.911894559860229492e-02,1.736419945955276489e-01,-9.089598059654235840e-02,-3.945300355553627014e-02
1.055287569761276245e-01,9.173668920993804932e-02,2.782526016235351562e-01,9.999997615814208984e-01,3.492320477962493896e-01,4.134695827960968018e-01,3.886633813381195068e-01,-2.755450829863548279e-02,8.712755888700485229e-02,1.048779040575027466e-01,-7.793170958757400513e-02,3.699950641021132469e-03,2.725238800048828125e-01,-8.975432068109512329e-02,-5.086171440780162811e-04,2.283976525068283081e-01,3.139070868492126465e-01,9.338647872209548950e-02,2.382527440786361694e-01,4.056420624256134033e-01,1.842707842588424683e-01,2.167168110609054565e-01,2.698602974414825439e-01,1.254412680864334106e-01,1.592866927385330200e-01,1.162795722484588623e-01,1.935113817453384399e-01,3.554402589797973633e-01,2.825462818145751953e-01,1.737346947193145752e-01,2.562072575092315674e-01,1.028080284595489502e-01,5.667518451809883118e-02,-1.298758387565612793e-01,4.779133945703506470e-02,6.863402575254440308e-02,-5.650584772229194641e-02,6.152798607945442200e-02,1.148484274744987488e-01,9.848241508007049561e-02,2.238541841506958008e-01,1.756161004304885864e-01,4.875596165657043457e-01,1.250531524419784546e-01,8.932600915431976318e-02,2.915007174015045166e-01,1.410979479551315308e-01,1.478735953569412231e-01
4.682978987693786621e-01,1.330720335245132446e-01,9.767621755599975586e-02,3.492320477962493896e-01,9.999999403953552246e-01,2.160481959581375122e-01,1.115965396165847778e-01,2.074788957834243774e-01,3.249548748135566711e-02,5.626276135444641113e-02,7.137496024370193481e-02,-3.951841965317726135e-02,1.567861139774322510e-01,-1.089294906705617905e-02,-8.772721141576766968e-02,2.529463469982147217e-01,3.309656083583831787e-01,7.597909122705459595e-02,3.189342916011810303e-01,3.592115044593811035e-01,2.057861387729644775e-01,9.696960449218750000e-02,3.177491724491119385e-01,-1.452826410531997681e-01,4.694385826587677002e-01,9.951356798410415649e-02,1.568880528211593628e-01,5.085799098014831543e-01,2.064947634935379028e-01,-1.287545636296272278e-02,-4.514007270336151123e-02,-2.898592688143253326e-02,2.614090740680694580e-01,8.790562860667705536e-03,-1.505126357078552246e-01,-1.505056321620941162e-01,8.975600451231002808e-02,9.023798629641532898e-03,2.299691438674926758e-01,1.503100842237472534e-01,3.180584907531738281e-01,9.504362940788269043e-02,3.792171180248260498e-01,1.121496483683586121e-01,6.146427243947982788e-02,2.141283303499221802e-01,-8.900163322687149048e-02,3.388071432709693909e-02
2.186148017644882202e-01,4.566416144371032715e-01,1.281239986419677734e-01,4.134695827960968018e-01,2.160481959581375122e-01,1.000000357627868652e+00,4.211947321891784668e-01,-1.171241179108619690e-01,1.329568326473236084e-01,1.649671494960784912e-01,-1.297310143709182739e-01,2.832979857921600342e-01,3.919602334499359131e-01,-2.522234320640563965e-01,1.684512495994567871e-01,6.221335530281066895e-01,1.881286799907684326e-01,2.697564661502838135e-01,1.428592652082443237e-01,3.445282876491546631e-01,3.142785429954528809e-01,-4.315697588026523590e-03,-3.055294603109359741e-02,2.657392621040344238e-01,-9.357437491416931152e-02,2.665317989885807037e-02,4.816445410251617432e-01,1.388428658246994019e-01,2.194866538047790527e-01,1.822196543216705322e-01,3.288727104663848877e-01,1.523049920797348022e-01,2.448866069316864014e-01,5.660818517208099365e-02,2.544598653912544250e-02,6.280916929244995117e-02,-2.064104378223419189e-01,8.041378110647201538e-02,-2.085908129811286926e-02,-1.567743718624114990e-02,5.582557320594787598e-01,4.120677709579467773e-01,2.763143181800842285e-01,2.965745627880096436e-01,2.007439136505126953e-01,2.168412804603576660e-01,2.885807454586029053e-01,-1.121145486831665039e-02
8.156608790159225464e-02,3.141173124313354492e-01,1.642425954341888428e-01,3.886633813381195068e-01,1.115965396165847778e-01,4.211947321891784668e-01,1.000000357627868652e+00,-3.269561752676963806e-02,9.540990740060806274e-02,3.393766656517982483e-02,-1.359544843435287476e-01,7.945270091295242310e-02,7.476922124624252319e-02,-8.409491181373596191e-02,-6.672556698322296143e-02,2.537907660007476807e-01,6.447889208793640137e-01,4.505766332149505615e-01,3.470708429813385010e-01,2.856842875480651855e-01,2.351792007684707642e-01,1.514954864978790283e-01,-7.654391974210739136e-02,3.382964134216308594e-01,-1.327517926692962646e-01,1.361984014511108398e-01,2.427251338958740234e-01,5.362270399928092957e-02,-2.757511474192142487e-02,8.944760262966156006e-02,4.867648482322692871e-01,3.500430881977081299e-01,8.930661529302597046e-02,6.275717169046401978e-02,-2.865337021648883820e-02,1.528633981943130493e-01,-2.211549505591392517e-02,-4.835674189962446690e-04,2.972446195781230927e-02,1.231254935264587402e-01,3.799590468406677246e-01,1.563716977834701538e-01,1.811401098966598511e-01,2.097132802009582520e-01,-1.652014814317226410e-02,3.385945037007331848e-02,3.322810530662536621e-01,1.832344979047775269e-01
4.823107421398162842e-01,1.488146483898162842e-01,-7.364898175001144409e-02,-2.755450829863548279e-02,2.074788957834243774e-01,-1.171241179108619690e-01,-3.269561752676963806e-02,9.999997615814208984e-01,1.812328845262527466e-01,5.762628838419914246e-02,5.187479257583618164e-01,1.794581711292266846e-01,8.767321705818176270e-02,6.085160970687866211e-01,2.282057255506515503e-01,1.641285121440887451e-01,2.536317706108093262e-01,5.651159957051277161e-02,2.659481465816497803e-01,2.946070134639739990e-01,2.240690141916275024e-01,-1.709168963134288788e-02,2.822005748748779297e-01,-3.036784827709197998e-01,6.138156056404113770e-01,6.525301933288574219e-02,2.653637826442718506e-01,1.545471847057342529e-01,-1.223342195153236389e-01,-1.468203812837600708e-01,-1.741552799940109253e-01,-1.898336261510848999e-01,5.770580768585205078e-01,2.267305403947830200e-01,-2.024520635604858398e-01,-1.071301102638244629e-01,6.909787654876708984e-01,9.625454992055892944e-02,2.105599641799926758e-01,8.247800916433334351e-02,1.739157140254974365e-01,4.181019589304924011e-02,1.178187355399131775e-01,1.745361089706420898e-01,7.390481187030673027e-04,8.347466588020324707e-02,-2.768092155456542969e-01,-6.131489947438240051e-02
9.147273749113082886e-02,4.328614771366119385e-01,-8.773286826908588409e-03,8.712755888700485229e-02,3.249548748135566711e-02,1.329568326473236084e-01,9.540990740060806274e-02,1.812328845262527466e-01,9.999999403953552246e-01,6.594547033309936523e-01,5.769036412239074707e-01,6.661332845687866211e-01,5.184518694877624512e-01,1.956852674484252930e-01,6.609240174293518066e-01,1.531153768301010132e-01,3.243036568164825439e-02,-1.077397093176841736e-01,4.005845263600349426e-02,2.112112194299697876e-01,1.667183265089988708e-02,-4.123546928167343140e-02,2.996647059917449951e-01,-1.503754109144210815e-01,2.551175840198993683e-02,-8.271182328462600708e-02,-3.173074126243591309e-02,1.192196831107139587e-01,-1.134696900844573975e-01,4.485883750021457672e-03,-8.372933417558670044e-02,-3.304037153720855713e-01,5.670254677534103394e-02,1.601797193288803101e-01,9.200713038444519043e-02,9.397841244935989380e-02,8.969657123088836670e-03,5.950596332550048828e-01,2.110475748777389526e-01,1.490174680948257446e-01,2.052600383758544922e-01,5.805850625038146973e-01,2.244725674390792847e-01,6.995051503181457520e-01,4.281740188598632812e-01,5.696555972099304199e-01,-1.808832734823226929e-01,-2.174213677644729614e-01
-3.243890032172203064e-02,4.108818471431732178e-01,3.377196565270423889e-02,1.048779040575027466e-01,5.626276135444641113e-02,1.649671494960784912e-01,3.393766656517982483e-02,5.762628838419914246e-02,6.594547033309936523e-01,9.999999403953552246e-01,4.677274823188781738e-01,6.590651869773864746e-01,7.134302258491516113e-01,8.571628481149673462e-02,6.567901968955993652e-01,1.086904853582382202e-01,-2.766552567481994629e-02,-2.013578861951828003e-01,3.390778601169586182e-02,3.281556367874145508e-01,1.654807478189468384e-01,-8.738183975219726562e-02,4.068533480167388916e-01,-1.776806861162185669e-01,-6.627424061298370361e-02,-1.050248742103576660e-01,-5.509245023131370544e-02,3.893217071890830994e-02,-6.641288846731185913e-02,3.105864860117435455e-02,-1.744265109300613403e-01,-4.500663876533508301e-01,-1.168581098318099976e-02,1.823460012674331665e-01,5.922895669937133789e-02,7.140806317329406738e-02,-5.413931608200073242e-02,6.298633217811584473e-01,1.168630793690681458e-01,4.217505920678377151e-03,1.192577779293060303e-01,6.615684628486633301e-01,2.692377269268035889e-01,5.647249817848205566e-01,6.111080646514892578e-01,7.480717897415161133e-01,-2.367242425680160522e-01,-3.410017788410186768e-01
1.548816114664077759e-01,2.070604413747787476e-01,-6.089932471513748169e-02,-7.793170958757400513e-02,7.137496024370193481e-02,-1.297310143709182739e-01,-1.359544843435287476e-01,5.187479257583618164e-01,5.769036412239074707e-01,4.677274823188781738e-01,9.999995827674865723e-01,4.921449124813079834e-01,3.448349237442016602e-01,5.279040932655334473e-01,5.989219546318054199e-01,1.013975590467453003e-02,2.679023891687393188e-02,-1.907419264316558838e-01,1.288326978683471680e-01,1.879122853279113770e-01,1.993238739669322968e-02,1.315182074904441833e-02,3.660849034786224365e-01,-2.814318835735321045e-01,3.193158805370330811e-01,-6.190854590386152267e-03,-2.165971137583255768e-02,2.680850401520729065e-02,-1.539544910192489624e-01,-9.781575947999954224e-02,-2.327368408441543579e-01,-3.584114611148834229e-01,2.096817791461944580e-01,2.227667719125747681e-01,-1.138163432478904724e-01,-1.433144789189100266e-02,3.197597265243530273e-01,4.762496948242187500e-01,1.430564522743225098e-01,1.403475552797317505e-01,7.943082600831985474e-02,3.425888717174530029e-01,1.316680014133453369e-01,4.225471615791320801e-01,3.455334603786468506e-01,4.082734882831573486e-01,-2.860034704208374023e-01,-1.567596495151519775e-01
9.614140540361404419e-02,5.491048693656921387e-01,8.763541700318455696e-04,3.699950641021132469e-03,-3.951841965317726135e-02,2.832979857921600342e-01,7.945270091295242310e-02,1.794581711292266846e-01,6.661332845687866211e-01,6.590651869773864746e-01,4.921449124813079834e-01,1.000000119209289551e+00,5.361158251762390137e-01,1.320907175540924072e-01,7.038795948028564453e-01,3.470435440540313721e-01,5.900899320840835571e-02,-4.230812564492225647e-02,6.271200627088546753e-02,2.441966980695724487e-01,1.851422041654586792e-01,-4.648794978857040405e-02,2.457796037197113037e-01,-8.477725088596343994e-02,-3.730765730142593384e-02,-1.232430636882781982e-01,1.427511572837829590e-01,6.503628194332122803e-02,-1.415948867797851562e-01,-3.168725222349166870e-02,-7.244072854518890381e-02,-2.573422491550445557e-01,1.867087483406066895e-01,2.593316435813903809e-01,8.104547858238220215e-02,7.582172006368637085e-02,-2.882491797208786011e-02,5.130059719085693359e-01,2.774697840213775635e-01,1.659302115440368652e-01,2.771290242671966553e-01,5.864251852035522461e-01,1.835361719131469727e-01,7.080395221710205078e-01,4.373299181461334229e-01,5.057837367057800293e-01,-1.208854988217353821e-01,-1.987858563661575317e-01
1.350238025188446045e-01,3.882905840873718262e-01,1.495345979928970337e-01,2.725238800048828125e-01,1.567861139774322510e-01,3.919602334499359131e-01,7.476922124624252319e-02,8.767321705818176270e-02,5.184518694877624512e-01,7.134302258491516113e-01,3.448349237442016602e-01,5.361158251762390137e-01,9.999997019767761230e-01,9.148637205362319946e-02,5.504038333892822266e-01,3.828299343585968018e-01,-2.208056114614009857e-02,-1.274842172861099243e-01,6.537910550832748413e-02,4.230317771434783936e-01,2.951038777828216553e-01,-1.351248621940612793e-01,4.407634735107421875e-01,-2.021402567625045776e-01,3.140784427523612976e-02,-3.318908810615539551e-02,4.702070727944374084e-02,1.437062174081802368e-01,1.851029880344867706e-02,1.928691565990447998e-02,-1.358258724212646484e-01,-4.753817915916442871e-01,7.645124942064285278e-02,6.362351775169372559e-02,1.095055558835156262e-04,-4.366143606603145599e-03,-1.325261197052896023e-03,4.610666930675506592e-01,7.132574170827865601e-02,-6.248339638113975525e-02,2.435839474201202393e-01,6.012858748435974121e-01,3.190691173076629639e-01,4.224112629890441895e-01,4.742500483989715576e-01,6.860718131065368652e-01,-2.074404358863830566e-01,-3.400314450263977051e-01
1.975462138652801514e-01,-2.260455861687660217e-02,5.010480806231498718e-02,-8.975432068109512329e-02,-1.089294906705617905e-02,-2.522234320640563965e-01,-8.409491181373596191e-02,6.085160970687866211e-01,1.956852674484252930e-01,8.571628481149673462e-02,5.279040932655334473e-01,1.320907175540924072e-01,9.148637205362319946e-02,9.999998211860656738e-01,2.729237675666809082e-01,-6.867940723896026611e-02,8.954863995313644409e-02,-9.198204427957534790e-02,5.545224249362945557e-02,7.464197278022766113e-02,3.280769288539886475e-02,-5.227492749691009521e-02,1.471433490514755249e-01,-3.190799355506896973e-01,3.560213446617126465e-01,2.458711620420217514e-03,-9.070808440446853638e-02,-1.883780211210250854e-02,-2.188373208045959473e-01,-1.310132145881652832e-01,-2.444542497396469116e-01,-2.915329039096832275e-01,1.018957272171974182e-01,3.839790448546409607e-02,-1.777995377779006958e-01,-2.222120016813278198e-01,5.799478888511657715e-01,8.722895383834838867e-02,1.172548159956932068e-02,-1.114137917757034302e-01,-7.966293394565582275e-02,-3.680539876222610474e-02,-3.423628956079483032e-02,3.022356703877449036e-02,-8.931404352188110352e-02,6.866270303726196289e-02,-3.279854655265808105e-01,-1.406842172145843506e-01
8.584470488131046295e-03,3.540388345718383789e-01,-4.826345946639776230e-03,-5.086171440780162811e-04,-8.772721141576766968e-02,1.684512495994567871e-01,-6.672556698322296143e-02,2.282057255506515503e-01,6.609240174293518066e-01,6.567901968955993652e-01,5.989219546318054199e-01,7.038795948028564453e-01,5.504038333892822266e-01,2.729237675666809082e-01,1.000000119209289551e+00,2.332053482532501221e-01,-1.018918007612228394e-01,-1.338040828704833984e-01,-5.893146246671676636e-02,1.767761707305908203e-01,9.449915587902069092e-02,-1.062306463718414307e-01,2.753294408321380615e-01,-1.875252127647399902e-01,8.493664674460887909e-03,-1.613825708627700806e-01,5.081523582339286804e-02,-2.700561285018920898e-02,-1.238386482000350952e-01,-2.303727157413959503e-02,-1.444642394781112671e-01,-4.211709797382354736e-01,1.210745200514793396e-01,2.663410604000091553e-01,1.219748929142951965e-01,3.216335177421569824e-02,4.076766595244407654e-02,6.668446063995361328e-01,1.476333141326904297e-01,8.330778218805789948e-03,1.109254062175750732e-01,5.298883914947509766e-01,1.273265630006790161e-01,5.566459894180297852e-01,4.514838159084320068e-01,5.336788296699523926e-01,-2.307828366756439209e-01,-3.584123849868774414e-01
3.678404092788696289e-01,3.734151124954223633e-01,1.001387238502502441e-01,2.283976525068283081e-01,2.529463469982147217e-01,6.221335530281066895e-01,2.537907660007476807e-01,1.641285121440887451e-01,1.531153768301010132e-01,1.086904853582382202e-01,1.013975590467453003e-02,3.470435440540313721e-01,3.828299343585968018e-01,-6.867940723896026611e-02,2.332053482532501221e-01,1.000000357627868652e+00,2.063243985176086426e-01,2.043850868940353394e-01,2.155086696147918701e-01,2.532567977905273438e-01,2.757088840007781982e-01,-1.209248378872871399e-01,8.331908285617828369e-02,5.139676481485366821e-02,9.799475967884063721e-02,5.853858590126037598e-02,4.695276618003845215e-01,2.406746745109558105e-01,3.956616297364234924e-02,-5.084972828626632690e-02,1.275698542594909668e-01,3.101008757948875427e-02,4.075732231140136719e-01,1.540179103612899780e-01,-1.755130663514137268e-02,-1.575854234397411346e-02,5.702336505055427551e-02,9.910861402750015259e-02,1.876251846551895142e-01,1.167936250567436218e-01,5.052950382232666016e-01,2.458703219890594482e-01,1.347805112600326538e-01,2.987414300441741943e-01,8.958131819963455200e-02,1.283755749464035034e-01,1.415328234434127808e-01,-5.157371982932090759e-03
2.869466543197631836e-01,2.052716612815856934e-01,1.581238657236099243e-01,3.139070868492126465e-01,3.309656083583831787e-01,1.881286799907684326e-01,6.447889208793640137e-01,2.536317706108093262e-01,3.243036568164825439e-02,-2.766552567481994629e-02,2.679023891687393188e-02,5.900899320840835571e-02,-2.208056114614009857e-02,8.954863995313644409e-02,-1.018918007612228394e-01,2.063243985176086426e-01,1.000000000000000000e+00,5.408565998077392578e-01,5.321413874626159668e-01,4.543440639972686768e-01,2.922345101833343506e-01,1.555171012878417969e-01,6.936632841825485229e-02,1.710559576749801636e-01,2.320588082075119019e-01,1.786055713891983032e-01,2.791178822517395020e-01,2.076465487480163574e-01,5.002349242568016052e-02,5.300673842430114746e-02,4.062532186508178711e-01,2.926725745201110840e-01,2.844186425209045410e-01,6.337320059537887573e-02,-1.504437476396560669e-01,8.050169795751571655e-02,2.150517553091049194e-01,-5.727050080895423889e-02,1.925166845321655273e-01,1.929508745670318604e-01,3.103342950344085693e-01,3.795811161398887634e-02,2.779732048511505127e-01,1.844097822904586792e-01,-7.665005326271057129e-02,4.500073939561843872e-02,1.751246601343154907e-01,2.023191899061203003e-01
1.389635205268859863e-01,1.786593943834304810e-01,-3.427510708570480347e-02,9.338647872209548950e-02,7.597909122705459595e-02,2.697564661502838135e-01,4.505766332149505615e-01,5.651159957051277161e-02,-1.077397093176841736e-01,-2.013578861951828003e-01,-1.907419264316558838e-01,-4.230812564492225647e-02,-1.274842172861099243e-01,-9.198204427957534790e-02,-1.338040828704833984e-01,2.043850868940353394e-01,5.408565998077392578e-01,1.000000000000000000e+00,9.793996810913085938e-02,2.249882668256759644e-01,2.923724353313446045e-01,1.779320389032363892e-01,-2.305196523666381836e-01,2.857715785503387451e-01,-4.921340942382812500e-02,-3.885970218107104301e-03,2.859062254428863525e-01,-7.159318774938583374e-02,7.624018937349319458e-02,1.092213839292526245e-01,5.585514903068542480e-01,4.066015183925628662e-01,2.270923405885696411e-01,-2.617499418556690216e-02,-2.435842901468276978e-02,7.521693408489227295e-02,7.285188883543014526e-02,-1.715947389602661133e-01,1.135763619095087051e-02,-3.886694461107254028e-02,2.615406215190887451e-01,-5.111840367317199707e-02,3.251839801669120789e-02,2.541381679475307465e-02,-1.953172385692596436e-01,-2.019536346197128296e-01,3.020658195018768311e-01,1.816395223140716553e-01
3.207754194736480713e-01,2.116534858942031860e-01,1.537660360336303711e-01,2.382527440786361694e-01,3.189342916011810303e-01,1.428592652082443237e-01,3.470708429813385010e-01,2.659481465816497803e-01,4.005845263600349426e-02,3.390778601169586182e-02,1.288326978683471680e-01,6.271200627088546753e-02,6.537910550832748413e-02,5.545224249362945557e-02,-5.893146246671676636e-02,2.155086696147918701e-01,5.321413874626159668e-01,9.793996810913085938e-02,1.000000000000000000e+00,5.685251355171203613e-01,4.013701677322387695e-01,1.736062318086624146e-01,1.251479238271713257e-01,4.581679403781890869e-02,2.036924660205841064e-01,3.447651565074920654e-01,2.015619724988937378e-01,1.562906056642532349e-01,1.549945585429668427e-02,7.142315618693828583e-03,1.032426059246063232e-01,5.821320414543151855e-02,3.563188910484313965e-01,1.008547246456146240e-01,-1.973849087953567505e-01,-4.260629415512084961e-02,2.249557822942733765e-01,9.053326211869716644e-03,2.350080162286758423e-01,3.025397658348083496e-01,3.457356095314025879e-01,8.951114863157272339e-02,2.925173938274383545e-01,2.055213153362274170e-01,-7.120274007320404053e-03,7.484518736600875854e-02,7.447884231805801392e-02,4.887374490499496460e-02
3.242121636867523193e-01,3.777582049369812012e-01,1.323002278804779053e-01,4.056420624256134033e-01,3.592115044593811035e-01,3.445282876491546631e-01,2.856842875480651855e-01,2.946070134639739990e-01,2.112112194299697876e-01,3.281556367874145508e-01,1.879122853279113770e-01,2.441966980695724487e-01,4.230317771434783936e-01,7.464197278022766113e-02,1.767761707305908203e-01,2.532567977905273438e-01,4.543440639972686768e-01,2.249882668256759644e-01,5.685251355171203613e-01,9.999998211860656738e-01,6.614477634429931641e-01,1.567486524581909180e-01,3.931069672107696533e-01,-4.767791926860809326e-02,2.497737556695938110e-01,1.011802628636360168e-01,2.314954996109008789e-01,1.796039342880249023e-01,7.108799368143081665e-02,1.364994198083877563e-01,1.461107730865478516e-01,-1.610261648893356323e-01,3.715818226337432861e-01,-4.359446465969085693e-03,-1.667679101228713989e-01,-3.848714381456375122e-02,2.321591675281524658e-01,1.701500415802001953e-01,2.236272394657135010e-01,1.725587248802185059e-01,3.603091537952423096e-01,3.586176037788391113e-01,5.177888870239257812e-01,3.212372660636901855e-01,1.711874753236770630e-01,4.290734231472015381e-01,-4.382441192865371704e-02,-1.361245959997177124e-01
2.377103716135025024e-01,3.306163549423217773e-01,1.070963218808174133e-01,1.842707842588424683e-01,2.057861387729644775e-01,3.142785429954528809e-01,2.351792007684707642e-01,2.240690141916275024e-01,1.667183265089988708e-02,1.654807478189468384e-01,1.993238739669322968e-02,1.851422041654586792e-01,2.951038777828216553e-01,3.280769288539886475e-02,9.449915587902069092e-02,2.757088840007781982e-01,2.922345101833343506e-01,2.923724353313446045e-01,4.013701677322387695e-01,6.614477634429931641e-01,1.000000119209289551e+00,2.399695217609405518e-01,2.394969165325164795e-01,-1.331319212913513184e-01,8.284737169742584229e-02,9.683746844530105591e-02,2.072402983903884888e-01,-1.447566319257020950e-02,9.651468135416507721e-03,7.953509688377380371e-02,7.071430981159210205e-02,-1.650487929582595825e-01,2.993643581867218018e-01,1.172322332859039307e-01,-1.747542172670364380e-01,-1.950964778661727905e-01,2.238744199275970459e-01,6.256534159183502197e-02,1.356859058141708374e-01,1.071270778775215149e-01,2.905527353286743164e-01,1.928356289863586426e-01,2.739069759845733643e-01,1.795032620429992676e-01,6.768391281366348267e-02,1.689316630363464355e-01,-8.125190436840057373e-02,-1.677846461534500122e-01
-1.054201647639274597e-01,-5.126717314124107361e-02,1.127040982246398926e-01,2.167168110609054565e-01,9.696960449218750000e-02,-4.315697588026523590e-03,1.514954864978790283e-01,-1.709168963134288788e-02,-4.123546928167343140e-02,-8.738183975219726562e-02,1.315182074904441833e-02,-4.648794978857040405e-02,-1.351248621940612793e-01,-5.227492749691009521e-02,-1.062306463718414307e-01,-1.209248378872871399e-01,1.555171012878417969e-01,1.779320389032363892e-01,1.736062318086624146e-01,1.567486524581909180e-01,2.399695217609405518e-01,9.999995827674865723e-01,1.901381611824035645e-01,-3.915386274456977844e-02,1.476560719311237335e-02,8.706612884998321533e-02,-9.102949872612953186e-03,-3.868575440719723701e-03,1.220643371343612671e-01,1.394430994987487793e-01,2.252450883388519287e-01,1.541860997676849365e-01,3.051387891173362732e-02,-2.924161776900291443e-02,7.548295706510543823e-02,-2.710951864719390869e-02,-7.481592148542404175e-02,-1.975098066031932831e-02,6.964202225208282471e-02,1.669835001230239868e-01,-1.948531903326511383e-02,-4.597457125782966614e-02,2.271744459867477417e-01,2.419504895806312561e-02,-1.034090295433998108e-02,-3.027514182031154633e-02,1.466765441000461578e-02,2.972041070461273193e-01
9.727701544761657715e-02,3.009541705250740051e-02,1.613044738769531250e-01,2.698602974414825439e-01,3.177491724491119385e-01,-3.055294603109359741e-02,-7.654391974210739136e-02,2.822005748748779297e-01,2.996647059917449951e-01,4.068533480167388916e-01,3.660849034786224365e-01,2.457796037197113037e-01,4.407634735107421875e-01,1.471433490514755249e-01,2.753294408321380615e-01,8.331908285617828369e-02,6.936632841825485229e-02,-2.305196523666381836e-01,1.251479238271713257e-01,3.931069672107696533e-01,2.394969165325164795e-01,1.901381611824035645e-01,9.999997019767761230e-01,-2.342901378870010376e-01,3.559588193893432617e-01,-3.753295168280601501e-02,-9.150601178407669067e-02,2.480487078428268433e-01,4.472782090306282043e-02,-2.379102446138858795e-02,-2.045233249664306641e-01,-3.385558128356933594e-01,1.835792511701583862e-01,1.677197962999343872e-02,-1.939820125699043274e-02,1.270792037248611450e-01,1.201175600290298462e-01,3.528454303741455078e-01,1.758376508951187134e-01,3.665989935398101807e-01,-1.343082636594772339e-02,2.682120203971862793e-01,4.989112615585327148e-01,2.243197709321975708e-01,4.038892984390258789e-01,5.268630385398864746e-01,-2.369388192892074585e-01,6.839646957814693451e-04
-1.469691246747970581e-01,6.853194534778594971e-02,-4.387556016445159912e-02,1.254412680864334106e-01,-1.452826410531997681e-01,2.657392621040344238e-01,3.382964134216308594e-01,-3.036784827709197998e-01,-1.503754109144210815e-01,-1.776806861162185669e-01,-2.814318835735321045e-01,-8.477725088596343994e-02,-2.021402567625045776e-01,-3.190799355506896973e-01,-1.875252127647399902e-01,5.139676481485366821e-02,1.710559576749801636e-01,2.857715785503387451e-01,4.581679403781890869e-02,-4.767791926860809326e-02,-1.331319212913513184e-01,-3.915386274456977844e-02,-2.342901378870010376e-01,9.999999403953552246e-01,-2.883560955524444580e-01,5.690023675560951233e-02,2.920944988727569580e-01,-1.222108975052833557e-01,1.565684825181961060e-01,2.039884924888610840e-01,6.542636752128601074e-01,6.660391092300415039e-01,7.363109290599822998e-02,-6.119794398546218872e-02,9.426079690456390381e-02,5.247969627380371094e-01,-3.258907794952392578e-01,-8.921919763088226318e-02,-9.390126168727874756e-02,1.391041725873947144e-01,1.400735080242156982e-01,-2.266814559698104858e-02,-1.291017327457666397e-02,-1.369286514818668365e-02,-5.515744537115097046e-02,-1.837713569402694702e-01,8.195570111274719238e-01,3.683952987194061279e-01
4.862306714057922363e-01,-1.125753149390220642e-01,7.527129724621772766e-03,1.592866927385330200e-01,4.694385826587677002e-01,-9.357437491416931152e-02,-1.327517926692962646e-01,6.138156056404113770e-01,2.551175840198993683e-02,-6.627424061298370361e-02,3.193158805370330811e-01,-3.730765730142593384e-02,3.140784427523612976e-02,3.560213446617126465e-01,8.493664674460887909e-03,9.799475967884063721e-02,2.320588082075119019e-01,-4.921340942382812500e-02,2.036924660205841064e-01,2.497737556695938110e-01,8.284737169742584229e-02,1.476560719311237335e-02,3.559588193893432617e-01,-2.883560955524444580e-01,1.000000357627868652e+00,1.564054042100906372e-01,2.155772596597671509e-01,3.911762833595275879e-01,9.754090756177902222e-02,-8.248356729745864868e-02,-1.809712350368499756e-01,-1.141347587108612061e-01,4.252234101295471191e-01,6.796943396329879761e-02,-8.420892804861068726e-02,-1.729202717542648315e-01,4.253625869750976562e-01,2.542476169764995575e-02,1.787578016519546509e-01,6.540787965059280396e-02,7.319631986320018768e-04,-1.211855635046958923e-01,2.899880111217498779e-01,2.687870152294635773e-02,-1.053625252097845078e-02,8.058045059442520142e-02,-2.468813657760620117e-01,2.375138178467750549e-02
7.709686458110809326e-02,2.671342156827449799e-02,2.973748147487640381e-01,1.162795722484588623e-01,9.951356798410415649e-02,2.665317989885807037e-02,1.361984014511108398e-01,6.525301933288574219e-02,-8.271182328462600708e-02,-1.050248742103576660e-01,-6.190854590386152267e-03,-1.232430636882781982e-01,-3.318908810615539551e-02,2.458711620420217514e-03,-1.613825708627700806e-01,5.853858590126037598e-02,1.786055713891983032e-01,-3.885970218107104301e-03,3.447651565074920654e-01,1.011802628636360168e-01,9.683746844530105591e-02,8.706612884998321533e-02,-3.753295168280601501e-02,5.690023675560951233e-02,1.564054042100906372e-01,1.000000000000000000e+00,8.099904656410217285e-02,-4.710579663515090942e-02,-3.526441752910614014e-02,-5.009258165955543518e-02,4.274266213178634644e-02,9.671977907419204712e-02,1.058868691325187683e-01,-1.406811550259590149e-02,-6.162451580166816711e-02,-8.805317431688308716e-02,6.670108437538146973e-02,-6.376284360885620117e-02,4.424356296658515930e-02,1.248264834284782410e-01,8.636867254972457886e-02,-1.307317018508911133e-01,4.288772866129875183e-02,-1.980315893888473511e-02,-1.092820093035697937e-01,-1.189728379249572754e-01,7.378048449754714966e-02,1.036411523818969727e-01
3.789376020431518555e-01,3.535898327827453613e-01,-8.506653457880020142e-02,1.935113817453384399e-01,1.568880528211593628e-01,4.816445410251617432e-01,2.427251338958740234e-01,2.653637826442718506e-01,-3.173074126243591309e-02,-5.509245023131370544e-02,-2.165971137583255768e-02,1.427511572837829590e-01,4.702070727944374084e-02,-9.070808440446853638e-02,5.081523582339286804e-02,4.695276618003845215e-01,2.791178822517395020e-01,2.859062254428863525e-01,2.015619724988937378e-01,2.314954996109008789e-01,2.072402983903884888e-01,-9.102949872612953186e-03,-9.150601178407669067e-02,2.920944988727569580e-01,2.155772596597671509e-01,8.099904656410217285e-02,1.000000238418579102e+00,1.596458405256271362e-01,1.843771636486053467e-01,8.824211359024047852e-02,3.294306099414825439e-01,3.303908109664916992e-01,6.504665017127990723e-01,2.721015512943267822e-01,-6.276352331042289734e-03,1.383961141109466553e-01,5.931729823350906372e-02,3.694628924131393433e-02,9.772550314664840698e-02,3.575762361288070679e-02,4.768331944942474365e-01,1.622193753719329834e-01,5.077825486660003662e-02,1.998172849416732788e-01,3.291012719273567200e-02,-6.002206727862358093e-02,3.112824261188507080e-01,1.007075533270835876e-01
5.392000675201416016e-01,1.086850166320800781e-01,2.349215149879455566e-01,3.554402589797973633e-01,5.085799098014831543e-01,1.388428658246994019e-01,5.362270399928092957e-02,1.545471847057342529e-01,1.192196831107139587e-01,3.893217071890830994e-02,2.680850401520729065e-02,6.503628194332122803e-02,1.437062174081802368e-01,-1.883780211210250854e-02,-2.700561285018920898e-02,2.406746745109558105e-01,2.076465487480163574e-01,-7.159318774938583374e-02,1.562906056642532349e-01,1.796039342880249023e-01,-1.447566319257020950e-02,-3.868575440719723701e-03,2.480487078428268433e-01,-1.222108975052833557e-01,3.911762833595275879e-01,-4.710579663515090942e-02,1.596458405256271362e-01,9.999997019767761230e-01,2.496860772371292114e-01,-8.115855604410171509e-02,-4.071264341473579407e-02,-2.620257437229156494e-02,2.142820656299591064e-01,-5.966319236904382706e-03,-1.133072674274444580e-01,-1.395399495959281921e-02,6.339794024825096130e-03,-1.552196685224771500e-02,2.953971922397613525e-01,1.434607654809951782e-01,2.555741369724273682e-01,1.283169835805892944e-01,2.701986730098724365e-01,1.543248593807220459e-01,3.398698288947343826e-03,2.287273555994033813e-01,-1.037346720695495605e-01,9.085106849670410156e-02
1.237672492861747742e-01,-1.180053129792213440e-01,2.969792857766151428e-02,2.825462818145751953e-01,2.064947634935379028e-01,2.194866538047790527e-01,-2.757511474192142487e-02,-1.223342195153236389e-01,-1.134696900844573975e-01,-6.641288846731185913e-02,-1.539544910192489624e-01,-1.415948867797851562e-01,1.851029880344867706e-02,-2.188373208045959473e-01,-1.238386482000350952e-01,3.956616297364234924e-02,5.002349242568016052e-02,7.624018937349319458e-02,1.549945585429668427e-02,7.108799368143081665e-02,9.651468135416507721e-03,1.220643371343612671e-01,4.472782090306282043e-02,1.565684825181961060e-01,9.754090756177902222e-02,-3.526441752910614014e-02,1.843771636486053467e-01,2.496860772371292114e-01,9.999997019767761230e-01,4.950123429298400879e-01,1.917133182287216187e-01,1.382524967193603516e-01,1.018731594085693359e-01,-1.154974997043609619e-01,2.791369799524545670e-03,1.139849424362182617e-01,-1.611137092113494873e-01,-5.813339725136756897e-02,2.832582592964172363e-02,2.167135104537010193e-02,9.356007725000381470e-02,5.951162893325090408e-03,2.347601354122161865e-01,-6.201016902923583984e-02,-1.655473560094833374e-02,1.910580508410930634e-02,1.808885633945465088e-01,7.783684134483337402e-02
-9.490914642810821533e-02,9.612386673688888550e-02,-2.455733530223369598e-02,1.737346947193145752e-01,-1.287545636296272278e-02,1.822196543216705322e-01,8.944760262966156006e-02,-1.468203812837600708e-01,4.485883750021457672e-03,3.105864860117435455e-02,-9.781575947999954224e-02,-3.168725222349166870e-02,1.928691565990447998e-02,-1.310132145881652832e-01,-2.303727157413959503e-02,-5.084972828626632690e-02,5.300673842430114746e-02,1.092213839292526245e-01,7.142315618693828583e-03,1.364994198083877563e-01,7.953509688377380371e-02,1.394430994987487793e-01,-2.379102446138858795e-02,2.039884924888610840e-01,-8.248356729745864868e-02,-5.009258165955543518e-02,8.824211359024047852e-02,-8.115855604410171509e-02,4.950123429298400879e-01,9.999995827674865723e-01,3.643671572208404541e-01,1.230679303407669067e-01,-3.414561599493026733e-02,-6.728188134729862213e-03,9.196770936250686646e-02,2.319487780332565308e-01,-1.732711195945739746e-01,9.082367271184921265e-02,5.239739269018173218e-02,5.216309800744056702e-02,4.033939540386199951e-02,1.344190537929534912e-01,1.389569193124771118e-01,4.464162513613700867e-02,1.276201456785202026e-01,5.487721040844917297e-02,2.194709032773971558e-01,6.353715807199478149e-02
-6.190586462616920471e-02,2.216048538684844971e-01,-4.207343608140945435e-02,2.562072575092315674e-01,-4.514007270336151123e-02,3.288727104663848877e-01,4.867648482322692871e-01,-1.741552799940109253e-01,-8.372933417558670044e-02,-1.744265109300613403e-01,-2.327368408441543579e-01,-7.244072854518890381e-02,-1.358258724212646484e-01,-2.444542497396469116e-01,-1.444642394781112671e-01,1.275698542594909668e-01,4.062532186508178711e-01,5.585514903068542480e-01,1.032426059246063232e-01,1.461107730865478516e-01,7.071430981159210205e-02,2.252450883388519287e-01,-2.045233249664306641e-01,6.542636752128601074e-01,-1.809712350368499756e-01,4.274266213178634644e-02,3.294306099414825439e-01,-4.071264341473579407e-02,1.917133182287216187e-01,3.643671572208404541e-01,9.999998211860656738e-01,6.392100453376770020e-01,1.448418051004409790e-01,-4.892942029982805252e-03,1.204589456319808960e-01,4.487268328666687012e-01,-2.124181985855102539e-01,-6.365132331848144531e-02,5.366517230868339539e-02,1.139206439256668091e-01,2.226825654506683350e-01,2.892955206334590912e-02,7.066868990659713745e-02,8.010376989841461182e-02,-6.450479477643966675e-02,-1.204381361603736877e-01,6.841974854469299316e-01,3.149232566356658936e-01
-7.087600976228713989e-02,-1.008681114763021469e-02,-8.719961345195770264e-02,1.028080284595489502e-01,-2.898592688143253326e-02,1.523049920797348022e-01,3.500430881977081299e-01,-1.898336261510848999e-01,-3.304037153720855713e-01,-4.500663876533508301e-01,-3.584114611148834229e-01,-2.573422491550445557e-01,-4.753817915916442871e-01,-2.915329039096832275e-01,-4.211709797382354736e-01,3.101008757948875427e-02,2.926725745201110840e-01,4.066015183925628662e-01,5.821320414543151855e-02,-1.610261648893356323e-01,-1.650487929582595825e-01,1.541860997676849365e-01,-3.385558128356933594e-01,6.660391092300415039e-01,-1.141347587108612061e-01,9.671977907419204712e-02,3.303908109664916992e-01,-2.620257437229156494e-02,1.382524967193603516e-01,1.230679303407669067e-01,6.392100453376770020e-01,1.000000000000000000e+00,1.165484413504600525e-01,-3.715929761528968811e-02,7.529802620410919189e-02,2.983496189117431641e-01,-2.231105864048004150e-01,-3.224668800830841064e-01,-6.415247917175292969e-02,1.332806050777435303e-01,1.156649515032768250e-01,-2.332527786493301392e-01,-1.044157370924949646e-01,-1.270216852426528931e-01,-2.096517831087112427e-01,-4.279787540435791016e-01,6.556700468063354492e-01,5.936802625656127930e-01
