1.000000119209289551e+00,-6.451918929815292358e-02,4.935530424118041992e-01,4.030854105949401855e-01,2.738632857799530029e-01,2.462082356214523315e-01,3.402538001537322998e-01,-1.155405268073081970e-01,6.849120557308197021e-02,8.522818237543106079e-02,5.709816887974739075e-02,3.210546970367431641e-01,2.382361888885498047e-01,3.125742673873901367e-01,4.751349389553070068e-01,4.008339941501617432e-01,2.833465337753295898e-01,1.791237592697143555e-01,3.153701722621917725e-01,2.470190376043319702e-01,2.279507517814636230e-01,1.370834261178970337e-01,-3.620541887357831001e-03,-7.173238694667816162e-02,1.759997159242630005e-01,2.814678847789764404e-01,3.019287884235382080e-01,5.791263580322265625e-01,3.888758420944213867e-01,1.975309103727340698e-03,-6.372763216495513916e-02,-3.356957808136940002e-02,3.838561475276947021e-01,-6.139805167913436890e-02,2.050631120800971985e-02,-1.058482229709625244e-01,-9.845190495252609253e-02,3.740934729576110840e-01,-5.931074544787406921e-02,4.314269870519638062e-02,5.954058468341827393e-02,1.292439997196197510e-01,-2.102783136069774628e-02,-1.580984294414520264e-01,-1.032203994691371918e-02,-1.638324744999408722e-02,-6.044328585267066956e-02,3.075932525098323822e-02
-6.451918929815292358e-02,1.000000357627868652e+00,-3.603063896298408508e-02,-2.498857975006103516e-01,1.352537572383880615e-01,3.605432808399200439e-01,-7.518213242292404175e-03,4.587634205818176270e-01,2.652738094329833984e-01,1.820202916860580444e-01,1.112410500645637512e-01,-9.950431436300277710e-02,-1.154116243124008179e-01,5.820633098483085632e-02,-4.462691769003868103e-02,-9.544452279806137085e-02,-4.359856992959976196e-02,-1.318842321634292603e-01,-6.757317483425140381e-02,1.196354627609252930e-02,-1.594356596469879150e-01,-2.595144808292388916e-01,-1.099328622221946716e-01,-6.186476722359657288e-02,-1.655081361532211304e-01,1.241802126169204712e-01,4.788919910788536072e-02,3.296532109379768372e-02,2.311737388372421265e-01,8.162881433963775635e-02,-1.960753649473190308e-01,-4.237379878759384155e-02,4.119458198547363281e-01,1.630963981151580811e-01,2.582069337368011475e-01,2.797874510288238525e-01,5.442660674452781677e-02,2.182521969079971313e-01,-3.869729489088058472e-02,-1.963886767625808716e-01,4.454686343669891357e-01,3.585543930530548096e-01,2.479844987392425537e-01,6.953240633010864258e-01,7.457395195960998535e-01,2.487184405326843262e-01,-5.694401264190673828e-02,-1.804938912391662598e-01
4.935530424118041992e-01,-3.603063896298408508e-02,1.000000238418579102e+00,6.592646837234497070e-01,1.720771938562393188e-01,1.780356019735336304e-01,4.478876888751983643e-01,-5.235864594578742981e-02,1.033309772610664368e-01,1.459431499242782593e-01,1.878182888031005859e-01,3.429487943649291992e-01,2.398523837327957153e-01,8.654369413852691650e-02,3.519976139068603516e-01,3.154897987842559814e-01,4.110956490039825439e-01,3.095222115516662598e-01,3.758577406406402588e-01,3.192685246467590332e-01,3.812848925590515137e-01,2.152159959077835083e-01,1.805325150489807129e-01,1.478707790374755859e-01,1.804070770740509033e-01,5.427492856979370117e-01,1.665631234645843506e-01,4.384655654430389404e-01,3.337322175502777100e-01,2.542433738708496094e-01,1.391221135854721069e-01,1.424303352832794189e-01,1.362572759389877319e-01,3.822128474712371826e-02,8.371046185493469238e-02,2.029707431793212891e-01,-1.077955141663551331e-01,3.209941089153289795e-01,1.845643371343612671e-01,1.900773495435714722e-01,1.236232742667198181e-01,9.546389430761337280e-02,9.833326935768127441e-02,-7.116445153951644897e-02,5.610488727688789368e-02,3.950841352343559265e-02,1.742587536573410034e-01,1.690781116485595703e-01
4.030854105949401855e-01,-2.498857975006103516e-01,6.592646837234497070e-01,1.000000000000000000e+00,3.149805665016174316e-01,4.560542851686477661e-02,5.395888090133666992e-01,1.285107340663671494e-03,2.379362881183624268e-01,1.620106250047683716e-01,2.311415672302246094e-01,3.455640077590942383e-01,3.261334300041198730e-01,-1.567209139466285706e-02,8.882227540016174316e-02,2.926374971866607666e-01,5.449315309524536133e-01,4.685812294483184814e-01,4.721374809741973877e-01,4.107513427734375000e-01,5.997826457023620605e-01,5.090718865394592285e-01,2.924935221672058105e-01,3.358912467956542969e-01,5.161920562386512756e-02,2.999302744865417480e-01,-1.166013255715370178e-01,1.379472613334655762e-01,6.326850503683090210e-02,3.695956170558929443e-01,4.208897352218627930e-01,3.420504033565521240e-01,-6.879199296236038208e-02,1.325913965702056885e-01,-2.079930603504180908e-01,-5.790672451257705688e-02,4.043722152709960938e-02,3.762159496545791626e-02,1.815346777439117432e-01,2.919757366180419922e-01,-1.772516965866088867e-02,8.728850632905960083e-02,1.033628731966018677e-01,-2.359279990196228027e-01,-1.914248615503311157e-01,8.222546428442001343e-02,3.653123378753662109e-01,3.514527976512908936e-01
2.738632857799530029e-01,1.352537572383880615e-01,1.720771938562393188e-01,3.149805665016174316e-01,1.000000238418579102e+00,6.003946065902709961e-01,4.810413122177124023e-01,9.782970696687698364e-02,3.099091649055480957e-01,-5.292907357215881348e-02,2.288535833358764648e-01,2.120067924261093140e-01,2.036820352077484131e-01,1.271978616714477539e-01,4.607456922531127930e-02,2.682780027389526367e-01,2.489319890737533569e-01,2.509230375289916992e-01,1.158906668424606323e-01,7.769691199064254761e-02,2.650833129882812500e-01,1.389085650444030762e-01,2.581288516521453857e-01,1.829945445060729980e-01,-8.473917096853256226e-02,1.271741390228271484e-01,-1.832430660724639893e-01,-1.027174144983291626e-01,8.155529946088790894e-02,1.358840167522430420e-01,1.622011214494705200e-01,2.109922915697097778e-01,1.716707497835159302e-01,2.289465665817260742e-01,4.710717499256134033e-02,8.719377219676971436e-02,1.637672483921051025e-01,9.845844656229019165e-02,1.640972048044204712e-01,1.330156326293945312e-01,3.725307881832122803e-01,3.316603899002075195e-01,2.141482830047607422e-01,-1.448075771331787109e-01,-1.432049833238124847e-02,-6.774149090051651001e-02,2.288519144058227539e-01,1.582212150096893311e-01
2.462082356214523315e-01,3.605432808399200439e-01,1.780356019735336304e-01,4.560542851686477661e-02,6.003946065902709961e-01,1.000000000000000000e+00,4.195972383022308350e-01,2.359386533498764038e-03,8.620837330818176270e-02,-4.103565961122512817e-02,1.460800319910049438e-01,3.363478183746337891e-02,6.542752683162689209e-02,1.579964756965637207e-01,1.422442793846130371e-01,1.774743944406509399e-01,8.288632333278656006e-02,-8.669228851795196533e-02,5.386888980865478516e-02,6.004411354660987854e-02,3.747247904539108276e-02,-1.396954357624053955e-01,1.997765339910984039e-02,-1.313806325197219849e-01,-1.082910317927598953e-02,1.238464638590812683e-01,8.966892212629318237e-02,2.074351459741592407e-01,4.216201007366180420e-01,-7.521183788776397705e-02,-1.979806274175643921e-01,-1.457561403512954712e-01,2.677433192729949951e-01,3.454710915684700012e-02,3.725687861442565918e-01,1.730968952178955078e-01,-4.092175140976905823e-02,2.059757709503173828e-01,3.359988331794738770e-02,-5.560372769832611084e-02,4.757153987884521484e-01,3.706413209438323975e-01,1.219316050410270691e-01,4.368726164102554321e-02,1.768788695335388184e-01,-9.150098264217376709e-02,-1.032509580254554749e-01,-1.167666837573051453e-01
3.402538001537322998e-01,-7.518213242292404175e-03,4.478876888751983643e-01,5.395888090133666992e-01,4.810413122177124023e-01,4.195972383022308350e-01,1.000000357627868652e+00,-1.271253731101751328e-02,3.901273608207702637e-01,2.599661052227020264e-01,4.905918240547180176e-02,1.173965781927108765e-01,3.724977076053619385e-01,-6.077634752728044987e-04,1.040244922041893005e-01,2.567722201347351074e-01,7.728209495544433594e-01,5.915456414222717285e-01,5.902073979377746582e-01,5.306317210197448730e-01,3.906693160533905029e-01,3.205303251743316650e-01,3.884168267250061035e-01,2.667143344879150391e-01,1.188623979687690735e-01,3.965732455253601074e-01,-8.303261548280715942e-02,1.848211437463760376e-01,3.879872560501098633e-01,2.170103341341018677e-01,2.273422628641128540e-01,3.076916933059692383e-01,3.403364866971969604e-02,1.611871272325515747e-01,1.840015500783920288e-02,7.343915104866027832e-02,3.829893469810485840e-02,1.964002847671508789e-01,2.443935424089431763e-01,2.675319612026214600e-01,2.706844806671142578e-01,5.190269351005554199e-01,3.216076493263244629e-01,-1.254951655864715576e-01,-1.107949763536453247e-01,2.637731432914733887e-01,2.801889181137084961e-01,3.351329267024993896e-01
-1.155405268073081970e-01,4.587634205818176270e-01,-5.235864594578742981e-02,1.285107340663671494e-03,9.782970696687698364e-02,2.359386533498764038e-03,-1.271253731101751328e-02,1.000000357627868652e+00,5.643369555473327637e-01,4.313671588897705078e-01,4.824578762054443359e-01,3.175056278705596924e-01,1.564899533987045288e-01,1.750134229660034180e-01,-2.127753347158432007e-01,-5.137893557548522949e-02,1.593184173107147217e-01,1.812143325805664062e-01,9.724169224500656128e-02,8.638198673725128174e-02,1.096949130296707153e-01,1.361041888594627380e-02,7.694747298955917358e-02,2.188070416450500488e-01,-2.871242165565490723e-01,1.650233268737792969e-01,-2.315354347229003906e-01,-2.382712215185165405e-01,-1.663952767848968506e-01,2.644208073616027832e-01,1.742617040872573853e-01,1.883904188871383667e-01,3.487481474876403809e-01,4.008012115955352783e-01,-5.686573311686515808e-02,1.158349961042404175e-01,3.670330941677093506e-01,5.189628526568412781e-02,1.306067109107971191e-01,2.536806091666221619e-02,3.139879405498504639e-01,3.483226001262664795e-01,3.754720389842987061e-01,6.029210090637207031e-01,4.951251447200775146e-01,4.966373741626739502e-01,2.108540087938308716e-01,6.249928846955299377e-02
6.849120557308197021e-02,2.652738094329833984e-01,1.033309772610664368e-01,2.379362881183624268e-01,3.099091649055480957e-01,8.620837330818176270e-02,3.901273608207702637e-01,5.643369555473327637e-01,9.999998211860656738e-01,6.317654252052307129e-01,3.998014330863952637e-01,4.293472468852996826e-01,5.116742253303527832e-01,1.027233898639678955e-01,-3.215041756629943848e-02,2.102619558572769165e-01,4.892847537994384766e-01,4.610284268856048584e-01,2.924591600894927979e-01,2.744371592998504639e-01,3.054936826229095459e-01,2.123515605926513672e-01,3.927756547927856445e-01,4.430334866046905518e-01,-1.076734811067581177e-01,2.718789577484130859e-01,-1.763306558132171631e-01,-1.234155222773551941e-01,-3.233625739812850952e-02,3.637839853763580322e-01,3.146833777427673340e-01,3.910182714462280273e-01,2.541125416755676270e-01,3.012959361076354980e-01,-7.995543628931045532e-02,8.030840009450912476e-02,2.835023999214172363e-01,2.129409760236740112e-01,3.434225022792816162e-01,2.477532625198364258e-01,3.763854205608367920e-01,5.495107173919677734e-01,4.824133217334747314e-01,3.091916441917419434e-01,2.976371347904205322e-01,6.073578000068664551e-01,4.331806600093841553e-01,3.220952451229095459e-01
8.522818237543106079e-02,1.820202916860580444e-01,1.459431499242782593e-01,1.620106250047683716e-01,-5.292907357215881348e-02,-4.103565961122512817e-02,2.599661052227020264e-01,4.313671588897705078e-01,6.317654252052307129e-01,9.999998211860656738e-01,1.693466007709503174e-01,3.441468775272369385e-01,5.277200937271118164e-01,9.459491819143295288e-02,1.090768054127693176e-01,1.660477221012115479e-01,4.474784135818481445e-01,3.809370696544647217e-01,4.146582186222076416e-01,4.490332901477813721e-01,2.698921263217926025e-01,1.944933086633682251e-01,3.002392649650573730e-01,3.964092433452606201e-01,8.821789175271987915e-02,2.891782522201538086e-01,1.148818731307983398e-01,1.352726072072982788e-01,6.126962974667549133e-02,3.032226562500000000e-01,2.100140750408172607e-01,2.941477298736572266e-01,2.931753396987915039e-01,5.196890234947204590e-02,-9.061601012945175171e-02,6.317270547151565552e-02,1.016127020120620728e-01,2.748747169971466064e-01,2.618635296821594238e-01,1.859461367130279541e-01,2.257106006145477295e-01,3.771792352199554443e-01,3.911050856113433838e-01,4.047454893589019775e-01,3.450116813182830811e-01,7.509749531745910645e-01,3.105008900165557861e-01,2.491532862186431885e-01
5.709816887974739075e-02,1.112410500645637512e-01,1.878182888031005859e-01,2.311415672302246094e-01,2.288535833358764648e-01,1.460800319910049438e-01,4.905918240547180176e-02,4.824578762054443359e-01,3.998014330863952637e-01,1.693466007709503174e-01,1.000000357627868652e+00,6.237348318099975586e-01,2.879399061203002930e-01,3.499290347099304199e-01,-1.609858274459838867e-01,1.444980055093765259e-01,1.208971291780471802e-01,1.764288991689682007e-01,1.669489033520221710e-02,-3.091122210025787354e-02,3.505916893482208252e-01,1.927753388881683350e-01,1.322523355484008789e-01,2.396877259016036987e-01,-2.313765883445739746e-01,2.473612129688262939e-01,-2.548379302024841309e-01,-1.263383030891418457e-01,-1.144642755389213562e-01,4.069273471832275391e-01,3.565741777420043945e-01,2.080748975276947021e-01,2.188229411840438843e-01,2.832931578159332275e-01,8.900628425180912018e-03,1.772585064172744751e-01,2.804310321807861328e-01,8.845376223325729370e-02,3.308805525302886963e-01,1.344310343265533447e-01,2.064367085695266724e-01,1.950800269842147827e-01,2.011457383632659912e-01,3.108577057719230652e-02,1.199975460767745972e-01,1.246215775609016418e-01,2.660291790962219238e-01,1.278093010187149048e-01
3.210546970367431641e-01,-9.950431436300277710e-02,3.429487943649291992e-01,3.455640077590942383e-01,2.120067924261093140e-01,3.363478183746337891e-02,1.173965781927108765e-01,3.175056278705596924e-01,4.293472468852996826e-01,3.441468775272369385e-01,6.237348318099975586e-01,1.000000119209289551e+00,5.801525115966796875e-01,3.725687563419342041e-01,2.840085327625274658e-01,4.481442570686340332e-01,1.701614409685134888e-01,2.158091962337493896e-01,7.804491370916366577e-02,3.854018822312355042e-02,4.392655193805694580e-01,3.589315712451934814e-01,3.724772036075592041e-01,4.020920991897583008e-01,1.529115885496139526e-01,3.589534759521484375e-01,1.406680196523666382e-01,1.921070665121078491e-01,1.386520266532897949e-02,4.405461847782135010e-01,4.264596998691558838e-01,2.747974693775177002e-01,3.704927265644073486e-01,6.169858574867248535e-02,8.748738095164299011e-03,1.384511888027191162e-01,9.048517048358917236e-02,3.343521058559417725e-01,4.225122332572937012e-01,3.370151817798614502e-01,1.444111466407775879e-01,1.745982766151428223e-01,9.901159256696701050e-02,-7.247663289308547974e-02,8.853956311941146851e-02,2.354496270418167114e-01,3.927029669284820557e-01,3.022564053535461426e-01
2.382361888885498047e-01,-1.154116243124008179e-01,2.398523837327957153e-01,3.261334300041198730e-01,2.036820352077484131e-01,6.542752683162689209e-02,3.724977076053619385e-01,1.564899533987045288e-01,5.116742253303527832e-01,5.277200937271118164e-01,2.879399061203002930e-01,5.801525115966796875e-01,9.999998211860656738e-01,2.291415780782699585e-01,2.329705208539962769e-01,5.920289754867553711e-01,4.840775430202484131e-01,4.759844541549682617e-01,3.599624931812286377e-01,4.617574214935302734e-01,5.971404910087585449e-01,5.462452769279479980e-01,6.616643667221069336e-01,5.908324718475341797e-01,1.523957997560501099e-01,3.433852791786193848e-01,1.143933609127998352e-01,1.456348299980163574e-01,6.596877425909042358e-02,4.239116013050079346e-01,4.870220422744750977e-01,4.917844235897064209e-01,2.083567529916763306e-01,7.897772639989852905e-02,-7.613532245159149170e-02,1.413106471300125122e-01,1.551307290792465210e-01,4.159300923347473145e-01,5.829678773880004883e-01,4.345398843288421631e-01,8.142901957035064697e-02,3.520880341529846191e-01,3.972371220588684082e-01,-9.306376427412033081e-02,3.576716408133506775e-02,4.167065024375915527e-01,5.747687816619873047e-01,4.818176329135894775e-01
3.125742673873901367e-01,5.820633098483085632e-02,8.654369413852691650e-02,-1.567209139466285706e-02,1.271978616714477539e-01,1.579964756965637207e-01,-6.077634752728044987e-04,1.750134229660034180e-01,1.027233898639678955e-01,9.459491819143295288e-02,3.499290347099304199e-01,3.725687563419342041e-01,2.291415780782699585e-01,9.999997019767761230e-01,2.426309138536453247e-01,2.160344123840332031e-01,7.583538442850112915e-02,1.055870503187179565e-01,3.893142566084861755e-02,8.011114597320556641e-02,2.346807420253753662e-01,1.782303899526596069e-01,1.472297497093677521e-02,1.236115545034408569e-01,-1.824579946696758270e-02,1.761998236179351807e-01,3.583177551627159119e-02,2.106149196624755859e-01,2.117877602577209473e-01,2.994883954524993896e-01,1.598554104566574097e-01,8.625421673059463501e-02,4.827803671360015869e-01,2.706939280033111572e-01,9.219115227460861206e-02,1.560758650302886963e-01,3.974952995777130127e-01,4.256709516048431396e-01,2.204793095588684082e-01,1.679018586874008179e-01,2.114764153957366943e-01,1.148719042539596558e-01,1.500423699617385864e-01,-8.930127322673797607e-02,1.508054137229919434e-01,6.466204673051834106e-02,9.300802648067474365e-02,1.300487760454416275e-02
4.751349389553070068e-01,-4.462691769003868103e-02,3.519976139068603516e-01,8.882227540016174316e-02,4.607456922531127930e-02,1.422442793846130371e-01,1.040244922041893005e-01,-2.127753347158432007e-01,-3.215041756629943848e-02,1.090768054127693176e-01,-1.609858274459838867e-01,2.840085327625274658e-01,2.329705208539962769e-01,2.426309138536453247e-01,9.999994635581970215e-01,5.163649320602416992e-01,-1.795264519751071930e-02,-4.144723713397979736e-02,1.292453259229660034e-01,2.350811101496219635e-02,3.002831712365150452e-02,5.869385600090026855e-02,2.096072882413864136e-01,3.121777623891830444e-02,5.795835852622985840e-01,2.478861361742019653e-01,6.972333192825317383e-01,6.224755644798278809e-01,3.447539806365966797e-01,3.829249739646911621e-02,-2.508795261383056641e-02,-5.680438503623008728e-02,3.891851603984832764e-01,-2.732608914375305176e-01,1.961243897676467896e-01,6.509845703840255737e-02,-3.190799951553344727e-01,6.485219597816467285e-01,1.367177516222000122e-01,1.901546567678451538e-01,8.878295123577117920e-02,4.317287728190422058e-02,-2.131563574075698853e-01,-6.096149608492851257e-02,1.157763078808784485e-01,5.992441624402999878e-02,3.495189175009727478e-02,-7.123362272977828979e-03
4.008339941501617432e-01,-9.544452279806137085e-02,3.154897987842559814e-01,2.926374971866607666e-01,2.682780027389526367e-01,1.774743944406509399e-01,2.567722201347351074e-01,-5.137893557548522949e-02,2.102619558572769165e-01,1.660477221012115479e-01,1.444980055093765259e-01,4.481442570686340332e-01,5.920289754867553711e-01,2.160344123840332031e-01,5.163649320602416992e-01,9.999997615814208984e-01,1.875446736812591553e-01,1.701955050230026245e-01,1.817996799945831299e-01,2.050011008977890015e-01,4.087794125080108643e-01,3.909410238265991211e-01,4.640028476715087891e-01,3.162753582000732422e-01,2.594698667526245117e-01,2.249222099781036377e-01,3.044013679027557373e-01,3.556706309318542480e-01,1.901084035634994507e-01,1.920282691717147827e-01,2.562625408172607422e-01,2.581763863563537598e-01,2.730672359466552734e-01,4.070467501878738403e-02,1.002878025174140930e-01,1.023017913103103638e-01,-2.127476595342159271e-02,5.357857346534729004e-01,4.436700344085693359e-01,3.328295648097991943e-01,1.852555386722087860e-02,1.435617208480834961e-01,6.373886950314044952e-03,-1.795018613338470459e-01,-1.122949458658695221e-02,8.579576760530471802e-02,3.285805583000183105e-01,2.465261965990066528e-01
2.833465337753295898e-01,-4.359856992959976196e-02,4.110956490039825439e-01,5.449315309524536133e-01,2.489319890737533569e-01,8.288632333278656006e-02,7.728209495544433594e-01,1.593184173107147217e-01,4.892847537994384766e-01,4.474784135818481445e-01,1.208971291780471802e-01,1.701614409685134888e-01,4.840775430202484131e-01,7.583538442850112915e-02,-1.795264519751071930e-02,1.875446736812591553e-01,9.999999403953552246e-01,8.065913319587707520e-01,7.197312712669372559e-01,7.176382541656494141e-01,5.473483204841613770e-01,4.772235751152038574e-01,4.268317222595214844e-01,4.391455352306365967e-01,2.693372592329978943e-02,4.356606006622314453e-01,-1.954099982976913452e-01,6.483978778123855591e-02,1.716837733983993530e-01,3.625400364398956299e-01,4.087881445884704590e-01,5.004189610481262207e-01,3.261592239141464233e-02,2.427755594253540039e-01,-2.355099618434906006e-01,5.903997924178838730e-03,2.219920456409454346e-01,1.422693729400634766e-01,2.729903757572174072e-01,3.186175823211669922e-01,1.422783881425857544e-01,4.414031505584716797e-01,4.942139089107513428e-01,-4.221471026539802551e-02,-1.974317058920860291e-02,4.640797078609466553e-01,4.303132891654968262e-01,4.780099391937255859e-01
1.791237592697143555e-01,-1.318842321634292603e-01,3.095222115516662598e-01,4.685812294483184814e-01,2.509230375289916992e-01,-8.669228851795196533e-02,5.915456414222717285e-01,1.812143325805664062e-01,4.610284268856048584e-01,3.809370696544647217e-01,1.764288991689682007e-01,2.158091962337493896e-01,4.759844541549682617e-01,1.055870503187179565e-01,-4.144723713397979736e-02,1.701955050230026245e-01,8.065913319587707520e-01,1.000000357627868652e+00,6.709305644035339355e-01,6.359158158302307129e-01,5.721392631530761719e-01,5.250871181488037109e-01,4.938531219959259033e-01,5.290055274963378906e-01,-3.063490241765975952e-02,4.308178722858428955e-01,-3.078922927379608154e-01,-1.198154985904693604e-01,-7.164050638675689697e-02,4.296048283576965332e-01,5.753047466278076172e-01,6.108739972114562988e-01,-6.255713850259780884e-02,2.872982621192932129e-01,-3.718999624252319336e-01,2.496527135372161865e-02,3.345010280609130859e-01,7.647897303104400635e-02,3.111938238143920898e-01,3.972784876823425293e-01,9.814515709877014160e-02,3.114785254001617432e-01,5.196648836135864258e-01,-1.278492957353591919e-01,-5.606746301054954529e-02,4.439261555671691895e-01,5.317295789718627930e-01,5.234773755073547363e-01
3.153701722621917725e-01,-6.757317483425140381e-02,3.758577406406402588e-01,4.721374809741973877e-01,1.158906668424606323e-01,5.386888980865478516e-02,5.902073979377746582e-01,9.724169224500656128e-02,2.924591600894927979e-01,4.146582186222076416e-01,1.669489033520221710e-02,7.804491370916366577e-02,3.599624931812286377e-01,3.893142566084861755e-02,1.292453259229660034e-01,1.817996799945831299e-01,7.197312712669372559e-01,6.709305644035339355e-01,1.000000238418579102e+00,7.831341028213500977e-01,4.877930879592895508e-01,4.250540733337402344e-01,2.937642633914947510e-01,2.433248609304428101e-01,1.137294992804527283e-01,2.868041098117828369e-01,-2.375550754368305206e-02,1.692669391632080078e-01,1.238303929567337036e-01,1.922254115343093872e-01,3.262544572353363037e-01,3.395606875419616699e-01,1.005801372230052948e-02,6.505365669727325439e-02,-2.027445137500762939e-01,-1.037672385573387146e-01,7.396671921014785767e-02,1.176967620849609375e-01,9.101857244968414307e-02,2.273741662502288818e-01,7.087464630603790283e-02,2.792859971523284912e-01,3.564996719360351562e-01,-2.729868283495306969e-04,3.467151429504156113e-03,4.266161322593688965e-01,2.363469302654266357e-01,2.870302796363830566e-01
2.470190376043319702e-01,1.196354627609252930e-02,3.192685246467590332e-01,4.107513427734375000e-01,7.769691199064254761e-02,6.004411354660987854e-02,5.306317210197448730e-01,8.638198673725128174e-02,2.744371592998504639e-01,4.490332901477813721e-01,-3.091122210025787354e-02,3.854018822312355042e-02,4.617574214935302734e-01,8.011114597320556641e-02,2.350811101496219635e-02,2.050011008977890015e-01,7.176382541656494141e-01,6.359158158302307129e-01,7.831341028213500977e-01,1.000000357627868652e+00,6.317933797836303711e-01,5.263479948043823242e-01,3.081608116626739502e-01,3.117433488368988037e-01,3.660450130701065063e-02,2.173037678003311157e-01,-2.864600345492362976e-02,1.663144528865814209e-01,1.712193936109542847e-01,2.244655191898345947e-01,3.278624415397644043e-01,4.098896682262420654e-01,3.068124689161777496e-02,8.658397942781448364e-02,-1.373233050107955933e-01,-2.909783832728862762e-02,1.396616995334625244e-01,1.114502176642417908e-01,1.515151560306549072e-01,1.800055950880050659e-01,8.750948309898376465e-02,2.917857766151428223e-01,5.410008430480957031e-01,3.182867541909217834e-02,9.975688904523849487e-02,4.564705193042755127e-01,2.991729378700256348e-01,3.500359654426574707e-01
2.279507517814636230e-01,-1.594356596469879150e-01,3.812848925590515137e-01,5.997826457023620605e-01,2.650833129882812500e-01,3.747247904539108276e-02,3.906693160533905029e-01,1.096949130296707153e-01,3.054936826229095459e-01,2.698921263217926025e-01,3.505916893482208252e-01,4.392655193805694580e-01,5.971404910087585449e-01,2.346807420253753662e-01,3.002831712365150452e-02,4.087794125080108643e-01,5.473483204841613770e-01,5.721392631530761719e-01,4.877930879592895508e-01,6.317933797836303711e-01,1.000000119209289551e+00,7.575253248214721680e-01,4.659458398818969727e-01,5.245174765586853027e-01,2.742979675531387329e-02,2.019863277673721313e-01,-1.348650306463241577e-01,4.146625846624374390e-02,-3.970457240939140320e-02,5.164186358451843262e-01,6.638066768646240234e-01,5.817722678184509277e-01,3.380587697029113770e-02,1.691878587007522583e-01,-1.781590878963470459e-01,4.474832117557525635e-02,2.328578829765319824e-01,8.156281709671020508e-02,3.735510110855102539e-01,3.416424691677093506e-01,9.247144684195518494e-03,1.280462890863418579e-01,4.230092763900756836e-01,-2.050312161445617676e-01,-2.050080336630344391e-02,2.228698134422302246e-01,5.426710844039916992e-01,4.909328520298004150e-01
1.370834261178970337e-01,-2.595144808292388916e-01,2.152159959077835083e-01,5.090718865394592285e-01,1.389085650444030762e-01,-1.396954357624053955e-01,3.205303251743316650e-01,1.361041888594627380e-02,2.123515605926513672e-01,1.944933086633682251e-01,1.927753388881683350e-01,3.589315712451934814e-01,5.462452769279479980e-01,1.782303899526596069e-01,5.869385600090026855e-02,3.909410238265991211e-01,4.772235751152038574e-01,5.250871181488037109e-01,4.250540733337402344e-01,5.263479948043823242e-01,7.575253248214721680e-01,1.000000357627868652e+00,5.934401750564575195e-01,6.475148797035217285e-01,1.839993000030517578e-01,9.694549441337585449e-02,-4.907921329140663147e-02,6.872630864381790161e-02,-3.137908503413200378e-02,5.133903622627258301e-01,7.527152895927429199e-01,7.049764990806579590e-01,2.534355735406279564e-04,1.465965956449508667e-01,-1.705296337604522705e-01,1.581490598618984222e-02,1.737412363290786743e-01,1.309368908405303955e-01,4.823817908763885498e-01,5.208212137222290039e-01,-1.599256098270416260e-01,-2.348027005791664124e-02,2.262009680271148682e-01,-2.441154271364212036e-01,-1.463260203599929810e-01,1.324227154254913330e-01,6.529731750488281250e-01,6.494771242141723633e-01
-3.620541887357831001e-03,-1.099328622221946716e-01,1.805325150489807129e-01,2.924935221672058105e-01,2.581288516521453857e-01,1.997765339910984039e-02,3.884168267250061035e-01,7.694747298955917358e-02,3.927756547927856445e-01,3.002392649650573730e-01,1.322523355484008789e-01,3.724772036075592041e-01,6.616643667221069336e-01,1.472297497093677521e-02,2.096072882413864136e-01,4.640028476715087891e-01,4.268317222595214844e-01,4.938531219959259033e-01,2.937642633914947510e-01,3.081608116626739502e-01,4.659458398818969727e-01,5.934401750564575195e-01,9.999999403953552246e-01,7.319809198379516602e-01,2.902778983116149902e-01,3.026609420776367188e-01,5.525920167565345764e-02,-3.376832976937294006e-02,-8.245027810335159302e-02,3.784493505954742432e-01,6.064576506614685059e-01,6.951586604118347168e-01,2.270195074379444122e-02,5.352460220456123352e-02,-1.574914753437042236e-01,2.240898460149765015e-01,9.208083152770996094e-02,3.188982307910919189e-01,6.820572614669799805e-01,6.834123730659484863e-01,3.373839333653450012e-02,2.333944290876388550e-01,2.332159876823425293e-01,-1.220115423202514648e-01,-3.799412399530410767e-02,2.842872738838195801e-01,7.267819643020629883e-01,6.248690485954284668e-01
-7.173238694667816162e-02,-6.186476722359657288e-02,1.478707790374755859e-01,3.358912467956542969e-01,1.829945445060729980e-01,-1.313806325197219849e-01,2.667143344879150391e-01,2.188070416450500488e-01,4.430334866046905518e-01,3.964092433452606201e-01,2.396877259016036987e-01,4.020920991897583008e-01,5.908324718475341797e-01,1.236115545034408569e-01,3.121777623891830444e-02,3.162753582000732422e-01,4.391455352306365967e-01,5.290055274963378906e-01,2.433248609304428101e-01,3.117433488368988037e-01,5.245174765586853027e-01,6.475148797035217285e-01,7.319809198379516602e-01,9.999997615814208984e-01,1.807797104120254517e-01,2.989233434200286865e-01,-9.605201333761215210e-02,-9.082450717687606812e-02,-1.194302961230278015e-01,6.018221974372863770e-01,7.225995063781738281e-01,8.185785412788391113e-01,1.015833541750907898e-01,3.010943531990051270e-01,-1.826937496662139893e-01,3.447048962116241455e-01,3.188552260398864746e-01,2.354923486709594727e-01,6.839569807052612305e-01,6.749565005302429199e-01,4.619685560464859009e-02,1.695604771375656128e-01,3.227340281009674072e-01,-4.533806443214416504e-02,3.256814926862716675e-02,3.496797680854797363e-01,8.641199469566345215e-01,7.242693305015563965e-01
1.759997159242630005e-01,-1.655081361532211304e-01,1.804070770740509033e-01,5.161920562386512756e-02,-8.473917096853256226e-02,-1.082910317927598953e-02,1.188623979687690735e-01,-2.871242165565490723e-01,-1.076734811067581177e-01,8.821789175271987915e-02,-2.313765883445739746e-01,1.529115885496139526e-01,1.523957997560501099e-01,-1.824579946696758270e-02,5.795835852622985840e-01,2.594698667526245117e-01,2.693372592329978943e-02,-3.063490241765975952e-02,1.137294992804527283e-01,3.660450130701065063e-02,2.742979675531387329e-02,1.839993000030517578e-01,2.902778983116149902e-01,1.807797104120254517e-01,9.999997019767761230e-01,6.887545436620712280e-02,6.785163879394531250e-01,5.459374189376831055e-01,2.729447782039642334e-01,-7.059553638100624084e-03,1.585553437471389771e-01,8.119278401136398315e-02,2.567792832851409912e-01,-3.554143905639648438e-01,1.952413320541381836e-01,1.305127441883087158e-01,-3.678864240646362305e-01,3.893702626228332520e-01,2.173459529876708984e-01,2.558483183383941650e-01,-1.666133701801300049e-01,-1.316484212875366211e-01,-2.781422436237335205e-01,-8.463435620069503784e-02,-7.969040423631668091e-02,4.232376441359519958e-02,1.736716330051422119e-01,1.371038258075714111e-01
2.814678847789764404e-01,1.241802126169204712e-01,5.427492856979370117e-01,2.999302744865417480e-01,1.271741390228271484e-01,1.238464638590812683e-01,3.965732455253601074e-01,1.650233268737792969e-01,2.718789577484130859e-01,2.891782522201538086e-01,2.473612129688262939e-01,3.589534759521484375e-01,3.433852791786193848e-01,1.761998236179351807e-01,2.478861361742019653e-01,2.249222099781036377e-01,4.356606006622314453e-01,4.308178722858428955e-01,2.868041098117828369e-01,2.173037678003311157e-01,2.019863277673721313e-01,9.694549441337585449e-02,3.026609420776367188e-01,2.989233434200286865e-01,6.887545436620712280e-02,9.999995827674865723e-01,7.201778888702392578e-02,2.692076265811920166e-01,2.514092326164245605e-01,3.991127908229827881e-01,1.617450565099716187e-01,2.432709783315658569e-01,2.186143547296524048e-01,1.016950011253356934e-01,-1.253510266542434692e-01,2.466015219688415527e-01,5.551748350262641907e-02,3.741520345211029053e-01,2.679420709609985352e-01,2.555953264236450195e-01,2.944267094135284424e-01,3.736589550971984863e-01,2.039460390806198120e-01,4.816787689924240112e-02,1.689825356006622314e-01,2.626354992389678955e-01,2.817460596561431885e-01,2.435367405414581299e-01
3.019287884235382080e-01,4.788919910788536072e-02,1.665631234645843506e-01,-1.166013255715370178e-01,-1.832430660724639893e-01,8.966892212629318237e-02,-8.303261548280715942e-02,-2.315354347229003906e-01,-1.763306558132171631e-01,1.148818731307983398e-01,-2.548379302024841309e-01,1.406680196523666382e-01,1.143933609127998352e-01,3.583177551627159119e-02,6.972333192825317383e-01,3.044013679027557373e-01,-1.954099982976913452e-01,-3.078922927379608154e-01,-2.375550754368305206e-02,-2.864600345492362976e-02,-1.348650306463241577e-01,-4.907921329140663147e-02,5.525920167565345764e-02,-9.605201333761215210e-02,6.785163879394531250e-01,7.201778888702392578e-02,9.999999403953552246e-01,7.047640085220336914e-01,4.184408783912658691e-01,-1.400654315948486328e-01,-1.777135431766510010e-01,-2.160793989896774292e-01,3.861484527587890625e-01,-5.034725666046142578e-01,3.518813848495483398e-01,6.438527256250381470e-02,-5.305179357528686523e-01,5.126731395721435547e-01,4.559158161282539368e-02,1.884075254201889038e-02,-7.185126096010208130e-02,-7.507300376892089844e-02,-2.974058389663696289e-01,8.757192641496658325e-02,1.746066212654113770e-01,5.479583516716957092e-02,-1.007067039608955383e-01,-1.632508039474487305e-01
5.791263580322265625e-01,3.296532109379768372e-02,4.384655654430389404e-01,1.379472613334655762e-01,-1.027174144983291626e-01,2.074351459741592407e-01,1.848211437463760376e-01,-2.382712215185165405e-01,-1.234155222773551941e-01,1.352726072072982788e-01,-1.263383030891418457e-01,1.921070665121078491e-01,1.456348299980163574e-01,2.106149196624755859e-01,6.224755644798278809e-01,3.556706309318542480e-01,6.483978778123855591e-02,-1.198154985904693604e-01,1.692669391632080078e-01,1.663144528865814209e-01,4.146625846624374390e-02,6.872630864381790161e-02,-3.376832976937294006e-02,-9.082450717687606812e-02,5.459374189376831055e-01,2.692076265811920166e-01,7.047640085220336914e-01,9.999998211860656738e-01,7.134464383125305176e-01,-1.797469332814216614e-03,-1.435321420431137085e-01,-1.686222851276397705e-01,4.369161427021026611e-01,-2.427583038806915283e-01,4.119513034820556641e-01,1.405218243598937988e-01,-3.552568554878234863e-01,5.503264069557189941e-01,5.479669570922851562e-02,3.997715562582015991e-02,5.589676275849342346e-02,4.825461283326148987e-02,-1.700036227703094482e-01,8.624494075775146484e-03,1.065592393279075623e-01,2.996103093028068542e-02,-1.107312142848968506e-01,-7.019936293363571167e-02
3.888758420944213867e-01,2.311737388372421265e-01,3.337322175502777100e-01,6.326850503683090210e-02,8.155529946088790894e-02,4.216201007366180420e-01,3.879872560501098633e-01,-1.663952767848968506e-01,-3.233625739812850952e-02,6.126962974667549133e-02,-1.144642755389213562e-01,1.386520266532897949e-02,6.596877425909042358e-02,2.117877602577209473e-01,3.447539806365966797e-01,1.901084035634994507e-01,1.716837733983993530e-01,-7.164050638675689697e-02,1.238303929567337036e-01,1.712193936109542847e-01,-3.970457240939140320e-02,-3.137908503413200378e-02,-8.245027810335159302e-02,-1.194302961230278015e-01,2.729447782039642334e-01,2.514092326164245605e-01,4.184408783912658691e-01,7.134464383125305176e-01,9.999997615814208984e-01,6.769489496946334839e-02,-1.968341618776321411e-01,-1.879413574934005737e-01,3.703649640083312988e-01,5.925195291638374329e-03,5.202981233596801758e-01,3.010892570018768311e-01,-1.423225551843643188e-01,4.946964383125305176e-01,1.057677343487739563e-01,-5.082599818706512451e-03,2.441719472408294678e-01,2.583115994930267334e-01,2.066598832607269287e-02,6.961380690336227417e-02,1.075967028737068176e-01,2.019224502146244049e-02,-1.257848441600799561e-01,-1.104417517781257629e-01
1.975309103727340698e-03,8.162881433963775635e-02,2.542433738708496094e-01,3.695956170558929443e-01,1.358840167522430420e-01,-7.521183788776397705e-02,2.170103341341018677e-01,2.644208073616027832e-01,3.637839853763580322e-01,3.032226562500000000e-01,4.069273471832275391e-01,4.405461847782135010e-01,4.239116013050079346e-01,2.994883954524993896e-01,3.829249739646911621e-02,1.920282691717147827e-01,3.625400364398956299e-01,4.296048283576965332e-01,1.922254115343093872e-01,2.244655191898345947e-01,5.164186358451843262e-01,5.133903622627258301e-01,3.784493505954742432e-01,6.018221974372863770e-01,-7.059553638100624084e-03,3.991127908229827881e-01,-1.400654315948486328e-01,-1.797469332814216614e-03,6.769489496946334839e-02,1.000000119209289551e+00,6.704003810882568359e-01,5.236499905586242676e-01,1.089772358536720276e-01,2.979838252067565918e-01,-1.000394225120544434e-01,2.977655529975891113e-01,3.177730739116668701e-01,2.223263084888458252e-01,4.732516705989837646e-01,4.025419354438781738e-01,1.233662143349647522e-01,1.712374091148376465e-01,2.834320664405822754e-01,4.213659837841987610e-02,1.366613209247589111e-01,2.740382850170135498e-01,5.850610733032226562e-01,4.462586641311645508e-01
-6.372763216495513916e-02,-1.960753649473190308e-01,1.391221135854721069e-01,4.208897352218627930e-01,1.622011214494705200e-01,-1.979806274175643921e-01,2.273422628641128540e-01,1.742617040872573853e-01,3.146833777427673340e-01,2.100140750408172607e-01,3.565741777420043945e-01,4.264596998691558838e-01,4.870220422744750977e-01,1.598554104566574097e-01,-2.508795261383056641e-02,2.562625408172607422e-01,4.087881445884704590e-01,5.753047466278076172e-01,3.262544572353363037e-01,3.278624415397644043e-01,6.638066768646240234e-01,7.527152895927429199e-01,6.064576506614685059e-01,7.225995063781738281e-01,1.585553437471389771e-01,1.617450565099716187e-01,-1.777135431766510010e-01,-1.435321420431137085e-01,-1.968341618776321411e-01,6.704003810882568359e-01,1.000000357627868652e+00,7.283058166503906250e-01,-5.868235602974891663e-02,2.357918024063110352e-01,-2.417678385972976685e-01,1.549561023712158203e-01,3.117524087429046631e-01,5.124123767018318176e-02,5.298882126808166504e-01,5.412408709526062012e-01,-7.932014763355255127e-02,-3.297517076134681702e-03,2.505537867546081543e-01,-1.658110320568084717e-01,-9.468507021665573120e-02,2.258381694555282593e-01,7.326772212982177734e-01,5.901325941085815430e-01
-3.356957808136940002e-02,-4.237379878759384155e-02,1.424303352832794189e-01,3.420504033565521240e-01,2.109922915697097778e-01,-1.457561403512954712e-01,3.076916933059692383e-01,1.883904188871383667e-01,3.910182714462280273e-01,2.941477298736572266e-01,2.080748975276947021e-01,2.747974693775177002e-01,4.917844235897064209e-01,8.625421673059463501e-02,-5.680438503623008728e-02,2.581763863563537598e-01,5.004189610481262207e-01,6.108739972114562988e-01,3.395606875419616699e-01,4.098896682262420654e-01,5.817722678184509277e-01,7.049764990806579590e-01,6.951586604118347168e-01,8.185785412788391113e-01,8.119278401136398315e-02,2.432709783315658569e-01,-2.160793989896774292e-01,-1.686222851276397705e-01,-1.879413574934005737e-01,5.236499905586242676e-01,7.283058166503906250e-01,1.000000357627868652e+00,-1.495914161205291748e-02,2.964009046554565430e-01,-2.675972282886505127e-01,2.429809570312500000e-01,3.140140175819396973e-01,9.913028776645660400e-02,5.841931104660034180e-01,6.022253632545471191e-01,3.705212846398353577e-02,1.198507323861122131e-01,3.620909750461578369e-01,-6.313131749629974365e-02,2.878196910023689270e-02,2.786180078983306885e-01,8.244947195053100586e-01,7.175556421279907227e-01
3.838561475276947021e-01,4.119458198547363281e-01,1.362572759389877319e-01,-6.879199296236038208e-02,1.716707497835159302e-01,2.677433192729949951e-01,3.403364866971969604e-02,3.487481474876403809e-01,2.541125416755676270e-01,2.931753396987915039e-01,2.188229411840438843e-01,3.704927265644073486e-01,2.083567529916763306e-01,4.827803671360015869e-01,3.891851603984832764e-01,2.730672359466552734e-01,3.261592239141464233e-02,-6.255713850259780884e-02,1.005801372230052948e-02,3.068124689161777496e-02,3.380587697029113770e-02,2.534355735406279564e-04,2.270195074379444122e-02,1.015833541750907898e-01,2.567792832851409912e-01,2.186143547296524048e-01,3.861484527587890625e-01,4.369161427021026611e-01,3.703649640083312988e-01,1.089772358536720276e-01,-5.868235602974891663e-02,-1.495914161205291748e-02,9.999999403953552246e-01,1.711540669202804565e-01,3.002417087554931641e-01,2.386051714420318604e-01,7.485757023096084595e-02,5.847263336181640625e-01,1.783798784017562866e-01,5.162990838289260864e-02,2.861340045928955078e-01,2.424327284097671509e-01,1.021270379424095154e-01,3.216221630573272705e-01,4.312094449996948242e-01,2.338591367006301880e-01,6.806272268295288086e-02,-4.056305810809135437e-02
