9.999996423721313477e-01,-9.073475003242492676e-02,1.200320720672607422e-01,-2.458437681198120117e-01,2.462476342916488647e-01,-2.546576410531997681e-02,-4.843708872795104980e-02,3.848100826144218445e-02,1.147330179810523987e-01,-6.314469575881958008e-01,1.223140433430671692e-01,-5.956976413726806641e-01,-3.147923648357391357e-01,1.833572834730148315e-01,-3.365842998027801514e-01,7.697831839323043823e-02,-6.881478428840637207e-02,-2.558645009994506836e-01,4.977596458047628403e-03,-2.428604662418365479e-01,-4.244094192981719971e-01,-5.294352769851684570e-01,-2.413004487752914429e-01,-4.085053801536560059e-01,4.361080229282379150e-01,-7.197580486536026001e-02,1.879312843084335327e-01,6.364269852638244629e-01,2.792445421218872070e-01,2.441285699605941772e-01,-3.256863355636596680e-01,-4.072709977626800537e-01,3.817697763442993164e-01,2.848009765148162842e-02,5.866378173232078552e-02,-1.239553838968276978e-01,2.266266644001007080e-01,1.376066654920578003e-01,-9.745089709758758545e-02,-4.019047319889068604e-02,-2.769738733768463135e-01,-2.786254286766052246e-01,-3.861783444881439209e-01,-1.892246752977371216e-01,-4.057149887084960938e-01,-4.805034399032592773e-01,-4.063680171966552734e-01,-7.362410426139831543e-02
-9.073475003242492676e-02,9.999997615814208984e-01,2.630816102027893066e-01,4.151604175567626953e-01,2.770993411540985107e-01,4.479667544364929199e-01,3.086293935775756836e-01,3.804202079772949219e-01,2.834172844886779785e-01,3.264861106872558594e-01,2.691851258277893066e-01,3.416508138179779053e-01,2.932233512401580811e-01,2.809090316295623779e-01,3.578812181949615479e-01,1.465812921524047852e-01,1.712280064821243286e-01,9.442519396543502808e-02,1.633025109767913818e-01,3.162318170070648193e-01,1.964497268199920654e-01,2.217679321765899658e-01,1.224729642271995544e-01,1.835389882326126099e-01,-5.998698621988296509e-02,2.678262889385223389e-01,2.678602933883666992e-01,2.101982980966567993e-01,4.635376036167144775e-01,3.710811436176300049e-01,3.316338360309600830e-01,2.442188560962677002e-01,1.295539736747741699e-01,1.951424926519393921e-01,3.530737161636352539e-01,4.256251454353332520e-01,3.983803689479827881e-01,1.690877526998519897e-01,3.003243803977966309e-01,2.219616174697875977e-01,4.891676604747772217e-01,5.062293410301208496e-01,3.078926205635070801e-01,4.912785589694976807e-01,3.744065761566162109e-01,2.925570905208587646e-01,2.202810049057006836e-01,4.160317033529281616e-02
1.200320720672607422e-01,2.630816102027893066e-01,1.000000476837158203e+00,5.685061812400817871e-01,1.114201620221138000e-01,1.490319669246673584e-01,3.562096953392028809e-01,2.078056633472442627e-01,1.030149012804031372e-01,7.985256612300872803e-02,1.184369400143623352e-01,8.323475718498229980e-02,2.115823626518249512e-01,1.953183114528656006e-01,2.065433114767074585e-01,2.298426181077957153e-01,2.440101206302642822e-01,1.786047220230102539e-01,8.563993126153945923e-02,1.088207587599754333e-01,1.063188314437866211e-01,8.790857344865798950e-02,1.552448123693466187e-01,2.631211839616298676e-02,-1.411877423524856567e-01,5.114690661430358887e-01,1.107226014137268066e-01,4.602565169334411621e-01,4.352791607379913330e-01,2.321391254663467407e-01,2.268570661544799805e-01,9.243053197860717773e-02,3.839578479528427124e-02,1.353539079427719116e-01,2.520439922809600830e-01,1.396743208169937134e-01,1.460804492235183716e-01,1.483685970306396484e-01,2.816100120544433594e-01,1.880041807889938354e-01,5.325234532356262207e-01,5.283739790320396423e-02,1.198752298951148987e-01,5.104287713766098022e-02,7.953668385744094849e-02,1.088530123233795166e-01,5.575680732727050781e-02,6.248231977224349976e-02
-2.458437681198120117e-01,4.151604175567626953e-01,5.685061812400817871e-01,1.000000000000000000e+00,2.900789976119995117e-01,4.529052674770355225e-01,5.166937708854675293e-01,2.359321266412734985e-01,1.072134450078010559e-01,5.554307103157043457e-01,7.832361012697219849e-02,5.505892634391784668e-01,5.730682015419006348e-01,1.009625494480133057e-01,3.829219639301300049e-01,1.705905497074127197e-01,3.224683701992034912e-01,5.931325554847717285e-01,1.016233935952186584e-01,4.537181854248046875e-01,5.852290987968444824e-01,6.132677793502807617e-01,4.314640760421752930e-01,3.851130008697509766e-01,-2.689601778984069824e-01,3.150386512279510498e-01,7.328301668167114258e-02,-3.129427880048751831e-02,1.730803847312927246e-01,5.050810426473617554e-02,6.892769932746887207e-01,5.071848034858703613e-01,-4.929475113749504089e-02,8.573765307664871216e-02,2.617777287960052490e-01,2.951707541942596436e-01,9.638363122940063477e-02,8.876851201057434082e-02,3.278307318687438965e-01,2.110064923763275146e-01,7.551524639129638672e-01,3.859930634498596191e-01,5.247546434402465820e-01,2.334526032209396362e-01,3.414186239242553711e-01,5.350380539894104004e-01,4.315481185913085938e-01,1.991676539182662964e-01
2.462476342916488647e-01,2.770993411540985107e-01,1.114201620221138000e-01,2.900789976119995117e-01,9.999997615814208984e-01,5.481809377670288086e-01,1.692617684602737427e-01,1.734052598476409912e-01,-1.036926358938217163e-02,2.943468838930130005e-02,-4.536957480013370514e-03,2.954471297562122345e-02,2.313234359025955200e-01,4.830196499824523926e-02,6.995725631713867188e-02,4.203620180487632751e-02,-2.563360705971717834e-02,1.836130768060684204e-01,8.950641751289367676e-02,3.287349343299865723e-01,2.224623411893844604e-01,1.234229728579521179e-01,1.854293644428253174e-01,9.422774426639080048e-03,1.153239086270332336e-01,-1.006355732679367065e-01,2.015126347541809082e-01,2.350972443819046021e-01,1.498421281576156616e-01,5.033988505601882935e-02,2.443134486675262451e-01,1.282922923564910889e-01,2.303716093301773071e-01,1.219159886240959167e-01,1.653997004032135010e-01,-2.287946827709674835e-02,2.593733668327331543e-01,1.882408708333969116e-01,6.407103687524795532e-02,-1.357149146497249603e-02,3.009745776653289795e-01,1.335865706205368042e-01,1.871464550495147705e-01,1.254150122404098511e-01,7.871919870376586914e-02,1.182483956217765808e-01,3.839820250868797302e-02,-7.346258498728275299e-04
-2.546576410531997681e-02,4.479667544364929199e-01,1.490319669246673584e-01,4.529052674770355225e-01,5.481809377670288086e-01,9.999996423721313477e-01,4.807517528533935547e-01,1.979365497827529907e-01,6.886056065559387207e-02,3.161022365093231201e-01,2.811779640614986420e-02,3.000431954860687256e-01,5.155859589576721191e-01,6.687874346971511841e-02,3.116087317466735840e-01,2.286994904279708862e-01,2.833053469657897949e-01,3.933875560760498047e-01,7.975768297910690308e-02,5.193729996681213379e-01,4.803537428379058838e-01,4.024041593074798584e-01,4.061021506786346436e-01,2.012365609407424927e-01,-9.695620834827423096e-02,3.467274084687232971e-02,1.759915500879287720e-01,8.707014471292495728e-02,1.585174649953842163e-01,6.604857742786407471e-02,4.009312391281127930e-01,3.359645903110504150e-01,9.798828512430191040e-02,5.770211666822433472e-02,2.834866344928741455e-01,1.448484361171722412e-01,1.849059611558914185e-01,1.792054474353790283e-01,2.524524331092834473e-01,2.040162682533264160e-01,3.489454090595245361e-01,3.042241036891937256e-01,3.103749454021453857e-01,2.500881552696228027e-01,2.786533832550048828e-01,3.667523264884948730e-01,2.892377972602844238e-01,1.441673040390014648e-01
-4.843708872795104980e-02,3.086293935775756836e-01,3.562096953392028809e-01,5.166937708854675293e-01,1.692617684602737427e-01,4.807517528533935547e-01,9.999994635581970215e-01,2.857660651206970215e-01,4.420269429683685303e-01,3.717176318168640137e-01,4.927597641944885254e-01,3.359512090682983398e-01,4.153991639614105225e-01,3.571043610572814941e-01,3.316696882247924805e-01,4.752703011035919189e-01,7.580288052558898926e-01,4.387363791465759277e-01,4.782404284924268723e-03,3.850026428699493408e-01,4.340006411075592041e-01,4.188327193260192871e-01,4.958252012729644775e-01,1.916791647672653198e-01,-2.905203700065612793e-01,4.168694913387298584e-01,6.308083236217498779e-02,3.559165447950363159e-02,2.753989696502685547e-01,3.855115473270416260e-01,4.141691625118255615e-01,2.309932261705398560e-01,-9.902413189411163330e-02,9.553167223930358887e-02,2.550947666168212891e-01,2.314952015876770020e-01,2.264553904533386230e-01,6.196361780166625977e-02,2.148351073265075684e-01,1.828821897506713867e-01,4.516519904136657715e-01,2.315226942300796509e-01,2.363448739051818848e-01,1.456597596406936646e-01,2.476138025522232056e-01,3.250592350959777832e-01,2.363171428442001343e-01,4.544129967689514160e-01
3.848100826144218445e-02,3.804202079772949219e-01,2.078056633472442627e-01,2.359321266412734985e-01,1.734052598476409912e-01,1.979365497827529907e-01,2.857660651206970215e-01,9.999997019767761230e-01,3.794914782047271729e-01,2.862758636474609375e-01,3.386565744876861572e-01,3.455925583839416504e-01,2.904019653797149658e-01,4.722000360488891602e-01,4.744377732276916504e-01,3.564931154251098633e-01,3.207759261131286621e-01,2.641636729240417480e-01,-5.380847956985235214e-03,1.353520452976226807e-01,2.237391471862792969e-01,1.773166805505752563e-01,-6.635013222694396973e-02,-6.489218212664127350e-03,1.321794241666793823e-01,1.109761521220207214e-01,1.715790778398513794e-01,-1.376064773648977280e-02,1.146700754761695862e-01,3.701438009738922119e-01,2.989764511585235596e-01,1.750520616769790649e-01,2.246812134981155396e-01,2.869360744953155518e-01,3.439800441265106201e-01,2.762224674224853516e-01,3.896784782409667969e-01,3.860874176025390625e-01,2.382554113864898682e-01,2.581396698951721191e-02,2.395095974206924438e-01,3.744504749774932861e-01,2.351025938987731934e-01,2.379352003335952759e-01,3.094984591007232666e-01,3.086614012718200684e-01,9.125109016895294189e-02,-1.437714844942092896e-01
1.147330179810523987e-01,2.834172844886779785e-01,1.030149012804031372e-01,1.072134450078010559e-01,-1.036926358938217163e-02,6.886056065559387207e-02,4.420269429683685303e-01,3.794914782047271729e-01,9.999994635581970215e-01,1.907909214496612549e-01,7.119289040565490723e-01,1.889242529869079590e-01,1.700267493724822998e-01,5.202684402465820312e-01,3.154441714286804199e-01,4.515039324760437012e-01,4.418324232101440430e-01,6.819944083690643311e-02,-4.781990125775337219e-02,2.503596246242523193e-02,9.042403846979141235e-02,1.143998727202415466e-01,1.648881137371063232e-01,1.855276525020599365e-02,-6.210009753704071045e-02,2.256838679313659668e-01,2.366563826799392700e-01,1.232351884245872498e-01,3.379625678062438965e-01,5.068436264991760254e-01,1.155170425772666931e-01,8.866284042596817017e-02,3.497308644000440836e-04,1.307037025690078735e-01,2.405423074960708618e-01,2.982304096221923828e-01,4.826625585556030273e-01,1.690572798252105713e-01,1.475491374731063843e-01,1.477951854467391968e-01,1.886892765760421753e-01,3.203446269035339355e-01,8.905246108770370483e-02,3.048886060714721680e-01,1.393932700157165527e-01,1.844644397497177124e-01,6.920925527811050415e-02,3.777973949909210205e-01
-6.314469575881958008e-01,3.264861106872558594e-01,7.985256612300872803e-02,5.554307103157043457e-01,2.943468838930130005e-02,3.161022365093231201e-01,3.717176318168640137e-01,2.862758636474609375e-01,1.907909214496612549e-01,1.000000119209289551e+00,1.165876835584640503e-01,9.062389135360717773e-01,6.878827214241027832e-01,7.936614751815795898e-02,6.667780280113220215e-01,2.138661146163940430e-01,3.742523789405822754e-01,6.157212853431701660e-01,8.657839894294738770e-02,5.096418857574462891e-01,7.580500245094299316e-01,8.183788061141967773e-01,4.818608462810516357e-01,5.549413561820983887e-01,-3.523139953613281250e-01,1.439144462347030640e-01,-2.950345538556575775e-02,-4.882151484489440918e-01,-1.050527095794677734e-01,-3.241261094808578491e-02,6.866336464881896973e-01,6.771827936172485352e-01,-1.917948126792907715e-01,1.020092293620109558e-01,2.159815281629562378e-01,3.478718400001525879e-01,4.219874273985624313e-03,1.356727331876754761e-01,3.452943861484527588e-01,2.108200490474700928e-01,5.476389527320861816e-01,6.588868498802185059e-01,7.257174849510192871e-01,4.422653019428253174e-01,6.955605745315551758e-01,8.423757553100585938e-01,6.114960312843322754e-01,2.894413769245147705e-01
1.223140433430671692e-01,2.691851258277893066e-01,1.184369400143623352e-01,7.832361012697219849e-02,-4.536957480013370514e-03,2.811779640614986420e-02,4.927597641944885254e-01,3.386565744876861572e-01,7.119289040565490723e-01,1.165876835584640503e-01,9.999999403953552246e-01,1.321064829826354980e-01,6.394805759191513062e-02,6.328083276748657227e-01,2.221884280443191528e-01,4.081867337226867676e-01,4.348574578762054443e-01,4.138270393013954163e-03,-2.218213081359863281e-01,-8.137061446905136108e-02,1.565312221646308899e-02,3.439451754093170166e-02,7.948063313961029053e-02,-4.141565412282943726e-02,-1.316431611776351929e-01,2.110458016395568848e-01,1.444348841905593872e-01,8.410425484180450439e-02,2.899022698402404785e-01,5.206983685493469238e-01,2.877935953438282013e-02,-5.793375149369239807e-02,-4.376280680298805237e-02,1.285320967435836792e-01,1.315771043300628662e-01,2.268912047147750854e-01,4.879544675350189209e-01,1.439884305000305176e-01,-1.162109337747097015e-02,1.026151608675718307e-02,1.349171102046966553e-01,1.590270549058914185e-01,-7.666942477226257324e-02,1.694186478853225708e-01,6.421264261007308960e-02,6.416682898998260498e-02,-5.024367198348045349e-02,3.332373797893524170e-01
-5.956976413726806641e-01,3.416508138179779053e-01,8.323475718498229980e-02,5.505892634391784668e-01,2.954471297562122345e-02,3.000431954860687256e-01,3.359512090682983398e-01,3.455925583839416504e-01,1.889242529869079590e-01,9.062389135360717773e-01,1.321064829826354980e-01,1.000000000000000000e+00,7.106038331985473633e-01,1.258678883314132690e-01,7.342233061790466309e-01,2.609601020812988281e-01,3.613498806953430176e-01,6.167004704475402832e-01,1.388233900070190430e-01,5.118988752365112305e-01,7.219584584236145020e-01,7.899125218391418457e-01,4.585533440113067627e-01,5.681481957435607910e-01,-3.044902384281158447e-01,1.695246100425720215e-01,1.267906744033098221e-03,-4.703320562839508057e-01,-1.159559488296508789e-01,-2.723945677280426025e-02,6.818922162055969238e-01,6.815215945243835449e-01,-1.160565465688705444e-01,1.161761879920959473e-01,2.392164319753646851e-01,4.094075560569763184e-01,3.482670709490776062e-02,2.318763285875320435e-01,4.047220647335052490e-01,2.510167062282562256e-01,5.086449980735778809e-01,6.206309199333190918e-01,7.058237791061401367e-01,4.476964175701141357e-01,6.696441173553466797e-01,8.280906677246093750e-01,6.341446638107299805e-01,2.740905582904815674e-01
-3.147923648357391357e-01,2.932233512401580811e-01,2.115823626518249512e-01,5.730682015419006348e-01,2.313234359025955200e-01,5.155859589576721191e-01,4.153991639614105225e-01,2.904019653797149658e-01,1.700267493724822998e-01,6.878827214241027832e-01,6.394805759191513062e-02,7.106038331985473633e-01,9.999997615814208984e-01,1.368597149848937988e-01,6.365566253662109375e-01,4.536143243312835693e-01,4.471379220485687256e-01,7.262806296348571777e-01,2.687462866306304932e-01,7.172312736511230469e-01,8.170502185821533203e-01,7.590088844299316406e-01,6.039708256721496582e-01,4.802138209342956543e-01,-1.505758017301559448e-01,2.382702082395553589e-01,1.830394268035888672e-01,-2.353676259517669678e-01,-2.183043630793690681e-03,7.719706743955612183e-02,7.498530745506286621e-01,7.348014116287231445e-01,4.844136536121368408e-02,1.987478882074356079e-01,3.993123173713684082e-01,3.255785107612609863e-01,1.667142659425735474e-01,2.326973974704742432e-01,5.612552165985107422e-01,4.893220961093902588e-01,4.763293862342834473e-01,4.003014862537384033e-01,6.060364246368408203e-01,3.082824349403381348e-01,4.750561118125915527e-01,7.228924036026000977e-01,6.172332763671875000e-01,3.602299094200134277e-01
1.833572834730148315e-01,2.809090316295623779e-01,1.953183114528656006e-01,1.009625494480133057e-01,4.830196499824523926e-02,6.687874346971511841e-02,3.571043610572814941e-01,4.722000360488891602e-01,5.202684402465820312e-01,7.936614751815795898e-02,6.328083276748657227e-01,1.258678883314132690e-01,1.368597149848937988e-01,9.999998211860656738e-01,3.112091422080993652e-01,4.231449067592620850e-01,4.144725203514099121e-01,6.780790537595748901e-02,-4.035079106688499451e-02,-2.316071651875972748e-03,3.139030188322067261e-02,2.642017975449562073e-02,1.035389676690101624e-01,-4.308009892702102661e-02,-4.811063036322593689e-02,2.496781051158905029e-01,2.035697251558303833e-01,1.695096045732498169e-01,2.573503255844116211e-01,4.778888225555419922e-01,1.010255217552185059e-01,4.333110991865396500e-03,1.511917412281036377e-01,2.842594683170318604e-01,3.493248820304870605e-01,2.234072983264923096e-01,6.696032285690307617e-01,3.407405316829681396e-01,1.822756826877593994e-01,1.424383074045181274e-01,1.646707803010940552e-01,1.544446796178817749e-01,2.309836447238922119e-02,1.741616576910018921e-01,8.750279247760772705e-02,1.010440811514854431e-01,7.846725173294544220e-03,2.054234445095062256e-01
-3.365842998027801514e-01,3.578812181949615479e-01,2.065433114767074585e-01,3.829219639301300049e-01,6.995725631713867188e-02,3.116087317466735840e-01,3.316696882247924805e-01,4.744377732276916504e-01,3.154441714286804199e-01,6.667780280113220215e-01,2.221884280443191528e-01,7.342233061790466309e-01,6.365566253662109375e-01,3.112091422080993652e-01,1.000000357627868652e+00,4.271493852138519287e-01,3.741790354251861572e-01,4.508305788040161133e-01,1.105961650609970093e-01,3.985843956470489502e-01,5.235278010368347168e-01,5.422644615173339844e-01,3.240935504436492920e-01,3.012444376945495605e-01,-2.558512389659881592e-01,2.412583231925964355e-01,7.417730242013931274e-02,-1.848792135715484619e-01,5.476010963320732117e-02,2.047857642173767090e-01,4.870651662349700928e-01,5.224419236183166504e-01,5.052126944065093994e-02,3.659199774265289307e-01,3.773082196712493896e-01,3.548361957073211670e-01,2.360964268445968628e-01,5.281297564506530762e-01,4.766935110092163086e-01,2.713945508003234863e-01,3.824717104434967041e-01,4.820448160171508789e-01,5.079135894775390625e-01,4.478606879711151123e-01,6.656214594841003418e-01,6.601216197013854980e-01,4.539064764976501465e-01,2.285721600055694580e-01
7.697831839323043823e-02,1.465812921524047852e-01,2.298426181077957153e-01,1.705905497074127197e-01,4.203620180487632751e-02,2.286994904279708862e-01,4.752703011035919189e-01,3.564931154251098633e-01,4.515039324760437012e-01,2.138661146163940430e-01,4.081867337226867676e-01,2.609601020812988281e-01,4.536143243312835693e-01,4.231449067592620850e-01,4.271493852138519287e-01,1.000000000000000000e+00,5.783215761184692383e-01,3.036779761314392090e-01,2.213063985109329224e-01,3.247013390064239502e-01,2.682963013648986816e-01,2.195951789617538452e-01,4.124307632446289062e-01,1.156339794397354126e-01,-7.472731918096542358e-02,3.346686959266662598e-01,1.138029843568801880e-01,1.047089546918869019e-01,2.036040127277374268e-01,3.794336915016174316e-01,2.623132765293121338e-01,2.117166221141815186e-01,1.117451190948486328e-01,2.644447684288024902e-01,3.833827972412109375e-01,3.185902237892150879e-01,2.956487536430358887e-01,2.325624972581863403e-01,5.006262063980102539e-01,3.905356228351593018e-01,1.743220388889312744e-01,7.167808711528778076e-02,1.126081198453903198e-01,7.591801881790161133e-02,1.906085610389709473e-01,2.553571462631225586e-01,2.478502541780471802e-01,3.743407130241394043e-01
-6.881478428840637207e-02,1.712280064821243286e-01,2.440101206302642822e-01,3.224683701992034912e-01,-2.563360705971717834e-02,2.833053469657897949e-01,7.580288052558898926e-01,3.207759261131286621e-01,4.418324232101440430e-01,3.742523789405822754e-01,4.348574578762054443e-01,3.613498806953430176e-01,4.471379220485687256e-01,4.144725203514099121e-01,3.741790354251861572e-01,5.783215761184692383e-01,9.999997019767761230e-01,5.301396250724792480e-01,2.668769955635070801e-01,4.721516072750091553e-01,4.480770230293273926e-01,4.436135590076446533e-01,5.853096842765808105e-01,2.903872430324554443e-01,-2.631752192974090576e-01,4.111240208148956299e-01,8.680134266614913940e-02,-4.725874960422515869e-02,1.432400047779083252e-01,3.355925083160400391e-01,4.464285373687744141e-01,3.412114381790161133e-01,-7.292748894542455673e-03,1.800949275493621826e-01,3.636333346366882324e-01,2.906615436077117920e-01,2.094784677028656006e-01,5.190016329288482666e-02,3.585306406021118164e-01,4.362043142318725586e-01,2.914927601814270020e-01,2.266410738229751587e-01,2.618100941181182861e-01,1.231238469481468201e-01,2.319945394992828369e-01,3.496269583702087402e-01,3.774798214435577393e-01,5.666077136993408203e-01
-2.558645009994506836e-01,9.442519396543502808e-02,1.786047220230102539e-01,5.931325554847717285e-01,1.836130768060684204e-01,3.933875560760498047e-01,4.387363791465759277e-01,2.641636729240417480e-01,6.819944083690643311e-02,6.157212853431701660e-01,4.138270393013954163e-03,6.167004704475402832e-01,7.262806296348571777e-01,6.780790537595748901e-02,4.508305788040161133e-01,3.036779761314392090e-01,5.301396250724792480e-01,1.000000476837158203e+00,1.804951876401901245e-01,6.262023448944091797e-01,8.278803825378417969e-01,7.765545248985290527e-01,5.938576459884643555e-01,4.916974604129791260e-01,-1.553515493869781494e-01,1.487325578927993774e-01,4.616932198405265808e-02,-3.356245458126068115e-01,-1.818714737892150879e-01,-1.261324286460876465e-01,7.656052112579345703e-01,6.633381843566894531e-01,2.518315240740776062e-02,1.091141626238822937e-01,2.097174823284149170e-01,1.923753023147583008e-01,-1.397809665650129318e-02,1.237573996186256409e-01,3.196889758110046387e-01,3.181650936603546143e-01,4.095343947410583496e-01,3.102355301380157471e-01,5.652894973754882812e-01,1.386404484510421753e-01,3.178027272224426270e-01,6.355318427085876465e-01,5.668718218803405762e-01,2.954734861850738525e-01
4.977596458047628403e-03,1.633025109767913818e-01,8.563993126153945923e-02,1.016233935952186584e-01,8.950641751289367676e-02,7.975768297910690308e-02,4.782404284924268723e-03,-5.380847956985235214e-03,-4.781990125775337219e-02,8.657839894294738770e-02,-2.218213081359863281e-01,1.388233900070190430e-01,2.687462866306304932e-01,-4.035079106688499451e-02,1.105961650609970093e-01,2.213063985109329224e-01,2.668769955635070801e-01,1.804951876401901245e-01,9.999997615814208984e-01,6.242770552635192871e-01,1.482101678848266602e-01,1.119579300284385681e-01,3.084100186824798584e-01,2.459084987640380859e-01,-7.323630154132843018e-02,2.905597090721130371e-01,1.166824772953987122e-01,1.366887241601943970e-01,8.806398510932922363e-02,-5.770238116383552551e-02,2.256153672933578491e-01,2.585774064064025879e-01,1.289195120334625244e-01,7.332793623208999634e-02,2.155956476926803589e-01,1.302473396062850952e-01,6.570316106081008911e-02,-9.733870974741876125e-04,5.242344737052917480e-01,5.450976490974426270e-01,9.102977812290191650e-02,1.729691773653030396e-01,3.891581296920776367e-01,1.442642956972122192e-01,1.685309708118438721e-01,2.142904847860336304e-01,2.609061896800994873e-01,1.479986906051635742e-01
-2.428604662418365479e-01,3.162318170070648193e-01,1.088207587599754333e-01,4.537181854248046875e-01,3.287349343299865723e-01,5.193729996681213379e-01,3.850026428699493408e-01,1.353520452976226807e-01,2.503596246242523193e-02,5.096418857574462891e-01,-8.137061446905136108e-02,5.118988752365112305e-01,7.172312736511230469e-01,-2.316071651875972748e-03,3.985843956470489502e-01,3.247013390064239502e-01,4.721516072750091553e-01,6.262023448944091797e-01,6.242770552635192871e-01,9.999997019767761230e-01,6.977355480194091797e-01,6.044541001319885254e-01,6.112122535705566406e-01,4.447437822818756104e-01,-1.925551742315292358e-01,2.656886279582977295e-01,8.168179541826248169e-02,-1.242472380399703979e-01,2.349702827632427216e-02,-1.640264503657817841e-02,6.270244717597961426e-01,5.943853259086608887e-01,6.857790797948837280e-02,1.310668885707855225e-01,2.903027236461639404e-01,2.068039327859878540e-01,1.367422789335250854e-01,4.745661094784736633e-02,4.900336861610412598e-01,5.323536396026611328e-01,3.893962204456329346e-01,3.513569235801696777e-01,5.978258252143859863e-01,2.658460438251495361e-01,3.813366293907165527e-01,5.562558770179748535e-01,5.249285697937011719e-01,3.129350244998931885e-01
-4.244094192981719971e-01,1.964497268199920654e-01,1.063188314437866211e-01,5.852290987968444824e-01,2.224623411893844604e-01,4.803537428379058838e-01,4.340006411075592041e-01,2.237391471862792969e-01,9.042403846979141235e-02,7.580500245094299316e-01,1.565312221646308899e-02,7.219584584236145020e-01,8.170502185821533203e-01,3.139030188322067261e-02,5.235278010368347168e-01,2.682963013648986816e-01,4.480770230293273926e-01,8.278803825378417969e-01,1.482101678848266602e-01,6.977355480194091797e-01,9.999996423721313477e-01,8.732224106788635254e-01,6.300827264785766602e-01,4.698067605495452881e-01,-1.931606084108352661e-01,9.977284818887710571e-02,9.744805097579956055e-02,-4.272357523441314697e-01,-1.756443828344345093e-01,-8.488450944423675537e-02,7.908802628517150879e-01,7.332727313041687012e-01,-2.498079091310501099e-02,9.357167035341262817e-02,1.932123899459838867e-01,1.685892194509506226e-01,-1.782187246135435998e-05,7.893936336040496826e-02,3.276765644550323486e-01,2.902929782867431641e-01,4.757706522941589355e-01,4.438194930553436279e-01,6.335423588752746582e-01,2.731159329414367676e-01,4.421145319938659668e-01,7.391046881675720215e-01,5.768913626670837402e-01,3.452014923095703125e-01
-5.294352769851684570e-01,2.217679321765899658e-01,8.790857344865798950e-02,6.132677793502807617e-01,1.234229728579521179e-01,4.024041593074798584e-01,4.188327193260192871e-01,1.773166805505752563e-01,1.143998727202415466e-01,8.183788061141967773e-01,3.439451754093170166e-02,7.899125218391418457e-01,7.590088844299316406e-01,2.642017975449562073e-02,5.422644615173339844e-01,2.195951789617538452e-01,4.436135590076446533e-01,7.765545248985290527e-01,1.119579300284385681e-01,6.044541001319885254e-01,8.732224106788635254e-01,1.000000119209289551e+00,6.920505166053771973e-01,6.008450984954833984e-01,-2.946712672710418701e-01,9.593642503023147583e-02,4.170430451631546021e-02,-4.665489196777343750e-01,-1.656736880540847778e-01,-1.154502034187316895e-01,8.149929642677307129e-01,8.021513819694519043e-01,-1.542246937751770020e-01,2.782713249325752258e-02,2.139343470335006714e-01,3.026263713836669922e-01,-3.693244606256484985e-02,4.632878303527832031e-02,3.448669016361236572e-01,3.065112829208374023e-01,5.205655694007873535e-01,4.891298115253448486e-01,6.653993725776672363e-01,3.190248906612396240e-01,4.674262404441833496e-01,7.684940695762634277e-01,6.916634440422058105e-01,4.742569625377655029e-01
-2.413004487752914429e-01,1.224729642271995544e-01,1.552448123693466187e-01,4.314640760421752930e-01,1.854293644428253174e-01,4.061021506786346436e-01,4.958252012729644775e-01,-6.635013222694396973e-02,1.648881137371063232e-01,4.818608462810516357e-01,7.948063313961029053e-02,4.585533440113067627e-01,6.039708256721496582e-01,1.035389676690101624e-01,3.240935504436492920e-01,4.124307632446289062e-01,5.853096842765808105e-01,5.938576459884643555e-01,3.084100186824798584e-01,6.112122535705566406e-01,6.300827264785766602e-01,6.920505166053771973e-01,1.000000238418579102e+00,5.974663496017456055e-01,-2.867516279220581055e-01,1.749632805585861206e-01,1.050789132714271545e-01,-1.802598536014556885e-01,-2.234399132430553436e-02,-4.609063640236854553e-02,5.845497250556945801e-01,6.052838563919067383e-01,-1.397034227848052979e-01,-3.351102396845817566e-02,2.264945954084396362e-01,2.903841733932495117e-01,2.055211178958415985e-02,-7.650637626647949219e-02,4.160479903221130371e-01,4.735476970672607422e-01,3.669840395450592041e-01,2.362892478704452515e-01,4.364266693592071533e-01,1.309912502765655518e-01,2.259206175804138184e-01,4.835017919540405273e-01,6.417226195335388184e-01,7.387964725494384766e-01
-4.085053801536560059e-01,1.835389882326126099e-01,2.631211839616298676e-02,3.851130008697509766e-01,9.422774426639080048e-03,2.012365609407424927e-01,1.916791647672653198e-01,-6.489218212664127350e-03,1.855276525020599365e-02,5.549413561820983887e-01,-4.141565412282943726e-02,5.681481957435607910e-01,4.802138209342956543e-01,-4.308009892702102661e-02,3.012444376945495605e-01,1.156339794397354126e-01,2.903872430324554443e-01,4.916974604129791260e-01,2.459084987640380859e-01,4.447437822818756104e-01,4.698067605495452881e-01,6.008450984954833984e-01,5.974663496017456055e-01,9.999997615814208984e-01,-2.829287648200988770e-01,1.520319432020187378e-01,6.227551400661468506e-02,-2.740111649036407471e-01,-4.814392421394586563e-03,-9.876056760549545288e-02,5.354062914848327637e-01,6.145284771919250488e-01,-1.588292866945266724e-01,-1.911549828946590424e-02,1.503301560878753662e-01,5.505194067955017090e-01,-5.651987716555595398e-02,-1.774798892438411713e-02,4.099951982498168945e-01,4.240969717502593994e-01,3.416836559772491455e-01,3.038049042224884033e-01,4.845965802669525146e-01,2.102648168802261353e-01,3.242841064929962158e-01,4.692341685295104980e-01,7.812069058418273926e-01,3.957874476909637451e-01
4.361080229282379150e-01,-5.998698621988296509e-02,-1.411877423524856567e-01,-2.689601778984069824e-01,1.153239086270332336e-01,-9.695620834827423096e-02,-2.905203700065612793e-01,1.321794241666793823e-01,-6.210009753704071045e-02,-3.523139953613281250e-01,-1.316431611776351929e-01,-3.044902384281158447e-01,-1.505758017301559448e-01,-4.811063036322593689e-02,-2.558512389659881592e-01,-7.472731918096542358e-02,-2.631752192974090576e-01,-1.553515493869781494e-01,-7.323630154132843018e-02,-1.925551742315292358e-01,-1.931606084108352661e-01,-2.946712672710418701e-01,-2.867516279220581055e-01,-2.829287648200988770e-01,1.000000000000000000e+00,-2.567353844642639160e-01,1.440788805484771729e-01,1.393114030361175537e-01,-4.891185835003852844e-02,7.102789729833602905e-02,-1.470395177602767944e-01,-1.917638778686523438e-01,5.067194700241088867e-01,6.863082200288772583e-02,-5.729650706052780151e-02,-6.637273728847503662e-02,5.348282307386398315e-02,-2.519985474646091461e-02,-8.240368962287902832e-02,-1.483395099639892578e-01,-3.321889340877532959e-01,-2.093107998371124268e-01,-2.578371167182922363e-01,-1.456426829099655151e-01,-2.423965334892272949e-01,-3.073764145374298096e-01,-2.705376446247100830e-01,-2.422279268503189087e-01
-7.197580486536026001e-02,2.678262889385223389e-01,5.114690661430358887e-01,3.150386512279510498e-01,-1.006355732679367065e-01,3.467274084687232971e-02,4.168694913387298584e-01,1.109761521220207214e-01,2.256838679313659668e-01,1.439144462347030640e-01,2.110458016395568848e-01,1.695246100425720215e-01,2.382702082395553589e-01,2.496781051158905029e-01,2.412583231925964355e-01,3.346686959266662598e-01,4.111240208148956299e-01,1.487325578927993774e-01,2.905597090721130371e-01,2.656886279582977295e-01,9.977284818887710571e-02,9.593642503023147583e-02,1.749632805585861206e-01,1.520319432020187378e-01,-2.567353844642639160e-01,9.999999403953552246e-01,1.360011845827102661e-01,3.592120110988616943e-01,5.734819769859313965e-01,4.208748042583465576e-01,2.324583828449249268e-01,1.506684571504592896e-01,5.148599855601787567e-03,1.928432136774063110e-01,3.034712374210357666e-01,2.157504409551620483e-01,2.626239657402038574e-01,1.346973180770874023e-01,3.654755651950836182e-01,4.016149938106536865e-01,4.486775994300842285e-01,2.450356818735599518e-02,1.891927123069763184e-01,1.326387822628021240e-01,1.076135709881782532e-01,1.611360162496566772e-01,1.927359402179718018e-01,1.843457669019699097e-01
1.879312843084335327e-01,2.678602933883666992e-01,1.107226014137268066e-01,7.328301668167114258e-02,2.015126347541809082e-01,1.759915500879287720e-01,6.308083236217498779e-02,1.715790778398513794e-01,2.366563826799392700e-01,-2.950345538556575775e-02,1.444348841905593872e-01,1.267906744033098221e-03,1.830394268035888672e-01,2.035697251558303833e-01,7.417730242013931274e-02,1.138029843568801880e-01,8.680134266614913940e-02,4.616932198405265808e-02,1.166824772953987122e-01,8.168179541826248169e-02,9.744805097579956055e-02,4.170430451631546021e-02,1.050789132714271545e-01,6.227551400661468506e-02,1.440788805484771729e-01,1.360011845827102661e-01,9.999995231628417969e-01,2.566525936126708984e-01,3.666695356369018555e-01,3.356759548187255859e-01,1.847692281007766724e-01,1.266374439001083374e-01,1.583934575319290161e-01,8.806750178337097168e-02,2.493177205324172974e-01,1.691380292177200317e-01,2.434074282646179199e-01,1.287362426519393921e-01,2.364053279161453247e-01,2.188562899827957153e-01,1.169426590204238892e-01,9.699250012636184692e-02,9.007503092288970947e-02,1.005876064300537109e-01,-2.581438422203063965e-02,9.244939684867858887e-02,1.175937131047248840e-01,1.172661632299423218e-01
6.364269852638244629e-01,2.101982980966567993e-01,4.602565169334411621e-01,-3.129427880048751831e-02,2.350972443819046021e-01,8.707014471292495728e-02,3.559165447950363159e-02,-1.376064773648977280e-02,1.232351884245872498e-01,-4.882151484489440918e-01,8.410425484180450439e-02,-4.703320562839508057e-01,-2.353676259517669678e-01,1.695096045732498169e-01,-1.848792135715484619e-01,1.047089546918869019e-01,-4.725874960422515869e-02,-3.356245458126068115e-01,1.366887241601943970e-01,-1.242472380399703979e-01,-4.272357523441314697e-01,-4.665489196777343750e-01,-1.802598536014556885e-01,-2.740111649036407471e-01,1.393114030361175537e-01,3.592120110988616943e-01,2.566525936126708984e-01,1.000000238418579102e+00,7.174361944198608398e-01,3.816026449203491211e-01,-2.325629144906997681e-01,-3.068962693214416504e-01,3.093066811561584473e-01,1.009185910224914551e-01,2.273553460836410522e-01,6.202197447419166565e-02,2.924480736255645752e-01,1.199533343315124512e-01,1.262641996145248413e-01,1.581452488899230957e-01,9.475340694189071655e-02,-1.930827796459197998e-01,-2.214025706052780151e-01,-1.845240406692028046e-02,-2.440069615840911865e-01,-3.754361271858215332e-01,-2.668776214122772217e-01,-9.216044098138809204e-02
2.792445421218872070e-01,4.635376036167144775e-01,4.352791607379913330e-01,1.730803847312927246e-01,1.498421281576156616e-01,1.585174649953842163e-01,2.753989696502685547e-01,1.146700754761695862e-01,3.379625678062438965e-01,-1.050527095794677734e-01,2.899022698402404785e-01,-1.159559488296508789e-01,-2.183043630793690681e-03,2.573503255844116211e-01,5.476010963320732117e-02,2.036040127277374268e-01,1.432400047779083252e-01,-1.818714737892150879e-01,8.806398510932922363e-02,2.349702827632427216e-02,-1.756443828344345093e-01,-1.656736880540847778e-01,-2.234399132430553436e-02,-4.814392421394586563e-03,-4.891185835003852844e-02,5.734819769859313965e-01,3.666695356369018555e-01,7.174361944198608398e-01,9.999999403953552246e-01,6.483436226844787598e-01,3.859391435980796814e-02,-6.553513556718826294e-02,1.230846121907234192e-01,1.912285536527633667e-01,3.695328235626220703e-01,3.670718073844909668e-01,3.883055150508880615e-01,9.451708197593688965e-02,2.770175039768218994e-01,2.645129859447479248e-01,3.791991472244262695e-01,3.285211697220802307e-02,5.901395808905363083e-03,1.282068192958831787e-01,8.265582844614982605e-03,-7.811120897531509399e-02,1.891118660569190979e-02,9.245821833610534668e-02
2.441285699605941772e-01,3.710811436176300049e-01,2.321391254663467407e-01,5.050810426473617554e-02,5.033988505601882935e-02,6.604857742786407471e-02,3.855115473270416260e-01,3.701438009738922119e-01,5.068436264991760254e-01,-3.241261094808578491e-02,5.206983685493469238e-01,-2.723945677280426025e-02,7.719706743955612183e-02,4.778888225555419922e-01,2.047857642173767090e-01,3.794336915016174316e-01,3.355925083160400391e-01,-1.261324286460876465e-01,-5.770238116383552551e-02,-1.640264503657817841e-02,-8.488450944423675537e-02,-1.154502034187316895e-01,-4.609063640236854553e-02,-9.876056760549545288e-02,7.102789729833602905e-02,4.208748042583465576e-01,3.356759548187255859e-01,3.816026449203491211e-01,6.483436226844787598e-01,9.999997019767761230e-01,9.642964601516723633e-02,-3.014528937637805939e-02,1.640928387641906738e-01,2.921343147754669189e-01,3.992204368114471436e-01,3.714360892772674561e-01,5.151537656784057617e-01,2.012006640434265137e-01,2.468484640121459961e-01,2.166267186403274536e-01,1.884682178497314453e-01,2.302682586014270782e-02,-6.172009184956550598e-02,6.384761631488800049e-02,3.720935806632041931e-02,-2.970273979008197784e-02,-2.623783424496650696e-02,1.672608405351638794e-01
-3.256863355636596680e-01,3.316338360309600830e-01,2.268570661544799805e-01,6.892769932746887207e-01,2.443134486675262451e-01,4.009312391281127930e-01,4.141691625118255615e-01,2.989764511585235596e-01,1.155170425772666931e-01,6.866336464881896973e-01,2.877935953438282013e-02,6.818922162055969238e-01,7.498530745506286621e-01,1.010255217552185059e-01,4.870651662349700928e-01,2.623132765293121338e-01,4.464285373687744141e-01,7.656052112579345703e-01,2.256153672933578491e-01,6.270244717597961426e-01,7.908802628517150879e-01,8.149929642677307129e-01,5.845497250556945801e-01,5.354062914848327637e-01,-1.470395177602767944e-01,2.324583828449249268e-01,1.847692281007766724e-01,-2.325629144906997681e-01,3.859391435980796814e-02,9.642964601516723633e-02,1.000000119209289551e+00,7.933856844902038574e-01,5.347304791212081909e-02,1.473155617713928223e-01,3.822110593318939209e-01,3.893093168735504150e-01,1.013681739568710327e-01,1.525087803602218628e-01,4.819550812244415283e-01,4.064551591873168945e-01,6.059843897819519043e-01,4.273422956466674805e-01,6.702364087104797363e-01,2.885583639144897461e-01,4.100643098354339600e-01,7.116902470588684082e-01,6.424981355667114258e-01,3.507759869098663330e-01
-4.072709977626800537e-01,2.442188560962677002e-01,9.243053197860717773e-02,5.071848034858703613e-01,1.282922923564910889e-01,3.359645903110504150e-01,2.309932261705398560e-01,1.750520616769790649e-01,8.866284042596817017e-02,6.771827936172485352e-01,-5.793375149369239807e-02,6.815215945243835449e-01,7.348014116287231445e-01,4.333110991865396500e-03,5.224419236183166504e-01,2.117166221141815186e-01,3.412114381790161133e-01,6.633381843566894531e-01,2.585774064064025879e-01,5.943853259086608887e-01,7.332727313041687012e-01,8.021513819694519043e-01,6.052838563919067383e-01,6.145284771919250488e-01,-1.917638778686523438e-01,1.506684571504592896e-01,1.266374439001083374e-01,-3.068962693214416504e-01,-6.553513556718826294e-02,-3.014528937637805939e-02,7.933856844902038574e-01,1.000000000000000000e+00,-3.939414396882057190e-02,8.344648033380508423e-02,3.554418683052062988e-01,3.654110133647918701e-01,3.073807805776596069e-02,1.085086166858673096e-01,4.950721859931945801e-01,4.870769381523132324e-01,4.790999889373779297e-01,4.153783023357391357e-01,6.425361037254333496e-01,3.017141520977020264e-01,4.279811084270477295e-01,6.692879796028137207e-01,7.652390599250793457e-01,4.267949163913726807e-01
3.817697763442993164e-01,1.295539736747741699e-01,3.839578479528427124e-02,-4.929475113749504089e-02,2.303716093301773071e-01,9.798828512430191040e-02,-9.902413189411163330e-02,2.246812134981155396e-01,3.497308644000440836e-04,-1.917948126792907715e-01,-4.376280680298805237e-02,-1.160565465688705444e-01,4.844136536121368408e-02,1.511917412281036377e-01,5.052126944065093994e-02,1.117451190948486328e-01,-7.292748894542455673e-03,2.518315240740776062e-02,1.289195120334625244e-01,6.857790797948837280e-02,-2.498079091310501099e-02,-1.542246937751770020e-01,-1.397034227848052979e-01,-1.588292866945266724e-01,5.067194700241088867e-01,5.148599855601787567e-03,1.583934575319290161e-01,3.093066811561584473e-01,1.230846121907234192e-01,1.640928387641906738e-01,5.347304791212081909e-02,-3.939414396882057190e-02,9.999995231628417969e-01,3.777559101581573486e-01,2.379557341337203979e-01,1.402521412819623947e-02,2.632321417331695557e-01,2.816150784492492676e-01,1.048573702573776245e-01,1.147199422121047974e-01,-5.861333012580871582e-02,-7.151337713003158569e-02,-8.553503453731536865e-02,7.395704835653305054e-02,1.790209859609603882e-02,-1.453266590833663940e-01,-1.115583553910255432e-01,-1.722096502780914307e-01
