9.999997019767761230e-01,2.806184291839599609e-01,-1.930310130119323730e-01,-1.911676377058029175e-01,2.913034558296203613e-01,9.496842510998249054e-03,-1.993850022554397583e-01,3.590289354324340820e-01,2.375585436820983887e-01,5.760417878627777100e-02,3.223574757575988770e-01,3.478341549634933472e-02,3.682936355471611023e-02,2.966491580009460449e-01,1.111005470156669617e-01,2.251843810081481934e-01,2.549417912960052490e-01,3.412477672100067139e-02,1.591474860906600952e-01,4.106215015053749084e-02,1.158207505941390991e-01,2.721153497695922852e-01,1.678328067064285278e-01,1.627879738807678223e-01,3.229483664035797119e-01,-2.591215670108795166e-01,-9.354867786169052124e-02,1.232537906616926193e-03,-1.572017669677734375e-01,8.476394414901733398e-02,1.342087984085083008e-01,2.462413311004638672e-01,2.785201668739318848e-01,-4.217531159520149231e-02,9.855043143033981323e-02,1.636562123894691467e-02,1.595009714365005493e-01,-5.924971774220466614e-02,1.991556584835052490e-02,1.756877154111862183e-01,-2.760209515690803528e-02,2.867476344108581543e-01,3.043865039944648743e-02,2.611067295074462891e-01,1.910214424133300781e-01,1.910046637058258057e-01,2.780338823795318604e-01,4.540632367134094238e-01
2.806184291839599609e-01,9.999998211860656738e-01,-2.444235086441040039e-01,-3.671441227197647095e-03,2.955420017242431641e-01,2.907859683036804199e-01,1.537392586469650269e-01,3.963527381420135498e-01,1.470530480146408081e-01,4.356573522090911865e-01,3.015440702438354492e-01,3.746934533119201660e-01,2.693875432014465332e-01,2.326268851757049561e-01,4.321912825107574463e-01,2.501767277717590332e-01,2.331787049770355225e-01,2.111637443304061890e-01,2.011772245168685913e-01,3.283889889717102051e-01,4.522710442543029785e-01,5.284978747367858887e-01,3.083049654960632324e-01,4.428913891315460205e-01,1.344193667173385620e-01,6.169231608510017395e-03,2.675310671329498291e-01,9.241155534982681274e-02,2.665267884731292725e-01,1.570261120796203613e-01,5.419903993606567383e-01,4.615136384963989258e-01,3.603526949882507324e-01,3.238567709922790527e-01,4.167502224445343018e-01,2.467734813690185547e-01,3.594800829887390137e-01,3.531714379787445068e-01,2.984417080879211426e-01,3.192133009433746338e-01,6.151249408721923828e-01,4.047541916370391846e-01,3.606504499912261963e-01,3.826341629028320312e-01,4.475324451923370361e-01,4.728780686855316162e-01,3.745988011360168457e-01,3.011164665222167969e-01
-1.930310130119323730e-01,-2.444235086441040039e-01,1.000000119209289551e+00,5.461894273757934570e-01,-3.795481026172637939e-01,-8.834715187549591064e-02,2.243959605693817139e-01,-2.030823677778244019e-01,-1.639279872179031372e-01,-1.684217154979705811e-01,-2.944400310516357422e-01,-1.715185791254043579e-01,-2.175150904804468155e-03,-2.231723070144653320e-01,-1.564002335071563721e-01,-9.387078136205673218e-02,-1.547645479440689087e-01,-5.254763737320899963e-02,-7.695063948631286621e-02,-5.948011204600334167e-02,-9.050809592008590698e-02,-9.163136780261993408e-02,-7.388666272163391113e-02,-1.189399287104606628e-01,-4.545870050787925720e-02,4.394767284393310547e-01,-1.576328277587890625e-02,4.759926795959472656e-01,3.847870826721191406e-01,-1.103730797767639160e-01,-1.775691658258438110e-01,-1.442811191082000732e-01,-1.346512287855148315e-01,-1.111490465700626373e-02,-1.610213667154312134e-01,-1.470155715942382812e-01,-1.460150331258773804e-01,2.718914672732353210e-02,-3.269750252366065979e-02,-9.711571037769317627e-02,-6.201887503266334534e-02,-1.185994669795036316e-01,-3.041847608983516693e-02,-2.413375079631805420e-01,-8.821313828229904175e-02,-8.254095166921615601e-02,-1.751055121421813965e-01,-2.185707390308380127e-01
-1.911676377058029175e-01,-3.671441227197647095e-03,5.461894273757934570e-01,1.000000119209289551e+00,-3.437964022159576416e-01,1.705099493265151978e-01,3.197236657142639160e-01,-7.359513640403747559e-02,-2.586074769496917725e-01,-2.188265919685363770e-01,-2.894441187381744385e-01,-1.842325180768966675e-01,-6.813421100378036499e-02,-2.507889568805694580e-01,-1.431481391191482544e-01,-2.350214570760726929e-01,-2.461019307374954224e-01,1.386820226907730103e-01,-2.877243757247924805e-01,-5.805893614888191223e-02,4.395148158073425293e-02,2.171827293932437897e-02,-7.493959367275238037e-02,-1.357965022325515747e-01,-1.195464730262756348e-01,2.909556925296783447e-01,3.076261654496192932e-02,3.603435754776000977e-01,2.530587017536163330e-01,-2.602565884590148926e-01,-1.242927238345146179e-01,-1.190706640481948853e-01,-6.489597260951995850e-02,3.521224111318588257e-02,-7.888641953468322754e-02,-2.365868091583251953e-01,-1.614164113998413086e-01,-2.166394889354705811e-02,-1.432705670595169067e-01,-1.187485679984092712e-01,2.207449674606323242e-01,-1.693607419729232788e-01,-7.256023585796356201e-02,-1.872349381446838379e-01,-9.017980843782424927e-02,-8.858846127986907959e-02,-2.048659324645996094e-01,-2.736789882183074951e-01
2.913034558296203613e-01,2.955420017242431641e-01,-3.795481026172637939e-01,-3.437964022159576416e-01,9.999995827674865723e-01,1.105920672416687012e-01,-2.777165174484252930e-01,1.715941727161407471e-01,1.982526928186416626e-01,2.431378066539764404e-01,1.892635971307754517e-01,2.116990387439727783e-01,1.032396256923675537e-01,1.919205337762832642e-01,2.368043214082717896e-01,2.155113816261291504e-01,5.480941757559776306e-02,-1.180687174201011658e-01,2.012623250484466553e-01,7.374853640794754028e-02,1.379542052745819092e-01,2.298083454370498657e-01,1.704607605934143066e-01,2.420063465833663940e-01,4.865457862615585327e-02,-2.865850329399108887e-01,4.453425854444503784e-02,-2.321851402521133423e-01,-1.799880266189575195e-01,5.109304934740066528e-02,1.388509273529052734e-01,2.457724064588546753e-01,4.589365050196647644e-02,-1.959565095603466034e-02,1.201224178075790405e-01,1.719406843185424805e-01,1.618110239505767822e-01,-3.988518565893173218e-02,7.551113516092300415e-02,1.774344593286514282e-01,2.172500938177108765e-01,2.464348375797271729e-01,1.062883883714675903e-01,1.559664607048034668e-01,1.478388309478759766e-01,2.063664197921752930e-01,3.480733036994934082e-01,3.460628688335418701e-01
9.496842510998249054e-03,2.907859683036804199e-01,-8.834715187549591064e-02,1.705099493265151978e-01,1.105920672416687012e-01,1.000000357627868652e+00,3.954000771045684814e-01,5.541981756687164307e-02,-9.484453499317169189e-02,5.402114614844322205e-02,-3.900777548551559448e-02,1.585175655782222748e-02,-2.287859469652175903e-02,-1.669348180294036865e-01,-1.057397946715354919e-02,7.277154177427291870e-02,1.701865643262863159e-01,3.624936938285827637e-01,-1.228376552462577820e-01,1.433033794164657593e-01,2.181136757135391235e-01,1.107913851737976074e-01,1.891590058803558350e-01,-7.605411857366561890e-02,-8.578074723482131958e-02,-3.439794294536113739e-03,1.073005981743335724e-02,-3.895064070820808411e-02,6.752144545316696167e-02,-7.057406753301620483e-02,9.786575287580490112e-02,-8.626358956098556519e-02,1.852402230724692345e-03,1.638356000185012817e-01,3.636178746819496155e-02,-9.448726475238800049e-02,-1.147137861698865891e-02,1.437128800898790359e-02,1.669156998395919800e-01,2.851180173456668854e-02,4.562709033489227295e-01,-1.023029070347547531e-02,2.198741585016250610e-02,1.461893469095230103e-01,1.562702096998691559e-02,3.768204152584075928e-02,-2.261149883270263672e-02,-9.338518977165222168e-02
-1.993850022554397583e-01,1.537392586469650269e-01,2.243959605693817139e-01,3.197236657142639160e-01,-2.777165174484252930e-01,3.954000771045684814e-01,1.000000357627868652e+00,-2.453980594873428345e-02,-1.124726533889770508e-01,-3.695785254240036011e-02,-7.871819287538528442e-02,-7.790673524141311646e-02,1.359249055385589600e-01,-1.167585030198097229e-01,-1.474144905805587769e-01,-1.040821373462677002e-01,4.311811923980712891e-01,4.760804176330566406e-01,8.561460673809051514e-02,3.166873455047607422e-01,3.142317235469818115e-01,2.630746960639953613e-01,2.910685837268829346e-01,-1.399660017341375351e-02,-1.377288848161697388e-01,3.451505303382873535e-01,6.951080262660980225e-02,9.119701385498046875e-02,2.352039813995361328e-01,1.036647111177444458e-01,2.653958201408386230e-01,-2.774339728057384491e-02,-1.231345906853675842e-02,1.081901714205741882e-01,1.173229608684778214e-02,-8.142844587564468384e-02,6.579878926277160645e-02,6.874589622020721436e-02,1.141769438982009888e-01,1.775966435670852661e-01,3.099777698516845703e-01,-9.932956099510192871e-02,1.077900528907775879e-01,-3.099420340731739998e-03,5.246000736951828003e-02,6.230518594384193420e-02,-1.423575431108474731e-01,1.503518596291542053e-02
3.590289354324340820e-01,3.963527381420135498e-01,-2.030823677778244019e-01,-7.359513640403747559e-02,1.715941727161407471e-01,5.541981756687164307e-02,-2.453980594873428345e-02,1.000000357627868652e+00,2.986865341663360596e-01,1.464913636445999146e-01,5.437133312225341797e-01,9.994577616453170776e-02,-2.737519703805446625e-02,5.157270431518554688e-01,2.560460269451141357e-01,1.616435050964355469e-01,2.876560091972351074e-01,1.256826519966125488e-01,1.188408061861991882e-01,2.816409245133399963e-02,8.956905454397201538e-02,2.971758544445037842e-01,2.502358146011829376e-02,1.128500029444694519e-01,6.847880035638809204e-02,-2.272220849990844727e-01,-4.508144780993461609e-02,-4.250791668891906738e-02,-7.117356359958648682e-02,2.446847110986709595e-01,2.841825485229492188e-01,1.647477746009826660e-01,1.205940917134284973e-01,3.021581470966339111e-01,9.045322984457015991e-02,1.235295981168746948e-01,1.695404201745986938e-01,-5.481246858835220337e-02,-5.480736494064331055e-02,1.785915046930313110e-01,2.268930226564407349e-01,2.320689558982849121e-01,1.568280532956123352e-02,3.606906533241271973e-01,1.424716860055923462e-01,1.397391408681869507e-01,2.351474165916442871e-01,2.561456263065338135e-01
2.375585436820983887e-01,1.470530480146408081e-01,-1.639279872179031372e-01,-2.586074769496917725e-01,1.982526928186416626e-01,-9.484453499317169189e-02,-1.124726533889770508e-01,2.986865341663360596e-01,9.999999403953552246e-01,2.040662616491317749e-01,5.761710405349731445e-01,1.856320798397064209e-01,-3.754371404647827148e-02,4.240025877952575684e-01,2.023568600416183472e-01,1.041802689433097839e-01,3.303210735321044922e-01,-1.542365849018096924e-01,3.092024028301239014e-01,-1.280325502157211304e-01,-1.655682176351547241e-01,-2.728652209043502808e-03,-1.739525049924850464e-02,6.962842494249343872e-02,-6.616419553756713867e-02,-2.499816417694091797e-01,2.788587845861911774e-02,-8.685860084369778633e-04,-9.654158353805541992e-02,4.320345222949981689e-01,9.092091768980026245e-02,3.783277049660682678e-02,-2.360283769667148590e-02,1.576122343540191650e-01,3.355195000767707825e-02,2.557016015052795410e-01,3.697193413972854614e-02,1.170021146535873413e-01,-8.754796534776687622e-02,2.108494639396667480e-01,-6.305581331253051758e-02,2.962187528610229492e-01,4.726434871554374695e-02,4.011707305908203125e-01,1.053704619407653809e-01,1.272347420454025269e-01,2.091792672872543335e-01,4.041396081447601318e-01
5.760417878627777100e-02,4.356573522090911865e-01,-1.684217154979705811e-01,-2.188265919685363770e-01,2.431378066539764404e-01,5.402114614844322205e-02,-3.695785254240036011e-02,1.464913636445999146e-01,2.040662616491317749e-01,1.000000119209289551e+00,2.164677828550338745e-01,8.091280460357666016e-01,5.937772989273071289e-01,1.136308088898658752e-01,6.824005842208862305e-01,4.492144286632537842e-01,1.221791580319404602e-01,-4.282508045434951782e-02,5.489326119422912598e-01,4.153669476509094238e-01,3.978506624698638916e-01,3.971388339996337891e-01,2.905941605567932129e-01,3.419131338596343994e-01,-6.156840547919273376e-02,1.164328679442405701e-01,2.114156037569046021e-01,-2.927291020750999451e-02,1.684783846139907837e-01,2.181857824325561523e-01,4.634985923767089844e-01,4.702182412147521973e-01,-5.842304602265357971e-02,2.640100419521331787e-01,4.347457885742187500e-01,4.547243714332580566e-01,1.427696347236633301e-01,4.097535014152526855e-01,3.691619932651519775e-01,3.858855068683624268e-01,2.795214354991912842e-01,5.679937005043029785e-01,6.860554814338684082e-01,4.418784081935882568e-01,5.683673620223999023e-01,7.185018062591552734e-01,2.512290179729461670e-01,2.016550600528717041e-01
3.223574757575988770e-01,3.015440702438354492e-01,-2.944400310516357422e-01,-2.894441187381744385e-01,1.892635971307754517e-01,-3.900777548551559448e-02,-7.871819287538528442e-02,5.437133312225341797e-01,5.761710405349731445e-01,2.164677828550338745e-01,1.000000119209289551e+00,2.107278406620025635e-01,-5.481674149632453918e-02,6.617934107780456543e-01,2.495040893554687500e-01,1.575536727905273438e-01,4.124251008033752441e-01,-1.658111661672592163e-01,2.617655098438262939e-01,-2.139985263347625732e-01,-1.363881826400756836e-01,1.096153184771537781e-01,-1.211630851030349731e-01,3.492671996355056763e-02,2.138592302799224854e-02,-3.519664704799652100e-01,4.685853049159049988e-02,-9.778714179992675781e-02,-1.581584811210632324e-01,5.356466174125671387e-01,2.189721614122390747e-01,1.086414530873298645e-01,1.606310009956359863e-01,3.321822583675384521e-01,1.556395292282104492e-01,2.246629297733306885e-01,1.637322753667831421e-01,5.047209933400154114e-02,-3.515961393713951111e-02,1.600685268640518188e-01,1.055480763316154480e-01,3.157122135162353516e-01,1.045592799782752991e-01,4.774838984012603760e-01,2.147337794303894043e-01,1.854766458272933960e-01,1.279085427522659302e-01,4.026401042938232422e-01
3.478341549634933472e-02,3.746934533119201660e-01,-1.715185791254043579e-01,-1.842325180768966675e-01,2.116990387439727783e-01,1.585175655782222748e-02,-7.790673524141311646e-02,9.994577616453170776e-02,1.856320798397064209e-01,8.091280460357666016e-01,2.107278406620025635e-01,1.000000119209289551e+00,5.647385716438293457e-01,1.330578178167343140e-01,7.120068073272705078e-01,3.981011807918548584e-01,2.783756330609321594e-02,-1.590980738401412964e-01,4.819037616252899170e-01,3.010951876640319824e-01,2.635256052017211914e-01,3.226328492164611816e-01,2.062344700098037720e-01,3.514243960380554199e-01,1.732837036252021790e-02,8.852415531873703003e-02,1.944714337587356567e-01,-1.765559799969196320e-02,2.007952928543090820e-01,2.556931376457214355e-01,4.201093018054962158e-01,4.992371499538421631e-01,-5.857396870851516724e-02,2.567395269870758057e-01,4.474144876003265381e-01,4.633342325687408447e-01,1.111884489655494690e-01,4.317297041416168213e-01,3.320224583148956299e-01,3.177263140678405762e-01,2.230759710073471069e-01,5.296462178230285645e-01,6.208468079566955566e-01,4.038434624671936035e-01,5.093487501144409180e-01,6.193050742149353027e-01,2.289317101240158081e-01,1.360659748315811157e-01
3.682936355471611023e-02,2.693875432014465332e-01,-2.175150904804468155e-03,-6.813421100378036499e-02,1.032396256923675537e-01,-2.287859469652175903e-02,1.359249055385589600e-01,-2.737519703805446625e-02,-3.754371404647827148e-02,5.937772989273071289e-01,-5.481674149632453918e-02,5.647385716438293457e-01,1.000000000000000000e+00,1.087315846234560013e-02,4.838482439517974854e-01,4.596412777900695801e-01,1.761835813522338867e-01,9.794402122497558594e-02,5.532785058021545410e-01,5.197423696517944336e-01,4.822468757629394531e-01,4.464424848556518555e-01,4.570644199848175049e-01,2.867107987403869629e-01,-6.230445578694343567e-02,3.314358890056610107e-01,2.837548851966857910e-01,-8.191877976059913635e-03,1.692090183496475220e-01,6.561903655529022217e-02,3.483211696147918701e-01,5.141154527664184570e-01,-3.080480033531785011e-03,1.844547241926193237e-01,3.408026099205017090e-01,4.145027399063110352e-01,1.467783153057098389e-01,3.623306155204772949e-01,4.002342522144317627e-01,5.225353837013244629e-01,1.203045770525932312e-01,4.485862255096435547e-01,5.274584889411926270e-01,2.708676457405090332e-01,4.638895094394683838e-01,5.585927963256835938e-01,2.244162559509277344e-01,1.865439414978027344e-01
2.966491580009460449e-01,2.326268851757049561e-01,-2.231723070144653320e-01,-2.507889568805694580e-01,1.919205337762832642e-01,-1.669348180294036865e-01,-1.167585030198097229e-01,5.157270431518554688e-01,4.240025877952575684e-01,1.136308088898658752e-01,6.617934107780456543e-01,1.330578178167343140e-01,1.087315846234560013e-02,1.000000119209289551e+00,1.963991075754165649e-01,1.530388593673706055e-01,3.035386502742767334e-01,-5.514462664723396301e-02,2.097728550434112549e-01,-9.051746875047683716e-02,-4.596005380153656006e-02,2.057555466890335083e-01,-5.885263904929161072e-02,1.300294995307922363e-01,8.246602863073348999e-02,-2.335373461246490479e-01,1.212670058012008667e-01,-9.598962031304836273e-03,-8.087564259767532349e-02,3.358673751354217529e-01,2.479352951049804688e-01,1.843286603689193726e-01,2.882018983364105225e-01,2.225586026906967163e-01,7.242257148027420044e-02,1.525471359491348267e-01,2.625725269317626953e-01,1.433959323912858963e-02,-6.163381040096282959e-02,1.095785573124885559e-01,-2.924266830086708069e-02,2.401058375835418701e-01,1.867628889158368111e-03,2.721681296825408936e-01,1.552221328020095825e-01,9.883587807416915894e-02,2.350181490182876587e-01,3.662142157554626465e-01
1.111005470156669617e-01,4.321912825107574463e-01,-1.564002335071563721e-01,-1.431481391191482544e-01,2.368043214082717896e-01,-1.057397946715354919e-02,-1.474144905805587769e-01,2.560460269451141357e-01,2.023568600416183472e-01,6.824005842208862305e-01,2.495040893554687500e-01,7.120068073272705078e-01,4.838482439517974854e-01,1.963991075754165649e-01,9.999997615814208984e-01,5.260559916496276855e-01,1.104215532541275024e-02,-1.647091656923294067e-01,4.433227777481079102e-01,2.798469662666320801e-01,2.364604026079177856e-01,3.718125820159912109e-01,2.279902845621109009e-01,3.426792025566101074e-01,-9.783686138689517975e-03,1.127083152532577515e-01,2.750824391841888428e-01,2.062862925231456757e-02,1.827143430709838867e-01,2.171113193035125732e-01,3.851483464241027832e-01,4.920953810214996338e-01,4.822192713618278503e-02,3.490045368671417236e-01,2.725638747215270996e-01,4.649032354354858398e-01,1.329077780246734619e-01,5.096479058265686035e-01,3.235870003700256348e-01,4.274819493293762207e-01,2.630401551723480225e-01,5.402330160140991211e-01,5.325133800506591797e-01,4.889883995056152344e-01,4.582051932811737061e-01,5.753924250602722168e-01,3.500762581825256348e-01,2.402157187461853027e-01
2.251843810081481934e-01,2.501767277717590332e-01,-9.387078136205673218e-02,-2.350214570760726929e-01,2.155113816261291504e-01,7.277154177427291870e-02,-1.040821373462677002e-01,1.616435050964355469e-01,1.041802689433097839e-01,4.492144286632537842e-01,1.575536727905273438e-01,3.981011807918548584e-01,4.596412777900695801e-01,1.530388593673706055e-01,5.260559916496276855e-01,1.000000119209289551e+00,1.739282906055450439e-01,-5.585392937064170837e-02,5.516533851623535156e-01,2.609959840774536133e-01,1.807073354721069336e-01,2.139455974102020264e-01,3.090633153915405273e-01,2.621857523918151855e-01,3.406212478876113892e-02,1.014744117856025696e-01,1.020055338740348816e-01,-7.230284065008163452e-02,2.776184491813182831e-02,1.052191555500030518e-01,2.348600625991821289e-01,3.608203530311584473e-01,2.100971527397632599e-02,1.700994521379470825e-01,1.987106502056121826e-01,4.240445792675018311e-01,2.850447036325931549e-02,2.268185317516326904e-01,4.967293143272399902e-01,4.571943283081054688e-01,5.963553860783576965e-02,5.804847478866577148e-01,4.202423095703125000e-01,4.747337102890014648e-01,3.975543975830078125e-01,4.624665081501007080e-01,4.207423925399780273e-01,2.854500412940979004e-01
2.549417912960052490e-01,2.331787049770355225e-01,-1.547645479440689087e-01,-2.461019307374954224e-01,5.480941757559776306e-02,1.701865643262863159e-01,4.311811923980712891e-01,2.876560091972351074e-01,3.303210735321044922e-01,1.221791580319404602e-01,4.124251008033752441e-01,2.783756330609321594e-02,1.761835813522338867e-01,3.035386502742767334e-01,1.104215532541275024e-02,1.739282906055450439e-01,9.999998211860656738e-01,4.236364066600799561e-01,4.951532185077667236e-01,2.626907229423522949e-01,2.484679669141769409e-01,3.536391556262969971e-01,4.517057538032531738e-01,1.235013604164123535e-01,-1.093563884496688843e-01,-1.029750481247901917e-01,6.258975714445114136e-02,-2.044721394777297974e-01,-1.515139788389205933e-01,4.552095830440521240e-01,3.716661930084228516e-01,6.848906725645065308e-02,4.506172239780426025e-02,1.998844444751739502e-01,9.295868128538131714e-02,2.714883685111999512e-01,2.822835743427276611e-01,4.433416575193405151e-02,1.121504306793212891e-01,4.776804149150848389e-01,8.365033194422721863e-03,3.364233374595642090e-01,3.965000435709953308e-02,3.917208313941955566e-01,2.297069579362869263e-01,1.173091158270835876e-01,2.124671489000320435e-01,5.588567256927490234e-01
3.412477672100067139e-02,2.111637443304061890e-01,-5.254763737320899963e-02,1.386820226907730103e-01,-1.180687174201011658e-01,3.624936938285827637e-01,4.760804176330566406e-01,1.256826519966125488e-01,-1.542365849018096924e-01,-4.282508045434951782e-02,-1.658111661672592163e-01,-1.590980738401412964e-01,9.794402122497558594e-02,-5.514462664723396301e-02,-1.647091656923294067e-01,-5.585392937064170837e-02,4.236364066600799561e-01,9.999995231628417969e-01,2.943276241421699524e-02,5.123376250267028809e-01,5.921377539634704590e-01,4.781299829483032227e-01,4.872342646121978760e-01,1.538906842470169067e-01,-1.065261885523796082e-01,9.537652879953384399e-02,4.668020084500312805e-02,-1.468357890844345093e-01,6.404511630535125732e-03,-8.541850000619888306e-02,3.002100288867950439e-01,7.336787879467010498e-02,5.132669955492019653e-02,3.167553246021270752e-02,5.507017299532890320e-02,1.033645123243331909e-02,2.359623312950134277e-01,3.122580237686634064e-02,1.361399739980697632e-01,2.070484161376953125e-01,1.832932680845260620e-01,-7.073028385639190674e-02,6.617617793381214142e-03,-2.008076384663581848e-02,-2.749865129590034485e-02,5.725507065653800964e-02,9.914626926183700562e-02,1.481770277023315430e-01
1.591474860906600952e-01,2.011772245168685913e-01,-7.695063948631286621e-02,-2.877243757247924805e-01,2.012623250484466553e-01,-1.228376552462577820e-01,8.561460673809051514e-02,1.188408061861991882e-01,3.092024028301239014e-01,5.489326119422912598e-01,2.617655098438262939e-01,4.819037616252899170e-01,5.532785058021545410e-01,2.097728550434112549e-01,4.433227777481079102e-01,5.516533851623535156e-01,4.951532185077667236e-01,2.943276241421699524e-02,9.999989271163940430e-01,4.101337194442749023e-01,2.607648074626922607e-01,3.425994217395782471e-01,4.460133016109466553e-01,2.951868176460266113e-01,-7.130768895149230957e-02,8.389953523874282837e-02,1.327930539846420288e-01,-1.248736828565597534e-01,-3.744337335228919983e-02,3.818505406379699707e-01,3.933407664299011230e-01,3.796725869178771973e-01,-8.287816494703292847e-02,1.351422667503356934e-01,2.858760356903076172e-01,5.594824552536010742e-01,1.787453293800354004e-01,2.978907525539398193e-01,3.241369426250457764e-01,6.496604084968566895e-01,-2.968771569430828094e-02,6.107981801033020020e-01,5.319327712059020996e-01,4.529626965522766113e-01,4.232195317745208740e-01,5.336577892303466797e-01,3.588624596595764160e-01,5.079424381256103516e-01
4.106215015053749084e-02,3.283889889717102051e-01,-5.948011204600334167e-02,-5.805893614888191223e-02,7.374853640794754028e-02,1.433033794164657593e-01,3.166873455047607422e-01,2.816409245133399963e-02,-1.280325502157211304e-01,4.153669476509094238e-01,-2.139985263347625732e-01,3.010951876640319824e-01,5.197423696517944336e-01,-9.051746875047683716e-02,2.798469662666320801e-01,2.609959840774536133e-01,2.626907229423522949e-01,5.123376250267028809e-01,4.101337194442749023e-01,1.000000238418579102e+00,7.970479726791381836e-01,6.289581060409545898e-01,7.216171026229858398e-01,4.297639131546020508e-01,-1.003632247447967529e-01,2.244157344102859497e-01,2.258008867502212524e-01,-1.428662799298763275e-02,1.727659702301025391e-01,-8.739486336708068848e-02,4.030689597129821777e-01,3.962065279483795166e-01,1.115592569112777710e-01,1.295562833547592163e-01,2.647913396358489990e-01,2.432439476251602173e-01,2.980015873908996582e-01,3.549453914165496826e-01,4.695702493190765381e-01,4.226152896881103516e-01,2.116926610469818115e-01,1.557576060295104980e-01,4.324343502521514893e-01,6.827025115489959717e-02,2.601974010467529297e-01,5.533062815666198730e-01,2.115815579891204834e-01,2.799045443534851074e-01
1.158207505941390991e-01,4.522710442543029785e-01,-9.050809592008590698e-02,4.395148158073425293e-02,1.379542052745819092e-01,2.181136757135391235e-01,3.142317235469818115e-01,8.956905454397201538e-02,-1.655682176351547241e-01,3.978506624698638916e-01,-1.363881826400756836e-01,2.635256052017211914e-01,4.822468757629394531e-01,-4.596005380153656006e-02,2.364604026079177856e-01,1.807073354721069336e-01,2.484679669141769409e-01,5.921377539634704590e-01,2.607648074626922607e-01,7.970479726791381836e-01,1.000000000000000000e+00,7.507625222206115723e-01,6.789439320564270020e-01,4.575656354427337646e-01,-4.717015847563743591e-02,1.796930730342864990e-01,1.921139657497406006e-01,-4.300971329212188721e-02,1.580770611763000488e-01,-1.132445409893989563e-01,4.721214473247528076e-01,4.367561340332031250e-01,1.373660266399383545e-01,1.287479847669601440e-01,2.679764926433563232e-01,1.834202706813812256e-01,2.698202729225158691e-01,2.917288243770599365e-01,3.658747971057891846e-01,3.502551615238189697e-01,3.709965944290161133e-01,1.590351462364196777e-01,3.834803700447082520e-01,5.770582333207130432e-02,2.766980528831481934e-01,5.351757407188415527e-01,2.636955380439758301e-01,2.830453217029571533e-01
2.721153497695922852e-01,5.284978747367858887e-01,-9.163136780261993408e-02,2.171827293932437897e-02,2.298083454370498657e-01,1.107913851737976074e-01,2.630746960639953613e-01,2.971758544445037842e-01,-2.728652209043502808e-03,3.971388339996337891e-01,1.096153184771537781e-01,3.226328492164611816e-01,4.464424848556518555e-01,2.057555466890335083e-01,3.718125820159912109e-01,2.139455974102020264e-01,3.536391556262969971e-01,4.781299829483032227e-01,3.425994217395782471e-01,6.289581060409545898e-01,7.507625222206115723e-01,1.000000000000000000e+00,6.401851773262023926e-01,4.778392910957336426e-01,-2.413170412182807922e-02,1.437626183032989502e-01,2.371346354484558105e-01,-3.570754453539848328e-02,1.321601569652557373e-01,5.157214030623435974e-02,5.441766381263732910e-01,5.940872430801391602e-01,2.114701271057128906e-01,2.687202095985412598e-01,2.796992063522338867e-01,2.414657920598983765e-01,3.112960159778594971e-01,2.687679529190063477e-01,2.759214937686920166e-01,4.252650141716003418e-01,3.535022735595703125e-01,2.777390778064727783e-01,3.917593359947204590e-01,1.460461914539337158e-01,2.843742370605468750e-01,5.372652411460876465e-01,3.808532655239105225e-01,5.368508696556091309e-01
1.678328067064285278e-01,3.083049654960632324e-01,-7.388666272163391113e-02,-7.493959367275238037e-02,1.704607605934143066e-01,1.891590058803558350e-01,2.910685837268829346e-01,2.502358146011829376e-02,-1.739525049924850464e-02,2.905941605567932129e-01,-1.211630851030349731e-01,2.062344700098037720e-01,4.570644199848175049e-01,-5.885263904929161072e-02,2.279902845621109009e-01,3.090633153915405273e-01,4.517057538032531738e-01,4.872342646121978760e-01,4.460133016109466553e-01,7.216171026229858398e-01,6.789439320564270020e-01,6.401851773262023926e-01,9.999999403953552246e-01,4.361194670200347900e-01,-1.223612874746322632e-01,1.634259968996047974e-01,1.869307011365890503e-01,-6.893473118543624878e-02,5.277306959033012390e-02,-6.583028286695480347e-02,3.157178461551666260e-01,3.047989308834075928e-01,5.096542090177536011e-02,9.587408602237701416e-02,1.670238822698593140e-01,2.797652781009674072e-01,1.914767026901245117e-01,2.464822828769683838e-01,3.713738620281219482e-01,5.667803287506103516e-01,1.914838403463363647e-01,2.698505222797393799e-01,2.423884421586990356e-01,1.356709301471710205e-01,2.636294960975646973e-01,3.938895463943481445e-01,3.652613461017608643e-01,5.216207504272460938e-01
1.627879738807678223e-01,4.428913891315460205e-01,-1.189399287104606628e-01,-1.357965022325515747e-01,2.420063465833663940e-01,-7.605411857366561890e-02,-1.399660017341375351e-02,1.128500029444694519e-01,6.962842494249343872e-02,3.419131338596343994e-01,3.492671996355056763e-02,3.514243960380554199e-01,2.867107987403869629e-01,1.300294995307922363e-01,3.426792025566101074e-01,2.621857523918151855e-01,1.235013604164123535e-01,1.538906842470169067e-01,2.951868176460266113e-01,4.297639131546020508e-01,4.575656354427337646e-01,4.778392910957336426e-01,4.361194670200347900e-01,9.999998211860656738e-01,7.590887695550918579e-02,3.178669512271881104e-02,2.971359491348266602e-01,4.878889769315719604e-02,2.526214420795440674e-01,8.943432569503784180e-02,5.341406464576721191e-01,4.909244179725646973e-01,1.383565366268157959e-01,5.804095789790153503e-02,3.472125530242919922e-01,4.491137564182281494e-01,3.096266984939575195e-01,3.548930883407592773e-01,3.358477354049682617e-01,3.339023590087890625e-01,1.827376633882522583e-01,2.611318230628967285e-01,3.870983719825744629e-01,1.509595960378646851e-01,3.433960676193237305e-01,4.629788398742675781e-01,6.431888341903686523e-01,3.323665857315063477e-01
3.229483664035797119e-01,1.344193667173385620e-01,-4.545870050787925720e-02,-1.195464730262756348e-01,4.865457862615585327e-02,-8.578074723482131958e-02,-1.377288848161697388e-01,6.847880035638809204e-02,-6.616419553756713867e-02,-6.156840547919273376e-02,2.138592302799224854e-02,1.732837036252021790e-02,-6.230445578694343567e-02,8.246602863073348999e-02,-9.783686138689517975e-03,3.406212478876113892e-02,-1.093563884496688843e-01,-1.065261885523796082e-01,-7.130768895149230957e-02,-1.003632247447967529e-01,-4.717015847563743591e-02,-2.413170412182807922e-02,-1.223612874746322632e-01,7.590887695550918579e-02,1.000000357627868652e+00,-2.941735461354255676e-02,-1.117354035377502441e-01,6.646577268838882446e-02,8.430892974138259888e-02,2.277490496635437012e-02,1.961554028093814850e-02,1.241514980792999268e-01,4.507053494453430176e-01,-8.300577104091644287e-02,2.513663470745086670e-01,-3.998007997870445251e-02,7.389162480831146240e-02,2.120503783226013184e-01,1.952993124723434448e-01,-9.178543090820312500e-02,5.246053263545036316e-02,5.697441101074218750e-02,2.602897211909294128e-02,-3.504025563597679138e-02,9.108278155326843262e-02,1.879973337054252625e-02,7.441791892051696777e-02,-6.985502783209085464e-03
-2.591215670108795166e-01,6.169231608510017395e-03,4.394767284393310547e-01,2.909556925296783447e-01,-2.865850329399108887e-01,-3.439794294536113739e-03,3.451505303382873535e-01,-2.272220849990844727e-01,-2.499816417694091797e-01,1.164328679442405701e-01,-3.519664704799652100e-01,8.852415531873703003e-02,3.314358890056610107e-01,-2.335373461246490479e-01,1.127083152532577515e-01,1.014744117856025696e-01,-1.029750481247901917e-01,9.537652879953384399e-02,8.389953523874282837e-02,2.244157344102859497e-01,1.796930730342864990e-01,1.437626183032989502e-01,1.634259968996047974e-01,3.178669512271881104e-02,-2.941735461354255676e-02,9.999996423721313477e-01,1.041758954524993896e-01,3.734161257743835449e-01,6.008759140968322754e-01,-1.891998648643493652e-01,8.392366766929626465e-02,1.791072636842727661e-01,-5.802613869309425354e-02,1.161609664559364319e-01,8.714575320482254028e-03,-1.388282980769872665e-02,-1.197469606995582581e-01,1.497673243284225464e-01,1.974453181028366089e-01,1.224905103445053101e-01,1.959056556224822998e-01,2.271067909896373749e-02,2.068682760000228882e-01,-1.320610344409942627e-01,1.128679662942886353e-01,1.425303816795349121e-01,1.537773199379444122e-02,-1.660475581884384155e-01
-9.354867786169052124e-02,2.675310671329498291e-01,-1.576328277587890625e-02,3.076261654496192932e-02,4.453425854444503784e-02,1.073005981743335724e-02,6.951080262660980225e-02,-4.508144780993461609e-02,2.788587845861911774e-02,2.114156037569046021e-01,4.685853049159049988e-02,1.944714337587356567e-01,2.837548851966857910e-01,1.212670058012008667e-01,2.750824391841888428e-01,1.020055338740348816e-01,6.258975714445114136e-02,4.668020084500312805e-02,1.327930539846420288e-01,2.258008867502212524e-01,1.921139657497406006e-01,2.371346354484558105e-01,1.869307011365890503e-01,2.971359491348266602e-01,-1.117354035377502441e-01,1.041758954524993896e-01,1.000000357627868652e+00,2.297179847955703735e-01,2.282148152589797974e-01,5.684984475374221802e-02,2.445475459098815918e-01,1.979781091213226318e-01,2.973314523696899414e-01,2.572870552539825439e-01,1.871623992919921875e-01,2.378036528825759888e-01,1.693284809589385986e-01,3.459185361862182617e-01,1.429563462734222412e-01,2.257928699254989624e-01,7.416838407516479492e-02,1.800745576620101929e-01,2.328201532363891602e-01,1.375136673450469971e-01,2.733590900897979736e-01,2.395666092634201050e-01,1.102394834160804749e-01,5.583115294575691223e-02
1.232537906616926193e-03,9.241155534982681274e-02,4.759926795959472656e-01,3.603435754776000977e-01,-2.321851402521133423e-01,-3.895064070820808411e-02,9.119701385498046875e-02,-4.250791668891906738e-02,-8.685860084369778633e-04,-2.927291020750999451e-02,-9.778714179992675781e-02,-1.765559799969196320e-02,-8.191877976059913635e-03,-9.598962031304836273e-03,2.062862925231456757e-02,-7.230284065008163452e-02,-2.044721394777297974e-01,-1.468357890844345093e-01,-1.248736828565597534e-01,-1.428662799298763275e-02,-4.300971329212188721e-02,-3.570754453539848328e-02,-6.893473118543624878e-02,4.878889769315719604e-02,6.646577268838882446e-02,3.734161257743835449e-01,2.297179847955703735e-01,9.999998211860656738e-01,5.631365180015563965e-01,-1.066194921731948853e-01,-9.614487178623676300e-03,5.431950092315673828e-03,2.011197805404663086e-01,1.390831917524337769e-01,-9.622041136026382446e-03,-7.390268892049789429e-02,-5.228955298662185669e-02,1.437156945466995239e-01,3.272342309355735779e-02,-8.984790742397308350e-02,9.495262801647186279e-02,-7.626587525010108948e-03,7.480157911777496338e-02,-1.070955842733383179e-01,3.436779603362083435e-02,6.075812131166458130e-02,-5.992510169744491577e-02,-1.696602851152420044e-01
-1.572017669677734375e-01,2.665267884731292725e-01,3.847870826721191406e-01,2.530587017536163330e-01,-1.799880266189575195e-01,6.752144545316696167e-02,2.352039813995361328e-01,-7.117356359958648682e-02,-9.654158353805541992e-02,1.684783846139907837e-01,-1.581584811210632324e-01,2.007952928543090820e-01,1.692090183496475220e-01,-8.087564259767532349e-02,1.827143430709838867e-01,2.776184491813182831e-02,-1.515139788389205933e-01,6.404511630535125732e-03,-3.744337335228919983e-02,1.727659702301025391e-01,1.580770611763000488e-01,1.321601569652557373e-01,5.277306959033012390e-02,2.526214420795440674e-01,8.430892974138259888e-02,6.008759140968322754e-01,2.282148152589797974e-01,5.631365180015563965e-01,1.000000238418579102e+00,1.863726414740085602e-02,2.630974352359771729e-01,1.919444799423217773e-01,1.269418448209762573e-01,2.061295658349990845e-01,2.266946285963058472e-01,1.395582705736160278e-01,4.631950706243515015e-02,3.681565821170806885e-01,2.925535142421722412e-01,7.370907813310623169e-02,3.726814091205596924e-01,2.239632420241832733e-02,2.225818186998367310e-01,-1.818414591252803802e-02,1.829512566328048706e-01,2.034937888383865356e-01,1.057375520467758179e-01,-1.580330580472946167e-01
8.476394414901733398e-02,1.570261120796203613e-01,-1.103730797767639160e-01,-2.602565884590148926e-01,5.109304934740066528e-02,-7.057406753301620483e-02,1.036647111177444458e-01,2.446847110986709595e-01,4.320345222949981689e-01,2.181857824325561523e-01,5.356466174125671387e-01,2.556931376457214355e-01,6.561903655529022217e-02,3.358673751354217529e-01,2.171113193035125732e-01,1.052191555500030518e-01,4.552095830440521240e-01,-8.541850000619888306e-02,3.818505406379699707e-01,-8.739486336708068848e-02,-1.132445409893989563e-01,5.157214030623435974e-02,-6.583028286695480347e-02,8.943432569503784180e-02,2.277490496635437012e-02,-1.891998648643493652e-01,5.684984475374221802e-02,-1.066194921731948853e-01,1.863726414740085602e-02,1.000000119209289551e+00,4.057264029979705811e-01,1.241306439042091370e-01,-2.306005172431468964e-02,1.763312965631484985e-01,2.212424576282501221e-01,5.074882507324218750e-01,1.308466047048568726e-01,1.967199593782424927e-01,4.663962498307228088e-02,3.759320676326751709e-01,-7.390902191400527954e-02,2.754299640655517578e-01,2.156530469655990601e-01,4.389663934707641602e-01,1.799227744340896606e-01,1.594712138175964355e-01,9.443359822034835815e-02,3.243429362773895264e-01
1.342087984085083008e-01,5.419903993606567383e-01,-1.775691658258438110e-01,-1.242927238345146179e-01,1.388509273529052734e-01,9.786575287580490112e-02,2.653958201408386230e-01,2.841825485229492188e-01,9.092091768980026245e-02,4.634985923767089844e-01,2.189721614122390747e-01,4.201093018054962158e-01,3.483211696147918701e-01,2.479352951049804688e-01,3.851483464241027832e-01,2.348600625991821289e-01,3.716661930084228516e-01,3.002100288867950439e-01,3.933407664299011230e-01,4.030689597129821777e-01,4.721214473247528076e-01,5.441766381263732910e-01,3.157178461551666260e-01,5.341406464576721191e-01,1.961554028093814850e-02,8.392366766929626465e-02,2.445475459098815918e-01,-9.614487178623676300e-03,2.630974352359771729e-01,4.057264029979705811e-01,9.999999403953552246e-01,4.954658746719360352e-01,1.195153295993804932e-01,1.439346522092819214e-01,3.617821931838989258e-01,4.427413344383239746e-01,2.238433510065078735e-01,3.024104237556457520e-01,2.429689317941665649e-01,4.202425181865692139e-01,2.816014289855957031e-01,3.518681824207305908e-01,4.449947774410247803e-01,3.313233256340026855e-01,4.104684889316558838e-01,4.621802866458892822e-01,3.853413462638854980e-01,2.339069694280624390e-01
2.462413311004638672e-01,4.615136384963989258e-01,-1.442811191082000732e-01,-1.190706640481948853e-01,2.457724064588546753e-01,-8.626358956098556519e-02,-2.774339728057384491e-02,1.647477746009826660e-01,3.783277049660682678e-02,4.702182412147521973e-01,1.086414530873298645e-01,4.992371499538421631e-01,5.141154527664184570e-01,1.843286603689193726e-01,4.920953810214996338e-01,3.608203530311584473e-01,6.848906725645065308e-02,7.336787879467010498e-02,3.796725869178771973e-01,3.962065279483795166e-01,4.367561340332031250e-01,5.940872430801391602e-01,3.047989308834075928e-01,4.909244179725646973e-01,1.241514980792999268e-01,1.791072636842727661e-01,1.979781091213226318e-01,5.431950092315673828e-03,1.919444799423217773e-01,1.241306439042091370e-01,4.954658746719360352e-01,9.999997019767761230e-01,1.944939345121383667e-01,1.026414334774017334e-01,3.695071935653686523e-01,3.780863285064697266e-01,2.282410562038421631e-01,2.803390026092529297e-01,3.282107710838317871e-01,3.167658746242523193e-01,1.894062310457229614e-01,3.578291535377502441e-01,5.694649815559387207e-01,1.917164325714111328e-01,3.377705216407775879e-01,6.085349321365356445e-01,4.481964707374572754e-01,3.516034483909606934e-01
2.785201668739318848e-01,3.603526949882507324e-01,-1.346512287855148315e-01,-6.489597260951995850e-02,4.589365050196647644e-02,1.852402230724692345e-03,-1.231345906853675842e-02,1.205940917134284973e-01,-2.360283769667148590e-02,-5.842304602265357971e-02,1.606310009956359863e-01,-5.857396870851516724e-02,-3.080480033531785011e-03,2.882018983364105225e-01,4.822192713618278503e-02,2.100971527397632599e-02,4.506172239780426025e-02,5.132669955492019653e-02,-8.287816494703292847e-02,1.115592569112777710e-01,1.373660266399383545e-01,2.114701271057128906e-01,5.096542090177536011e-02,1.383565366268157959e-01,4.507053494453430176e-01,-5.802613869309425354e-02,2.973314523696899414e-01,2.011197805404663086e-01,1.269418448209762573e-01,-2.306005172431468964e-02,1.195153295993804932e-01,1.944939345121383667e-01,9.999999403953552246e-01,2.623476684093475342e-01,2.562018036842346191e-01,-2.586634270846843719e-02,2.936387062072753906e-01,2.497193068265914917e-01,2.447960823774337769e-01,-1.035955362021923065e-02,8.359518647193908691e-02,2.189876511693000793e-02,5.167040601372718811e-02,7.813916541635990143e-03,1.343804150819778442e-01,9.052272886037826538e-02,3.979158028960227966e-02,1.515411585569381714e-01
