1.000000119209289551e+00,4.408894479274749756e-02,2.955560982227325439e-01,3.291681110858917236e-01,3.991475701332092285e-01,3.002352416515350342e-01,4.095397517085075378e-02,3.704052567481994629e-01,3.703647255897521973e-01,-2.124890685081481934e-01,2.503605186939239502e-01,-2.264322191476821899e-01,-1.533134877681732178e-01,2.626282908022403717e-02,-1.612422317266464233e-01,-1.830841787159442902e-02,2.027020752429962158e-01,1.267866194248199463e-01,3.164501488208770752e-01,2.056351602077484131e-01,4.063887521624565125e-02,-1.000220105051994324e-01,2.096953988075256348e-01,-1.206395924091339111e-01,4.457864761352539062e-01,5.375694856047630310e-02,3.529254496097564697e-01,4.881610274314880371e-01,2.598325014114379883e-01,-5.814154073596000671e-02,6.416639685630798340e-02,-6.885637342929840088e-02,3.768156170845031738e-01,-7.729347050189971924e-02,-8.657756447792053223e-02,1.290337592363357544e-01,2.204540669918060303e-01,4.954298958182334900e-02,1.916430741548538208e-01,2.118739485740661621e-01,2.843593060970306396e-01,-7.340642064809799194e-02,6.930811703205108643e-02,1.975701451301574707e-01,-1.538539975881576538e-01,-7.159541547298431396e-02,-1.019040346145629883e-01,-1.158147528767585754e-01
4.408894479274749756e-02,1.000000238418579102e+00,-3.775958716869354248e-02,6.160431355237960815e-02,4.001447260379791260e-01,2.112172693014144897e-01,2.285703718662261963e-01,7.251478731632232666e-02,4.073959589004516602e-01,3.734465837478637695e-01,1.190919056534767151e-01,4.030915498733520508e-01,3.447417616844177246e-01,-1.818438321352005005e-01,2.724123895168304443e-01,4.190815985202789307e-01,9.288336336612701416e-02,-2.846693247556686401e-02,3.124068118631839752e-02,1.935196667909622192e-01,2.740198075771331787e-01,-1.575488150119781494e-01,-1.254990100860595703e-01,6.997846812009811401e-02,-7.535214722156524658e-02,-7.812164723873138428e-03,1.437645852565765381e-01,1.424312889575958252e-01,1.298244744539260864e-01,3.837536089122295380e-03,5.387335084378719330e-03,1.468969788402318954e-02,2.478688210248947144e-01,3.597730696201324463e-01,1.431240737438201904e-01,5.192712321877479553e-02,2.611427009105682373e-02,3.259911835193634033e-01,1.676376312971115112e-01,1.782257109880447388e-01,5.087339878082275391e-01,5.852984189987182617e-01,2.040410786867141724e-02,5.969814062118530273e-01,4.652983546257019043e-01,3.473722338676452637e-01,2.552553266286849976e-02,-1.328285783529281616e-01
2.955560982227325439e-01,-3.775958716869354248e-02,9.999999403953552246e-01,2.892375588417053223e-01,1.107819974422454834e-01,9.796362370252609253e-02,1.655079722404479980e-01,-1.041071563959121704e-01,6.492968648672103882e-02,1.138469278812408447e-01,-6.561174243688583374e-02,1.004887372255325317e-01,9.927890449762344360e-02,-1.728361845016479492e-01,1.482195705175399780e-01,6.645578891038894653e-02,1.983867436647415161e-01,-3.174643591046333313e-02,-2.783252671360969543e-02,1.169033125042915344e-01,6.316391751170158386e-03,1.201773434877395630e-01,2.038129605352878571e-02,1.728754788637161255e-01,4.104693979024887085e-02,2.852869629859924316e-01,1.446167826652526855e-01,1.892897337675094604e-01,9.079315513372421265e-02,7.554799318313598633e-02,1.526320725679397583e-01,1.499038636684417725e-01,1.056958213448524475e-01,-1.066558510065078735e-01,1.409488469362258911e-01,1.048150733113288879e-01,-2.242160402238368988e-02,1.705806851387023926e-01,2.309877574443817139e-01,1.748855710029602051e-01,1.224009320139884949e-01,1.131586879491806030e-01,8.176299929618835449e-02,-5.146031454205513000e-02,7.298758625984191895e-02,1.811239272356033325e-01,1.932847946882247925e-01,2.311944365501403809e-01
3.291681110858917236e-01,6.160431355237960815e-02,2.892375588417053223e-01,1.000000357627868652e+00,2.301842421293258667e-01,5.449033379554748535e-01,3.114460408687591553e-01,-7.047525793313980103e-02,1.687925867736339569e-02,1.646572351455688477e-01,-3.980737924575805664e-02,-1.034882292151451111e-02,1.840568631887435913e-01,-7.125860452651977539e-02,8.873058855533599854e-02,-3.281224146485328674e-02,2.235456407070159912e-01,-6.878008693456649780e-02,1.893405616283416748e-01,2.712323665618896484e-01,1.161977499723434448e-01,-8.369259536266326904e-03,1.374448239803314209e-01,-6.328322738409042358e-02,2.812615931034088135e-01,9.975515305995941162e-02,1.893441975116729736e-01,4.409090280532836914e-01,3.176151812076568604e-01,-4.579889122396707535e-03,-1.153931319713592529e-01,-1.611450314521789551e-01,9.399375878274440765e-03,-5.863527581095695496e-02,-2.563701570034027100e-02,-4.934173449873924255e-02,-8.222275227308273315e-02,1.425469219684600830e-01,-1.055955290794372559e-01,-7.457382231950759888e-02,2.451733499765396118e-01,1.744681000709533691e-01,3.304110765457153320e-01,-1.113184448331594467e-02,1.195442378520965576e-01,1.771130859851837158e-01,-8.390697836875915527e-02,-1.382528394460678101e-01
3.991475701332092285e-01,4.001447260379791260e-01,1.107819974422454834e-01,2.301842421293258667e-01,1.000000238418579102e+00,4.177386462688446045e-01,2.069978117942810059e-01,2.772024571895599365e-01,4.525199830532073975e-01,-2.972791716456413269e-02,3.148656189441680908e-01,8.267341554164886475e-02,1.480868011713027954e-01,3.808778896927833557e-02,5.760283395648002625e-02,4.258177876472473145e-01,1.602258980274200439e-01,1.614994555711746216e-01,1.258284747600555420e-01,2.943866550922393799e-01,3.875784873962402344e-01,-4.959859699010848999e-02,3.572581335902214050e-02,-1.514672189950942993e-01,1.003995165228843689e-01,4.526021704077720642e-02,2.545529305934906006e-01,1.465332210063934326e-01,8.671998977661132812e-02,-5.587446689605712891e-02,1.266925185918807983e-01,8.735475689172744751e-02,4.292314052581787109e-01,6.051727756857872009e-02,1.293423492461442947e-02,-1.255725324153900146e-01,1.755210310220718384e-01,2.394171953201293945e-01,2.351877093315124512e-01,1.998808532953262329e-01,5.803307890892028809e-01,2.425456196069717407e-01,7.200871407985687256e-02,5.127732157707214355e-01,-6.473292130976915359e-03,6.255213916301727295e-02,-1.208413019776344299e-01,-4.788127914071083069e-02
3.002352416515350342e-01,2.112172693014144897e-01,9.796362370252609253e-02,5.449033379554748535e-01,4.177386462688446045e-01,9.999999403953552246e-01,3.041842877864837646e-01,1.167014464735984802e-01,1.803179830312728882e-01,2.165825068950653076e-01,2.347273826599121094e-01,1.558178961277008057e-01,4.175912141799926758e-01,1.149003803730010986e-01,1.987901628017425537e-01,3.555013835430145264e-01,1.402343809604644775e-01,-4.649962764233350754e-03,2.714326977729797363e-01,3.128675818443298340e-01,3.606547117233276367e-01,-1.144554615020751953e-01,5.704505369067192078e-02,-1.312189698219299316e-01,3.065491616725921631e-01,4.715278744697570801e-02,3.360308110713958740e-01,2.633792757987976074e-01,9.951637685298919678e-02,-4.767516627907752991e-02,-8.511027693748474121e-02,-6.591616570949554443e-02,2.893174886703491211e-01,4.070248454809188843e-02,-7.936955243349075317e-02,-1.342946141958236694e-01,-8.110320568084716797e-02,2.478597760200500488e-01,-3.732052072882652283e-02,-9.187942743301391602e-02,3.952296376228332520e-01,3.302193284034729004e-01,4.681485593318939209e-01,1.394363045692443848e-01,1.649495065212249756e-01,2.933578193187713623e-01,-8.153583109378814697e-02,-1.881520450115203857e-01
4.095397517085075378e-02,2.285703718662261963e-01,1.655079722404479980e-01,3.114460408687591553e-01,2.069978117942810059e-01,3.041842877864837646e-01,9.999995827674865723e-01,1.946527138352394104e-02,9.125003963708877563e-02,2.959810197353363037e-01,1.725210249423980713e-01,3.080650269985198975e-01,3.675198853015899658e-01,-2.040846459567546844e-02,3.117373883724212646e-01,3.300608992576599121e-01,5.881662368774414062e-01,2.984467148780822754e-01,1.525705754756927490e-01,1.950222253799438477e-01,2.899091839790344238e-01,1.267620474100112915e-01,2.792097628116607666e-03,5.568772554397583008e-02,3.043006546795368195e-02,4.135005772113800049e-01,3.938396573066711426e-01,2.191207408905029297e-01,1.082020774483680725e-01,4.538980871438980103e-02,2.748045921325683594e-01,3.048163093626499176e-02,3.450903594493865967e-01,-9.048590064048767090e-02,4.865621030330657959e-02,1.613707691431045532e-01,-5.267910659313201904e-02,3.536224365234375000e-01,2.168629467487335205e-01,1.488893628120422363e-01,3.309429287910461426e-01,3.544856607913970947e-01,3.073795735836029053e-01,9.886553138494491577e-02,3.027278482913970947e-01,3.208489120006561279e-01,4.903357103466987610e-02,3.766298294067382812e-02
3.704052567481994629e-01,7.251478731632232666e-02,-1.041071563959121704e-01,-7.047525793313980103e-02,2.772024571895599365e-01,1.167014464735984802e-01,1.946527138352394104e-02,9.999998211860656738e-01,4.077604413032531738e-01,-2.608345150947570801e-01,6.178763508796691895e-01,-1.998171657323837280e-01,-1.180083006620407104e-01,4.884589016437530518e-01,8.644631016068160534e-04,4.794121906161308289e-02,2.901910543441772461e-01,2.871971726417541504e-01,4.099868834018707275e-01,3.545505702495574951e-01,1.758245229721069336e-01,-5.935365706682205200e-02,4.537649154663085938e-01,-7.169014215469360352e-02,4.429214596748352051e-01,-8.450320921838283539e-03,3.268209695816040039e-01,1.515366882085800171e-01,4.721274226903915405e-02,-1.192631572484970093e-01,4.234962537884712219e-02,-2.431065216660499573e-02,3.628165423870086670e-01,1.787765622138977051e-01,-2.201680839061737061e-01,8.006323873996734619e-02,6.637410521507263184e-01,7.241536676883697510e-02,9.934339672327041626e-02,2.555863559246063232e-01,2.555845975875854492e-01,-1.410849988460540771e-01,1.836758852005004883e-02,2.965859770774841309e-01,-1.309481859207153320e-01,-1.074644476175308228e-01,-1.874875724315643311e-01,-2.000060826539993286e-01
3.703647255897521973e-01,4.073959589004516602e-01,6.492968648672103882e-02,1.687925867736339569e-02,4.525199830532073975e-01,1.803179830312728882e-01,9.125003963708877563e-02,4.077604413032531738e-01,1.000000238418579102e+00,1.733647137880325317e-01,4.669759571552276611e-01,2.187304645776748657e-01,1.033640578389167786e-01,-2.814923785626888275e-02,2.450157403945922852e-01,2.174717932939529419e-01,8.979857712984085083e-02,-8.545518666505813599e-02,3.411467373371124268e-01,4.675659835338592529e-01,3.526373207569122314e-01,2.611063234508037567e-02,2.073819488286972046e-01,-1.601012609899044037e-02,1.296897232532501221e-01,-3.278761729598045349e-02,1.730084717273712158e-01,8.562692254781723022e-02,-9.744263440370559692e-02,-1.140567436814308167e-01,3.797777742147445679e-02,5.902307853102684021e-02,2.670020163059234619e-01,1.402045935392379761e-01,-3.309588134288787842e-02,-1.234103813767433167e-01,3.779989778995513916e-01,1.769741475582122803e-01,1.876269429922103882e-01,2.789650857448577881e-01,3.686565458774566650e-01,2.886722981929779053e-01,1.046662703156471252e-01,6.891062259674072266e-01,7.612361013889312744e-02,1.805139780044555664e-01,-4.982864856719970703e-02,-8.600826561450958252e-02
-2.124890685081481934e-01,3.734465837478637695e-01,1.138469278812408447e-01,1.646572351455688477e-01,-2.972791716456413269e-02,2.165825068950653076e-01,2.959810197353363037e-01,-2.608345150947570801e-01,1.733647137880325317e-01,1.000000476837158203e+00,6.493618711829185486e-03,7.977284789085388184e-01,6.122779846191406250e-01,-1.889005899429321289e-01,6.416744589805603027e-01,2.313394397497177124e-01,1.074598655104637146e-01,-3.000224828720092773e-01,-3.736016154289245605e-02,1.513743102550506592e-01,1.253235936164855957e-01,4.319567233324050903e-02,-1.120084598660469055e-01,1.794407814741134644e-01,4.849235992878675461e-03,8.943927288055419922e-02,3.848467022180557251e-02,-1.107861287891864777e-02,-5.624135211110115051e-02,-1.269959658384323120e-01,-9.371171891689300537e-02,-3.705455735325813293e-02,-5.061618611216545105e-02,-5.228754878044128418e-02,4.819489270448684692e-02,-8.513154089450836182e-02,-3.051804900169372559e-01,2.587481439113616943e-01,-4.816479608416557312e-02,-1.717911213636398315e-01,9.665981680154800415e-02,6.090885996818542480e-01,3.596006929874420166e-01,1.264799088239669800e-01,6.519569754600524902e-01,7.261828780174255371e-01,1.650864630937576294e-01,-2.599453926086425781e-02
2.503605186939239502e-01,1.190919056534767151e-01,-6.561174243688583374e-02,-3.980737924575805664e-02,3.148656189441680908e-01,2.347273826599121094e-01,1.725210249423980713e-01,6.178763508796691895e-01,4.669759571552276611e-01,6.493618711829185486e-03,1.000000476837158203e+00,8.854438364505767822e-02,1.536935716867446899e-01,3.940584361553192139e-01,2.859244942665100098e-01,2.832786738872528076e-01,2.127667814493179321e-01,1.171784996986389160e-01,3.561261296272277832e-01,3.438452482223510742e-01,2.633442580699920654e-01,2.140847593545913696e-02,3.348866105079650879e-01,2.770360931754112244e-02,2.729242146015167236e-01,3.228780627250671387e-02,3.017567396163940430e-01,-2.680502645671367645e-02,-5.253650993108749390e-02,-2.509371340274810791e-01,5.430961772799491882e-02,2.608893625438213348e-02,3.833812177181243896e-01,1.232206895947456360e-01,-2.287513166666030884e-01,-8.740444481372833252e-02,4.247878491878509521e-01,2.517399787902832031e-01,1.550195366144180298e-01,1.654268801212310791e-01,3.044164478778839111e-01,9.366207569837570190e-02,1.621879637241363525e-01,3.210273683071136475e-01,4.315107688307762146e-02,1.269026398658752441e-01,-4.564958065748214722e-02,-2.489046007394790649e-02
-2.264322191476821899e-01,4.030915498733520508e-01,1.004887372255325317e-01,-1.034882292151451111e-02,8.267341554164886475e-02,1.558178961277008057e-01,3.080650269985198975e-01,-1.998171657323837280e-01,2.187304645776748657e-01,7.977284789085388184e-01,8.854438364505767822e-02,9.999997019767761230e-01,5.943177342414855957e-01,-8.902809768915176392e-02,7.069910764694213867e-01,4.252115190029144287e-01,1.061236560344696045e-01,-1.983878463506698608e-01,-1.401986628770828247e-01,5.769222229719161987e-02,1.433519273996353149e-01,1.321917027235031128e-02,-2.256844341754913330e-01,1.377581954002380371e-01,-7.874260842800140381e-02,1.288896054029464722e-01,4.422279447317123413e-02,-1.814092695713043213e-01,-1.526602059602737427e-01,-1.530317515134811401e-01,-2.675202488899230957e-02,5.382734164595603943e-02,9.477692842483520508e-02,-4.779913276433944702e-02,1.225424110889434814e-01,-1.372097134590148926e-01,-2.457141131162643433e-01,2.860597074031829834e-01,7.008935511112213135e-02,-1.148214936256408691e-01,1.123761385679244995e-01,6.529566645622253418e-01,2.278577387332916260e-01,1.933394968509674072e-01,5.775460004806518555e-01,6.482822299003601074e-01,1.968384087085723877e-01,6.024217605590820312e-02
-1.533134877681732178e-01,3.447417616844177246e-01,9.927890449762344360e-02,1.840568631887435913e-01,1.480868011713027954e-01,4.175912141799926758e-01,3.675198853015899658e-01,-1.180083006620407104e-01,1.033640578389167786e-01,6.122779846191406250e-01,1.536935716867446899e-01,5.943177342414855957e-01,9.999999403953552246e-01,-8.521082252264022827e-02,5.856126546859741211e-01,5.930027365684509277e-01,1.633166372776031494e-01,-1.388556361198425293e-01,3.115645796060562134e-02,2.453454285860061646e-01,4.248795509338378906e-01,1.530212610960006714e-01,8.153710514307022095e-03,1.863418519496917725e-01,-1.128441933542490005e-02,1.064731180667877197e-01,1.894368678331375122e-01,-7.218016684055328369e-02,-1.349863559007644653e-01,-2.530977725982666016e-01,-9.954909980297088623e-02,-1.492981705814599991e-02,2.251346558332443237e-01,-8.293161168694496155e-03,-3.292693058028817177e-03,-4.129723086953163147e-02,-2.463366091251373291e-01,3.949322700500488281e-01,9.160569310188293457e-02,-4.792644083499908447e-02,3.448311090469360352e-01,5.810691118240356445e-01,5.039864182472229004e-01,1.072396486997604370e-01,4.796775877475738525e-01,6.186313629150390625e-01,1.708682626485824585e-01,9.559369832277297974e-02
2.626282908022403717e-02,-1.818438321352005005e-01,-1.728361845016479492e-01,-7.125860452651977539e-02,3.808778896927833557e-02,1.149003803730010986e-01,-2.040846459567546844e-02,4.884589016437530518e-01,-2.814923785626888275e-02,-1.889005899429321289e-01,3.940584361553192139e-01,-8.902809768915176392e-02,-8.521082252264022827e-02,9.999999403953552246e-01,5.670638382434844971e-02,-1.798273995518684387e-02,7.679808139801025391e-02,1.538685858249664307e-01,6.303887069225311279e-02,-1.693623635219410062e-04,-1.017664149403572083e-01,-1.708991378545761108e-01,2.116340547800064087e-01,-1.329248249530792236e-01,2.846730351448059082e-01,-3.428635373711585999e-02,-4.252328351140022278e-02,-1.155466884374618530e-01,-1.242848411202430725e-01,-1.398962289094924927e-01,-1.301412563771009445e-02,-2.244136668741703033e-02,2.279331674799323082e-03,9.115473926067352295e-02,-2.214827090501785278e-01,-6.851358711719512939e-02,4.114487469196319580e-01,-5.519554018974304199e-02,-1.929236650466918945e-01,-8.922988176345825195e-02,-1.789405494928359985e-01,-2.287755310535430908e-01,-9.289208799600601196e-02,-6.928718835115432739e-02,-1.123957931995391846e-01,-1.164926961064338684e-01,-9.954508394002914429e-02,-1.273255199193954468e-01
-1.612422317266464233e-01,2.724123895168304443e-01,1.482195705175399780e-01,8.873058855533599854e-02,5.760283395648002625e-02,1.987901628017425537e-01,3.117373883724212646e-01,8.644631016068160534e-04,2.450157403945922852e-01,6.416744589805603027e-01,2.859244942665100098e-01,7.069910764694213867e-01,5.856126546859741211e-01,5.670638382434844971e-02,1.000000119209289551e+00,4.166824817657470703e-01,1.925737261772155762e-01,-1.305507868528366089e-01,-2.006898261606693268e-02,2.488556802272796631e-01,2.468819618225097656e-01,9.519896656274795532e-02,-7.734499126672744751e-02,1.755615174770355225e-01,-3.097665123641490936e-02,1.003743186593055725e-01,1.565714180469512939e-01,-1.502188742160797119e-01,-1.625615954399108887e-01,-2.270469516515731812e-01,-4.250456020236015320e-02,8.415519259870052338e-04,1.431601643562316895e-01,4.783675819635391235e-02,-8.142516016960144043e-03,-1.595954447984695435e-01,-4.318330436944961548e-02,4.660520851612091064e-01,9.402689337730407715e-02,-6.520722806453704834e-02,1.944809854030609131e-01,5.585523843765258789e-01,3.231439292430877686e-01,1.448930054903030396e-01,4.706918001174926758e-01,5.903625488281250000e-01,1.923551410436630249e-01,1.334359943866729736e-01
-1.830841787159442902e-02,4.190815985202789307e-01,6.645578891038894653e-02,-3.281224146485328674e-02,4.258177876472473145e-01,3.555013835430145264e-01,3.300608992576599121e-01,4.794121906161308289e-02,2.174717932939529419e-01,2.313394397497177124e-01,2.832786738872528076e-01,4.252115190029144287e-01,5.930027365684509277e-01,-1.798273995518684387e-02,4.166824817657470703e-01,9.999997019767761230e-01,1.492398381233215332e-01,1.144768968224525452e-01,5.317462235689163208e-02,1.679914444684982300e-01,5.518907308578491211e-01,6.758113205432891846e-02,-9.130845963954925537e-02,3.557983785867691040e-02,-1.353601068258285522e-01,4.623422026634216309e-02,3.017980456352233887e-01,-1.367910355329513550e-01,-1.283280104398727417e-01,-1.340361088514328003e-01,7.880639284849166870e-02,8.595096319913864136e-02,5.566442012786865234e-01,1.055714786052703857e-01,1.474390923976898193e-01,-9.418568015098571777e-02,-3.323267027735710144e-02,4.296697378158569336e-01,3.717426061630249023e-01,2.166863828897476196e-01,4.740393161773681641e-01,5.377597212791442871e-01,2.311982363462448120e-01,3.097365200519561768e-01,2.404036372900009155e-01,3.210423588752746582e-01,6.329569965600967407e-02,1.290574520826339722e-01
2.027020752429962158e-01,9.288336336612701416e-02,1.983867436647415161e-01,2.235456407070159912e-01,1.602258980274200439e-01,1.402343809604644775e-01,5.881662368774414062e-01,2.901910543441772461e-01,8.979857712984085083e-02,1.074598655104637146e-01,2.127667814493179321e-01,1.061236560344696045e-01,1.633166372776031494e-01,7.679808139801025391e-02,1.925737261772155762e-01,1.492398381233215332e-01,1.000000238418579102e+00,5.762475132942199707e-01,3.705063164234161377e-01,3.589294254779815674e-01,2.831368148326873779e-01,1.737741380929946899e-01,2.537925839424133301e-01,4.521417990326881409e-02,2.873710095882415771e-01,3.232593834400177002e-01,4.554339349269866943e-01,2.559262514114379883e-01,1.374763846397399902e-01,8.520539104938507080e-02,2.937487959861755371e-01,-7.231946289539337158e-02,3.737894594669342041e-01,-8.139485120773315430e-02,5.710320174694061279e-02,3.079957067966461182e-01,1.680272072553634644e-01,2.913282811641693115e-01,3.568765819072723389e-01,3.422428667545318604e-01,2.878351509571075439e-01,1.227345466613769531e-01,2.372908443212509155e-01,4.782184958457946777e-02,1.460336446762084961e-01,1.864830106496810913e-01,-1.122850328683853149e-01,-1.133676096796989441e-01
1.267866194248199463e-01,-2.846693247556686401e-02,-3.174643591046333313e-02,-6.878008693456649780e-02,1.614994555711746216e-01,-4.649962764233350754e-03,2.984467148780822754e-01,2.871971726417541504e-01,-8.545518666505813599e-02,-3.000224828720092773e-01,1.171784996986389160e-01,-1.983878463506698608e-01,-1.388556361198425293e-01,1.538685858249664307e-01,-1.305507868528366089e-01,1.144768968224525452e-01,5.762475132942199707e-01,1.000000238418579102e+00,1.852086782455444336e-01,9.219750761985778809e-02,1.841816753149032593e-01,8.629168570041656494e-02,6.239653378725051880e-02,-3.237140551209449768e-02,8.495002985000610352e-02,1.915199160575866699e-01,2.992461919784545898e-01,6.504906713962554932e-02,1.301918327808380127e-01,2.599114477634429932e-01,4.335100054740905762e-01,9.712530672550201416e-02,3.435538411140441895e-01,7.207251340150833130e-02,1.682300120592117310e-01,3.158415555953979492e-01,2.035251259803771973e-01,1.839433908462524414e-01,2.853462696075439453e-01,3.043554127216339111e-01,2.028161734342575073e-01,-1.306481212377548218e-01,-3.302417695522308350e-02,1.177287101745605469e-02,-1.365627646446228027e-01,-1.784725636243820190e-01,-7.245936244726181030e-02,-2.329338900744915009e-02
3.164501488208770752e-01,3.124068118631839752e-02,-2.783252671360969543e-02,1.893405616283416748e-01,1.258284747600555420e-01,2.714326977729797363e-01,1.525705754756927490e-01,4.099868834018707275e-01,3.411467373371124268e-01,-3.736016154289245605e-02,3.561261296272277832e-01,-1.401986628770828247e-01,3.115645796060562134e-02,6.303887069225311279e-02,-2.006898261606693268e-02,5.317462235689163208e-02,3.705063164234161377e-01,1.852086782455444336e-01,1.000000119209289551e+00,6.196607947349548340e-01,3.987376093864440918e-01,1.811166554689407349e-01,4.965016841888427734e-01,-5.894200503826141357e-02,3.067203462123870850e-01,-3.394926711916923523e-02,1.911509335041046143e-01,2.553758323192596436e-01,3.305897116661071777e-02,-1.023790910840034485e-01,2.270160010084509850e-03,-2.244828641414642334e-02,1.465937346220016479e-01,7.437832653522491455e-02,-1.931883580982685089e-02,-1.297971047461032867e-02,2.269883751869201660e-01,1.283375024795532227e-01,1.600219011306762695e-01,2.173549234867095947e-01,2.192467749118804932e-01,-2.666705101728439331e-02,3.227711617946624756e-01,2.491108775138854980e-01,-5.223054811358451843e-02,3.867949172854423523e-02,-2.389616817235946655e-01,-2.233253270387649536e-01
2.056351602077484131e-01,1.935196667909622192e-01,1.169033125042915344e-01,2.712323665618896484e-01,2.943866550922393799e-01,3.128675818443298340e-01,1.950222253799438477e-01,3.545505702495574951e-01,4.675659835338592529e-01,1.513743102550506592e-01,3.438452482223510742e-01,5.769222229719161987e-02,2.453454285860061646e-01,-1.693623635219410062e-04,2.488556802272796631e-01,1.679914444684982300e-01,3.589294254779815674e-01,9.219750761985778809e-02,6.196607947349548340e-01,9.999995827674865723e-01,6.122649908065795898e-01,2.229550629854202271e-01,4.828309416770935059e-01,2.586571313440799713e-02,2.261337935924530029e-01,-1.179990917444229126e-01,2.139736264944076538e-01,1.920878589153289795e-01,8.714617229998111725e-03,-8.545050770044326782e-02,-5.652775056660175323e-03,-2.159539237618446350e-02,1.405940353870391846e-01,8.477521687746047974e-02,-2.218486508354544640e-03,-6.336714327335357666e-02,2.939513623714447021e-01,2.148102670907974243e-01,2.287257313728332520e-01,3.685990571975708008e-01,4.093765020370483398e-01,1.654781401157379150e-01,3.708441257476806641e-01,3.925945758819580078e-01,8.522756397724151611e-02,1.986664533615112305e-01,-1.649259328842163086e-01,-1.513908952474594116e-01
4.063887521624565125e-02,2.740198075771331787e-01,6.316391751170158386e-03,1.161977499723434448e-01,3.875784873962402344e-01,3.606547117233276367e-01,2.899091839790344238e-01,1.758245229721069336e-01,3.526373207569122314e-01,1.253235936164855957e-01,2.633442580699920654e-01,1.433519273996353149e-01,4.248795509338378906e-01,-1.017664149403572083e-01,2.468819618225097656e-01,5.518907308578491211e-01,2.831368148326873779e-01,1.841816753149032593e-01,3.987376093864440918e-01,6.122649908065795898e-01,1.000000238418579102e+00,3.629733324050903320e-01,2.707753181457519531e-01,-1.251174323260784149e-02,9.280315600335597992e-03,1.937582972459495068e-03,2.808388769626617432e-01,2.306655608117580414e-02,-8.574692904949188232e-02,-8.017765358090400696e-04,8.430942893028259277e-02,2.032893337309360504e-02,3.988427519798278809e-01,1.219677478075027466e-01,8.475181460380554199e-02,-1.260033547878265381e-01,1.432399749755859375e-01,3.574792444705963135e-01,3.473131656646728516e-01,3.467369675636291504e-01,5.040366053581237793e-01,3.372848033905029297e-01,3.687500953674316406e-01,3.713019490242004395e-01,3.797253593802452087e-02,1.977021247148513794e-01,-1.054022535681724548e-01,-4.528515785932540894e-02
-1.000220105051994324e-01,-1.575488150119781494e-01,1.201773434877395630e-01,-8.369259536266326904e-03,-4.959859699010848999e-02,-1.144554615020751953e-01,1.267620474100112915e-01,-5.935365706682205200e-02,2.611063234508037567e-02,4.319567233324050903e-02,2.140847593545913696e-02,1.321917027235031128e-02,1.530212610960006714e-01,-1.708991378545761108e-01,9.519896656274795532e-02,6.758113205432891846e-02,1.737741380929946899e-01,8.629168570041656494e-02,1.811166554689407349e-01,2.229550629854202271e-01,3.629733324050903320e-01,1.000000000000000000e+00,1.745807230472564697e-01,2.527230083942413330e-01,-6.181079149246215820e-02,2.055836617946624756e-01,5.016404762864112854e-02,-1.022492498159408569e-01,-1.673040241003036499e-01,-3.800674900412559509e-02,2.924836575984954834e-01,2.513759136199951172e-01,2.858979813754558563e-02,-1.800899058580398560e-01,1.044820323586463928e-01,1.871053688228130341e-02,-5.781587585806846619e-02,1.691192388534545898e-01,2.402254641056060791e-01,1.305600255727767944e-01,3.679927065968513489e-02,-3.450244292616844177e-02,1.865319609642028809e-01,-4.052261635661125183e-02,-1.167617365717887878e-01,-1.707999967038631439e-02,1.426940113306045532e-01,3.865741491317749023e-01
2.096953988075256348e-01,-1.254990100860595703e-01,2.038129605352878571e-02,1.374448239803314209e-01,3.572581335902214050e-02,5.704505369067192078e-02,2.792097628116607666e-03,4.537649154663085938e-01,2.073819488286972046e-01,-1.120084598660469055e-01,3.348866105079650879e-01,-2.256844341754913330e-01,8.153710514307022095e-03,2.116340547800064087e-01,-7.734499126672744751e-02,-9.130845963954925537e-02,2.537925839424133301e-01,6.239653378725051880e-02,4.965016841888427734e-01,4.828309416770935059e-01,2.707753181457519531e-01,1.745807230472564697e-01,9.999999403953552246e-01,1.695110052824020386e-01,4.826636612415313721e-01,-1.252434998750686646e-01,9.628671407699584961e-02,2.689504027366638184e-01,5.806871876120567322e-02,-1.901026815176010132e-01,-5.701233632862567902e-03,-2.265362441539764404e-02,4.099101945757865906e-02,4.334980621933937073e-02,-1.480555981397628784e-01,2.178989797830581665e-01,3.448471724987030029e-01,7.075157016515731812e-02,1.098752766847610474e-01,3.362706005573272705e-01,8.388603478670120239e-02,-2.198826968669891357e-01,1.970753818750381470e-01,5.703176930546760559e-02,-6.894721090793609619e-02,-7.229600101709365845e-02,-1.088325455784797668e-01,-9.468653053045272827e-02
-1.206395924091339111e-01,6.997846812009811401e-02,1.728754788637161255e-01,-6.328322738409042358e-02,-1.514672189950942993e-01,-1.312189698219299316e-01,5.568772554397583008e-02,-7.169014215469360352e-02,-1.601012609899044037e-02,1.794407814741134644e-01,2.770360931754112244e-02,1.377581954002380371e-01,1.863418519496917725e-01,-1.329248249530792236e-01,1.755615174770355225e-01,3.557983785867691040e-02,4.521417990326881409e-02,-3.237140551209449768e-02,-5.894200503826141357e-02,2.586571313440799713e-02,-1.251174323260784149e-02,2.527230083942413330e-01,1.695110052824020386e-01,9.999998211860656738e-01,-1.848576962947845459e-02,5.202303454279899597e-02,1.971410401165485382e-02,1.498323865234851837e-02,2.045875228941440582e-02,-9.260959923267364502e-02,3.383996188640594482e-01,4.275718331336975098e-01,1.621731743216514587e-02,5.103642493486404419e-02,1.353012621402740479e-01,3.957141041755676270e-01,-7.843913882970809937e-02,2.478852719068527222e-01,1.298300623893737793e-01,1.129602566361427307e-01,9.381769597530364990e-02,1.174756959080696106e-01,1.597802788019180298e-01,-6.674013286828994751e-02,2.768445014953613281e-01,1.956296116113662720e-01,7.121493220329284668e-01,4.436105787754058838e-01
4.457864761352539062e-01,-7.535214722156524658e-02,4.104693979024887085e-02,2.812615931034088135e-01,1.003995165228843689e-01,3.065491616725921631e-01,3.043006546795368195e-02,4.429214596748352051e-01,1.296897232532501221e-01,4.849235992878675461e-03,2.729242146015167236e-01,-7.874260842800140381e-02,-1.128441933542490005e-02,2.846730351448059082e-01,-3.097665123641490936e-02,-1.353601068258285522e-01,2.873710095882415771e-01,8.495002985000610352e-02,3.067203462123870850e-01,2.261337935924530029e-01,9.280315600335597992e-03,-6.181079149246215820e-02,4.826636612415313721e-01,-1.848576962947845459e-02,1.000000357627868652e+00,-1.957756653428077698e-02,3.789801299571990967e-01,4.846031367778778076e-01,2.412151396274566650e-01,-9.819548577070236206e-02,-3.059123409911990166e-03,-1.233888640999794006e-01,2.563279569149017334e-01,-1.662634164094924927e-01,-2.088171392679214478e-01,1.503251641988754272e-01,1.481528878211975098e-01,3.668332099914550781e-02,2.628708716656547040e-05,3.886158764362335205e-02,1.053365990519523621e-01,-7.704038172960281372e-02,1.954323649406433105e-01,-8.748547732830047607e-02,5.022252723574638367e-02,2.617799304425716400e-02,-1.465138196945190430e-01,-2.342052161693572998e-01
5.375694856047630310e-02,-7.812164723873138428e-03,2.852869629859924316e-01,9.975515305995941162e-02,4.526021704077720642e-02,4.715278744697570801e-02,4.135005772113800049e-01,-8.450320921838283539e-03,-3.278761729598045349e-02,8.943927288055419922e-02,3.228780627250671387e-02,1.288896054029464722e-01,1.064731180667877197e-01,-3.428635373711585999e-02,1.003743186593055725e-01,4.623422026634216309e-02,3.232593834400177002e-01,1.915199160575866699e-01,-3.394926711916923523e-02,-1.179990917444229126e-01,1.937582972459495068e-03,2.055836617946624756e-01,-1.252434998750686646e-01,5.202303454279899597e-02,-1.957756653428077698e-02,9.999998211860656738e-01,1.762561202049255371e-01,2.668507164344191551e-03,-2.041886560618877411e-02,4.923254996538162231e-02,2.021732926368713379e-01,3.647069633007049561e-02,1.329640895128250122e-01,-1.833757311105728149e-01,-3.989534080028533936e-02,6.983783096075057983e-02,-4.954297468066215515e-02,1.408032625913619995e-01,1.120980083942413330e-01,4.145092144608497620e-02,6.709042936563491821e-02,1.147755607962608337e-01,2.967240847647190094e-02,-3.528853505849838257e-02,1.289897710084915161e-01,1.548533886671066284e-01,6.929840892553329468e-02,4.854241013526916504e-02
3.529254496097564697e-01,1.437645852565765381e-01,1.446167826652526855e-01,1.893441975116729736e-01,2.545529305934906006e-01,3.360308110713958740e-01,3.938396573066711426e-01,3.268209695816040039e-01,1.730084717273712158e-01,3.848467022180557251e-02,3.017567396163940430e-01,4.422279447317123413e-02,1.894368678331375122e-01,-4.252328351140022278e-02,1.565714180469512939e-01,3.017980456352233887e-01,4.554339349269866943e-01,2.992461919784545898e-01,1.911509335041046143e-01,2.139736264944076538e-01,2.808388769626617432e-01,5.016404762864112854e-02,9.628671407699584961e-02,1.971410401165485382e-02,3.789801299571990967e-01,1.762561202049255371e-01,9.999995827674865723e-01,4.445734620094299316e-01,3.269295692443847656e-01,1.081314310431480408e-01,2.991351783275604248e-01,-1.316817477345466614e-02,7.174723148345947266e-01,-2.116314768791198730e-01,-7.308284193277359009e-02,2.748236954212188721e-01,1.348754316568374634e-01,3.147201240062713623e-01,3.661641478538513184e-01,2.500865459442138672e-01,5.289455652236938477e-01,1.706744432449340820e-01,3.406980931758880615e-01,4.400780051946640015e-02,8.540904521942138672e-02,1.276813298463821411e-01,-4.495648294687271118e-02,-1.570625603199005127e-02
4.881610274314880371e-01,1.424312889575958252e-01,1.892897337675094604e-01,4.409090280532836914e-01,1.465332210063934326e-01,2.633792757987976074e-01,2.191207408905029297e-01,1.515366882085800171e-01,8.562692254781723022e-02,-1.107861287891864777e-02,-2.680502645671367645e-02,-1.814092695713043213e-01,-7.218016684055328369e-02,-1.155466884374618530e-01,-1.502188742160797119e-01,-1.367910355329513550e-01,2.559262514114379883e-01,6.504906713962554932e-02,2.553758323192596436e-01,1.920878589153289795e-01,2.306655608117580414e-02,-1.022492498159408569e-01,2.689504027366638184e-01,1.498323865234851837e-02,4.846031367778778076e-01,2.668507164344191551e-03,4.445734620094299316e-01,1.000000000000000000e+00,5.023478865623474121e-01,7.715904712677001953e-02,7.701696455478668213e-02,-5.983108654618263245e-02,2.290344536304473877e-01,-4.276726394891738892e-02,2.923699561506509781e-03,3.185411989688873291e-01,7.639346644282341003e-03,1.303573995828628540e-01,4.471627250313758850e-02,9.899859130382537842e-02,2.989032268524169922e-01,-2.997620962560176849e-02,1.622611284255981445e-01,-3.031875239685177803e-03,9.551632404327392578e-02,1.048324536532163620e-02,-9.162031114101409912e-02,-1.612075567245483398e-01
2.598325014114379883e-01,1.298244744539260864e-01,9.079315513372421265e-02,3.176151812076568604e-01,8.671998977661132812e-02,9.951637685298919678e-02,1.082020774483680725e-01,4.721274226903915405e-02,-9.744263440370559692e-02,-5.624135211110115051e-02,-5.253650993108749390e-02,-1.526602059602737427e-01,-1.349863559007644653e-01,-1.242848411202430725e-01,-1.625615954399108887e-01,-1.283280104398727417e-01,1.374763846397399902e-01,1.301918327808380127e-01,3.305897116661071777e-02,8.714617229998111725e-03,-8.574692904949188232e-02,-1.673040241003036499e-01,5.806871876120567322e-02,2.045875228941440582e-02,2.412151396274566650e-01,-2.041886560618877411e-02,3.269295692443847656e-01,5.023478865623474121e-01,1.000000476837158203e+00,4.085945487022399902e-01,1.429555863142013550e-01,-1.631367951631546021e-02,1.605036705732345581e-01,6.666690111160278320e-02,6.365196406841278076e-02,2.538389265537261963e-01,-2.645343169569969177e-02,5.231225863099098206e-02,3.732017800211906433e-02,2.336733415722846985e-02,1.676935702562332153e-01,-3.454039990901947021e-02,5.192712694406509399e-02,-4.335758090019226074e-02,8.305613696575164795e-02,-4.364721849560737610e-02,-1.335139386355876923e-02,-7.591495662927627563e-02
-5.814154073596000671e-02,3.837536089122295380e-03,7.554799318313598633e-02,-4.579889122396707535e-03,-5.587446689605712891e-02,-4.767516627907752991e-02,4.538980871438980103e-02,-1.192631572484970093e-01,-1.140567436814308167e-01,-1.269959658384323120e-01,-2.509371340274810791e-01,-1.530317515134811401e-01,-2.530977725982666016e-01,-1.398962289094924927e-01,-2.270469516515731812e-01,-1.340361088514328003e-01,8.520539104938507080e-02,2.599114477634429932e-01,-1.023790910840034485e-01,-8.545050770044326782e-02,-8.017765358090400696e-04,-3.800674900412559509e-02,-1.901026815176010132e-01,-9.260959923267364502e-02,-9.819548577070236206e-02,4.923254996538162231e-02,1.081314310431480408e-01,7.715904712677001953e-02,4.085945487022399902e-01,1.000000119209289551e+00,3.704423308372497559e-01,1.163426786661148071e-01,-7.501798681914806366e-03,4.260402172803878784e-02,2.263227701187133789e-01,1.654851138591766357e-01,1.884392276406288147e-02,-9.833630919456481934e-02,8.412806689739227295e-02,6.371255218982696533e-02,-5.837325751781463623e-02,-5.956761538982391357e-02,-6.184668838977813721e-02,-5.101020261645317078e-02,-1.033384799957275391e-01,-1.668335944414138794e-01,-4.810414463281631470e-02,-7.955116778612136841e-02
6.416639685630798340e-02,5.387335084378719330e-03,1.526320725679397583e-01,-1.153931319713592529e-01,1.266925185918807983e-01,-8.511027693748474121e-02,2.748045921325683594e-01,4.234962537884712219e-02,3.797777742147445679e-02,-9.371171891689300537e-02,5.430961772799491882e-02,-2.675202488899230957e-02,-9.954909980297088623e-02,-1.301412563771009445e-02,-4.250456020236015320e-02,7.880639284849166870e-02,2.937487959861755371e-01,4.335100054740905762e-01,2.270160010084509850e-03,-5.652775056660175323e-03,8.430942893028259277e-02,2.924836575984954834e-01,-5.701233632862567902e-03,3.383996188640594482e-01,-3.059123409911990166e-03,2.021732926368713379e-01,2.991351783275604248e-01,7.701696455478668213e-02,1.429555863142013550e-01,3.704423308372497559e-01,9.999999403953552246e-01,6.135270595550537109e-01,2.574591636657714844e-01,-1.069916337728500366e-01,1.627017259597778320e-01,3.263038396835327148e-01,8.335906267166137695e-02,1.513274013996124268e-01,2.601245343685150146e-01,1.517630070447921753e-01,1.567871868610382080e-01,-5.977133661508560181e-02,5.092922598123550415e-03,2.111871540546417236e-02,-2.835013717412948608e-02,-8.814331889152526855e-02,3.689402639865875244e-01,3.006279170513153076e-01
-6.885637342929840088e-02,1.468969788402318954e-02,1.499038636684417725e-01,-1.611450314521789551e-01,8.735475689172744751e-02,-6.591616570949554443e-02,3.048163093626499176e-02,-2.431065216660499573e-02,5.902307853102684021e-02,-3.705455735325813293e-02,2.608893625438213348e-02,5.382734164595603943e-02,-1.492981705814599991e-02,-2.244136668741703033e-02,8.415519259870052338e-04,8.595096319913864136e-02,-7.231946289539337158e-02,9.712530672550201416e-02,-2.244828641414642334e-02,-2.159539237618446350e-02,2.032893337309360504e-02,2.513759136199951172e-01,-2.265362441539764404e-02,4.275718331336975098e-01,-1.233888640999794006e-01,3.647069633007049561e-02,-1.316817477345466614e-02,-5.983108654618263245e-02,-1.631367951631546021e-02,1.163426786661148071e-01,6.135270595550537109e-01,1.000000000000000000e+00,4.483694210648536682e-02,6.937178224325180054e-02,1.344612985849380493e-01,4.300626367330551147e-02,-2.202940732240676880e-02,1.110382527112960815e-01,5.371829494833946228e-02,-7.829655706882476807e-02,5.483984574675559998e-02,-2.181178331375122070e-02,-1.999508589506149292e-02,5.378663539886474609e-02,3.670002100989222527e-03,-3.459627926349639893e-02,5.376597046852111816e-01,4.798369407653808594e-01
