1.000000953674316406e+00,6.731369495391845703e-01,6.478846073150634766e-01,5.258866548538208008e-01,5.811023712158203125e-01,3.624336719512939453e-01,2.835450768470764160e-01,2.758506834506988525e-01,3.127076327800750732e-01,7.362843025475740433e-03,1.052392944693565369e-01,7.004910707473754883e-01,4.088140130043029785e-01,5.111199617385864258e-01,4.534507691860198975e-01,5.630909204483032227e-01,2.831051945686340332e-01,2.555211782455444336e-01,-6.321426481008529663e-02,-1.524267997592687607e-02,2.141903936862945557e-01
6.731369495391845703e-01,1.000000357627868652e+00,3.359652459621429443e-01,2.306832522153854370e-01,4.577140510082244873e-01,3.070493638515472412e-01,2.036624103784561157e-01,2.789531946182250977e-01,2.488812804222106934e-01,8.302259258925914764e-03,1.404480934143066406e-01,3.889276385307312012e-01,3.223169445991516113e-01,2.200253754854202271e-01,1.828323900699615479e-01,3.841876983642578125e-01,1.788323074579238892e-01,1.642624288797378540e-01,-2.623448669910430908e-01,-6.064088642597198486e-02,2.151506692171096802e-01
6.478846073150634766e-01,3.359652459621429443e-01,1.000000119209289551e+00,5.971405506134033203e-01,4.914630353450775146e-01,2.947142124176025391e-01,1.426255851984024048e-01,2.596579194068908691e-01,2.380595803260803223e-01,-3.518397733569145203e-02,-3.623678907752037048e-02,5.717697739601135254e-01,2.792069911956787109e-01,8.046335577964782715e-01,5.495536327362060547e-01,5.710410475730895996e-01,2.919489145278930664e-01,2.722188532352447510e-01,9.958840906620025635e-02,1.053337380290031433e-02,2.947016432881355286e-02
5.258866548538208008e-01,2.306832522153854370e-01,5.971405506134033203e-01,1.000000119209289551e+00,5.092328190803527832e-01,4.760199785232543945e-01,4.101452231407165527e-01,1.594135612249374390e-01,3.343150913715362549e-01,9.250355511903762817e-02,4.485750943422317505e-02,5.150209665298461914e-01,2.522453367710113525e-01,5.159429311752319336e-01,8.262270092964172363e-01,5.352596640586853027e-01,3.939272463321685791e-01,4.587311148643493652e-01,1.100334972143173218e-01,-3.233285248279571533e-02,2.808927595615386963e-01
5.811023712158203125e-01,4.577140510082244873e-01,4.914630353450775146e-01,5.092328190803527832e-01,1.000000119209289551e+00,3.661600053310394287e-01,3.235287666320800781e-01,8.771974593400955200e-02,2.183462977409362793e-01,5.967386066913604736e-02,1.864908337593078613e-01,5.238867998123168945e-01,2.944595813751220703e-01,3.954495191574096680e-01,5.501461029052734375e-01,6.865525245666503906e-01,4.936333894729614258e-01,4.550553262233734131e-01,-4.109762236475944519e-02,3.815372288227081299e-02,3.328189551830291748e-01
3.624336719512939453e-01,3.070493638515472412e-01,2.947142124176025391e-01,4.760199785232543945e-01,3.661600053310394287e-01,9.999996423721313477e-01,6.049360036849975586e-01,1.407580673694610596e-01,2.982274591922760010e-01,1.826749145984649658e-01,3.074879348278045654e-01,2.409663051366806030e-01,2.285931259393692017e-02,2.069375514984130859e-01,4.322070777416229248e-01,2.857039868831634521e-01,4.986837506294250488e-01,4.525416493415832520e-01,-5.042670294642448425e-02,1.403724104166030884e-01,3.349677324295043945e-01
2.835450768470764160e-01,2.036624103784561157e-01,1.426255851984024048e-01,4.101452231407165527e-01,3.235287666320800781e-01,6.049360036849975586e-01,1.000000476837158203e+00,3.757129237055778503e-02,1.917157173156738281e-01,1.945569962263107300e-01,1.553231030702590942e-01,1.543837785720825195e-01,1.790081150829792023e-02,7.574152201414108276e-02,3.358193635940551758e-01,2.104731053113937378e-01,2.939659655094146729e-01,4.132255613803863525e-01,-9.114906936883926392e-02,-3.712668642401695251e-02,2.621426284313201904e-01
2.758506834506988525e-01,2.789531946182250977e-01,2.596579194068908691e-01,1.594135612249374390e-01,8.771974593400955200e-02,1.407580673694610596e-01,3.757129237055778503e-02,9.999996423721313477e-01,1.434907168149948120e-01,-1.102013699710369110e-02,-5.638397857546806335e-02,2.839285135269165039e-01,2.225937247276306152e-01,2.829179167747497559e-01,1.494905203580856323e-01,2.828991413116455078e-01,6.627476215362548828e-02,2.736313641071319580e-02,-1.857101568020880222e-03,-6.656596064567565918e-02,-9.677160531282424927e-02
3.127076327800750732e-01,2.488812804222106934e-01,2.380595803260803223e-01,3.343150913715362549e-01,2.183462977409362793e-01,2.982274591922760010e-01,1.917157173156738281e-01,1.434907168149948120e-01,1.000000000000000000e+00,4.307003319263458252e-01,9.854752570390701294e-02,1.389310061931610107e-01,2.981614321470260620e-02,1.556314378976821899e-01,2.592526376247406006e-01,2.664432525634765625e-01,2.825601212680339813e-02,1.124830767512321472e-01,1.830610632896423340e-01,7.872109115123748779e-02,1.617828160524368286e-01
7.362843025475740433e-03,8.302259258925914764e-03,-3.518397733569145203e-02,9.250355511903762817e-02,5.967386066913604736e-02,1.826749145984649658e-01,1.945569962263107300e-01,-1.102013699710369110e-02,4.307003319263458252e-01,1.000000000000000000e+00,1.003477424383163452e-01,-7.692202925682067871e-03,6.466009654104709625e-03,-4.104464128613471985e-02,9.284114837646484375e-02,1.022421121597290039e-01,3.840663284063339233e-02,6.472054123878479004e-02,2.392483800649642944e-01,2.572763562202453613e-01,1.057744175195693970e-01
1.052392944693565369e-01,1.404480934143066406e-01,-3.623678907752037048e-02,4.485750943422317505e-02,1.864908337593078613e-01,3.074879348278045654e-01,1.553231030702590942e-01,-5.638397857546806335e-02,9.854752570390701294e-02,1.003477424383163452e-01,1.000000000000000000e+00,5.917202681303024292e-02,-5.598171800374984741e-02,-7.238941639661788940e-02,3.623045235872268677e-02,3.408570215106010437e-02,2.516984641551971436e-01,1.869780421257019043e-01,-4.575344547629356384e-02,2.006030380725860596e-01,4.033604860305786133e-01
7.004910707473754883e-01,3.889276385307312012e-01,5.717697739601135254e-01,5.150209665298461914e-01,5.238867998123168945e-01,2.409663051366806030e-01,1.543837785720825195e-01,2.839285135269165039e-01,1.389310061931610107e-01,-7.692202925682067871e-03,5.917202681303024292e-02,9.999997615814208984e-01,7.346799373626708984e-01,5.392203330993652344e-01,5.475808978080749512e-01,6.176899075508117676e-01,4.486748576164245605e-01,3.867678046226501465e-01,9.963463991880416870e-02,9.000863134860992432e-02,2.477821260690689087e-01
4.088140130043029785e-01,3.223169445991516113e-01,2.792069911956787109e-01,2.522453367710113525e-01,2.944595813751220703e-01,2.285931259393692017e-02,1.790081150829792023e-02,2.225937247276306152e-01,2.981614321470260620e-02,6.466009654104709625e-03,-5.598171800374984741e-02,7.346799373626708984e-01,1.000000715255737305e+00,2.792684435844421387e-01,2.639537453651428223e-01,4.146250784397125244e-01,2.931874692440032959e-01,2.411643415689468384e-01,1.520356088876724243e-01,1.204185560345649719e-01,1.737062931060791016e-01
5.111199617385864258e-01,2.200253754854202271e-01,8.046335577964782715e-01,5.159429311752319336e-01,3.954495191574096680e-01,2.069375514984130859e-01,7.574152201414108276e-02,2.829179167747497559e-01,1.556314378976821899e-01,-4.104464128613471985e-02,-7.238941639661788940e-02,5.392203330993652344e-01,2.792684435844421387e-01,1.000000238418579102e+00,5.458721518516540527e-01,5.695045590400695801e-01,2.595303654670715332e-01,2.194565236568450928e-01,9.468954801559448242e-02,-1.685802266001701355e-02,-4.545998573303222656e-02
4.534507691860198975e-01,1.828323900699615479e-01,5.495536327362060547e-01,8.262270092964172363e-01,5.501461029052734375e-01,4.322070777416229248e-01,3.358193635940551758e-01,1.494905203580856323e-01,2.592526376247406006e-01,9.284114837646484375e-02,3.623045235872268677e-02,5.475808978080749512e-01,2.639537453651428223e-01,5.458721518516540527e-01,1.000000119209289551e+00,6.054747104644775391e-01,4.875991642475128174e-01,4.762290418148040771e-01,1.226999163627624512e-01,1.851553842425346375e-02,2.954540848731994629e-01
5.630909204483032227e-01,3.841876983642578125e-01,5.710410475730895996e-01,5.352596640586853027e-01,6.865525245666503906e-01,2.857039868831634521e-01,2.104731053113937378e-01,2.828991413116455078e-01,2.664432525634765625e-01,1.022421121597290039e-01,3.408570215106010437e-02,6.176899075508117676e-01,4.146250784397125244e-01,5.695045590400695801e-01,6.054747104644775391e-01,1.000000238418579102e+00,4.466270804405212402e-01,3.973060548305511475e-01,5.990468338131904602e-02,6.468724459409713745e-02,2.378089427947998047e-01
2.831051945686340332e-01,1.788323074579238892e-01,2.919489145278930664e-01,3.939272463321685791e-01,4.936333894729614258e-01,4.986837506294250488e-01,2.939659655094146729e-01,6.627476215362548828e-02,2.825601212680339813e-02,3.840663284063339233e-02,2.516984641551971436e-01,4.486748576164245605e-01,2.931874692440032959e-01,2.595303654670715332e-01,4.875991642475128174e-01,4.466270804405212402e-01,9.999996423721313477e-01,6.512483358383178711e-01,1.032522991299629211e-01,2.201334238052368164e-01,3.879742920398712158e-01
2.555211782455444336e-01,1.642624288797378540e-01,2.722188532352447510e-01,4.587311148643493652e-01,4.550553262233734131e-01,4.525416493415832520e-01,4.132255613803863525e-01,2.736313641071319580e-02,1.124830767512321472e-01,6.472054123878479004e-02,1.869780421257019043e-01,3.867678046226501465e-01,2.411643415689468384e-01,2.194565236568450928e-01,4.762290418148040771e-01,3.973060548305511475e-01,6.512483358383178711e-01,1.000000000000000000e+00,8.037046343088150024e-02,1.955918073654174805e-01,3.118382990360260010e-01
-6.321426481008529663e-02,-2.623448669910430908e-01,9.958840906620025635e-02,1.100334972143173218e-01,-4.109762236475944519e-02,-5.042670294642448425e-02,-9.114906936883926392e-02,-1.857101568020880222e-03,1.830610632896423340e-01,2.392483800649642944e-01,-4.575344547629356384e-02,9.963463991880416870e-02,1.520356088876724243e-01,9.468954801559448242e-02,1.226999163627624512e-01,5.990468338131904602e-02,1.032522991299629211e-01,8.037046343088150024e-02,1.000000357627868652e+00,4.698051512241363525e-01,6.691086292266845703e-02
-1.524267997592687607e-02,-6.064088642597198486e-02,1.053337380290031433e-02,-3.233285248279571533e-02,3.815372288227081299e-02,1.403724104166030884e-01,-3.712668642401695251e-02,-6.656596064567565918e-02,7.872109115123748779e-02,2.572763562202453613e-01,2.006030380725860596e-01,9.000863134860992432e-02,1.204185560345649719e-01,-1.685802266001701355e-02,1.851553842425346375e-02,6.468724459409713745e-02,2.201334238052368164e-01,1.955918073654174805e-01,4.698051512241363525e-01,1.000000000000000000e+00,2.513933479785919189e-01
2.141903936862945557e-01,2.151506692171096802e-01,2.947016432881355286e-02,2.808927595615386963e-01,3.328189551830291748e-01,3.349677324295043945e-01,2.621426284313201904e-01,-9.677160531282424927e-02,1.617828160524368286e-01,1.057744175195693970e-01,4.033604860305786133e-01,2.477821260690689087e-01,1.737062931060791016e-01,-4.545998573303222656e-02,2.954540848731994629e-01,2.378089427947998047e-01,3.879742920398712158e-01,3.118382990360260010e-01,6.691086292266845703e-02,2.513933479785919189e-01,9.999997615814208984e-01
