9.999994039535522461e-01,2.051171809434890747e-01,7.161946892738342285e-01,5.726663470268249512e-01,7.895179986953735352e-01,4.296800792217254639e-01,-2.852731943130493164e-01,2.039342671632766724e-01,1.219635307788848877e-01,4.356983676552772522e-02,1.843550205230712891e-01,6.201044470071792603e-02,-3.520096885040402412e-03,9.258788079023361206e-02,6.369051337242126465e-02,2.705220878124237061e-02,-3.099922239780426025e-01,-1.984685063362121582e-01,-1.055461168289184570e-02,-1.079226657748222351e-01,-1.228610202670097351e-01,-9.201388806104660034e-02,-5.521145835518836975e-02,-6.892967503517866135e-03,5.734106302261352539e-01,-9.989596903324127197e-02,4.351945817470550537e-01,8.842524886131286621e-01,7.205072045326232910e-01,-2.961266934871673584e-01,-1.653911322355270386e-01,-7.677896320819854736e-02,5.406435132026672363e-01,9.085419587790966034e-03,-2.386192530393600464e-01,-1.255456060171127319e-01,5.649871006608009338e-02,-7.281009107828140259e-02,-1.160466857254505157e-02,-1.864635050296783447e-01,6.039169430732727051e-01,-8.314041048288345337e-02,4.728648066520690918e-02,9.881140291690826416e-02,-1.532744616270065308e-01,3.871278092265129089e-02,-2.106734924018383026e-02,1.626763343811035156e-01
2.051171809434890747e-01,9.999994039535522461e-01,-1.849446073174476624e-02,1.591957062482833862e-01,3.979783952236175537e-01,4.555564224720001221e-01,6.188610941171646118e-02,1.781981736421585083e-01,5.927147269248962402e-01,6.009925603866577148e-01,3.405247926712036133e-01,5.299842357635498047e-01,4.413393735885620117e-01,-1.980227790772914886e-02,2.569983899593353271e-01,3.388955593109130859e-01,-8.213786780834197998e-02,-1.409146487712860107e-01,1.010764688253402710e-01,1.282208561897277832e-01,1.315073668956756592e-01,3.872961923480033875e-02,3.950073421001434326e-01,2.848290205001831055e-01,1.302551627159118652e-01,-1.590084098279476166e-02,4.452509284019470215e-01,1.592365205287933350e-01,1.261371672153472900e-01,6.091982871294021606e-02,7.291918992996215820e-02,1.358845382928848267e-01,3.551461994647979736e-01,6.701542995870113373e-03,3.081840574741363525e-01,4.348892271518707275e-01,-1.349635571241378784e-01,2.644895315170288086e-01,2.830411493778228760e-01,3.662604391574859619e-01,6.513488888740539551e-01,6.349417567253112793e-01,3.725062012672424316e-01,6.385728716850280762e-01,5.888835191726684570e-01,4.642352163791656494e-01,1.973204165697097778e-01,3.468613624572753906e-01
7.161946892738342285e-01,-1.849446073174476624e-02,1.000000000000000000e+00,5.090267658233642578e-01,5.245203971862792969e-01,2.069164067506790161e-01,-1.713277399539947510e-01,4.797655716538429260e-02,-1.008343547582626343e-01,-1.543487906455993652e-01,3.414065390825271606e-02,-1.024220660328865051e-01,-1.809988766908645630e-01,1.280578821897506714e-01,7.779448758810758591e-03,-1.285763382911682129e-01,-2.332564592361450195e-01,-1.007718294858932495e-01,-6.005677953362464905e-02,-1.420703977346420288e-01,-1.502786278724670410e-01,-8.331716805696487427e-02,-2.038936316967010498e-01,-1.013580784201622009e-01,3.183918297290802002e-01,5.828268826007843018e-03,2.221245914697647095e-01,7.725217342376708984e-01,6.971758604049682617e-01,-2.441848516464233398e-01,-1.190257221460342407e-01,-1.639232337474822998e-01,2.441730201244354248e-01,-4.543717950582504272e-02,-2.911132872104644775e-01,-2.166188359260559082e-01,7.559280097484588623e-02,-1.052392050623893738e-01,-7.727551460266113281e-02,-2.673763334751129150e-01,2.993886470794677734e-01,-2.189818024635314941e-01,-1.253266483545303345e-01,-7.944858074188232422e-02,-2.663772702217102051e-01,-1.157750040292739868e-01,-9.564137458801269531e-02,2.388266287744045258e-02
5.726663470268249512e-01,1.591957062482833862e-01,5.090267658233642578e-01,9.999999403953552246e-01,5.834340453147888184e-01,6.138931512832641602e-01,3.491881787776947021e-01,-2.684908509254455566e-01,-7.047712057828903198e-02,1.191522777080535889e-01,-1.795973181724548340e-01,-1.050177142024040222e-01,1.095275208353996277e-01,-2.710744142532348633e-01,-3.612494766712188721e-01,-2.972722947597503662e-01,2.211940288543701172e-01,3.265445530414581299e-01,2.520419955253601074e-01,2.729387879371643066e-01,2.963950932025909424e-01,3.290906846523284912e-01,2.182201854884624481e-02,1.287070512771606445e-01,1.942379474639892578e-01,8.381216228008270264e-02,9.521978348493576050e-02,5.982785224914550781e-01,6.036148071289062500e-01,2.054616957902908325e-01,3.842995166778564453e-01,1.161473169922828674e-01,2.110477536916732788e-03,-4.116451740264892578e-01,-4.165995717048645020e-01,-5.330660194158554077e-02,-2.844067513942718506e-01,-4.275268316268920898e-01,-3.499201536178588867e-01,-3.229812979698181152e-01,4.103942215442657471e-01,2.210134863853454590e-01,3.432682156562805176e-01,-1.442130059003829956e-01,3.345524892210960388e-02,2.727494239807128906e-01,1.628253608942031860e-01,2.191396802663803101e-01
7.895179986953735352e-01,3.979783952236175537e-01,5.245203971862792969e-01,5.834340453147888184e-01,9.999996423721313477e-01,6.589315533638000488e-01,-1.347336918115615845e-01,2.244675904512405396e-01,2.401053458452224731e-01,2.090516835451126099e-01,2.266712933778762817e-01,1.166120544075965881e-01,2.382098287343978882e-01,7.233201712369918823e-02,9.659878909587860107e-02,7.226538658142089844e-02,-2.035575360059738159e-01,-1.822115629911422729e-01,1.093775629997253418e-01,7.556424289941787720e-02,-2.111535146832466125e-02,1.434199884533882141e-02,1.367002874612808228e-01,1.642097346484661102e-02,5.166484713554382324e-01,-4.356046393513679504e-02,3.902416825294494629e-01,7.317121028900146484e-01,5.974640250205993652e-01,-1.743860691785812378e-01,-1.314979493618011475e-01,-4.135404154658317566e-02,4.758618474006652832e-01,-4.439302161335945129e-02,-1.698919087648391724e-01,-2.719730697572231293e-02,1.434249337762594223e-02,-7.219420745968818665e-03,-2.395118027925491333e-02,-1.126659736037254333e-01,7.501608729362487793e-01,1.692600399255752563e-01,2.768349051475524902e-01,2.139086723327636719e-01,5.574426427483558655e-02,2.761870920658111572e-01,-4.719919338822364807e-02,1.902693063020706177e-01
4.296800792217254639e-01,4.555564224720001221e-01,2.069164067506790161e-01,6.138931512832641602e-01,6.589315533638000488e-01,1.000000119209289551e+00,2.474238574504852295e-01,-6.136842817068099976e-02,2.878726124763488770e-01,4.366614520549774170e-01,7.109438627958297729e-02,1.855325549840927124e-01,4.085295796394348145e-01,-1.637198179960250854e-01,-2.297045476734638214e-02,5.085181817412376404e-02,1.462236791849136353e-01,1.038984879851341248e-01,1.892254203557968140e-01,2.731136083602905273e-01,2.559107542037963867e-01,1.927036345005035400e-01,1.664243787527084351e-01,1.639981567859649658e-01,2.810174226760864258e-01,1.397571526467800140e-02,3.090027868747711182e-01,4.235846996307373047e-01,4.008517861366271973e-01,1.557093113660812378e-01,1.673899441957473755e-01,1.546660512685775757e-01,1.923697590827941895e-01,-2.293017655611038208e-01,-2.069958150386810303e-01,2.952436171472072601e-02,-2.291296720504760742e-01,-1.027967110276222229e-01,-1.550478190183639526e-01,-9.290473163127899170e-02,5.984821319580078125e-01,5.172988176345825195e-01,4.593143463134765625e-01,2.090125083923339844e-01,2.871010005474090576e-01,4.991057515144348145e-01,1.424981057643890381e-01,1.876607984304428101e-01
-2.852731943130493164e-01,6.188610941171646118e-02,-1.713277399539947510e-01,3.491881787776947021e-01,-1.347336918115615845e-01,2.474238574504852295e-01,9.999997019767761230e-01,-3.135062158107757568e-01,-5.732725188136100769e-02,2.170816808938980103e-01,-2.815684378147125244e-01,-5.494929477572441101e-02,2.733055949211120605e-01,-2.228458225727081299e-01,-3.649462461471557617e-01,-1.756602376699447632e-01,7.522823810577392578e-01,6.357344985008239746e-01,4.264814853668212891e-01,5.256487727165222168e-01,5.515173673629760742e-01,4.512703418731689453e-01,1.826610267162322998e-01,3.793293237686157227e-02,-2.260736227035522461e-01,4.107497334480285645e-01,-2.842308282852172852e-01,-2.215012311935424805e-01,-9.128442965447902679e-03,4.985452592372894287e-01,6.222277879714965820e-01,1.997060477733612061e-01,-4.066242277622222900e-01,-4.400724172592163086e-01,-3.691554442048072815e-02,5.002206191420555115e-02,-2.694878578186035156e-01,-3.117954432964324951e-01,-2.889555394649505615e-01,-1.199262738227844238e-01,-1.235082671046257019e-01,4.632454812526702881e-01,4.702911078929901123e-01,-1.641539335250854492e-01,2.872788906097412109e-01,4.339975118637084961e-01,8.142708241939544678e-02,-2.748323231935501099e-02
2.039342671632766724e-01,1.781981736421585083e-01,4.797655716538429260e-02,-2.684908509254455566e-01,2.244675904512405396e-01,-6.136842817068099976e-02,-3.135062158107757568e-01,1.000000119209289551e+00,3.870786726474761963e-01,2.159605361521244049e-02,7.276231646537780762e-01,2.935142815113067627e-01,4.322749003767967224e-02,7.577970027923583984e-01,6.896380782127380371e-01,4.811329245567321777e-01,-2.616467773914337158e-01,-4.458474516868591309e-01,4.975240305066108704e-02,-1.636560857295989990e-01,-3.067209720611572266e-01,-2.778564095497131348e-01,1.011816784739494324e-01,-2.081412076950073242e-01,5.060057044029235840e-01,-3.086145408451557159e-02,4.872271120548248291e-01,1.088006868958473206e-01,-9.371308982372283936e-02,-4.201275706291198730e-01,-4.833410978317260742e-01,-1.153622567653656006e-01,6.767635345458984375e-01,6.429775953292846680e-01,4.137307405471801758e-01,-2.874403074383735657e-02,6.912328004837036133e-01,6.159060001373291016e-01,3.627396225929260254e-01,2.229854315519332886e-01,2.355407625436782837e-01,-9.874691069126129150e-02,-9.434479475021362305e-02,3.826400339603424072e-01,5.570227280259132385e-03,-4.177280887961387634e-02,-3.131853938102722168e-01,-6.069711595773696899e-02
1.219635307788848877e-01,5.927147269248962402e-01,-1.008343547582626343e-01,-7.047712057828903198e-02,2.401053458452224731e-01,2.878726124763488770e-01,-5.732725188136100769e-02,3.870786726474761963e-01,1.000000000000000000e+00,5.150020718574523926e-01,6.214218735694885254e-01,7.851881980895996094e-01,2.790811955928802490e-01,1.395950466394424438e-01,5.336196422576904297e-01,6.013110876083374023e-01,-2.696779966354370117e-01,-3.512376248836517334e-01,-9.713155031204223633e-02,-1.706249862909317017e-01,-6.723076850175857544e-02,-2.329842597246170044e-01,3.710350692272186279e-01,1.169915944337844849e-01,2.218244671821594238e-01,1.222459152340888977e-01,5.250341296195983887e-01,7.896828651428222656e-02,-2.526989765465259552e-02,-2.455810606479644775e-01,-2.321002632379531860e-01,6.132387369871139526e-02,4.778489768505096436e-01,2.046819031238555908e-01,4.360800087451934814e-01,3.203280270099639893e-01,9.502609074115753174e-02,3.798717558383941650e-01,4.806744754314422607e-01,4.930938780307769775e-01,3.223202526569366455e-01,3.627845644950866699e-01,-3.902024403214454651e-02,6.640952825546264648e-01,2.799358665943145752e-01,1.707345098257064819e-01,4.636502638459205627e-02,1.715754717588424683e-01
4.356983676552772522e-02,6.009925603866577148e-01,-1.543487906455993652e-01,1.191522777080535889e-01,2.090516835451126099e-01,4.366614520549774170e-01,2.170816808938980103e-01,2.159605361521244049e-02,5.150020718574523926e-01,9.999999403953552246e-01,1.880581974983215332e-01,6.226714849472045898e-01,6.479905247688293457e-01,-1.187710464000701904e-01,2.628579735755920410e-01,2.822178900241851807e-01,1.002179384231567383e-01,-3.676811978220939636e-02,5.245525017380714417e-02,1.335739940404891968e-01,1.475032866001129150e-01,-4.317080229520797729e-02,3.758479654788970947e-01,3.478425443172454834e-01,1.518801599740982056e-01,-2.444879151880741119e-02,2.467763870954513550e-01,6.780298892408609390e-03,-3.185643628239631653e-02,7.049669325351715088e-02,1.416821777820587158e-01,1.674272119998931885e-01,1.668116599321365356e-01,-1.544464379549026489e-01,2.829941213130950928e-01,4.562313258647918701e-01,-2.051535248756408691e-01,2.127176821231842041e-01,1.073525249958038330e-01,1.454338431358337402e-01,2.798286676406860352e-01,7.337000370025634766e-01,3.933556377887725830e-01,3.239684402942657471e-01,6.961029767990112305e-01,6.997532248497009277e-01,2.730720639228820801e-01,1.741328984498977661e-01
1.843550205230712891e-01,3.405247926712036133e-01,3.414065390825271606e-02,-1.795973181724548340e-01,2.266712933778762817e-01,7.109438627958297729e-02,-2.815684378147125244e-01,7.276231646537780762e-01,6.214218735694885254e-01,1.880581974983215332e-01,9.999997019767761230e-01,5.452066063880920410e-01,8.086244761943817139e-02,5.252826809883117676e-01,6.910487413406372070e-01,4.827566444873809814e-01,-3.299362659454345703e-01,-4.726971089839935303e-01,-4.146413132548332214e-02,-2.258121967315673828e-01,-2.593663632869720459e-01,-2.618748247623443604e-01,1.730019599199295044e-01,-1.110390126705169678e-01,4.237712621688842773e-01,7.016259245574474335e-03,5.007619261741638184e-01,1.013768985867500305e-01,-8.955621719360351562e-02,-3.997921049594879150e-01,-4.435204863548278809e-01,-6.469650566577911377e-02,5.853729248046875000e-01,4.896580874919891357e-01,3.622269034385681152e-01,4.532575607299804688e-02,4.077856242656707764e-01,5.215975642204284668e-01,3.812703192234039307e-01,2.890823781490325928e-01,2.612480521202087402e-01,6.608580052852630615e-02,-1.321347653865814209e-01,4.579255580902099609e-01,4.797938466072082520e-02,-2.160159312188625336e-02,-2.151683419942855835e-01,2.071751467883586884e-02
6.201044470071792603e-02,5.299842357635498047e-01,-1.024220660328865051e-01,-1.050177142024040222e-01,1.166120544075965881e-01,1.855325549840927124e-01,-5.494929477572441101e-02,2.935142815113067627e-01,7.851881980895996094e-01,6.226714849472045898e-01,5.452066063880920410e-01,1.000000476837158203e+00,3.251009285449981689e-01,1.214771121740341187e-01,5.660554170608520508e-01,5.215583443641662598e-01,-2.382137626409530640e-01,-3.247494101524353027e-01,-1.837232112884521484e-01,-2.615252137184143066e-01,-1.347260326147079468e-01,-2.938657999038696289e-01,3.741512894630432129e-01,1.883931308984756470e-01,2.165382802486419678e-01,4.568327218294143677e-02,4.348951876163482666e-01,2.796071954071521759e-02,-6.013875454664230347e-02,-2.085316777229309082e-01,-1.695742756128311157e-01,1.275931298732757568e-01,3.842056393623352051e-01,1.434320360422134399e-01,4.358272254467010498e-01,3.726982772350311279e-01,5.265487730503082275e-02,4.039069414138793945e-01,4.120205640792846680e-01,4.090514183044433594e-01,1.713178604841232300e-01,3.835364580154418945e-01,-3.255042061209678650e-02,4.733606874942779541e-01,3.465237915515899658e-01,2.016644179821014404e-01,1.037737652659416199e-01,1.125534623861312866e-01
-3.520096885040402412e-03,4.413393735885620117e-01,-1.809988766908645630e-01,1.095275208353996277e-01,2.382098287343978882e-01,4.085295796394348145e-01,2.733055949211120605e-01,4.322749003767967224e-02,2.790811955928802490e-01,6.479905247688293457e-01,8.086244761943817139e-02,3.251009285449981689e-01,1.000000357627868652e+00,-3.071652911603450775e-02,1.231835186481475830e-01,3.542577922344207764e-01,2.664892375469207764e-01,6.895263493061065674e-02,3.094743192195892334e-01,4.289118945598602295e-01,3.752070963382720947e-01,9.977848082780838013e-02,6.165720224380493164e-01,2.438057512044906616e-01,1.191126927733421326e-01,-8.809925988316535950e-03,8.435413241386413574e-02,-7.328435033559799194e-02,-7.466682046651840210e-02,1.197632923722267151e-01,1.692315489053726196e-01,1.569512188434600830e-01,1.156096905469894409e-01,-1.766715347766876221e-01,2.506664991378784180e-01,3.198014199733734131e-01,-1.596033722162246704e-01,1.469519734382629395e-01,6.915757060050964355e-02,9.217467159032821655e-02,2.703966796398162842e-01,6.168810725212097168e-01,5.929021239280700684e-01,1.701670289039611816e-01,5.570223331451416016e-01,7.252315878868103027e-01,1.747270822525024414e-01,1.376755982637405396e-01
9.258788079023361206e-02,-1.980227790772914886e-02,1.280578821897506714e-01,-2.710744142532348633e-01,7.233201712369918823e-02,-1.637198179960250854e-01,-2.228458225727081299e-01,7.577970027923583984e-01,1.395950466394424438e-01,-1.187710464000701904e-01,5.252826809883117676e-01,1.214771121740341187e-01,-3.071652911603450775e-02,9.999999403953552246e-01,6.022908091545104980e-01,2.394243776798248291e-01,-1.474439650774002075e-01,-3.078863620758056641e-01,5.674111470580101013e-02,-1.280567049980163574e-01,-2.702330648899078369e-01,-1.771432012319564819e-01,4.601826003636233509e-05,-2.727391719818115234e-01,3.346813619136810303e-01,-1.245456095784902573e-02,2.237606048583984375e-01,4.675619304180145264e-02,-8.563522249460220337e-02,-3.227304518222808838e-01,-3.872644007205963135e-01,-1.269389092922210693e-01,3.896045982837677002e-01,4.712991714477539062e-01,2.446076869964599609e-01,-1.670382469892501831e-01,7.176303863525390625e-01,5.018107891082763672e-01,1.954581290483474731e-01,4.050338268280029297e-02,4.730601981282234192e-02,-1.514994949102401733e-01,-1.049681901931762695e-01,1.688196063041687012e-01,-5.585785582661628723e-02,-8.968088030815124512e-02,-3.696431219577789307e-01,-1.499539017677307129e-01
6.369051337242126465e-02,2.569983899593353271e-01,7.779448758810758591e-03,-3.612494766712188721e-01,9.659878909587860107e-02,-2.297045476734638214e-02,-3.649462461471557617e-01,6.896380782127380371e-01,5.336196422576904297e-01,2.628579735755920410e-01,6.910487413406372070e-01,5.660554170608520508e-01,1.231835186481475830e-01,6.022908091545104980e-01,1.000000357627868652e+00,5.178211927413940430e-01,-3.823463916778564453e-01,-5.245474576950073242e-01,-2.266039401292800903e-01,-3.737346827983856201e-01,-4.384289383888244629e-01,-4.132775664329528809e-01,1.081248074769973755e-01,-4.320734739303588867e-02,3.837581872940063477e-01,-2.867085114121437073e-02,4.931139051914215088e-01,2.273863367736339569e-02,-1.690572351217269897e-01,-4.280729889869689941e-01,-5.056024193763732910e-01,-1.293061207979917526e-02,5.517615675926208496e-01,5.832550525665283203e-01,4.252696931362152100e-01,1.341774165630340576e-01,4.880256354808807373e-01,7.726324796676635742e-01,4.109673798084259033e-01,2.765096426010131836e-01,1.331657320261001587e-01,5.576041340827941895e-02,-2.600548565387725830e-01,4.515534043312072754e-01,1.709503084421157837e-01,-1.586180925369262695e-02,-1.729420423507690430e-01,-5.114631354808807373e-02
2.705220878124237061e-02,3.388955593109130859e-01,-1.285763382911682129e-01,-2.972722947597503662e-01,7.226538658142089844e-02,5.085181817412376404e-02,-1.756602376699447632e-01,4.811329245567321777e-01,6.013110876083374023e-01,2.822178900241851807e-01,4.827566444873809814e-01,5.215583443641662598e-01,3.542577922344207764e-01,2.394243776798248291e-01,5.178211927413940430e-01,9.999999403953552246e-01,-2.324418872594833374e-01,-3.967851102352142334e-01,-3.373390296474099159e-03,-9.384424984455108643e-02,-7.214557379484176636e-02,-3.691627383232116699e-01,3.328343033790588379e-01,-1.165219862014055252e-02,1.887566447257995605e-01,5.208845809102058411e-02,4.354043006896972656e-01,-4.773891717195510864e-02,-1.878683865070343018e-01,-3.638841211795806885e-01,-3.875763416290283203e-01,-3.964827209711074829e-02,5.448992252349853516e-01,4.391187131404876709e-01,5.842634439468383789e-01,2.099463641643524170e-01,2.826635837554931641e-01,5.215488076210021973e-01,6.839246153831481934e-01,5.742794871330261230e-01,1.590308099985122681e-01,1.258280724287033081e-01,-8.944917470216751099e-02,5.659018158912658691e-01,1.701997220516204834e-01,9.324763715267181396e-02,-7.692815363407135010e-02,2.677678130567073822e-02
-3.099922239780426025e-01,-8.213786780834197998e-02,-2.332564592361450195e-01,2.211940288543701172e-01,-2.035575360059738159e-01,1.462236791849136353e-01,7.522823810577392578e-01,-2.616467773914337158e-01,-2.696779966354370117e-01,1.002179384231567383e-01,-3.299362659454345703e-01,-2.382137626409530640e-01,2.664892375469207764e-01,-1.474439650774002075e-01,-3.823463916778564453e-01,-2.324418872594833374e-01,1.000000119209289551e+00,7.899674177169799805e-01,5.242362022399902344e-01,6.231771707534790039e-01,5.506116151809692383e-01,5.035974979400634766e-01,1.077164784073829651e-01,-4.248899221420288086e-02,-1.893478333950042725e-01,1.956077665090560913e-01,-3.291712999343872070e-01,-2.539442777633666992e-01,-8.952026069164276123e-02,5.583111643791198730e-01,6.828317046165466309e-01,1.242750436067581177e-01,-3.980724513530731201e-01,-3.457668125629425049e-01,-1.278327852487564087e-01,-5.761224403977394104e-02,-1.836295872926712036e-01,-2.916048765182495117e-01,-3.802125155925750732e-01,-2.776587903499603271e-01,-1.406991928815841675e-01,3.362216353416442871e-01,5.271059274673461914e-01,-3.094438016414642334e-01,2.189351320266723633e-01,4.115316867828369141e-01,1.801725663244724274e-02,-1.755700111389160156e-01
-1.984685063362121582e-01,-1.409146487712860107e-01,-1.007718294858932495e-01,3.265445530414581299e-01,-1.822115629911422729e-01,1.038984879851341248e-01,6.357344985008239746e-01,-4.458474516868591309e-01,-3.512376248836517334e-01,-3.676811978220939636e-02,-4.726971089839935303e-01,-3.247494101524353027e-01,6.895263493061065674e-02,-3.078863620758056641e-01,-5.245474576950073242e-01,-3.967851102352142334e-01,7.899674177169799805e-01,1.000000119209289551e+00,3.752456605434417725e-01,5.659682154655456543e-01,5.782809257507324219e-01,6.358290314674377441e-01,-1.547530945390462875e-02,-1.305523701012134552e-02,-3.101508319377899170e-01,1.442649364471435547e-01,-3.484936952590942383e-01,-1.338187158107757568e-01,1.046687588095664978e-01,6.036640405654907227e-01,7.846774458885192871e-01,1.558434218168258667e-01,-4.638470411300659180e-01,-4.616025984287261963e-01,-2.937700748443603516e-01,-9.619733691215515137e-02,-2.946531176567077637e-01,-4.681201577186584473e-01,-4.260119497776031494e-01,-3.402042686939239502e-01,-1.150665357708930969e-01,1.851388216018676758e-01,4.071639180183410645e-01,-3.629602193832397461e-01,6.269253790378570557e-02,2.106381207704544067e-01,6.059509515762329102e-02,-9.182064980268478394e-02
-1.055461168289184570e-02,1.010764688253402710e-01,-6.005677953362464905e-02,2.520419955253601074e-01,1.093775629997253418e-01,1.892254203557968140e-01,4.264814853668212891e-01,4.975240305066108704e-02,-9.713155031204223633e-02,5.245525017380714417e-02,-4.146413132548332214e-02,-1.837232112884521484e-01,3.094743192195892334e-01,5.674111470580101013e-02,-2.266039401292800903e-01,-3.373390296474099159e-03,5.242362022399902344e-01,3.752456605434417725e-01,1.000000119209289551e+00,7.228496074676513672e-01,5.746528506278991699e-01,4.677836596965789795e-01,2.049529254436492920e-01,-1.393326818943023682e-01,-6.200949475169181824e-02,1.243695542216300964e-01,-1.740640401840209961e-01,-5.737295001745223999e-02,-4.519204143434762955e-03,2.284408062696456909e-01,3.174109756946563721e-01,3.195938467979431152e-02,-9.564837813377380371e-02,-2.038034498691558838e-01,2.555762045085430145e-02,-1.638726145029067993e-01,1.606928184628486633e-02,-1.929414719343185425e-01,-5.445487424731254578e-02,-1.176873669028282166e-01,1.962031871080398560e-01,2.144369930028915405e-01,5.877664685249328613e-01,-1.013055630028247833e-02,1.519536226987838745e-01,3.214136362075805664e-01,-8.563614636659622192e-02,1.344616264104843140e-01
-1.079226657748222351e-01,1.282208561897277832e-01,-1.420703977346420288e-01,2.729387879371643066e-01,7.556424289941787720e-02,2.731136083602905273e-01,5.256487727165222168e-01,-1.636560857295989990e-01,-1.706249862909317017e-01,1.335739940404891968e-01,-2.258121967315673828e-01,-2.615252137184143066e-01,4.289118945598602295e-01,-1.280567049980163574e-01,-3.737346827983856201e-01,-9.384424984455108643e-02,6.231771707534790039e-01,5.659682154655456543e-01,7.228496074676513672e-01,1.000000238418579102e+00,8.072828054428100586e-01,6.660108566284179688e-01,3.193885982036590576e-01,-9.186242520809173584e-02,-1.617005467414855957e-01,5.996635556221008301e-02,-2.578062415122985840e-01,-1.398552060127258301e-01,-5.432626232504844666e-03,3.918755352497100830e-01,4.520170390605926514e-01,1.081144735217094421e-01,-2.470967173576354980e-01,-3.017575740814208984e-01,-5.389206856489181519e-02,-1.718770712614059448e-01,-2.018026411533355713e-01,-2.644515931606292725e-01,-1.475664377212524414e-01,-1.531159877777099609e-01,1.545856595039367676e-01,3.505502641201019287e-01,7.018171548843383789e-01,-3.757199272513389587e-02,2.111000716686248779e-01,4.945551455020904541e-01,-3.642917424440383911e-02,1.089514046907424927e-01
-1.228610202670097351e-01,1.315073668956756592e-01,-1.502786278724670410e-01,2.963950932025909424e-01,-2.111535146832466125e-02,2.559107542037963867e-01,5.515173673629760742e-01,-3.067209720611572266e-01,-6.723076850175857544e-02,1.475032866001129150e-01,-2.593663632869720459e-01,-1.347260326147079468e-01,3.752070963382720947e-01,-2.702330648899078369e-01,-4.384289383888244629e-01,-7.214557379484176636e-02,5.506116151809692383e-01,5.782809257507324219e-01,5.746528506278991699e-01,8.072828054428100586e-01,1.000000476837158203e+00,6.758520007133483887e-01,4.003857076168060303e-01,1.874847337603569031e-02,-2.495132535696029663e-01,9.462159872055053711e-02,-2.452372461557388306e-01,-1.312505453824996948e-01,3.586267679929733276e-02,4.168426394462585449e-01,5.301437377929687500e-01,1.067706495523452759e-01,-2.662952244281768799e-01,-3.745520412921905518e-01,-5.562913417816162109e-02,-1.016236320137977600e-01,-2.988119125366210938e-01,-3.617562353610992432e-01,-7.936673611402511597e-02,-4.623858723789453506e-03,7.158347219228744507e-02,3.325198292732238770e-01,5.882982611656188965e-01,-4.794217646121978760e-03,1.478434801101684570e-01,3.829688131809234619e-01,9.528592973947525024e-02,2.166565656661987305e-01
-9.201388806104660034e-02,3.872961923480033875e-02,-8.331716805696487427e-02,3.290906846523284912e-01,1.434199884533882141e-02,1.927036345005035400e-01,4.512703418731689453e-01,-2.778564095497131348e-01,-2.329842597246170044e-01,-4.317080229520797729e-02,-2.618748247623443604e-01,-2.938657999038696289e-01,9.977848082780838013e-02,-1.771432012319564819e-01,-4.132775664329528809e-01,-3.691627383232116699e-01,5.035974979400634766e-01,6.358290314674377441e-01,4.677836596965789795e-01,6.660108566284179688e-01,6.758520007133483887e-01,1.000000119209289551e+00,2.056271284818649292e-01,-8.963493257761001587e-02,-2.138610035181045532e-01,7.831818424165248871e-03,-3.259159922599792480e-01,-8.944340795278549194e-02,8.717849105596542358e-02,4.377477169036865234e-01,5.270115137100219727e-01,1.751481443643569946e-01,-3.844135701656341553e-01,-3.542928695678710938e-01,-2.534308731555938721e-01,-2.497131079435348511e-01,-2.710029482841491699e-01,-4.174757897853851318e-01,-3.134714663028717041e-01,-2.161909639835357666e-01,1.046560034155845642e-01,2.217777520418167114e-01,5.153945088386535645e-01,-1.521264910697937012e-01,6.725630909204483032e-02,2.204138338565826416e-01,-2.632971853017807007e-02,3.350388407707214355e-01
-5.521145835518836975e-02,3.950073421001434326e-01,-2.038936316967010498e-01,2.182201854884624481e-02,1.367002874612808228e-01,1.664243787527084351e-01,1.826610267162322998e-01,1.011816784739494324e-01,3.710350692272186279e-01,3.758479654788970947e-01,1.730019599199295044e-01,3.741512894630432129e-01,6.165720224380493164e-01,4.601826003636233509e-05,1.081248074769973755e-01,3.328343033790588379e-01,1.077164784073829651e-01,-1.547530945390462875e-02,2.049529254436492920e-01,3.193885982036590576e-01,4.003857076168060303e-01,2.056271284818649292e-01,1.000000000000000000e+00,2.426025420427322388e-01,6.950902938842773438e-02,-1.072280295193195343e-02,7.241950184106826782e-02,-8.873939514160156250e-02,-8.247563242912292480e-02,7.130156457424163818e-02,9.669772535562515259e-02,1.460703015327453613e-01,1.182801648974418640e-01,-4.832337051630020142e-02,3.118849694728851318e-01,3.313611447811126709e-01,-9.483692795038223267e-02,1.132819205522537231e-01,1.757060736417770386e-01,3.956644535064697266e-01,1.793726086616516113e-01,4.132222235202789307e-01,3.962404429912567139e-01,2.245117574930191040e-01,3.291951417922973633e-01,3.956812322139739990e-01,1.636938154697418213e-01,3.727333843708038330e-01
-6.892967503517866135e-03,2.848290205001831055e-01,-1.013580784201622009e-01,1.287070512771606445e-01,1.642097346484661102e-02,1.639981567859649658e-01,3.793293237686157227e-02,-2.081412076950073242e-01,1.169915944337844849e-01,3.478425443172454834e-01,-1.110390126705169678e-01,1.883931308984756470e-01,2.438057512044906616e-01,-2.727391719818115234e-01,-4.320734739303588867e-02,-1.165219862014055252e-02,-4.248899221420288086e-02,-1.305523701012134552e-02,-1.393326818943023682e-01,-9.186242520809173584e-02,1.874847337603569031e-02,-8.963493257761001587e-02,2.426025420427322388e-01,1.000000238418579102e+00,-8.322359621524810791e-02,-1.755092293024063110e-01,1.144476830959320068e-01,1.588557846844196320e-02,-5.815146025270223618e-03,1.635067462921142578e-01,3.331739008426666260e-01,4.507070183753967285e-01,2.137091010808944702e-02,-1.813980638980865479e-01,9.640363603830337524e-02,7.218005657196044922e-01,-2.222949266433715820e-01,-5.487399175763130188e-02,-6.498932838439941406e-02,2.615022957324981689e-01,9.078512340784072876e-02,3.463183641433715820e-01,1.040187552571296692e-01,8.880116790533065796e-02,3.837265372276306152e-01,3.033198714256286621e-01,8.604411482810974121e-01,4.355140030384063721e-01
5.734106302261352539e-01,1.302551627159118652e-01,3.183918297290802002e-01,1.942379474639892578e-01,5.166484713554382324e-01,2.810174226760864258e-01,-2.260736227035522461e-01,5.060057044029235840e-01,2.218244671821594238e-01,1.518801599740982056e-01,4.237712621688842773e-01,2.165382802486419678e-01,1.191126927733421326e-01,3.346813619136810303e-01,3.837581872940063477e-01,1.887566447257995605e-01,-1.893478333950042725e-01,-3.101508319377899170e-01,-6.200949475169181824e-02,-1.617005467414855957e-01,-2.495132535696029663e-01,-2.138610035181045532e-01,6.950902938842773438e-02,-8.322359621524810791e-02,1.000000119209289551e+00,-8.126337826251983643e-02,4.574224650859832764e-01,5.425434112548828125e-01,2.853212654590606689e-01,-3.673511445522308350e-01,-3.585101664066314697e-01,-6.648394465446472168e-02,6.359524726867675781e-01,3.287672996520996094e-01,8.510148525238037109e-02,-1.012023761868476868e-01,3.045707643032073975e-01,3.029202818870544434e-01,-1.312923990190029144e-02,-9.181620925664901733e-02,3.435722887516021729e-01,-2.684129029512405396e-02,-6.440964993089437485e-03,7.991706579923629761e-02,-2.021973580121994019e-02,1.175918132066726685e-01,-1.470996588468551636e-01,-1.766628213226795197e-02
-9.989596903324127197e-02,-1.590084098279476166e-02,5.828268826007843018e-03,8.381216228008270264e-02,-4.356046393513679504e-02,1.397571526467800140e-02,4.107497334480285645e-01,-3.086145408451557159e-02,1.222459152340888977e-01,-2.444879151880741119e-02,7.016259245574474335e-03,4.568327218294143677e-02,-8.809925988316535950e-03,-1.245456095784902573e-02,-2.867085114121437073e-02,5.208845809102058411e-02,1.956077665090560913e-01,1.442649364471435547e-01,1.243695542216300964e-01,5.996635556221008301e-02,9.462159872055053711e-02,7.831818424165248871e-03,-1.072280295193195343e-02,-1.755092293024063110e-01,-8.126337826251983643e-02,9.999998211860656738e-01,-8.596547693014144897e-02,-2.761096507310867310e-02,1.168725192546844482e-01,6.126548722386360168e-02,4.022188112139701843e-02,8.215889334678649902e-02,-1.066961660981178284e-01,-8.678347617387771606e-02,1.570618525147438049e-02,-8.770384639501571655e-02,6.393496692180633545e-02,-9.231973439455032349e-02,-2.843510359525680542e-03,3.903883323073387146e-02,-3.100299090147018433e-02,2.163338288664817810e-02,-6.664895266294479370e-02,3.091146983206272125e-02,-3.863197565078735352e-02,-4.790279269218444824e-02,-1.428365409374237061e-01,-1.346055567264556885e-01
4.351945817470550537e-01,4.452509284019470215e-01,2.221245914697647095e-01,9.521978348493576050e-02,3.902416825294494629e-01,3.090027868747711182e-01,-2.842308282852172852e-01,4.872271120548248291e-01,5.250341296195983887e-01,2.467763870954513550e-01,5.007619261741638184e-01,4.348951876163482666e-01,8.435413241386413574e-02,2.237606048583984375e-01,4.931139051914215088e-01,4.354043006896972656e-01,-3.291712999343872070e-01,-3.484936952590942383e-01,-1.740640401840209961e-01,-2.578062415122985840e-01,-2.452372461557388306e-01,-3.259159922599792480e-01,7.241950184106826782e-02,1.144476830959320068e-01,4.574224650859832764e-01,-8.596547693014144897e-02,1.000000000000000000e+00,4.364932179450988770e-01,2.444618791341781616e-01,-2.793211638927459717e-01,-2.512582838535308838e-01,-4.300905019044876099e-02,7.524023652076721191e-01,3.975313305854797363e-01,1.502025276422500610e-01,1.984703093767166138e-01,2.543359100818634033e-01,4.368150234222412109e-01,3.102083504199981689e-01,2.510767579078674316e-01,4.699406921863555908e-01,1.097224280238151550e-01,-1.060270667076110840e-01,4.800119698047637939e-01,1.396811008453369141e-01,6.691227108240127563e-02,5.089728161692619324e-02,1.050463020801544189e-01
8.842524886131286621e-01,1.592365205287933350e-01,7.725217342376708984e-01,5.982785224914550781e-01,7.317121028900146484e-01,4.235846996307373047e-01,-2.215012311935424805e-01,1.088006868958473206e-01,7.896828651428222656e-02,6.780298892408609390e-03,1.013768985867500305e-01,2.796071954071521759e-02,-7.328435033559799194e-02,4.675619304180145264e-02,2.273863367736339569e-02,-4.773891717195510864e-02,-2.539442777633666992e-01,-1.338187158107757568e-01,-5.737295001745223999e-02,-1.398552060127258301e-01,-1.312505453824996948e-01,-8.944340795278549194e-02,-8.873939514160156250e-02,1.588557846844196320e-02,5.425434112548828125e-01,-2.761096507310867310e-02,4.364932179450988770e-01,9.999997019767761230e-01,7.684777975082397461e-01,-2.264284938573837280e-01,-1.070235744118690491e-01,-1.053991764783859253e-01,4.590758383274078369e-01,-1.259792968630790710e-02,-2.995992600917816162e-01,-1.057082191109657288e-01,6.283129006624221802e-02,-9.198530018329620361e-02,-7.570238411426544189e-02,-1.943193078041076660e-01,5.434903502464294434e-01,-1.046623960137367249e-01,-2.617265097796916962e-02,4.410254210233688354e-02,-1.746953278779983521e-01,1.613026019185781479e-03,1.198486331850290298e-02,1.230722367763519287e-01
7.205072045326232910e-01,1.261371672153472900e-01,6.971758604049682617e-01,6.036148071289062500e-01,5.974640250205993652e-01,4.008517861366271973e-01,-9.128442965447902679e-03,-9.371308982372283936e-02,-2.526989765465259552e-02,-3.185643628239631653e-02,-8.955621719360351562e-02,-6.013875454664230347e-02,-7.466682046651840210e-02,-8.563522249460220337e-02,-1.690572351217269897e-01,-1.878683865070343018e-01,-8.952026069164276123e-02,1.046687588095664978e-01,-4.519204143434762955e-03,-5.432626232504844666e-03,3.586267679929733276e-02,8.717849105596542358e-02,-8.247563242912292480e-02,-5.815146025270223618e-03,2.853212654590606689e-01,1.168725192546844482e-01,2.444618791341781616e-01,7.684777975082397461e-01,1.000000476837158203e+00,1.160098835825920105e-01,1.430876702070236206e-01,-4.442286118865013123e-02,2.137698531150817871e-01,-2.023729532957077026e-01,-3.578992486000061035e-01,-1.237821951508522034e-01,-4.269906505942344666e-02,-2.458579391241073608e-01,-1.337294429540634155e-01,-2.306993156671524048e-01,4.532312452793121338e-01,-5.627813562750816345e-02,1.152052879333496094e-01,-1.631133817136287689e-02,-1.811686903238296509e-01,2.839977387338876724e-03,2.290581166744232178e-02,8.032155036926269531e-02
-2.961266934871673584e-01,6.091982871294021606e-02,-2.441848516464233398e-01,2.054616957902908325e-01,-1.743860691785812378e-01,1.557093113660812378e-01,4.985452592372894287e-01,-4.201275706291198730e-01,-2.455810606479644775e-01,7.049669325351715088e-02,-3.997921049594879150e-01,-2.085316777229309082e-01,1.197632923722267151e-01,-3.227304518222808838e-01,-4.280729889869689941e-01,-3.638841211795806885e-01,5.583111643791198730e-01,6.036640405654907227e-01,2.284408062696456909e-01,3.918755352497100830e-01,4.168426394462585449e-01,4.377477169036865234e-01,7.130156457424163818e-02,1.635067462921142578e-01,-3.673511445522308350e-01,6.126548722386360168e-02,-2.793211638927459717e-01,-2.264284938573837280e-01,1.160098835825920105e-01,9.999996423721313477e-01,7.472566366195678711e-01,1.286414414644241333e-01,-4.271648526191711426e-01,-3.292297422885894775e-01,-1.450140923261642456e-01,1.594218313694000244e-01,-2.698387801647186279e-01,-2.657021582126617432e-01,-3.090049028396606445e-01,-1.189507469534873962e-01,-4.048326984047889709e-02,3.180553913116455078e-01,4.569569826126098633e-01,-1.843912899494171143e-01,2.080442458391189575e-01,2.429392486810684204e-01,1.942874938249588013e-01,-3.099980205297470093e-02
-1.653911322355270386e-01,7.291918992996215820e-02,-1.190257221460342407e-01,3.842995166778564453e-01,-1.314979493618011475e-01,1.673899441957473755e-01,6.222277879714965820e-01,-4.833410978317260742e-01,-2.321002632379531860e-01,1.416821777820587158e-01,-4.435204863548278809e-01,-1.695742756128311157e-01,1.692315489053726196e-01,-3.872644007205963135e-01,-5.056024193763732910e-01,-3.875763416290283203e-01,6.828317046165466309e-01,7.846774458885192871e-01,3.174109756946563721e-01,4.520170390605926514e-01,5.301437377929687500e-01,5.270115137100219727e-01,9.669772535562515259e-02,3.331739008426666260e-01,-3.585101664066314697e-01,4.022188112139701843e-02,-2.512582838535308838e-01,-1.070235744118690491e-01,1.430876702070236206e-01,7.472566366195678711e-01,9.999999403953552246e-01,2.570079565048217773e-01,-4.065639972686767578e-01,-4.950807988643646240e-01,-2.025623619556427002e-01,2.607549130916595459e-01,-3.880831301212310791e-01,-4.247895479202270508e-01,-3.717345595359802246e-01,-1.763264089822769165e-01,-3.140962868928909302e-02,3.561736941337585449e-01,4.845609664916992188e-01,-2.400709539651870728e-01,2.392410784959793091e-01,3.303254544734954834e-01,3.811815679073333740e-01,6.886982172727584839e-02
-7.677896320819854736e-02,1.358845382928848267e-01,-1.639232337474822998e-01,1.161473169922828674e-01,-4.135404154658317566e-02,1.546660512685775757e-01,1.997060477733612061e-01,-1.153622567653656006e-01,6.132387369871139526e-02,1.674272119998931885e-01,-6.469650566577911377e-02,1.275931298732757568e-01,1.569512188434600830e-01,-1.269389092922210693e-01,-1.293061207979917526e-02,-3.964827209711074829e-02,1.242750436067581177e-01,1.558434218168258667e-01,3.195938467979431152e-02,1.081144735217094421e-01,1.067706495523452759e-01,1.751481443643569946e-01,1.460703015327453613e-01,4.507070183753967285e-01,-6.648394465446472168e-02,8.215889334678649902e-02,-4.300905019044876099e-02,-1.053991764783859253e-01,-4.442286118865013123e-02,1.286414414644241333e-01,2.570079565048217773e-01,1.000000119209289551e+00,-1.095700263977050781e-01,-1.281698942184448242e-01,1.828308566473424435e-03,2.441773861646652222e-01,-1.812285631895065308e-01,-1.122007966041564941e-01,-1.691178083419799805e-01,1.201216876506805420e-01,4.896972700953483582e-02,2.574515938758850098e-01,1.867110282182693481e-01,1.253482792526483536e-02,1.814974248409271240e-01,2.026603519916534424e-01,4.430222213268280029e-01,2.169544249773025513e-01
