9.999999403953552246e-01,6.135613322257995605e-01,4.479119479656219482e-01,4.436491429805755615e-01,4.941707849502563477e-01,4.241006970405578613e-01,1.773104071617126465e-01,1.685517877340316772e-01,4.382982850074768066e-01,2.288789749145507812e-01,7.223228365182876587e-02,5.784651637077331543e-01,3.802336156368255615e-01,4.354795515537261963e-01,3.852415084838867188e-01,4.135570824146270752e-01,2.763709127902984619e-01,5.140887573361396790e-02,2.173346877098083496e-01,2.200908809900283813e-01,1.806516051292419434e-01
6.135613322257995605e-01,1.000000119209289551e+00,1.255528070032596588e-02,8.641122281551361084e-02,1.856859922409057617e-01,2.709271907806396484e-01,1.198850688524544239e-03,1.265168637037277222e-01,4.011341929435729980e-01,2.070159763097763062e-01,9.038010239601135254e-02,4.393945932388305664e-01,5.452960729598999023e-01,5.286992713809013367e-02,7.873380929231643677e-02,1.348952651023864746e-01,1.339112073183059692e-01,-5.448706448078155518e-02,2.047861665487289429e-01,1.904507279396057129e-01,1.238673627376556396e-01
4.479119479656219482e-01,1.255528070032596588e-02,9.999994635581970215e-01,5.821371078491210938e-01,6.510761976242065430e-01,3.273083567619323730e-01,2.713440656661987305e-01,8.444233238697052002e-02,2.992432713508605957e-01,2.299576997756958008e-01,8.699185401201248169e-02,3.865684270858764648e-01,1.415005512535572052e-02,7.888014316558837891e-01,4.911180138587951660e-01,6.256865262985229492e-01,3.069720566272735596e-01,2.605602145195007324e-01,1.177135556936264038e-01,3.533509969711303711e-01,1.772475689649581909e-01
4.436491429805755615e-01,8.641122281551361084e-02,5.821371078491210938e-01,1.000000119209289551e+00,3.600715100765228271e-01,2.788183689117431641e-01,3.191288113594055176e-01,1.826682388782501221e-01,2.375148236751556396e-01,1.508072670549154282e-02,-1.603719592094421387e-01,2.925277650356292725e-01,4.015903454273939133e-03,5.367660522460937500e-01,7.306877374649047852e-01,4.018081426620483398e-01,8.841094374656677246e-02,2.517672777175903320e-01,-4.697375930845737457e-03,1.023436039686203003e-01,-6.892045587301254272e-02
4.941707849502563477e-01,1.856859922409057617e-01,6.510761976242065430e-01,3.600715100765228271e-01,1.000000119209289551e+00,3.409864902496337891e-01,1.871413886547088623e-01,2.574826031923294067e-02,2.741507589817047119e-01,2.522696554660797119e-01,2.775711417198181152e-01,4.363215863704681396e-01,1.827263981103897095e-01,6.347740292549133301e-01,3.315265774726867676e-01,6.278415322303771973e-01,3.487398326396942139e-01,2.162527441978454590e-01,1.266180574893951416e-01,3.475628495216369629e-01,3.566001653671264648e-01
4.241006970405578613e-01,2.709271907806396484e-01,3.273083567619323730e-01,2.788183689117431641e-01,3.409864902496337891e-01,1.000000119209289551e+00,1.919107884168624878e-01,1.315090525895357132e-02,1.989197283983230591e-01,2.542413771152496338e-01,1.405059695243835449e-01,2.512572705745697021e-01,2.088952660560607910e-01,2.976370155811309814e-01,1.761980205774307251e-01,3.222213983535766602e-01,3.060483336448669434e-01,1.628818958997726440e-01,1.819194406270980835e-01,1.784020811319351196e-01,1.093032881617546082e-01
1.773104071617126465e-01,1.198850688524544239e-03,2.713440656661987305e-01,3.191288113594055176e-01,1.871413886547088623e-01,1.919107884168624878e-01,1.000000000000000000e+00,2.164653241634368896e-01,4.733590409159660339e-02,-4.259334132075309753e-02,-1.909102052450180054e-01,8.642265945672988892e-02,5.569996312260627747e-03,2.235571444034576416e-01,3.064724802970886230e-01,1.557832360267639160e-01,9.787781536579132080e-02,1.928738802671432495e-01,-6.153047084808349609e-02,4.787600785493850708e-02,-4.891648143529891968e-02
1.685517877340316772e-01,1.265168637037277222e-01,8.444233238697052002e-02,1.826682388782501221e-01,2.574826031923294067e-02,1.315090525895357132e-02,2.164653241634368896e-01,1.000000119209289551e+00,1.299966219812631607e-02,1.136119128204882145e-03,-1.344086080789566040e-01,1.513414978981018066e-01,1.523877829313278198e-01,2.921281009912490845e-02,3.007510602474212646e-01,6.661798804998397827e-02,-2.956530079245567322e-02,1.621597260236740112e-01,1.257845759391784668e-01,3.566348925232887268e-02,-1.444691270589828491e-01
4.382982850074768066e-01,4.011341929435729980e-01,2.992432713508605957e-01,2.375148236751556396e-01,2.741507589817047119e-01,1.989197283983230591e-01,4.733590409159660339e-02,1.299966219812631607e-02,9.999999403953552246e-01,2.349972128868103027e-01,7.412020862102508545e-02,3.710745275020599365e-01,2.226209044456481934e-01,3.482588827610015869e-01,2.158886939287185669e-01,2.929001748561859131e-01,2.581065595149993896e-01,9.379623457789421082e-03,3.734754025936126709e-01,2.354724556207656860e-01,2.010308802127838135e-01
2.288789749145507812e-01,2.070159763097763062e-01,2.299576997756958008e-01,1.508072670549154282e-02,2.522696554660797119e-01,2.542413771152496338e-01,-4.259334132075309753e-02,1.136119128204882145e-03,2.349972128868103027e-01,9.999998211860656738e-01,1.421618759632110596e-01,2.978401780128479004e-01,3.288609385490417480e-01,2.417808771133422852e-01,-7.743314653635025024e-02,2.353519648313522339e-01,3.234646320343017578e-01,9.195973724126815796e-02,3.394722342491149902e-01,4.514989852905273438e-01,1.252809166908264160e-01
7.223228365182876587e-02,9.038010239601135254e-02,8.699185401201248169e-02,-1.603719592094421387e-01,2.775711417198181152e-01,1.405059695243835449e-01,-1.909102052450180054e-01,-1.344086080789566040e-01,7.412020862102508545e-02,1.421618759632110596e-01,1.000000119209289551e+00,1.298294663429260254e-01,1.026373803615570068e-01,8.678023517131805420e-02,-1.456484198570251465e-01,1.950956434011459351e-01,2.158180028200149536e-01,3.751377388834953308e-02,2.599881887435913086e-01,1.547331213951110840e-01,4.890784025192260742e-01
5.784651637077331543e-01,4.393945932388305664e-01,3.865684270858764648e-01,2.925277650356292725e-01,4.363215863704681396e-01,2.512572705745697021e-01,8.642265945672988892e-02,1.513414978981018066e-01,3.710745275020599365e-01,2.978401780128479004e-01,1.298294663429260254e-01,9.999998211860656738e-01,6.772062182426452637e-01,4.419842064380645752e-01,2.834545969963073730e-01,4.659288823604583740e-01,4.536028504371643066e-01,1.418586075305938721e-01,4.043779671192169189e-01,4.382480978965759277e-01,2.532333731651306152e-01
3.802336156368255615e-01,5.452960729598999023e-01,1.415005512535572052e-02,4.015903454273939133e-03,1.827263981103897095e-01,2.088952660560607910e-01,5.569996312260627747e-03,1.523877829313278198e-01,2.226209044456481934e-01,3.288609385490417480e-01,1.026373803615570068e-01,6.772062182426452637e-01,9.999997019767761230e-01,7.674250751733779907e-02,2.009618096053600311e-02,1.820697337388992310e-01,3.410647213459014893e-01,9.502083808183670044e-02,3.881394267082214355e-01,4.315308332443237305e-01,1.223811954259872437e-01
4.354795515537261963e-01,5.286992713809013367e-02,7.888014316558837891e-01,5.367660522460937500e-01,6.347740292549133301e-01,2.976370155811309814e-01,2.235571444034576416e-01,2.921281009912490845e-02,3.482588827610015869e-01,2.417808771133422852e-01,8.678023517131805420e-02,4.419842064380645752e-01,7.674250751733779907e-02,1.000000238418579102e+00,4.647235572338104248e-01,6.559672951698303223e-01,3.530923426151275635e-01,2.359094172716140747e-01,1.440830230712890625e-01,3.782442212104797363e-01,2.350546866655349731e-01
3.852415084838867188e-01,7.873380929231643677e-02,4.911180138587951660e-01,7.306877374649047852e-01,3.315265774726867676e-01,1.761980205774307251e-01,3.064724802970886230e-01,3.007510602474212646e-01,2.158886939287185669e-01,-7.743314653635025024e-02,-1.456484198570251465e-01,2.834545969963073730e-01,2.009618096053600311e-02,4.647235572338104248e-01,9.999998211860656738e-01,3.560836315155029297e-01,8.946266025304794312e-02,2.785502672195434570e-01,-1.372582465410232544e-02,4.967506602406501770e-02,-3.394727036356925964e-02
4.135570824146270752e-01,1.348952651023864746e-01,6.256865262985229492e-01,4.018081426620483398e-01,6.278415322303771973e-01,3.222213983535766602e-01,1.557832360267639160e-01,6.661798804998397827e-02,2.929001748561859131e-01,2.353519648313522339e-01,1.950956434011459351e-01,4.659288823604583740e-01,1.820697337388992310e-01,6.559672951698303223e-01,3.560836315155029297e-01,9.999999403953552246e-01,4.262542426586151123e-01,2.760930061340332031e-01,1.959479153156280518e-01,3.349208235740661621e-01,3.175153434276580811e-01
2.763709127902984619e-01,1.339112073183059692e-01,3.069720566272735596e-01,8.841094374656677246e-02,3.487398326396942139e-01,3.060483336448669434e-01,9.787781536579132080e-02,-2.956530079245567322e-02,2.581065595149993896e-01,3.234646320343017578e-01,2.158180028200149536e-01,4.536028504371643066e-01,3.410647213459014893e-01,3.530923426151275635e-01,8.946266025304794312e-02,4.262542426586151123e-01,9.999999403953552246e-01,2.259646654129028320e-01,3.514257371425628662e-01,3.894131779670715332e-01,4.198350608348846436e-01
5.140887573361396790e-02,-5.448706448078155518e-02,2.605602145195007324e-01,2.517672777175903320e-01,2.162527441978454590e-01,1.628818958997726440e-01,1.928738802671432495e-01,1.621597260236740112e-01,9.379623457789421082e-03,9.195973724126815796e-02,3.751377388834953308e-02,1.418586075305938721e-01,9.502083808183670044e-02,2.359094172716140747e-01,2.785502672195434570e-01,2.760930061340332031e-01,2.259646654129028320e-01,9.999997615814208984e-01,1.144429147243499756e-01,2.188791185617446899e-01,2.437940053641796112e-02
2.173346877098083496e-01,2.047861665487289429e-01,1.177135556936264038e-01,-4.697375930845737457e-03,1.266180574893951416e-01,1.819194406270980835e-01,-6.153047084808349609e-02,1.257845759391784668e-01,3.734754025936126709e-01,3.394722342491149902e-01,2.599881887435913086e-01,4.043779671192169189e-01,3.881394267082214355e-01,1.440830230712890625e-01,-1.372582465410232544e-02,1.959479153156280518e-01,3.514257371425628662e-01,1.144429147243499756e-01,1.000000000000000000e+00,3.692637085914611816e-01,1.856967359781265259e-01
2.200908809900283813e-01,1.904507279396057129e-01,3.533509969711303711e-01,1.023436039686203003e-01,3.475628495216369629e-01,1.784020811319351196e-01,4.787600785493850708e-02,3.566348925232887268e-02,2.354724556207656860e-01,4.514989852905273438e-01,1.547331213951110840e-01,4.382480978965759277e-01,4.315308332443237305e-01,3.782442212104797363e-01,4.967506602406501770e-02,3.349208235740661621e-01,3.894131779670715332e-01,2.188791185617446899e-01,3.692637085914611816e-01,1.000000357627868652e+00,1.775238364934921265e-01
1.806516051292419434e-01,1.238673627376556396e-01,1.772475689649581909e-01,-6.892045587301254272e-02,3.566001653671264648e-01,1.093032881617546082e-01,-4.891648143529891968e-02,-1.444691270589828491e-01,2.010308802127838135e-01,1.252809166908264160e-01,4.890784025192260742e-01,2.532333731651306152e-01,1.223811954259872437e-01,2.350546866655349731e-01,-3.394727036356925964e-02,3.175153434276580811e-01,4.198350608348846436e-01,2.437940053641796112e-02,1.856967359781265259e-01,1.775238364934921265e-01,9.999998211860656738e-01
