9.999995827674865723e-01,7.151091098785400391e-01,6.216418147087097168e-01,4.814232289791107178e-01,3.143204450607299805e-01,2.567908465862274170e-01,1.370896995067596436e-01,2.455940842628479004e-01,4.477801322937011719e-01,2.495936863124370575e-02,2.611106932163238525e-01,6.954578757286071777e-01,2.348202317953109741e-01,5.622088313102722168e-01,4.533917009830474854e-01,4.888318181037902832e-01,2.809070944786071777e-01,1.613308936357498169e-01,-1.587381511926651001e-01,-6.639528274536132812e-02,3.380623757839202881e-01
7.151091098785400391e-01,1.000000119209289551e+00,3.838733136653900146e-01,2.893185317516326904e-01,1.270180493593215942e-01,1.117185279726982117e-01,3.856367431581020355e-03,2.338064312934875488e-01,2.690435349941253662e-01,-5.623885616660118103e-02,1.894150525331497192e-01,4.848448634147644043e-01,2.607111334800720215e-01,3.603155910968780518e-01,2.876620590686798096e-01,3.667654395103454590e-01,1.660572588443756104e-01,1.967649906873703003e-02,-2.154739350080490112e-01,-2.141495794057846069e-01,2.316369116306304932e-01
6.216418147087097168e-01,3.838733136653900146e-01,9.999997019767761230e-01,6.713665723800659180e-01,4.964353740215301514e-01,2.880870103836059570e-01,1.793766617774963379e-01,3.618045151233673096e-01,4.294780194759368896e-01,1.331524997949600220e-01,2.677600681781768799e-01,5.847297906875610352e-01,9.141053259372711182e-02,7.743766307830810547e-01,6.405141353607177734e-01,6.196588277816772461e-01,4.040862321853637695e-01,2.627947032451629639e-01,4.052134603261947632e-02,8.529236167669296265e-02,3.068200051784515381e-01
4.814232289791107178e-01,2.893185317516326904e-01,6.713665723800659180e-01,9.999997019767761230e-01,4.808788299560546875e-01,3.382467329502105713e-01,3.792627751827239990e-01,2.111196666955947876e-01,4.098082482814788818e-01,2.781454622745513916e-01,1.917141526937484741e-01,4.167171418666839600e-01,8.962823450565338135e-02,5.322162508964538574e-01,7.394427061080932617e-01,3.689532876014709473e-01,3.001538813114166260e-01,3.387893140316009521e-01,2.524271011352539062e-01,1.294905245304107666e-01,1.621274650096893311e-01
3.143204450607299805e-01,1.270180493593215942e-01,4.964353740215301514e-01,4.808788299560546875e-01,9.999997615814208984e-01,6.376240849494934082e-01,5.811731219291687012e-01,1.931627690792083740e-01,4.936728179454803467e-01,4.594414532184600830e-01,5.232018828392028809e-01,2.366134524345397949e-01,-4.854076355695724487e-02,3.988073170185089111e-01,4.136197268962860107e-01,5.157719254493713379e-01,5.707453489303588867e-01,5.457355976104736328e-01,2.373777180910110474e-01,4.006893634796142578e-01,3.642751276493072510e-01
2.567908465862274170e-01,1.117185279726982117e-01,2.880870103836059570e-01,3.382467329502105713e-01,6.376240849494934082e-01,1.000000119209289551e+00,7.050452828407287598e-01,3.854297697544097900e-01,5.789534449577331543e-01,6.192437410354614258e-01,5.384246706962585449e-01,2.114122360944747925e-01,-6.903142482042312622e-02,2.289851009845733643e-01,1.591708958148956299e-01,2.815637886524200439e-01,5.662882924079895020e-01,5.176107883453369141e-01,3.135290741920471191e-01,4.671574831008911133e-01,3.869584202766418457e-01
1.370896995067596436e-01,3.856367431581020355e-03,1.793766617774963379e-01,3.792627751827239990e-01,5.811731219291687012e-01,7.050452828407287598e-01,1.000000238418579102e+00,1.909458637237548828e-01,5.272920727729797363e-01,5.676320791244506836e-01,4.646837115287780762e-01,1.212233230471611023e-01,-3.926481679081916809e-02,1.352102905511856079e-01,2.311514765024185181e-01,1.327580064535140991e-01,4.835463762283325195e-01,5.832703709602355957e-01,4.235180318355560303e-01,4.953789114952087402e-01,2.731545865535736084e-01
2.455940842628479004e-01,2.338064312934875488e-01,3.618045151233673096e-01,2.111196666955947876e-01,1.931627690792083740e-01,3.854297697544097900e-01,1.909458637237548828e-01,1.000000000000000000e+00,3.830487430095672607e-01,1.709207147359848022e-01,2.998379766941070557e-01,3.787709176540374756e-01,3.459688648581504822e-02,3.539825379848480225e-01,7.616735994815826416e-02,3.318715691566467285e-01,5.087293386459350586e-01,2.928577363491058350e-01,1.204889044165611267e-01,1.949957758188247681e-01,3.241689801216125488e-01
4.477801322937011719e-01,2.690435349941253662e-01,4.294780194759368896e-01,4.098082482814788818e-01,4.936728179454803467e-01,5.789534449577331543e-01,5.272920727729797363e-01,3.830487430095672607e-01,9.999995231628417969e-01,5.131115317344665527e-01,5.462770462036132812e-01,3.694237470626831055e-01,-6.212139874696731567e-02,4.027939736843109131e-01,3.029515743255615234e-01,3.198421001434326172e-01,5.394951701164245605e-01,5.039615035057067871e-01,2.290575057268142700e-01,4.058564007282257080e-01,4.253776669502258301e-01
2.495936863124370575e-02,-5.623885616660118103e-02,1.331524997949600220e-01,2.781454622745513916e-01,4.594414532184600830e-01,6.192437410354614258e-01,5.676320791244506836e-01,1.709207147359848022e-01,5.131115317344665527e-01,1.000000000000000000e+00,3.597571849822998047e-01,-1.110761798918247223e-02,-1.072955504059791565e-01,5.611847713589668274e-02,1.379919946193695068e-01,-2.133689075708389282e-02,2.731921970844268799e-01,3.762874305248260498e-01,5.106960535049438477e-01,5.679792165756225586e-01,1.711819916963577271e-01
2.611106932163238525e-01,1.894150525331497192e-01,2.677600681781768799e-01,1.917141526937484741e-01,5.232018828392028809e-01,5.384246706962585449e-01,4.646837115287780762e-01,2.998379766941070557e-01,5.462770462036132812e-01,3.597571849822998047e-01,1.000000119209289551e+00,2.116607278585433960e-01,-1.257337629795074463e-01,2.129740864038467407e-01,1.343561708927154541e-01,3.571805059909820557e-01,5.347806811332702637e-01,4.432446956634521484e-01,7.502645999193191528e-02,3.630428314208984375e-01,5.245782136917114258e-01
6.954578757286071777e-01,4.848448634147644043e-01,5.847297906875610352e-01,4.167171418666839600e-01,2.366134524345397949e-01,2.114122360944747925e-01,1.212233230471611023e-01,3.787709176540374756e-01,3.694237470626831055e-01,-1.110761798918247223e-02,2.116607278585433960e-01,9.999998211860656738e-01,5.472976565361022949e-01,6.045064330101013184e-01,4.256165921688079834e-01,5.003714561462402344e-01,3.534743785858154297e-01,2.126768231391906738e-01,-2.897222153842449188e-02,6.333814561367034912e-02,3.494925498962402344e-01
2.348202317953109741e-01,2.607111334800720215e-01,9.141053259372711182e-02,8.962823450565338135e-02,-4.854076355695724487e-02,-6.903142482042312622e-02,-3.926481679081916809e-02,3.459688648581504822e-02,-6.212139874696731567e-02,-1.072955504059791565e-01,-1.257337629795074463e-01,5.472976565361022949e-01,9.999997019767761230e-01,1.552804559469223022e-01,2.045639008283615112e-01,1.258335709571838379e-01,-3.818831965327262878e-02,6.094393320381641388e-03,-7.789226714521646500e-03,-1.926085166633129120e-02,7.169729471206665039e-02
5.622088313102722168e-01,3.603155910968780518e-01,7.743766307830810547e-01,5.322162508964538574e-01,3.988073170185089111e-01,2.289851009845733643e-01,1.352102905511856079e-01,3.539825379848480225e-01,4.027939736843109131e-01,5.611847713589668274e-02,2.129740864038467407e-01,6.045064330101013184e-01,1.552804559469223022e-01,1.000000000000000000e+00,5.618093013763427734e-01,6.605463624000549316e-01,3.897038996219635010e-01,1.728469431400299072e-01,-1.206297334283590317e-02,6.426437944173812866e-02,2.848612666130065918e-01
4.533917009830474854e-01,2.876620590686798096e-01,6.405141353607177734e-01,7.394427061080932617e-01,4.136197268962860107e-01,1.591708958148956299e-01,2.311514765024185181e-01,7.616735994815826416e-02,3.029515743255615234e-01,1.379919946193695068e-01,1.343561708927154541e-01,4.256165921688079834e-01,2.045639008283615112e-01,5.618093013763427734e-01,1.000000119209289551e+00,4.191218614578247070e-01,1.818304061889648438e-01,2.876585423946380615e-01,1.674434542655944824e-01,3.912240266799926758e-02,1.642952859401702881e-01
4.888318181037902832e-01,3.667654395103454590e-01,6.196588277816772461e-01,3.689532876014709473e-01,5.157719254493713379e-01,2.815637886524200439e-01,1.327580064535140991e-01,3.318715691566467285e-01,3.198421001434326172e-01,-2.133689075708389282e-02,3.571805059909820557e-01,5.003714561462402344e-01,1.258335709571838379e-01,6.605463624000549316e-01,4.191218614578247070e-01,1.000000238418579102e+00,4.984351992607116699e-01,2.427335381507873535e-01,-1.798004806041717529e-01,-2.387300878763198853e-02,4.253191351890563965e-01
2.809070944786071777e-01,1.660572588443756104e-01,4.040862321853637695e-01,3.001538813114166260e-01,5.707453489303588867e-01,5.662882924079895020e-01,4.835463762283325195e-01,5.087293386459350586e-01,5.394951701164245605e-01,2.731921970844268799e-01,5.347806811332702637e-01,3.534743785858154297e-01,-3.818831965327262878e-02,3.897038996219635010e-01,1.818304061889648438e-01,4.984351992607116699e-01,9.999997019767761230e-01,6.113577485084533691e-01,1.532025039196014404e-01,4.210927784442901611e-01,4.923838376998901367e-01
1.613308936357498169e-01,1.967649906873703003e-02,2.627947032451629639e-01,3.387893140316009521e-01,5.457355976104736328e-01,5.176107883453369141e-01,5.832703709602355957e-01,2.928577363491058350e-01,5.039615035057067871e-01,3.762874305248260498e-01,4.432446956634521484e-01,2.126768231391906738e-01,6.094393320381641388e-03,1.728469431400299072e-01,2.876585423946380615e-01,2.427335381507873535e-01,6.113577485084533691e-01,1.000000238418579102e+00,2.944626510143280029e-01,4.982624948024749756e-01,3.537746667861938477e-01
-1.587381511926651001e-01,-2.154739350080490112e-01,4.052134603261947632e-02,2.524271011352539062e-01,2.373777180910110474e-01,3.135290741920471191e-01,4.235180318355560303e-01,1.204889044165611267e-01,2.290575057268142700e-01,5.106960535049438477e-01,7.502645999193191528e-02,-2.897222153842449188e-02,-7.789226714521646500e-03,-1.206297334283590317e-02,1.674434542655944824e-01,-1.798004806041717529e-01,1.532025039196014404e-01,2.944626510143280029e-01,1.000000357627868652e+00,5.566337108612060547e-01,-3.393373265862464905e-02
-6.639528274536132812e-02,-2.141495794057846069e-01,8.529236167669296265e-02,1.294905245304107666e-01,4.006893634796142578e-01,4.671574831008911133e-01,4.953789114952087402e-01,1.949957758188247681e-01,4.058564007282257080e-01,5.679792165756225586e-01,3.630428314208984375e-01,6.333814561367034912e-02,-1.926085166633129120e-02,6.426437944173812866e-02,3.912240266799926758e-02,-2.387300878763198853e-02,4.210927784442901611e-01,4.982624948024749756e-01,5.566337108612060547e-01,1.000000357627868652e+00,1.734854429960250854e-01
3.380623757839202881e-01,2.316369116306304932e-01,3.068200051784515381e-01,1.621274650096893311e-01,3.642751276493072510e-01,3.869584202766418457e-01,2.731545865535736084e-01,3.241689801216125488e-01,4.253776669502258301e-01,1.711819916963577271e-01,5.245782136917114258e-01,3.494925498962402344e-01,7.169729471206665039e-02,2.848612666130065918e-01,1.642952859401702881e-01,4.253191351890563965e-01,4.923838376998901367e-01,3.537746667861938477e-01,-3.393373265862464905e-02,1.734854429960250854e-01,1.000000000000000000e+00
