1.000000119209289551e+00,1.773676127195358276e-01,1.796466112136840820e-01,1.203011348843574524e-01,3.736743330955505371e-01,1.593348383903503418e-01,1.174033284187316895e-01,6.266641616821289062e-01,4.148949980735778809e-01,9.823364019393920898e-02,3.726166784763336182e-01,1.168915480375289917e-01,4.617426544427871704e-02,5.531116127967834473e-01,1.606444120407104492e-01,2.083967477083206177e-01,3.945971727371215820e-01,3.962380886077880859e-01,5.646352767944335938e-01,4.488810002803802490e-01,2.055117338895797729e-01,-1.950635015964508057e-01,1.977569460868835449e-01,-1.786730438470840454e-01,4.206599891185760498e-01,1.082217022776603699e-01,4.863447546958923340e-01,3.489790260791778564e-01,1.507717221975326538e-01,-9.837526082992553711e-02,-2.233001440763473511e-01,-1.438830643892288208e-01,4.542367756366729736e-01,3.657258450984954834e-01,-5.295723304152488708e-02,-1.962905675172805786e-01,6.052978038787841797e-01,1.932273060083389282e-01,2.307459115982055664e-01,-3.569969162344932556e-02,1.919057220220565796e-01,4.743061959743499756e-02,1.841524392366409302e-01,4.544014334678649902e-01,-3.797161206603050232e-02,1.145275607705116272e-01,-1.095241531729698181e-01,-8.397327363491058350e-02
1.773676127195358276e-01,1.000000596046447754e+00,3.384261578321456909e-02,1.525987833738327026e-01,3.475214540958404541e-01,3.194223344326019287e-01,4.602891504764556885e-01,1.637117117643356323e-01,5.206899046897888184e-01,5.101011395454406738e-01,1.848453581333160400e-01,5.025405883789062500e-01,4.369909465312957764e-01,-9.103795886039733887e-02,4.173598885536193848e-01,4.372251331806182861e-01,3.670823574066162109e-01,4.323723316192626953e-01,3.027298152446746826e-01,2.784223556518554688e-01,3.570320308208465576e-01,2.375422418117523193e-01,1.542988512665033340e-02,-9.855225682258605957e-03,-1.302729249000549316e-01,5.728395283222198486e-02,2.169755399227142334e-01,3.925508353859186172e-03,3.104252927005290985e-02,2.830841541290283203e-01,2.771447598934173584e-01,-8.564490824937820435e-02,4.144887924194335938e-01,3.940941393375396729e-01,7.695742696523666382e-02,1.015173643827438354e-01,6.888527423143386841e-02,5.009399652481079102e-01,4.730862379074096680e-01,2.087008208036422729e-01,6.370192170143127441e-01,6.162657737731933594e-01,2.908463478088378906e-01,5.369740128517150879e-01,4.504621326923370361e-01,4.591604769229888916e-01,-4.461647942662239075e-02,-9.606947191059589386e-03
1.796466112136840820e-01,3.384261578321456909e-02,9.999996423721313477e-01,6.304873824119567871e-01,2.462454289197921753e-01,3.152745068073272705e-01,3.953910171985626221e-01,-7.525683194398880005e-02,-1.345584541559219360e-01,2.455446720123291016e-01,-4.886784404516220093e-02,1.134077161550521851e-01,2.244362533092498779e-01,8.432330936193466187e-02,1.759310811758041382e-01,4.220037534832954407e-02,2.001561522483825684e-01,-6.347145140171051025e-02,5.693775042891502380e-02,7.025670260190963745e-02,9.145490080118179321e-02,4.240582883358001709e-02,6.033753976225852966e-02,-5.259055178612470627e-03,2.062337398529052734e-01,3.214802443981170654e-01,-2.756346762180328369e-02,5.197415947914123535e-01,4.175915122032165527e-01,7.558209449052810669e-02,2.455759607255458832e-02,-1.940554752945899963e-02,-7.647379487752914429e-02,5.702225863933563232e-02,3.456534445285797119e-01,9.583472460508346558e-02,-1.262289285659790039e-01,1.099633648991584778e-01,-1.842820793390274048e-01,1.046670749783515930e-01,3.066492080688476562e-02,1.916719675064086914e-01,3.596274852752685547e-01,-5.668421834707260132e-02,1.442757695913314819e-01,2.612089514732360840e-01,-3.748501464724540710e-02,4.019202664494514465e-02
1.203011348843574524e-01,1.525987833738327026e-01,6.304873824119567871e-01,9.999996423721313477e-01,4.264287054538726807e-01,5.204555988311767578e-01,5.325661301612854004e-01,-9.313809871673583984e-02,-1.302298605442047119e-01,4.947348833084106445e-01,-1.394465863704681396e-01,2.756940126419067383e-01,5.035292506217956543e-01,7.159330695867538452e-02,1.936383992433547974e-01,1.610115170478820801e-01,4.304643869400024414e-01,6.656853109598159790e-02,1.204640567302703857e-01,2.351992577314376831e-01,2.109598219394683838e-01,1.958994418382644653e-01,2.391299158334732056e-01,3.294154256582260132e-02,3.039321303367614746e-01,2.011579275131225586e-01,-1.155674606561660767e-01,4.151909053325653076e-01,3.857424855232238770e-01,2.216328829526901245e-01,9.798091650009155273e-02,-1.667848043143749237e-02,-1.285253316164016724e-01,5.037907045334577560e-03,1.248742938041687012e-01,2.222463488578796387e-01,-1.380124688148498535e-01,1.600605398416519165e-01,-2.377930283546447754e-02,1.981448680162429810e-01,1.367534995079040527e-01,3.825294971466064453e-01,6.457759737968444824e-01,-2.972227707505226135e-02,3.238601386547088623e-01,5.107582807540893555e-01,-3.726080060005187988e-02,6.157099455595016479e-02
3.736743330955505371e-01,3.475214540958404541e-01,2.462454289197921753e-01,4.264287054538726807e-01,9.999998211860656738e-01,5.114237070083618164e-01,3.094128668308258057e-01,2.174704521894454956e-01,2.782019376754760742e-01,3.568367362022399902e-01,1.679894775152206421e-01,3.285087049007415771e-01,4.422292113304138184e-01,1.553625464439392090e-01,2.915854752063751221e-01,4.389499127864837646e-01,2.710681557655334473e-01,2.598833441734313965e-01,2.461064755916595459e-01,3.870549201965332031e-01,4.249076843261718750e-01,9.465356916189193726e-02,1.557115316390991211e-01,5.641282349824905396e-02,2.622296810150146484e-01,7.860471308231353760e-02,9.807547926902770996e-02,2.078736424446105957e-01,1.065778583288192749e-01,-2.892599813640117645e-02,-5.046829581260681152e-02,1.816691085696220398e-02,2.406866550445556641e-01,1.645364314317703247e-01,-7.189094275236129761e-02,-1.258584111928939819e-01,5.059880018234252930e-02,2.626989781856536865e-01,1.215244755148887634e-01,2.386579476296901703e-02,4.413183033466339111e-01,3.967697918415069580e-01,4.824274182319641113e-01,3.644525408744812012e-01,1.495608389377593994e-01,3.733356595039367676e-01,8.404515683650970459e-02,2.048111110925674438e-01
1.593348383903503418e-01,3.194223344326019287e-01,3.152745068073272705e-01,5.204555988311767578e-01,5.114237070083618164e-01,1.000000119209289551e+00,3.106376230716705322e-01,-1.462206989526748657e-01,-2.301376126706600189e-02,4.724906980991363525e-01,-1.054676100611686707e-01,3.828213512897491455e-01,5.373026728630065918e-01,-5.643517151474952698e-02,3.807418048381805420e-01,4.920572340488433838e-01,1.698960512876510620e-01,2.667160890996456146e-02,-3.542642667889595032e-02,5.690673738718032837e-02,2.241966426372528076e-01,3.229066431522369385e-01,1.143434420228004456e-01,9.563344717025756836e-02,3.446409404277801514e-01,1.559839248657226562e-01,3.143503367900848389e-01,4.312182664871215820e-01,3.001823723316192627e-01,1.647882722318172455e-02,3.761195391416549683e-02,-4.786960408091545105e-02,1.780726909637451172e-01,8.197258412837982178e-02,3.253018483519554138e-02,2.790825068950653076e-01,-2.788781523704528809e-01,3.859600424766540527e-01,3.087893687188625336e-02,1.973544806241989136e-01,4.616242945194244385e-01,5.511488318443298340e-01,4.185354113578796387e-01,-2.334319241344928741e-02,3.590804636478424072e-01,5.525026917457580566e-01,2.143680490553379059e-02,1.629436165094375610e-01
1.174033284187316895e-01,4.602891504764556885e-01,3.953910171985626221e-01,5.325661301612854004e-01,3.094128668308258057e-01,3.106376230716705322e-01,1.000000357627868652e+00,6.941751390695571899e-02,1.336397081613540649e-01,4.385612308979034424e-01,5.083857569843530655e-03,3.593380153179168701e-01,4.887918233871459961e-01,-7.580905221402645111e-03,3.005111515522003174e-01,3.278745710849761963e-01,6.087581515312194824e-01,3.742687404155731201e-01,2.757952809333801270e-01,3.175829350948333740e-01,3.691094815731048584e-01,1.236617341637611389e-01,1.059813648462295532e-01,1.345389708876609802e-02,8.433941006660461426e-02,1.506820768117904663e-01,2.317514084279537201e-02,2.018980234861373901e-01,2.258508950471878052e-01,4.676355123519897461e-01,2.636439204216003418e-01,-9.326958656311035156e-02,1.495195478200912476e-01,2.923485040664672852e-01,1.427225023508071899e-01,1.277420967817306519e-01,-2.915374003350734711e-02,3.002758324146270752e-01,2.074503302574157715e-01,1.098537668585777283e-01,3.477195203304290771e-01,5.228889584541320801e-01,4.736715853214263916e-01,2.243042439222335815e-01,3.361604809761047363e-01,4.561465680599212646e-01,-7.227973639965057373e-02,-1.600693762302398682e-01
6.266641616821289062e-01,1.637117117643356323e-01,-7.525683194398880005e-02,-9.313809871673583984e-02,2.174704521894454956e-01,-1.462206989526748657e-01,6.941751390695571899e-02,9.999997615814208984e-01,5.152537822723388672e-01,-3.120730817317962646e-02,6.457518339157104492e-01,1.377172321081161499e-01,-8.210457116365432739e-02,6.777904629707336426e-01,2.161144614219665527e-01,9.790024906396865845e-02,3.779969215393066406e-01,4.409187138080596924e-01,4.935153126716613770e-01,3.992646336555480957e-01,1.145081371068954468e-01,-2.622292041778564453e-01,2.530814111232757568e-01,-2.158775627613067627e-01,3.472962677478790283e-01,6.132640317082405090e-02,3.123936057090759277e-01,-4.093383252620697021e-02,-1.497272849082946777e-01,-8.923789858818054199e-02,-1.470746695995330811e-01,-7.652074843645095825e-02,4.843597710132598877e-01,3.670197129249572754e-01,-2.234947532415390015e-01,-2.721825242042541504e-01,7.461447715759277344e-01,1.760512739419937134e-01,2.542780041694641113e-01,-7.698991149663925171e-02,6.093114614486694336e-02,-1.954735070466995239e-02,-1.435152534395456314e-02,5.382545590400695801e-01,-8.492626249790191650e-02,-9.430890530347824097e-02,-9.479223936796188354e-02,-2.247751802206039429e-01
4.148949980735778809e-01,5.206899046897888184e-01,-1.345584541559219360e-01,-1.302298605442047119e-01,2.782019376754760742e-01,-2.301376126706600189e-02,1.336397081613540649e-01,5.152537822723388672e-01,1.000000357627868652e+00,2.406501173973083496e-01,5.579582452774047852e-01,3.558018505573272705e-01,8.212991803884506226e-02,2.333077490329742432e-01,3.402352631092071533e-01,2.554909586906433105e-01,2.952831983566284180e-01,5.037283897399902344e-01,5.413562655448913574e-01,4.299758672714233398e-01,2.751180231571197510e-01,-4.786903038620948792e-02,2.053136937320232391e-02,-1.843257397413253784e-01,-2.117341198027133942e-02,3.436393290758132935e-02,2.067471444606781006e-01,-2.031330168247222900e-01,-1.176752969622612000e-01,3.220107778906822205e-02,6.667411886155605316e-03,-6.224260479211807251e-02,4.747270047664642334e-01,3.974367976188659668e-01,-8.223622292280197144e-02,-2.998540699481964111e-01,4.660134017467498779e-01,4.160303473472595215e-01,4.968401193618774414e-01,4.319885745644569397e-02,3.273336589336395264e-01,2.588447034358978271e-01,7.761701941490173340e-02,7.432004213333129883e-01,1.834523528814315796e-01,1.774476319551467896e-01,-8.213564753532409668e-02,-1.086859628558158875e-01
9.823364019393920898e-02,5.101011395454406738e-01,2.455446720123291016e-01,4.947348833084106445e-01,3.568367362022399902e-01,4.724906980991363525e-01,4.385612308979034424e-01,-3.120730817317962646e-02,2.406501173973083496e-01,1.000000119209289551e+00,5.373946204781532288e-02,7.486611008644104004e-01,6.770558357238769531e-01,-2.797837834805250168e-03,5.591523647308349609e-01,3.550150096416473389e-01,3.918522298336029053e-01,2.905381321907043457e-01,1.717026084661483765e-01,2.668254375457763672e-01,2.493011653423309326e-01,3.137921988964080811e-01,1.126687228679656982e-01,-4.192356765270233154e-02,9.497845917940139771e-02,6.064857542514801025e-02,-2.724080160260200500e-02,1.360231339931488037e-01,1.143064126372337341e-01,1.320384889841079712e-01,1.704114824533462524e-01,-1.332248151302337646e-01,1.057287380099296570e-01,1.332246214151382446e-01,1.036118716001510620e-01,2.355085462331771851e-01,-4.918785765767097473e-02,4.230695366859436035e-01,2.005749046802520752e-01,3.071339130401611328e-01,3.614867329597473145e-01,7.169086337089538574e-01,5.912215709686279297e-01,2.238517403602600098e-01,6.537664532661437988e-01,8.085270524024963379e-01,-1.125579699873924255e-01,1.251746118068695068e-01
3.726166784763336182e-01,1.848453581333160400e-01,-4.886784404516220093e-02,-1.394465863704681396e-01,1.679894775152206421e-01,-1.054676100611686707e-01,5.083857569843530655e-03,6.457518339157104492e-01,5.579582452774047852e-01,5.373946204781532288e-02,9.999995231628417969e-01,2.873143851757049561e-01,-2.246262319386005402e-02,4.779402017593383789e-01,3.664359748363494873e-01,8.620394021272659302e-02,2.166476696729660034e-01,3.674291670322418213e-01,3.351704180240631104e-01,2.879200577735900879e-01,1.249686107039451599e-01,-7.600538432598114014e-02,1.722514331340789795e-01,-1.450174152851104736e-01,2.304433435201644897e-01,-1.120295654982328415e-02,2.690445780754089355e-01,-1.816635727882385254e-01,-2.078193128108978271e-01,-1.602903157472610474e-01,-2.246880345046520233e-02,8.074834197759628296e-02,4.752806127071380615e-01,3.311008512973785400e-01,-1.184982061386108398e-01,-2.927901148796081543e-01,4.409805834293365479e-01,2.210157364606857300e-01,1.557811498641967773e-01,2.545763552188873291e-02,8.461698889732360840e-02,8.103572577238082886e-02,-4.688777774572372437e-02,4.419915378093719482e-01,2.865271642804145813e-02,-5.780221149325370789e-02,-4.645095765590667725e-02,-1.557254493236541748e-01
1.168915480375289917e-01,5.025405883789062500e-01,1.134077161550521851e-01,2.756940126419067383e-01,3.285087049007415771e-01,3.828213512897491455e-01,3.593380153179168701e-01,1.377172321081161499e-01,3.558018505573272705e-01,7.486611008644104004e-01,2.873143851757049561e-01,1.000000000000000000e+00,5.391731262207031250e-01,4.443622380495071411e-02,7.426351308822631836e-01,4.587630927562713623e-01,3.267724812030792236e-01,3.382340669631958008e-01,7.637423276901245117e-02,1.930674463510513306e-01,2.240098118782043457e-01,2.192946821451187134e-01,5.177842825651168823e-02,-1.096035242080688477e-01,1.734523773193359375e-01,2.615458145737648010e-02,1.283918619155883789e-01,7.733743637800216675e-02,7.913217693567276001e-02,1.108973622322082520e-01,1.149390712380409241e-01,-1.212506517767906189e-01,3.261032700538635254e-01,2.968327999114990234e-01,7.606763392686843872e-02,5.532149970531463623e-02,-2.095244824886322021e-02,4.896441400051116943e-01,2.135963290929794312e-01,1.781082600355148315e-01,3.689246475696563721e-01,6.653300523757934570e-01,3.374942541122436523e-01,2.790361344814300537e-01,5.586408376693725586e-01,6.214601993560791016e-01,-1.266524195671081543e-01,7.368668913841247559e-02
4.617426544427871704e-02,4.369909465312957764e-01,2.244362533092498779e-01,5.035292506217956543e-01,4.422292113304138184e-01,5.373026728630065918e-01,4.887918233871459961e-01,-8.210457116365432739e-02,8.212991803884506226e-02,6.770558357238769531e-01,-2.246262319386005402e-02,5.391731262207031250e-01,9.999999403953552246e-01,-9.407335519790649414e-02,4.318009614944458008e-01,5.349565148353576660e-01,3.550193905830383301e-01,2.293107360601425171e-01,1.360822916030883789e-01,3.104155957698822021e-01,4.974764287471771240e-01,2.692609727382659912e-01,3.212122321128845215e-01,1.155320033431053162e-01,5.224719643592834473e-02,6.384053267538547516e-03,1.057359506376087666e-03,1.676163971424102783e-01,1.857134401798248291e-01,1.715289950370788574e-01,8.523389697074890137e-02,-1.248364001512527466e-01,1.620512157678604126e-01,1.273745149374008179e-01,1.166199222207069397e-01,3.310835957527160645e-01,-1.787943691015243530e-01,3.768076598644256592e-01,1.570913940668106079e-01,3.069501817226409912e-01,3.393882513046264648e-01,7.145168781280517578e-01,5.927962660789489746e-01,1.420681327581405640e-01,5.867966413497924805e-01,6.904382109642028809e-01,-6.601811852306127548e-03,1.151740103960037231e-01
5.531116127967834473e-01,-9.103795886039733887e-02,8.432330936193466187e-02,7.159330695867538452e-02,1.553625464439392090e-01,-5.643517151474952698e-02,-7.580905221402645111e-03,6.777904629707336426e-01,2.333077490329742432e-01,-2.797837834805250168e-03,4.779402017593383789e-01,4.443622380495071411e-02,-9.407335519790649414e-02,1.000000119209289551e+00,1.998459249734878540e-01,-1.015243455767631531e-01,3.169546723365783691e-01,3.536907136440277100e-01,3.777611851692199707e-01,3.556760251522064209e-01,5.132941901683807373e-02,-1.978925168514251709e-01,2.348058372735977173e-01,-1.614435613155364990e-01,3.743477165699005127e-01,5.418859422206878662e-02,2.132372111082077026e-01,9.848804026842117310e-02,-6.952989846467971802e-02,-1.382733285427093506e-01,-1.693139821290969849e-01,-1.002760007977485657e-01,1.325734257698059082e-01,3.509656712412834167e-02,-1.470662206411361694e-01,-1.800471991300582886e-01,6.519721746444702148e-01,6.190331280231475830e-02,-3.682529204525053501e-04,-2.481453865766525269e-02,-1.178839728236198425e-01,-7.205236703157424927e-02,1.084860116243362427e-01,2.757183313369750977e-01,-4.661451652646064758e-02,-2.543627284467220306e-02,-8.184392750263214111e-02,-1.270314306020736694e-01
1.606444120407104492e-01,4.173598885536193848e-01,1.759310811758041382e-01,1.936383992433547974e-01,2.915854752063751221e-01,3.807418048381805420e-01,3.005111515522003174e-01,2.161144614219665527e-01,3.402352631092071533e-01,5.591523647308349609e-01,3.664359748363494873e-01,7.426351308822631836e-01,4.318009614944458008e-01,1.998459249734878540e-01,9.999997019767761230e-01,4.561954736709594727e-01,3.110873699188232422e-01,3.534083068370819092e-01,7.600288838148117065e-02,1.653503328561782837e-01,2.669981420040130615e-01,2.415588051080703735e-01,7.435062527656555176e-02,-3.429131954908370972e-02,2.208912372589111328e-01,3.859382495284080505e-02,2.300605624914169312e-01,1.876784563064575195e-01,4.005912691354751587e-02,6.838850677013397217e-04,1.247177049517631531e-01,-1.285038143396377563e-01,3.789600431919097900e-01,2.527605593204498291e-01,1.180528551340103149e-01,8.222775906324386597e-02,9.416582994163036346e-03,5.685389637947082520e-01,1.258843392133712769e-01,2.224487364292144775e-01,3.017558455467224121e-01,5.900391936302185059e-01,2.207256406545639038e-01,2.257654219865798950e-01,4.464071094989776611e-01,5.307567119598388672e-01,-5.212959647178649902e-02,7.471182942390441895e-02
2.083967477083206177e-01,4.372251331806182861e-01,4.220037534832954407e-02,1.610115170478820801e-01,4.389499127864837646e-01,4.920572340488433838e-01,3.278745710849761963e-01,9.790024906396865845e-02,2.554909586906433105e-01,3.550150096416473389e-01,8.620394021272659302e-02,4.587630927562713623e-01,5.349565148353576660e-01,-1.015243455767631531e-01,4.561954736709594727e-01,9.999997615814208984e-01,2.172656953334808350e-01,2.048863470554351807e-01,1.485747694969177246e-01,1.331235915422439575e-01,4.359239935874938965e-01,1.499245911836624146e-01,-2.488874271512031555e-02,-2.756066620349884033e-03,1.268117874860763550e-01,9.225592762231826782e-02,3.164635002613067627e-01,1.249009221792221069e-01,4.021709784865379333e-02,5.038692802190780640e-02,-4.322301968932151794e-02,-2.066995352506637573e-01,5.094710588455200195e-01,3.643724024295806885e-01,2.317812666296958923e-02,1.198661848902702332e-01,-1.254295259714126587e-01,4.397898614406585693e-01,3.869518339633941650e-01,1.449078042060136795e-02,5.548514127731323242e-01,5.363858342170715332e-01,1.951987445354461670e-01,2.818295955657958984e-01,2.037356942892074585e-01,3.368888497352600098e-01,-2.737308666110038757e-02,1.662772148847579956e-02
3.945971727371215820e-01,3.670823574066162109e-01,2.001561522483825684e-01,4.304643869400024414e-01,2.710681557655334473e-01,1.698960512876510620e-01,6.087581515312194824e-01,3.779969215393066406e-01,2.952831983566284180e-01,3.918522298336029053e-01,2.166476696729660034e-01,3.267724812030792236e-01,3.550193905830383301e-01,3.169546723365783691e-01,3.110873699188232422e-01,2.172656953334808350e-01,1.000000119209289551e+00,6.313427090644836426e-01,5.469900369644165039e-01,5.662501454353332520e-01,4.141233563423156738e-01,1.821754127740859985e-01,2.992448806762695312e-01,-8.781519532203674316e-02,2.550396025180816650e-01,5.755984410643577576e-02,7.595162838697433472e-02,8.751862496137619019e-02,1.503036469221115112e-01,3.807686567306518555e-01,2.312171459197998047e-01,-1.875504404306411743e-01,2.553842365741729736e-01,3.013167679309844971e-01,9.920629672706127167e-03,1.064802557229995728e-01,3.336571156978607178e-01,2.830886244773864746e-01,3.186241090297698975e-01,1.931635290384292603e-01,2.123450636863708496e-01,3.215056657791137695e-01,4.832254350185394287e-01,3.373586535453796387e-01,2.149676978588104248e-01,4.117960035800933838e-01,-1.367861777544021606e-01,-1.225560680031776428e-01
3.962380886077880859e-01,4.323723316192626953e-01,-6.347145140171051025e-02,6.656853109598159790e-02,2.598833441734313965e-01,2.667160890996456146e-02,3.742687404155731201e-01,4.409187138080596924e-01,5.037283897399902344e-01,2.905381321907043457e-01,3.674291670322418213e-01,3.382340669631958008e-01,2.293107360601425171e-01,3.536907136440277100e-01,3.534083068370819092e-01,2.048863470554351807e-01,6.313427090644836426e-01,1.000000357627868652e+00,5.235473513603210449e-01,6.170513629913330078e-01,5.002070069313049316e-01,1.026365160942077637e-01,1.282096505165100098e-01,-1.336998343467712402e-01,7.516205310821533203e-02,-8.274277299642562866e-02,7.602284103631973267e-02,-1.026089340448379517e-01,-1.119364169426262379e-03,3.130071461200714111e-01,2.451719492673873901e-01,-1.857386827468872070e-01,3.401409983634948730e-01,3.418675959110260010e-01,1.077060177922248840e-01,-1.199467182159423828e-01,4.320665299892425537e-01,2.987639009952545166e-01,3.581232130527496338e-01,1.165786534547805786e-01,2.272265702486038208e-01,3.016208708286285400e-01,2.940165996551513672e-01,5.050615072250366211e-01,2.084794193506240845e-01,2.759029269218444824e-01,-1.280821412801742554e-01,-1.286412626504898071e-01
5.646352767944335938e-01,3.027298152446746826e-01,5.693775042891502380e-02,1.204640567302703857e-01,2.461064755916595459e-01,-3.542642667889595032e-02,2.757952809333801270e-01,4.935153126716613770e-01,5.413562655448913574e-01,1.717026084661483765e-01,3.351704180240631104e-01,7.637423276901245117e-02,1.360822916030883789e-01,3.777611851692199707e-01,7.600288838148117065e-02,1.485747694969177246e-01,5.469900369644165039e-01,5.235473513603210449e-01,9.999999403953552246e-01,7.216869592666625977e-01,3.931176960468292236e-01,-1.165406405925750732e-01,1.445012986660003662e-01,-2.659269273281097412e-01,6.031847745180130005e-02,1.028982624411582947e-01,1.705699861049652100e-01,-2.677550725638866425e-02,2.601014636456966400e-02,1.559225916862487793e-01,-1.206892728805541992e-01,-1.986512541770935059e-01,2.873357236385345459e-01,2.598702609539031982e-01,-5.299142748117446899e-02,-2.129142731428146362e-01,5.928484201431274414e-01,2.440441697835922241e-01,4.293948113918304443e-01,1.952885650098323822e-02,1.198828816413879395e-01,1.086602881550788879e-01,2.773318588733673096e-01,5.721349716186523438e-01,6.283657997846603394e-02,1.783439666032791138e-01,-2.123001962900161743e-01,-2.193690687417984009e-01
4.488810002803802490e-01,2.784223556518554688e-01,7.025670260190963745e-02,2.351992577314376831e-01,3.870549201965332031e-01,5.690673738718032837e-02,3.175829350948333740e-01,3.992646336555480957e-01,4.299758672714233398e-01,2.668254375457763672e-01,2.879200577735900879e-01,1.930674463510513306e-01,3.104155957698822021e-01,3.556760251522064209e-01,1.653503328561782837e-01,1.331235915422439575e-01,5.662501454353332520e-01,6.170513629913330078e-01,7.216869592666625977e-01,9.999998211860656738e-01,6.302163004875183105e-01,3.207389637827873230e-02,3.428331017494201660e-01,-2.187970280647277832e-01,1.073546335101127625e-01,2.137725614011287689e-02,1.721468986943364143e-03,-2.636155113577842712e-03,4.967610910534858704e-02,1.324444860219955444e-01,-9.239260852336883545e-02,-2.421784549951553345e-01,1.802280247211456299e-01,2.009728699922561646e-01,-3.458311781287193298e-02,-1.817460656166076660e-01,4.743320643901824951e-01,2.321961820125579834e-01,3.451175689697265625e-01,1.426488012075424194e-01,9.341073036193847656e-02,2.100838869810104370e-01,4.598343670368194580e-01,4.999139010906219482e-01,1.794990450143814087e-01,2.970857918262481689e-01,-1.996777653694152832e-01,-1.211958080530166626e-01
2.055117338895797729e-01,3.570320308208465576e-01,9.145490080118179321e-02,2.109598219394683838e-01,4.249076843261718750e-01,2.241966426372528076e-01,3.691094815731048584e-01,1.145081371068954468e-01,2.751180231571197510e-01,2.493011653423309326e-01,1.249686107039451599e-01,2.240098118782043457e-01,4.974764287471771240e-01,5.132941901683807373e-02,2.669981420040130615e-01,4.359239935874938965e-01,4.141233563423156738e-01,5.002070069313049316e-01,3.931176960468292236e-01,6.302163004875183105e-01,1.000000357627868652e+00,2.493788599967956543e-01,3.011125326156616211e-01,6.097460165619850159e-02,-1.060985922813415527e-01,-8.563007228076457977e-03,-9.731958853080868721e-04,4.804705083370208740e-02,1.008757501840591431e-01,1.513487100601196289e-01,3.231824934482574463e-02,-2.324431240558624268e-01,2.066277861595153809e-01,2.122651636600494385e-01,7.155326008796691895e-02,-5.292398110032081604e-02,5.742058902978897095e-02,2.897440791130065918e-01,2.655383646488189697e-01,1.670040190219879150e-01,2.797017693519592285e-01,3.949395120143890381e-01,3.744081556797027588e-01,3.086029589176177979e-01,2.093112021684646606e-01,2.981444001197814941e-01,-1.372522790916264057e-03,4.976121708750724792e-02
-1.950635015964508057e-01,2.375422418117523193e-01,4.240582883358001709e-02,1.958994418382644653e-01,9.465356916189193726e-02,3.229066431522369385e-01,1.236617341637611389e-01,-2.622292041778564453e-01,-4.786903038620948792e-02,3.137921988964080811e-01,-7.600538432598114014e-02,2.192946821451187134e-01,2.692609727382659912e-01,-1.978925168514251709e-01,2.415588051080703735e-01,1.499245911836624146e-01,1.821754127740859985e-01,1.026365160942077637e-01,-1.165406405925750732e-01,3.207389637827873230e-02,2.493788599967956543e-01,1.000000476837158203e+00,1.703050434589385986e-01,3.031449913978576660e-01,1.669425866566598415e-03,-8.947213739156723022e-02,-4.721618816256523132e-02,1.212569512426853180e-02,-5.604451894760131836e-02,-5.563864111900329590e-02,4.941891729831695557e-01,1.179375424981117249e-01,-3.593350760638713837e-03,-5.295495688915252686e-02,-2.347973547875881195e-02,3.436363041400909424e-01,-2.767054140567779541e-01,2.481271326541900635e-01,1.055511534214019775e-01,4.942274689674377441e-01,2.656871080398559570e-01,2.744967341423034668e-01,2.649043500423431396e-01,-1.315823644399642944e-01,2.124583125114440918e-01,3.700352907180786133e-01,2.525704503059387207e-01,5.270044803619384766e-01
1.977569460868835449e-01,1.542988512665033340e-02,6.033753976225852966e-02,2.391299158334732056e-01,1.557115316390991211e-01,1.143434420228004456e-01,1.059813648462295532e-01,2.530814111232757568e-01,2.053136937320232391e-02,1.126687228679656982e-01,1.722514331340789795e-01,5.177842825651168823e-02,3.212122321128845215e-01,2.348058372735977173e-01,7.435062527656555176e-02,-2.488874271512031555e-02,2.992448806762695312e-01,1.282096505165100098e-01,1.445012986660003662e-01,3.428331017494201660e-01,3.011125326156616211e-01,1.703050434589385986e-01,9.999999403953552246e-01,3.534711301326751709e-01,2.706416547298431396e-01,-1.520384568721055984e-03,8.350416086614131927e-03,2.420711964368820190e-01,1.033927202224731445e-01,-5.339575558900833130e-02,1.184256374835968018e-01,1.966270655393600464e-01,4.731966555118560791e-02,5.706546455621719360e-02,-1.057236939668655396e-01,2.829635143280029297e-01,2.265603840351104736e-01,5.296711623668670654e-02,3.845726698637008667e-02,5.671441555023193359e-01,-7.986538112163543701e-02,1.115164235234260559e-01,2.864371240139007568e-01,1.208140328526496887e-01,1.977470219135284424e-01,1.642068624496459961e-01,3.260177671909332275e-01,2.158861607313156128e-01
-1.786730438470840454e-01,-9.855225682258605957e-03,-5.259055178612470627e-03,3.294154256582260132e-02,5.641282349824905396e-02,9.563344717025756836e-02,1.345389708876609802e-02,-2.158775627613067627e-01,-1.843257397413253784e-01,-4.192356765270233154e-02,-1.450174152851104736e-01,-1.096035242080688477e-01,1.155320033431053162e-01,-1.614435613155364990e-01,-3.429131954908370972e-02,-2.756066620349884033e-03,-8.781519532203674316e-02,-1.336998343467712402e-01,-2.659269273281097412e-01,-2.187970280647277832e-01,6.097460165619850159e-02,3.031449913978576660e-01,3.534711301326751709e-01,9.999996423721313477e-01,-8.035152405500411987e-02,-6.574939191341400146e-02,-9.126136451959609985e-02,1.869713813066482544e-01,9.877792000770568848e-02,-1.268979441374540329e-02,4.999580979347229004e-01,5.930434465408325195e-01,-1.497180163860321045e-01,-7.499080151319503784e-02,2.250330150127410889e-02,3.448494374752044678e-01,-2.307337373495101929e-01,-1.262726187705993652e-01,-1.547807455062866211e-01,4.178073406219482422e-01,1.373726725578308105e-01,7.009556889533996582e-02,1.181229390203952789e-02,-1.248952895402908325e-01,6.666567176580429077e-02,-3.260221565142273903e-04,8.383573293685913086e-01,5.634107589721679688e-01
4.206599891185760498e-01,-1.302729249000549316e-01,2.062337398529052734e-01,3.039321303367614746e-01,2.622296810150146484e-01,3.446409404277801514e-01,8.433941006660461426e-02,3.472962677478790283e-01,-2.117341198027133942e-02,9.497845917940139771e-02,2.304433435201644897e-01,1.734523773193359375e-01,5.224719643592834473e-02,3.743477165699005127e-01,2.208912372589111328e-01,1.268117874860763550e-01,2.550396025180816650e-01,7.516205310821533203e-02,6.031847745180130005e-02,1.073546335101127625e-01,-1.060985922813415527e-01,1.669425866566598415e-03,2.706416547298431396e-01,-8.035152405500411987e-02,1.000000357627868652e+00,1.283692270517349243e-01,3.501510620117187500e-01,3.900864720344543457e-01,1.001225933432579041e-01,-1.450888067483901978e-01,-1.169769912958145142e-01,3.197547048330307007e-02,2.267047762870788574e-01,1.826043277978897095e-01,-1.642640382051467896e-01,2.219880698248744011e-03,1.918839067220687866e-01,1.027291417121887207e-01,-7.644112221896648407e-03,4.607740789651870728e-02,1.155515015125274658e-02,-8.485841099172830582e-04,1.659459620714187622e-01,-3.890377411153167486e-04,-3.801214694976806641e-02,1.277301311492919922e-01,-8.556867018342018127e-03,7.766371127218008041e-04
1.082217022776603699e-01,5.728395283222198486e-02,3.214802443981170654e-01,2.011579275131225586e-01,7.860471308231353760e-02,1.559839248657226562e-01,1.506820768117904663e-01,6.132640317082405090e-02,3.436393290758132935e-02,6.064857542514801025e-02,-1.120295654982328415e-02,2.615458145737648010e-02,6.384053267538547516e-03,5.418859422206878662e-02,3.859382495284080505e-02,9.225592762231826782e-02,5.755984410643577576e-02,-8.274277299642562866e-02,1.028982624411582947e-01,2.137725614011287689e-02,-8.563007228076457977e-03,-8.947213739156723022e-02,-1.520384568721055984e-03,-6.574939191341400146e-02,1.283692270517349243e-01,1.000000119209289551e+00,3.388984128832817078e-02,1.421578079462051392e-01,1.650405675172805786e-01,7.762877270579338074e-03,-8.828065544366836548e-02,-1.026788540184497833e-02,5.459008738398551941e-02,6.544572860002517700e-02,8.747099339962005615e-02,-6.234193686395883560e-03,-1.923230476677417755e-02,1.238982602953910828e-01,3.744527325034141541e-02,-4.675859212875366211e-02,1.249652355909347534e-01,9.065122157335281372e-02,1.902154646813869476e-02,6.611553579568862915e-02,9.546890854835510254e-03,4.898116737604141235e-02,-5.520816519856452942e-02,-5.646720156073570251e-02
4.863447546958923340e-01,2.169755399227142334e-01,-2.756346762180328369e-02,-1.155674606561660767e-01,9.807547926902770996e-02,3.143503367900848389e-01,2.317514084279537201e-02,3.123936057090759277e-01,2.067471444606781006e-01,-2.724080160260200500e-02,2.690445780754089355e-01,1.283918619155883789e-01,1.057359506376087666e-03,2.132372111082077026e-01,2.300605624914169312e-01,3.164635002613067627e-01,7.595162838697433472e-02,7.602284103631973267e-02,1.705699861049652100e-01,1.721468986943364143e-03,-9.731958853080868721e-04,-4.721618816256523132e-02,8.350416086614131927e-03,-9.126136451959609985e-02,3.501510620117187500e-01,3.388984128832817078e-02,9.999999403953552246e-01,3.089264929294586182e-01,3.082502633333206177e-02,-5.445088073611259460e-02,-1.144803687930107117e-01,-6.106309965252876282e-02,6.083006858825683594e-01,3.413163423538208008e-01,-1.172614842653274536e-01,-2.269938029348850250e-02,1.934124529361724854e-01,3.452363014221191406e-01,1.501629054546356201e-01,-1.889329962432384491e-02,3.422756791114807129e-01,1.302415877580642700e-01,-1.273993998765945435e-01,1.682778298854827881e-01,-7.446830160915851593e-03,4.563275258988142014e-03,-6.647946685552597046e-02,-8.418552577495574951e-02
3.489790260791778564e-01,3.925508353859186172e-03,5.197415947914123535e-01,4.151909053325653076e-01,2.078736424446105957e-01,4.312182664871215820e-01,2.018980234861373901e-01,-4.093383252620697021e-02,-2.031330168247222900e-01,1.360231339931488037e-01,-1.816635727882385254e-01,7.733743637800216675e-02,1.676163971424102783e-01,9.848804026842117310e-02,1.876784563064575195e-01,1.249009221792221069e-01,8.751862496137619019e-02,-1.026089340448379517e-01,-2.677550725638866425e-02,-2.636155113577842712e-03,4.804705083370208740e-02,1.212569512426853180e-02,2.420711964368820190e-01,1.869713813066482544e-01,3.900864720344543457e-01,1.421578079462051392e-01,3.089264929294586182e-01,9.999999403953552246e-01,5.798616409301757812e-01,2.611196413636207581e-02,5.536750890314579010e-03,3.054550848901271820e-02,-1.111274678260087967e-02,1.121497824788093567e-01,2.891099154949188232e-01,2.184510082006454468e-01,-3.292756900191307068e-02,1.369169205427169800e-01,-1.378415822982788086e-01,1.927263140678405762e-01,9.897372871637344360e-02,1.740050613880157471e-01,2.007096260786056519e-01,-7.310932874679565430e-02,1.556923687458038330e-01,2.335447520017623901e-01,1.300037801265716553e-01,1.213338896632194519e-01
1.507717221975326538e-01,3.104252927005290985e-02,4.175915122032165527e-01,3.857424855232238770e-01,1.065778583288192749e-01,3.001823723316192627e-01,2.258508950471878052e-01,-1.497272849082946777e-01,-1.176752969622612000e-01,1.143064126372337341e-01,-2.078193128108978271e-01,7.913217693567276001e-02,1.857134401798248291e-01,-6.952989846467971802e-02,4.005912691354751587e-02,4.021709784865379333e-02,1.503036469221115112e-01,-1.119364169426262379e-03,2.601014636456966400e-02,4.967610910534858704e-02,1.008757501840591431e-01,-5.604451894760131836e-02,1.033927202224731445e-01,9.877792000770568848e-02,1.001225933432579041e-01,1.650405675172805786e-01,3.082502633333206177e-02,5.798616409301757812e-01,1.000000000000000000e+00,4.036311507225036621e-01,6.269112974405288696e-02,2.923027612268924713e-02,-1.264578253030776978e-01,3.876643627882003784e-02,4.113729298114776611e-01,9.405546635389328003e-02,-8.206573128700256348e-02,4.512887075543403625e-02,-1.030534282326698303e-01,6.124703586101531982e-02,6.610298156738281250e-02,1.208238974213600159e-01,2.371188998222351074e-01,-2.378137037158012390e-02,1.820677816867828369e-01,1.962825357913970947e-01,9.433335624635219574e-03,4.002487286925315857e-02
-9.837526082992553711e-02,2.830841541290283203e-01,7.558209449052810669e-02,2.216328829526901245e-01,-2.892599813640117645e-02,1.647882722318172455e-02,4.676355123519897461e-01,-8.923789858818054199e-02,3.220107778906822205e-02,1.320384889841079712e-01,-1.602903157472610474e-01,1.108973622322082520e-01,1.715289950370788574e-01,-1.382733285427093506e-01,6.838850677013397217e-04,5.038692802190780640e-02,3.807686567306518555e-01,3.130071461200714111e-01,1.559225916862487793e-01,1.324444860219955444e-01,1.513487100601196289e-01,-5.563864111900329590e-02,-5.339575558900833130e-02,-1.268979441374540329e-02,-1.450888067483901978e-01,7.762877270579338074e-03,-5.445088073611259460e-02,2.611196413636207581e-02,4.036311507225036621e-01,1.000000596046447754e+00,3.609717786312103271e-01,-5.430003255605697632e-02,-1.854870282113552094e-02,1.568121761083602905e-01,3.155743181705474854e-01,1.208338290452957153e-01,-1.702876179479062557e-03,1.157604455947875977e-01,1.538041234016418457e-01,-1.599515974521636963e-02,1.151546761393547058e-01,1.745561063289642334e-01,2.163878530263900757e-01,1.261326968669891357e-01,1.838861107826232910e-01,1.329379528760910034e-01,-8.473093062639236450e-02,-1.371410340070724487e-01
-2.233001440763473511e-01,2.771447598934173584e-01,2.455759607255458832e-02,9.798091650009155273e-02,-5.046829581260681152e-02,3.761195391416549683e-02,2.636439204216003418e-01,-1.470746695995330811e-01,6.667411886155605316e-03,1.704114824533462524e-01,-2.246880345046520233e-02,1.149390712380409241e-01,8.523389697074890137e-02,-1.693139821290969849e-01,1.247177049517631531e-01,-4.322301968932151794e-02,2.312171459197998047e-01,2.451719492673873901e-01,-1.206892728805541992e-01,-9.239260852336883545e-02,3.231824934482574463e-02,4.941891729831695557e-01,1.184256374835968018e-01,4.999580979347229004e-01,-1.169769912958145142e-01,-8.828065544366836548e-02,-1.144803687930107117e-01,5.536750890314579010e-03,6.269112974405288696e-02,3.609717786312103271e-01,1.000000357627868652e+00,4.162651896476745605e-01,-2.667760662734508514e-02,5.641981586813926697e-02,2.375134527683258057e-01,3.543583750724792480e-01,-1.696972846984863281e-01,1.014479175209999084e-01,4.414007440209388733e-02,4.094385206699371338e-01,2.075556516647338867e-01,2.095668613910675049e-01,1.248687580227851868e-01,1.942551136016845703e-02,2.212347388267517090e-01,1.748184114694595337e-01,4.701265394687652588e-01,3.331494033336639404e-01
-1.438830643892288208e-01,-8.564490824937820435e-02,-1.940554752945899963e-02,-1.667848043143749237e-02,1.816691085696220398e-02,-4.786960408091545105e-02,-9.326958656311035156e-02,-7.652074843645095825e-02,-6.224260479211807251e-02,-1.332248151302337646e-01,8.074834197759628296e-02,-1.212506517767906189e-01,-1.248364001512527466e-01,-1.002760007977485657e-01,-1.285038143396377563e-01,-2.066995352506637573e-01,-1.875504404306411743e-01,-1.857386827468872070e-01,-1.986512541770935059e-01,-2.421784549951553345e-01,-2.324431240558624268e-01,1.179375424981117249e-01,1.966270655393600464e-01,5.930434465408325195e-01,3.197547048330307007e-02,-1.026788540184497833e-02,-6.106309965252876282e-02,3.054550848901271820e-02,2.923027612268924713e-02,-5.430003255605697632e-02,4.162651896476745605e-01,9.999995827674865723e-01,-9.003449976444244385e-02,-8.146212249994277954e-02,-6.388433277606964111e-02,1.220086961984634399e-02,-1.378188580274581909e-01,-1.739622950553894043e-01,-2.335411906242370605e-01,2.082518190145492554e-01,-1.237079221755266190e-02,-6.974965333938598633e-02,-1.662694811820983887e-01,-2.637953124940395355e-02,1.649219915270805359e-02,-1.493604332208633423e-01,6.733337044715881348e-01,4.022068977355957031e-01
4.542367756366729736e-01,4.144887924194335938e-01,-7.647379487752914429e-02,-1.285253316164016724e-01,2.406866550445556641e-01,1.780726909637451172e-01,1.495195478200912476e-01,4.843597710132598877e-01,4.747270047664642334e-01,1.057287380099296570e-01,4.752806127071380615e-01,3.261032700538635254e-01,1.620512157678604126e-01,1.325734257698059082e-01,3.789600431919097900e-01,5.094710588455200195e-01,2.553842365741729736e-01,3.401409983634948730e-01,2.873357236385345459e-01,1.802280247211456299e-01,2.066277861595153809e-01,-3.593350760638713837e-03,4.731966555118560791e-02,-1.497180163860321045e-01,2.267047762870788574e-01,5.459008738398551941e-02,6.083006858825683594e-01,-1.111274678260087967e-02,-1.264578253030776978e-01,-1.854870282113552094e-02,-2.667760662734508514e-02,-9.003449976444244385e-02,1.000000000000000000e+00,5.961382985115051270e-01,-1.055927872657775879e-01,-5.761945620179176331e-02,2.286433130502700806e-01,4.566553533077239990e-01,4.034618735313415527e-01,-3.397919004783034325e-03,4.048426449298858643e-01,2.633016109466552734e-01,-5.741178616881370544e-02,4.031180143356323242e-01,2.439049445092678070e-02,9.457650035619735718e-02,-9.684652090072631836e-02,-1.142073944211006165e-01
