9.999998211860656738e-01,3.774153888225555420e-01,3.521371185779571533e-01,4.731377661228179932e-01,3.521690070629119873e-01,1.094457134604454041e-01,3.708817362785339355e-01,4.911762475967407227e-01,2.817224264144897461e-01,1.312539577484130859e-01,4.176989793777465820e-01,2.748770415782928467e-01,-5.588312447071075439e-02,3.001556396484375000e-01,4.201817810535430908e-01,1.229340806603431702e-01,3.495831787586212158e-01,1.771570742130279541e-01,3.481099605560302734e-01,1.598132401704788208e-01,1.627514213323593140e-01,2.017920166254043579e-01,-1.086206361651420593e-01,3.171958029270172119e-02,4.708465933799743652e-01,-2.212576009333133698e-02,3.948318362236022949e-01,5.028135180473327637e-01,2.862362265586853027e-01,1.071753427386283875e-01,1.124219074845314026e-01,2.137798517942428589e-01,4.927830398082733154e-01,4.205967783927917480e-01,2.405018955469131470e-01,-2.857803925871849060e-02,4.277673065662384033e-01,3.967065513134002686e-01,1.804697960615158081e-01,-1.425079703330993652e-01,3.698076307773590088e-01,1.582538336515426636e-01,2.202938944101333618e-01,3.276241719722747803e-01,1.831054389476776123e-01,8.719712495803833008e-02,9.983245283365249634e-02,-3.609794750809669495e-02
3.774153888225555420e-01,9.999997615814208984e-01,1.559191346168518066e-01,3.433727324008941650e-01,4.310644865036010742e-01,3.299791216850280762e-01,3.232332468032836914e-01,3.220610320568084717e-01,4.925760626792907715e-01,4.112529456615447998e-01,3.194788694381713867e-01,4.997806251049041748e-01,9.070952981710433960e-02,1.688914299011230469e-01,3.870830833911895752e-01,2.829228341579437256e-01,2.130418568849563599e-01,1.631438285112380981e-01,1.954357475042343140e-01,1.529984474182128906e-01,1.257319301366806030e-01,1.244749948382377625e-01,1.346287280321121216e-01,8.454437553882598877e-02,3.160131275653839111e-01,1.338961627334356308e-02,4.233033955097198486e-01,3.142657577991485596e-01,2.300258278846740723e-01,2.068873643875122070e-01,1.848840117454528809e-01,5.729991197586059570e-02,4.037483930587768555e-01,3.348632156848907471e-01,2.798525691032409668e-01,2.562597095966339111e-01,2.628293633460998535e-01,4.036190509796142578e-01,3.036782145500183105e-01,1.187059506773948669e-01,5.943970680236816406e-01,4.745034873485565186e-01,1.332963407039642334e-01,5.679426789283752441e-01,4.415710270404815674e-01,2.423295080661773682e-01,8.298803120851516724e-02,-8.802463859319686890e-02
3.521371185779571533e-01,1.559191346168518066e-01,9.999998807907104492e-01,3.462096154689788818e-01,9.613448381423950195e-02,1.210174039006233215e-01,2.983423173427581787e-01,1.462793648242950439e-01,8.848571032285690308e-02,7.158122956752777100e-02,1.078508719801902771e-01,-3.341026604175567627e-02,4.358339309692382812e-02,1.254294365644454956e-01,8.573754131793975830e-02,-2.839212678372859955e-02,2.690102159976959229e-01,1.228270083665847778e-01,1.808766424655914307e-01,1.209156364202499390e-01,1.466330587863922119e-01,1.360617876052856445e-01,-6.099193915724754333e-02,6.333695352077484131e-02,1.592475473880767822e-01,1.034345701336860657e-01,1.055329367518424988e-01,4.401742517948150635e-01,1.448742896318435669e-01,8.259166777133941650e-02,7.290184497833251953e-02,5.542584508657455444e-02,1.143800318241119385e-01,9.469868987798690796e-02,-3.879158198833465576e-02,2.032778225839138031e-02,1.198751106858253479e-01,8.784845471382141113e-02,-4.933193698525428772e-02,-1.373781114816665649e-01,9.026989340782165527e-02,1.251422464847564697e-01,1.714006811380386353e-01,5.581837520003318787e-02,8.796267956495285034e-02,7.891240715980529785e-02,5.039543658494949341e-02,-1.092849951237440109e-02
4.731377661228179932e-01,3.433727324008941650e-01,3.462096154689788818e-01,1.000000000000000000e+00,2.998480498790740967e-01,1.473820358514785767e-01,5.832462310791015625e-01,4.452951848506927490e-01,2.643063366413116455e-01,1.757808625698089600e-01,3.533309996128082275e-01,2.970112264156341553e-01,9.622109681367874146e-02,3.394072949886322021e-01,4.052418172359466553e-01,1.440249234437942505e-01,5.430396795272827148e-01,3.934568762779235840e-01,5.124812722206115723e-01,4.231033027172088623e-01,4.087726175785064697e-01,3.712864816188812256e-01,-2.730942144989967346e-02,6.632462609559297562e-03,4.390912950038909912e-01,3.668072819709777832e-02,3.502971231937408447e-01,3.266045451164245605e-01,1.902930885553359985e-01,2.377895414829254150e-01,2.859657406806945801e-01,1.084345653653144836e-01,4.250264763832092285e-01,3.675409853458404541e-01,3.042361140251159668e-01,1.598390168510377407e-03,4.181878864765167236e-01,4.211807250976562500e-01,1.931679695844650269e-01,-1.753381192684173584e-01,3.016423285007476807e-01,1.858272403478622437e-01,4.268483817577362061e-01,3.117983639240264893e-01,1.436569839715957642e-01,1.866047084331512451e-01,2.392036840319633484e-02,-9.100465476512908936e-02
3.521690070629119873e-01,4.310644865036010742e-01,9.613448381423950195e-02,2.998480498790740967e-01,1.000000238418579102e+00,4.217686355113983154e-01,2.083646357059478760e-01,2.440489530563354492e-01,2.998108565807342529e-01,3.979773819446563721e-01,1.745478212833404541e-01,3.645526170730590820e-01,2.464957833290100098e-01,1.621814966201782227e-01,1.925257444381713867e-01,3.461538851261138916e-01,1.107850670814514160e-01,1.035275962203741074e-02,1.596455723047256470e-01,2.156933248043060303e-01,2.028139680624008179e-01,1.088831648230552673e-01,1.140473261475563049e-01,-6.887599080801010132e-02,2.921498715877532959e-01,-4.427580162882804871e-02,2.069957256317138672e-01,2.449231594800949097e-01,1.096781194210052490e-01,9.247493930160999298e-03,-4.026351869106292725e-02,1.694411598145961761e-02,2.057993561029434204e-01,1.644272506237030029e-01,1.161560267210006714e-01,7.925420254468917847e-02,1.345458179712295532e-01,1.907760053873062134e-01,3.179384768009185791e-01,1.464536041021347046e-01,4.897767603397369385e-01,3.556908369064331055e-01,2.550779879093170166e-01,3.811061978340148926e-01,2.676146328449249268e-01,3.272876143455505371e-01,-6.371869891881942749e-02,-3.979474678635597229e-02
1.094457134604454041e-01,3.299791216850280762e-01,1.210174039006233215e-01,1.473820358514785767e-01,4.217686355113983154e-01,1.000000238418579102e+00,8.039984107017517090e-02,-1.328216195106506348e-01,2.805494964122772217e-01,4.759962558746337891e-01,-6.414522975683212280e-02,2.292056083679199219e-01,2.261646389961242676e-01,-1.248653829097747803e-01,-2.384379738941788673e-03,1.522632688283920288e-01,-9.358737617731094360e-02,-1.246513277292251587e-01,-1.524025499820709229e-01,4.130760207772254944e-03,-6.521953642368316650e-02,-1.282047182321548462e-01,2.400095760822296143e-01,1.887225359678268433e-01,3.778374940156936646e-02,-3.085939958691596985e-02,6.316889077425003052e-02,1.835179179906845093e-01,9.119376540184020996e-02,6.470887362957000732e-02,-3.183627035468816757e-03,3.989133611321449280e-02,-6.119704619050025940e-02,-9.367021918296813965e-02,-6.293549388647079468e-02,3.035925924777984619e-01,-1.974572390317916870e-01,2.677780576050281525e-02,7.936245203018188477e-02,9.815412014722824097e-02,2.938416898250579834e-01,5.520607829093933105e-01,1.329711675643920898e-01,2.534756362438201904e-01,4.203780293464660645e-01,4.879030585289001465e-01,9.239892661571502686e-02,-2.579030953347682953e-02
3.708817362785339355e-01,3.232332468032836914e-01,2.983423173427581787e-01,5.832462310791015625e-01,2.083646357059478760e-01,8.039984107017517090e-02,1.000000000000000000e+00,4.069158732891082764e-01,2.163253575563430786e-01,1.512086093425750732e-01,3.149274587631225586e-01,2.973697483539581299e-01,8.215125650167465210e-02,3.694604337215423584e-01,3.907816708087921143e-01,1.906155645847320557e-01,6.126833558082580566e-01,4.672310650348663330e-01,4.992351830005645752e-01,4.326389729976654053e-01,3.692305684089660645e-01,3.494951725006103516e-01,1.065926859155297279e-03,-1.220023166388273239e-02,3.491945862770080566e-01,2.474521696567535400e-01,3.200468420982360840e-01,2.078001201152801514e-01,2.124926298856735229e-01,2.783237695693969727e-01,3.377265036106109619e-01,7.696114480495452881e-02,3.844047784805297852e-01,3.077867925167083740e-01,3.023039996623992920e-01,3.170075640082359314e-02,4.311217367649078369e-01,3.780366778373718262e-01,1.686777323484420776e-01,-1.565965414047241211e-01,2.842919230461120605e-01,1.831552386283874512e-01,3.243643343448638916e-01,2.765253782272338867e-01,1.843489706516265869e-01,1.236214116215705872e-01,1.238494645804166794e-02,-1.191907301545143127e-01
4.911762475967407227e-01,3.220610320568084717e-01,1.462793648242950439e-01,4.452951848506927490e-01,2.440489530563354492e-01,-1.328216195106506348e-01,4.069158732891082764e-01,1.000000000000000000e+00,2.721070647239685059e-01,-5.222347751259803772e-02,5.003411173820495605e-01,2.946234941482543945e-01,-9.306505322456359863e-02,4.971395134925842285e-01,5.413978099822998047e-01,1.435666978359222412e-01,4.627363681793212891e-01,3.967864513397216797e-01,5.101633667945861816e-01,3.479600250720977783e-01,3.554966747760772705e-01,4.065992534160614014e-01,-2.340097129344940186e-01,-1.784037351608276367e-01,5.250815749168395996e-01,-6.485649198293685913e-02,4.694408774375915527e-01,2.214664369821548462e-01,1.563623398542404175e-01,1.292484849691390991e-01,1.968989670276641846e-01,1.130881607532501221e-01,5.931095480918884277e-01,5.710272192955017090e-01,3.896013796329498291e-01,-2.244651615619659424e-01,6.358782052993774414e-01,4.916477501392364502e-01,2.664291262626647949e-01,-1.503451019525527954e-01,3.069707453250885010e-01,-3.993267565965652466e-02,2.047253549098968506e-01,3.743207454681396484e-01,-2.562505565583705902e-02,-1.066609323024749756e-01,-8.150791376829147339e-02,-9.765227138996124268e-02
2.817224264144897461e-01,4.925760626792907715e-01,8.848571032285690308e-02,2.643063366413116455e-01,2.998108565807342529e-01,2.805494964122772217e-01,2.163253575563430786e-01,2.721070647239685059e-01,9.999997615814208984e-01,3.442918360233306885e-01,4.684658646583557129e-01,4.772729873657226562e-01,4.314649477601051331e-02,1.695326268672943115e-01,3.831267654895782471e-01,1.361598372459411621e-01,1.223650425672531128e-01,1.092497631907463074e-01,1.095462888479232788e-01,9.609233587980270386e-02,5.549895390868186951e-02,1.321744024753570557e-01,1.576892137527465820e-01,1.074490025639533997e-01,2.621670365333557129e-01,-5.311259254813194275e-02,3.226743936538696289e-01,2.758077383041381836e-01,1.105009689927101135e-01,2.047213912010192871e-01,1.537080854177474976e-01,5.169633030891418457e-02,2.844938933849334717e-01,2.619977891445159912e-01,1.396362483501434326e-01,1.981596946716308594e-01,2.214327603578567505e-01,3.465143740177154541e-01,1.955164372920989990e-01,-8.279306441545486450e-02,3.770893812179565430e-01,3.222887814044952393e-01,3.191901370882987976e-02,5.356059670448303223e-01,2.650378048419952393e-01,1.551428586244583130e-01,7.295032590627670288e-02,-7.793679088354110718e-02
1.312539577484130859e-01,4.112529456615447998e-01,7.158122956752777100e-02,1.757808625698089600e-01,3.979773819446563721e-01,4.759962558746337891e-01,1.512086093425750732e-01,-5.222347751259803772e-02,3.442918360233306885e-01,9.999999403953552246e-01,7.573357224464416504e-02,4.410191178321838379e-01,3.735027313232421875e-01,-4.284916445612907410e-02,1.387458592653274536e-01,3.276995718479156494e-01,3.643576800823211670e-02,-4.956971108913421631e-02,3.949569910764694214e-02,1.376711130142211914e-01,5.836449936032295227e-02,-7.323171198368072510e-02,3.513487577438354492e-01,8.381415158510208130e-02,8.808484673500061035e-02,-4.765574354678392410e-03,1.037506535649299622e-01,1.678133308887481689e-01,3.809107840061187744e-02,7.923758774995803833e-02,2.221419848501682281e-02,-8.267879486083984375e-02,3.840194270014762878e-02,-1.837981306016445160e-02,2.849816577509045601e-03,3.715962469577789307e-01,-1.045012548565864563e-01,1.664437353610992432e-01,2.407702952623367310e-01,1.303048878908157349e-01,3.283856213092803955e-01,5.673159956932067871e-01,2.047227919101715088e-01,3.175721466541290283e-01,4.884690642356872559e-01,5.460318922996520996e-01,1.385925989598035812e-02,-1.066183075308799744e-01
4.176989793777465820e-01,3.194788694381713867e-01,1.078508719801902771e-01,3.533309996128082275e-01,1.745478212833404541e-01,-6.414522975683212280e-02,3.149274587631225586e-01,5.003411173820495605e-01,4.684658646583557129e-01,7.573357224464416504e-02,9.999999403953552246e-01,3.726767301559448242e-01,-1.295110434293746948e-01,3.307705819606781006e-01,5.356693267822265625e-01,5.823058262467384338e-02,3.345678150653839111e-01,2.687507271766662598e-01,3.421164155006408691e-01,1.762721538543701172e-01,1.743295937776565552e-01,2.878986001014709473e-01,-9.513872861862182617e-02,-5.610159412026405334e-02,4.181915521621704102e-01,-5.760413035750389099e-02,3.934981822967529297e-01,2.539331614971160889e-01,1.555657237768173218e-01,1.361129730939865112e-01,1.776784062385559082e-01,1.070928797125816345e-01,4.779369831085205078e-01,4.400033950805664062e-01,2.165743261575698853e-01,-9.511687606573104858e-02,4.369466006755828857e-01,4.282308518886566162e-01,1.129021942615509033e-01,-1.956242471933364868e-01,2.485653311014175415e-01,2.551434934139251709e-02,5.484769493341445923e-02,3.665416240692138672e-01,5.692828446626663208e-02,-8.634173870086669922e-02,-3.713730722665786743e-03,-5.286419764161109924e-02
2.748770415782928467e-01,4.997806251049041748e-01,-3.341026604175567627e-02,2.970112264156341553e-01,3.645526170730590820e-01,2.292056083679199219e-01,2.973697483539581299e-01,2.946234941482543945e-01,4.772729873657226562e-01,4.410191178321838379e-01,3.726767301559448242e-01,1.000000000000000000e+00,1.518546044826507568e-01,2.413672655820846558e-01,4.442662894725799561e-01,4.044121801853179932e-01,2.151814103126525879e-01,1.477464437484741211e-01,2.092221826314926147e-01,1.624551415443420410e-01,1.341455131769180298e-01,1.469155848026275635e-01,2.471296191215515137e-01,3.539332374930381775e-02,2.943758964538574219e-01,-6.652846001088619232e-03,3.146281540393829346e-01,1.543784737586975098e-01,1.455880701541900635e-01,1.707887202501296997e-01,1.397772580385208130e-01,3.378909081220626831e-03,3.183968663215637207e-01,2.987386286258697510e-01,3.006089627742767334e-01,2.268028706312179565e-01,2.523349225521087646e-01,4.010853171348571777e-01,3.737768828868865967e-01,1.225541010499000549e-01,4.556332230567932129e-01,3.542104363441467285e-01,1.340997964143753052e-01,5.245119333267211914e-01,3.289398849010467529e-01,2.327412813901901245e-01,1.410718169063329697e-02,-1.072176992893218994e-01
-5.588312447071075439e-02,9.070952981710433960e-02,4.358339309692382812e-02,9.622109681367874146e-02,2.464957833290100098e-01,2.261646389961242676e-01,8.215125650167465210e-02,-9.306505322456359863e-02,4.314649477601051331e-02,3.735027313232421875e-01,-1.295110434293746948e-01,1.518546044826507568e-01,9.999999403953552246e-01,6.220795959234237671e-02,-1.381524503231048584e-01,3.880891799926757812e-01,7.436536997556686401e-02,-7.492014765739440918e-02,1.020508855581283569e-01,3.203470408916473389e-01,2.756913304328918457e-01,1.742108911275863647e-02,3.914078772068023682e-01,-1.429208368062973022e-01,1.831747777760028839e-02,5.283796414732933044e-02,-1.114899367094039917e-01,5.770363658666610718e-02,-1.336187124252319336e-03,2.955876849591732025e-02,-1.591351032257080078e-01,-2.483075708150863647e-01,-1.635459959506988525e-01,-1.886439919471740723e-01,-8.916182816028594971e-02,1.978563368320465088e-01,-7.700213789939880371e-02,-5.290062725543975830e-02,2.200798690319061279e-01,1.298746466636657715e-01,7.908188551664352417e-02,2.751656472682952881e-01,3.599095344543457031e-01,2.098209969699382782e-02,1.394121497869491577e-01,3.989975750446319580e-01,-2.068603187799453735e-01,-1.578964889049530029e-01
3.001556396484375000e-01,1.688914299011230469e-01,1.254294365644454956e-01,3.394072949886322021e-01,1.621814966201782227e-01,-1.248653829097747803e-01,3.694604337215423584e-01,4.971395134925842285e-01,1.695326268672943115e-01,-4.284916445612907410e-02,3.307705819606781006e-01,2.413672655820846558e-01,6.220795959234237671e-02,1.000000357627868652e+00,3.237701952457427979e-01,1.918524205684661865e-01,4.084950089454650879e-01,2.971834540367126465e-01,4.424757361412048340e-01,3.281053304672241211e-01,3.321261405944824219e-01,3.273562192916870117e-01,-1.051270812749862671e-01,-1.924227029085159302e-01,2.653108239173889160e-01,5.612559616565704346e-02,1.754866987466812134e-01,1.312943696975708008e-01,1.196120381355285645e-01,1.104590892791748047e-01,9.598538279533386230e-02,2.357873693108558655e-02,2.670513391494750977e-01,2.477728426456451416e-01,2.425489574670791626e-01,-1.534021943807601929e-01,5.237874984741210938e-01,2.486009001731872559e-01,2.035858333110809326e-01,-1.081342846155166626e-01,1.682632565498352051e-01,-3.432629257440567017e-02,1.925823241472244263e-01,2.153862565755844116e-01,-3.800267726182937622e-02,-8.010397851467132568e-02,-1.524498164653778076e-01,-1.714313924312591553e-01
4.201817810535430908e-01,3.870830833911895752e-01,8.573754131793975830e-02,4.052418172359466553e-01,1.925257444381713867e-01,-2.384379738941788673e-03,3.907816708087921143e-01,5.413978099822998047e-01,3.831267654895782471e-01,1.387458592653274536e-01,5.356693267822265625e-01,4.442662894725799561e-01,-1.381524503231048584e-01,3.237701952457427979e-01,9.999999403953552246e-01,1.446932405233383179e-01,3.896604776382446289e-01,3.818901181221008301e-01,3.758095204830169678e-01,2.554802894592285156e-01,2.290994524955749512e-01,3.149896860122680664e-01,-1.381742805242538452e-01,-9.002812951803207397e-02,4.740364551544189453e-01,-8.182846754789352417e-02,5.097084641456604004e-01,2.457552105188369751e-01,1.825862377882003784e-01,1.960892379283905029e-01,2.595989108085632324e-01,5.596105754375457764e-02,5.612204670906066895e-01,5.155668854713439941e-01,3.900035321712493896e-01,-9.805454313755035400e-02,4.661511480808258057e-01,6.199426054954528809e-01,2.285557389259338379e-01,-1.498799920082092285e-01,3.060115277767181396e-01,1.375775486230850220e-01,1.367890089750289917e-01,4.646068513393402100e-01,1.781211346387863159e-01,3.996177762746810913e-02,-2.401688508689403534e-02,-1.328741312026977539e-01
1.229340806603431702e-01,2.829228341579437256e-01,-2.839212678372859955e-02,1.440249234437942505e-01,3.461538851261138916e-01,1.522632688283920288e-01,1.906155645847320557e-01,1.435666978359222412e-01,1.361598372459411621e-01,3.276995718479156494e-01,5.823058262467384338e-02,4.044121801853179932e-01,3.880891799926757812e-01,1.918524205684661865e-01,1.446932405233383179e-01,9.999998211860656738e-01,2.231073379516601562e-01,9.911033511161804199e-02,1.936522573232650757e-01,2.215161472558975220e-01,1.617942303419113159e-01,5.886156857013702393e-02,2.042602896690368652e-01,-9.503306448459625244e-02,1.721825301647186279e-01,1.431840211153030396e-01,1.182332113385200500e-01,2.060070633888244629e-02,8.652307838201522827e-02,1.164115592837333679e-02,-7.064969278872013092e-03,-1.204707920551300049e-01,1.215600743889808655e-01,8.931210637092590332e-02,2.190861999988555908e-01,1.445009708404541016e-01,8.916811645030975342e-02,1.952608078718185425e-01,4.632017314434051514e-01,1.912047117948532104e-01,3.059211671352386475e-01,2.199384868144989014e-01,2.671962976455688477e-01,2.471552640199661255e-01,1.778587102890014648e-01,2.510035336017608643e-01,-1.253740638494491577e-01,-1.326695978641510010e-01
3.495831787586212158e-01,2.130418568849563599e-01,2.690102159976959229e-01,5.430396795272827148e-01,1.107850670814514160e-01,-9.358737617731094360e-02,6.126833558082580566e-01,4.627363681793212891e-01,1.223650425672531128e-01,3.643576800823211670e-02,3.345678150653839111e-01,2.151814103126525879e-01,7.436536997556686401e-02,4.084950089454650879e-01,3.896604776382446289e-01,2.231073379516601562e-01,9.999997615814208984e-01,5.401926636695861816e-01,5.771291255950927734e-01,4.704005420207977295e-01,4.025948047637939453e-01,3.837904632091522217e-01,-1.064040437340736389e-01,-9.647474437952041626e-02,3.703027069568634033e-01,2.007282972335815430e-01,2.872705459594726562e-01,1.421666145324707031e-01,1.488952040672302246e-01,2.285285145044326782e-01,3.257437944412231445e-01,4.959237575531005859e-02,3.952760994434356689e-01,3.361598253250122070e-01,3.057634532451629639e-01,-9.947337955236434937e-02,4.613100290298461914e-01,3.787640929222106934e-01,2.013623118400573730e-01,-2.045896500349044800e-01,1.721839904785156250e-01,1.447107736021280289e-02,3.662161529064178467e-01,1.951340138912200928e-01,2.198490686714649200e-02,5.386868119239807129e-02,-4.253067448735237122e-02,-1.445445865392684937e-01
1.771570742130279541e-01,1.631438285112380981e-01,1.228270083665847778e-01,3.934568762779235840e-01,1.035275962203741074e-02,-1.246513277292251587e-01,4.672310650348663330e-01,3.967864513397216797e-01,1.092497631907463074e-01,-4.956971108913421631e-02,2.687507271766662598e-01,1.477464437484741211e-01,-7.492014765739440918e-02,2.971834540367126465e-01,3.818901181221008301e-01,9.911033511161804199e-02,5.401926636695861816e-01,1.000000238418579102e+00,4.287600517272949219e-01,3.595678508281707764e-01,3.560722470283508301e-01,4.823803603649139404e-01,-9.518459439277648926e-02,-3.714046627283096313e-02,2.685124576091766357e-01,6.399291753768920898e-02,3.363647758960723877e-01,3.273348137736320496e-02,8.114422857761383057e-02,2.849686443805694580e-01,4.794008135795593262e-01,9.378746151924133301e-02,3.882252573966979980e-01,3.097067773342132568e-01,3.586480021476745605e-01,-1.485401839017868042e-01,3.929142355918884277e-01,3.544736206531524658e-01,4.940489679574966431e-02,-2.074512690305709839e-01,1.127234771847724915e-01,-5.439339205622673035e-02,1.897151619195938110e-01,1.813136190176010132e-01,-2.974110282957553864e-02,-4.063209891319274902e-02,2.537978626787662506e-02,-1.231257244944572449e-02
3.481099605560302734e-01,1.954357475042343140e-01,1.808766424655914307e-01,5.124812722206115723e-01,1.596455723047256470e-01,-1.524025499820709229e-01,4.992351830005645752e-01,5.101633667945861816e-01,1.095462888479232788e-01,3.949569910764694214e-02,3.421164155006408691e-01,2.092221826314926147e-01,1.020508855581283569e-01,4.424757361412048340e-01,3.758095204830169678e-01,1.936522573232650757e-01,5.771291255950927734e-01,4.287600517272949219e-01,9.999996423721313477e-01,5.411503911018371582e-01,5.217448472976684570e-01,4.123068749904632568e-01,-1.035942584276199341e-01,-1.960252374410629272e-01,3.414349257946014404e-01,2.515415288507938385e-02,2.613436877727508545e-01,1.490892469882965088e-01,1.152211278676986694e-01,1.321253478527069092e-01,2.010633647441864014e-01,-1.252179965376853943e-02,4.195705354213714600e-01,3.559609949588775635e-01,2.902673482894897461e-01,-1.682697683572769165e-01,5.073501467704772949e-01,3.533316254615783691e-01,2.642829716205596924e-01,-1.296543180942535400e-01,1.849465370178222656e-01,-4.271848872303962708e-02,4.078867733478546143e-01,1.987372487783432007e-01,-4.786326363682746887e-02,6.286210846155881882e-03,-1.399123817682266235e-01,-1.769044846296310425e-01
1.598132401704788208e-01,1.529984474182128906e-01,1.209156364202499390e-01,4.231033027172088623e-01,2.156933248043060303e-01,4.130760207772254944e-03,4.326389729976654053e-01,3.479600250720977783e-01,9.609233587980270386e-02,1.376711130142211914e-01,1.762721538543701172e-01,1.624551415443420410e-01,3.203470408916473389e-01,3.281053304672241211e-01,2.554802894592285156e-01,2.215161472558975220e-01,4.704005420207977295e-01,3.595678508281707764e-01,5.411503911018371582e-01,9.999999403953552246e-01,6.118665337562561035e-01,4.115578234195709229e-01,-1.483286381699144840e-03,-3.149111568927764893e-01,2.513398826122283936e-01,7.869131863117218018e-02,1.495565325021743774e-01,5.858064442873001099e-02,5.944859981536865234e-02,1.317667961120605469e-01,1.115369498729705811e-01,-1.873493194580078125e-01,2.331968545913696289e-01,1.888300180435180664e-01,1.745366752147674561e-01,-1.643666177988052368e-01,3.203750550746917725e-01,2.589003145694732666e-01,2.940464615821838379e-01,-4.159466177225112915e-02,1.167632564902305603e-01,6.518717110157012939e-02,4.717952311038970947e-01,1.840682029724121094e-01,-2.268399484455585480e-02,1.898722499608993530e-01,-3.070873618125915527e-01,-1.877974122762680054e-01
1.627514213323593140e-01,1.257319301366806030e-01,1.466330587863922119e-01,4.087726175785064697e-01,2.028139680624008179e-01,-6.521953642368316650e-02,3.692305684089660645e-01,3.554966747760772705e-01,5.549895390868186951e-02,5.836449936032295227e-02,1.743295937776565552e-01,1.341455131769180298e-01,2.756913304328918457e-01,3.321261405944824219e-01,2.290994524955749512e-01,1.617942303419113159e-01,4.025948047637939453e-01,3.560722470283508301e-01,5.217448472976684570e-01,6.118665337562561035e-01,1.000000000000000000e+00,5.007665157318115234e-01,8.015071973204612732e-03,-3.330534994602203369e-01,2.200992852449417114e-01,-3.777113929390907288e-02,1.255808621644973755e-01,1.032919809222221375e-01,3.274650871753692627e-02,1.154446527361869812e-01,1.057300716638565063e-01,-1.668134331703186035e-01,2.330984771251678467e-01,2.185012698173522949e-01,1.522729247808456421e-01,-2.203952521085739136e-01,3.261368274688720703e-01,2.115072309970855713e-01,2.322141826152801514e-01,3.680267930030822754e-02,1.368057429790496826e-01,-4.990742541849613190e-03,4.649331569671630859e-01,1.927994042634963989e-01,-9.552733600139617920e-02,9.382501244544982910e-02,-3.038794398307800293e-01,-8.380327373743057251e-02
2.017920166254043579e-01,1.244749948382377625e-01,1.360617876052856445e-01,3.712864816188812256e-01,1.088831648230552673e-01,-1.282047182321548462e-01,3.494951725006103516e-01,4.065992534160614014e-01,1.321744024753570557e-01,-7.323171198368072510e-02,2.878986001014709473e-01,1.469155848026275635e-01,1.742108911275863647e-02,3.273562192916870117e-01,3.149896860122680664e-01,5.886156857013702393e-02,3.837904632091522217e-01,4.823803603649139404e-01,4.123068749904632568e-01,4.115578234195709229e-01,5.007665157318115234e-01,9.999997615814208984e-01,-4.764068499207496643e-02,-1.547172367572784424e-01,2.367487251758575439e-01,-4.366566985845565796e-02,2.019260674715042114e-01,1.073254644870758057e-01,5.275571718811988831e-02,1.831370592117309570e-01,3.276682198047637939e-01,1.087324470281600952e-01,2.859519422054290771e-01,2.681736946105957031e-01,2.546000182628631592e-01,-2.442737817764282227e-01,3.894458115100860596e-01,2.598503530025482178e-01,1.024391427636146545e-01,-3.202678263187408447e-02,9.422859549522399902e-02,-7.752101123332977295e-02,2.641029059886932373e-01,1.901402175426483154e-01,-1.164295151829719543e-01,-2.439680136740207672e-02,-1.044196560978889465e-01,1.995807588100433350e-01
-1.086206361651420593e-01,1.346287280321121216e-01,-6.099193915724754333e-02,-2.730942144989967346e-02,1.140473261475563049e-01,2.400095760822296143e-01,1.065926859155297279e-03,-2.340097129344940186e-01,1.576892137527465820e-01,3.513487577438354492e-01,-9.513872861862182617e-02,2.471296191215515137e-01,3.914078772068023682e-01,-1.051270812749862671e-01,-1.381742805242538452e-01,2.042602896690368652e-01,-1.064040437340736389e-01,-9.518459439277648926e-02,-1.035942584276199341e-01,-1.483286381699144840e-03,8.015071973204612732e-03,-4.764068499207496643e-02,1.000000476837158203e+00,1.851771771907806396e-01,-1.420368701219558716e-01,-2.648798376321792603e-02,-9.952541440725326538e-02,3.517137467861175537e-02,-3.586947545409202576e-02,6.325782090425491333e-02,1.856518536806106567e-02,-8.758469671010971069e-02,-1.663045287132263184e-01,-2.166272848844528198e-01,-4.564450681209564209e-02,4.189513623714447021e-01,-1.398425698280334473e-01,-8.377055078744888306e-02,7.126598060131072998e-02,1.897347718477249146e-01,1.428776830434799194e-01,2.666191756725311279e-01,5.617420375347137451e-02,5.070913955569267273e-02,1.992006599903106689e-01,2.515588998794555664e-01,8.255844563245773315e-02,4.631704837083816528e-02
3.171958029270172119e-02,8.454437553882598877e-02,6.333695352077484131e-02,6.632462609559297562e-03,-6.887599080801010132e-02,1.887225359678268433e-01,-1.220023166388273239e-02,-1.784037351608276367e-01,1.074490025639533997e-01,8.381415158510208130e-02,-5.610159412026405334e-02,3.539332374930381775e-02,-1.429208368062973022e-01,-1.924227029085159302e-01,-9.002812951803207397e-02,-9.503306448459625244e-02,-9.647474437952041626e-02,-3.714046627283096313e-02,-1.960252374410629272e-01,-3.149111568927764893e-01,-3.330534994602203369e-01,-1.547172367572784424e-01,1.851771771907806396e-01,1.000000000000000000e+00,-7.718382030725479126e-02,-3.410917147994041443e-02,4.281544312834739685e-02,6.041828170418739319e-02,1.234555840492248535e-01,1.791536062955856323e-01,3.511370718479156494e-01,4.380048215389251709e-01,-2.191280946135520935e-02,-5.688385292887687683e-02,1.200451999902725220e-01,4.586731195449829102e-01,-1.176919639110565186e-01,1.187051460146903992e-02,-1.469169110059738159e-01,-1.024001836776733398e-01,9.761034511029720306e-03,1.211869269609451294e-01,-6.913405656814575195e-02,-5.947996396571397781e-03,1.812648922204971313e-01,6.536591798067092896e-02,6.431623697280883789e-01,2.438935339450836182e-01
4.708465933799743652e-01,3.160131275653839111e-01,1.592475473880767822e-01,4.390912950038909912e-01,2.921498715877532959e-01,3.778374940156936646e-02,3.491945862770080566e-01,5.250815749168395996e-01,2.621670365333557129e-01,8.808484673500061035e-02,4.181915521621704102e-01,2.943758964538574219e-01,1.831747777760028839e-02,2.653108239173889160e-01,4.740364551544189453e-01,1.721825301647186279e-01,3.703027069568634033e-01,2.685124576091766357e-01,3.414349257946014404e-01,2.513398826122283936e-01,2.200992852449417114e-01,2.367487251758575439e-01,-1.420368701219558716e-01,-7.718382030725479126e-02,1.000000000000000000e+00,-3.684838116168975830e-02,5.209182500839233398e-01,2.883347868919372559e-01,2.195468991994857788e-01,1.863091140985488892e-01,1.677427440881729126e-01,5.143030360341072083e-02,5.519970655441284180e-01,5.495592355728149414e-01,3.030583858489990234e-01,-8.569177985191345215e-02,4.205080866813659668e-01,5.323415398597717285e-01,1.668570935726165771e-01,-2.154451310634613037e-01,3.049125671386718750e-01,8.983235061168670654e-02,2.520698308944702148e-01,3.307558894157409668e-01,1.044007241725921631e-01,9.539376199245452881e-02,-1.697860099375247955e-02,-1.372142732143402100e-01
-2.212576009333133698e-02,1.338961627334356308e-02,1.034345701336860657e-01,3.668072819709777832e-02,-4.427580162882804871e-02,-3.085939958691596985e-02,2.474521696567535400e-01,-6.485649198293685913e-02,-5.311259254813194275e-02,-4.765574354678392410e-03,-5.760413035750389099e-02,-6.652846001088619232e-03,5.283796414732933044e-02,5.612559616565704346e-02,-8.182846754789352417e-02,1.431840211153030396e-01,2.007282972335815430e-01,6.399291753768920898e-02,2.515415288507938385e-02,7.869131863117218018e-02,-3.777113929390907288e-02,-4.366566985845565796e-02,-2.648798376321792603e-02,-3.410917147994041443e-02,-3.684838116168975830e-02,1.000000000000000000e+00,-6.985007971525192261e-02,-7.973109185695648193e-02,9.595001488924026489e-02,6.669565290212631226e-02,2.904771640896797180e-02,-6.140444800257682800e-02,-8.018852025270462036e-02,-8.557575941085815430e-02,-7.835784927010536194e-03,5.161910131573677063e-02,-3.363809362053871155e-02,-7.062860578298568726e-02,5.095767974853515625e-02,1.891947910189628601e-02,-1.166424131952226162e-03,1.005367096513509750e-02,1.361632719635963440e-02,-5.797717720270156860e-02,3.512316942214965820e-02,7.947010919451713562e-03,-4.807481914758682251e-02,-8.600806444883346558e-02
3.948318362236022949e-01,4.233033955097198486e-01,1.055329367518424988e-01,3.502971231937408447e-01,2.069957256317138672e-01,6.316889077425003052e-02,3.200468420982360840e-01,4.694408774375915527e-01,3.226743936538696289e-01,1.037506535649299622e-01,3.934981822967529297e-01,3.146281540393829346e-01,-1.114899367094039917e-01,1.754866987466812134e-01,5.097084641456604004e-01,1.182332113385200500e-01,2.872705459594726562e-01,3.363647758960723877e-01,2.613436877727508545e-01,1.495565325021743774e-01,1.255808621644973755e-01,2.019260674715042114e-01,-9.952541440725326538e-02,4.281544312834739685e-02,5.209182500839233398e-01,-6.985007971525192261e-02,1.000000000000000000e+00,3.008413314819335938e-01,2.227781265974044800e-01,2.474861741065979004e-01,3.019984662532806396e-01,1.470031440258026123e-01,6.146097183227539062e-01,5.484277606010437012e-01,3.969826698303222656e-01,-7.795360288582742214e-04,4.077053368091583252e-01,5.816260576248168945e-01,1.773313134908676147e-01,-1.536752134561538696e-01,3.764195442199707031e-01,1.490515619516372681e-01,8.754599094390869141e-02,3.940853774547576904e-01,1.971693783998489380e-01,4.026120901107788086e-02,1.189682707190513611e-01,-6.178922951221466064e-02
5.028135180473327637e-01,3.142657577991485596e-01,4.401742517948150635e-01,3.266045451164245605e-01,2.449231594800949097e-01,1.835179179906845093e-01,2.078001201152801514e-01,2.214664369821548462e-01,2.758077383041381836e-01,1.678133308887481689e-01,2.539331614971160889e-01,1.543784737586975098e-01,5.770363658666610718e-02,1.312943696975708008e-01,2.457552105188369751e-01,2.060070633888244629e-02,1.421666145324707031e-01,3.273348137736320496e-02,1.490892469882965088e-01,5.858064442873001099e-02,1.032919809222221375e-01,1.073254644870758057e-01,3.517137467861175537e-02,6.041828170418739319e-02,2.883347868919372559e-01,-7.973109185695648193e-02,3.008413314819335938e-01,1.000000238418579102e+00,2.831735610961914062e-01,1.203790903091430664e-01,5.728652328252792358e-02,8.162299543619155884e-02,2.445009648799896240e-01,1.815947294235229492e-01,5.049449205398559570e-02,5.847408995032310486e-02,2.147723287343978882e-01,2.556746602058410645e-01,1.182963699102401733e-02,-1.530681699514389038e-01,2.540270388126373291e-01,2.282215356826782227e-01,1.465632915496826172e-01,2.165904045104980469e-01,2.171657681465148926e-01,1.343933343887329102e-01,7.224734872579574585e-02,-5.681172385811805725e-02
2.862362265586853027e-01,2.300258278846740723e-01,1.448742896318435669e-01,1.902930885553359985e-01,1.096781194210052490e-01,9.119376540184020996e-02,2.124926298856735229e-01,1.563623398542404175e-01,1.105009689927101135e-01,3.809107840061187744e-02,1.555657237768173218e-01,1.455880701541900635e-01,-1.336187124252319336e-03,1.196120381355285645e-01,1.825862377882003784e-01,8.652307838201522827e-02,1.488952040672302246e-01,8.114422857761383057e-02,1.152211278676986694e-01,5.944859981536865234e-02,3.274650871753692627e-02,5.275571718811988831e-02,-3.586947545409202576e-02,1.234555840492248535e-01,2.195468991994857788e-01,9.595001488924026489e-02,2.227781265974044800e-01,2.831735610961914062e-01,1.000000000000000000e+00,3.564473092555999756e-01,1.115736290812492371e-01,1.058440059423446655e-01,2.277171909809112549e-01,1.993564814329147339e-01,1.414850652217864990e-01,8.774858713150024414e-02,1.576418429613113403e-01,2.347822636365890503e-01,1.946569047868251801e-02,-8.647143095731735229e-02,1.384570300579071045e-01,1.732610017061233521e-01,1.042796149849891663e-01,1.264129430055618286e-01,2.389670610427856445e-01,5.616709217429161072e-02,1.639400571584701538e-01,-5.802721530199050903e-02
1.071753427386283875e-01,2.068873643875122070e-01,8.259166777133941650e-02,2.377895414829254150e-01,9.247493930160999298e-03,6.470887362957000732e-02,2.783237695693969727e-01,1.292484849691390991e-01,2.047213912010192871e-01,7.923758774995803833e-02,1.361129730939865112e-01,1.707887202501296997e-01,2.955876849591732025e-02,1.104590892791748047e-01,1.960892379283905029e-01,1.164115592837333679e-02,2.285285145044326782e-01,2.849686443805694580e-01,1.321253478527069092e-01,1.317667961120605469e-01,1.154446527361869812e-01,1.831370592117309570e-01,6.325782090425491333e-02,1.791536062955856323e-01,1.863091140985488892e-01,6.669565290212631226e-02,2.474861741065979004e-01,1.203790903091430664e-01,3.564473092555999756e-01,1.000000238418579102e+00,3.873319029808044434e-01,1.137161329388618469e-01,1.903011649847030640e-01,1.739719361066818237e-01,1.805241107940673828e-01,1.577214002609252930e-01,1.682756990194320679e-01,2.304280847311019897e-01,2.730364538729190826e-02,-1.542654037475585938e-01,1.106655970215797424e-01,1.605188995599746704e-01,1.282313615083694458e-01,2.068911194801330566e-01,1.395258605480194092e-01,1.146320924162864685e-01,2.104005217552185059e-01,1.849466189742088318e-02
1.124219074845314026e-01,1.848840117454528809e-01,7.290184497833251953e-02,2.859657406806945801e-01,-4.026351869106292725e-02,-3.183627035468816757e-03,3.377265036106109619e-01,1.968989670276641846e-01,1.537080854177474976e-01,2.221419848501682281e-02,1.776784062385559082e-01,1.397772580385208130e-01,-1.591351032257080078e-01,9.598538279533386230e-02,2.595989108085632324e-01,-7.064969278872013092e-03,3.257437944412231445e-01,4.794008135795593262e-01,2.010633647441864014e-01,1.115369498729705811e-01,1.057300716638565063e-01,3.276682198047637939e-01,1.856518536806106567e-02,3.511370718479156494e-01,1.677427440881729126e-01,2.904771640896797180e-02,3.019984662532806396e-01,5.728652328252792358e-02,1.115736290812492371e-01,3.873319029808044434e-01,9.999999403953552246e-01,3.478167951107025146e-01,2.792848646640777588e-01,1.930584013462066650e-01,3.744292259216308594e-01,1.233990266919136047e-01,2.257145196199417114e-01,2.900306284427642822e-01,-3.795940056443214417e-02,-2.131571620702743530e-01,7.399555295705795288e-02,2.117170393466949463e-02,9.629175812005996704e-02,1.656654775142669678e-01,7.456354796886444092e-02,2.548088319599628448e-02,3.648402392864227295e-01,2.028031051158905029e-01
2.137798517942428589e-01,5.729991197586059570e-02,5.542584508657455444e-02,1.084345653653144836e-01,1.694411598145961761e-02,3.989133611321449280e-02,7.696114480495452881e-02,1.130881607532501221e-01,5.169633030891418457e-02,-8.267879486083984375e-02,1.070928797125816345e-01,3.378909081220626831e-03,-2.483075708150863647e-01,2.357873693108558655e-02,5.596105754375457764e-02,-1.204707920551300049e-01,4.959237575531005859e-02,9.378746151924133301e-02,-1.252179965376853943e-02,-1.873493194580078125e-01,-1.668134331703186035e-01,1.087324470281600952e-01,-8.758469671010971069e-02,4.380048215389251709e-01,5.143030360341072083e-02,-6.140444800257682800e-02,1.470031440258026123e-01,8.162299543619155884e-02,1.058440059423446655e-01,1.137161329388618469e-01,3.478167951107025146e-01,1.000000715255737305e+00,1.465990692377090454e-01,1.247982233762741089e-01,1.969821751117706299e-01,7.184841483831405640e-02,1.415563523769378662e-01,7.223211973905563354e-02,-7.932341843843460083e-02,-5.777680501341819763e-02,5.252690240740776062e-02,-2.633861079812049866e-02,-5.601989850401878357e-02,5.423752591013908386e-03,6.300611793994903564e-02,-7.489150017499923706e-02,5.274511575698852539e-01,3.960684537887573242e-01
4.927830398082733154e-01,4.037483930587768555e-01,1.143800318241119385e-01,4.250264763832092285e-01,2.057993561029434204e-01,-6.119704619050025940e-02,3.844047784805297852e-01,5.931095480918884277e-01,2.844938933849334717e-01,3.840194270014762878e-02,4.779369831085205078e-01,3.183968663215637207e-01,-1.635459959506988525e-01,2.670513391494750977e-01,5.612204670906066895e-01,1.215600743889808655e-01,3.952760994434356689e-01,3.882252573966979980e-01,4.195705354213714600e-01,2.331968545913696289e-01,2.330984771251678467e-01,2.859519422054290771e-01,-1.663045287132263184e-01,-2.191280946135520935e-02,5.519970655441284180e-01,-8.018852025270462036e-02,6.146097183227539062e-01,2.445009648799896240e-01,2.277171909809112549e-01,1.903011649847030640e-01,2.792848646640777588e-01,1.465990692377090454e-01,1.000000238418579102e+00,6.345431804656982422e-01,4.286844432353973389e-01,-8.485993742942810059e-02,5.128489732742309570e-01,5.830620527267456055e-01,2.157613188028335571e-01,-1.267293989658355713e-01,3.673911094665527344e-01,4.738555848598480225e-02,1.589213460683822632e-01,4.048092663288116455e-01,1.064037755131721497e-01,-3.807292878627777100e-02,6.963772326707839966e-02,-6.759083271026611328e-02
