9.999996423721313477e-01,4.079029560089111328e-01,2.761036753654479980e-01,4.791615605354309082e-01,5.773889422416687012e-01,5.566064715385437012e-01,1.909043788909912109e-01,7.057032734155654907e-02,2.647345066070556641e-01,1.657465547323226929e-01,2.099050432443618774e-01,1.383284479379653931e-01,-5.365474149584770203e-02,-2.669062912464141846e-01,-9.339453279972076416e-02,-1.081091985106468201e-01,-1.777663268148899078e-02,-2.428560256958007812e-01,5.303446948528289795e-02,-6.084165722131729126e-02,-8.877173811197280884e-02,-2.345707267522811890e-01,-1.476286202669143677e-01,-1.146550253033638000e-01,3.519150018692016602e-01,1.472467035055160522e-01,2.757323086261749268e-01,5.817343592643737793e-01,5.346634984016418457e-01,-1.104056090116500854e-02,-2.189351320266723633e-01,-9.917189180850982666e-02,4.353464543819427490e-01,-1.277279406785964966e-01,-4.519359767436981201e-02,-1.403977125883102417e-01,-3.358635008335113525e-01,-7.334490865468978882e-02,-1.241359412670135498e-01,-1.221289783716201782e-01,4.661214649677276611e-01,4.112028479576110840e-01,1.481248289346694946e-01,2.458868622779846191e-01,1.745696365833282471e-01,1.273678392171859741e-01,-1.163912862539291382e-01,1.086982246488332748e-02
4.079029560089111328e-01,1.000000238418579102e+00,1.645962297916412354e-01,2.553188800811767578e-01,4.167000055313110352e-01,4.589879512786865234e-01,2.203981429338455200e-01,1.812794953584671021e-01,2.537325322628021240e-01,1.341657340526580811e-01,1.251123398542404175e-01,6.603255867958068848e-02,-3.175454214215278625e-02,-2.597059309482574463e-01,-9.928059577941894531e-02,-1.357555687427520752e-01,8.658692985773086548e-02,-1.562603563070297241e-01,1.509723663330078125e-01,2.731975354254245758e-02,-6.169141829013824463e-02,-2.818764448165893555e-01,-1.110621541738510132e-01,2.644972316920757294e-02,2.815901637077331543e-01,2.196974456310272217e-01,3.319990038871765137e-01,4.550698101520538330e-01,4.851496517658233643e-01,1.719740405678749084e-02,-6.996615231037139893e-02,-1.466618757694959641e-02,4.107624590396881104e-01,-8.477289229631423950e-03,8.308141678571701050e-02,-5.179011076688766479e-02,-2.449516952037811279e-01,3.561711171641945839e-03,-9.349613636732101440e-02,-1.330395340919494629e-01,4.988356530666351318e-01,4.616044759750366211e-01,2.377716600894927979e-01,4.367245435714721680e-01,3.342084288597106934e-01,1.994808763265609741e-01,1.572946645319461823e-02,1.799771375954151154e-02
2.761036753654479980e-01,1.645962297916412354e-01,1.000000000000000000e+00,4.616211950778961182e-01,2.169765681028366089e-01,2.807193398475646973e-01,3.887236118316650391e-01,2.238113582134246826e-01,1.921208798885345459e-01,1.743416041135787964e-01,3.087225556373596191e-01,1.779259592294692993e-01,5.846905335783958435e-02,5.467468500137329102e-02,-8.572313003242015839e-03,-7.899858057498931885e-02,2.744853794574737549e-01,7.699873298406600952e-02,1.586315482854843140e-01,1.245302483439445496e-01,1.386792659759521484e-01,-7.995492219924926758e-02,-1.971317678689956665e-01,-1.131003275513648987e-01,1.483709514141082764e-01,3.435830175876617432e-01,1.337136030197143555e-01,2.624121904373168945e-01,1.828591227531433105e-01,-6.379836797714233398e-02,-1.025036573410034180e-01,-1.641341149806976318e-01,2.253807038068771362e-01,6.624221056699752808e-02,5.755567923188209534e-02,-1.123394891619682312e-01,-8.233529515564441681e-03,5.515087395906448364e-02,-1.208409667015075684e-01,-8.694311976432800293e-02,2.521762549877166748e-01,1.806471049785614014e-01,1.198224797844886780e-01,1.257715523242950439e-01,1.084648370742797852e-01,1.302800476551055908e-01,-1.505969613790512085e-01,-1.522155702114105225e-01
4.791615605354309082e-01,2.553188800811767578e-01,4.616211950778961182e-01,9.999997615814208984e-01,4.360282123088836670e-01,4.490812718868255615e-01,2.800402939319610596e-01,9.847631305456161499e-02,1.892291903495788574e-01,1.673369258642196655e-01,2.466022670269012451e-01,1.304254829883575439e-01,5.564526468515396118e-02,-1.583301872014999390e-01,-6.536836922168731689e-02,-4.879285395145416260e-02,1.043731793761253357e-01,-1.097341179847717285e-01,9.695979952812194824e-02,6.363681703805923462e-02,1.052909195423126221e-01,-7.397200167179107666e-02,-1.731902658939361572e-01,-1.318030506372451782e-01,2.186607271432876587e-01,1.922661662101745605e-01,1.672433018684387207e-01,4.419499039649963379e-01,3.767928779125213623e-01,-5.684817209839820862e-02,-2.317555248737335205e-01,-2.032594829797744751e-01,2.714036405086517334e-01,-9.405233711004257202e-02,-5.662371218204498291e-02,-1.686905026435852051e-01,-2.003252804279327393e-01,-3.991599753499031067e-02,-1.165102943778038025e-01,9.531967341899871826e-03,3.540190160274505615e-01,2.682681977748870850e-01,8.389123529195785522e-02,1.567129790782928467e-01,1.357727348804473877e-01,8.053763955831527710e-02,-1.692601293325424194e-01,-3.289715200662612915e-02
5.773889422416687012e-01,4.167000055313110352e-01,2.169765681028366089e-01,4.360282123088836670e-01,9.999998807907104492e-01,5.778483152389526367e-01,1.693373024463653564e-01,8.809759467840194702e-02,3.173556327819824219e-01,2.331601530313491821e-01,2.269739955663681030e-01,1.473128199577331543e-01,-5.595835391432046890e-03,-2.738045752048492432e-01,-1.538338065147399902e-01,-1.172726675868034363e-01,-9.158493950963020325e-03,-2.556936740875244141e-01,3.171663358807563782e-02,-6.301032006740570068e-02,-8.863963931798934937e-02,-2.822033464908599854e-01,-9.511328488588333130e-02,-9.201037883758544922e-02,3.905550539493560791e-01,8.125264942646026611e-02,2.583308219909667969e-01,5.524901151657104492e-01,4.992260932922363281e-01,-7.410661876201629639e-02,-2.623597681522369385e-01,-9.971157461404800415e-02,4.438268840312957764e-01,-1.003387197852134705e-01,-7.733678910881280899e-03,-1.198301166296005249e-01,-3.329396247863769531e-01,-5.211182683706283569e-02,-7.435151189565658569e-02,-7.477527856826782227e-02,5.068026781082153320e-01,4.357433021068572998e-01,1.775107979774475098e-01,2.342395931482315063e-01,1.728515625000000000e-01,1.869027167558670044e-01,-9.067983180284500122e-02,4.809221997857093811e-02
5.566064715385437012e-01,4.589879512786865234e-01,2.807193398475646973e-01,4.490812718868255615e-01,5.778483152389526367e-01,1.000000000000000000e+00,2.916929721832275391e-01,7.938473671674728394e-02,2.914590239524841309e-01,2.052566558122634888e-01,1.719938814640045166e-01,7.751577347517013550e-02,-3.289262577891349792e-02,-2.818862199783325195e-01,-1.701002418994903564e-01,-1.629311740398406982e-01,9.362291544675827026e-02,-1.634437590837478638e-01,1.887856274843215942e-01,5.192033573985099792e-02,-4.401897639036178589e-02,-2.838954329490661621e-01,-1.559350043535232544e-01,-1.081748008728027344e-01,3.177786469459533691e-01,2.151435017585754395e-01,2.409737110137939453e-01,5.658806562423706055e-01,5.222323536872863770e-01,-1.061026901006698608e-01,-2.327303290367126465e-01,-1.305149495601654053e-01,4.171618223190307617e-01,-9.370216727256774902e-02,-3.775047371163964272e-04,-1.466802507638931274e-01,-3.203343152999877930e-01,-6.297596544027328491e-02,-1.443882435560226440e-01,-1.516612917184829712e-01,5.515030622482299805e-01,4.742776751518249512e-01,2.759791910648345947e-01,2.606730163097381592e-01,2.364215850830078125e-01,2.420360147953033447e-01,-1.132669225335121155e-01,-2.164371125400066376e-02
1.909043788909912109e-01,2.203981429338455200e-01,3.887236118316650391e-01,2.800402939319610596e-01,1.693373024463653564e-01,2.916929721832275391e-01,1.000000238418579102e+00,1.394184827804565430e-01,1.445722877979278564e-01,1.743199229240417480e-01,1.621931791305541992e-01,5.194772407412528992e-02,3.607896342873573303e-02,-6.653487216681241989e-03,-6.159637123346328735e-02,-9.743212908506393433e-02,5.266401171684265137e-01,2.575087845325469971e-01,3.030686080455780029e-01,1.905304938554763794e-01,8.919342607259750366e-02,-7.018321007490158081e-02,-1.379809528589248657e-01,-1.354860365390777588e-01,1.405758261680603027e-01,5.026976466178894043e-01,1.814556568861007690e-01,2.502890825271606445e-01,2.329843491315841675e-01,-2.702453173696994781e-02,1.069239713251590729e-02,-1.120845302939414978e-01,1.696532517671585083e-01,8.347655832767486572e-02,7.456591725349426270e-02,-1.307073980569839478e-01,2.223673043772578239e-03,4.267835989594459534e-02,-1.099951714277267456e-01,-1.847915649414062500e-01,2.641682028770446777e-01,3.260779976844787598e-01,3.444018661975860596e-01,1.825006157159805298e-01,2.601538598537445068e-01,2.770799398422241211e-01,-1.487901061773300171e-01,-1.723491996526718140e-01
7.057032734155654907e-02,1.812794953584671021e-01,2.238113582134246826e-01,9.847631305456161499e-02,8.809759467840194702e-02,7.938473671674728394e-02,1.394184827804565430e-01,1.000000000000000000e+00,2.902132272720336914e-01,2.705277204513549805e-01,4.079397022724151611e-01,3.271955251693725586e-01,1.953171938657760620e-01,2.714199721813201904e-01,2.035509943962097168e-01,1.588744670152664185e-01,2.041257470846176147e-01,8.481283485889434814e-02,4.104742407798767090e-02,3.320082277059555054e-02,6.323439627885818481e-02,-8.221568167209625244e-02,-6.074934825301170349e-02,2.445001387968659401e-03,2.879812419414520264e-01,1.087020114064216614e-01,2.293532788753509521e-01,3.896502032876014709e-02,1.231821603141725063e-03,-1.068406254053115845e-01,-5.657080560922622681e-02,-8.777231723070144653e-02,2.692031264305114746e-01,3.184740245342254639e-01,1.619061529636383057e-01,-2.640064619481563568e-02,2.002591788768768311e-01,2.563591301441192627e-01,8.703196048736572266e-02,-1.530058030039072037e-02,1.198869794607162476e-01,1.262971013784408569e-01,6.595826148986816406e-02,2.241919338703155518e-01,1.368095576763153076e-01,1.682860702276229858e-01,-4.558044299483299255e-02,-6.007653847336769104e-02
2.647345066070556641e-01,2.537325322628021240e-01,1.921208798885345459e-01,1.892291903495788574e-01,3.173556327819824219e-01,2.914590239524841309e-01,1.445722877979278564e-01,2.902132272720336914e-01,1.000000000000000000e+00,4.851692020893096924e-01,3.903718590736389160e-01,3.915386497974395752e-01,2.310514152050018311e-01,1.876423507928848267e-02,1.606580452062189579e-03,2.599509805440902710e-02,1.119345724582672119e-01,-5.314307752996683121e-03,1.043503880500793457e-01,6.402038782835006714e-02,2.080564759671688080e-02,-1.512669920921325684e-01,8.823426812887191772e-02,3.884081915020942688e-02,3.253816068172454834e-01,5.221086740493774414e-02,2.172497659921646118e-01,2.543805241584777832e-01,1.649208217859268188e-01,-6.932275742292404175e-02,-6.414966285228729248e-02,5.995797924697399139e-03,3.916185796260833740e-01,1.434834599494934082e-01,1.922403573989868164e-01,6.504018604755401611e-02,-1.901734620332717896e-02,1.321683228015899658e-01,1.376378089189529419e-01,-3.148895874619483948e-02,2.555717527866363525e-01,2.366554290056228638e-01,2.078520506620407104e-01,2.984167337417602539e-01,9.353656321763992310e-02,2.921903133392333984e-01,-1.109549310058355331e-02,4.989631846547126770e-02
1.657465547323226929e-01,1.341657340526580811e-01,1.743416041135787964e-01,1.673369258642196655e-01,2.331601530313491821e-01,2.052566558122634888e-01,1.743199229240417480e-01,2.705277204513549805e-01,4.851692020893096924e-01,1.000000000000000000e+00,3.799607753753662109e-01,3.979047834873199463e-01,3.098590970039367676e-01,1.268598437309265137e-01,3.709648549556732178e-02,4.819088056683540344e-02,1.811886876821517944e-01,6.769186258316040039e-02,5.942767113447189331e-02,6.996808946132659912e-02,7.166723161935806274e-02,-8.580069243907928467e-02,9.894888848066329956e-02,1.920893974602222443e-02,2.463906109333038330e-01,5.786456912755966187e-02,1.582466661930084229e-01,1.547630727291107178e-01,7.564469426870346069e-02,-7.657874375581741333e-02,-6.291765719652175903e-02,-3.223026543855667114e-02,2.313162535429000854e-01,6.101282685995101929e-02,9.093320369720458984e-02,-1.324059627950191498e-02,8.038582280278205872e-03,7.000013440847396851e-02,1.259387135505676270e-01,-4.293602332472801208e-02,1.740483045578002930e-01,1.919232457876205444e-01,1.947738975286483765e-01,2.400873750448226929e-01,1.803420186042785645e-01,3.698055148124694824e-01,-5.193651840090751648e-02,-2.712320722639560699e-02
2.099050432443618774e-01,1.251123398542404175e-01,3.087225556373596191e-01,2.466022670269012451e-01,2.269739955663681030e-01,1.719938814640045166e-01,1.621931791305541992e-01,4.079397022724151611e-01,3.903718590736389160e-01,3.799607753753662109e-01,1.000000000000000000e+00,4.922578036785125732e-01,2.475026696920394897e-01,1.897911280393600464e-01,1.790860444307327271e-01,1.379318833351135254e-01,1.500707268714904785e-01,4.972708597779273987e-02,1.615176163613796234e-02,-2.418409334495663643e-03,1.216439232230186462e-01,-7.123252004384994507e-02,-3.658277913928031921e-02,-1.040718425065279007e-02,3.326581120491027832e-01,8.147970587015151978e-02,2.353150397539138794e-01,1.538106650114059448e-01,6.965745240449905396e-02,-5.039666593074798584e-02,-7.283680886030197144e-02,-1.784191653132438660e-02,3.049670755863189697e-01,2.191208750009536743e-01,1.814104765653610229e-01,-8.765369653701782227e-03,6.333319097757339478e-02,2.635101079940795898e-01,1.411243379116058350e-01,2.624390646815299988e-02,1.660803407430648804e-01,1.543540805578231812e-01,6.706137955188751221e-02,1.776671856641769409e-01,5.636019632220268250e-02,1.570514589548110962e-01,-4.085970297455787659e-02,-1.788911968469619751e-02
1.383284479379653931e-01,6.603255867958068848e-02,1.779259592294692993e-01,1.304254829883575439e-01,1.473128199577331543e-01,7.751577347517013550e-02,5.194772407412528992e-02,3.271955251693725586e-01,3.915386497974395752e-01,3.979047834873199463e-01,4.922578036785125732e-01,9.999996423721313477e-01,3.565701842308044434e-01,2.238252311944961548e-01,2.896794378757476807e-01,2.762653231620788574e-01,4.593320190906524658e-02,2.314062230288982391e-02,-3.759291768074035645e-02,-4.244003910571336746e-03,1.790724396705627441e-01,-1.648290269076824188e-02,4.828523378819227219e-03,-1.827122643589973450e-02,2.873032689094543457e-01,1.989559829235076904e-02,2.185184806585311890e-01,7.259885221719741821e-02,-9.399676695466041565e-03,3.820109879598021507e-03,-7.815384119749069214e-02,-3.161392360925674438e-02,2.882341444492340088e-01,1.577030569314956665e-01,9.150431305170059204e-02,-4.196666646748781204e-03,9.073119610548019409e-02,1.912913769483566284e-01,1.205703094601631165e-01,-2.823374420404434204e-02,8.422747999429702759e-02,8.597799390554428101e-02,4.721485078334808350e-02,1.832143068313598633e-01,2.037065662443637848e-02,1.509208232164382935e-01,-6.801363825798034668e-02,-5.452259257435798645e-02
-5.365474149584770203e-02,-3.175454214215278625e-02,5.846905335783958435e-02,5.564526468515396118e-02,-5.595835391432046890e-03,-3.289262577891349792e-02,3.607896342873573303e-02,1.953171938657760620e-01,2.310514152050018311e-01,3.098590970039367676e-01,2.475026696920394897e-01,3.565701842308044434e-01,1.000000000000000000e+00,1.833607703447341919e-01,2.509111464023590088e-01,3.176791667938232422e-01,1.364722102880477905e-01,1.620467156171798706e-01,8.565967530012130737e-02,2.598624527454376221e-01,3.524614572525024414e-01,1.748569905757904053e-01,1.522800028324127197e-01,-3.543677181005477905e-02,8.442816883325576782e-02,-2.644645981490612030e-02,4.888326302170753479e-02,-1.188706159591674805e-01,-1.708289235830307007e-01,-1.725558936595916748e-02,-2.217490598559379578e-02,-1.487984806299209595e-01,6.956708431243896484e-02,1.873957216739654541e-01,-1.936509273946285248e-02,-8.277847617864608765e-02,1.705661416053771973e-01,1.956094056367874146e-01,8.367248624563217163e-02,6.241334602236747742e-02,-2.689183317124843597e-02,-2.665893547236919403e-02,3.757235361263155937e-03,1.083280220627784729e-01,-1.197679247707128525e-02,8.899100124835968018e-02,-1.217016726732254028e-01,-6.519304215908050537e-02
-2.669062912464141846e-01,-2.597059309482574463e-01,5.467468500137329102e-02,-1.583301872014999390e-01,-2.738045752048492432e-01,-2.818862199783325195e-01,-6.653487216681241989e-03,2.714199721813201904e-01,1.876423507928848267e-02,1.268598437309265137e-01,1.897911280393600464e-01,2.238252311944961548e-01,1.833607703447341919e-01,1.000000000000000000e+00,3.362475037574768066e-01,2.081789076328277588e-01,1.447500884532928467e-01,2.490739673376083374e-01,-1.340846437960863113e-02,9.385520219802856445e-02,1.460116803646087646e-01,1.876066923141479492e-01,5.325573962181806564e-03,-2.922926843166351318e-02,-2.430448308587074280e-02,-1.862775534391403198e-02,-4.474552720785140991e-02,-3.146497011184692383e-01,-3.270375728607177734e-01,-5.510920658707618713e-02,1.272616833448410034e-01,1.609884761273860931e-02,-8.960171043872833252e-02,2.427037358283996582e-01,4.346061497926712036e-02,9.894667193293571472e-03,4.574706852436065674e-01,1.895295530557632446e-01,7.837074249982833862e-02,-3.320595622062683105e-02,-2.524494230747222900e-01,-2.309515029191970825e-01,-7.681053131818771362e-02,-9.914917498826980591e-02,-1.393474489450454712e-01,-3.653665306046605110e-03,-4.160773009061813354e-02,-1.043938547372817993e-01
-9.339453279972076416e-02,-9.928059577941894531e-02,-8.572313003242015839e-03,-6.536836922168731689e-02,-1.538338065147399902e-01,-1.701002418994903564e-01,-6.159637123346328735e-02,2.035509943962097168e-01,1.606580452062189579e-03,3.709648549556732178e-02,1.790860444307327271e-01,2.896794378757476807e-01,2.509111464023590088e-01,3.362475037574768066e-01,1.000000000000000000e+00,4.324678182601928711e-01,1.986245065927505493e-02,1.088390499353408813e-01,-1.037171855568885803e-02,4.700760170817375183e-02,1.176679655909538269e-01,1.180465668439865112e-01,-1.371859200298786163e-02,1.035545021295547485e-03,5.609585717320442200e-02,-1.162820775061845779e-02,1.336127817630767822e-01,-1.797552704811096191e-01,-1.927616000175476074e-01,-6.188266910612583160e-03,6.938954349607229233e-03,-4.105832427740097046e-02,6.799565255641937256e-02,2.680804133415222168e-01,-5.120929330587387085e-02,-1.886942237615585327e-02,2.911040186882019043e-01,2.939810156822204590e-01,5.524048954248428345e-02,-2.755776979029178619e-02,-1.666288822889328003e-01,-1.400233507156372070e-01,-1.026238799095153809e-01,4.473467171192169189e-02,-1.153476312756538391e-01,-9.265506267547607422e-02,-6.678406149148941040e-02,-8.923817425966262817e-02
-1.081091985106468201e-01,-1.357555687427520752e-01,-7.899858057498931885e-02,-4.879285395145416260e-02,-1.172726675868034363e-01,-1.629311740398406982e-01,-9.743212908506393433e-02,1.588744670152664185e-01,2.599509805440902710e-02,4.819088056683540344e-02,1.379318833351135254e-01,2.762653231620788574e-01,3.176791667938232422e-01,2.081789076328277588e-01,4.324678182601928711e-01,9.999998807907104492e-01,-3.466047719120979309e-02,7.875253260135650635e-02,-3.267071768641471863e-02,2.146141603589057922e-02,7.352288067340850830e-02,1.931847035884857178e-01,1.538995951414108276e-01,-6.353026255965232849e-03,3.842615336179733276e-02,-9.864243865013122559e-02,8.395285159349441528e-02,-1.792549490928649902e-01,-2.067631930112838745e-01,1.110800355672836304e-02,-6.645008921623229980e-02,-7.232621312141418457e-02,-1.511455397121608257e-03,2.089846879243850708e-01,2.164306584745645523e-03,-2.447243081405758858e-03,2.642993330955505371e-01,2.796786129474639893e-01,2.300940901041030884e-01,1.624086499214172363e-01,-1.541958302259445190e-01,-1.261672675609588623e-01,-1.172405183315277100e-01,-1.213369984179735184e-02,-8.639868348836898804e-02,-6.622274965047836304e-02,-7.235926389694213867e-02,-4.293235391378402710e-02
-1.777663268148899078e-02,8.658692985773086548e-02,2.744853794574737549e-01,1.043731793761253357e-01,-9.158493950963020325e-03,9.362291544675827026e-02,5.266401171684265137e-01,2.041257470846176147e-01,1.119345724582672119e-01,1.811886876821517944e-01,1.500707268714904785e-01,4.593320190906524658e-02,1.364722102880477905e-01,1.447500884532928467e-01,1.986245065927505493e-02,-3.466047719120979309e-02,9.999998807907104492e-01,4.128425121307373047e-01,3.074641227722167969e-01,2.290886044502258301e-01,1.383564472198486328e-01,4.014285653829574585e-02,-5.531570687890052795e-02,-7.872358709573745728e-02,8.574163168668746948e-02,3.889506459236145020e-01,1.260013878345489502e-01,2.784183993935585022e-02,2.923200652003288269e-02,-2.387825772166252136e-02,1.071367412805557251e-01,-7.020705193281173706e-02,5.652756243944168091e-02,1.898641735315322876e-01,9.239649027585983276e-02,-8.620218187570571899e-02,1.605907529592514038e-01,1.170965656638145447e-01,-3.806520998477935791e-02,-1.394385844469070435e-01,9.012532234191894531e-02,1.961687654256820679e-01,2.996847629547119141e-01,1.130574494600296021e-01,2.067767083644866943e-01,2.598840296268463135e-01,-8.899604529142379761e-02,-1.505437791347503662e-01
-2.428560256958007812e-01,-1.562603563070297241e-01,7.699873298406600952e-02,-1.097341179847717285e-01,-2.556936740875244141e-01,-1.634437590837478638e-01,2.575087845325469971e-01,8.481283485889434814e-02,-5.314307752996683121e-03,6.769186258316040039e-02,4.972708597779273987e-02,2.314062230288982391e-02,1.620467156171798706e-01,2.490739673376083374e-01,1.088390499353408813e-01,7.875253260135650635e-02,4.128425121307373047e-01,9.999997615814208984e-01,3.024169206619262695e-01,2.585084438323974609e-01,1.761692464351654053e-01,3.053869307041168213e-01,6.644323468208312988e-02,6.188561208546161652e-03,-1.074875891208648682e-01,2.054303288459777832e-01,-6.399969011545181274e-02,-2.068070620298385620e-01,-1.987062245607376099e-01,4.921523854136466980e-02,2.290527820587158203e-01,1.478588022291660309e-02,-1.682775616645812988e-01,1.715954989194869995e-01,6.888296455144882202e-02,3.744436427950859070e-02,2.461472451686859131e-01,1.487284004688262939e-01,2.615343220531940460e-02,-6.711785495281219482e-02,-1.709960997104644775e-01,-1.149884536862373352e-01,1.426578164100646973e-01,-2.306886203587055206e-02,5.338392406702041626e-02,1.170178800821304321e-01,-8.346423506736755371e-03,-1.093784049153327942e-01
5.303446948528289795e-02,1.509723663330078125e-01,1.586315482854843140e-01,9.695979952812194824e-02,3.171663358807563782e-02,1.887856274843215942e-01,3.030686080455780029e-01,4.104742407798767090e-02,1.043503880500793457e-01,5.942767113447189331e-02,1.615176163613796234e-02,-3.759291768074035645e-02,8.565967530012130737e-02,-1.340846437960863113e-02,-1.037171855568885803e-02,-3.267071768641471863e-02,3.074641227722167969e-01,3.024169206619262695e-01,1.000000238418579102e+00,4.464102685451507568e-01,2.008643746376037598e-01,6.956597417593002319e-02,-1.368606928735971451e-02,-1.024038121104240417e-01,-4.189921543002128601e-03,2.903143167495727539e-01,1.850651763379573822e-02,1.101517155766487122e-01,1.306184530258178711e-01,-8.852714300155639648e-02,3.857796266674995422e-02,-1.496251225471496582e-01,2.590874023735523224e-02,5.494790151715278625e-02,-6.252944469451904297e-03,-1.034438535571098328e-01,6.436428427696228027e-02,8.144563436508178711e-02,-6.504870206117630005e-02,-1.542753279209136963e-01,1.736931502819061279e-01,1.821848005056381226e-01,3.344276547431945801e-01,1.126171424984931946e-01,1.443377435207366943e-01,1.911281347274780273e-01,-1.340058892965316772e-01,-1.927244216203689575e-01
-6.084165722131729126e-02,2.731975354254245758e-02,1.245302483439445496e-01,6.363681703805923462e-02,-6.301032006740570068e-02,5.192033573985099792e-02,1.905304938554763794e-01,3.320082277059555054e-02,6.402038782835006714e-02,6.996808946132659912e-02,-2.418409334495663643e-03,-4.244003910571336746e-03,2.598624527454376221e-01,9.385520219802856445e-02,4.700760170817375183e-02,2.146141603589057922e-02,2.290886044502258301e-01,2.585084438323974609e-01,4.464102685451507568e-01,1.000000000000000000e+00,4.422955214977264404e-01,1.890380084514617920e-01,5.620324239134788513e-02,-8.754840493202209473e-02,-7.321961224079132080e-02,1.955572664737701416e-01,-8.064938336610794067e-02,-3.198319673538208008e-02,-1.946752145886421204e-02,-6.568856537342071533e-02,1.314352750778198242e-01,-1.282040774822235107e-01,-3.637913987040519714e-02,8.592808991670608521e-02,-1.127515882253646851e-01,-1.263499557971954346e-01,1.430260688066482544e-01,3.405268862843513489e-02,-9.912064671516418457e-02,-7.074755430221557617e-02,8.938620239496231079e-02,3.099574148654937744e-02,2.115763723850250244e-01,1.756914332509040833e-02,7.326893508434295654e-02,1.533477455377578735e-01,-1.101677045226097107e-01,-1.475333273410797119e-01
-8.877173811197280884e-02,-6.169141829013824463e-02,1.386792659759521484e-01,1.052909195423126221e-01,-8.863963931798934937e-02,-4.401897639036178589e-02,8.919342607259750366e-02,6.323439627885818481e-02,2.080564759671688080e-02,7.166723161935806274e-02,1.216439232230186462e-01,1.790724396705627441e-01,3.524614572525024414e-01,1.460116803646087646e-01,1.176679655909538269e-01,7.352288067340850830e-02,1.383564472198486328e-01,1.761692464351654053e-01,2.008643746376037598e-01,4.422955214977264404e-01,9.999998807907104492e-01,2.311028838157653809e-01,-6.326346844434738159e-02,-4.711953923106193542e-02,-7.587007433176040649e-02,1.013987958431243896e-01,-1.059081852436065674e-01,-8.450136333703994751e-02,-9.243794530630111694e-02,8.503365516662597656e-02,1.481800079345703125e-01,-8.976236730813980103e-02,-5.557082965970039368e-02,6.930798292160034180e-02,-1.351399570703506470e-01,-1.051301881670951843e-01,1.441040039062500000e-01,5.114677920937538147e-02,-1.193622574210166931e-01,-3.293784335255622864e-02,2.214833162724971771e-02,-2.532946504652500153e-02,8.976875245571136475e-02,-2.291271835565567017e-02,7.774353958666324615e-03,6.662233918905258179e-02,-6.869818270206451416e-02,-1.210294887423515320e-01
-2.345707267522811890e-01,-2.818764448165893555e-01,-7.995492219924926758e-02,-7.397200167179107666e-02,-2.822033464908599854e-01,-2.838954329490661621e-01,-7.018321007490158081e-02,-8.221568167209625244e-02,-1.512669920921325684e-01,-8.580069243907928467e-02,-7.123252004384994507e-02,-1.648290269076824188e-02,1.748569905757904053e-01,1.876066923141479492e-01,1.180465668439865112e-01,1.931847035884857178e-01,4.014285653829574585e-02,3.053869307041168213e-01,6.956597417593002319e-02,1.890380084514617920e-01,2.311028838157653809e-01,1.000000238418579102e+00,1.671499609947204590e-01,-1.874885335564613342e-02,-2.304516881704330444e-01,-1.133320108056068420e-01,-1.786955893039703369e-01,-2.579930126667022705e-01,-2.446507811546325684e-01,1.648016870021820068e-01,2.711329460144042969e-01,5.090883746743202209e-02,-3.125491738319396973e-01,6.083978340029716492e-03,-9.337500482797622681e-02,1.482035778462886810e-02,1.866532117128372192e-01,-1.971699669957160950e-02,5.961243808269500732e-02,1.244594156742095947e-01,-3.223656713962554932e-01,-2.822522521018981934e-01,-7.593281567096710205e-02,-1.410372108221054077e-01,-1.130705177783966064e-01,-1.167854368686676025e-01,-5.753655452281236649e-03,3.344675898551940918e-02
-1.476286202669143677e-01,-1.110621541738510132e-01,-1.971317678689956665e-01,-1.731902658939361572e-01,-9.511328488588333130e-02,-1.559350043535232544e-01,-1.379809528589248657e-01,-6.074934825301170349e-02,8.823426812887191772e-02,9.894888848066329956e-02,-3.658277913928031921e-02,4.828523378819227219e-03,1.522800028324127197e-01,5.325573962181806564e-03,-1.371859200298786163e-02,1.538995951414108276e-01,-5.531570687890052795e-02,6.644323468208312988e-02,-1.368606928735971451e-02,5.620324239134788513e-02,-6.326346844434738159e-02,1.671499609947204590e-01,1.000000000000000000e+00,1.043957695364952087e-01,-3.852605819702148438e-02,-2.118965834379196167e-01,-4.736692458391189575e-02,-1.672635227441787720e-01,-1.671124100685119629e-01,3.862530738115310669e-02,6.208521872758865356e-02,9.323338419198989868e-02,-1.441085338592529297e-01,2.639789599925279617e-03,4.617558419704437256e-02,1.626325547695159912e-01,7.932137697935104370e-02,6.109412014484405518e-02,3.275462090969085693e-01,3.126405775547027588e-01,-1.967139095067977905e-01,-1.730231344699859619e-01,-7.070018351078033447e-02,1.427118782885372639e-03,-7.512690871953964233e-02,-1.522449776530265808e-02,7.800561189651489258e-02,2.359424084424972534e-01
-1.146550253033638000e-01,2.644972316920757294e-02,-1.131003275513648987e-01,-1.318030506372451782e-01,-9.201037883758544922e-02,-1.081748008728027344e-01,-1.354860365390777588e-01,2.445001387968659401e-03,3.884081915020942688e-02,1.920893974602222443e-02,-1.040718425065279007e-02,-1.827122643589973450e-02,-3.543677181005477905e-02,-2.922926843166351318e-02,1.035545021295547485e-03,-6.353026255965232849e-03,-7.872358709573745728e-02,6.188561208546161652e-03,-1.024038121104240417e-01,-8.754840493202209473e-02,-4.711953923106193542e-02,-1.874885335564613342e-02,1.043957695364952087e-01,9.999997615814208984e-01,-5.940520018339157104e-02,-3.353841975331306458e-02,-3.216602653264999390e-02,-9.316534548997879028e-02,-6.505410373210906982e-02,1.516694277524948120e-01,1.820186227560043335e-01,4.099047183990478516e-01,-4.630574956536293030e-02,2.445506490767002106e-02,1.149648949503898621e-01,5.316612124443054199e-01,4.462260752916336060e-02,6.327170878648757935e-02,2.010466754436492920e-01,1.970134228467941284e-01,-9.274496883153915405e-02,-3.516276553273200989e-02,7.867869921028614044e-03,7.918651401996612549e-02,8.181801438331604004e-02,1.640843227505683899e-02,5.733724236488342285e-01,4.025891721248626709e-01
3.519150018692016602e-01,2.815901637077331543e-01,1.483709514141082764e-01,2.186607271432876587e-01,3.905550539493560791e-01,3.177786469459533691e-01,1.405758261680603027e-01,2.879812419414520264e-01,3.253816068172454834e-01,2.463906109333038330e-01,3.326581120491027832e-01,2.873032689094543457e-01,8.442816883325576782e-02,-2.430448308587074280e-02,5.609585717320442200e-02,3.842615336179733276e-02,8.574163168668746948e-02,-1.074875891208648682e-01,-4.189921543002128601e-03,-7.321961224079132080e-02,-7.587007433176040649e-02,-2.304516881704330444e-01,-3.852605819702148438e-02,-5.940520018339157104e-02,1.000000119209289551e+00,6.963574141263961792e-02,3.944210708141326904e-01,3.420496582984924316e-01,2.742955386638641357e-01,-5.745978280901908875e-02,-1.478920280933380127e-01,-6.900831311941146851e-02,4.684167802333831787e-01,1.686175465583801270e-01,8.774413913488388062e-02,-5.554655939340591431e-02,-5.668406933546066284e-02,1.640473455190658569e-01,3.075179457664489746e-02,-5.399730056524276733e-02,3.117984533309936523e-01,2.765402793884277344e-01,9.486740827560424805e-02,1.658613532781600952e-01,7.630856335163116455e-02,1.509802341461181641e-01,-6.880856305360794067e-02,2.909200452268123627e-02
1.472467035055160522e-01,2.196974456310272217e-01,3.435830175876617432e-01,1.922661662101745605e-01,8.125264942646026611e-02,2.151435017585754395e-01,5.026976466178894043e-01,1.087020114064216614e-01,5.221086740493774414e-02,5.786456912755966187e-02,8.147970587015151978e-02,1.989559829235076904e-02,-2.644645981490612030e-02,-1.862775534391403198e-02,-1.162820775061845779e-02,-9.864243865013122559e-02,3.889506459236145020e-01,2.054303288459777832e-01,2.903143167495727539e-01,1.955572664737701416e-01,1.013987958431243896e-01,-1.133320108056068420e-01,-2.118965834379196167e-01,-3.353841975331306458e-02,6.963574141263961792e-02,9.999998807907104492e-01,1.372849792242050171e-01,2.235164940357208252e-01,2.371407747268676758e-01,7.553313672542572021e-02,8.443365246057510376e-02,-6.748146563768386841e-02,1.533223688602447510e-01,5.147486180067062378e-02,4.305967688560485840e-02,-4.556759446859359741e-02,2.958541736006736755e-04,6.891923397779464722e-02,-1.411203891038894653e-01,-2.139757424592971802e-01,2.522731125354766846e-01,3.054263889789581299e-01,3.293178379535675049e-01,1.940900832414627075e-01,2.586888074874877930e-01,1.996261328458786011e-01,-6.671083718538284302e-02,-1.879860460758209229e-01
2.757323086261749268e-01,3.319990038871765137e-01,1.337136030197143555e-01,1.672433018684387207e-01,2.583308219909667969e-01,2.409737110137939453e-01,1.814556568861007690e-01,2.293532788753509521e-01,2.172497659921646118e-01,1.582466661930084229e-01,2.353150397539138794e-01,2.185184806585311890e-01,4.888326302170753479e-02,-4.474552720785140991e-02,1.336127817630767822e-01,8.395285159349441528e-02,1.260013878345489502e-01,-6.399969011545181274e-02,1.850651763379573822e-02,-8.064938336610794067e-02,-1.059081852436065674e-01,-1.786955893039703369e-01,-4.736692458391189575e-02,-3.216602653264999390e-02,3.944210708141326904e-01,1.372849792242050171e-01,1.000000000000000000e+00,2.740056812763214111e-01,2.780069410800933838e-01,7.504571229219436646e-02,-4.946929961442947388e-02,-2.271777717396616936e-03,3.822329938411712646e-01,1.416041404008865356e-01,1.172866895794868469e-01,-2.579172141849994659e-02,-4.015450552105903625e-02,1.586840897798538208e-01,4.380218312144279480e-02,-1.099993884563446045e-01,2.369237393140792847e-01,2.771272659301757812e-01,1.154056787490844727e-01,3.350878655910491943e-01,1.497496664524078369e-01,1.061491817235946655e-01,-3.319770470261573792e-02,-3.013697639107704163e-02
5.817343592643737793e-01,4.550698101520538330e-01,2.624121904373168945e-01,4.419499039649963379e-01,5.524901151657104492e-01,5.658806562423706055e-01,2.502890825271606445e-01,3.896502032876014709e-02,2.543805241584777832e-01,1.547630727291107178e-01,1.538106650114059448e-01,7.259885221719741821e-02,-1.188706159591674805e-01,-3.146497011184692383e-01,-1.797552704811096191e-01,-1.792549490928649902e-01,2.784183993935585022e-02,-2.068070620298385620e-01,1.101517155766487122e-01,-3.198319673538208008e-02,-8.450136333703994751e-02,-2.579930126667022705e-01,-1.672635227441787720e-01,-9.316534548997879028e-02,3.420496582984924316e-01,2.235164940357208252e-01,2.740056812763214111e-01,1.000000000000000000e+00,5.905868411064147949e-01,3.646304830908775330e-02,-1.407242864370346069e-01,-7.323729246854782104e-02,4.178951978683471680e-01,-1.301773041486740112e-01,5.301936995238065720e-03,-1.164068281650543213e-01,-3.453823626041412354e-01,-8.198798447847366333e-02,-1.217775344848632812e-01,-1.419729143381118774e-01,5.179868340492248535e-01,4.560835063457489014e-01,2.245757281780242920e-01,2.504163086414337158e-01,2.328064441680908203e-01,1.820559203624725342e-01,-9.368839859962463379e-02,-1.087342854589223862e-02
5.346634984016418457e-01,4.851496517658233643e-01,1.828591227531433105e-01,3.767928779125213623e-01,4.992260932922363281e-01,5.222323536872863770e-01,2.329843491315841675e-01,1.231821603141725063e-03,1.649208217859268188e-01,7.564469426870346069e-02,6.965745240449905396e-02,-9.399676695466041565e-03,-1.708289235830307007e-01,-3.270375728607177734e-01,-1.927616000175476074e-01,-2.067631930112838745e-01,2.923200652003288269e-02,-1.987062245607376099e-01,1.306184530258178711e-01,-1.946752145886421204e-02,-9.243794530630111694e-02,-2.446507811546325684e-01,-1.671124100685119629e-01,-6.505410373210906982e-02,2.742955386638641357e-01,2.371407747268676758e-01,2.780069410800933838e-01,5.905868411064147949e-01,9.999997615814208984e-01,9.846539050340652466e-02,-8.206527680158615112e-02,-4.004812613129615784e-02,3.611886799335479736e-01,-1.712320744991302490e-01,-1.259253453463315964e-02,-1.055781319737434387e-01,-3.444981873035430908e-01,-1.129724383354187012e-01,-1.262230277061462402e-01,-1.539639383554458618e-01,4.984239041805267334e-01,4.615643918514251709e-01,2.298268377780914307e-01,2.776168882846832275e-01,2.811528444290161133e-01,1.492802053689956665e-01,-5.006192624568939209e-02,-2.705447608605027199e-03
-1.104056090116500854e-02,1.719740405678749084e-02,-6.379836797714233398e-02,-5.684817209839820862e-02,-7.410661876201629639e-02,-1.061026901006698608e-01,-2.702453173696994781e-02,-1.068406254053115845e-01,-6.932275742292404175e-02,-7.657874375581741333e-02,-5.039666593074798584e-02,3.820109879598021507e-03,-1.725558936595916748e-02,-5.510920658707618713e-02,-6.188266910612583160e-03,1.110800355672836304e-02,-2.387825772166252136e-02,4.921523854136466980e-02,-8.852714300155639648e-02,-6.568856537342071533e-02,8.503365516662597656e-02,1.648016870021820068e-01,3.862530738115310669e-02,1.516694277524948120e-01,-5.745978280901908875e-02,7.553313672542572021e-02,7.504571229219436646e-02,3.646304830908775330e-02,9.846539050340652466e-02,9.999995231628417969e-01,3.832840621471405029e-01,2.318427562713623047e-01,-9.227185510098934174e-03,-9.847193025052547455e-03,1.695866696536540985e-02,1.811985522508621216e-01,-8.786492049694061279e-03,2.575760241597890854e-03,4.545623064041137695e-02,3.383638337254524231e-02,-5.825141072273254395e-02,2.232498489320278168e-02,-7.387463003396987915e-03,5.275686457753181458e-02,3.391654789447784424e-02,-5.530973896384239197e-02,1.686518490314483643e-01,1.107579767704010010e-01
-2.189351320266723633e-01,-6.996615231037139893e-02,-1.025036573410034180e-01,-2.317555248737335205e-01,-2.623597681522369385e-01,-2.327303290367126465e-01,1.069239713251590729e-02,-5.657080560922622681e-02,-6.414966285228729248e-02,-6.291765719652175903e-02,-7.283680886030197144e-02,-7.815384119749069214e-02,-2.217490598559379578e-02,1.272616833448410034e-01,6.938954349607229233e-03,-6.645008921623229980e-02,1.071367412805557251e-01,2.290527820587158203e-01,3.857796266674995422e-02,1.314352750778198242e-01,1.481800079345703125e-01,2.711329460144042969e-01,6.208521872758865356e-02,1.820186227560043335e-01,-1.478920280933380127e-01,8.443365246057510376e-02,-4.946929961442947388e-02,-1.407242864370346069e-01,-8.206527680158615112e-02,3.832840621471405029e-01,9.999998807907104492e-01,3.530721664428710938e-01,-1.307093650102615356e-01,8.565898984670639038e-02,1.058770865201950073e-01,2.148053050041198730e-01,1.348575204610824585e-01,2.134787663817405701e-02,5.682974681258201599e-02,-3.738896176218986511e-02,-1.511848717927932739e-01,-8.989268541336059570e-02,7.897008955478668213e-02,-1.643771491944789886e-02,-1.232283283025026321e-02,-2.140019088983535767e-03,2.369200140237808228e-01,4.937506094574928284e-02
-9.917189180850982666e-02,-1.466618757694959641e-02,-1.641341149806976318e-01,-2.032594829797744751e-01,-9.971157461404800415e-02,-1.305149495601654053e-01,-1.120845302939414978e-01,-8.777231723070144653e-02,5.995797924697399139e-03,-3.223026543855667114e-02,-1.784191653132438660e-02,-3.161392360925674438e-02,-1.487984806299209595e-01,1.609884761273860931e-02,-4.105832427740097046e-02,-7.232621312141418457e-02,-7.020705193281173706e-02,1.478588022291660309e-02,-1.496251225471496582e-01,-1.282040774822235107e-01,-8.976236730813980103e-02,5.090883746743202209e-02,9.323338419198989868e-02,4.099047183990478516e-01,-6.900831311941146851e-02,-6.748146563768386841e-02,-2.271777717396616936e-03,-7.323729246854782104e-02,-4.004812613129615784e-02,2.318427562713623047e-01,3.530721664428710938e-01,9.999997615814208984e-01,-4.857449606060981750e-02,1.910752244293689728e-02,1.370206922292709351e-01,4.080579876899719238e-01,4.104245826601982117e-02,1.382783171720802784e-03,1.613633483648300171e-01,3.964976966381072998e-02,-1.151886731386184692e-01,-4.366313666105270386e-02,1.943966001272201538e-02,6.785891484469175339e-03,6.745662540197372437e-03,-1.529094413854181767e-03,4.954852461814880371e-01,3.365595936775207520e-01
