1.000000238418579102e+00,6.146803498268127441e-01,2.990843951702117920e-01,2.736015915870666504e-01,3.119747042655944824e-01,2.529801726341247559e-01,2.104229778051376343e-01,7.694695144891738892e-02,1.986643671989440918e-01,1.350284218788146973e-01,4.555076733231544495e-02,3.934345841407775879e-01,2.837310433387756348e-01,3.533394038677215576e-01,2.796185016632080078e-01,1.976020336151123047e-01,2.142812907695770264e-01,9.432770311832427979e-02,2.715695835649967194e-02,-4.655130580067634583e-02,7.734823971986770630e-02
6.146803498268127441e-01,1.000000357627868652e+00,2.379339337348937988e-01,2.040241062641143799e-01,2.681044936180114746e-01,2.052908241748809814e-01,1.667103320360183716e-01,9.564016759395599365e-02,5.034096166491508484e-02,1.411248892545700073e-01,-4.354707524180412292e-02,2.735464870929718018e-01,2.491798847913742065e-01,2.646339237689971924e-01,1.271032094955444336e-01,2.034648656845092773e-01,1.903437674045562744e-01,1.039500162005424500e-01,-2.533657662570476532e-02,1.254229340702295303e-02,5.091906711459159851e-02
2.990843951702117920e-01,2.379339337348937988e-01,1.000000000000000000e+00,2.373964935541152954e-01,3.966437876224517822e-01,1.953631341457366943e-01,7.735352963209152222e-02,1.683396548032760620e-01,3.388912975788116455e-02,1.507579833269119263e-01,2.485980093479156494e-02,3.002481460571289062e-01,1.994080394506454468e-01,6.043610572814941406e-01,2.333328723907470703e-01,2.821070551872253418e-01,1.108936071395874023e-01,3.039778210222721100e-03,8.466488122940063477e-02,6.683506071567535400e-02,3.832916915416717529e-02
2.736015915870666504e-01,2.040241062641143799e-01,2.373964935541152954e-01,1.000000357627868652e+00,2.403872013092041016e-01,2.781507074832916260e-01,2.036201804876327515e-01,1.759861111640930176e-01,1.639299392700195312e-01,2.795414626598358154e-01,2.142921788617968559e-03,2.379820197820663452e-01,2.234634459018707275e-01,2.402864098548889160e-01,5.748534798622131348e-01,4.746808856725692749e-02,1.514787375926971436e-01,2.335515990853309631e-02,8.310134708881378174e-02,1.753346920013427734e-01,-6.871774047613143921e-02
3.119747042655944824e-01,2.681044936180114746e-01,3.966437876224517822e-01,2.403872013092041016e-01,9.999998211860656738e-01,2.485547065734863281e-01,9.058562666177749634e-02,8.063606917858123779e-02,-4.844620078802108765e-02,8.328174054622650146e-02,2.044264040887355804e-02,2.166118621826171875e-01,1.484631299972534180e-01,2.446891963481903076e-01,2.274983972311019897e-01,3.135496973991394043e-01,2.231613695621490479e-01,-1.167167210951447487e-03,-1.518572680652141571e-02,-1.480420120060443878e-02,1.587239205837249756e-01
2.529801726341247559e-01,2.052908241748809814e-01,1.953631341457366943e-01,2.781507074832916260e-01,2.485547065734863281e-01,1.000000357627868652e+00,3.214338719844818115e-01,1.136047318577766418e-01,9.371482580900192261e-02,1.281443238258361816e-01,6.979151815176010132e-02,1.744855493307113647e-01,1.449178606271743774e-01,1.112430989742279053e-01,2.187916785478591919e-01,7.502238452434539795e-02,2.216078191995620728e-01,1.292664408683776855e-01,1.533415317535400391e-01,1.104986965656280518e-01,1.282554268836975098e-01
2.104229778051376343e-01,1.667103320360183716e-01,7.735352963209152222e-02,2.036201804876327515e-01,9.058562666177749634e-02,3.214338719844818115e-01,1.000000119209289551e+00,4.843379184603691101e-02,1.283124089241027832e-01,4.068208113312721252e-02,6.522145122289657593e-02,2.206094861030578613e-01,2.216714173555374146e-01,1.351889371871948242e-01,1.378664970397949219e-01,2.814836986362934113e-02,1.850207448005676270e-01,1.510280072689056396e-01,2.167570888996124268e-01,-2.453791908919811249e-02,2.155251987278461456e-02
7.694695144891738892e-02,9.564016759395599365e-02,1.683396548032760620e-01,1.759861111640930176e-01,8.063606917858123779e-02,1.136047318577766418e-01,4.843379184603691101e-02,1.000000357627868652e+00,1.624574512243270874e-01,1.681838631629943848e-01,5.316758900880813599e-02,1.168001145124435425e-01,1.360817998647689819e-01,1.193588227033615112e-01,1.498382240533828735e-01,7.236884534358978271e-02,7.641230523586273193e-02,1.546016037464141846e-01,5.627437680959701538e-02,2.172207832336425781e-01,6.067563220858573914e-02
1.986643671989440918e-01,5.034096166491508484e-02,3.388912975788116455e-02,1.639299392700195312e-01,-4.844620078802108765e-02,9.371482580900192261e-02,1.283124089241027832e-01,1.624574512243270874e-01,9.999999403953552246e-01,3.201079368591308594e-01,1.056915447115898132e-01,8.527723141014575958e-03,1.041589006781578064e-01,4.928170889616012573e-02,1.046691313385963440e-01,-6.797516345977783203e-02,7.989741861820220947e-02,1.940311398357152939e-03,2.810127139091491699e-01,2.124613970518112183e-01,3.508074732962995768e-04
1.350284218788146973e-01,1.411248892545700073e-01,1.507579833269119263e-01,2.795414626598358154e-01,8.328174054622650146e-02,1.281443238258361816e-01,4.068208113312721252e-02,1.681838631629943848e-01,3.201079368591308594e-01,1.000000476837158203e+00,3.520357236266136169e-02,4.101667180657386780e-02,1.103651002049446106e-01,1.361143887042999268e-01,2.645745277404785156e-01,6.374679505825042725e-02,9.647947549819946289e-02,4.195288568735122681e-02,-4.462936520576477051e-02,2.838182449340820312e-01,-2.791581861674785614e-02
4.555076733231544495e-02,-4.354707524180412292e-02,2.485980093479156494e-02,2.142921788617968559e-03,2.044264040887355804e-02,6.979151815176010132e-02,6.522145122289657593e-02,5.316758900880813599e-02,1.056915447115898132e-01,3.520357236266136169e-02,9.999999403953552246e-01,3.762900084257125854e-02,5.249619856476783752e-02,-8.509279228746891022e-03,3.093394450843334198e-02,-2.831771597266197205e-02,7.131346315145492554e-02,-3.418361535295844078e-03,1.146730780601501465e-01,3.928472101688385010e-02,1.285399794578552246e-01
3.934345841407775879e-01,2.735464870929718018e-01,3.002481460571289062e-01,2.379820197820663452e-01,2.166118621826171875e-01,1.744855493307113647e-01,2.206094861030578613e-01,1.168001145124435425e-01,8.527723141014575958e-03,4.101667180657386780e-02,3.762900084257125854e-02,9.999999403953552246e-01,6.271475553512573242e-01,3.483494222164154053e-01,3.434034585952758789e-01,3.032316565513610840e-01,3.559425771236419678e-01,2.458936572074890137e-01,9.397441893815994263e-02,1.092234626412391663e-02,9.176844358444213867e-02
2.837310433387756348e-01,2.491798847913742065e-01,1.994080394506454468e-01,2.234634459018707275e-01,1.484631299972534180e-01,1.449178606271743774e-01,2.216714173555374146e-01,1.360817998647689819e-01,1.041589006781578064e-01,1.103651002049446106e-01,5.249619856476783752e-02,6.271475553512573242e-01,9.999997615814208984e-01,2.812408804893493652e-01,3.450754284858703613e-01,2.216709852218627930e-01,2.822907269001007080e-01,1.135151758790016174e-01,1.017102450132369995e-01,8.581646531820297241e-02,1.502187997102737427e-01
3.533394038677215576e-01,2.646339237689971924e-01,6.043610572814941406e-01,2.402864098548889160e-01,2.446891963481903076e-01,1.112430989742279053e-01,1.351889371871948242e-01,1.193588227033615112e-01,4.928170889616012573e-02,1.361143887042999268e-01,-8.509279228746891022e-03,3.483494222164154053e-01,2.812408804893493652e-01,9.999997019767761230e-01,2.236116826534271240e-01,3.416978716850280762e-01,1.077582687139511108e-01,2.311057038605213165e-02,4.574551060795783997e-02,3.730695927515625954e-03,2.564217150211334229e-02
2.796185016632080078e-01,1.271032094955444336e-01,2.333328723907470703e-01,5.748534798622131348e-01,2.274983972311019897e-01,2.187916785478591919e-01,1.378664970397949219e-01,1.498382240533828735e-01,1.046691313385963440e-01,2.645745277404785156e-01,3.093394450843334198e-02,3.434034585952758789e-01,3.450754284858703613e-01,2.236116826534271240e-01,9.999997615814208984e-01,1.358173340559005737e-01,2.883114218711853027e-01,1.044577658176422119e-01,-1.616945955902338028e-03,9.912602603435516357e-02,-8.311083074659109116e-04
1.976020336151123047e-01,2.034648656845092773e-01,2.821070551872253418e-01,4.746808856725692749e-02,3.135496973991394043e-01,7.502238452434539795e-02,2.814836986362934113e-02,7.236884534358978271e-02,-6.797516345977783203e-02,6.374679505825042725e-02,-2.831771597266197205e-02,3.032316565513610840e-01,2.216709852218627930e-01,3.416978716850280762e-01,1.358173340559005737e-01,9.999997615814208984e-01,2.104973644018173218e-01,4.109305888414382935e-02,-4.050523787736892700e-02,2.669798210263252258e-02,1.164059191942214966e-01
2.142812907695770264e-01,1.903437674045562744e-01,1.108936071395874023e-01,1.514787375926971436e-01,2.231613695621490479e-01,2.216078191995620728e-01,1.850207448005676270e-01,7.641230523586273193e-02,7.989741861820220947e-02,9.647947549819946289e-02,7.131346315145492554e-02,3.559425771236419678e-01,2.822907269001007080e-01,1.077582687139511108e-01,2.883114218711853027e-01,2.104973644018173218e-01,1.000000238418579102e+00,2.606215476989746094e-01,-7.992943376302719116e-02,-6.838564574718475342e-02,2.509508132934570312e-01
9.432770311832427979e-02,1.039500162005424500e-01,3.039778210222721100e-03,2.335515990853309631e-02,-1.167167210951447487e-03,1.292664408683776855e-01,1.510280072689056396e-01,1.546016037464141846e-01,1.940311398357152939e-03,4.195288568735122681e-02,-3.418361535295844078e-03,2.458936572074890137e-01,1.135151758790016174e-01,2.311057038605213165e-02,1.044577658176422119e-01,4.109305888414382935e-02,2.606215476989746094e-01,9.999998211860656738e-01,1.934531517326831818e-02,1.376768574118614197e-02,5.337189882993698120e-02
2.715695835649967194e-02,-2.533657662570476532e-02,8.466488122940063477e-02,8.310134708881378174e-02,-1.518572680652141571e-02,1.533415317535400391e-01,2.167570888996124268e-01,5.627437680959701538e-02,2.810127139091491699e-01,-4.462936520576477051e-02,1.146730780601501465e-01,9.397441893815994263e-02,1.017102450132369995e-01,4.574551060795783997e-02,-1.616945955902338028e-03,-4.050523787736892700e-02,-7.992943376302719116e-02,1.934531517326831818e-02,1.000000357627868652e+00,3.767132461071014404e-01,-4.537991806864738464e-02
-4.655130580067634583e-02,1.254229340702295303e-02,6.683506071567535400e-02,1.753346920013427734e-01,-1.480420120060443878e-02,1.104986965656280518e-01,-2.453791908919811249e-02,2.172207832336425781e-01,2.124613970518112183e-01,2.838182449340820312e-01,3.928472101688385010e-02,1.092234626412391663e-02,8.581646531820297241e-02,3.730695927515625954e-03,9.912602603435516357e-02,2.669798210263252258e-02,-6.838564574718475342e-02,1.376768574118614197e-02,3.767132461071014404e-01,9.999998211860656738e-01,-7.324825972318649292e-02
7.734823971986770630e-02,5.091906711459159851e-02,3.832916915416717529e-02,-6.871774047613143921e-02,1.587239205837249756e-01,1.282554268836975098e-01,2.155251987278461456e-02,6.067563220858573914e-02,3.508074732962995768e-04,-2.791581861674785614e-02,1.285399794578552246e-01,9.176844358444213867e-02,1.502187997102737427e-01,2.564217150211334229e-02,-8.311083074659109116e-04,1.164059191942214966e-01,2.509508132934570312e-01,5.337189882993698120e-02,-4.537991806864738464e-02,-7.324825972318649292e-02,1.000000000000000000e+00
