1.000000119209289551e+00,3.152597844600677490e-01,6.740447133779525757e-02,6.442043185234069824e-02,3.837907016277313232e-01,1.972985267639160156e-01,-7.583050429821014404e-02,4.499165117740631104e-01,2.943645715713500977e-01,1.704921871423721313e-01,3.724070191383361816e-01,1.643025130033493042e-01,1.613217443227767944e-01,3.460831642150878906e-01,2.671506106853485107e-01,1.145895794034004211e-01,-2.541865780949592590e-02,-8.360112458467483521e-02,1.770775951445102692e-02,6.015853211283683777e-02,7.882956415414810181e-02,-1.156482249498367310e-01,5.500170215964317322e-02,-6.406088918447494507e-02,4.336054027080535889e-01,-5.082952231168746948e-02,1.759341508150100708e-01,3.939859867095947266e-01,1.467860937118530273e-01,-2.126912027597427368e-01,-1.542639583349227905e-01,-1.114590838551521301e-01,4.161047041416168213e-01,1.670428961515426636e-01,-6.701758131384849548e-03,-7.886587083339691162e-02,3.488509356975555420e-01,2.231055945158004761e-01,1.513571888208389282e-01,-4.129563271999359131e-02,4.627392888069152832e-01,1.761339902877807617e-01,1.446964144706726074e-01,2.991248369216918945e-01,9.333457052707672119e-02,1.657966524362564087e-01,-9.155610948801040649e-02,7.164167612791061401e-02
3.152597844600677490e-01,1.000000119209289551e+00,1.517453491687774658e-01,3.936944007873535156e-01,3.583778738975524902e-01,4.981273412704467773e-01,2.055999636650085449e-01,7.389912009239196777e-02,5.657321214675903320e-01,4.808771610260009766e-01,1.631034016609191895e-01,5.083066821098327637e-01,2.099224627017974854e-01,-2.178923040628433228e-02,2.737027108669281006e-01,1.522958129644393921e-01,1.651329100131988525e-01,1.334264576435089111e-01,-1.344907432794570923e-01,-4.846135526895523071e-02,-3.738037496805191040e-02,-1.208997443318367004e-01,3.513213596306741238e-04,1.643836647272109985e-01,2.918210811913013458e-02,-1.253944542258977890e-02,3.895833790302276611e-01,5.332195758819580078e-01,4.812909066677093506e-01,1.546974182128906250e-01,1.425864100456237793e-01,-1.798016950488090515e-02,2.684823870658874512e-01,3.905386328697204590e-01,2.991634234786033630e-02,2.320314347743988037e-01,1.220499575138092041e-01,4.804040193557739258e-01,4.671391844749450684e-01,2.682039141654968262e-01,6.233825683593750000e-01,5.964109897613525391e-01,1.134441196918487549e-01,6.605471372604370117e-01,4.626158475875854492e-01,3.869399428367614746e-01,1.581132858991622925e-01,1.051768437027931213e-01
6.740447133779525757e-02,1.517453491687774658e-01,9.999999403953552246e-01,4.409925937652587891e-01,2.097273766994476318e-01,3.308974206447601318e-01,3.920061588287353516e-01,-1.064259633421897888e-01,1.481319516897201538e-01,1.014502346515655518e-01,-9.320405125617980957e-02,1.211158856749534607e-01,-4.220457747578620911e-02,-2.193479388952255249e-01,-5.688982084393501282e-02,1.833558231592178345e-01,3.158230185508728027e-01,2.392445951700210571e-01,4.190068319439888000e-02,9.397931396961212158e-02,3.848518710583448410e-03,-4.998769238591194153e-02,-3.215586766600608826e-02,1.154096703976392746e-02,1.637264713644981384e-02,4.906453490257263184e-01,3.862377703189849854e-01,4.955525994300842285e-01,1.803441494703292847e-01,1.664060167968273163e-02,1.057850420475006104e-01,-7.819642126560211182e-02,2.819846272468566895e-01,7.520109415054321289e-02,-3.174289762973785400e-01,2.338266968727111816e-01,-1.159230098128318787e-01,1.404543370008468628e-01,3.085802793502807617e-01,2.149123847484588623e-01,9.374225884675979614e-02,2.101283520460128784e-01,8.708842098712921143e-03,7.944985479116439819e-02,9.287584573030471802e-02,1.697440296411514282e-01,2.257694676518440247e-02,-3.997306898236274719e-02
6.442043185234069824e-02,3.936944007873535156e-01,4.409925937652587891e-01,1.000000119209289551e+00,4.311614036560058594e-01,6.123120784759521484e-01,3.901898860931396484e-01,-1.810077391564846039e-02,3.015989065170288086e-01,3.246005475521087646e-01,-4.650691524147987366e-02,2.764136791229248047e-01,3.441091179847717285e-01,-8.636897802352905273e-02,1.161404326558113098e-01,3.002976477146148682e-01,3.723020255565643311e-01,2.249884754419326782e-01,1.826026886701583862e-01,1.330053806304931641e-01,9.940303862094879150e-02,6.537017971277236938e-02,1.642042547464370728e-01,1.387954503297805786e-01,1.223822906613349915e-01,1.522137075662612915e-01,3.156737089157104492e-01,4.833238124847412109e-01,3.920531570911407471e-01,9.599674493074417114e-02,2.218444943428039551e-01,-1.468454599380493164e-01,8.337460458278656006e-02,1.012794524431228638e-01,-1.482349820435047150e-02,1.762607991695404053e-01,-2.841223217546939850e-02,3.339899778366088867e-01,3.170136213302612305e-01,3.065947890281677246e-01,2.726175487041473389e-01,4.585892260074615479e-01,3.652234971523284912e-01,2.886861562728881836e-01,3.531060516834259033e-01,4.075536727905273438e-01,1.159755066037178040e-01,-1.630106940865516663e-02
3.837907016277313232e-01,3.583778738975524902e-01,2.097273766994476318e-01,4.311614036560058594e-01,9.999994039535522461e-01,5.831053853034973145e-01,1.996222287416458130e-01,2.273601740598678589e-01,2.101943343877792358e-01,1.765294969081878662e-01,8.428417891263961792e-02,8.013299852609634399e-02,2.753169834613800049e-01,2.711155079305171967e-02,-1.541644055396318436e-02,3.159869313240051270e-01,2.866528630256652832e-01,1.561676263809204102e-01,2.734864354133605957e-01,3.303127884864807129e-01,1.760309040546417236e-01,7.240311824716627598e-04,2.792428247630596161e-03,-1.976044028997421265e-01,3.267421722412109375e-01,1.010056287050247192e-01,1.743943393230438232e-01,3.317545950412750244e-01,1.407120376825332642e-01,-4.245194047689437866e-02,-5.436984077095985413e-02,-1.724651902914047241e-01,2.319034785032272339e-01,-2.168639004230499268e-02,-1.646260023117065430e-01,-1.154807135462760925e-01,7.482423633337020874e-02,7.452260702848434448e-02,3.679239451885223389e-01,1.812266930937767029e-02,5.980683565139770508e-01,1.963142305612564087e-01,3.753116428852081299e-01,2.234648019075393677e-01,7.524874061346054077e-02,3.019505441188812256e-01,-1.535680145025253296e-01,-6.373140495270490646e-03
1.972985267639160156e-01,4.981273412704467773e-01,3.308974206447601318e-01,6.123120784759521484e-01,5.831053853034973145e-01,9.999997019767761230e-01,4.028047621250152588e-01,6.995810568332672119e-02,4.101448655128479004e-01,3.405721783638000488e-01,3.549648076295852661e-02,3.265752792358398438e-01,2.542574107646942139e-01,-7.548462599515914917e-02,8.578939735889434814e-02,4.048658609390258789e-01,3.588955402374267578e-01,2.869865894317626953e-01,1.723334640264511108e-01,2.218991667032241821e-01,1.313942372798919678e-01,-7.438635453581809998e-03,-3.945432603359222412e-02,9.280810505151748657e-02,1.212349757552146912e-01,1.837079226970672607e-01,3.485481142997741699e-01,4.875630438327789307e-01,4.228585958480834961e-01,1.510445326566696167e-01,2.322189062833786011e-01,-1.303568482398986816e-01,1.859360635280609131e-01,1.591945588588714600e-01,-5.805470421910285950e-02,1.483481079339981079e-01,6.431006640195846558e-02,2.619623541831970215e-01,3.799314498901367188e-01,1.794920265674591064e-01,3.933284282684326172e-01,5.113028287887573242e-01,3.185556530952453613e-01,4.088345170021057129e-01,3.165279030799865723e-01,3.460774123668670654e-01,6.768798828125000000e-02,-1.403162777423858643e-01
-7.583050429821014404e-02,2.055999636650085449e-01,3.920061588287353516e-01,3.901898860931396484e-01,1.996222287416458130e-01,4.028047621250152588e-01,1.000000834465026855e+00,-2.038726061582565308e-01,9.710114449262619019e-02,2.088983952999114990e-01,-2.462603002786636353e-01,1.280986070632934570e-01,2.128841131925582886e-01,-2.411237955093383789e-01,-1.664790809154510498e-01,2.600475847721099854e-01,6.686213016510009766e-01,4.409202635288238525e-01,2.122361660003662109e-01,2.546533048152923584e-01,1.720132678747177124e-01,1.821815520524978638e-01,1.239360570907592773e-01,9.282112866640090942e-02,-1.446541249752044678e-01,4.275372326374053955e-01,2.118402123451232910e-01,2.628378868103027344e-01,2.930013537406921387e-01,2.835278809070587158e-01,3.642608523368835449e-01,4.403480887413024902e-02,5.692085251212120056e-02,1.677098870277404785e-02,-1.467173099517822266e-01,2.334430068731307983e-01,-9.676791727542877197e-02,3.585436195135116577e-02,2.478602230548858643e-01,2.716452181339263916e-01,1.075268089771270752e-01,3.426394164562225342e-01,2.365122139453887939e-01,5.682134628295898438e-02,2.149153649806976318e-01,2.934309244155883789e-01,5.365200340747833252e-02,-1.628817766904830933e-01
4.499165117740631104e-01,7.389912009239196777e-02,-1.064259633421897888e-01,-1.810077391564846039e-02,2.273601740598678589e-01,6.995810568332672119e-02,-2.038726061582565308e-01,1.000000119209289551e+00,1.411005258560180664e-01,2.003974281251430511e-02,6.045818328857421875e-01,1.585208810865879059e-02,1.968223899602890015e-01,7.261216640472412109e-01,2.757426798343658447e-01,1.187370344996452332e-01,-6.523766554892063141e-03,5.462378263473510742e-02,2.161830514669418335e-01,2.195624709129333496e-01,1.876588016748428345e-01,-2.717388607561588287e-02,1.189849153161048889e-01,-1.433199793100357056e-01,5.943869352340698242e-01,-7.777212560176849365e-02,8.925218135118484497e-02,3.117947094142436981e-02,-7.560213655233383179e-02,-2.050171941518783569e-01,-8.121220767498016357e-02,-1.523916274309158325e-01,4.258738756179809570e-01,2.506457269191741943e-01,-3.879565745592117310e-02,-1.799155324697494507e-01,7.239138484001159668e-01,1.333148777484893799e-01,7.600113004446029663e-02,-1.554676890373229980e-01,2.094279378652572632e-01,-5.160097405314445496e-02,2.824534773826599121e-01,1.193783879280090332e-01,-7.837533950805664062e-02,8.147342503070831299e-02,-1.210851371288299561e-01,5.528653413057327271e-02
2.943645715713500977e-01,5.657321214675903320e-01,1.481319516897201538e-01,3.015989065170288086e-01,2.101943343877792358e-01,4.101448655128479004e-01,9.710114449262619019e-02,1.411005258560180664e-01,9.999997615814208984e-01,6.140074133872985840e-01,4.510309696197509766e-01,7.207065224647521973e-01,2.328432053327560425e-01,7.827129215002059937e-02,5.660089254379272461e-01,2.217772603034973145e-01,6.111998483538627625e-02,-1.701384596526622772e-02,-1.513084173202514648e-01,-1.457678079605102539e-01,-1.841579824686050415e-01,-2.025509178638458252e-01,-2.147877402603626251e-02,1.640287786722183228e-01,1.559614092111587524e-01,-1.185588305816054344e-03,2.923007011413574219e-01,4.214635193347930908e-01,2.251514494419097900e-01,-3.777100518345832825e-02,3.391971345990896225e-03,-1.607150882482528687e-01,2.376976460218429565e-01,2.751635611057281494e-01,1.359634194523096085e-02,2.032168656587600708e-01,1.687686443328857422e-01,4.979184269905090332e-01,2.744697034358978271e-01,2.244967073202133179e-01,3.206954002380371094e-01,5.077407360076904297e-01,1.114573851227760315e-01,6.216992139816284180e-01,4.236166775226593018e-01,3.865711688995361328e-01,7.464911043643951416e-02,-5.114698316901922226e-03
1.704921871423721313e-01,4.808771610260009766e-01,1.014502346515655518e-01,3.246005475521087646e-01,1.765294969081878662e-01,3.405721783638000488e-01,2.088983952999114990e-01,2.003974281251430511e-02,6.140074133872985840e-01,9.999997019767761230e-01,2.202721685171127319e-01,7.068771123886108398e-01,4.255698323249816895e-01,7.235092669725418091e-02,4.654451608657836914e-01,5.985002592206001282e-02,1.462405174970626831e-01,-6.812835484743118286e-02,-4.833832010626792908e-02,-4.186784476041793823e-02,-1.152249127626419067e-01,-2.183122374117374420e-02,9.670004248619079590e-02,2.083433270454406738e-01,-2.735619433224201202e-02,-8.093182742595672607e-02,2.270406484603881836e-02,3.020612597465515137e-01,1.414349526166915894e-01,-1.187844127416610718e-01,-2.405155822634696960e-02,-9.842695295810699463e-02,-9.336286783218383789e-02,9.313005208969116211e-02,9.811354428529739380e-02,2.009606361389160156e-01,1.567856520414352417e-01,3.879101574420928955e-01,1.434328854084014893e-01,3.159059584140777588e-01,3.038482666015625000e-01,6.879156827926635742e-01,2.941057682037353516e-01,3.999233841896057129e-01,6.567127108573913574e-01,6.962578892707824707e-01,7.647034525871276855e-02,1.399989575147628784e-01
3.724070191383361816e-01,1.631034016609191895e-01,-9.320405125617980957e-02,-4.650691524147987366e-02,8.428417891263961792e-02,3.549648076295852661e-02,-2.462603002786636353e-01,6.045818328857421875e-01,4.510309696197509766e-01,2.202721685171127319e-01,1.000000238418579102e+00,3.728721439838409424e-01,9.347685426473617554e-02,5.219514966011047363e-01,6.271160244941711426e-01,-1.198554784059524536e-02,-1.978531777858734131e-01,-1.455127596855163574e-01,-1.730958074331283569e-01,-1.280696988105773926e-01,-1.365629881620407104e-01,-1.782491803169250488e-01,1.317628659307956696e-02,-5.061455443501472473e-02,5.007157921791076660e-01,-7.891758531332015991e-02,1.582430750131607056e-01,4.196977615356445312e-02,-1.647045314311981201e-01,-2.531886994838714600e-01,-2.167431116104125977e-01,-1.681269854307174683e-01,3.629206418991088867e-01,2.411298602819442749e-01,-1.660532131791114807e-02,-9.003688395023345947e-02,4.780361652374267578e-01,3.465927541255950928e-01,-8.986134198494255543e-04,-7.956533133983612061e-02,1.744301915168762207e-01,1.704850979149341583e-02,-1.918535126606002450e-04,2.529635727405548096e-01,3.763918206095695496e-02,8.939146995544433594e-02,-5.130402743816375732e-02,6.340159475803375244e-02
1.643025130033493042e-01,5.083066821098327637e-01,1.211158856749534607e-01,2.764136791229248047e-01,8.013299852609634399e-02,3.265752792358398438e-01,1.280986070632934570e-01,1.585208810865879059e-02,7.207065224647521973e-01,7.068771123886108398e-01,3.728721439838409424e-01,9.999997019767761230e-01,2.854349911212921143e-01,4.631001502275466919e-02,6.584568023681640625e-01,1.961994767189025879e-01,4.673835262656211853e-02,-4.860977083444595337e-02,-1.947914659976959229e-01,-2.167715430259704590e-01,-2.009296119213104248e-01,-1.833072602748870850e-01,4.739925637841224670e-02,2.029169499874114990e-01,4.099542275071144104e-02,-4.162785410881042480e-02,2.201638370752334595e-01,3.174763917922973633e-01,1.421749442815780640e-01,-8.485008031129837036e-02,-3.986852616071701050e-02,-1.036381274461746216e-01,6.125040352344512939e-02,1.710567921400070190e-01,2.337858825922012329e-02,2.064560651779174805e-01,1.118488162755966187e-01,4.488089084625244141e-01,1.719935834407806396e-01,2.666721642017364502e-01,2.331890612840652466e-01,5.650963187217712402e-01,1.012802794575691223e-01,4.784353077411651611e-01,5.402150750160217285e-01,4.697541892528533936e-01,1.272744089365005493e-01,-1.488588657230138779e-02
1.613217443227767944e-01,2.099224627017974854e-01,-4.220457747578620911e-02,3.441091179847717285e-01,2.753169834613800049e-01,2.542574107646942139e-01,2.128841131925582886e-01,1.968223899602890015e-01,2.328432053327560425e-01,4.255698323249816895e-01,9.347685426473617554e-02,2.854349911212921143e-01,9.999998211860656738e-01,2.508313357830047607e-01,2.207342535257339478e-01,3.494396507740020752e-01,2.984301447868347168e-01,-2.755813859403133392e-02,2.918845117092132568e-01,3.688819706439971924e-01,4.291397333145141602e-01,2.548910975456237793e-01,5.489960908889770508e-01,-5.341275036334991455e-02,1.449450254440307617e-01,-1.129423305392265320e-01,-9.718336910009384155e-02,9.086444973945617676e-02,6.427228450775146484e-02,-1.421649008989334106e-01,-1.234389841556549072e-01,-1.843129545450210571e-01,-2.580721303820610046e-02,-1.078808233141899109e-01,6.918259710073471069e-02,-1.113080158829689026e-01,2.803626954555511475e-01,1.226983144879341125e-01,1.194529011845588684e-01,2.225827872753143311e-01,2.353199422359466553e-01,3.710642457008361816e-01,6.317303776741027832e-01,2.017836719751358032e-01,2.456315755844116211e-01,5.575109720230102539e-01,-1.821471899747848511e-01,8.797940611839294434e-02
3.460831642150878906e-01,-2.178923040628433228e-02,-2.193479388952255249e-01,-8.636897802352905273e-02,2.711155079305171967e-02,-7.548462599515914917e-02,-2.411237955093383789e-01,7.261216640472412109e-01,7.827129215002059937e-02,7.235092669725418091e-02,5.219514966011047363e-01,4.631001502275466919e-02,2.508313357830047607e-01,9.999997615814208984e-01,2.908513247966766357e-01,-5.080378428101539612e-02,-5.324459075927734375e-02,-1.071983426809310913e-01,1.241697445511817932e-01,8.443058282136917114e-02,9.720259904861450195e-02,4.368988052010536194e-02,2.435427457094192505e-01,-4.144373536109924316e-02,4.246473908424377441e-01,-2.237924188375473022e-01,-1.777137517929077148e-01,-1.006098985671997070e-01,-1.540818512439727783e-01,-2.783478498458862305e-01,-1.540407389402389526e-01,-7.869824767112731934e-02,6.871929019689559937e-02,1.478003114461898804e-01,1.267701536417007446e-01,-1.856681108474731445e-01,7.517747879028320312e-01,6.469815224409103394e-02,-1.957559287548065186e-01,-1.250102221965789795e-01,8.140642195940017700e-02,9.455349296331405640e-03,2.815154194831848145e-01,1.955871656537055969e-02,3.587607294321060181e-02,9.739050269126892090e-02,-9.799662232398986816e-02,1.152546256780624390e-01
2.671506106853485107e-01,2.737027108669281006e-01,-5.688982084393501282e-02,1.161404326558113098e-01,-1.541644055396318436e-02,8.578939735889434814e-02,-1.664790809154510498e-01,2.757426798343658447e-01,5.660089254379272461e-01,4.654451608657836914e-01,6.271160244941711426e-01,6.584568023681640625e-01,2.207342535257339478e-01,2.908513247966766357e-01,1.000000596046447754e+00,6.434904038906097412e-02,-2.039365768432617188e-01,-2.305109351873397827e-01,-1.951531767845153809e-01,-2.664406895637512207e-01,-1.764456927776336670e-01,-1.782588362693786621e-01,1.365060210227966309e-01,3.760462999343872070e-02,2.794284522533416748e-01,-1.935723721981048584e-01,1.291326582431793213e-01,9.575602412223815918e-02,-8.547089248895645142e-02,-2.244189083576202393e-01,-2.295154333114624023e-01,-1.502944380044937134e-01,1.178257688879966736e-01,2.574166953563690186e-01,1.259932219982147217e-01,-5.933022871613502502e-02,2.892122268676757812e-01,5.304204821586608887e-01,2.987450733780860901e-02,1.084366738796234131e-01,1.163081526756286621e-01,2.815462052822113037e-01,4.932098463177680969e-02,3.647217154502868652e-01,3.157607913017272949e-01,2.474869340658187866e-01,2.413609810173511505e-02,6.424339860677719116e-02
1.145895794034004211e-01,1.522958129644393921e-01,1.833558231592178345e-01,3.002976477146148682e-01,3.159869313240051270e-01,4.048658609390258789e-01,2.600475847721099854e-01,1.187370344996452332e-01,2.217772603034973145e-01,5.985002592206001282e-02,-1.198554784059524536e-02,1.961994767189025879e-01,3.494396507740020752e-01,-5.080378428101539612e-02,6.434904038906097412e-02,9.999994635581970215e-01,3.218419551849365234e-01,2.306776493787765503e-01,3.100594282150268555e-01,2.971106171607971191e-01,2.650412917137145996e-01,-1.329891234636306763e-01,2.932913005352020264e-01,-2.982479892671108246e-02,1.612966507673263550e-01,1.677799820899963379e-01,3.301400840282440186e-01,2.649446129798889160e-01,2.147991955280303955e-01,8.874728530645370483e-02,1.145709007978439331e-01,-1.962548345327377319e-01,2.905672490596771240e-01,-7.313753943890333176e-03,-1.720885038375854492e-01,7.821599394083023071e-02,7.444721460342407227e-02,9.686640650033950806e-02,3.286181986331939697e-01,1.009288504719734192e-01,9.998454153537750244e-02,1.480765342712402344e-01,3.670811951160430908e-01,1.760063022375106812e-01,-1.164871174842119217e-02,1.833521872758865356e-01,1.885493472218513489e-02,-3.029384613037109375e-01
-2.541865780949592590e-02,1.651329100131988525e-01,3.158230185508728027e-01,3.723020255565643311e-01,2.866528630256652832e-01,3.588955402374267578e-01,6.686213016510009766e-01,-6.523766554892063141e-03,6.111998483538627625e-02,1.462405174970626831e-01,-1.978531777858734131e-01,4.673835262656211853e-02,2.984301447868347168e-01,-5.324459075927734375e-02,-2.039365768432617188e-01,3.218419551849365234e-01,1.000000476837158203e+00,6.286875009536743164e-01,3.987853527069091797e-01,4.506740868091583252e-01,3.563676774501800537e-01,2.441483736038208008e-01,1.678640842437744141e-01,-1.411653310060501099e-02,-1.573297940194606781e-02,3.654173314571380615e-01,2.214993387460708618e-01,2.260716408491134644e-01,2.932032346725463867e-01,2.586978971958160400e-01,4.129704236984252930e-01,-1.640205830335617065e-02,1.708935201168060303e-01,-9.628899395465850830e-03,-1.936962306499481201e-01,1.958841681480407715e-01,4.577067866921424866e-02,6.921351887285709381e-03,3.593162894248962402e-01,1.957458555698394775e-01,1.427867412567138672e-01,2.199528217315673828e-01,3.333105742931365967e-01,3.383136168122291565e-02,8.191517740488052368e-02,2.874273359775543213e-01,-5.043038725852966309e-02,-1.807536631822586060e-01
-8.360112458467483521e-02,1.334264576435089111e-01,2.392445951700210571e-01,2.249884754419326782e-01,1.561676263809204102e-01,2.869865894317626953e-01,4.409202635288238525e-01,5.462378263473510742e-02,-1.701384596526622772e-02,-6.812835484743118286e-02,-1.455127596855163574e-01,-4.860977083444595337e-02,-2.755813859403133392e-02,-1.071983426809310913e-01,-2.305109351873397827e-01,2.306776493787765503e-01,6.286875009536743164e-01,9.999997615814208984e-01,1.752407550811767578e-01,3.528547585010528564e-01,2.799261808395385742e-01,1.654355376958847046e-01,-9.100814908742904663e-02,-2.804296091198921204e-02,-4.333079233765602112e-02,3.886064887046813965e-01,4.245316684246063232e-01,1.952221840620040894e-01,4.212284684181213379e-01,4.802575707435607910e-01,6.448767781257629395e-01,5.377776548266410828e-02,2.935124933719635010e-01,1.024932637810707092e-01,-2.631844282150268555e-01,2.041902840137481689e-01,1.406347262673079967e-03,8.776768227107822895e-04,3.451591134071350098e-01,-4.358753189444541931e-02,3.789890930056571960e-02,5.042723193764686584e-02,8.143662661314010620e-02,-3.806484490633010864e-02,-9.349590539932250977e-02,7.096195966005325317e-02,3.140905499458312988e-02,-3.255712091922760010e-01
1.770775951445102692e-02,-1.344907432794570923e-01,4.190068319439888000e-02,1.826026886701583862e-01,2.734864354133605957e-01,1.723334640264511108e-01,2.122361660003662109e-01,2.161830514669418335e-01,-1.513084173202514648e-01,-4.833832010626792908e-02,-1.730958074331283569e-01,-1.947914659976959229e-01,2.918845117092132568e-01,1.241697445511817932e-01,-1.951531767845153809e-01,3.100594282150268555e-01,3.987853527069091797e-01,1.752407550811767578e-01,1.000000238418579102e+00,6.225657463073730469e-01,5.361238718032836914e-01,3.273092508316040039e-01,1.948204934597015381e-01,-2.401162832975387573e-01,1.735779643058776855e-01,1.109485328197479248e-01,-7.208078354597091675e-02,-5.338226258754730225e-02,-1.766043715178966522e-02,-6.845992803573608398e-02,8.429297804832458496e-02,-1.596139371395111084e-01,4.469344392418861389e-03,-5.812891200184822083e-02,1.473251916468143463e-02,-2.365860641002655029e-01,1.310877203941345215e-01,-1.105479598045349121e-01,1.044353991746902466e-01,-1.630750857293605804e-02,-1.420152280479669571e-02,-1.307537965476512909e-02,5.487341284751892090e-01,-4.266509413719177246e-02,-7.515365630388259888e-02,1.466872543096542358e-01,-2.549222409725189209e-01,-9.494921565055847168e-02
6.015853211283683777e-02,-4.846135526895523071e-02,9.397931396961212158e-02,1.330053806304931641e-01,3.303127884864807129e-01,2.218991667032241821e-01,2.546533048152923584e-01,2.195624709129333496e-01,-1.457678079605102539e-01,-4.186784476041793823e-02,-1.280696988105773926e-01,-2.167715430259704590e-01,3.688819706439971924e-01,8.443058282136917114e-02,-2.664406895637512207e-01,2.971106171607971191e-01,4.506740868091583252e-01,3.528547585010528564e-01,6.225657463073730469e-01,9.999999403953552246e-01,7.321775555610656738e-01,3.958411514759063721e-01,1.064691618084907532e-01,-3.517573177814483643e-01,8.527116477489471436e-02,2.282515764236450195e-01,3.486553207039833069e-02,-1.462120003998279572e-02,1.152596548199653625e-01,1.064017862081527710e-01,1.250059157609939575e-01,-2.281208187341690063e-01,1.700585931539535522e-01,-8.853099495172500610e-02,-1.582112014293670654e-01,-2.108504772186279297e-01,1.167071387171745300e-01,-1.583956182003021240e-01,2.935298979282379150e-01,-8.317839354276657104e-02,7.285373657941818237e-02,-4.659548774361610413e-02,4.930266737937927246e-01,-4.484275728464126587e-02,-2.440602332353591919e-01,2.028750032186508179e-01,-3.638252615928649902e-01,-1.171683147549629211e-01
7.882956415414810181e-02,-3.738037496805191040e-02,3.848518710583448410e-03,9.940303862094879150e-02,1.760309040546417236e-01,1.313942372798919678e-01,1.720132678747177124e-01,1.876588016748428345e-01,-1.841579824686050415e-01,-1.152249127626419067e-01,-1.365629881620407104e-01,-2.009296119213104248e-01,4.291397333145141602e-01,9.720259904861450195e-02,-1.764456927776336670e-01,2.650412917137145996e-01,3.563676774501800537e-01,2.799261808395385742e-01,5.361238718032836914e-01,7.321775555610656738e-01,1.000000238418579102e+00,5.154291391372680664e-01,2.639058530330657959e-01,-3.479823172092437744e-01,2.812622673809528351e-02,1.093489974737167358e-01,1.631883345544338226e-02,-3.673929721117019653e-02,1.523735523223876953e-01,7.531274855136871338e-02,9.956299513578414917e-02,-1.432073414325714111e-01,1.411873549222946167e-01,-1.378168724477291107e-02,-3.624323755502700806e-02,-2.879163920879364014e-01,1.477691680192947388e-01,-5.988506227731704712e-02,2.683852612972259521e-01,-1.525279786437749863e-02,9.820723906159400940e-03,-6.915757060050964355e-02,4.217332005500793457e-01,1.037837192416191101e-02,-2.269587516784667969e-01,1.087566688656806946e-01,-3.334719836711883545e-01,-6.778626888990402222e-02
-1.156482249498367310e-01,-1.208997443318367004e-01,-4.998769238591194153e-02,6.537017971277236938e-02,7.240311824716627598e-04,-7.438635453581809998e-03,1.821815520524978638e-01,-2.717388607561588287e-02,-2.025509178638458252e-01,-2.183122374117374420e-02,-1.782491803169250488e-01,-1.833072602748870850e-01,2.548910975456237793e-01,4.368988052010536194e-02,-1.782588362693786621e-01,-1.329891234636306763e-01,2.441483736038208008e-01,1.654355376958847046e-01,3.273092508316040039e-01,3.958411514759063721e-01,5.154291391372680664e-01,1.000000476837158203e+00,2.281348258256912231e-01,-2.181614786386489868e-01,-6.710074096918106079e-02,3.287370875477790833e-02,-1.682997941970825195e-01,-1.908483058214187622e-01,5.880186706781387329e-02,7.395520061254501343e-02,1.669852584600448608e-01,2.202710360288619995e-01,-1.193629950284957886e-01,-3.571345657110214233e-02,2.014465034008026123e-01,-2.492420524358749390e-01,1.887503266334533691e-02,-4.303569719195365906e-02,-3.205275535583496094e-02,9.528550505638122559e-02,-8.014885336160659790e-02,-5.862165242433547974e-02,2.411337643861770630e-01,-1.112254783511161804e-01,-1.139154806733131409e-01,1.228496804833412170e-01,-2.462628334760665894e-01,3.213247954845428467e-01
5.500170215964317322e-02,3.513213596306741238e-04,-3.215586766600608826e-02,1.642042547464370728e-01,2.792428247630596161e-03,-3.945432603359222412e-02,1.239360570907592773e-01,1.189849153161048889e-01,-2.147877402603626251e-02,9.670004248619079590e-02,1.317628659307956696e-02,4.739925637841224670e-02,5.489960908889770508e-01,2.435427457094192505e-01,1.365060210227966309e-01,2.932913005352020264e-01,1.678640842437744141e-01,-9.100814908742904663e-02,1.948204934597015381e-01,1.064691618084907532e-01,2.639058530330657959e-01,2.281348258256912231e-01,1.000000357627868652e+00,9.520907700061798096e-02,1.051132977008819580e-01,-1.515054404735565186e-01,-1.477213948965072632e-01,7.290053367614746094e-02,-6.474182591773569584e-04,-1.463828235864639282e-01,-5.759198218584060669e-02,-3.312121331691741943e-02,-4.669218137860298157e-02,-2.160960063338279724e-02,1.849226355552673340e-01,8.022472262382507324e-02,2.546226084232330322e-01,1.078546419739723206e-01,-1.518484298139810562e-02,3.663425147533416748e-01,1.394616719335317612e-02,1.370904445648193359e-01,3.821344673633575439e-01,1.031693909317255020e-02,1.489430516958236694e-01,2.359802424907684326e-01,2.684159204363822937e-02,1.408442407846450806e-01
-6.406088918447494507e-02,1.643836647272109985e-01,1.154096703976392746e-02,1.387954503297805786e-01,-1.976044028997421265e-01,9.280810505151748657e-02,9.282112866640090942e-02,-1.433199793100357056e-01,1.640287786722183228e-01,2.083433270454406738e-01,-5.061455443501472473e-02,2.029169499874114990e-01,-5.341275036334991455e-02,-4.144373536109924316e-02,3.760462999343872070e-02,-2.982479892671108246e-02,-1.411653310060501099e-02,-2.804296091198921204e-02,-2.401162832975387573e-01,-3.517573177814483643e-01,-3.479823172092437744e-01,-2.181614786386489868e-01,9.520907700061798096e-02,1.000000238418579102e+00,-8.388534933328628540e-02,-9.784437716007232666e-02,6.974737346172332764e-02,2.242391854524612427e-01,1.910591721534729004e-01,9.899982810020446777e-02,3.461075723171234131e-01,3.191947638988494873e-01,-1.279432177543640137e-01,6.237858906388282776e-02,2.270197868347167969e-01,7.115183472633361816e-01,-5.495260283350944519e-02,1.376878172159194946e-01,-1.126909703016281128e-01,4.480556845664978027e-01,-7.612374424934387207e-02,3.587867617607116699e-01,-5.321881175041198730e-02,7.566768676042556763e-02,4.226199388504028320e-01,8.590776473283767700e-02,7.987382411956787109e-01,7.842990756034851074e-02
4.336054027080535889e-01,2.918210811913013458e-02,1.637264713644981384e-02,1.223822906613349915e-01,3.267421722412109375e-01,1.212349757552146912e-01,-1.446541249752044678e-01,5.943869352340698242e-01,1.559614092111587524e-01,-2.735619433224201202e-02,5.007157921791076660e-01,4.099542275071144104e-02,1.449450254440307617e-01,4.246473908424377441e-01,2.794284522533416748e-01,1.612966507673263550e-01,-1.573297940194606781e-02,-4.333079233765602112e-02,1.735779643058776855e-01,8.527116477489471436e-02,2.812622673809528351e-02,-6.710074096918106079e-02,1.051132977008819580e-01,-8.388534933328628540e-02,9.999999403953552246e-01,4.269151482731103897e-03,2.578748166561126709e-01,1.852232664823532104e-01,-5.342208594083786011e-02,-1.413824260234832764e-01,-1.284977644681930542e-01,-1.380531191825866699e-01,4.730577468872070312e-01,1.334601640701293945e-01,-1.810446567833423615e-02,-1.343354135751724243e-01,3.493525981903076172e-01,1.592904776334762573e-01,2.691545151174068451e-02,-6.352877616882324219e-02,1.920083910226821899e-01,-1.331435609608888626e-02,2.387559115886688232e-01,7.877369225025177002e-02,-1.719296351075172424e-02,8.945220708847045898e-02,-4.240915551781654358e-02,-4.597525112330913544e-03
-5.082952231168746948e-02,-1.253944542258977890e-02,4.906453490257263184e-01,1.522137075662612915e-01,1.010056287050247192e-01,1.837079226970672607e-01,4.275372326374053955e-01,-7.777212560176849365e-02,-1.185588305816054344e-03,-8.093182742595672607e-02,-7.891758531332015991e-02,-4.162785410881042480e-02,-1.129423305392265320e-01,-2.237924188375473022e-01,-1.935723721981048584e-01,1.677799820899963379e-01,3.654173314571380615e-01,3.886064887046813965e-01,1.109485328197479248e-01,2.282515764236450195e-01,1.093489974737167358e-01,3.287370875477790833e-02,-1.515054404735565186e-01,-9.784437716007232666e-02,4.269151482731103897e-03,9.999999403953552246e-01,3.890789449214935303e-01,1.037342846393585205e-01,9.053997695446014404e-02,1.483134180307388306e-01,2.053790390491485596e-01,3.431739751249551773e-03,3.198683261871337891e-01,-2.064922451972961426e-02,-4.034127593040466309e-01,1.132800877094268799e-01,-1.813551634550094604e-01,-1.934631727635860443e-02,2.273974418640136719e-01,-1.513172220438718796e-02,-1.569801568984985352e-02,-8.860574662685394287e-02,-1.021584421396255493e-01,-6.601630896329879761e-02,-1.952506750822067261e-01,-4.682550579309463501e-02,-5.859567224979400635e-02,-1.738571673631668091e-01
1.759341508150100708e-01,3.895833790302276611e-01,3.862377703189849854e-01,3.156737089157104492e-01,1.743943393230438232e-01,3.485481142997741699e-01,2.118402123451232910e-01,8.925218135118484497e-02,2.923007011413574219e-01,2.270406484603881836e-02,1.582430750131607056e-01,2.201638370752334595e-01,-9.718336910009384155e-02,-1.777137517929077148e-01,1.291326582431793213e-01,3.301400840282440186e-01,2.214993387460708618e-01,4.245316684246063232e-01,-7.208078354597091675e-02,3.486553207039833069e-02,1.631883345544338226e-02,-1.682997941970825195e-01,-1.477213948965072632e-01,6.974737346172332764e-02,2.578748166561126709e-01,3.890789449214935303e-01,9.999992847442626953e-01,5.091242790222167969e-01,5.009587407112121582e-01,2.949216663837432861e-01,3.816750049591064453e-01,-2.482565119862556458e-02,6.464200615882873535e-01,2.408121079206466675e-01,-2.596489787101745605e-01,2.819844484329223633e-01,-5.056352913379669189e-02,3.754284381866455078e-01,4.480669498443603516e-01,6.901040673255920410e-02,2.215610146522521973e-01,1.428910493850708008e-01,-8.600863814353942871e-02,2.436820417642593384e-01,1.644280739128589630e-02,7.777451723814010620e-02,1.867478489875793457e-01,-2.333480417728424072e-01
3.939859867095947266e-01,5.332195758819580078e-01,4.955525994300842285e-01,4.833238124847412109e-01,3.317545950412750244e-01,4.875630438327789307e-01,2.628378868103027344e-01,3.117947094142436981e-02,4.214635193347930908e-01,3.020612597465515137e-01,4.196977615356445312e-02,3.174763917922973633e-01,9.086444973945617676e-02,-1.006098985671997070e-01,9.575602412223815918e-02,2.649446129798889160e-01,2.260716408491134644e-01,1.952221840620040894e-01,-5.338226258754730225e-02,-1.462120003998279572e-02,-3.673929721117019653e-02,-1.908483058214187622e-01,7.290053367614746094e-02,2.242391854524612427e-01,1.852232664823532104e-01,1.037342846393585205e-01,5.091242790222167969e-01,1.000000119209289551e+00,5.535027980804443359e-01,1.129830777645111084e-01,2.300988882780075073e-01,-1.441668719053268433e-01,3.992450237274169922e-01,2.290205806493759155e-01,-9.479402750730514526e-02,3.960166573524475098e-01,3.461211919784545898e-02,3.551051914691925049e-01,4.119699895381927490e-01,2.986755669116973877e-01,3.815275728702545166e-01,4.860056936740875244e-01,1.221834272146224976e-01,4.293484091758728027e-01,3.714447319507598877e-01,3.432070314884185791e-01,2.046497613191604614e-01,-6.386010348796844482e-02
1.467860937118530273e-01,4.812909066677093506e-01,1.803441494703292847e-01,3.920531570911407471e-01,1.407120376825332642e-01,4.228585958480834961e-01,2.930013537406921387e-01,-7.560213655233383179e-02,2.251514494419097900e-01,1.414349526166915894e-01,-1.647045314311981201e-01,1.421749442815780640e-01,6.427228450775146484e-02,-1.540818512439727783e-01,-8.547089248895645142e-02,2.147991955280303955e-01,2.932032346725463867e-01,4.212284684181213379e-01,-1.766043715178966522e-02,1.152596548199653625e-01,1.523735523223876953e-01,5.880186706781387329e-02,-6.474182591773569584e-04,1.910591721534729004e-01,-5.342208594083786011e-02,9.053997695446014404e-02,5.009587407112121582e-01,5.535027980804443359e-01,9.999997019767761230e-01,5.884851217269897461e-01,5.645226836204528809e-01,6.459619849920272827e-02,2.556429803371429443e-01,2.276543080806732178e-01,4.996060952544212341e-02,3.252911865711212158e-01,-2.807115577161312103e-02,2.753020524978637695e-01,3.674493134021759033e-01,1.366302818059921265e-01,2.254926562309265137e-01,3.663235306739807129e-01,1.134137362241744995e-01,3.202325701713562012e-01,2.247931212186813354e-01,2.442876398563385010e-01,2.005846202373504639e-01,-1.235635131597518921e-01
-2.126912027597427368e-01,1.546974182128906250e-01,1.664060167968273163e-02,9.599674493074417114e-02,-4.245194047689437866e-02,1.510445326566696167e-01,2.835278809070587158e-01,-2.050171941518783569e-01,-3.777100518345832825e-02,-1.187844127416610718e-01,-2.531886994838714600e-01,-8.485008031129837036e-02,-1.421649008989334106e-01,-2.783478498458862305e-01,-2.244189083576202393e-01,8.874728530645370483e-02,2.586978971958160400e-01,4.802575707435607910e-01,-6.845992803573608398e-02,1.064017862081527710e-01,7.531274855136871338e-02,7.395520061254501343e-02,-1.463828235864639282e-01,9.899982810020446777e-02,-1.413824260234832764e-01,1.483134180307388306e-01,2.949216663837432861e-01,1.129830777645111084e-01,5.884851217269897461e-01,1.000000119209289551e+00,5.664013624191284180e-01,1.532693356275558472e-01,1.095633879303932190e-01,1.486243456602096558e-01,-3.201329335570335388e-02,2.279345393180847168e-01,-1.857453584671020508e-01,5.706235766410827637e-03,2.129156440496444702e-01,-5.985913425683975220e-02,-4.705681279301643372e-02,5.474717915058135986e-02,-7.336372882127761841e-02,7.426247466355562210e-03,-4.832054302096366882e-02,-5.337649025022983551e-03,1.644260883331298828e-01,-1.884310990571975708e-01
-1.542639583349227905e-01,1.425864100456237793e-01,1.057850420475006104e-01,2.218444943428039551e-01,-5.436984077095985413e-02,2.322189062833786011e-01,3.642608523368835449e-01,-8.121220767498016357e-02,3.391971345990896225e-03,-2.405155822634696960e-02,-2.167431116104125977e-01,-3.986852616071701050e-02,-1.234389841556549072e-01,-1.540407389402389526e-01,-2.295154333114624023e-01,1.145709007978439331e-01,4.129704236984252930e-01,6.448767781257629395e-01,8.429297804832458496e-02,1.250059157609939575e-01,9.956299513578414917e-02,1.669852584600448608e-01,-5.759198218584060669e-02,3.461075723171234131e-01,-1.284977644681930542e-01,2.053790390491485596e-01,3.816750049591064453e-01,2.300988882780075073e-01,5.645226836204528809e-01,5.664013624191284180e-01,1.000000000000000000e+00,2.588793933391571045e-01,1.130575761198997498e-01,2.135327607393264771e-01,8.404042571783065796e-02,4.803448915481567383e-01,-3.738162294030189514e-02,1.484399884939193726e-01,1.532775014638900757e-01,1.538295447826385498e-01,-5.818388611078262329e-02,1.028841212391853333e-01,6.928874645382165909e-03,4.566486924886703491e-03,8.371068537235260010e-02,5.011944100260734558e-02,3.689141273498535156e-01,-2.539078593254089355e-01
-1.114590838551521301e-01,-1.798016950488090515e-02,-7.819642126560211182e-02,-1.468454599380493164e-01,-1.724651902914047241e-01,-1.303568482398986816e-01,4.403480887413024902e-02,-1.523916274309158325e-01,-1.607150882482528687e-01,-9.842695295810699463e-02,-1.681269854307174683e-01,-1.036381274461746216e-01,-1.843129545450210571e-01,-7.869824767112731934e-02,-1.502944380044937134e-01,-1.962548345327377319e-01,-1.640205830335617065e-02,5.377776548266410828e-02,-1.596139371395111084e-01,-2.281208187341690063e-01,-1.432073414325714111e-01,2.202710360288619995e-01,-3.312121331691741943e-02,3.191947638988494873e-01,-1.380531191825866699e-01,3.431739751249551773e-03,-2.482565119862556458e-02,-1.441668719053268433e-01,6.459619849920272827e-02,1.532693356275558472e-01,2.588793933391571045e-01,9.999998211860656738e-01,-1.326591521501541138e-01,-1.097875926643610001e-02,1.902781426906585693e-01,1.222819834947586060e-01,-9.024641662836074829e-02,-6.154694408178329468e-02,-1.406718343496322632e-01,7.493217289447784424e-02,-4.530925676226615906e-02,-2.237556874752044678e-02,-1.863476186990737915e-01,-1.322447806596755981e-01,4.147632792592048645e-02,-1.233776733279228210e-01,4.470783770084381104e-01,2.906465232372283936e-01
