1.000000000000000000e+00,7.005178928375244141e-01,4.144726395606994629e-01,5.283396840095520020e-01,4.492952823638916016e-01,5.307591557502746582e-01,4.428995251655578613e-01,4.406698942184448242e-01,3.804872930049896240e-01,-2.863898687064647675e-02,3.400105834007263184e-01,6.661546230316162109e-01,5.742139220237731934e-01,3.653141558170318604e-01,5.219445228576660156e-01,3.944605886936187744e-01,4.427056312561035156e-01,2.558022439479827881e-01,3.014131188392639160e-01,2.315708696842193604e-01,1.865078359842300415e-01
7.005178928375244141e-01,1.000000119209289551e+00,3.069665431976318359e-01,4.373842775821685791e-01,3.061957061290740967e-01,3.525718152523040771e-01,2.836445569992065430e-01,3.253181576728820801e-01,2.782117724418640137e-01,-8.212520182132720947e-02,2.295164763927459717e-01,4.129046201705932617e-01,4.862149357795715332e-01,2.580632567405700684e-01,3.933881223201751709e-01,2.210325598716735840e-01,2.502458393573760986e-01,1.607916653156280518e-01,1.713431328535079956e-01,1.275052279233932495e-01,1.140595227479934692e-01
4.144726395606994629e-01,3.069665431976318359e-01,9.999999403953552246e-01,4.643284976482391357e-01,6.674817204475402832e-01,4.004177451133728027e-01,2.954107522964477539e-01,1.425905674695968628e-01,2.714962959289550781e-01,5.199630558490753174e-02,1.486201733350753784e-01,3.905365467071533203e-01,2.717528045177459717e-01,8.101657629013061523e-01,4.981023967266082764e-01,7.330524325370788574e-01,3.950116336345672607e-01,3.300559520721435547e-01,1.852926909923553467e-01,1.613651067018508911e-01,1.317187398672103882e-01
5.283396840095520020e-01,4.373842775821685791e-01,4.643284976482391357e-01,1.000000119209289551e+00,4.907490313053131104e-01,5.475472211837768555e-01,4.757856130599975586e-01,4.887862205505371094e-01,4.284029006958007812e-01,1.302430331707000732e-01,1.836524009704589844e-01,4.750116169452667236e-01,3.543522059917449951e-01,4.206867516040802002e-01,7.505273222923278809e-01,4.037592113018035889e-01,5.151593089103698730e-01,4.305084347724914551e-01,2.781058251857757568e-01,2.262691557407379150e-01,1.023267284035682678e-01
4.492952823638916016e-01,3.061957061290740967e-01,6.674817204475402832e-01,4.907490313053131104e-01,9.999998211860656738e-01,5.788962244987487793e-01,4.138409495353698730e-01,2.502774894237518311e-01,3.497542738914489746e-01,1.015771105885505676e-01,2.258121818304061890e-01,4.988567829132080078e-01,2.962893843650817871e-01,6.637986898422241211e-01,5.424999594688415527e-01,7.651008367538452148e-01,5.802007913589477539e-01,4.950473904609680176e-01,3.285611569881439209e-01,1.982688903808593750e-01,2.185223996639251709e-01
5.307591557502746582e-01,3.525718152523040771e-01,4.004177451133728027e-01,5.475472211837768555e-01,5.788962244987487793e-01,1.000000000000000000e+00,5.687357783317565918e-01,3.111534118652343750e-01,3.748908638954162598e-01,1.348654329776763916e-01,3.589127063751220703e-01,5.836595892906188965e-01,4.032720029354095459e-01,4.150007665157318115e-01,5.865632295608520508e-01,5.001722574234008789e-01,6.919453740119934082e-01,4.590698778629302979e-01,3.500969409942626953e-01,2.621909677982330322e-01,3.249198496341705322e-01
4.428995251655578613e-01,2.836445569992065430e-01,2.954107522964477539e-01,4.757856130599975586e-01,4.138409495353698730e-01,5.687357783317565918e-01,1.000000119209289551e+00,4.001911878585815430e-01,3.682186305522918701e-01,1.180419996380805969e-01,2.798354029655456543e-01,4.395360350608825684e-01,2.680965960025787354e-01,2.592598795890808105e-01,4.690116345882415771e-01,3.383837938308715820e-01,5.379595160484313965e-01,4.632574617862701416e-01,2.625174224376678467e-01,2.346004098653793335e-01,4.701806604862213135e-02
4.406698942184448242e-01,3.253181576728820801e-01,1.425905674695968628e-01,4.887862205505371094e-01,2.502774894237518311e-01,3.111534118652343750e-01,4.001911878585815430e-01,9.999997615814208984e-01,4.400154650211334229e-01,1.721519976854324341e-02,2.107395380735397339e-01,4.082309007644653320e-01,2.912263274192810059e-01,7.783260196447372437e-02,4.019981324672698975e-01,1.375368982553482056e-01,3.480908572673797607e-01,3.148196041584014893e-01,2.816906273365020752e-01,1.093189865350723267e-01,-3.538872301578521729e-02
3.804872930049896240e-01,2.782117724418640137e-01,2.714962959289550781e-01,4.284029006958007812e-01,3.497542738914489746e-01,3.748908638954162598e-01,3.682186305522918701e-01,4.400154650211334229e-01,1.000000119209289551e+00,5.032776594161987305e-01,6.398560851812362671e-02,3.485022485256195068e-01,2.420510649681091309e-01,2.463901787996292114e-01,3.998785614967346191e-01,2.941470742225646973e-01,4.054436683654785156e-01,3.940877914428710938e-01,4.233508408069610596e-01,3.482979536056518555e-01,-3.771536424756050110e-02
-2.863898687064647675e-02,-8.212520182132720947e-02,5.199630558490753174e-02,1.302430331707000732e-01,1.015771105885505676e-01,1.348654329776763916e-01,1.180419996380805969e-01,1.721519976854324341e-02,5.032776594161987305e-01,1.000000238418579102e+00,-2.084596455097198486e-02,4.886333644390106201e-02,2.062056027352809906e-02,5.804805457592010498e-02,1.086370125412940979e-01,8.438993990421295166e-02,1.945036202669143677e-01,2.237724065780639648e-01,2.953178584575653076e-01,5.242392420768737793e-01,5.751061066985130310e-02
3.400105834007263184e-01,2.295164763927459717e-01,1.486201733350753784e-01,1.836524009704589844e-01,2.258121818304061890e-01,3.589127063751220703e-01,2.798354029655456543e-01,2.107395380735397339e-01,6.398560851812362671e-02,-2.084596455097198486e-02,9.999999403953552246e-01,4.772396683692932129e-01,4.604920148849487305e-01,2.030529975891113281e-01,2.541611492633819580e-01,2.231404930353164673e-01,4.054705202579498291e-01,2.214921116828918457e-01,3.051185607910156250e-01,2.410249561071395874e-01,5.186011791229248047e-01
6.661546230316162109e-01,4.129046201705932617e-01,3.905365467071533203e-01,4.750116169452667236e-01,4.988567829132080078e-01,5.836595892906188965e-01,4.395360350608825684e-01,4.082309007644653320e-01,3.485022485256195068e-01,4.886333644390106201e-02,4.772396683692932129e-01,1.000000238418579102e+00,7.278876304626464844e-01,3.893164694309234619e-01,5.570225119590759277e-01,4.998067021369934082e-01,6.469331383705139160e-01,3.877173960208892822e-01,5.118213891983032227e-01,3.055126070976257324e-01,3.911266326904296875e-01
5.742139220237731934e-01,4.862149357795715332e-01,2.717528045177459717e-01,3.543522059917449951e-01,2.962893843650817871e-01,4.032720029354095459e-01,2.680965960025787354e-01,2.912263274192810059e-01,2.420510649681091309e-01,2.062056027352809906e-02,4.604920148849487305e-01,7.278876304626464844e-01,9.999998211860656738e-01,2.612316012382507324e-01,4.283479750156402588e-01,3.233228623867034912e-01,4.719108343124389648e-01,2.439967691898345947e-01,4.303797483444213867e-01,2.783902585506439209e-01,3.884090185165405273e-01
3.653141558170318604e-01,2.580632567405700684e-01,8.101657629013061523e-01,4.206867516040802002e-01,6.637986898422241211e-01,4.150007665157318115e-01,2.592598795890808105e-01,7.783260196447372437e-02,2.463901787996292114e-01,5.804805457592010498e-02,2.030529975891113281e-01,3.893164694309234619e-01,2.612316012382507324e-01,1.000000476837158203e+00,4.800080060958862305e-01,7.485314011573791504e-01,4.444847702980041504e-01,3.410926163196563721e-01,2.073852866888046265e-01,1.677337139844894409e-01,2.318489849567413330e-01
5.219445228576660156e-01,3.933881223201751709e-01,4.981023967266082764e-01,7.505273222923278809e-01,5.424999594688415527e-01,5.865632295608520508e-01,4.690116345882415771e-01,4.019981324672698975e-01,3.998785614967346191e-01,1.086370125412940979e-01,2.541611492633819580e-01,5.570225119590759277e-01,4.283479750156402588e-01,4.800080060958862305e-01,9.999998211860656738e-01,4.950546622276306152e-01,5.718834400177001953e-01,4.265343844890594482e-01,3.145916759967803955e-01,2.397807538509368896e-01,1.842490583658218384e-01
3.944605886936187744e-01,2.210325598716735840e-01,7.330524325370788574e-01,4.037592113018035889e-01,7.651008367538452148e-01,5.001722574234008789e-01,3.383837938308715820e-01,1.375368982553482056e-01,2.941470742225646973e-01,8.438993990421295166e-02,2.231404930353164673e-01,4.998067021369934082e-01,3.233228623867034912e-01,7.485314011573791504e-01,4.950546622276306152e-01,1.000000119209289551e+00,5.418074131011962891e-01,4.065585732460021973e-01,3.379204869270324707e-01,1.938432306051254272e-01,2.481337189674377441e-01
4.427056312561035156e-01,2.502458393573760986e-01,3.950116336345672607e-01,5.151593089103698730e-01,5.802007913589477539e-01,6.919453740119934082e-01,5.379595160484313965e-01,3.480908572673797607e-01,4.054436683654785156e-01,1.945036202669143677e-01,4.054705202579498291e-01,6.469331383705139160e-01,4.719108343124389648e-01,4.444847702980041504e-01,5.718834400177001953e-01,5.418074131011962891e-01,9.999999403953552246e-01,5.677626729011535645e-01,4.621776044368743896e-01,3.241137266159057617e-01,4.059683978557586670e-01
2.558022439479827881e-01,1.607916653156280518e-01,3.300559520721435547e-01,4.305084347724914551e-01,4.950473904609680176e-01,4.590698778629302979e-01,4.632574617862701416e-01,3.148196041584014893e-01,3.940877914428710938e-01,2.237724065780639648e-01,2.214921116828918457e-01,3.877173960208892822e-01,2.439967691898345947e-01,3.410926163196563721e-01,4.265343844890594482e-01,4.065585732460021973e-01,5.677626729011535645e-01,1.000000119209289551e+00,2.884283959865570068e-01,2.054542899131774902e-01,1.438898891210556030e-01
3.014131188392639160e-01,1.713431328535079956e-01,1.852926909923553467e-01,2.781058251857757568e-01,3.285611569881439209e-01,3.500969409942626953e-01,2.625174224376678467e-01,2.816906273365020752e-01,4.233508408069610596e-01,2.953178584575653076e-01,3.051185607910156250e-01,5.118213891983032227e-01,4.303797483444213867e-01,2.073852866888046265e-01,3.145916759967803955e-01,3.379204869270324707e-01,4.621776044368743896e-01,2.884283959865570068e-01,1.000000238418579102e+00,4.796993136405944824e-01,2.829973995685577393e-01
2.315708696842193604e-01,1.275052279233932495e-01,1.613651067018508911e-01,2.262691557407379150e-01,1.982688903808593750e-01,2.621909677982330322e-01,2.346004098653793335e-01,1.093189865350723267e-01,3.482979536056518555e-01,5.242392420768737793e-01,2.410249561071395874e-01,3.055126070976257324e-01,2.783902585506439209e-01,1.677337139844894409e-01,2.397807538509368896e-01,1.938432306051254272e-01,3.241137266159057617e-01,2.054542899131774902e-01,4.796993136405944824e-01,1.000000119209289551e+00,2.222475856542587280e-01
1.865078359842300415e-01,1.140595227479934692e-01,1.317187398672103882e-01,1.023267284035682678e-01,2.185223996639251709e-01,3.249198496341705322e-01,4.701806604862213135e-02,-3.538872301578521729e-02,-3.771536424756050110e-02,5.751061066985130310e-02,5.186011791229248047e-01,3.911266326904296875e-01,3.884090185165405273e-01,2.318489849567413330e-01,1.842490583658218384e-01,2.481337189674377441e-01,4.059683978557586670e-01,1.438898891210556030e-01,2.829973995685577393e-01,2.222475856542587280e-01,9.999994635581970215e-01
