9.999993443489074707e-01,2.556248009204864502e-01,1.683165431022644043e-01,2.286252379417419434e-01,3.844149410724639893e-01,2.007814645767211914e-01,-8.063767105340957642e-02,4.693526625633239746e-01,-1.133484393358230591e-01,-1.874254494905471802e-01,3.148687258362770081e-02,-6.397496443241834641e-03,9.142836928367614746e-02,1.754372864961624146e-01,-3.318858519196510315e-02,7.384006679058074951e-02,-1.725797951221466064e-01,-1.802385747432708740e-01,-1.435449719429016113e-01,-1.156484186649322510e-01,7.198974490165710449e-02,8.627030998468399048e-02,-2.608094513416290283e-01,-2.419315576553344727e-01,6.393927335739135742e-01,-1.806608587503433228e-01,6.181321144104003906e-01,5.082106590270996094e-01,3.489606976509094238e-01,-3.229393362998962402e-01,-2.262685447931289673e-01,-2.290110737085342407e-01,6.836006045341491699e-01,2.721939384937286377e-01,-1.816113144159317017e-01,-3.533409833908081055e-01,1.520345211029052734e-01,-1.910613179206848145e-01,-2.663845121860504150e-01,-2.156078368425369263e-01,3.924217820167541504e-01,-8.009567856788635254e-02,-1.128164380788803101e-01,-1.647769957780838013e-01,-9.887724369764328003e-02,-1.424680650234222412e-01,-2.991688251495361328e-01,-1.244846805930137634e-01
2.556248009204864502e-01,9.999998807907104492e-01,-1.247629523277282715e-01,-8.526431024074554443e-02,4.219290018081665039e-01,3.486535251140594482e-01,7.723314315080642700e-02,4.618865251541137695e-01,3.109554350376129150e-01,1.345016658306121826e-01,2.357221096754074097e-01,-5.515173822641372681e-02,4.018240049481391907e-02,7.196626067161560059e-02,-2.605290710926055908e-01,-1.378022134304046631e-01,-1.285795005969703197e-03,4.656861722469329834e-02,1.191590502858161926e-01,2.248347997665405273e-01,2.208190858364105225e-01,1.346498611383140087e-03,-1.027685590088367462e-03,1.112273856997489929e-01,3.549006283283233643e-01,8.193599432706832886e-02,3.816711604595184326e-01,4.143523275852203369e-01,5.452316999435424805e-01,5.789376422762870789e-02,1.639066785573959351e-01,2.305170595645904541e-01,4.599309265613555908e-01,5.897174477577209473e-01,1.713290661573410034e-01,1.408619731664657593e-01,2.359733730554580688e-01,-5.418793484568595886e-02,-1.424785237759351730e-02,-8.121000602841377258e-03,6.178709864616394043e-01,4.268583357334136963e-01,2.490509003400802612e-01,2.606574296951293945e-01,4.611917734146118164e-01,2.680083215236663818e-01,6.636647880077362061e-02,1.191950663924217224e-01
1.683165431022644043e-01,-1.247629523277282715e-01,1.000000238418579102e+00,3.041803538799285889e-01,-2.179109007120132446e-01,-1.367851197719573975e-01,4.090685248374938965e-01,6.564172357320785522e-02,9.538197889924049377e-03,2.034483999013900757e-01,2.785288691520690918e-01,3.667872548103332520e-01,3.467529416084289551e-01,2.442436516284942627e-01,3.590233027935028076e-01,1.680350005626678467e-01,4.153277575969696045e-01,2.578682005405426025e-01,2.447981685400009155e-01,1.223485767841339111e-01,1.287282258272171021e-01,4.349578320980072021e-01,2.866696193814277649e-02,5.214333906769752502e-02,1.734063625335693359e-01,3.376437723636627197e-01,1.683062016963958740e-01,3.163857460021972656e-01,2.628055214881896973e-01,3.797534108161926270e-01,3.277150988578796387e-01,2.483044266700744629e-01,-1.712855137884616852e-02,-1.729485951364040375e-02,2.046627402305603027e-01,1.239533051848411560e-01,3.995690867304801941e-02,6.779088079929351807e-02,-1.252831146121025085e-02,-7.114944513887166977e-03,-5.006283894181251526e-02,-1.157445833086967468e-01,1.600704491138458252e-01,-1.612398177385330200e-01,1.689325459301471710e-02,1.781401336193084717e-01,1.461413055658340454e-01,9.147406369447708130e-02
2.286252379417419434e-01,-8.526431024074554443e-02,3.041803538799285889e-01,1.000000238418579102e+00,2.123715132474899292e-01,2.428986132144927979e-01,4.237443208694458008e-01,-1.906566470861434937e-01,-1.181618347764015198e-01,1.196151413023471832e-02,-3.017072677612304688e-01,-5.298433825373649597e-02,7.798238098621368408e-02,-2.198093533515930176e-01,4.105029255151748657e-02,2.533161342144012451e-01,2.812298238277435303e-01,2.527951300144195557e-01,2.498682588338851929e-01,2.742552757263183594e-01,3.303199708461761475e-01,3.694128990173339844e-01,1.142994016408920288e-01,-8.074232935905456543e-02,-1.529149115085601807e-01,2.349790036678314209e-01,-5.562502518296241760e-02,-1.498540490865707397e-01,-2.184931002557277679e-02,5.858530476689338684e-02,1.873625367879867554e-01,-6.513826549053192139e-02,-7.044209539890289307e-02,-1.628336906433105469e-01,-1.254587471485137939e-01,-1.561422795057296753e-01,-6.223845481872558594e-02,5.914422869682312012e-02,7.178897969424724579e-03,-7.597778737545013428e-02,-1.439422369003295898e-02,2.361743338406085968e-02,5.482104606926441193e-03,-1.034857481718063354e-01,-7.691870629787445068e-02,2.707867138087749481e-02,-4.049037396907806396e-02,-1.797079592943191528e-01
3.844149410724639893e-01,4.219290018081665039e-01,-2.179109007120132446e-01,2.123715132474899292e-01,1.000000238418579102e+00,6.675571203231811523e-01,9.350470453500747681e-02,1.729175746440887451e-01,1.086805909872055054e-01,-1.368393003940582275e-01,-1.976869069039821625e-02,-2.159975618124008179e-01,-1.202041134238243103e-01,-4.450327903032302856e-02,-1.971339881420135498e-01,1.153966560959815979e-01,-7.543091475963592529e-02,-2.199962548911571503e-02,-1.177193596959114075e-02,6.466199457645416260e-02,6.827723979949951172e-02,-1.275816373527050018e-02,7.693874090909957886e-02,2.363692410290241241e-02,1.607114523649215698e-01,-2.339731156826019287e-02,2.240359783172607422e-01,1.492765992879867554e-01,2.091394811868667603e-01,-1.733532696962356567e-01,-1.567976921796798706e-02,-5.466872453689575195e-02,3.253895044326782227e-01,2.461066246032714844e-01,-1.277432739734649658e-01,-7.755239307880401611e-02,1.939328908920288086e-01,1.137114241719245911e-01,9.545633941888809204e-02,2.116240188479423523e-02,4.193197786808013916e-01,2.298149466514587402e-01,-4.105829074978828430e-02,4.442625120282173157e-02,5.579821392893791199e-02,-7.870848476886749268e-02,-6.928541511297225952e-02,5.719345528632402420e-03
2.007814645767211914e-01,3.486535251140594482e-01,-1.367851197719573975e-01,2.428986132144927979e-01,6.675571203231811523e-01,1.000000357627868652e+00,2.387890070676803589e-01,3.313896432518959045e-02,6.353401392698287964e-02,-8.491494506597518921e-02,-1.908394135534763336e-02,-1.686100959777832031e-01,-8.197210729122161865e-02,-8.016804605722427368e-02,-2.287967801094055176e-01,2.238922379910945892e-02,8.701902627944946289e-02,1.061490997672080994e-01,6.086584553122520447e-02,7.336931675672531128e-02,5.621721222996711731e-02,6.843679398298263550e-02,1.401084661483764648e-01,1.280420124530792236e-01,2.350645372644066811e-03,8.999583125114440918e-02,1.046558171510696411e-01,8.546450734138488770e-02,1.710423380136489868e-01,2.410493092611432076e-03,1.203909218311309814e-01,8.728616684675216675e-02,1.206011846661567688e-01,1.206441447138786316e-01,-4.841928929090499878e-02,2.761015295982360840e-02,4.303035885095596313e-02,7.841692864894866943e-02,1.174213215708732605e-01,8.198380470275878906e-02,2.894304394721984863e-01,2.645703852176666260e-01,2.193125709891319275e-02,-2.149950899183750153e-02,1.235838681459426880e-01,7.790387142449617386e-03,6.311283260583877563e-02,4.778180643916130066e-02
-8.063767105340957642e-02,7.723314315080642700e-02,4.090685248374938965e-01,4.237443208694458008e-01,9.350470453500747681e-02,2.387890070676803589e-01,9.999997615814208984e-01,-5.124156549572944641e-02,2.078440636396408081e-01,3.698455393314361572e-01,1.045224964618682861e-01,1.867450624704360962e-01,2.704192399978637695e-01,6.704905629158020020e-02,1.190321445465087891e-01,9.434156864881515503e-02,7.752795219421386719e-01,6.793951988220214844e-01,5.896981954574584961e-01,5.136014819145202637e-01,3.238056600093841553e-01,4.222405552864074707e-01,2.748087048530578613e-01,2.676857113838195801e-01,-1.686682105064392090e-01,6.566233038902282715e-01,-1.046384423971176147e-01,-1.469441130757331848e-02,2.237446606159210205e-01,4.095556437969207764e-01,4.490923881530761719e-01,3.834951221942901611e-01,-1.892746239900588989e-01,4.706099256873130798e-02,1.792031377553939819e-01,2.626201808452606201e-01,5.741964653134346008e-02,1.632171422243118286e-01,1.788974404335021973e-01,1.510892957448959351e-01,-2.172986790537834167e-02,2.822208106517791748e-01,4.277522563934326172e-01,1.005187705159187317e-01,2.622848153114318848e-01,3.713902533054351807e-01,3.068100214004516602e-01,1.399965286254882812e-01
4.693526625633239746e-01,4.618865251541137695e-01,6.564172357320785522e-02,-1.906566470861434937e-01,1.729175746440887451e-01,3.313896432518959045e-02,-5.124156549572944641e-02,9.999998807907104492e-01,2.589490711688995361e-01,6.363186240196228027e-02,4.189131855964660645e-01,1.489544212818145752e-01,2.103332281112670898e-01,3.251897990703582764e-01,-1.287849694490432739e-01,-1.586481630802154541e-01,-8.334878832101821899e-02,-5.326171591877937317e-02,-1.138033997267484665e-02,-3.707977244630455971e-03,6.119035929441452026e-02,-2.453278517350554466e-03,-1.997623145580291748e-01,-5.859563127160072327e-02,7.018892765045166016e-01,-1.833071410655975342e-01,5.927340388298034668e-01,6.091480255126953125e-01,4.469475150108337402e-01,-1.616159975528717041e-01,-5.024456232786178589e-02,6.350722908973693848e-02,6.978420615196228027e-01,6.336448192596435547e-01,7.333876937627792358e-02,-6.866956502199172974e-02,3.058127462863922119e-01,-2.667119503021240234e-01,-3.033044040203094482e-01,-1.744548678398132324e-01,5.030800104141235352e-01,8.859197795391082764e-02,6.933870166540145874e-02,3.016371726989746094e-01,5.352244526147842407e-02,4.359309747815132141e-02,-6.991503387689590454e-02,1.005558520555496216e-01
-1.133484393358230591e-01,3.109554350376129150e-01,9.538197889924049377e-03,-1.181618347764015198e-01,1.086805909872055054e-01,6.353401392698287964e-02,2.078440636396408081e-01,2.589490711688995361e-01,9.999995231628417969e-01,4.775159358978271484e-01,3.772841393947601318e-01,2.452814877033233643e-01,2.106323093175888062e-01,1.955225169658660889e-01,1.007709726691246033e-01,-1.510913390666246414e-02,2.210141122341156006e-01,2.216613590717315674e-01,2.113094478845596313e-01,2.305543720722198486e-01,7.951665669679641724e-02,-1.268675923347473145e-02,1.232238858938217163e-01,1.785597503185272217e-01,3.876980394124984741e-02,1.645750105381011963e-01,-4.120948258787393570e-03,1.043589264154434204e-01,1.853276938199996948e-01,2.423518747091293335e-01,2.231609225273132324e-01,2.504335343837738037e-01,3.429953008890151978e-02,3.815599977970123291e-01,7.472044229507446289e-02,1.691710799932479858e-01,3.438307642936706543e-01,1.428818106651306152e-01,1.239687874913215637e-01,1.062105521559715271e-01,1.294046044349670410e-01,2.918813824653625488e-01,1.698241978883743286e-01,4.467137753963470459e-01,1.484494358301162720e-01,1.356627047061920166e-01,1.918658763170242310e-01,1.783932447433471680e-01
-1.874254494905471802e-01,1.345016658306121826e-01,2.034483999013900757e-01,1.196151413023471832e-02,-1.368393003940582275e-01,-8.491494506597518921e-02,3.698455393314361572e-01,6.363186240196228027e-02,4.775159358978271484e-01,1.000000238418579102e+00,2.564843297004699707e-01,2.490982860326766968e-01,3.660687208175659180e-01,1.942045055329799652e-02,5.213803425431251526e-02,-5.226984992623329163e-02,4.760107100009918213e-01,4.064872860908508301e-01,3.097462058067321777e-01,4.872292280197143555e-01,3.407453000545501709e-01,2.783071696758270264e-01,-1.333520188927650452e-02,3.428727015852928162e-02,-4.721192643046379089e-02,2.657759785652160645e-01,-6.831433624029159546e-02,8.504453301429748535e-02,1.956709027290344238e-01,3.451830446720123291e-01,4.047859311103820801e-01,3.059920966625213623e-01,-1.080191805958747864e-01,1.120455563068389893e-01,2.425520271062850952e-01,1.520099639892578125e-01,8.478516340255737305e-02,-8.363761752843856812e-02,-3.007031045854091644e-02,-1.284263432025909424e-01,2.759518288075923920e-02,1.489743441343307495e-01,3.661366403102874756e-01,2.965256273746490479e-01,2.962892651557922363e-01,5.931245684623718262e-01,2.200980633497238159e-01,-4.163489863276481628e-02
3.148687258362770081e-02,2.357221096754074097e-01,2.785288691520690918e-01,-3.017072677612304688e-01,-1.976869069039821625e-02,-1.908394135534763336e-02,1.045224964618682861e-01,4.189131855964660645e-01,3.772841393947601318e-01,2.564843297004699707e-01,9.999998807907104492e-01,4.614642262458801270e-01,3.314423561096191406e-01,4.688705205917358398e-01,2.169541567564010620e-01,7.856389135122299194e-02,2.067389637231826782e-01,1.340043544769287109e-01,1.193268671631813049e-01,3.856639936566352844e-02,-2.272270992398262024e-02,1.658355742692947388e-01,9.053370356559753418e-02,1.749608814716339111e-01,3.255358040332794189e-01,5.867334455251693726e-02,2.523277699947357178e-01,4.137755036354064941e-01,3.120323717594146729e-01,3.020451962947845459e-01,2.229057699441909790e-01,3.351253569126129150e-01,1.656601130962371826e-01,4.627820551395416260e-01,4.063795208930969238e-01,2.770119905471801758e-01,3.732811808586120605e-01,1.231827810406684875e-01,9.012292325496673584e-02,1.008008420467376709e-01,1.157992035150527954e-01,1.607085019350051880e-01,2.114080935716629028e-01,5.682808905839920044e-02,2.199705392122268677e-01,2.195773124694824219e-01,1.995341330766677856e-01,3.080171048641204834e-01
-6.397496443241834641e-03,-5.515173822641372681e-02,3.667872548103332520e-01,-5.298433825373649597e-02,-2.159975618124008179e-01,-1.686100959777832031e-01,1.867450624704360962e-01,1.489544212818145752e-01,2.452814877033233643e-01,2.490982860326766968e-01,4.614642262458801270e-01,9.999998807907104492e-01,6.202102303504943848e-01,3.994978964328765869e-01,5.334106087684631348e-01,2.730161547660827637e-01,2.019656449556350708e-01,2.395646087825298309e-02,6.901387125253677368e-02,1.055949926376342773e-01,1.983877718448638916e-01,3.210756480693817139e-01,-5.014683678746223450e-02,2.338264510035514832e-02,6.978428363800048828e-02,2.480967901647090912e-02,6.945260614156723022e-02,2.395842969417572021e-01,1.687391251325607300e-01,3.474218249320983887e-01,6.164670735597610474e-02,4.827267676591873169e-02,-1.524673681706190109e-02,1.404108107089996338e-01,1.553362309932708740e-01,5.702802911400794983e-02,2.125320732593536377e-01,3.876264020800590515e-02,-8.967234194278717041e-02,-7.348120212554931641e-02,-1.191869527101516724e-01,1.066658943891525269e-01,1.885057389736175537e-01,1.833501737564802170e-03,6.855041533708572388e-02,1.229701936244964600e-01,5.237232893705368042e-02,4.188096523284912109e-02
9.142836928367614746e-02,4.018240049481391907e-02,3.467529416084289551e-01,7.798238098621368408e-02,-1.202041134238243103e-01,-8.197210729122161865e-02,2.704192399978637695e-01,2.103332281112670898e-01,2.106323093175888062e-01,3.660687208175659180e-01,3.314423561096191406e-01,6.202102303504943848e-01,1.000000000000000000e+00,1.792119890451431274e-01,3.034508526325225830e-01,3.133834600448608398e-01,2.418840080499649048e-01,1.481824368238449097e-01,1.486773490905761719e-01,3.192522227764129639e-01,4.347178637981414795e-01,5.274587869644165039e-01,-7.972578704357147217e-02,-7.880898565053939819e-02,1.704536676406860352e-01,4.162271693348884583e-02,1.862963438034057617e-01,2.457268387079238892e-01,2.368413209915161133e-01,2.915757596492767334e-01,1.251232922077178955e-01,1.329813618212938309e-02,1.503546535968780518e-01,1.433202326297760010e-01,1.569877564907073975e-01,-3.971146792173385620e-02,6.999832391738891602e-02,-1.052515953779220581e-01,-1.662551611661911011e-01,-2.453559786081314087e-01,9.990599937736988068e-03,-1.052705571055412292e-02,1.882078498601913452e-01,1.726456917822360992e-02,9.552946686744689941e-02,2.554026246070861816e-01,4.046369343996047974e-03,-1.640720218420028687e-01
1.754372864961624146e-01,7.196626067161560059e-02,2.442436516284942627e-01,-2.198093533515930176e-01,-4.450327903032302856e-02,-8.016804605722427368e-02,6.704905629158020020e-02,3.251897990703582764e-01,1.955225169658660889e-01,1.942045055329799652e-02,4.688705205917358398e-01,3.994978964328765869e-01,1.792119890451431274e-01,9.999998807907104492e-01,4.483850896358489990e-01,5.361659824848175049e-02,9.310556203126907349e-02,1.881298609077930450e-02,4.915409907698631287e-02,-9.798309206962585449e-02,-1.182673200964927673e-01,2.321004867553710938e-02,4.829628765583038330e-02,8.671624213457107544e-02,2.688793838024139404e-01,-1.865771040320396423e-02,2.373478859663009644e-01,4.368735849857330322e-01,2.931248247623443604e-01,8.808071166276931763e-02,-4.692647606134414673e-02,1.624548733234405518e-01,1.945470273494720459e-01,4.454930722713470459e-01,6.575775891542434692e-02,2.005524188280105591e-02,5.712169408798217773e-01,1.598601341247558594e-01,-4.152658802922815084e-04,1.936170905828475952e-01,-4.579208791255950928e-02,-4.487204551696777344e-02,5.630757659673690796e-04,-1.012900471687316895e-01,7.553000003099441528e-02,-7.709553092718124390e-02,5.055182054638862610e-02,3.446666300296783447e-01
-3.318858519196510315e-02,-2.605290710926055908e-01,3.590233027935028076e-01,4.105029255151748657e-02,-1.971339881420135498e-01,-2.287967801094055176e-01,1.190321445465087891e-01,-1.287849694490432739e-01,1.007709726691246033e-01,5.213803425431251526e-02,2.169541567564010620e-01,5.334106087684631348e-01,3.034508526325225830e-01,4.483850896358489990e-01,9.999998807907104492e-01,4.947091042995452881e-01,1.304179280996322632e-01,1.058805640786886215e-02,1.048941016197204590e-01,-5.981035158038139343e-02,3.020211867988109589e-02,1.516106426715850830e-01,1.217250302433967590e-01,1.026321295648813248e-02,-1.699704229831695557e-01,6.834198534488677979e-02,-1.643901765346527100e-01,-2.329181879758834839e-02,-8.195035159587860107e-02,2.431903183460235596e-01,-9.667784720659255981e-02,7.910584099590778351e-03,-2.351199090480804443e-01,-1.115757320076227188e-02,1.909458427689969540e-03,-1.107871066778898239e-03,2.564937770366668701e-01,4.196348786354064941e-01,1.646883487701416016e-01,1.289958804845809937e-01,-3.494389653205871582e-01,-6.723172217607498169e-02,-1.088826730847358704e-02,-7.070398330688476562e-02,2.121178619563579559e-02,-1.201247796416282654e-01,-2.663055248558521271e-02,1.948779970407485962e-01
7.384006679058074951e-02,-1.378022134304046631e-01,1.680350005626678467e-01,2.533161342144012451e-01,1.153966560959815979e-01,2.238922379910945892e-02,9.434156864881515503e-02,-1.586481630802154541e-01,-1.510913390666246414e-02,-5.226984992623329163e-02,7.856389135122299194e-02,2.730161547660827637e-01,3.133834600448608398e-01,5.361659824848175049e-02,4.947091042995452881e-01,1.000000238418579102e+00,2.701004967093467712e-02,-4.275764152407646179e-02,-3.969572857022285461e-02,-9.299512952566146851e-02,5.435231328010559082e-02,3.200194239616394043e-01,8.936174958944320679e-02,-5.238756537437438965e-02,-1.695259809494018555e-01,2.386424317955970764e-02,-1.059368774294853210e-01,-1.832596510648727417e-01,-1.584715098142623901e-01,1.681686192750930786e-01,-1.816936023533344269e-02,-8.843853324651718140e-02,-1.215595006942749023e-01,-8.988171815872192383e-02,7.825970649719238281e-03,-4.686347395181655884e-02,2.156598865985870361e-02,3.998167216777801514e-01,2.336397320032119751e-01,8.313805796205997467e-03,-2.003722190856933594e-01,-1.970136165618896484e-02,-1.085737794637680054e-01,-1.011897921562194824e-01,-9.124453179538249969e-03,-1.125244945287704468e-01,-9.583486616611480713e-02,-6.188320741057395935e-02
-1.725797951221466064e-01,-1.285795005969703197e-03,4.153277575969696045e-01,2.812298238277435303e-01,-7.543091475963592529e-02,8.701902627944946289e-02,7.752795219421386719e-01,-8.334878832101821899e-02,2.210141122341156006e-01,4.760107100009918213e-01,2.067389637231826782e-01,2.019656449556350708e-01,2.418840080499649048e-01,9.310556203126907349e-02,1.304179280996322632e-01,2.701004967093467712e-02,9.999999403953552246e-01,7.630723118782043457e-01,6.133987903594970703e-01,4.898793101310729980e-01,2.335918247699737549e-01,4.209844172000885010e-01,3.368819057941436768e-01,3.157986700534820557e-01,-1.568233072757720947e-01,6.856041550636291504e-01,-1.245025843381881714e-01,-2.619386650621891022e-02,1.829284280538558960e-01,4.542939960956573486e-01,4.921981692314147949e-01,4.715535342693328857e-01,-2.488262802362442017e-01,2.084184810519218445e-02,2.461810708045959473e-01,3.323621153831481934e-01,3.121794946491718292e-02,1.484763324260711670e-01,2.126225382089614868e-01,2.056777179241180420e-01,-7.096060365438461304e-02,2.467796057462692261e-01,5.094656944274902344e-01,4.585518315434455872e-02,2.726179361343383789e-01,4.343066811561584473e-01,4.014343023300170898e-01,2.205893397331237793e-01
-1.802385747432708740e-01,4.656861722469329834e-02,2.578682005405426025e-01,2.527951300144195557e-01,-2.199962548911571503e-02,1.061490997672080994e-01,6.793951988220214844e-01,-5.326171591877937317e-02,2.216613590717315674e-01,4.064872860908508301e-01,1.340043544769287109e-01,2.395646087825298309e-02,1.481824368238449097e-01,1.881298609077930450e-02,1.058805640786886215e-02,-4.275764152407646179e-02,7.630723118782043457e-01,9.999999403953552246e-01,6.844555735588073730e-01,5.859073400497436523e-01,2.834936976432800293e-01,3.767433464527130127e-01,3.486794233322143555e-01,2.993772327899932861e-01,-1.452256590127944946e-01,6.331753134727478027e-01,-9.741102904081344604e-02,-7.032682001590728760e-02,1.486650854349136353e-01,3.553074300289154053e-01,4.957286119461059570e-01,4.362114965915679932e-01,-1.875248849391937256e-01,6.629565358161926270e-02,2.319310754537582397e-01,3.159970343112945557e-01,-1.251854933798313141e-02,1.177198439836502075e-01,2.029226124286651611e-01,1.815801262855529785e-01,-1.772583834826946259e-02,1.753036230802536011e-01,4.228181242942810059e-01,9.074496477842330933e-02,2.486556917428970337e-01,3.752023279666900635e-01,3.805390000343322754e-01,1.927956193685531616e-01
-1.435449719429016113e-01,1.191590502858161926e-01,2.447981685400009155e-01,2.498682588338851929e-01,-1.177193596959114075e-02,6.086584553122520447e-02,5.896981954574584961e-01,-1.138033997267484665e-02,2.113094478845596313e-01,3.097462058067321777e-01,1.193268671631813049e-01,6.901387125253677368e-02,1.486773490905761719e-01,4.915409907698631287e-02,1.048941016197204590e-01,-3.969572857022285461e-02,6.133987903594970703e-01,6.844555735588073730e-01,9.999994635581970215e-01,6.053937673568725586e-01,3.181424140930175781e-01,2.744958996772766113e-01,3.540172576904296875e-01,2.719519436359405518e-01,-1.208183988928794861e-01,5.051493048667907715e-01,-6.688386201858520508e-02,-1.634806394577026367e-02,1.964789181947708130e-01,2.790745794773101807e-01,3.184093236923217773e-01,3.362177908420562744e-01,-1.631395816802978516e-01,7.577951997518539429e-02,1.912132203578948975e-01,2.522147893905639648e-01,4.301286488771438599e-02,1.466992646455764771e-01,1.857586354017257690e-01,1.784055083990097046e-01,3.952026367187500000e-02,2.260913699865341187e-01,5.055916905403137207e-01,8.821983635425567627e-02,2.904754877090454102e-01,2.959834635257720947e-01,2.886531054973602295e-01,1.728031933307647705e-01
-1.156484186649322510e-01,2.248347997665405273e-01,1.223485767841339111e-01,2.742552757263183594e-01,6.466199457645416260e-02,7.336931675672531128e-02,5.136014819145202637e-01,-3.707977244630455971e-03,2.305543720722198486e-01,4.872292280197143555e-01,3.856639936566352844e-02,1.055949926376342773e-01,3.192522227764129639e-01,-9.798309206962585449e-02,-5.981035158038139343e-02,-9.299512952566146851e-02,4.898793101310729980e-01,5.859073400497436523e-01,6.053937673568725586e-01,9.999997615814208984e-01,6.925153732299804688e-01,4.271755516529083252e-01,7.708947360515594482e-02,-8.245890960097312927e-03,-8.227111399173736572e-02,3.728688657283782959e-01,1.274150889366865158e-02,3.164868801832199097e-02,2.367697805166244507e-01,2.861275374889373779e-01,3.934841454029083252e-01,1.808288991451263428e-01,-4.538310319185256958e-02,1.108564659953117371e-01,2.044441699981689453e-01,6.291255354881286621e-02,-5.311362817883491516e-02,-1.044228821992874146e-01,-5.574676021933555603e-02,-1.977772861719131470e-01,1.825187355279922485e-01,2.810760140419006348e-01,4.553890228271484375e-01,9.738944470882415771e-02,3.391952812671661377e-01,5.090934634208679199e-01,1.006627455353736877e-01,-1.850404441356658936e-01
7.198974490165710449e-02,2.208190858364105225e-01,1.287282258272171021e-01,3.303199708461761475e-01,6.827723979949951172e-02,5.621721222996711731e-02,3.238056600093841553e-01,6.119035929441452026e-02,7.951665669679641724e-02,3.407453000545501709e-01,-2.272270992398262024e-02,1.983877718448638916e-01,4.347178637981414795e-01,-1.182673200964927673e-01,3.020211867988109589e-02,5.435231328010559082e-02,2.335918247699737549e-01,2.834936976432800293e-01,3.181424140930175781e-01,6.925153732299804688e-01,1.000000357627868652e+00,5.118955373764038086e-01,-1.023681536316871643e-01,-2.153992354869842529e-01,-1.455762982368469238e-02,1.483925282955169678e-01,1.088764145970344543e-01,1.280353218317031860e-01,2.280723005533218384e-01,2.348849028348922729e-01,2.875173389911651611e-01,-2.509579993784427643e-02,9.541999548673629761e-02,9.027794003486633301e-02,1.505370140075683594e-01,-1.362255960702896118e-01,-1.169960051774978638e-01,-1.875834017992019653e-01,-1.873279362916946411e-01,-3.989079296588897705e-01,1.981177031993865967e-01,1.868827641010284424e-01,2.475811988115310669e-01,3.869967907667160034e-02,2.324568331241607666e-01,4.117787480354309082e-01,-1.119769513607025146e-01,-3.300440907478332520e-01
8.627030998468399048e-02,1.346498611383140087e-03,4.349578320980072021e-01,3.694128990173339844e-01,-1.275816373527050018e-02,6.843679398298263550e-02,4.222405552864074707e-01,-2.453278517350554466e-03,-1.268675923347473145e-02,2.783071696758270264e-01,1.658355742692947388e-01,3.210756480693817139e-01,5.274587869644165039e-01,2.321004867553710938e-02,1.516106426715850830e-01,3.200194239616394043e-01,4.209844172000885010e-01,3.767433464527130127e-01,2.744958996772766113e-01,4.271755516529083252e-01,5.118955373764038086e-01,1.000000357627868652e+00,1.180444359779357910e-01,1.396207138895988464e-02,4.665923770517110825e-03,2.684169411659240723e-01,1.054965630173683167e-01,1.484409570693969727e-01,2.308961302042007446e-01,4.441217184066772461e-01,4.870390594005584717e-01,2.135490328073501587e-01,-1.642107218503952026e-02,2.281910739839076996e-02,2.512662410736083984e-01,5.817229300737380981e-02,-6.900491565465927124e-02,1.092929113656282425e-02,1.766620576381683350e-02,-1.661845892667770386e-01,-1.286134961992502213e-02,-2.709693275392055511e-02,1.790338605642318726e-01,-1.163405105471611023e-01,1.004974320530891418e-01,2.931985557079315186e-01,1.472622901201248169e-01,-9.854109585285186768e-02
-2.608094513416290283e-01,-1.027685590088367462e-03,2.866696193814277649e-02,1.142994016408920288e-01,7.693874090909957886e-02,1.401084661483764648e-01,2.748087048530578613e-01,-1.997623145580291748e-01,1.232238858938217163e-01,-1.333520188927650452e-02,9.053370356559753418e-02,-5.014683678746223450e-02,-7.972578704357147217e-02,4.829628765583038330e-02,1.217250302433967590e-01,8.936174958944320679e-02,3.368819057941436768e-01,3.486794233322143555e-01,3.540172576904296875e-01,7.708947360515594482e-02,-1.023681536316871643e-01,1.180444359779357910e-01,9.999997615814208984e-01,5.810204744338989258e-01,-3.100429773330688477e-01,4.372149407863616943e-01,-2.451962530612945557e-01,-2.283407449722290039e-01,-5.137854069471359253e-02,2.529664039611816406e-01,2.049849182367324829e-01,4.153378307819366455e-01,-2.961932122707366943e-01,5.690537393093109131e-02,1.563453227281570435e-01,5.080384612083435059e-01,1.915438473224639893e-01,5.269910693168640137e-01,6.583645939826965332e-01,6.706991195678710938e-01,-1.755904108285903931e-01,1.829281300306320190e-01,1.547631770372390747e-01,2.627625875174999237e-02,1.260580569505691528e-01,-2.598729357123374939e-02,5.104256272315979004e-01,5.270480513572692871e-01
-2.419315576553344727e-01,1.112273856997489929e-01,5.214333906769752502e-02,-8.074232935905456543e-02,2.363692410290241241e-02,1.280420124530792236e-01,2.676857113838195801e-01,-5.859563127160072327e-02,1.785597503185272217e-01,3.428727015852928162e-02,1.749608814716339111e-01,2.338264510035514832e-02,-7.880898565053939819e-02,8.671624213457107544e-02,1.026321295648813248e-02,-5.238756537437438965e-02,3.157986700534820557e-01,2.993772327899932861e-01,2.719519436359405518e-01,-8.245890960097312927e-03,-2.153992354869842529e-01,1.396207138895988464e-02,5.810204744338989258e-01,9.999997615814208984e-01,-1.447045207023620605e-01,4.740022122859954834e-01,-1.461156308650970459e-01,-6.005267426371574402e-02,1.798499077558517456e-01,3.400484919548034668e-01,3.028770089149475098e-01,6.735848784446716309e-01,-2.011259049177169800e-01,1.235295534133911133e-01,1.407878547906875610e-01,7.471718788146972656e-01,2.394509911537170410e-01,3.392638862133026123e-01,4.458548724651336670e-01,6.803489923477172852e-01,-7.958225905895233154e-02,2.483132481575012207e-01,2.927545607089996338e-01,7.649672031402587891e-02,2.315417230129241943e-01,2.801062539219856262e-02,7.675892710685729980e-01,6.047956943511962891e-01
6.393927335739135742e-01,3.549006283283233643e-01,1.734063625335693359e-01,-1.529149115085601807e-01,1.607114523649215698e-01,2.350645372644066811e-03,-1.686682105064392090e-01,7.018892765045166016e-01,3.876980394124984741e-02,-4.721192643046379089e-02,3.255358040332794189e-01,6.978428363800048828e-02,1.704536676406860352e-01,2.688793838024139404e-01,-1.699704229831695557e-01,-1.695259809494018555e-01,-1.568233072757720947e-01,-1.452256590127944946e-01,-1.208183988928794861e-01,-8.227111399173736572e-02,-1.455762982368469238e-02,4.665923770517110825e-03,-3.100429773330688477e-01,-1.447045207023620605e-01,1.000000238418579102e+00,-2.416481822729110718e-01,7.946853637695312500e-01,6.786424517631530762e-01,4.912567734718322754e-01,-2.118026763200759888e-01,-1.129572093486785889e-01,-6.065174564719200134e-02,7.992213368415832520e-01,4.588485956192016602e-01,4.745068028569221497e-02,-1.933758407831192017e-01,2.205302566289901733e-01,-3.333073556423187256e-01,-3.993577063083648682e-01,-2.509493827819824219e-01,4.773680269718170166e-01,-8.693093806505203247e-02,-1.986133866012096405e-03,-9.177470207214355469e-02,-3.062104247510433197e-02,3.963783383369445801e-02,-1.624443680047988892e-01,-6.412712484598159790e-02
-1.806608587503433228e-01,8.193599432706832886e-02,3.376437723636627197e-01,2.349790036678314209e-01,-2.339731156826019287e-02,8.999583125114440918e-02,6.566233038902282715e-01,-1.833071410655975342e-01,1.645750105381011963e-01,2.657759785652160645e-01,5.867334455251693726e-02,2.480967901647090912e-02,4.162271693348884583e-02,-1.865771040320396423e-02,6.834198534488677979e-02,2.386424317955970764e-02,6.856041550636291504e-01,6.331753134727478027e-01,5.051493048667907715e-01,3.728688657283782959e-01,1.483925282955169678e-01,2.684169411659240723e-01,4.372149407863616943e-01,4.740022122859954834e-01,-2.416481822729110718e-01,9.999999403953552246e-01,-1.791205108165740967e-01,-1.095826625823974609e-01,1.698126047849655151e-01,4.214916527271270752e-01,4.789680242538452148e-01,5.330429077148437500e-01,-2.945211231708526611e-01,3.059982787817716599e-03,1.870924830436706543e-01,4.573193490505218506e-01,-1.505245640873908997e-02,2.749858796596527100e-01,3.745804727077484131e-01,3.777736723423004150e-01,-4.779985174536705017e-02,3.187663555145263672e-01,4.100575745105743408e-01,5.165704712271690369e-02,2.672213613986968994e-01,2.600736320018768311e-01,4.678893983364105225e-01,3.388160765171051025e-01
6.181321144104003906e-01,3.816711604595184326e-01,1.683062016963958740e-01,-5.562502518296241760e-02,2.240359783172607422e-01,1.046558171510696411e-01,-1.046384423971176147e-01,5.927340388298034668e-01,-4.120948258787393570e-03,-6.831433624029159546e-02,2.523277699947357178e-01,6.945260614156723022e-02,1.862963438034057617e-01,2.373478859663009644e-01,-1.643901765346527100e-01,-1.059368774294853210e-01,-1.245025843381881714e-01,-9.741102904081344604e-02,-6.688386201858520508e-02,1.274150889366865158e-02,1.088764145970344543e-01,1.054965630173683167e-01,-2.451962530612945557e-01,-1.461156308650970459e-01,7.946853637695312500e-01,-1.791205108165740967e-01,1.000000357627868652e+00,6.757006645202636719e-01,5.268649458885192871e-01,-1.105293035507202148e-01,-3.296624496579170227e-02,-3.891100734472274780e-02,7.742502093315124512e-01,4.413179457187652588e-01,1.020219027996063232e-01,-1.864876002073287964e-01,2.024414092302322388e-01,-2.646297812461853027e-01,-3.470643460750579834e-01,-2.416999489068984985e-01,4.774381518363952637e-01,-8.605425059795379639e-02,1.451687514781951904e-02,-2.511339783668518066e-01,-3.243851661682128906e-02,4.136956110596656799e-02,-1.463734954595565796e-01,-9.001291543245315552e-02
5.082106590270996094e-01,4.143523275852203369e-01,3.163857460021972656e-01,-1.498540490865707397e-01,1.492765992879867554e-01,8.546450734138488770e-02,-1.469441130757331848e-02,6.091480255126953125e-01,1.043589264154434204e-01,8.504453301429748535e-02,4.137755036354064941e-01,2.395842969417572021e-01,2.457268387079238892e-01,4.368735849857330322e-01,-2.329181879758834839e-02,-1.832596510648727417e-01,-2.619386650621891022e-02,-7.032682001590728760e-02,-1.634806394577026367e-02,3.164868801832199097e-02,1.280353218317031860e-01,1.484409570693969727e-01,-2.283407449722290039e-01,-6.005267426371574402e-02,6.786424517631530762e-01,-1.095826625823974609e-01,6.757006645202636719e-01,1.000000000000000000e+00,7.129541039466857910e-01,5.827590450644493103e-02,4.777012020349502563e-02,1.091009899973869324e-01,6.217046976089477539e-01,4.837092161178588867e-01,1.282928436994552612e-01,-7.569147646427154541e-02,3.155644237995147705e-01,-2.751705646514892578e-01,-3.501486480236053467e-01,-1.762737780809402466e-01,5.145098567008972168e-01,9.344872087240219116e-03,1.251861155033111572e-01,-8.890773355960845947e-02,8.118534088134765625e-02,1.262529492378234863e-01,-2.843575179576873779e-02,6.640153378248214722e-02
3.489606976509094238e-01,5.452316999435424805e-01,2.628055214881896973e-01,-2.184931002557277679e-02,2.091394811868667603e-01,1.710423380136489868e-01,2.237446606159210205e-01,4.469475150108337402e-01,1.853276938199996948e-01,1.956709027290344238e-01,3.120323717594146729e-01,1.687391251325607300e-01,2.368413209915161133e-01,2.931248247623443604e-01,-8.195035159587860107e-02,-1.584715098142623901e-01,1.829284280538558960e-01,1.486650854349136353e-01,1.964789181947708130e-01,2.367697805166244507e-01,2.280723005533218384e-01,2.308961302042007446e-01,-5.137854069471359253e-02,1.798499077558517456e-01,4.912567734718322754e-01,1.698126047849655151e-01,5.268649458885192871e-01,7.129541039466857910e-01,1.000000357627868652e+00,2.831726968288421631e-01,2.739114165306091309e-01,3.220647871494293213e-01,4.544094800949096680e-01,4.678919613361358643e-01,2.003562748432159424e-01,1.623288691043853760e-01,3.053160607814788818e-01,-1.356450468301773071e-01,-1.814607381820678711e-01,-4.035235196352005005e-02,5.194959044456481934e-01,1.829765737056732178e-01,3.506472110748291016e-01,-6.721417594235390425e-05,2.545133531093597412e-01,2.555222809314727783e-01,1.788899153470993042e-01,1.362431794404983521e-01
-3.229393362998962402e-01,5.789376422762870789e-02,3.797534108161926270e-01,5.858530476689338684e-02,-1.733532696962356567e-01,2.410493092611432076e-03,4.095556437969207764e-01,-1.616159975528717041e-01,2.423518747091293335e-01,3.451830446720123291e-01,3.020451962947845459e-01,3.474218249320983887e-01,2.915757596492767334e-01,8.808071166276931763e-02,2.431903183460235596e-01,1.681686192750930786e-01,4.542939960956573486e-01,3.553074300289154053e-01,2.790745794773101807e-01,2.861275374889373779e-01,2.348849028348922729e-01,4.441217184066772461e-01,2.529664039611816406e-01,3.400484919548034668e-01,-2.118026763200759888e-01,4.214916527271270752e-01,-1.105293035507202148e-01,5.827590450644493103e-02,2.831726968288421631e-01,9.999997615814208984e-01,6.432749629020690918e-01,4.827108681201934814e-01,-3.040514290332794189e-01,3.563233464956283569e-02,4.054991006851196289e-01,4.294118881225585938e-01,3.452191874384880066e-02,2.858037054538726807e-01,2.329040169715881348e-01,1.221081539988517761e-01,-9.319356083869934082e-02,2.281468808650970459e-01,3.930939435958862305e-01,3.521893545985221863e-02,2.501070797443389893e-01,2.882286906242370605e-01,4.210023880004882812e-01,1.706833690404891968e-01
-2.262685447931289673e-01,1.639066785573959351e-01,3.277150988578796387e-01,1.873625367879867554e-01,-1.567976921796798706e-02,1.203909218311309814e-01,4.490923881530761719e-01,-5.024456232786178589e-02,2.231609225273132324e-01,4.047859311103820801e-01,2.229057699441909790e-01,6.164670735597610474e-02,1.251232922077178955e-01,-4.692647606134414673e-02,-9.667784720659255981e-02,-1.816936023533344269e-02,4.921981692314147949e-01,4.957286119461059570e-01,3.184093236923217773e-01,3.934841454029083252e-01,2.875173389911651611e-01,4.870390594005584717e-01,2.049849182367324829e-01,3.028770089149475098e-01,-1.129572093486785889e-01,4.789680242538452148e-01,-3.296624496579170227e-02,4.777012020349502563e-02,2.739114165306091309e-01,6.432749629020690918e-01,1.000000119209289551e+00,5.488250255584716797e-01,-1.901795417070388794e-01,1.011696383357048035e-01,3.874805569648742676e-01,4.351247847080230713e-01,-7.855857722461223602e-03,1.635468155145645142e-01,2.060063928365707397e-01,6.977750360965728760e-02,4.572229087352752686e-02,1.926946341991424561e-01,3.190175890922546387e-01,9.146378934383392334e-02,2.042178064584732056e-01,3.661692440509796143e-01,4.643834531307220459e-01,1.414939910173416138e-01
-2.290110737085342407e-01,2.305170595645904541e-01,2.483044266700744629e-01,-6.513826549053192139e-02,-5.466872453689575195e-02,8.728616684675216675e-02,3.834951221942901611e-01,6.350722908973693848e-02,2.504335343837738037e-01,3.059920966625213623e-01,3.351253569126129150e-01,4.827267676591873169e-02,1.329813618212938309e-02,1.624548733234405518e-01,7.910584099590778351e-03,-8.843853324651718140e-02,4.715535342693328857e-01,4.362114965915679932e-01,3.362177908420562744e-01,1.808288991451263428e-01,-2.509579993784427643e-02,2.135490328073501587e-01,4.153378307819366455e-01,6.735848784446716309e-01,-6.065174564719200134e-02,5.330429077148437500e-01,-3.891100734472274780e-02,1.091009899973869324e-01,3.220647871494293213e-01,4.827108681201934814e-01,5.488250255584716797e-01,1.000000238418579102e+00,-1.748177558183670044e-01,2.276642024517059326e-01,3.673093616962432861e-01,7.088380455970764160e-01,2.123743891716003418e-01,2.550642192363739014e-01,3.387849926948547363e-01,4.635688066482543945e-01,-7.294186507351696491e-04,1.962416172027587891e-01,3.577322959899902344e-01,1.028676480054855347e-01,3.699741363525390625e-01,3.169263601303100586e-01,6.915751695632934570e-01,5.578557848930358887e-01
