1.000000238418579102e+00,3.961095809936523438e-01,3.361770808696746826e-01,4.273247718811035156e-01,5.460909008979797363e-01,5.712200403213500977e-01,3.057786524295806885e-01,3.847862184047698975e-01,3.209861218929290771e-01,3.347170352935791016e-01,2.591995894908905029e-01,2.850256562232971191e-01,3.878881335258483887e-01,1.233983039855957031e-01,1.956109106540679932e-01,2.553559243679046631e-01,1.569349765777587891e-01,9.993658401072025299e-03,3.094385266304016113e-01,2.820417881011962891e-01,4.277221262454986572e-01,3.105846047401428223e-01,2.763174176216125488e-01,2.261362522840499878e-01,2.261385172605514526e-01,2.953101992607116699e-01,1.937546133995056152e-01,5.613642334938049316e-01,5.160660147666931152e-01,4.806447327136993408e-01,3.425664603710174561e-01,2.876178920269012451e-01,3.396513760089874268e-01,2.300267666578292847e-01,1.975397169589996338e-01,1.575102508068084717e-01,2.223190665245056152e-01,2.074632197618484497e-01,2.322647720575332642e-01,2.435117363929748535e-01,5.233469605445861816e-01,3.777184188365936279e-01,2.886682152748107910e-01,2.845499515533447266e-01,2.792349755764007568e-01,3.894017338752746582e-01,3.346342742443084717e-01,1.758743673563003540e-01
3.961095809936523438e-01,9.999994039535522461e-01,2.691052556037902832e-01,2.568112611770629883e-01,4.235365688800811768e-01,4.176980555057525635e-01,3.872238993644714355e-01,4.685337841510772705e-01,5.408031344413757324e-01,6.393434405326843262e-01,4.196656048297882080e-01,4.098562002182006836e-01,4.655785560607910156e-01,1.787300556898117065e-01,2.313013225793838501e-01,2.251304090023040771e-01,2.350444197654724121e-01,9.184502065181732178e-02,3.679448962211608887e-01,4.459089338779449463e-01,3.854340016841888428e-01,2.262666225433349609e-01,2.960294187068939209e-01,3.689152300357818604e-01,1.348421275615692139e-01,2.717550396919250488e-01,4.297078847885131836e-01,4.255071282386779785e-01,5.477670431137084961e-01,3.714093565940856934e-01,2.832015156745910645e-01,3.083647489547729492e-01,4.005529284477233887e-01,3.108206689357757568e-01,3.755285143852233887e-01,3.762139081954956055e-01,2.460565567016601562e-01,3.468196094036102295e-01,3.010063171386718750e-01,8.623202890157699585e-02,5.869876146316528320e-01,6.013258099555969238e-01,4.387820065021514893e-01,6.445306539535522461e-01,5.856575965881347656e-01,5.606931447982788086e-01,3.622615337371826172e-01,2.053606510162353516e-01
3.361770808696746826e-01,2.691052556037902832e-01,9.999997019767761230e-01,5.829601287841796875e-01,2.415623366832733154e-01,2.998918890953063965e-01,3.567954003810882568e-01,3.549285829067230225e-01,3.475410938262939453e-01,3.116290867328643799e-01,3.054787516593933105e-01,3.343781530857086182e-01,2.793459892272949219e-01,7.636611163616180420e-02,2.421396821737289429e-01,2.722996771335601807e-01,3.693166673183441162e-01,3.374711573123931885e-01,3.847690522670745850e-01,3.493205606937408447e-01,3.439409136772155762e-01,4.691214263439178467e-01,3.127288222312927246e-01,1.134807467460632324e-01,-7.288255542516708374e-02,5.797603130340576172e-01,2.448821514844894409e-01,5.559270977973937988e-01,4.242249429225921631e-01,3.864984512329101562e-01,4.428727030754089355e-01,4.288373589515686035e-01,2.252681702375411987e-01,1.861088573932647705e-01,2.079655826091766357e-01,2.759153842926025391e-01,1.497379690408706665e-01,2.703935503959655762e-01,2.912175655364990234e-01,1.689560562372207642e-01,3.027380108833312988e-01,1.900927424430847168e-01,2.064228653907775879e-01,1.190694645047187805e-01,8.976300060749053955e-02,2.424192577600479126e-01,2.722674906253814697e-01,2.603282630443572998e-01
4.273247718811035156e-01,2.568112611770629883e-01,5.829601287841796875e-01,1.000000119209289551e+00,2.840596735477447510e-01,3.792657256126403809e-01,2.619819641113281250e-01,3.348897695541381836e-01,3.454149961471557617e-01,2.466788589954376221e-01,2.821545302867889404e-01,3.265334963798522949e-01,2.584581673145294189e-01,6.381638348102569580e-02,2.081364095211029053e-01,3.057714402675628662e-01,1.807046532630920410e-01,1.529498994350433350e-01,2.509718537330627441e-01,2.971003949642181396e-01,4.851471185684204102e-01,4.319733083248138428e-01,1.920060217380523682e-01,1.385291386395692825e-02,-6.308472715318202972e-03,4.310218095779418945e-01,2.524343430995941162e-01,5.182878971099853516e-01,3.723585307598114014e-01,4.042542576789855957e-01,3.129065930843353271e-01,2.575671374797821045e-01,2.734561860561370850e-01,1.411790549755096436e-01,1.894939690828323364e-01,1.358153969049453735e-01,2.147005796432495117e-01,2.180127054452896118e-01,2.152946144342422485e-01,9.439178556203842163e-02,3.494699895381927490e-01,1.359857022762298584e-01,1.032208800315856934e-01,1.503738462924957275e-01,7.877252064645290375e-03,1.281184703111648560e-01,1.422028839588165283e-01,1.484155654907226562e-01
5.460909008979797363e-01,4.235365688800811768e-01,2.415623366832733154e-01,2.840596735477447510e-01,9.999997019767761230e-01,7.044860720634460449e-01,2.469290643930435181e-01,2.760759592056274414e-01,2.513488233089447021e-01,3.434539735317230225e-01,1.660505980253219604e-01,2.132896929979324341e-01,4.214257001876831055e-01,5.158281885087490082e-03,3.641099482774734497e-02,1.152985095977783203e-01,1.164447814226150513e-01,5.347163602709770203e-02,3.213680088520050049e-01,3.440656363964080811e-01,4.429963231086730957e-01,2.824691832065582275e-01,1.882796585559844971e-01,2.586142718791961670e-01,8.963754028081893921e-02,2.263207733631134033e-01,1.797104775905609131e-01,3.997588753700256348e-01,3.934522271156311035e-01,3.177908658981323242e-01,3.135616183280944824e-01,2.484947144985198975e-01,2.417895048856735229e-01,7.960591465234756470e-02,1.004266291856765747e-01,1.578708440065383911e-01,1.391028463840484619e-01,9.972666949033737183e-02,1.595459878444671631e-01,8.323118835687637329e-02,5.959808826446533203e-01,4.571848213672637939e-01,3.576605021953582764e-01,3.092164993286132812e-01,3.739960789680480957e-01,4.553524255752563477e-01,2.795357704162597656e-01,1.460916101932525635e-01
5.712200403213500977e-01,4.176980555057525635e-01,2.998918890953063965e-01,3.792657256126403809e-01,7.044860720634460449e-01,9.999997615814208984e-01,3.387908339500427246e-01,2.342540025711059570e-01,2.604982256889343262e-01,3.125989437103271484e-01,1.287683844566345215e-01,1.627783626317977905e-01,4.087267816066741943e-01,-4.113604128360748291e-02,5.250538513064384460e-02,2.464646995067596436e-01,1.744297146797180176e-01,1.445110738277435303e-01,3.857331275939941406e-01,4.220943152904510498e-01,4.905669987201690674e-01,3.809448778629302979e-01,2.973473966121673584e-01,2.811284661293029785e-01,-1.535370945930480957e-02,3.314592540264129639e-01,8.486381173133850098e-02,3.939526379108428955e-01,3.923925161361694336e-01,3.251644372940063477e-01,3.842977285385131836e-01,3.228036165237426758e-01,1.491218209266662598e-01,4.090288653969764709e-02,1.470839083194732666e-01,1.853775829076766968e-01,9.231958538293838501e-02,9.575057029724121094e-02,2.346467673778533936e-01,1.798842549324035645e-01,5.887675881385803223e-01,4.733029305934906006e-01,3.876709342002868652e-01,3.470761477947235107e-01,3.793162405490875244e-01,4.865501224994659424e-01,3.198790550231933594e-01,2.241457849740982056e-01
3.057786524295806885e-01,3.872238993644714355e-01,3.567954003810882568e-01,2.619819641113281250e-01,2.469290643930435181e-01,3.387908339500427246e-01,1.000000119209289551e+00,2.894234657287597656e-01,3.953455090522766113e-01,4.068078100681304932e-01,2.107533067464828491e-01,2.413037121295928955e-01,3.450964391231536865e-01,2.576672285795211792e-02,8.196805417537689209e-02,1.753858029842376709e-01,6.144907474517822266e-01,3.075777888298034668e-01,5.497500300407409668e-01,3.342361450195312500e-01,2.220838218927383423e-01,1.906491219997406006e-01,4.355049133300781250e-01,2.486303448677062988e-01,-3.032161854207515717e-02,6.042618751525878906e-01,1.666489988565444946e-01,2.947244644165039062e-01,3.521867394447326660e-01,4.076629877090454102e-01,3.379774689674377441e-01,3.866681158542633057e-01,1.762402355670928955e-01,1.699746102094650269e-01,1.079943031072616577e-01,3.809822499752044678e-01,7.073314487934112549e-02,1.791628003120422363e-01,3.138953149318695068e-01,3.444469571113586426e-01,2.908715903759002686e-01,4.931259155273437500e-01,4.909275174140930176e-01,2.967367470264434814e-01,3.745363950729370117e-01,5.394799709320068359e-01,3.754504323005676270e-01,1.619050353765487671e-01
3.847862184047698975e-01,4.685337841510772705e-01,3.549285829067230225e-01,3.348897695541381836e-01,2.760759592056274414e-01,2.342540025711059570e-01,2.894234657287597656e-01,9.999997019767761230e-01,6.288742423057556152e-01,5.693776011466979980e-01,7.189335227012634277e-01,6.960663199424743652e-01,5.293703079223632812e-01,5.058573484420776367e-01,5.665997862815856934e-01,4.159963428974151611e-01,2.516031563282012939e-01,3.233856335282325745e-02,3.780522942543029785e-01,3.743941783905029297e-01,4.583461582660675049e-01,4.184664189815521240e-01,4.065955579280853271e-01,2.790981829166412354e-01,4.138500988483428955e-01,2.252131700515747070e-01,6.034359335899353027e-01,5.282407999038696289e-01,5.085937380790710449e-01,4.940332472324371338e-01,3.740994036197662354e-01,4.817318618297576904e-01,6.637232303619384766e-01,5.930901169776916504e-01,3.379324376583099365e-01,4.405713379383087158e-01,6.104736924171447754e-01,5.954278111457824707e-01,4.058776497840881348e-01,2.351945191621780396e-01,3.821382522583007812e-01,3.166136741638183594e-01,2.845900654792785645e-01,3.461283445358276367e-01,2.674139440059661865e-01,3.936606049537658691e-01,4.603333175182342529e-01,3.783504962921142578e-01
3.209861218929290771e-01,5.408031344413757324e-01,3.475410938262939453e-01,3.454149961471557617e-01,2.513488233089447021e-01,2.604982256889343262e-01,3.953455090522766113e-01,6.288742423057556152e-01,1.000000000000000000e+00,6.412274837493896484e-01,5.896869897842407227e-01,6.562518477439880371e-01,5.555892586708068848e-01,2.979530394077301025e-01,3.899956643581390381e-01,3.703650236129760742e-01,3.176636099815368652e-01,6.718551367521286011e-02,3.605411350727081299e-01,3.116223812103271484e-01,3.667423129081726074e-01,3.530987501144409180e-01,4.033941924571990967e-01,2.830511033535003662e-01,2.904236912727355957e-01,3.228247463703155518e-01,5.286897420883178711e-01,4.696629643440246582e-01,4.611158072948455811e-01,4.810285270214080811e-01,3.762021064758300781e-01,4.351613819599151611e-01,5.596925020217895508e-01,4.687623679637908936e-01,3.733860552310943604e-01,4.830183684825897217e-01,4.237895607948303223e-01,4.720009565353393555e-01,3.679956495761871338e-01,2.031227350234985352e-01,3.997175991535186768e-01,4.066362679004669189e-01,3.305822014808654785e-01,4.597900509834289551e-01,3.382302224636077881e-01,4.700123965740203857e-01,4.505831003189086914e-01,3.179216980934143066e-01
3.347170352935791016e-01,6.393434405326843262e-01,3.116290867328643799e-01,2.466788589954376221e-01,3.434539735317230225e-01,3.125989437103271484e-01,4.068078100681304932e-01,5.693776011466979980e-01,6.412274837493896484e-01,1.000000000000000000e+00,5.278787612915039062e-01,5.913223624229431152e-01,6.545677781105041504e-01,2.541918158531188965e-01,2.968394160270690918e-01,2.506392896175384521e-01,3.105757832527160645e-01,7.578270882368087769e-02,4.089760184288024902e-01,4.010147750377655029e-01,3.704918026924133301e-01,3.042849898338317871e-01,4.117467403411865234e-01,3.898085653781890869e-01,2.385109812021255493e-01,3.263189494609832764e-01,5.239950418472290039e-01,4.514709711074829102e-01,5.016637444496154785e-01,4.230614006519317627e-01,3.595179915428161621e-01,4.378796815872192383e-01,5.037514567375183105e-01,4.071601629257202148e-01,3.241552114486694336e-01,4.740952253341674805e-01,3.396119773387908936e-01,4.189690649509429932e-01,3.322400450706481934e-01,2.037962228059768677e-01,4.794606864452362061e-01,5.261051058769226074e-01,4.351193010807037354e-01,5.282115340232849121e-01,4.767329692840576172e-01,5.943893790245056152e-01,4.779435694217681885e-01,3.064566254615783691e-01
2.591995894908905029e-01,4.196656048297882080e-01,3.054787516593933105e-01,2.821545302867889404e-01,1.660505980253219604e-01,1.287683844566345215e-01,2.107533067464828491e-01,7.189335227012634277e-01,5.896869897842407227e-01,5.278787612915039062e-01,9.999999403953552246e-01,6.851163506507873535e-01,4.905719459056854248e-01,5.155845284461975098e-01,6.186053752899169922e-01,4.202796518802642822e-01,1.924863606691360474e-01,-3.832323476672172546e-03,2.851805984973907471e-01,3.543603718280792236e-01,4.182183742523193359e-01,3.877492845058441162e-01,3.749579489231109619e-01,2.891869246959686279e-01,4.454860091209411621e-01,1.556960344314575195e-01,6.179851293563842773e-01,4.774956405162811279e-01,4.567178487777709961e-01,4.148375391960144043e-01,3.199651539325714111e-01,4.612920582294464111e-01,6.314226388931274414e-01,5.828171968460083008e-01,3.685812950134277344e-01,4.419078230857849121e-01,6.255830526351928711e-01,6.597650647163391113e-01,4.285655915737152100e-01,1.971513926982879639e-01,3.346158862113952637e-01,2.644954919815063477e-01,2.438543587923049927e-01,2.863785624504089355e-01,2.256551980972290039e-01,3.112042546272277832e-01,4.331773519515991211e-01,3.899919092655181885e-01
2.850256562232971191e-01,4.098562002182006836e-01,3.343781530857086182e-01,3.265334963798522949e-01,2.132896929979324341e-01,1.627783626317977905e-01,2.413037121295928955e-01,6.960663199424743652e-01,6.562518477439880371e-01,5.913223624229431152e-01,6.851163506507873535e-01,9.999999403953552246e-01,5.861301422119140625e-01,4.129477739334106445e-01,5.265511870384216309e-01,4.175719618797302246e-01,2.478565573692321777e-01,-2.243635617196559906e-02,2.544863522052764893e-01,2.421368062496185303e-01,3.975255787372589111e-01,4.029614031314849854e-01,4.003463089466094971e-01,2.272085994482040405e-01,4.033706486225128174e-01,2.057768106460571289e-01,6.111359596252441406e-01,4.958427548408508301e-01,4.135107696056365967e-01,4.654322266578674316e-01,3.385644257068634033e-01,4.596673846244812012e-01,6.150721311569213867e-01,5.709474682807922363e-01,3.898343443870544434e-01,4.596758782863616943e-01,5.501344799995422363e-01,5.708940029144287109e-01,3.918367028236389160e-01,2.021954953670501709e-01,3.533787727355957031e-01,2.648274600505828857e-01,1.780406683683395386e-01,3.096117377281188965e-01,2.249058783054351807e-01,3.420464694499969482e-01,4.335680603981018066e-01,3.702153265476226807e-01
3.878881335258483887e-01,4.655785560607910156e-01,2.793459892272949219e-01,2.584581673145294189e-01,4.214257001876831055e-01,4.087267816066741943e-01,3.450964391231536865e-01,5.293703079223632812e-01,5.555892586708068848e-01,6.545677781105041504e-01,4.905719459056854248e-01,5.861301422119140625e-01,1.000000000000000000e+00,2.345913648605346680e-01,3.279880583286285400e-01,3.702822029590606689e-01,2.284665554761886597e-01,-3.203678876161575317e-02,3.780795931816101074e-01,3.508591055870056152e-01,4.496932923793792725e-01,3.691984415054321289e-01,5.118938684463500977e-01,3.697421550750732422e-01,3.179380893707275391e-01,2.974273562431335449e-01,4.361732304096221924e-01,4.489598274230957031e-01,4.056938886642456055e-01,4.225098490715026855e-01,3.757511377334594727e-01,4.493141174316406250e-01,5.055810809135437012e-01,3.711808025836944580e-01,2.874577939510345459e-01,4.473668932914733887e-01,3.399262726306915283e-01,3.947983384132385254e-01,3.879060745239257812e-01,3.234455585479736328e-01,4.745211899280548096e-01,4.134939014911651611e-01,3.576954007148742676e-01,3.577257692813873291e-01,3.522827625274658203e-01,5.394665002822875977e-01,5.091745257377624512e-01,3.940622508525848389e-01
1.233983039855957031e-01,1.787300556898117065e-01,7.636611163616180420e-02,6.381638348102569580e-02,5.158281885087490082e-03,-4.113604128360748291e-02,2.576672285795211792e-02,5.058573484420776367e-01,2.979530394077301025e-01,2.541918158531188965e-01,5.155845284461975098e-01,4.129477739334106445e-01,2.345913648605346680e-01,9.999999403953552246e-01,6.377308368682861328e-01,3.345737755298614502e-01,1.247330680489540100e-01,-4.534112289547920227e-03,1.879124045372009277e-01,2.137912660837173462e-01,2.341122776269912720e-01,1.669646501541137695e-01,1.982438415288925171e-01,3.424467146396636963e-02,4.125130772590637207e-01,-1.230789497494697571e-01,4.040529429912567139e-01,2.893653810024261475e-01,3.404552340507507324e-01,2.816732525825500488e-01,1.350436061620712280e-01,1.959452182054519653e-01,4.964652657508850098e-01,5.624921321868896484e-01,1.718650758266448975e-01,1.411180198192596436e-01,6.308823823928833008e-01,5.418712496757507324e-01,2.702389657497406006e-01,6.271075457334518433e-02,1.224230378866195679e-01,5.310150235891342163e-02,1.278417259454727173e-01,4.316206276416778564e-02,6.554191559553146362e-02,7.711227983236312866e-02,1.486750841140747070e-01,1.967822164297103882e-01
1.956109106540679932e-01,2.313013225793838501e-01,2.421396821737289429e-01,2.081364095211029053e-01,3.641099482774734497e-02,5.250538513064384460e-02,8.196805417537689209e-02,5.665997862815856934e-01,3.899956643581390381e-01,2.968394160270690918e-01,6.186053752899169922e-01,5.265511870384216309e-01,3.279880583286285400e-01,6.377308368682861328e-01,1.000000000000000000e+00,5.978778600692749023e-01,1.269488334655761719e-01,-3.049454465508460999e-02,2.273457795381546021e-01,3.083529174327850342e-01,3.448994755744934082e-01,2.941688895225524902e-01,3.758011758327484131e-01,1.439800560474395752e-01,3.831873238086700439e-01,1.777612604200839996e-02,4.061286449432373047e-01,3.565787971019744873e-01,3.610621988773345947e-01,3.816702067852020264e-01,2.375975996255874634e-01,3.165579736232757568e-01,4.895854592323303223e-01,5.863666534423828125e-01,3.919538855552673340e-01,2.818375229835510254e-01,6.080711483955383301e-01,7.041745781898498535e-01,5.200262069702148438e-01,2.271377444267272949e-01,2.015448361635208130e-01,8.225645124912261963e-02,1.322055757045745850e-01,1.088372915983200073e-01,9.318780899047851562e-02,1.202731505036354065e-01,2.643851637840270996e-01,3.770488500595092773e-01
2.553559243679046631e-01,2.251304090023040771e-01,2.722996771335601807e-01,3.057714402675628662e-01,1.152985095977783203e-01,2.464646995067596436e-01,1.753858029842376709e-01,4.159963428974151611e-01,3.703650236129760742e-01,2.506392896175384521e-01,4.202796518802642822e-01,4.175719618797302246e-01,3.702822029590606689e-01,3.345737755298614502e-01,5.978778600692749023e-01,9.999999403953552246e-01,1.140895262360572815e-01,-6.819194182753562927e-03,3.036876320838928223e-01,3.432975411415100098e-01,3.883014321327209473e-01,3.770557343959808350e-01,5.388514399528503418e-01,1.809375435113906860e-01,1.825677454471588135e-01,1.833276152610778809e-01,2.125338464975357056e-01,2.935436666011810303e-01,3.015602827072143555e-01,4.149170517921447754e-01,3.562214374542236328e-01,3.248747885227203369e-01,3.048811554908752441e-01,4.048584997653961182e-01,4.853082299232482910e-01,3.487069904804229736e-01,3.942564725875854492e-01,5.558214187622070312e-01,6.344823837280273438e-01,4.084025621414184570e-01,2.133670747280120850e-01,1.052768081426620483e-01,1.485978662967681885e-01,1.728428900241851807e-01,9.580987691879272461e-02,1.973809897899627686e-01,2.899045348167419434e-01,4.731144309043884277e-01
1.569349765777587891e-01,2.350444197654724121e-01,3.693166673183441162e-01,1.807046532630920410e-01,1.164447814226150513e-01,1.744297146797180176e-01,6.144907474517822266e-01,2.516031563282012939e-01,3.176636099815368652e-01,3.105757832527160645e-01,1.924863606691360474e-01,2.478565573692321777e-01,2.284665554761886597e-01,1.247330680489540100e-01,1.269488334655761719e-01,1.140895262360572815e-01,1.000000357627868652e+00,5.548605918884277344e-01,5.146107673645019531e-01,2.950718104839324951e-01,1.887280941009521484e-01,3.106407225131988525e-01,2.798209488391876221e-01,1.664493978023529053e-02,-9.423790127038955688e-02,4.520709514617919922e-01,1.665711700916290283e-01,2.785818278789520264e-01,3.314606249332427979e-01,3.438512980937957764e-01,4.161523282527923584e-01,4.383811354637145996e-01,1.047438904643058777e-01,2.288667261600494385e-01,7.339632511138916016e-02,2.335809916257858276e-01,1.370361149311065674e-01,1.751289963722229004e-01,1.932611763477325439e-01,1.366088539361953735e-01,1.300558298826217651e-01,3.747608363628387451e-01,3.398915231227874756e-01,2.175685316324234009e-01,3.435319662094116211e-01,4.202654063701629639e-01,2.538512349128723145e-01,3.602387383580207825e-02
9.993658401072025299e-03,9.184502065181732178e-02,3.374711573123931885e-01,1.529498994350433350e-01,5.347163602709770203e-02,1.445110738277435303e-01,3.075777888298034668e-01,3.233856335282325745e-02,6.718551367521286011e-02,7.578270882368087769e-02,-3.832323476672172546e-03,-2.243635617196559906e-02,-3.203678876161575317e-02,-4.534112289547920227e-03,-3.049454465508460999e-02,-6.819194182753562927e-03,5.548605918884277344e-01,9.999997615814208984e-01,4.314795434474945068e-01,3.499919772148132324e-01,1.467877030372619629e-01,3.816580474376678467e-01,9.675900638103485107e-02,-3.972965758293867111e-03,-3.206287622451782227e-01,3.034097254276275635e-01,-4.183614253997802734e-02,9.804838150739669800e-02,1.762526035308837891e-01,8.503076434135437012e-02,4.173222482204437256e-01,3.555608987808227539e-01,-1.600204408168792725e-01,5.030814930796623230e-02,-6.345788389444351196e-02,9.156806021928787231e-02,7.782237604260444641e-03,-6.161405239254236221e-03,2.403199113905429840e-02,-2.234980091452598572e-02,-3.111155331134796143e-02,2.018107473850250244e-01,2.481284886598587036e-01,1.358535736799240112e-01,1.852920055389404297e-01,2.220834642648696899e-01,7.490732520818710327e-02,4.279260709881782532e-02
3.094385266304016113e-01,3.679448962211608887e-01,3.847690522670745850e-01,2.509718537330627441e-01,3.213680088520050049e-01,3.857331275939941406e-01,5.497500300407409668e-01,3.780522942543029785e-01,3.605411350727081299e-01,4.089760184288024902e-01,2.851805984973907471e-01,2.544863522052764893e-01,3.780795931816101074e-01,1.879124045372009277e-01,2.273457795381546021e-01,3.036876320838928223e-01,5.146107673645019531e-01,4.314795434474945068e-01,1.000000119209289551e+00,6.546790003776550293e-01,4.406619668006896973e-01,4.253595769405364990e-01,4.740043878555297852e-01,2.758202254772186279e-01,-4.790978506207466125e-02,4.962412416934967041e-01,1.977666467428207397e-01,3.165787458419799805e-01,4.342713952064514160e-01,4.060350060462951660e-01,5.404230356216430664e-01,5.014432072639465332e-01,2.140192538499832153e-01,2.230432480573654175e-01,1.007483527064323425e-01,3.435688614845275879e-01,2.505722045898437500e-01,2.915069460868835449e-01,3.777179121971130371e-01,3.385122120380401611e-01,2.288584560155868530e-01,4.339765310287475586e-01,6.041089296340942383e-01,3.157576322555541992e-01,3.700268566608428955e-01,5.851144790649414062e-01,3.791095018386840820e-01,3.046691119670867920e-01
2.820417881011962891e-01,4.459089338779449463e-01,3.493205606937408447e-01,2.971003949642181396e-01,3.440656363964080811e-01,4.220943152904510498e-01,3.342361450195312500e-01,3.743941783905029297e-01,3.116223812103271484e-01,4.010147750377655029e-01,3.543603718280792236e-01,2.421368062496185303e-01,3.508591055870056152e-01,2.137912660837173462e-01,3.083529174327850342e-01,3.432975411415100098e-01,2.950718104839324951e-01,3.499919772148132324e-01,6.546790003776550293e-01,9.999999403953552246e-01,5.838412046432495117e-01,4.802598357200622559e-01,3.930158317089080811e-01,3.123272061347961426e-01,-1.707215234637260437e-02,3.258994817733764648e-01,2.578790485858917236e-01,3.177962899208068848e-01,4.538584351539611816e-01,2.944120764732360840e-01,4.701580703258514404e-01,4.711523950099945068e-01,2.328644394874572754e-01,1.943551898002624512e-01,1.600451320409774780e-01,2.810657620429992676e-01,3.065593242645263672e-01,3.696695268154144287e-01,3.835684359073638916e-01,2.130181193351745605e-01,3.043778240680694580e-01,3.979222774505615234e-01,5.358853340148925781e-01,3.917483389377593994e-01,3.657737970352172852e-01,4.883669018745422363e-01,3.349887430667877197e-01,3.501999378204345703e-01
4.277221262454986572e-01,3.854340016841888428e-01,3.439409136772155762e-01,4.851471185684204102e-01,4.429963231086730957e-01,4.905669987201690674e-01,2.220838218927383423e-01,4.583461582660675049e-01,3.667423129081726074e-01,3.704918026924133301e-01,4.182183742523193359e-01,3.975255787372589111e-01,4.496932923793792725e-01,2.341122776269912720e-01,3.448994755744934082e-01,3.883014321327209473e-01,1.887280941009521484e-01,1.467877030372619629e-01,4.406619668006896973e-01,5.838412046432495117e-01,9.999999403953552246e-01,5.395929813385009766e-01,3.166061937808990479e-01,1.636663079261779785e-01,1.111897751688957214e-01,2.457812875509262085e-01,3.461137115955352783e-01,4.389939904212951660e-01,4.472324252128601074e-01,4.617978334426879883e-01,4.619887769222259521e-01,4.190852046012878418e-01,3.820787668228149414e-01,2.231461554765701294e-01,1.757217496633529663e-01,2.012238502502441406e-01,3.987980484962463379e-01,3.443283736705780029e-01,3.005764186382293701e-01,1.505136638879776001e-01,3.882151246070861816e-01,2.966540753841400146e-01,3.294591605663299561e-01,3.513356745243072510e-01,2.578248381614685059e-01,3.759703636169433594e-01,2.774164378643035889e-01,3.058487772941589355e-01
3.105846047401428223e-01,2.262666225433349609e-01,4.691214263439178467e-01,4.319733083248138428e-01,2.824691832065582275e-01,3.809448778629302979e-01,1.906491219997406006e-01,4.184664189815521240e-01,3.530987501144409180e-01,3.042849898338317871e-01,3.877492845058441162e-01,4.029614031314849854e-01,3.691984415054321289e-01,1.669646501541137695e-01,2.941688895225524902e-01,3.770557343959808350e-01,3.106407225131988525e-01,3.816580474376678467e-01,4.253595769405364990e-01,4.802598357200622559e-01,5.395929813385009766e-01,9.999999403953552246e-01,3.862728178501129150e-01,2.316883802413940430e-01,3.393231704831123352e-02,3.237406909465789795e-01,3.336540758609771729e-01,4.956837594509124756e-01,4.311099946498870850e-01,3.507593572139739990e-01,6.434887647628784180e-01,6.623336076736450195e-01,2.598229050636291504e-01,2.122905105352401733e-01,1.954536885023117065e-01,3.146919310092926025e-01,3.742673993110656738e-01,3.064504563808441162e-01,2.878919839859008789e-01,1.856901347637176514e-01,2.425253540277481079e-01,1.944027096033096313e-01,2.102052718400955200e-01,2.539473474025726318e-01,1.781771630048751831e-01,3.098872303962707520e-01,4.319079518318176270e-01,4.465667605400085449e-01
2.763174176216125488e-01,2.960294187068939209e-01,3.127288222312927246e-01,1.920060217380523682e-01,1.882796585559844971e-01,2.973473966121673584e-01,4.355049133300781250e-01,4.065955579280853271e-01,4.033941924571990967e-01,4.117467403411865234e-01,3.749579489231109619e-01,4.003463089466094971e-01,5.118938684463500977e-01,1.982438415288925171e-01,3.758011758327484131e-01,5.388514399528503418e-01,2.798209488391876221e-01,9.675900638103485107e-02,4.740043878555297852e-01,3.930158317089080811e-01,3.166061937808990479e-01,3.862728178501129150e-01,1.000000238418579102e+00,4.390797913074493408e-01,1.500079780817031860e-01,3.835416436195373535e-01,1.811360567808151245e-01,2.855353653430938721e-01,2.936453819274902344e-01,3.775049149990081787e-01,4.140310585498809814e-01,5.245979428291320801e-01,2.599035501480102539e-01,2.953786253929138184e-01,3.397579193115234375e-01,5.707811713218688965e-01,2.256797403097152710e-01,4.160999357700347900e-01,6.143119931221008301e-01,6.568448543548583984e-01,2.469065636396408081e-01,2.559557259082794189e-01,3.422295153141021729e-01,2.267623990774154663e-01,1.962389945983886719e-01,4.331306815147399902e-01,5.555722117424011230e-01,6.480118632316589355e-01
2.261362522840499878e-01,3.689152300357818604e-01,1.134807467460632324e-01,1.385291386395692825e-02,2.586142718791961670e-01,2.811284661293029785e-01,2.486303448677062988e-01,2.790981829166412354e-01,2.830511033535003662e-01,3.898085653781890869e-01,2.891869246959686279e-01,2.272085994482040405e-01,3.697421550750732422e-01,3.424467146396636963e-02,1.439800560474395752e-01,1.809375435113906860e-01,1.664493978023529053e-02,-3.972965758293867111e-03,2.758202254772186279e-01,3.123272061347961426e-01,1.636663079261779785e-01,2.316883802413940430e-01,4.390797913074493408e-01,9.999997615814208984e-01,1.584165096282958984e-01,2.339201271533966064e-01,1.990957111120223999e-01,2.056116163730621338e-01,2.794890999794006348e-01,1.956837028264999390e-01,3.265670537948608398e-01,4.416313469409942627e-01,1.906825751066207886e-01,1.160981431603431702e-01,2.395467311143875122e-01,5.866461992263793945e-01,1.254663467407226562e-01,2.365561127662658691e-01,3.372643291950225830e-01,4.130505025386810303e-01,3.003416359424591064e-01,3.318146467208862305e-01,3.798250257968902588e-01,2.928562462329864502e-01,3.087796270847320557e-01,4.313858747482299805e-01,6.157914996147155762e-01,5.346802473068237305e-01
2.261385172605514526e-01,1.348421275615692139e-01,-7.288255542516708374e-02,-6.308472715318202972e-03,8.963754028081893921e-02,-1.535370945930480957e-02,-3.032161854207515717e-02,4.138500988483428955e-01,2.904236912727355957e-01,2.385109812021255493e-01,4.454860091209411621e-01,4.033706486225128174e-01,3.179380893707275391e-01,4.125130772590637207e-01,3.831873238086700439e-01,1.825677454471588135e-01,-9.423790127038955688e-02,-3.206287622451782227e-01,-4.790978506207466125e-02,-1.707215234637260437e-02,1.111897751688957214e-01,3.393231704831123352e-02,1.500079780817031860e-01,1.584165096282958984e-01,1.000000357627868652e+00,-1.676615178585052490e-01,4.189993441104888916e-01,2.701265811920166016e-01,2.080147415399551392e-01,1.717786490917205811e-01,-4.636766016483306885e-02,8.294091373682022095e-02,5.761893987655639648e-01,4.213773906230926514e-01,2.011793702840805054e-01,1.729725301265716553e-01,4.454603791236877441e-01,3.885024785995483398e-01,2.186290323734283447e-01,1.616836786270141602e-01,1.493881642818450928e-01,5.833398550748825073e-03,-1.745467633008956909e-02,1.417734567075967789e-02,-1.880994066596031189e-02,2.640240080654621124e-02,2.555507421493530273e-01,1.636844277381896973e-01
2.953101992607116699e-01,2.717550396919250488e-01,5.797603130340576172e-01,4.310218095779418945e-01,2.263207733631134033e-01,3.314592540264129639e-01,6.042618751525878906e-01,2.252131700515747070e-01,3.228247463703155518e-01,3.263189494609832764e-01,1.556960344314575195e-01,2.057768106460571289e-01,2.974273562431335449e-01,-1.230789497494697571e-01,1.777612604200839996e-02,1.833276152610778809e-01,4.520709514617919922e-01,3.034097254276275635e-01,4.962412416934967041e-01,3.258994817733764648e-01,2.457812875509262085e-01,3.237406909465789795e-01,3.835416436195373535e-01,2.339201271533966064e-01,-1.676615178585052490e-01,1.000000238418579102e+00,1.500020027160644531e-01,3.810682892799377441e-01,3.280984163284301758e-01,3.510667383670806885e-01,4.294964373111724854e-01,4.157513082027435303e-01,9.513609111309051514e-02,-3.011234803125262260e-04,6.582186371088027954e-02,3.340346515178680420e-01,-4.167312290519475937e-03,1.070919334888458252e-01,2.527135312557220459e-01,3.184176385402679443e-01,2.555646598339080811e-01,3.577129542827606201e-01,4.334175288677215576e-01,1.857384890317916870e-01,2.245736271142959595e-01,4.394874572753906250e-01,3.427164554595947266e-01,2.252840101718902588e-01
1.937546133995056152e-01,4.297078847885131836e-01,2.448821514844894409e-01,2.524343430995941162e-01,1.797104775905609131e-01,8.486381173133850098e-02,1.666489988565444946e-01,6.034359335899353027e-01,5.286897420883178711e-01,5.239950418472290039e-01,6.179851293563842773e-01,6.111359596252441406e-01,4.361732304096221924e-01,4.040529429912567139e-01,4.061286449432373047e-01,2.125338464975357056e-01,1.665711700916290283e-01,-4.183614253997802734e-02,1.977666467428207397e-01,2.578790485858917236e-01,3.461137115955352783e-01,3.336540758609771729e-01,1.811360567808151245e-01,1.990957111120223999e-01,4.189993441104888916e-01,1.500020027160644531e-01,1.000000000000000000e+00,4.972021579742431641e-01,4.733987748622894287e-01,3.443030416965484619e-01,2.586218118667602539e-01,3.678451180458068848e-01,6.496818065643310547e-01,4.275282323360443115e-01,1.983903050422668457e-01,3.140299618244171143e-01,5.583654642105102539e-01,4.781716465950012207e-01,1.984832435846328735e-01,-2.875072695314884186e-02,3.165623247623443604e-01,2.626205086708068848e-01,1.988445371389389038e-01,2.983492314815521240e-01,2.639585137367248535e-01,2.691382765769958496e-01,3.474821448326110840e-01,2.027006447315216064e-01
5.613642334938049316e-01,4.255071282386779785e-01,5.559270977973937988e-01,5.182878971099853516e-01,3.997588753700256348e-01,3.939526379108428955e-01,2.947244644165039062e-01,5.282407999038696289e-01,4.696629643440246582e-01,4.514709711074829102e-01,4.774956405162811279e-01,4.958427548408508301e-01,4.489598274230957031e-01,2.893653810024261475e-01,3.565787971019744873e-01,2.935436666011810303e-01,2.785818278789520264e-01,9.804838150739669800e-02,3.165787458419799805e-01,3.177962899208068848e-01,4.389939904212951660e-01,4.956837594509124756e-01,2.855353653430938721e-01,2.056116163730621338e-01,2.701265811920166016e-01,3.810682892799377441e-01,4.972021579742431641e-01,1.000000000000000000e+00,6.815149784088134766e-01,5.321069359779357910e-01,4.614338576793670654e-01,4.582807421684265137e-01,4.928573966026306152e-01,3.421654999256134033e-01,2.802044451236724854e-01,2.629449963569641113e-01,4.151121079921722412e-01,3.821884393692016602e-01,2.581424713134765625e-01,1.029606387019157410e-01,4.862443804740905762e-01,3.408005833625793457e-01,2.698408961296081543e-01,2.460683584213256836e-01,2.663501799106597900e-01,3.460065126419067383e-01,4.153718948364257812e-01,2.468148916959762573e-01
5.160660147666931152e-01,5.477670431137084961e-01,4.242249429225921631e-01,3.723585307598114014e-01,3.934522271156311035e-01,3.923925161361694336e-01,3.521867394447326660e-01,5.085937380790710449e-01,4.611158072948455811e-01,5.016637444496154785e-01,4.567178487777709961e-01,4.135107696056365967e-01,4.056938886642456055e-01,3.404552340507507324e-01,3.610621988773345947e-01,3.015602827072143555e-01,3.314606249332427979e-01,1.762526035308837891e-01,4.342713952064514160e-01,4.538584351539611816e-01,4.472324252128601074e-01,4.311099946498870850e-01,2.936453819274902344e-01,2.794890999794006348e-01,2.080147415399551392e-01,3.280984163284301758e-01,4.733987748622894287e-01,6.815149784088134766e-01,1.000000119209289551e+00,5.569084286689758301e-01,5.061566829681396484e-01,4.465787112712860107e-01,4.444330930709838867e-01,3.521237969398498535e-01,2.842558026313781738e-01,2.733318805694580078e-01,4.227187931537628174e-01,3.970402181148529053e-01,2.819755971431732178e-01,1.011979654431343079e-01,4.635270237922668457e-01,4.636056423187255859e-01,4.058971107006072998e-01,3.922270834445953369e-01,4.405961632728576660e-01,4.756299257278442383e-01,4.088990092277526855e-01,2.358707040548324585e-01
4.806447327136993408e-01,3.714093565940856934e-01,3.864984512329101562e-01,4.042542576789855957e-01,3.177908658981323242e-01,3.251644372940063477e-01,4.076629877090454102e-01,4.940332472324371338e-01,4.810285270214080811e-01,4.230614006519317627e-01,4.148375391960144043e-01,4.654322266578674316e-01,4.225098490715026855e-01,2.816732525825500488e-01,3.816702067852020264e-01,4.149170517921447754e-01,3.438512980937957764e-01,8.503076434135437012e-02,4.060350060462951660e-01,2.944120764732360840e-01,4.617978334426879883e-01,3.507593572139739990e-01,3.775049149990081787e-01,1.956837028264999390e-01,1.717786490917205811e-01,3.510667383670806885e-01,3.443030416965484619e-01,5.321069359779357910e-01,5.569084286689758301e-01,1.000000119209289551e+00,5.384198427200317383e-01,3.698558211326599121e-01,4.186955988407135010e-01,3.613769412040710449e-01,3.192104995250701904e-01,3.425186872482299805e-01,3.585278987884521484e-01,3.739305734634399414e-01,3.446818292140960693e-01,2.670600414276123047e-01,3.019429147243499756e-01,3.062592744827270508e-01,3.012963831424713135e-01,2.850168943405151367e-01,2.744402885437011719e-01,4.079849421977996826e-01,3.326844573020935059e-01,2.618303894996643066e-01
3.425664603710174561e-01,2.832015156745910645e-01,4.428727030754089355e-01,3.129065930843353271e-01,3.135616183280944824e-01,3.842977285385131836e-01,3.379774689674377441e-01,3.740994036197662354e-01,3.762021064758300781e-01,3.595179915428161621e-01,3.199651539325714111e-01,3.385644257068634033e-01,3.757511377334594727e-01,1.350436061620712280e-01,2.375975996255874634e-01,3.562214374542236328e-01,4.161523282527923584e-01,4.173222482204437256e-01,5.404230356216430664e-01,4.701580703258514404e-01,4.619887769222259521e-01,6.434887647628784180e-01,4.140310585498809814e-01,3.265670537948608398e-01,-4.636766016483306885e-02,4.294964373111724854e-01,2.586218118667602539e-01,4.614338576793670654e-01,5.061566829681396484e-01,5.384198427200317383e-01,1.000000119209289551e+00,6.309918165206909180e-01,1.906943917274475098e-01,1.949302703142166138e-01,2.239821702241897583e-01,3.997716307640075684e-01,2.942057549953460693e-01,2.741866707801818848e-01,3.103964328765869141e-01,2.648622095584869385e-01,2.184642553329467773e-01,3.248652219772338867e-01,3.949812054634094238e-01,3.040472865104675293e-01,3.243539035320281982e-01,4.840463697910308838e-01,4.550923109054565430e-01,4.072013497352600098e-01
2.876178920269012451e-01,3.083647489547729492e-01,4.288373589515686035e-01,2.575671374797821045e-01,2.484947144985198975e-01,3.228036165237426758e-01,3.866681158542633057e-01,4.817318618297576904e-01,4.351613819599151611e-01,4.378796815872192383e-01,4.612920582294464111e-01,4.596673846244812012e-01,4.493141174316406250e-01,1.959452182054519653e-01,3.165579736232757568e-01,3.248747885227203369e-01,4.383811354637145996e-01,3.555608987808227539e-01,5.014432072639465332e-01,4.711523950099945068e-01,4.190852046012878418e-01,6.623336076736450195e-01,5.245979428291320801e-01,4.416313469409942627e-01,8.294091373682022095e-02,4.157513082027435303e-01,3.678451180458068848e-01,4.582807421684265137e-01,4.465787112712860107e-01,3.698558211326599121e-01,6.309918165206909180e-01,1.000000119209289551e+00,2.937183380126953125e-01,2.754600644111633301e-01,2.091645747423171997e-01,5.217461585998535156e-01,3.567599058151245117e-01,3.775197863578796387e-01,3.743036091327667236e-01,3.480282425880432129e-01,2.781566977500915527e-01,3.466541469097137451e-01,3.742446601390838623e-01,3.049364387989044189e-01,3.076420426368713379e-01,4.759669303894042969e-01,6.301193833351135254e-01,5.185126066207885742e-01
3.396513760089874268e-01,4.005529284477233887e-01,2.252681702375411987e-01,2.734561860561370850e-01,2.417895048856735229e-01,1.491218209266662598e-01,1.762402355670928955e-01,6.637232303619384766e-01,5.596925020217895508e-01,5.037514567375183105e-01,6.314226388931274414e-01,6.150721311569213867e-01,5.055810809135437012e-01,4.964652657508850098e-01,4.895854592323303223e-01,3.048811554908752441e-01,1.047438904643058777e-01,-1.600204408168792725e-01,2.140192538499832153e-01,2.328644394874572754e-01,3.820787668228149414e-01,2.598229050636291504e-01,2.599035501480102539e-01,1.906825751066207886e-01,5.761893987655639648e-01,9.513609111309051514e-02,6.496818065643310547e-01,4.928573966026306152e-01,4.444330930709838867e-01,4.186955988407135010e-01,1.906943917274475098e-01,2.937183380126953125e-01,1.000000000000000000e+00,5.104776620864868164e-01,2.417090833187103271e-01,3.159348368644714355e-01,5.834962129592895508e-01,5.166190266609191895e-01,2.820979952812194824e-01,1.241968125104904175e-01,3.360823988914489746e-01,1.929973810911178589e-01,1.592307388782501221e-01,2.444213628768920898e-01,1.573714762926101685e-01,2.441335469484329224e-01,3.499105572700500488e-01,2.266640663146972656e-01
