9.999999403953552246e-01,2.041852921247482300e-01,-2.405498921871185303e-01,1.470041126012802124e-01,4.675888717174530029e-01,1.254234015941619873e-01,7.423290610313415527e-02,1.821626275777816772e-01,2.134816795587539673e-01,-3.627976402640342712e-02,2.409848123788833618e-01,-2.344485931098461151e-02,-2.597854100167751312e-02,2.003643102943897247e-02,8.598125725984573364e-02,-5.868227034807205200e-02,7.733804732561111450e-02,-1.199701055884361267e-01,2.598528936505317688e-02,-3.642127662897109985e-02,-9.660651534795761108e-02,-1.103086546063423157e-01,1.353635787963867188e-01,7.263455539941787720e-02,1.519822627305984497e-01,-1.303819417953491211e-01,5.345303565263748169e-02,-3.107773140072822571e-02,-1.723844185471534729e-02,9.338845312595367432e-02,-1.432662457227706909e-01,5.026641860604286194e-02,1.792578548192977905e-01,2.725784182548522949e-01,1.640540063381195068e-01,4.923992604017257690e-02,2.078575342893600464e-01,3.953085094690322876e-02,-1.158004552125930786e-01,-1.337437629699707031e-01,2.783492505550384521e-01,5.077293887734413147e-02,-1.683146059513092041e-01,1.949695050716400146e-01,-1.843353733420372009e-02,-1.494286954402923584e-01,1.821722239255905151e-01,2.227870002388954163e-02
2.041852921247482300e-01,1.000000000000000000e+00,-5.861401185393333435e-02,4.591152444481849670e-02,2.550324499607086182e-01,4.445766806602478027e-01,2.592154741287231445e-01,2.664727568626403809e-01,3.685831427574157715e-01,2.935826182365417480e-01,3.690336942672729492e-01,3.586482703685760498e-01,4.781214147806167603e-02,3.584677278995513916e-01,3.535964190959930420e-01,1.534686833620071411e-01,1.249379366636276245e-01,-5.904881656169891357e-02,7.958565652370452881e-02,-1.530537754297256470e-01,-4.067162796854972839e-02,4.141673818230628967e-02,-1.474193036556243896e-01,3.406710550189018250e-02,1.981855928897857666e-02,1.498432159423828125e-01,-2.550277672708034515e-02,1.621309071779251099e-01,3.378826081752777100e-01,1.362983733415603638e-01,2.000158578157424927e-01,1.104289963841438293e-01,1.885890364646911621e-01,2.205406725406646729e-01,2.582027614116668701e-01,-7.119336165487766266e-03,3.627846539020538330e-01,2.389107644557952881e-01,2.035126090049743652e-02,-7.726775854825973511e-02,4.882376492023468018e-01,4.487358331680297852e-01,8.005046844482421875e-02,3.951582014560699463e-01,3.287724256515502930e-01,1.878815293312072754e-01,2.953676879405975342e-02,-2.695841249078512192e-03
-2.405498921871185303e-01,-5.861401185393333435e-02,1.000000000000000000e+00,4.116272628307342529e-01,-3.838827311992645264e-01,-1.333820968866348267e-01,-2.000915855169296265e-01,-2.145705968141555786e-01,-3.624423444271087646e-01,-3.018341660499572754e-01,-3.130960762500762939e-01,-2.699618935585021973e-01,-2.051250934600830078e-01,-8.567382395267486572e-02,-2.042778283357620239e-01,-1.639832258224487305e-01,-2.453071027994155884e-01,1.524784415960311890e-01,-1.725419610738754272e-01,-6.882675737142562866e-02,-1.598754376173019409e-01,-5.565366894006729126e-02,-2.149609029293060303e-01,-3.976769745349884033e-02,1.348227858543395996e-01,5.936998501420021057e-02,-5.674393475055694580e-02,4.725078940391540527e-01,2.054028660058975220e-01,2.561715804040431976e-02,2.123580314218997955e-02,-6.781879067420959473e-02,-1.521396934986114502e-01,8.558769710361957550e-03,-3.541395999491214752e-03,-1.394236385822296143e-01,-2.009974867105484009e-01,2.217533737421035767e-01,3.804698958992958069e-02,-3.282809630036354065e-02,7.871174067258834839e-02,-2.691623866558074951e-01,1.290301680564880371e-01,-1.515217721462249756e-01,-1.284275949001312256e-01,-1.525285691022872925e-01,-1.189368516206741333e-01,-1.740369945764541626e-01
1.470041126012802124e-01,4.591152444481849670e-02,4.116272628307342529e-01,9.999997019767761230e-01,3.227196633815765381e-02,2.112292200326919556e-01,6.820618361234664917e-02,-2.287743091583251953e-01,-2.413553595542907715e-01,-4.406012594699859619e-01,-2.098385244607925415e-01,-3.671761155128479004e-01,-4.026332497596740723e-01,-2.842821180820465088e-01,-4.110689461231231689e-01,-3.175537288188934326e-01,-2.203598618507385254e-01,3.679097071290016174e-02,-4.347707927227020264e-01,-2.075771838426589966e-01,-3.622611165046691895e-01,-3.484706282615661621e-01,-1.726486831903457642e-01,5.895046633668243885e-04,1.332901883870363235e-02,-1.767354905605316162e-01,-1.279335916042327881e-01,1.894711107015609741e-01,-2.182870358228683472e-02,-4.845168814063072205e-02,-2.512129843235015869e-01,-2.755864560604095459e-01,-3.076765313744544983e-02,7.837133109569549561e-02,6.593962758779525757e-02,-1.362326741218566895e-01,-1.582981497049331665e-01,1.427127607166767120e-02,7.242491096258163452e-02,1.113500893115997314e-01,3.878251016139984131e-01,-3.958092629909515381e-01,-7.440256327390670776e-02,-2.377329617738723755e-01,-3.429033160209655762e-01,-3.765214681625366211e-01,-1.510124653577804565e-01,-2.662859559059143066e-01
4.675888717174530029e-01,2.550324499607086182e-01,-3.838827311992645264e-01,3.227196633815765381e-02,1.000000238418579102e+00,3.457117676734924316e-01,2.693294882774353027e-01,4.539834260940551758e-01,3.258906006813049316e-01,2.350715361535549164e-02,3.034203946590423584e-01,4.812974110245704651e-02,-2.640152350068092346e-02,4.766997322440147400e-02,1.100522950291633606e-01,2.555318363010883331e-02,1.262390911579132080e-01,-1.150583177804946899e-01,1.086396723985671997e-01,6.295749545097351074e-02,-8.793534338474273682e-02,-1.550285667181015015e-01,1.833254545927047729e-01,1.055505573749542236e-01,-3.738839924335479736e-02,-1.803588271141052246e-01,1.263166069984436035e-01,-2.068169713020324707e-01,-8.323755860328674316e-02,3.685072436928749084e-02,-2.499160915613174438e-01,4.374537989497184753e-02,4.335275590419769287e-01,2.097808271646499634e-01,1.060055121779441833e-01,1.000309288501739502e-01,3.530443012714385986e-01,-5.304630473256111145e-02,5.704325065016746521e-02,-9.537392109632492065e-02,2.832724153995513916e-01,8.773057162761688232e-02,-1.314943283796310425e-01,2.379412800073623657e-01,-3.352367877960205078e-02,-8.126763999462127686e-02,2.776812911033630371e-01,3.649118356406688690e-03
1.254234015941619873e-01,4.445766806602478027e-01,-1.333820968866348267e-01,2.112292200326919556e-01,3.457117676734924316e-01,1.000000119209289551e+00,5.532172918319702148e-01,9.566517174243927002e-02,2.224121689796447754e-01,1.197448000311851501e-01,2.743649184703826904e-01,2.217156738042831421e-01,9.342716075479984283e-03,2.045087218284606934e-01,1.534702330827713013e-01,1.540498733520507812e-01,2.474723160266876221e-01,-9.686223417520523071e-02,1.708001196384429932e-01,6.622918415814638138e-03,-1.061717793345451355e-01,-9.504748135805130005e-02,1.062158402055501938e-02,3.561827761586755514e-04,-7.315827906131744385e-02,1.448062807321548462e-01,-2.547378651797771454e-02,-5.712867900729179382e-02,1.543715000152587891e-01,2.321501262485980988e-02,-5.833987519145011902e-02,-2.034994959831237793e-02,1.145150810480117798e-01,5.219666287302970886e-02,9.905692934989929199e-02,-8.824707567691802979e-02,2.539492547512054443e-01,9.051266126334667206e-03,6.144332885742187500e-02,6.837728619575500488e-02,3.808729648590087891e-01,2.544400095939636230e-01,5.809920653700828552e-02,2.271178662776947021e-01,8.814387023448944092e-02,8.824355900287628174e-02,-7.396513223648071289e-02,2.759615518152713776e-02
7.423290610313415527e-02,2.592154741287231445e-01,-2.000915855169296265e-01,6.820618361234664917e-02,2.693294882774353027e-01,5.532172918319702148e-01,9.999999403953552246e-01,1.681966930627822876e-01,3.189747929573059082e-01,1.053825393319129944e-01,2.363673150539398193e-01,2.343795001506805420e-01,5.213342979550361633e-02,1.863133162260055542e-01,1.843956112861633301e-01,2.160102576017379761e-01,6.417801380157470703e-01,-2.024599723517894745e-02,2.706109285354614258e-01,6.977211683988571167e-02,-5.655830353498458862e-02,-5.120884254574775696e-02,1.492515653371810913e-01,7.947591692209243774e-02,-5.099472776055335999e-02,4.602468013763427734e-01,8.621143549680709839e-02,-4.178546741604804993e-02,2.375280708074569702e-01,2.575991451740264893e-01,-8.440207690000534058e-02,1.198325753211975098e-01,1.572585701942443848e-01,-4.556164517998695374e-02,2.033635973930358887e-01,6.503777951002120972e-02,1.381452381610870361e-01,-3.364409133791923523e-02,8.276037871837615967e-02,2.279566675424575806e-01,1.358549296855926514e-01,2.182611674070358276e-01,-4.878935962915420532e-02,2.812560498714447021e-01,6.739971786737442017e-02,4.665115103125572205e-02,2.183099091053009033e-02,2.154238373041152954e-01
1.821626275777816772e-01,2.664727568626403809e-01,-2.145705968141555786e-01,-2.287743091583251953e-01,4.539834260940551758e-01,9.566517174243927002e-02,1.681966930627822876e-01,1.000000119209289551e+00,2.676455378532409668e-01,1.450995504856109619e-01,3.360630273818969727e-01,1.549000591039657593e-01,1.102129220962524414e-01,3.363789618015289307e-01,2.850501239299774170e-01,1.525399684906005859e-01,2.498665601015090942e-01,8.345117419958114624e-02,2.702625393867492676e-01,1.068533957004547119e-01,8.368947356939315796e-02,1.344956550747156143e-02,2.976845204830169678e-02,4.089685901999473572e-02,4.603088274598121643e-02,-2.374517917633056641e-02,1.822887659072875977e-01,-6.973977386951446533e-02,1.915542967617511749e-02,1.540981978178024292e-01,4.234205558896064758e-02,1.334626078605651855e-01,5.071598291397094727e-01,1.071587130427360535e-01,1.165372505784034729e-01,5.175683647394180298e-02,4.242300987243652344e-01,-4.087831079959869385e-02,-6.853534281253814697e-02,-9.683517366647720337e-02,1.296409219503402710e-01,1.588932424783706665e-01,-1.563321799039840698e-02,1.963305622339248657e-01,8.176856487989425659e-02,9.479081630706787109e-02,1.945064961910247803e-01,-9.743095189332962036e-02
2.134816795587539673e-01,3.685831427574157715e-01,-3.624423444271087646e-01,-2.413553595542907715e-01,3.258906006813049316e-01,2.224121689796447754e-01,3.189747929573059082e-01,2.676455378532409668e-01,1.000000238418579102e+00,2.163771837949752808e-01,6.791580915451049805e-01,3.063128590583801270e-01,9.327688068151473999e-02,3.736939728260040283e-01,3.389997184276580811e-01,2.915715873241424561e-01,3.465931117534637451e-01,-1.308429986238479614e-01,1.777048110961914062e-01,-1.290396153926849365e-01,4.219912923872470856e-03,1.036693602800369263e-01,2.247236669063568115e-01,1.349752247333526611e-01,-7.046949863433837891e-02,1.068754643201828003e-01,-3.271209541708230972e-03,-1.922128349542617798e-01,1.126715540885925293e-01,9.844905883073806763e-02,5.960322543978691101e-02,1.398111134767532349e-01,1.078885272145271301e-01,9.516020119190216064e-02,1.765709668397903442e-01,1.908293068408966064e-01,3.889588713645935059e-01,1.063997074961662292e-01,8.364585041999816895e-02,-8.616210520267486572e-02,1.631065011024475098e-01,3.764476180076599121e-01,-8.130816370248794556e-02,4.271011948585510254e-01,2.009528726339340210e-01,1.351396143436431885e-01,1.781594306230545044e-01,2.791053056716918945e-01
-3.627976402640342712e-02,2.935826182365417480e-01,-3.018341660499572754e-01,-4.406012594699859619e-01,2.350715361535549164e-02,1.197448000311851501e-01,1.053825393319129944e-01,1.450995504856109619e-01,2.163771837949752808e-01,9.999998211860656738e-01,3.188017606735229492e-01,8.304500579833984375e-01,5.592449307441711426e-01,2.854575216770172119e-01,6.822578310966491699e-01,3.972708284854888916e-01,1.979098021984100342e-01,9.158407896757125854e-02,3.359179198741912842e-01,2.705655097961425781e-01,5.664566159248352051e-01,4.505499899387359619e-01,1.476561874151229858e-01,1.195696964859962463e-01,2.065650559961795807e-02,1.440144181251525879e-01,-3.132360801100730896e-02,-7.790838181972503662e-02,7.037436217069625854e-02,3.778324648737907410e-02,3.286279737949371338e-01,3.083771169185638428e-01,-1.034612301737070084e-03,-1.551090180873870850e-01,-4.560776799917221069e-02,1.849285811185836792e-01,2.703149914741516113e-01,3.359782323241233826e-02,2.623004652559757233e-02,1.077702715992927551e-01,-5.402369052171707153e-02,7.658752799034118652e-01,2.991122305393218994e-01,2.836582064628601074e-01,7.339255213737487793e-01,7.440978288650512695e-01,1.239791065454483032e-01,2.727658152580261230e-01
2.409848123788833618e-01,3.690336942672729492e-01,-3.130960762500762939e-01,-2.098385244607925415e-01,3.034203946590423584e-01,2.743649184703826904e-01,2.363673150539398193e-01,3.360630273818969727e-01,6.791580915451049805e-01,3.188017606735229492e-01,9.999998211860656738e-01,4.377069473266601562e-01,1.514128148555755615e-01,5.413803458213806152e-01,4.192042648792266846e-01,4.063107371330261230e-01,1.479613035917282104e-01,-1.506247520446777344e-01,9.311210364103317261e-02,-1.105281785130500793e-01,6.875209510326385498e-02,1.490594148635864258e-01,2.592002153396606445e-01,1.589506864547729492e-01,-7.967478036880493164e-02,-5.622026324272155762e-02,-8.176355808973312378e-02,-2.174468338489532471e-01,5.730878934264183044e-02,5.666660517454147339e-02,6.239680200815200806e-02,1.532229930162429810e-01,1.125405728816986084e-01,2.253959886729717255e-02,1.089113652706146240e-01,1.952449977397918701e-01,5.432558655738830566e-01,5.657546967267990112e-02,9.441362321376800537e-02,-9.857768565416336060e-02,2.890113294124603271e-01,4.503680467605590820e-01,-1.597906462848186493e-02,3.158380389213562012e-01,3.055349588394165039e-01,2.497467100620269775e-01,2.117290943861007690e-01,2.863122522830963135e-01
-2.344485931098461151e-02,3.586482703685760498e-01,-2.699618935585021973e-01,-3.671761155128479004e-01,4.812974110245704651e-02,2.217156738042831421e-01,2.343795001506805420e-01,1.549000591039657593e-01,3.063128590583801270e-01,8.304500579833984375e-01,4.377069473266601562e-01,9.999997019767761230e-01,4.957024157047271729e-01,3.996798098087310791e-01,7.568316459655761719e-01,5.391206741333007812e-01,2.849470078945159912e-01,4.086934030055999756e-02,3.607985079288482666e-01,1.738990098237991333e-01,4.367164671421051025e-01,4.421031773090362549e-01,2.620796561241149902e-01,2.339874804019927979e-01,3.801612928509712219e-02,1.677993535995483398e-01,-6.875829398632049561e-02,-7.536609470844268799e-02,9.560415893793106079e-02,7.386642694473266602e-02,3.428488969802856445e-01,3.541041016578674316e-01,3.274784609675407410e-02,-1.789882630109786987e-01,2.068236237391829491e-03,2.432928681373596191e-01,3.958880901336669922e-01,1.155380681157112122e-01,1.488289833068847656e-01,1.905260086059570312e-01,3.029111400246620178e-02,7.967181801795959473e-01,2.792799174785614014e-01,3.416645526885986328e-01,7.263171076774597168e-01,6.894243359565734863e-01,1.843551546335220337e-01,4.005686044692993164e-01
-2.597854100167751312e-02,4.781214147806167603e-02,-2.051250934600830078e-01,-4.026332497596740723e-01,-2.640152350068092346e-02,9.342716075479984283e-03,5.213342979550361633e-02,1.102129220962524414e-01,9.327688068151473999e-02,5.592449307441711426e-01,1.514128148555755615e-01,4.957024157047271729e-01,1.000000238418579102e+00,1.789335161447525024e-01,5.031062960624694824e-01,4.871412217617034912e-01,2.825397551059722900e-01,1.699808835983276367e-01,4.605387747287750244e-01,5.189993381500244141e-01,6.517978310585021973e-01,5.411432385444641113e-01,3.529828488826751709e-01,2.792363464832305908e-01,-5.492241121828556061e-03,1.008779108524322510e-01,1.804976724088191986e-02,-8.441679179668426514e-02,-4.146103560924530029e-02,1.273571252822875977e-01,3.752074837684631348e-01,5.332931876182556152e-01,-1.265871245414018631e-02,-2.016684710979461670e-01,4.456368740648031235e-03,2.910109460353851318e-01,1.479214876890182495e-01,1.062395498156547546e-01,2.143715918064117432e-01,1.473446041345596313e-01,-1.231690123677253723e-01,3.930771052837371826e-01,2.807830870151519775e-01,1.601084619760513306e-01,4.037393033504486084e-01,5.376110076904296875e-01,3.131393790245056152e-01,3.178564310073852539e-01
2.003643102943897247e-02,3.584677278995513916e-01,-8.567382395267486572e-02,-2.842821180820465088e-01,4.766997322440147400e-02,2.045087218284606934e-01,1.863133162260055542e-01,3.363789618015289307e-01,3.736939728260040283e-01,2.854575216770172119e-01,5.413803458213806152e-01,3.996798098087310791e-01,1.789335161447525024e-01,1.000000119209289551e+00,4.563086926937103271e-01,4.343038201332092285e-01,2.093961685895919800e-01,-3.417747467756271362e-02,2.699539363384246826e-01,-6.687730550765991211e-02,6.320409476757049561e-02,1.747545748949050903e-01,1.185947582125663757e-01,1.015664339065551758e-01,-1.069989874958992004e-01,1.653934568166732788e-01,-9.685050696134567261e-02,-1.130113154649734497e-01,1.181315034627914429e-01,5.487123876810073853e-02,1.496404707431793213e-01,2.391297668218612671e-01,-3.972800076007843018e-02,4.962318018078804016e-02,9.185551106929779053e-02,1.999281197786331177e-01,4.255516827106475830e-01,1.190337017178535461e-01,1.050194352865219116e-01,2.800813317298889160e-02,1.908220052719116211e-01,4.365665614604949951e-01,2.543777413666248322e-02,3.391323089599609375e-01,2.922435402870178223e-01,2.008250057697296143e-01,1.387458145618438721e-01,2.124021649360656738e-01
8.598125725984573364e-02,3.535964190959930420e-01,-2.042778283357620239e-01,-4.110689461231231689e-01,1.100522950291633606e-01,1.534702330827713013e-01,1.843956112861633301e-01,2.850501239299774170e-01,3.389997184276580811e-01,6.822578310966491699e-01,4.192042648792266846e-01,7.568316459655761719e-01,5.031062960624694824e-01,4.563086926937103271e-01,9.999998211860656738e-01,6.216877102851867676e-01,3.350335359573364258e-01,9.425798803567886353e-02,5.267142653465270996e-01,2.077553272247314453e-01,3.978169262409210205e-01,4.256765246391296387e-01,3.012217283248901367e-01,2.091337144374847412e-01,1.119727790355682373e-01,1.565867364406585693e-01,-5.137566477060317993e-02,-1.170113906264305115e-01,-6.815309170633554459e-03,9.105721861124038696e-02,2.872211337089538574e-01,5.010737776756286621e-01,5.988565087318420410e-02,-1.202312111854553223e-01,4.000806063413619995e-02,1.986969709396362305e-01,4.209737181663513184e-01,2.157899886369705200e-01,8.970998227596282959e-02,9.101711213588714600e-02,-2.177335089072585106e-03,7.546118497848510742e-01,2.267187833786010742e-01,4.194116890430450439e-01,6.557840704917907715e-01,5.602928400039672852e-01,2.534594237804412842e-01,3.510789871215820312e-01
-5.868227034807205200e-02,1.534686833620071411e-01,-1.639832258224487305e-01,-3.175537288188934326e-01,2.555318363010883331e-02,1.540498733520507812e-01,2.160102576017379761e-01,1.525399684906005859e-01,2.915715873241424561e-01,3.972708284854888916e-01,4.063107371330261230e-01,5.391206741333007812e-01,4.871412217617034912e-01,4.343038201332092285e-01,6.216877102851867676e-01,1.000000238418579102e+00,2.809275686740875244e-01,2.913806401193141937e-02,3.700272440910339355e-01,1.276224851608276367e-01,2.178701609373092651e-01,3.995144665241241455e-01,4.881052374839782715e-01,3.153831362724304199e-01,-8.469491451978683472e-02,4.505297914147377014e-02,-1.454296261072158813e-01,-2.142241150140762329e-01,-1.407268792390823364e-01,3.173606842756271362e-02,2.293451428413391113e-01,5.104701519012451172e-01,-5.745556950569152832e-02,-1.836302876472473145e-01,-3.391294926404953003e-02,3.443967401981353760e-01,3.115571737289428711e-01,1.437418758869171143e-01,4.401375055313110352e-01,1.858413368463516235e-01,-1.386919408105313778e-03,5.495336651802062988e-01,1.384170502424240112e-01,2.627473771572113037e-01,3.834711313247680664e-01,3.634143471717834473e-01,3.426477611064910889e-01,4.287426769733428955e-01
7.733804732561111450e-02,1.249379366636276245e-01,-2.453071027994155884e-01,-2.203598618507385254e-01,1.262390911579132080e-01,2.474723160266876221e-01,6.417801380157470703e-01,2.498665601015090942e-01,3.465931117534637451e-01,1.979098021984100342e-01,1.479613035917282104e-01,2.849470078945159912e-01,2.825397551059722900e-01,2.093961685895919800e-01,3.350335359573364258e-01,2.809275686740875244e-01,9.999994039535522461e-01,2.219709008932113647e-01,5.876582264900207520e-01,3.540471196174621582e-01,2.119797915220260620e-01,2.203628867864608765e-01,2.792869508266448975e-01,1.282193213701248169e-01,3.673137351870536804e-02,4.055604636669158936e-01,1.714299619197845459e-01,-3.165819123387336731e-02,1.350972205400466919e-01,2.842389941215515137e-01,1.421975195407867432e-01,3.247098922729492188e-01,2.027820199728012085e-01,-1.036189347505569458e-01,1.316026002168655396e-01,7.261931151151657104e-02,9.308926761150360107e-02,1.797229051589965820e-02,8.398514986038208008e-02,2.314254343509674072e-01,-6.914903968572616577e-02,2.386190146207809448e-01,1.596423685550689697e-01,2.265364676713943481e-01,1.387417614459991455e-01,1.862542927265167236e-01,1.469741761684417725e-01,3.059765994548797607e-01
-1.199701055884361267e-01,-5.904881656169891357e-02,1.524784415960311890e-01,3.679097071290016174e-02,-1.150583177804946899e-01,-9.686223417520523071e-02,-2.024599723517894745e-02,8.345117419958114624e-02,-1.308429986238479614e-01,9.158407896757125854e-02,-1.506247520446777344e-01,4.086934030055999756e-02,1.699808835983276367e-01,-3.417747467756271362e-02,9.425798803567886353e-02,2.913806401193141937e-02,2.219709008932113647e-01,1.000000119209289551e+00,2.462742030620574951e-01,5.005668997764587402e-01,5.128987431526184082e-01,4.974143803119659424e-01,6.503811478614807129e-02,3.212816640734672546e-02,8.740498870611190796e-02,-4.476348310708999634e-02,7.455747574567794800e-02,9.812349826097488403e-02,-4.148943722248077393e-02,6.692925840616226196e-02,4.086920022964477539e-01,1.220249384641647339e-01,1.176038756966590881e-01,-9.554397314786911011e-02,-1.797063648700714111e-02,-1.349581032991409302e-01,-4.444509372115135193e-02,3.123478218913078308e-02,8.608875423669815063e-02,1.643185466527938843e-01,-7.482240442186594009e-03,5.145397502928972244e-03,6.514527201652526855e-01,-1.902207434177398682e-01,5.617593601346015930e-02,3.425399959087371826e-01,1.586824469268321991e-02,-1.861297152936458588e-02
2.598528936505317688e-02,7.958565652370452881e-02,-1.725419610738754272e-01,-4.347707927227020264e-01,1.086396723985671997e-01,1.708001196384429932e-01,2.706109285354614258e-01,2.702625393867492676e-01,1.777048110961914062e-01,3.359179198741912842e-01,9.311210364103317261e-02,3.607985079288482666e-01,4.605387747287750244e-01,2.699539363384246826e-01,5.267142653465270996e-01,3.700272440910339355e-01,5.876582264900207520e-01,2.462742030620574951e-01,1.000000119209289551e+00,5.207123160362243652e-01,3.584438860416412354e-01,3.565725088119506836e-01,2.546789348125457764e-01,1.267328709363937378e-01,8.977397531270980835e-02,3.129177689552307129e-01,2.067043930292129517e-01,-1.007228717207908630e-01,1.184775866568088531e-02,2.038298845291137695e-01,2.759433388710021973e-01,4.569028019905090332e-01,1.355547010898590088e-01,-8.797234296798706055e-02,4.356967285275459290e-02,4.937303811311721802e-02,1.374588310718536377e-01,7.031384855508804321e-02,6.949725747108459473e-02,2.586306072771549225e-02,-1.855451464653015137e-01,3.556815981864929199e-01,3.627720177173614502e-01,2.896919846534729004e-01,3.182744681835174561e-01,3.874078094959259033e-01,2.096250355243682861e-01,2.318456023931503296e-01
-3.642127662897109985e-02,-1.530537754297256470e-01,-6.882675737142562866e-02,-2.075771838426589966e-01,6.295749545097351074e-02,6.622918415814638138e-03,6.977211683988571167e-02,1.068533957004547119e-01,-1.290396153926849365e-01,2.705655097961425781e-01,-1.105281785130500793e-01,1.738990098237991333e-01,5.189993381500244141e-01,-6.687730550765991211e-02,2.077553272247314453e-01,1.276224851608276367e-01,3.540471196174621582e-01,5.005668997764587402e-01,5.207123160362243652e-01,1.000000238418579102e+00,6.044513583183288574e-01,3.973688483238220215e-01,2.831073701381683350e-01,1.433843225240707397e-01,3.829633072018623352e-02,-2.318231202661991119e-02,1.190998107194900513e-01,-1.699915155768394470e-02,-1.434857547283172607e-01,1.321495175361633301e-01,2.135639190673828125e-01,2.354508787393569946e-01,8.833005279302597046e-02,-9.503123909235000610e-02,-9.150642901659011841e-03,4.021216556429862976e-02,-1.308491732925176620e-02,3.296187147498130798e-02,1.489330381155014038e-01,1.657890677452087402e-01,-1.214497908949851990e-01,8.189952373504638672e-02,5.062039494514465332e-01,-2.126623876392841339e-02,1.202793419361114502e-01,4.035346210002899170e-01,1.964587569236755371e-01,1.028708145022392273e-01
-9.660651534795761108e-02,-4.067162796854972839e-02,-1.598754376173019409e-01,-3.622611165046691895e-01,-8.793534338474273682e-02,-1.061717793345451355e-01,-5.655830353498458862e-02,8.368947356939315796e-02,4.219912923872470856e-03,5.664566159248352051e-01,6.875209510326385498e-02,4.367164671421051025e-01,6.517978310585021973e-01,6.320409476757049561e-02,3.978169262409210205e-01,2.178701609373092651e-01,2.119797915220260620e-01,5.128987431526184082e-01,3.584438860416412354e-01,6.044513583183288574e-01,1.000000238418579102e+00,7.344345450401306152e-01,2.368581593036651611e-01,1.320003718137741089e-01,1.244621947407722473e-01,-1.430767821148037910e-03,1.171398907899856567e-01,-2.237890847027301788e-02,8.730146801099181175e-04,7.404089719057083130e-02,4.312922656536102295e-01,3.405974209308624268e-01,7.008975744247436523e-02,-1.748891919851303101e-01,-7.859912514686584473e-02,6.485788524150848389e-02,1.197309643030166626e-01,2.413849532604217529e-02,-4.920100327581167221e-03,1.376101225614547729e-01,-1.371601969003677368e-01,3.403869271278381348e-01,5.250471830368041992e-01,7.805434870533645153e-04,4.229020476341247559e-01,6.836646199226379395e-01,1.457990854978561401e-01,2.647005021572113037e-01
-1.103086546063423157e-01,4.141673818230628967e-02,-5.565366894006729126e-02,-3.484706282615661621e-01,-1.550285667181015015e-01,-9.504748135805130005e-02,-5.120884254574775696e-02,1.344956550747156143e-02,1.036693602800369263e-01,4.505499899387359619e-01,1.490594148635864258e-01,4.421031773090362549e-01,5.411432385444641113e-01,1.747545748949050903e-01,4.256765246391296387e-01,3.995144665241241455e-01,2.203628867864608765e-01,4.974143803119659424e-01,3.565725088119506836e-01,3.973688483238220215e-01,7.344345450401306152e-01,1.000000238418579102e+00,3.908552229404449463e-01,2.580104470252990723e-01,1.057705879211425781e-01,1.013285014778375626e-02,7.597093284130096436e-02,1.832057535648345947e-02,8.167882263660430908e-02,7.614433020353317261e-02,6.296892166137695312e-01,4.792021811008453369e-01,6.465058028697967529e-02,-1.955048441886901855e-01,-1.106652617454528809e-01,8.884632587432861328e-02,2.114050835371017456e-01,1.158189773559570312e-01,8.236569911241531372e-02,1.466610878705978394e-01,-8.089181035757064819e-02,3.903288245201110840e-01,5.460373759269714355e-01,6.752219516783952713e-03,4.461573362350463867e-01,6.376354694366455078e-01,2.758786976337432861e-01,5.138794183731079102e-01
1.353635787963867188e-01,-1.474193036556243896e-01,-2.149609029293060303e-01,-1.726486831903457642e-01,1.833254545927047729e-01,1.062158402055501938e-02,1.492515653371810913e-01,2.976845204830169678e-02,2.247236669063568115e-01,1.476561874151229858e-01,2.592002153396606445e-01,2.620796561241149902e-01,3.529828488826751709e-01,1.185947582125663757e-01,3.012217283248901367e-01,4.881052374839782715e-01,2.792869508266448975e-01,6.503811478614807129e-02,2.546789348125457764e-01,2.831073701381683350e-01,2.368581593036651611e-01,3.908552229404449463e-01,1.000000000000000000e+00,5.400323867797851562e-01,-5.885980278253555298e-02,-1.443763226270675659e-01,5.386947467923164368e-02,-2.068617343902587891e-01,-2.204524725675582886e-01,-8.035323768854141235e-02,5.239538103342056274e-02,3.314193785190582275e-01,7.216458022594451904e-02,-1.933695524930953979e-01,-1.058797165751457214e-01,4.210105240345001221e-01,2.269649356603622437e-01,-1.580972783267498016e-02,2.951927185058593750e-01,2.844284176826477051e-01,-3.899351507425308228e-02,2.005880177021026611e-01,2.890313230454921722e-02,7.413353025913238525e-02,1.319075673818588257e-01,1.696949303150177002e-01,5.278325080871582031e-01,6.360643506050109863e-01
7.263455539941787720e-02,3.406710550189018250e-02,-3.976769745349884033e-02,5.895046633668243885e-04,1.055505573749542236e-01,3.561827761586755514e-04,7.947591692209243774e-02,4.089685901999473572e-02,1.349752247333526611e-01,1.195696964859962463e-01,1.589506864547729492e-01,2.339874804019927979e-01,2.792363464832305908e-01,1.015664339065551758e-01,2.091337144374847412e-01,3.153831362724304199e-01,1.282193213701248169e-01,3.212816640734672546e-02,1.267328709363937378e-01,1.433843225240707397e-01,1.320003718137741089e-01,2.580104470252990723e-01,5.400323867797851562e-01,1.000000119209289551e+00,1.158234998583793640e-01,-3.893901407718658447e-02,2.679718099534511566e-02,-9.359278716146945953e-03,-5.251255631446838379e-02,1.049426645040512085e-01,1.926778703927993774e-01,3.565852046012878418e-01,7.268548756837844849e-02,-2.292614728212356567e-01,1.063583344221115112e-01,6.194083690643310547e-01,1.717718839645385742e-01,1.860056519508361816e-01,4.495528936386108398e-01,3.901871144771575928e-01,7.502201199531555176e-02,1.282199323177337646e-01,9.671223908662796021e-02,4.428374394774436951e-02,1.807560026645660400e-01,1.931592971086502075e-01,6.503196954727172852e-01,4.051241278648376465e-01
1.519822627305984497e-01,1.981855928897857666e-02,1.348227858543395996e-01,1.332901883870363235e-02,-3.738839924335479736e-02,-7.315827906131744385e-02,-5.099472776055335999e-02,4.603088274598121643e-02,-7.046949863433837891e-02,2.065650559961795807e-02,-7.967478036880493164e-02,3.801612928509712219e-02,-5.492241121828556061e-03,-1.069989874958992004e-01,1.119727790355682373e-01,-8.469491451978683472e-02,3.673137351870536804e-02,8.740498870611190796e-02,8.977397531270980835e-02,3.829633072018623352e-02,1.244621947407722473e-01,1.057705879211425781e-01,-5.885980278253555298e-02,1.158234998583793640e-01,1.000000238418579102e+00,7.354516535997390747e-02,1.445521861314773560e-01,3.448993563652038574e-01,1.359391659498214722e-01,1.897835433483123779e-01,1.421695649623870850e-01,8.768588304519653320e-02,2.417826056480407715e-01,-9.972922503948211670e-02,9.074192494153976440e-02,-3.692611306905746460e-02,5.362715572118759155e-02,8.534028381109237671e-02,-6.775467842817306519e-02,5.983204022049903870e-02,-5.516265332698822021e-02,-9.771870449185371399e-03,1.262698471546173096e-01,-2.950720023363828659e-03,1.401921361684799194e-01,1.155572086572647095e-01,1.737119397148489952e-03,-2.340728044509887695e-02
-1.303819417953491211e-01,1.498432159423828125e-01,5.936998501420021057e-02,-1.767354905605316162e-01,-1.803588271141052246e-01,1.448062807321548462e-01,4.602468013763427734e-01,-2.374517917633056641e-02,1.068754643201828003e-01,1.440144181251525879e-01,-5.622026324272155762e-02,1.677993535995483398e-01,1.008779108524322510e-01,1.653934568166732788e-01,1.565867364406585693e-01,4.505297914147377014e-02,4.055604636669158936e-01,-4.476348310708999634e-02,3.129177689552307129e-01,-2.318231202661991119e-02,-1.430767821148037910e-03,1.013285014778375626e-02,-1.443763226270675659e-01,-3.893901407718658447e-02,7.354516535997390747e-02,1.000000119209289551e+00,1.213738471269607544e-01,2.109862864017486572e-01,4.654462039470672607e-01,3.723761737346649170e-01,1.238695904612541199e-01,9.179478883743286133e-02,2.526497468352317810e-03,2.117205597460269928e-02,1.875138431787490845e-01,7.023448497056961060e-02,-1.261237710714340210e-01,1.842052787542343140e-01,-2.899384312331676483e-02,1.979391276836395264e-01,-1.503292769193649292e-01,1.636981666088104248e-01,5.552822723984718323e-03,2.884700000286102295e-01,1.736774295568466187e-01,1.417015939950942993e-01,-1.508865654468536377e-01,9.461978077888488770e-02
5.345303565263748169e-02,-2.550277672708034515e-02,-5.674393475055694580e-02,-1.279335916042327881e-01,1.263166069984436035e-01,-2.547378651797771454e-02,8.621143549680709839e-02,1.822887659072875977e-01,-3.271209541708230972e-03,-3.132360801100730896e-02,-8.176355808973312378e-02,-6.875829398632049561e-02,1.804976724088191986e-02,-9.685050696134567261e-02,-5.137566477060317993e-02,-1.454296261072158813e-01,1.714299619197845459e-01,7.455747574567794800e-02,2.067043930292129517e-01,1.190998107194900513e-01,1.171398907899856567e-01,7.597093284130096436e-02,5.386947467923164368e-02,2.679718099534511566e-02,1.445521861314773560e-01,1.213738471269607544e-01,1.000000476837158203e+00,8.714648336172103882e-02,3.246171474456787109e-01,1.427386850118637085e-01,3.752716258168220520e-02,2.009576931595802307e-02,3.460684120655059814e-01,1.259852647781372070e-01,4.829290881752967834e-02,-7.493837922811508179e-02,6.021080166101455688e-02,-1.153120398521423340e-01,-8.857210725545883179e-02,9.904038161039352417e-03,-1.103440076112747192e-01,-1.324540972709655762e-01,6.007477641105651855e-02,-7.467418909072875977e-02,-4.369134083390235901e-02,3.219481930136680603e-02,2.282571978867053986e-02,3.523883223533630371e-02
-3.107773140072822571e-02,1.621309071779251099e-01,4.725078940391540527e-01,1.894711107015609741e-01,-2.068169713020324707e-01,-5.712867900729179382e-02,-4.178546741604804993e-02,-6.973977386951446533e-02,-1.922128349542617798e-01,-7.790838181972503662e-02,-2.174468338489532471e-01,-7.536609470844268799e-02,-8.441679179668426514e-02,-1.130113154649734497e-01,-1.170113906264305115e-01,-2.142241150140762329e-01,-3.165819123387336731e-02,9.812349826097488403e-02,-1.007228717207908630e-01,-1.699915155768394470e-02,-2.237890847027301788e-02,1.832057535648345947e-02,-2.068617343902587891e-01,-9.359278716146945953e-03,3.448993563652038574e-01,2.109862864017486572e-01,8.714648336172103882e-02,1.000000119209289551e+00,5.325175523757934570e-01,1.483950763940811157e-01,1.955479383468627930e-01,-6.704272329807281494e-02,1.122897788882255554e-01,5.158217251300811768e-02,1.431370526552200317e-01,-9.714882820844650269e-02,-1.185753494501113892e-01,1.678569465875625610e-01,-7.948657497763633728e-03,4.774346947669982910e-02,9.710565209388732910e-02,-1.568223536014556885e-01,1.659367233514785767e-01,-5.230549350380897522e-02,-9.588548913598060608e-03,8.475025184452533722e-03,-1.216256767511367798e-01,-1.313120275735855103e-01
-1.723844185471534729e-02,3.378826081752777100e-01,2.054028660058975220e-01,-2.182870358228683472e-02,-8.323755860328674316e-02,1.543715000152587891e-01,2.375280708074569702e-01,1.915542967617511749e-02,1.126715540885925293e-01,7.037436217069625854e-02,5.730878934264183044e-02,9.560415893793106079e-02,-4.146103560924530029e-02,1.181315034627914429e-01,-6.815309170633554459e-03,-1.407268792390823364e-01,1.350972205400466919e-01,-4.148943722248077393e-02,1.184775866568088531e-02,-1.434857547283172607e-01,8.730146801099181175e-04,8.167882263660430908e-02,-2.204524725675582886e-01,-5.251255631446838379e-02,1.359391659498214722e-01,4.654462039470672607e-01,3.246171474456787109e-01,5.325175523757934570e-01,9.999997019767761230e-01,3.628461658954620361e-01,2.402031421661376953e-01,-5.198850762099027634e-03,1.741688400506973267e-01,1.931378096342086792e-01,2.173920273780822754e-01,-7.767542451620101929e-02,6.243338063359260559e-02,1.671760976314544678e-01,-1.040781587362289429e-01,3.133032098412513733e-02,1.317758411169052124e-01,3.025867976248264313e-02,5.625030770897865295e-02,1.111440733075141907e-01,7.811933755874633789e-02,9.458871930837631226e-02,-1.298858523368835449e-01,4.815068095922470093e-02
9.338845312595367432e-02,1.362983733415603638e-01,2.561715804040431976e-02,-4.845168814063072205e-02,3.685072436928749084e-02,2.321501262485980988e-02,2.575991451740264893e-01,1.540981978178024292e-01,9.844905883073806763e-02,3.778324648737907410e-02,5.666660517454147339e-02,7.386642694473266602e-02,1.273571252822875977e-01,5.487123876810073853e-02,9.105721861124038696e-02,3.173606842756271362e-02,2.842389941215515137e-01,6.692925840616226196e-02,2.038298845291137695e-01,1.321495175361633301e-01,7.404089719057083130e-02,7.614433020353317261e-02,-8.035323768854141235e-02,1.049426645040512085e-01,1.897835433483123779e-01,3.723761737346649170e-01,1.427386850118637085e-01,1.483950763940811157e-01,3.628461658954620361e-01,9.999997019767761230e-01,2.792677581310272217e-01,1.764945089817047119e-01,2.728575170040130615e-01,-4.161917790770530701e-02,3.216121792793273926e-01,1.095617190003395081e-01,4.329157993197441101e-02,2.066156864166259766e-01,5.422449856996536255e-02,9.341897815465927124e-02,7.234846800565719604e-02,1.289160270243883133e-02,1.472652554512023926e-01,4.566032905131578445e-03,4.573329538106918335e-02,1.380452811717987061e-01,3.872992470860481262e-02,-6.916496437042951584e-03
-1.432662457227706909e-01,2.000158578157424927e-01,2.123580314218997955e-02,-2.512129843235015869e-01,-2.499160915613174438e-01,-5.833987519145011902e-02,-8.440207690000534058e-02,4.234205558896064758e-02,5.960322543978691101e-02,3.286279737949371338e-01,6.239680200815200806e-02,3.428488969802856445e-01,3.752074837684631348e-01,1.496404707431793213e-01,2.872211337089538574e-01,2.293451428413391113e-01,1.421975195407867432e-01,4.086920022964477539e-01,2.759433388710021973e-01,2.135639190673828125e-01,4.312922656536102295e-01,6.296892166137695312e-01,5.239538103342056274e-02,1.926778703927993774e-01,1.421695649623870850e-01,1.238695904612541199e-01,3.752716258168220520e-02,1.955479383468627930e-01,2.402031421661376953e-01,2.792677581310272217e-01,9.999997615814208984e-01,3.149587512016296387e-01,5.223150923848152161e-02,-1.186088994145393372e-01,6.420596688985824585e-02,1.510984078049659729e-02,1.248897612094879150e-01,2.679978609085083008e-01,1.353687494993209839e-01,1.685335487127304077e-01,-4.480496048927307129e-02,2.660770416259765625e-01,5.507091879844665527e-01,-3.301507979631423950e-02,3.822463154792785645e-01,5.216503143310546875e-01,1.436112672090530396e-01,1.766387224197387695e-01
5.026641860604286194e-02,1.104289963841438293e-01,-6.781879067420959473e-02,-2.755864560604095459e-01,4.374537989497184753e-02,-2.034994959831237793e-02,1.198325753211975098e-01,1.334626078605651855e-01,1.398111134767532349e-01,3.083771169185638428e-01,1.532229930162429810e-01,3.541041016578674316e-01,5.332931876182556152e-01,2.391297668218612671e-01,5.010737776756286621e-01,5.104701519012451172e-01,3.247098922729492188e-01,1.220249384641647339e-01,4.569028019905090332e-01,2.354508787393569946e-01,3.405974209308624268e-01,4.792021811008453369e-01,3.314193785190582275e-01,3.565852046012878418e-01,8.768588304519653320e-02,9.179478883743286133e-02,2.009576931595802307e-02,-6.704272329807281494e-02,-5.198850762099027634e-03,1.764945089817047119e-01,3.149587512016296387e-01,9.999997019767761230e-01,1.133978925645351410e-02,-1.613737940788269043e-01,5.871210247278213501e-02,2.050761282444000244e-01,2.369219213724136353e-01,1.389980614185333252e-01,1.382791996002197266e-01,8.861632645130157471e-02,-1.548037491738796234e-02,3.455372452735900879e-01,1.867355406284332275e-01,1.717485487461090088e-01,3.646291792392730713e-01,3.154000043869018555e-01,4.685270786285400391e-01,4.038566648960113525e-01
