1.000000119209289551e+00,4.671470224857330322e-01,-6.499212980270385742e-02,1.048851758241653442e-01,5.742165446281433105e-01,4.669841527938842773e-01,1.092967167496681213e-01,2.207978665828704834e-01,3.437095284461975098e-01,3.504841923713684082e-01,1.048843041062355042e-01,2.759215831756591797e-01,2.835827767848968506e-01,-2.401017956435680389e-02,-4.475348815321922302e-02,1.788426488637924194e-01,2.898788452148437500e-02,-1.364540755748748779e-01,1.071374267339706421e-01,6.560124456882476807e-02,-2.832110039889812469e-03,-2.174089550971984863e-01,5.695882439613342285e-02,5.639920011162757874e-02,4.464951455593109131e-01,2.113492414355278015e-02,4.591602385044097900e-01,5.968363285064697266e-01,4.889456629753112793e-01,1.062350943684577942e-01,-1.182254403829574585e-01,-1.464551091194152832e-01,3.848957121372222900e-01,-3.862845897674560547e-02,5.439880862832069397e-02,2.432283386588096619e-02,4.206326324492692947e-03,-7.478956133127212524e-02,6.868752092123031616e-02,-7.228366564959287643e-03,5.077052712440490723e-01,4.789459407329559326e-01,2.696199119091033936e-01,3.412402570247650146e-01,3.216766715049743652e-01,3.233997821807861328e-01,1.687487028539180756e-02,-1.029367893934249878e-01
4.671470224857330322e-01,9.999998211860656738e-01,-3.574907779693603516e-02,1.477548480033874512e-01,6.159520745277404785e-01,4.566332399845123291e-01,3.175604641437530518e-01,2.826095521450042725e-01,6.507552862167358398e-01,6.500204205513000488e-01,3.093136548995971680e-01,5.872380137443542480e-01,4.414108693599700928e-01,-8.157548494637012482e-03,3.364834487438201904e-01,1.402827054262161255e-01,2.039934247732162476e-01,7.314144819974899292e-02,1.274000406265258789e-01,2.142609804868698120e-01,1.710523366928100586e-01,-5.691244080662727356e-02,2.090143263339996338e-01,1.621803343296051025e-01,3.223653733730316162e-01,1.113931909203529358e-01,5.724592208862304688e-01,3.896316885948181152e-01,4.211355149745941162e-01,2.943785488605499268e-01,1.122704446315765381e-01,-7.432893663644790649e-02,4.637901186943054199e-01,3.200001120567321777e-01,2.715007662773132324e-01,2.109605669975280762e-01,1.510990709066390991e-01,3.881191015243530273e-01,1.362051963806152344e-01,1.289084106683731079e-01,7.105927467346191406e-01,6.619708538055419922e-01,3.791292011737823486e-01,7.136327624320983887e-01,6.379858851432800293e-01,5.624486804008483887e-01,1.117863357067108154e-01,-8.287460356950759888e-02
-6.499212980270385742e-02,-3.574907779693603516e-02,1.000000119209289551e+00,4.860858321189880371e-01,-6.455231923609972000e-03,6.830763816833496094e-02,4.085263609886169434e-01,-1.235556043684482574e-02,-1.529881507158279419e-01,-6.055492535233497620e-02,-1.100419536232948303e-01,-1.654084026813507080e-01,-1.967966258525848389e-01,-8.532825857400894165e-02,-9.303051978349685669e-02,-2.390465438365936279e-01,3.401668369770050049e-01,1.850276142358779907e-01,2.631584405899047852e-01,8.402346819639205933e-02,2.341372147202491760e-02,1.134703382849693298e-01,-1.796983033418655396e-01,-1.617395691573619843e-02,-3.628136962652206421e-02,3.379814028739929199e-01,-5.836220830678939819e-02,1.938300281763076782e-01,2.988795042037963867e-01,1.988896429538726807e-01,1.326223164796829224e-01,9.990910068154335022e-03,-7.048698514699935913e-02,3.011600673198699951e-02,-1.438829302787780762e-01,-1.494709253311157227e-01,-2.721850993111729622e-03,-4.472509399056434631e-02,-2.843323051929473877e-01,-1.814918220043182373e-01,-5.933685228228569031e-02,2.695501223206520081e-02,7.922038435935974121e-02,-1.367081850767135620e-01,-1.408639363944530487e-02,-1.787029788829386234e-03,-7.041943026706576347e-04,-8.382385224103927612e-02
1.048851758241653442e-01,1.477548480033874512e-01,4.860858321189880371e-01,9.999995231628417969e-01,2.263787686824798584e-01,3.810249865055084229e-01,6.090513467788696289e-01,-7.207587361335754395e-02,-3.599800402298569679e-03,9.845497459173202515e-02,-1.558702588081359863e-01,-4.374122992157936096e-02,-5.811651051044464111e-02,-1.072655543684959412e-01,-1.614998877048492432e-01,-2.056314647197723389e-01,5.155170559883117676e-01,3.207255899906158447e-01,4.611854851245880127e-01,2.923705279827117920e-01,2.075301110744476318e-01,2.646271288394927979e-01,-1.260298192501068115e-01,7.566197216510772705e-02,1.192009821534156799e-02,3.044611811637878418e-01,2.631241641938686371e-02,3.805304765701293945e-01,3.443751633167266846e-01,3.692219257354736328e-01,3.115740120410919189e-01,1.339285224676132202e-01,-5.699853971600532532e-02,-7.288938760757446289e-02,-1.004690527915954590e-01,-1.049536094069480896e-01,1.541505660861730576e-02,-1.341877430677413940e-01,-2.194017171859741211e-01,-1.272696405649185181e-01,9.525430202484130859e-02,2.366308569908142090e-01,3.079554140567779541e-01,3.412777185440063477e-02,1.151559427380561829e-01,1.831133663654327393e-01,9.044112265110015869e-02,-1.539026498794555664e-01
5.742165446281433105e-01,6.159520745277404785e-01,-6.455231923609972000e-03,2.263787686824798584e-01,1.000000119209289551e+00,5.060880780220031738e-01,2.605992555618286133e-01,2.667428553104400635e-01,4.376424252986907959e-01,4.274958074092864990e-01,2.051756531000137329e-01,3.066391050815582275e-01,3.753597438335418701e-01,-6.882487237453460693e-02,1.205198019742965698e-01,5.156891047954559326e-02,1.654946655035018921e-01,8.341321721673011780e-03,2.122981399297714233e-01,2.291018217802047729e-01,9.815344959497451782e-02,-1.088876575231552124e-01,1.247515380382537842e-01,1.081943064928054810e-01,3.971960544586181641e-01,9.563806653022766113e-02,4.212844669818878174e-01,5.068131685256958008e-01,4.579327404499053955e-01,2.042808085680007935e-01,3.078245325013995171e-03,-1.127838343381881714e-01,3.833835124969482422e-01,1.186092197895050049e-01,4.536712914705276489e-02,4.764742404222488403e-02,-9.932448156177997589e-03,1.329377144575119019e-01,-4.033958911895751953e-02,1.653350330889225006e-02,6.506797671318054199e-01,5.260277390480041504e-01,3.658789694309234619e-01,4.592592716217041016e-01,4.304085373878479004e-01,4.467093944549560547e-01,2.640974894165992737e-02,-9.706377238035202026e-02
4.669841527938842773e-01,4.566332399845123291e-01,6.830763816833496094e-02,3.810249865055084229e-01,5.060880780220031738e-01,1.000000119209289551e+00,4.758487045764923096e-01,1.980496756732463837e-02,2.725615203380584717e-01,4.320040941238403320e-01,-1.640881597995758057e-01,2.434757500886917114e-01,2.495355457067489624e-01,-2.074941843748092651e-01,-3.497879952192306519e-02,-9.882377460598945618e-03,3.522985577583312988e-01,1.457533389329910278e-01,3.652546405792236328e-01,2.813890278339385986e-01,2.181163281202316284e-01,4.903574287891387939e-02,-6.588287651538848877e-02,6.215269491076469421e-02,1.836564093828201294e-01,1.187876686453819275e-01,2.900872528553009033e-01,4.752792418003082275e-01,4.964565038681030273e-01,3.145683705806732178e-01,1.487713605165481567e-01,1.158367097377777100e-02,1.480827331542968750e-01,9.490711987018585205e-02,-1.135497838258743286e-01,-2.248794212937355042e-02,2.317639440298080444e-02,1.518547069281339645e-02,-5.158425867557525635e-02,-1.207763701677322388e-01,4.395527541637420654e-01,5.942732691764831543e-01,4.835346639156341553e-01,3.861395120620727539e-01,3.848473429679870605e-01,4.761498272418975830e-01,1.183710470795631409e-01,-2.524141073226928711e-01
1.092967167496681213e-01,3.175604641437530518e-01,4.085263609886169434e-01,6.090513467788696289e-01,2.605992555618286133e-01,4.758487045764923096e-01,1.000000238418579102e+00,-1.866215094923973083e-02,1.664055287837982178e-01,2.999505996704101562e-01,-6.370621174573898315e-02,1.739516705274581909e-01,9.887436777353286743e-02,-1.575103998184204102e-01,2.623625332489609718e-04,-1.672258079051971436e-01,7.336487174034118652e-01,5.370205044746398926e-01,5.032728910446166992e-01,4.042970240116119385e-01,3.640321791172027588e-01,3.672179281711578369e-01,-1.733982935547828674e-02,2.232051081955432892e-02,6.329379230737686157e-02,3.499674797058105469e-01,1.432497352361679077e-01,3.002552688121795654e-01,3.709301650524139404e-01,4.973346889019012451e-01,4.463912844657897949e-01,7.326862961053848267e-02,5.254459753632545471e-02,1.423513740301132202e-01,1.951456442475318909e-02,-1.955329626798629761e-02,1.101536303758621216e-01,8.054624497890472412e-02,-1.251533776521682739e-01,-1.524430215358734131e-01,2.194619178771972656e-01,4.088078737258911133e-01,4.139146208763122559e-01,2.632452249526977539e-01,2.925018072128295898e-01,3.630103468894958496e-01,9.156341105699539185e-02,-2.421867102384567261e-01
2.207978665828704834e-01,2.826095521450042725e-01,-1.235556043684482574e-02,-7.207587361335754395e-02,2.667428553104400635e-01,1.980496756732463837e-02,-1.866215094923973083e-02,1.000000000000000000e+00,1.848072409629821777e-01,9.088207036256790161e-02,4.791819453239440918e-01,1.524351984262466431e-01,7.504408806562423706e-02,6.015329957008361816e-01,2.898499667644500732e-01,1.823355257511138916e-01,-4.334244504570960999e-02,-9.692670404911041260e-02,-6.607342511415481567e-02,-6.936474237591028214e-04,-1.721721887588500977e-01,-2.898232936859130859e-01,-7.714302092790603638e-02,-5.606512725353240967e-02,4.846767187118530273e-01,2.549310624599456787e-01,4.793072938919067383e-01,9.007881581783294678e-02,7.382490485906600952e-02,-1.437603831291198730e-01,-1.912493258714675903e-01,-2.464059889316558838e-01,5.285267233848571777e-01,1.622702181339263916e-01,7.067740708589553833e-02,-1.578778028488159180e-01,4.606710076332092285e-01,1.482929885387420654e-01,1.652199891395866871e-03,-1.299217343330383301e-01,2.240564823150634766e-01,1.270834207534790039e-01,-7.990687340497970581e-02,2.432043999433517456e-01,1.123117431998252869e-01,3.131103143095970154e-02,-1.480941772460937500e-01,-1.865360289812088013e-01
3.437095284461975098e-01,6.507552862167358398e-01,-1.529881507158279419e-01,-3.599800402298569679e-03,4.376424252986907959e-01,2.725615203380584717e-01,1.664055287837982178e-01,1.848072409629821777e-01,9.999998211860656738e-01,6.611090302467346191e-01,4.468001723289489746e-01,7.334207892417907715e-01,4.250439405441284180e-01,1.818290911614894867e-02,4.523238837718963623e-01,2.085369080305099487e-01,9.456620365381240845e-02,-1.915307715535163879e-02,1.067274361848831177e-01,2.242752015590667725e-01,2.109700441360473633e-01,-2.163030207157135010e-02,3.274429440498352051e-01,8.864798396825790405e-02,2.486780583858489990e-01,-3.139767795801162720e-02,4.478539824485778809e-01,2.637263834476470947e-01,3.013573586940765381e-01,1.636989414691925049e-01,1.461484376341104507e-02,-6.799021363258361816e-02,3.644176423549652100e-01,2.618620991706848145e-01,2.860898673534393311e-01,3.076581358909606934e-01,1.779453307390213013e-01,4.610489904880523682e-01,2.051443606615066528e-01,3.055598139762878418e-01,4.421163201332092285e-01,5.484938621520996094e-01,4.053967893123626709e-01,7.063463926315307617e-01,5.153028368949890137e-01,5.369855165481567383e-01,9.363440424203872681e-02,7.660357654094696045e-02
3.504841923713684082e-01,6.500204205513000488e-01,-6.055492535233497620e-02,9.845497459173202515e-02,4.274958074092864990e-01,4.320040941238403320e-01,2.999505996704101562e-01,9.088207036256790161e-02,6.611090302467346191e-01,1.000000119209289551e+00,3.499915301799774170e-01,7.252629995346069336e-01,5.875992774963378906e-01,-8.262886852025985718e-02,4.805485308170318604e-01,1.677203327417373657e-01,2.325082570314407349e-01,8.142925798892974854e-02,2.505010962486267090e-01,3.116272389888763428e-01,3.082209229469299316e-01,1.013087108731269836e-01,3.496517837047576904e-01,1.803415715694427490e-01,2.547477483749389648e-01,1.795707084238529205e-02,3.293076753616333008e-01,2.446360439062118530e-01,2.895783185958862305e-01,2.017279714345932007e-01,1.056991517543792725e-01,7.970527559518814087e-02,2.647441923618316650e-01,2.947120368480682373e-01,1.484849900007247925e-01,3.427086770534515381e-01,5.536086857318878174e-02,4.919609427452087402e-01,1.348298341035842896e-01,1.885188221931457520e-01,5.282415151596069336e-01,6.669582724571228027e-01,4.394746720790863037e-01,5.864498615264892578e-01,7.025007009506225586e-01,6.944980025291442871e-01,1.722365617752075195e-01,7.855858653783798218e-02
1.048843041062355042e-01,3.093136548995971680e-01,-1.100419536232948303e-01,-1.558702588081359863e-01,2.051756531000137329e-01,-1.640881597995758057e-01,-6.370621174573898315e-02,4.791819453239440918e-01,4.468001723289489746e-01,3.499915301799774170e-01,9.999998211860656738e-01,4.835911393165588379e-01,2.891244888305664062e-01,3.711213767528533936e-01,6.345532536506652832e-01,1.161899492144584656e-01,-1.127526834607124329e-01,-1.352096199989318848e-01,-1.236542910337448120e-01,-4.990184679627418518e-02,-6.634365022182464600e-02,-1.577954888343811035e-01,2.005796730518341064e-01,3.012129291892051697e-02,4.090859591960906982e-01,7.503485679626464844e-02,3.183698654174804688e-01,-2.527253516018390656e-02,-2.935199439525604248e-02,-9.430228918790817261e-02,-1.592132896184921265e-01,-1.771489083766937256e-01,4.260450899600982666e-01,2.983925044536590576e-01,2.420948445796966553e-01,1.336115747690200806e-01,2.412021756172180176e-01,5.130463838577270508e-01,6.233160942792892456e-02,1.067188084125518799e-01,2.177247256040573120e-01,1.713935434818267822e-01,-5.746623128652572632e-02,2.893537282943725586e-01,3.161380290985107422e-01,2.085163891315460205e-01,-6.538702547550201416e-02,3.213715180754661560e-02
2.759215831756591797e-01,5.872380137443542480e-01,-1.654084026813507080e-01,-4.374122992157936096e-02,3.066391050815582275e-01,2.434757500886917114e-01,1.739516705274581909e-01,1.524351984262466431e-01,7.334207892417907715e-01,7.252629995346069336e-01,4.835911393165588379e-01,9.999999403953552246e-01,5.591524839401245117e-01,1.476104371249675751e-02,5.969727635383605957e-01,3.087491691112518311e-01,1.409201622009277344e-01,3.540839999914169312e-02,1.307618618011474609e-01,2.149444669485092163e-01,2.689399421215057373e-01,3.769752010703086853e-02,4.241614341735839844e-01,1.574117392301559448e-01,2.365539073944091797e-01,-3.076974302530288696e-02,4.194627404212951660e-01,1.498705446720123291e-01,1.745173037052154541e-01,1.436795890331268311e-01,4.086581245064735413e-02,-2.679517492651939392e-02,3.518484234809875488e-01,3.339122235774993896e-01,3.228365480899810791e-01,3.704106509685516357e-01,1.756616830825805664e-01,5.635575056076049805e-01,3.036499917507171631e-01,3.046533167362213135e-01,3.905779421329498291e-01,5.129733681678771973e-01,3.538071215152740479e-01,6.093874573707580566e-01,5.564582943916320801e-01,5.422744154930114746e-01,1.765411496162414551e-01,1.508231163024902344e-01
2.835827767848968506e-01,4.414108693599700928e-01,-1.967966258525848389e-01,-5.811651051044464111e-02,3.753597438335418701e-01,2.495355457067489624e-01,9.887436777353286743e-02,7.504408806562423706e-02,4.250439405441284180e-01,5.875992774963378906e-01,2.891244888305664062e-01,5.591524839401245117e-01,1.000000000000000000e+00,-5.019675567746162415e-02,3.674343824386596680e-01,4.997096061706542969e-01,1.402885913848876953e-01,1.506046652793884277e-01,2.213945090770721436e-01,3.675057590007781982e-01,3.452873229980468750e-01,2.005467265844345093e-01,6.003600955009460449e-01,4.185346364974975586e-01,2.015383839607238770e-01,-6.480044871568679810e-02,2.072363197803497314e-01,1.136179938912391663e-01,7.479233294725418091e-02,1.611733138561248779e-01,2.203041762113571167e-01,2.258721441030502319e-01,1.972499042749404907e-01,1.772008836269378662e-01,2.708745598793029785e-01,5.664697289466857910e-01,-7.002657651901245117e-02,3.731546401977539062e-01,4.196532368659973145e-01,4.110737442970275879e-01,3.837359249591827393e-01,4.108643829822540283e-01,3.765772879123687744e-01,3.597128689289093018e-01,4.876636862754821777e-01,5.309394598007202148e-01,3.729847073554992676e-01,2.645141780376434326e-01
-2.401017956435680389e-02,-8.157548494637012482e-03,-8.532825857400894165e-02,-1.072655543684959412e-01,-6.882487237453460693e-02,-2.074941843748092651e-01,-1.575103998184204102e-01,6.015329957008361816e-01,1.818290911614894867e-02,-8.262886852025985718e-02,3.711213767528533936e-01,1.476104371249675751e-02,-5.019675567746162415e-02,1.000000000000000000e+00,2.322475165128707886e-01,6.164036318659782410e-02,-1.021089330315589905e-01,-8.534751832485198975e-02,-8.965721726417541504e-02,-4.531978815793991089e-02,-1.053219586610794067e-01,-1.239480972290039062e-01,-2.635717578232288361e-02,-7.237692922353744507e-02,2.130150496959686279e-01,2.295160442590713501e-01,1.526731848716735840e-01,-1.159271076321601868e-01,-1.366240531206130981e-01,-2.146190702915191650e-01,-1.537733823060989380e-01,-8.201697468757629395e-02,1.470147520303726196e-01,-4.266828298568725586e-02,4.367719218134880066e-02,-1.220664680004119873e-01,4.898211061954498291e-01,4.563241451978683472e-02,-2.675849385559558868e-02,-2.825164049863815308e-02,-9.287772327661514282e-02,-7.490795850753784180e-02,-1.641396284103393555e-01,3.267223760485649109e-02,-4.245702177286148071e-02,-1.235242784023284912e-01,-1.347249597311019897e-01,-3.865627944469451904e-02
-4.475348815321922302e-02,3.364834487438201904e-01,-9.303051978349685669e-02,-1.614998877048492432e-01,1.205198019742965698e-01,-3.497879952192306519e-02,2.623625332489609718e-04,2.898499667644500732e-01,4.523238837718963623e-01,4.805485308170318604e-01,6.345532536506652832e-01,5.969727635383605957e-01,3.674343824386596680e-01,2.322475165128707886e-01,1.000000119209289551e+00,2.138425856828689575e-01,4.149917978793382645e-03,-8.385863155126571655e-03,-3.273154795169830322e-02,4.146015644073486328e-02,8.771467953920364380e-02,-3.843630431219935417e-03,3.298548460006713867e-01,6.969522684812545776e-02,2.464514076709747314e-01,2.800642699003219604e-02,3.058832585811614990e-01,-1.213265210390090942e-01,-4.286660626530647278e-02,-2.996968291699886322e-02,-6.332532316446304321e-02,-8.932473510503768921e-02,3.677861094474792480e-01,3.917640745639801025e-01,2.930656969547271729e-01,2.467159181833267212e-01,1.865368485450744629e-01,7.352673411369323730e-01,2.084291279315948486e-01,1.988053023815155029e-01,2.420923113822937012e-01,2.482999116182327271e-01,2.016381174325942993e-02,3.068082332611083984e-01,4.505511224269866943e-01,3.347477614879608154e-01,2.155330590903759003e-02,1.718843728303909302e-01
1.788426488637924194e-01,1.402827054262161255e-01,-2.390465438365936279e-01,-2.056314647197723389e-01,5.156891047954559326e-02,-9.882377460598945618e-03,-1.672258079051971436e-01,1.823355257511138916e-01,2.085369080305099487e-01,1.677203327417373657e-01,1.161899492144584656e-01,3.087491691112518311e-01,4.997096061706542969e-01,6.164036318659782410e-02,2.138425856828689575e-01,9.999998211860656738e-01,-5.583187192678451538e-02,4.081045836210250854e-02,1.141647249460220337e-02,1.170293018221855164e-01,6.077276542782783508e-02,-1.837722375057637691e-03,4.512236416339874268e-01,3.996997177600860596e-01,1.210535541176795959e-01,-1.215042769908905029e-01,3.197797536849975586e-01,1.362008322030305862e-02,8.906442672014236450e-03,-7.645931560546159744e-03,1.171635091304779053e-01,1.337628513574600220e-01,2.911940515041351318e-01,-3.487218171358108521e-02,3.910101056098937988e-01,4.290508329868316650e-01,2.708143554627895355e-03,1.948017477989196777e-01,6.915783286094665527e-01,4.353981614112854004e-01,4.881003499031066895e-02,1.135629117488861084e-01,1.425047665834426880e-01,1.369016468524932861e-01,1.760349571704864502e-01,1.696641594171524048e-01,3.271426856517791748e-01,2.954163551330566406e-01
2.898788452148437500e-02,2.039934247732162476e-01,3.401668369770050049e-01,5.155170559883117676e-01,1.654946655035018921e-01,3.522985577583312988e-01,7.336487174034118652e-01,-4.334244504570960999e-02,9.456620365381240845e-02,2.325082570314407349e-01,-1.127526834607124329e-01,1.409201622009277344e-01,1.402885913848876953e-01,-1.021089330315589905e-01,4.149917978793382645e-03,-5.583187192678451538e-02,9.999997019767761230e-01,7.303314208984375000e-01,6.137543916702270508e-01,4.853850603103637695e-01,4.909419715404510498e-01,5.689148306846618652e-01,1.438050717115402222e-01,1.223932132124900818e-01,-2.289007231593132019e-02,2.859150469303131104e-01,5.460141971707344055e-02,2.140139341354370117e-01,2.434269785881042480e-01,4.649094939231872559e-01,5.771070718765258789e-01,2.272227108478546143e-01,-1.420322526246309280e-02,9.386019408702850342e-02,4.596756771206855774e-02,9.162934124469757080e-02,1.382958441972732544e-01,4.510008171200752258e-02,-3.132219985127449036e-02,-3.335965564474463463e-03,1.245919913053512573e-01,3.142898082733154297e-01,4.518062174320220947e-01,1.786359548568725586e-01,2.121837586164474487e-01,3.378286957740783691e-01,2.202814072370529175e-01,-1.308826655149459839e-01
-1.364540755748748779e-01,7.314144819974899292e-02,1.850276142358779907e-01,3.207255899906158447e-01,8.341321721673011780e-03,1.457533389329910278e-01,5.370205044746398926e-01,-9.692670404911041260e-02,-1.915307715535163879e-02,8.142925798892974854e-02,-1.352096199989318848e-01,3.540839999914169312e-02,1.506046652793884277e-01,-8.534751832485198975e-02,-8.385863155126571655e-03,4.081045836210250854e-02,7.303314208984375000e-01,1.000000238418579102e+00,4.380705058574676514e-01,4.594458937644958496e-01,5.189502239227294922e-01,6.916131973266601562e-01,2.221291065216064453e-01,2.224721461534500122e-01,-1.503795534372329712e-01,8.791633695363998413e-02,-5.262582749128341675e-02,-1.083309762179851532e-02,4.535159468650817871e-02,4.529376924037933350e-01,7.372217774391174316e-01,3.767963349819183350e-01,-8.527319878339767456e-02,8.934956043958663940e-02,1.241471171379089355e-01,2.046539634466171265e-01,9.883709251880645752e-02,6.165989488363265991e-02,1.441553980112075806e-01,1.101766973733901978e-01,4.286548122763633728e-02,1.094889640808105469e-01,3.303599953651428223e-01,6.711562722921371460e-02,9.882572293281555176e-02,2.025470882654190063e-01,3.148028850555419922e-01,-1.396242063492536545e-02
1.071374267339706421e-01,1.274000406265258789e-01,2.631584405899047852e-01,4.611854851245880127e-01,2.122981399297714233e-01,3.652546405792236328e-01,5.032728910446166992e-01,-6.607342511415481567e-02,1.067274361848831177e-01,2.505010962486267090e-01,-1.236542910337448120e-01,1.307618618011474609e-01,2.213945090770721436e-01,-8.965721726417541504e-02,-3.273154795169830322e-02,1.141647249460220337e-02,6.137543916702270508e-01,4.380705058574676514e-01,9.999997615814208984e-01,6.383448243141174316e-01,5.770000815391540527e-01,4.966122508049011230e-01,2.333137691020965576e-01,1.166146770119667053e-01,-3.493631258606910706e-02,1.849577128887176514e-01,-4.741535056382417679e-03,2.081858366727828979e-01,2.604863643646240234e-01,3.713392615318298340e-01,3.544310927391052246e-01,2.924361824989318848e-01,-1.318209469318389893e-01,-7.074636965990066528e-02,-6.205430626869201660e-02,1.305270493030548096e-01,1.946776546537876129e-02,-4.502893984317779541e-02,-4.553657025098800659e-02,1.563304960727691650e-01,4.777766391634941101e-02,3.336584866046905518e-01,5.188975334167480469e-01,1.212711557745933533e-01,1.836740076541900635e-01,3.924726247787475586e-01,2.259389609098434448e-01,-6.218358501791954041e-02
6.560124456882476807e-02,2.142609804868698120e-01,8.402346819639205933e-02,2.923705279827117920e-01,2.291018217802047729e-01,2.813890278339385986e-01,4.042970240116119385e-01,-6.936474237591028214e-04,2.242752015590667725e-01,3.116272389888763428e-01,-4.990184679627418518e-02,2.149444669485092163e-01,3.675057590007781982e-01,-4.531978815793991089e-02,4.146015644073486328e-02,1.170293018221855164e-01,4.853850603103637695e-01,4.594458937644958496e-01,6.383448243141174316e-01,9.999997019767761230e-01,7.175713777542114258e-01,5.261247158050537109e-01,3.629448711872100830e-01,1.820967644453048706e-01,-7.963081449270248413e-02,2.312797866761684418e-02,1.928453333675861359e-02,7.177989184856414795e-02,1.766377240419387817e-01,3.675730824470520020e-01,4.506926238536834717e-01,3.515077233314514160e-01,-1.160592436790466309e-01,-4.703204333782196045e-02,6.247080489993095398e-02,2.695991098880767822e-01,5.330561660230159760e-03,6.241979449987411499e-02,1.325977444648742676e-01,2.839376032352447510e-01,9.657180309295654297e-02,3.278115689754486084e-01,5.676072239875793457e-01,2.940012812614440918e-01,1.963968276977539062e-01,4.370285272598266602e-01,2.760154604911804199e-01,4.884879663586616516e-02
-2.832110039889812469e-03,1.710523366928100586e-01,2.341372147202491760e-02,2.075301110744476318e-01,9.815344959497451782e-02,2.181163281202316284e-01,3.640321791172027588e-01,-1.721721887588500977e-01,2.109700441360473633e-01,3.082209229469299316e-01,-6.634365022182464600e-02,2.689399421215057373e-01,3.452873229980468750e-01,-1.053219586610794067e-01,8.771467953920364380e-02,6.077276542782783508e-02,4.909419715404510498e-01,5.189502239227294922e-01,5.770000815391540527e-01,7.175713777542114258e-01,1.000000119209289551e+00,6.680663824081420898e-01,4.884439408779144287e-01,1.907618641853332520e-01,-2.127280086278915405e-01,-1.076511144638061523e-01,-9.503857791423797607e-02,-2.101100422441959381e-02,9.763550013303756714e-02,4.076916575431823730e-01,5.170569419860839844e-01,4.486258029937744141e-01,-2.190548330545425415e-01,5.300610139966011047e-02,1.009203866124153137e-01,3.670973181724548340e-01,3.448038920760154724e-02,1.327062845230102539e-01,1.477562934160232544e-01,3.787381649017333984e-01,8.512654900550842285e-02,2.648367881774902344e-01,5.359242558479309082e-01,2.818945050239562988e-01,2.055163383483886719e-01,3.983215391635894775e-01,3.316933810710906982e-01,1.367416530847549438e-01
-2.174089550971984863e-01,-5.691244080662727356e-02,1.134703382849693298e-01,2.646271288394927979e-01,-1.088876575231552124e-01,4.903574287891387939e-02,3.672179281711578369e-01,-2.898232936859130859e-01,-2.163030207157135010e-02,1.013087108731269836e-01,-1.577954888343811035e-01,3.769752010703086853e-02,2.005467265844345093e-01,-1.239480972290039062e-01,-3.843630431219935417e-03,-1.837722375057637691e-03,5.689148306846618652e-01,6.916131973266601562e-01,4.966122508049011230e-01,5.261247158050537109e-01,6.680663824081420898e-01,1.000000238418579102e+00,3.797848522663116455e-01,1.835493445396423340e-01,-2.397131174802780151e-01,-5.955246463418006897e-02,-2.619999349117279053e-01,-9.471698105335235596e-02,-8.939353376626968384e-02,3.672749996185302734e-01,6.312389373779296875e-01,5.221871137619018555e-01,-3.117034733295440674e-01,-7.288984023034572601e-03,8.919335901737213135e-02,3.169182538986206055e-01,-8.262149244546890259e-02,4.502178728580474854e-02,1.114250719547271729e-01,2.910002171993255615e-01,-7.927957177162170410e-02,3.160737454891204834e-02,3.404621779918670654e-01,-4.046399146318435669e-03,5.687209218740463257e-02,2.059986591339111328e-01,3.171804249286651611e-01,2.078527510166168213e-01
5.695882439613342285e-02,2.090143263339996338e-01,-1.796983033418655396e-01,-1.260298192501068115e-01,1.247515380382537842e-01,-6.588287651538848877e-02,-1.733982935547828674e-02,-7.714302092790603638e-02,3.274429440498352051e-01,3.496517837047576904e-01,2.005796730518341064e-01,4.241614341735839844e-01,6.003600955009460449e-01,-2.635717578232288361e-02,3.298548460006713867e-01,4.512236416339874268e-01,1.438050717115402222e-01,2.221291065216064453e-01,2.333137691020965576e-01,3.629448711872100830e-01,4.884439408779144287e-01,3.797848522663116455e-01,1.000000238418579102e+00,3.961429893970489502e-01,-1.195695251226425171e-01,-1.127037405967712402e-01,-4.407513479236513376e-04,-1.031247451901435852e-01,-7.363875210285186768e-02,7.851244509220123291e-02,2.344284057617187500e-01,3.242994844913482666e-01,-3.941257297992706299e-02,9.066282957792282104e-02,2.943328619003295898e-01,6.887617707252502441e-01,-2.192412503063678741e-02,3.140198290348052979e-01,4.578847289085388184e-01,6.958101987838745117e-01,1.447673141956329346e-01,1.649739146232604980e-01,2.900381684303283691e-01,2.569882571697235107e-01,2.839229702949523926e-01,3.230562806129455566e-01,3.984588384628295898e-01,4.997372627258300781e-01
5.639920011162757874e-02,1.621803343296051025e-01,-1.617395691573619843e-02,7.566197216510772705e-02,1.081943064928054810e-01,6.215269491076469421e-02,2.232051081955432892e-02,-5.606512725353240967e-02,8.864798396825790405e-02,1.803415715694427490e-01,3.012129291892051697e-02,1.574117392301559448e-01,4.185346364974975586e-01,-7.237692922353744507e-02,6.969522684812545776e-02,3.996997177600860596e-01,1.223932132124900818e-01,2.224721461534500122e-01,1.166146770119667053e-01,1.820967644453048706e-01,1.907618641853332520e-01,1.835493445396423340e-01,3.961429893970489502e-01,1.000000000000000000e+00,-5.072939768433570862e-02,6.876508705317974091e-03,7.446087151765823364e-02,1.151215471327304840e-02,2.091196551918983459e-02,1.724228411912918091e-01,4.246513247489929199e-01,5.494540333747863770e-01,2.203618548810482025e-02,-5.065179243683815002e-02,1.578019410371780396e-01,5.306676030158996582e-01,-9.429739415645599365e-02,1.174491420388221741e-01,3.232479989528656006e-01,4.095488190650939941e-01,9.524119645357131958e-02,2.256408631801605225e-01,2.544298768043518066e-01,1.390282902866601944e-02,2.992206811904907227e-01,3.051331341266632080e-01,7.494459748268127441e-01,2.976986169815063477e-01
4.464951455593109131e-01,3.223653733730316162e-01,-3.628136962652206421e-02,1.192009821534156799e-02,3.971960544586181641e-01,1.836564093828201294e-01,6.329379230737686157e-02,4.846767187118530273e-01,2.486780583858489990e-01,2.547477483749389648e-01,4.090859591960906982e-01,2.365539073944091797e-01,2.015383839607238770e-01,2.130150496959686279e-01,2.464514076709747314e-01,1.210535541176795959e-01,-2.289007231593132019e-02,-1.503795534372329712e-01,-3.493631258606910706e-02,-7.963081449270248413e-02,-2.127280086278915405e-01,-2.397131174802780151e-01,-1.195695251226425171e-01,-5.072939768433570862e-02,1.000000238418579102e+00,9.869708865880966187e-02,5.336034893989562988e-01,3.397706449031829834e-01,1.889382153749465942e-01,1.469500083476305008e-02,-2.076437473297119141e-01,-2.653540074825286865e-01,6.043440103530883789e-01,9.558598697185516357e-02,1.809545904397964478e-01,-1.961412429809570312e-01,6.694881618022918701e-02,1.768123954534530640e-01,-4.001655429601669312e-02,-2.295560389757156372e-01,3.093489408493041992e-01,2.983566224575042725e-01,1.329432521015405655e-02,1.601242274045944214e-01,2.688729166984558105e-01,2.145949602127075195e-01,-1.540283709764480591e-01,-1.628678292036056519e-01
2.113492414355278015e-02,1.113931909203529358e-01,3.379814028739929199e-01,3.044611811637878418e-01,9.563806653022766113e-02,1.187876686453819275e-01,3.499674797058105469e-01,2.549310624599456787e-01,-3.139767795801162720e-02,1.795707084238529205e-02,7.503485679626464844e-02,-3.076974302530288696e-02,-6.480044871568679810e-02,2.295160442590713501e-01,2.800642699003219604e-02,-1.215042769908905029e-01,2.859150469303131104e-01,8.791633695363998413e-02,1.849577128887176514e-01,2.312797866761684418e-02,-1.076511144638061523e-01,-5.955246463418006897e-02,-1.127037405967712402e-01,6.876508705317974091e-03,9.869708865880966187e-02,1.000000119209289551e+00,1.294417381286621094e-01,1.466144323348999023e-01,1.375578343868255615e-01,-6.555144488811492920e-02,-3.208271786570549011e-02,-8.955446630716323853e-02,1.075969785451889038e-01,2.855842933058738708e-02,-1.253579258918762207e-01,-1.004776060581207275e-01,2.110568135976791382e-01,-2.500600740313529968e-02,-1.793291121721267700e-01,-1.485141813755035400e-01,2.338319644331932068e-02,1.144124642014503479e-01,5.894746631383895874e-03,5.611226707696914673e-02,7.478271424770355225e-02,2.976927533745765686e-02,-3.043173812329769135e-02,-1.719166636466979980e-01
4.591602385044097900e-01,5.724592208862304688e-01,-5.836220830678939819e-02,2.631241641938686371e-02,4.212844669818878174e-01,2.900872528553009033e-01,1.432497352361679077e-01,4.793072938919067383e-01,4.478539824485778809e-01,3.293076753616333008e-01,3.183698654174804688e-01,4.194627404212951660e-01,2.072363197803497314e-01,1.526731848716735840e-01,3.058832585811614990e-01,3.197797536849975586e-01,5.460141971707344055e-02,-5.262582749128341675e-02,-4.741535056382417679e-03,1.928453333675861359e-02,-9.503857791423797607e-02,-2.619999349117279053e-01,-4.407513479236513376e-04,7.446087151765823364e-02,5.336034893989562988e-01,1.294417381286621094e-01,1.000000119209289551e+00,3.533049821853637695e-01,3.900866508483886719e-01,1.737136095762252808e-01,-6.341908127069473267e-02,-2.463006526231765747e-01,7.015389800071716309e-01,1.535612344741821289e-01,3.473572731018066406e-01,-1.331124734133481979e-02,2.036253213882446289e-01,2.828641533851623535e-01,2.461078017950057983e-01,-2.104790322482585907e-02,4.294699728488922119e-01,4.145524203777313232e-01,1.569613218307495117e-01,4.642243385314941406e-01,3.730248510837554932e-01,2.556588053703308105e-01,-6.387037225067615509e-03,-1.812234818935394287e-01
5.968363285064697266e-01,3.896316885948181152e-01,1.938300281763076782e-01,3.805304765701293945e-01,5.068131685256958008e-01,4.752792418003082275e-01,3.002552688121795654e-01,9.007881581783294678e-02,2.637263834476470947e-01,2.446360439062118530e-01,-2.527253516018390656e-02,1.498705446720123291e-01,1.136179938912391663e-01,-1.159271076321601868e-01,-1.213265210390090942e-01,1.362008322030305862e-02,2.140139341354370117e-01,-1.083309762179851532e-02,2.081858366727828979e-01,7.177989184856414795e-02,-2.101100422441959381e-02,-9.471698105335235596e-02,-1.031247451901435852e-01,1.151215471327304840e-02,3.397706449031829834e-01,1.466144323348999023e-01,3.533049821853637695e-01,9.999998211860656738e-01,6.226261854171752930e-01,2.799104750156402588e-01,9.679552167654037476e-03,-9.536039829254150391e-02,2.556728124618530273e-01,3.837581723928451538e-02,6.384012755006551743e-03,-1.019762456417083740e-01,-4.516730457544326782e-02,-5.989482626318931580e-02,-1.574698835611343384e-01,-1.680020540952682495e-01,3.868061006069183350e-01,3.970994651317596436e-01,3.637897670269012451e-01,2.649071514606475830e-01,2.277827858924865723e-01,2.682366371154785156e-01,2.609914727509021759e-02,-1.142033860087394714e-01
4.889456629753112793e-01,4.211355149745941162e-01,2.988795042037963867e-01,3.443751633167266846e-01,4.579327404499053955e-01,4.964565038681030273e-01,3.709301650524139404e-01,7.382490485906600952e-02,3.013573586940765381e-01,2.895783185958862305e-01,-2.935199439525604248e-02,1.745173037052154541e-01,7.479233294725418091e-02,-1.366240531206130981e-01,-4.286660626530647278e-02,8.906442672014236450e-03,2.434269785881042480e-01,4.535159468650817871e-02,2.604863643646240234e-01,1.766377240419387817e-01,9.763550013303756714e-02,-8.939353376626968384e-02,-7.363875210285186768e-02,2.091196551918983459e-02,1.889382153749465942e-01,1.375578343868255615e-01,3.900866508483886719e-01,6.226261854171752930e-01,9.999999403953552246e-01,4.495438933372497559e-01,9.204724431037902832e-02,-8.296977728605270386e-02,2.192520648241043091e-01,7.701557129621505737e-02,-3.655078634619712830e-02,-5.415836721658706665e-02,5.126947537064552307e-02,3.326307609677314758e-02,-9.637347608804702759e-02,-1.194417625665664673e-01,3.719555735588073730e-01,4.701759219169616699e-01,4.105245471000671387e-01,3.370781838893890381e-01,3.080668449401855469e-01,3.007501065731048584e-01,3.629012778401374817e-02,-1.769577860832214355e-01
1.062350943684577942e-01,2.943785488605499268e-01,1.988896429538726807e-01,3.692219257354736328e-01,2.042808085680007935e-01,3.145683705806732178e-01,4.973346889019012451e-01,-1.437603831291198730e-01,1.636989414691925049e-01,2.017279714345932007e-01,-9.430228918790817261e-02,1.436795890331268311e-01,1.611733138561248779e-01,-2.146190702915191650e-01,-2.996968291699886322e-02,-7.645931560546159744e-03,4.649094939231872559e-01,4.529376924037933350e-01,3.713392615318298340e-01,3.675730824470520020e-01,4.076916575431823730e-01,3.672749996185302734e-01,7.851244509220123291e-02,1.724228411912918091e-01,1.469500083476305008e-02,-6.555144488811492920e-02,1.737136095762252808e-01,2.799104750156402588e-01,4.495438933372497559e-01,1.000000119209289551e+00,5.799877643585205078e-01,2.321598678827285767e-01,1.844563707709312439e-02,1.058124452829360962e-01,1.569343358278274536e-01,8.494997769594192505e-02,-5.445517227053642273e-02,1.198007836937904358e-01,7.058124989271163940e-02,4.301831591874361038e-03,2.205158174037933350e-01,3.713560700416564941e-01,4.526955485343933105e-01,2.045207172632217407e-01,2.719534635543823242e-01,3.402415513992309570e-01,2.390244752168655396e-01,-1.186105757951736450e-01
-1.182254403829574585e-01,1.122704446315765381e-01,1.326223164796829224e-01,3.115740120410919189e-01,3.078245325013995171e-03,1.487713605165481567e-01,4.463912844657897949e-01,-1.912493258714675903e-01,1.461484376341104507e-02,1.056991517543792725e-01,-1.592132896184921265e-01,4.086581245064735413e-02,2.203041762113571167e-01,-1.537733823060989380e-01,-6.332532316446304321e-02,1.171635091304779053e-01,5.771070718765258789e-01,7.372217774391174316e-01,3.544310927391052246e-01,4.506926238536834717e-01,5.170569419860839844e-01,6.312389373779296875e-01,2.344284057617187500e-01,4.246513247489929199e-01,-2.076437473297119141e-01,-3.208271786570549011e-02,-6.341908127069473267e-02,9.679552167654037476e-03,9.204724431037902832e-02,5.799877643585205078e-01,9.999997019767761230e-01,5.597990155220031738e-01,-1.354738622903823853e-01,1.483698468655347824e-02,1.426856517791748047e-01,3.269745409488677979e-01,-1.109901908785104752e-02,5.120233073830604553e-02,2.358821034431457520e-01,1.986655741930007935e-01,7.329247146844863892e-02,1.683343648910522461e-01,3.820687830448150635e-01,7.168836891651153564e-02,1.641061156988143921e-01,2.573931813240051270e-01,4.774464666843414307e-01,2.264939434826374054e-02
-1.464551091194152832e-01,-7.432893663644790649e-02,9.990910068154335022e-03,1.339285224676132202e-01,-1.127838343381881714e-01,1.158367097377777100e-02,7.326862961053848267e-02,-2.464059889316558838e-01,-6.799021363258361816e-02,7.970527559518814087e-02,-1.771489083766937256e-01,-2.679517492651939392e-02,2.258721441030502319e-01,-8.201697468757629395e-02,-8.932473510503768921e-02,1.337628513574600220e-01,2.272227108478546143e-01,3.767963349819183350e-01,2.924361824989318848e-01,3.515077233314514160e-01,4.486258029937744141e-01,5.221871137619018555e-01,3.242994844913482666e-01,5.494540333747863770e-01,-2.653540074825286865e-01,-8.955446630716323853e-02,-2.463006526231765747e-01,-9.536039829254150391e-02,-8.296977728605270386e-02,2.321598678827285767e-01,5.597990155220031738e-01,9.999999403953552246e-01,-3.303819298744201660e-01,-1.414866596460342407e-01,-8.015697449445724487e-02,4.293677806854248047e-01,-1.786129027605056763e-01,-7.209321856498718262e-02,1.339299529790878296e-01,3.459742367267608643e-01,-7.066977024078369141e-02,1.336813904345035553e-02,3.062987625598907471e-01,-8.914171904325485229e-02,8.781665563583374023e-02,1.542019695043563843e-01,6.028796434402465820e-01,3.275748789310455322e-01
