1.000000119209289551e+00,2.807680964469909668e-01,4.481655955314636230e-01,4.277878999710083008e-01,5.367413759231567383e-01,3.802915215492248535e-01,9.402611851692199707e-02,3.630965650081634521e-01,2.200305014848709106e-01,3.928431496024131775e-02,3.128387928009033203e-01,-3.017643652856349945e-02,-9.285792708396911621e-02,2.872315645217895508e-01,-8.646236360073089600e-02,-1.081654652953147888e-01,7.539651542901992798e-02,-5.226120352745056152e-02,-1.139457896351814270e-01,-1.025436222553253174e-01,6.189218536019325256e-02,1.366264224052429199e-01,-1.838174648582935333e-02,-1.122066676616668701e-01,8.025706559419631958e-02,3.664446473121643066e-01,2.519940733909606934e-01,7.246850728988647461e-01,5.416644215583801270e-01,8.678139187395572662e-03,-2.965577132999897003e-02,4.793371260166168213e-02,1.314815282821655273e-01,7.969152927398681641e-02,3.214994072914123535e-02,-2.227824926376342773e-01,-4.680099710822105408e-02,-1.285396665334701538e-01,-5.275270715355873108e-02,-1.182925850152969360e-01,4.435917139053344727e-01,1.797395944595336914e-01,-7.310269773006439209e-02,1.084337104111909866e-02,-1.389323472976684570e-01,4.763790592551231384e-02,-2.740960195660591125e-02,1.112567260861396790e-01
2.807680964469909668e-01,9.999997019767761230e-01,3.125818967819213867e-01,5.746316909790039062e-01,3.287501931190490723e-01,4.791840016841888428e-01,4.236188530921936035e-01,5.142661333084106445e-01,5.527545213699340820e-01,4.047589302062988281e-01,5.148631334304809570e-01,3.134907186031341553e-01,3.569957986474037170e-02,5.275878906250000000e-01,2.672479748725891113e-01,-1.773101463913917542e-02,2.441531866788864136e-01,-9.486190043389797211e-03,1.028840988874435425e-01,8.310378342866897583e-02,3.771414980292320251e-02,7.036477327346801758e-02,-1.081498935818672180e-01,-1.060217767953872681e-01,-8.090119063854217529e-02,3.853739202022552490e-01,3.449270129203796387e-01,5.341466665267944336e-01,6.711149811744689941e-01,3.994095921516418457e-01,4.382781684398651123e-02,8.706958964467048645e-03,2.512932419776916504e-01,3.639943599700927734e-01,3.650002777576446533e-01,1.726084202527999878e-02,2.152774930000305176e-01,2.108721286058425903e-01,1.611856371164321899e-01,-5.356635898351669312e-02,6.446375846862792969e-01,6.141380667686462402e-01,3.434263765811920166e-01,6.072606444358825684e-01,3.325140774250030518e-01,3.859376311302185059e-01,-8.479864150285720825e-02,1.506621390581130981e-01
4.481655955314636230e-01,3.125818967819213867e-01,9.999995231628417969e-01,6.852670907974243164e-01,1.261709779500961304e-01,3.434689044952392578e-01,3.971790671348571777e-01,-1.250236947089433670e-02,3.317370712757110596e-01,2.514646053314208984e-01,2.389367967844009399e-01,1.075732856988906860e-01,1.828356646001338959e-02,2.679531276226043701e-01,-1.043199445120990276e-03,-5.819453671574592590e-02,3.474110960960388184e-01,2.030628323554992676e-01,1.219389364123344421e-01,1.170827001333236694e-01,2.449850440025329590e-01,7.409826666116714478e-02,5.591134354472160339e-02,-2.576840221881866455e-01,-1.289563253521919250e-02,6.169779300689697266e-01,1.577419936656951904e-01,5.441722273826599121e-01,4.085586965084075928e-01,1.339754611253738403e-01,8.376172930002212524e-02,-1.519967317581176758e-01,4.745872225612401962e-03,3.397139906883239746e-02,2.340625785291194916e-02,-2.594061791896820068e-01,1.724130846560001373e-02,-2.463592402637004852e-02,-1.081117615103721619e-01,-1.197993978857994080e-01,3.518992364406585693e-01,2.659393548965454102e-01,1.447943300008773804e-01,1.694714128971099854e-01,1.851156167685985565e-02,1.654190868139266968e-01,-2.088418006896972656e-01,-9.672591090202331543e-02
4.277878999710083008e-01,5.746316909790039062e-01,6.852670907974243164e-01,9.999997019767761230e-01,3.593848645687103271e-01,6.333380341529846191e-01,5.028085112571716309e-01,2.509316802024841309e-01,5.407618284225463867e-01,2.812583148479461670e-01,4.642463624477386475e-01,2.399332672357559204e-01,1.197960823774337769e-01,5.014076232910156250e-01,1.580984443426132202e-01,4.990357905626296997e-02,3.758902847766876221e-01,2.236372977495193481e-01,2.474102228879928589e-01,1.520602554082870483e-01,2.075505256652832031e-01,1.359248459339141846e-01,4.994194209575653076e-02,-1.269723027944564819e-01,5.377659201622009277e-02,5.454646944999694824e-01,2.469561398029327393e-01,7.097620964050292969e-01,5.905435085296630859e-01,2.510516643524169922e-01,1.546511501073837280e-01,4.702535644173622131e-02,4.278159514069557190e-02,1.034159585833549500e-01,1.782448887825012207e-01,-8.701278269290924072e-02,-3.250925242900848389e-02,-7.612333446741104126e-02,6.071889773011207581e-02,-4.253052920103073120e-02,6.186708807945251465e-01,4.494272470474243164e-01,3.190847039222717285e-01,2.921074628829956055e-01,3.857373259961605072e-03,3.027581572532653809e-01,-3.932018578052520752e-02,3.775167465209960938e-02
5.367413759231567383e-01,3.287501931190490723e-01,1.261709779500961304e-01,3.593848645687103271e-01,1.000000238418579102e+00,5.722962617874145508e-01,1.947404146194458008e-01,5.130861997604370117e-01,2.292110025882720947e-01,1.243947222828865051e-01,4.366764128208160400e-01,1.406443864107131958e-01,9.453761391341686249e-03,4.468933343887329102e-01,9.918163716793060303e-02,-2.908394299447536469e-02,1.563575714826583862e-01,-2.096162289381027222e-01,2.738231793045997620e-02,2.945189736783504486e-02,2.102085389196872711e-02,2.164687588810920715e-02,-2.203734219074249268e-01,-1.821187883615493774e-01,1.434399094432592392e-02,3.621974587440490723e-01,1.868318468332290649e-01,5.394909977912902832e-01,4.311495423316955566e-01,1.766295582056045532e-01,-1.711591333150863647e-01,-2.634125947952270508e-02,1.444182544946670532e-01,8.843748830258846283e-03,2.004927694797515869e-01,-2.185502052307128906e-01,-1.689712554216384888e-01,-2.171545177698135376e-01,2.673140466213226318e-01,-1.792783290147781372e-01,4.540330171585083008e-01,3.832751214504241943e-01,1.168451011180877686e-01,-5.445219948887825012e-02,-1.288605630397796631e-01,2.546597421169281006e-01,-7.900555431842803955e-02,1.799840778112411499e-01
3.802915215492248535e-01,4.791840016841888428e-01,3.434689044952392578e-01,6.333380341529846191e-01,5.722962617874145508e-01,9.999995827674865723e-01,2.569921314716339111e-01,2.927713096141815186e-01,3.870343565940856934e-01,1.407590061426162720e-01,4.288879334926605225e-01,7.720970362424850464e-02,-4.254958406090736389e-02,4.830067753791809082e-01,5.650066584348678589e-02,-9.745948761701583862e-02,1.745540946722030640e-01,-4.832441732287406921e-02,2.277019768953323364e-01,-2.640278264880180359e-02,-1.444835029542446136e-02,-9.884383529424667358e-02,-1.202940717339515686e-01,-1.216509342193603516e-01,2.040463835000991821e-01,2.543154060840606689e-01,1.908797025680541992e-01,5.985647439956665039e-01,4.784784317016601562e-01,1.036901473999023438e-01,-1.870422251522541046e-02,-6.770678609609603882e-02,5.213209614157676697e-02,5.619223043322563171e-02,1.305486559867858887e-01,-1.181160882115364075e-01,-1.678455471992492676e-01,-8.652593940496444702e-02,1.150057762861251831e-01,-1.845307797193527222e-01,6.410136818885803223e-01,3.319655656814575195e-01,1.940296739339828491e-01,1.580033451318740845e-01,-1.190266460180282593e-01,1.945865303277969360e-01,-1.031437795609235764e-02,-9.391158819198608398e-02
9.402611851692199707e-02,4.236188530921936035e-01,3.971790671348571777e-01,5.028085112571716309e-01,1.947404146194458008e-01,2.569921314716339111e-01,9.999996423721313477e-01,1.246444284915924072e-01,5.333324670791625977e-01,5.078502893447875977e-01,4.533494710922241211e-01,4.558495879173278809e-01,4.286815524101257324e-01,3.741021454334259033e-01,3.188666403293609619e-01,3.405150175094604492e-01,8.330826759338378906e-01,3.694098591804504395e-01,3.868267834186553955e-01,5.773534774780273438e-01,4.684356153011322021e-01,3.893888294696807861e-01,2.375056743621826172e-01,-5.581411998718976974e-03,-2.079868763685226440e-01,5.828186869621276855e-01,1.132728438824415207e-02,2.737776637077331543e-01,3.084073364734649658e-01,6.496251821517944336e-01,2.195341885089874268e-01,6.473010778427124023e-02,-2.704318799078464508e-02,7.097837328910827637e-02,2.739258110523223877e-01,5.097019299864768982e-02,1.023675128817558289e-01,6.300849467515945435e-02,3.000468611717224121e-01,2.339439541101455688e-01,2.201832383871078491e-01,6.368139982223510742e-01,4.754209518432617188e-01,3.401547372341156006e-01,1.988050788640975952e-01,5.544427633285522461e-01,-2.036965452134609222e-03,3.149909377098083496e-01
3.630965650081634521e-01,5.142661333084106445e-01,-1.250236947089433670e-02,2.509316802024841309e-01,5.130861997604370117e-01,2.927713096141815186e-01,1.246444284915924072e-01,1.000000119209289551e+00,3.103019893169403076e-01,2.182718366384506226e-01,4.877927899360656738e-01,1.631241291761398315e-01,1.451613903045654297e-01,5.662302374839782715e-01,1.874228566884994507e-01,7.869882136583328247e-02,6.039691343903541565e-02,-3.484023362398147583e-02,-2.710281312465667725e-02,7.286850363016128540e-02,9.302382171154022217e-02,2.139008641242980957e-01,-5.062784627079963684e-02,-1.023907139897346497e-01,-2.330831140279769897e-01,1.851502209901809692e-01,3.507613241672515869e-01,3.962313532829284668e-01,4.406189024448394775e-01,1.373345255851745605e-01,-1.000444026431068778e-04,1.488424390554428101e-01,3.370023071765899658e-01,3.961660861968994141e-01,2.691274285316467285e-01,-7.518869638442993164e-02,2.596694529056549072e-01,6.787992268800735474e-02,1.427058279514312744e-01,-6.360098719596862793e-03,5.201068520545959473e-01,3.722476661205291748e-01,1.772327125072479248e-01,2.945390045642852783e-01,1.443485617637634277e-01,2.811349928379058838e-01,3.178162127733230591e-02,2.879749536514282227e-01
2.200305014848709106e-01,5.527545213699340820e-01,3.317370712757110596e-01,5.407618284225463867e-01,2.292110025882720947e-01,3.870343565940856934e-01,5.333324670791625977e-01,3.103019893169403076e-01,1.000000238418579102e+00,2.798239290714263916e-01,7.343123555183410645e-01,3.057377636432647705e-01,6.109820678830146790e-02,5.532593727111816406e-01,1.772250086069107056e-01,6.853551417589187622e-02,3.247295320034027100e-01,1.271755546331405640e-01,-5.076827108860015869e-02,1.022683233022689819e-01,1.697785705327987671e-01,1.457180976867675781e-01,6.172630935907363892e-02,-1.094471365213394165e-01,-9.428259916603565216e-03,2.854121923446655273e-01,2.133722901344299316e-01,4.106891751289367676e-01,4.466738104820251465e-01,3.267365694046020508e-01,3.628803044557571411e-02,-5.523320287466049194e-02,1.383041441440582275e-01,7.905410230159759521e-02,9.731562435626983643e-02,-5.407389998435974121e-02,8.071112632751464844e-02,-4.724193364381790161e-02,1.131770294159650803e-02,1.206322479993104935e-02,3.705119192600250244e-01,4.866822063922882080e-01,2.268427163362503052e-01,4.251374006271362305e-01,8.841937780380249023e-02,2.962527573108673096e-01,-9.537975490093231201e-02,1.415643841028213501e-01
3.928431496024131775e-02,4.047589302062988281e-01,2.514646053314208984e-01,2.812583148479461670e-01,1.243947222828865051e-01,1.407590061426162720e-01,5.078502893447875977e-01,2.182718366384506226e-01,2.798239290714263916e-01,1.000000238418579102e+00,2.709966599941253662e-01,6.278609037399291992e-01,4.717872440814971924e-01,3.277981877326965332e-01,4.871031641960144043e-01,3.191771805286407471e-01,4.601592719554901123e-01,1.991821080446243286e-01,4.016231298446655273e-01,5.001075863838195801e-01,4.225406646728515625e-01,2.287319749593734741e-01,5.940341204404830933e-02,-6.052091717720031738e-02,-3.282516598701477051e-01,4.096015691757202148e-01,9.849829226732254028e-02,1.820776611566543579e-01,2.564065158367156982e-01,4.425132274627685547e-01,1.648957133293151855e-01,9.278595447540283203e-02,1.922845467925071716e-02,3.211888074874877930e-01,4.330984055995941162e-01,2.330776862800121307e-02,2.660832703113555908e-01,2.955196797847747803e-01,3.814963102340698242e-01,1.401844918727874756e-01,2.531524002552032471e-01,6.199847459793090820e-01,6.505879163742065430e-01,4.449163377285003662e-01,5.206711888313293457e-01,7.338867783546447754e-01,-1.943288138136267662e-03,1.800645589828491211e-01
3.128387928009033203e-01,5.148631334304809570e-01,2.389367967844009399e-01,4.642463624477386475e-01,4.366764128208160400e-01,4.288879334926605225e-01,4.533494710922241211e-01,4.877927899360656738e-01,7.343123555183410645e-01,2.709966599941253662e-01,9.999998211860656738e-01,2.810113131999969482e-01,5.234906449913978577e-02,7.270689010620117188e-01,1.999200582504272461e-01,1.286168843507766724e-01,2.476667761802673340e-01,-3.343769162893295288e-02,-1.401608288288116455e-01,2.936055511236190796e-02,7.911556214094161987e-02,1.190516650676727295e-01,4.533510189503431320e-03,-1.234180629253387451e-01,-3.700617328286170959e-02,2.910684347152709961e-01,2.714881896972656250e-01,4.157253503799438477e-01,4.385168254375457764e-01,3.052273690700531006e-01,-8.687631040811538696e-02,-4.898063093423843384e-02,1.617953330278396606e-01,1.682113260030746460e-01,1.757608950138092041e-01,-7.678961008787155151e-02,1.132729575037956238e-01,-1.093343570828437805e-01,9.463395923376083374e-02,1.573047041893005371e-02,4.005787074565887451e-01,5.228457450866699219e-01,1.430757045745849609e-01,3.906870186328887939e-01,-3.089191205799579620e-02,2.912430167198181152e-01,-1.129940375685691833e-01,2.331336289644241333e-01
-3.017643652856349945e-02,3.134907186031341553e-01,1.075732856988906860e-01,2.399332672357559204e-01,1.406443864107131958e-01,7.720970362424850464e-02,4.558495879173278809e-01,1.631241291761398315e-01,3.057377636432647705e-01,6.278609037399291992e-01,2.810113131999969482e-01,1.000000357627868652e+00,4.981494247913360596e-01,2.590140700340270996e-01,7.689439058303833008e-01,3.718629479408264160e-01,3.684514164924621582e-01,1.180737912654876709e-01,3.300890922546386719e-01,4.210950434207916260e-01,2.473164498805999756e-01,1.986749917268753052e-01,6.483068317174911499e-02,6.706208735704421997e-02,-3.365186750888824463e-01,3.617524802684783936e-01,-5.691543594002723694e-02,1.350500583648681641e-01,1.476497799158096313e-01,3.513386249542236328e-01,6.349145621061325073e-02,2.020542025566101074e-01,-5.326237529516220093e-02,2.959024310111999512e-01,4.614641070365905762e-01,7.841768860816955566e-02,1.346377879381179810e-01,2.368623018264770508e-01,4.079409241676330566e-01,2.042853087186813354e-01,1.399958580732345581e-01,6.323903799057006836e-01,4.659484326839447021e-01,3.546034395694732666e-01,3.005118668079376221e-01,5.859532952308654785e-01,4.559191316366195679e-02,2.853101491928100586e-01
-9.285792708396911621e-02,3.569957986474037170e-02,1.828356646001338959e-02,1.197960823774337769e-01,9.453761391341686249e-03,-4.254958406090736389e-02,4.286815524101257324e-01,1.451613903045654297e-01,6.109820678830146790e-02,4.717872440814971924e-01,5.234906449913978577e-02,4.981494247913360596e-01,1.000000476837158203e+00,1.723251491785049438e-01,4.329271912574768066e-01,7.240174412727355957e-01,5.652052164077758789e-01,5.829887390136718750e-01,5.367848277091979980e-01,7.705190181732177734e-01,6.246095299720764160e-01,5.799739360809326172e-01,4.559104144573211670e-01,3.245847225189208984e-01,-3.435885906219482422e-01,1.638323217630386353e-01,-3.279619663953781128e-02,1.738926395773887634e-02,-5.439219623804092407e-02,4.212124943733215332e-01,4.723441004753112793e-01,5.043188333511352539e-01,-8.894620090723037720e-02,5.321691185235977173e-02,3.537765741348266602e-01,3.320412933826446533e-01,6.374023109674453735e-02,5.587359517812728882e-02,5.045568346977233887e-01,5.328676700592041016e-01,-1.471161562949419022e-02,2.853733003139495850e-01,5.136257410049438477e-01,6.645391881465911865e-02,2.291709333658218384e-01,5.003642439842224121e-01,3.547424376010894775e-01,4.444602131843566895e-01
2.872315645217895508e-01,5.275878906250000000e-01,2.679531276226043701e-01,5.014076232910156250e-01,4.468933343887329102e-01,4.830067753791809082e-01,3.741021454334259033e-01,5.662302374839782715e-01,5.532593727111816406e-01,3.277981877326965332e-01,7.270689010620117188e-01,2.590140700340270996e-01,1.723251491785049438e-01,1.000000238418579102e+00,2.471890896558761597e-01,1.655812859535217285e-01,2.376275211572647095e-01,6.908468902111053467e-02,-1.280391495674848557e-02,1.821372658014297485e-01,2.348478734493255615e-01,1.795186698436737061e-01,9.394671022891998291e-02,-1.576604694128036499e-01,-7.325842231512069702e-02,2.358051091432571411e-01,3.376696109771728516e-01,4.447748064994812012e-01,4.746119976043701172e-01,2.505910396575927734e-01,-1.296465937048196793e-02,-9.991572238504886627e-03,2.159244716167449951e-01,3.014219701290130615e-01,1.523622274398803711e-01,-1.005420535802841187e-01,2.413561493158340454e-01,-5.243853852152824402e-02,8.798176795244216919e-02,4.282284528017044067e-02,4.613474309444427490e-01,4.760144948959350586e-01,2.395716607570648193e-01,3.640983998775482178e-01,2.034566178917884827e-02,3.089102506637573242e-01,-5.185288563370704651e-02,2.749916911125183105e-01
-8.646236360073089600e-02,2.672479748725891113e-01,-1.043199445120990276e-03,1.580984443426132202e-01,9.918163716793060303e-02,5.650066584348678589e-02,3.188666403293609619e-01,1.874228566884994507e-01,1.772250086069107056e-01,4.871031641960144043e-01,1.999200582504272461e-01,7.689439058303833008e-01,4.329271912574768066e-01,2.471890896558761597e-01,9.999998211860656738e-01,4.179047644138336182e-01,2.639665901660919189e-01,6.624778360128402710e-02,2.429553121328353882e-01,3.451163768768310547e-01,1.491310447454452515e-01,1.588672846555709839e-01,7.965381443500518799e-02,9.585440903902053833e-02,-3.315427303314208984e-01,1.829562336206436157e-01,-1.774554401636123657e-01,8.099026232957839966e-02,8.585836738348007202e-02,2.386122047901153564e-01,3.326714783906936646e-02,2.308340072631835938e-01,-1.515953391790390015e-01,3.002454042434692383e-01,3.571367263793945312e-01,9.642592072486877441e-02,1.271214932203292847e-01,4.362141788005828857e-01,3.826440870761871338e-01,1.943019777536392212e-01,1.142446622252464294e-01,5.538318157196044922e-01,3.804382681846618652e-01,2.605272233486175537e-01,3.450733125209808350e-01,4.281387329101562500e-01,1.103996559977531433e-01,3.096790015697479248e-01
-1.081654652953147888e-01,-1.773101463913917542e-02,-5.819453671574592590e-02,4.990357905626296997e-02,-2.908394299447536469e-02,-9.745948761701583862e-02,3.405150175094604492e-01,7.869882136583328247e-02,6.853551417589187622e-02,3.191771805286407471e-01,1.286168843507766724e-01,3.718629479408264160e-01,7.240174412727355957e-01,1.655812859535217285e-01,4.179047644138336182e-01,1.000000119209289551e+00,4.209229052066802979e-01,4.694994091987609863e-01,2.946961522102355957e-01,5.552077293395996094e-01,4.330666959285736084e-01,4.208538830280303955e-01,3.894972801208496094e-01,3.114270865917205811e-01,-2.265735268592834473e-01,-1.368315145373344421e-02,-5.560056865215301514e-02,-4.052393883466720581e-02,-9.501527994871139526e-02,3.679331541061401367e-01,4.183536767959594727e-01,3.838717937469482422e-01,-1.557219922542572021e-01,-6.361530162394046783e-03,2.687765955924987793e-01,3.480787873268127441e-01,8.020777255296707153e-02,4.439667984843254089e-02,4.701515734195709229e-01,5.009925365447998047e-01,-1.063059568405151367e-01,2.114214301109313965e-01,4.452977180480957031e-01,1.114542186260223389e-01,1.857480108737945557e-01,3.492721319198608398e-01,3.089134395122528076e-01,3.457634150981903076e-01
7.539651542901992798e-02,2.441531866788864136e-01,3.474110960960388184e-01,3.758902847766876221e-01,1.563575714826583862e-01,1.745540946722030640e-01,8.330826759338378906e-01,6.039691343903541565e-02,3.247295320034027100e-01,4.601592719554901123e-01,2.476667761802673340e-01,3.684514164924621582e-01,5.652052164077758789e-01,2.376275211572647095e-01,2.639665901660919189e-01,4.209229052066802979e-01,9.999995231628417969e-01,5.144093632698059082e-01,5.602868795394897461e-01,7.387641072273254395e-01,6.021963953971862793e-01,5.120178461074829102e-01,3.485510051250457764e-01,6.785932928323745728e-02,-2.277960330247879028e-01,5.244722962379455566e-01,-6.112244352698326111e-02,1.847206801176071167e-01,1.451555788516998291e-01,5.903413295745849609e-01,3.236953914165496826e-01,1.790104955434799194e-01,-8.830171823501586914e-02,-4.320295155048370361e-02,2.251862585544586182e-01,8.469492942094802856e-02,2.584699541330337524e-02,5.550175160169601440e-02,3.323630094528198242e-01,3.055858016014099121e-01,1.095437780022621155e-01,4.831860065460205078e-01,4.704729318618774414e-01,1.867573112249374390e-01,1.658282876014709473e-01,5.142368674278259277e-01,9.386298060417175293e-02,3.586954176425933838e-01
-5.226120352745056152e-02,-9.486190043389797211e-03,2.030628323554992676e-01,2.236372977495193481e-01,-2.096162289381027222e-01,-4.832441732287406921e-02,3.694098591804504395e-01,-3.484023362398147583e-02,1.271755546331405640e-01,1.991821080446243286e-01,-3.343769162893295288e-02,1.180737912654876709e-01,5.829887390136718750e-01,6.908468902111053467e-02,6.624778360128402710e-02,4.694994091987609863e-01,5.144093632698059082e-01,9.999992251396179199e-01,4.871820509433746338e-01,6.159234046936035156e-01,7.371803522109985352e-01,6.391438841819763184e-01,6.087628602981567383e-01,3.576495945453643799e-01,-1.170006766915321350e-01,9.077788889408111572e-02,2.313926257193088531e-02,2.036994788795709610e-03,-6.116535142064094543e-02,2.780390083789825439e-01,7.369596362113952637e-01,4.627721011638641357e-01,-4.392443224787712097e-02,-7.350432872772216797e-02,7.534708082675933838e-02,3.097859025001525879e-01,8.804726600646972656e-02,3.956411033868789673e-02,6.828031688928604126e-02,5.445153117179870605e-01,1.118523906916379929e-02,7.787105627357959747e-03,3.675237298011779785e-01,2.787764929234981537e-02,6.383699178695678711e-02,2.455984503030776978e-01,3.599067926406860352e-01,1.890345960855484009e-01
-1.139457896351814270e-01,1.028840988874435425e-01,1.219389364123344421e-01,2.474102228879928589e-01,2.738231793045997620e-02,2.277019768953323364e-01,3.868267834186553955e-01,-2.710281312465667725e-02,-5.076827108860015869e-02,4.016231298446655273e-01,-1.401608288288116455e-01,3.300890922546386719e-01,5.367848277091979980e-01,-1.280391495674848557e-02,2.429553121328353882e-01,2.946961522102355957e-01,5.602868795394897461e-01,4.871820509433746338e-01,9.999999403953552246e-01,6.094149947166442871e-01,4.457851052284240723e-01,2.867895662784576416e-01,2.828838527202606201e-01,2.405000478029251099e-01,-1.534621119499206543e-01,2.331085205078125000e-01,-7.857171446084976196e-02,5.044677481055259705e-02,-1.490274630486965179e-02,2.791623175144195557e-01,4.060034751892089844e-01,2.933202683925628662e-01,-8.788292109966278076e-02,1.800090074539184570e-02,2.432030886411666870e-01,2.270074784755706787e-01,2.393898926675319672e-02,1.666138321161270142e-01,2.935543954372406006e-01,3.205530643463134766e-01,1.942413449287414551e-01,1.858845651149749756e-01,5.231637358665466309e-01,7.489661127328872681e-02,1.574968397617340088e-01,4.442182183265686035e-01,2.755015790462493896e-01,5.865254625678062439e-02
-1.025436222553253174e-01,8.310378342866897583e-02,1.170827001333236694e-01,1.520602554082870483e-01,2.945189736783504486e-02,-2.640278264880180359e-02,5.773534774780273438e-01,7.286850363016128540e-02,1.022683233022689819e-01,5.001075863838195801e-01,2.936055511236190796e-02,4.210950434207916260e-01,7.705190181732177734e-01,1.821372658014297485e-01,3.451163768768310547e-01,5.552077293395996094e-01,7.387641072273254395e-01,6.159234046936035156e-01,6.094149947166442871e-01,1.000000119209289551e+00,7.619695663452148438e-01,6.232091188430786133e-01,5.078392028808593750e-01,1.355254203081130981e-01,-3.459798395633697510e-01,2.409791350364685059e-01,-3.066555783152580261e-02,1.217121910303831100e-02,-2.817365340888500214e-02,4.218306839466094971e-01,3.648505210876464844e-01,3.114624619483947754e-01,-3.175987675786018372e-02,2.874367870390415192e-02,2.385081797838211060e-01,1.470755785703659058e-01,1.286565065383911133e-01,9.377788752317428589e-02,3.227790892124176025e-01,3.958523571491241455e-01,-8.979462087154388428e-03,3.208536505699157715e-01,4.833846986293792725e-01,9.778449684381484985e-02,2.241189628839492798e-01,5.034095048904418945e-01,1.811399012804031372e-01,4.725612699985504150e-01
6.189218536019325256e-02,3.771414980292320251e-02,2.449850440025329590e-01,2.075505256652832031e-01,2.102085389196872711e-02,-1.444835029542446136e-02,4.684356153011322021e-01,9.302382171154022217e-02,1.697785705327987671e-01,4.225406646728515625e-01,7.911556214094161987e-02,2.473164498805999756e-01,6.246095299720764160e-01,2.348478734493255615e-01,1.491310447454452515e-01,4.330666959285736084e-01,6.021963953971862793e-01,7.371803522109985352e-01,4.457851052284240723e-01,7.619695663452148438e-01,1.000000000000000000e+00,7.044176459312438965e-01,6.165503859519958496e-01,1.492762565612792969e-01,-2.469072639942169189e-01,2.242138981819152832e-01,9.487384557723999023e-02,8.474579453468322754e-02,3.288663923740386963e-02,2.955185174942016602e-01,4.944995939731597900e-01,3.458553552627563477e-01,5.451789870858192444e-02,-5.204469896852970123e-03,1.229227334260940552e-01,1.300283223390579224e-01,1.269567310810089111e-01,-1.736597716808319092e-02,1.039265245199203491e-01,4.551002383232116699e-01,3.586538136005401611e-02,1.980404406785964966e-01,3.798147141933441162e-01,8.842570707201957703e-03,1.026586219668388367e-01,4.206074178218841553e-01,2.104201614856719971e-01,3.811979293823242188e-01
1.366264224052429199e-01,7.036477327346801758e-02,7.409826666116714478e-02,1.359248459339141846e-01,2.164687588810920715e-02,-9.884383529424667358e-02,3.893888294696807861e-01,2.139008641242980957e-01,1.457180976867675781e-01,2.287319749593734741e-01,1.190516650676727295e-01,1.986749917268753052e-01,5.799739360809326172e-01,1.795186698436737061e-01,1.588672846555709839e-01,4.208538830280303955e-01,5.120178461074829102e-01,6.391438841819763184e-01,2.867895662784576416e-01,6.232091188430786133e-01,7.044176459312438965e-01,1.000000357627868652e+00,7.415595650672912598e-01,3.426301181316375732e-01,-2.857195436954498291e-01,1.419404000043869019e-01,4.357447102665901184e-02,9.487480670213699341e-02,2.834124676883220673e-02,2.623631358146667480e-01,4.631369113922119141e-01,5.811827778816223145e-01,-1.983119873329997063e-03,3.801359981298446655e-02,1.383442431688308716e-01,2.409138381481170654e-01,8.090605586767196655e-02,-2.214454347267746925e-03,1.069422811269760132e-01,5.628024339675903320e-01,1.585744507610797882e-02,1.836912781000137329e-01,2.285927236080169678e-01,1.865451596677303314e-02,8.924070000648498535e-02,2.611946761608123779e-01,3.687853813171386719e-01,6.931155920028686523e-01
-1.838174648582935333e-02,-1.081498935818672180e-01,5.591134354472160339e-02,4.994194209575653076e-02,-2.203734219074249268e-01,-1.202940717339515686e-01,2.375056743621826172e-01,-5.062784627079963684e-02,6.172630935907363892e-02,5.940341204404830933e-02,4.533510189503431320e-03,6.483068317174911499e-02,4.559104144573211670e-01,9.394671022891998291e-02,7.965381443500518799e-02,3.894972801208496094e-01,3.485510051250457764e-01,6.087628602981567383e-01,2.828838527202606201e-01,5.078392028808593750e-01,6.165503859519958496e-01,7.415595650672912598e-01,1.000000357627868652e+00,3.596028685569763184e-01,-1.845352947711944580e-01,-1.104010194540023804e-01,-1.608869992196559906e-02,-5.381226912140846252e-02,-1.439731866121292114e-01,1.363989990204572678e-02,3.855973184108734131e-01,3.736914396286010742e-01,-2.964510023593902588e-02,2.793041523545980453e-03,-1.146365851163864136e-01,2.714818418025970459e-01,1.807383298873901367e-01,1.489688642323017120e-02,-1.596423834562301636e-01,5.569210648536682129e-01,-7.953984290361404419e-02,-8.364772051572799683e-02,7.249059528112411499e-02,-1.466559944674372673e-03,7.672157953493297100e-04,4.817022010684013367e-02,3.321237862110137939e-01,4.913747310638427734e-01
-1.122066676616668701e-01,-1.060217767953872681e-01,-2.576840221881866455e-01,-1.269723027944564819e-01,-1.821187883615493774e-01,-1.216509342193603516e-01,-5.581411998718976974e-03,-1.023907139897346497e-01,-1.094471365213394165e-01,-6.052091717720031738e-02,-1.234180629253387451e-01,6.706208735704421997e-02,3.245847225189208984e-01,-1.576604694128036499e-01,9.585440903902053833e-02,3.114270865917205811e-01,6.785932928323745728e-02,3.576495945453643799e-01,2.405000478029251099e-01,1.355254203081130981e-01,1.492762565612792969e-01,3.426301181316375732e-01,3.596028685569763184e-01,1.000000357627868652e+00,-3.137471154332160950e-02,-1.660427898168563843e-01,-1.339348852634429932e-01,-1.294905543327331543e-01,-5.696821212768554688e-02,2.507376372814178467e-01,6.060058474540710449e-01,5.994254350662231445e-01,-1.496378034353256226e-01,-9.549060463905334473e-02,2.101863473653793335e-01,7.815564870834350586e-01,-6.144955754280090332e-02,5.928795412182807922e-02,2.499522566795349121e-01,6.451177597045898438e-01,-8.708149939775466919e-02,-6.996306777000427246e-02,1.742325276136398315e-01,-7.982272654771804810e-02,-1.106933876872062683e-01,9.469565004110336304e-02,7.170714735984802246e-01,1.363430023193359375e-01
8.025706559419631958e-02,-8.090119063854217529e-02,-1.289563253521919250e-02,5.377659201622009277e-02,1.434399094432592392e-02,2.040463835000991821e-01,-2.079868763685226440e-01,-2.330831140279769897e-01,-9.428259916603565216e-03,-3.282516598701477051e-01,-3.700617328286170959e-02,-3.365186750888824463e-01,-3.435885906219482422e-01,-7.325842231512069702e-02,-3.315427303314208984e-01,-2.265735268592834473e-01,-2.277960330247879028e-01,-1.170006766915321350e-01,-1.534621119499206543e-01,-3.459798395633697510e-01,-2.469072639942169189e-01,-2.857195436954498291e-01,-1.845352947711944580e-01,-3.137471154332160950e-02,1.000000000000000000e+00,-2.046839296817779541e-01,4.709793627262115479e-02,7.156354188919067383e-02,-1.273583993315696716e-02,-1.827538013458251953e-01,-6.457546353340148926e-02,-8.117599785327911377e-02,1.418070048093795776e-01,-3.391550183296203613e-01,-2.357531487941741943e-01,-4.380976408720016479e-02,-3.201814591884613037e-01,-2.985680103302001953e-01,-1.059352010488510132e-01,-1.887848973274230957e-01,2.087718434631824493e-02,-2.157765477895736694e-01,-2.021630406379699707e-01,-2.199960798025131226e-01,-2.740777134895324707e-01,-3.514307439327239990e-01,6.525311153382062912e-03,-3.114572465419769287e-01
3.664446473121643066e-01,3.853739202022552490e-01,6.169779300689697266e-01,5.454646944999694824e-01,3.621974587440490723e-01,2.543154060840606689e-01,5.828186869621276855e-01,1.851502209901809692e-01,2.854121923446655273e-01,4.096015691757202148e-01,2.910684347152709961e-01,3.617524802684783936e-01,1.638323217630386353e-01,2.358051091432571411e-01,1.829562336206436157e-01,-1.368315145373344421e-02,5.244722962379455566e-01,9.077788889408111572e-02,2.331085205078125000e-01,2.409791350364685059e-01,2.242138981819152832e-01,1.419404000043869019e-01,-1.104010194540023804e-01,-1.660427898168563843e-01,-2.046839296817779541e-01,1.000000000000000000e+00,7.694370299577713013e-02,4.887530505657196045e-01,4.276855289936065674e-01,4.249965846538543701e-01,4.641297087073326111e-02,-2.526492252945899963e-02,6.707706023007631302e-03,1.017136946320533752e-01,3.472264409065246582e-01,-1.427053362131118774e-01,2.318152599036693573e-02,4.767141304910182953e-03,2.563758790493011475e-01,-4.200078174471855164e-02,3.441425561904907227e-01,5.579074621200561523e-01,3.099407553672790527e-01,2.129491120576858521e-01,1.078632101416587830e-01,4.583746492862701416e-01,-1.682131588459014893e-01,8.851816505193710327e-02
2.519940733909606934e-01,3.449270129203796387e-01,1.577419936656951904e-01,2.469561398029327393e-01,1.868318468332290649e-01,1.908797025680541992e-01,1.132728438824415207e-02,3.507613241672515869e-01,2.133722901344299316e-01,9.849829226732254028e-02,2.714881896972656250e-01,-5.691543594002723694e-02,-3.279619663953781128e-02,3.376696109771728516e-01,-1.774554401636123657e-01,-5.560056865215301514e-02,-6.112244352698326111e-02,2.313926257193088531e-02,-7.857171446084976196e-02,-3.066555783152580261e-02,9.487384557723999023e-02,4.357447102665901184e-02,-1.608869992196559906e-02,-1.339348852634429932e-01,4.709793627262115479e-02,7.694370299577713013e-02,9.999996423721313477e-01,3.163742423057556152e-01,3.782571256160736084e-01,3.171522170305252075e-02,4.004303365945816040e-02,6.810673512518405914e-03,5.715628862380981445e-01,1.397309303283691406e-01,8.932692557573318481e-02,-5.159562453627586365e-02,1.656171083450317383e-01,-1.809504628181457520e-01,-5.024894699454307556e-02,-9.230992943048477173e-02,3.592998087406158447e-01,9.663973748683929443e-02,6.256873905658721924e-02,1.940609067678451538e-01,-2.958073094487190247e-02,9.167353063821792603e-02,4.190350882709026337e-03,3.621647134423255920e-02
7.246850728988647461e-01,5.341466665267944336e-01,5.441722273826599121e-01,7.097620964050292969e-01,5.394909977912902832e-01,5.985647439956665039e-01,2.737776637077331543e-01,3.962313532829284668e-01,4.106891751289367676e-01,1.820776611566543579e-01,4.157253503799438477e-01,1.350500583648681641e-01,1.738926395773887634e-02,4.447748064994812012e-01,8.099026232957839966e-02,-4.052393883466720581e-02,1.847206801176071167e-01,2.036994788795709610e-03,5.044677481055259705e-02,1.217121910303831100e-02,8.474579453468322754e-02,9.487480670213699341e-02,-5.381226912140846252e-02,-1.294905543327331543e-01,7.156354188919067383e-02,4.887530505657196045e-01,3.163742423057556152e-01,1.000000119209289551e+00,7.612407207489013672e-01,1.932319402694702148e-01,5.560418963432312012e-02,7.775956392288208008e-02,1.703859418630599976e-01,1.274658888578414917e-01,2.185166478157043457e-01,-1.302903741598129272e-01,-5.882791057229042053e-02,-1.164042353630065918e-01,9.494049102067947388e-02,-1.324296891689300537e-01,6.695966124534606934e-01,3.893797993659973145e-01,1.348200589418411255e-01,1.747523248195648193e-01,-3.138361871242523193e-02,1.803983747959136963e-01,1.563572790473699570e-03,1.066457554697990417e-01
5.416644215583801270e-01,6.711149811744689941e-01,4.085586965084075928e-01,5.905435085296630859e-01,4.311495423316955566e-01,4.784784317016601562e-01,3.084073364734649658e-01,4.406189024448394775e-01,4.466738104820251465e-01,2.564065158367156982e-01,4.385168254375457764e-01,1.476497799158096313e-01,-5.439219623804092407e-02,4.746119976043701172e-01,8.585836738348007202e-02,-9.501527994871139526e-02,1.451555788516998291e-01,-6.116535142064094543e-02,-1.490274630486965179e-02,-2.817365340888500214e-02,3.288663923740386963e-02,2.834124676883220673e-02,-1.439731866121292114e-01,-5.696821212768554688e-02,-1.273583993315696716e-02,4.276855289936065674e-01,3.782571256160736084e-01,7.612407207489013672e-01,1.000000357627868652e+00,3.923568725585937500e-01,8.517364412546157837e-02,1.516554504632949829e-02,2.539161443710327148e-01,2.392550706863403320e-01,3.607119917869567871e-01,5.015626177191734314e-02,4.398973286151885986e-02,-5.964511074125766754e-03,1.009406894445419312e-01,-8.781238645315170288e-02,6.453621387481689453e-01,4.698615372180938721e-01,2.317980378866195679e-01,3.291964232921600342e-01,9.219851344823837280e-02,2.721526324748992920e-01,2.249613590538501740e-02,4.465787112712860107e-02
8.678139187395572662e-03,3.994095921516418457e-01,1.339754611253738403e-01,2.510516643524169922e-01,1.766295582056045532e-01,1.036901473999023438e-01,6.496251821517944336e-01,1.373345255851745605e-01,3.267365694046020508e-01,4.425132274627685547e-01,3.052273690700531006e-01,3.513386249542236328e-01,4.212124943733215332e-01,2.505910396575927734e-01,2.386122047901153564e-01,3.679331541061401367e-01,5.903413295745849609e-01,2.780390083789825439e-01,2.791623175144195557e-01,4.218306839466094971e-01,2.955185174942016602e-01,2.623631358146667480e-01,1.363989990204572678e-02,2.507376372814178467e-01,-1.827538013458251953e-01,4.249965846538543701e-01,3.171522170305252075e-02,1.932319402694702148e-01,3.923568725585937500e-01,1.000000119209289551e+00,4.157770574092864990e-01,2.168829739093780518e-01,-8.450883440673351288e-03,6.004939973354339600e-02,5.308809280395507812e-01,4.096527099609375000e-01,6.340669840574264526e-02,8.082357048988342285e-02,5.806241631507873535e-01,4.014572203159332275e-01,1.449671536684036255e-01,5.412518382072448730e-01,5.664516687393188477e-01,2.854632437229156494e-01,2.564202547073364258e-01,5.574002861976623535e-01,2.055999785661697388e-01,2.632696032524108887e-01
-2.965577132999897003e-02,4.382781684398651123e-02,8.376172930002212524e-02,1.546511501073837280e-01,-1.711591333150863647e-01,-1.870422251522541046e-02,2.195341885089874268e-01,-1.000444026431068778e-04,3.628803044557571411e-02,1.648957133293151855e-01,-8.687631040811538696e-02,6.349145621061325073e-02,4.723441004753112793e-01,-1.296465937048196793e-02,3.326714783906936646e-02,4.183536767959594727e-01,3.236953914165496826e-01,7.369596362113952637e-01,4.060034751892089844e-01,3.648505210876464844e-01,4.944995939731597900e-01,4.631369113922119141e-01,3.855973184108734131e-01,6.060058474540710449e-01,-6.457546353340148926e-02,4.641297087073326111e-02,4.004303365945816040e-02,5.560418963432312012e-02,8.517364412546157837e-02,4.157770574092864990e-01,9.999998211860656738e-01,5.825439095497131348e-01,-2.885621041059494019e-02,-2.205849997699260712e-02,2.270902246236801147e-01,5.887585878372192383e-01,5.914161354303359985e-02,8.111857622861862183e-02,2.528050839900970459e-01,6.308123469352722168e-01,1.037863418459892273e-01,1.863048598170280457e-02,4.296919703483581543e-01,5.095366388559341431e-02,7.018220424652099609e-02,2.330282032489776611e-01,5.835080146789550781e-01,3.787777945399284363e-02
4.793371260166168213e-02,8.706958964467048645e-03,-1.519967317581176758e-01,4.702535644173622131e-02,-2.634125947952270508e-02,-6.770678609609603882e-02,6.473010778427124023e-02,1.488424390554428101e-01,-5.523320287466049194e-02,9.278595447540283203e-02,-4.898063093423843384e-02,2.020542025566101074e-01,5.043188333511352539e-01,-9.991572238504886627e-03,2.308340072631835938e-01,3.838717937469482422e-01,1.790104955434799194e-01,4.627721011638641357e-01,2.933202683925628662e-01,3.114624619483947754e-01,3.458553552627563477e-01,5.811827778816223145e-01,3.736914396286010742e-01,5.994254350662231445e-01,-8.117599785327911377e-02,-2.526492252945899963e-02,6.810673512518405914e-03,7.775956392288208008e-02,1.516554504632949829e-02,2.168829739093780518e-01,5.825439095497131348e-01,1.000000476837158203e+00,-5.001896247267723083e-02,-6.280423142015933990e-03,2.969563901424407959e-01,5.119923949241638184e-01,-8.811052143573760986e-02,-1.050933357328176498e-02,3.252405524253845215e-01,5.885763764381408691e-01,4.646730050444602966e-02,1.222364306449890137e-01,2.362629175186157227e-01,-1.097458228468894958e-01,-4.903512075543403625e-02,1.693703234195709229e-01,6.669133901596069336e-01,4.033893346786499023e-01
1.314815282821655273e-01,2.512932419776916504e-01,4.745872225612401962e-03,4.278159514069557190e-02,1.444182544946670532e-01,5.213209614157676697e-02,-2.704318799078464508e-02,3.370023071765899658e-01,1.383041441440582275e-01,1.922845467925071716e-02,1.617953330278396606e-01,-5.326237529516220093e-02,-8.894620090723037720e-02,2.159244716167449951e-01,-1.515953391790390015e-01,-1.557219922542572021e-01,-8.830171823501586914e-02,-4.392443224787712097e-02,-8.788292109966278076e-02,-3.175987675786018372e-02,5.451789870858192444e-02,-1.983119873329997063e-03,-2.964510023593902588e-02,-1.496378034353256226e-01,1.418070048093795776e-01,6.707706023007631302e-03,5.715628862380981445e-01,1.703859418630599976e-01,2.539161443710327148e-01,-8.450883440673351288e-03,-2.885621041059494019e-02,-5.001896247267723083e-02,1.000000357627868652e+00,1.508451700210571289e-01,-4.680676385760307312e-03,-9.388917684555053711e-02,2.715491652488708496e-01,-1.231156438589096069e-01,-9.664574265480041504e-02,-1.350965946912765503e-01,2.700987458229064941e-01,6.267174333333969116e-02,-7.771151512861251831e-02,1.184763014316558838e-01,2.260135486721992493e-02,-4.353886470198631287e-02,-2.073012106120586395e-02,5.253694951534271240e-03
