1.000000119209289551e+00,3.349350392818450928e-01,1.339314877986907959e-01,1.735346317291259766e-01,2.735975682735443115e-01,3.395863175392150879e-01,3.347711563110351562e-01,4.402502179145812988e-01,4.216755554080009460e-02,1.276179850101470947e-01,-1.029324978590011597e-01,1.216693818569183350e-01,2.029007822275161743e-01,1.672228612005710602e-02,-6.394344568252563477e-02,7.477124780416488647e-02,3.558126688003540039e-01,3.639147877693176270e-01,2.733893692493438721e-01,2.815274596214294434e-01,2.878961265087127686e-01,3.784553110599517822e-01,2.384703159332275391e-01,2.770228087902069092e-01,2.912640571594238281e-01,1.507932245731353760e-01,1.192610561847686768e-01,3.274155557155609131e-01,1.666815727949142456e-01,4.342548549175262451e-02,3.155059516429901123e-01,1.390888094902038574e-01,4.248684346675872803e-01,7.458097301423549652e-03,1.211980730295181274e-01,2.364092320203781128e-01,5.764424800872802734e-02,5.012693256139755249e-02,1.521369516849517822e-01,2.944418191909790039e-01,3.563703298568725586e-01,2.071362137794494629e-01,2.373004257678985596e-01,2.830285727977752686e-01,1.032417081296443939e-02,2.255491167306900024e-01,2.107373774051666260e-01,1.001952812075614929e-01
3.349350392818450928e-01,9.999992847442626953e-01,1.894859671592712402e-01,3.090734779834747314e-01,2.309042215347290039e-01,5.115513205528259277e-01,3.779278397560119629e-01,4.095185399055480957e-01,-2.113765664398670197e-02,5.073875188827514648e-01,-1.689332723617553711e-01,4.873947501182556152e-01,3.621031939983367920e-01,-2.127026319503784180e-01,9.583291411399841309e-02,6.591911613941192627e-02,1.891125142574310303e-01,4.019033908843994141e-01,2.535736560821533203e-01,3.701246380805969238e-01,3.513056933879852295e-01,3.800941705703735352e-01,4.671658948063850403e-02,1.681939810514450073e-01,-9.141732752323150635e-02,2.781830728054046631e-01,5.760841071605682373e-02,2.703407108783721924e-01,2.626656293869018555e-01,1.498177647590637207e-01,4.710694551467895508e-01,2.731124758720397949e-01,2.630170285701751709e-01,2.317613512277603149e-01,3.033391833305358887e-01,1.424259096384048462e-01,6.777016073465347290e-02,3.179778158664703369e-01,1.550712436437606812e-01,1.611370742321014404e-01,5.931682586669921875e-01,4.840113818645477295e-01,5.537074804306030273e-01,5.144991874694824219e-01,5.256985425949096680e-01,5.636221170425415039e-01,1.924040317535400391e-01,-2.797984182834625244e-01
1.339314877986907959e-01,1.894859671592712402e-01,9.999996423721313477e-01,8.200869560241699219e-01,1.611263374797999859e-03,1.001245751976966858e-01,2.476002722978591919e-01,2.053646929562091827e-02,-1.575281769037246704e-01,1.784914731979370117e-01,-1.626854538917541504e-01,2.446871101856231689e-01,1.404638588428497314e-01,1.453347411006689072e-02,1.715925782918930054e-01,-1.066242828965187073e-01,-5.315572023391723633e-02,3.059711158275604248e-01,5.577726662158966064e-02,4.039912298321723938e-02,2.602005004882812500e-01,2.888380289077758789e-01,-3.887354955077171326e-02,1.456504613161087036e-01,-9.409563243389129639e-02,6.973639130592346191e-01,1.151697039604187012e-01,2.623883783817291260e-01,1.039019897580146790e-01,-1.127755790948867798e-01,4.448532462120056152e-01,4.112822115421295166e-01,6.694480776786804199e-02,1.344051510095596313e-01,3.293203711509704590e-01,2.002362012863159180e-01,-1.236393302679061890e-02,3.505368828773498535e-01,1.321626454591751099e-01,4.352395832538604736e-01,3.611109554767608643e-01,7.964566349983215332e-02,2.437426000833511353e-01,-1.235846336930990219e-02,4.387752339243888855e-02,2.215888500213623047e-01,1.882488876581192017e-01,-1.482089459896087646e-01
1.735346317291259766e-01,3.090734779834747314e-01,8.200869560241699219e-01,9.999997019767761230e-01,4.602767899632453918e-02,2.696704566478729248e-01,3.394998908042907715e-01,-1.493840105831623077e-02,-2.944711148738861084e-01,2.104856967926025391e-01,-2.630317211151123047e-01,2.901726067066192627e-01,2.041586041450500488e-01,-1.021462008357048035e-01,1.457101851701736450e-01,-1.602908670902252197e-01,-5.905371904373168945e-02,3.922368884086608887e-01,4.360235109925270081e-02,1.067743971943855286e-01,2.285528779029846191e-01,3.206816911697387695e-01,-5.308697372674942017e-02,1.730338037014007568e-01,-2.870625071227550507e-02,6.554877758026123047e-01,1.259910166263580322e-01,2.466413825750350952e-01,1.059579923748970032e-01,-1.653185933828353882e-01,5.063050389289855957e-01,4.086998403072357178e-01,2.038218528032302856e-01,1.660816669464111328e-01,2.927424907684326172e-01,1.820917427539825439e-01,-5.553132295608520508e-02,3.799200654029846191e-01,1.174936071038246155e-01,4.421681463718414307e-01,5.156749486923217773e-01,5.342053249478340149e-02,3.216786086559295654e-01,-2.635302208364009857e-02,4.223589226603507996e-02,2.710526585578918457e-01,2.361917644739151001e-01,-2.683357000350952148e-01
2.735975682735443115e-01,2.309042215347290039e-01,1.611263374797999859e-03,4.602767899632453918e-02,9.999999403953552246e-01,4.178117215633392334e-01,3.298771381378173828e-01,1.420801877975463867e-01,4.686742089688777924e-03,2.842675447463989258e-01,-1.425115168094635010e-01,2.353096753358840942e-01,2.707095742225646973e-01,-1.245779171586036682e-01,7.565862685441970825e-02,2.505086958408355713e-01,2.364078015089035034e-01,2.107369601726531982e-01,3.081280887126922607e-01,2.654654681682586670e-01,8.292178064584732056e-02,2.668910622596740723e-01,1.334555596113204956e-01,-3.422870486974716187e-02,1.201271116733551025e-01,1.398479193449020386e-01,1.432829350233078003e-01,1.661490648984909058e-01,1.034176871180534363e-01,7.015351951122283936e-02,2.662239670753479004e-01,1.569872051477432251e-01,2.456150650978088379e-01,8.100398629903793335e-02,4.379252716898918152e-02,-1.620533168315887451e-01,1.052910834550857544e-02,1.193612962961196899e-01,1.850160211324691772e-01,2.141385152935981750e-02,2.952347993850708008e-01,3.141331076622009277e-01,3.420618772506713867e-01,1.727420985698699951e-01,2.017234712839126587e-01,3.503429591655731201e-01,1.782017946243286133e-02,-5.392278730869293213e-02
3.395863175392150879e-01,5.115513205528259277e-01,1.001245751976966858e-01,2.696704566478729248e-01,4.178117215633392334e-01,9.999995231628417969e-01,5.724277496337890625e-01,2.051525115966796875e-01,-1.886600852012634277e-01,4.486769139766693115e-01,-5.506115555763244629e-01,3.251159191131591797e-01,6.977100372314453125e-01,-4.657536149024963379e-01,-2.104499377310276031e-02,3.313534259796142578e-01,4.276068806648254395e-01,6.995770335197448730e-01,5.845264792442321777e-01,7.398220896720886230e-01,3.810136616230010986e-01,6.134063601493835449e-01,5.183386802673339844e-01,1.533605903387069702e-01,4.439439252018928528e-02,1.966315209865570068e-01,1.333979964256286621e-01,2.705735564231872559e-01,5.260566249489784241e-02,-1.614825278520584106e-01,5.483213067054748535e-01,3.716628551483154297e-01,3.970030248165130615e-01,2.404719740152359009e-01,2.505187392234802246e-01,1.805679500102996826e-02,-1.391384005546569824e-01,3.371697664260864258e-01,4.181603491306304932e-01,2.740984559059143066e-01,6.427239179611206055e-01,2.539751231670379639e-01,6.092459559440612793e-01,2.536504566669464111e-01,2.799999713897705078e-01,5.830255746841430664e-01,2.716586887836456299e-01,-2.539222240447998047e-01
3.347711563110351562e-01,3.779278397560119629e-01,2.476002722978591919e-01,3.394998908042907715e-01,3.298771381378173828e-01,5.724277496337890625e-01,1.000000000000000000e+00,2.774973511695861816e-01,4.379627853631973267e-02,3.115160763263702393e-01,-2.364791184663772583e-01,3.926562070846557617e-01,4.186331331729888916e-01,-2.218346744775772095e-01,-1.317624561488628387e-02,2.997627258300781250e-01,6.398363113403320312e-01,4.963683784008026123e-01,5.384297370910644531e-01,3.737719058990478516e-01,2.279743403196334839e-01,5.808460116386413574e-01,3.679273128509521484e-01,6.390798836946487427e-02,1.135776005685329437e-02,4.834876060485839844e-01,1.116355136036872864e-01,2.523942887783050537e-01,1.807190626859664917e-01,1.292386949062347412e-01,5.877462625503540039e-01,3.092444837093353271e-01,2.337512224912643433e-01,1.011699512600898743e-01,1.540148109197616577e-01,1.125218905508518219e-02,-2.624328993260860443e-02,2.387789189815521240e-01,2.841801345348358154e-01,3.138990104198455811e-01,4.963135719299316406e-01,3.548826873302459717e-01,5.150452852249145508e-01,2.550736367702484131e-01,2.405204474925994873e-01,4.256458580493927002e-01,1.215653046965599060e-01,-1.719439215958118439e-02
4.402502179145812988e-01,4.095185399055480957e-01,2.053646929562091827e-02,-1.493840105831623077e-02,1.420801877975463867e-01,2.051525115966796875e-01,2.774973511695861816e-01,9.999997615814208984e-01,3.788217604160308838e-01,2.214485406875610352e-01,2.236677110195159912e-01,2.235304862260818481e-01,2.036501765251159668e-01,3.388816118240356445e-01,2.143115922808647156e-02,2.265179753303527832e-01,3.628079593181610107e-01,1.732684820890426636e-01,1.971236467361450195e-01,2.011031210422515869e-01,3.506179153919219971e-01,3.036179244518280029e-01,1.349131464958190918e-01,2.668086811900138855e-02,9.075497090816497803e-02,5.186994746327400208e-02,1.280720531940460205e-01,1.678257733583450317e-01,1.498012244701385498e-01,1.906045824289321899e-01,1.348159611225128174e-01,-1.446919422596693039e-02,2.007740736007690430e-01,7.391852885484695435e-02,6.114232912659645081e-02,8.538568019866943359e-02,4.244997203350067139e-01,-4.848692566156387329e-02,3.029452078044414520e-02,1.065549105405807495e-01,2.195746600627899170e-01,3.891248404979705811e-01,1.725351214408874512e-01,4.830265045166015625e-01,2.312181740999221802e-01,1.983684301376342773e-01,-5.939853936433792114e-02,1.183430925011634827e-01
4.216755554080009460e-02,-2.113765664398670197e-02,-1.575281769037246704e-01,-2.944711148738861084e-01,4.686742089688777924e-03,-1.886600852012634277e-01,4.379627853631973267e-02,3.788217604160308838e-01,9.999994635581970215e-01,6.130588706582784653e-03,4.781842529773712158e-01,3.432799130678176880e-02,-5.222942680120468140e-02,3.827597200870513916e-01,1.811523176729679108e-02,1.393603384494781494e-01,3.617547750473022461e-01,-1.680770814418792725e-01,8.524779230356216431e-02,-9.092301130294799805e-02,1.069188956171274185e-02,-6.480470299720764160e-02,1.092614158987998962e-01,-8.128511905670166016e-02,-2.161872573196887970e-02,-5.196671560406684875e-02,-5.442994879558682442e-04,8.870773017406463623e-02,9.744531661272048950e-02,4.784640669822692871e-01,-1.406097561120986938e-01,-2.088952809572219849e-01,-7.564177364110946655e-02,-1.299691293388605118e-02,-1.094198003411293030e-01,7.153102010488510132e-02,2.190976440906524658e-01,-1.463636755943298340e-01,-6.778055429458618164e-02,-1.418898552656173706e-01,-2.609725594520568848e-01,3.606759905815124512e-01,-1.665622144937515259e-01,4.016805291175842285e-01,1.179878860712051392e-01,-1.344075053930282593e-01,-2.212771475315093994e-01,2.955989241600036621e-01
1.276179850101470947e-01,5.073875188827514648e-01,1.784914731979370117e-01,2.104856967926025391e-01,2.842675447463989258e-01,4.486769139766693115e-01,3.115160763263702393e-01,2.214485406875610352e-01,6.130588706582784653e-03,9.999999403953552246e-01,-2.906674146652221680e-01,7.550516128540039062e-01,5.981038212776184082e-01,-2.728749513626098633e-01,1.919265538454055786e-01,3.034514784812927246e-01,1.377127915620803833e-01,3.471890389919281006e-01,4.464790523052215576e-01,5.085538625717163086e-01,4.659815728664398193e-01,4.753512144088745117e-01,2.432189285755157471e-01,1.187980473041534424e-01,-1.343394517898559570e-01,3.254537284374237061e-01,1.074105501174926758e-01,1.185380220413208008e-01,-4.757589101791381836e-02,5.855621770024299622e-02,5.716446042060852051e-01,4.153946340084075928e-01,1.647561937570571899e-01,1.171253994107246399e-01,3.582645356655120850e-01,2.754113264381885529e-02,-8.702848106622695923e-02,3.831319212913513184e-01,3.135161101818084717e-01,1.572862416505813599e-01,3.597939908504486084e-01,5.091564655303955078e-01,7.214441299438476562e-01,4.597375094890594482e-01,7.089492678642272949e-01,8.139443993568420410e-01,2.058555930852890015e-01,-2.382520586252212524e-01
-1.029324978590011597e-01,-1.689332723617553711e-01,-1.626854538917541504e-01,-2.630317211151123047e-01,-1.425115168094635010e-01,-5.506115555763244629e-01,-2.364791184663772583e-01,2.236677110195159912e-01,4.781842529773712158e-01,-2.906674146652221680e-01,1.000000119209289551e+00,-1.170051991939544678e-01,-4.472624659538269043e-01,6.980742812156677246e-01,4.670520499348640442e-02,-1.408196091651916504e-01,-3.660298138856887817e-02,-4.270173907279968262e-01,-4.040183424949645996e-01,-5.044794082641601562e-01,-1.203213408589363098e-01,-2.674949765205383301e-01,-3.687609434127807617e-01,-1.016493439674377441e-01,-1.833643577992916107e-02,-2.789092063903808594e-01,-1.000814065337181091e-01,-6.082015484571456909e-02,1.489162892103195190e-01,3.634060919284820557e-01,-3.611087799072265625e-01,-3.100933134555816650e-01,-1.916932314634323120e-01,-1.428083628416061401e-01,-1.812465935945510864e-01,1.227086633443832397e-01,5.463396906852722168e-01,-3.145507574081420898e-01,-2.573186755180358887e-01,-1.685049384832382202e-01,-3.302764892578125000e-01,4.901968315243721008e-02,-4.327257275581359863e-01,-1.337494980543851852e-02,-1.478332877159118652e-01,-4.185768961906433105e-01,-2.742604613304138184e-01,4.821408390998840332e-01
1.216693818569183350e-01,4.873947501182556152e-01,2.446871101856231689e-01,2.901726067066192627e-01,2.353096753358840942e-01,3.251159191131591797e-01,3.926562070846557617e-01,2.235304862260818481e-01,3.432799130678176880e-02,7.550516128540039062e-01,-1.170051991939544678e-01,1.000000715255737305e+00,4.353229403495788574e-01,-1.269449293613433838e-01,4.087817072868347168e-01,3.055428266525268555e-01,8.701891452074050903e-02,2.021223306655883789e-01,3.792637288570404053e-01,2.510608136653900146e-01,2.867163121700286865e-01,4.126165211200714111e-01,6.615048646926879883e-02,1.465603113174438477e-01,-1.325714290142059326e-01,3.568910062313079834e-01,1.010244637727737427e-01,1.335333883762359619e-01,4.701601713895797729e-02,1.333183795213699341e-01,5.683338046073913574e-01,4.197883009910583496e-01,1.616515368223190308e-01,1.125085949897766113e-01,3.480406701564788818e-01,1.637756228446960449e-01,4.532844945788383484e-02,4.403051435947418213e-01,3.481754064559936523e-01,3.195078969001770020e-01,4.171456396579742432e-01,5.485339760780334473e-01,6.423200368881225586e-01,4.341267645359039307e-01,5.681248307228088379e-01,6.608804464340209961e-01,1.781689226627349854e-01,-1.861279755830764771e-01
2.029007822275161743e-01,3.621031939983367920e-01,1.404638588428497314e-01,2.041586041450500488e-01,2.707095742225646973e-01,6.977100372314453125e-01,4.186331331729888916e-01,2.036501765251159668e-01,-5.222942680120468140e-02,5.981038212776184082e-01,-4.472624659538269043e-01,4.353229403495788574e-01,1.000000119209289551e+00,-3.134271502494812012e-01,5.776777490973472595e-02,4.012022912502288818e-01,3.673870265483856201e-01,6.231555938720703125e-01,6.146683096885681152e-01,8.092753291130065918e-01,5.153952240943908691e-01,6.500214934349060059e-01,6.451466083526611328e-01,2.465182244777679443e-01,-8.239048719406127930e-02,2.551410496234893799e-01,1.451363861560821533e-01,2.645145952701568604e-01,-9.329090826213359833e-03,-8.888278156518936157e-02,5.748679637908935547e-01,5.111789703369140625e-01,2.560155987739562988e-01,1.366811990737915039e-01,3.616357445716857910e-01,9.014642238616943359e-02,-8.565404266119003296e-02,3.769442737102508545e-01,4.785281419754028320e-01,3.080658018589019775e-01,4.172593951225280762e-01,2.601119577884674072e-01,6.237559914588928223e-01,3.480769395828247070e-01,3.449160754680633545e-01,6.041387915611267090e-01,3.863836526870727539e-01,-1.218966096639633179e-01
1.672228612005710602e-02,-2.127026319503784180e-01,1.453347411006689072e-02,-1.021462008357048035e-01,-1.245779171586036682e-01,-4.657536149024963379e-01,-2.218346744775772095e-01,3.388816118240356445e-01,3.827597200870513916e-01,-2.728749513626098633e-01,6.980742812156677246e-01,-1.269449293613433838e-01,-3.134271502494812012e-01,1.000000119209289551e+00,1.743243038654327393e-01,-8.627220988273620605e-02,-3.778347745537757874e-02,-3.308150172233581543e-01,-2.957085072994232178e-01,-4.115834832191467285e-01,-5.476948991417884827e-02,-1.528580933809280396e-01,-2.511205971240997314e-01,-4.707033932209014893e-02,6.457345187664031982e-02,-1.140518784523010254e-01,8.129941299557685852e-03,-7.808269932866096497e-03,1.470624059438705444e-01,2.089307457208633423e-01,-2.268759161233901978e-01,-1.932723671197891235e-01,-1.133301779627799988e-01,-8.726359158754348755e-02,-1.172578111290931702e-01,1.931909918785095215e-01,6.257055401802062988e-01,-1.561772972345352173e-01,-1.428847610950469971e-01,6.566680222749710083e-02,-2.256985306739807129e-01,5.558682233095169067e-02,-3.417912721633911133e-01,-1.666733436286449432e-02,-2.083245664834976196e-01,-3.683148622512817383e-01,-1.577763259410858154e-01,3.803577423095703125e-01
-6.394344568252563477e-02,9.583291411399841309e-02,1.715925782918930054e-01,1.457101851701736450e-01,7.565862685441970825e-02,-2.104499377310276031e-02,-1.317624561488628387e-02,2.143115922808647156e-02,1.811523176729679108e-02,1.919265538454055786e-01,4.670520499348640442e-02,4.087817072868347168e-01,5.776777490973472595e-02,1.743243038654327393e-01,9.999999403953552246e-01,4.208590388298034668e-01,-1.534008383750915527e-01,-9.713394939899444580e-02,1.776584237813949585e-01,-1.186091080307960510e-01,-1.015514135360717773e-02,1.183523461222648621e-01,-4.188422113656997681e-02,1.952785402536392212e-01,-6.040953472256660461e-02,1.805654466152191162e-01,2.496263477951288223e-03,9.726151078939437866e-02,2.839958667755126953e-02,-7.448827475309371948e-02,2.327137291431427002e-01,3.496148288249969482e-01,4.721368849277496338e-02,1.048874258995056152e-01,2.511444687843322754e-01,2.987112104892730713e-01,1.612579673528671265e-01,4.530690908432006836e-01,4.501094818115234375e-01,3.906809091567993164e-01,1.267970949411392212e-01,3.148202300071716309e-01,8.088531345129013062e-02,1.709045022726058960e-01,1.490870118141174316e-01,9.843585640192031860e-02,1.836356520652770996e-01,8.175533264875411987e-03
7.477124780416488647e-02,6.591911613941192627e-02,-1.066242828965187073e-01,-1.602908670902252197e-01,2.505086958408355713e-01,3.313534259796142578e-01,2.997627258300781250e-01,2.265179753303527832e-01,1.393603384494781494e-01,3.034514784812927246e-01,-1.408196091651916504e-01,3.055428266525268555e-01,4.012022912502288818e-01,-8.627220988273620605e-02,4.208590388298034668e-01,1.000000715255737305e+00,2.504411041736602783e-01,1.165869161486625671e-01,4.732231199741363525e-01,2.586459517478942871e-01,6.891905516386032104e-02,3.360277712345123291e-01,3.602480590343475342e-01,-2.569665201008319855e-02,-2.318921126425266266e-02,8.916079998016357422e-02,-2.497860230505466461e-02,1.760502457618713379e-01,9.206177666783332825e-03,-8.126238733530044556e-02,1.753737479448318481e-01,2.193201929330825806e-01,4.119805991649627686e-02,4.121948778629302979e-02,1.071373000741004944e-01,-7.725706696510314941e-02,3.849872201681137085e-02,1.776263266801834106e-01,5.541796684265136719e-01,7.918467372655868530e-02,1.647985130548477173e-01,3.806574642658233643e-01,2.059613317251205444e-01,2.788810729980468750e-01,2.544355392456054688e-01,2.791847586631774902e-01,3.607005625963211060e-02,5.089562013745307922e-02
3.558126688003540039e-01,1.891125142574310303e-01,-5.315572023391723633e-02,-5.905371904373168945e-02,2.364078015089035034e-01,4.276068806648254395e-01,6.398363113403320312e-01,3.628079593181610107e-01,3.617547750473022461e-01,1.377127915620803833e-01,-3.660298138856887817e-02,8.701891452074050903e-02,3.673870265483856201e-01,-3.778347745537757874e-02,-1.534008383750915527e-01,2.504411041736602783e-01,9.999997615814208984e-01,5.043442249298095703e-01,5.345029234886169434e-01,4.660009443759918213e-01,3.036546409130096436e-01,5.217502713203430176e-01,5.915099978446960449e-01,9.581673890352249146e-03,1.621265197172760963e-03,1.319021582603454590e-01,6.304146349430084229e-02,7.875942438840866089e-02,-1.834212988615036011e-02,2.346794456243515015e-01,3.094193041324615479e-01,9.939943999052047729e-02,1.331831067800521851e-01,-2.319477498531341553e-02,4.757652431726455688e-02,1.157057657837867737e-02,-1.193923410028219223e-02,-1.162519026547670364e-02,1.651186794042587280e-01,1.577159613370895386e-01,1.360225379467010498e-01,3.590308129787445068e-01,2.629128396511077881e-01,3.570736646652221680e-01,1.838684529066085815e-01,2.086541354656219482e-01,-2.323578298091888428e-02,2.790755331516265869e-01
3.639147877693176270e-01,4.019033908843994141e-01,3.059711158275604248e-01,3.922368884086608887e-01,2.107369601726531982e-01,6.995770335197448730e-01,4.963683784008026123e-01,1.732684820890426636e-01,-1.680770814418792725e-01,3.471890389919281006e-01,-4.270173907279968262e-01,2.021223306655883789e-01,6.231555938720703125e-01,-3.308150172233581543e-01,-9.713394939899444580e-02,1.165869161486625671e-01,5.043442249298095703e-01,1.000000238418579102e+00,4.535334408283233643e-01,7.088834643363952637e-01,5.459774136543273926e-01,7.332533597946166992e-01,5.601605176925659180e-01,2.817582488059997559e-01,-5.328654125332832336e-02,3.026307225227355957e-01,8.932497352361679077e-02,2.259664684534072876e-01,-1.675230264663696289e-02,-1.328597068786621094e-01,6.067654490470886230e-01,5.200634598731994629e-01,2.790573239326477051e-01,1.490030288696289062e-01,3.335592448711395264e-01,1.975394338369369507e-01,-1.282105147838592529e-01,2.726183831691741943e-01,3.075294494628906250e-01,4.069078862667083740e-01,4.983742833137512207e-01,1.382379084825515747e-01,5.125519037246704102e-01,2.146749645471572876e-01,2.017017006874084473e-01,4.682070910930633545e-01,3.549545109272003174e-01,-4.006956890225410461e-02
2.733893692493438721e-01,2.535736560821533203e-01,5.577726662158966064e-02,4.360235109925270081e-02,3.081280887126922607e-01,5.845264792442321777e-01,5.384297370910644531e-01,1.971236467361450195e-01,8.524779230356216431e-02,4.464790523052215576e-01,-4.040183424949645996e-01,3.792637288570404053e-01,6.146683096885681152e-01,-2.957085072994232178e-01,1.776584237813949585e-01,4.732231199741363525e-01,5.345029234886169434e-01,4.535334408283233643e-01,1.000000000000000000e+00,6.623679399490356445e-01,2.810092270374298096e-01,5.461789369583129883e-01,7.125262022018432617e-01,1.389278024435043335e-01,-2.212452329695224762e-02,2.637722492218017578e-01,1.548755168914794922e-01,1.784074604511260986e-01,-5.387602001428604126e-02,-6.467142701148986816e-02,5.591676235198974609e-01,3.627296388149261475e-01,2.148438543081283569e-01,3.587236627936363220e-02,2.395160943269729614e-01,7.484459131956100464e-02,-1.908068209886550903e-01,3.494756519794464111e-01,5.256594419479370117e-01,4.242065250873565674e-01,3.532065153121948242e-01,3.516322672367095947e-01,5.540952682495117188e-01,3.823688626289367676e-01,2.908357083797454834e-01,4.919669628143310547e-01,2.385998219251632690e-01,-2.591772377490997314e-02
2.815274596214294434e-01,3.701246380805969238e-01,4.039912298321723938e-02,1.067743971943855286e-01,2.654654681682586670e-01,7.398220896720886230e-01,3.737719058990478516e-01,2.011031210422515869e-01,-9.092301130294799805e-02,5.085538625717163086e-01,-5.044794082641601562e-01,2.510608136653900146e-01,8.092753291130065918e-01,-4.115834832191467285e-01,-1.186091080307960510e-01,2.586459517478942871e-01,4.660009443759918213e-01,7.088834643363952637e-01,6.623679399490356445e-01,1.000000119209289551e+00,5.650238394737243652e-01,6.227204203605651855e-01,7.318433523178100586e-01,2.332504838705062866e-01,-1.929431408643722534e-02,1.231491863727569580e-01,1.087803021073341370e-01,1.748121976852416992e-01,-7.527825236320495605e-02,-1.049249917268753052e-01,5.157315135002136230e-01,3.814675807952880859e-01,2.904378473758697510e-01,1.130026578903198242e-01,3.069289624691009521e-01,6.334186345338821411e-02,-1.758503168821334839e-01,2.687050998210906982e-01,3.932066857814788818e-01,2.602925300598144531e-01,3.764714002609252930e-01,1.707933396100997925e-01,5.727708339691162109e-01,3.220169544219970703e-01,3.208342790603637695e-01,5.661520957946777344e-01,3.516119718551635742e-01,-1.045053899288177490e-01
2.878961265087127686e-01,3.513056933879852295e-01,2.602005004882812500e-01,2.285528779029846191e-01,8.292178064584732056e-02,3.810136616230010986e-01,2.279743403196334839e-01,3.506179153919219971e-01,1.069188956171274185e-02,4.659815728664398193e-01,-1.203213408589363098e-01,2.867163121700286865e-01,5.153952240943908691e-01,-5.476948991417884827e-02,-1.015514135360717773e-02,6.891905516386032104e-02,3.036546409130096436e-01,5.459774136543273926e-01,2.810092270374298096e-01,5.650238394737243652e-01,1.000000000000000000e+00,6.275866627693176270e-01,3.872586786746978760e-01,3.053377866744995117e-01,-3.815284371376037598e-02,1.446942090988159180e-01,-6.441211327910423279e-03,1.024446561932563782e-01,-9.202043712139129639e-02,4.729334264993667603e-02,4.442472457885742188e-01,3.719162642955780029e-01,1.529040187597274780e-01,6.617246568202972412e-02,3.571281731128692627e-01,2.242488712072372437e-01,1.181853711605072021e-01,2.194997668266296387e-01,2.140603661537170410e-01,2.915603220462799072e-01,3.124130964279174805e-01,1.857822090387344360e-01,3.569470643997192383e-01,2.453795075416564941e-01,2.883671224117279053e-01,3.785871863365173340e-01,2.697846889495849609e-01,1.384247243404388428e-01
3.784553110599517822e-01,3.800941705703735352e-01,2.888380289077758789e-01,3.206816911697387695e-01,2.668910622596740723e-01,6.134063601493835449e-01,5.808460116386413574e-01,3.036179244518280029e-01,-6.480470299720764160e-02,4.753512144088745117e-01,-2.674949765205383301e-01,4.126165211200714111e-01,6.500214934349060059e-01,-1.528580933809280396e-01,1.183523461222648621e-01,3.360277712345123291e-01,5.217502713203430176e-01,7.332533597946166992e-01,5.461789369583129883e-01,6.227204203605651855e-01,6.275866627693176270e-01,1.000000000000000000e+00,5.525991320610046387e-01,2.324520796537399292e-01,-6.187285855412483215e-02,3.385811448097229004e-01,1.207029223442077637e-01,2.283574938774108887e-01,6.794854998588562012e-03,-1.142159923911094666e-01,6.761870384216308594e-01,6.010979413986206055e-01,2.645623385906219482e-01,8.036884665489196777e-02,3.373719453811645508e-01,1.977810710668563843e-01,4.393626004457473755e-02,2.906464934349060059e-01,4.374570250511169434e-01,4.457685649394989014e-01,4.681740999221801758e-01,3.220055699348449707e-01,5.730218291282653809e-01,2.683934867382049561e-01,2.987473607063293457e-01,5.048345923423767090e-01,2.885406017303466797e-01,1.827906072139739990e-01
2.384703159332275391e-01,4.671658948063850403e-02,-3.887354955077171326e-02,-5.308697372674942017e-02,1.334555596113204956e-01,5.183386802673339844e-01,3.679273128509521484e-01,1.349131464958190918e-01,1.092614158987998962e-01,2.432189285755157471e-01,-3.687609434127807617e-01,6.615048646926879883e-02,6.451466083526611328e-01,-2.511205971240997314e-01,-4.188422113656997681e-02,3.602480590343475342e-01,5.915099978446960449e-01,5.601605176925659180e-01,7.125262022018432617e-01,7.318433523178100586e-01,3.872586786746978760e-01,5.525991320610046387e-01,1.000000119209289551e+00,2.500317990779876709e-01,-1.676992513239383698e-02,1.040930151939392090e-01,7.336170971393585205e-02,1.055436432361602783e-01,-1.249319985508918762e-01,-8.436191827058792114e-02,3.753809630870819092e-01,3.131375908851623535e-01,1.730557084083557129e-01,-1.181454630568623543e-03,1.597204059362411499e-01,1.436771005392074585e-01,-1.864540427923202515e-01,1.936139464378356934e-01,4.073715806007385254e-01,3.363271653652191162e-01,1.408183872699737549e-01,6.472796201705932617e-02,3.005050420761108398e-01,2.284221351146697998e-01,1.005661562085151672e-01,2.617010176181793213e-01,3.003135919570922852e-01,1.921730339527130127e-01
2.770228087902069092e-01,1.681939810514450073e-01,1.456504613161087036e-01,1.730338037014007568e-01,-3.422870486974716187e-02,1.533605903387069702e-01,6.390798836946487427e-02,2.668086811900138855e-02,-8.128511905670166016e-02,1.187980473041534424e-01,-1.016493439674377441e-01,1.465603113174438477e-01,2.465182244777679443e-01,-4.707033932209014893e-02,1.952785402536392212e-01,-2.569665201008319855e-02,9.581673890352249146e-03,2.817582488059997559e-01,1.389278024435043335e-01,2.332504838705062866e-01,3.053377866744995117e-01,2.324520796537399292e-01,2.500317990779876709e-01,1.000000357627868652e+00,-8.006248623132705688e-02,8.648102730512619019e-02,-9.523534774780273438e-02,2.659302055835723877e-01,1.461914181709289551e-01,9.570971131324768066e-03,3.544285595417022705e-01,4.238334298133850098e-01,1.221038997173309326e-01,5.004189535975456238e-02,3.621030151844024658e-01,5.661579966545104980e-01,2.708216942846775055e-02,2.553786635398864746e-01,2.565048933029174805e-01,3.392039537429809570e-01,2.132572233676910400e-01,-1.010257825255393982e-01,1.261182874441146851e-01,1.297213137149810791e-01,8.927753195166587830e-03,9.495895355939865112e-02,6.769462227821350098e-01,8.654735982418060303e-02
2.912640571594238281e-01,-9.141732752323150635e-02,-9.409563243389129639e-02,-2.870625071227550507e-02,1.201271116733551025e-01,4.439439252018928528e-02,1.135776005685329437e-02,9.075497090816497803e-02,-2.161872573196887970e-02,-1.343394517898559570e-01,-1.833643577992916107e-02,-1.325714290142059326e-01,-8.239048719406127930e-02,6.457345187664031982e-02,-6.040953472256660461e-02,-2.318921126425266266e-02,1.621265197172760963e-03,-5.328654125332832336e-02,-2.212452329695224762e-02,-1.929431408643722534e-02,-3.815284371376037598e-02,-6.187285855412483215e-02,-1.676992513239383698e-02,-8.006248623132705688e-02,9.999996423721313477e-01,-8.206620067358016968e-02,1.016596406698226929e-01,2.205399982631206512e-02,-3.456958010792732239e-02,-6.708844006061553955e-02,-1.291130185127258301e-01,-1.729282885789871216e-01,3.557652831077575684e-01,1.816643178462982178e-01,-1.661289036273956299e-01,-1.787405759096145630e-01,8.116842806339263916e-02,-1.412388309836387634e-02,-1.427827924489974976e-01,-1.141249462962150574e-01,2.118783071637153625e-02,-1.031452044844627380e-01,-1.461722999811172485e-01,-9.997275471687316895e-02,-2.085945904254913330e-01,-1.167018637061119080e-01,-1.717967796139419079e-03,1.091803051531314850e-02
1.507932245731353760e-01,2.781830728054046631e-01,6.973639130592346191e-01,6.554877758026123047e-01,1.398479193449020386e-01,1.966315209865570068e-01,4.834876060485839844e-01,5.186994746327400208e-02,-5.196671560406684875e-02,3.254537284374237061e-01,-2.789092063903808594e-01,3.568910062313079834e-01,2.551410496234893799e-01,-1.140518784523010254e-01,1.805654466152191162e-01,8.916079998016357422e-02,1.319021582603454590e-01,3.026307225227355957e-01,2.637722492218017578e-01,1.231491863727569580e-01,1.446942090988159180e-01,3.385811448097229004e-01,1.040930151939392090e-01,8.648102730512619019e-02,-8.206620067358016968e-02,1.000000119209289551e+00,1.746302396059036255e-01,3.459719121456146240e-01,2.423646599054336548e-01,3.215103968977928162e-02,5.344395637512207031e-01,4.427914321422576904e-01,1.104097440838813782e-01,1.245882287621498108e-01,3.016560077667236328e-01,8.625488728284835815e-02,-1.184123381972312927e-01,3.877511322498321533e-01,2.217592298984527588e-01,3.666740357875823975e-01,3.377984464168548584e-01,2.645687460899353027e-01,4.023250341415405273e-01,1.267744004726409912e-01,2.279361635446548462e-01,3.785153925418853760e-01,2.074940204620361328e-01,-2.505011558532714844e-01
1.192610561847686768e-01,5.760841071605682373e-02,1.151697039604187012e-01,1.259910166263580322e-01,1.432829350233078003e-01,1.333979964256286621e-01,1.116355136036872864e-01,1.280720531940460205e-01,-5.442994879558682442e-04,1.074105501174926758e-01,-1.000814065337181091e-01,1.010244637727737427e-01,1.451363861560821533e-01,8.129941299557685852e-03,2.496263477951288223e-03,-2.497860230505466461e-02,6.304146349430084229e-02,8.932497352361679077e-02,1.548755168914794922e-01,1.087803021073341370e-01,-6.441211327910423279e-03,1.207029223442077637e-01,7.336170971393585205e-02,-9.523534774780273438e-02,1.016596406698226929e-01,1.746302396059036255e-01,9.999996423721313477e-01,2.323169112205505371e-01,1.645478457212448120e-01,-6.874016672372817993e-02,1.539597213268280029e-01,9.262626618146896362e-02,4.249066114425659180e-01,1.429423838853836060e-01,-2.553671970963478088e-02,-5.862195976078510284e-03,-1.284337416291236877e-02,1.263070702552795410e-01,4.377267509698867798e-02,1.275228857994079590e-01,7.493476569652557373e-02,9.978650510311126709e-02,1.688336431980133057e-01,1.196395680308341980e-01,5.909258127212524414e-02,1.502750068902969360e-01,-1.318379212170839310e-02,-1.702818125486373901e-01
3.274155557155609131e-01,2.703407108783721924e-01,2.623883783817291260e-01,2.466413825750350952e-01,1.661490648984909058e-01,2.705735564231872559e-01,2.523942887783050537e-01,1.678257733583450317e-01,8.870773017406463623e-02,1.185380220413208008e-01,-6.082015484571456909e-02,1.335333883762359619e-01,2.645145952701568604e-01,-7.808269932866096497e-03,9.726151078939437866e-02,1.760502457618713379e-01,7.875942438840866089e-02,2.259664684534072876e-01,1.784074604511260986e-01,1.748121976852416992e-01,1.024446561932563782e-01,2.283574938774108887e-01,1.055436432361602783e-01,2.659302055835723877e-01,2.205399982631206512e-02,3.459719121456146240e-01,2.323169112205505371e-01,1.000000000000000000e+00,6.581020951271057129e-01,5.012311413884162903e-02,3.099295198917388916e-01,2.754032611846923828e-01,2.686037719249725342e-01,1.624400615692138672e-01,2.179319709539413452e-01,2.571845352649688721e-01,1.837695389986038208e-01,2.482257783412933350e-01,2.824347913265228271e-01,1.727953404188156128e-01,3.307499587535858154e-01,1.313433647155761719e-01,1.694070100784301758e-01,1.377719342708587646e-01,2.362941950559616089e-02,1.864068657159805298e-01,3.262278735637664795e-01,-1.435334831476211548e-01
1.666815727949142456e-01,2.626656293869018555e-01,1.039019897580146790e-01,1.059579923748970032e-01,1.034176871180534363e-01,5.260566249489784241e-02,1.807190626859664917e-01,1.498012244701385498e-01,9.744531661272048950e-02,-4.757589101791381836e-02,1.489162892103195190e-01,4.701601713895797729e-02,-9.329090826213359833e-03,1.470624059438705444e-01,2.839958667755126953e-02,9.206177666783332825e-03,-1.834212988615036011e-02,-1.675230264663696289e-02,-5.387602001428604126e-02,-7.527825236320495605e-02,-9.202043712139129639e-02,6.794854998588562012e-03,-1.249319985508918762e-01,1.461914181709289551e-01,-3.456958010792732239e-02,2.423646599054336548e-01,1.645478457212448120e-01,6.581020951271057129e-01,1.000000119209289551e+00,2.795618772506713867e-01,1.517708003520965576e-01,1.166313886642456055e-01,2.016945332288742065e-01,2.678300738334655762e-01,8.680531382560729980e-02,2.682906091213226318e-01,3.227686882019042969e-01,1.451087445020675659e-01,1.584371179342269897e-01,7.668487727642059326e-02,2.386483997106552124e-01,5.696142092347145081e-02,2.263406105339527130e-02,6.887392699718475342e-02,-3.426942601799964905e-02,-2.366131916642189026e-02,1.965110898017883301e-01,-1.312096863985061646e-01
4.342548549175262451e-02,1.498177647590637207e-01,-1.127755790948867798e-01,-1.653185933828353882e-01,7.015351951122283936e-02,-1.614825278520584106e-01,1.292386949062347412e-01,1.906045824289321899e-01,4.784640669822692871e-01,5.855621770024299622e-02,3.634060919284820557e-01,1.333183795213699341e-01,-8.888278156518936157e-02,2.089307457208633423e-01,-7.448827475309371948e-02,-8.126238733530044556e-02,2.346794456243515015e-01,-1.328597068786621094e-01,-6.467142701148986816e-02,-1.049249917268753052e-01,4.729334264993667603e-02,-1.142159923911094666e-01,-8.436191827058792114e-02,9.570971131324768066e-03,-6.708844006061553955e-02,3.215103968977928162e-02,-6.874016672372817993e-02,5.012311413884162903e-02,2.795618772506713867e-01,9.999997019767761230e-01,1.120079495012760162e-02,-1.763455271720886230e-01,3.249452915042638779e-03,3.976358845829963684e-02,-1.668209210038185120e-02,1.994349807500839233e-01,1.972556114196777344e-01,-8.786820806562900543e-03,-4.345507919788360596e-02,-9.865664690732955933e-02,-8.113854378461837769e-02,3.059898316860198975e-01,1.603822782635688782e-02,2.274829298257827759e-01,1.828421950340270996e-01,4.228840116411447525e-03,-9.855750203132629395e-02,1.361038833856582642e-01
3.155059516429901123e-01,4.710694551467895508e-01,4.448532462120056152e-01,5.063050389289855957e-01,2.662239670753479004e-01,5.483213067054748535e-01,5.877462625503540039e-01,1.348159611225128174e-01,-1.406097561120986938e-01,5.716446042060852051e-01,-3.611087799072265625e-01,5.683338046073913574e-01,5.748679637908935547e-01,-2.268759161233901978e-01,2.327137291431427002e-01,1.753737479448318481e-01,3.094193041324615479e-01,6.067654490470886230e-01,5.591676235198974609e-01,5.157315135002136230e-01,4.442472457885742188e-01,6.761870384216308594e-01,3.753809630870819092e-01,3.544285595417022705e-01,-1.291130185127258301e-01,5.344395637512207031e-01,1.539597213268280029e-01,3.099295198917388916e-01,1.517708003520965576e-01,1.120079495012760162e-02,9.999999403953552246e-01,6.690980792045593262e-01,2.684128284454345703e-01,1.566589623689651489e-01,4.550918936729431152e-01,3.005115985870361328e-01,-4.674696922302246094e-02,5.186927914619445801e-01,4.913923144340515137e-01,5.881862044334411621e-01,5.554477572441101074e-01,3.247731626033782959e-01,6.795265674591064453e-01,2.794788479804992676e-01,3.615922331809997559e-01,6.095846295356750488e-01,4.650494456291198730e-01,-1.438110321760177612e-01
1.390888094902038574e-01,2.731124758720397949e-01,4.112822115421295166e-01,4.086998403072357178e-01,1.569872051477432251e-01,3.716628551483154297e-01,3.092444837093353271e-01,-1.446919422596693039e-02,-2.088952809572219849e-01,4.153946340084075928e-01,-3.100933134555816650e-01,4.197883009910583496e-01,5.111789703369140625e-01,-1.932723671197891235e-01,3.496148288249969482e-01,2.193201929330825806e-01,9.939943999052047729e-02,5.200634598731994629e-01,3.627296388149261475e-01,3.814675807952880859e-01,3.719162642955780029e-01,6.010979413986206055e-01,3.131375908851623535e-01,4.238334298133850098e-01,-1.729282885789871216e-01,4.427914321422576904e-01,9.262626618146896362e-02,2.754032611846923828e-01,1.166313886642456055e-01,-1.763455271720886230e-01,6.690980792045593262e-01,9.999998211860656738e-01,1.483959406614303589e-01,1.050178036093711853e-01,4.613904953002929688e-01,3.636504113674163818e-01,-2.245613560080528259e-02,4.294590651988983154e-01,5.068220496177673340e-01,5.580328106880187988e-01,3.832719922065734863e-01,1.733641028404235840e-01,4.715000391006469727e-01,1.608019024133682251e-01,1.897501945495605469e-01,4.244563579559326172e-01,5.665663480758666992e-01,-5.854142084717750549e-02
4.248684346675872803e-01,2.630170285701751709e-01,6.694480776786804199e-02,2.038218528032302856e-01,2.456150650978088379e-01,3.970030248165130615e-01,2.337512224912643433e-01,2.007740736007690430e-01,-7.564177364110946655e-02,1.647561937570571899e-01,-1.916932314634323120e-01,1.616515368223190308e-01,2.560155987739562988e-01,-1.133301779627799988e-01,4.721368849277496338e-02,4.119805991649627686e-02,1.331831067800521851e-01,2.790573239326477051e-01,2.148438543081283569e-01,2.904378473758697510e-01,1.529040187597274780e-01,2.645623385906219482e-01,1.730557084083557129e-01,1.221038997173309326e-01,3.557652831077575684e-01,1.104097440838813782e-01,4.249066114425659180e-01,2.686037719249725342e-01,2.016945332288742065e-01,3.249452915042638779e-03,2.684128284454345703e-01,1.483959406614303589e-01,1.000000238418579102e+00,2.980197370052337646e-01,-6.199360638856887817e-02,9.594597667455673218e-02,6.861952692270278931e-02,1.904905885457992554e-01,1.082536503672599792e-01,1.879125088453292847e-01,3.394665718078613281e-01,1.009516045451164246e-01,2.617167234420776367e-01,1.303056329488754272e-01,-4.160749912261962891e-02,2.349627315998077393e-01,2.330407500267028809e-01,-1.339955180883407593e-01
