1.000000119209289551e+00,1.647054404020309448e-01,3.381198346614837646e-01,5.159341096878051758e-01,5.143204927444458008e-01,4.994601905345916748e-01,3.753839135169982910e-01,1.237745881080627441e-01,1.687147766351699829e-01,2.567359805107116699e-01,1.002925634384155273e-01,3.815029561519622803e-01,1.863069981336593628e-01,1.680013537406921387e-01,1.854907721281051636e-01,2.663311660289764404e-01,2.945691049098968506e-01,2.492417395114898682e-01,3.689320683479309082e-01,2.874993085861206055e-01,1.836402267217636108e-01,3.751851022243499756e-01,6.245212629437446594e-02,-2.057132869958877563e-01,5.862943530082702637e-01,1.852012425661087036e-01,6.452621221542358398e-01,6.908450722694396973e-01,2.248664200305938721e-01,-2.166470289230346680e-01,4.242041707038879395e-02,5.133951827883720398e-02,5.015160441398620605e-01,-2.648927643895149231e-02,-1.042082160711288452e-01,-1.268810033798217773e-01,1.226021945476531982e-01,3.849378228187561035e-02,-3.465625457465648651e-03,-1.343938559293746948e-01,3.550673723220825195e-01,2.606453895568847656e-01,1.517817676067352295e-01,4.385745152831077576e-02,5.138669162988662720e-02,1.053936332464218140e-01,-1.445080935955047607e-01,-7.116710394620895386e-02
1.647054404020309448e-01,1.000000119209289551e+00,7.849284261465072632e-02,-7.492825388908386230e-03,1.825237572193145752e-01,3.013803064823150635e-01,2.269737422466278076e-01,2.561761140823364258e-01,4.021831750869750977e-01,3.194673061370849609e-01,-1.432304270565509796e-02,1.185116916894912720e-01,2.778792381286621094e-01,1.045170426368713379e-01,1.147774904966354370e-01,1.655438542366027832e-01,1.617950946092605591e-01,1.419437378644943237e-01,1.664773821830749512e-01,2.259298712015151978e-01,1.039678696542978287e-02,5.687332525849342346e-02,1.780431121587753296e-01,2.007322907447814941e-01,2.932392060756683350e-01,3.637710213661193848e-01,3.764017820358276367e-01,4.154667258262634277e-01,5.047623515129089355e-01,2.209558784961700439e-01,1.458039730787277222e-01,1.638296246528625488e-01,4.761336147785186768e-01,2.645467221736907959e-01,1.521047949790954590e-01,3.062418997287750244e-01,1.092906817793846130e-01,2.702662050724029541e-01,1.988670378923416138e-01,2.783564627170562744e-01,4.182262122631072998e-01,5.148903727531433105e-01,4.595133066177368164e-01,3.522954583168029785e-01,6.286715269088745117e-01,3.602242171764373779e-01,2.242287546396255493e-01,-1.537333130836486816e-01
3.381198346614837646e-01,7.849284261465072632e-02,1.000000238418579102e+00,6.578580141067504883e-01,6.961540877819061279e-02,1.027983054518699646e-01,5.488465428352355957e-01,6.797670572996139526e-02,-1.784920692443847656e-02,1.705216127447783947e-03,1.198912262916564941e-01,1.889955103397369385e-01,1.018586158752441406e-01,3.268045485019683838e-01,3.426598310470581055e-01,1.737942844629287720e-01,4.373883306980133057e-01,3.471714854240417480e-01,1.952055245637893677e-01,1.622962802648544312e-01,1.810472607612609863e-01,2.173669338226318359e-01,7.513629645109176636e-02,1.422039233148097992e-02,7.216747105121612549e-02,5.306243896484375000e-01,1.822363883256912231e-01,2.980126142501831055e-01,7.499266415834426880e-02,9.629429876804351807e-02,1.393574923276901245e-01,4.749758169054985046e-03,1.869063526391983032e-01,2.136594951152801514e-01,1.298640370368957520e-01,5.807655677199363708e-02,2.439733445644378662e-01,3.283622860908508301e-01,4.266111552715301514e-02,4.158882424235343933e-03,-5.484736058861017227e-03,4.474260658025741577e-02,3.986836969852447510e-02,-7.442710548639297485e-02,6.361395120620727539e-02,4.921987280249595642e-02,2.633652463555335999e-02,-6.280715018510818481e-02
5.159341096878051758e-01,-7.492825388908386230e-03,6.578580141067504883e-01,1.000000357627868652e+00,2.690053284168243408e-01,3.794350028038024902e-01,4.046305418014526367e-01,-9.083615243434906006e-02,-1.141752768307924271e-02,8.840770274400711060e-02,1.174407225335016847e-04,2.271152436733245850e-01,9.845872223377227783e-02,1.262966543436050415e-01,2.569298148155212402e-01,1.002889722585678101e-01,2.813000977039337158e-01,2.949130833148956299e-01,2.250960618257522583e-01,2.925259768962860107e-01,3.024771213531494141e-01,4.345871508121490479e-01,-7.719080150127410889e-02,-2.213017828762531281e-02,7.019913941621780396e-02,2.880090475082397461e-01,1.935798972845077515e-01,3.617526590824127197e-01,2.896355092525482178e-02,-1.174065023660659790e-01,3.780141845345497131e-02,3.748896345496177673e-02,8.379872888326644897e-02,-1.219891011714935303e-02,-9.038560092449188232e-02,-7.264816015958786011e-02,1.925265938043594360e-01,4.958969354629516602e-02,-9.963394701480865479e-02,-1.567741483449935913e-01,1.891844570636749268e-01,-1.730814017355442047e-02,-6.019582599401473999e-02,-4.404896497726440430e-02,-8.927936106920242310e-02,1.452525984495878220e-02,-1.213012356311082840e-02,1.152381300926208496e-02
5.143204927444458008e-01,1.825237572193145752e-01,6.961540877819061279e-02,2.690053284168243408e-01,1.000000119209289551e+00,6.399961113929748535e-01,7.933349162340164185e-02,2.416808903217315674e-01,3.003439307212829590e-01,3.220242261886596680e-01,2.467322498559951782e-01,4.138853251934051514e-01,4.005270898342132568e-01,2.085004597902297974e-01,2.685595154762268066e-01,3.428710401058197021e-01,2.891570888459682465e-02,1.728180348873138428e-01,3.345012962818145752e-01,3.948380053043365479e-01,3.391311764717102051e-01,3.749004900455474854e-01,1.137239858508110046e-01,1.219139806926250458e-02,2.789872884750366211e-01,-4.041253402829170227e-02,3.454830348491668701e-01,4.247334599494934082e-01,1.339475065469741821e-01,-2.633769251406192780e-02,1.041902005672454834e-01,2.059369347989559174e-02,3.899884819984436035e-01,5.487101152539253235e-02,-6.950114667415618896e-02,-6.743155419826507568e-02,1.306383609771728516e-01,4.674917459487915039e-02,7.292906194925308228e-02,-2.647880278527736664e-02,4.243359267711639404e-01,2.541235983371734619e-01,1.284468472003936768e-01,1.654028743505477905e-01,1.069771647453308105e-01,1.916029751300811768e-01,1.813347800634801388e-03,4.778601974248886108e-02
4.994601905345916748e-01,3.013803064823150635e-01,1.027983054518699646e-01,3.794350028038024902e-01,6.399961113929748535e-01,1.000000000000000000e+00,2.171298712491989136e-01,5.001732334494590759e-02,3.977321386337280273e-01,3.738712668418884277e-01,3.458306938409805298e-02,2.667425870895385742e-01,2.735886275768280029e-01,6.040266901254653931e-02,1.893029361963272095e-01,2.455968111753463745e-01,1.294199526309967041e-01,2.827935814857482910e-01,4.544670879840850830e-01,4.903024733066558838e-01,2.328777015209197998e-01,4.139288663864135742e-01,-5.855175480246543884e-02,-1.231703092344105244e-03,2.240719646215438843e-01,1.410314589738845825e-01,3.273177742958068848e-01,4.714466929435729980e-01,2.569926083087921143e-01,-1.640103161334991455e-01,-2.911806851625442505e-02,-1.280934736132621765e-02,2.805972099304199219e-01,1.204599440097808838e-02,-6.553002446889877319e-02,-3.026388399302959442e-02,1.021773666143417358e-01,3.456801176071166992e-02,2.626386098563671112e-02,-1.131887957453727722e-01,5.758935213088989258e-01,3.748659789562225342e-01,2.263610363006591797e-01,1.776348501443862915e-01,9.265343099832534790e-02,1.991541385650634766e-01,-3.314621001482009888e-02,-9.302788972854614258e-02
3.753839135169982910e-01,2.269737422466278076e-01,5.488465428352355957e-01,4.046305418014526367e-01,7.933349162340164185e-02,2.171298712491989136e-01,9.999997615814208984e-01,1.174252107739448547e-01,1.137988790869712830e-01,1.753376573324203491e-01,5.269519612193107605e-02,1.572056412696838379e-01,1.076897885650396347e-02,1.737584322690963745e-01,2.352749407291412354e-01,1.883083283901214600e-01,8.237055540084838867e-01,6.127327680587768555e-01,5.227070450782775879e-01,3.407935202121734619e-01,3.462767973542213440e-02,2.424293458461761475e-01,1.861821115016937256e-01,-1.654611378908157349e-01,2.366713881492614746e-01,6.663612127304077148e-01,3.355146944522857666e-01,3.471944332122802734e-01,2.602769434452056885e-01,-1.444107480347156525e-02,2.249595150351524353e-02,9.945248812437057495e-02,3.226214349269866943e-01,1.327608376741409302e-01,4.620449990034103394e-02,8.763469755649566650e-02,9.746754914522171021e-02,3.215187489986419678e-01,9.720697999000549316e-02,-2.834331989288330078e-02,1.435595750808715820e-01,3.913026452064514160e-01,4.221875667572021484e-01,7.084796205163002014e-03,1.482942551374435425e-01,2.854389846324920654e-01,-5.952721461653709412e-02,-3.585833311080932617e-01
1.237745881080627441e-01,2.561761140823364258e-01,6.797670572996139526e-02,-9.083615243434906006e-02,2.416808903217315674e-01,5.001732334494590759e-02,1.174252107739448547e-01,1.000000119209289551e+00,2.294598966836929321e-01,2.941482365131378174e-01,5.754505395889282227e-01,3.953505158424377441e-01,3.802919685840606689e-01,4.273244440555572510e-01,2.832264900207519531e-01,2.999435961246490479e-01,1.386305540800094604e-01,1.791136264801025391e-01,1.274454146623611450e-01,1.258490681648254395e-01,2.024473249912261963e-01,7.057049125432968140e-02,3.169188201427459717e-01,2.749202772974967957e-02,1.346179097890853882e-01,8.503165096044540405e-02,7.718887180089950562e-02,1.388385146856307983e-01,1.507231593132019043e-01,1.611234098672866821e-01,2.284267693758010864e-01,3.163250163197517395e-02,4.332940578460693359e-01,4.284242093563079834e-01,3.329364657402038574e-01,1.590024828910827637e-01,2.061153799295425415e-01,2.577108740806579590e-01,3.142769038677215576e-01,1.752844899892807007e-01,9.077639132738113403e-02,2.512264549732208252e-01,1.810141205787658691e-01,4.830407202243804932e-01,2.587698101997375488e-01,2.792019248008728027e-01,3.433777019381523132e-02,-1.163836196064949036e-01
1.687147766351699829e-01,4.021831750869750977e-01,-1.784920692443847656e-02,-1.141752768307924271e-02,3.003439307212829590e-01,3.977321386337280273e-01,1.137988790869712830e-01,2.294598966836929321e-01,1.000000357627868652e+00,4.971801638603210449e-01,2.363916039466857910e-01,1.985654383897781372e-01,3.912654817104339600e-01,1.692719906568527222e-01,5.466808006167411804e-02,2.045504152774810791e-01,8.527310937643051147e-02,1.609566658735275269e-01,1.697622835636138916e-01,2.617506682872772217e-01,9.067008644342422485e-02,1.858025044202804565e-01,2.308174669742584229e-01,1.635977774858474731e-01,1.281548142433166504e-01,1.722119748592376709e-01,1.767786294221878052e-01,2.286535352468490601e-01,1.961124092340469360e-01,1.335486676543951035e-02,8.499164879322052002e-02,1.101235747337341309e-01,2.777906358242034912e-01,1.584083884954452515e-01,-1.717282831668853760e-02,6.629066914319992065e-02,1.902765184640884399e-01,1.489336937665939331e-01,1.540784090757369995e-01,1.549603044986724854e-01,3.586946129798889160e-01,2.849584519863128662e-01,2.373809963464736938e-01,2.905840575695037842e-01,2.324813157320022583e-01,2.273765206336975098e-01,1.566479355096817017e-01,-6.163769960403442383e-02
2.567359805107116699e-01,3.194673061370849609e-01,1.705216127447783947e-03,8.840770274400711060e-02,3.220242261886596680e-01,3.738712668418884277e-01,1.753376573324203491e-01,2.941482365131378174e-01,4.971801638603210449e-01,1.000000476837158203e+00,2.253790795803070068e-01,4.336420595645904541e-01,4.256539046764373779e-01,1.510613411664962769e-01,2.510347366333007812e-01,2.444922626018524170e-01,1.466727107763290405e-01,1.354807168245315552e-01,2.056445628404617310e-01,4.271403253078460693e-01,1.863537281751632690e-01,2.854261398315429688e-01,2.691438496112823486e-01,1.883390843868255615e-01,1.399854272603988647e-01,1.784111857414245605e-01,2.101429253816604614e-01,1.959405243396759033e-01,1.174373254179954529e-01,1.808905974030494690e-02,5.883342400193214417e-02,1.814439594745635986e-01,3.705452978610992432e-01,1.297668814659118652e-01,9.212088584899902344e-02,1.144063249230384827e-01,-1.322228368371725082e-02,2.136416733264923096e-01,2.278421521186828613e-01,1.360493153333663940e-01,2.569429278373718262e-01,2.009742259979248047e-01,2.272850275039672852e-01,2.942532598972320557e-01,3.309827446937561035e-01,5.030916333198547363e-01,1.749898791313171387e-01,-4.180236533284187317e-02
1.002925634384155273e-01,-1.432304270565509796e-02,1.198912262916564941e-01,1.174407225335016847e-04,2.467322498559951782e-01,3.458306938409805298e-02,5.269519612193107605e-02,5.754505395889282227e-01,2.363916039466857910e-01,2.253790795803070068e-01,1.000000357627868652e+00,4.006760418415069580e-01,3.453254401683807373e-01,5.169072151184082031e-01,1.742285639047622681e-01,2.808297574520111084e-01,6.083528697490692139e-02,2.076845765113830566e-01,8.196330070495605469e-02,1.250225156545639038e-01,4.311105608940124512e-01,2.470424920320510864e-01,3.556645214557647705e-01,6.695893406867980957e-02,-1.147977411746978760e-01,4.423132911324501038e-02,-5.817038938403129578e-02,9.534594416618347168e-02,2.364872582256793976e-02,2.635220885276794434e-01,3.919179439544677734e-01,3.517595678567886353e-02,1.292143613100051880e-01,2.312149405479431152e-01,2.078370600938796997e-01,7.138233631849288940e-02,1.653202325105667114e-01,5.866141989827156067e-02,1.933095902204513550e-01,1.115108430385589600e-01,1.039278283715248108e-01,1.342098563909530640e-01,1.046564504504203796e-01,1.394592225551605225e-01,8.877041190862655640e-02,1.194379702210426331e-01,8.278758078813552856e-02,-8.493594825267791748e-03
3.815029561519622803e-01,1.185116916894912720e-01,1.889955103397369385e-01,2.271152436733245850e-01,4.138853251934051514e-01,2.667425870895385742e-01,1.572056412696838379e-01,3.953505158424377441e-01,1.985654383897781372e-01,4.336420595645904541e-01,4.006760418415069580e-01,1.000000238418579102e+00,4.846526980400085449e-01,2.974490821361541748e-01,4.717236757278442383e-01,4.407809674739837646e-01,1.032425016164779663e-01,5.157937854528427124e-02,9.706406295299530029e-02,2.592241168022155762e-01,3.902164697647094727e-01,2.839024960994720459e-01,3.341867625713348389e-01,-3.220541402697563171e-02,1.360065937042236328e-01,1.004001870751380920e-01,2.804772853851318359e-01,3.075895905494689941e-01,-5.529388412833213806e-02,1.145660132169723511e-01,6.251661479473114014e-02,3.324953094124794006e-02,4.983584880828857422e-01,2.900787442922592163e-02,7.579503208398818970e-02,1.971492171287536621e-02,-3.281504660844802856e-02,2.281514555215835571e-01,2.033810913562774658e-01,4.501221328973770142e-02,1.809010058641433716e-01,1.638945341110229492e-01,1.076678410172462463e-01,1.740993857383728027e-01,1.954388469457626343e-01,2.503762543201446533e-01,-1.385866664350032806e-02,4.764491226524114609e-03
1.863069981336593628e-01,2.778792381286621094e-01,1.018586158752441406e-01,9.845872223377227783e-02,4.005270898342132568e-01,2.735886275768280029e-01,1.076897885650396347e-02,3.802919685840606689e-01,3.912654817104339600e-01,4.256539046764373779e-01,3.453254401683807373e-01,4.846526980400085449e-01,9.999998211860656738e-01,3.029036521911621094e-01,2.546527087688446045e-01,4.634249508380889893e-01,-4.051634296774864197e-02,1.123749464750289917e-01,1.023072972893714905e-01,2.894775569438934326e-01,2.331041395664215088e-01,2.366278469562530518e-01,3.359366655349731445e-01,2.061152756214141846e-01,9.707879275083541870e-02,6.174342334270477295e-02,1.411142349243164062e-01,2.025726437568664551e-01,4.842461273074150085e-02,1.889461874961853027e-01,3.029584288597106934e-01,8.809997886419296265e-02,3.309808075428009033e-01,1.854600608348846436e-01,7.280588150024414062e-02,2.037347257137298584e-01,1.783529222011566162e-01,2.519095242023468018e-01,2.681588232517242432e-01,1.112044453620910645e-01,2.304110825061798096e-01,2.099708467721939087e-01,1.308571994304656982e-01,3.157499432563781738e-01,1.930784881114959717e-01,2.497715353965759277e-01,1.432417929172515869e-01,1.374625973403453827e-02
1.680013537406921387e-01,1.045170426368713379e-01,3.268045485019683838e-01,1.262966543436050415e-01,2.085004597902297974e-01,6.040266901254653931e-02,1.737584322690963745e-01,4.273244440555572510e-01,1.692719906568527222e-01,1.510613411664962769e-01,5.169072151184082031e-01,2.974490821361541748e-01,3.029036521911621094e-01,1.000000119209289551e+00,4.132244288921356201e-01,1.696851700544357300e-01,1.599262058734893799e-01,2.385030537843704224e-01,1.397043317556381226e-01,1.869571954011917114e-01,3.505454659461975098e-01,2.017889320850372314e-01,2.305663079023361206e-01,6.690407544374465942e-02,3.632895275950431824e-02,2.440815120935440063e-01,5.912657827138900757e-02,2.348709106445312500e-01,1.503790467977523804e-01,2.316267192363739014e-01,3.083046674728393555e-01,-6.469818949699401855e-02,3.040439784526824951e-01,3.729688227176666260e-01,1.965849846601486206e-01,7.330849766731262207e-02,4.381690323352813721e-01,3.062219321727752686e-01,1.605214476585388184e-01,1.105846390128135681e-01,2.922233566641807556e-02,1.411450058221817017e-01,7.797034829854965210e-02,5.109810456633567810e-02,1.084750145673751831e-01,7.581014186143875122e-02,4.612851887941360474e-02,-1.061828956007957458e-01
1.854907721281051636e-01,1.147774904966354370e-01,3.426598310470581055e-01,2.569298148155212402e-01,2.685595154762268066e-01,1.893029361963272095e-01,2.352749407291412354e-01,2.832264900207519531e-01,5.466808006167411804e-02,2.510347366333007812e-01,1.742285639047622681e-01,4.717236757278442383e-01,2.546527087688446045e-01,4.132244288921356201e-01,9.999997615814208984e-01,3.677035868167877197e-01,1.893515139818191528e-01,1.456362754106521606e-01,8.593197911977767944e-02,1.957218945026397705e-01,2.003915756940841675e-01,1.188429445028305054e-01,1.734010726213455200e-01,-4.509494081139564514e-02,5.839559435844421387e-02,2.302379459142684937e-01,1.934841573238372803e-01,1.293904632329940796e-01,-3.356864675879478455e-02,6.764697283506393433e-02,-2.690597809851169586e-02,-6.442312896251678467e-02,4.005020558834075928e-01,2.695210874080657959e-01,2.106857299804687500e-01,-2.555852942168712616e-02,9.909808635711669922e-02,5.032693743705749512e-01,1.709796190261840820e-01,3.941092267632484436e-02,-6.069404259324073792e-02,6.533066183328628540e-02,1.738914474844932556e-02,2.889979816973209381e-02,2.311141043901443481e-01,1.922889798879623413e-01,-2.399045333731919527e-04,-1.487806886434555054e-01
2.663311660289764404e-01,1.655438542366027832e-01,1.737942844629287720e-01,1.002889722585678101e-01,3.428710401058197021e-01,2.455968111753463745e-01,1.883083283901214600e-01,2.999435961246490479e-01,2.045504152774810791e-01,2.444922626018524170e-01,2.808297574520111084e-01,4.407809674739837646e-01,4.634249508380889893e-01,1.696851700544357300e-01,3.677035868167877197e-01,9.999998211860656738e-01,1.718019992113113403e-01,2.333388477563858032e-01,1.891452819108963013e-01,1.456231623888015747e-01,1.048251315951347351e-01,2.909108996391296387e-01,4.861873090267181396e-01,-4.918058589100837708e-02,1.314729303121566772e-01,1.061637103557586670e-01,2.597290575504302979e-01,1.841484159231185913e-01,-4.193014651536941528e-02,6.008013710379600525e-02,1.529821902513504028e-01,3.838682547211647034e-02,3.641598820686340332e-01,1.883549392223358154e-01,1.766907572746276855e-01,1.178125739097595215e-01,9.733957797288894653e-02,4.005399346351623535e-01,3.724002540111541748e-01,2.206482440233230591e-01,1.083665266633033752e-01,2.237902879714965820e-01,1.430147737264633179e-01,1.082261800765991211e-01,2.044190168380737305e-01,1.852488815784454346e-01,-1.299175899475812912e-02,-1.268415804952383041e-02
2.945691049098968506e-01,1.617950946092605591e-01,4.373883306980133057e-01,2.813000977039337158e-01,2.891570888459682465e-02,1.294199526309967041e-01,8.237055540084838867e-01,1.386305540800094604e-01,8.527310937643051147e-02,1.466727107763290405e-01,6.083528697490692139e-02,1.032425016164779663e-01,-4.051634296774864197e-02,1.599262058734893799e-01,1.893515139818191528e-01,1.718019992113113403e-01,1.000000357627868652e+00,6.880882978439331055e-01,5.805173516273498535e-01,3.907505869865417480e-01,8.123032003641128540e-02,2.690674364566802979e-01,1.926302611827850342e-01,-1.820638328790664673e-01,1.921318620443344116e-01,5.798153281211853027e-01,2.622545063495635986e-01,2.676912248134613037e-01,2.299786359071731567e-01,2.969999425113201141e-02,7.401967048645019531e-02,7.694118469953536987e-02,2.618063390254974365e-01,1.322183310985565186e-01,5.172915011644363403e-02,4.346906393766403198e-02,9.285491704940795898e-02,2.917794287204742432e-01,2.780129946768283844e-02,-1.820899732410907745e-02,7.003203034400939941e-02,3.479632437229156494e-01,4.641282558441162109e-01,4.454556480050086975e-02,1.196190789341926575e-01,3.250202834606170654e-01,-8.877673000097274780e-02,-3.457911908626556396e-01
2.492417395114898682e-01,1.419437378644943237e-01,3.471714854240417480e-01,2.949130833148956299e-01,1.728180348873138428e-01,2.827935814857482910e-01,6.127327680587768555e-01,1.791136264801025391e-01,1.609566658735275269e-01,1.354807168245315552e-01,2.076845765113830566e-01,5.157937854528427124e-02,1.123749464750289917e-01,2.385030537843704224e-01,1.456362754106521606e-01,2.333388477563858032e-01,6.880882978439331055e-01,1.000000238418579102e+00,6.510930657386779785e-01,5.317431688308715820e-01,2.983525097370147705e-01,4.624061584472656250e-01,1.839005202054977417e-01,-7.231133431196212769e-02,2.801054716110229492e-02,4.162138998508453369e-01,1.138544306159019470e-01,2.532092928886413574e-01,2.355510294437408447e-01,4.679386317729949951e-02,2.522004544734954834e-01,4.847775772213935852e-02,1.090828403830528259e-01,1.848662495613098145e-01,7.664450258016586304e-02,3.473443537950515747e-02,1.935732364654541016e-01,1.702007353305816650e-01,-2.011736156418919563e-03,7.473209407180547714e-03,1.745999753475189209e-01,3.227567970752716064e-01,4.168591797351837158e-01,7.514230906963348389e-02,4.388704523444175720e-02,2.911066710948944092e-01,-2.810671739280223846e-02,-2.758403122425079346e-01
3.689320683479309082e-01,1.664773821830749512e-01,1.952055245637893677e-01,2.250960618257522583e-01,3.345012962818145752e-01,4.544670879840850830e-01,5.227070450782775879e-01,1.274454146623611450e-01,1.697622835636138916e-01,2.056445628404617310e-01,8.196330070495605469e-02,9.706406295299530029e-02,1.023072972893714905e-01,1.397043317556381226e-01,8.593197911977767944e-02,1.891452819108963013e-01,5.805173516273498535e-01,6.510930657386779785e-01,9.999997615814208984e-01,6.166086196899414062e-01,2.397467494010925293e-01,3.815494775772094727e-01,-9.681248106062412262e-03,-1.031225100159645081e-01,1.648001223802566528e-01,3.039735853672027588e-01,2.276626080274581909e-01,3.524357676506042480e-01,3.497019112110137939e-01,3.552733734250068665e-02,1.450394988059997559e-01,-1.049791499972343445e-01,1.940759420394897461e-01,9.496003389358520508e-02,-8.854082785546779633e-03,-2.607821486890316010e-02,8.325137943029403687e-02,1.309837102890014648e-01,-6.182754039764404297e-02,-1.034259572625160217e-01,2.481564730405807495e-01,3.616694211959838867e-01,4.535138309001922607e-01,1.626200675964355469e-01,6.882747262716293335e-02,3.402415215969085693e-01,-1.662367284297943115e-01,-2.195199877023696899e-01
2.874993085861206055e-01,2.259298712015151978e-01,1.622962802648544312e-01,2.925259768962860107e-01,3.948380053043365479e-01,4.903024733066558838e-01,3.407935202121734619e-01,1.258490681648254395e-01,2.617506682872772217e-01,4.271403253078460693e-01,1.250225156545639038e-01,2.592241168022155762e-01,2.894775569438934326e-01,1.869571954011917114e-01,1.957218945026397705e-01,1.456231623888015747e-01,3.907505869865417480e-01,5.317431688308715820e-01,6.166086196899414062e-01,1.000000000000000000e+00,5.546218156814575195e-01,5.180898308753967285e-01,3.396005183458328247e-02,1.182230636477470398e-01,6.050816923379898071e-02,2.362686395645141602e-01,1.445493400096893311e-01,3.268222510814666748e-01,2.500208914279937744e-01,1.353353559970855713e-01,2.188784480094909668e-01,3.286117315292358398e-02,1.945329010486602783e-01,1.018735393881797791e-01,1.621106080710887909e-02,5.186462658457458019e-04,5.684579163789749146e-02,1.288208514451980591e-01,2.556286286562681198e-03,1.420669071376323700e-02,3.157797157764434814e-01,2.565491497516632080e-01,3.691172003746032715e-01,1.722914427518844604e-01,1.484039723873138428e-01,4.494424462318420410e-01,3.796054050326347351e-02,-1.399272233247756958e-01
1.836402267217636108e-01,1.039678696542978287e-02,1.810472607612609863e-01,3.024771213531494141e-01,3.391311764717102051e-01,2.328777015209197998e-01,3.462767973542213440e-02,2.024473249912261963e-01,9.067008644342422485e-02,1.863537281751632690e-01,4.311105608940124512e-01,3.902164697647094727e-01,2.331041395664215088e-01,3.505454659461975098e-01,2.003915756940841675e-01,1.048251315951347351e-01,8.123032003641128540e-02,2.983525097370147705e-01,2.397467494010925293e-01,5.546218156814575195e-01,1.000000238418579102e+00,5.697969198226928711e-01,5.107940733432769775e-02,1.290247589349746704e-01,-1.650370657444000244e-01,7.277773693203926086e-03,-4.857455939054489136e-02,2.423228919506072998e-01,5.352314189076423645e-02,3.494023382663726807e-01,4.236362278461456299e-01,-1.102426368743181229e-02,4.937256872653961182e-02,7.945860922336578369e-02,7.000112533569335938e-02,-8.507268130779266357e-02,1.265064924955368042e-01,-7.374159991741180420e-02,-8.222946524620056152e-02,1.842754334211349487e-02,1.544129699468612671e-01,2.275116182863712311e-02,8.848504722118377686e-02,7.154411822557449341e-02,6.230301409959793091e-02,2.228053510189056396e-01,6.586547195911407471e-02,1.160500943660736084e-01
3.751851022243499756e-01,5.687332525849342346e-02,2.173669338226318359e-01,4.345871508121490479e-01,3.749004900455474854e-01,4.139288663864135742e-01,2.424293458461761475e-01,7.057049125432968140e-02,1.858025044202804565e-01,2.854261398315429688e-01,2.470424920320510864e-01,2.839024960994720459e-01,2.366278469562530518e-01,2.017889320850372314e-01,1.188429445028305054e-01,2.909108996391296387e-01,2.690674364566802979e-01,4.624061584472656250e-01,3.815494775772094727e-01,5.180898308753967285e-01,5.697969198226928711e-01,9.999997615814208984e-01,2.057925611734390259e-01,1.159202679991722107e-01,-3.059209324419498444e-02,9.477859735488891602e-02,6.805536895990371704e-02,3.197200894355773926e-01,7.443526387214660645e-02,7.624637335538864136e-02,3.737499713897705078e-01,1.907405704259872437e-01,7.385029643774032593e-02,2.594487369060516357e-02,-1.027215495705604553e-01,3.785097599029541016e-02,1.924856454133987427e-01,-5.923392251133918762e-02,-1.699070073664188385e-02,-7.087035570293664932e-03,2.556846439838409424e-01,1.463860124349594116e-01,1.606111675500869751e-01,5.699995532631874084e-02,3.137382119894027710e-02,2.229151427745819092e-01,1.236148253083229065e-01,9.416871517896652222e-02
6.245212629437446594e-02,1.780431121587753296e-01,7.513629645109176636e-02,-7.719080150127410889e-02,1.137239858508110046e-01,-5.855175480246543884e-02,1.861821115016937256e-01,3.169188201427459717e-01,2.308174669742584229e-01,2.691438496112823486e-01,3.556645214557647705e-01,3.341867625713348389e-01,3.359366655349731445e-01,2.305663079023361206e-01,1.734010726213455200e-01,4.861873090267181396e-01,1.926302611827850342e-01,1.839005202054977417e-01,-9.681248106062412262e-03,3.396005183458328247e-02,5.107940733432769775e-02,2.057925611734390259e-01,9.999994039535522461e-01,1.548043340444564819e-01,-4.184037446975708008e-03,1.267816275358200073e-01,5.543261393904685974e-02,3.307456895709037781e-02,4.644742608070373535e-02,1.795487999916076660e-01,1.928377300500869751e-01,3.167784512042999268e-01,2.303180396556854248e-01,1.504064351320266724e-01,1.276172548532485962e-01,3.228120803833007812e-01,6.796052306890487671e-02,3.567695021629333496e-01,4.847277402877807617e-01,5.806751251220703125e-01,3.243479505181312561e-02,2.122287303209304810e-01,1.647010743618011475e-01,1.161403059959411621e-01,2.412633895874023438e-01,1.759434491395950317e-01,2.718764543533325195e-01,1.228369027376174927e-01
-2.057132869958877563e-01,2.007322907447814941e-01,1.422039233148097992e-02,-2.213017828762531281e-02,1.219139806926250458e-02,-1.231703092344105244e-03,-1.654611378908157349e-01,2.749202772974967957e-02,1.635977774858474731e-01,1.883390843868255615e-01,6.695893406867980957e-02,-3.220541402697563171e-02,2.061152756214141846e-01,6.690407544374465942e-02,-4.509494081139564514e-02,-4.918058589100837708e-02,-1.820638328790664673e-01,-7.231133431196212769e-02,-1.031225100159645081e-01,1.182230636477470398e-01,1.290247589349746704e-01,1.159202679991722107e-01,1.548043340444564819e-01,9.999995827674865723e-01,-2.468016594648361206e-01,-1.523718331009149551e-02,-2.287777364253997803e-01,-8.655751496553421021e-02,9.541184455156326294e-02,3.463820219039916992e-01,3.701505064964294434e-01,4.418836534023284912e-01,-1.023371517658233643e-01,1.575962603092193604e-01,1.256877779960632324e-01,5.758901238441467285e-01,1.040449589490890503e-01,6.980458647012710571e-02,2.116621583700180054e-01,4.500298202037811279e-01,8.108825236558914185e-02,-5.142329260706901550e-02,3.425574302673339844e-02,1.934049278497695923e-01,1.549822390079498291e-01,1.166985705494880676e-01,6.865249872207641602e-01,3.914260864257812500e-01
5.862943530082702637e-01,2.932392060756683350e-01,7.216747105121612549e-02,7.019913941621780396e-02,2.789872884750366211e-01,2.240719646215438843e-01,2.366713881492614746e-01,1.346179097890853882e-01,1.281548142433166504e-01,1.399854272603988647e-01,-1.147977411746978760e-01,1.360065937042236328e-01,9.707879275083541870e-02,3.632895275950431824e-02,5.839559435844421387e-02,1.314729303121566772e-01,1.921318620443344116e-01,2.801054716110229492e-02,1.648001223802566528e-01,6.050816923379898071e-02,-1.650370657444000244e-01,-3.059209324419498444e-02,-4.184037446975708008e-03,-2.468016594648361206e-01,1.000000119209289551e+00,1.519171595573425293e-01,7.638536095619201660e-01,6.050091981887817383e-01,3.467313051223754883e-01,-2.174533605575561523e-01,-6.462439894676208496e-02,-7.176778744906187057e-03,6.319155693054199219e-01,5.028547719120979309e-02,-1.435586158186197281e-02,-6.568128615617752075e-02,7.595867663621902466e-02,1.319536566734313965e-01,9.357501566410064697e-02,-8.777017146348953247e-02,2.459610104560852051e-01,3.383885920047760010e-01,2.027364820241928101e-01,6.160691380500793457e-02,1.497541368007659912e-01,8.601278811693191528e-02,-2.097160816192626953e-01,-3.072490692138671875e-01
1.852012425661087036e-01,3.637710213661193848e-01,5.306243896484375000e-01,2.880090475082397461e-01,-4.041253402829170227e-02,1.410314589738845825e-01,6.663612127304077148e-01,8.503165096044540405e-02,1.722119748592376709e-01,1.784111857414245605e-01,4.423132911324501038e-02,1.004001870751380920e-01,6.174342334270477295e-02,2.440815120935440063e-01,2.302379459142684937e-01,1.061637103557586670e-01,5.798153281211853027e-01,4.162138998508453369e-01,3.039735853672027588e-01,2.362686395645141602e-01,7.277773693203926086e-03,9.477859735488891602e-02,1.267816275358200073e-01,-1.523718331009149551e-02,1.519171595573425293e-01,9.999998211860656738e-01,2.411490231752395630e-01,2.965058684349060059e-01,3.003798127174377441e-01,1.002732887864112854e-01,3.607553988695144653e-02,7.802101224660873413e-02,2.902869880199432373e-01,2.932777404785156250e-01,1.216447353363037109e-01,1.709708869457244873e-01,1.453024148941040039e-01,3.474187254905700684e-01,1.261334121227264404e-01,3.426079079508781433e-02,1.532276868820190430e-01,3.763028085231781006e-01,3.799582421779632568e-01,-7.497557671740651131e-04,2.163861691951751709e-01,2.115517854690551758e-01,5.202428996562957764e-02,-2.738169431686401367e-01
6.452621221542358398e-01,3.764017820358276367e-01,1.822363883256912231e-01,1.935798972845077515e-01,3.454830348491668701e-01,3.273177742958068848e-01,3.355146944522857666e-01,7.718887180089950562e-02,1.767786294221878052e-01,2.101429253816604614e-01,-5.817038938403129578e-02,2.804772853851318359e-01,1.411142349243164062e-01,5.912657827138900757e-02,1.934841573238372803e-01,2.597290575504302979e-01,2.622545063495635986e-01,1.138544306159019470e-01,2.276626080274581909e-01,1.445493400096893311e-01,-4.857455939054489136e-02,6.805536895990371704e-02,5.543261393904685974e-02,-2.287777364253997803e-01,7.638536095619201660e-01,2.411490231752395630e-01,9.999997615814208984e-01,6.653162837028503418e-01,3.562279939651489258e-01,-1.133119463920593262e-01,-1.647267863154411316e-02,4.375553131103515625e-02,6.597506403923034668e-01,1.248751766979694366e-02,4.086652398109436035e-02,-5.613116547465324402e-02,2.850308269262313843e-02,2.041290849447250366e-01,1.089602857828140259e-01,-5.327868461608886719e-02,3.127720654010772705e-01,4.110562205314636230e-01,2.784267961978912354e-01,-4.232620075345039368e-02,3.159887194633483887e-01,1.672764718532562256e-01,-1.407955884933471680e-01,-2.779457867145538330e-01
6.908450722694396973e-01,4.154667258262634277e-01,2.980126142501831055e-01,3.617526590824127197e-01,4.247334599494934082e-01,4.714466929435729980e-01,3.471944332122802734e-01,1.388385146856307983e-01,2.286535352468490601e-01,1.959405243396759033e-01,9.534594416618347168e-02,3.075895905494689941e-01,2.025726437568664551e-01,2.348709106445312500e-01,1.293904632329940796e-01,1.841484159231185913e-01,2.676912248134613037e-01,2.532092928886413574e-01,3.524357676506042480e-01,3.268222510814666748e-01,2.423228919506072998e-01,3.197200894355773926e-01,3.307456895709037781e-02,-8.655751496553421021e-02,6.050091981887817383e-01,2.965058684349060059e-01,6.653162837028503418e-01,9.999995827674865723e-01,5.386905074119567871e-01,5.339026823639869690e-02,1.852740794420242310e-01,2.616586163640022278e-02,5.574813485145568848e-01,9.042550623416900635e-02,3.600819781422615051e-02,2.060517482459545135e-02,2.078554630279541016e-01,1.043497323989868164e-01,4.201262071728706360e-02,-7.574285566806793213e-02,4.910292923450469971e-01,4.662475585937500000e-01,3.398702442646026611e-01,5.123585835099220276e-02,1.992405503988265991e-01,1.339893192052841187e-01,-6.702729314565658569e-02,-2.034585177898406982e-01
2.248664200305938721e-01,5.047623515129089355e-01,7.499266415834426880e-02,2.896355092525482178e-02,1.339475065469741821e-01,2.569926083087921143e-01,2.602769434452056885e-01,1.507231593132019043e-01,1.961124092340469360e-01,1.174373254179954529e-01,2.364872582256793976e-02,-5.529388412833213806e-02,4.842461273074150085e-02,1.503790467977523804e-01,-3.356864675879478455e-02,-4.193014651536941528e-02,2.299786359071731567e-01,2.355510294437408447e-01,3.497019112110137939e-01,2.500208914279937744e-01,5.352314189076423645e-02,7.443526387214660645e-02,4.644742608070373535e-02,9.541184455156326294e-02,3.467313051223754883e-01,3.003798127174377441e-01,3.562279939651489258e-01,5.386905074119567871e-01,9.999995827674865723e-01,2.390547394752502441e-01,1.976166218519210815e-01,5.897020548582077026e-02,3.269970715045928955e-01,1.759666502475738525e-01,1.061685383319854736e-01,2.192600667476654053e-01,1.761335432529449463e-01,1.786458641290664673e-01,1.099300608038902283e-01,1.202705204486846924e-01,4.202454984188079834e-01,4.377802312374114990e-01,4.140953719615936279e-01,1.500012278556823730e-01,2.532321214675903320e-01,1.989702135324478149e-01,3.708837553858757019e-02,-2.414709180593490601e-01
-2.166470289230346680e-01,2.209558784961700439e-01,9.629429876804351807e-02,-1.174065023660659790e-01,-2.633769251406192780e-02,-1.640103161334991455e-01,-1.444107480347156525e-02,1.611234098672866821e-01,1.335486676543951035e-02,1.808905974030494690e-02,2.635220885276794434e-01,1.145660132169723511e-01,1.889461874961853027e-01,2.316267192363739014e-01,6.764697283506393433e-02,6.008013710379600525e-02,2.969999425113201141e-02,4.679386317729949951e-02,3.552733734250068665e-02,1.353353559970855713e-01,3.494023382663726807e-01,7.624637335538864136e-02,1.795487999916076660e-01,3.463820219039916992e-01,-2.174533605575561523e-01,1.002732887864112854e-01,-1.133119463920593262e-01,5.339026823639869690e-02,2.390547394752502441e-01,1.000000476837158203e+00,5.979896783828735352e-01,7.382976263761520386e-02,4.034007713198661804e-02,1.794771850109100342e-01,2.935187816619873047e-01,2.708175182342529297e-01,3.771723061800003052e-02,1.736663877964019775e-01,9.406995028257369995e-02,2.896162867546081543e-01,-1.027627289295196533e-02,1.127927973866462708e-01,2.894698381423950195e-01,1.401896625757217407e-01,2.932889163494110107e-01,2.308293282985687256e-01,2.587226927280426025e-01,1.838796734809875488e-01
4.242041707038879395e-02,1.458039730787277222e-01,1.393574923276901245e-01,3.780141845345497131e-02,1.041902005672454834e-01,-2.911806851625442505e-02,2.249595150351524353e-02,2.284267693758010864e-01,8.499164879322052002e-02,5.883342400193214417e-02,3.919179439544677734e-01,6.251661479473114014e-02,3.029584288597106934e-01,3.083046674728393555e-01,-2.690597809851169586e-02,1.529821902513504028e-01,7.401967048645019531e-02,2.522004544734954834e-01,1.450394988059997559e-01,2.188784480094909668e-01,4.236362278461456299e-01,3.737499713897705078e-01,1.928377300500869751e-01,3.701505064964294434e-01,-6.462439894676208496e-02,3.607553988695144653e-02,-1.647267863154411316e-02,1.852740794420242310e-01,1.976166218519210815e-01,5.979896783828735352e-01,1.000000000000000000e+00,2.684706151485443115e-01,3.876753896474838257e-02,1.762603670358657837e-01,2.003885805606842041e-01,3.247146308422088623e-01,2.097636312246322632e-01,5.588037148118019104e-02,9.727144986391067505e-02,2.325033098459243774e-01,5.364914238452911377e-02,1.547947078943252563e-01,2.200229614973068237e-01,1.332265436649322510e-01,2.186943292617797852e-01,2.453920245170593262e-01,2.832707166671752930e-01,2.052449285984039307e-01
5.133951827883720398e-02,1.638296246528625488e-01,4.749758169054985046e-03,3.748896345496177673e-02,2.059369347989559174e-02,-1.280934736132621765e-02,9.945248812437057495e-02,3.163250163197517395e-02,1.101235747337341309e-01,1.814439594745635986e-01,3.517595678567886353e-02,3.324953094124794006e-02,8.809997886419296265e-02,-6.469818949699401855e-02,-6.442312896251678467e-02,3.838682547211647034e-02,7.694118469953536987e-02,4.847775772213935852e-02,-1.049791499972343445e-01,3.286117315292358398e-02,-1.102426368743181229e-02,1.907405704259872437e-01,3.167784512042999268e-01,4.418836534023284912e-01,-7.176778744906187057e-03,7.802101224660873413e-02,4.375553131103515625e-02,2.616586163640022278e-02,5.897020548582077026e-02,7.382976263761520386e-02,2.684706151485443115e-01,9.999998211860656738e-01,3.869282826781272888e-02,-2.022561058402061462e-02,-7.157819345593452454e-04,4.372691810131072998e-01,2.593480795621871948e-02,5.341365933418273926e-03,2.477063238620758057e-01,2.625158727169036865e-01,1.066685691475868225e-01,9.096862375736236572e-02,1.224270164966583252e-01,3.087178617715835571e-02,2.099745571613311768e-01,1.355321407318115234e-01,6.672360897064208984e-01,1.596854478120803833e-01
5.015160441398620605e-01,4.761336147785186768e-01,1.869063526391983032e-01,8.379872888326644897e-02,3.899884819984436035e-01,2.805972099304199219e-01,3.226214349269866943e-01,4.332940578460693359e-01,2.777906358242034912e-01,3.705452978610992432e-01,1.292143613100051880e-01,4.983584880828857422e-01,3.309808075428009033e-01,3.040439784526824951e-01,4.005020558834075928e-01,3.641598820686340332e-01,2.618063390254974365e-01,1.090828403830528259e-01,1.940759420394897461e-01,1.945329010486602783e-01,4.937256872653961182e-02,7.385029643774032593e-02,2.303180396556854248e-01,-1.023371517658233643e-01,6.319155693054199219e-01,2.902869880199432373e-01,6.597506403923034668e-01,5.574813485145568848e-01,3.269970715045928955e-01,4.034007713198661804e-02,3.876753896474838257e-02,3.869282826781272888e-02,1.000000000000000000e+00,2.250162810087203979e-01,1.538280844688415527e-01,1.209586709737777710e-01,1.349496692419052124e-01,3.894508183002471924e-01,2.573261260986328125e-01,9.960476309061050415e-02,2.790672183036804199e-01,4.035734236240386963e-01,2.861375510692596436e-01,2.169243693351745605e-01,3.893508017063140869e-01,2.795053422451019287e-01,-5.320991948246955872e-02,-2.716886103153228760e-01
