9.999995827674865723e-01,3.174427151679992676e-01,4.064707458019256592e-01,5.019849538803100586e-01,4.732659459114074707e-01,4.331760108470916748e-01,3.762997090816497803e-01,4.535671174526214600e-01,3.043971657752990723e-01,2.435565739870071411e-01,4.970132932066917419e-02,1.029400527477264404e-01,3.785343170166015625e-01,1.499630957841873169e-01,8.830874413251876831e-02,1.259576231241226196e-01,3.115136623382568359e-01,2.106838077306747437e-01,2.919708192348480225e-01,4.585144221782684326e-01,4.712738990783691406e-01,4.929457306861877441e-01,3.788891434669494629e-01,4.453550577163696289e-01,3.182453513145446777e-01,1.133325472474098206e-01,3.666528761386871338e-01,7.102314829826354980e-01,5.679740905761718750e-01,3.176427185535430908e-01,4.299769401550292969e-01,4.179713428020477295e-01,5.444925427436828613e-01,2.961594425141811371e-02,7.804545760154724121e-02,4.344750344753265381e-01,-6.453794240951538086e-02,-4.243578389286994934e-02,2.269916683435440063e-01,4.215594828128814697e-01,5.725984573364257812e-01,3.499037027359008789e-01,1.879650801420211792e-01,2.633700370788574219e-01,4.368173331022262573e-02,1.942362636327743530e-01,4.049622416496276855e-01,4.030762612819671631e-01
3.174427151679992676e-01,1.000000119209289551e+00,-7.271348685026168823e-02,-1.206880956888198853e-01,1.064237430691719055e-01,3.433417379856109619e-01,2.406263798475265503e-01,3.309057950973510742e-01,4.654653966426849365e-01,3.748724758625030518e-01,-1.936115324497222900e-01,-1.470884978771209717e-01,4.147873818874359131e-01,2.118108794093132019e-02,-1.108773574233055115e-01,-9.882742166519165039e-02,1.773658096790313721e-01,2.397900968790054321e-01,5.015953183174133301e-01,2.863971292972564697e-01,1.404830515384674072e-01,1.215539947152137756e-01,1.909586340188980103e-01,4.403385818004608154e-01,-2.878977544605731964e-02,2.580371201038360596e-01,-5.462277680635452271e-02,3.005864918231964111e-01,5.237568020820617676e-01,2.272721827030181885e-01,2.844094038009643555e-01,3.479723930358886719e-01,3.991932570934295654e-01,2.370568737387657166e-02,-4.347578436136245728e-02,3.674386739730834961e-01,-7.535840570926666260e-02,-7.391618192195892334e-02,1.386928707361221313e-01,3.209642767906188965e-01,5.818881392478942871e-01,5.436127781867980957e-01,5.007246732711791992e-01,6.792104840278625488e-01,4.782862365245819092e-01,4.657018482685089111e-01,3.420402109622955322e-01,2.481108158826828003e-01
4.064707458019256592e-01,-7.271348685026168823e-02,9.999999403953552246e-01,7.813434600830078125e-01,1.143483072519302368e-01,2.095712721347808838e-01,4.601821899414062500e-01,1.256073415279388428e-01,9.927506744861602783e-02,1.600680649280548096e-01,1.289465427398681641e-01,2.256294190883636475e-01,1.903079897165298462e-01,2.091268450021743774e-01,2.567565739154815674e-01,2.860953509807586670e-01,3.474292457103729248e-01,3.682551383972167969e-01,1.095675900578498840e-01,3.281778395175933838e-01,3.536804616451263428e-01,5.271211266517639160e-01,1.772238165140151978e-01,1.058051735162734985e-01,1.330830007791519165e-01,3.581275343894958496e-01,3.173352181911468506e-01,4.788911044597625732e-01,2.910115420818328857e-01,2.878148853778839111e-01,3.795345425605773926e-01,2.525998651981353760e-01,8.972398191690444946e-02,9.422573447227478027e-02,2.002080231904983521e-01,1.480687260627746582e-01,-2.174711041152477264e-02,1.702104657888412476e-01,2.189039140939712524e-01,9.659583866596221924e-02,9.930808842182159424e-02,6.795554608106613159e-02,1.321157366037368774e-01,-2.575860824435949326e-03,8.753217756748199463e-02,1.364688724279403687e-01,1.853367388248443604e-01,1.242947876453399658e-01
5.019849538803100586e-01,-1.206880956888198853e-01,7.813434600830078125e-01,1.000000000000000000e+00,2.998203337192535400e-01,2.533077895641326904e-01,4.355252087116241455e-01,1.775543689727783203e-01,1.534559577703475952e-02,7.501833140850067139e-02,1.443958282470703125e-01,2.586933374404907227e-01,1.485912948846817017e-01,2.212945073843002319e-01,3.139157295227050781e-01,3.396022021770477295e-01,3.387095332145690918e-01,2.540638446807861328e-01,6.029177084565162659e-02,3.504549860954284668e-01,4.697373807430267334e-01,5.797726511955261230e-01,2.352471500635147095e-01,1.599624007940292358e-01,2.095422893762588501e-01,2.152800709009170532e-01,3.823129832744598389e-01,4.854752123355865479e-01,1.775315254926681519e-01,2.612998485565185547e-01,2.995951771736145020e-01,2.461235076189041138e-01,1.328395158052444458e-01,8.480390906333923340e-02,2.299972176551818848e-01,1.494898796081542969e-01,-3.628194704651832581e-02,1.307903826236724854e-01,2.507987618446350098e-01,1.473071277141571045e-01,1.355943232774734497e-01,2.441297098994255066e-02,1.982857286930084229e-02,-7.508087903261184692e-02,4.138555377721786499e-02,4.341204464435577393e-02,2.120850682258605957e-01,1.847616434097290039e-01
4.732659459114074707e-01,1.064237430691719055e-01,1.143483072519302368e-01,2.998203337192535400e-01,1.000000000000000000e+00,5.833129286766052246e-01,2.945616543292999268e-01,4.377570748329162598e-01,2.587978243827819824e-01,1.441816389560699463e-01,3.228357434272766113e-01,3.080740272998809814e-01,3.436084389686584473e-01,2.046815752983093262e-01,2.324315011501312256e-01,2.493766695261001587e-01,2.454714328050613403e-01,3.578727692365646362e-02,1.175209805369377136e-01,2.928569912910461426e-01,4.450563788414001465e-01,3.321181833744049072e-01,4.326179921627044678e-01,4.147372841835021973e-01,4.366786479949951172e-01,1.138453260064125061e-01,3.581695854663848877e-01,3.980725407600402832e-01,1.333717256784439087e-01,1.120782792568206787e-01,8.759281039237976074e-02,3.359799683094024658e-01,4.598880410194396973e-01,9.334956109523773193e-02,7.382564991712570190e-02,3.481915295124053955e-01,-2.041630446910858154e-02,4.426929727196693420e-02,3.652095198631286621e-01,4.016358852386474609e-01,4.305688738822937012e-01,2.292574346065521240e-01,2.387103252112865448e-02,1.073397994041442871e-01,4.885423928499221802e-02,7.834266871213912964e-02,4.067254960536956787e-01,4.127410650253295898e-01
4.331760108470916748e-01,3.433417379856109619e-01,2.095712721347808838e-01,2.533077895641326904e-01,5.833129286766052246e-01,9.999995827674865723e-01,5.995516180992126465e-01,5.029407739639282227e-01,5.250202417373657227e-01,4.722779393196105957e-01,8.212102204561233521e-02,2.198661118745803833e-01,6.702897548675537109e-01,2.756285965442657471e-01,1.643565744161605835e-01,2.352486550807952881e-01,4.737260639667510986e-01,3.949382901191711426e-01,5.835347771644592285e-01,6.336647868156433105e-01,4.942213594913482666e-01,3.232770264148712158e-01,3.847731053829193115e-01,4.424043595790863037e-01,1.605457812547683716e-01,5.214311480522155762e-01,1.356119811534881592e-01,2.672435939311981201e-01,3.306604325771331787e-01,1.533179283142089844e-01,2.952703535556793213e-01,4.391584992408752441e-01,4.756039679050445557e-01,1.845526844263076782e-01,2.080095745623111725e-02,4.000768661499023438e-01,1.120142787694931030e-01,8.437970280647277832e-02,3.583162724971771240e-01,4.071747064590454102e-01,5.824152231216430664e-01,5.782953500747680664e-01,4.462169706821441650e-01,3.610149919986724854e-01,2.861551940441131592e-01,4.491295218467712402e-01,4.459544420242309570e-01,4.442482590675354004e-01
3.762997090816497803e-01,2.406263798475265503e-01,4.601821899414062500e-01,4.355252087116241455e-01,2.945616543292999268e-01,5.995516180992126465e-01,9.999999403953552246e-01,4.477697908878326416e-01,4.312434196472167969e-01,4.259057343006134033e-01,6.968297809362411499e-02,6.109828874468803406e-02,5.413652658462524414e-01,2.069610953330993652e-01,1.926615089178085327e-01,3.155161440372467041e-01,7.687485814094543457e-01,5.880353450775146484e-01,5.931846499443054199e-01,6.132725477218627930e-01,3.558840155601501465e-01,5.531906485557556152e-01,5.093014836311340332e-01,5.122745037078857422e-01,9.146265685558319092e-02,6.719234585762023926e-01,1.566918343305587769e-01,2.077716439962387085e-01,2.747245132923126221e-01,1.761919558048248291e-01,3.155190348625183105e-01,4.448580741882324219e-01,1.950057744979858398e-01,2.166457921266555786e-01,1.466578096151351929e-01,4.518775343894958496e-01,4.019013792276382446e-02,2.247854918241500854e-01,4.976481795310974121e-01,4.429210126399993896e-01,4.204312264919281006e-01,5.418690443038940430e-01,5.051636099815368652e-01,2.756097614765167236e-01,3.343651592731475830e-01,4.165273010730743408e-01,5.005887150764465332e-01,4.265821278095245361e-01
4.535671174526214600e-01,3.309057950973510742e-01,1.256073415279388428e-01,1.775543689727783203e-01,4.377570748329162598e-01,5.029407739639282227e-01,4.477697908878326416e-01,9.999995827674865723e-01,5.178845524787902832e-01,4.364392161369323730e-01,4.416326284408569336e-01,2.802527248859405518e-01,3.683559298515319824e-01,2.868222296237945557e-01,2.577885389328002930e-01,1.179035082459449768e-01,4.269505739212036133e-01,3.194314241409301758e-01,2.922355532646179199e-01,3.266563713550567627e-01,3.160776793956756592e-01,4.375544786453247070e-01,4.760197997093200684e-01,5.775759220123291016e-01,3.491226434707641602e-01,2.558542788028717041e-01,3.879402577877044678e-01,3.110831975936889648e-01,3.208280801773071289e-01,2.793548703193664551e-01,4.174220860004425049e-01,5.409570932388305664e-01,3.665236532688140869e-01,3.522271513938903809e-01,2.513833642005920410e-01,5.907932519912719727e-01,2.042410522699356079e-01,3.030905425548553467e-01,4.027999639511108398e-01,4.881435632705688477e-01,3.881247341632843018e-01,4.041613042354583740e-01,2.717401981353759766e-01,4.354918301105499268e-01,2.248624265193939209e-01,3.457620739936828613e-01,5.248844623565673828e-01,5.212749838829040527e-01
3.043971657752990723e-01,4.654653966426849365e-01,9.927506744861602783e-02,1.534559577703475952e-02,2.587978243827819824e-01,5.250202417373657227e-01,4.312434196472167969e-01,5.178845524787902832e-01,1.000000000000000000e+00,6.819894313812255859e-01,6.675989180803298950e-02,3.082049787044525146e-01,6.241680979728698730e-01,1.781851649284362793e-01,8.352435380220413208e-02,1.992916315793991089e-01,4.311384558677673340e-01,4.600144028663635254e-01,5.745180249214172363e-01,4.415975213050842285e-01,2.928567230701446533e-01,2.864820361137390137e-01,3.416147232055664062e-01,4.643306732177734375e-01,4.047335591167211533e-03,4.333724081516265869e-01,5.575467646121978760e-02,1.826633214950561523e-01,4.151124656200408936e-01,2.394350916147232056e-01,3.890120387077331543e-01,4.869562089443206787e-01,3.956325054168701172e-01,2.482469938695430756e-02,6.017255131155252457e-03,4.936228990554809570e-01,5.047978460788726807e-02,6.680313497781753540e-02,3.343932926654815674e-01,4.065267741680145264e-01,4.756961762905120850e-01,5.723288655281066895e-01,5.206128954887390137e-01,6.002718210220336914e-01,3.253314197063446045e-01,5.206018686294555664e-01,4.526738226413726807e-01,3.722763359546661377e-01
2.435565739870071411e-01,3.748724758625030518e-01,1.600680649280548096e-01,7.501833140850067139e-02,1.441816389560699463e-01,4.722779393196105957e-01,4.259057343006134033e-01,4.364392161369323730e-01,6.819894313812255859e-01,1.000000119209289551e+00,5.923461914062500000e-02,3.704821765422821045e-01,6.157305836677551270e-01,2.490725964307785034e-01,1.840392202138900757e-01,1.964545696973800659e-01,4.723784327507019043e-01,4.889964163303375244e-01,5.448814630508422852e-01,4.724331796169281006e-01,3.924292922019958496e-01,2.746049165725708008e-01,2.417830675840377808e-01,3.899060785770416260e-01,1.222900860011577606e-02,4.049639999866485596e-01,2.510350570082664490e-02,1.956459879875183105e-01,3.906486332416534424e-01,4.064744412899017334e-01,4.787628054618835449e-01,4.711708724498748779e-01,1.923938989639282227e-01,1.401773840188980103e-01,5.319131910800933838e-02,3.390287160873413086e-01,1.087112948298454285e-01,7.599818706512451172e-02,3.107509315013885498e-01,3.339864909648895264e-01,2.733320593833923340e-01,5.473481416702270508e-01,5.758578181266784668e-01,5.796481966972351074e-01,5.010815858840942383e-01,7.511859536170959473e-01,3.865936696529388428e-01,3.468488752841949463e-01
4.970132932066917419e-02,-1.936115324497222900e-01,1.289465427398681641e-01,1.443958282470703125e-01,3.228357434272766113e-01,8.212102204561233521e-02,6.968297809362411499e-02,4.416326284408569336e-01,6.675989180803298950e-02,5.923461914062500000e-02,9.999998211860656738e-01,5.030717253684997559e-01,-1.400254070758819580e-01,2.730323374271392822e-01,3.855675160884857178e-01,6.508265156298875809e-03,1.347057670354843140e-01,-1.181382127106189728e-02,-2.722846865653991699e-01,-1.686831414699554443e-01,1.549317538738250732e-01,1.882010847330093384e-01,1.280153095722198486e-01,1.289490461349487305e-01,3.797484636306762695e-01,-9.114436805248260498e-03,3.270511031150817871e-01,1.812841743230819702e-01,-5.331321433186531067e-02,2.279208600521087646e-01,2.307076901197433472e-01,2.740331590175628662e-01,-8.371916413307189941e-02,2.185330688953399658e-01,3.069304823875427246e-01,1.472702026367187500e-01,1.343598961830139160e-01,3.339213132858276367e-01,1.752016991376876831e-01,7.825067639350891113e-02,-1.536742299795150757e-01,-7.718335837125778198e-02,-1.298889815807342529e-01,-4.029575362801551819e-02,-5.674981977790594101e-03,-1.539531443268060684e-02,1.622129529714584351e-01,1.782960444688796997e-01
1.029400527477264404e-01,-1.470884978771209717e-01,2.256294190883636475e-01,2.586933374404907227e-01,3.080740272998809814e-01,2.198661118745803833e-01,6.109828874468803406e-02,2.802527248859405518e-01,3.082049787044525146e-01,3.704821765422821045e-01,5.030717253684997559e-01,1.000000357627868652e+00,1.658911705017089844e-01,3.350561261177062988e-01,3.832722008228302002e-01,2.407865375280380249e-01,1.296965777873992920e-01,-1.662664487957954407e-02,-1.065092831850051880e-01,9.220398962497711182e-02,4.696879386901855469e-01,1.111440733075141907e-01,-1.041465252637863159e-02,2.725778892636299133e-02,2.231750786304473877e-01,1.553680747747421265e-02,2.587350904941558838e-01,2.065996825695037842e-01,1.333829667419195175e-02,3.191665112972259521e-01,2.502424120903015137e-01,2.379652410745620728e-01,1.263456642627716064e-01,-1.673585362732410431e-02,2.008502334356307983e-01,9.550318866968154907e-02,9.252575784921646118e-02,4.477856680750846863e-02,1.160567328333854675e-01,-2.180763706564903259e-02,-6.481782346963882446e-02,-6.894379854202270508e-03,-4.210316389799118042e-02,5.103052407503128052e-02,3.637373447418212891e-02,1.566290110349655151e-01,9.323639422655105591e-02,7.510758936405181885e-02
3.785343170166015625e-01,4.147873818874359131e-01,1.903079897165298462e-01,1.485912948846817017e-01,3.436084389686584473e-01,6.702897548675537109e-01,5.413652658462524414e-01,3.683559298515319824e-01,6.241680979728698730e-01,6.157305836677551270e-01,-1.400254070758819580e-01,1.658911705017089844e-01,9.999995231628417969e-01,2.143921703100204468e-01,1.326512098312377930e-01,3.370591402053833008e-01,4.406083524227142334e-01,4.769110381603240967e-01,7.175887227058410645e-01,7.224668264389038086e-01,5.153602361679077148e-01,3.703106939792633057e-01,4.161412119865417480e-01,4.613538682460784912e-01,-9.834167547523975372e-03,4.782873094081878662e-01,-1.512257754802703857e-02,1.811994612216949463e-01,3.298805654048919678e-01,1.626589745283126831e-01,3.409132659435272217e-01,4.721781611442565918e-01,4.133975207805633545e-01,9.336463361978530884e-02,-1.405027955770492554e-01,3.889407217502593994e-01,5.272433534264564514e-02,-4.011563956737518311e-03,3.552206754684448242e-01,4.704673290252685547e-01,5.319699645042419434e-01,6.276938319206237793e-01,5.611494779586791992e-01,4.804335534572601318e-01,3.627358675003051758e-01,5.785625576972961426e-01,4.701509177684783936e-01,4.017440974712371826e-01
1.499630957841873169e-01,2.118108794093132019e-02,2.091268450021743774e-01,2.212945073843002319e-01,2.046815752983093262e-01,2.756285965442657471e-01,2.069610953330993652e-01,2.868222296237945557e-01,1.781851649284362793e-01,2.490725964307785034e-01,2.730323374271392822e-01,3.350561261177062988e-01,2.143921703100204468e-01,1.000000119209289551e+00,4.698032140731811523e-01,1.217559799551963806e-01,2.015421688556671143e-01,1.689321696758270264e-01,1.459279507398605347e-01,2.442686408758163452e-01,3.471351861953735352e-01,1.320226192474365234e-01,1.922215148806571960e-02,1.772704422473907471e-01,1.631337031722068787e-02,1.677319258451461792e-01,5.374092608690261841e-02,1.414819657802581787e-01,4.561980441212654114e-02,1.727809906005859375e-01,1.754885017871856689e-01,1.910066008567810059e-01,5.950177833437919617e-02,5.091457813978195190e-02,6.977310031652450562e-02,7.913170754909515381e-02,2.586077749729156494e-01,2.580025792121887207e-01,8.602888137102127075e-02,2.144882641732692719e-02,7.026213407516479492e-02,2.012723833322525024e-01,1.214254871010780334e-01,9.707689285278320312e-02,2.284934073686599731e-01,2.070756256580352783e-01,1.572864949703216553e-01,2.262308262288570404e-02
8.830874413251876831e-02,-1.108773574233055115e-01,2.567565739154815674e-01,3.139157295227050781e-01,2.324315011501312256e-01,1.643565744161605835e-01,1.926615089178085327e-01,2.577885389328002930e-01,8.352435380220413208e-02,1.840392202138900757e-01,3.855675160884857178e-01,3.832722008228302002e-01,1.326512098312377930e-01,4.698032140731811523e-01,1.000000119209289551e+00,3.111980557441711426e-01,1.734911650419235229e-01,1.072472333908081055e-01,4.388632252812385559e-03,1.846331357955932617e-01,3.347377479076385498e-01,2.855677604675292969e-01,8.577682077884674072e-02,7.655519247055053711e-02,1.642595678567886353e-01,7.888273149728775024e-02,1.293250173330307007e-01,1.122021749615669250e-01,-6.086096540093421936e-02,2.404513657093048096e-01,1.725769490003585815e-01,1.961499005556106567e-01,-3.248435258865356445e-02,2.038373947143554688e-01,1.065765321254730225e-01,-1.347752474248409271e-02,2.344808876514434814e-01,5.052568316459655762e-01,1.784212887287139893e-01,-2.421586960554122925e-02,-5.153729021549224854e-02,-2.550836838781833649e-02,-5.853235349059104919e-02,3.762931004166603088e-02,1.274665892124176025e-01,1.012839302420616150e-01,1.053827553987503052e-01,7.222639024257659912e-02
1.259576231241226196e-01,-9.882742166519165039e-02,2.860953509807586670e-01,3.396022021770477295e-01,2.493766695261001587e-01,2.352486550807952881e-01,3.155161440372467041e-01,1.179035082459449768e-01,1.992916315793991089e-01,1.964545696973800659e-01,6.508265156298875809e-03,2.407865375280380249e-01,3.370591402053833008e-01,1.217559799551963806e-01,3.111980557441711426e-01,1.000000238418579102e+00,2.349053621292114258e-01,1.856248229742050171e-01,1.505553871393203735e-01,3.096556663513183594e-01,2.044641524553298950e-01,4.344285428524017334e-01,4.455398917198181152e-01,1.722660958766937256e-01,1.602700799703598022e-01,1.747869253158569336e-01,2.177365422248840332e-01,3.488223999738693237e-02,-1.072082221508026123e-01,-5.636227875947952271e-02,-1.406544446945190430e-02,1.259037554264068604e-01,1.055554375052452087e-01,-2.054388262331485748e-02,2.071607559919357300e-01,2.088952064514160156e-01,4.024043306708335876e-02,1.970303505659103394e-01,4.779171943664550781e-01,2.925896346569061279e-01,1.485171467065811157e-01,8.521891385316848755e-02,7.799327373504638672e-02,5.608963593840599060e-02,4.045421257615089417e-02,1.844398081302642822e-01,2.193038910627365112e-01,3.241557776927947998e-01
3.115136623382568359e-01,1.773658096790313721e-01,3.474292457103729248e-01,3.387095332145690918e-01,2.454714328050613403e-01,4.737260639667510986e-01,7.687485814094543457e-01,4.269505739212036133e-01,4.311384558677673340e-01,4.723784327507019043e-01,1.347057670354843140e-01,1.296965777873992920e-01,4.406083524227142334e-01,2.015421688556671143e-01,1.734911650419235229e-01,2.349053621292114258e-01,1.000000000000000000e+00,5.939739942550659180e-01,5.105575919151306152e-01,5.244236588478088379e-01,3.016569912433624268e-01,4.733698964118957520e-01,4.434078335762023926e-01,4.582515060901641846e-01,4.973297566175460815e-02,5.161692500114440918e-01,1.407973617315292358e-01,1.746128797531127930e-01,2.546558380126953125e-01,2.325469851493835449e-01,3.355649709701538086e-01,4.320074319839477539e-01,6.820799410343170166e-02,1.994163393974304199e-01,1.812767386436462402e-01,4.209285676479339600e-01,8.210399746894836426e-02,2.219445407390594482e-01,4.234194159507751465e-01,4.021818041801452637e-01,2.813200056552886963e-01,4.638305008411407471e-01,4.347767233848571777e-01,2.814981639385223389e-01,3.480709195137023926e-01,3.973731100559234619e-01,4.757618010044097900e-01,3.989693224430084229e-01
2.106838077306747437e-01,2.397900968790054321e-01,3.682551383972167969e-01,2.540638446807861328e-01,3.578727692365646362e-02,3.949382901191711426e-01,5.880353450775146484e-01,3.194314241409301758e-01,4.600144028663635254e-01,4.889964163303375244e-01,-1.181382127106189728e-02,-1.662664487957954407e-02,4.769110381603240967e-01,1.689321696758270264e-01,1.072472333908081055e-01,1.856248229742050171e-01,5.939739942550659180e-01,1.000000357627868652e+00,6.426851749420166016e-01,5.227710604667663574e-01,2.064618617296218872e-01,4.550831317901611328e-01,3.164187073707580566e-01,2.632433474063873291e-01,-7.702749222517013550e-02,5.767060518264770508e-01,-9.103588759899139404e-02,4.215231165289878845e-02,2.094686478376388550e-01,1.489451527595520020e-01,4.235168695449829102e-01,3.257943093776702881e-01,7.889115065336227417e-02,2.038530409336090088e-01,3.383617475628852844e-02,2.495374679565429688e-01,1.495960056781768799e-01,2.291641831398010254e-01,2.964402139186859131e-01,3.143622875213623047e-01,1.775362938642501831e-01,4.474498331546783447e-01,5.913783907890319824e-01,3.895869255065917969e-01,3.251124620437622070e-01,4.817565679550170898e-01,2.884440422058105469e-01,2.468208223581314087e-01
2.919708192348480225e-01,5.015953183174133301e-01,1.095675900578498840e-01,6.029177084565162659e-02,1.175209805369377136e-01,5.835347771644592285e-01,5.931846499443054199e-01,2.922355532646179199e-01,5.745180249214172363e-01,5.448814630508422852e-01,-2.722846865653991699e-01,-1.065092831850051880e-01,7.175887227058410645e-01,1.459279507398605347e-01,4.388632252812385559e-03,1.505553871393203735e-01,5.105575919151306152e-01,6.426851749420166016e-01,1.000000357627868652e+00,7.042143344879150391e-01,3.192238807678222656e-01,3.041094541549682617e-01,3.083943426609039307e-01,4.042966663837432861e-01,-1.540327519178390503e-01,5.400432944297790527e-01,-1.769350022077560425e-01,6.369699537754058838e-02,3.576632142066955566e-01,1.555808633565902710e-01,3.432739377021789551e-01,3.661317229270935059e-01,3.105951845645904541e-01,9.926962107419967651e-02,-1.276604980230331421e-01,3.171393573284149170e-01,1.974065974354743958e-02,-6.992447655647993088e-03,2.860792279243469238e-01,3.690263330936431885e-01,5.027087330818176270e-01,6.740170121192932129e-01,7.203654646873474121e-01,5.203914046287536621e-01,3.891104757785797119e-01,5.976417660713195801e-01,3.818849623203277588e-01,3.176395893096923828e-01
4.585144221782684326e-01,2.863971292972564697e-01,3.281778395175933838e-01,3.504549860954284668e-01,2.928569912910461426e-01,6.336647868156433105e-01,6.132725477218627930e-01,3.266563713550567627e-01,4.415975213050842285e-01,4.724331796169281006e-01,-1.686831414699554443e-01,9.220398962497711182e-02,7.224668264389038086e-01,2.442686408758163452e-01,1.846331357955932617e-01,3.096556663513183594e-01,5.244236588478088379e-01,5.227710604667663574e-01,7.042143344879150391e-01,9.999997019767761230e-01,6.358876824378967285e-01,4.648203253746032715e-01,4.139004051685333252e-01,3.922438025474548340e-01,-1.092205271124839783e-01,4.638796150684356689e-01,-3.783988952636718750e-02,2.557859420776367188e-01,3.564578890800476074e-01,1.992672979831695557e-01,3.250141739845275879e-01,4.173140227794647217e-01,3.228348493576049805e-01,1.378085166215896606e-01,-8.370383828878402710e-02,3.357784450054168701e-01,-1.787658967077732086e-02,1.457592844963073730e-02,3.428587615489959717e-01,4.197974205017089844e-01,4.991885423660278320e-01,5.118001699447631836e-01,4.215386211872100830e-01,3.639632761478424072e-01,2.714214324951171875e-01,4.257465898990631104e-01,4.370331764221191406e-01,3.705483675003051758e-01
4.712738990783691406e-01,1.404830515384674072e-01,3.536804616451263428e-01,4.697373807430267334e-01,4.450563788414001465e-01,4.942213594913482666e-01,3.558840155601501465e-01,3.160776793956756592e-01,2.928567230701446533e-01,3.924292922019958496e-01,1.549317538738250732e-01,4.696879386901855469e-01,5.153602361679077148e-01,3.471351861953735352e-01,3.347377479076385498e-01,2.044641524553298950e-01,3.016569912433624268e-01,2.064618617296218872e-01,3.192238807678222656e-01,6.358876824378967285e-01,1.000000119209289551e+00,4.642284810543060303e-01,2.468890249729156494e-01,3.135118186473846436e-01,1.121083050966262817e-01,1.711037904024124146e-01,1.200349181890487671e-01,4.809587895870208740e-01,2.908386588096618652e-01,4.158973693847656250e-01,4.537953436374664307e-01,4.917367398738861084e-01,2.962840199470520020e-01,3.071749210357666016e-02,6.128563836682587862e-05,1.945390403270721436e-01,-5.301186069846153259e-02,-5.468540266156196594e-02,2.501524388790130615e-01,2.676838338375091553e-01,2.751187980175018311e-01,2.799267172813415527e-01,2.000878155231475830e-01,2.539432644844055176e-01,1.721932888031005859e-01,3.054361641407012939e-01,3.683210313320159912e-01,3.015772700309753418e-01
4.929457306861877441e-01,1.215539947152137756e-01,5.271211266517639160e-01,5.797726511955261230e-01,3.321181833744049072e-01,3.232770264148712158e-01,5.531906485557556152e-01,4.375544786453247070e-01,2.864820361137390137e-01,2.746049165725708008e-01,1.882010847330093384e-01,1.111440733075141907e-01,3.703106939792633057e-01,1.320226192474365234e-01,2.855677604675292969e-01,4.344285428524017334e-01,4.733698964118957520e-01,4.550831317901611328e-01,3.041094541549682617e-01,4.648203253746032715e-01,4.642284810543060303e-01,1.000000000000000000e+00,6.128399968147277832e-01,5.183417201042175293e-01,3.069905638694763184e-01,2.471980452537536621e-01,3.190844357013702393e-01,4.336870312690734863e-01,2.837837934494018555e-01,3.146709203720092773e-01,4.991414248943328857e-01,5.769625306129455566e-01,1.556198298931121826e-01,1.487891227006912231e-01,2.626916170120239258e-01,4.324190318584442139e-01,-2.023025415837764740e-02,2.745859920978546143e-01,5.325088500976562500e-01,4.866676926612854004e-01,3.132286071777343750e-01,2.582660317420959473e-01,2.325402796268463135e-01,2.567690312862396240e-01,1.069038584828376770e-01,2.126650214195251465e-01,5.422934889793395996e-01,5.347613096237182617e-01
3.788891434669494629e-01,1.909586340188980103e-01,1.772238165140151978e-01,2.352471500635147095e-01,4.326179921627044678e-01,3.847731053829193115e-01,5.093014836311340332e-01,4.760197997093200684e-01,3.416147232055664062e-01,2.417830675840377808e-01,1.280153095722198486e-01,-1.041465252637863159e-02,4.161412119865417480e-01,1.922215148806571960e-02,8.577682077884674072e-02,4.455398917198181152e-01,4.434078335762023926e-01,3.164187073707580566e-01,3.083943426609039307e-01,4.139004051685333252e-01,2.468890249729156494e-01,6.128399968147277832e-01,9.999999403953552246e-01,6.313192844390869141e-01,2.200846821069717407e-01,2.912944257259368896e-01,2.895319163799285889e-01,2.195219546556472778e-01,1.423928737640380859e-01,1.595583185553550720e-02,1.217142716050148010e-01,4.851814210414886475e-01,2.058228105306625366e-01,9.769347310066223145e-02,1.698370873928070068e-01,6.091843843460083008e-01,-1.622682996094226837e-02,1.635531634092330933e-01,7.445057034492492676e-01,7.684693336486816406e-01,4.260371923446655273e-01,3.423987627029418945e-01,2.273647785186767578e-01,2.971312701702117920e-01,9.053242206573486328e-02,2.128873467445373535e-01,6.194908022880554199e-01,7.357926964759826660e-01
4.453550577163696289e-01,4.403385818004608154e-01,1.058051735162734985e-01,1.599624007940292358e-01,4.147372841835021973e-01,4.424043595790863037e-01,5.122745037078857422e-01,5.775759220123291016e-01,4.643306732177734375e-01,3.899060785770416260e-01,1.289490461349487305e-01,2.725778892636299133e-02,4.613538682460784912e-01,1.772704422473907471e-01,7.655519247055053711e-02,1.722660958766937256e-01,4.582515060901641846e-01,2.632433474063873291e-01,4.042966663837432861e-01,3.922438025474548340e-01,3.135118186473846436e-01,5.183417201042175293e-01,6.313192844390869141e-01,9.999995231628417969e-01,2.751343846321105957e-01,3.062501251697540283e-01,2.586897313594818115e-01,3.666892945766448975e-01,3.798888027667999268e-01,2.336515039205551147e-01,3.243485093116760254e-01,7.137336134910583496e-01,3.170295357704162598e-01,6.152734160423278809e-02,1.516726911067962646e-01,7.624791860580444336e-01,-2.793870866298675537e-02,1.441188454627990723e-01,5.944897532463073730e-01,6.913604140281677246e-01,5.074697732925415039e-01,5.144877433776855469e-01,4.006087481975555420e-01,4.443500936031341553e-01,2.832449078559875488e-01,3.602896630764007568e-01,8.206984996795654297e-01,6.887903213500976562e-01
3.182453513145446777e-01,-2.878977544605731964e-02,1.330830007791519165e-01,2.095422893762588501e-01,4.366786479949951172e-01,1.605457812547683716e-01,9.146265685558319092e-02,3.491226434707641602e-01,4.047335591167211533e-03,1.222900860011577606e-02,3.797484636306762695e-01,2.231750786304473877e-01,-9.834167547523975372e-03,1.631337031722068787e-02,1.642595678567886353e-01,1.602700799703598022e-01,4.973297566175460815e-02,-7.702749222517013550e-02,-1.540327519178390503e-01,-1.092205271124839783e-01,1.121083050966262817e-01,3.069905638694763184e-01,2.200846821069717407e-01,2.751343846321105957e-01,1.000000119209289551e+00,-9.333628416061401367e-02,5.574439167976379395e-01,3.253261148929595947e-01,7.175450026988983154e-02,1.174448430538177490e-01,1.806488931179046631e-01,1.792697310447692871e-01,2.997625172138214111e-01,2.107542008161544800e-01,2.926600575447082520e-01,2.296681851148605347e-01,1.568833440542221069e-01,1.464845985174179077e-01,2.240473777055740356e-01,2.049942165613174438e-01,1.056542098522186279e-01,-6.052447948604822159e-03,-4.080815985798835754e-02,-5.112564191222190857e-02,-1.025610417127609253e-01,-2.973245643079280853e-02,2.196657061576843262e-01,2.437498718500137329e-01
1.133325472474098206e-01,2.580371201038360596e-01,3.581275343894958496e-01,2.152800709009170532e-01,1.138453260064125061e-01,5.214311480522155762e-01,6.719234585762023926e-01,2.558542788028717041e-01,4.333724081516265869e-01,4.049639999866485596e-01,-9.114436805248260498e-03,1.553680747747421265e-02,4.782873094081878662e-01,1.677319258451461792e-01,7.888273149728775024e-02,1.747869253158569336e-01,5.161692500114440918e-01,5.767060518264770508e-01,5.400432944297790527e-01,4.638796150684356689e-01,1.711037904024124146e-01,2.471980452537536621e-01,2.912944257259368896e-01,3.062501251697540283e-01,-9.333628416061401367e-02,1.000000119209289551e+00,-2.981502190232276917e-02,1.390398479998111725e-02,1.930853575468063354e-01,2.850633859634399414e-02,2.170066386461257935e-01,3.298287689685821533e-01,1.148209348320960999e-01,1.252007484436035156e-01,-1.693655550479888916e-02,2.802259325981140137e-01,7.576775550842285156e-02,1.187569871544837952e-01,3.237329721450805664e-01,2.425418645143508911e-01,2.731215655803680420e-01,4.901510179042816162e-01,5.325613617897033691e-01,2.884961962699890137e-01,3.079517185688018799e-01,4.105522036552429199e-01,3.217608034610748291e-01,2.426564395427703857e-01
3.666528761386871338e-01,-5.462277680635452271e-02,3.173352181911468506e-01,3.823129832744598389e-01,3.581695854663848877e-01,1.356119811534881592e-01,1.566918343305587769e-01,3.879402577877044678e-01,5.575467646121978760e-02,2.510350570082664490e-02,3.270511031150817871e-01,2.587350904941558838e-01,-1.512257754802703857e-02,5.374092608690261841e-02,1.293250173330307007e-01,2.177365422248840332e-01,1.407973617315292358e-01,-9.103588759899139404e-02,-1.769350022077560425e-01,-3.783988952636718750e-02,1.200349181890487671e-01,3.190844357013702393e-01,2.895319163799285889e-01,2.586897313594818115e-01,5.574439167976379395e-01,-2.981502190232276917e-02,9.999998211860656738e-01,3.590857386589050293e-01,1.238261610269546509e-01,1.300868541002273560e-01,1.086883768439292908e-01,1.845497339963912964e-01,2.977091968059539795e-01,1.947489231824874878e-01,4.598701298236846924e-01,2.869371473789215088e-01,8.517306298017501831e-02,1.293635964393615723e-01,2.836238145828247070e-01,2.342215329408645630e-01,1.614122092723846436e-01,-3.779045306146144867e-03,-9.745019674301147461e-02,-3.806019574403762817e-02,-1.476762630045413971e-02,1.642707618884742260e-03,2.330020964145660400e-01,2.586956322193145752e-01
7.102314829826354980e-01,3.005864918231964111e-01,4.788911044597625732e-01,4.854752123355865479e-01,3.980725407600402832e-01,2.672435939311981201e-01,2.077716439962387085e-01,3.110831975936889648e-01,1.826633214950561523e-01,1.956459879875183105e-01,1.812841743230819702e-01,2.065996825695037842e-01,1.811994612216949463e-01,1.414819657802581787e-01,1.122021749615669250e-01,3.488223999738693237e-02,1.746128797531127930e-01,4.215231165289878845e-02,6.369699537754058838e-02,2.557859420776367188e-01,4.809587895870208740e-01,4.336870312690734863e-01,2.195219546556472778e-01,3.666892945766448975e-01,3.253261148929595947e-01,1.390398479998111725e-02,3.590857386589050293e-01,9.999994635581970215e-01,6.702823638916015625e-01,4.994027018547058105e-01,4.853411018848419189e-01,4.458800256252288818e-01,4.073634147644042969e-01,9.882546961307525635e-03,2.070591002702713013e-01,3.247742354869842529e-01,-1.385872811079025269e-01,-1.758526824414730072e-02,1.921554058790206909e-01,2.815366983413696289e-01,4.089691042900085449e-01,1.811121702194213867e-01,9.703921526670455933e-02,2.031228244304656982e-01,1.155061423778533936e-01,1.667118817567825317e-01,3.522520661354064941e-01,3.095340430736541748e-01
5.679740905761718750e-01,5.237568020820617676e-01,2.910115420818328857e-01,1.775315254926681519e-01,1.333717256784439087e-01,3.306604325771331787e-01,2.747245132923126221e-01,3.208280801773071289e-01,4.151124656200408936e-01,3.906486332416534424e-01,-5.331321433186531067e-02,1.333829667419195175e-02,3.298805654048919678e-01,4.561980441212654114e-02,-6.086096540093421936e-02,-1.072082221508026123e-01,2.546558380126953125e-01,2.094686478376388550e-01,3.576632142066955566e-01,3.564578890800476074e-01,2.908386588096618652e-01,2.837837934494018555e-01,1.423928737640380859e-01,3.798888027667999268e-01,7.175450026988983154e-02,1.930853575468063354e-01,1.238261610269546509e-01,6.702823638916015625e-01,1.000000476837158203e+00,5.099201798439025879e-01,5.525043010711669922e-01,4.516654014587402344e-01,4.323427081108093262e-01,7.025837898254394531e-02,9.379147738218307495e-02,3.896743059158325195e-01,-1.080015301704406738e-01,-4.627614840865135193e-02,1.277872174978256226e-01,2.693383693695068359e-01,5.447376966476440430e-01,4.121194481849670410e-01,3.793861567974090576e-01,4.023080468177795410e-01,2.386420071125030518e-01,3.709939122200012207e-01,3.775192797183990479e-01,2.793349325656890869e-01
3.176427185535430908e-01,2.272721827030181885e-01,2.878148853778839111e-01,2.612998485565185547e-01,1.120782792568206787e-01,1.533179283142089844e-01,1.761919558048248291e-01,2.793548703193664551e-01,2.394350916147232056e-01,4.064744412899017334e-01,2.279208600521087646e-01,3.191665112972259521e-01,1.626589745283126831e-01,1.727809906005859375e-01,2.404513657093048096e-01,-5.636227875947952271e-02,2.325469851493835449e-01,1.489451527595520020e-01,1.555808633565902710e-01,1.992672979831695557e-01,4.158973693847656250e-01,3.146709203720092773e-01,1.595583185553550720e-02,2.336515039205551147e-01,1.174448430538177490e-01,2.850633859634399414e-02,1.300868541002273560e-01,4.994027018547058105e-01,5.099201798439025879e-01,1.000000476837158203e+00,7.017183303833007812e-01,4.841392040252685547e-01,1.653564423322677612e-01,1.674172431230545044e-01,2.073823511600494385e-01,1.775829195976257324e-01,2.591255679726600647e-02,3.397857025265693665e-02,8.985673636198043823e-02,9.344604611396789551e-02,1.563106775283813477e-01,1.593427956104278564e-01,2.221452593803405762e-01,2.820166051387786865e-01,2.799776196479797363e-01,3.620837032794952393e-01,2.949272096157073975e-01,1.701010614633560181e-01
4.299769401550292969e-01,2.844094038009643555e-01,3.795345425605773926e-01,2.995951771736145020e-01,8.759281039237976074e-02,2.952703535556793213e-01,3.155190348625183105e-01,4.174220860004425049e-01,3.890120387077331543e-01,4.787628054618835449e-01,2.307076901197433472e-01,2.502424120903015137e-01,3.409132659435272217e-01,1.754885017871856689e-01,1.725769490003585815e-01,-1.406544446945190430e-02,3.355649709701538086e-01,4.235168695449829102e-01,3.432739377021789551e-01,3.250141739845275879e-01,4.537953436374664307e-01,4.991414248943328857e-01,1.217142716050148010e-01,3.243485093116760254e-01,1.806488931179046631e-01,2.170066386461257935e-01,1.086883768439292908e-01,4.853411018848419189e-01,5.525043010711669922e-01,7.017183303833007812e-01,9.999995827674865723e-01,5.969902276992797852e-01,2.220064550638198853e-01,1.740064322948455811e-01,1.751193404197692871e-01,2.823766171932220459e-01,1.205231323838233948e-01,1.649011224508285522e-01,1.587028503417968750e-01,2.133249491453170776e-01,2.188239693641662598e-01,3.078217804431915283e-01,3.964741826057434082e-01,3.821215927600860596e-01,2.304685860872268677e-01,4.167473614215850830e-01,3.877755999565124512e-01,2.740864455699920654e-01
4.179713428020477295e-01,3.479723930358886719e-01,2.525998651981353760e-01,2.461235076189041138e-01,3.359799683094024658e-01,4.391584992408752441e-01,4.448580741882324219e-01,5.409570932388305664e-01,4.869562089443206787e-01,4.711708724498748779e-01,2.740331590175628662e-01,2.379652410745620728e-01,4.721781611442565918e-01,1.910066008567810059e-01,1.961499005556106567e-01,1.259037554264068604e-01,4.320074319839477539e-01,3.257943093776702881e-01,3.661317229270935059e-01,4.173140227794647217e-01,4.917367398738861084e-01,5.769625306129455566e-01,4.851814210414886475e-01,7.137336134910583496e-01,1.792697310447692871e-01,3.298287689685821533e-01,1.845497339963912964e-01,4.458800256252288818e-01,4.516654014587402344e-01,4.841392040252685547e-01,5.969902276992797852e-01,1.000000119209289551e+00,2.447724640369415283e-01,6.377489119768142700e-02,1.986503601074218750e-01,6.416898965835571289e-01,1.359256915748119354e-03,1.742319464683532715e-01,5.160958170890808105e-01,5.574672818183898926e-01,3.770525455474853516e-01,4.827448427677154541e-01,3.948930501937866211e-01,4.720235168933868408e-01,2.807370424270629883e-01,4.362167418003082275e-01,7.601989507675170898e-01,6.370688080787658691e-01
5.444925427436828613e-01,3.991932570934295654e-01,8.972398191690444946e-02,1.328395158052444458e-01,4.598880410194396973e-01,4.756039679050445557e-01,1.950057744979858398e-01,3.665236532688140869e-01,3.956325054168701172e-01,1.923938989639282227e-01,-8.371916413307189941e-02,1.263456642627716064e-01,4.133975207805633545e-01,5.950177833437919617e-02,-3.248435258865356445e-02,1.055554375052452087e-01,6.820799410343170166e-02,7.889115065336227417e-02,3.105951845645904541e-01,3.228348493576049805e-01,2.962840199470520020e-01,1.556198298931121826e-01,2.058228105306625366e-01,3.170295357704162598e-01,2.997625172138214111e-01,1.148209348320960999e-01,2.977091968059539795e-01,4.073634147644042969e-01,4.323427081108093262e-01,1.653564423322677612e-01,2.220064550638198853e-01,2.447724640369415283e-01,9.999999403953552246e-01,3.521625697612762451e-02,8.260751515626907349e-02,3.424993157386779785e-01,4.228788428008556366e-03,-1.482746005058288574e-01,1.399393081665039062e-01,2.806545794010162354e-01,5.812325477600097656e-01,3.184310197830200195e-01,1.886123567819595337e-01,2.387031763792037964e-01,5.393250659108161926e-02,1.851817518472671509e-01,2.627349197864532471e-01,2.688531577587127686e-01
