9.999996423721313477e-01,3.060848712921142578e-01,2.139779180288314819e-01,1.886772662401199341e-01,6.280063390731811523e-01,3.998698592185974121e-01,8.782695978879928589e-02,4.564726054668426514e-01,4.330275207757949829e-02,-1.921834945678710938e-01,2.287947088479995728e-01,-1.045425683259963989e-01,-1.213210821151733398e-01,1.585872322320938110e-01,-1.442194581031799316e-01,-1.835187524557113647e-01,7.485369592905044556e-02,2.682088129222393036e-02,-1.548321396112442017e-01,-1.238951086997985840e-01,-2.610101178288459778e-02,-1.119895931333303452e-02,-1.689877919852733612e-02,3.163037598133087158e-01,3.767501413822174072e-01,2.673155963420867920e-01,-7.284875959157943726e-02,5.388255715370178223e-01,5.113596916198730469e-01,3.999210596084594727e-01,2.469059526920318604e-01,2.087457031011581421e-01,5.831114575266838074e-02,-1.144744083285331726e-01,8.624077588319778442e-02,2.860694527626037598e-01,7.854782044887542725e-02,-2.029824405908584595e-01,-1.636076867580413818e-01,3.254411220550537109e-01,1.725712567567825317e-01,2.603249549865722656e-01,-1.096239089965820312e-01,2.189961820840835571e-01,-1.550766732543706894e-02,-6.278027594089508057e-02,1.869089901447296143e-01,1.189314648509025574e-01
3.060848712921142578e-01,1.000000119209289551e+00,9.652462601661682129e-02,2.400657534599304199e-01,-3.355538938194513321e-03,3.740195631980895996e-01,1.211502626538276672e-01,4.688165485858917236e-01,2.115899473428726196e-01,2.603634595870971680e-01,3.564964234828948975e-01,2.706631422042846680e-01,1.981191486120223999e-01,2.334116250276565552e-01,3.107898533344268799e-01,2.103182822465896606e-01,2.473260462284088135e-02,2.321359217166900635e-01,-4.616626352071762085e-02,1.000555828213691711e-01,2.120546102523803711e-01,2.161275446414947510e-01,2.268313802778720856e-02,3.842765390872955322e-01,1.917102783918380737e-01,-3.524171933531761169e-02,2.936656475067138672e-01,3.543763756752014160e-01,5.325605273246765137e-01,3.534697294235229492e-01,4.410339593887329102e-01,3.717521131038665771e-01,2.723796367645263672e-01,3.124549984931945801e-01,1.875916272401809692e-01,3.631804585456848145e-01,1.882853955030441284e-01,2.974219024181365967e-01,1.191493943333625793e-01,2.726695835590362549e-01,5.996971726417541504e-01,5.038095712661743164e-01,2.127149552106857300e-01,5.321680903434753418e-01,3.736253678798675537e-01,3.587018251419067383e-01,4.461997449398040771e-01,1.604538857936859131e-01
2.139779180288314819e-01,9.652462601661682129e-02,9.999998211860656738e-01,7.939703464508056641e-01,2.769116759300231934e-01,1.018955186009407043e-01,2.365681231021881104e-01,1.440835148096084595e-01,-4.352625459432601929e-02,-1.006560493260622025e-02,2.412077337503433228e-01,1.875219643115997314e-01,5.716559663414955139e-02,-2.926459908485412598e-02,-5.203573778271675110e-02,7.283405214548110962e-02,4.090831056237220764e-02,-6.215042620897293091e-02,1.823317818343639374e-02,-6.720314919948577881e-02,-3.801422892138361931e-03,-7.382427807897329330e-03,-5.952298641204833984e-02,9.820221364498138428e-02,1.090321987867355347e-01,6.334289312362670898e-01,-5.535539984703063965e-02,4.883616864681243896e-01,3.177638351917266846e-01,1.534827798604965210e-01,1.242347210645675659e-01,1.763585209846496582e-01,-1.073356866836547852e-01,-5.947202071547508240e-02,1.011428833007812500e-01,4.267230629920959473e-02,-7.568818330764770508e-02,-2.248913943767547607e-01,-6.746983528137207031e-02,8.859988301992416382e-02,2.695899307727813721e-01,1.876403540372848511e-01,8.713676035404205322e-02,5.305151268839836121e-02,3.292569145560264587e-02,6.316777318716049194e-02,5.712694674730300903e-02,-6.721144914627075195e-02
1.886772662401199341e-01,2.400657534599304199e-01,7.939703464508056641e-01,1.000000119209289551e+00,2.503566741943359375e-01,2.729406654834747314e-01,3.288425505161285400e-01,1.894748210906982422e-01,-8.279079920612275600e-04,7.382620126008987427e-02,2.228023856878280640e-01,2.781082987785339355e-01,8.274912834167480469e-02,6.554789096117019653e-02,6.486809998750686646e-02,9.766724705696105957e-02,8.464547246694564819e-02,7.167774438858032227e-02,3.216866403818130493e-03,7.820553146302700043e-03,9.166720509529113770e-02,4.486369341611862183e-02,-6.306613236665725708e-02,1.971149146556854248e-01,8.963043242692947388e-02,5.399901270866394043e-01,-2.049747109413146973e-02,4.570910334587097168e-01,3.056423664093017578e-01,1.305239796638488770e-01,2.130188792943954468e-01,2.316386848688125610e-01,-1.002621129155158997e-01,8.951627463102340698e-02,1.780858188867568970e-01,1.037359833717346191e-01,-1.414639409631490707e-04,-1.483843624591827393e-01,-9.703414514660835266e-03,1.497118473052978516e-01,3.896045088768005371e-01,2.566546797752380371e-01,2.035190463066101074e-01,1.041788533329963684e-01,1.003534495830535889e-01,1.773221343755722046e-01,1.316584646701812744e-01,-5.389419943094253540e-02
6.280063390731811523e-01,-3.355538938194513321e-03,2.769116759300231934e-01,2.503566741943359375e-01,1.000000596046447754e+00,3.483493924140930176e-01,-4.061062261462211609e-02,1.302278339862823486e-01,-1.352662891149520874e-01,-3.152256906032562256e-01,5.260870233178138733e-02,-1.508764028549194336e-01,-2.697351574897766113e-01,2.413421124219894409e-02,-2.030913680791854858e-01,-3.061009943485260010e-01,1.470969803631305695e-02,-2.087837904691696167e-01,-2.958144843578338623e-01,-2.947458326816558838e-01,-2.198130935430526733e-01,-2.896506190299987793e-01,-1.372870057821273804e-01,3.999692946672439575e-02,7.972642779350280762e-02,3.465934395790100098e-01,-2.574616968631744385e-01,4.053409993648529053e-01,2.952169477939605713e-01,1.591855436563491821e-01,-6.275211274623870850e-02,-1.828141063451766968e-01,-1.451767086982727051e-01,-6.520802527666091919e-02,9.809422492980957031e-02,1.205431967973709106e-01,-1.273845322430133820e-02,-2.666623890399932861e-01,-1.524865478277206421e-01,1.183226257562637329e-01,-6.498654931783676147e-02,1.920537836849689484e-02,-1.664179414510726929e-01,1.698785461485385895e-02,-1.047356277704238892e-01,-2.367507517337799072e-01,-1.317420601844787598e-01,-1.135719045996665955e-01
3.998698592185974121e-01,3.740195631980895996e-01,1.018955186009407043e-01,2.729406654834747314e-01,3.483493924140930176e-01,1.000000119209289551e+00,3.593554496765136719e-01,2.910944819450378418e-01,6.459923088550567627e-02,9.190618991851806641e-02,5.401802062988281250e-02,1.956255137920379639e-01,1.278270483016967773e-01,3.778359666466712952e-02,2.472046390175819397e-02,-1.182791069149971008e-01,1.766995638608932495e-01,2.961860597133636475e-01,-2.065523564815521240e-01,2.023278623819351196e-01,2.613782882690429688e-01,7.935736328363418579e-02,1.512064784765243530e-01,3.873083293437957764e-01,7.428354769945144653e-02,1.391407996416091919e-01,4.024604707956314087e-02,3.611201941967010498e-01,3.245977461338043213e-01,9.883441776037216187e-02,2.810117900371551514e-01,2.155569791793823242e-01,7.504819333553314209e-02,1.855959892272949219e-01,1.491804271936416626e-01,2.322737872600555420e-01,2.257177047431468964e-02,-7.562731206417083740e-02,9.513837844133377075e-02,2.814707458019256592e-01,3.585515022277832031e-01,2.618128359317779541e-01,5.163842439651489258e-02,7.507760822772979736e-02,1.018963381648063660e-01,2.524333894252777100e-01,2.868220806121826172e-01,1.194614171981811523e-02
8.782695978879928589e-02,1.211502626538276672e-01,2.365681231021881104e-01,3.288425505161285400e-01,-4.061062261462211609e-02,3.593554496765136719e-01,1.000000357627868652e+00,6.855664402246475220e-02,2.599005103111267090e-01,2.608689367771148682e-01,1.752117276191711426e-01,2.877308428287506104e-01,3.462884128093719482e-01,1.321958303451538086e-01,1.896910928189754486e-02,1.268583536148071289e-01,6.944010257720947266e-01,5.238034129142761230e-01,4.184039235115051270e-01,5.364909768104553223e-01,5.282949805259704590e-01,4.639293551445007324e-01,5.350543856620788574e-01,3.973867893218994141e-01,1.772941788658499718e-03,4.639382958412170410e-01,2.178839407861232758e-02,2.297887504100799561e-01,1.447075158357620239e-01,2.881714999675750732e-01,4.489378631114959717e-01,3.160456120967864990e-01,-1.177700459957122803e-01,6.054176390171051025e-02,2.048774808645248413e-01,2.617467045783996582e-01,1.034984216094017029e-01,-1.553232371807098389e-01,3.298838138580322266e-01,3.981274366378784180e-01,3.174086511135101318e-01,3.253672122955322266e-01,2.144002765417098999e-01,-8.430316112935543060e-03,1.036071255803108215e-01,3.542653620243072510e-01,2.398634850978851318e-01,3.287105560302734375e-01
4.564726054668426514e-01,4.688165485858917236e-01,1.440835148096084595e-01,1.894748210906982422e-01,1.302278339862823486e-01,2.910944819450378418e-01,6.855664402246475220e-02,9.999999403953552246e-01,-9.888757020235061646e-03,-5.924850702285766602e-02,3.546022176742553711e-01,4.102358967065811157e-02,-9.763983078300952911e-03,5.206829905509948730e-01,2.749529778957366943e-01,1.293698996305465698e-01,8.219815790653228760e-02,8.249044418334960938e-02,1.728495350107550621e-03,6.226729601621627808e-02,8.830250054597854614e-02,1.004399433732032776e-01,2.162405662238597870e-02,2.080150097608566284e-01,3.125046491622924805e-01,-2.517392393201589584e-03,3.337585926055908203e-01,2.799751162528991699e-01,3.543287217617034912e-01,3.021318912506103516e-01,1.238010376691818237e-01,1.795624643564224243e-01,3.293990790843963623e-01,2.455354332923889160e-01,7.484656572341918945e-02,2.732265889644622803e-01,3.496761918067932129e-01,1.288550049066543579e-01,-1.254466325044631958e-01,3.541468679904937744e-01,4.090908467769622803e-01,3.024249672889709473e-01,-8.169091492891311646e-02,4.300937950611114502e-01,1.462034583091735840e-01,7.837504148483276367e-02,2.070540934801101685e-01,2.365718334913253784e-01
4.330275207757949829e-02,2.115899473428726196e-01,-4.352625459432601929e-02,-8.279079920612275600e-04,-1.352662891149520874e-01,6.459923088550567627e-02,2.599005103111267090e-01,-9.888757020235061646e-03,1.000000000000000000e+00,3.675359487533569336e-01,3.633139431476593018e-01,2.529656291007995605e-01,1.824611127376556396e-01,1.265163272619247437e-01,3.139178082346916199e-02,1.933753788471221924e-01,3.826880753040313721e-01,3.616468608379364014e-01,2.744371592998504639e-01,2.435487210750579834e-01,3.057353794574737549e-01,4.512244462966918945e-01,3.533607721328735352e-01,2.265673428773880005e-01,4.442422464489936829e-02,2.039293572306632996e-02,1.797489076852798462e-01,5.546662211418151855e-02,1.016828566789627075e-01,1.907078027725219727e-01,3.962938785552978516e-01,2.844310700893402100e-01,2.128069475293159485e-02,8.160807937383651733e-02,3.934101760387420654e-02,1.285867989063262939e-01,2.025886438786983490e-02,1.776234805583953857e-02,1.905506104230880737e-01,1.465456634759902954e-01,3.119585812091827393e-01,3.923174738883972168e-01,2.539764046669006348e-01,1.672559976577758789e-01,2.152127623558044434e-01,4.204429090023040771e-01,1.553361862897872925e-01,4.316311478614807129e-01
-1.921834945678710938e-01,2.603634595870971680e-01,-1.006560493260622025e-02,7.382620126008987427e-02,-3.152256906032562256e-01,9.190618991851806641e-02,2.608689367771148682e-01,-5.924850702285766602e-02,3.675359487533569336e-01,1.000000357627868652e+00,1.147428154945373535e-01,7.549440860748291016e-01,5.809527039527893066e-01,-6.895635277032852173e-03,4.580319225788116455e-01,4.538440704345703125e-01,2.449393570423126221e-01,5.512495040893554688e-01,3.867726922035217285e-01,4.864716231822967529e-01,5.699551701545715332e-01,5.395848155021667480e-01,3.499642908573150635e-01,2.794226408004760742e-01,-3.198031485080718994e-01,-1.031788140535354614e-01,1.045990386046469212e-03,-4.639274626970291138e-02,-1.077391505241394043e-01,-2.451129443943500519e-02,4.416212141513824463e-01,4.643976986408233643e-01,-1.775251924991607666e-01,2.262751460075378418e-01,1.987846195697784424e-01,1.758259832859039307e-01,5.249488167464733124e-03,2.387006729841232300e-01,4.131375849246978760e-01,1.810436695814132690e-01,2.358093261718750000e-01,4.284296333789825439e-01,6.720601916313171387e-01,2.467972040176391602e-01,6.280605196952819824e-01,7.548975348472595215e-01,3.403326570987701416e-01,2.928360402584075928e-01
2.287947088479995728e-01,3.564964234828948975e-01,2.412077337503433228e-01,2.228023856878280640e-01,5.260870233178138733e-02,5.401802062988281250e-02,1.752117276191711426e-01,3.546022176742553711e-01,3.633139431476593018e-01,1.147428154945373535e-01,9.999997615814208984e-01,2.076387852430343628e-01,-6.200858950614929199e-02,3.811298608779907227e-01,4.883662983775138855e-02,3.331905603408813477e-01,3.760081231594085693e-01,1.814163848757743835e-02,2.072107940912246704e-01,-1.260162293910980225e-01,1.521982345730066299e-02,2.400695532560348511e-01,2.513441741466522217e-01,1.158035546541213989e-01,6.520674377679824829e-02,1.274901330471038818e-01,1.533675193786621094e-01,1.617245972156524658e-01,2.947372496128082275e-01,3.867099881172180176e-01,2.148309946060180664e-01,2.596542239189147949e-01,2.380738593637943268e-02,1.271442770957946777e-01,2.516009472310543060e-02,2.415708303451538086e-01,9.187071025371551514e-02,6.088704336434602737e-03,4.798514023423194885e-02,2.895056009292602539e-01,2.828443944454193115e-01,5.138578414916992188e-01,7.486612349748611450e-02,3.357105255126953125e-01,2.616519331932067871e-01,1.288631856441497803e-01,1.597746163606643677e-01,4.891294538974761963e-01
-1.045425683259963989e-01,2.706631422042846680e-01,1.875219643115997314e-01,2.781082987785339355e-01,-1.508764028549194336e-01,1.956255137920379639e-01,2.877308428287506104e-01,4.102358967065811157e-02,2.529656291007995605e-01,7.549440860748291016e-01,2.076387852430343628e-01,9.999997019767761230e-01,5.227386355400085449e-01,1.388797163963317871e-01,5.398677587509155273e-01,4.280376732349395752e-01,2.294555455446243286e-01,4.353963136672973633e-01,2.684968113899230957e-01,3.624283671379089355e-01,5.019980669021606445e-01,4.161842465400695801e-01,2.412413507699966431e-01,3.213343024253845215e-01,-2.285051792860031128e-01,6.992182135581970215e-02,1.556916534900665283e-02,9.741940349340438843e-02,9.800687432289123535e-03,5.893109831959009171e-03,4.019889235496520996e-01,4.276106953620910645e-01,-1.356545984745025635e-01,2.735061049461364746e-01,3.424779176712036133e-01,1.995056420564651489e-01,1.092423349618911743e-01,2.565702497959136963e-01,3.649316132068634033e-01,2.232323288917541504e-01,2.277781367301940918e-01,4.858251214027404785e-01,6.357685923576354980e-01,1.762888282537460327e-01,5.291078090667724609e-01,6.695427298545837402e-01,3.090011477470397949e-01,2.001722902059555054e-01
-1.213210821151733398e-01,1.981191486120223999e-01,5.716559663414955139e-02,8.274912834167480469e-02,-2.697351574897766113e-01,1.278270483016967773e-01,3.462884128093719482e-01,-9.763983078300952911e-03,1.824611127376556396e-01,5.809527039527893066e-01,-6.200858950614929199e-02,5.227386355400085449e-01,1.000000119209289551e+00,5.045056715607643127e-02,2.713111937046051025e-01,4.611420929431915283e-01,2.745050191879272461e-01,5.871446728706359863e-01,4.043364822864532471e-01,6.393555402755737305e-01,7.075527906417846680e-01,5.651339292526245117e-01,4.581403732299804688e-01,3.695193827152252197e-01,-1.960050761699676514e-01,-6.782653182744979858e-02,-3.587434440851211548e-02,-2.980509959161281586e-02,-7.301650196313858032e-02,4.527376592159271240e-02,4.484126865863800049e-01,4.719167649745941162e-01,-1.245817765593528748e-01,1.094765290617942810e-01,2.770543098449707031e-01,2.517240345478057861e-01,1.613523811101913452e-01,1.155476421117782593e-01,4.793302118778228760e-01,2.588985860347747803e-01,1.567089855670928955e-01,3.233088850975036621e-01,5.200459957122802734e-01,1.662984490394592285e-01,3.203589022159576416e-01,5.809546113014221191e-01,4.193046987056732178e-01,2.776119410991668701e-01
1.585872322320938110e-01,2.334116250276565552e-01,-2.926459908485412598e-02,6.554789096117019653e-02,2.413421124219894409e-02,3.778359666466712952e-02,1.321958303451538086e-01,5.206829905509948730e-01,1.265163272619247437e-01,-6.895635277032852173e-03,3.811298608779907227e-01,1.388797163963317871e-01,5.045056715607643127e-02,1.000000119209289551e+00,3.939636945724487305e-01,3.795788884162902832e-01,2.844171226024627686e-01,9.878229349851608276e-02,1.900562644004821777e-01,1.014584302902221680e-01,1.588618606328964233e-01,2.670749425888061523e-01,2.627122104167938232e-01,1.194620802998542786e-01,1.956676691770553589e-01,-1.058867052197456360e-01,2.447519451379776001e-01,-1.242126747965812683e-01,1.261251047253608704e-02,2.864065468311309814e-01,1.680580228567123413e-01,1.056882888078689575e-01,1.796786487102508545e-01,3.398638367652893066e-01,2.683106064796447754e-01,3.108828961849212646e-01,7.358655929565429688e-01,3.879345059394836426e-01,2.305860668420791626e-01,3.509101867675781250e-01,2.184194326400756836e-01,2.865848541259765625e-01,5.265898257493972778e-02,3.303866684436798096e-01,1.074431613087654114e-01,1.218834966421127319e-01,1.462305039167404175e-01,4.391541481018066406e-01
-1.442194581031799316e-01,3.107898533344268799e-01,-5.203573778271675110e-02,6.486809998750686646e-02,-2.030913680791854858e-01,2.472046390175819397e-02,1.896910928189754486e-02,2.749529778957366943e-01,3.139178082346916199e-02,4.580319225788116455e-01,4.883662983775138855e-02,5.398677587509155273e-01,2.713111937046051025e-01,3.939636945724487305e-01,9.999996423721313477e-01,4.501238167285919189e-01,-3.306579217314720154e-02,2.332916706800460815e-01,8.531566709280014038e-02,2.212761342525482178e-01,2.794883549213409424e-01,2.379401922225952148e-01,8.126730471849441528e-02,2.324957251548767090e-01,-8.594126254320144653e-02,-1.487143337726593018e-01,3.214667737483978271e-01,-7.608291506767272949e-02,-2.434889599680900574e-02,2.969922870397567749e-02,2.220233231782913208e-01,2.647569775581359863e-01,2.383406758308410645e-01,6.059390902519226074e-01,3.039675652980804443e-01,2.699822783470153809e-01,4.133359491825103760e-01,7.304005622863769531e-01,3.221265077590942383e-01,2.242678999900817871e-01,1.667155027389526367e-01,2.793030142784118652e-01,3.830507695674896240e-01,5.001152753829956055e-01,4.241961538791656494e-01,4.052459001541137695e-01,2.302550524473190308e-01,1.443482488393783569e-01
-1.835187524557113647e-01,2.103182822465896606e-01,7.283405214548110962e-02,9.766724705696105957e-02,-3.061009943485260010e-01,-1.182791069149971008e-01,1.268583536148071289e-01,1.293698996305465698e-01,1.933753788471221924e-01,4.538440704345703125e-01,3.331905603408813477e-01,4.280376732349395752e-01,4.611420929431915283e-01,3.795788884162902832e-01,4.501238167285919189e-01,1.000000238418579102e+00,2.838168740272521973e-01,2.560822963714599609e-01,4.340202212333679199e-01,2.911188304424285889e-01,3.556016385555267334e-01,4.292353391647338867e-01,4.160804450511932373e-01,2.363496571779251099e-01,-1.530584394931793213e-01,-1.387539952993392944e-01,6.192974001169204712e-02,-2.246620655059814453e-01,-1.459214836359024048e-01,1.543162763118743896e-01,3.516266047954559326e-01,4.420072436332702637e-01,-4.705173149704933167e-02,3.052912354469299316e-01,2.605330944061279297e-01,3.273425400257110596e-01,3.009243011474609375e-01,3.478106260299682617e-01,5.543413758277893066e-01,2.396380007266998291e-01,1.603119224309921265e-01,4.953842163085937500e-01,4.513617157936096191e-01,4.204575717449188232e-01,4.634792506694793701e-01,4.704673290252685547e-01,3.742755353450775146e-01,4.641961455345153809e-01
7.485369592905044556e-02,2.473260462284088135e-02,4.090831056237220764e-02,8.464547246694564819e-02,1.470969803631305695e-02,1.766995638608932495e-01,6.944010257720947266e-01,8.219815790653228760e-02,3.826880753040313721e-01,2.449393570423126221e-01,3.760081231594085693e-01,2.294555455446243286e-01,2.745050191879272461e-01,2.844171226024627686e-01,-3.306579217314720154e-02,2.838168740272521973e-01,9.999999403953552246e-01,4.904241859912872314e-01,5.788325071334838867e-01,4.570502638816833496e-01,4.666015803813934326e-01,4.998787045478820801e-01,6.693689227104187012e-01,2.392101436853408813e-01,-5.483103543519973755e-02,2.521447539329528809e-01,-3.032007068395614624e-02,1.205683778971433640e-02,-9.412555955350399017e-03,3.380402326583862305e-01,3.747351765632629395e-01,2.250265777111053467e-01,-1.909492909908294678e-01,4.301060363650321960e-02,7.844785600900650024e-02,2.743539214134216309e-01,1.371357291936874390e-01,-1.590620279312133789e-01,3.463859260082244873e-01,3.746142387390136719e-01,1.908483654260635376e-01,4.018701016902923584e-01,2.001806646585464478e-01,3.410052135586738586e-02,2.080364972352981567e-01,3.067289590835571289e-01,1.358246952295303345e-01,5.851363539695739746e-01
2.682088129222393036e-02,2.321359217166900635e-01,-6.215042620897293091e-02,7.167774438858032227e-02,-2.087837904691696167e-01,2.961860597133636475e-01,5.238034129142761230e-01,8.249044418334960938e-02,3.616468608379364014e-01,5.512495040893554688e-01,1.814163848757743835e-02,4.353963136672973633e-01,5.871446728706359863e-01,9.878229349851608276e-02,2.332916706800460815e-01,2.560822963714599609e-01,4.904241859912872314e-01,1.000000119209289551e+00,4.434465467929840088e-01,7.802809476852416992e-01,8.298795223236083984e-01,7.347620725631713867e-01,5.406202673912048340e-01,4.153577387332916260e-01,-4.535830020904541016e-02,-4.746603593230247498e-02,9.363612532615661621e-02,6.591483950614929199e-03,-7.022327184677124023e-02,3.373352065682411194e-02,6.206885576248168945e-01,5.114557147026062012e-01,-5.826729536056518555e-02,1.084935441613197327e-01,9.740511327981948853e-02,1.936392784118652344e-01,9.119430184364318848e-02,4.417646676301956177e-02,3.473820984363555908e-01,3.041049838066101074e-01,3.918549716472625732e-01,3.122124075889587402e-01,4.571890234947204590e-01,7.950061559677124023e-02,2.606511116027832031e-01,6.234472990036010742e-01,3.506086766719818115e-01,3.976322114467620850e-01
-1.548321396112442017e-01,-4.616626352071762085e-02,1.823317818343639374e-02,3.216866403818130493e-03,-2.958144843578338623e-01,-2.065523564815521240e-01,4.184039235115051270e-01,1.728495350107550621e-03,2.744371592998504639e-01,3.867726922035217285e-01,2.072107940912246704e-01,2.684968113899230957e-01,4.043364822864532471e-01,1.900562644004821777e-01,8.531566709280014038e-02,4.340202212333679199e-01,5.788325071334838867e-01,4.434465467929840088e-01,9.999997019767761230e-01,5.858086347579956055e-01,4.941575229167938232e-01,5.620700120925903320e-01,5.598812103271484375e-01,1.612565517425537109e-01,-7.190701365470886230e-02,5.093528702855110168e-02,-3.112785331904888153e-02,-1.515092253684997559e-01,-2.382730543613433838e-01,2.415014803409576416e-01,3.254271149635314941e-01,3.473254144191741943e-01,-1.071578562259674072e-01,-5.009827390313148499e-02,8.752242475748062134e-02,2.054357528686523438e-01,1.191027760505676270e-01,-4.550249502062797546e-02,3.164283633232116699e-01,2.451617866754531860e-01,1.127134189009666443e-01,3.212422430515289307e-01,4.006057977676391602e-01,6.482808291912078857e-02,2.004458606243133545e-01,3.762744963169097900e-01,1.221693828701972961e-01,5.087469220161437988e-01
-1.238951086997985840e-01,1.000555828213691711e-01,-6.720314919948577881e-02,7.820553146302700043e-03,-2.947458326816558838e-01,2.023278623819351196e-01,5.364909768104553223e-01,6.226729601621627808e-02,2.435487210750579834e-01,4.864716231822967529e-01,-1.260162293910980225e-01,3.624283671379089355e-01,6.393555402755737305e-01,1.014584302902221680e-01,2.212761342525482178e-01,2.911188304424285889e-01,4.570502638816833496e-01,7.802809476852416992e-01,5.858086347579956055e-01,1.000000000000000000e+00,8.429340720176696777e-01,6.730456948280334473e-01,5.890709757804870605e-01,3.790419399738311768e-01,-4.723650962114334106e-02,-4.085239022970199585e-02,6.619262695312500000e-02,-6.928779184818267822e-02,-1.815327256917953491e-01,3.738229721784591675e-02,4.946819543838500977e-01,4.287972152233123779e-01,-2.957131527364253998e-02,8.767776191234588623e-02,1.280653178691864014e-01,2.122265398502349854e-01,1.499069035053253174e-01,5.506700277328491211e-02,4.037725329399108887e-01,3.004213273525238037e-01,2.857705652713775635e-01,2.166293710470199585e-01,3.988075852394104004e-01,7.841131649911403656e-03,1.738841086626052856e-01,5.763548016548156738e-01,3.021235764026641846e-01,3.633668124675750732e-01
-2.610101178288459778e-02,2.120546102523803711e-01,-3.801422892138361931e-03,9.166720509529113770e-02,-2.198130935430526733e-01,2.613782882690429688e-01,5.282949805259704590e-01,8.830250054597854614e-02,3.057353794574737549e-01,5.699551701545715332e-01,1.521982345730066299e-02,5.019980669021606445e-01,7.075527906417846680e-01,1.588618606328964233e-01,2.794883549213409424e-01,3.556016385555267334e-01,4.666015803813934326e-01,8.298795223236083984e-01,4.941575229167938232e-01,8.429340720176696777e-01,9.999998211860656738e-01,7.817806601524353027e-01,6.227153539657592773e-01,4.816391170024871826e-01,-6.980296969413757324e-02,-1.969018206000328064e-02,5.273205041885375977e-02,-2.381718950346112251e-03,-8.829701691865921021e-02,8.341143280267715454e-02,6.325453519821166992e-01,5.503271222114562988e-01,-5.106682330369949341e-02,1.890932321548461914e-01,1.852118074893951416e-01,2.927954792976379395e-01,1.841281056404113770e-01,1.206531152129173279e-01,4.584409296512603760e-01,4.040890634059906006e-01,3.361645340919494629e-01,3.618307411670684814e-01,4.769466221332550049e-01,7.831640541553497314e-02,2.911562323570251465e-01,6.615046262741088867e-01,4.098522663116455078e-01,4.478190541267395020e-01
-1.119895931333303452e-02,2.161275446414947510e-01,-7.382427807897329330e-03,4.486369341611862183e-02,-2.896506190299987793e-01,7.935736328363418579e-02,4.639293551445007324e-01,1.004399433732032776e-01,4.512244462966918945e-01,5.395848155021667480e-01,2.400695532560348511e-01,4.161842465400695801e-01,5.651339292526245117e-01,2.670749425888061523e-01,2.379401922225952148e-01,4.292353391647338867e-01,4.998787045478820801e-01,7.347620725631713867e-01,5.620700120925903320e-01,6.730456948280334473e-01,7.817806601524353027e-01,9.999998211860656738e-01,7.198246121406555176e-01,3.870828747749328613e-01,-2.313258498907089233e-02,-5.251715332269668579e-02,1.221432164311408997e-01,-1.159880161285400391e-01,-1.226547658443450928e-01,1.183133795857429504e-01,6.347445845603942871e-01,6.221917271614074707e-01,-2.017825609073042870e-03,1.143162176012992859e-01,9.730318933725357056e-02,2.719694972038269043e-01,2.420348674058914185e-01,1.401730924844741821e-01,3.852108418941497803e-01,4.101513326168060303e-01,3.351342976093292236e-01,3.629144728183746338e-01,4.012226760387420654e-01,1.443985551595687866e-01,2.886945009231567383e-01,5.831358432769775391e-01,3.912137150764465332e-01,7.177612781524658203e-01
-1.689877919852733612e-02,2.268313802778720856e-02,-5.952298641204833984e-02,-6.306613236665725708e-02,-1.372870057821273804e-01,1.512064784765243530e-01,5.350543856620788574e-01,2.162405662238597870e-02,3.533607721328735352e-01,3.499642908573150635e-01,2.513441741466522217e-01,2.412413507699966431e-01,4.581403732299804688e-01,2.627122104167938232e-01,8.126730471849441528e-02,4.160804450511932373e-01,6.693689227104187012e-01,5.406202673912048340e-01,5.598812103271484375e-01,5.890709757804870605e-01,6.227153539657592773e-01,7.198246121406555176e-01,9.999999403953552246e-01,3.540978729724884033e-01,-1.157554909586906433e-01,3.811433166265487671e-02,-8.134240051731467247e-04,-1.396997720003128052e-01,-1.635482609272003174e-01,2.151463329792022705e-01,4.608340263366699219e-01,4.253728091716766357e-01,-1.033205389976501465e-01,6.581313908100128174e-02,1.041926145553588867e-01,4.080666005611419678e-01,2.014848589897155762e-01,1.464776974171400070e-02,4.783974885940551758e-01,5.481836199760437012e-01,7.610116899013519287e-02,3.208726942539215088e-01,2.421843409538269043e-01,8.015359938144683838e-02,2.301907241344451904e-01,3.789069354534149170e-01,3.194262981414794922e-01,7.301556468009948730e-01
3.163037598133087158e-01,3.842765390872955322e-01,9.820221364498138428e-02,1.971149146556854248e-01,3.999692946672439575e-02,3.873083293437957764e-01,3.973867893218994141e-01,2.080150097608566284e-01,2.265673428773880005e-01,2.794226408004760742e-01,1.158035546541213989e-01,3.213343024253845215e-01,3.695193827152252197e-01,1.194620802998542786e-01,2.324957251548767090e-01,2.363496571779251099e-01,2.392101436853408813e-01,4.153577387332916260e-01,1.612565517425537109e-01,3.790419399738311768e-01,4.816391170024871826e-01,3.870828747749328613e-01,3.540978729724884033e-01,9.999997615814208984e-01,6.299514323472976685e-02,1.812105923891067505e-01,8.529251068830490112e-02,2.728933990001678467e-01,3.273860514163970947e-01,4.831227064132690430e-01,7.252688407897949219e-01,6.474398970603942871e-01,5.848684534430503845e-02,2.890633344650268555e-01,3.700265586376190186e-01,6.600664854049682617e-01,2.046480476856231689e-01,1.784052848815917969e-01,4.705051481723785400e-01,5.434194803237915039e-01,2.610319554805755615e-01,5.198265910148620605e-01,4.475203156471252441e-01,2.561050057411193848e-01,3.208065330982208252e-01,4.946320950984954834e-01,6.779111623764038086e-01,2.551246583461761475e-01
3.767501413822174072e-01,1.917102783918380737e-01,1.090321987867355347e-01,8.963043242692947388e-02,7.972642779350280762e-02,7.428354769945144653e-02,1.772941788658499718e-03,3.125046491622924805e-01,4.442422464489936829e-02,-3.198031485080718994e-01,6.520674377679824829e-02,-2.285051792860031128e-01,-1.960050761699676514e-01,1.956676691770553589e-01,-8.594126254320144653e-02,-1.530584394931793213e-01,-5.483103543519973755e-02,-4.535830020904541016e-02,-7.190701365470886230e-02,-4.723650962114334106e-02,-6.980296969413757324e-02,-2.313258498907089233e-02,-1.157554909586906433e-01,6.299514323472976685e-02,1.000000119209289551e+00,1.185733973979949951e-01,3.823856115341186523e-01,2.917124330997467041e-01,3.139421641826629639e-01,1.622858643531799316e-01,7.934281975030899048e-02,2.487694285809993744e-02,4.730846583843231201e-01,-2.444894462823867798e-01,-1.139150485396385193e-01,-1.275143586099147797e-02,1.438643038272857666e-01,-1.415946613997220993e-02,-2.619849145412445068e-01,4.601935297250747681e-02,2.610001564025878906e-01,3.140039369463920593e-02,-1.896492391824722290e-01,4.472859576344490051e-02,-2.947598695755004883e-01,-1.399613171815872192e-01,-2.934075146913528442e-02,-4.247721284627914429e-02
2.673155963420867920e-01,-3.524171933531761169e-02,6.334289312362670898e-01,5.399901270866394043e-01,3.465934395790100098e-01,1.391407996416091919e-01,4.639382958412170410e-01,-2.517392393201589584e-03,2.039293572306632996e-02,-1.031788140535354614e-01,1.274901330471038818e-01,6.992182135581970215e-02,-6.782653182744979858e-02,-1.058867052197456360e-01,-1.487143337726593018e-01,-1.387539952993392944e-01,2.521447539329528809e-01,-4.746603593230247498e-02,5.093528702855110168e-02,-4.085239022970199585e-02,-1.969018206000328064e-02,-5.251715332269668579e-02,3.811433166265487671e-02,1.812105923891067505e-01,1.185733973979949951e-01,9.999997019767761230e-01,-1.187857910990715027e-01,5.903722047805786133e-01,4.558535218238830566e-01,3.381400704383850098e-01,1.803397536277770996e-01,4.909358173608779907e-02,-1.127817258238792419e-01,-8.397236466407775879e-02,1.827014386653900146e-01,1.403369456529617310e-01,-1.042191982269287109e-01,-2.847936749458312988e-01,-3.851812798529863358e-03,2.011072784662246704e-01,1.252958476543426514e-01,1.260084360837936401e-01,-1.616466417908668518e-02,-8.131738007068634033e-02,-7.127396017313003540e-02,-6.171426177024841309e-02,-3.597543388605117798e-02,-4.545410349965095520e-02
-7.284875959157943726e-02,2.936656475067138672e-01,-5.535539984703063965e-02,-2.049747109413146973e-02,-2.574616968631744385e-01,4.024604707956314087e-02,2.178839407861232758e-02,3.337585926055908203e-01,1.797489076852798462e-01,1.045990386046469212e-03,1.533675193786621094e-01,1.556916534900665283e-02,-3.587434440851211548e-02,2.447519451379776001e-01,3.214667737483978271e-01,6.192974001169204712e-02,-3.032007068395614624e-02,9.363612532615661621e-02,-3.112785331904888153e-02,6.619262695312500000e-02,5.273205041885375977e-02,1.221432164311408997e-01,-8.134240051731467247e-04,8.529251068830490112e-02,3.823856115341186523e-01,-1.187857910990715027e-01,9.999998211860656738e-01,-2.147131040692329407e-02,1.292021721601486206e-01,-1.206404436379671097e-02,8.077327162027359009e-02,9.059847146272659302e-02,6.825237870216369629e-01,2.372296154499053955e-01,-2.290848642587661743e-02,-3.316236543469130993e-04,1.796098500490188599e-01,3.493746519088745117e-01,-6.699982285499572754e-02,-9.562987834215164185e-03,3.448429107666015625e-01,1.028730198740959167e-01,-3.620938211679458618e-02,2.033290266990661621e-01,-8.763535879552364349e-03,1.109191998839378357e-01,7.390760583803057671e-04,8.155649155378341675e-02
5.388255715370178223e-01,3.543763756752014160e-01,4.883616864681243896e-01,4.570910334587097168e-01,4.053409993648529053e-01,3.611201941967010498e-01,2.297887504100799561e-01,2.799751162528991699e-01,5.546662211418151855e-02,-4.639274626970291138e-02,1.617245972156524658e-01,9.741940349340438843e-02,-2.980509959161281586e-02,-1.242126747965812683e-01,-7.608291506767272949e-02,-2.246620655059814453e-01,1.205683778971433640e-02,6.591483950614929199e-03,-1.515092253684997559e-01,-6.928779184818267822e-02,-2.381718950346112251e-03,-1.159880161285400391e-01,-1.396997720003128052e-01,2.728933990001678467e-01,2.917124330997467041e-01,5.903722047805786133e-01,-2.147131040692329407e-02,9.999997019767761230e-01,7.318180203437805176e-01,3.459524512290954590e-01,2.099217027425765991e-01,1.302522420883178711e-01,7.395785301923751831e-02,-5.171955004334449768e-02,1.295967549085617065e-01,2.018152326345443726e-01,-2.007400840520858765e-01,-2.004656493663787842e-01,-1.726724356412887573e-01,2.354269325733184814e-01,3.329896330833435059e-01,2.883677482604980469e-01,3.893429785966873169e-02,1.485287249088287354e-01,8.806076645851135254e-02,1.732401736080646515e-02,1.184088289737701416e-01,-1.713585704565048218e-01
5.113596916198730469e-01,5.325605273246765137e-01,3.177638351917266846e-01,3.056423664093017578e-01,2.952169477939605713e-01,3.245977461338043213e-01,1.447075158357620239e-01,3.543287217617034912e-01,1.016828566789627075e-01,-1.077391505241394043e-01,2.947372496128082275e-01,9.800687432289123535e-03,-7.301650196313858032e-02,1.261251047253608704e-02,-2.434889599680900574e-02,-1.459214836359024048e-01,-9.412555955350399017e-03,-7.022327184677124023e-02,-2.382730543613433838e-01,-1.815327256917953491e-01,-8.829701691865921021e-02,-1.226547658443450928e-01,-1.635482609272003174e-01,3.273860514163970947e-01,3.139421641826629639e-01,4.558535218238830566e-01,1.292021721601486206e-01,7.318180203437805176e-01,9.999999403953552246e-01,5.317127108573913574e-01,3.067529499530792236e-01,1.410372555255889893e-01,2.652109265327453613e-01,1.383483260869979858e-01,1.953380256891250610e-01,3.356262147426605225e-01,1.752512413077056408e-03,2.736113220453262329e-02,-8.349073678255081177e-02,2.312152981758117676e-01,4.058986306190490723e-01,3.340574204921722412e-01,-3.422314673662185669e-02,2.917792797088623047e-01,9.413035213947296143e-02,-2.270667813718318939e-03,2.658807635307312012e-01,-8.247423171997070312e-02
3.999210596084594727e-01,3.534697294235229492e-01,1.534827798604965210e-01,1.305239796638488770e-01,1.591855436563491821e-01,9.883441776037216187e-02,2.881714999675750732e-01,3.021318912506103516e-01,1.907078027725219727e-01,-2.451129443943500519e-02,3.867099881172180176e-01,5.893109831959009171e-03,4.527376592159271240e-02,2.864065468311309814e-01,2.969922870397567749e-02,1.543162763118743896e-01,3.380402326583862305e-01,3.373352065682411194e-02,2.415014803409576416e-01,3.738229721784591675e-02,8.341143280267715454e-02,1.183133795857429504e-01,2.151463329792022705e-01,4.831227064132690430e-01,1.622858643531799316e-01,3.381400704383850098e-01,-1.206404436379671097e-02,3.459524512290954590e-01,5.317127108573913574e-01,1.000000119209289551e+00,4.859260916709899902e-01,2.909108996391296387e-01,9.157630056142807007e-02,2.129667848348617554e-01,2.769039869308471680e-01,6.940294504165649414e-01,2.814248204231262207e-01,9.411335736513137817e-02,2.395417094230651855e-01,5.402722358703613281e-01,1.940259188413619995e-01,4.976677000522613525e-01,1.350565105676651001e-01,3.718644380569458008e-01,2.189572304487228394e-01,1.110912188887596130e-01,3.783076405525207520e-01,2.899070382118225098e-01
2.469059526920318604e-01,4.410339593887329102e-01,1.242347210645675659e-01,2.130188792943954468e-01,-6.275211274623870850e-02,2.810117900371551514e-01,4.489378631114959717e-01,1.238010376691818237e-01,3.962938785552978516e-01,4.416212141513824463e-01,2.148309946060180664e-01,4.019889235496520996e-01,4.484126865863800049e-01,1.680580228567123413e-01,2.220233231782913208e-01,3.516266047954559326e-01,3.747351765632629395e-01,6.206885576248168945e-01,3.254271149635314941e-01,4.946819543838500977e-01,6.325453519821166992e-01,6.347445845603942871e-01,4.608340263366699219e-01,7.252688407897949219e-01,7.934281975030899048e-02,1.803397536277770996e-01,8.077327162027359009e-02,2.099217027425765991e-01,3.067529499530792236e-01,4.859260916709899902e-01,1.000000834465026855e+00,7.213366031646728516e-01,3.679025545716285706e-02,2.460330426692962646e-01,3.067332208156585693e-01,5.638889670372009277e-01,2.258971184492111206e-01,1.777673214673995972e-01,4.708910584449768066e-01,4.789987206459045410e-01,4.432796537876129150e-01,5.914922952651977539e-01,5.317026376724243164e-01,2.595495581626892090e-01,3.785315155982971191e-01,6.160884499549865723e-01,6.427738666534423828e-01,4.280780255794525146e-01
2.087457031011581421e-01,3.717521131038665771e-01,1.763585209846496582e-01,2.316386848688125610e-01,-1.828141063451766968e-01,2.155569791793823242e-01,3.160456120967864990e-01,1.795624643564224243e-01,2.844310700893402100e-01,4.643976986408233643e-01,2.596542239189147949e-01,4.276106953620910645e-01,4.719167649745941162e-01,1.056882888078689575e-01,2.647569775581359863e-01,4.420072436332702637e-01,2.250265777111053467e-01,5.114557147026062012e-01,3.473254144191741943e-01,4.287972152233123779e-01,5.503271222114562988e-01,6.221917271614074707e-01,4.253728091716766357e-01,6.474398970603942871e-01,2.487694285809993744e-02,4.909358173608779907e-02,9.059847146272659302e-02,1.302522420883178711e-01,1.410372555255889893e-01,2.909108996391296387e-01,7.213366031646728516e-01,9.999998211860656738e-01,5.766375735402107239e-02,1.604534387588500977e-01,2.525345385074615479e-01,4.687970876693725586e-01,1.286250799894332886e-01,1.645872592926025391e-01,3.782134056091308594e-01,4.398284852504730225e-01,3.250753879547119141e-01,5.357787013053894043e-01,4.926902353763580322e-01,2.707504332065582275e-01,3.656124770641326904e-01,5.739132761955261230e-01,6.235805749893188477e-01,4.426534771919250488e-01
5.831114575266838074e-02,2.723796367645263672e-01,-1.073356866836547852e-01,-1.002621129155158997e-01,-1.451767086982727051e-01,7.504819333553314209e-02,-1.177700459957122803e-01,3.293990790843963623e-01,2.128069475293159485e-02,-1.775251924991607666e-01,2.380738593637943268e-02,-1.356545984745025635e-01,-1.245817765593528748e-01,1.796786487102508545e-01,2.383406758308410645e-01,-4.705173149704933167e-02,-1.909492909908294678e-01,-5.826729536056518555e-02,-1.071578562259674072e-01,-2.957131527364253998e-02,-5.106682330369949341e-02,-2.017825609073042870e-03,-1.033205389976501465e-01,5.848684534430503845e-02,4.730846583843231201e-01,-1.127817258238792419e-01,6.825237870216369629e-01,7.395785301923751831e-02,2.652109265327453613e-01,9.157630056142807007e-02,3.679025545716285706e-02,5.766375735402107239e-02,1.000000476837158203e+00,2.320671379566192627e-01,3.806542232632637024e-02,3.865873441100120544e-02,2.225408852100372314e-01,4.261726737022399902e-01,-1.307556778192520142e-01,2.639065962284803391e-03,2.845263779163360596e-01,1.959588006138801575e-02,-1.480912268161773682e-01,1.812268346548080444e-01,-1.566495597362518311e-01,-4.169014096260070801e-02,2.151209488511085510e-02,-1.232505217194557190e-02
