9.999999403953552246e-01,5.257507562637329102e-01,5.167752504348754883e-01,1.447430402040481567e-01,5.383996367454528809e-01,4.449328184127807617e-01,1.741930395364761353e-01,-1.777730695903301239e-02,2.582207322120666504e-01,2.000488638877868652e-01,3.315816819667816162e-01,6.125985383987426758e-01,3.400940895080566406e-01,5.364001989364624023e-01,2.876550257205963135e-01,4.130244553089141846e-01,4.579432010650634766e-01,2.527851462364196777e-01,1.366787031292915344e-02,4.198374226689338684e-02,3.372909426689147949e-01
5.257507562637329102e-01,1.000000238418579102e+00,1.687723100185394287e-01,1.964656263589859009e-01,1.996697187423706055e-01,4.285101294517517090e-01,2.860438823699951172e-01,4.324408993124961853e-02,2.854294478893280029e-01,2.647777199745178223e-01,1.900209188461303711e-01,4.152775108814239502e-01,4.063210487365722656e-01,8.366450667381286621e-02,2.645686864852905273e-01,-1.294299121946096420e-02,6.616915762424468994e-02,1.176615655422210693e-01,5.294549465179443359e-02,1.028973683714866638e-01,1.130841746926307678e-01
5.167752504348754883e-01,1.687723100185394287e-01,1.000000357627868652e+00,3.456008732318878174e-01,5.102503299713134766e-01,2.926525771617889404e-01,6.736929714679718018e-02,3.966100811958312988e-01,3.623958826065063477e-01,3.974327445030212402e-01,2.023036479949951172e-01,3.552887141704559326e-01,6.502050906419754028e-02,7.015647888183593750e-01,2.463656663894653320e-01,2.866732180118560791e-01,4.166376292705535889e-01,2.031037211418151855e-01,2.598255276679992676e-01,2.556971311569213867e-01,2.465102821588516235e-01
1.447430402040481567e-01,1.964656263589859009e-01,3.456008732318878174e-01,9.999997615814208984e-01,-7.143212109804153442e-02,3.060178756713867188e-01,3.438501060009002686e-01,4.458357691764831543e-01,4.045294523239135742e-01,2.146168947219848633e-01,-1.303705573081970215e-02,-1.422062516212463379e-01,-3.312937617301940918e-01,3.023361265659332275e-01,5.116711854934692383e-01,-2.898295223712921143e-01,1.744349896907806396e-01,4.786872267723083496e-01,5.107867717742919922e-01,4.271278977394104004e-01,-1.043855249881744385e-01
5.383996367454528809e-01,1.996697187423706055e-01,5.102503299713134766e-01,-7.143212109804153442e-02,1.000000238418579102e+00,2.731522321701049805e-01,-4.522690549492835999e-02,-1.296817064285278320e-01,6.810098886489868164e-02,1.535568833351135254e-01,2.555011212825775146e-01,5.181965231895446777e-01,3.721556067466735840e-01,5.380100607872009277e-01,1.088597923517227173e-01,6.188998818397521973e-01,3.469804227352142334e-01,-3.440024331212043762e-02,-2.387332916259765625e-02,-3.416346386075019836e-02,2.860128283500671387e-01
4.449328184127807617e-01,4.285101294517517090e-01,2.926525771617889404e-01,3.060178756713867188e-01,2.731522321701049805e-01,9.999997615814208984e-01,4.487611949443817139e-01,1.470209211111068726e-01,3.240346908569335938e-01,2.130745947360992432e-01,3.426774740219116211e-01,4.341887831687927246e-01,2.837910056114196777e-01,2.789170145988464355e-01,2.943563461303710938e-01,1.318004280328750610e-01,2.940160930156707764e-01,3.730063140392303467e-01,1.643710434436798096e-01,1.743143200874328613e-01,3.225200474262237549e-01
1.741930395364761353e-01,2.860438823699951172e-01,6.736929714679718018e-02,3.438501060009002686e-01,-4.522690549492835999e-02,4.487611949443817139e-01,1.000000000000000000e+00,1.581108421087265015e-01,2.524313926696777344e-01,2.235542088747024536e-01,1.735964268445968628e-01,1.201342791318893433e-01,3.535008057951927185e-02,3.528942397679202259e-05,3.490948379039764404e-01,-1.320761293172836304e-01,5.358231812715530396e-02,3.085289299488067627e-01,1.957294344902038574e-01,2.604192793369293213e-01,7.612323015928268433e-02
-1.777730695903301239e-02,4.324408993124961853e-02,3.966100811958312988e-01,4.458357691764831543e-01,-1.296817064285278320e-01,1.470209211111068726e-01,1.581108421087265015e-01,1.000000476837158203e+00,4.126769304275512695e-01,3.249836564064025879e-01,8.214678615331649780e-02,-1.278981864452362061e-01,-2.556133568286895752e-01,2.608182430267333984e-01,1.451191455125808716e-01,-2.232366800308227539e-01,1.097444668412208557e-01,2.055109143257141113e-01,5.034743547439575195e-01,4.763779342174530029e-01,6.189454346895217896e-02
2.582207322120666504e-01,2.854294478893280029e-01,3.623958826065063477e-01,4.045294523239135742e-01,6.810098886489868164e-02,3.240346908569335938e-01,2.524313926696777344e-01,4.126769304275512695e-01,1.000000000000000000e+00,4.580569863319396973e-01,2.342157065868377686e-01,9.471157193183898926e-02,-4.396032541990280151e-02,2.067369520664215088e-01,3.068034946918487549e-01,-1.045494526624679565e-01,2.906498312950134277e-01,3.585403859615325928e-01,4.768556058406829834e-01,4.703715443611145020e-01,1.531006544828414917e-01
2.000488638877868652e-01,2.647777199745178223e-01,3.974327445030212402e-01,2.146168947219848633e-01,1.535568833351135254e-01,2.130745947360992432e-01,2.235542088747024536e-01,3.249836564064025879e-01,4.580569863319396973e-01,9.999997615814208984e-01,2.388746738433837891e-01,1.671430766582489014e-01,6.045325472950935364e-02,1.594455242156982422e-01,1.266343444585800171e-01,-1.423842646181583405e-02,1.642089635133743286e-01,1.543317288160324097e-01,2.908245325088500977e-01,5.040436387062072754e-01,1.155196726322174072e-01
3.315816819667816162e-01,1.900209188461303711e-01,2.023036479949951172e-01,-1.303705573081970215e-02,2.555011212825775146e-01,3.426774740219116211e-01,1.735964268445968628e-01,8.214678615331649780e-02,2.342157065868377686e-01,2.388746738433837891e-01,9.999997615814208984e-01,4.006755352020263672e-01,2.812007069587707520e-01,1.696573495864868164e-01,2.011481374502182007e-01,2.695214450359344482e-01,2.378832995891571045e-01,7.914569228887557983e-02,4.653059318661689758e-02,2.285878732800483704e-02,5.384062528610229492e-01
6.125985383987426758e-01,4.152775108814239502e-01,3.552887141704559326e-01,-1.422062516212463379e-01,5.181965231895446777e-01,4.341887831687927246e-01,1.201342791318893433e-01,-1.278981864452362061e-01,9.471157193183898926e-02,1.671430766582489014e-01,4.006755352020263672e-01,1.000000119209289551e+00,7.568991184234619141e-01,3.700121939182281494e-01,2.787102758884429932e-01,5.479369163513183594e-01,2.818276286125183105e-01,1.787880435585975647e-02,-1.428263038396835327e-01,-1.252505332231521606e-01,4.828765392303466797e-01
3.400940895080566406e-01,4.063210487365722656e-01,6.502050906419754028e-02,-3.312937617301940918e-01,3.721556067466735840e-01,2.837910056114196777e-01,3.535008057951927185e-02,-2.556133568286895752e-01,-4.396032541990280151e-02,6.045325472950935364e-02,2.812007069587707520e-01,7.568991184234619141e-01,1.000000119209289551e+00,8.884795010089874268e-02,8.098720759153366089e-02,4.344273805618286133e-01,6.796629168093204498e-03,-2.147200107574462891e-01,-3.054521977901458740e-01,-2.192810773849487305e-01,3.701591193675994873e-01
5.364001989364624023e-01,8.366450667381286621e-02,7.015647888183593750e-01,3.023361265659332275e-01,5.380100607872009277e-01,2.789170145988464355e-01,3.528942397679202259e-05,2.608182430267333984e-01,2.067369520664215088e-01,1.594455242156982422e-01,1.696573495864868164e-01,3.700121939182281494e-01,8.884795010089874268e-02,9.999995827674865723e-01,2.588973045349121094e-01,4.862767457962036133e-01,5.468003749847412109e-01,2.546152174472808838e-01,2.469956576824188232e-01,1.546016782522201538e-01,2.162268012762069702e-01
2.876550257205963135e-01,2.645686864852905273e-01,2.463656663894653320e-01,5.116711854934692383e-01,1.088597923517227173e-01,2.943563461303710938e-01,3.490948379039764404e-01,1.451191455125808716e-01,3.068034946918487549e-01,1.266343444585800171e-01,2.011481374502182007e-01,2.787102758884429932e-01,8.098720759153366089e-02,2.588973045349121094e-01,9.999999403953552246e-01,7.499463856220245361e-02,2.100192010402679443e-01,3.539229035377502441e-01,2.834159135818481445e-01,1.527798324823379517e-01,1.691883057355880737e-01
4.130244553089141846e-01,-1.294299121946096420e-02,2.866732180118560791e-01,-2.898295223712921143e-01,6.188998818397521973e-01,1.318004280328750610e-01,-1.320761293172836304e-01,-2.232366800308227539e-01,-1.045494526624679565e-01,-1.423842646181583405e-02,2.695214450359344482e-01,5.479369163513183594e-01,4.344273805618286133e-01,4.862767457962036133e-01,7.499463856220245361e-02,1.000000238418579102e+00,3.776012659072875977e-01,-9.116134792566299438e-02,-1.686604171991348267e-01,-2.234387993812561035e-01,3.382156789302825928e-01
4.579432010650634766e-01,6.616915762424468994e-02,4.166376292705535889e-01,1.744349896907806396e-01,3.469804227352142334e-01,2.940160930156707764e-01,5.358231812715530396e-02,1.097444668412208557e-01,2.906498312950134277e-01,1.642089635133743286e-01,2.378832995891571045e-01,2.818276286125183105e-01,6.796629168093204498e-03,5.468003749847412109e-01,2.100192010402679443e-01,3.776012659072875977e-01,9.999997615814208984e-01,5.005405545234680176e-01,3.505321145057678223e-01,1.998446732759475708e-01,2.745977640151977539e-01
2.527851462364196777e-01,1.176615655422210693e-01,2.031037211418151855e-01,4.786872267723083496e-01,-3.440024331212043762e-02,3.730063140392303467e-01,3.085289299488067627e-01,2.055109143257141113e-01,3.585403859615325928e-01,1.543317288160324097e-01,7.914569228887557983e-02,1.787880435585975647e-02,-2.147200107574462891e-01,2.546152174472808838e-01,3.539229035377502441e-01,-9.116134792566299438e-02,5.005405545234680176e-01,1.000000000000000000e+00,4.239336252212524414e-01,3.570799827575683594e-01,4.412914067506790161e-02
1.366787031292915344e-02,5.294549465179443359e-02,2.598255276679992676e-01,5.107867717742919922e-01,-2.387332916259765625e-02,1.643710434436798096e-01,1.957294344902038574e-01,5.034743547439575195e-01,4.768556058406829834e-01,2.908245325088500977e-01,4.653059318661689758e-02,-1.428263038396835327e-01,-3.054521977901458740e-01,2.469956576824188232e-01,2.834159135818481445e-01,-1.686604171991348267e-01,3.505321145057678223e-01,4.239336252212524414e-01,9.999994039535522461e-01,6.054182648658752441e-01,-2.906592190265655518e-02
4.198374226689338684e-02,1.028973683714866638e-01,2.556971311569213867e-01,4.271278977394104004e-01,-3.416346386075019836e-02,1.743143200874328613e-01,2.604192793369293213e-01,4.763779342174530029e-01,4.703715443611145020e-01,5.040436387062072754e-01,2.285878732800483704e-02,-1.252505332231521606e-01,-2.192810773849487305e-01,1.546016782522201538e-01,1.527798324823379517e-01,-2.234387993812561035e-01,1.998446732759475708e-01,3.570799827575683594e-01,6.054182648658752441e-01,9.999998211860656738e-01,-6.646940112113952637e-02
3.372909426689147949e-01,1.130841746926307678e-01,2.465102821588516235e-01,-1.043855249881744385e-01,2.860128283500671387e-01,3.225200474262237549e-01,7.612323015928268433e-02,6.189454346895217896e-02,1.531006544828414917e-01,1.155196726322174072e-01,5.384062528610229492e-01,4.828765392303466797e-01,3.701591193675994873e-01,2.162268012762069702e-01,1.691883057355880737e-01,3.382156789302825928e-01,2.745977640151977539e-01,4.412914067506790161e-02,-2.906592190265655518e-02,-6.646940112113952637e-02,9.999999403953552246e-01
