1.000000357627868652e+00,4.696145355701446533e-01,5.846575498580932617e-01,4.074244201183319092e-01,4.301897287368774414e-01,5.677208304405212402e-01,5.168344378471374512e-01,4.146763384342193604e-01,1.963259428739547729e-01,4.643011093139648438e-01,2.914649248123168945e-01,5.196474194526672363e-01,4.265883564949035645e-01,2.360799312591552734e-01,2.689773738384246826e-01,4.218126535415649414e-01,4.784233570098876953e-01,3.256384730339050293e-01,5.433109998703002930e-01,4.080471396446228027e-01,4.135312438011169434e-01,3.752581477165222168e-01,4.475343227386474609e-01,4.248691499233245850e-01,2.086307555437088013e-01,5.578408837318420410e-01,-1.354288402944803238e-02,5.735925436019897461e-01,3.751927018165588379e-01,2.264236658811569214e-01,4.776799976825714111e-01,3.247696161270141602e-01,2.641042470932006836e-01,-7.818005979061126709e-02,3.162575066089630127e-01,1.942453682422637939e-01,8.149422705173492432e-02,-4.491315037012100220e-02,3.175714910030364990e-01,4.670782983303070068e-01,4.008222520351409912e-01,4.872109293937683105e-01,4.796770513057708740e-01,2.739038169384002686e-01,3.263000845909118652e-01,4.618723094463348389e-01,2.135346978902816772e-01,3.798465430736541748e-01
4.696145355701446533e-01,9.999997615814208984e-01,4.841116368770599365e-01,4.955113232135772705e-01,1.957433223724365234e-01,5.502552390098571777e-01,4.578779339790344238e-01,3.351797163486480713e-01,2.105493992567062378e-01,5.006303191184997559e-01,2.100807875394821167e-01,4.831972718238830566e-01,3.223104178905487061e-01,2.509175837039947510e-01,2.556246221065521240e-01,2.607224881649017334e-01,4.207974970340728760e-01,3.844507932662963867e-01,3.685923218727111816e-01,4.468203186988830566e-01,4.410422444343566895e-01,4.235201478004455566e-01,2.883556485176086426e-01,2.971192896366119385e-01,9.544252604246139526e-02,4.397695958614349365e-01,1.234390139579772949e-01,4.683412909507751465e-01,4.284835159778594971e-01,3.401921689510345459e-01,5.514688491821289062e-01,4.445933997631072998e-01,2.033908665180206299e-01,1.198391616344451904e-01,2.814485132694244385e-01,1.893564909696578979e-01,2.079854011535644531e-01,8.699074387550354004e-02,2.741079330444335938e-01,3.769377470016479492e-01,4.238626658916473389e-01,5.779570341110229492e-01,4.802621901035308838e-01,4.835768938064575195e-01,3.887184262275695801e-01,5.349637269973754883e-01,3.556728065013885498e-01,2.294131815433502197e-01
5.846575498580932617e-01,4.841116368770599365e-01,9.999995827674865723e-01,7.196280956268310547e-01,4.795578122138977051e-01,4.494507312774658203e-01,5.334781408309936523e-01,1.948317140340805054e-01,6.832899898290634155e-02,4.769121110439300537e-01,7.671917229890823364e-02,4.827523529529571533e-01,3.549086451530456543e-01,6.947363913059234619e-02,2.984889447689056396e-01,3.446071147918701172e-01,3.280151486396789551e-01,1.859110146760940552e-01,4.541065990924835205e-01,2.746568620204925537e-01,3.345487713813781738e-01,2.594378292560577393e-01,2.539653182029724121e-01,3.352729678153991699e-01,2.430666051805019379e-02,8.233394622802734375e-01,1.974158138036727905e-01,7.525431513786315918e-01,5.341797471046447754e-01,2.806452810764312744e-01,3.300012648105621338e-01,2.639856338500976562e-01,5.512602999806404114e-02,-7.726345956325531006e-02,2.677338123321533203e-01,1.985360085964202881e-01,-8.865339308977127075e-02,-9.881822019815444946e-02,3.895269632339477539e-01,3.745070397853851318e-01,4.454914331436157227e-01,4.580793678760528564e-01,5.310654044151306152e-01,3.193517625331878662e-01,3.337147533893585205e-01,4.346075654029846191e-01,5.948204919695854187e-02,1.297599375247955322e-01
4.074244201183319092e-01,4.955113232135772705e-01,7.196280956268310547e-01,1.000000476837158203e+00,3.785414695739746094e-01,4.218127727508544922e-01,5.088903307914733887e-01,1.514740437269210815e-01,7.508602738380432129e-02,3.686721324920654297e-01,5.309994518756866455e-02,3.456087410449981689e-01,2.643685936927795410e-01,6.973902881145477295e-02,2.188917249441146851e-01,2.624379098415374756e-01,3.287512063980102539e-01,2.310850769281387329e-01,3.559609651565551758e-01,2.325752973556518555e-01,3.009578585624694824e-01,3.051744103431701660e-01,2.142155319452285767e-01,2.075191438198089600e-01,4.114249255508184433e-03,6.307358741760253906e-01,2.588232457637786865e-01,6.575969457626342773e-01,4.317058920860290527e-01,1.983824968338012695e-01,2.587552666664123535e-01,2.401429861783981323e-01,8.176305145025253296e-02,4.706097766757011414e-02,2.067923098802566528e-01,1.110882908105850220e-01,-2.236653305590152740e-02,-3.391291713342070580e-03,3.943004906177520752e-01,2.816032171249389648e-01,4.674981534481048584e-01,4.014411568641662598e-01,3.723317384719848633e-01,3.814101517200469971e-01,2.706085741519927979e-01,3.402737081050872803e-01,6.819274276494979858e-02,1.449683308601379395e-01
4.301897287368774414e-01,1.957433223724365234e-01,4.795578122138977051e-01,3.785414695739746094e-01,1.000000476837158203e+00,2.442668229341506958e-01,3.518910706043243408e-01,1.443251371383666992e-01,5.747358873486518860e-02,1.384890675544738770e-01,4.514105990529060364e-02,2.318659275770187378e-01,9.663420915603637695e-02,-2.047445811331272125e-02,-1.881856843829154968e-02,1.508237570524215698e-01,1.658188998699188232e-01,-8.703584969043731689e-02,2.851007878780364990e-01,-1.411647535860538483e-02,1.542652677744626999e-02,-9.578073397278785706e-03,1.315364837646484375e-01,2.331962287425994873e-01,-1.216277182102203369e-01,4.528606534004211426e-01,1.162430346012115479e-01,3.710778951644897461e-01,3.697444796562194824e-01,2.110149562358856201e-01,7.911267876625061035e-02,-5.455278605222702026e-02,-4.707695171236991882e-02,-2.198947072029113770e-01,1.464842110872268677e-01,2.919973134994506836e-01,-3.463009595870971680e-01,-3.325146138668060303e-01,3.208064436912536621e-01,1.649678051471710205e-01,3.562479615211486816e-01,2.323768138885498047e-01,2.665548026561737061e-01,1.078032553195953369e-01,4.501841217279434204e-02,1.185293868184089661e-01,-2.382902242243289948e-02,4.637329280376434326e-02
5.677208304405212402e-01,5.502552390098571777e-01,4.494507312774658203e-01,4.218127727508544922e-01,2.442668229341506958e-01,9.999997615814208984e-01,6.382485628128051758e-01,3.768776357173919678e-01,3.138269782066345215e-01,5.117172598838806152e-01,3.618029952049255371e-01,5.442919135093688965e-01,5.012191534042358398e-01,2.873450517654418945e-01,3.390581905841827393e-01,4.405905902385711670e-01,6.433473229408264160e-01,4.955624938011169434e-01,5.464107394218444824e-01,5.888713002204895020e-01,5.292530059814453125e-01,5.099043846130371094e-01,5.264635682106018066e-01,4.453593492507934570e-01,2.698952555656433105e-01,4.655133485794067383e-01,1.674699783325195312e-01,4.633983969688415527e-01,3.402912914752960205e-01,2.366630136966705322e-01,5.370508432388305664e-01,3.906030654907226562e-01,2.870588302612304688e-01,1.578679829835891724e-01,4.256656765937805176e-01,1.058712415397167206e-02,2.450098991394042969e-01,1.524477303028106689e-01,3.924322724342346191e-01,4.242572188377380371e-01,4.632902741432189941e-01,4.132758677005767822e-01,4.670282006263732910e-01,3.853812813758850098e-01,2.884874343872070312e-01,5.352849364280700684e-01,2.693327367305755615e-01,3.672592043876647949e-01
5.168344378471374512e-01,4.578779339790344238e-01,5.334781408309936523e-01,5.088903307914733887e-01,3.518910706043243408e-01,6.382485628128051758e-01,1.000000238418579102e+00,4.429569840431213379e-01,4.195711016654968262e-01,4.860147535800933838e-01,5.479773283004760742e-01,6.279596686363220215e-01,4.377418160438537598e-01,4.636099636554718018e-01,2.790026068687438965e-01,3.243904113769531250e-01,7.717645168304443359e-01,3.937791287899017334e-01,4.326823651790618896e-01,3.681385517120361328e-01,4.287323653697967529e-01,4.520398378372192383e-01,5.890940427780151367e-01,3.529551029205322266e-01,2.105494737625122070e-01,5.860103964805603027e-01,2.004401683807373047e-01,4.791804552078247070e-01,4.358724355697631836e-01,5.183095932006835938e-01,4.845880866050720215e-01,2.712766528129577637e-01,2.189217358827590942e-01,1.341383457183837891e-01,2.692491412162780762e-01,2.979580499231815338e-02,1.823294311761856079e-01,2.977287583053112030e-02,3.384600579738616943e-01,3.956775367259979248e-01,5.390897989273071289e-01,4.406345188617706299e-01,3.610222935676574707e-01,3.064250051975250244e-01,2.867369949817657471e-01,4.851454496383666992e-01,1.774654388427734375e-01,4.912526607513427734e-01
4.146763384342193604e-01,3.351797163486480713e-01,1.948317140340805054e-01,1.514740437269210815e-01,1.443251371383666992e-01,3.768776357173919678e-01,4.429569840431213379e-01,1.000000476837158203e+00,5.816134810447692871e-01,2.436113655567169189e-01,5.576776266098022461e-01,4.195211529731750488e-01,2.617264688014984131e-01,4.545802772045135498e-01,2.451025247573852539e-01,3.294878900051116943e-01,5.166479945182800293e-01,2.801419198513031006e-01,3.205781877040863037e-01,3.696520924568176270e-01,3.743368387222290039e-01,3.860438466072082520e-01,4.945569932460784912e-01,3.091608285903930664e-01,2.572520375251770020e-01,2.028869986534118652e-01,1.017315238714218140e-01,2.075424194335937500e-01,2.570016980171203613e-01,4.362983405590057373e-01,5.099347829818725586e-01,3.196800947189331055e-01,3.019729852676391602e-01,1.158465892076492310e-01,3.152826726436614990e-01,9.830968081951141357e-02,2.136650085449218750e-01,9.193792939186096191e-02,7.727240025997161865e-02,4.910165667533874512e-01,2.834431529045104980e-01,4.023272097110748291e-01,2.264914214611053467e-01,3.712153732776641846e-01,1.965159028768539429e-01,3.130455613136291504e-01,2.721563875675201416e-01,4.929862916469573975e-01
1.963259428739547729e-01,2.105493992567062378e-01,6.832899898290634155e-02,7.508602738380432129e-02,5.747358873486518860e-02,3.138269782066345215e-01,4.195711016654968262e-01,5.816134810447692871e-01,9.999998211860656738e-01,1.285859495401382446e-01,6.355701088905334473e-01,3.127425909042358398e-01,2.147884517908096313e-01,4.406473934650421143e-01,1.539254933595657349e-01,2.624110281467437744e-01,4.860159456729888916e-01,1.275705695152282715e-01,1.451793015003204346e-01,1.987522393465042114e-01,2.421476691961288452e-01,2.673519253730773926e-01,4.428475201129913330e-01,2.427973747253417969e-01,2.247037887573242188e-01,6.169487908482551575e-02,2.478703111410140991e-02,1.163303181529045105e-01,1.461712867021560669e-01,4.098037183284759521e-01,3.211601376533508301e-01,2.439704090356826782e-01,1.982245594263076782e-01,1.638107150793075562e-01,2.652103006839752197e-01,2.069311589002609253e-02,2.085747420787811279e-01,1.408361941576004028e-01,4.440880566835403442e-02,3.237956762313842773e-01,1.762206852436065674e-01,2.722959816455841064e-01,3.725225850939750671e-02,4.528565406799316406e-01,7.785795629024505615e-02,2.181761711835861206e-01,1.637588143348693848e-01,4.115461111068725586e-01
4.643011093139648438e-01,5.006303191184997559e-01,4.769121110439300537e-01,3.686721324920654297e-01,1.384890675544738770e-01,5.117172598838806152e-01,4.860147535800933838e-01,2.436113655567169189e-01,1.285859495401382446e-01,1.000000119209289551e+00,1.913926005363464355e-01,8.088207244873046875e-01,5.808014273643493652e-01,2.464314103126525879e-01,6.616695523262023926e-01,4.841237962245941162e-01,4.859217405319213867e-01,4.542856514453887939e-01,5.085309743881225586e-01,5.607829093933105469e-01,5.783103704452514648e-01,4.951053559780120850e-01,3.947214186191558838e-01,2.875895798206329346e-01,1.799492835998535156e-01,5.098158121109008789e-01,2.518575191497802734e-01,4.821174740791320801e-01,4.292050600051879883e-01,1.390160620212554932e-01,4.794549643993377686e-01,4.085570275783538818e-01,2.265211045742034912e-01,1.677867323160171509e-01,2.892027497291564941e-01,6.583251059055328369e-02,2.779091298580169678e-01,2.779789865016937256e-01,4.224910140037536621e-01,4.121914803981781006e-01,3.620097339153289795e-01,6.192536950111389160e-01,6.432611346244812012e-01,4.835321009159088135e-01,6.713088154792785645e-01,7.702667117118835449e-01,2.217858731746673584e-01,3.174292147159576416e-01
2.914649248123168945e-01,2.100807875394821167e-01,7.671917229890823364e-02,5.309994518756866455e-02,4.514105990529060364e-02,3.618029952049255371e-01,5.479773283004760742e-01,5.576776266098022461e-01,6.355701088905334473e-01,1.913926005363464355e-01,1.000000238418579102e+00,3.902478516101837158e-01,1.719460487365722656e-01,6.178905963897705078e-01,1.662786900997161865e-01,1.966425776481628418e-01,5.725846886634826660e-01,2.115749865770339966e-01,1.359323412179946899e-01,1.618409752845764160e-01,2.274743765592575073e-01,2.513613104820251465e-01,4.675329029560089111e-01,1.766649186611175537e-01,2.091843783855438232e-01,1.421522051095962524e-01,7.398689538240432739e-02,8.179720491170883179e-02,2.615977525711059570e-01,5.080685019493103027e-01,3.298513293266296387e-01,1.113217696547508240e-01,1.786559671163558960e-01,1.552924960851669312e-01,1.682006418704986572e-01,1.475768443197011948e-02,2.606312036514282227e-01,5.819681286811828613e-02,4.476485028862953186e-02,3.221971094608306885e-01,2.148059904575347900e-01,2.688189446926116943e-01,5.580028519034385681e-02,2.809862196445465088e-01,1.115363463759422302e-01,2.117046117782592773e-01,1.597480922937393188e-01,5.688027143478393555e-01
5.196474194526672363e-01,4.831972718238830566e-01,4.827523529529571533e-01,3.456087410449981689e-01,2.318659275770187378e-01,5.442919135093688965e-01,6.279596686363220215e-01,4.195211529731750488e-01,3.127425909042358398e-01,8.088207244873046875e-01,3.902478516101837158e-01,9.999995827674865723e-01,5.767419934272766113e-01,3.933813869953155518e-01,6.404408812522888184e-01,5.174956321716308594e-01,5.724247694015502930e-01,3.981443643569946289e-01,4.986156225204467773e-01,4.849565327167510986e-01,5.385774374008178711e-01,4.776895046234130859e-01,4.730414450168609619e-01,3.069536089897155762e-01,2.441320717334747314e-01,5.266654491424560547e-01,2.173174172639846802e-01,4.870971739292144775e-01,4.436996281147003174e-01,3.017671108245849609e-01,5.195675492286682129e-01,3.793366849422454834e-01,2.638439536094665527e-01,2.443453967571258545e-01,3.377793431282043457e-01,5.798376724123954773e-02,3.132824003696441650e-01,2.545083463191986084e-01,3.931008875370025635e-01,4.212194085121154785e-01,4.253916442394256592e-01,6.329052448272705078e-01,5.892071127891540527e-01,4.459868967533111572e-01,5.806552171707153320e-01,7.392333745956420898e-01,2.219672948122024536e-01,4.068843722343444824e-01
4.265883564949035645e-01,3.223104178905487061e-01,3.549086451530456543e-01,2.643685936927795410e-01,9.663420915603637695e-02,5.012191534042358398e-01,4.377418160438537598e-01,2.617264688014984131e-01,2.147884517908096313e-01,5.808014273643493652e-01,1.719460487365722656e-01,5.767419934272766113e-01,9.999997615814208984e-01,2.474680542945861816e-01,4.870397448539733887e-01,6.007194519042968750e-01,5.091239809989929199e-01,5.295064449310302734e-01,5.313120484352111816e-01,6.339260339736938477e-01,6.450318694114685059e-01,6.085256934165954590e-01,5.733168125152587891e-01,4.870042800903320312e-01,2.235481292009353638e-01,3.637781441211700439e-01,2.124464698135852814e-02,3.182698488235473633e-01,1.465952992439270020e-01,6.678886711597442627e-02,5.382800698280334473e-01,4.964801967144012451e-01,1.769256591796875000e-01,9.473906457424163818e-02,3.226701021194458008e-01,6.230065599083900452e-03,2.495702952146530151e-01,2.059724479913711548e-01,4.335830807685852051e-01,4.375468492507934570e-01,3.261609971523284912e-01,3.691284358501434326e-01,4.505965709686279297e-01,1.964191347360610962e-01,4.232673645019531250e-01,6.181338429450988770e-01,3.494829833507537842e-01,3.916631340980529785e-01
2.360799312591552734e-01,2.509175837039947510e-01,6.947363913059234619e-02,6.973902881145477295e-02,-2.047445811331272125e-02,2.873450517654418945e-01,4.636099636554718018e-01,4.545802772045135498e-01,4.406473934650421143e-01,2.464314103126525879e-01,6.178905963897705078e-01,3.933813869953155518e-01,2.474680542945861816e-01,1.000000119209289551e+00,1.750664710998535156e-01,2.182534784078598022e-01,4.969222247600555420e-01,3.307813107967376709e-01,9.500315785408020020e-02,2.037669271230697632e-01,3.108987510204315186e-01,3.301759958267211914e-01,3.836763799190521240e-01,1.045082807540893555e-01,1.288650780916213989e-01,1.514392495155334473e-01,6.743911653757095337e-02,7.252348214387893677e-02,2.131601870059967041e-01,4.533869922161102295e-01,3.947246074676513672e-01,1.523778438568115234e-01,2.203659564256668091e-01,1.045095324516296387e-01,2.120600193738937378e-01,8.652710169553756714e-02,3.489042520523071289e-01,5.400189384818077087e-02,1.455964986234903336e-02,3.139517605304718018e-01,2.728165090084075928e-01,3.349858522415161133e-01,6.293025612831115723e-02,1.963343173265457153e-01,1.489917039871215820e-01,2.722726464271545410e-01,1.902013272047042847e-01,4.355794787406921387e-01
2.689773738384246826e-01,2.556246221065521240e-01,2.984889447689056396e-01,2.188917249441146851e-01,-1.881856843829154968e-02,3.390581905841827393e-01,2.790026068687438965e-01,2.451025247573852539e-01,1.539254933595657349e-01,6.616695523262023926e-01,1.662786900997161865e-01,6.404408812522888184e-01,4.870397448539733887e-01,1.750664710998535156e-01,9.999996423721313477e-01,5.504716634750366211e-01,2.969767451286315918e-01,2.335245013236999512e-01,4.116811156272888184e-01,3.532487750053405762e-01,3.345624804496765137e-01,2.995561361312866211e-01,2.461078912019729614e-01,1.372509896755218506e-01,3.321695625782012939e-01,3.685620427131652832e-01,3.009860217571258545e-01,3.976382911205291748e-01,4.146295785903930664e-01,-3.219703678041696548e-03,2.835991382598876953e-01,2.691238820552825928e-01,2.302082031965255737e-01,3.480703830718994141e-01,2.920312583446502686e-01,-4.285416752099990845e-02,3.431981205940246582e-01,5.353352427482604980e-01,2.529130280017852783e-01,2.542380094528198242e-01,2.181081622838973999e-01,4.007504582405090332e-01,4.567140936851501465e-01,3.893356025218963623e-01,5.903595089912414551e-01,6.004473567008972168e-01,1.311507672071456909e-01,2.594469487667083740e-01
4.218126535415649414e-01,2.607224881649017334e-01,3.446071147918701172e-01,2.624379098415374756e-01,1.508237570524215698e-01,4.405905902385711670e-01,3.243904113769531250e-01,3.294878900051116943e-01,2.624110281467437744e-01,4.841237962245941162e-01,1.966425776481628418e-01,5.174956321716308594e-01,6.007194519042968750e-01,2.182534784078598022e-01,5.504716634750366211e-01,9.999995827674865723e-01,4.204184412956237793e-01,4.151072204113006592e-01,6.071025133132934570e-01,5.014014840126037598e-01,4.698153138160705566e-01,4.627496302127838135e-01,4.641171693801879883e-01,4.012120366096496582e-01,1.755382716655731201e-01,3.593688607215881348e-01,5.382741987705230713e-02,3.352754414081573486e-01,2.085409462451934814e-01,-8.940401487052440643e-03,4.097298681735992432e-01,3.290670514106750488e-01,1.608861535787582397e-01,6.317207962274551392e-02,3.710077404975891113e-01,1.105777472257614136e-01,1.202955245971679688e-01,2.141855806112289429e-01,4.271727800369262695e-01,4.356864392757415771e-01,2.455194741487503052e-01,4.386844635009765625e-01,4.463199377059936523e-01,3.383649289608001709e-01,3.944871127605438232e-01,5.274683237075805664e-01,2.756460309028625488e-01,3.618386983871459961e-01
4.784233570098876953e-01,4.207974970340728760e-01,3.280151486396789551e-01,3.287512063980102539e-01,1.658188998699188232e-01,6.433473229408264160e-01,7.717645168304443359e-01,5.166479945182800293e-01,4.860159456729888916e-01,4.859217405319213867e-01,5.725846886634826660e-01,5.724247694015502930e-01,5.091239809989929199e-01,4.969222247600555420e-01,2.969767451286315918e-01,4.204184412956237793e-01,9.999998211860656738e-01,6.203845739364624023e-01,5.540357828140258789e-01,6.095702648162841797e-01,6.117363572120666504e-01,6.527977585792541504e-01,7.370038032531738281e-01,3.952288329601287842e-01,2.286643832921981812e-01,3.687433302402496338e-01,1.744159907102584839e-01,3.043868243694305420e-01,2.712050378322601318e-01,4.257347285747528076e-01,6.178374886512756348e-01,3.761289417743682861e-01,2.945387363433837891e-01,9.032861143350601196e-02,3.094747066497802734e-01,-2.891631238162517548e-02,2.623150944709777832e-01,1.210229247808456421e-01,2.794111371040344238e-01,5.163717269897460938e-01,3.824590742588043213e-01,4.682077765464782715e-01,3.665608465671539307e-01,3.541752696037292480e-01,3.114379048347473145e-01,5.359283089637756348e-01,3.073332011699676514e-01,6.084873080253601074e-01
3.256384730339050293e-01,3.844507932662963867e-01,1.859110146760940552e-01,2.310850769281387329e-01,-8.703584969043731689e-02,4.955624938011169434e-01,3.937791287899017334e-01,2.801419198513031006e-01,1.275705695152282715e-01,4.542856514453887939e-01,2.115749865770339966e-01,3.981443643569946289e-01,5.295064449310302734e-01,3.307813107967376709e-01,2.335245013236999512e-01,4.151072204113006592e-01,6.203845739364624023e-01,1.000000119209289551e+00,4.908509850502014160e-01,7.365958690643310547e-01,7.470536828041076660e-01,8.069754838943481445e-01,5.770649909973144531e-01,4.464721083641052246e-01,1.721242368221282959e-01,1.946861147880554199e-01,1.605918444693088531e-02,1.750692427158355713e-01,4.057786986231803894e-02,1.560478657484054565e-01,7.244580984115600586e-01,5.538526177406311035e-01,2.741633355617523193e-01,3.237415850162506104e-02,2.998352050781250000e-01,1.933711208403110504e-02,3.345002830028533936e-01,1.986258625984191895e-01,2.835491001605987549e-01,5.456212162971496582e-01,1.397093832492828369e-01,4.175242185592651367e-01,4.605337679386138916e-01,2.919313013553619385e-01,2.935641407966613770e-01,5.481184720993041992e-01,5.123204588890075684e-01,4.970135688781738281e-01
5.433109998703002930e-01,3.685923218727111816e-01,4.541065990924835205e-01,3.559609651565551758e-01,2.851007878780364990e-01,5.464107394218444824e-01,4.326823651790618896e-01,3.205781877040863037e-01,1.451793015003204346e-01,5.085309743881225586e-01,1.359323412179946899e-01,4.986156225204467773e-01,5.313120484352111816e-01,9.500315785408020020e-02,4.116811156272888184e-01,6.071025133132934570e-01,5.540357828140258789e-01,4.908509850502014160e-01,1.000000476837158203e+00,6.416565179824829102e-01,5.217851400375366211e-01,5.181978344917297363e-01,5.183498263359069824e-01,4.882337152957916260e-01,2.262280434370040894e-01,4.395301640033721924e-01,8.084642142057418823e-02,4.230306148529052734e-01,2.317698150873184204e-01,6.989675760269165039e-02,5.346863865852355957e-01,3.675574362277984619e-01,2.580362558364868164e-01,3.908603638410568237e-02,3.000452220439910889e-01,4.979838058352470398e-02,1.760175526142120361e-01,1.711003184318542480e-01,3.763770759105682373e-01,4.711682498455047607e-01,2.622005641460418701e-01,4.352351725101470947e-01,5.764746069908142090e-01,3.184079825878143311e-01,3.497622907161712646e-01,5.422015786170959473e-01,2.720023095607757568e-01,3.077028393745422363e-01
4.080471396446228027e-01,4.468203186988830566e-01,2.746568620204925537e-01,2.325752973556518555e-01,-1.411647535860538483e-02,5.888713002204895020e-01,3.681385517120361328e-01,3.696520924568176270e-01,1.987522393465042114e-01,5.607829093933105469e-01,1.618409752845764160e-01,4.849565327167510986e-01,6.339260339736938477e-01,2.037669271230697632e-01,3.532487750053405762e-01,5.014014840126037598e-01,6.095702648162841797e-01,7.365958690643310547e-01,6.416565179824829102e-01,9.999998211860656738e-01,8.099703788757324219e-01,7.727436423301696777e-01,6.036615967750549316e-01,4.761591553688049316e-01,1.930546611547470093e-01,2.655702233314514160e-01,4.886114597320556641e-02,2.882577478885650635e-01,1.157121360301971436e-01,9.302000701427459717e-02,6.767217516899108887e-01,6.020110249519348145e-01,2.682126760482788086e-01,7.207392156124114990e-02,3.338757157325744629e-01,-2.287638932466506958e-02,2.545534372329711914e-01,2.231499999761581421e-01,3.284403681755065918e-01,5.693490505218505859e-01,1.871913820505142212e-01,4.423936903476715088e-01,5.312787294387817383e-01,3.753015995025634766e-01,3.539632856845855713e-01,6.135519146919250488e-01,4.481331408023834229e-01,4.608066976070404053e-01
4.135312438011169434e-01,4.410422444343566895e-01,3.345487713813781738e-01,3.009578585624694824e-01,1.542652677744626999e-02,5.292530059814453125e-01,4.287323653697967529e-01,3.743368387222290039e-01,2.421476691961288452e-01,5.783103704452514648e-01,2.274743765592575073e-01,5.385774374008178711e-01,6.450318694114685059e-01,3.108987510204315186e-01,3.345624804496765137e-01,4.698153138160705566e-01,6.117363572120666504e-01,7.470536828041076660e-01,5.217851400375366211e-01,8.099703788757324219e-01,9.999995827674865723e-01,8.188907504081726074e-01,6.312397718429565430e-01,4.766459465026855469e-01,1.702109426259994507e-01,3.182153105735778809e-01,5.468341708183288574e-02,3.107990622520446777e-01,1.222427412867546082e-01,1.618541628122329712e-01,7.017411589622497559e-01,6.268490552902221680e-01,2.759941220283508301e-01,3.994394093751907349e-02,3.271934688091278076e-01,2.170202322304248810e-02,2.539571225643157959e-01,1.608856022357940674e-01,3.446756899356842041e-01,6.096937656402587891e-01,2.606717646121978760e-01,4.867159128189086914e-01,5.127407908439636230e-01,3.688863813877105713e-01,3.294558823108673096e-01,6.208794713020324707e-01,4.536500871181488037e-01,5.068054795265197754e-01
3.752581477165222168e-01,4.235201478004455566e-01,2.594378292560577393e-01,3.051744103431701660e-01,-9.578073397278785706e-03,5.099043846130371094e-01,4.520398378372192383e-01,3.860438466072082520e-01,2.673519253730773926e-01,4.951053559780120850e-01,2.513613104820251465e-01,4.776895046234130859e-01,6.085256934165954590e-01,3.301759958267211914e-01,2.995561361312866211e-01,4.627496302127838135e-01,6.527977585792541504e-01,8.069754838943481445e-01,5.181978344917297363e-01,7.727436423301696777e-01,8.188907504081726074e-01,9.999997019767761230e-01,7.112649083137512207e-01,5.036069750785827637e-01,2.258007675409317017e-01,2.385540604591369629e-01,5.543727427721023560e-02,2.566877603530883789e-01,6.064558029174804688e-02,1.686634123325347900e-01,7.278466820716857910e-01,6.705510616302490234e-01,3.063338100910186768e-01,1.102409139275550842e-01,3.121787309646606445e-01,-9.807961061596870422e-03,3.138248920440673828e-01,2.210527062416076660e-01,3.190038800239562988e-01,5.902343988418579102e-01,2.142735421657562256e-01,4.499908983707427979e-01,4.602877795696258545e-01,3.738014996051788330e-01,3.223702907562255859e-01,5.824413895606994629e-01,5.333757996559143066e-01,6.382898092269897461e-01
4.475343227386474609e-01,2.883556485176086426e-01,2.539653182029724121e-01,2.142155319452285767e-01,1.315364837646484375e-01,5.264635682106018066e-01,5.890940427780151367e-01,4.945569932460784912e-01,4.428475201129913330e-01,3.947214186191558838e-01,4.675329029560089111e-01,4.730414450168609619e-01,5.733168125152587891e-01,3.836763799190521240e-01,2.461078912019729614e-01,4.641171693801879883e-01,7.370038032531738281e-01,5.770649909973144531e-01,5.183498263359069824e-01,6.036615967750549316e-01,6.312397718429565430e-01,7.112649083137512207e-01,1.000000238418579102e+00,5.679901838302612305e-01,2.168084681034088135e-01,2.624182701110839844e-01,1.590524800121784210e-02,2.148969322443008423e-01,7.707627117633819580e-02,2.806916534900665283e-01,5.892875194549560547e-01,4.263479709625244141e-01,2.417242079973220825e-01,-1.290206424891948700e-02,2.433313280344009399e-01,7.394749671220779419e-02,1.980590671300888062e-01,7.896585017442703247e-02,2.906501889228820801e-01,6.197173595428466797e-01,2.858304381370544434e-01,3.659600615501403809e-01,2.822700738906860352e-01,2.697122991085052490e-01,2.090270370244979858e-01,4.426486492156982422e-01,4.388421177864074707e-01,6.968665719032287598e-01
4.248691499233245850e-01,2.971192896366119385e-01,3.352729678153991699e-01,2.075191438198089600e-01,2.331962287425994873e-01,4.453593492507934570e-01,3.529551029205322266e-01,3.091608285903930664e-01,2.427973747253417969e-01,2.875895798206329346e-01,1.766649186611175537e-01,3.069536089897155762e-01,4.870042800903320312e-01,1.045082807540893555e-01,1.372509896755218506e-01,4.012120366096496582e-01,3.952288329601287842e-01,4.464721083641052246e-01,4.882337152957916260e-01,4.761591553688049316e-01,4.766459465026855469e-01,5.036069750785827637e-01,5.679901838302612305e-01,1.000000476837158203e+00,2.265809625387191772e-01,3.241475224494934082e-01,-1.090295836329460144e-01,2.891320288181304932e-01,9.778667241334915161e-02,2.098582983016967773e-01,5.690456628799438477e-01,4.441697001457214355e-01,1.756330132484436035e-01,-4.923854768276214600e-02,3.085256814956665039e-01,3.111734688282012939e-01,9.229245036840438843e-02,3.367612510919570923e-02,3.586486577987670898e-01,5.288872122764587402e-01,2.752159535884857178e-01,2.215734124183654785e-01,3.772487044334411621e-01,1.920912861824035645e-01,1.205578595399856567e-01,3.393358290195465088e-01,4.593978226184844971e-01,3.414491117000579834e-01
2.086307555437088013e-01,9.544252604246139526e-02,2.430666051805019379e-02,4.114249255508184433e-03,-1.216277182102203369e-01,2.698952555656433105e-01,2.105494737625122070e-01,2.572520375251770020e-01,2.247037887573242188e-01,1.799492835998535156e-01,2.091843783855438232e-01,2.441320717334747314e-01,2.235481292009353638e-01,1.288650780916213989e-01,3.321695625782012939e-01,1.755382716655731201e-01,2.286643832921981812e-01,1.721242368221282959e-01,2.262280434370040894e-01,1.930546611547470093e-01,1.702109426259994507e-01,2.258007675409317017e-01,2.168084681034088135e-01,2.265809625387191772e-01,9.999996423721313477e-01,5.164936929941177368e-02,-1.246412917971611023e-01,2.402047514915466309e-01,-1.433916762471199036e-02,-2.602287381887435913e-02,2.838321328163146973e-01,2.430505603551864624e-01,3.720326125621795654e-01,4.030857980251312256e-01,3.287239670753479004e-01,-1.908833682537078857e-01,4.122160375118255615e-01,5.198215246200561523e-01,6.452260911464691162e-02,4.190331324934959412e-02,1.164280995726585388e-01,7.949686050415039062e-02,7.303095608949661255e-02,1.428820192813873291e-01,7.159624248743057251e-02,1.964750438928604126e-01,1.149126812815666199e-01,2.863673269748687744e-01
5.578408837318420410e-01,4.397695958614349365e-01,8.233394622802734375e-01,6.307358741760253906e-01,4.528606534004211426e-01,4.655133485794067383e-01,5.860103964805603027e-01,2.028869986534118652e-01,6.169487908482551575e-02,5.098158121109008789e-01,1.421522051095962524e-01,5.266654491424560547e-01,3.637781441211700439e-01,1.514392495155334473e-01,3.685620427131652832e-01,3.593688607215881348e-01,3.687433302402496338e-01,1.946861147880554199e-01,4.395301640033721924e-01,2.655702233314514160e-01,3.182153105735778809e-01,2.385540604591369629e-01,2.624182701110839844e-01,3.241475224494934082e-01,5.164936929941177368e-02,9.999995827674865723e-01,2.741542756557464600e-01,7.611834406852722168e-01,6.366108655929565430e-01,3.341594338417053223e-01,3.338385820388793945e-01,2.277595698833465576e-01,1.353585273027420044e-01,1.851879619061946869e-02,2.892001867294311523e-01,2.203046083450317383e-01,-2.498648315668106079e-02,-5.744389444589614868e-02,4.358820915222167969e-01,3.592987358570098877e-01,4.577432572841644287e-01,4.199522733688354492e-01,5.260440111160278320e-01,2.600604295730590820e-01,3.820121586322784424e-01,4.701715707778930664e-01,8.108546584844589233e-02,1.826006174087524414e-01
-1.354288402944803238e-02,1.234390139579772949e-01,1.974158138036727905e-01,2.588232457637786865e-01,1.162430346012115479e-01,1.674699783325195312e-01,2.004401683807373047e-01,1.017315238714218140e-01,2.478703111410140991e-02,2.518575191497802734e-01,7.398689538240432739e-02,2.173174172639846802e-01,2.124464698135852814e-02,6.743911653757095337e-02,3.009860217571258545e-01,5.382741987705230713e-02,1.744159907102584839e-01,1.605918444693088531e-02,8.084642142057418823e-02,4.886114597320556641e-02,5.468341708183288574e-02,5.543727427721023560e-02,1.590524800121784210e-02,-1.090295836329460144e-01,-1.246412917971611023e-01,2.741542756557464600e-01,1.000000119209289551e+00,2.369450777769088745e-01,5.000513195991516113e-01,1.875330060720443726e-01,-8.575615938752889633e-04,-1.414953917264938354e-02,2.332998216152191162e-01,1.616592705249786377e-01,8.961033076047897339e-02,9.831744432449340820e-02,8.659005165100097656e-02,4.213722795248031616e-02,1.478529125452041626e-01,6.557337194681167603e-02,1.487633734941482544e-01,1.691672205924987793e-01,1.778093576431274414e-01,2.571114897727966309e-01,2.273257821798324585e-01,1.766036152839660645e-01,-4.681705683469772339e-02,6.146549433469772339e-02
5.735925436019897461e-01,4.683412909507751465e-01,7.525431513786315918e-01,6.575969457626342773e-01,3.710778951644897461e-01,4.633983969688415527e-01,4.791804552078247070e-01,2.075424194335937500e-01,1.163303181529045105e-01,4.821174740791320801e-01,8.179720491170883179e-02,4.870971739292144775e-01,3.182698488235473633e-01,7.252348214387893677e-02,3.976382911205291748e-01,3.352754414081573486e-01,3.043868243694305420e-01,1.750692427158355713e-01,4.230306148529052734e-01,2.882577478885650635e-01,3.107990622520446777e-01,2.566877603530883789e-01,2.148969322443008423e-01,2.891320288181304932e-01,2.402047514915466309e-01,7.611834406852722168e-01,2.369450777769088745e-01,1.000000119209289551e+00,5.834537744522094727e-01,2.088930010795593262e-01,3.149352967739105225e-01,2.805795669555664062e-01,1.913416087627410889e-01,1.705141365528106689e-01,3.682101070880889893e-01,1.847709417343139648e-01,5.991213768720626831e-02,1.317172646522521973e-01,4.210470318794250488e-01,3.075175285339355469e-01,4.089339673519134521e-01,4.555424451828002930e-01,4.777415692806243896e-01,3.790953755378723145e-01,3.680032193660736084e-01,4.586023092269897461e-01,7.674967497587203979e-02,1.810591071844100952e-01
3.751927018165588379e-01,4.284835159778594971e-01,5.341797471046447754e-01,4.317058920860290527e-01,3.697444796562194824e-01,3.402912914752960205e-01,4.358724355697631836e-01,2.570016980171203613e-01,1.461712867021560669e-01,4.292050600051879883e-01,2.615977525711059570e-01,4.436996281147003174e-01,1.465952992439270020e-01,2.131601870059967041e-01,4.146295785903930664e-01,2.085409462451934814e-01,2.712050378322601318e-01,4.057786986231803894e-02,2.317698150873184204e-01,1.157121360301971436e-01,1.222427412867546082e-01,6.064558029174804688e-02,7.707627117633819580e-02,9.778667241334915161e-02,-1.433916762471199036e-02,6.366108655929565430e-01,5.000513195991516113e-01,5.834537744522094727e-01,9.999999403953552246e-01,4.716581106185913086e-01,2.412151545286178589e-01,1.419525146484375000e-01,1.942994743585586548e-01,1.196772605180740356e-01,2.838515937328338623e-01,3.316733837127685547e-01,7.021816447377204895e-03,-1.115437038242816925e-02,3.310947120189666748e-01,2.725531160831451416e-01,3.627605438232421875e-01,3.611278235912322998e-01,4.071257114410400391e-01,3.934508860111236572e-01,4.380068480968475342e-01,3.684712946414947510e-01,5.346460640430450439e-02,1.553981751203536987e-01
2.264236658811569214e-01,3.401921689510345459e-01,2.806452810764312744e-01,1.983824968338012695e-01,2.110149562358856201e-01,2.366630136966705322e-01,5.183095932006835938e-01,4.362983405590057373e-01,4.098037183284759521e-01,1.390160620212554932e-01,5.080685019493103027e-01,3.017671108245849609e-01,6.678886711597442627e-02,4.533869922161102295e-01,-3.219703678041696548e-03,-8.940401487052440643e-03,4.257347285747528076e-01,1.560478657484054565e-01,6.989675760269165039e-02,9.302000701427459717e-02,1.618541628122329712e-01,1.686634123325347900e-01,2.806916534900665283e-01,2.098582983016967773e-01,-2.602287381887435913e-02,3.341594338417053223e-01,1.875330060720443726e-01,2.088930010795593262e-01,4.716581106185913086e-01,1.000000000000000000e+00,4.190796315670013428e-01,1.764586418867111206e-01,1.088851690292358398e-01,8.250752836465835571e-02,2.427298426628112793e-01,3.241518437862396240e-01,1.080389618873596191e-01,-1.006700918078422546e-01,1.270891875028610229e-01,3.077349066734313965e-01,2.223104387521743774e-01,2.794114351272583008e-01,1.240377351641654968e-01,2.194850146770477295e-01,1.188845336437225342e-01,1.873981654644012451e-01,1.888695955276489258e-01,3.154937922954559326e-01
4.776799976825714111e-01,5.514688491821289062e-01,3.300012648105621338e-01,2.587552666664123535e-01,7.911267876625061035e-02,5.370508432388305664e-01,4.845880866050720215e-01,5.099347829818725586e-01,3.211601376533508301e-01,4.794549643993377686e-01,3.298513293266296387e-01,5.195675492286682129e-01,5.382800698280334473e-01,3.947246074676513672e-01,2.835991382598876953e-01,4.097298681735992432e-01,6.178374886512756348e-01,7.244580984115600586e-01,5.346863865852355957e-01,6.767217516899108887e-01,7.017411589622497559e-01,7.278466820716857910e-01,5.892875194549560547e-01,5.690456628799438477e-01,2.838321328163146973e-01,3.338385820388793945e-01,-8.575615938752889633e-04,3.149352967739105225e-01,2.412151545286178589e-01,4.190796315670013428e-01,1.000000357627868652e+00,6.674684882164001465e-01,3.079462051391601562e-01,1.193244382739067078e-01,4.186367988586425781e-01,1.586656570434570312e-01,3.059945404529571533e-01,1.746956855058670044e-01,2.916107773780822754e-01,5.786102414131164551e-01,2.713381648063659668e-01,5.155728459358215332e-01,5.330784320831298828e-01,3.578402101993560791e-01,3.430907130241394043e-01,6.043642163276672363e-01,5.295192003250122070e-01,5.050264596939086914e-01
3.247696161270141602e-01,4.445933997631072998e-01,2.639856338500976562e-01,2.401429861783981323e-01,-5.455278605222702026e-02,3.906030654907226562e-01,2.712766528129577637e-01,3.196800947189331055e-01,2.439704090356826782e-01,4.085570275783538818e-01,1.113217696547508240e-01,3.793366849422454834e-01,4.964801967144012451e-01,1.523778438568115234e-01,2.691238820552825928e-01,3.290670514106750488e-01,3.761289417743682861e-01,5.538526177406311035e-01,3.675574362277984619e-01,6.020110249519348145e-01,6.268490552902221680e-01,6.705510616302490234e-01,4.263479709625244141e-01,4.441697001457214355e-01,2.430505603551864624e-01,2.277595698833465576e-01,-1.414953917264938354e-02,2.805795669555664062e-01,1.419525146484375000e-01,1.764586418867111206e-01,6.674684882164001465e-01,1.000000119209289551e+00,2.441420108079910278e-01,1.532866358757019043e-01,3.308121263980865479e-01,-4.552019387483596802e-02,2.644037604331970215e-01,1.986494660377502441e-01,2.037805914878845215e-01,3.631766438484191895e-01,1.387434899806976318e-01,4.024045467376708984e-01,5.087564587593078613e-01,3.846888840198516846e-01,3.448889255523681641e-01,5.186795592308044434e-01,5.018045902252197266e-01,3.951500952243804932e-01
2.641042470932006836e-01,2.033908665180206299e-01,5.512602999806404114e-02,8.176305145025253296e-02,-4.707695171236991882e-02,2.870588302612304688e-01,2.189217358827590942e-01,3.019729852676391602e-01,1.982245594263076782e-01,2.265211045742034912e-01,1.786559671163558960e-01,2.638439536094665527e-01,1.769256591796875000e-01,2.203659564256668091e-01,2.302082031965255737e-01,1.608861535787582397e-01,2.945387363433837891e-01,2.741633355617523193e-01,2.580362558364868164e-01,2.682126760482788086e-01,2.759941220283508301e-01,3.063338100910186768e-01,2.417242079973220825e-01,1.756330132484436035e-01,3.720326125621795654e-01,1.353585273027420044e-01,2.332998216152191162e-01,1.913416087627410889e-01,1.942994743585586548e-01,1.088851690292358398e-01,3.079462051391601562e-01,2.441420108079910278e-01,1.000000357627868652e+00,1.882910132408142090e-01,2.768949270248413086e-01,8.946461230516433716e-02,4.434107840061187744e-01,2.967155575752258301e-01,1.275250315666198730e-01,2.607784569263458252e-01,1.893500685691833496e-01,2.233603447675704956e-01,1.536423414945602417e-01,2.906812727451324463e-01,1.636615097522735596e-01,2.281316816806793213e-01,2.093747705221176147e-01,2.867001295089721680e-01
