9.999994635581970215e-01,7.719407975673675537e-02,6.683899164199829102e-01,6.897315979003906250e-01,1.104759722948074341e-01,2.137782871723175049e-01,2.888056039810180664e-01,2.818655967712402344e-01,3.125297427177429199e-01,3.286072015762329102e-01,4.987810254096984863e-01,5.173318386077880859e-01,2.854218892753124237e-02,4.167509675025939941e-01,3.689573407173156738e-01,9.165972471237182617e-02,3.395367264747619629e-01,2.359891682863235474e-01,-3.078903444111347198e-02,4.493216872215270996e-01,7.155860066413879395e-01,2.863900959491729736e-01,-2.215601503849029541e-01,2.093607559800148010e-02,2.879901528358459473e-01,1.487571597099304199e-01,3.530907630920410156e-01,6.257476806640625000e-01,4.402373731136322021e-01,4.791107475757598877e-01,4.989255368709564209e-01,1.841328591108322144e-01,3.951775431632995605e-01,3.048090040683746338e-01,7.695194333791732788e-02,-6.527837365865707397e-02,1.576001495122909546e-01,1.459498554468154907e-01,-1.184909716248512268e-01,8.948538452386856079e-02,5.832895636558532715e-02,3.837062045931816101e-02,8.581731468439102173e-02,1.571823060512542725e-01,2.276804149150848389e-01,2.608758807182312012e-01,7.588192075490951538e-02,-5.053577199578285217e-02
7.719407975673675537e-02,1.000000119209289551e+00,2.175079584121704102e-01,-6.449741870164871216e-02,2.368459999561309814e-01,3.051047325134277344e-01,3.881348669528961182e-01,1.222204715013504028e-01,2.984584867954254150e-01,2.880788743495941162e-01,-1.048545539379119873e-01,-1.424971669912338257e-01,2.742022275924682617e-02,7.555067539215087891e-02,-1.714005507528781891e-02,-2.253880724310874939e-02,2.886264026165008545e-01,1.046650335192680359e-01,3.955741226673126221e-01,1.527605354785919189e-01,-6.787439435720443726e-02,7.415638864040374756e-02,1.857038587331771851e-01,1.572960168123245239e-01,7.891274988651275635e-03,4.465770125389099121e-01,1.969810873270034790e-01,3.834933042526245117e-01,5.675216317176818848e-01,-2.020036987960338593e-02,4.685858264565467834e-02,2.628773450851440430e-01,1.511760503053665161e-01,2.466125190258026123e-01,-4.524957761168479919e-02,1.968833655118942261e-01,2.192642688751220703e-01,1.057068184018135071e-01,2.853806316852569580e-01,2.187093794345855713e-01,3.999826908111572266e-01,6.564257144927978516e-01,4.994800984859466553e-01,4.200357794761657715e-01,6.062335371971130371e-01,5.606512427330017090e-01,2.041798382997512817e-01,3.806899487972259521e-01
6.683899164199829102e-01,2.175079584121704102e-01,1.000000000000000000e+00,7.021083235740661621e-01,2.408200651407241821e-01,4.139328598976135254e-01,5.641161203384399414e-01,3.718133270740509033e-01,4.336507618427276611e-01,3.662261664867401123e-01,3.838683962821960449e-01,3.950084149837493896e-01,1.783101558685302734e-01,4.255284070968627930e-01,3.814153671264648438e-01,9.053999185562133789e-02,5.566511154174804688e-01,3.231202363967895508e-01,1.800472438335418701e-01,5.182148218154907227e-01,4.850139617919921875e-01,2.818509936332702637e-01,2.473897859454154968e-02,8.697988092899322510e-02,6.286341696977615356e-02,3.999968767166137695e-01,1.351202577352523804e-01,4.884731471538543701e-01,4.443474113941192627e-01,1.677728295326232910e-01,3.004745244979858398e-01,1.836008876562118530e-01,3.776527047157287598e-01,3.487184047698974609e-01,-3.068163618445396423e-02,9.724356979131698608e-02,3.062943220138549805e-01,2.609540820121765137e-01,-3.278982359915971756e-03,3.118388056755065918e-01,1.619766652584075928e-01,1.390087157487869263e-01,2.013577371835708618e-01,3.124015331268310547e-01,2.709197402000427246e-01,2.902122437953948975e-01,9.877125918865203857e-02,3.330525383353233337e-02
6.897315979003906250e-01,-6.449741870164871216e-02,7.021083235740661621e-01,1.000000000000000000e+00,1.861137151718139648e-01,3.335852026939392090e-01,4.449773728847503662e-01,1.610641777515411377e-01,1.595791280269622803e-01,1.087958365678787231e-01,3.087263107299804688e-01,3.792659044265747070e-01,1.462483108043670654e-01,2.789856195449829102e-01,3.570612668991088867e-01,1.042166724801063538e-01,4.751740694046020508e-01,5.016053318977355957e-01,1.428055316209793091e-01,5.166411399841308594e-01,5.469304919242858887e-01,4.418826401233673096e-01,-1.303586810827255249e-01,3.909333050251007080e-02,5.635809525847434998e-02,1.918430626392364502e-01,3.933307155966758728e-02,4.822189211845397949e-01,2.310357540845870972e-01,1.592889577150344849e-01,3.307188451290130615e-01,6.325296312570571899e-02,1.909345239400863647e-01,1.887975782155990601e-01,4.002746194601058960e-02,-6.705904006958007812e-02,1.467500329017639160e-01,1.636814326047897339e-01,-2.111047953367233276e-01,8.454979956150054932e-02,8.609373867511749268e-02,1.020279526710510254e-02,5.104279518127441406e-02,3.929736465215682983e-02,-1.194739062339067459e-02,2.997060865163803101e-02,3.061772324144840240e-02,-1.582561135292053223e-01
1.104759722948074341e-01,2.368459999561309814e-01,2.408200651407241821e-01,1.861137151718139648e-01,9.999999403953552246e-01,7.244759202003479004e-01,3.715123534202575684e-01,1.532734632492065430e-01,2.366482764482498169e-01,2.056567817926406860e-01,4.959451779723167419e-02,4.186893254518508911e-02,4.083751440048217773e-01,7.747773081064224243e-02,2.091673165559768677e-01,2.905868589878082275e-01,3.683920502662658691e-01,3.501703739166259766e-01,3.343042433261871338e-01,7.615430653095245361e-02,-1.323651522397994995e-01,1.971224099397659302e-01,3.050688207149505615e-01,8.343107253313064575e-02,1.711058765649795532e-01,2.684926092624664307e-01,1.108191311359405518e-01,1.478292942047119141e-01,1.663121134042739868e-01,-1.607484519481658936e-01,-1.346307396888732910e-01,-1.473110467195510864e-01,3.303539752960205078e-01,1.883725523948669434e-01,3.505779057741165161e-02,8.241179585456848145e-02,3.554286658763885498e-01,3.828039765357971191e-01,2.533960044384002686e-01,1.768515855073928833e-01,2.668678164482116699e-01,2.163026332855224609e-01,2.255392372608184814e-01,2.066999673843383789e-01,1.106811314821243286e-01,1.633547097444534302e-01,5.528512597084045410e-02,7.796531915664672852e-02
2.137782871723175049e-01,3.051047325134277344e-01,4.139328598976135254e-01,3.335852026939392090e-01,7.244759202003479004e-01,1.000000119209289551e+00,4.629422426223754883e-01,3.805370330810546875e-01,3.514938950538635254e-01,3.096438646316528320e-01,1.991036832332611084e-01,2.048066556453704834e-01,5.154699683189392090e-01,2.964473366737365723e-01,3.448765277862548828e-01,3.147087097167968750e-01,4.045071303844451904e-01,3.554329276084899902e-01,3.231763839721679688e-01,2.714117765426635742e-01,2.226315997540950775e-02,2.905425727367401123e-01,3.473138511180877686e-01,1.145252063870429993e-01,1.664981544017791748e-01,3.228822052478790283e-01,1.580750793218612671e-01,2.712454199790954590e-01,2.672381997108459473e-01,-1.460732072591781616e-01,-3.076661005616188049e-02,-1.392547190189361572e-01,4.391986727714538574e-01,2.382027208805084229e-01,5.475233774632215500e-03,6.019956991076469421e-02,4.382958710193634033e-01,4.016481339931488037e-01,2.163649201393127441e-01,3.266041278839111328e-01,4.242188036441802979e-01,2.749524712562561035e-01,2.266559898853302002e-01,2.219838500022888184e-01,1.450708657503128052e-01,1.812199801206588745e-01,3.354907780885696411e-02,9.909926354885101318e-02
2.888056039810180664e-01,3.881348669528961182e-01,5.641161203384399414e-01,4.449773728847503662e-01,3.715123534202575684e-01,4.629422426223754883e-01,9.999997615814208984e-01,1.846754252910614014e-01,3.483549058437347412e-01,2.729305028915405273e-01,8.368826657533645630e-02,1.072321203537285328e-03,1.776586771011352539e-01,1.106575056910514832e-01,8.101484924554824829e-02,8.573628962039947510e-02,8.198485970497131348e-01,5.001121163368225098e-01,4.306887090206146240e-01,3.222678303718566895e-01,6.494545936584472656e-02,3.703569769859313965e-01,3.095113039016723633e-01,5.788359418511390686e-02,2.264515869319438934e-02,6.316235661506652832e-01,5.448595061898231506e-02,3.420020341873168945e-01,4.002158641815185547e-01,-1.956554204225540161e-01,-4.180381819605827332e-02,1.112535148859024048e-01,1.651587933301925659e-01,2.032843381166458130e-01,-7.811947260051965714e-03,1.497014313936233521e-01,2.468770891427993774e-01,1.991399526596069336e-01,2.072481811046600342e-01,2.478457242250442505e-01,2.806602120399475098e-01,4.755757749080657959e-01,4.569092690944671631e-01,3.121316134929656982e-01,3.734791576862335205e-01,4.079980552196502686e-01,5.279287695884704590e-02,1.803397387266159058e-01
2.818655967712402344e-01,1.222204715013504028e-01,3.718133270740509033e-01,1.610641777515411377e-01,1.532734632492065430e-01,3.805370330810546875e-01,1.846754252910614014e-01,9.999998211860656738e-01,3.806710243225097656e-01,3.785518109798431396e-01,6.670646667480468750e-01,5.725169777870178223e-01,3.231452405452728271e-01,5.673955082893371582e-01,3.520047664642333984e-01,2.828133106231689453e-01,1.656080037355422974e-01,-8.971480280160903931e-02,-6.978009641170501709e-02,1.937635540962219238e-01,2.568474113941192627e-01,7.189554721117019653e-02,2.975027561187744141e-01,1.462615132331848145e-01,2.181045562028884888e-01,1.797900348901748657e-01,1.682671606540679932e-01,2.589776217937469482e-01,2.610677778720855713e-01,2.059300392866134644e-01,1.650998294353485107e-01,-1.288068294525146484e-02,5.704618692398071289e-01,4.997191727161407471e-01,2.949376702308654785e-01,2.385756224393844604e-01,4.201501607894897461e-01,4.051341116428375244e-01,2.540818452835083008e-01,3.011030256748199463e-01,3.050925433635711670e-01,1.546068489551544189e-01,1.463514566421508789e-01,2.451141476631164551e-01,9.308560192584991455e-02,1.833313107490539551e-01,6.884180009365081787e-02,2.369671314954757690e-01
3.125297427177429199e-01,2.984584867954254150e-01,4.336507618427276611e-01,1.595791280269622803e-01,2.366482764482498169e-01,3.514938950538635254e-01,3.483549058437347412e-01,3.806710243225097656e-01,9.999999403953552246e-01,7.786698341369628906e-01,3.364690542221069336e-01,3.396263420581817627e-01,2.366165816783905029e-01,2.972495555877685547e-01,1.012661680579185486e-01,3.093248605728149414e-02,3.868291378021240234e-01,3.387573733925819397e-02,1.575910598039627075e-01,3.077147006988525391e-01,1.934195756912231445e-01,3.779222443699836731e-02,1.477650105953216553e-01,1.434909999370574951e-01,2.380721038207411766e-03,4.626794755458831787e-01,1.399207115173339844e-01,3.042865991592407227e-01,3.432182967662811279e-01,1.844385415315628052e-01,1.861275285482406616e-01,1.391803473234176636e-01,3.852281272411346436e-01,2.588970363140106201e-01,-9.811884164810180664e-02,1.137743964791297913e-01,3.161248862743377686e-01,9.032084792852401733e-02,-1.948734745383262634e-03,1.949680894613265991e-01,2.200655043125152588e-01,2.288780808448791504e-01,3.528862893581390381e-01,7.123249173164367676e-01,4.030067026615142822e-01,4.437678158283233643e-01,1.992206275463104248e-01,2.879425287246704102e-01
3.286072015762329102e-01,2.880788743495941162e-01,3.662261664867401123e-01,1.087958365678787231e-01,2.056567817926406860e-01,3.096438646316528320e-01,2.729305028915405273e-01,3.785518109798431396e-01,7.786698341369628906e-01,1.000000715255737305e+00,3.631851971149444580e-01,3.989312648773193359e-01,2.914136350154876709e-01,3.620440363883972168e-01,1.427274942398071289e-01,8.485430479049682617e-02,3.148999214172363281e-01,9.813325013965368271e-04,1.184020936489105225e-01,3.471923470497131348e-01,2.584429085254669189e-01,-1.855413243174552917e-02,2.182943075895309448e-01,7.131445407867431641e-02,2.814624831080436707e-02,3.814229369163513184e-01,1.909272074699401855e-01,2.328245043754577637e-01,2.899930775165557861e-01,1.975289881229400635e-01,1.686034351587295532e-01,7.405120879411697388e-02,4.316624999046325684e-01,2.264255583286285400e-01,-1.011584475636482239e-01,1.462495177984237671e-01,2.804778516292572021e-01,1.216731593012809753e-01,7.782883197069168091e-02,2.734427750110626221e-01,2.557191550731658936e-01,2.198379039764404297e-01,3.330974876880645752e-01,6.593989133834838867e-01,4.592696130275726318e-01,5.371288657188415527e-01,1.350838840007781982e-01,2.831034660339355469e-01
4.987810254096984863e-01,-1.048545539379119873e-01,3.838683962821960449e-01,3.087263107299804688e-01,4.959451779723167419e-02,1.991036832332611084e-01,8.368826657533645630e-02,6.670646667480468750e-01,3.364690542221069336e-01,3.631851971149444580e-01,1.000000000000000000e+00,7.908357977867126465e-01,2.765856385231018066e-01,5.321313738822937012e-01,3.078100383281707764e-01,2.421602606773376465e-01,1.077915802597999573e-01,-1.135678365826606750e-01,-2.210447341203689575e-01,2.857533395290374756e-01,5.589544773101806641e-01,1.958300471305847168e-01,1.501287240535020828e-02,1.318243891000747681e-01,2.776487767696380615e-01,7.597310096025466919e-02,2.844679057598114014e-01,3.533866107463836670e-01,2.138189375400543213e-01,5.040071010589599609e-01,4.349388182163238525e-01,-6.770335603505373001e-03,5.084170103073120117e-01,4.180269539356231689e-01,3.774403333663940430e-01,1.503202766180038452e-01,2.780900299549102783e-01,3.318673670291900635e-01,1.036871895194053650e-01,7.588469237089157104e-02,1.303682029247283936e-01,1.315280515700578690e-02,6.768580526113510132e-02,1.285442113876342773e-01,6.791409570723772049e-03,1.066758632659912109e-01,5.523550510406494141e-02,8.421587944030761719e-02
5.173318386077880859e-01,-1.424971669912338257e-01,3.950084149837493896e-01,3.792659044265747070e-01,4.186893254518508911e-02,2.048066556453704834e-01,1.072321203537285328e-03,5.725169777870178223e-01,3.396263420581817627e-01,3.989312648773193359e-01,7.908357977867126465e-01,9.999994039535522461e-01,3.513446450233459473e-01,5.634136199951171875e-01,3.437220454216003418e-01,1.759135425090789795e-01,3.811977431178092957e-02,-8.993410319089889526e-02,-2.439895719289779663e-01,3.448534011840820312e-01,5.988681316375732422e-01,1.673546731472015381e-01,-4.620008170604705811e-02,1.926613152027130127e-01,1.939640790224075317e-01,3.385473415255546570e-02,2.569943964481353760e-01,3.492907583713531494e-01,1.336850225925445557e-01,5.193298459053039551e-01,4.475109875202178955e-01,-7.929332554340362549e-03,5.165683627128601074e-01,3.146640658378601074e-01,2.556617259979248047e-01,1.855559349060058594e-01,3.048087060451507568e-01,2.681980431079864502e-01,-3.899937961250543594e-03,1.165387853980064392e-01,1.286478638648986816e-01,-3.963262960314750671e-02,3.899452835321426392e-02,1.414459496736526489e-01,-7.324549555778503418e-02,1.644425280392169952e-02,9.716565907001495361e-02,6.046187132596969604e-02
2.854218892753124237e-02,2.742022275924682617e-02,1.783101558685302734e-01,1.462483108043670654e-01,4.083751440048217773e-01,5.154699683189392090e-01,1.776586771011352539e-01,3.231452405452728271e-01,2.366165816783905029e-01,2.914136350154876709e-01,2.765856385231018066e-01,3.513446450233459473e-01,1.000000000000000000e+00,2.521280944347381592e-01,2.706204652786254883e-01,5.154033303260803223e-01,1.736033260822296143e-01,3.377046287059783936e-01,2.901626825332641602e-01,3.028848767280578613e-01,1.077648028731346130e-01,2.272408008575439453e-01,3.304796516895294189e-01,1.747980155050754547e-02,5.973329767584800720e-02,5.071812495589256287e-02,1.336931437253952026e-01,-3.008323907852172852e-02,-5.379446595907211304e-02,1.624125521630048752e-03,2.531445957720279694e-02,-3.721315264701843262e-01,3.324232399463653564e-01,1.258235722780227661e-01,8.950182795524597168e-02,6.348479539155960083e-02,4.334814548492431641e-01,3.878220915794372559e-01,3.322831690311431885e-01,2.716028690338134766e-01,1.759375631809234619e-01,7.785225659608840942e-02,1.703398674726486206e-01,8.696368336677551270e-02,-4.136661440134048462e-02,5.777087807655334473e-02,-1.216480731964111328e-01,-1.229589898139238358e-02
4.167509675025939941e-01,7.555067539215087891e-02,4.255284070968627930e-01,2.789856195449829102e-01,7.747773081064224243e-02,2.964473366737365723e-01,1.106575056910514832e-01,5.673955082893371582e-01,2.972495555877685547e-01,3.620440363883972168e-01,5.321313738822937012e-01,5.634136199951171875e-01,2.521280944347381592e-01,9.999998211860656738e-01,5.097337961196899414e-01,1.205935850739479065e-01,1.440710127353668213e-01,-8.576139062643051147e-02,-2.926848269999027252e-02,3.805862665176391602e-01,4.573046267032623291e-01,1.132749095559120178e-01,1.312266439199447632e-01,2.174547873437404633e-02,1.146175265312194824e-01,1.494775712490081787e-01,2.753835618495941162e-01,2.974810600280761719e-01,2.685438394546508789e-01,2.292235791683197021e-01,2.133074998855590820e-01,-5.350936949253082275e-02,4.940757751464843750e-01,3.636478483676910400e-01,3.425946831703186035e-02,6.062374636530876160e-02,4.941624402999877930e-01,3.965606391429901123e-01,1.038624197244644165e-01,2.113036513328552246e-01,2.306510508060455322e-01,1.423770189285278320e-02,7.076004985719919205e-04,1.543841511011123657e-01,5.219486355781555176e-02,4.660737887024879456e-02,-2.938022464513778687e-02,5.334857478737831116e-02
3.689573407173156738e-01,-1.714005507528781891e-02,3.814153671264648438e-01,3.570612668991088867e-01,2.091673165559768677e-01,3.448765277862548828e-01,8.101484924554824829e-02,3.520047664642333984e-01,1.012661680579185486e-01,1.427274942398071289e-01,3.078100383281707764e-01,3.437220454216003418e-01,2.706204652786254883e-01,5.097337961196899414e-01,1.000000357627868652e+00,4.016689062118530273e-01,1.035632640123367310e-01,1.303413957357406616e-01,-7.092054933309555054e-03,2.454296648502349854e-01,3.059235513210296631e-01,2.544383108615875244e-01,1.738577708601951599e-02,5.020999163389205933e-02,1.535155177116394043e-01,-2.276004478335380554e-02,2.239498347043991089e-01,1.296013593673706055e-01,1.499201804399490356e-01,1.733274161815643311e-01,1.830521672964096069e-01,-3.379221633076667786e-02,2.371493875980377197e-01,5.067755579948425293e-01,1.257814317941665649e-01,1.195270195603370667e-02,4.242753684520721436e-01,6.371808052062988281e-01,1.276239156723022461e-01,2.909683287143707275e-01,-8.597322553396224976e-02,-1.143161505460739136e-01,-1.307371258735656738e-01,-7.371050305664539337e-04,3.002292942255735397e-03,2.170608565211296082e-02,-1.076596137136220932e-02,-1.192736625671386719e-01
9.165972471237182617e-02,-2.253880724310874939e-02,9.053999185562133789e-02,1.042166724801063538e-01,2.905868589878082275e-01,3.147087097167968750e-01,8.573628962039947510e-02,2.828133106231689453e-01,3.093248605728149414e-02,8.485430479049682617e-02,2.421602606773376465e-01,1.759135425090789795e-01,5.154033303260803223e-01,1.205935850739479065e-01,4.016689062118530273e-01,9.999998211860656738e-01,4.984379932284355164e-02,2.828869223594665527e-01,2.632824145257472992e-02,-5.146595463156700134e-02,7.553292810916900635e-02,2.809193134307861328e-01,3.095581531524658203e-01,-2.394813150167465210e-01,1.919393539428710938e-01,-1.473497599363327026e-01,1.207810565829277039e-01,-1.129001379013061523e-01,-2.438543550670146942e-02,4.572786018252372742e-02,-2.982673794031143188e-02,-3.661383688449859619e-01,1.108258590102195740e-01,3.663984835147857666e-01,3.115773200988769531e-01,6.210261583328247070e-02,3.405552208423614502e-01,5.131410360336303711e-01,4.882676899433135986e-01,2.799029350280761719e-01,-1.760125160217285156e-01,-7.325961440801620483e-02,-7.043824344873428345e-02,-9.211277216672897339e-02,3.604039177298545837e-02,8.239747583866119385e-02,-3.171496391296386719e-01,3.836525231599807739e-02
3.395367264747619629e-01,2.886264026165008545e-01,5.566511154174804688e-01,4.751740694046020508e-01,3.683920502662658691e-01,4.045071303844451904e-01,8.198485970497131348e-01,1.656080037355422974e-01,3.868291378021240234e-01,3.148999214172363281e-01,1.077915802597999573e-01,3.811977431178092957e-02,1.736033260822296143e-01,1.440710127353668213e-01,1.035632640123367310e-01,4.984379932284355164e-02,1.000000119209289551e+00,5.771359205245971680e-01,5.301611423492431641e-01,4.290606975555419922e-01,1.622228622436523438e-01,3.574230372905731201e-01,2.306578010320663452e-01,1.810393668711185455e-02,-1.308067142963409424e-02,5.467205047607421875e-01,4.839939356315881014e-04,3.375496566295623779e-01,3.849145472049713135e-01,-1.314931064844131470e-01,1.607083529233932495e-02,1.038409024477005005e-01,1.714914143085479736e-01,2.115772962570190430e-01,2.834525366779416800e-04,6.787116080522537231e-02,2.627521157264709473e-01,1.949267089366912842e-01,1.226130723953247070e-01,1.486642807722091675e-01,2.143892496824264526e-01,4.177955985069274902e-01,4.698045551776885986e-01,3.624845147132873535e-01,3.371554017066955566e-01,3.998291194438934326e-01,4.175483807921409607e-02,8.797165751457214355e-02
2.359891682863235474e-01,1.046650335192680359e-01,3.231202363967895508e-01,5.016053318977355957e-01,3.501703739166259766e-01,3.554329276084899902e-01,5.001121163368225098e-01,-8.971480280160903931e-02,3.387573733925819397e-02,9.813325013965368271e-04,-1.135678365826606750e-01,-8.993410319089889526e-02,3.377046287059783936e-01,-8.576139062643051147e-02,1.303413957357406616e-01,2.828869223594665527e-01,5.771359205245971680e-01,9.999995827674865723e-01,5.987634062767028809e-01,3.348976671695709229e-01,1.320731192827224731e-01,4.696912765502929688e-01,9.745965152978897095e-02,-7.072360813617706299e-02,-5.681778863072395325e-02,1.153596490621566772e-01,-7.595382630825042725e-02,1.493485867977142334e-01,1.250432431697845459e-01,-1.588569283485412598e-01,5.314569175243377686e-02,-8.678456395864486694e-02,-4.657917842268943787e-02,7.034692913293838501e-02,-7.887777872383594513e-03,-5.725672841072082520e-02,1.242228969931602478e-01,1.658305525779724121e-01,1.191763058304786682e-01,9.706926345825195312e-02,2.523633465170860291e-02,1.790850460529327393e-01,2.953794300556182861e-01,1.378792151808738708e-02,8.332630246877670288e-02,1.549041271209716797e-01,-1.009098291397094727e-01,-1.861698031425476074e-01
-3.078903444111347198e-02,3.955741226673126221e-01,1.800472438335418701e-01,1.428055316209793091e-01,3.343042433261871338e-01,3.231763839721679688e-01,4.306887090206146240e-01,-6.978009641170501709e-02,1.575910598039627075e-01,1.184020936489105225e-01,-2.210447341203689575e-01,-2.439895719289779663e-01,2.901626825332641602e-01,-2.926848269999027252e-02,-7.092054933309555054e-03,2.632824145257472992e-02,5.301611423492431641e-01,5.987634062767028809e-01,9.999998211860656738e-01,3.919503390789031982e-01,-9.572577476501464844e-02,1.213295459747314453e-01,1.794197708368301392e-01,3.160418570041656494e-02,-2.177400887012481689e-01,3.118091225624084473e-01,-1.119187548756599426e-01,1.636686027050018311e-01,2.748334407806396484e-01,-2.356387823820114136e-01,-7.321644574403762817e-02,9.821483865380287170e-03,7.285414263606071472e-03,5.307499319314956665e-02,-1.109932214021682739e-01,3.364379703998565674e-02,2.091703563928604126e-01,1.241069138050079346e-01,1.559596359729766846e-01,7.756013423204421997e-02,2.734403908252716064e-01,4.088680148124694824e-01,5.380259156227111816e-01,2.154052853584289551e-01,1.751667261123657227e-01,2.831919491291046143e-01,3.435414284467697144e-02,-2.531471103429794312e-02
4.493216872215270996e-01,1.527605354785919189e-01,5.182148218154907227e-01,5.166411399841308594e-01,7.615430653095245361e-02,2.714117765426635742e-01,3.222678303718566895e-01,1.937635540962219238e-01,3.077147006988525391e-01,3.471923470497131348e-01,2.857533395290374756e-01,3.448534011840820312e-01,3.028848767280578613e-01,3.805862665176391602e-01,2.454296648502349854e-01,-5.146595463156700134e-02,4.290606975555419922e-01,3.348976671695709229e-01,3.919503390789031982e-01,9.999997615814208984e-01,5.827043056488037109e-01,2.029880136251449585e-01,-7.976458966732025146e-02,-2.115404419600963593e-02,-1.333380043506622314e-01,1.901130229234695435e-01,5.668254941701889038e-02,4.264078140258789062e-01,2.702177762985229492e-01,1.442767083644866943e-01,3.511597514152526855e-01,8.087807148694992065e-02,2.297829091548919678e-01,9.925301373004913330e-02,-2.329869940876960754e-02,-1.138586476445198059e-01,1.687767207622528076e-01,7.840624451637268066e-02,-8.072991669178009033e-02,-3.364137932658195496e-02,3.844765126705169678e-01,2.148912847042083740e-01,3.139825761318206787e-01,1.550527215003967285e-01,1.738849282264709473e-01,2.796276807785034180e-01,-4.038099572062492371e-02,-1.500732600688934326e-01
7.155860066413879395e-01,-6.787439435720443726e-02,4.850139617919921875e-01,5.469304919242858887e-01,-1.323651522397994995e-01,2.226315997540950775e-02,6.494545936584472656e-02,2.568474113941192627e-01,1.934195756912231445e-01,2.584429085254669189e-01,5.589544773101806641e-01,5.988681316375732422e-01,1.077648028731346130e-01,4.573046267032623291e-01,3.059235513210296631e-01,7.553292810916900635e-02,1.622228622436523438e-01,1.320731192827224731e-01,-9.572577476501464844e-02,5.827043056488037109e-01,9.999999403953552246e-01,3.591372072696685791e-01,-2.780372798442840576e-01,-1.056449636816978455e-01,1.590523570775985718e-01,-7.820521295070648193e-02,2.600718438625335693e-01,4.624094367027282715e-01,2.729988098144531250e-01,5.751165747642517090e-01,6.032973527908325195e-01,8.698864281177520752e-02,2.097430974245071411e-01,2.263212800025939941e-01,1.529506891965866089e-01,-1.372818201780319214e-01,1.152364611625671387e-01,9.146242588758468628e-02,-9.930321574211120605e-02,-9.311486780643463135e-02,2.532674744725227356e-02,-6.174251064658164978e-02,3.661931306123733521e-02,1.214335672557353973e-03,1.342647969722747803e-01,1.625878363847732544e-01,-7.741110026836395264e-02,-1.100396066904067993e-01
2.863900959491729736e-01,7.415638864040374756e-02,2.818509936332702637e-01,4.418826401233673096e-01,1.971224099397659302e-01,2.905425727367401123e-01,3.703569769859313965e-01,7.189554721117019653e-02,3.779222443699836731e-02,-1.855413243174552917e-02,1.958300471305847168e-01,1.673546731472015381e-01,2.272408008575439453e-01,1.132749095559120178e-01,2.544383108615875244e-01,2.809193134307861328e-01,3.574230372905731201e-01,4.696912765502929688e-01,1.213295459747314453e-01,2.029880136251449585e-01,3.591372072696685791e-01,1.000000119209289551e+00,9.807711094617843628e-02,6.769607774913311005e-03,1.986176967620849609e-01,4.849405959248542786e-03,1.774966865777969360e-01,2.382523119449615479e-01,2.231923788785934448e-01,1.687050312757492065e-01,2.756493985652923584e-01,2.708924701437354088e-03,-6.494287401437759399e-02,2.055396139621734619e-01,2.234214693307876587e-01,-7.039164006710052490e-02,1.541088819503784180e-01,3.043501079082489014e-01,1.912305206060409546e-01,4.447407089173793793e-03,-8.988085389137268066e-02,7.510273158550262451e-02,7.773026823997497559e-02,-5.410058796405792236e-02,1.432133316993713379e-01,7.979902625083923340e-02,-5.210625240579247475e-04,-4.085845872759819031e-02
-2.215601503849029541e-01,1.857038587331771851e-01,2.473897859454154968e-02,-1.303586810827255249e-01,3.050688207149505615e-01,3.473138511180877686e-01,3.095113039016723633e-01,2.975027561187744141e-01,1.477650105953216553e-01,2.182943075895309448e-01,1.501287240535020828e-02,-4.620008170604705811e-02,3.304796516895294189e-01,1.312266439199447632e-01,1.738577708601951599e-02,3.095581531524658203e-01,2.306578010320663452e-01,9.745965152978897095e-02,1.794197708368301392e-01,-7.976458966732025146e-02,-2.780372798442840576e-01,9.807711094617843628e-02,1.000000000000000000e+00,-1.211399585008621216e-01,2.107600681483745575e-02,2.183982431888580322e-01,-1.777558028697967529e-02,-1.532365381717681885e-01,1.884674467146396637e-02,-4.219274222850799561e-01,-4.653617143630981445e-01,-3.933210372924804688e-01,2.215215414762496948e-01,5.514987185597419739e-02,7.476793229579925537e-02,2.269740253686904907e-01,2.059137374162673950e-01,2.606810927391052246e-01,5.282101631164550781e-01,4.726286530494689941e-01,2.379025369882583618e-01,1.580725908279418945e-01,1.465192884206771851e-01,1.639227569103240967e-01,1.196412369608879089e-01,1.321147084236145020e-01,-2.420843988656997681e-01,3.788075149059295654e-01
2.093607559800148010e-02,1.572960168123245239e-01,8.697988092899322510e-02,3.909333050251007080e-02,8.343107253313064575e-02,1.145252063870429993e-01,5.788359418511390686e-02,1.462615132331848145e-01,1.434909999370574951e-01,7.131445407867431641e-02,1.318243891000747681e-01,1.926613152027130127e-01,1.747980155050754547e-02,2.174547873437404633e-02,5.020999163389205933e-02,-2.394813150167465210e-01,1.810393668711185455e-02,-7.072360813617706299e-02,3.160418570041656494e-02,-2.115404419600963593e-02,-1.056449636816978455e-01,6.769607774913311005e-03,-1.211399585008621216e-01,1.000000119209289551e+00,3.297897288575768471e-03,2.835583090782165527e-01,1.068020761013031006e-01,2.273951470851898193e-01,1.526942402124404907e-01,2.147911489009857178e-01,3.016011714935302734e-01,5.412870645523071289e-01,2.023724913597106934e-01,7.338794320821762085e-02,3.015212155878543854e-02,4.364424943923950195e-01,8.218867331743240356e-02,7.225801795721054077e-02,-1.190113723278045654e-01,1.224853470921516418e-01,1.374257057905197144e-01,2.554294764995574951e-01,2.111608535051345825e-01,2.664772868156433105e-01,1.492836885154247284e-02,5.284162983298301697e-02,7.490485906600952148e-01,9.705215692520141602e-02
2.879901528358459473e-01,7.891274988651275635e-03,6.286341696977615356e-02,5.635809525847434998e-02,1.711058765649795532e-01,1.664981544017791748e-01,2.264515869319438934e-02,2.181045562028884888e-01,2.380721038207411766e-03,2.814624831080436707e-02,2.776487767696380615e-01,1.939640790224075317e-01,5.973329767584800720e-02,1.146175265312194824e-01,1.535155177116394043e-01,1.919393539428710938e-01,-1.308067142963409424e-02,-5.681778863072395325e-02,-2.177400887012481689e-01,-1.333380043506622314e-01,1.590523570775985718e-01,1.986176967620849609e-01,2.107600681483745575e-02,3.297897288575768471e-03,9.999997019767761230e-01,-1.057394221425056458e-01,6.266785264015197754e-01,2.598678469657897949e-01,2.569198012351989746e-01,2.851616740226745605e-01,2.308640629053115845e-01,-6.710135377943515778e-03,3.536531031131744385e-01,1.668680757284164429e-01,2.651826143264770508e-01,-7.835838198661804199e-02,1.132360324263572693e-01,2.549704015254974365e-01,1.501726508140563965e-01,-5.915484577417373657e-02,-1.324733793735504150e-01,-3.904899954795837402e-02,-7.979872077703475952e-02,-1.560805644840002060e-02,1.147636473178863525e-01,1.018402352929115295e-01,2.201248891651630402e-02,-2.660585753619670868e-02
1.487571597099304199e-01,4.465770125389099121e-01,3.999968767166137695e-01,1.918430626392364502e-01,2.684926092624664307e-01,3.228822052478790283e-01,6.316235661506652832e-01,1.797900348901748657e-01,4.626794755458831787e-01,3.814229369163513184e-01,7.597310096025466919e-02,3.385473415255546570e-02,5.071812495589256287e-02,1.494775712490081787e-01,-2.276004478335380554e-02,-1.473497599363327026e-01,5.467205047607421875e-01,1.153596490621566772e-01,3.118091225624084473e-01,1.901130229234695435e-01,-7.820521295070648193e-02,4.849405959248542786e-03,2.183982431888580322e-01,2.835583090782165527e-01,-1.057394221425056458e-01,1.000000119209289551e+00,1.827253028750419617e-02,3.526807129383087158e-01,3.735386133193969727e-01,-9.970729798078536987e-02,-2.312780916690826416e-02,2.419733107089996338e-01,2.045790255069732666e-01,1.183415576815605164e-01,-1.668264865875244141e-01,2.636439502239227295e-01,2.470095455646514893e-01,5.464345961809158325e-02,3.357710689306259155e-02,1.884809285402297974e-01,3.521669805049896240e-01,4.969807863235473633e-01,4.830636978149414062e-01,5.178427100181579590e-01,3.146565854549407959e-01,3.301105797290802002e-01,2.636137902736663818e-01,3.757509291172027588e-01
3.530907630920410156e-01,1.969810873270034790e-01,1.351202577352523804e-01,3.933307155966758728e-02,1.108191311359405518e-01,1.580750793218612671e-01,5.448595061898231506e-02,1.682671606540679932e-01,1.399207115173339844e-01,1.909272074699401855e-01,2.844679057598114014e-01,2.569943964481353760e-01,1.336931437253952026e-01,2.753835618495941162e-01,2.239498347043991089e-01,1.207810565829277039e-01,4.839939356315881014e-04,-7.595382630825042725e-02,-1.119187548756599426e-01,5.668254941701889038e-02,2.600718438625335693e-01,1.774966865777969360e-01,-1.777558028697967529e-02,1.068020761013031006e-01,6.266785264015197754e-01,1.827253028750419617e-02,1.000000357627868652e+00,3.203496932983398438e-01,3.209764361381530762e-01,3.470508456230163574e-01,3.290614485740661621e-01,1.129901334643363953e-01,4.270555377006530762e-01,1.098355352878570557e-01,1.001863926649093628e-01,-9.076132439076900482e-03,1.750379055738449097e-01,2.371208369731903076e-01,1.500741988420486450e-01,9.043689933605492115e-04,1.885225879959762096e-03,6.380771100521087646e-02,5.027431249618530273e-02,1.238745898008346558e-01,3.147208094596862793e-01,2.311966866254806519e-01,9.493566304445266724e-02,-2.957437559962272644e-02
6.257476806640625000e-01,3.834933042526245117e-01,4.884731471538543701e-01,4.822189211845397949e-01,1.478292942047119141e-01,2.712454199790954590e-01,3.420020341873168945e-01,2.589776217937469482e-01,3.042865991592407227e-01,2.328245043754577637e-01,3.533866107463836670e-01,3.492907583713531494e-01,-3.008323907852172852e-02,2.974810600280761719e-01,1.296013593673706055e-01,-1.129001379013061523e-01,3.375496566295623779e-01,1.493485867977142334e-01,1.636686027050018311e-01,4.264078140258789062e-01,4.624094367027282715e-01,2.382523119449615479e-01,-1.532365381717681885e-01,2.273951470851898193e-01,2.598678469657897949e-01,3.526807129383087158e-01,3.203496932983398438e-01,9.999997019767761230e-01,6.546937227249145508e-01,4.124839305877685547e-01,4.844811260700225830e-01,2.915181219577789307e-01,3.487277925014495850e-01,2.773047685623168945e-01,8.098585903644561768e-02,8.005237579345703125e-02,1.835200339555740356e-01,1.075061857700347900e-01,-2.952129393815994263e-02,-4.441706463694572449e-02,4.026343226432800293e-01,3.617395162582397461e-01,3.723261058330535889e-01,2.241530865430831909e-01,2.339459955692291260e-01,2.867161929607391357e-01,2.409459948539733887e-01,1.143038868904113770e-01
4.402373731136322021e-01,5.675216317176818848e-01,4.443474113941192627e-01,2.310357540845870972e-01,1.663121134042739868e-01,2.672381997108459473e-01,4.002158641815185547e-01,2.610677778720855713e-01,3.432182967662811279e-01,2.899930775165557861e-01,2.138189375400543213e-01,1.336850225925445557e-01,-5.379446595907211304e-02,2.685438394546508789e-01,1.499201804399490356e-01,-2.438543550670146942e-02,3.849145472049713135e-01,1.250432431697845459e-01,2.748334407806396484e-01,2.702177762985229492e-01,2.729988098144531250e-01,2.231923788785934448e-01,1.884674467146396637e-02,1.526942402124404907e-01,2.569198012351989746e-01,3.735386133193969727e-01,3.209764361381530762e-01,6.546937227249145508e-01,9.999995231628417969e-01,3.538606166839599609e-01,3.911882638931274414e-01,3.401966691017150879e-01,2.656614780426025391e-01,4.582982361316680908e-01,1.436853706836700439e-01,1.483205258846282959e-01,2.866266071796417236e-01,2.303279638290405273e-01,2.286445498466491699e-01,1.426124125719070435e-01,2.167741060256958008e-01,3.944543600082397461e-01,3.710204958915710449e-01,3.692275285720825195e-01,4.530164301395416260e-01,4.365795254707336426e-01,2.426920980215072632e-01,2.167546153068542480e-01
4.791107475757598877e-01,-2.020036987960338593e-02,1.677728295326232910e-01,1.592889577150344849e-01,-1.607484519481658936e-01,-1.460732072591781616e-01,-1.956554204225540161e-01,2.059300392866134644e-01,1.844385415315628052e-01,1.975289881229400635e-01,5.040071010589599609e-01,5.193298459053039551e-01,1.624125521630048752e-03,2.292235791683197021e-01,1.733274161815643311e-01,4.572786018252372742e-02,-1.314931064844131470e-01,-1.588569283485412598e-01,-2.356387823820114136e-01,1.442767083644866943e-01,5.751165747642517090e-01,1.687050312757492065e-01,-4.219274222850799561e-01,2.147911489009857178e-01,2.851616740226745605e-01,-9.970729798078536987e-02,3.470508456230163574e-01,4.124839305877685547e-01,3.538606166839599609e-01,9.999999403953552246e-01,7.673696279525756836e-01,2.683053612709045410e-01,1.865003854036331177e-01,3.491677939891815186e-01,3.128246665000915527e-01,1.091004088521003723e-01,1.263038367033004761e-01,1.470007598400115967e-01,-2.916128188371658325e-02,-1.805774271488189697e-01,-1.680572330951690674e-01,-9.068336337804794312e-02,-1.363511546514928341e-03,1.345999985933303833e-01,6.795567274093627930e-02,4.598650336265563965e-02,2.825070321559906006e-01,-3.371881693601608276e-02
4.989255368709564209e-01,4.685858264565467834e-02,3.004745244979858398e-01,3.307188451290130615e-01,-1.346307396888732910e-01,-3.076661005616188049e-02,-4.180381819605827332e-02,1.650998294353485107e-01,1.861275285482406616e-01,1.686034351587295532e-01,4.349388182163238525e-01,4.475109875202178955e-01,2.531445957720279694e-02,2.133074998855590820e-01,1.830521672964096069e-01,-2.982673794031143188e-02,1.607083529233932495e-02,5.314569175243377686e-02,-7.321644574403762817e-02,3.511597514152526855e-01,6.032973527908325195e-01,2.756493985652923584e-01,-4.653617143630981445e-01,3.016011714935302734e-01,2.308640629053115845e-01,-2.312780916690826416e-02,3.290614485740661621e-01,4.844811260700225830e-01,3.911882638931274414e-01,7.673696279525756836e-01,1.000000357627868652e+00,3.856532871723175049e-01,1.340835392475128174e-01,2.640388607978820801e-01,2.060859650373458862e-01,9.804290533065795898e-02,8.580193668603897095e-02,1.235970631241798401e-01,-8.628536760807037354e-02,-1.701528280973434448e-01,-5.537971481680870056e-02,1.956480182707309723e-02,9.690786898136138916e-02,1.125137209892272949e-01,1.378972828388214111e-01,1.016813665628433228e-01,3.401329219341278076e-01,-1.879833340644836426e-01
1.841328591108322144e-01,2.628773450851440430e-01,1.836008876562118530e-01,6.325296312570571899e-02,-1.473110467195510864e-01,-1.392547190189361572e-01,1.112535148859024048e-01,-1.288068294525146484e-02,1.391803473234176636e-01,7.405120879411697388e-02,-6.770335603505373001e-03,-7.929332554340362549e-03,-3.721315264701843262e-01,-5.350936949253082275e-02,-3.379221633076667786e-02,-3.661383688449859619e-01,1.038409024477005005e-01,-8.678456395864486694e-02,9.821483865380287170e-03,8.087807148694992065e-02,8.698864281177520752e-02,2.708924701437354088e-03,-3.933210372924804688e-01,5.412870645523071289e-01,-6.710135377943515778e-03,2.419733107089996338e-01,1.129901334643363953e-01,2.915181219577789307e-01,3.401966691017150879e-01,2.683053612709045410e-01,3.856532871723175049e-01,1.000000238418579102e+00,-4.094861447811126709e-02,7.969608902931213379e-02,-8.337218314409255981e-02,2.606914043426513672e-01,-1.336863636970520020e-01,-1.374795883893966675e-01,-2.066269069910049438e-01,-9.836817160248756409e-03,2.970794215798377991e-02,2.206336557865142822e-01,2.003276497125625610e-01,2.278486341238021851e-01,2.719047963619232178e-01,2.726651728153228760e-01,6.876903772354125977e-01,2.563095465302467346e-02
3.951775431632995605e-01,1.511760503053665161e-01,3.776527047157287598e-01,1.909345239400863647e-01,3.303539752960205078e-01,4.391986727714538574e-01,1.651587933301925659e-01,5.704618692398071289e-01,3.852281272411346436e-01,4.316624999046325684e-01,5.084170103073120117e-01,5.165683627128601074e-01,3.324232399463653564e-01,4.940757751464843750e-01,2.371493875980377197e-01,1.108258590102195740e-01,1.714914143085479736e-01,-4.657917842268943787e-02,7.285414263606071472e-03,2.297829091548919678e-01,2.097430974245071411e-01,-6.494287401437759399e-02,2.215215414762496948e-01,2.023724913597106934e-01,3.536531031131744385e-01,2.045790255069732666e-01,4.270555377006530762e-01,3.487277925014495850e-01,2.656614780426025391e-01,1.865003854036331177e-01,1.340835392475128174e-01,-4.094861447811126709e-02,1.000000000000000000e+00,2.899506092071533203e-01,1.272520571947097778e-01,1.906117349863052368e-01,3.977463841438293457e-01,3.176832497119903564e-01,1.355062425136566162e-01,2.545841932296752930e-01,3.154405653476715088e-01,1.267754882574081421e-01,1.390032023191452026e-01,3.971014916896820068e-01,1.524559855461120605e-01,1.852236688137054443e-01,1.466139256954193115e-01,6.280084699392318726e-02
