1.000000000000000000e+00,1.728811711072921753e-01,5.391035676002502441e-01,4.493818581104278564e-01,3.330547213554382324e-01,3.691125214099884033e-01,3.528004884719848633e-01,2.984012365341186523e-01,4.079095125198364258e-01,3.527232706546783447e-01,1.650027781724929810e-01,5.114505887031555176e-01,3.911363184452056885e-01,6.632234156131744385e-02,3.587576448917388916e-01,3.314985334873199463e-01,2.550489604473114014e-01,3.273400962352752686e-01,1.512578427791595459e-01,2.660693526268005371e-01,3.739211261272430420e-01,3.810132145881652832e-01,3.523353040218353271e-01,4.456688165664672852e-01,3.178684711456298828e-01,3.679207861423492432e-01,3.907488286495208740e-01,5.062861442565917969e-01,1.528013050556182861e-01,2.720998525619506836e-01,3.041934669017791748e-01,3.205398023128509521e-01,5.250344872474670410e-01,1.464773416519165039e-01,1.270156353712081909e-01,4.070970714092254639e-01,2.887169122695922852e-01,3.296176791191101074e-01,3.501594066619873047e-01,3.568639755249023438e-01,1.868426352739334106e-01,7.707184553146362305e-02,9.004616737365722656e-02,2.026364803314208984e-01,9.924598038196563721e-02,1.735283881425857544e-01,2.728061079978942871e-01,2.855859100818634033e-01
1.728811711072921753e-01,1.000000119209289551e+00,-3.297396702691912651e-03,4.581740126013755798e-02,2.981586456298828125e-01,2.844883501529693604e-01,3.472562730312347412e-01,3.447590768337249756e-01,3.733971714973449707e-01,4.158521890640258789e-01,3.605203703045845032e-02,-9.177273022942245007e-04,3.631055355072021484e-02,3.329841196537017822e-01,4.999126493930816650e-02,1.256654560565948486e-01,2.964344918727874756e-01,1.426189392805099487e-01,3.854263424873352051e-01,2.750989794731140137e-01,6.394512951374053955e-02,4.636172950267791748e-02,2.067437767982482910e-01,3.982251882553100586e-01,-1.279252171516418457e-01,2.091041356325149536e-01,2.155873924493789673e-01,5.004317760467529297e-01,6.640183925628662109e-01,5.170432925224304199e-01,2.812561988830566406e-01,2.539367973804473877e-01,3.236707746982574463e-01,4.445665478706359863e-01,2.748054563999176025e-01,3.918793499469757080e-01,4.647634625434875488e-01,2.787362039089202881e-01,3.024046123027801514e-01,1.501801759004592896e-01,5.864471197128295898e-01,6.899631619453430176e-01,4.182775914669036865e-01,3.770232498645782471e-01,6.898068189620971680e-01,5.565124154090881348e-01,3.204100131988525391e-01,8.630778640508651733e-02
5.391035676002502441e-01,-3.297396702691912651e-03,1.000000238418579102e+00,6.833498477935791016e-01,4.014171957969665527e-01,5.047340393066406250e-01,5.585237741470336914e-01,1.094429492950439453e-01,2.056385278701782227e-01,1.472199857234954834e-01,2.039451599121093750e-01,1.822556853294372559e-01,2.234941422939300537e-01,1.296022683382034302e-01,1.934034526348114014e-01,1.915770024061203003e-01,4.321672320365905762e-01,6.368331313133239746e-01,2.354975491762161255e-01,3.753858506679534912e-01,2.946295738220214844e-01,4.341380596160888672e-01,1.279192417860031128e-01,1.611644476652145386e-01,2.151464074850082397e-01,5.262812972068786621e-01,1.864678561687469482e-01,3.969514966011047363e-01,1.141208261251449585e-01,7.368174940347671509e-02,2.059536129236221313e-01,1.342846602201461792e-01,1.556854397058486938e-01,9.493044763803482056e-02,7.406356930732727051e-02,1.085756942629814148e-01,1.109296828508377075e-01,1.273038387298583984e-01,1.048480495810508728e-01,7.347666472196578979e-02,1.852467358112335205e-01,-3.429285809397697449e-02,5.684268474578857422e-02,1.135537102818489075e-01,2.560892701148986816e-02,1.299327462911605835e-01,8.926395326852798462e-02,1.554294973611831665e-01
4.493818581104278564e-01,4.581740126013755798e-02,6.833498477935791016e-01,9.999998807907104492e-01,2.326821684837341309e-01,3.852032124996185303e-01,5.677899122238159180e-01,3.403583541512489319e-02,1.553876698017120361e-01,6.654097139835357666e-02,7.594541460275650024e-02,1.861273795366287231e-01,3.127895295619964600e-01,-7.941203564405441284e-02,3.805994242429733276e-02,2.220185995101928711e-01,4.795593321323394775e-01,5.674321055412292480e-01,3.293218314647674561e-01,4.972019195556640625e-01,5.040913820266723633e-01,5.420495271682739258e-01,7.848820835351943970e-02,6.037513539195060730e-02,2.456287443637847900e-01,3.383770585060119629e-01,1.916075944900512695e-01,4.025539755821228027e-01,7.694366574287414551e-02,1.186798587441444397e-01,2.397332638502120972e-01,1.049242168664932251e-01,4.849760234355926514e-02,1.109452992677688599e-01,5.272894352674484253e-02,6.243219599127769470e-02,5.164475645869970322e-03,4.393179714679718018e-02,1.511258929967880249e-01,-1.502129831351339817e-03,1.878563016653060913e-01,1.648341678082942963e-02,7.200253009796142578e-02,1.555383764207363129e-02,-4.334920272231101990e-02,9.071785211563110352e-02,3.185052424669265747e-02,-1.038955338299274445e-02
3.330547213554382324e-01,2.981586456298828125e-01,4.014171957969665527e-01,2.326821684837341309e-01,1.000000000000000000e+00,7.224867343902587891e-01,3.093283176422119141e-01,3.953507244586944580e-01,3.542787730693817139e-01,2.901054024696350098e-01,2.393935173749923706e-01,1.195955276489257812e-01,2.023484110832214355e-01,4.466876983642578125e-01,3.674812614917755127e-01,2.290379106998443604e-01,6.429009139537811279e-02,2.886795699596405029e-01,1.443310081958770752e-01,2.559661865234375000e-01,1.251651048660278320e-01,5.264239013195037842e-02,1.096951514482498169e-01,1.860307753086090088e-01,3.044731728732585907e-02,4.195938110351562500e-01,1.996110379695892334e-01,3.919420540332794189e-01,3.102517724037170410e-01,2.185565084218978882e-01,7.324303686618804932e-02,1.461255699396133423e-01,3.967920243740081787e-01,3.141638338565826416e-01,2.468568980693817139e-01,1.005103960633277893e-01,3.298003375530242920e-01,2.556912004947662354e-01,1.145776435732841492e-01,8.054741472005844116e-02,3.711340725421905518e-01,2.398156523704528809e-01,2.586317658424377441e-01,3.789533376693725586e-01,3.549311757087707520e-01,3.398784697055816650e-01,1.705347001552581787e-01,1.667976006865501404e-02
3.691125214099884033e-01,2.844883501529693604e-01,5.047340393066406250e-01,3.852032124996185303e-01,7.224867343902587891e-01,1.000000119209289551e+00,4.777377843856811523e-01,3.442166149616241455e-01,3.087514936923980713e-01,2.830211520195007324e-01,1.634555459022521973e-01,1.356245130300521851e-01,1.910189688205718994e-01,3.691704273223876953e-01,2.523703277111053467e-01,2.004449218511581421e-01,2.142940759658813477e-01,3.768564164638519287e-01,2.080406993627548218e-01,3.251067101955413818e-01,1.706344336271286011e-01,7.736639678478240967e-02,1.935970932245254517e-01,2.068086117506027222e-01,2.213752083480358124e-02,5.027354359626770020e-01,2.552814781665802002e-01,4.303700923919677734e-01,2.792624533176422119e-01,1.638468354940414429e-01,9.463778883218765259e-02,1.670979857444763184e-01,3.272734880447387695e-01,2.206067591905593872e-01,1.920270621776580811e-01,1.547099202871322632e-01,2.448731809854507446e-01,2.394935488700866699e-01,2.001969367265701294e-01,1.936022639274597168e-01,4.289224743843078613e-01,2.497895658016204834e-01,2.445595860481262207e-01,3.907578289508819580e-01,3.230303823947906494e-01,2.577638030052185059e-01,1.767653226852416992e-01,4.213974252343177795e-02
3.528004884719848633e-01,3.472562730312347412e-01,5.585237741470336914e-01,5.677899122238159180e-01,3.093283176422119141e-01,4.777377843856811523e-01,9.999997615814208984e-01,2.063182741403579712e-01,2.475706040859222412e-01,3.483690917491912842e-01,1.670956239104270935e-02,8.287543058395385742e-02,2.399445772171020508e-01,8.314574509859085083e-02,3.493324620649218559e-03,1.452526450157165527e-01,7.639351487159729004e-01,6.328211426734924316e-01,5.234202742576599121e-01,5.534506440162658691e-01,2.270955592393875122e-01,3.758112192153930664e-01,2.431969493627548218e-01,2.576799392700195312e-01,1.374915391206741333e-01,6.039121747016906738e-01,2.013897001743316650e-01,4.619918763637542725e-01,3.845857977867126465e-01,2.397502064704895020e-01,2.422215491533279419e-01,2.818423509597778320e-01,1.824016273021697998e-01,2.813676297664642334e-01,1.761900931596755981e-01,2.582439780235290527e-01,2.004836648702621460e-01,1.234828829765319824e-01,2.993576824665069580e-01,1.995736062526702881e-01,4.162506759166717529e-01,4.140127301216125488e-01,4.407076239585876465e-01,2.536890804767608643e-01,2.242766916751861572e-01,4.705110490322113037e-01,1.313138157129287720e-01,2.195123881101608276e-01
2.984012365341186523e-01,3.447590768337249756e-01,1.094429492950439453e-01,3.403583541512489319e-02,3.953507244586944580e-01,3.442166149616241455e-01,2.063182741403579712e-01,9.999994039535522461e-01,5.013630390167236328e-01,3.825298845767974854e-01,4.437217712402343750e-01,4.475903213024139404e-01,3.055397868156433105e-01,4.731755852699279785e-01,2.048153579235076904e-01,3.748372793197631836e-01,1.037460938096046448e-01,-1.345638744533061981e-02,6.844617426395416260e-02,1.679799892008304596e-02,1.184721961617469788e-01,7.584967464208602905e-02,4.137732982635498047e-01,3.479699492454528809e-01,2.149164676666259766e-01,2.884748280048370361e-01,3.634810149669647217e-01,3.692598938941955566e-01,2.005827426910400391e-01,3.956105113029479980e-01,3.191579580307006836e-01,2.604607045650482178e-01,5.835604667663574219e-01,4.099161624908447266e-01,3.828070163726806641e-01,4.323421418666839600e-01,3.777413070201873779e-01,2.394194453954696655e-01,3.816106319427490234e-01,3.893566131591796875e-01,1.973732560873031616e-01,3.688470423221588135e-01,2.692339420318603516e-01,4.838184416294097900e-01,2.500040829181671143e-01,2.936214506626129150e-01,2.125566750764846802e-01,3.087251782417297363e-01
4.079095125198364258e-01,3.733971714973449707e-01,2.056385278701782227e-01,1.553876698017120361e-01,3.542787730693817139e-01,3.087514936923980713e-01,2.475706040859222412e-01,5.013630390167236328e-01,1.000000238418579102e+00,4.948995113372802734e-01,3.069976568222045898e-01,3.463486731052398682e-01,2.521218955516815186e-01,2.992023229598999023e-01,1.454445868730545044e-01,2.413632273674011230e-01,1.206070855259895325e-01,6.426608562469482422e-02,8.735238015651702881e-02,1.192277744412422180e-01,1.162479519844055176e-01,1.653215587139129639e-01,2.996637225151062012e-01,4.033777713775634766e-01,1.484810560941696167e-01,3.077309429645538330e-01,3.737228512763977051e-01,3.447470963001251221e-01,2.354871332645416260e-01,3.701484799385070801e-01,3.411780893802642822e-01,3.129287362098693848e-01,5.359879136085510254e-01,3.146506547927856445e-01,2.307529747486114502e-01,4.911954998970031738e-01,3.534531891345977783e-01,1.983576267957687378e-01,2.848128676414489746e-01,2.877328693866729736e-01,1.470771878957748413e-01,3.315334320068359375e-01,2.028650641441345215e-01,3.743154108524322510e-01,2.349506616592407227e-01,2.724435329437255859e-01,2.127065956592559814e-01,2.390397638082504272e-01
3.527232706546783447e-01,4.158521890640258789e-01,1.472199857234954834e-01,6.654097139835357666e-02,2.901054024696350098e-01,2.830211520195007324e-01,3.483690917491912842e-01,3.825298845767974854e-01,4.948995113372802734e-01,9.999997615814208984e-01,1.579265147447586060e-01,3.701676428318023682e-01,3.773921430110931396e-01,2.687753438949584961e-01,1.650159657001495361e-01,1.058467775583267212e-01,3.096498548984527588e-01,1.577342003583908081e-01,2.013840079307556152e-01,3.396366536617279053e-01,1.849842518568038940e-01,1.512478888034820557e-01,3.077825307846069336e-01,4.405789375305175781e-01,1.351624429225921631e-01,3.049130439758300781e-01,3.374745547771453857e-01,3.248669505119323730e-01,3.211993873119354248e-01,2.735113799571990967e-01,2.140733599662780762e-01,3.678037822246551514e-01,4.272270500659942627e-01,3.341077268123626709e-01,1.008492894470691681e-02,3.340502977371215820e-01,3.332600593566894531e-01,1.886781752109527588e-01,2.606391906738281250e-01,2.461277246475219727e-01,2.832965552806854248e-01,3.844776749610900879e-01,2.587261199951171875e-01,2.764500975608825684e-01,3.739768862724304199e-01,4.866500198841094971e-01,3.048737049102783203e-01,2.791251242160797119e-01
1.650027781724929810e-01,3.605203703045845032e-02,2.039451599121093750e-01,7.594541460275650024e-02,2.393935173749923706e-01,1.634555459022521973e-01,1.670956239104270935e-02,4.437217712402343750e-01,3.069976568222045898e-01,1.579265147447586060e-01,9.999992847442626953e-01,3.583204746246337891e-01,1.545676738023757935e-01,4.240764081478118896e-01,1.251113414764404297e-01,2.240036725997924805e-01,7.655689027160406113e-03,3.328949213027954102e-02,-1.473760455846786499e-01,-1.633536219596862793e-01,2.255463451147079468e-01,3.033258318901062012e-01,1.356593072414398193e-01,2.626937627792358398e-01,2.770888209342956543e-01,1.379307955503463745e-01,2.784572839736938477e-01,3.628304600715637207e-01,1.550599634647369385e-01,4.426897466182708740e-01,4.945002794265747070e-01,2.459643185138702393e-01,2.461495101451873779e-01,2.712990641593933105e-01,3.459521532058715820e-01,2.489284873008728027e-01,6.927831470966339111e-02,2.058494538068771362e-01,2.738219797611236572e-01,1.500954329967498779e-01,3.563782200217247009e-02,7.854716852307319641e-03,-1.226428225636482239e-01,4.619749635457992554e-02,1.105901300907135010e-01,6.779217161238193512e-03,2.554367780685424805e-01,1.863043159246444702e-01
5.114505887031555176e-01,-9.177273022942245007e-04,1.822556853294372559e-01,1.861273795366287231e-01,1.195955276489257812e-01,1.356245130300521851e-01,8.287543058395385742e-02,4.475903213024139404e-01,3.463486731052398682e-01,3.701676428318023682e-01,3.583204746246337891e-01,9.999996423721313477e-01,5.357460379600524902e-01,1.475848555564880371e-01,3.723455369472503662e-01,4.162635505199432373e-01,7.307404652237892151e-03,-7.624991983175277710e-02,-1.520767360925674438e-01,7.580637931823730469e-03,4.147540330886840820e-01,2.950110435485839844e-01,4.495553374290466309e-01,3.912745416164398193e-01,3.803328275680541992e-01,1.388400644063949585e-01,4.313014447689056396e-01,3.185126781463623047e-01,-1.355724688619375229e-02,3.120779693126678467e-01,3.392775952816009521e-01,3.154962360858917236e-01,5.696164965629577637e-01,1.978130191564559937e-01,2.275949269533157349e-01,4.297750890254974365e-01,1.981254518032073975e-01,2.499996125698089600e-01,3.691069185733795166e-01,4.383428692817687988e-01,-2.905645594000816345e-02,-4.971579462289810181e-02,-6.326763331890106201e-02,1.371551901102066040e-01,-4.421139508485794067e-02,-1.294282171875238419e-02,2.363015413284301758e-01,3.215806782245635986e-01
3.911363184452056885e-01,3.631055355072021484e-02,2.234941422939300537e-01,3.127895295619964600e-01,2.023484110832214355e-01,1.910189688205718994e-01,2.399445772171020508e-01,3.055397868156433105e-01,2.521218955516815186e-01,3.773921430110931396e-01,1.545676738023757935e-01,5.357460379600524902e-01,1.000000238418579102e+00,-1.335921976715326309e-02,2.595332264900207520e-01,4.355047047138214111e-01,1.806635409593582153e-01,2.291422635316848755e-01,2.355532199144363403e-01,4.385084211826324463e-01,4.802028238773345947e-01,4.339835941791534424e-01,4.460922479629516602e-01,3.199879825115203857e-01,3.622184395790100098e-01,2.313629388809204102e-01,3.562730252742767334e-01,2.790642678737640381e-01,2.522821724414825439e-02,2.166835069656372070e-01,3.279678821563720703e-01,2.736496329307556152e-01,3.848527669906616211e-01,1.385250538587570190e-01,1.075564026832580566e-01,2.633460760116577148e-01,1.364277750253677368e-01,1.698784977197647095e-01,3.423606455326080322e-01,3.063519299030303955e-01,9.966469556093215942e-02,-2.626575296744704247e-03,2.262314110994338989e-01,5.792508646845817566e-02,-8.267834037542343140e-02,1.666904240846633911e-01,1.856804937124252319e-01,2.661691904067993164e-01
6.632234156131744385e-02,3.329841196537017822e-01,1.296022683382034302e-01,-7.941203564405441284e-02,4.466876983642578125e-01,3.691704273223876953e-01,8.314574509859085083e-02,4.731755852699279785e-01,2.992023229598999023e-01,2.687753438949584961e-01,4.240764081478118896e-01,1.475848555564880371e-01,-1.335921976715326309e-02,9.999995231628417969e-01,2.870817780494689941e-01,1.059385389089584351e-01,-5.834484007209539413e-03,5.142512544989585876e-02,1.047352049499750137e-02,-3.283861652016639709e-02,1.375146489590406418e-02,-3.416722640395164490e-02,1.076755002140998840e-01,2.332100123167037964e-01,-6.034523248672485352e-02,2.967214286327362061e-01,2.477196902036666870e-01,3.160430788993835449e-01,3.175258934497833252e-01,3.003787696361541748e-01,2.052965760231018066e-01,1.671251356601715088e-01,3.624424040317535400e-01,3.418647646903991699e-01,2.985751628875732422e-01,2.295739203691482544e-01,4.152469635009765625e-01,2.241112142801284790e-01,1.077298298478126526e-01,1.195113062858581543e-01,2.101193517446517944e-01,2.451607733964920044e-01,7.914908975362777710e-02,3.148421049118041992e-01,3.554069995880126953e-01,1.883723139762878418e-01,2.635452747344970703e-01,1.044409722089767456e-01
3.587576448917388916e-01,4.999126493930816650e-02,1.934034526348114014e-01,3.805994242429733276e-02,3.674812614917755127e-01,2.523703277111053467e-01,3.493324620649218559e-03,2.048153579235076904e-01,1.454445868730545044e-01,1.650159657001495361e-01,1.251113414764404297e-01,3.723455369472503662e-01,2.595332264900207520e-01,2.870817780494689941e-01,1.000000238418579102e+00,4.969106614589691162e-01,-1.313546150922775269e-01,9.264029562473297119e-02,-1.208231300115585327e-01,-3.185979276895523071e-02,9.307577461004257202e-02,7.484498620033264160e-02,2.984648644924163818e-01,2.514905929565429688e-01,-4.887500777840614319e-02,2.536193132400512695e-01,1.606151461601257324e-01,2.740648686885833740e-01,2.034301161766052246e-01,1.775649189949035645e-01,1.391679793596267700e-01,2.360473722219467163e-01,3.530201017856597900e-01,2.757363915443420410e-01,1.999354511499404907e-01,2.058547586202621460e-01,3.193860054016113281e-01,6.131014227867126465e-01,1.223318502306938171e-01,3.103440999984741211e-01,9.636268019676208496e-02,-6.113886088132858276e-02,2.664004825055599213e-02,1.541883498430252075e-01,1.516951769590377808e-01,1.246628165245056152e-01,1.954247504472732544e-01,1.387729048728942871e-01
3.314985334873199463e-01,1.256654560565948486e-01,1.915770024061203003e-01,2.220185995101928711e-01,2.290379106998443604e-01,2.004449218511581421e-01,1.452526450157165527e-01,3.748372793197631836e-01,2.413632273674011230e-01,1.058467775583267212e-01,2.240036725997924805e-01,4.162635505199432373e-01,4.355047047138214111e-01,1.059385389089584351e-01,4.969106614589691162e-01,1.000000238418579102e+00,1.587216556072235107e-02,1.281695961952209473e-01,1.475839465856552124e-01,4.112475737929344177e-02,1.420447975397109985e-01,2.983335554599761963e-01,5.524946451187133789e-01,3.118902742862701416e-01,1.663916409015655518e-01,2.357513606548309326e-01,2.529560327529907227e-01,3.052395284175872803e-01,1.919369399547576904e-01,3.449682593345642090e-01,3.255804777145385742e-01,2.081730812788009644e-01,3.807437121868133545e-01,2.939999997615814209e-01,3.714115023612976074e-01,3.906526267528533936e-01,3.174050152301788330e-01,4.994992613792419434e-01,4.545979201793670654e-01,4.289363324642181396e-01,1.238165050745010376e-01,7.900135964155197144e-02,9.755115211009979248e-02,1.505092531442642212e-01,8.168457448482513428e-02,1.925195008516311646e-01,2.565371394157409668e-01,1.799302697181701660e-01
2.550489604473114014e-01,2.964344918727874756e-01,4.321672320365905762e-01,4.795593321323394775e-01,6.429009139537811279e-02,2.142940759658813477e-01,7.639351487159729004e-01,1.037460938096046448e-01,1.206070855259895325e-01,3.096498548984527588e-01,7.655689027160406113e-03,7.307404652237892151e-03,1.806635409593582153e-01,-5.834484007209539413e-03,-1.313546150922775269e-01,1.587216556072235107e-02,9.999996423721313477e-01,6.515572667121887207e-01,5.843743085861206055e-01,5.527921915054321289e-01,2.599415481090545654e-01,4.632661342620849609e-01,1.532573848962783813e-01,2.083432227373123169e-01,1.205435469746589661e-01,3.929889798164367676e-01,1.047369912266731262e-01,3.368476331233978271e-01,3.023169934749603271e-01,1.848515570163726807e-01,2.750189900398254395e-01,3.006897866725921631e-01,1.298845000565052032e-02,2.268866151571273804e-01,1.041722297668457031e-01,1.478872299194335938e-01,9.089811146259307861e-02,4.029167070984840393e-02,2.379357516765594482e-01,9.563732892274856567e-02,2.940885722637176514e-01,3.815462589263916016e-01,3.918378949165344238e-01,8.743081986904144287e-02,1.653191149234771729e-01,4.063842594623565674e-01,1.070408448576927185e-01,1.839246749877929688e-01
3.273400962352752686e-01,1.426189392805099487e-01,6.368331313133239746e-01,5.674321055412292480e-01,2.886795699596405029e-01,3.768564164638519287e-01,6.328211426734924316e-01,-1.345638744533061981e-02,6.426608562469482422e-02,1.577342003583908081e-01,3.328949213027954102e-02,-7.624991983175277710e-02,2.291422635316848755e-01,5.142512544989585876e-02,9.264029562473297119e-02,1.281695961952209473e-01,6.515572667121887207e-01,9.999997615814208984e-01,5.702718496322631836e-01,5.809142589569091797e-01,2.322278916835784912e-01,4.773930311203002930e-01,1.074106916785240173e-01,1.683488786220550537e-01,2.931846119463443756e-02,4.565694630146026611e-01,2.874188497662544250e-02,3.167003691196441650e-01,2.361352294683456421e-01,6.377857178449630737e-02,2.218519151210784912e-01,2.330609112977981567e-01,-3.886728361248970032e-02,1.490772962570190430e-01,5.353050306439399719e-02,4.816024005413055420e-02,6.586662679910659790e-02,1.578217446804046631e-01,1.644697040319442749e-01,3.572800662368535995e-03,2.747515738010406494e-01,1.123683527112007141e-01,3.081319928169250488e-01,6.167582795023918152e-02,1.086332499980926514e-01,3.047506511211395264e-01,1.333118081092834473e-01,9.072402119636535645e-02
1.512578427791595459e-01,3.854263424873352051e-01,2.354975491762161255e-01,3.293218314647674561e-01,1.443310081958770752e-01,2.080406993627548218e-01,5.234202742576599121e-01,6.844617426395416260e-02,8.735238015651702881e-02,2.013840079307556152e-01,-1.473760455846786499e-01,-1.520767360925674438e-01,2.355532199144363403e-01,1.047352049499750137e-02,-1.208231300115585327e-01,1.475839465856552124e-01,5.843743085861206055e-01,5.702718496322631836e-01,1.000000119209289551e+00,6.362175345420837402e-01,1.414222419261932373e-01,2.822934091091156006e-01,1.899307519197463989e-01,1.737920343875885010e-01,-6.822246313095092773e-02,2.695811986923217773e-01,-1.407150994054973125e-03,2.633713483810424805e-01,3.367297351360321045e-01,1.736201792955398560e-01,1.655659973621368408e-01,1.164724305272102356e-01,4.054425656795501709e-02,2.098660320043563843e-01,1.196978911757469177e-01,1.287383884191513062e-01,1.639346927404403687e-01,6.920681148767471313e-02,2.206515222787857056e-01,1.795968227088451385e-02,3.196682929992675781e-01,3.614878058433532715e-01,5.266268849372863770e-01,1.130336895585060120e-01,1.846574991941452026e-01,4.100379645824432373e-01,6.710049510002136230e-02,5.390428006649017334e-02
2.660693526268005371e-01,2.750989794731140137e-01,3.753858506679534912e-01,4.972019195556640625e-01,2.559661865234375000e-01,3.251067101955413818e-01,5.534506440162658691e-01,1.679799892008304596e-02,1.192277744412422180e-01,3.396366536617279053e-01,-1.633536219596862793e-01,7.580637931823730469e-03,4.385084211826324463e-01,-3.283861652016639709e-02,-3.185979276895523071e-02,4.112475737929344177e-02,5.527921915054321289e-01,5.809142589569091797e-01,6.362175345420837402e-01,1.000000238418579102e+00,4.825157523155212402e-01,3.573476374149322510e-01,6.986374408006668091e-02,1.082152947783470154e-01,4.432199522852897644e-02,3.391959071159362793e-01,5.809209495782852173e-02,3.161377906799316406e-01,2.446813434362411499e-01,1.042508035898208618e-01,1.443653702735900879e-01,2.228588163852691650e-01,5.054351314902305603e-02,1.811491847038269043e-01,-3.578865528106689453e-02,7.401211652904748917e-03,9.791392087936401367e-02,5.976442480459809303e-04,1.397871971130371094e-01,-1.626014709472656250e-02,3.212187588214874268e-01,2.614711821079254150e-01,4.413094222545623779e-01,4.431568086147308350e-02,1.039488092064857483e-01,4.190663695335388184e-01,1.108292788267135620e-01,-4.289914853870868683e-03
3.739211261272430420e-01,6.394512951374053955e-02,2.946295738220214844e-01,5.040913820266723633e-01,1.251651048660278320e-01,1.706344336271286011e-01,2.270955592393875122e-01,1.184721961617469788e-01,1.162479519844055176e-01,1.849842518568038940e-01,2.255463451147079468e-01,4.147540330886840820e-01,4.802028238773345947e-01,1.375146489590406418e-02,9.307577461004257202e-02,1.420447975397109985e-01,2.599415481090545654e-01,2.322278916835784912e-01,1.414222419261932373e-01,4.825157523155212402e-01,9.999997615814208984e-01,5.475327968597412109e-01,6.759990751743316650e-02,1.640208363533020020e-01,2.819211483001708984e-01,1.120188236236572266e-01,2.156782001256942749e-01,4.211667776107788086e-01,6.715591251850128174e-02,3.334246873855590820e-01,4.316948354244232178e-01,3.288529813289642334e-01,9.474288672208786011e-02,1.166366785764694214e-01,1.007490083575248718e-01,9.890493005514144897e-02,-2.708194963634014130e-02,1.035998836159706116e-01,2.645696699619293213e-01,1.116854324936866760e-01,1.367317289113998413e-01,6.383494473993778229e-03,4.486382007598876953e-02,-7.477690279483795166e-02,-1.334825251251459122e-02,4.758504033088684082e-02,2.148601412773132324e-01,-1.649205200374126434e-02
3.810132145881652832e-01,4.636172950267791748e-02,4.341380596160888672e-01,5.420495271682739258e-01,5.264239013195037842e-02,7.736639678478240967e-02,3.758112192153930664e-01,7.584967464208602905e-02,1.653215587139129639e-01,1.512478888034820557e-01,3.033258318901062012e-01,2.950110435485839844e-01,4.339835941791534424e-01,-3.416722640395164490e-02,7.484498620033264160e-02,2.983335554599761963e-01,4.632661342620849609e-01,4.773930311203002930e-01,2.822934091091156006e-01,3.573476374149322510e-01,5.475327968597412109e-01,9.999997615814208984e-01,2.048036307096481323e-01,3.097313046455383301e-01,3.907313942909240723e-01,2.199379354715347290e-01,2.666534781455993652e-01,3.656799197196960449e-01,1.109258234500885010e-01,3.723770380020141602e-01,5.787480473518371582e-01,3.797397613525390625e-01,1.036681979894638062e-01,1.754736453294754028e-01,1.690097898244857788e-01,2.193001657724380493e-01,4.989871382713317871e-02,1.935629546642303467e-01,3.260358273983001709e-01,1.113716438412666321e-01,5.392436683177947998e-02,-2.818270772695541382e-02,3.209508955478668213e-02,-8.736601471900939941e-02,-1.656454242765903473e-02,8.841665834188461304e-02,3.328596949577331543e-01,1.874514073133468628e-01
3.523353040218353271e-01,2.067437767982482910e-01,1.279192417860031128e-01,7.848820835351943970e-02,1.096951514482498169e-01,1.935970932245254517e-01,2.431969493627548218e-01,4.137732982635498047e-01,2.996637225151062012e-01,3.077825307846069336e-01,1.356593072414398193e-01,4.495553374290466309e-01,4.460922479629516602e-01,1.076755002140998840e-01,2.984648644924163818e-01,5.524946451187133789e-01,1.532573848962783813e-01,1.074106916785240173e-01,1.899307519197463989e-01,6.986374408006668091e-02,6.759990751743316650e-02,2.048036307096481323e-01,9.999996423721313477e-01,5.085447430610656738e-01,1.482031345367431641e-01,3.827423453330993652e-01,3.233859837055206299e-01,3.431756794452667236e-01,2.477441579103469849e-01,3.180372118949890137e-01,4.006987214088439941e-01,4.419523477554321289e-01,4.548822641372680664e-01,2.116737067699432373e-01,3.042585849761962891e-01,5.852280259132385254e-01,2.962077260017395020e-01,3.434660732746124268e-01,5.430759787559509277e-01,6.790773272514343262e-01,2.353909313678741455e-01,1.974489092826843262e-01,2.982990145683288574e-01,1.799293011426925659e-01,5.841385200619697571e-02,1.860748976469039917e-01,3.192507922649383545e-01,6.045877337455749512e-01
4.456688165664672852e-01,3.982251882553100586e-01,1.611644476652145386e-01,6.037513539195060730e-02,1.860307753086090088e-01,2.068086117506027222e-01,2.576799392700195312e-01,3.479699492454528809e-01,4.033777713775634766e-01,4.405789375305175781e-01,2.626937627792358398e-01,3.912745416164398193e-01,3.199879825115203857e-01,2.332100123167037964e-01,2.514905929565429688e-01,3.118902742862701416e-01,2.083432227373123169e-01,1.683488786220550537e-01,1.737920343875885010e-01,1.082152947783470154e-01,1.640208363533020020e-01,3.097313046455383301e-01,5.085447430610656738e-01,1.000000238418579102e+00,1.739677488803863525e-01,3.569785356521606445e-01,4.619475007057189941e-01,4.664583802223205566e-01,4.102700650691986084e-01,5.274698734283447266e-01,4.997410178184509277e-01,4.762910604476928711e-01,5.092403292655944824e-01,2.851438522338867188e-01,3.620404601097106934e-01,6.595008373260498047e-01,3.009561002254486084e-01,4.242385029792785645e-01,5.758707523345947266e-01,5.082844495773315430e-01,2.798621952533721924e-01,2.192185968160629272e-01,1.854567825794219971e-01,3.180488944053649902e-01,3.134029209613800049e-01,1.874402314424514771e-01,6.021972298622131348e-01,3.596757054328918457e-01
3.178684711456298828e-01,-1.279252171516418457e-01,2.151464074850082397e-01,2.456287443637847900e-01,3.044731728732585907e-02,2.213752083480358124e-02,1.374915391206741333e-01,2.149164676666259766e-01,1.484810560941696167e-01,1.351624429225921631e-01,2.770888209342956543e-01,3.803328275680541992e-01,3.622184395790100098e-01,-6.034523248672485352e-02,-4.887500777840614319e-02,1.663916409015655518e-01,1.205435469746589661e-01,2.931846119463443756e-02,-6.822246313095092773e-02,4.432199522852897644e-02,2.819211483001708984e-01,3.907313942909240723e-01,1.482031345367431641e-01,1.739677488803863525e-01,1.000000000000000000e+00,6.536503881216049194e-02,5.156610608100891113e-01,2.171476185321807861e-01,-1.127316579222679138e-01,1.606006771326065063e-01,2.273757755756378174e-01,1.581199318170547485e-01,3.716532886028289795e-01,-3.710846975445747375e-02,6.223960965871810913e-02,1.650485694408416748e-01,1.508632791228592396e-03,-5.839882418513298035e-02,2.084493786096572876e-01,1.413850188255310059e-01,-1.351155638694763184e-01,-1.440840214490890503e-01,-8.493158966302871704e-02,4.881148785352706909e-02,-1.343267410993576050e-01,-2.406015433371067047e-02,1.849838048219680786e-01,2.549913525581359863e-01
3.679207861423492432e-01,2.091041356325149536e-01,5.262812972068786621e-01,3.383770585060119629e-01,4.195938110351562500e-01,5.027354359626770020e-01,6.039121747016906738e-01,2.884748280048370361e-01,3.077309429645538330e-01,3.049130439758300781e-01,1.379307955503463745e-01,1.388400644063949585e-01,2.313629388809204102e-01,2.967214286327362061e-01,2.536193132400512695e-01,2.357513606548309326e-01,3.929889798164367676e-01,4.565694630146026611e-01,2.695811986923217773e-01,3.391959071159362793e-01,1.120188236236572266e-01,2.199379354715347290e-01,3.827423453330993652e-01,3.569785356521606445e-01,6.536503881216049194e-02,9.999995231628417969e-01,2.543451189994812012e-01,4.629895687103271484e-01,4.155573546886444092e-01,2.493131011724472046e-01,2.721116244792938232e-01,3.695123493671417236e-01,2.941777408123016357e-01,2.320932298898696899e-01,2.717212140560150146e-01,3.683586418628692627e-01,2.743558585643768311e-01,2.321375906467437744e-01,3.383396863937377930e-01,4.183891415596008301e-01,3.550454080104827881e-01,2.155644893646240234e-01,3.197616040706634521e-01,2.763719558715820312e-01,1.640602499246597290e-01,3.734169304370880127e-01,2.435298562049865723e-01,3.889210820198059082e-01
3.907488286495208740e-01,2.155873924493789673e-01,1.864678561687469482e-01,1.916075944900512695e-01,1.996110379695892334e-01,2.552814781665802002e-01,2.013897001743316650e-01,3.634810149669647217e-01,3.737228512763977051e-01,3.374745547771453857e-01,2.784572839736938477e-01,4.313014447689056396e-01,3.562730252742767334e-01,2.477196902036666870e-01,1.606151461601257324e-01,2.529560327529907227e-01,1.047369912266731262e-01,2.874188497662544250e-02,-1.407150994054973125e-03,5.809209495782852173e-02,2.156782001256942749e-01,2.666534781455993652e-01,3.233859837055206299e-01,4.619475007057189941e-01,5.156610608100891113e-01,2.543451189994812012e-01,9.999997615814208984e-01,3.968648910522460938e-01,1.847873479127883911e-01,3.643365800380706787e-01,3.544152379035949707e-01,2.389785051345825195e-01,6.050995588302612305e-01,1.224006265401840210e-01,2.613149285316467285e-01,4.042744338512420654e-01,3.035991191864013672e-01,1.764660030603408813e-01,3.613800108432769775e-01,3.079815804958343506e-01,7.963054627180099487e-02,-3.375408239662647247e-03,4.173856228590011597e-03,2.976256012916564941e-01,1.877395510673522949e-01,4.455045238137245178e-02,3.699896931648254395e-01,2.893982529640197754e-01
5.062861442565917969e-01,5.004317760467529297e-01,3.969514966011047363e-01,4.025539755821228027e-01,3.919420540332794189e-01,4.303700923919677734e-01,4.619918763637542725e-01,3.692598938941955566e-01,3.447470963001251221e-01,3.248669505119323730e-01,3.628304600715637207e-01,3.185126781463623047e-01,2.790642678737640381e-01,3.160430788993835449e-01,2.740648686885833740e-01,3.052395284175872803e-01,3.368476331233978271e-01,3.167003691196441650e-01,2.633713483810424805e-01,3.161377906799316406e-01,4.211667776107788086e-01,3.656799197196960449e-01,3.431756794452667236e-01,4.664583802223205566e-01,2.171476185321807861e-01,4.629895687103271484e-01,3.968648910522460938e-01,9.999992847442626953e-01,5.948967933654785156e-01,6.158687472343444824e-01,5.553966164588928223e-01,4.356120228767395020e-01,3.974496424198150635e-01,4.534227550029754639e-01,4.313839375972747803e-01,5.025104880332946777e-01,3.470235466957092285e-01,4.205951094627380371e-01,4.610671103000640869e-01,3.491585850715637207e-01,5.045978426933288574e-01,3.941730558872222900e-01,3.133293986320495605e-01,2.341821193695068359e-01,4.161714017391204834e-01,3.860125541687011719e-01,3.472830951213836670e-01,3.030012845993041992e-01
1.528013050556182861e-01,6.640183925628662109e-01,1.141208261251449585e-01,7.694366574287414551e-02,3.102517724037170410e-01,2.792624533176422119e-01,3.845857977867126465e-01,2.005827426910400391e-01,2.354871332645416260e-01,3.211993873119354248e-01,1.550599634647369385e-01,-1.355724688619375229e-02,2.522821724414825439e-02,3.175258934497833252e-01,2.034301161766052246e-01,1.919369399547576904e-01,3.023169934749603271e-01,2.361352294683456421e-01,3.367297351360321045e-01,2.446813434362411499e-01,6.715591251850128174e-02,1.109258234500885010e-01,2.477441579103469849e-01,4.102700650691986084e-01,-1.127316579222679138e-01,4.155573546886444092e-01,1.847873479127883911e-01,5.948967933654785156e-01,9.999998807907104492e-01,5.731806755065917969e-01,3.389775753021240234e-01,3.566114008426666260e-01,2.202837914228439331e-01,4.087478220462799072e-01,3.951364159584045410e-01,4.098967313766479492e-01,4.304153621196746826e-01,4.057462215423583984e-01,3.662184476852416992e-01,2.419740706682205200e-01,5.006933212280273438e-01,5.227869749069213867e-01,4.011075794696807861e-01,2.337778359651565552e-01,5.957094430923461914e-01,5.386312007904052734e-01,3.298069238662719727e-01,1.999261677265167236e-01
2.720998525619506836e-01,5.170432925224304199e-01,7.368174940347671509e-02,1.186798587441444397e-01,2.185565084218978882e-01,1.638468354940414429e-01,2.397502064704895020e-01,3.956105113029479980e-01,3.701484799385070801e-01,2.735113799571990967e-01,4.426897466182708740e-01,3.120779693126678467e-01,2.166835069656372070e-01,3.003787696361541748e-01,1.775649189949035645e-01,3.449682593345642090e-01,1.848515570163726807e-01,6.377857178449630737e-02,1.736201792955398560e-01,1.042508035898208618e-01,3.334246873855590820e-01,3.723770380020141602e-01,3.180372118949890137e-01,5.274698734283447266e-01,1.606006771326065063e-01,2.493131011724472046e-01,3.643365800380706787e-01,6.158687472343444824e-01,5.731806755065917969e-01,1.000000119209289551e+00,6.730675101280212402e-01,4.575054645538330078e-01,3.954082429409027100e-01,4.694828391075134277e-01,5.329129099845886230e-01,5.276778340339660645e-01,3.878979086875915527e-01,4.109575450420379639e-01,4.887016415596008301e-01,3.166049122810363770e-01,3.221077322959899902e-01,3.603952825069427490e-01,2.332291305065155029e-01,2.188357412815093994e-01,4.191102385520935059e-01,3.002648055553436279e-01,4.694713950157165527e-01,1.888205856084823608e-01
3.041934669017791748e-01,2.812561988830566406e-01,2.059536129236221313e-01,2.397332638502120972e-01,7.324303686618804932e-02,9.463778883218765259e-02,2.422215491533279419e-01,3.191579580307006836e-01,3.411780893802642822e-01,2.140733599662780762e-01,4.945002794265747070e-01,3.392775952816009521e-01,3.279678821563720703e-01,2.052965760231018066e-01,1.391679793596267700e-01,3.255804777145385742e-01,2.750189900398254395e-01,2.218519151210784912e-01,1.655659973621368408e-01,1.443653702735900879e-01,4.316948354244232178e-01,5.787480473518371582e-01,4.006987214088439941e-01,4.997410178184509277e-01,2.273757755756378174e-01,2.721116244792938232e-01,3.544152379035949707e-01,5.553966164588928223e-01,3.389775753021240234e-01,6.730675101280212402e-01,9.999997615814208984e-01,5.760608315467834473e-01,2.618974149227142334e-01,3.469178080558776855e-01,4.538321793079376221e-01,4.936027824878692627e-01,1.978273540735244751e-01,3.488487005233764648e-01,5.154883265495300293e-01,3.914137184619903564e-01,2.577244639396667480e-01,1.884140521287918091e-01,1.323387175798416138e-01,1.653659157454967499e-02,1.737421005964279175e-01,1.505869030952453613e-01,4.369509518146514893e-01,3.418735861778259277e-01
3.205398023128509521e-01,2.539367973804473877e-01,1.342846602201461792e-01,1.049242168664932251e-01,1.461255699396133423e-01,1.670979857444763184e-01,2.818423509597778320e-01,2.604607045650482178e-01,3.129287362098693848e-01,3.678037822246551514e-01,2.459643185138702393e-01,3.154962360858917236e-01,2.736496329307556152e-01,1.671251356601715088e-01,2.360473722219467163e-01,2.081730812788009644e-01,3.006897866725921631e-01,2.330609112977981567e-01,1.164724305272102356e-01,2.228588163852691650e-01,3.288529813289642334e-01,3.797397613525390625e-01,4.419523477554321289e-01,4.762910604476928711e-01,1.581199318170547485e-01,3.695123493671417236e-01,2.389785051345825195e-01,4.356120228767395020e-01,3.566114008426666260e-01,4.575054645538330078e-01,5.760608315467834473e-01,9.999997615814208984e-01,2.375922203063964844e-01,2.890448272228240967e-01,2.810378968715667725e-01,4.080539941787719727e-01,1.815966814756393433e-01,3.097567856311798096e-01,4.367154538631439209e-01,5.323852896690368652e-01,3.185034394264221191e-01,2.764345109462738037e-01,2.660289406776428223e-01,6.064273789525032043e-02,2.287718057632446289e-01,3.339843451976776123e-01,4.966090917587280273e-01,4.386247098445892334e-01
5.250344872474670410e-01,3.236707746982574463e-01,1.556854397058486938e-01,4.849760234355926514e-02,3.967920243740081787e-01,3.272734880447387695e-01,1.824016273021697998e-01,5.835604667663574219e-01,5.359879136085510254e-01,4.272270500659942627e-01,2.461495101451873779e-01,5.696164965629577637e-01,3.848527669906616211e-01,3.624424040317535400e-01,3.530201017856597900e-01,3.807437121868133545e-01,1.298845000565052032e-02,-3.886728361248970032e-02,4.054425656795501709e-02,5.054351314902305603e-02,9.474288672208786011e-02,1.036681979894638062e-01,4.548822641372680664e-01,5.092403292655944824e-01,3.716532886028289795e-01,2.941777408123016357e-01,6.050995588302612305e-01,3.974496424198150635e-01,2.202837914228439331e-01,3.954082429409027100e-01,2.618974149227142334e-01,2.375922203063964844e-01,9.999995231628417969e-01,3.272906541824340820e-01,3.306649625301361084e-01,5.318889617919921875e-01,5.060194730758666992e-01,3.018651604652404785e-01,3.730298578739166260e-01,3.824816942214965820e-01,1.228318214416503906e-01,1.817807406187057495e-01,2.027098834514617920e-01,4.422597289085388184e-01,2.088782638311386108e-01,2.113482803106307983e-01,3.212893903255462646e-01,3.380419015884399414e-01
