1.000000476837158203e+00,4.100355505943298340e-02,4.094356596469879150e-01,2.976611554622650146e-01,2.977968156337738037e-01,3.708038926124572754e-01,2.360055297613143921e-01,1.542249023914337158e-01,1.179930195212364197e-01,-8.719555917195975780e-04,1.456576138734817505e-01,2.180936336517333984e-01,-5.433347448706626892e-02,2.514370381832122803e-01,2.759340107440948486e-01,-1.091339662671089172e-01,2.418314963579177856e-01,4.579880461096763611e-02,-2.649202011525630951e-02,-1.791769824922084808e-02,-4.076258838176727295e-02,-2.461543977260589600e-01,-2.412539571523666382e-01,-2.627789974212646484e-01,2.345858812332153320e-01,2.419679760932922363e-01,1.076699718832969666e-01,5.207129120826721191e-01,4.144050776958465576e-01,-1.847184151411056519e-01,-1.852364689111709595e-01,-3.329925835132598877e-01,4.637733399868011475e-01,-5.735051631927490234e-02,-8.200521767139434814e-02,-2.849880754947662354e-01,1.914530061185359955e-02,-1.132450327277183533e-01,-2.297864556312561035e-01,-1.878504604101181030e-01,1.198184415698051453e-01,9.637518087401986122e-04,-1.513367891311645508e-01,-5.867887660861015320e-02,-3.743062168359756470e-02,-1.167630702257156372e-01,-2.345456331968307495e-01,-2.309791445732116699e-01
4.100355505943298340e-02,1.000000000000000000e+00,-6.224796921014785767e-02,-1.010418459773063660e-01,2.997038066387176514e-01,2.947997748851776123e-01,8.612796664237976074e-02,1.340806037187576294e-01,1.193299517035484314e-01,2.812498509883880615e-01,-3.198464214801788330e-02,6.058431416749954224e-02,1.338923573493957520e-01,-2.589088492095470428e-02,-4.003624431788921356e-03,-7.537548243999481201e-02,9.537138789892196655e-02,7.825361937284469604e-02,1.662337630987167358e-01,1.230367124080657959e-01,7.380092889070510864e-02,5.028208252042531967e-03,6.081470474600791931e-02,1.533655524253845215e-01,1.776734441518783569e-01,1.008153036236763000e-01,2.352998703718185425e-01,4.415473341941833496e-02,2.258505821228027344e-01,1.459545046091079712e-01,9.502998739480972290e-02,1.864525526762008667e-01,3.457318544387817383e-01,6.039386615157127380e-02,1.926073133945465088e-01,7.344990223646163940e-02,1.308375224471092224e-02,1.291125416755676270e-01,5.223750695586204529e-02,-1.011591479182243347e-01,3.064649701118469238e-01,3.943746387958526611e-01,3.055548071861267090e-01,5.838463902473449707e-01,6.904948949813842773e-01,4.238969087600708008e-01,1.858432143926620483e-01,1.820514164865016937e-02
4.094356596469879150e-01,-6.224796921014785767e-02,1.000000476837158203e+00,6.794129014015197754e-01,2.165676839649677277e-02,4.489990323781967163e-02,6.148314476013183594e-01,1.010696366429328918e-01,4.598898068070411682e-02,-9.633601456880569458e-02,1.067155301570892334e-01,-1.003374308347702026e-01,-2.039617896080017090e-01,2.757099866867065430e-01,-8.795466274023056030e-02,-2.059773057699203491e-01,5.230775475502014160e-01,2.363595068454742432e-01,5.499551817774772644e-02,9.632452577352523804e-02,9.511561365798115730e-04,-9.128686040639877319e-02,-3.350960314273834229e-01,-2.712230086326599121e-01,-1.807392686605453491e-01,5.356995463371276855e-01,-2.303383052349090576e-01,3.252926766872406006e-01,3.926603198051452637e-01,-4.346620291471481323e-02,-1.052864193916320801e-01,-3.066096305847167969e-01,2.537308633327484131e-02,7.157906075008213520e-04,-5.861258134245872498e-02,-2.531155943870544434e-01,2.129101008176803589e-01,-1.071601435542106628e-01,-2.517490684986114502e-01,-1.089111715555191040e-01,-6.987915188074111938e-02,-1.693366765975952148e-01,-2.627693712711334229e-01,-8.046752214431762695e-02,-9.626597911119461060e-02,-1.606185287237167358e-01,-2.962056696414947510e-01,-2.104008197784423828e-01
2.976611554622650146e-01,-1.010418459773063660e-01,6.794129014015197754e-01,9.999995231628417969e-01,9.110207110643386841e-02,1.195925027132034302e-01,5.952742099761962891e-01,1.447794865816831589e-02,7.277353852987289429e-02,-7.353171240538358688e-03,2.305430769920349121e-01,-3.321002423763275146e-02,5.047424696385860443e-03,2.990933060646057129e-01,-1.173005253076553345e-01,-6.851810961961746216e-02,4.792091548442840576e-01,2.300076633691787720e-01,2.454057931900024414e-01,3.181635141372680664e-01,2.898497581481933594e-01,1.597016006708145142e-01,-1.660256087779998779e-01,-9.744380414485931396e-02,-3.300018310546875000e-01,3.446515202522277832e-01,-3.091174364089965820e-01,3.484725654125213623e-01,3.284462392330169678e-01,9.388958662748336792e-02,4.834293574094772339e-02,-1.370536535978317261e-01,-1.472413092851638794e-01,-2.856682986021041870e-02,-6.671927124261856079e-02,-1.168480589985847473e-01,3.139900863170623779e-01,-7.672229409217834473e-02,-1.224306672811508179e-01,-3.320872783660888672e-02,-6.245594844222068787e-02,-7.834778726100921631e-02,-1.195857450366020203e-01,-7.405766844749450684e-02,-9.232306480407714844e-02,-9.185241162776947021e-02,-1.294557005167007446e-01,-4.914796352386474609e-02
2.977968156337738037e-01,2.997038066387176514e-01,2.165676839649677277e-02,9.110207110643386841e-02,9.999997615814208984e-01,7.140237689018249512e-01,2.559787631034851074e-01,7.327371835708618164e-02,1.763033568859100342e-01,3.197245597839355469e-01,-7.007881999015808105e-02,1.472298949956893921e-01,2.363433539867401123e-01,-3.329798206686973572e-02,-7.320612785406410694e-04,8.352439105510711670e-02,1.833081245422363281e-01,2.603718936443328857e-01,3.526055216789245605e-01,3.265981972217559814e-01,1.244463846087455750e-01,1.271759420633316040e-01,9.751884639263153076e-02,7.376593351364135742e-02,1.031232774257659912e-01,2.102722078561782837e-01,1.531012505292892456e-01,2.388399541378021240e-01,3.180324435234069824e-01,5.590415373444557190e-02,9.051801264286041260e-02,1.231608465313911438e-01,2.319404631853103638e-01,-7.749753445386886597e-02,-1.029130653478205204e-03,-2.150789834558963776e-02,8.045035600662231445e-02,3.426083549857139587e-02,6.975201517343521118e-02,1.929020136594772339e-02,5.210324525833129883e-01,4.839102327823638916e-01,4.180958867073059082e-01,1.083461642265319824e-01,2.008165717124938965e-01,3.437615633010864258e-01,1.305245608091354370e-01,1.852229610085487366e-02
3.708038926124572754e-01,2.947997748851776123e-01,4.489990323781967163e-02,1.195925027132034302e-01,7.140237689018249512e-01,9.999998211860656738e-01,2.152924239635467529e-01,4.893812164664268494e-02,1.624257490038871765e-02,1.178258731961250305e-01,-1.003544032573699951e-01,6.675305217504501343e-02,6.804899871349334717e-02,-4.147589206695556641e-02,2.991350740194320679e-02,1.222778111696243286e-02,1.687771826982498169e-01,1.764469891786575317e-01,2.496243715286254883e-01,2.115684449672698975e-01,9.434532374143600464e-02,-1.704271696507930756e-02,-4.913132637739181519e-02,-5.644470080733299255e-02,1.088147908449172974e-01,2.136418521404266357e-01,2.050635516643524170e-01,2.796175181865692139e-01,3.469761013984680176e-01,-3.287713602185249329e-02,-5.047777667641639709e-03,-2.921060658991336823e-02,2.655215859413146973e-01,-8.405400812625885010e-02,-1.631146110594272614e-02,-1.174804344773292542e-01,-3.756969422101974487e-02,-8.161236345767974854e-02,-4.749419540166854858e-02,-9.981624037027359009e-02,4.356655776500701904e-01,3.027123510837554932e-01,2.091804891824722290e-01,5.459723621606826782e-02,1.542411893606185913e-01,1.557050496339797974e-01,2.252587910334113985e-05,-7.340751588344573975e-02
2.360055297613143921e-01,8.612796664237976074e-02,6.148314476013183594e-01,5.952742099761962891e-01,2.559787631034851074e-01,2.152924239635467529e-01,9.999999403953552246e-01,1.160391047596931458e-01,1.501812487840652466e-01,2.022209465503692627e-01,3.981053456664085388e-02,-8.545516431331634521e-02,2.102983742952346802e-02,2.671922147274017334e-01,-6.838796287775039673e-02,-1.319067180156707764e-01,8.167462348937988281e-01,6.131203770637512207e-01,5.303195118904113770e-01,4.780230224132537842e-01,2.029750496149063110e-01,2.046537399291992188e-01,-1.061602011322975159e-01,-7.156514376401901245e-02,-1.437138915061950684e-01,6.566022634506225586e-01,-8.486708253622055054e-02,1.723150759935379028e-01,3.616486191749572754e-01,1.193402782082557678e-01,1.251411437988281250e-01,-2.729025483131408691e-02,1.718805544078350067e-02,5.148139316588640213e-03,-3.950547426939010620e-02,-1.080581769347190857e-01,3.422346115112304688e-01,3.135110810399055481e-02,-7.650953531265258789e-02,1.446006540209054947e-02,1.294072866439819336e-01,2.198630869388580322e-01,2.005003243684768677e-01,6.471483409404754639e-02,2.356076240539550781e-02,2.150987386703491211e-01,-7.036744058132171631e-02,-1.278403848409652710e-01
1.542249023914337158e-01,1.340806037187576294e-01,1.010696366429328918e-01,1.447794865816831589e-02,7.327371835708618164e-02,4.893812164664268494e-02,1.160391047596931458e-01,9.999995827674865723e-01,2.680450677871704102e-01,5.314800143241882324e-02,4.434257745742797852e-01,1.647133380174636841e-01,-1.010116040706634521e-01,2.693849503993988037e-01,3.061130270361900330e-02,-8.819234371185302734e-02,1.601146608591079712e-01,1.393199414014816284e-01,5.648100376129150391e-02,2.539623901247978210e-02,-3.307025507092475891e-02,-9.815297275781631470e-02,-1.394802629947662354e-01,-5.755979940295219421e-02,-9.049779921770095825e-02,2.324663847684860229e-01,-8.225383609533309937e-02,5.966864898800849915e-02,1.381956338882446289e-01,-2.353560738265514374e-02,1.445957925170660019e-02,-7.107592374086380005e-02,3.080215752124786377e-01,3.723964393138885498e-01,3.648020327091217041e-02,-8.806342631578445435e-02,1.628611534833908081e-01,6.773345917463302612e-02,-1.088634356856346130e-01,-4.116427525877952576e-02,1.648102849721908569e-01,1.702558845281600952e-01,4.372406378388404846e-02,3.371658027172088623e-01,1.021232828497886658e-01,1.692066639661788940e-01,-3.875506669282913208e-02,-1.395700871944427490e-01
1.179930195212364197e-01,1.193299517035484314e-01,4.598898068070411682e-02,7.277353852987289429e-02,1.763033568859100342e-01,1.624257490038871765e-02,1.501812487840652466e-01,2.680450677871704102e-01,1.000000000000000000e+00,5.075835585594177246e-01,4.412004649639129639e-01,4.591947793960571289e-01,4.110956192016601562e-01,3.057500422000885010e-01,7.406063377857208252e-02,2.714318335056304932e-01,1.950508952140808105e-01,5.936387181282043457e-02,1.564498841762542725e-01,2.671403288841247559e-01,2.680179178714752197e-01,3.164688050746917725e-01,3.143806755542755127e-01,3.167330026626586914e-01,8.549679815769195557e-02,1.052529290318489075e-01,4.782137461006641388e-03,1.054254174232482910e-01,1.542548239231109619e-01,2.999792993068695068e-01,3.623205721378326416e-01,3.318380117416381836e-01,2.082993835210800171e-01,1.753788441419601440e-01,2.475364953279495239e-01,2.848318517208099365e-01,2.279540449380874634e-01,2.606121301651000977e-01,2.857215404510498047e-01,3.062761127948760986e-01,2.492038607597351074e-01,3.663805425167083740e-01,2.778258621692657471e-01,2.718906104564666748e-01,1.715860068798065186e-01,3.747605383396148682e-01,3.587135970592498779e-01,2.746213078498840332e-01
-8.719555917195975780e-04,2.812498509883880615e-01,-9.633601456880569458e-02,-7.353171240538358688e-03,3.197245597839355469e-01,1.178258731961250305e-01,2.022209465503692627e-01,5.314800143241882324e-02,5.075835585594177246e-01,1.000000119209289551e+00,1.429917663335800171e-01,4.519084393978118896e-01,6.277322173118591309e-01,1.928040087223052979e-01,1.600672900676727295e-01,3.349388241767883301e-01,2.377959936857223511e-01,1.478525549173355103e-01,3.634778857231140137e-01,5.053962469100952148e-01,4.621075093746185303e-01,4.531153142452239990e-01,4.590066969394683838e-01,4.605236351490020752e-01,1.262003481388092041e-01,7.126433402299880981e-02,8.913541585206985474e-02,-6.186049431562423706e-03,5.648448690772056580e-02,3.908222913742065430e-01,3.836282789707183838e-01,5.232955217361450195e-01,1.434453278779983521e-01,2.207503020763397217e-01,3.121541142463684082e-01,4.007516205310821533e-01,2.508364617824554443e-01,4.423956573009490967e-01,4.203879535198211670e-01,2.974328398704528809e-01,2.311052531003952026e-01,4.991817176342010498e-01,4.919411838054656982e-01,2.510356605052947998e-01,3.687900900840759277e-01,6.304886937141418457e-01,5.052798390388488770e-01,3.304431736469268799e-01
1.456576138734817505e-01,-3.198464214801788330e-02,1.067155301570892334e-01,2.305430769920349121e-01,-7.007881999015808105e-02,-1.003544032573699951e-01,3.981053456664085388e-02,4.434257745742797852e-01,4.412004649639129639e-01,1.429917663335800171e-01,9.999997615814208984e-01,4.743494093418121338e-01,1.489147543907165527e-01,4.402495622634887695e-01,1.141230016946792603e-01,1.769522875547409058e-01,1.357781440019607544e-01,-4.354322794824838638e-03,-4.775867238640785217e-02,4.965552687644958496e-02,2.900843620300292969e-01,1.640710681676864624e-01,2.929590828716754913e-02,5.932870879769325256e-02,-1.558056008070707321e-02,-2.899210713803768158e-02,-9.796732664108276367e-02,3.411418795585632324e-01,2.057135701179504395e-01,2.522147297859191895e-01,2.197709679603576660e-01,6.304536759853363037e-02,1.628706604242324829e-01,2.898096144199371338e-01,1.935684680938720703e-01,6.386650353670120239e-02,2.919558882713317871e-01,2.530701458454132080e-01,9.970644116401672363e-02,8.514436893165111542e-03,-9.778061509132385254e-02,6.945700198411941528e-02,-2.549529634416103363e-02,7.151518762111663818e-02,1.337339133024215698e-01,5.537127330899238586e-02,7.231509685516357422e-02,6.276656058616936207e-04
2.180936336517333984e-01,6.058431416749954224e-02,-1.003374308347702026e-01,-3.321002423763275146e-02,1.472298949956893921e-01,6.675305217504501343e-02,-8.545516431331634521e-02,1.647133380174636841e-01,4.591947793960571289e-01,4.519084393978118896e-01,4.743494093418121338e-01,1.000000119209289551e+00,5.433672666549682617e-01,3.027419149875640869e-01,3.406504988670349121e-01,3.980727791786193848e-01,-6.133801653049886227e-04,-1.362226456403732300e-01,1.914572343230247498e-02,1.846394240856170654e-01,3.703878819942474365e-01,2.551956772804260254e-01,4.115092754364013672e-01,3.059502243995666504e-01,2.278129160404205322e-01,-1.444432139396667480e-01,1.024336740374565125e-01,1.972114294767379761e-01,7.658100873231887817e-02,2.631937563419342041e-01,2.281235009431838989e-01,3.083570301532745361e-01,2.678899765014648438e-01,1.271179765462875366e-01,3.168489933013916016e-01,3.394166529178619385e-01,1.227833926677703857e-01,4.151315093040466309e-01,4.200042188167572021e-01,2.095682471990585327e-01,1.923461407423019409e-01,3.328889012336730957e-01,2.918440103530883789e-01,1.587009243667125702e-02,1.681010574102401733e-01,2.793381810188293457e-01,3.341845870018005371e-01,2.579158246517181396e-01
-5.433347448706626892e-02,1.338923573493957520e-01,-2.039617896080017090e-01,5.047424696385860443e-03,2.363433539867401123e-01,6.804899871349334717e-02,2.102983742952346802e-02,-1.010116040706634521e-01,4.110956192016601562e-01,6.277322173118591309e-01,1.489147543907165527e-01,5.433672666549682617e-01,9.999997615814208984e-01,1.504204273223876953e-01,2.659164369106292725e-01,6.168211698532104492e-01,-2.108640037477016449e-03,1.652487087994813919e-03,3.489795029163360596e-01,5.502088665962219238e-01,6.135097742080688477e-01,6.033864021301269531e-01,6.848106980323791504e-01,5.909213423728942871e-01,6.796786189079284668e-02,-1.675510108470916748e-01,6.635887175798416138e-02,-1.738020591437816620e-02,-1.886506192386150360e-02,4.005930423736572266e-01,4.556732177734375000e-01,5.931814908981323242e-01,3.274184092879295349e-02,1.243887171149253845e-01,3.813538849353790283e-01,6.003860831260681152e-01,1.996244192123413086e-01,4.498688876628875732e-01,6.012803912162780762e-01,4.546885192394256592e-01,2.086462229490280151e-01,4.077270627021789551e-01,5.131961107254028320e-01,8.735690265893936157e-02,1.896665245294570923e-01,4.741286039352416992e-01,6.018926501274108887e-01,5.775488018989562988e-01
2.514370381832122803e-01,-2.589088492095470428e-02,2.757099866867065430e-01,2.990933060646057129e-01,-3.329798206686973572e-02,-4.147589206695556641e-02,2.671922147274017334e-01,2.693849503993988037e-01,3.057500422000885010e-01,1.928040087223052979e-01,4.402495622634887695e-01,3.027419149875640869e-01,1.504204273223876953e-01,9.999999403953552246e-01,2.246253192424774170e-01,3.893861547112464905e-02,2.911635339260101318e-01,1.095715314149856567e-01,1.100205108523368835e-01,2.230166345834732056e-01,2.628217339515686035e-01,1.390200853347778320e-01,-9.262115927413105965e-04,1.091582179069519043e-01,-1.298558861017227173e-01,1.515243798494338989e-01,-2.287736386060714722e-01,2.956629991531372070e-01,2.093226611614227295e-01,1.988027095794677734e-01,1.569109112024307251e-01,7.797383517026901245e-02,1.542563140392303467e-01,7.313696295022964478e-02,1.097954735159873962e-01,9.434209764003753662e-02,5.216229557991027832e-01,2.648868858814239502e-01,8.468299359083175659e-02,1.512187719345092773e-01,2.803172450512647629e-03,6.760738790035247803e-02,-7.773198932409286499e-02,8.333471603691577911e-03,3.060359740629792213e-03,2.239560522139072418e-02,9.908425807952880859e-02,9.245894104242324829e-02
2.759340107440948486e-01,-4.003624431788921356e-03,-8.795466274023056030e-02,-1.173005253076553345e-01,-7.320612785406410694e-04,2.991350740194320679e-02,-6.838796287775039673e-02,3.061130270361900330e-02,7.406063377857208252e-02,1.600672900676727295e-01,1.141230016946792603e-01,3.406504988670349121e-01,2.659164369106292725e-01,2.246253192424774170e-01,9.999997615814208984e-01,3.780184090137481689e-01,-5.261253193020820618e-02,-1.662483215332031250e-01,-9.375804662704467773e-02,-1.574150845408439636e-02,9.405899047851562500e-02,5.920570716261863708e-02,2.467210739850997925e-01,1.284984350204467773e-01,4.203307926654815674e-01,-1.834537833929061890e-01,3.487732708454132080e-01,4.391342774033546448e-02,-4.388092458248138428e-02,-4.844053648412227631e-03,-1.540067326277494431e-02,5.027247965335845947e-02,3.470624983310699463e-01,1.240233108401298523e-01,1.829511672258377075e-01,1.752267628908157349e-01,1.147577166557312012e-01,4.038606286048889160e-01,2.166226506233215332e-01,1.225993707776069641e-01,2.661190368235111237e-02,-5.045146681368350983e-04,8.213217556476593018e-02,-5.911888182163238525e-02,6.354091316461563110e-02,5.690056830644607544e-02,1.404135972261428833e-01,1.072237491607666016e-01
-1.091339662671089172e-01,-7.537548243999481201e-02,-2.059773057699203491e-01,-6.851810961961746216e-02,8.352439105510711670e-02,1.222778111696243286e-02,-1.319067180156707764e-01,-8.819234371185302734e-02,2.714318335056304932e-01,3.349388241767883301e-01,1.769522875547409058e-01,3.980727791786193848e-01,6.168211698532104492e-01,3.893861547112464905e-02,3.780184090137481689e-01,1.000000357627868652e+00,-1.783273965120315552e-01,-1.551956534385681152e-01,1.655418574810028076e-01,2.665466964244842529e-01,3.671732246875762939e-01,5.065155029296875000e-01,6.480284929275512695e-01,4.211753010749816895e-01,4.995283111929893494e-02,-3.055405318737030029e-01,3.269825875759124756e-02,-1.672510951757431030e-01,-2.100357860326766968e-01,1.719996780157089233e-01,3.032211065292358398e-01,4.487518668174743652e-01,-6.209405511617660522e-02,2.258336693048477173e-01,4.901242852210998535e-01,5.515714287757873535e-01,1.240735575556755066e-01,5.695587992668151855e-01,6.643500924110412598e-01,4.971321225166320801e-01,2.586540393531322479e-02,1.263433098793029785e-01,2.492298185825347900e-01,-1.155194863677024841e-01,6.801100820302963257e-02,2.078636288642883301e-01,4.417447447776794434e-01,5.362465381622314453e-01
2.418314963579177856e-01,9.537138789892196655e-02,5.230775475502014160e-01,4.792091548442840576e-01,1.833081245422363281e-01,1.687771826982498169e-01,8.167462348937988281e-01,1.601146608591079712e-01,1.950508952140808105e-01,2.377959936857223511e-01,1.357781440019607544e-01,-6.133801653049886227e-04,-2.108640037477016449e-03,2.911635339260101318e-01,-5.261253193020820618e-02,-1.783273965120315552e-01,9.999999403953552246e-01,6.598440408706665039e-01,4.699246287345886230e-01,4.431352913379669189e-01,2.291098684072494507e-01,1.641932725906372070e-01,-1.674983203411102295e-01,-1.455674767494201660e-01,-7.244326919317245483e-02,6.606437563896179199e-01,-4.313958436250686646e-02,2.076768130064010620e-01,3.273934423923492432e-01,1.822455674409866333e-01,1.577437371015548706e-01,-3.811749070882797241e-02,3.146569803357124329e-02,4.336762428283691406e-02,-5.673806741833686829e-02,-1.808692961931228638e-01,3.028181493282318115e-01,2.047981694340705872e-02,-1.196459755301475525e-01,-7.505630701780319214e-02,6.431216001510620117e-02,2.350326627492904663e-01,1.574235856533050537e-01,1.228460446000099182e-01,9.357906132936477661e-02,2.143467664718627930e-01,-1.160445958375930786e-01,-2.248571664094924927e-01
4.579880461096763611e-02,7.825361937284469604e-02,2.363595068454742432e-01,2.300076633691787720e-01,2.603718936443328857e-01,1.764469891786575317e-01,6.131203770637512207e-01,1.393199414014816284e-01,5.936387181282043457e-02,1.478525549173355103e-01,-4.354322794824838638e-03,-1.362226456403732300e-01,1.652487087994813919e-03,1.095715314149856567e-01,-1.662483215332031250e-01,-1.551956534385681152e-01,6.598440408706665039e-01,1.000000238418579102e+00,6.246736645698547363e-01,5.304070711135864258e-01,2.649578750133514404e-01,3.040873706340789795e-01,-1.120238006114959717e-01,-1.337969489395618439e-02,-1.883230358362197876e-01,5.969623327255249023e-01,-1.145520880818367004e-01,6.346138566732406616e-02,1.874840706586837769e-01,1.988779008388519287e-01,3.412302136421203613e-01,9.877749532461166382e-02,-4.995956644415855408e-02,-1.055441051721572876e-01,-1.418031752109527588e-01,-1.178212910890579224e-01,2.526274323463439941e-01,-5.850712582468986511e-02,-1.131044700741767883e-01,-5.754391197115182877e-03,1.250051707029342651e-01,2.981669008731842041e-01,3.204621374607086182e-01,1.085833385586738586e-01,3.288665786385536194e-02,2.395862340927124023e-01,-1.266229990869760513e-02,-1.179502978920936584e-01
-2.649202011525630951e-02,1.662337630987167358e-01,5.499551817774772644e-02,2.454057931900024414e-01,3.526055216789245605e-01,2.496243715286254883e-01,5.303195118904113770e-01,5.648100376129150391e-02,1.564498841762542725e-01,3.634778857231140137e-01,-4.775867238640785217e-02,1.914572343230247498e-02,3.489795029163360596e-01,1.100205108523368835e-01,-9.375804662704467773e-02,1.655418574810028076e-01,4.699246287345886230e-01,6.246736645698547363e-01,9.999997615814208984e-01,7.568900585174560547e-01,4.533085525035858154e-01,5.401732921600341797e-01,2.834258973598480225e-01,3.166085183620452881e-01,-2.259293794631958008e-01,3.246113657951354980e-01,-1.710385829210281372e-01,-8.619845658540725708e-02,2.967305481433868408e-02,2.626978754997253418e-01,4.415670335292816162e-01,3.857953846454620361e-01,-9.209334850311279297e-02,-7.746552675962448120e-02,4.122323915362358093e-02,2.364930957555770874e-01,2.620919942855834961e-01,1.497766524553298950e-01,2.094697952270507812e-01,2.734994292259216309e-01,2.179468274116516113e-01,4.130128920078277588e-01,5.272170305252075195e-01,1.901734024286270142e-01,1.132081300020217896e-01,4.403014183044433594e-01,3.106818795204162598e-01,2.596068978309631348e-01
-1.791769824922084808e-02,1.230367124080657959e-01,9.632452577352523804e-02,3.181635141372680664e-01,3.265981972217559814e-01,2.115684449672698975e-01,4.780230224132537842e-01,2.539623901247978210e-02,2.671403288841247559e-01,5.053962469100952148e-01,4.965552687644958496e-02,1.846394240856170654e-01,5.502088665962219238e-01,2.230166345834732056e-01,-1.574150845408439636e-02,2.665466964244842529e-01,4.431352913379669189e-01,5.304070711135864258e-01,7.568900585174560547e-01,1.000000476837158203e+00,7.007412314414978027e-01,6.291086077690124512e-01,3.415022492408752441e-01,4.107231497764587402e-01,-2.531800270080566406e-01,2.872003912925720215e-01,-1.921620965003967285e-01,5.768849980086088181e-03,5.650177970528602600e-02,4.058181643486022949e-01,5.232376456260681152e-01,4.783564209938049316e-01,-1.266365498304367065e-01,4.707707557827234268e-03,1.499436646699905396e-01,3.442879021167755127e-01,2.882580757141113281e-01,2.010076642036437988e-01,2.818354964256286621e-01,3.058271110057830811e-01,2.173769325017929077e-01,4.253295958042144775e-01,5.167047381401062012e-01,1.496875584125518799e-01,1.601580232381820679e-01,5.007100701332092285e-01,4.021561741828918457e-01,3.651285171508789062e-01
-4.076258838176727295e-02,7.380092889070510864e-02,9.511561365798115730e-04,2.898497581481933594e-01,1.244463846087455750e-01,9.434532374143600464e-02,2.029750496149063110e-01,-3.307025507092475891e-02,2.680179178714752197e-01,4.621075093746185303e-01,2.900843620300292969e-01,3.703878819942474365e-01,6.135097742080688477e-01,2.628217339515686035e-01,9.405899047851562500e-02,3.671732246875762939e-01,2.291098684072494507e-01,2.649578750133514404e-01,4.533085525035858154e-01,7.007412314414978027e-01,9.999995827674865723e-01,6.829613447189331055e-01,3.839025497436523438e-01,4.652808010578155518e-01,-1.414491236209869385e-01,2.371753938496112823e-02,-1.083348542451858521e-01,1.949289888143539429e-01,9.223209321498870850e-02,5.719159245491027832e-01,6.036902070045471191e-01,5.483158826828002930e-01,-1.273990869522094727e-01,1.098826825618743896e-01,2.532521784305572510e-01,4.274676144123077393e-01,2.685658037662506104e-01,2.781490683555603027e-01,3.606313169002532959e-01,2.588014602661132812e-01,7.837703824043273926e-02,3.305982053279876709e-01,3.965345323085784912e-01,7.759852707386016846e-02,2.292721718549728394e-01,3.807759881019592285e-01,4.644603133201599121e-01,4.046307802200317383e-01
-2.461543977260589600e-01,5.028208252042531967e-03,-9.128686040639877319e-02,1.597016006708145142e-01,1.271759420633316040e-01,-1.704271696507930756e-02,2.046537399291992188e-01,-9.815297275781631470e-02,3.164688050746917725e-01,4.531153142452239990e-01,1.640710681676864624e-01,2.551956772804260254e-01,6.033864021301269531e-01,1.390200853347778320e-01,5.920570716261863708e-02,5.065155029296875000e-01,1.641932725906372070e-01,3.040873706340789795e-01,5.401732921600341797e-01,6.291086077690124512e-01,6.829613447189331055e-01,1.000000357627868652e+00,6.267766356468200684e-01,6.592499613761901855e-01,-1.595787107944488525e-01,-2.078410796821117401e-02,-1.405182629823684692e-01,-6.777036935091018677e-02,-6.370299309492111206e-02,5.776252746582031250e-01,7.589481472969055176e-01,7.680580019950866699e-01,-1.464473009109497070e-01,7.270114123821258545e-02,3.114830851554870605e-01,6.199524998664855957e-01,3.205340802669525146e-01,4.361409544944763184e-01,5.726261138916015625e-01,5.597864985466003418e-01,1.158095151185989380e-01,3.836338818073272705e-01,4.954934716224670410e-01,3.224959224462509155e-02,1.297232806682586670e-01,4.018635451793670654e-01,6.741677522659301758e-01,6.121584177017211914e-01
-2.412539571523666382e-01,6.081470474600791931e-02,-3.350960314273834229e-01,-1.660256087779998779e-01,9.751884639263153076e-02,-4.913132637739181519e-02,-1.061602011322975159e-01,-1.394802629947662354e-01,3.143806755542755127e-01,4.590066969394683838e-01,2.929590828716754913e-02,4.115092754364013672e-01,6.848106980323791504e-01,-9.262115927413105965e-04,2.467210739850997925e-01,6.480284929275512695e-01,-1.674983203411102295e-01,-1.120238006114959717e-01,2.834258973598480225e-01,3.415022492408752441e-01,3.839025497436523438e-01,6.267766356468200684e-01,1.000000476837158203e+00,6.902565360069274902e-01,8.262522518634796143e-02,-2.596767842769622803e-01,8.366772532463073730e-02,-2.092812657356262207e-01,-2.135487645864486694e-01,3.333958685398101807e-01,4.623178541660308838e-01,6.988472342491149902e-01,-6.022154539823532104e-02,1.529102474451065063e-01,4.289177060127258301e-01,7.605025172233581543e-01,1.648720502853393555e-01,5.550671815872192383e-01,7.850220799446105957e-01,6.714294552803039551e-01,1.921101808547973633e-01,3.818899691104888916e-01,5.305618643760681152e-01,1.700536720454692841e-02,1.248330473899841309e-01,3.956184089183807373e-01,7.041498422622680664e-01,7.474050521850585938e-01
-2.627789974212646484e-01,1.533655524253845215e-01,-2.712230086326599121e-01,-9.744380414485931396e-02,7.376593351364135742e-02,-5.644470080733299255e-02,-7.156514376401901245e-02,-5.755979940295219421e-02,3.167330026626586914e-01,4.605236351490020752e-01,5.932870879769325256e-02,3.059502243995666504e-01,5.909213423728942871e-01,1.091582179069519043e-01,1.284984350204467773e-01,4.211753010749816895e-01,-1.455674767494201660e-01,-1.337969489395618439e-02,3.166085183620452881e-01,4.107231497764587402e-01,4.652808010578155518e-01,6.592499613761901855e-01,6.902565360069274902e-01,1.000000000000000000e+00,-1.056493371725082397e-01,-2.133437395095825195e-01,-8.826831728219985962e-02,-1.821075528860092163e-01,-1.243350580334663391e-01,4.855057299137115479e-01,6.087445020675659180e-01,7.554578185081481934e-01,2.203972637653350830e-02,5.215662717819213867e-02,3.080053627490997314e-01,8.001717925071716309e-01,2.606245577335357666e-01,4.183030128479003906e-01,5.982116460800170898e-01,6.553548574447631836e-01,1.947898864746093750e-01,4.043586552143096924e-01,4.882079362869262695e-01,2.212605774402618408e-01,1.503727883100509644e-01,4.461835324764251709e-01,8.136354684829711914e-01,7.549369335174560547e-01
2.345858812332153320e-01,1.776734441518783569e-01,-1.807392686605453491e-01,-3.300018310546875000e-01,1.031232774257659912e-01,1.088147908449172974e-01,-1.437138915061950684e-01,-9.049779921770095825e-02,8.549679815769195557e-02,1.262003481388092041e-01,-1.558056008070707321e-02,2.278129160404205322e-01,6.796786189079284668e-02,-1.298558861017227173e-01,4.203307926654815674e-01,4.995283111929893494e-02,-7.244326919317245483e-02,-1.883230358362197876e-01,-2.259293794631958008e-01,-2.531800270080566406e-01,-1.414491236209869385e-01,-1.595787107944488525e-01,8.262522518634796143e-02,-1.056493371725082397e-01,1.000000119209289551e+00,-1.654434055089950562e-01,7.770607471466064453e-01,2.053648233413696289e-01,1.316564679145812988e-01,2.545563504099845886e-02,-1.319898217916488647e-01,-4.804562032222747803e-02,4.487433731555938721e-01,1.413971632719039917e-01,1.247984319925308228e-01,-3.748764097690582275e-02,-1.906642168760299683e-01,1.177181676030158997e-01,4.341833665966987610e-02,-1.541244834661483765e-01,3.524762764573097229e-02,1.207250058650970459e-01,1.194335222244262695e-01,1.085973437875509262e-02,2.132028639316558838e-01,1.270757615566253662e-01,-4.650704562664031982e-02,-1.228664442896842957e-01
2.419679760932922363e-01,1.008153036236763000e-01,5.356995463371276855e-01,3.446515202522277832e-01,2.102722078561782837e-01,2.136418521404266357e-01,6.566022634506225586e-01,2.324663847684860229e-01,1.052529290318489075e-01,7.126433402299880981e-02,-2.899210713803768158e-02,-1.444432139396667480e-01,-1.675510108470916748e-01,1.515243798494338989e-01,-1.834537833929061890e-01,-3.055405318737030029e-01,6.606437563896179199e-01,5.969623327255249023e-01,3.246113657951354980e-01,2.872003912925720215e-01,2.371753938496112823e-02,-2.078410796821117401e-02,-2.596767842769622803e-01,-2.133437395095825195e-01,-1.654434055089950562e-01,1.000000119209289551e+00,-1.307343542575836182e-01,1.782739609479904175e-01,3.973113894462585449e-01,7.927961647510528564e-03,9.046863764524459839e-02,-1.157077476382255554e-01,6.581294536590576172e-02,7.470771204680204391e-03,-1.144478768110275269e-01,-2.842684686183929443e-01,1.272003054618835449e-01,-1.392896473407745361e-01,-2.426012009382247925e-01,-7.876456528902053833e-02,2.127041220664978027e-01,1.538383215665817261e-01,9.018245339393615723e-02,6.796801835298538208e-02,6.928054150193929672e-03,9.479507058858871460e-02,-1.287383139133453369e-01,-2.288213819265365601e-01
1.076699718832969666e-01,2.352998703718185425e-01,-2.303383052349090576e-01,-3.091174364089965820e-01,1.531012505292892456e-01,2.050635516643524170e-01,-8.486708253622055054e-02,-8.225383609533309937e-02,4.782137461006641388e-03,8.913541585206985474e-02,-9.796732664108276367e-02,1.024336740374565125e-01,6.635887175798416138e-02,-2.287736386060714722e-01,3.487732708454132080e-01,3.269825875759124756e-02,-4.313958436250686646e-02,-1.145520880818367004e-01,-1.710385829210281372e-01,-1.921620965003967285e-01,-1.083348542451858521e-01,-1.405182629823684692e-01,8.366772532463073730e-02,-8.826831728219985962e-02,7.770607471466064453e-01,-1.307343542575836182e-01,9.999999403953552246e-01,1.535166501998901367e-01,1.415406018495559692e-01,5.290484055876731873e-03,-1.385508030652999878e-01,-4.579291865229606628e-02,3.600990474224090576e-01,1.375965625047683716e-01,1.118923053145408630e-01,-3.469872847199440002e-02,-2.315164059400558472e-01,8.264149725437164307e-02,4.605109617114067078e-02,-1.923168748617172241e-01,9.305810183286666870e-02,1.627762317657470703e-01,1.814004629850387573e-01,4.083769395947456360e-02,1.891505718231201172e-01,1.307548135519027710e-01,-4.639476910233497620e-02,-1.316162049770355225e-01
5.207129120826721191e-01,4.415473341941833496e-02,3.252926766872406006e-01,3.484725654125213623e-01,2.388399541378021240e-01,2.796175181865692139e-01,1.723150759935379028e-01,5.966864898800849915e-02,1.054254174232482910e-01,-6.186049431562423706e-03,3.411418795585632324e-01,1.972114294767379761e-01,-1.738020591437816620e-02,2.956629991531372070e-01,4.391342774033546448e-02,-1.672510951757431030e-01,2.076768130064010620e-01,6.346138566732406616e-02,-8.619845658540725708e-02,5.768849980086088181e-03,1.949289888143539429e-01,-6.777036935091018677e-02,-2.092812657356262207e-01,-1.821075528860092163e-01,2.053648233413696289e-01,1.782739609479904175e-01,1.535166501998901367e-01,1.000000000000000000e+00,6.570526957511901855e-01,2.546788752079010010e-01,5.703345686197280884e-02,-1.684973239898681641e-01,2.528682351112365723e-01,8.251360803842544556e-02,3.349695727229118347e-02,-1.788865178823471069e-01,1.153715103864669800e-01,-4.468570277094841003e-02,-1.467107534408569336e-01,-2.621904611587524414e-01,7.833137363195419312e-02,9.878551959991455078e-02,-5.333535000681877136e-02,-7.596053928136825562e-02,4.510288685560226440e-02,-9.236634522676467896e-02,-1.738563030958175659e-01,-2.047273814678192139e-01
4.144050776958465576e-01,2.258505821228027344e-01,3.926603198051452637e-01,3.284462392330169678e-01,3.180324435234069824e-01,3.469761013984680176e-01,3.616486191749572754e-01,1.381956338882446289e-01,1.542548239231109619e-01,5.648448690772056580e-02,2.057135701179504395e-01,7.658100873231887817e-02,-1.886506192386150360e-02,2.093226611614227295e-01,-4.388092458248138428e-02,-2.100357860326766968e-01,3.273934423923492432e-01,1.874840706586837769e-01,2.967305481433868408e-02,5.650177970528602600e-02,9.223209321498870850e-02,-6.370299309492111206e-02,-2.135487645864486694e-01,-1.243350580334663391e-01,1.316564679145812988e-01,3.973113894462585449e-01,1.415406018495559692e-01,6.570526957511901855e-01,1.000000238418579102e+00,2.666573524475097656e-01,1.145644336938858032e-01,-1.333118081092834473e-01,3.310246467590332031e-01,1.387761384248733521e-01,5.962279811501502991e-02,-1.641375124454498291e-01,1.050921902060508728e-01,-5.950214806944131851e-03,-1.356726288795471191e-01,-1.714827120304107666e-01,2.525285780429840088e-01,1.794591099023818970e-01,7.934507727622985840e-02,3.319878503680229187e-02,8.790307492017745972e-02,3.608099371194839478e-02,-7.874196767807006836e-02,-1.945564895868301392e-01
-1.847184151411056519e-01,1.459545046091079712e-01,-4.346620291471481323e-02,9.388958662748336792e-02,5.590415373444557190e-02,-3.287713602185249329e-02,1.193402782082557678e-01,-2.353560738265514374e-02,2.999792993068695068e-01,3.908222913742065430e-01,2.522147297859191895e-01,2.631937563419342041e-01,4.005930423736572266e-01,1.988027095794677734e-01,-4.844053648412227631e-03,1.719996780157089233e-01,1.822455674409866333e-01,1.988779008388519287e-01,2.626978754997253418e-01,4.058181643486022949e-01,5.719159245491027832e-01,5.776252746582031250e-01,3.333958685398101807e-01,4.855057299137115479e-01,2.545563504099845886e-02,7.927961647510528564e-03,5.290484055876731873e-03,2.546788752079010010e-01,2.666573524475097656e-01,9.999998211860656738e-01,7.011279463768005371e-01,5.820237994194030762e-01,1.538202259689569473e-02,2.396583557128906250e-01,3.438619971275329590e-01,4.565995633602142334e-01,2.555606663227081299e-01,3.637767136096954346e-01,3.692934811115264893e-01,2.863560318946838379e-01,1.101293042302131653e-01,4.289852082729339600e-01,3.859809339046478271e-01,2.055316269397735596e-01,2.139726877212524414e-01,3.415729701519012451e-01,4.898019731044769287e-01,3.622233569622039795e-01
-1.852364689111709595e-01,9.502998739480972290e-02,-1.052864193916320801e-01,4.834293574094772339e-02,9.051801264286041260e-02,-5.047777667641639709e-03,1.251411437988281250e-01,1.445957925170660019e-02,3.623205721378326416e-01,3.836282789707183838e-01,2.197709679603576660e-01,2.281235009431838989e-01,4.556732177734375000e-01,1.569109112024307251e-01,-1.540067326277494431e-02,3.032211065292358398e-01,1.577437371015548706e-01,3.412302136421203613e-01,4.415670335292816162e-01,5.232376456260681152e-01,6.036902070045471191e-01,7.589481472969055176e-01,4.623178541660308838e-01,6.087445020675659180e-01,-1.319898217916488647e-01,9.046863764524459839e-02,-1.385508030652999878e-01,5.703345686197280884e-02,1.145644336938858032e-01,7.011279463768005371e-01,9.999997615814208984e-01,7.129969000816345215e-01,2.219828777015209198e-03,6.173611432313919067e-02,2.692735791206359863e-01,5.422700643539428711e-01,2.454874515533447266e-01,3.599751293659210205e-01,4.374209344387054443e-01,4.951927065849304199e-01,1.575362235307693481e-01,4.258164167404174805e-01,4.748424291610717773e-01,1.545594930648803711e-01,1.485797315835952759e-01,3.788507878780364990e-01,6.400442123413085938e-01,5.112612843513488770e-01
-3.329925835132598877e-01,1.864525526762008667e-01,-3.066096305847167969e-01,-1.370536535978317261e-01,1.231608465313911438e-01,-2.921060658991336823e-02,-2.729025483131408691e-02,-7.107592374086380005e-02,3.318380117416381836e-01,5.232955217361450195e-01,6.304536759853363037e-02,3.083570301532745361e-01,5.931814908981323242e-01,7.797383517026901245e-02,5.027247965335845947e-02,4.487518668174743652e-01,-3.811749070882797241e-02,9.877749532461166382e-02,3.857953846454620361e-01,4.783564209938049316e-01,5.483158826828002930e-01,7.680580019950866699e-01,6.988472342491149902e-01,7.554578185081481934e-01,-4.804562032222747803e-02,-1.157077476382255554e-01,-4.579291865229606628e-02,-1.684973239898681641e-01,-1.333118081092834473e-01,5.820237994194030762e-01,7.129969000816345215e-01,9.999999403953552246e-01,-5.326332524418830872e-02,1.097715795040130615e-01,3.631799221038818359e-01,6.957751512527465820e-01,2.023721486330032349e-01,4.623269140720367432e-01,6.205829977989196777e-01,5.707996487617492676e-01,2.382318079471588135e-01,4.843823909759521484e-01,5.548822879791259766e-01,1.672855615615844727e-01,2.722507119178771973e-01,5.049000382423400879e-01,8.066039681434631348e-01,6.635541915893554688e-01
