9.999995231628417969e-01,5.686926245689392090e-01,4.177427887916564941e-01,4.668278396129608154e-01,4.419455528259277344e-01,2.479379028081893921e-01,2.723955214023590088e-01,2.991247773170471191e-01,3.415370881557464600e-01,2.870765924453735352e-01,3.170976638793945312e-01,4.680981338024139404e-01,3.121008574962615967e-01,4.159394502639770508e-01,3.956897556781768799e-01,4.491421878337860107e-01,2.726139128208160400e-01,2.493299841880798340e-01,3.203838169574737549e-01,1.942990422248840332e-01,3.281132578849792480e-01
5.686926245689392090e-01,1.000000238418579102e+00,2.259896546602249146e-01,3.091962039470672607e-01,2.462100237607955933e-01,1.428414583206176758e-01,2.140514403581619263e-01,2.340044379234313965e-01,2.354008257389068604e-01,2.054380327463150024e-01,1.555131077766418457e-01,3.130739927291870117e-01,3.212758600711822510e-01,2.107349634170532227e-01,2.698619663715362549e-01,2.752153277397155762e-01,1.790255606174468994e-01,2.032575756311416626e-01,1.602565944194793701e-01,2.097702920436859131e-01,1.925903409719467163e-01
4.177427887916564941e-01,2.259896546602249146e-01,9.999997019767761230e-01,5.620049834251403809e-01,6.522471308708190918e-01,5.857749655842781067e-02,2.819354087114334106e-02,3.325542509555816650e-01,3.238244056701660156e-01,2.112224847078323364e-01,2.470096647739410400e-01,2.906088232994079590e-01,4.643142595887184143e-02,6.891666650772094727e-01,4.782343804836273193e-01,6.043180227279663086e-01,1.372604668140411377e-01,1.043515354394912720e-01,3.171374797821044922e-01,1.748174875974655151e-01,1.753002852201461792e-01
4.668278396129608154e-01,3.091962039470672607e-01,5.620049834251403809e-01,9.999998807907104492e-01,5.661843419075012207e-01,2.227227985858917236e-01,1.584179997444152832e-01,3.401777744293212891e-01,2.871240973472595215e-01,2.127439081668853760e-01,3.558561801910400391e-01,3.584688007831573486e-01,1.218663528561592102e-01,5.471967458724975586e-01,5.778173804283142090e-01,5.357701778411865234e-01,2.937834858894348145e-01,2.227220982313156128e-01,3.074418902397155762e-01,1.514082998037338257e-01,2.964397668838500977e-01
4.419455528259277344e-01,2.462100237607955933e-01,6.522471308708190918e-01,5.661843419075012207e-01,1.000000238418579102e+00,1.900846064090728760e-01,1.113636717200279236e-01,3.296655118465423584e-01,3.564978539943695068e-01,2.732292115688323975e-01,3.098724186420440674e-01,3.488457798957824707e-01,7.293988019227981567e-02,6.526893377304077148e-01,5.133180618286132812e-01,6.370043158531188965e-01,2.275662422180175781e-01,1.498925238847732544e-01,3.237636387348175049e-01,2.199864387512207031e-01,2.586141228675842285e-01
2.479379028081893921e-01,1.428414583206176758e-01,5.857749655842781067e-02,2.227227985858917236e-01,1.900846064090728760e-01,1.000000238418579102e+00,5.105622410774230957e-01,-6.123002618551254272e-03,2.337822616100311279e-01,3.503326773643493652e-01,4.506780803203582764e-01,4.033618867397308350e-01,3.061392605304718018e-01,5.823307484388351440e-02,2.809043824672698975e-01,2.187512814998626709e-01,5.044071674346923828e-01,4.129532575607299805e-01,1.026862934231758118e-01,1.880115568637847900e-01,4.566186666488647461e-01
2.723955214023590088e-01,2.140514403581619263e-01,2.819354087114334106e-02,1.584179997444152832e-01,1.113636717200279236e-01,5.105622410774230957e-01,1.000000000000000000e+00,3.007795102894306183e-02,1.668820977210998535e-01,2.639670073986053467e-01,4.424134492874145508e-01,3.663222491741180420e-01,3.070973455905914307e-01,2.120910957455635071e-02,1.960953176021575928e-01,1.408270895481109619e-01,3.869272172451019287e-01,4.042223691940307617e-01,2.042735554277896881e-02,1.250216811895370483e-01,4.286737740039825439e-01
2.991247773170471191e-01,2.340044379234313965e-01,3.325542509555816650e-01,3.401777744293212891e-01,3.296655118465423584e-01,-6.123002618551254272e-03,3.007795102894306183e-02,9.999995231628417969e-01,2.447689771652221680e-01,9.620869904756546021e-02,1.569881588220596313e-01,1.656268686056137085e-01,3.455532342195510864e-02,3.245401382446289062e-01,2.837386727333068848e-01,2.821781635284423828e-01,1.254417598247528076e-01,6.843179464340209961e-02,3.146763741970062256e-01,3.711671009659767151e-02,1.660381108522415161e-01
3.415370881557464600e-01,2.354008257389068604e-01,3.238244056701660156e-01,2.871240973472595215e-01,3.564978539943695068e-01,2.337822616100311279e-01,1.668820977210998535e-01,2.447689771652221680e-01,9.999997019767761230e-01,4.314428269863128662e-01,2.533641159534454346e-01,3.227472901344299316e-01,1.940343081951141357e-01,3.085543811321258545e-01,2.751225233078002930e-01,3.548069596290588379e-01,2.262865900993347168e-01,1.562075912952423096e-01,4.526314139366149902e-01,4.403440058231353760e-01,2.380707561969757080e-01
2.870765924453735352e-01,2.054380327463150024e-01,2.112224847078323364e-01,2.127439081668853760e-01,2.732292115688323975e-01,3.503326773643493652e-01,2.639670073986053467e-01,9.620869904756546021e-02,4.314428269863128662e-01,1.000000119209289551e+00,2.732440829277038574e-01,3.614228069782257080e-01,3.099573254585266113e-01,2.061322033405303955e-01,2.429725825786590576e-01,2.995406985282897949e-01,2.256260514259338379e-01,1.275550127029418945e-01,2.499583661556243896e-01,4.877378642559051514e-01,3.169683814048767090e-01
3.170976638793945312e-01,1.555131077766418457e-01,2.470096647739410400e-01,3.558561801910400391e-01,3.098724186420440674e-01,4.506780803203582764e-01,4.424134492874145508e-01,1.569881588220596313e-01,2.533641159534454346e-01,2.732440829277038574e-01,1.000000238418579102e+00,4.498538970947265625e-01,3.162807524204254150e-01,2.362594008445739746e-01,3.425112664699554443e-01,3.191136419773101807e-01,4.176875352859497070e-01,3.736625015735626221e-01,2.080599069595336914e-01,1.203023791313171387e-01,5.321380496025085449e-01
4.680981338024139404e-01,3.130739927291870117e-01,2.906088232994079590e-01,3.584688007831573486e-01,3.488457798957824707e-01,4.033618867397308350e-01,3.663222491741180420e-01,1.656268686056137085e-01,3.227472901344299316e-01,3.614228069782257080e-01,4.498538970947265625e-01,9.999996423721313477e-01,5.775676369667053223e-01,3.112795948982238770e-01,3.863483369350433350e-01,4.161122143268585205e-01,4.412957131862640381e-01,2.890881896018981934e-01,2.694107592105865479e-01,2.691774070262908936e-01,4.698819518089294434e-01
3.121008574962615967e-01,3.212758600711822510e-01,4.643142595887184143e-02,1.218663528561592102e-01,7.293988019227981567e-02,3.061392605304718018e-01,3.070973455905914307e-01,3.455532342195510864e-02,1.940343081951141357e-01,3.099573254585266113e-01,3.162807524204254150e-01,5.775676369667053223e-01,1.000000119209289551e+00,6.046429276466369629e-02,1.469348967075347900e-01,1.486164480447769165e-01,2.995724081993103027e-01,1.451069116592407227e-01,1.054897457361221313e-01,2.467781901359558105e-01,3.468441069126129150e-01
4.159394502639770508e-01,2.107349634170532227e-01,6.891666650772094727e-01,5.471967458724975586e-01,6.526893377304077148e-01,5.823307484388351440e-02,2.120910957455635071e-02,3.245401382446289062e-01,3.085543811321258545e-01,2.061322033405303955e-01,2.362594008445739746e-01,3.112795948982238770e-01,6.046429276466369629e-02,9.999996423721313477e-01,4.799987077713012695e-01,6.181693673133850098e-01,1.738281100988388062e-01,1.115480065345764160e-01,3.411718904972076416e-01,1.774054467678070068e-01,1.805440783500671387e-01
3.956897556781768799e-01,2.698619663715362549e-01,4.782343804836273193e-01,5.778173804283142090e-01,5.133180618286132812e-01,2.809043824672698975e-01,1.960953176021575928e-01,2.837386727333068848e-01,2.751225233078002930e-01,2.429725825786590576e-01,3.425112664699554443e-01,3.863483369350433350e-01,1.469348967075347900e-01,4.799987077713012695e-01,9.999997615814208984e-01,5.105353593826293945e-01,3.703986406326293945e-01,3.024959266185760498e-01,3.070807456970214844e-01,1.935907155275344849e-01,3.134085536003112793e-01
4.491421878337860107e-01,2.752153277397155762e-01,6.043180227279663086e-01,5.357701778411865234e-01,6.370043158531188965e-01,2.187512814998626709e-01,1.408270895481109619e-01,2.821781635284423828e-01,3.548069596290588379e-01,2.995406985282897949e-01,3.191136419773101807e-01,4.161122143268585205e-01,1.486164480447769165e-01,6.181693673133850098e-01,5.105353593826293945e-01,9.999995231628417969e-01,2.773939967155456543e-01,1.883212774991989136e-01,3.090054690837860107e-01,2.338924109935760498e-01,3.048758208751678467e-01
2.726139128208160400e-01,1.790255606174468994e-01,1.372604668140411377e-01,2.937834858894348145e-01,2.275662422180175781e-01,5.044071674346923828e-01,3.869272172451019287e-01,1.254417598247528076e-01,2.262865900993347168e-01,2.256260514259338379e-01,4.176875352859497070e-01,4.412957131862640381e-01,2.995724081993103027e-01,1.738281100988388062e-01,3.703986406326293945e-01,2.773939967155456543e-01,1.000000238418579102e+00,4.288928508758544922e-01,2.159686237573623657e-01,1.745945364236831665e-01,4.350030720233917236e-01
2.493299841880798340e-01,2.032575756311416626e-01,1.043515354394912720e-01,2.227220982313156128e-01,1.498925238847732544e-01,4.129532575607299805e-01,4.042223691940307617e-01,6.843179464340209961e-02,1.562075912952423096e-01,1.275550127029418945e-01,3.736625015735626221e-01,2.890881896018981934e-01,1.451069116592407227e-01,1.115480065345764160e-01,3.024959266185760498e-01,1.883212774991989136e-01,4.288928508758544922e-01,9.999998807907104492e-01,8.277208358049392700e-02,8.577694743871688843e-02,3.884386718273162842e-01
3.203838169574737549e-01,1.602565944194793701e-01,3.171374797821044922e-01,3.074418902397155762e-01,3.237636387348175049e-01,1.026862934231758118e-01,2.042735554277896881e-02,3.146763741970062256e-01,4.526314139366149902e-01,2.499583661556243896e-01,2.080599069595336914e-01,2.694107592105865479e-01,1.054897457361221313e-01,3.411718904972076416e-01,3.070807456970214844e-01,3.090054690837860107e-01,2.159686237573623657e-01,8.277208358049392700e-02,9.999998807907104492e-01,2.587149143218994141e-01,2.027165889739990234e-01
1.942990422248840332e-01,2.097702920436859131e-01,1.748174875974655151e-01,1.514082998037338257e-01,2.199864387512207031e-01,1.880115568637847900e-01,1.250216811895370483e-01,3.711671009659767151e-02,4.403440058231353760e-01,4.877378642559051514e-01,1.203023791313171387e-01,2.691774070262908936e-01,2.467781901359558105e-01,1.774054467678070068e-01,1.935907155275344849e-01,2.338924109935760498e-01,1.745945364236831665e-01,8.577694743871688843e-02,2.587149143218994141e-01,1.000000000000000000e+00,1.352896988391876221e-01
3.281132578849792480e-01,1.925903409719467163e-01,1.753002852201461792e-01,2.964397668838500977e-01,2.586141228675842285e-01,4.566186666488647461e-01,4.286737740039825439e-01,1.660381108522415161e-01,2.380707561969757080e-01,3.169683814048767090e-01,5.321380496025085449e-01,4.698819518089294434e-01,3.468441069126129150e-01,1.805440783500671387e-01,3.134085536003112793e-01,3.048758208751678467e-01,4.350030720233917236e-01,3.884386718273162842e-01,2.027165889739990234e-01,1.352896988391876221e-01,1.000000119209289551e+00
