9.999997019767761230e-01,3.412439823150634766e-01,1.177926287055015564e-01,9.703852236270904541e-02,5.340089797973632812e-01,4.254981279373168945e-01,8.849626779556274414e-02,3.677407801151275635e-01,4.111275076866149902e-01,4.500484466552734375e-01,2.809304594993591309e-01,3.622855842113494873e-01,3.837374150753021240e-01,7.416856288909912109e-02,2.348783016204833984e-01,4.085290729999542236e-01,6.180234625935554504e-02,-3.128381073474884033e-02,1.103138476610183716e-01,1.715852320194244385e-01,4.672060534358024597e-02,-1.621592342853546143e-01,2.288730442523956299e-01,1.261882334947586060e-01,3.223040103912353516e-01,-4.967806115746498108e-02,4.274540543556213379e-01,5.594104528427124023e-01,5.048213601112365723e-01,-2.070953994989395142e-01,-1.748745888471603394e-01,-1.264958679676055908e-01,4.302316606044769287e-01,-2.826827950775623322e-02,4.316501319408416748e-02,8.914279192686080933e-02,6.711742281913757324e-02,2.928555905818939209e-01,2.285929471254348755e-01,5.167350918054580688e-02,3.301358222961425781e-01,3.056153655052185059e-01,3.656335771083831787e-01,2.599978446960449219e-01,3.099726438522338867e-01,3.884503245353698730e-01,9.874609112739562988e-02,5.404520407319068909e-02
3.412439823150634766e-01,1.000000476837158203e+00,2.498947642743587494e-02,5.834215134382247925e-02,4.104749262332916260e-01,3.284913003444671631e-01,1.634293496608734131e-01,1.954446136951446533e-01,5.115800499916076660e-01,5.261397361755371094e-01,2.232501506805419922e-01,4.740022718906402588e-01,1.969113945960998535e-01,1.201883424073457718e-02,2.636211216449737549e-01,1.928382664918899536e-01,1.179431080818176270e-01,-2.657857909798622131e-02,1.338728964328765869e-01,2.123101651668548584e-01,7.197632640600204468e-02,-1.935315877199172974e-01,9.432319551706314087e-02,1.668073236942291260e-01,6.340036541223526001e-02,-7.061896845698356628e-03,3.936820626258850098e-01,2.189965695142745972e-01,2.042601555585861206e-01,2.091344259679317474e-02,1.751893945038318634e-02,-7.940451055765151978e-02,2.475445419549942017e-01,5.656635016202926636e-02,1.069852262735366821e-01,1.756329387426376343e-01,-3.102343901991844177e-02,4.032096564769744873e-01,3.232654035091400146e-01,9.641869366168975830e-02,5.083825588226318359e-01,6.074412465095520020e-01,2.642093896865844727e-01,6.043599247932434082e-01,5.859972238540649414e-01,4.912568628787994385e-01,1.528685092926025391e-01,-8.594475686550140381e-02
1.177926287055015564e-01,2.498947642743587494e-02,1.000000357627868652e+00,2.289426326751708984e-01,-3.493582457304000854e-02,-1.270589884370565414e-03,1.828636974096298218e-01,-1.601449772715568542e-02,1.183162778615951538e-01,6.432471424341201782e-02,1.407642215490341187e-01,2.104908972978591919e-01,-1.162430793046951294e-01,-8.364979177713394165e-02,1.575947850942611694e-01,2.708604931831359863e-02,1.258798986673355103e-01,-3.773915767669677734e-02,3.115281164646148682e-01,2.331274747848510742e-01,2.668692171573638916e-01,1.313560456037521362e-01,-1.483254283666610718e-01,-1.489662677049636841e-01,-3.221755474805831909e-02,1.920296102762222290e-01,-4.585503134876489639e-03,4.124374091625213623e-01,4.844662249088287354e-01,2.394575029611587524e-01,5.857536196708679199e-02,-4.369287192821502686e-02,1.855269819498062134e-01,1.854019016027450562e-01,-1.658220589160919189e-01,-1.598439514636993408e-01,2.348385006189346313e-02,1.717767119407653809e-01,1.333196908235549927e-01,-1.394988298416137695e-01,8.829125016927719116e-02,3.301616758108139038e-02,8.382565528154373169e-02,8.806097507476806641e-02,-3.688746690750122070e-02,1.634205728769302368e-01,-4.847681894898414612e-02,-5.188307911157608032e-02
9.703852236270904541e-02,5.834215134382247925e-02,2.289426326751708984e-01,1.000000000000000000e+00,2.111342847347259521e-01,3.755839169025421143e-01,5.033805966377258301e-01,-2.342830598354339600e-01,1.325323805212974548e-02,2.940113246440887451e-01,-6.166095286607742310e-02,1.496376693248748779e-01,1.718760579824447632e-01,-1.345413774251937866e-01,9.857292473316192627e-02,-4.202089458703994751e-02,3.658803701400756836e-01,1.925032734870910645e-01,1.228407770395278931e-01,2.266861498355865479e-01,1.253841668367385864e-01,2.516222298145294189e-01,-9.024748951196670532e-02,-8.742926642298698425e-03,4.932233989238739014e-01,-1.611218452453613281e-01,3.586945533752441406e-01,2.723110616207122803e-01,3.337745368480682373e-01,3.375277817249298096e-01,2.804043591022491455e-01,8.277559280395507812e-02,1.559562832117080688e-01,-6.726995855569839478e-02,1.409098505973815918e-01,1.396843194961547852e-01,-2.563612759113311768e-01,1.742206364870071411e-01,-4.318542778491973877e-03,-1.781750768423080444e-01,9.920952469110488892e-02,2.309438884258270264e-01,4.097285270690917969e-01,-1.158579289913177490e-01,1.889083683490753174e-01,3.891152739524841309e-01,1.313308924436569214e-01,2.075552642345428467e-01
5.340089797973632812e-01,4.104749262332916260e-01,-3.493582457304000854e-02,2.111342847347259521e-01,1.000000596046447754e+00,5.989195108413696289e-01,1.965653747320175171e-01,2.847800850868225098e-01,2.773987352848052979e-01,3.614555895328521729e-01,1.083888411521911621e-01,1.775856316089630127e-01,4.809598922729492188e-01,8.324310183525085449e-02,-1.491204462945461273e-02,4.944093525409698486e-01,1.649636030197143555e-01,9.835550189018249512e-02,1.750961542129516602e-01,3.775247633457183838e-01,1.945781558752059937e-01,-2.228047400712966919e-01,8.319114893674850464e-02,-7.191555108875036240e-03,2.403279244899749756e-01,4.419320449233055115e-02,4.039780795574188232e-01,1.373114287853240967e-01,2.024301588535308838e-01,-1.263339072465896606e-01,-1.083362847566604614e-01,-9.711829572916030884e-02,3.406370580196380615e-01,-8.826678991317749023e-02,7.079228013753890991e-02,-4.118208587169647217e-02,-1.228129304945468903e-02,1.830258369445800781e-01,1.554913520812988281e-01,-3.648667037487030029e-02,5.523557662963867188e-01,3.299967646598815918e-01,3.136695325374603271e-01,2.513791322708129883e-01,2.688351869583129883e-01,3.378908932209014893e-01,1.998461410403251648e-02,-1.190974563360214233e-01
4.254981279373168945e-01,3.284913003444671631e-01,-1.270589884370565414e-03,3.755839169025421143e-01,5.989195108413696289e-01,9.999998807907104492e-01,3.852048814296722412e-01,3.297534957528114319e-02,2.616973519325256348e-01,4.753325879573822021e-01,-1.122899204492568970e-01,1.798112243413925171e-01,4.111762642860412598e-01,-1.131839603185653687e-01,-1.251572966575622559e-01,3.289718925952911377e-01,2.031139880418777466e-01,2.391797006130218506e-01,7.977901399135589600e-02,2.845112979412078857e-01,1.297148168087005615e-01,-6.712444871664047241e-02,-1.408943980932235718e-01,-1.058138906955718994e-02,3.213173449039459229e-01,-2.075284272432327271e-01,4.538177847862243652e-01,1.964461505413055420e-01,1.840664297342300415e-01,6.731400638818740845e-02,7.986904680728912354e-02,-8.496835827827453613e-02,2.860950827598571777e-01,-2.274038344621658325e-01,1.988370418548583984e-01,-6.327667087316513062e-02,-2.596912086009979248e-01,8.445296436548233032e-02,4.898688569664955139e-02,-3.153583705425262451e-01,4.265215694904327393e-01,5.211145281791687012e-01,5.045913457870483398e-01,1.845280379056930542e-01,2.653576433658599854e-01,4.693268239498138428e-01,-2.525132335722446442e-02,-9.519042074680328369e-02
8.849626779556274414e-02,1.634293496608734131e-01,1.828636974096298218e-01,5.033805966377258301e-01,1.965653747320175171e-01,3.852048814296722412e-01,1.000000119209289551e+00,-1.714622974395751953e-01,4.816569015383720398e-02,3.723473548889160156e-01,-4.260177537798881531e-02,1.828176379203796387e-01,1.054003238677978516e-01,-1.615826487541198730e-01,7.233576476573944092e-02,-3.475455194711685181e-02,5.663254857063293457e-01,3.904330432415008545e-01,2.391403168439865112e-01,3.131156861782073975e-01,3.187066316604614258e-01,2.318891137838363647e-01,-9.622813761234283447e-02,-3.735318407416343689e-02,4.145907163619995117e-01,1.254074741154909134e-02,3.826269805431365967e-01,8.682928234338760376e-02,2.919031083583831787e-01,4.097471237182617188e-01,4.437292516231536865e-01,1.050764098763465881e-01,2.379338443279266357e-01,1.148618571460247040e-02,1.171113848686218262e-01,1.141438856720924377e-01,-2.272371947765350342e-01,7.054369896650314331e-02,-8.203489333391189575e-02,-1.755022704601287842e-01,2.235134690999984741e-01,4.050388634204864502e-01,2.796356678009033203e-01,8.495970629155635834e-03,2.898465692996978760e-01,4.250123798847198486e-01,8.308608084917068481e-02,-4.254538565874099731e-02
3.677407801151275635e-01,1.954446136951446533e-01,-1.601449772715568542e-02,-2.342830598354339600e-01,2.847800850868225098e-01,3.297534957528114319e-02,-1.714622974395751953e-01,1.000000715255737305e+00,3.120886683464050293e-01,-2.540026418864727020e-02,4.382417201995849609e-01,1.528028994798660278e-01,2.088899314403533936e-01,4.578371047973632812e-01,2.228304147720336914e-01,5.039824247360229492e-01,1.115850880742073059e-01,-2.526816539466381073e-02,3.180312812328338623e-01,3.106136023998260498e-01,1.350842118263244629e-01,-2.606445550918579102e-01,3.515986502170562744e-01,5.110165476799011230e-02,-9.424009174108505249e-02,1.990573704242706299e-01,2.093329280614852905e-01,-1.557037699967622757e-02,6.642198562622070312e-02,-2.317934036254882812e-01,-2.630855739116668701e-01,-1.145481914281845093e-01,4.715613126754760742e-01,3.883425593376159668e-01,-1.056679412722587585e-01,-1.243249028921127319e-01,6.991254091262817383e-01,3.433310389518737793e-01,3.738923966884613037e-01,2.172770947217941284e-01,2.720525264739990234e-01,-8.446811884641647339e-02,4.051721468567848206e-02,3.443748950958251953e-01,-4.495703056454658508e-02,-3.087708353996276855e-02,-1.681403256952762604e-02,-1.752153486013412476e-01
4.111275076866149902e-01,5.115800499916076660e-01,1.183162778615951538e-01,1.325323805212974548e-02,2.773987352848052979e-01,2.616973519325256348e-01,4.816569015383720398e-02,3.120886683464050293e-01,9.999997615814208984e-01,5.367349386215209961e-01,5.429200530052185059e-01,6.952947974205017090e-01,1.277308464050292969e-01,1.055632457137107849e-01,5.334617495536804199e-01,2.925746142864227295e-01,6.542879343032836914e-02,-1.021988987922668457e-01,9.716250747442245483e-02,2.006069123744964600e-01,2.145064808428287506e-02,-1.932862102985382080e-01,4.388356208801269531e-02,1.206354573369026184e-01,2.838532626628875732e-02,1.291828230023384094e-02,2.243446111679077148e-01,2.815377116203308105e-01,2.078249901533126831e-01,-9.321657568216323853e-02,-2.527200281620025635e-01,-2.985231578350067139e-01,3.237214088439941406e-01,8.479085564613342285e-02,7.192321866750717163e-02,-3.326203674077987671e-02,5.141822621226310730e-02,5.620164275169372559e-01,4.463934600353240967e-01,-3.768322616815567017e-02,1.338949203491210938e-01,4.667075574398040771e-01,1.595872938632965088e-01,6.170720458030700684e-01,4.410739243030548096e-01,4.365362823009490967e-01,7.609954569488763809e-03,-9.477475285530090332e-02
4.500484466552734375e-01,5.261397361755371094e-01,6.432471424341201782e-02,2.940113246440887451e-01,3.614555895328521729e-01,4.753325879573822021e-01,3.723473548889160156e-01,-2.540026418864727020e-02,5.367349386215209961e-01,9.999997615814208984e-01,2.584208548069000244e-01,6.713162064552307129e-01,3.501169085502624512e-01,-1.194073110818862915e-01,4.628275632858276367e-01,8.543668687343597412e-02,2.007272094488143921e-01,5.771693587303161621e-02,6.195115670561790466e-02,1.842192858457565308e-01,1.085830554366111755e-01,-1.727112568914890289e-02,1.387141644954681396e-02,1.387378573417663574e-01,4.078743457794189453e-01,-1.133971810340881348e-01,4.139740467071533203e-01,4.331765770912170410e-01,3.601435124874114990e-01,-1.586916483938694000e-02,2.880356274545192719e-02,-1.448304206132888794e-01,2.802168726921081543e-01,-1.123411431908607483e-01,1.390943825244903564e-01,2.520717978477478027e-01,-2.548014819622039795e-01,4.338184893131256104e-01,9.156183153390884399e-02,-9.802520275115966797e-02,2.186504900455474854e-01,7.529712319374084473e-01,3.712427020072937012e-01,3.359533846378326416e-01,7.176030278205871582e-01,7.892065644264221191e-01,1.759461313486099243e-01,3.586311265826225281e-02
2.809304594993591309e-01,2.232501506805419922e-01,1.407642215490341187e-01,-6.166095286607742310e-02,1.083888411521911621e-01,-1.122899204492568970e-01,-4.260177537798881531e-02,4.382417201995849609e-01,5.429200530052185059e-01,2.584208548069000244e-01,1.000000357627868652e+00,5.144557356834411621e-01,-9.375885128974914551e-02,2.655832171440124512e-01,6.600101590156555176e-01,-9.237610734999179840e-03,-1.916236989200115204e-02,-2.583135664463043213e-01,8.327027410268783569e-02,5.884799733757972717e-02,-8.076906204223632812e-02,-8.525527268648147583e-02,1.333978399634361267e-02,7.611533999443054199e-02,1.165462061762809753e-01,1.150043681263923645e-01,5.554478242993354797e-02,1.998101621866226196e-01,1.538108587265014648e-01,-1.980469375848770142e-01,-2.930184304714202881e-01,-1.323255896568298340e-01,2.632586359977722168e-01,1.899300664663314819e-01,-4.841297492384910583e-02,-8.044532686471939087e-02,2.888575494289398193e-01,4.894073605537414551e-01,2.435328364372253418e-01,1.053298041224479675e-01,-7.601013872772455215e-03,9.455574303865432739e-02,-2.673215419054031372e-02,2.814038991928100586e-01,3.119432330131530762e-01,1.968915760517120361e-01,8.381383121013641357e-02,8.959984034299850464e-02
3.622855842113494873e-01,4.740022718906402588e-01,2.104908972978591919e-01,1.496376693248748779e-01,1.775856316089630127e-01,1.798112243413925171e-01,1.828176379203796387e-01,1.528028994798660278e-01,6.952947974205017090e-01,6.713162064552307129e-01,5.144557356834411621e-01,1.000000000000000000e+00,1.275455355644226074e-01,-2.297163382172584534e-02,6.834009289741516113e-01,1.545711159706115723e-01,1.391308009624481201e-01,-9.287100285291671753e-02,8.936984837055206299e-02,1.558254361152648926e-01,1.350306868553161621e-01,-7.024121284484863281e-02,1.194865778088569641e-01,8.737729489803314209e-02,2.089110314846038818e-01,-1.654876582324504852e-02,2.397239804267883301e-01,3.721611797809600830e-01,3.395227789878845215e-01,-3.345097601413726807e-02,-1.306750029325485229e-01,-2.728323340415954590e-01,3.189603090286254883e-01,1.692116558551788330e-01,8.063752949237823486e-02,6.049340963363647461e-02,1.577493175864219666e-02,5.594835281372070312e-01,3.569608926773071289e-01,7.022598292678594589e-03,1.153240427374839783e-01,4.828870296478271484e-01,1.777181178331375122e-01,5.048505663871765137e-01,5.338276624679565430e-01,5.547202825546264648e-01,5.348761752247810364e-02,-2.841191738843917847e-02
3.837374150753021240e-01,1.969113945960998535e-01,-1.162430793046951294e-01,1.718760579824447632e-01,4.809598922729492188e-01,4.111762642860412598e-01,1.054003238677978516e-01,2.088899314403533936e-01,1.277308464050292969e-01,3.501169085502624512e-01,-9.375885128974914551e-02,1.275455355644226074e-01,1.000000476837158203e+00,1.282447669655084610e-02,2.290408127009868622e-03,4.551556110382080078e-01,2.084240764379501343e-01,1.288444995880126953e-01,8.638179861009120941e-03,2.222045809030532837e-01,1.364444345235824585e-01,-6.623221188783645630e-02,3.822553157806396484e-01,1.267967522144317627e-01,2.679224610328674316e-01,-1.286112051457166672e-02,4.174382984638214111e-01,1.962048113346099854e-01,1.700017750263214111e-01,-1.685163527727127075e-01,-8.560806163586676121e-04,-3.456927090883255005e-02,3.177835643291473389e-01,7.016874104738235474e-02,1.157069876790046692e-01,3.959788382053375244e-01,2.347565069794654846e-02,2.239094525575637817e-01,9.975783526897430420e-02,1.510498970746994019e-01,2.771174311637878418e-01,2.293281108140945435e-01,3.557607531547546387e-01,5.635963752865791321e-02,1.624467670917510986e-01,3.273946046829223633e-01,8.709779381752014160e-02,3.067234717309474945e-02
7.416856288909912109e-02,1.201883424073457718e-02,-8.364979177713394165e-02,-1.345413774251937866e-01,8.324310183525085449e-02,-1.131839603185653687e-01,-1.615826487541198730e-01,4.578371047973632812e-01,1.055632457137107849e-01,-1.194073110818862915e-01,2.655832171440124512e-01,-2.297163382172584534e-02,1.282447669655084610e-02,1.000000357627868652e+00,1.849584728479385376e-01,1.107093691825866699e-01,2.320777811110019684e-02,4.261610656976699829e-02,1.180404797196388245e-01,4.309123847633600235e-03,-2.586317434906959534e-02,3.703713789582252502e-02,3.701367601752281189e-02,7.096408866345882416e-03,-1.774511858820915222e-02,2.828183583915233612e-03,-6.016156449913978577e-02,-5.831872299313545227e-02,-5.614675208926200867e-02,-9.006577730178833008e-02,-8.275324851274490356e-02,4.599687457084655762e-02,-3.191370051354169846e-03,5.883028358221054077e-02,3.651671484112739563e-02,-9.833955764770507812e-02,4.723539054393768311e-01,1.318279951810836792e-01,1.566498130559921265e-01,4.825508967041969299e-02,-4.148193635046482086e-03,-1.334995031356811523e-01,-1.090590059757232666e-01,8.498016744852066040e-02,-4.593847319483757019e-02,-9.679573029279708862e-02,-3.173990547657012939e-02,1.037239376455545425e-02
2.348783016204833984e-01,2.636211216449737549e-01,1.575947850942611694e-01,9.857292473316192627e-02,-1.491204462945461273e-02,-1.251572966575622559e-01,7.233576476573944092e-02,2.228304147720336914e-01,5.334617495536804199e-01,4.628275632858276367e-01,6.600101590156555176e-01,6.834009289741516113e-01,2.290408127009868622e-03,1.849584728479385376e-01,1.000000000000000000e+00,-3.042765893042087555e-02,1.256497502326965332e-01,-2.056592553853988647e-01,4.216806218028068542e-02,6.566733121871948242e-02,6.269158422946929932e-02,-1.643623225390911102e-02,8.093374967575073242e-02,9.536258131265640259e-02,2.005644887685775757e-01,1.591058634221553802e-02,1.429372578859329224e-01,3.124577105045318604e-01,2.679198980331420898e-01,-3.753153979778289795e-02,-1.681172102689743042e-01,-2.068166583776473999e-01,2.700870931148529053e-01,2.571179568767547607e-01,5.065308883786201477e-02,8.915899693965911865e-02,1.926963478326797485e-01,6.681129932403564453e-01,2.939449846744537354e-01,1.218683123588562012e-01,-1.409460902214050293e-01,2.522955834865570068e-01,2.130208536982536316e-02,3.027927279472351074e-01,4.632587134838104248e-01,3.920782506465911865e-01,6.346121430397033691e-02,7.168694585561752319e-02
4.085290729999542236e-01,1.928382664918899536e-01,2.708604931831359863e-02,-4.202089458703994751e-02,4.944093525409698486e-01,3.289718925952911377e-01,-3.475455194711685181e-02,5.039824247360229492e-01,2.925746142864227295e-01,8.543668687343597412e-02,-9.237610734999179840e-03,1.545711159706115723e-01,4.551556110382080078e-01,1.107093691825866699e-01,-3.042765893042087555e-02,1.000000000000000000e+00,2.550151050090789795e-01,1.513018757104873657e-01,2.979607582092285156e-01,4.360749423503875732e-01,3.248883187770843506e-01,-4.014462530612945557e-01,3.067798614501953125e-01,-8.308399468660354614e-02,-1.357916444540023804e-01,9.756879508495330811e-02,3.152301609516143799e-01,-4.885963723063468933e-02,9.924251586198806763e-02,-9.231145679950714111e-02,-1.631809920072555542e-01,-3.056874871253967285e-01,5.273193120956420898e-01,2.503638565540313721e-01,6.952053308486938477e-02,-1.218790933489799500e-01,3.011454045772552490e-01,1.807602196931838989e-01,4.574050009250640869e-01,8.153101429343223572e-03,3.924039900302886963e-01,5.296913906931877136e-02,2.017255127429962158e-01,3.155064284801483154e-01,-9.065194427967071533e-02,7.077187299728393555e-02,-1.751107126474380493e-01,-4.035706520080566406e-01
6.180234625935554504e-02,1.179431080818176270e-01,1.258798986673355103e-01,3.658803701400756836e-01,1.649636030197143555e-01,2.031139880418777466e-01,5.663254857063293457e-01,1.115850880742073059e-01,6.542879343032836914e-02,2.007272094488143921e-01,-1.916236989200115204e-02,1.391308009624481201e-01,2.084240764379501343e-01,2.320777811110019684e-02,1.256497502326965332e-01,2.550151050090789795e-01,9.999995827674865723e-01,6.072759032249450684e-01,5.381192564964294434e-01,5.506675839424133301e-01,4.708733856678009033e-01,1.696388721466064453e-01,1.952060014009475708e-01,1.097173839807510376e-01,2.887884974479675293e-01,4.433692619204521179e-02,3.852423429489135742e-01,-5.812138319015502930e-02,2.685330212116241455e-01,4.285339415073394775e-01,4.956206083297729492e-01,1.362583190202713013e-01,2.876286804676055908e-01,2.779983282089233398e-01,2.033710628747940063e-01,1.195417419075965881e-01,3.688656538724899292e-02,1.597000062465667725e-01,2.250832617282867432e-01,-1.054038386791944504e-02,1.821453720331192017e-01,1.876233518123626709e-01,3.065390884876251221e-01,1.150275990366935730e-01,1.023919582366943359e-01,3.332023322582244873e-01,1.286857128143310547e-01,-1.269390583038330078e-01
-3.128381073474884033e-02,-2.657857909798622131e-02,-3.773915767669677734e-02,1.925032734870910645e-01,9.835550189018249512e-02,2.391797006130218506e-01,3.904330432415008545e-01,-2.526816539466381073e-02,-1.021988987922668457e-01,5.771693587303161621e-02,-2.583135664463043213e-01,-9.287100285291671753e-02,1.288444995880126953e-01,4.261610656976699829e-02,-2.056592553853988647e-01,1.513018757104873657e-01,6.072759032249450684e-01,1.000000357627868652e+00,3.250789046287536621e-01,3.656541407108306885e-01,4.558627009391784668e-01,3.300506472587585449e-01,1.317831128835678101e-01,6.787955015897750854e-02,1.824054419994354248e-01,-1.041325777769088745e-01,9.903795272111892700e-02,-2.352331876754760742e-01,5.002896767109632492e-03,3.464928269386291504e-01,5.246539711952209473e-01,1.232141330838203430e-01,3.260676562786102295e-02,4.906771704554557800e-02,2.110473960638046265e-01,4.228866472840309143e-02,-5.006200075149536133e-02,-1.306703984737396240e-01,4.079328849911689758e-02,-6.012927368283271790e-02,2.048911601305007935e-01,9.479769319295883179e-02,2.281124293804168701e-01,6.559434533119201660e-02,-6.598512083292007446e-02,1.403829604387283325e-01,7.803846150636672974e-02,-7.141823321580886841e-02
1.103138476610183716e-01,1.338728964328765869e-01,3.115281164646148682e-01,1.228407770395278931e-01,1.750961542129516602e-01,7.977901399135589600e-02,2.391403168439865112e-01,3.180312812328338623e-01,9.716250747442245483e-02,6.195115670561790466e-02,8.327027410268783569e-02,8.936984837055206299e-02,8.638179861009120941e-03,1.180404797196388245e-01,4.216806218028068542e-02,2.979607582092285156e-01,5.381192564964294434e-01,3.250789046287536621e-01,1.000000119209289551e+00,7.307600378990173340e-01,5.137376189231872559e-01,3.965872153639793396e-02,1.868561804294586182e-01,5.711993575096130371e-02,-8.932486921548843384e-02,1.975221484899520874e-01,1.101594641804695129e-01,1.087966747581958771e-02,2.461329251527786255e-01,7.806234061717987061e-02,1.803706437349319458e-01,5.427852645516395569e-02,1.851104199886322021e-01,2.650363743305206299e-01,-1.241357401013374329e-01,-8.593071252107620239e-02,2.485957741737365723e-01,1.627220511436462402e-01,3.377205729484558105e-01,1.155844703316688538e-01,2.969601154327392578e-01,4.588429629802703857e-02,2.247159779071807861e-01,2.003527581691741943e-01,-5.546394363045692444e-02,1.935350298881530762e-01,8.664669841527938843e-02,-2.837826907634735107e-01
1.715852320194244385e-01,2.123101651668548584e-01,2.331274747848510742e-01,2.266861498355865479e-01,3.775247633457183838e-01,2.845112979412078857e-01,3.131156861782073975e-01,3.106136023998260498e-01,2.006069123744964600e-01,1.842192858457565308e-01,5.884799733757972717e-02,1.558254361152648926e-01,2.222045809030532837e-01,4.309123847633600235e-03,6.566733121871948242e-02,4.360749423503875732e-01,5.506675839424133301e-01,3.656541407108306885e-01,7.307600378990173340e-01,1.000000119209289551e+00,6.279331445693969727e-01,-2.373179048299789429e-02,1.725541502237319946e-01,5.271235480904579163e-02,-6.821904331445693970e-03,2.469023615121841431e-01,2.748640179634094238e-01,-2.067276462912559509e-02,2.431053221225738525e-01,1.102630421519279480e-01,1.765035241842269897e-01,-4.593907296657562256e-02,3.415558636188507080e-01,2.631819248199462891e-01,-8.209311217069625854e-02,-6.806571781635284424e-02,1.737142205238342285e-01,2.900636792182922363e-01,3.827957510948181152e-01,8.088119328022003174e-02,4.316537678241729736e-01,1.745879203081130981e-01,2.959280610084533691e-01,2.898741066455841064e-01,8.627913892269134521e-03,2.810754776000976562e-01,9.391012787818908691e-02,-3.452247977256774902e-01
4.672060534358024597e-02,7.197632640600204468e-02,2.668692171573638916e-01,1.253841668367385864e-01,1.945781558752059937e-01,1.297148168087005615e-01,3.187066316604614258e-01,1.350842118263244629e-01,2.145064808428287506e-02,1.085830554366111755e-01,-8.076906204223632812e-02,1.350306868553161621e-01,1.364444345235824585e-01,-2.586317434906959534e-02,6.269158422946929932e-02,3.248883187770843506e-01,4.708733856678009033e-01,4.558627009391784668e-01,5.137376189231872559e-01,6.279331445693969727e-01,1.000000119209289551e+00,1.879645437002182007e-01,2.682006657123565674e-01,-1.312016546726226807e-01,-4.916610568761825562e-02,1.059145778417587280e-01,8.931614458560943604e-02,-2.808163873851299286e-02,2.244697660207748413e-01,2.211384922266006470e-01,2.499448806047439575e-01,-1.158299818634986877e-01,2.177125811576843262e-01,3.110145628452301025e-01,-1.945681124925613403e-02,-1.071068122982978821e-01,1.935892105102539062e-01,8.296693116426467896e-02,2.504695057868957520e-01,4.743440076708793640e-02,2.764492928981781006e-01,8.899628371000289917e-02,1.231290772557258606e-01,2.925137579441070557e-01,-5.963887646794319153e-02,1.424482315778732300e-01,-9.072462469339370728e-02,-3.178868591785430908e-01
-1.621592342853546143e-01,-1.935315877199172974e-01,1.313560456037521362e-01,2.516222298145294189e-01,-2.228047400712966919e-01,-6.712444871664047241e-02,2.318891137838363647e-01,-2.606445550918579102e-01,-1.932862102985382080e-01,-1.727112568914890289e-02,-8.525527268648147583e-02,-7.024121284484863281e-02,-6.623221188783645630e-02,3.703713789582252502e-02,-1.643623225390911102e-02,-4.014462530612945557e-01,1.696388721466064453e-01,3.300506472587585449e-01,3.965872153639793396e-02,-2.373179048299789429e-02,1.879645437002182007e-01,1.000000596046447754e+00,-6.222940608859062195e-02,1.059918664395809174e-02,2.698229849338531494e-01,-1.137302368879318237e-01,-1.393564045429229736e-01,6.381180137395858765e-02,1.295238584280014038e-01,3.116284608840942383e-01,4.289546012878417969e-01,4.732043445110321045e-01,-2.772041559219360352e-01,-2.491406723856925964e-02,1.326934546232223511e-01,1.172499209642410278e-01,-1.089371442794799805e-01,-5.166969820857048035e-02,-1.447648108005523682e-01,7.106290012598037720e-02,-1.879284679889678955e-01,-3.629324585199356079e-02,9.506438672542572021e-02,-1.968044191598892212e-01,-4.558176174759864807e-02,6.267141550779342651e-02,1.837615668773651123e-01,5.706643462181091309e-01
2.288730442523956299e-01,9.432319551706314087e-02,-1.483254283666610718e-01,-9.024748951196670532e-02,8.319114893674850464e-02,-1.408943980932235718e-01,-9.622813761234283447e-02,3.515986502170562744e-01,4.388356208801269531e-02,1.387141644954681396e-02,1.333978399634361267e-02,1.194865778088569641e-01,3.822553157806396484e-01,3.701367601752281189e-02,8.093374967575073242e-02,3.067798614501953125e-01,1.952060014009475708e-01,1.317831128835678101e-01,1.868561804294586182e-01,1.725541502237319946e-01,2.682006657123565674e-01,-6.222940608859062195e-02,9.999998807907104492e-01,2.192996293306350708e-01,3.495213761925697327e-02,4.464766010642051697e-02,1.332560330629348755e-01,6.796064227819442749e-02,1.296305358409881592e-01,-1.833376884460449219e-01,-2.215449139475822449e-02,-6.831488013267517090e-02,1.093334928154945374e-01,3.367787003517150879e-01,-4.495465755462646484e-02,3.844040334224700928e-01,2.836817204952239990e-01,7.812334597110748291e-02,2.743248045444488525e-01,5.288969278335571289e-01,6.038584187626838684e-02,-9.510692954063415527e-02,1.202809214591979980e-01,2.172727733850479126e-01,-4.902113601565361023e-02,1.869503408670425415e-02,7.776898145675659180e-02,3.716577216982841492e-02
1.261882334947586060e-01,1.668073236942291260e-01,-1.489662677049636841e-01,-8.742926642298698425e-03,-7.191555108875036240e-03,-1.058138906955718994e-02,-3.735318407416343689e-02,5.110165476799011230e-02,1.206354573369026184e-01,1.387378573417663574e-01,7.611533999443054199e-02,8.737729489803314209e-02,1.267967522144317627e-01,7.096408866345882416e-03,9.536258131265640259e-02,-8.308399468660354614e-02,1.097173839807510376e-01,6.787955015897750854e-02,5.711993575096130371e-02,5.271235480904579163e-02,-1.312016546726226807e-01,1.059918664395809174e-02,2.192996293306350708e-01,1.000000357627868652e+00,1.406038105487823486e-01,-8.200884796679019928e-03,1.362759321928024292e-01,2.594470977783203125e-02,4.721187800168991089e-02,3.726316243410110474e-02,3.459914028644561768e-01,2.462862879037857056e-01,-1.038887500762939453e-01,6.465706229209899902e-02,6.061325594782829285e-02,4.707556068897247314e-01,-3.265006840229034424e-02,1.450382024049758911e-01,1.565363705158233643e-01,3.919266462326049805e-01,4.183124005794525146e-02,1.237430498003959656e-01,2.871649861335754395e-01,7.508850842714309692e-02,1.474358439445495605e-01,2.270701527595520020e-01,7.007635235786437988e-01,2.585727870464324951e-01
3.223040103912353516e-01,6.340036541223526001e-02,-3.221755474805831909e-02,4.932233989238739014e-01,2.403279244899749756e-01,3.213173449039459229e-01,4.145907163619995117e-01,-9.424009174108505249e-02,2.838532626628875732e-02,4.078743457794189453e-01,1.165462061762809753e-01,2.089110314846038818e-01,2.679224610328674316e-01,-1.774511858820915222e-02,2.005644887685775757e-01,-1.357916444540023804e-01,2.887884974479675293e-01,1.824054419994354248e-01,-8.932486921548843384e-02,-6.821904331445693970e-03,-4.916610568761825562e-02,2.698229849338531494e-01,3.495213761925697327e-02,1.406038105487823486e-01,1.000000476837158203e+00,-1.154059693217277527e-01,4.800955057144165039e-01,3.155474662780761719e-01,3.494367897510528564e-01,1.207487583160400391e-01,2.360908240079879761e-01,2.394310534000396729e-01,1.920985430479049683e-01,-1.052642613649368286e-01,1.451378017663955688e-01,2.418565005064010620e-01,-2.233759760856628418e-01,7.423922419548034668e-02,-1.646649688482284546e-01,-3.709805384278297424e-02,9.798967838287353516e-02,2.414601445198059082e-01,3.571148812770843506e-01,-9.630579501390457153e-02,3.313064873218536377e-01,4.236848652362823486e-01,2.669460177421569824e-01,3.485893607139587402e-01
-4.967806115746498108e-02,-7.061896845698356628e-03,1.920296102762222290e-01,-1.611218452453613281e-01,4.419320449233055115e-02,-2.075284272432327271e-01,1.254074741154909134e-02,1.990573704242706299e-01,1.291828230023384094e-02,-1.133971810340881348e-01,1.150043681263923645e-01,-1.654876582324504852e-02,-1.286112051457166672e-02,2.828183583915233612e-03,1.591058634221553802e-02,9.756879508495330811e-02,4.433692619204521179e-02,-1.041325777769088745e-01,1.975221484899520874e-01,2.469023615121841431e-01,1.059145778417587280e-01,-1.137302368879318237e-01,4.464766010642051697e-02,-8.200884796679019928e-03,-1.154059693217277527e-01,1.000000000000000000e+00,-4.463713988661766052e-02,-1.501169949769973755e-01,-4.365066066384315491e-02,-4.185440018773078918e-02,-1.251015579327940941e-03,1.235239803791046143e-01,1.625109910964965820e-01,1.383617818355560303e-01,-2.780431210994720459e-01,-7.844310998916625977e-02,2.081003487110137939e-01,1.005814317613840103e-02,1.012936327606439590e-02,1.549357026815414429e-01,1.547163724899291992e-01,-1.033347398042678833e-01,-1.848910599946975708e-01,3.497966006398200989e-02,-1.150365918874740601e-01,-1.176167875528335571e-01,4.167962353676557541e-03,-1.269462406635284424e-01
4.274540543556213379e-01,3.936820626258850098e-01,-4.585503134876489639e-03,3.586945533752441406e-01,4.039780795574188232e-01,4.538177847862243652e-01,3.826269805431365967e-01,2.093329280614852905e-01,2.243446111679077148e-01,4.139740467071533203e-01,5.554478242993354797e-02,2.397239804267883301e-01,4.174382984638214111e-01,-6.016156449913978577e-02,1.429372578859329224e-01,3.152301609516143799e-01,3.852423429489135742e-01,9.903795272111892700e-02,1.101594641804695129e-01,2.748640179634094238e-01,8.931614458560943604e-02,-1.393564045429229736e-01,1.332560330629348755e-01,1.362759321928024292e-01,4.800955057144165039e-01,-4.463713988661766052e-02,1.000000000000000000e+00,2.738536894321441650e-01,3.630053400993347168e-01,1.725248247385025024e-01,1.726892590522766113e-01,4.969477280974388123e-02,5.510119199752807617e-01,2.091219276189804077e-02,1.402575075626373291e-01,2.182505130767822266e-01,-6.096820160746574402e-02,2.847171723842620850e-01,1.567233800888061523e-01,-7.792620360851287842e-02,3.317232429981231689e-01,3.955159187316894531e-01,4.366539120674133301e-01,1.554986238479614258e-01,3.888603448867797852e-01,4.651157259941101074e-01,2.351093441247940063e-01,-2.006494440138339996e-02
5.594104528427124023e-01,2.189965695142745972e-01,4.124374091625213623e-01,2.723110616207122803e-01,1.373114287853240967e-01,1.964461505413055420e-01,8.682928234338760376e-02,-1.557037699967622757e-02,2.815377116203308105e-01,4.331765770912170410e-01,1.998101621866226196e-01,3.721611797809600830e-01,1.962048113346099854e-01,-5.831872299313545227e-02,3.124577105045318604e-01,-4.885963723063468933e-02,-5.812138319015502930e-02,-2.352331876754760742e-01,1.087966747581958771e-02,-2.067276462912559509e-02,-2.808163873851299286e-02,6.381180137395858765e-02,6.796064227819442749e-02,2.594470977783203125e-02,3.155474662780761719e-01,-1.501169949769973755e-01,2.738536894321441650e-01,9.999997615814208984e-01,6.649336218833923340e-01,-6.790873408317565918e-02,-1.495756357908248901e-01,-7.749957591295242310e-02,1.325110197067260742e-01,-9.980328381061553955e-02,-6.206990778446197510e-02,1.842619180679321289e-01,-1.073269918560981750e-01,3.125185966491699219e-01,9.518531709909439087e-02,-2.943310514092445374e-02,-6.456905044615268707e-03,2.769055664539337158e-01,2.797122299671173096e-01,7.303491979837417603e-02,3.420703411102294922e-01,4.100548326969146729e-01,6.411231309175491333e-02,2.147026360034942627e-01
5.048213601112365723e-01,2.042601555585861206e-01,4.844662249088287354e-01,3.337745368480682373e-01,2.024301588535308838e-01,1.840664297342300415e-01,2.919031083583831787e-01,6.642198562622070312e-02,2.078249901533126831e-01,3.601435124874114990e-01,1.538108587265014648e-01,3.395227789878845215e-01,1.700017750263214111e-01,-5.614675208926200867e-02,2.679198980331420898e-01,9.924251586198806763e-02,2.685330212116241455e-01,5.002896767109632492e-03,2.461329251527786255e-01,2.431053221225738525e-01,2.244697660207748413e-01,1.295238584280014038e-01,1.296305358409881592e-01,4.721187800168991089e-02,3.494367897510528564e-01,-4.365066066384315491e-02,3.630053400993347168e-01,6.649336218833923340e-01,9.999997615814208984e-01,2.267163544893264771e-01,9.520362317562103271e-02,5.885380133986473083e-02,2.576425969600677490e-01,1.292739212512969971e-01,-3.626873344182968140e-02,1.130848452448844910e-01,1.964792236685752869e-02,2.729709446430206299e-01,1.529826670885086060e-01,4.446732997894287109e-02,2.104241251945495605e-01,2.133890390396118164e-01,3.589223623275756836e-01,1.137342378497123718e-01,2.265063077211380005e-01,4.181304574012756348e-01,1.474594324827194214e-01,8.062522858381271362e-02
-2.070953994989395142e-01,2.091344259679317474e-02,2.394575029611587524e-01,3.375277817249298096e-01,-1.263339072465896606e-01,6.731400638818740845e-02,4.097471237182617188e-01,-2.317934036254882812e-01,-9.321657568216323853e-02,-1.586916483938694000e-02,-1.980469375848770142e-01,-3.345097601413726807e-02,-1.685163527727127075e-01,-9.006577730178833008e-02,-3.753153979778289795e-02,-9.231145679950714111e-02,4.285339415073394775e-01,3.464928269386291504e-01,7.806234061717987061e-02,1.102630421519279480e-01,2.211384922266006470e-01,3.116284608840942383e-01,-1.833376884460449219e-01,3.726316243410110474e-02,1.207487583160400391e-01,-4.185440018773078918e-02,1.725248247385025024e-01,-6.790873408317565918e-02,2.267163544893264771e-01,1.000000715255737305e+00,5.837847590446472168e-01,1.575817912817001343e-01,3.469496220350265503e-02,9.419170022010803223e-02,1.682777553796768188e-01,6.887228786945343018e-02,-1.587644219398498535e-01,1.162944012321531773e-03,7.459513098001480103e-02,-9.986941516399383545e-02,2.665825746953487396e-02,1.213611215353012085e-01,1.178635731339454651e-01,-2.365811541676521301e-02,-3.175353258848190308e-02,1.113992109894752502e-01,1.306768953800201416e-01,1.840594410896301270e-02
-1.748745888471603394e-01,1.751893945038318634e-02,5.857536196708679199e-02,2.804043591022491455e-01,-1.083362847566604614e-01,7.986904680728912354e-02,4.437292516231536865e-01,-2.630855739116668701e-01,-2.527200281620025635e-01,2.880356274545192719e-02,-2.930184304714202881e-01,-1.306750029325485229e-01,-8.560806163586676121e-04,-8.275324851274490356e-02,-1.681172102689743042e-01,-1.631809920072555542e-01,4.956206083297729492e-01,5.246539711952209473e-01,1.803706437349319458e-01,1.765035241842269897e-01,2.499448806047439575e-01,4.289546012878417969e-01,-2.215449139475822449e-02,3.459914028644561768e-01,2.360908240079879761e-01,-1.251015579327940941e-03,1.726892590522766113e-01,-1.495756357908248901e-01,9.520362317562103271e-02,5.837847590446472168e-01,1.000000357627868652e+00,4.757460653781890869e-01,-1.254850775003433228e-01,4.936710745096206665e-02,1.871891021728515625e-01,3.343117535114288330e-01,-1.668238192796707153e-01,-1.418020129203796387e-01,-8.622272312641143799e-02,4.461743310093879700e-02,8.791766315698623657e-02,1.505944728851318359e-01,1.591800749301910400e-01,-1.491465866565704346e-01,3.413859754800796509e-02,1.620972007513046265e-01,4.204145073890686035e-01,1.336710005998611450e-01
-1.264958679676055908e-01,-7.940451055765151978e-02,-4.369287192821502686e-02,8.277559280395507812e-02,-9.711829572916030884e-02,-8.496835827827453613e-02,1.050764098763465881e-01,-1.145481914281845093e-01,-2.985231578350067139e-01,-1.448304206132888794e-01,-1.323255896568298340e-01,-2.728323340415954590e-01,-3.456927090883255005e-02,4.599687457084655762e-02,-2.068166583776473999e-01,-3.056874871253967285e-01,1.362583190202713013e-01,1.232141330838203430e-01,5.427852645516395569e-02,-4.593907296657562256e-02,-1.158299818634986877e-01,4.732043445110321045e-01,-6.831488013267517090e-02,2.462862879037857056e-01,2.394310534000396729e-01,1.235239803791046143e-01,4.969477280974388123e-02,-7.749957591295242310e-02,5.885380133986473083e-02,1.575817912817001343e-01,4.757460653781890869e-01,1.000000119209289551e+00,-2.367643117904663086e-01,-4.625448957085609436e-02,3.507761284708976746e-02,1.551420688629150391e-01,-1.320850942283868790e-02,-1.960473656654357910e-01,-2.077362090349197388e-01,1.569567769765853882e-01,5.883379653096199036e-02,-7.166422158479690552e-02,1.733137667179107666e-02,-3.128349483013153076e-01,-4.018744826316833496e-02,-2.213233336806297302e-02,4.265721142292022705e-01,5.001054406166076660e-01
