9.999998211860656738e-01,4.875794947147369385e-01,3.780562281608581543e-01,5.209257602691650391e-01,5.643351674079895020e-01,4.716400504112243652e-01,3.729320764541625977e-01,1.457022279500961304e-01,3.738764822483062744e-01,3.768014013767242432e-01,3.911386728286743164e-01,6.084510684013366699e-01,2.098888158798217773e-01,4.013460576534271240e-01,5.529962182044982910e-01,4.269149899482727051e-01,3.311297595500946045e-01,3.548362255096435547e-01,3.088148832321166992e-01,3.239498734474182129e-01,3.415772616863250732e-01
4.875794947147369385e-01,1.000000119209289551e+00,3.047564066946506500e-03,1.585773229598999023e-01,2.589252591133117676e-01,2.593140900135040283e-01,1.987381428480148315e-01,3.925011842511594296e-04,1.055400520563125610e-01,8.582740277051925659e-02,1.529524475336074829e-01,2.925063967704772949e-01,4.938213527202606201e-01,1.106415595859289169e-02,2.064134925603866577e-01,2.000798732042312622e-01,1.354136466979980469e-01,1.273561567068099976e-01,3.424835577607154846e-02,5.864157527685165405e-02,1.045330986380577087e-01
3.780562281608581543e-01,3.047564066946506500e-03,1.000000357627868652e+00,4.694318473339080811e-01,4.896151721477508545e-01,2.134090512990951538e-01,2.422197014093399048e-01,3.568921387195587158e-01,4.014987647533416748e-01,3.103707730770111084e-01,2.027350217103958130e-01,2.778765857219696045e-01,-7.260125875473022461e-02,8.554341197013854980e-01,3.510888516902923584e-01,1.974169909954071045e-01,6.190772727131843567e-02,8.811887353658676147e-02,4.786151945590972900e-01,3.053450286388397217e-01,1.795131266117095947e-01
5.209257602691650391e-01,1.585773229598999023e-01,4.694318473339080811e-01,1.000000119209289551e+00,6.423551440238952637e-01,4.885656833648681641e-01,3.539601266384124756e-01,3.031643927097320557e-01,4.149649739265441895e-01,2.630818784236907959e-01,3.512743115425109863e-01,4.902778863906860352e-01,1.842987239360809326e-01,4.919725060462951660e-01,7.598085999488830566e-01,5.206604003906250000e-01,3.964481353759765625e-01,3.057636320590972900e-01,4.334696829319000244e-01,2.410575300455093384e-01,3.777452707290649414e-01
5.643351674079895020e-01,2.589252591133117676e-01,4.896151721477508545e-01,6.423551440238952637e-01,1.000000238418579102e+00,5.474737286567687988e-01,2.687112390995025635e-01,1.924351155757904053e-01,4.537664055824279785e-01,3.777947723865509033e-01,3.310526907444000244e-01,4.244381785392761230e-01,1.803599447011947632e-01,5.071142911911010742e-01,6.621310710906982422e-01,6.290848851203918457e-01,3.697893023490905762e-01,3.214669227600097656e-01,3.963291943073272705e-01,2.551309764385223389e-01,3.304356038570404053e-01
4.716400504112243652e-01,2.593140900135040283e-01,2.134090512990951538e-01,4.885656833648681641e-01,5.474737286567687988e-01,1.000000119209289551e+00,4.580452740192413330e-01,5.442363768815994263e-02,2.135486304759979248e-01,2.399247884750366211e-01,4.753442406654357910e-01,3.646956980228424072e-01,2.207835763692855835e-01,2.213573008775711060e-01,5.913140773773193359e-01,4.999564290046691895e-01,6.568931937217712402e-01,5.174051523208618164e-01,1.778138428926467896e-01,2.501924335956573486e-01,4.655256569385528564e-01
3.729320764541625977e-01,1.987381428480148315e-01,2.422197014093399048e-01,3.539601266384124756e-01,2.687112390995025635e-01,4.580452740192413330e-01,1.000000238418579102e+00,4.365636408329010010e-02,4.847805574536323547e-02,1.462096422910690308e-01,4.036477804183959961e-01,1.765918433666229248e-01,2.644621953368186951e-02,1.914541423320770264e-01,3.836855590343475342e-01,9.653077274560928345e-02,2.631374001502990723e-01,3.495418131351470947e-01,7.918446511030197144e-02,2.187695950269699097e-01,4.274592101573944092e-01
1.457022279500961304e-01,3.925011842511594296e-04,3.568921387195587158e-01,3.031643927097320557e-01,1.924351155757904053e-01,5.442363768815994263e-02,4.365636408329010010e-02,9.999995827674865723e-01,3.913013935089111328e-01,9.772182255983352661e-02,3.773436695337295532e-02,1.849752813577651978e-01,5.127618461847305298e-02,3.678222596645355225e-01,1.595494598150253296e-01,4.666944593191146851e-02,5.506902933120727539e-02,5.086197331547737122e-02,3.518318831920623779e-01,2.099653333425521851e-01,6.944207102060317993e-02
3.738764822483062744e-01,1.055400520563125610e-01,4.014987647533416748e-01,4.149649739265441895e-01,4.537664055824279785e-01,2.135486304759979248e-01,4.847805574536323547e-02,3.913013935089111328e-01,1.000000238418579102e+00,4.260306358337402344e-01,1.520752310752868652e-01,4.151501655578613281e-01,1.623146384954452515e-01,4.437063932418823242e-01,3.452115058898925781e-01,3.315657377243041992e-01,2.305464893579483032e-01,6.752276420593261719e-02,6.092658638954162598e-01,4.116142988204956055e-01,1.903395503759384155e-01
3.768014013767242432e-01,8.582740277051925659e-02,3.103707730770111084e-01,2.630818784236907959e-01,3.777947723865509033e-01,2.399247884750366211e-01,1.462096422910690308e-01,9.772182255983352661e-02,4.260306358337402344e-01,1.000000238418579102e+00,1.919271945953369141e-01,2.286495268344879150e-01,6.721927225589752197e-02,3.211928009986877441e-01,2.992036938667297363e-01,1.842975765466690063e-01,1.574801206588745117e-01,2.210815548896789551e-01,4.096968173980712891e-01,6.296325922012329102e-01,2.023475617170333862e-01
3.911386728286743164e-01,1.529524475336074829e-01,2.027350217103958130e-01,3.512743115425109863e-01,3.310526907444000244e-01,4.753442406654357910e-01,4.036477804183959961e-01,3.773436695337295532e-02,1.520752310752868652e-01,1.919271945953369141e-01,9.999998211860656738e-01,2.602509260177612305e-01,1.195376068353652954e-01,2.058475762605667114e-01,4.192813038825988770e-01,1.916137337684631348e-01,3.633770048618316650e-01,3.799591958522796631e-01,1.574302017688751221e-01,1.836385726928710938e-01,5.667344927787780762e-01
6.084510684013366699e-01,2.925063967704772949e-01,2.778765857219696045e-01,4.902778863906860352e-01,4.244381785392761230e-01,3.646956980228424072e-01,1.765918433666229248e-01,1.849752813577651978e-01,4.151501655578613281e-01,2.286495268344879150e-01,2.602509260177612305e-01,9.999997019767761230e-01,5.358183383941650391e-01,3.304879963397979736e-01,4.871603250503540039e-01,4.604032039642333984e-01,3.985808789730072021e-01,3.381393253803253174e-01,4.581670463085174561e-01,2.471846640110015869e-01,3.205642402172088623e-01
2.098888158798217773e-01,4.938213527202606201e-01,-7.260125875473022461e-02,1.842987239360809326e-01,1.803599447011947632e-01,2.207835763692855835e-01,2.644621953368186951e-02,5.127618461847305298e-02,1.623146384954452515e-01,6.721927225589752197e-02,1.195376068353652954e-01,5.358183383941650391e-01,1.000000000000000000e+00,-3.383321687579154968e-02,2.273787260055541992e-01,3.100345134735107422e-01,2.241976112127304077e-01,1.961612403392791748e-01,1.324936747550964355e-01,3.830082714557647705e-02,1.319434046745300293e-01
4.013460576534271240e-01,1.106415595859289169e-02,8.554341197013854980e-01,4.919725060462951660e-01,5.071142911911010742e-01,2.213573008775711060e-01,1.914541423320770264e-01,3.678222596645355225e-01,4.437063932418823242e-01,3.211928009986877441e-01,2.058475762605667114e-01,3.304879963397979736e-01,-3.383321687579154968e-02,9.999997019767761230e-01,3.738915324211120605e-01,2.712076008319854736e-01,9.616450220346450806e-02,8.633251488208770752e-02,5.005480647087097168e-01,3.102983832359313965e-01,1.670671701431274414e-01
5.529962182044982910e-01,2.064134925603866577e-01,3.510888516902923584e-01,7.598085999488830566e-01,6.621310710906982422e-01,5.913140773773193359e-01,3.836855590343475342e-01,1.595494598150253296e-01,3.452115058898925781e-01,2.992036938667297363e-01,4.192813038825988770e-01,4.871603250503540039e-01,2.273787260055541992e-01,3.738915324211120605e-01,1.000000119209289551e+00,5.317734479904174805e-01,4.800133407115936279e-01,3.775867223739624023e-01,3.900472223758697510e-01,2.384817451238632202e-01,4.391503632068634033e-01
4.269149899482727051e-01,2.000798732042312622e-01,1.974169909954071045e-01,5.206604003906250000e-01,6.290848851203918457e-01,4.999564290046691895e-01,9.653077274560928345e-02,4.666944593191146851e-02,3.315657377243041992e-01,1.842975765466690063e-01,1.916137337684631348e-01,4.604032039642333984e-01,3.100345134735107422e-01,2.712076008319854736e-01,5.317734479904174805e-01,9.999999403953552246e-01,4.592362046241760254e-01,3.429446518421173096e-01,1.968505829572677612e-01,1.224771663546562195e-01,1.925601959228515625e-01
3.311297595500946045e-01,1.354136466979980469e-01,6.190772727131843567e-02,3.964481353759765625e-01,3.697893023490905762e-01,6.568931937217712402e-01,2.631374001502990723e-01,5.506902933120727539e-02,2.305464893579483032e-01,1.574801206588745117e-01,3.633770048618316650e-01,3.985808789730072021e-01,2.241976112127304077e-01,9.616450220346450806e-02,4.800133407115936279e-01,4.592362046241760254e-01,9.999995231628417969e-01,5.453314185142517090e-01,2.119363546371459961e-01,1.990976929664611816e-01,4.026908278465270996e-01
3.548362255096435547e-01,1.273561567068099976e-01,8.811887353658676147e-02,3.057636320590972900e-01,3.214669227600097656e-01,5.174051523208618164e-01,3.495418131351470947e-01,5.086197331547737122e-02,6.752276420593261719e-02,2.210815548896789551e-01,3.799591958522796631e-01,3.381393253803253174e-01,1.961612403392791748e-01,8.633251488208770752e-02,3.775867223739624023e-01,3.429446518421173096e-01,5.453314185142517090e-01,1.000000476837158203e+00,8.024390786886215210e-02,2.492313981056213379e-01,3.585924208164215088e-01
3.088148832321166992e-01,3.424835577607154846e-02,4.786151945590972900e-01,4.334696829319000244e-01,3.963291943073272705e-01,1.778138428926467896e-01,7.918446511030197144e-02,3.518318831920623779e-01,6.092658638954162598e-01,4.096968173980712891e-01,1.574302017688751221e-01,4.581670463085174561e-01,1.324936747550964355e-01,5.005480647087097168e-01,3.900472223758697510e-01,1.968505829572677612e-01,2.119363546371459961e-01,8.024390786886215210e-02,9.999999403953552246e-01,4.647971391677856445e-01,2.309364229440689087e-01
3.239498734474182129e-01,5.864157527685165405e-02,3.053450286388397217e-01,2.410575300455093384e-01,2.551309764385223389e-01,2.501924335956573486e-01,2.187695950269699097e-01,2.099653333425521851e-01,4.116142988204956055e-01,6.296325922012329102e-01,1.836385726928710938e-01,2.471846640110015869e-01,3.830082714557647705e-02,3.102983832359313965e-01,2.384817451238632202e-01,1.224771663546562195e-01,1.990976929664611816e-01,2.492313981056213379e-01,4.647971391677856445e-01,1.000000119209289551e+00,2.253775894641876221e-01
3.415772616863250732e-01,1.045330986380577087e-01,1.795131266117095947e-01,3.777452707290649414e-01,3.304356038570404053e-01,4.655256569385528564e-01,4.274592101573944092e-01,6.944207102060317993e-02,1.903395503759384155e-01,2.023475617170333862e-01,5.667344927787780762e-01,3.205642402172088623e-01,1.319434046745300293e-01,1.670671701431274414e-01,4.391503632068634033e-01,1.925601959228515625e-01,4.026908278465270996e-01,3.585924208164215088e-01,2.309364229440689087e-01,2.253775894641876221e-01,1.000000119209289551e+00
