1.000000476837158203e+00,5.774142742156982422e-01,2.955123782157897949e-01,3.766489326953887939e-01,1.973725706338882446e-01,2.980965673923492432e-01,6.649083644151687622e-02,1.375763267278671265e-01,4.923354983329772949e-01,3.687509298324584961e-01,9.706706553697586060e-02,4.181715846061706543e-01,2.793990373611450195e-01,1.950661391019821167e-01,2.843336760997772217e-01,1.567280441522598267e-01,5.828611552715301514e-03,-3.641815111041069031e-02,1.723529249429702759e-01,1.274921298027038574e-01,8.199781924486160278e-02
5.774142742156982422e-01,9.999995827674865723e-01,-4.974803701043128967e-02,1.963129490613937378e-01,2.108928747475147247e-02,2.305034101009368896e-01,4.445714876055717468e-02,1.345509141683578491e-01,4.595111012458801270e-01,2.518152296543121338e-01,-2.455538883805274963e-02,2.156206518411636353e-01,3.476378917694091797e-01,-9.848026931285858154e-02,8.147107809782028198e-02,-8.607882261276245117e-02,-1.414438784122467041e-01,-1.225070729851722717e-01,1.564916074275970459e-01,2.779476717114448547e-02,-6.455885618925094604e-02
2.955123782157897949e-01,-4.974803701043128967e-02,1.000000834465026855e+00,3.494480252265930176e-01,5.480584502220153809e-01,1.875329911708831787e-01,1.528413742780685425e-01,2.331196367740631104e-01,1.302181035280227661e-01,3.391504883766174316e-01,2.159350663423538208e-01,3.654513061046600342e-01,5.911625176668167114e-02,7.449345588684082031e-01,3.810473978519439697e-01,5.748969316482543945e-01,2.747919261455535889e-01,2.671213150024414062e-01,1.264162361621856689e-01,3.365785181522369385e-01,1.870538741350173950e-01
3.766489326953887939e-01,1.963129490613937378e-01,3.494480252265930176e-01,1.000000476837158203e+00,1.845461130142211914e-01,2.933848798274993896e-01,2.628104090690612793e-01,1.958182752132415771e-01,2.279396951198577881e-01,2.772932350635528564e-01,-5.260359495878219604e-03,3.245768249034881592e-01,1.935859620571136475e-01,3.167105317115783691e-01,6.951113343238830566e-01,1.532183140516281128e-01,1.963468044996261597e-01,2.372615784406661987e-01,2.219406515359878540e-01,2.889005839824676514e-01,-2.864692396542523056e-05
1.973725706338882446e-01,2.108928747475147247e-02,5.480584502220153809e-01,1.845461130142211914e-01,1.000000119209289551e+00,1.401704400777816772e-01,2.010399252176284790e-01,1.947897225618362427e-01,1.652085781097412109e-01,2.555578947067260742e-01,4.231233298778533936e-01,2.750911116600036621e-01,5.954197421669960022e-02,5.345431566238403320e-01,2.077736705541610718e-01,6.876573562622070312e-01,2.346653938293457031e-01,3.336435258388519287e-01,1.601702272891998291e-01,2.968929111957550049e-01,8.898135274648666382e-02
2.980965673923492432e-01,2.305034101009368896e-01,1.875329911708831787e-01,2.933848798274993896e-01,1.401704400777816772e-01,9.999998211860656738e-01,2.023730725049972534e-01,2.446272075176239014e-01,2.565495371818542480e-01,2.723063528537750244e-01,3.742970526218414307e-02,1.758666485548019409e-01,1.611399799585342407e-01,8.460516482591629028e-02,2.527191340923309326e-01,1.680762469768524170e-01,4.431613683700561523e-01,2.354233525693416595e-02,2.927953302860260010e-01,1.723842173814773560e-01,-1.449249386787414551e-01
6.649083644151687622e-02,4.445714876055717468e-02,1.528413742780685425e-01,2.628104090690612793e-01,2.010399252176284790e-01,2.023730725049972534e-01,9.999998211860656738e-01,-3.761510923504829407e-02,7.535615563392639160e-02,1.774754524230957031e-01,1.023938208818435669e-01,1.300643533468246460e-01,7.930611073970794678e-02,2.182886451482772827e-01,2.466658353805541992e-01,1.629832535982131958e-01,2.038881182670593262e-01,3.220492899417877197e-01,1.254676133394241333e-01,1.562122851610183716e-01,-8.136688917875289917e-02
1.375763267278671265e-01,1.345509141683578491e-01,2.331196367740631104e-01,1.958182752132415771e-01,1.947897225618362427e-01,2.446272075176239014e-01,-3.761510923504829407e-02,9.999998211860656738e-01,2.313478887081146240e-01,3.467172682285308838e-01,4.692406952381134033e-02,1.787077337503433228e-01,1.631546914577484131e-01,1.430591493844985962e-01,3.160468339920043945e-01,2.195945978164672852e-01,9.909740835428237915e-02,1.291678547859191895e-01,2.955026328563690186e-01,3.434068560600280762e-01,2.034841664135456085e-02
4.923354983329772949e-01,4.595111012458801270e-01,1.302181035280227661e-01,2.279396951198577881e-01,1.652085781097412109e-01,2.565495371818542480e-01,7.535615563392639160e-02,2.313478887081146240e-01,1.000000476837158203e+00,4.162383377552032471e-01,1.543177384883165359e-02,1.676410138607025146e-01,9.578283131122589111e-02,1.008876264095306396e-01,1.632192581892013550e-01,8.646292239427566528e-02,-5.220537260174751282e-02,-3.784128651022911072e-02,3.015351593494415283e-01,1.285284310579299927e-01,-1.339367330074310303e-01
3.687509298324584961e-01,2.518152296543121338e-01,3.391504883766174316e-01,2.772932350635528564e-01,2.555578947067260742e-01,2.723063528537750244e-01,1.774754524230957031e-01,3.467172682285308838e-01,4.162383377552032471e-01,1.000000357627868652e+00,1.204826012253761292e-01,3.238214850425720215e-01,2.697999775409698486e-01,3.245499730110168457e-01,2.549360990524291992e-01,2.680300176143646240e-01,1.648267656564712524e-01,1.684446930885314941e-01,1.939825564622879028e-01,4.178297221660614014e-01,7.722357660531997681e-02
9.706706553697586060e-02,-2.455538883805274963e-02,2.159350663423538208e-01,-5.260359495878219604e-03,4.231233298778533936e-01,3.742970526218414307e-02,1.023938208818435669e-01,4.692406952381134033e-02,1.543177384883165359e-02,1.204826012253761292e-01,9.999998211860656738e-01,1.442655175924301147e-01,6.271352618932723999e-02,1.930990368127822876e-01,6.621047109365463257e-02,4.584068357944488525e-01,2.049632370471954346e-01,1.923388242721557617e-01,3.028461150825023651e-02,7.104792445898056030e-02,1.708590835332870483e-01
4.181715846061706543e-01,2.156206518411636353e-01,3.654513061046600342e-01,3.245768249034881592e-01,2.750911116600036621e-01,1.758666485548019409e-01,1.300643533468246460e-01,1.787077337503433228e-01,1.676410138607025146e-01,3.238214850425720215e-01,1.442655175924301147e-01,9.999995827674865723e-01,6.416120529174804688e-01,3.984003663063049316e-01,4.097259640693664551e-01,3.110735714435577393e-01,2.659488320350646973e-01,2.184856235980987549e-01,3.037025630474090576e-01,4.564064443111419678e-01,2.753385305404663086e-01
2.793990373611450195e-01,3.476378917694091797e-01,5.911625176668167114e-02,1.935859620571136475e-01,5.954197421669960022e-02,1.611399799585342407e-01,7.930611073970794678e-02,1.631546914577484131e-01,9.578283131122589111e-02,2.697999775409698486e-01,6.271352618932723999e-02,6.416120529174804688e-01,9.999998211860656738e-01,9.575174748897552490e-02,2.727367281913757324e-01,6.592386960983276367e-02,1.504737138748168945e-01,1.138676702976226807e-01,2.761237919330596924e-01,3.848359286785125732e-01,1.590850353240966797e-01
1.950661391019821167e-01,-9.848026931285858154e-02,7.449345588684082031e-01,3.167105317115783691e-01,5.345431566238403320e-01,8.460516482591629028e-02,2.182886451482772827e-01,1.430591493844985962e-01,1.008876264095306396e-01,3.245499730110168457e-01,1.930990368127822876e-01,3.984003663063049316e-01,9.575174748897552490e-02,9.999995231628417969e-01,3.699586689472198486e-01,5.592951774597167969e-01,2.614130377769470215e-01,3.041932880878448486e-01,1.302497535943984985e-01,3.803669214248657227e-01,1.886135786771774292e-01
2.843336760997772217e-01,8.147107809782028198e-02,3.810473978519439697e-01,6.951113343238830566e-01,2.077736705541610718e-01,2.527191340923309326e-01,2.466658353805541992e-01,3.160468339920043945e-01,1.632192581892013550e-01,2.549360990524291992e-01,6.621047109365463257e-02,4.097259640693664551e-01,2.727367281913757324e-01,3.699586689472198486e-01,1.000000119209289551e+00,1.864147186279296875e-01,2.628299593925476074e-01,2.922504842281341553e-01,3.267821967601776123e-01,3.307184576988220215e-01,2.128516882658004761e-02
1.567280441522598267e-01,-8.607882261276245117e-02,5.748969316482543945e-01,1.532183140516281128e-01,6.876573562622070312e-01,1.680762469768524170e-01,1.629832535982131958e-01,2.195945978164672852e-01,8.646292239427566528e-02,2.680300176143646240e-01,4.584068357944488525e-01,3.110735714435577393e-01,6.592386960983276367e-02,5.592951774597167969e-01,1.864147186279296875e-01,1.000000119209289551e+00,2.920731306076049805e-01,2.640701830387115479e-01,8.608983457088470459e-02,3.146681487560272217e-01,1.923840939998626709e-01
5.828611552715301514e-03,-1.414438784122467041e-01,2.747919261455535889e-01,1.963468044996261597e-01,2.346653938293457031e-01,4.431613683700561523e-01,2.038881182670593262e-01,9.909740835428237915e-02,-5.220537260174751282e-02,1.648267656564712524e-01,2.049632370471954346e-01,2.659488320350646973e-01,1.504737138748168945e-01,2.614130377769470215e-01,2.628299593925476074e-01,2.920731306076049805e-01,1.000000119209289551e+00,2.961964309215545654e-01,2.597863078117370605e-01,2.907751202583312988e-01,7.810357958078384399e-02
-3.641815111041069031e-02,-1.225070729851722717e-01,2.671213150024414062e-01,2.372615784406661987e-01,3.336435258388519287e-01,2.354233525693416595e-02,3.220492899417877197e-01,1.291678547859191895e-01,-3.784128651022911072e-02,1.684446930885314941e-01,1.923388242721557617e-01,2.184856235980987549e-01,1.138676702976226807e-01,3.041932880878448486e-01,2.922504842281341553e-01,2.640701830387115479e-01,2.961964309215545654e-01,1.000000119209289551e+00,2.605302035808563232e-01,2.893617451190948486e-01,9.302609413862228394e-02
1.723529249429702759e-01,1.564916074275970459e-01,1.264162361621856689e-01,2.219406515359878540e-01,1.601702272891998291e-01,2.927953302860260010e-01,1.254676133394241333e-01,2.955026328563690186e-01,3.015351593494415283e-01,1.939825564622879028e-01,3.028461150825023651e-02,3.037025630474090576e-01,2.761237919330596924e-01,1.302497535943984985e-01,3.267821967601776123e-01,8.608983457088470459e-02,2.597863078117370605e-01,2.605302035808563232e-01,1.000000119209289551e+00,3.139771223068237305e-01,-6.955632567405700684e-02
1.274921298027038574e-01,2.779476717114448547e-02,3.365785181522369385e-01,2.889005839824676514e-01,2.968929111957550049e-01,1.723842173814773560e-01,1.562122851610183716e-01,3.434068560600280762e-01,1.285284310579299927e-01,4.178297221660614014e-01,7.104792445898056030e-02,4.564064443111419678e-01,3.848359286785125732e-01,3.803669214248657227e-01,3.307184576988220215e-01,3.146681487560272217e-01,2.907751202583312988e-01,2.893617451190948486e-01,3.139771223068237305e-01,1.000000000000000000e+00,1.939763873815536499e-01
8.199781924486160278e-02,-6.455885618925094604e-02,1.870538741350173950e-01,-2.864692396542523056e-05,8.898135274648666382e-02,-1.449249386787414551e-01,-8.136688917875289917e-02,2.034841664135456085e-02,-1.339367330074310303e-01,7.722357660531997681e-02,1.708590835332870483e-01,2.753385305404663086e-01,1.590850353240966797e-01,1.886135786771774292e-01,2.128516882658004761e-02,1.923840939998626709e-01,7.810357958078384399e-02,9.302609413862228394e-02,-6.955632567405700684e-02,1.939763873815536499e-01,1.000000119209289551e+00
