9.999997615814208984e-01,1.277772337198257446e-01,-3.304763138294219971e-02,2.325185388326644897e-02,1.552997827529907227e-01,4.921999201178550720e-02,1.331479847431182861e-01,2.243503034114837646e-01,8.339019864797592163e-02,-8.185444027185440063e-02,9.050276875495910645e-02,1.626064255833625793e-02,5.088020581752061844e-03,1.081662401556968689e-01,-4.914117231965065002e-02,-5.962634086608886719e-02,2.252449244260787964e-01,3.062075674533843994e-01,-1.276924014091491699e-01,-1.976612210273742676e-02,1.768544763326644897e-01,3.186172544956207275e-01,3.243822157382965088e-01,2.124154716730117798e-01,2.898331582546234131e-01,-1.584604829549789429e-01,3.160300254821777344e-01,1.253821551799774170e-01,2.924922667443752289e-02,-1.501471400260925293e-01,1.353203207254409790e-01,1.808227449655532837e-01,4.942556619644165039e-01,8.542843163013458252e-02,-6.163427606225013733e-02,6.699086725711822510e-02,1.847468689084053040e-02,-1.611348390579223633e-01,-1.187115013599395752e-01,1.400940418243408203e-01,3.808942139148712158e-01,7.920544594526290894e-02,-1.495563238859176636e-01,3.692638501524925232e-02,1.970932446420192719e-02,-1.625380367040634155e-01,2.051854580640792847e-01,2.909103929996490479e-01
1.277772337198257446e-01,9.999999403953552246e-01,1.175517886877059937e-01,2.053132057189941406e-01,3.934974372386932373e-01,3.242742717266082764e-01,8.369930088520050049e-02,4.020887613296508789e-01,3.045497834682464600e-01,1.585809737443923950e-01,4.103274047374725342e-01,2.671892046928405762e-01,2.030701637268066406e-01,4.582166075706481934e-01,3.033410608768463135e-01,1.662604361772537231e-01,3.467714786529541016e-02,6.261464953422546387e-02,2.070824950933456421e-01,1.214449480175971985e-01,4.195062443614006042e-02,5.365680530667304993e-02,4.215781763195991516e-02,1.462847590446472168e-01,5.436130985617637634e-02,4.182460159063339233e-02,1.071793213486671448e-01,1.784217059612274170e-01,1.908198893070220947e-01,1.577951461076736450e-01,2.538774907588958740e-01,1.376347243785858154e-01,3.223666250705718994e-01,3.160276412963867188e-01,2.437461018562316895e-01,2.217714339494705200e-01,4.470008909702301025e-01,3.274862170219421387e-01,2.259570062160491943e-01,1.864632964134216309e-01,3.771916627883911133e-01,4.208476543426513672e-01,8.601903170347213745e-02,4.824386239051818848e-01,3.133606016635894775e-01,1.925884783267974854e-01,1.585375517606735229e-01,-7.685134559869766235e-02
-3.304763138294219971e-02,1.175517886877059937e-01,1.000000119209289551e+00,4.451126158237457275e-01,1.245567575097084045e-02,-1.958692632615566254e-02,-5.963313952088356018e-02,-1.394788473844528198e-01,6.848490238189697266e-02,-7.468661665916442871e-02,-5.068502575159072876e-02,-1.297711580991744995e-01,4.925872758030891418e-02,-2.755591645836830139e-02,8.298077434301376343e-02,8.046944439411163330e-02,-8.777248859405517578e-02,-1.557686775922775269e-01,1.233165860176086426e-01,-5.298936367034912109e-02,-2.643045186996459961e-01,-2.857739031314849854e-01,-9.566611051559448242e-02,3.730529686436057091e-03,-6.994431465864181519e-02,1.631553620100021362e-01,-2.441111207008361816e-02,4.706055819988250732e-01,2.854947447776794434e-01,1.054683923721313477e-01,-1.154261156916618347e-01,-6.328219920396804810e-02,-6.460648775100708008e-02,-4.916309565305709839e-02,1.352970302104949951e-01,1.654782295227050781e-01,-2.229867316782474518e-02,2.956625223159790039e-01,2.032040804624557495e-01,-2.600512839853763580e-02,-2.400016933679580688e-01,-8.387254178524017334e-02,-1.008104681968688965e-01,1.426220983266830444e-01,5.423644185066223145e-02,-5.402429029345512390e-02,4.628993943333625793e-02,-1.981465518474578857e-01
2.325185388326644897e-02,2.053132057189941406e-01,4.451126158237457275e-01,9.999997615814208984e-01,3.215814530849456787e-01,2.787154614925384521e-01,2.756272256374359131e-02,-3.838947415351867676e-02,-8.262486755847930908e-02,-1.053586453199386597e-01,-1.082502305507659912e-02,-4.724654182791709900e-02,8.678406476974487305e-03,-7.051530759781599045e-03,-5.619905516505241394e-02,-1.756461262702941895e-01,-1.821326166391372681e-01,-1.232446059584617615e-01,-1.523605883121490479e-01,-1.745947301387786865e-01,-1.258400529623031616e-01,-1.541912406682968140e-01,-1.993110626935958862e-01,-9.094421565532684326e-02,-1.186244785785675049e-01,-1.034733578562736511e-01,-1.197851374745368958e-01,1.086952686309814453e-01,2.458000928163528442e-02,-1.964509338140487671e-01,-1.070045158267021179e-01,-6.368795782327651978e-02,-8.281175047159194946e-02,1.033568680286407471e-01,-1.134539172053337097e-01,-8.915288746356964111e-02,5.774902924895286560e-02,-9.418259374797344208e-03,-2.260811440646648407e-02,-7.596224546432495117e-02,1.138952821493148804e-01,-9.911166131496429443e-02,-9.599197655916213989e-02,8.899283409118652344e-02,-1.325231492519378662e-01,-8.588235080242156982e-02,-5.486121401190757751e-02,-1.598544716835021973e-01
1.552997827529907227e-01,3.934974372386932373e-01,1.245567575097084045e-02,3.215814530849456787e-01,9.999999403953552246e-01,4.163580834865570068e-01,2.379428595304489136e-01,7.043872028589248657e-02,1.608078926801681519e-01,5.431120097637176514e-02,3.129983842372894287e-01,1.097869649529457092e-01,6.223729997873306274e-02,1.151867136359214783e-01,1.109136193990707397e-01,3.941275924444198608e-02,1.290904581546783447e-01,-9.311242401599884033e-02,1.443771272897720337e-01,-7.379089947789907455e-03,-9.112170338630676270e-02,-1.772037744522094727e-01,2.898039668798446655e-02,-1.975376345217227936e-02,1.685275137424468994e-01,-7.880525290966033936e-02,5.150930210947990417e-02,8.063542842864990234e-02,2.023967169225215912e-02,4.541575163602828979e-02,-2.272594533860683441e-02,-1.530688852071762085e-01,1.352270692586898804e-01,2.899044156074523926e-01,9.327067434787750244e-02,7.984644174575805664e-02,1.684649884700775146e-01,1.423032432794570923e-01,1.573275327682495117e-01,7.873855531215667725e-02,3.341123163700103760e-01,1.125616058707237244e-01,-3.317905217409133911e-02,3.285409808158874512e-01,5.959155037999153137e-02,6.716458499431610107e-02,-9.888415783643722534e-02,-1.642809510231018066e-01
4.921999201178550720e-02,3.242742717266082764e-01,-1.958692632615566254e-02,2.787154614925384521e-01,4.163580834865570068e-01,1.000000000000000000e+00,3.571912050247192383e-01,9.873358160257339478e-02,2.180962264537811279e-01,1.001184880733489990e-01,2.854388356208801270e-01,1.986591666936874390e-01,4.915721714496612549e-02,1.060635149478912354e-01,1.380876153707504272e-01,-3.918069601058959961e-02,1.942012608051300049e-01,5.111575499176979065e-02,7.997322827577590942e-02,1.345296651124954224e-01,3.330770879983901978e-02,-6.836512684822082520e-02,-6.579272449016571045e-02,-8.768097311258316040e-02,1.167055889964103699e-01,-3.412150964140892029e-02,1.353306788951158524e-02,-2.264800295233726501e-02,5.659950431436300278e-03,7.541158702224493027e-04,1.102890726178884506e-02,-9.819325059652328491e-02,7.320669293403625488e-02,2.495439201593399048e-01,-2.451248466968536377e-02,-5.906536057591438293e-02,2.048882842063903809e-01,1.017654091119766235e-01,2.432156912982463837e-02,1.720741018652915955e-02,2.323887497186660767e-01,1.164979562163352966e-01,-1.870433334261178970e-03,2.750208079814910889e-01,4.371891170740127563e-02,6.554194539785385132e-02,-3.619932383298873901e-02,-1.606537550687789917e-01
1.331479847431182861e-01,8.369930088520050049e-02,-5.963313952088356018e-02,2.756272256374359131e-02,2.379428595304489136e-01,3.571912050247192383e-01,9.999999403953552246e-01,-8.020348101854324341e-02,5.076396465301513672e-02,2.802152037620544434e-01,1.100274845957756042e-01,3.032277524471282959e-01,2.062364369630813599e-01,-9.325293451547622681e-02,1.577819138765335083e-01,-2.369114570319652557e-02,7.112325429916381836e-01,2.309740632772445679e-01,2.342576682567596436e-01,3.058413267135620117e-01,2.556364536285400391e-01,6.441742926836013794e-02,2.152541279792785645e-01,1.041430756449699402e-01,1.929519474506378174e-01,3.289842307567596436e-01,-1.375654246658086777e-02,-8.622953295707702637e-02,1.163771152496337891e-01,1.689434945583343506e-01,2.404576689004898071e-01,2.263454906642436981e-02,9.637257456779479980e-02,5.018812417984008789e-02,-6.087518762797117233e-03,1.283293813467025757e-01,-4.359660670161247253e-02,-1.418143976479768753e-02,1.299102157354354858e-01,1.534034311771392822e-01,2.073306292295455933e-01,1.969124078750610352e-01,1.344880759716033936e-01,1.884569376707077026e-01,1.717639267444610596e-01,1.876721531152725220e-01,6.692449748516082764e-02,1.402243971824645996e-02
2.243503034114837646e-01,4.020887613296508789e-01,-1.394788473844528198e-01,-3.838947415351867676e-02,7.043872028589248657e-02,9.873358160257339478e-02,-8.020348101854324341e-02,1.000000119209289551e+00,2.327955067157745361e-01,-4.085405729711055756e-03,4.019352197647094727e-01,5.117411911487579346e-02,1.209328621625900269e-01,6.843639016151428223e-01,4.724895954132080078e-02,1.620232760906219482e-01,1.218543481081724167e-02,1.780671775341033936e-01,-8.295551687479019165e-02,1.182664036750793457e-01,1.755205988883972168e-01,2.470594495534896851e-01,7.101836800575256348e-02,9.862685203552246094e-02,6.891304254531860352e-02,-1.229915544390678406e-01,9.879185259342193604e-02,6.808668375015258789e-02,1.373554486781358719e-02,1.464214455336332321e-02,2.412099987268447876e-01,2.080324888229370117e-01,5.004816055297851562e-01,2.522002756595611572e-01,-9.359416551887989044e-03,4.089756682515144348e-02,4.849291145801544189e-01,8.991532027721405029e-02,-1.149748489260673523e-01,1.601611524820327759e-01,3.269318342208862305e-01,1.381042003631591797e-01,-7.073846459388732910e-02,-4.792410414665937424e-03,-6.998372822999954224e-02,-5.390555411577224731e-02,8.508870750665664673e-02,1.244742423295974731e-01
8.339019864797592163e-02,3.045497834682464600e-01,6.848490238189697266e-02,-8.262486755847930908e-02,1.608078926801681519e-01,2.180962264537811279e-01,5.076396465301513672e-02,2.327955067157745361e-01,1.000000119209289551e+00,2.434085607528686523e-01,5.758814215660095215e-01,2.149967849254608154e-01,1.048926711082458496e-01,3.909189403057098389e-01,3.455328643321990967e-01,4.658920764923095703e-01,1.644381135702133179e-01,-1.002846583724021912e-01,1.332897990942001343e-01,1.393106281757354736e-01,-5.642602220177650452e-02,-1.046692132949829102e-01,-6.227138917893171310e-03,-3.564663603901863098e-02,-8.070151321589946747e-03,-3.471259027719497681e-02,2.866348996758460999e-02,1.167681589722633362e-01,1.016638651490211487e-01,3.297294974327087402e-01,-2.702838554978370667e-02,-8.181023597717285156e-02,9.267081320285797119e-02,2.691630423069000244e-01,2.974685132503509521e-01,1.951421946287155151e-01,2.740029990673065186e-01,3.991916179656982422e-01,2.267165929079055786e-01,-1.495625451207160950e-02,4.852860048413276672e-02,3.495244979858398438e-01,4.412536974996328354e-03,3.999643027782440186e-01,1.403277665376663208e-01,1.436596065759658813e-01,-5.850136652588844299e-02,-7.980201393365859985e-02
-8.185444027185440063e-02,1.585809737443923950e-01,-7.468661665916442871e-02,-1.053586453199386597e-01,5.431120097637176514e-02,1.001184880733489990e-01,2.802152037620544434e-01,-4.085405729711055756e-03,2.434085607528686523e-01,1.000000119209289551e+00,3.265194296836853027e-01,7.626765966415405273e-01,6.206115484237670898e-01,1.827366650104522705e-01,6.344701647758483887e-01,4.534972012042999268e-01,2.135291248559951782e-01,-2.929254807531833649e-02,2.656087577342987061e-01,5.386467576026916504e-01,4.682849049568176270e-01,1.856279186904430389e-02,1.415851712226867676e-01,1.252006292343139648e-01,-9.001876413822174072e-02,5.297018215060234070e-02,-1.884254962205886841e-01,-2.468657791614532471e-01,-8.427963405847549438e-02,2.296686619520187378e-01,3.368166685104370117e-01,4.384222254157066345e-02,-6.649987399578094482e-02,2.386695146560668945e-01,4.076982438564300537e-01,2.656120955944061279e-01,1.334895044565200806e-01,3.660358786582946777e-01,4.389721751213073730e-01,2.423873841762542725e-01,4.574892669916152954e-02,6.071298718452453613e-01,5.108073353767395020e-01,3.616145551204681396e-01,4.540309309959411621e-01,7.135706543922424316e-01,7.104180753231048584e-03,-1.288052946329116821e-01
9.050276875495910645e-02,4.103274047374725342e-01,-5.068502575159072876e-02,-1.082502305507659912e-02,3.129983842372894287e-01,2.854388356208801270e-01,1.100274845957756042e-01,4.019352197647094727e-01,5.758814215660095215e-01,3.265194296836853027e-01,1.000000119209289551e+00,4.150801897048950195e-01,2.358685731887817383e-01,6.393762230873107910e-01,4.215474426746368408e-01,3.991581201553344727e-01,7.102821767330169678e-02,-1.229984015226364136e-01,-7.838213443756103516e-02,1.281970292329788208e-01,1.065353527665138245e-01,-7.478978950530290604e-03,-7.872846722602844238e-02,-5.944821611046791077e-02,9.220070391893386841e-02,-5.653497576713562012e-02,5.781121924519538879e-02,2.482566982507705688e-02,1.155410408973693848e-01,1.793822199106216431e-01,9.561944752931594849e-02,-6.446430087089538574e-02,2.273990958929061890e-01,4.050001502037048340e-01,1.525374799966812134e-01,7.207629829645156860e-02,5.222936272621154785e-01,3.325940370559692383e-01,9.592822939157485962e-02,1.059134677052497864e-02,2.509485185146331787e-01,3.596610724925994873e-01,2.867453731596469879e-02,3.137596547603607178e-01,1.471879929304122925e-01,1.904948651790618896e-01,-1.460088640451431274e-01,-6.220221146941184998e-02
1.626064255833625793e-02,2.671892046928405762e-01,-1.297711580991744995e-01,-4.724654182791709900e-02,1.097869649529457092e-01,1.986591666936874390e-01,3.032277524471282959e-01,5.117411911487579346e-02,2.149967849254608154e-01,7.626765966415405273e-01,4.150801897048950195e-01,1.000000000000000000e+00,5.422217249870300293e-01,2.592011392116546631e-01,6.952261328697204590e-01,3.684667944908142090e-01,1.957810372114181519e-01,2.642876841127872467e-02,1.730369925498962402e-01,4.458628296852111816e-01,4.744243323802947998e-01,1.001527905464172363e-01,9.255859255790710449e-02,9.627600014209747314e-02,-5.391409620642662048e-03,3.505636379122734070e-02,-1.038347408175468445e-01,-2.183913737535476685e-01,-3.089357167482376099e-03,1.430938690900802612e-01,3.096013963222503662e-01,9.842447936534881592e-02,3.909115493297576904e-02,2.858921587467193604e-01,3.053878545761108398e-01,1.912787258625030518e-01,2.374738454818725586e-01,3.104893267154693604e-01,3.179717659950256348e-01,1.709130704402923584e-01,1.990327239036560059e-01,6.306230425834655762e-01,4.711543619632720947e-01,3.856683671474456787e-01,4.387170970439910889e-01,6.289973258972167969e-01,2.491841278970241547e-02,-8.910160511732101440e-02
5.088020581752061844e-03,2.030701637268066406e-01,4.925872758030891418e-02,8.678406476974487305e-03,6.223729997873306274e-02,4.915721714496612549e-02,2.062364369630813599e-01,1.209328621625900269e-01,1.048926711082458496e-01,6.206115484237670898e-01,2.358685731887817383e-01,5.422217249870300293e-01,9.999997615814208984e-01,1.951046884059906006e-01,4.957118928432464600e-01,4.649605154991149902e-01,1.267050504684448242e-01,1.052017975598573685e-02,2.738433778285980225e-01,6.150879263877868652e-01,5.343432426452636719e-01,6.216799095273017883e-02,1.436869204044342041e-01,2.405945807695388794e-01,-4.874407500028610229e-02,1.261358857154846191e-01,-1.476059556007385254e-01,-1.423223614692687988e-01,-3.490359708666801453e-02,1.479665040969848633e-01,4.756857454776763916e-01,1.772232353687286377e-01,5.454441159963607788e-02,1.578107327222824097e-01,3.457899987697601318e-01,3.686337769031524658e-01,1.119209453463554382e-01,3.539002239704132080e-01,4.673224985599517822e-01,3.024683594703674316e-01,4.740361124277114868e-02,4.251439869403839111e-01,4.933104217052459717e-01,2.353029400110244751e-01,3.815999627113342285e-01,6.161099076271057129e-01,1.561652570962905884e-01,-1.412040442228317261e-01
1.081662401556968689e-01,4.582166075706481934e-01,-2.755591645836830139e-02,-7.051530759781599045e-03,1.151867136359214783e-01,1.060635149478912354e-01,-9.325293451547622681e-02,6.843639016151428223e-01,3.909189403057098389e-01,1.827366650104522705e-01,6.393762230873107910e-01,2.592011392116546631e-01,1.951046884059906006e-01,1.000000238418579102e+00,3.248007893562316895e-01,3.460440039634704590e-01,-4.817887768149375916e-02,-3.713523969054222107e-02,-1.067291572690010071e-01,1.303262412548065186e-01,1.268003731966018677e-01,6.437879055738449097e-02,-8.819177746772766113e-02,1.265639811754226685e-02,-7.533194962888956070e-03,-8.203600347042083740e-02,2.340077050030231476e-02,1.137346550822257996e-01,1.276696473360061646e-01,1.169895082712173462e-01,1.355409324169158936e-01,6.469246745109558105e-02,3.565029203891754150e-01,3.274803757667541504e-01,9.417171031236648560e-02,4.889427870512008667e-02,6.398110389709472656e-01,2.607311308383941650e-01,-5.058107525110244751e-02,3.164478391408920288e-02,3.367016911506652832e-01,3.238470852375030518e-01,1.126137841492891312e-02,1.058668941259384155e-01,8.032656461000442505e-02,8.232188224792480469e-02,-2.137358300387859344e-02,-5.545812472701072693e-02
-4.914117231965065002e-02,3.033410608768463135e-01,8.298077434301376343e-02,-5.619905516505241394e-02,1.109136193990707397e-01,1.380876153707504272e-01,1.577819138765335083e-01,4.724895954132080078e-02,3.455328643321990967e-01,6.344701647758483887e-01,4.215474426746368408e-01,6.952261328697204590e-01,4.957118928432464600e-01,3.248007893562316895e-01,1.000000119209289551e+00,5.550110340118408203e-01,1.510320454835891724e-01,-2.993001602590084076e-02,3.046203255653381348e-01,4.564619660377502441e-01,3.092757463455200195e-01,-3.747669979929924011e-02,5.114506930112838745e-02,8.797183632850646973e-02,-1.455299835652112961e-02,9.908706694841384888e-02,-4.250781610608100891e-02,-2.177890203893184662e-02,5.218279734253883362e-02,2.860957682132720947e-01,2.177283167839050293e-01,4.854892566800117493e-02,2.432080172002315521e-02,2.792203724384307861e-01,4.078684449195861816e-01,2.905804216861724854e-01,3.180287480354309082e-01,5.723810791969299316e-01,3.974114954471588135e-01,1.436372846364974976e-01,9.783188812434673309e-03,5.919838547706604004e-01,4.234516620635986328e-01,4.437074959278106689e-01,4.472556710243225098e-01,5.617768764495849609e-01,8.795913308858871460e-02,-1.856233924627304077e-01
-5.962634086608886719e-02,1.662604361772537231e-01,8.046944439411163330e-02,-1.756461262702941895e-01,3.941275924444198608e-02,-3.918069601058959961e-02,-2.369114570319652557e-02,1.620232760906219482e-01,4.658920764923095703e-01,4.534972012042999268e-01,3.991581201553344727e-01,3.684667944908142090e-01,4.649605154991149902e-01,3.460440039634704590e-01,5.550110340118408203e-01,1.000000238418579102e+00,9.463839977979660034e-02,-9.156072139739990234e-02,3.189285695552825928e-01,4.003058373928070068e-01,1.496083438396453857e-01,-9.095323085784912109e-02,1.580815613269805908e-01,1.966450810432434082e-01,-8.586961030960083008e-02,4.335032775998115540e-02,-1.725760251283645630e-01,-1.382953301072120667e-02,-3.098243102431297302e-02,4.036250412464141846e-01,1.735517382621765137e-01,4.476630315184593201e-02,-4.382516071200370789e-02,2.083000093698501587e-01,4.704954624176025391e-01,4.828557372093200684e-01,2.051520347595214844e-01,4.693903923034667969e-01,5.337525010108947754e-01,2.470563352108001709e-01,-1.043128296732902527e-01,4.220702648162841797e-01,3.645204603672027588e-01,2.928982377052307129e-01,2.901527285575866699e-01,4.437026381492614746e-01,9.217285364866256714e-02,-8.969250321388244629e-02
2.252449244260787964e-01,3.467714786529541016e-02,-8.777248859405517578e-02,-1.821326166391372681e-01,1.290904581546783447e-01,1.942012608051300049e-01,7.112325429916381836e-01,1.218543481081724167e-02,1.644381135702133179e-01,2.135291248559951782e-01,7.102821767330169678e-02,1.957810372114181519e-01,1.267050504684448242e-01,-4.817887768149375916e-02,1.510320454835891724e-01,9.463839977979660034e-02,9.999997615814208984e-01,3.999102711677551270e-01,3.745352625846862793e-01,3.360302150249481201e-01,2.011778503656387329e-01,1.742647290229797363e-01,4.521356523036956787e-01,2.341772764921188354e-01,1.641899198293685913e-01,3.102791607379913330e-01,7.048735022544860840e-02,2.429504878818988800e-02,1.202386319637298584e-01,2.862124145030975342e-01,2.715550363063812256e-01,1.168577671051025391e-01,2.124822586774826050e-01,-1.782252825796604156e-02,5.738401412963867188e-02,2.283300161361694336e-01,-3.534229844808578491e-02,2.137251198291778564e-02,1.341080069541931152e-01,2.918960154056549072e-01,1.311472952365875244e-01,2.239693701267242432e-01,9.148867428302764893e-02,1.817571818828582764e-01,2.172759622335433960e-01,1.449129581451416016e-01,2.230174690485000610e-01,1.777481138706207275e-01
3.062075674533843994e-01,6.261464953422546387e-02,-1.557686775922775269e-01,-1.232446059584617615e-01,-9.311242401599884033e-02,5.111575499176979065e-02,2.309740632772445679e-01,1.780671775341033936e-01,-1.002846583724021912e-01,-2.929254807531833649e-02,-1.229984015226364136e-01,2.642876841127872467e-02,1.052017975598573685e-02,-3.713523969054222107e-02,-2.993001602590084076e-02,-9.156072139739990234e-02,3.999102711677551270e-01,9.999998211860656738e-01,5.369876325130462646e-02,2.775024175643920898e-01,4.176480472087860107e-01,7.043021321296691895e-01,5.525780320167541504e-01,4.701256453990936279e-01,5.648102238774299622e-02,1.397769749164581299e-01,1.157851889729499817e-01,-2.815936226397752762e-03,-6.943831685930490494e-03,-1.583522744476795197e-02,4.695886373519897461e-01,5.308063626289367676e-01,2.728620469570159912e-01,-6.154865399003028870e-02,-8.004243671894073486e-02,2.091448158025741577e-01,-2.496782504022121429e-02,-1.535386145114898682e-01,-6.883127987384796143e-02,3.831551969051361084e-01,1.080645844340324402e-01,2.414289861917495728e-02,6.669603288173675537e-02,-4.245256260037422180e-02,6.169068627059459686e-03,-9.533854201436042786e-03,5.232475399971008301e-01,5.590887069702148438e-01
-1.276924014091491699e-01,2.070824950933456421e-01,1.233165860176086426e-01,-1.523605883121490479e-01,1.443771272897720337e-01,7.997322827577590942e-02,2.342576682567596436e-01,-8.295551687479019165e-02,1.332897990942001343e-01,2.656087577342987061e-01,-7.838213443756103516e-02,1.730369925498962402e-01,2.738433778285980225e-01,-1.067291572690010071e-01,3.046203255653381348e-01,3.189285695552825928e-01,3.745352625846862793e-01,5.369876325130462646e-02,1.000000119209289551e+00,4.172019958496093750e-01,-2.045481838285923004e-02,-1.503421515226364136e-01,2.930927276611328125e-01,2.550821006298065186e-01,7.519563287496566772e-02,2.283740788698196411e-01,-9.590885788202285767e-02,9.302429854869842529e-02,2.900816127657890320e-02,4.512722194194793701e-01,1.916189640760421753e-01,5.711726844310760498e-02,-1.554583758115768433e-02,4.409153014421463013e-03,3.763581216335296631e-01,4.256549775600433350e-01,-5.073143541812896729e-02,2.951181530952453613e-01,5.370097756385803223e-01,2.764540016651153564e-01,-1.155806928873062134e-01,3.212004005908966064e-01,4.063283205032348633e-01,4.461253881454467773e-01,3.984644412994384766e-01,4.462092220783233643e-01,2.045238912105560303e-01,-1.221142485737800598e-01
-1.976612210273742676e-02,1.214449480175971985e-01,-5.298936367034912109e-02,-1.745947301387786865e-01,-7.379089947789907455e-03,1.345296651124954224e-01,3.058413267135620117e-01,1.182664036750793457e-01,1.393106281757354736e-01,5.386467576026916504e-01,1.281970292329788208e-01,4.458628296852111816e-01,6.150879263877868652e-01,1.303262412548065186e-01,4.564619660377502441e-01,4.003058373928070068e-01,3.360302150249481201e-01,2.775024175643920898e-01,4.172019958496093750e-01,1.000000357627868652e+00,5.942738056182861328e-01,1.424618512392044067e-01,2.879099547863006592e-01,2.386368811130523682e-01,-6.580164283514022827e-02,1.978035867214202881e-01,-1.463441252708435059e-01,-1.247453317046165466e-01,-5.403734371066093445e-02,2.821099162101745605e-01,4.397006630897521973e-01,2.182250767946243286e-01,4.372277855873107910e-02,8.689512312412261963e-02,3.042979538440704346e-01,3.204610645771026611e-01,4.062188044190406799e-02,2.859511375427246094e-01,3.800139427185058594e-01,3.578798472881317139e-01,1.565911807119846344e-02,3.567762076854705811e-01,5.031312704086303711e-01,1.901374757289886475e-01,2.784260809421539307e-01,5.653714537620544434e-01,2.504346072673797607e-01,-5.014630034565925598e-02
1.768544763326644897e-01,4.195062443614006042e-02,-2.643045186996459961e-01,-1.258400529623031616e-01,-9.112170338630676270e-02,3.330770879983901978e-02,2.556364536285400391e-01,1.755205988883972168e-01,-5.642602220177650452e-02,4.682849049568176270e-01,1.065353527665138245e-01,4.744243323802947998e-01,5.343432426452636719e-01,1.268003731966018677e-01,3.092757463455200195e-01,1.496083438396453857e-01,2.011778503656387329e-01,4.176480472087860107e-01,-2.045481838285923004e-02,5.942738056182861328e-01,9.999999403953552246e-01,4.192710816860198975e-01,2.236666083335876465e-01,2.216379642486572266e-01,-4.432892054319381714e-02,6.438758224248886108e-02,-6.124130915850400925e-03,-2.956406176090240479e-01,-1.227252930402755737e-01,-1.273187436163425446e-02,5.197936296463012695e-01,2.549427449703216553e-01,1.018081977963447571e-01,5.150957405567169189e-02,4.888148605823516846e-02,1.323454082012176514e-01,3.428735584020614624e-02,1.646421849727630615e-02,6.169380247592926025e-02,2.922702729701995850e-01,1.533844470977783203e-01,3.209667205810546875e-01,4.077308177947998047e-01,-9.435229934751987457e-03,1.828199476003646851e-01,4.151668548583984375e-01,2.074522078037261963e-01,1.305887848138809204e-01
3.186172544956207275e-01,5.365680530667304993e-02,-2.857739031314849854e-01,-1.541912406682968140e-01,-1.772037744522094727e-01,-6.836512684822082520e-02,6.441742926836013794e-02,2.470594495534896851e-01,-1.046692132949829102e-01,1.856279186904430389e-02,-7.478978950530290604e-03,1.001527905464172363e-01,6.216799095273017883e-02,6.437879055738449097e-02,-3.747669979929924011e-02,-9.095323085784912109e-02,1.742647290229797363e-01,7.043021321296691895e-01,-1.503421515226364136e-01,1.424618512392044067e-01,4.192710816860198975e-01,1.000000119209289551e+00,4.689677059650421143e-01,4.169920086860656738e-01,9.305047243833541870e-02,-8.172232657670974731e-02,1.438006609678268433e-01,-1.432858407497406006e-01,-3.505360335111618042e-02,-1.588524729013442993e-01,4.863288998603820801e-01,6.805771589279174805e-01,2.599950432777404785e-01,-2.979187667369842529e-02,-9.172515571117401123e-02,9.216246008872985840e-02,3.711602836847305298e-02,-1.919730156660079956e-01,-1.610053181648254395e-01,2.482473403215408325e-01,1.708613038063049316e-01,9.149014204740524292e-02,2.702696016058325768e-03,-6.181514263153076172e-02,9.065852500498294830e-03,-3.193183615803718567e-02,4.504979252815246582e-01,7.655934095382690430e-01
3.243822157382965088e-01,4.215781763195991516e-02,-9.566611051559448242e-02,-1.993110626935958862e-01,2.898039668798446655e-02,-6.579272449016571045e-02,2.152541279792785645e-01,7.101836800575256348e-02,-6.227138917893171310e-03,1.415851712226867676e-01,-7.872846722602844238e-02,9.255859255790710449e-02,1.436869204044342041e-01,-8.819177746772766113e-02,5.114506930112838745e-02,1.580815613269805908e-01,4.521356523036956787e-01,5.525780320167541504e-01,2.930927276611328125e-01,2.879099547863006592e-01,2.236666083335876465e-01,4.689677059650421143e-01,1.000000119209289551e+00,5.674210786819458008e-01,5.731965973973274231e-02,5.170683190226554871e-02,4.932615533471107483e-02,1.754256896674633026e-02,-4.901356622576713562e-02,1.292308270931243896e-01,3.626719415187835693e-01,4.045368432998657227e-01,2.057954668998718262e-01,-2.399390377104282379e-02,2.135774642229080200e-01,4.482840299606323242e-01,-1.106376275420188904e-01,-3.664006292819976807e-02,2.670521140098571777e-01,6.201820969581604004e-01,4.691338911652565002e-02,8.671883493661880493e-02,9.808527678251266479e-02,1.443646401166915894e-01,1.046386882662773132e-01,1.065028607845306396e-01,4.624324440956115723e-01,5.139254331588745117e-01
2.124154716730117798e-01,1.462847590446472168e-01,3.730529686436057091e-03,-9.094421565532684326e-02,-1.975376345217227936e-02,-8.768097311258316040e-02,1.041430756449699402e-01,9.862685203552246094e-02,-3.564663603901863098e-02,1.252006292343139648e-01,-5.944821611046791077e-02,9.627600014209747314e-02,2.405945807695388794e-01,1.265639811754226685e-02,8.797183632850646973e-02,1.966450810432434082e-01,2.341772764921188354e-01,4.701256453990936279e-01,2.550821006298065186e-01,2.386368811130523682e-01,2.216379642486572266e-01,4.169920086860656738e-01,5.674210786819458008e-01,9.999998211860656738e-01,7.971578091382980347e-02,7.488037645816802979e-02,-3.205400332808494568e-02,4.774833470582962036e-02,1.221199799329042435e-02,2.148042619228363037e-01,5.226166844367980957e-01,5.581522583961486816e-01,1.652728468179702759e-01,4.166847094893455505e-02,2.256602942943572998e-01,6.402602791786193848e-01,2.416494768112897873e-03,4.155623912811279297e-02,3.618335723876953125e-01,5.866941213607788086e-01,1.919383741915225983e-02,1.594238430261611938e-01,2.341761142015457153e-01,1.928590089082717896e-01,2.103293687105178833e-01,2.160834521055221558e-01,6.678812503814697266e-01,3.650003671646118164e-01
2.898331582546234131e-01,5.436130985617637634e-02,-6.994431465864181519e-02,-1.186244785785675049e-01,1.685275137424468994e-01,1.167055889964103699e-01,1.929519474506378174e-01,6.891304254531860352e-02,-8.070151321589946747e-03,-9.001876413822174072e-02,9.220070391893386841e-02,-5.391409620642662048e-03,-4.874407500028610229e-02,-7.533194962888956070e-03,-1.455299835652112961e-02,-8.586961030960083008e-02,1.641899198293685913e-01,5.648102238774299622e-02,7.519563287496566772e-02,-6.580164283514022827e-02,-4.432892054319381714e-02,9.305047243833541870e-02,5.731965973973274231e-02,7.971578091382980347e-02,9.999998211860656738e-01,2.275614999234676361e-02,3.254795074462890625e-01,5.079566314816474915e-02,5.678322538733482361e-02,1.902941428124904633e-02,8.441432565450668335e-02,8.019854128360748291e-02,3.785964846611022949e-01,1.555434167385101318e-01,-6.472507491707801819e-03,2.083319798111915588e-02,1.250168383121490479e-01,-7.207507733255624771e-03,-5.716640502214431763e-02,-1.182611472904682159e-02,1.367733031511306763e-01,2.713573165237903595e-03,-6.853476166725158691e-02,1.185676157474517822e-01,4.542628303170204163e-02,-7.472718507051467896e-02,2.628440409898757935e-02,1.074345111846923828e-01
-1.584604829549789429e-01,4.182460159063339233e-02,1.631553620100021362e-01,-1.034733578562736511e-01,-7.880525290966033936e-02,-3.412150964140892029e-02,3.289842307567596436e-01,-1.229915544390678406e-01,-3.471259027719497681e-02,5.297018215060234070e-02,-5.653497576713562012e-02,3.505636379122734070e-02,1.261358857154846191e-01,-8.203600347042083740e-02,9.908706694841384888e-02,4.335032775998115540e-02,3.102791607379913330e-01,1.397769749164581299e-01,2.283740788698196411e-01,1.978035867214202881e-01,6.438758224248886108e-02,-8.172232657670974731e-02,5.170683190226554871e-02,7.488037645816802979e-02,2.275614999234676361e-02,1.000000119209289551e+00,1.178397610783576965e-01,3.560354411602020264e-01,4.708573520183563232e-01,2.710154056549072266e-01,1.707190871238708496e-01,-1.688491553068161011e-02,9.428253397345542908e-03,-9.780498594045639038e-02,7.998219877481460571e-02,1.799559742212295532e-01,-2.580764144659042358e-02,1.976134032011032104e-01,1.780572384595870972e-01,1.688329130411148071e-01,-1.006538793444633484e-01,5.053387209773063660e-02,1.301005780696868896e-01,5.402831826359033585e-03,2.399228662252426147e-01,1.287226676940917969e-01,1.192997545003890991e-01,-1.362662166357040405e-01
3.160300254821777344e-01,1.071793213486671448e-01,-2.441111207008361816e-02,-1.197851374745368958e-01,5.150930210947990417e-02,1.353306788951158524e-02,-1.375654246658086777e-02,9.879185259342193604e-02,2.866348996758460999e-02,-1.884254962205886841e-01,5.781121924519538879e-02,-1.038347408175468445e-01,-1.476059556007385254e-01,2.340077050030231476e-02,-4.250781610608100891e-02,-1.725760251283645630e-01,7.048735022544860840e-02,1.157851889729499817e-01,-9.590885788202285767e-02,-1.463441252708435059e-01,-6.124130915850400925e-03,1.438006609678268433e-01,4.932615533471107483e-02,-3.205400332808494568e-02,3.254795074462890625e-01,1.178397610783576965e-01,9.999997019767761230e-01,2.847092151641845703e-01,2.972681820392608643e-01,-1.220568921416997910e-02,-1.433256268501281738e-02,2.486285008490085602e-02,4.562920331954956055e-01,1.739554852247238159e-01,-5.640980973839759827e-02,-4.314237833023071289e-02,1.506593078374862671e-01,1.369852125644683838e-01,-1.841241270303726196e-01,-3.879561647772789001e-02,1.773531883955001831e-01,-2.483558468520641327e-02,-1.916853934526443481e-01,-3.619523718953132629e-02,4.523361474275588989e-02,-2.056649327278137207e-01,3.317072987556457520e-02,1.568527221679687500e-01
1.253821551799774170e-01,1.784217059612274170e-01,4.706055819988250732e-01,1.086952686309814453e-01,8.063542842864990234e-02,-2.264800295233726501e-02,-8.622953295707702637e-02,6.808668375015258789e-02,1.167681589722633362e-01,-2.468657791614532471e-01,2.482566982507705688e-02,-2.183913737535476685e-01,-1.423223614692687988e-01,1.137346550822257996e-01,-2.177890203893184662e-02,-1.382953301072120667e-02,2.429504878818988800e-02,-2.815936226397752762e-03,9.302429854869842529e-02,-1.247453317046165466e-01,-2.956406176090240479e-01,-1.432858407497406006e-01,1.754256896674633026e-02,4.774833470582962036e-02,5.079566314816474915e-02,3.560354411602020264e-01,2.847092151641845703e-01,9.999995827674865723e-01,6.290272474288940430e-01,1.237301453948020935e-01,-1.064462959766387939e-01,1.240500435233116150e-02,2.237753421068191528e-01,6.062629818916320801e-02,9.635543823242187500e-02,1.337165385484695435e-01,1.183315813541412354e-01,2.631864249706268311e-01,9.761547297239303589e-02,8.836410194635391235e-02,-4.067928716540336609e-02,-1.231624782085418701e-01,-1.671989709138870239e-01,2.088864520192146301e-02,4.309288412332534790e-02,-1.510628759860992432e-01,1.332129985094070435e-01,-9.463819861412048340e-02
2.924922667443752289e-02,1.908198893070220947e-01,2.854947447776794434e-01,2.458000928163528442e-02,2.023967169225215912e-02,5.659950431436300278e-03,1.163771152496337891e-01,1.373554486781358719e-02,1.016638651490211487e-01,-8.427963405847549438e-02,1.155410408973693848e-01,-3.089357167482376099e-03,-3.490359708666801453e-02,1.276696473360061646e-01,5.218279734253883362e-02,-3.098243102431297302e-02,1.202386319637298584e-01,-6.943831685930490494e-03,2.900816127657890320e-02,-5.403734371066093445e-02,-1.227252930402755737e-01,-3.505360335111618042e-02,-4.901356622576713562e-02,1.221199799329042435e-02,5.678322538733482361e-02,4.708573520183563232e-01,2.972681820392608643e-01,6.290272474288940430e-01,9.999994039535522461e-01,2.730861008167266846e-01,3.422895446419715881e-02,6.204426661133766174e-02,1.528416574001312256e-01,1.429609768092632294e-02,8.906759321689605713e-02,9.818622469902038574e-02,1.298440992832183838e-01,2.103869467973709106e-01,2.272951882332563400e-03,8.827752433717250824e-03,9.814002364873886108e-02,3.814608231186866760e-02,-4.612024500966072083e-02,-5.348595324903726578e-03,1.753294467926025391e-01,-3.600911237299442291e-03,8.881650865077972412e-02,-3.681233525276184082e-02
-1.501471400260925293e-01,1.577951461076736450e-01,1.054683923721313477e-01,-1.964509338140487671e-01,4.541575163602828979e-02,7.541158702224493027e-04,1.689434945583343506e-01,1.464214455336332321e-02,3.297294974327087402e-01,2.296686619520187378e-01,1.793822199106216431e-01,1.430938690900802612e-01,1.479665040969848633e-01,1.169895082712173462e-01,2.860957682132720947e-01,4.036250412464141846e-01,2.862124145030975342e-01,-1.583522744476795197e-02,4.512722194194793701e-01,2.821099162101745605e-01,-1.273187436163425446e-02,-1.588524729013442993e-01,1.292308270931243896e-01,2.148042619228363037e-01,1.902941428124904633e-02,2.710154056549072266e-01,-1.220568921416997910e-02,1.237301453948020935e-01,2.730861008167266846e-01,9.999997019767761230e-01,1.821705400943756104e-01,2.819721587002277374e-02,-4.950455576181411743e-02,5.475582182407379150e-02,4.367267787456512451e-01,4.737047851085662842e-01,8.232772350311279297e-02,3.709024190902709961e-01,3.892093896865844727e-01,2.268974334001541138e-01,-1.266428828239440918e-01,2.722554504871368408e-01,2.731862962245941162e-01,3.095870018005371094e-01,3.098268806934356689e-01,2.855884730815887451e-01,1.533166915178298950e-01,-1.055656746029853821e-01
1.353203207254409790e-01,2.538774907588958740e-01,-1.154261156916618347e-01,-1.070045158267021179e-01,-2.272594533860683441e-02,1.102890726178884506e-02,2.404576689004898071e-01,2.412099987268447876e-01,-2.702838554978370667e-02,3.368166685104370117e-01,9.561944752931594849e-02,3.096013963222503662e-01,4.756857454776763916e-01,1.355409324169158936e-01,2.177283167839050293e-01,1.735517382621765137e-01,2.715550363063812256e-01,4.695886373519897461e-01,1.916189640760421753e-01,4.397006630897521973e-01,5.197936296463012695e-01,4.863288998603820801e-01,3.626719415187835693e-01,5.226166844367980957e-01,8.441432565450668335e-02,1.707190871238708496e-01,-1.433256268501281738e-02,-1.064462959766387939e-01,3.422895446419715881e-02,1.821705400943756104e-01,1.000000357627868652e+00,5.175694227218627930e-01,1.818008124828338623e-01,1.428695470094680786e-01,2.012498229742050171e-01,4.062884151935577393e-01,9.457853436470031738e-02,9.995864331722259521e-02,2.587605118751525879e-01,4.510441720485687256e-01,1.065788716077804565e-01,3.230759799480438232e-01,4.103350043296813965e-01,2.082479745149612427e-01,3.372533321380615234e-01,4.086970090866088867e-01,4.433367550373077393e-01,2.429196089506149292e-01
1.808227449655532837e-01,1.376347243785858154e-01,-6.328219920396804810e-02,-6.368795782327651978e-02,-1.530688852071762085e-01,-9.819325059652328491e-02,2.263454906642436981e-02,2.080324888229370117e-01,-8.181023597717285156e-02,4.384222254157066345e-02,-6.446430087089538574e-02,9.842447936534881592e-02,1.772232353687286377e-01,6.469246745109558105e-02,4.854892566800117493e-02,4.476630315184593201e-02,1.168577671051025391e-01,5.308063626289367676e-01,5.711726844310760498e-02,2.182250767946243286e-01,2.549427449703216553e-01,6.805771589279174805e-01,4.045368432998657227e-01,5.581522583961486816e-01,8.019854128360748291e-02,-1.688491553068161011e-02,2.486285008490085602e-02,1.240500435233116150e-02,6.204426661133766174e-02,2.819721587002277374e-02,5.175694227218627930e-01,9.999999403953552246e-01,2.012520134449005127e-01,-9.856708347797393799e-03,1.072232127189636230e-01,3.228474259376525879e-01,5.452897399663925171e-02,-3.840322792530059814e-02,1.148687154054641724e-01,3.208620548248291016e-01,7.756442576646804810e-02,1.325152963399887085e-01,1.261536031961441040e-01,5.570265650749206543e-02,1.088565364480018616e-01,1.081188842654228210e-01,5.949364304542541504e-01,5.816994309425354004e-01
