9.999999403953552246e-01,8.291942626237869263e-02,1.717009544372558594e-01,2.617646157741546631e-01,4.644198417663574219e-01,2.318354882299900055e-02,-2.816802076995372772e-02,8.528889715671539307e-02,1.279719173908233643e-01,-8.397413045167922974e-02,4.102063924074172974e-02,-1.299624331295490265e-02,-5.408034846186637878e-02,-1.094142422080039978e-01,2.161828987300395966e-02,6.708609405905008316e-03,1.553888246417045593e-02,1.094079464673995972e-01,-2.706273645162582397e-02,1.407196838408708572e-02,-1.297192275524139404e-02,8.534449338912963867e-02,-1.344969496130943298e-03,1.265346817672252655e-02,4.107767939567565918e-01,-1.015989296138286591e-02,1.200662627816200256e-01,6.023336052894592285e-01,4.732135534286499023e-01,-2.078002551570534706e-03,1.995508968830108643e-01,7.048862427473068237e-02,2.998047173023223877e-01,-9.997722506523132324e-02,7.953307032585144043e-02,-1.468768808990716934e-02,-7.749509066343307495e-02,-4.530438408255577087e-02,-1.167944297194480896e-01,3.334253653883934021e-02,2.072452604770660400e-01,-2.916781418025493622e-02,-6.287311762571334839e-02,-6.666912231594324112e-03,-1.830707043409347534e-01,-1.112840622663497925e-01,2.118076663464307785e-03,4.701346531510353088e-02
8.291942626237869263e-02,1.000000357627868652e+00,-1.688234657049179077e-01,-7.379627227783203125e-02,3.555693030357360840e-01,1.017971709370613098e-01,1.462404876947402954e-01,4.813559353351593018e-02,3.374873101711273193e-01,5.099749565124511719e-01,-5.556300282478332520e-03,5.367334485054016113e-01,4.393274188041687012e-01,-7.464063912630081177e-02,1.033518388867378235e-01,3.932915925979614258e-01,1.152417287230491638e-01,-1.054532602429389954e-01,1.923373788595199585e-01,1.481699943542480469e-01,1.050078868865966797e-01,-8.686766773462295532e-02,3.777046203613281250e-01,4.820343852043151855e-01,-1.491699218750000000e-01,-3.545283153653144836e-02,6.060585975646972656e-01,4.679828137159347534e-02,1.766569465398788452e-01,1.812069863080978394e-01,1.449720375239849091e-02,2.013016045093536377e-01,4.476718604564666748e-01,3.118883669376373291e-01,5.204309225082397461e-01,4.986386597156524658e-01,9.181693196296691895e-02,4.509446322917938232e-01,5.996167659759521484e-01,5.442684888839721680e-01,7.058072090148925781e-01,5.057865381240844727e-01,4.344058632850646973e-01,7.006497979164123535e-01,5.287303924560546875e-01,5.455878376960754395e-01,3.686499893665313721e-01,-2.394224889576435089e-02
1.717009544372558594e-01,-1.688234657049179077e-01,9.999995231628417969e-01,3.327566385269165039e-01,-8.913820981979370117e-02,1.199329271912574768e-02,2.949737310409545898e-01,-2.048831582069396973e-01,-2.214483022689819336e-01,-9.200065582990646362e-02,-2.223170697689056396e-01,-1.954740583896636963e-01,-2.271223217248916626e-01,-1.430473774671554565e-01,-1.542752534151077271e-01,-1.310265064239501953e-01,1.056305840611457825e-01,-1.685572974383831024e-02,4.753605276346206665e-02,7.709352765232324600e-03,-6.528032571077346802e-02,-7.395980507135391235e-02,-1.550454795360565186e-01,-1.541956216096878052e-01,5.222474038600921631e-02,2.702594101428985596e-01,-1.557273268699645996e-01,3.426493704319000244e-01,8.381357789039611816e-02,1.807658672332763672e-01,2.806100994348526001e-02,-1.518248915672302246e-01,-1.852012425661087036e-01,-1.972070485353469849e-01,-8.448546379804611206e-02,-1.404481679201126099e-01,-5.713583156466484070e-02,-1.235821321606636047e-01,-1.610456854104995728e-01,-1.469320207834243774e-01,-2.002063095569610596e-01,3.061529435217380524e-02,-4.128479957580566406e-02,-2.333865165710449219e-01,-4.191144555807113647e-02,-2.879893407225608826e-02,-1.511810123920440674e-01,-7.268369942903518677e-02
2.617646157741546631e-01,-7.379627227783203125e-02,3.327566385269165039e-01,9.999999403953552246e-01,2.583259940147399902e-01,4.119090437889099121e-01,3.679065704345703125e-01,-2.001274973154067993e-01,-5.287240818142890930e-02,7.020084559917449951e-02,-1.876176744699478149e-01,-1.436467170715332031e-01,-6.002000346779823303e-02,-7.179545611143112183e-02,-2.688531875610351562e-01,-2.525077760219573975e-01,1.638768315315246582e-01,1.155015528202056885e-01,1.704561859369277954e-01,1.934836506843566895e-01,1.191881299018859863e-01,1.577611714601516724e-01,-1.073505133390426636e-01,3.479186445474624634e-02,-1.134734079241752625e-01,1.552622467279434204e-01,-2.758300304412841797e-01,2.804640531539916992e-01,2.519493997097015381e-01,1.291714459657669067e-01,1.745603680610656738e-01,9.920509159564971924e-02,-2.071476578712463379e-01,-3.004415333271026611e-01,-5.538723990321159363e-02,-9.509793668985366821e-02,-1.385794281959533691e-01,-2.895068228244781494e-01,-2.830491364002227783e-01,-2.044599056243896484e-01,-7.851864397525787354e-02,2.907540500164031982e-01,1.652104705572128296e-01,-1.853896677494049072e-01,2.451916690915822983e-03,1.345604360103607178e-01,5.203568935394287109e-02,4.260389879345893860e-02
4.644198417663574219e-01,3.555693030357360840e-01,-8.913820981979370117e-02,2.583259940147399902e-01,9.999998211860656738e-01,4.793229699134826660e-01,1.089773140847682953e-02,2.003599107265472412e-01,5.811914801597595215e-01,2.937104403972625732e-01,1.796628981828689575e-01,3.898706734180450439e-01,1.776064783334732056e-01,1.057338062673807144e-02,1.167812868952751160e-01,1.798126548528671265e-01,-9.312327951192855835e-03,-4.078767821192741394e-02,5.739517882466316223e-02,5.806048214435577393e-02,5.310575291514396667e-02,-3.016716986894607544e-02,1.622389629483222961e-02,7.288876175880432129e-02,2.507319487631320953e-02,2.082534693181514740e-02,8.502925932407379150e-02,2.384375035762786865e-01,4.660322666168212891e-01,4.139465745538473129e-03,-7.882020436227321625e-03,-1.891374029219150543e-02,3.769898116588592529e-01,2.105728723108768463e-02,1.765881925821304321e-01,5.549768730998039246e-02,7.648075371980667114e-02,1.757932156324386597e-01,1.324181258678436279e-01,1.416937261819839478e-01,4.215315282344818115e-01,4.045877158641815186e-01,1.566591709852218628e-01,4.197639822959899902e-01,1.356280744075775146e-01,1.619065999984741211e-01,7.319345325231552124e-02,-5.195683613419532776e-02
2.318354882299900055e-02,1.017971709370613098e-01,1.199329271912574768e-02,4.119090437889099121e-01,4.793229699134826660e-01,9.999995231628417969e-01,1.286098062992095947e-01,2.140803262591362000e-02,4.766261875629425049e-01,3.131742775440216064e-01,8.837253600358963013e-02,2.791434526443481445e-01,7.844927161931991577e-02,-1.332081272266805172e-03,5.132263153791427612e-02,8.157900720834732056e-02,-1.364064663648605347e-01,-1.967946887016296387e-01,-2.470131777226924896e-02,-7.845380157232284546e-02,-1.550419032573699951e-01,-2.480184584856033325e-01,-1.096552908420562744e-01,-2.361103519797325134e-02,-1.218019053339958191e-01,-9.085859358310699463e-02,-6.766685843467712402e-02,1.345580518245697021e-01,4.000414013862609863e-01,-8.426358550786972046e-02,-2.492164969444274902e-01,-1.744046360254287720e-01,6.364880129694938660e-03,-9.118088334798812866e-02,-3.090759180486202240e-02,-7.271112501621246338e-02,1.047540362924337387e-02,1.082165725529193878e-02,-6.335166096687316895e-02,-4.942226037383079529e-02,6.516215950250625610e-02,5.819416046142578125e-01,5.659524351358413696e-02,2.685559093952178955e-01,1.993313729763031006e-01,2.234980911016464233e-01,-6.313755363225936890e-02,-2.606268525123596191e-01
-2.816802076995372772e-02,1.462404876947402954e-01,2.949737310409545898e-01,3.679065704345703125e-01,1.089773140847682953e-02,1.286098062992095947e-01,9.999994635581970215e-01,-1.488660275936126709e-01,-8.914536982774734497e-02,3.977570831775665283e-01,-8.668325096368789673e-02,2.094308100640773773e-02,2.833871245384216309e-01,-8.621963858604431152e-02,-1.481584757566452026e-01,4.542591050267219543e-02,7.248089909553527832e-01,4.257605373859405518e-01,6.130176782608032227e-01,5.979519486427307129e-01,5.397198796272277832e-01,3.571377694606781006e-01,2.409678250551223755e-01,3.669361472129821777e-01,-1.282071769237518311e-01,2.057608217000961304e-01,-1.778396405279636383e-02,1.805248856544494629e-01,1.444128453731536865e-01,4.433224201202392578e-01,4.611636102199554443e-01,2.826904356479644775e-01,-4.334452375769615173e-02,-1.778258085250854492e-01,-7.393835484981536865e-02,2.922212183475494385e-01,-3.041197080165147781e-03,2.171534113585948944e-03,1.566803306341171265e-01,1.258690059185028076e-01,2.308868020772933960e-01,4.422760009765625000e-01,5.545923709869384766e-01,1.681419275701045990e-02,4.366959035396575928e-01,5.372706651687622070e-01,3.732507526874542236e-01,1.372719705104827881e-01
8.528889715671539307e-02,4.813559353351593018e-02,-2.048831582069396973e-01,-2.001274973154067993e-01,2.003599107265472412e-01,2.140803262591362000e-02,-1.488660275936126709e-01,9.999999403953552246e-01,4.472630321979522705e-01,4.073736071586608887e-02,6.490029692649841309e-01,3.651313483715057373e-01,1.029744446277618408e-01,7.830625176429748535e-01,5.581762790679931641e-01,2.865335941314697266e-01,4.561569169163703918e-02,1.659680604934692383e-01,6.068848073482513428e-02,5.333151295781135559e-02,-2.589465351775288582e-03,2.119265310466289520e-02,-8.980552665889263153e-03,-2.219931781291961670e-01,4.835062921047210693e-01,4.860604647547006607e-03,2.667959630489349365e-01,-1.737521141767501831e-01,-7.908670604228973389e-02,-1.299966126680374146e-01,-3.353394195437431335e-02,-5.165364220738410950e-02,5.777621269226074219e-01,3.010433614253997803e-01,-2.365251258015632629e-02,-1.573016047477722168e-01,7.595676183700561523e-01,2.927403151988983154e-01,7.761620730161666870e-02,-5.237616598606109619e-02,5.090213194489479065e-02,-1.200093999505043030e-01,-1.488558501005172729e-01,2.925690710544586182e-01,-1.684329807758331299e-01,-1.848924756050109863e-01,-1.443472802639007568e-01,-2.483815401792526245e-01
1.279719173908233643e-01,3.374873101711273193e-01,-2.214483022689819336e-01,-5.287240818142890930e-02,5.811914801597595215e-01,4.766261875629425049e-01,-8.914536982774734497e-02,4.472630321979522705e-01,1.000000119209289551e+00,3.175971210002899170e-01,5.306164026260375977e-01,6.713060736656188965e-01,9.860154986381530762e-02,2.428416758775711060e-01,4.958181679248809814e-01,4.236069917678833008e-01,-7.045125961303710938e-02,-9.585414826869964600e-02,1.602918468415737152e-02,5.502590443938970566e-03,-6.451453268527984619e-02,-2.377620935440063477e-01,2.896800450980663300e-02,-1.807900518178939819e-02,9.620712138712406158e-03,-6.671831756830215454e-02,1.992081850767135620e-01,4.091084003448486328e-02,2.194717973470687866e-01,-2.736518085002899170e-01,-2.012846320867538452e-01,-4.654933884739875793e-02,4.504623413085937500e-01,2.195363491773605347e-01,1.563247144222259521e-01,-9.539986029267311096e-03,3.689563572406768799e-01,3.434506356716156006e-01,2.952027916908264160e-01,2.054228037595748901e-01,2.829603850841522217e-01,3.089662790298461914e-01,-1.842610538005828857e-02,6.875413060188293457e-01,1.105621457099914551e-01,1.203341037034988403e-01,4.587760195136070251e-02,-2.959519624710083008e-01
-8.397413045167922974e-02,5.099749565124511719e-01,-9.200065582990646362e-02,7.020084559917449951e-02,2.937104403972625732e-01,3.131742775440216064e-01,3.977570831775665283e-01,4.073736071586608887e-02,3.175971210002899170e-01,1.000000119209289551e+00,-7.157673686742782593e-02,6.614210009574890137e-01,6.700314283370971680e-01,-3.597327694296836853e-02,1.438639760017395020e-01,5.139313936233520508e-01,1.946658492088317871e-01,-1.616616845130920410e-01,3.102146983146667480e-01,3.294147253036499023e-01,3.022277355194091797e-01,-3.679275140166282654e-02,4.419322609901428223e-01,4.017204046249389648e-01,-1.757957637310028076e-01,-1.299384832382202148e-01,2.317129224538803101e-01,-4.208913445472717285e-02,3.418276831507682800e-02,8.828122913837432861e-02,-7.686664164066314697e-02,6.038222834467887878e-02,2.611821293830871582e-01,-7.277344912290573120e-02,1.553415060043334961e-01,4.995204508304595947e-01,1.816514283418655396e-01,2.322707325220108032e-01,5.554027557373046875e-01,4.894545972347259521e-01,4.664553999900817871e-01,7.018654942512512207e-01,5.474143028259277344e-01,4.890991747379302979e-01,6.275297999382019043e-01,7.497135996818542480e-01,3.566376268863677979e-01,1.273829489946365356e-01
4.102063924074172974e-02,-5.556300282478332520e-03,-2.223170697689056396e-01,-1.876176744699478149e-01,1.796628981828689575e-01,8.837253600358963013e-02,-8.668325096368789673e-02,6.490029692649841309e-01,5.306164026260375977e-01,-7.157673686742782593e-02,9.999996423721313477e-01,2.983232736587524414e-01,-1.254947781562805176e-01,4.840569198131561279e-01,5.896642804145812988e-01,1.937783807516098022e-01,5.521447211503982544e-02,2.140537798404693604e-01,2.726166881620883942e-02,1.055027451366186142e-02,-3.650000691413879395e-02,-4.523215070366859436e-02,-1.787768900394439697e-01,-1.834807395935058594e-01,2.693020701408386230e-01,1.112404093146324158e-01,2.122556567192077637e-01,-8.410115540027618408e-02,2.259320579469203949e-02,-1.518747657537460327e-01,1.347579807043075562e-02,5.291928723454475403e-02,4.605368971824645996e-01,4.138621091842651367e-01,4.218495637178421021e-02,-2.336609810590744019e-01,3.924618959426879883e-01,3.654273450374603271e-01,6.124802306294441223e-02,-8.715867251157760620e-02,1.105510368943214417e-01,-1.094997450709342957e-01,-1.560446918010711670e-01,3.378594219684600830e-01,-1.681238561868667603e-01,-1.570586562156677246e-01,-5.190865322947502136e-02,-2.898913025856018066e-01
-1.299624331295490265e-02,5.367334485054016113e-01,-1.954740583896636963e-01,-1.436467170715332031e-01,3.898706734180450439e-01,2.791434526443481445e-01,2.094308100640773773e-02,3.651313483715057373e-01,6.713060736656188965e-01,6.614210009574890137e-01,2.983232736587524414e-01,1.000000357627868652e+00,3.790463209152221680e-01,1.906755268573760986e-01,5.454660654067993164e-01,6.182163357734680176e-01,-6.008362770080566406e-02,-2.598171234130859375e-01,4.470791295170783997e-02,3.254786133766174316e-02,-2.527698175981640816e-03,-2.452024966478347778e-01,2.502517700195312500e-01,1.780872792005538940e-01,-3.254633769392967224e-02,-1.154742538928985596e-01,3.711049258708953857e-01,-7.289935648441314697e-02,4.816462472081184387e-02,-1.685079485177993774e-01,-2.487495541572570801e-01,-5.849794484674930573e-03,5.202320218086242676e-01,2.249087393283843994e-01,3.024287223815917969e-01,2.910279035568237305e-01,4.016092121601104736e-01,4.689141511917114258e-01,5.898085832595825195e-01,4.794817864894866943e-01,3.855043053627014160e-01,4.316946268081665039e-01,1.954619288444519043e-01,7.056005597114562988e-01,3.579466938972473145e-01,4.497323632240295410e-01,2.044656425714492798e-01,-1.341574490070343018e-01
-5.408034846186637878e-02,4.393274188041687012e-01,-2.271223217248916626e-01,-6.002000346779823303e-02,1.776064783334732056e-01,7.844927161931991577e-02,2.833871245384216309e-01,1.029744446277618408e-01,9.860154986381530762e-02,6.700314283370971680e-01,-1.254947781562805176e-01,3.790463209152221680e-01,9.999998211860656738e-01,1.988576166331768036e-02,-3.228304907679557800e-02,5.458721518516540527e-01,2.862332463264465332e-01,7.697074674069881439e-03,4.481452107429504395e-01,4.241547584533691406e-01,3.745251595973968506e-01,8.856828510761260986e-02,6.845879554748535156e-01,3.892739415168762207e-01,5.717318132519721985e-02,-1.401877254247665405e-01,3.055686652660369873e-01,-1.312345862388610840e-01,-2.215197682380676270e-02,1.532434672117233276e-01,2.102471888065338135e-03,-1.982546783983707428e-02,2.266446352005004883e-01,-1.483380347490310669e-01,1.042710840702056885e-01,5.735388994216918945e-01,1.173785403370857239e-01,1.306962370872497559e-01,4.998703598976135254e-01,5.258912444114685059e-01,4.531009495258331299e-01,4.271586537361145020e-01,5.185071229934692383e-01,2.650172412395477295e-01,4.667750597000122070e-01,5.461280941963195801e-01,2.515784204006195068e-01,2.035808563232421875e-01
-1.094142422080039978e-01,-7.464063912630081177e-02,-1.430473774671554565e-01,-7.179545611143112183e-02,1.057338062673807144e-02,-1.332081272266805172e-03,-8.621963858604431152e-02,7.830625176429748535e-01,2.428416758775711060e-01,-3.597327694296836853e-02,4.840569198131561279e-01,1.906755268573760986e-01,1.988576166331768036e-02,9.999997019767761230e-01,3.910088837146759033e-01,6.873654574155807495e-02,5.711457505822181702e-02,2.603063583374023438e-01,9.163430333137512207e-02,1.163720041513442993e-01,6.768825650215148926e-02,1.182514950633049011e-01,-9.094250202178955078e-02,-2.781494855880737305e-01,2.678197622299194336e-01,3.124364092946052551e-02,7.894783467054367065e-02,-2.821481227874755859e-01,-1.607967615127563477e-01,-2.257973328232765198e-02,4.781201854348182678e-02,-2.305122464895248413e-02,2.790005505084991455e-01,2.186713814735412598e-01,-8.336489647626876831e-02,-2.147222608327865601e-01,6.892186999320983887e-01,8.280332386493682861e-02,-9.637801349163055420e-02,-2.189247757196426392e-01,-1.231263056397438049e-01,-1.436791419982910156e-01,-1.174802631139755249e-01,1.062425673007965088e-01,-2.037672847509384155e-01,-2.414415329694747925e-01,-1.973718851804733276e-01,-1.778357625007629395e-01
2.161828987300395966e-02,1.033518388867378235e-01,-1.542752534151077271e-01,-2.688531875610351562e-01,1.167812868952751160e-01,5.132263153791427612e-02,-1.481584757566452026e-01,5.581762790679931641e-01,4.958181679248809814e-01,1.438639760017395020e-01,5.896642804145812988e-01,5.454660654067993164e-01,-3.228304907679557800e-02,3.910088837146759033e-01,1.000000357627868652e+00,3.674705028533935547e-01,-6.448601186275482178e-02,-8.721859753131866455e-02,-2.099232748150825500e-02,-8.478063344955444336e-02,-1.324254125356674194e-01,-2.059698104858398438e-01,-8.622954040765762329e-02,-1.579455584287643433e-01,2.925186157226562500e-01,1.144052576273679733e-02,3.176488876342773438e-01,6.168671324849128723e-02,-4.461257252842187881e-03,-3.906610310077667236e-01,-2.109482884407043457e-01,-4.541704058647155762e-02,4.711156189441680908e-01,4.286023974418640137e-01,1.415107101202011108e-01,-1.141275614500045776e-01,4.783639609813690186e-01,5.996664762496948242e-01,2.379120886325836182e-01,8.616783469915390015e-02,8.399858325719833374e-02,-6.129461154341697693e-02,-1.572583615779876709e-01,3.911068439483642578e-01,-7.375009357929229736e-02,-1.881987974047660828e-02,-7.469246536493301392e-02,-2.911418974399566650e-01
6.708609405905008316e-03,3.932915925979614258e-01,-1.310265064239501953e-01,-2.525077760219573975e-01,1.798126548528671265e-01,8.157900720834732056e-02,4.542591050267219543e-02,2.865335941314697266e-01,4.236069917678833008e-01,5.139313936233520508e-01,1.937783807516098022e-01,6.182163357734680176e-01,5.458721518516540527e-01,6.873654574155807495e-02,3.674705028533935547e-01,9.999997615814208984e-01,3.934636712074279785e-02,-2.190346270799636841e-01,2.092386186122894287e-01,7.113772630691528320e-02,-1.847215183079242706e-02,-2.711425125598907471e-01,5.249952673912048340e-01,1.827011108398437500e-01,4.625725373625755310e-02,-1.591880992054939270e-02,4.129546284675598145e-01,-4.111101850867271423e-02,7.060760632157325745e-03,-1.063456386327743530e-01,-2.413836270570755005e-01,-1.202550008893013000e-01,4.595104753971099854e-01,1.211299598217010498e-01,2.617800533771514893e-01,4.238804280757904053e-01,3.683054745197296143e-01,4.154345095157623291e-01,7.222515344619750977e-01,6.776217222213745117e-01,3.730728924274444580e-01,2.958694994449615479e-01,1.927802562713623047e-01,5.300313234329223633e-01,3.566868305206298828e-01,3.836062252521514893e-01,1.288178563117980957e-01,-8.862985670566558838e-02
1.553888246417045593e-02,1.152417287230491638e-01,1.056305840611457825e-01,1.638768315315246582e-01,-9.312327951192855835e-03,-1.364064663648605347e-01,7.248089909553527832e-01,4.561569169163703918e-02,-7.045125961303710938e-02,1.946658492088317871e-01,5.521447211503982544e-02,-6.008362770080566406e-02,2.862332463264465332e-01,5.711457505822181702e-02,-6.448601186275482178e-02,3.934636712074279785e-02,9.999997615814208984e-01,6.300887465476989746e-01,8.064675927162170410e-01,7.664214968681335449e-01,6.880533099174499512e-01,5.597453713417053223e-01,3.406252562999725342e-01,3.726660311222076416e-01,2.661100961267948151e-02,2.609787285327911377e-01,-3.861437784507870674e-03,7.460529357194900513e-02,6.075073778629302979e-02,3.243136703968048096e-01,5.907328128814697266e-01,3.719621002674102783e-01,3.438909351825714111e-02,-1.628823876380920410e-01,-1.336955726146697998e-01,2.798638641834259033e-01,1.003490686416625977e-01,5.013801273889839649e-04,1.404558867216110229e-01,1.280389726161956787e-01,2.259880453348159790e-01,1.784174442291259766e-01,5.733959674835205078e-01,-1.207217480987310410e-02,3.540452122688293457e-01,3.765239417552947998e-01,3.835522830486297607e-01,8.142010122537612915e-02
1.094079464673995972e-01,-1.054532602429389954e-01,-1.685572974383831024e-02,1.155015528202056885e-01,-4.078767821192741394e-02,-1.967946887016296387e-01,4.257605373859405518e-01,1.659680604934692383e-01,-9.585414826869964600e-02,-1.616616845130920410e-01,2.140537798404693604e-01,-2.598171234130859375e-01,7.697074674069881439e-03,2.603063583374023438e-01,-8.721859753131866455e-02,-2.190346270799636841e-01,6.300887465476989746e-01,1.000000476837158203e+00,4.181420803070068359e-01,5.738384723663330078e-01,5.955787897109985352e-01,7.178413867950439453e-01,3.617705404758453369e-02,1.359653770923614502e-01,1.311607062816619873e-01,1.593351662158966064e-01,-1.160665228962898254e-01,3.744346648454666138e-02,3.612691164016723633e-02,3.436898589134216309e-01,7.689129114151000977e-01,4.263886213302612305e-01,-1.139798201620578766e-02,-8.623287826776504517e-02,-1.324501633644104004e-01,-1.446204539388418198e-02,5.300076678395271301e-02,-1.617712974548339844e-01,-1.268359422683715820e-01,-1.601558476686477661e-01,4.735915362834930420e-02,-1.174548342823982239e-01,2.626888751983642578e-01,-1.671635657548904419e-01,-1.110280677676200867e-02,-6.563081592321395874e-02,1.659748703241348267e-01,2.148510664701461792e-01
-2.706273645162582397e-02,1.923373788595199585e-01,4.753605276346206665e-02,1.704561859369277954e-01,5.739517882466316223e-02,-2.470131777226924896e-02,6.130176782608032227e-01,6.068848073482513428e-02,1.602918468415737152e-02,3.102146983146667480e-01,2.726166881620883942e-02,4.470791295170783997e-02,4.481452107429504395e-01,9.163430333137512207e-02,-2.099232748150825500e-02,2.092386186122894287e-01,8.064675927162170410e-01,4.181420803070068359e-01,9.999994635581970215e-01,7.650399208068847656e-01,6.616937518119812012e-01,4.006921947002410889e-01,4.639586210250854492e-01,3.432914912700653076e-01,-1.799991354346275330e-02,1.854887753725051880e-01,6.864040344953536987e-02,7.565820217132568359e-02,1.074206456542015076e-01,2.423495352268218994e-01,4.069136083126068115e-01,2.697437107563018799e-01,6.916572153568267822e-02,-1.598830074071884155e-01,-7.679578661918640137e-02,3.283106088638305664e-01,1.487146615982055664e-01,6.521213799715042114e-02,2.372099310159683228e-01,2.149652391672134399e-01,2.570504546165466309e-01,2.818751931190490723e-01,6.271339654922485352e-01,8.905819803476333618e-02,4.191713631153106689e-01,4.351085126399993896e-01,3.524037301540374756e-01,1.731191202998161316e-02
1.407196838408708572e-02,1.481699943542480469e-01,7.709352765232324600e-03,1.934836506843566895e-01,5.806048214435577393e-02,-7.845380157232284546e-02,5.979519486427307129e-01,5.333151295781135559e-02,5.502590443938970566e-03,3.294147253036499023e-01,1.055027451366186142e-02,3.254786133766174316e-02,4.241547584533691406e-01,1.163720041513442993e-01,-8.478063344955444336e-02,7.113772630691528320e-02,7.664214968681335449e-01,5.738384723663330078e-01,7.650399208068847656e-01,1.000000119209289551e+00,8.348869085311889648e-01,6.196067929267883301e-01,3.599124252796173096e-01,3.429703116416931152e-01,-2.460403367877006531e-02,8.455165475606918335e-02,-7.281648367643356323e-02,-6.722173094749450684e-02,-1.996028982102870941e-02,2.610659599304199219e-01,5.594253540039062500e-01,3.957275748252868652e-01,-4.105712100863456726e-02,-2.618229687213897705e-01,-1.710645258426666260e-01,2.520387172698974609e-01,6.715865433216094971e-02,-1.336186081171035767e-01,1.396977752447128296e-01,1.319782137870788574e-01,2.214489132165908813e-01,2.461040914058685303e-01,5.697151422500610352e-01,6.081004068255424500e-02,3.281107544898986816e-01,3.612655699253082275e-01,3.859342634677886963e-01,2.364196628332138062e-01
-1.297192275524139404e-02,1.050078868865966797e-01,-6.528032571077346802e-02,1.191881299018859863e-01,5.310575291514396667e-02,-1.550419032573699951e-01,5.397198796272277832e-01,-2.589465351775288582e-03,-6.451453268527984619e-02,3.022277355194091797e-01,-3.650000691413879395e-02,-2.527698175981640816e-03,3.745251595973968506e-01,6.768825650215148926e-02,-1.324254125356674194e-01,-1.847215183079242706e-02,6.880533099174499512e-01,5.955787897109985352e-01,6.616937518119812012e-01,8.348869085311889648e-01,9.999998211860656738e-01,7.210859060287475586e-01,3.150645494461059570e-01,3.716952502727508545e-01,-8.198696374893188477e-02,4.235039651393890381e-02,-1.181480288505554199e-01,-7.066315412521362305e-02,-2.379931509494781494e-02,3.178438842296600342e-01,6.413157582283020020e-01,4.479098320007324219e-01,-4.512333497405052185e-02,-2.527554333209991455e-01,-1.779089421033859253e-01,2.755253911018371582e-01,1.544195413589477539e-02,-1.610314846038818359e-01,1.631813645362854004e-01,1.036098375916481018e-01,2.080159336328506470e-01,1.944038867950439453e-01,5.762989521026611328e-01,9.125431999564170837e-03,3.220908045768737793e-01,3.331356048583984375e-01,4.079104959964752197e-01,3.785648643970489502e-01
8.534449338912963867e-02,-8.686766773462295532e-02,-7.395980507135391235e-02,1.577611714601516724e-01,-3.016716986894607544e-02,-2.480184584856033325e-01,3.571377694606781006e-01,2.119265310466289520e-02,-2.377620935440063477e-01,-3.679275140166282654e-02,-4.523215070366859436e-02,-2.452024966478347778e-01,8.856828510761260986e-02,1.182514950633049011e-01,-2.059698104858398438e-01,-2.711425125598907471e-01,5.597453713417053223e-01,7.178413867950439453e-01,4.006921947002410889e-01,6.196067929267883301e-01,7.210859060287475586e-01,9.999995231628417969e-01,1.490197181701660156e-01,2.878912687301635742e-01,3.277157992124557495e-02,1.098804641515016556e-02,-2.258415371179580688e-01,-8.545287698507308960e-02,-6.549488008022308350e-02,3.361284136772155762e-01,7.785702943801879883e-01,5.669631361961364746e-01,-1.323082596063613892e-01,-2.534190416336059570e-01,-1.967047005891799927e-01,1.262879818677902222e-01,-5.390176922082901001e-02,-3.067651987075805664e-01,-1.051036641001701355e-01,-5.863099545240402222e-02,2.681817486882209778e-02,-5.919315293431282043e-02,3.399182260036468506e-01,-2.161767184734344482e-01,7.628909498453140259e-02,5.509158223867416382e-02,3.097238540649414062e-01,5.153435468673706055e-01
-1.344969496130943298e-03,3.777046203613281250e-01,-1.550454795360565186e-01,-1.073505133390426636e-01,1.622389629483222961e-02,-1.096552908420562744e-01,2.409678250551223755e-01,-8.980552665889263153e-03,2.896800450980663300e-02,4.419322609901428223e-01,-1.787768900394439697e-01,2.502517700195312500e-01,6.845879554748535156e-01,-9.094250202178955078e-02,-8.622954040765762329e-02,5.249952673912048340e-01,3.406252562999725342e-01,3.617705404758453369e-02,4.639586210250854492e-01,3.599124252796173096e-01,3.150645494461059570e-01,1.490197181701660156e-01,1.000000119209289551e+00,5.340732932090759277e-01,5.764659121632575989e-02,-1.144812628626823425e-01,2.202414125204086304e-01,-6.697585433721542358e-02,2.174059301614761353e-02,1.891917437314987183e-01,1.338173002004623413e-01,1.455064266920089722e-01,1.267477720975875854e-01,-2.026519626379013062e-01,1.077097058296203613e-01,7.406449317932128906e-01,9.526878595352172852e-02,3.534928336739540100e-02,4.994781911373138428e-01,6.485359668731689453e-01,4.206832647323608398e-01,2.567927241325378418e-01,5.030255317687988281e-01,2.304194569587707520e-01,4.794738590717315674e-01,4.910303950309753418e-01,4.313156902790069580e-01,2.780844271183013916e-01
1.265346817672252655e-02,4.820343852043151855e-01,-1.541956216096878052e-01,3.479186445474624634e-02,7.288876175880432129e-02,-2.361103519797325134e-02,3.669361472129821777e-01,-2.219931781291961670e-01,-1.807900518178939819e-02,4.017204046249389648e-01,-1.834807395935058594e-01,1.780872792005538940e-01,3.892739415168762207e-01,-2.781494855880737305e-01,-1.579455584287643433e-01,1.827011108398437500e-01,3.726660311222076416e-01,1.359653770923614502e-01,3.432914912700653076e-01,3.429703116416931152e-01,3.716952502727508545e-01,2.878912687301635742e-01,5.340732932090759277e-01,1.000000119209289551e+00,-2.121595293283462524e-01,4.741156473755836487e-02,2.015217244625091553e-01,-2.349884714931249619e-03,1.520702838897705078e-01,3.365579247474670410e-01,4.326895475387573242e-01,5.974702239036560059e-01,1.032932922244071960e-01,-5.813086405396461487e-03,2.294528335332870483e-01,7.405630350112915039e-01,-1.187053546309471130e-01,1.302457451820373535e-01,4.629894196987152100e-01,5.699716806411743164e-01,4.796949625015258789e-01,4.452813267707824707e-01,6.477259397506713867e-01,2.607807219028472900e-01,6.175159215927124023e-01,6.528043150901794434e-01,8.143713474273681641e-01,3.051942288875579834e-01
4.107767939567565918e-01,-1.491699218750000000e-01,5.222474038600921631e-02,-1.134734079241752625e-01,2.507319487631320953e-02,-1.218019053339958191e-01,-1.282071769237518311e-01,4.835062921047210693e-01,9.620712138712406158e-03,-1.757957637310028076e-01,2.693020701408386230e-01,-3.254633769392967224e-02,5.717318132519721985e-02,2.678197622299194336e-01,2.925186157226562500e-01,4.625725373625755310e-02,2.661100961267948151e-02,1.311607062816619873e-01,-1.799991354346275330e-02,-2.460403367877006531e-02,-8.198696374893188477e-02,3.277157992124557495e-02,5.764659121632575989e-02,-2.121595293283462524e-01,9.999997019767761230e-01,-5.517818033695220947e-03,2.739570438861846924e-01,2.073301225900650024e-01,8.095544576644897461e-02,-2.062889747321605682e-02,4.853843525052070618e-02,-1.164707988500595093e-01,3.704408109188079834e-01,2.764101885259151459e-02,-1.297456771135330200e-01,-9.401971846818923950e-02,2.411260753870010376e-01,9.757215529680252075e-02,-1.440481990575790405e-01,-1.303424984216690063e-01,-2.225578390061855316e-02,-2.638832926750183105e-01,-1.977609843015670776e-01,-1.283933520317077637e-01,-2.542696595191955566e-01,-2.724003493785858154e-01,-2.208736389875411987e-01,-9.492314606904983521e-02
-1.015989296138286591e-02,-3.545283153653144836e-02,2.702594101428985596e-01,1.552622467279434204e-01,2.082534693181514740e-02,-9.085859358310699463e-02,2.057608217000961304e-01,4.860604647547006607e-03,-6.671831756830215454e-02,-1.299384832382202148e-01,1.112404093146324158e-01,-1.154742538928985596e-01,-1.401877254247665405e-01,3.124364092946052551e-02,1.144052576273679733e-02,-1.591880992054939270e-02,2.609787285327911377e-01,1.593351662158966064e-01,1.854887753725051880e-01,8.455165475606918335e-02,4.235039651393890381e-02,1.098804641515016556e-02,-1.144812628626823425e-01,4.741156473755836487e-02,-5.517818033695220947e-03,9.999998211860656738e-01,3.817286342382431030e-02,-2.499703317880630493e-02,1.865476071834564209e-01,2.008266448974609375e-01,1.415343433618545532e-01,3.325655683875083923e-02,1.182775124907493591e-01,2.023735344409942627e-01,1.159052997827529907e-01,1.507086679339408875e-02,5.163156986236572266e-02,1.806471496820449829e-01,3.416214510798454285e-02,-1.060509774833917618e-02,4.028237238526344299e-02,-1.033194595947861671e-03,1.004820391535758972e-01,-8.397737145423889160e-02,6.613245606422424316e-02,1.510651898570358753e-03,-9.910542517900466919e-03,-2.295555919408798218e-01
1.200662627816200256e-01,6.060585975646972656e-01,-1.557273268699645996e-01,-2.758300304412841797e-01,8.502925932407379150e-02,-6.766685843467712402e-02,-1.778396405279636383e-02,2.667959630489349365e-01,1.992081850767135620e-01,2.317129224538803101e-01,2.122556567192077637e-01,3.711049258708953857e-01,3.055686652660369873e-01,7.894783467054367065e-02,3.176488876342773438e-01,4.129546284675598145e-01,-3.861437784507870674e-03,-1.160665228962898254e-01,6.864040344953536987e-02,-7.281648367643356323e-02,-1.181480288505554199e-01,-2.258415371179580688e-01,2.202414125204086304e-01,2.015217244625091553e-01,2.739570438861846924e-01,3.817286342382431030e-02,1.000000000000000000e+00,8.918767422437667847e-02,2.077178955078125000e-01,1.894859075546264648e-01,-6.476613134145736694e-02,-2.029698900878429413e-02,6.584857702255249023e-01,4.881395697593688965e-01,5.215272903442382812e-01,2.842469215393066406e-01,2.163760066032409668e-01,6.440113782882690430e-01,5.203918218612670898e-01,3.712605237960815430e-01,4.663079977035522461e-01,1.734053939580917358e-01,1.564996540546417236e-01,4.831621050834655762e-01,2.169736027717590332e-01,2.471175044775009155e-01,7.470712065696716309e-02,-1.431878954172134399e-01
6.023336052894592285e-01,4.679828137159347534e-02,3.426493704319000244e-01,2.804640531539916992e-01,2.384375035762786865e-01,1.345580518245697021e-01,1.805248856544494629e-01,-1.737521141767501831e-01,4.091084003448486328e-02,-4.208913445472717285e-02,-8.410115540027618408e-02,-7.289935648441314697e-02,-1.312345862388610840e-01,-2.821481227874755859e-01,6.168671324849128723e-02,-4.111101850867271423e-02,7.460529357194900513e-02,3.744346648454666138e-02,7.565820217132568359e-02,-6.722173094749450684e-02,-7.066315412521362305e-02,-8.545287698507308960e-02,-6.697585433721542358e-02,-2.349884714931249619e-03,2.073301225900650024e-01,-2.499703317880630493e-02,8.918767422437667847e-02,9.999995231628417969e-01,5.378891229629516602e-01,-1.616507023572921753e-02,8.163617551326751709e-02,-3.020916506648063660e-02,1.124755293130874634e-01,-7.499658316373825073e-02,1.226510182023048401e-01,-2.271052449941635132e-02,-1.856602132320404053e-01,1.116750389337539673e-01,-5.419108644127845764e-02,-3.930241987109184265e-02,1.253168582916259766e-01,9.602810442447662354e-02,3.195079043507575989e-02,-4.798687249422073364e-02,-4.453014582395553589e-02,2.525274083018302917e-02,-9.566075168550014496e-03,-5.609774962067604065e-02
4.732135534286499023e-01,1.766569465398788452e-01,8.381357789039611816e-02,2.519493997097015381e-01,4.660322666168212891e-01,4.000414013862609863e-01,1.444128453731536865e-01,-7.908670604228973389e-02,2.194717973470687866e-01,3.418276831507682800e-02,2.259320579469203949e-02,4.816462472081184387e-02,-2.215197682380676270e-02,-1.607967615127563477e-01,-4.461257252842187881e-03,7.060760632157325745e-03,6.075073778629302979e-02,3.612691164016723633e-02,1.074206456542015076e-01,-1.996028982102870941e-02,-2.379931509494781494e-02,-6.549488008022308350e-02,2.174059301614761353e-02,1.520702838897705078e-01,8.095544576644897461e-02,1.865476071834564209e-01,2.077178955078125000e-01,5.378891229629516602e-01,9.999999403953552246e-01,2.328469455242156982e-01,1.466754227876663208e-01,1.031597051769495010e-02,2.151651680469512939e-01,2.971450053155422211e-02,2.206669300794601440e-01,1.329024881124496460e-01,-1.453539133071899414e-01,1.652602404356002808e-01,1.983729191124439240e-02,6.373825669288635254e-02,2.246732562780380249e-01,3.113559484481811523e-01,1.521121114492416382e-01,1.110492721199989319e-01,1.426563411951065063e-01,1.046086698770523071e-01,6.602411717176437378e-02,-1.070310324430465698e-01
-2.078002551570534706e-03,1.812069863080978394e-01,1.807658672332763672e-01,1.291714459657669067e-01,4.139465745538473129e-03,-8.426358550786972046e-02,4.433224201202392578e-01,-1.299966126680374146e-01,-2.736518085002899170e-01,8.828122913837432861e-02,-1.518747657537460327e-01,-1.685079485177993774e-01,1.532434672117233276e-01,-2.257973328232765198e-02,-3.906610310077667236e-01,-1.063456386327743530e-01,3.243136703968048096e-01,3.436898589134216309e-01,2.423495352268218994e-01,2.610659599304199219e-01,3.178438842296600342e-01,3.361284136772155762e-01,1.891917437314987183e-01,3.365579247474670410e-01,-2.062889747321605682e-02,2.008266448974609375e-01,1.894859075546264648e-01,-1.616507023572921753e-02,2.328469455242156982e-01,9.999999403953552246e-01,5.278229117393493652e-01,2.494444698095321655e-01,2.685672976076602936e-02,3.407520428299903870e-02,1.422758102416992188e-01,3.392132222652435303e-01,-1.058013066649436951e-01,-4.428151622414588928e-02,1.311534792184829712e-01,9.450811892747879028e-02,2.024971246719360352e-01,2.477106750011444092e-01,4.289054870605468750e-01,-6.001568958163261414e-02,3.329857885837554932e-01,2.506997883319854736e-01,2.467639297246932983e-01,2.932687997817993164e-01
1.995508968830108643e-01,1.449720375239849091e-02,2.806100994348526001e-02,1.745603680610656738e-01,-7.882020436227321625e-03,-2.492164969444274902e-01,4.611636102199554443e-01,-3.353394195437431335e-02,-2.012846320867538452e-01,-7.686664164066314697e-02,1.347579807043075562e-02,-2.487495541572570801e-01,2.102471888065338135e-03,4.781201854348182678e-02,-2.109482884407043457e-01,-2.413836270570755005e-01,5.907328128814697266e-01,7.689129114151000977e-01,4.069136083126068115e-01,5.594253540039062500e-01,6.413157582283020020e-01,7.785702943801879883e-01,1.338173002004623413e-01,4.326895475387573242e-01,4.853843525052070618e-02,1.415343433618545532e-01,-6.476613134145736694e-02,8.163617551326751709e-02,1.466754227876663208e-01,5.278229117393493652e-01,9.999999403953552246e-01,6.794555187225341797e-01,-3.593693673610687256e-02,-1.061870977282524109e-01,-5.697710067033767700e-02,2.119075059890747070e-01,-8.917339891195297241e-02,-1.831262707710266113e-01,-2.177285775542259216e-02,-1.855534687638282776e-02,1.222633868455886841e-01,1.522434037178754807e-02,4.040938317775726318e-01,-1.530439108610153198e-01,1.710505336523056030e-01,1.138748303055763245e-01,4.376372396945953369e-01,3.944913446903228760e-01
7.048862427473068237e-02,2.013016045093536377e-01,-1.518248915672302246e-01,9.920509159564971924e-02,-1.891374029219150543e-02,-1.744046360254287720e-01,2.826904356479644775e-01,-5.165364220738410950e-02,-4.654933884739875793e-02,6.038222834467887878e-02,5.291928723454475403e-02,-5.849794484674930573e-03,-1.982546783983707428e-02,-2.305122464895248413e-02,-4.541704058647155762e-02,-1.202550008893013000e-01,3.719621002674102783e-01,4.263886213302612305e-01,2.697437107563018799e-01,3.957275748252868652e-01,4.479098320007324219e-01,5.669631361961364746e-01,1.455064266920089722e-01,5.974702239036560059e-01,-1.164707988500595093e-01,3.325655683875083923e-02,-2.029698900878429413e-02,-3.020916506648063660e-02,1.031597051769495010e-02,2.494444698095321655e-01,6.794555187225341797e-01,9.999997019767761230e-01,-4.062671796418726444e-04,5.412283912301063538e-02,7.982468232512474060e-03,2.918454706668853760e-01,-7.456631213426589966e-02,-3.799236938357353210e-02,1.205102875828742981e-01,1.499368846416473389e-01,2.276113778352737427e-01,1.195233762264251709e-01,4.208976626396179199e-01,9.366118907928466797e-02,2.649734914302825928e-01,2.688335180282592773e-01,6.689167022705078125e-01,3.787820935249328613e-01
