9.999997615814208984e-01,7.040332555770874023e-01,5.266791582107543945e-01,3.864485025405883789e-01,3.455094695091247559e-01,4.737602472305297852e-01,1.930697262287139893e-01,2.399514615535736084e-01,2.167217284440994263e-01,2.991814911365509033e-01,1.721312850713729858e-01,7.521911859512329102e-01,5.309193134307861328e-01,3.017569482326507568e-01,3.038505911827087402e-01,3.935554921627044678e-01,2.629463374614715576e-01,8.710352331399917603e-02,3.209706544876098633e-01,2.730744183063507080e-01,1.682572662830352783e-01
7.040332555770874023e-01,9.999999403953552246e-01,2.605242431163787842e-01,2.396088093519210815e-01,1.750226169824600220e-01,3.226486146450042725e-01,7.490479946136474609e-02,3.468765616416931152e-01,1.962630748748779297e-01,2.477198094129562378e-01,9.391257911920547485e-02,5.728415250778198242e-01,6.717026233673095703e-01,7.296848576515913010e-03,1.836077272891998291e-01,1.585601270198822021e-01,1.983113735914230347e-01,4.109255224466323853e-02,2.602024674415588379e-01,2.398226261138916016e-01,7.903973758220672607e-02
5.266791582107543945e-01,2.605242431163787842e-01,1.000000000000000000e+00,4.474783837795257568e-01,3.972457647323608398e-01,3.265236318111419678e-01,2.922050654888153076e-01,2.763962745666503906e-01,1.170425042510032654e-01,2.980435490608215332e-01,2.729005515575408936e-01,4.815147221088409424e-01,1.521456092596054077e-01,6.945977210998535156e-01,3.532040417194366455e-01,6.904001832008361816e-01,2.087914049625396729e-01,2.862932980060577393e-01,2.572365999221801758e-01,2.804984748363494873e-01,3.233106136322021484e-01
3.864485025405883789e-01,2.396088093519210815e-01,4.474783837795257568e-01,9.999995231628417969e-01,-3.864240273833274841e-02,2.465069890022277832e-01,2.058633565902709961e-01,8.670645952224731445e-02,2.965711355209350586e-01,2.051266431808471680e-01,-1.093484610319137573e-01,4.049805998802185059e-01,1.584044992923736572e-01,3.052175939083099365e-01,7.481510043144226074e-01,2.175823301076889038e-01,1.851005852222442627e-01,5.503987148404121399e-02,2.467365264892578125e-01,1.440659314393997192e-01,-4.113208875060081482e-02
3.455094695091247559e-01,1.750226169824600220e-01,3.972457647323608398e-01,-3.864240273833274841e-02,9.999997615814208984e-01,3.224613964557647705e-01,1.071322858333587646e-01,7.367888092994689941e-02,1.199413985013961792e-01,2.815761566162109375e-01,2.976690828800201416e-01,3.022747933864593506e-01,1.529869437217712402e-01,3.761615455150604248e-01,-3.494831919670104980e-02,4.365922212600708008e-01,2.625314295291900635e-01,1.112981140613555908e-01,2.018000185489654541e-01,1.989081352949142456e-01,2.472376376390457153e-01
4.737602472305297852e-01,3.226486146450042725e-01,3.265236318111419678e-01,2.465069890022277832e-01,3.224613964557647705e-01,1.000000476837158203e+00,3.255797028541564941e-01,2.027699202299118042e-01,-3.946093097329139709e-02,4.675393998622894287e-01,1.945586353540420532e-01,4.287814795970916748e-01,2.510893046855926514e-01,2.176685333251953125e-01,1.869379431009292603e-01,2.643553018569946289e-01,5.012926459312438965e-01,1.747187525033950806e-01,1.736692488193511963e-01,4.104735851287841797e-01,6.804567575454711914e-02
1.930697262287139893e-01,7.490479946136474609e-02,2.922050654888153076e-01,2.058633565902709961e-01,1.071322858333587646e-01,3.255797028541564941e-01,1.000000119209289551e+00,2.157518565654754639e-01,1.379563845694065094e-02,1.144747287034988403e-01,7.204529643058776855e-02,1.987710148096084595e-01,4.859056696295738220e-02,3.195999562740325928e-01,8.735901117324829102e-02,2.705276608467102051e-01,1.807825118303298950e-01,4.278872311115264893e-01,2.700405120849609375e-01,1.799270063638687134e-01,2.092581689357757568e-01
2.399514615535736084e-01,3.468765616416931152e-01,2.763962745666503906e-01,8.670645952224731445e-02,7.367888092994689941e-02,2.027699202299118042e-01,2.157518565654754639e-01,1.000000119209289551e+00,2.672209218144416809e-02,3.387088179588317871e-01,1.104061007499694824e-01,2.284765094518661499e-01,2.976371645927429199e-01,1.487216502428054810e-01,5.363735556602478027e-02,2.597468793392181396e-01,2.330087423324584961e-01,2.676786184310913086e-01,2.360321879386901855e-01,3.337713778018951416e-01,2.035086899995803833e-01
2.167217284440994263e-01,1.962630748748779297e-01,1.170425042510032654e-01,2.965711355209350586e-01,1.199413985013961792e-01,-3.946093097329139709e-02,1.379563845694065094e-02,2.672209218144416809e-02,1.000000119209289551e+00,1.971653550863265991e-01,7.893949002027511597e-02,2.253382354974746704e-01,1.484699845314025879e-01,1.685244739055633545e-01,2.606451809406280518e-01,6.345985829830169678e-02,5.768700316548347473e-02,-6.821691989898681641e-02,4.437931180000305176e-01,2.230413705110549927e-01,9.958844631910324097e-02
2.991814911365509033e-01,2.477198094129562378e-01,2.980435490608215332e-01,2.051266431808471680e-01,2.815761566162109375e-01,4.675393998622894287e-01,1.144747287034988403e-01,3.387088179588317871e-01,1.971653550863265991e-01,9.999998211860656738e-01,1.018829047679901123e-01,3.130009770393371582e-01,2.751742005348205566e-01,2.196512371301651001e-01,2.213506102561950684e-01,1.783010065555572510e-01,3.606303930282592773e-01,3.531097248196601868e-02,2.174110263586044312e-01,5.153173804283142090e-01,3.935091942548751831e-02
1.721312850713729858e-01,9.391257911920547485e-02,2.729005515575408936e-01,-1.093484610319137573e-01,2.976690828800201416e-01,1.945586353540420532e-01,7.204529643058776855e-02,1.104061007499694824e-01,7.893949002027511597e-02,1.018829047679901123e-01,1.000000357627868652e+00,1.202462762594223022e-01,8.144582062959671021e-02,2.941597402095794678e-01,-1.146709322929382324e-01,3.422358632087707520e-01,8.951514214277267456e-02,1.075686365365982056e-01,8.195534348487854004e-02,1.884270012378692627e-01,3.566951453685760498e-01
7.521911859512329102e-01,5.728415250778198242e-01,4.815147221088409424e-01,4.049805998802185059e-01,3.022747933864593506e-01,4.287814795970916748e-01,1.987710148096084595e-01,2.284765094518661499e-01,2.253382354974746704e-01,3.130009770393371582e-01,1.202462762594223022e-01,1.000000119209289551e+00,6.484581828117370605e-01,3.425199985504150391e-01,3.838665783405303955e-01,4.465700387954711914e-01,3.095497786998748779e-01,1.308208405971527100e-01,4.469285905361175537e-01,3.902800381183624268e-01,1.777433305978775024e-01
5.309193134307861328e-01,6.717026233673095703e-01,1.521456092596054077e-01,1.584044992923736572e-01,1.529869437217712402e-01,2.510893046855926514e-01,4.859056696295738220e-02,2.976371645927429199e-01,1.484699845314025879e-01,2.751742005348205566e-01,8.144582062959671021e-02,6.484581828117370605e-01,9.999997615814208984e-01,-6.395679432898759842e-03,2.067471891641616821e-01,1.673791110515594482e-01,2.099721431732177734e-01,5.021127685904502869e-02,3.498588204383850098e-01,3.386440575122833252e-01,4.747041687369346619e-02
3.017569482326507568e-01,7.296848576515913010e-03,6.945977210998535156e-01,3.052175939083099365e-01,3.761615455150604248e-01,2.176685333251953125e-01,3.195999562740325928e-01,1.487216502428054810e-01,1.685244739055633545e-01,2.196512371301651001e-01,2.941597402095794678e-01,3.425199985504150391e-01,-6.395679432898759842e-03,9.999997615814208984e-01,2.846997976303100586e-01,6.866182684898376465e-01,1.050912737846374512e-01,2.738386094570159912e-01,2.247019261121749878e-01,2.474135309457778931e-01,3.437521457672119141e-01
3.038505911827087402e-01,1.836077272891998291e-01,3.532040417194366455e-01,7.481510043144226074e-01,-3.494831919670104980e-02,1.869379431009292603e-01,8.735901117324829102e-02,5.363735556602478027e-02,2.606451809406280518e-01,2.213506102561950684e-01,-1.146709322929382324e-01,3.838665783405303955e-01,2.067471891641616821e-01,2.846997976303100586e-01,1.000000238418579102e+00,1.825568228960037231e-01,1.635773628950119019e-01,-2.039753366261720657e-03,1.991077065467834473e-01,1.994037926197052002e-01,-7.620187103748321533e-02
3.935554921627044678e-01,1.585601270198822021e-01,6.904001832008361816e-01,2.175823301076889038e-01,4.365922212600708008e-01,2.643553018569946289e-01,2.705276608467102051e-01,2.597468793392181396e-01,6.345985829830169678e-02,1.783010065555572510e-01,3.422358632087707520e-01,4.465700387954711914e-01,1.673791110515594482e-01,6.866182684898376465e-01,1.825568228960037231e-01,9.999998211860656738e-01,2.249808311462402344e-01,3.123724758625030518e-01,2.638940811157226562e-01,3.226644098758697510e-01,4.711543023586273193e-01
2.629463374614715576e-01,1.983113735914230347e-01,2.087914049625396729e-01,1.851005852222442627e-01,2.625314295291900635e-01,5.012926459312438965e-01,1.807825118303298950e-01,2.330087423324584961e-01,5.768700316548347473e-02,3.606303930282592773e-01,8.951514214277267456e-02,3.095497786998748779e-01,2.099721431732177734e-01,1.050912737846374512e-01,1.635773628950119019e-01,2.249808311462402344e-01,9.999999403953552246e-01,2.728125154972076416e-01,1.800908744335174561e-01,3.682403564453125000e-01,1.674243062734603882e-01
8.710352331399917603e-02,4.109255224466323853e-02,2.862932980060577393e-01,5.503987148404121399e-02,1.112981140613555908e-01,1.747187525033950806e-01,4.278872311115264893e-01,2.676786184310913086e-01,-6.821691989898681641e-02,3.531097248196601868e-02,1.075686365365982056e-01,1.308208405971527100e-01,5.021127685904502869e-02,2.738386094570159912e-01,-2.039753366261720657e-03,3.123724758625030518e-01,2.728125154972076416e-01,9.999998211860656738e-01,2.363996207714080811e-01,8.818963170051574707e-02,3.143291771411895752e-01
3.209706544876098633e-01,2.602024674415588379e-01,2.572365999221801758e-01,2.467365264892578125e-01,2.018000185489654541e-01,1.736692488193511963e-01,2.700405120849609375e-01,2.360321879386901855e-01,4.437931180000305176e-01,2.174110263586044312e-01,8.195534348487854004e-02,4.469285905361175537e-01,3.498588204383850098e-01,2.247019261121749878e-01,1.991077065467834473e-01,2.638940811157226562e-01,1.800908744335174561e-01,2.363996207714080811e-01,1.000000119209289551e+00,3.266368210315704346e-01,3.104102909564971924e-01
2.730744183063507080e-01,2.398226261138916016e-01,2.804984748363494873e-01,1.440659314393997192e-01,1.989081352949142456e-01,4.104735851287841797e-01,1.799270063638687134e-01,3.337713778018951416e-01,2.230413705110549927e-01,5.153173804283142090e-01,1.884270012378692627e-01,3.902800381183624268e-01,3.386440575122833252e-01,2.474135309457778931e-01,1.994037926197052002e-01,3.226644098758697510e-01,3.682403564453125000e-01,8.818963170051574707e-02,3.266368210315704346e-01,1.000000119209289551e+00,1.197935044765472412e-01
1.682572662830352783e-01,7.903973758220672607e-02,3.233106136322021484e-01,-4.113208875060081482e-02,2.472376376390457153e-01,6.804567575454711914e-02,2.092581689357757568e-01,2.035086899995803833e-01,9.958844631910324097e-02,3.935091942548751831e-02,3.566951453685760498e-01,1.777433305978775024e-01,4.747041687369346619e-02,3.437521457672119141e-01,-7.620187103748321533e-02,4.711543023586273193e-01,1.674243062734603882e-01,3.143291771411895752e-01,3.104102909564971924e-01,1.197935044765472412e-01,9.999998211860656738e-01
