9.999999403953552246e-01,-1.961874030530452728e-02,2.506693303585052490e-01,2.725477218627929688e-01,6.836438775062561035e-01,7.280030101537704468e-02,-3.129977285861968994e-01,3.435274362564086914e-01,8.703495562076568604e-02,3.919678926467895508e-02,1.382586359977722168e-01,5.252514407038688660e-02,1.163343042135238647e-01,7.608293741941452026e-02,9.075663238763809204e-02,2.258023023605346680e-01,-5.761731788516044617e-02,-9.150473773479461670e-02,1.773186624050140381e-01,2.061055451631546021e-01,1.911039352416992188e-01,-4.840769246220588684e-02,1.730132102966308594e-01,-9.480732679367065430e-02,3.050265312194824219e-01,1.199803277850151062e-01,3.724234700202941895e-01,5.948063731193542480e-01,3.153378367424011230e-01,-3.291504085063934326e-01,-2.725939154624938965e-01,-1.046955212950706482e-01,6.398526430130004883e-01,-1.173048987984657288e-01,-2.107926011085510254e-01,-1.487520337104797363e-01,2.906195223331451416e-01,-2.221386879682540894e-02,-2.085150778293609619e-01,1.197668537497520447e-01,5.282510519027709961e-01,-4.944825544953346252e-02,-3.909530043601989746e-01,7.548851519823074341e-02,-2.195574641227722168e-01,-1.942492127418518066e-01,-1.117364838719367981e-01,-1.290174722671508789e-01
-1.961874030530452728e-02,9.999998211860656738e-01,1.430658251047134399e-01,7.792382687330245972e-02,1.497764289379119873e-01,3.129407465457916260e-01,4.119471907615661621e-01,2.779465019702911377e-01,5.961074829101562500e-01,6.858465671539306641e-01,3.993145525455474854e-01,6.740590333938598633e-01,2.695967257022857666e-01,2.432190477848052979e-01,5.385809540748596191e-01,6.340692937374114990e-02,2.724309861660003662e-01,3.798109292984008789e-01,4.229055717587471008e-02,3.048289418220520020e-01,4.452166855335235596e-01,1.095637381076812744e-01,2.466994971036911011e-01,1.321245431900024414e-01,-2.315176874399185181e-01,2.213419228792190552e-01,3.365065455436706543e-01,-9.096314013004302979e-02,8.484157174825668335e-02,3.157789111137390137e-01,3.015866577625274658e-01,-1.787006668746471405e-02,3.012509346008300781e-01,5.489237308502197266e-01,2.871620059013366699e-01,3.393260836601257324e-01,3.175382018089294434e-01,5.172346830368041992e-01,3.805494308471679688e-01,2.545423805713653564e-01,4.961664378643035889e-01,7.335875034332275391e-01,2.123441845178604126e-01,7.107847929000854492e-01,6.359484791755676270e-01,5.494102239608764648e-01,7.162360846996307373e-02,-1.431501843035221100e-02
2.506693303585052490e-01,1.430658251047134399e-01,1.000000357627868652e+00,4.635598659515380859e-01,1.101478636264801025e-01,-1.463476661592721939e-02,2.187963128089904785e-01,-5.687569268047809601e-03,3.948047757148742676e-02,1.934869587421417236e-01,-6.188248842954635620e-02,8.479028940200805664e-02,5.058667436242103577e-02,-2.375853434205055237e-02,6.155195832252502441e-02,3.307656571269035339e-02,3.241106271743774414e-01,1.136843562126159668e-01,2.602153122425079346e-01,2.054437547922134399e-01,1.560950428247451782e-01,2.088637650012969971e-01,7.935298979282379150e-02,-5.934070423245429993e-02,1.164138689637184143e-01,1.837169528007507324e-01,4.828381817787885666e-03,5.049245357513427734e-01,3.671533465385437012e-01,1.261146962642669678e-01,8.595109730958938599e-02,2.648419328033924103e-02,6.548455357551574707e-02,-3.092276118695735931e-02,9.156372398138046265e-03,1.832433789968490601e-01,-6.086751818656921387e-02,-6.979961413890123367e-03,4.227001592516899109e-02,1.663462370634078979e-01,8.009000122547149658e-02,1.029332578182220459e-01,9.492228925228118896e-02,1.354070007801055908e-01,1.251031458377838135e-01,1.870854496955871582e-01,-1.112137138843536377e-01,2.556861937046051025e-02
2.725477218627929688e-01,7.792382687330245972e-02,4.635598659515380859e-01,1.000000357627868652e+00,1.974967867136001587e-01,3.396385014057159424e-01,3.128989040851593018e-01,1.673811674118041992e-01,8.715096116065979004e-02,1.439179927110671997e-01,1.410963684320449829e-01,1.171219628304243088e-02,3.315587043762207031e-01,2.056593745946884155e-01,2.072015404701232910e-02,3.981441557407379150e-01,3.236368596553802490e-01,1.695356369018554688e-01,5.471796169877052307e-02,1.898605525493621826e-01,6.765718013048171997e-02,1.719573885202407837e-01,1.090893149375915527e-01,-1.645229640416800976e-03,4.295945465564727783e-01,1.535800993442535400e-01,9.912639111280441284e-02,4.430794715881347656e-01,3.784831166267395020e-01,9.486015141010284424e-02,1.429932713508605957e-01,-1.374339498579502106e-02,4.805981367826461792e-02,-3.251805156469345093e-02,-2.341087907552719116e-03,1.619999408721923828e-01,-1.214526686817407608e-02,7.601983100175857544e-02,-1.856778189539909363e-02,1.622103154659271240e-01,1.621125936508178711e-01,1.003668233752250671e-01,1.678748279809951782e-01,1.043905541300773621e-01,1.217321455478668213e-01,1.879968196153640747e-01,-6.958629935979843140e-02,1.105342805385589600e-02
6.836438775062561035e-01,1.497764289379119873e-01,1.101478636264801025e-01,1.974967867136001587e-01,9.999998211860656738e-01,2.966066002845764160e-01,-2.474310994148254395e-01,4.793747067451477051e-01,1.313726454973220825e-01,1.718613356351852417e-01,2.274281084537506104e-01,1.739507317543029785e-01,1.334770470857620239e-01,3.056998848915100098e-01,1.950663775205612183e-01,1.285136491060256958e-01,-1.735014468431472778e-01,-1.456240862607955933e-01,1.637101173400878906e-01,3.930332660675048828e-01,4.835146665573120117e-01,7.333412766456604004e-03,1.146735772490501404e-01,-9.995667636394500732e-02,9.447741508483886719e-02,1.072068363428115845e-01,2.384960800409317017e-01,3.550070524215698242e-01,1.166751384735107422e-01,-3.166769146919250488e-01,-2.014596313238143921e-01,-9.034144878387451172e-02,5.257835984230041504e-01,4.071550816297531128e-02,-3.010061681270599365e-01,-2.472830712795257568e-01,3.430093526840209961e-01,-9.951693937182426453e-03,-1.944452822208404541e-01,1.263317018747329712e-01,6.878236532211303711e-01,1.068374887108802795e-01,-4.200938940048217773e-01,1.937103569507598877e-01,-1.252282112836837769e-01,-1.008904874324798584e-01,-7.432531565427780151e-02,-1.101001128554344177e-01
7.280030101537704468e-02,3.129407465457916260e-01,-1.463476661592721939e-02,3.396385014057159424e-01,2.966066002845764160e-01,1.000000238418579102e+00,2.679857611656188965e-01,2.469775080680847168e-01,3.142606914043426514e-01,3.359702825546264648e-01,2.956182360649108887e-01,2.940458655357360840e-01,5.172188282012939453e-01,3.803313076496124268e-01,2.206191569566726685e-01,4.046244621276855469e-01,1.631630957126617432e-01,2.436340898275375366e-01,-9.067159891128540039e-02,6.149194389581680298e-02,2.304743975400924683e-01,6.900007836520671844e-03,1.431336700916290283e-01,4.839221388101577759e-02,-5.079686269164085388e-02,1.653265506029129028e-01,3.165385425090789795e-01,-4.657569155097007751e-02,1.601614430546760559e-02,-2.459965460002422333e-02,1.165360435843467712e-01,-1.453404128551483154e-01,1.549205929040908813e-01,2.554454803466796875e-01,-6.559610366821289062e-02,2.891516499221324921e-02,1.241006702184677124e-01,2.622468173503875732e-01,5.779283866286277771e-02,1.030574813485145569e-01,3.914881050586700439e-01,4.082606434822082520e-01,6.196620315313339233e-02,2.539993822574615479e-01,2.073021233081817627e-01,2.510561645030975342e-01,-2.275823615491390228e-02,-1.281775534152984619e-01
-3.129977285861968994e-01,4.119471907615661621e-01,2.187963128089904785e-01,3.128989040851593018e-01,-2.474310994148254395e-01,2.679857611656188965e-01,1.000000119209289551e+00,2.453201450407505035e-02,3.809510469436645508e-01,4.386251270771026611e-01,3.063528835773468018e-01,3.788866102695465088e-01,1.941692829132080078e-01,1.255358010530471802e-01,3.063076138496398926e-01,1.135018318891525269e-01,5.979155302047729492e-01,5.267059206962585449e-01,5.594445765018463135e-02,2.057233303785324097e-01,2.039891332387924194e-01,2.113547474145889282e-01,3.614576905965805054e-02,5.504911392927169800e-02,8.995332755148410797e-03,1.853138208389282227e-01,-4.261719435453414917e-02,-1.743039190769195557e-01,1.003695204854011536e-01,4.166943728923797607e-01,3.611784577369689941e-01,4.263284057378768921e-02,-9.944445639848709106e-02,3.191853463649749756e-01,3.641317784786224365e-01,3.398526906967163086e-01,5.423804372549057007e-02,3.976152539253234863e-01,4.614043533802032471e-01,1.123851537704467773e-01,-5.904526636004447937e-02,5.241148471832275391e-01,5.961509943008422852e-01,3.323295414447784424e-01,5.455136895179748535e-01,6.083475947380065918e-01,1.814556866884231567e-02,5.956171080470085144e-02
3.435274362564086914e-01,2.779465019702911377e-01,-5.687569268047809601e-03,1.673811674118041992e-01,4.793747067451477051e-01,2.469775080680847168e-01,2.453201450407505035e-02,9.999998211860656738e-01,2.570648491382598877e-01,2.154445797204971313e-01,3.899101912975311279e-01,2.346491366624832153e-01,2.517844140529632568e-01,4.980133473873138428e-01,3.034980297088623047e-01,2.959581613540649414e-01,7.430839538574218750e-02,1.192378401756286621e-01,2.525634169578552246e-01,4.787654876708984375e-01,4.677932858467102051e-01,-3.043809160590171814e-02,2.298744767904281616e-01,3.887642547488212585e-02,1.115375235676765442e-01,1.399760395288467407e-01,2.492085993289947510e-01,5.168015137314796448e-02,4.496452212333679199e-02,-5.690148472785949707e-02,-2.093009091913700104e-02,-2.962698228657245636e-02,5.015596151351928711e-01,2.512727379798889160e-01,-1.155887916684150696e-02,-2.445565536618232727e-02,6.653519868850708008e-01,2.301751077175140381e-01,7.371753454208374023e-02,1.617927253246307373e-01,4.453420639038085938e-01,2.197500318288803101e-01,-4.861357435584068298e-02,2.882813811302185059e-01,1.336353570222854614e-01,1.491777598857879639e-01,5.347399413585662842e-02,-1.354566402733325958e-02
8.703495562076568604e-02,5.961074829101562500e-01,3.948047757148742676e-02,8.715096116065979004e-02,1.313726454973220825e-01,3.142606914043426514e-01,3.809510469436645508e-01,2.570648491382598877e-01,9.999998211860656738e-01,6.519321799278259277e-01,7.199720740318298340e-01,7.425431609153747559e-01,2.834974825382232666e-01,3.365740180015563965e-01,6.639352440834045410e-01,1.579921990633010864e-01,2.540526688098907471e-01,3.875417411327362061e-01,-4.284676536917686462e-02,9.738101810216903687e-02,2.440816164016723633e-01,4.320557042956352234e-02,2.899921238422393799e-01,1.430894732475280762e-01,1.652913726866245270e-02,2.741877734661102295e-01,2.843773066997528076e-01,-1.969765312969684601e-02,9.521748870611190796e-02,6.096425652503967285e-02,2.190749645233154297e-01,1.645937375724315643e-02,3.480040132999420166e-01,3.820026516914367676e-01,2.361406087875366211e-01,2.445161938667297363e-01,2.669155895709991455e-01,6.302371621131896973e-01,3.795002400875091553e-01,2.984112799167633057e-01,3.264186382293701172e-01,6.655636429786682129e-01,1.659112870693206787e-01,7.463324666023254395e-01,4.778979420661926270e-01,4.741794168949127197e-01,1.026622876524925232e-01,-2.943683415651321411e-02
3.919678926467895508e-02,6.858465671539306641e-01,1.934869587421417236e-01,1.439179927110671997e-01,1.718613356351852417e-01,3.359702825546264648e-01,4.386251270771026611e-01,2.154445797204971313e-01,6.519321799278259277e-01,9.999995231628417969e-01,5.233033895492553711e-01,7.738265991210937500e-01,3.159816563129425049e-01,3.375693559646606445e-01,6.906625032424926758e-01,1.161202639341354370e-01,3.564414680004119873e-01,3.460033237934112549e-01,1.193902194499969482e-01,3.495770692825317383e-01,4.241598546504974365e-01,1.233705207705497742e-01,2.197764217853546143e-01,1.128906011581420898e-01,-1.186496987938880920e-01,2.680682241916656494e-01,1.843372285366058350e-01,-2.236739732325077057e-02,6.251137703657150269e-02,8.712635934352874756e-02,1.787915378808975220e-01,-6.673815194517374039e-03,2.246327102184295654e-01,3.954111635684967041e-01,1.978903263807296753e-01,2.631163597106933594e-01,2.238321751356124878e-01,6.596779227256774902e-01,2.838765382766723633e-01,2.406388968229293823e-01,3.731514215469360352e-01,7.882596850395202637e-01,2.286173701286315918e-01,6.586546301841735840e-01,7.081967592239379883e-01,7.087997198104858398e-01,3.429884091019630432e-02,-1.227355096489191055e-02
1.382586359977722168e-01,3.993145525455474854e-01,-6.188248842954635620e-02,1.410963684320449829e-01,2.274281084537506104e-01,2.956182360649108887e-01,3.063528835773468018e-01,3.899101912975311279e-01,7.199720740318298340e-01,5.233033895492553711e-01,1.000000238418579102e+00,6.341462731361389160e-01,3.108996450901031494e-01,4.858542382717132568e-01,7.032277584075927734e-01,1.450808197259902954e-01,2.353492230176925659e-01,3.078334629535675049e-01,-5.388744175434112549e-02,1.360512822866439819e-01,2.004989385604858398e-01,-1.272555440664291382e-03,3.310902714729309082e-01,1.640577912330627441e-01,1.687012314796447754e-01,2.075638025999069214e-01,1.761118173599243164e-01,-2.494324184954166412e-02,3.454896854236721992e-03,-9.533031284809112549e-02,1.248268187046051025e-01,5.698227509856224060e-02,4.097997248172760010e-01,3.191103935241699219e-01,1.163393035531044006e-01,1.611400693655014038e-01,3.577145636081695557e-01,6.349204778671264648e-01,1.726001948118209839e-01,2.550426721572875977e-01,3.601569831371307373e-01,4.939759075641632080e-01,4.018679261207580566e-02,6.044321656227111816e-01,3.673566579818725586e-01,3.435050249099731445e-01,1.451925933361053467e-01,2.399438805878162384e-02
5.252514407038688660e-02,6.740590333938598633e-01,8.479028940200805664e-02,1.171219628304243088e-02,1.739507317543029785e-01,2.940458655357360840e-01,3.788866102695465088e-01,2.346491366624832153e-01,7.425431609153747559e-01,7.738265991210937500e-01,6.341462731361389160e-01,9.999995827674865723e-01,2.480332702398300171e-01,2.870575487613677979e-01,7.813171744346618652e-01,1.322352439165115356e-01,2.896212637424468994e-01,3.698098957538604736e-01,6.042958050966262817e-02,2.496428191661834717e-01,3.918832540512084961e-01,2.240684628486633301e-02,2.817721962928771973e-01,1.052122190594673157e-01,-1.567565947771072388e-01,2.750085592269897461e-01,2.811807692050933838e-01,-5.536863207817077637e-02,5.301874503493309021e-02,8.794014155864715576e-02,1.735970526933670044e-01,-4.071686416864395142e-02,3.717006742954254150e-01,5.021579265594482422e-01,2.337880432605743408e-01,2.001450955867767334e-01,3.172364532947540283e-01,6.964480876922607422e-01,3.191619217395782471e-01,2.447126209735870361e-01,3.535291254520416260e-01,7.553381919860839844e-01,1.386948227882385254e-01,7.166931033134460449e-01,5.458339452743530273e-01,5.436425805091857910e-01,8.366861194372177124e-02,-1.001867428421974182e-01
1.163343042135238647e-01,2.695967257022857666e-01,5.058667436242103577e-02,3.315587043762207031e-01,1.334770470857620239e-01,5.172188282012939453e-01,1.941692829132080078e-01,2.517844140529632568e-01,2.834974825382232666e-01,3.159816563129425049e-01,3.108996450901031494e-01,2.480332702398300171e-01,9.999999403953552246e-01,2.681879699230194092e-01,2.072604149580001831e-01,6.580435037612915039e-01,3.494024276733398438e-01,2.221934944391250610e-01,-1.924704946577548981e-02,3.029682487249374390e-02,1.216247603297233582e-01,-1.820966303348541260e-01,5.663038492202758789e-01,1.000122725963592529e-01,7.671156525611877441e-02,1.621631979942321777e-01,2.162956893444061279e-01,1.052878051996231079e-01,1.425404697656631470e-01,-3.635108098387718201e-02,3.701566532254219055e-02,-1.438466757535934448e-01,2.263306975364685059e-01,2.628899216651916504e-01,2.738660387694835663e-02,2.263418436050415039e-01,1.819019913673400879e-01,2.959589660167694092e-01,2.645673975348472595e-02,1.623810380697250366e-01,3.687463104724884033e-01,2.825560271739959717e-01,6.586064398288726807e-02,2.456844747066497803e-01,2.780939936637878418e-01,2.435069829225540161e-01,-1.038926886394619942e-03,-2.162117809057235718e-01
7.608293741941452026e-02,2.432190477848052979e-01,-2.375853434205055237e-02,2.056593745946884155e-01,3.056998848915100098e-01,3.803313076496124268e-01,1.255358010530471802e-01,4.980133473873138428e-01,3.365740180015563965e-01,3.375693559646606445e-01,4.858542382717132568e-01,2.870575487613677979e-01,2.681879699230194092e-01,1.000000596046447754e+00,3.505024015903472900e-01,1.697715073823928833e-01,4.414504021406173706e-02,8.101648837327957153e-02,-3.132589906454086304e-02,2.250670939683914185e-01,2.412799745798110962e-01,-2.660504728555679321e-02,1.413302421569824219e-01,1.312915980815887451e-01,7.025163620710372925e-02,1.633900403976440430e-01,5.059235915541648865e-02,-3.271408006548881531e-02,-2.894769422709941864e-02,-1.247501969337463379e-01,5.189953371882438660e-02,-7.208327297121286392e-03,1.663635820150375366e-01,9.533866494894027710e-02,-4.397185519337654114e-02,-2.570325275883078575e-03,3.844170570373535156e-01,2.722124457359313965e-01,1.707493094727396965e-03,1.771357208490371704e-01,3.124628067016601562e-01,3.080834150314331055e-01,-7.569533586502075195e-02,3.191880285739898682e-01,2.145141512155532837e-01,2.609089016914367676e-01,9.052771329879760742e-02,2.345227822661399841e-02
9.075663238763809204e-02,5.385809540748596191e-01,6.155195832252502441e-02,2.072015404701232910e-02,1.950663775205612183e-01,2.206191569566726685e-01,3.063076138496398926e-01,3.034980297088623047e-01,6.639352440834045410e-01,6.906625032424926758e-01,7.032277584075927734e-01,7.813171744346618652e-01,2.072604149580001831e-01,3.505024015903472900e-01,9.999998211860656738e-01,9.157709777355194092e-02,2.473234236240386963e-01,3.277594745159149170e-01,1.622119098901748657e-01,2.903907895088195801e-01,3.812337219715118408e-01,9.548832476139068604e-02,2.850073277950286865e-01,1.053067892789840698e-01,-5.525068193674087524e-02,2.610308229923248291e-01,2.817052006721496582e-01,-5.094876885414123535e-02,2.138935960829257965e-02,2.597790397703647614e-02,1.585458070039749146e-01,3.219029307365417480e-02,4.129521250724792480e-01,4.655632674694061279e-01,2.353474497795104980e-01,1.506922394037246704e-01,3.963903784751892090e-01,7.962538003921508789e-01,2.949550449848175049e-01,2.607471346855163574e-01,3.532657325267791748e-01,6.342200040817260742e-01,5.105729773640632629e-02,6.489369869232177734e-01,4.891342818737030029e-01,4.632501900196075439e-01,6.872476637363433838e-02,-5.822908505797386169e-02
2.258023023605346680e-01,6.340692937374114990e-02,3.307656571269035339e-02,3.981441557407379150e-01,1.285136491060256958e-01,4.046244621276855469e-01,1.135018318891525269e-01,2.959581613540649414e-01,1.579921990633010864e-01,1.161202639341354370e-01,1.450808197259902954e-01,1.322352439165115356e-01,6.580435037612915039e-01,1.697715073823928833e-01,9.157709777355194092e-02,1.000000357627868652e+00,2.767224609851837158e-01,1.703287363052368164e-01,5.676888301968574524e-02,7.510020583868026733e-02,1.310171838849782944e-02,-9.774313122034072876e-02,3.876295983791351318e-01,8.506864309310913086e-02,2.987716495990753174e-01,1.194504648447036743e-01,2.705750763416290283e-01,2.149975895881652832e-01,2.073269486427307129e-01,-2.355909720063209534e-02,-2.975212037563323975e-02,-1.137272566556930542e-01,2.254560291767120361e-01,8.622695505619049072e-02,4.691895842552185059e-02,1.135582625865936279e-01,2.106919586658477783e-01,1.918723285198211670e-01,4.823609441518783569e-02,1.703163236379623413e-01,1.873855441808700562e-01,1.727006584405899048e-01,9.369461238384246826e-02,7.332891970872879028e-02,1.384831815958023071e-01,1.357050538063049316e-01,1.178188063204288483e-02,-1.236554533243179321e-01
-5.761731788516044617e-02,2.724309861660003662e-01,3.241106271743774414e-01,3.236368596553802490e-01,-1.735014468431472778e-01,1.631630957126617432e-01,5.979155302047729492e-01,7.430839538574218750e-02,2.540526688098907471e-01,3.564414680004119873e-01,2.353492230176925659e-01,2.896212637424468994e-01,3.494024276733398438e-01,4.414504021406173706e-02,2.473234236240386963e-01,2.767224609851837158e-01,1.000000476837158203e+00,5.599387288093566895e-01,3.606503903865814209e-01,2.681469917297363281e-01,1.293570548295974731e-01,2.046727091073989868e-01,3.191054761409759521e-01,1.251500546932220459e-01,1.972001492977142334e-01,1.669361889362335205e-01,5.298653990030288696e-02,7.929636538028717041e-02,2.203408181667327881e-01,3.017373681068420410e-01,2.817839682102203369e-01,8.029741793870925903e-02,5.351176112890243530e-02,2.928662300109863281e-01,3.181195855140686035e-01,3.706099092960357666e-01,8.515284210443496704e-02,3.490052223205566406e-01,3.176634311676025391e-01,2.264608442783355713e-01,-1.266680099070072174e-02,3.643635809421539307e-01,5.046187639236450195e-01,2.990688085556030273e-01,3.984431624412536621e-01,4.417334794998168945e-01,5.860721319913864136e-02,4.201285913586616516e-02
-9.150473773479461670e-02,3.798109292984008789e-01,1.136843562126159668e-01,1.695356369018554688e-01,-1.456240862607955933e-01,2.436340898275375366e-01,5.267059206962585449e-01,1.192378401756286621e-01,3.875417411327362061e-01,3.460033237934112549e-01,3.078334629535675049e-01,3.698098957538604736e-01,2.221934944391250610e-01,8.101648837327957153e-02,3.277594745159149170e-01,1.703287363052368164e-01,5.599387288093566895e-01,1.000000119209289551e+00,1.115504726767539978e-01,1.775325536727905273e-01,1.956402957439422607e-01,3.612106144428253174e-01,3.220190107822418213e-01,2.317547500133514404e-01,-1.680548116564750671e-02,2.252344936132431030e-01,2.815958559513092041e-01,-9.689988940954208374e-02,2.243541479110717773e-01,3.844649195671081543e-01,5.100382566452026367e-01,1.733421683311462402e-01,1.751028299331665039e-01,4.258954226970672607e-01,3.671844899654388428e-01,4.190126955509185791e-01,2.043900936841964722e-01,4.494386613368988037e-01,4.048168659210205078e-01,3.608177304267883301e-01,5.437550693750381470e-02,3.872302472591400146e-01,4.048635661602020264e-01,3.768032789230346680e-01,3.766758739948272705e-01,4.316363334655761719e-01,1.381685882806777954e-01,9.514942020177841187e-02
1.773186624050140381e-01,4.229055717587471008e-02,2.602153122425079346e-01,5.471796169877052307e-02,1.637101173400878906e-01,-9.067159891128540039e-02,5.594445765018463135e-02,2.525634169578552246e-01,-4.284676536917686462e-02,1.193902194499969482e-01,-5.388744175434112549e-02,6.042958050966262817e-02,-1.924704946577548981e-02,-3.132589906454086304e-02,1.622119098901748657e-01,5.676888301968574524e-02,3.606503903865814209e-01,1.115504726767539978e-01,9.999997019767761230e-01,6.113802790641784668e-01,4.345467388629913330e-01,3.051922023296356201e-01,8.198463916778564453e-02,-4.024175927042961121e-02,3.548153117299079895e-02,3.911489620804786682e-02,4.845550283789634705e-02,1.909194588661193848e-01,8.018512278795242310e-02,1.069091558456420898e-01,3.940329328179359436e-02,9.622789919376373291e-02,1.125888526439666748e-01,5.226023495197296143e-02,1.685598939657211304e-01,7.015620917081832886e-02,2.446656972169876099e-01,1.354815214872360229e-01,1.711078584194183350e-01,2.003420591354370117e-01,5.420995876193046570e-02,1.019576713442802429e-01,1.683482676744461060e-01,4.422983527183532715e-02,8.952907472848892212e-02,1.827134639024734497e-01,-5.507415533065795898e-02,1.042057126760482788e-01
2.061055451631546021e-01,3.048289418220520020e-01,2.054437547922134399e-01,1.898605525493621826e-01,3.930332660675048828e-01,6.149194389581680298e-02,2.057233303785324097e-01,4.787654876708984375e-01,9.738101810216903687e-02,3.495770692825317383e-01,1.360512822866439819e-01,2.496428191661834717e-01,3.029682487249374390e-02,2.250670939683914185e-01,2.903907895088195801e-01,7.510020583868026733e-02,2.681469917297363281e-01,1.775325536727905273e-01,6.113802790641784668e-01,1.000000119209289551e+00,7.144862413406372070e-01,3.398040831089019775e-01,-2.429621666669845581e-02,-1.178695261478424072e-01,1.795393042266368866e-02,1.591055095195770264e-01,2.393390610814094543e-02,3.854208812117576599e-02,-1.494924630969762802e-02,1.170862242579460144e-01,2.117164991796016693e-02,-2.688360027968883514e-02,2.000853419303894043e-01,1.653083562850952148e-01,1.217240691184997559e-01,-1.827119500376284122e-03,3.813946843147277832e-01,2.525258958339691162e-01,2.240686565637588501e-01,1.942429244518280029e-01,2.566446959972381592e-01,2.977558076381683350e-01,1.745678186416625977e-01,2.085361927747726440e-01,2.450316399335861206e-01,3.668435215950012207e-01,-1.218021959066390991e-01,9.115859121084213257e-02
1.911039352416992188e-01,4.452166855335235596e-01,1.560950428247451782e-01,6.765718013048171997e-02,4.835146665573120117e-01,2.304743975400924683e-01,2.039891332387924194e-01,4.677932858467102051e-01,2.440816164016723633e-01,4.241598546504974365e-01,2.004989385604858398e-01,3.918832540512084961e-01,1.216247603297233582e-01,2.412799745798110962e-01,3.812337219715118408e-01,1.310171838849782944e-02,1.293570548295974731e-01,1.956402957439422607e-01,4.345467388629913330e-01,7.144862413406372070e-01,9.999997019767761230e-01,2.228299528360366821e-01,1.342015713453292847e-01,-1.305029243230819702e-01,-2.459807693958282471e-01,1.487188041210174561e-01,1.508256942033767700e-01,-3.496496006846427917e-03,4.069239273667335510e-02,1.517763733863830566e-01,6.833326071500778198e-02,-1.589274108409881592e-01,3.107033073902130127e-01,3.871631026268005371e-01,7.824464142322540283e-02,-8.626919239759445190e-03,4.094140231609344482e-01,3.130016922950744629e-01,2.717492878437042236e-01,1.751700490713119507e-01,4.181774556636810303e-01,4.045904576778411865e-01,6.160268187522888184e-02,3.508405983448028564e-01,2.441397309303283691e-01,3.424223363399505615e-01,-1.271298676729202271e-01,-8.242645114660263062e-02
-4.840769246220588684e-02,1.095637381076812744e-01,2.088637650012969971e-01,1.719573885202407837e-01,7.333412766456604004e-03,6.900007836520671844e-03,2.113547474145889282e-01,-3.043809160590171814e-02,4.320557042956352234e-02,1.233705207705497742e-01,-1.272555440664291382e-03,2.240684628486633301e-02,-1.820966303348541260e-01,-2.660504728555679321e-02,9.548832476139068604e-02,-9.774313122034072876e-02,2.046727091073989868e-01,3.612106144428253174e-01,3.051922023296356201e-01,3.398040831089019775e-01,2.228299528360366821e-01,9.999997019767761230e-01,-5.385071039199829102e-03,7.726762443780899048e-02,1.004586741328239441e-01,4.918074607849121094e-02,-3.624981269240379333e-02,2.346721664071083069e-02,9.815132617950439453e-02,2.959689497947692871e-01,4.784292876720428467e-01,3.870421946048736572e-01,-1.294391602277755737e-01,2.293010428547859192e-02,1.604233384132385254e-01,2.121017128229141235e-01,-6.268900632858276367e-02,1.308271288871765137e-01,2.978554964065551758e-01,4.012613892555236816e-01,-8.656401187181472778e-02,8.168084919452667236e-02,2.779320478439331055e-01,1.113816276192665100e-01,1.621325016021728516e-01,2.288340032100677490e-01,2.117186971008777618e-02,5.167583823204040527e-01
1.730132102966308594e-01,2.466994971036911011e-01,7.935298979282379150e-02,1.090893149375915527e-01,1.146735772490501404e-01,1.431336700916290283e-01,3.614576905965805054e-02,2.298744767904281616e-01,2.899921238422393799e-01,2.197764217853546143e-01,3.310902714729309082e-01,2.817721962928771973e-01,5.663038492202758789e-01,1.413302421569824219e-01,2.850073277950286865e-01,3.876295983791351318e-01,3.191054761409759521e-01,3.220190107822418213e-01,8.198463916778564453e-02,-2.429621666669845581e-02,1.342015713453292847e-01,-5.385071039199829102e-03,9.999996423721313477e-01,4.048646390438079834e-01,2.100167423486709595e-02,1.795635074377059937e-01,2.848926186561584473e-01,1.760678738355636597e-01,3.013677895069122314e-01,5.760884657502174377e-02,2.846696376800537109e-01,1.502007693052291870e-01,3.955579698085784912e-01,3.705960810184478760e-01,4.525862634181976318e-02,4.305196702480316162e-01,2.814688384532928467e-01,3.563395440578460693e-01,1.493455767631530762e-01,4.984756112098693848e-01,2.980138361454010010e-01,2.012418806552886963e-01,-3.710577031597495079e-03,3.456149995326995850e-01,1.776550710201263428e-01,1.087285354733467102e-01,2.851553559303283691e-01,-4.154123365879058838e-03
-9.480732679367065430e-02,1.321245431900024414e-01,-5.934070423245429993e-02,-1.645229640416800976e-03,-9.995667636394500732e-02,4.839221388101577759e-02,5.504911392927169800e-02,3.887642547488212585e-02,1.430894732475280762e-01,1.128906011581420898e-01,1.640577912330627441e-01,1.052122190594673157e-01,1.000122725963592529e-01,1.312915980815887451e-01,1.053067892789840698e-01,8.506864309310913086e-02,1.251500546932220459e-01,2.317547500133514404e-01,-4.024175927042961121e-02,-1.178695261478424072e-01,-1.305029243230819702e-01,7.726762443780899048e-02,4.048646390438079834e-01,1.000000119209289551e+00,1.166088432073593140e-01,8.050902187824249268e-02,2.074297070503234863e-01,7.612310349941253662e-03,2.284530252218246460e-01,1.882651746273040771e-01,5.729289650917053223e-01,6.264550685882568359e-01,1.108097136020660400e-01,1.212889850139617920e-01,9.707712382078170776e-02,5.732383131980895996e-01,5.282295122742652893e-02,2.026380747556686401e-01,1.263151913881301880e-01,4.401573836803436279e-01,3.627768903970718384e-02,1.342941671609878540e-01,1.291720122098922729e-01,1.602007299661636353e-01,1.789740920066833496e-01,1.714491844177246094e-01,8.366513252258300781e-01,4.193699657917022705e-01
3.050265312194824219e-01,-2.315176874399185181e-01,1.164138689637184143e-01,4.295945465564727783e-01,9.447741508483886719e-02,-5.079686269164085388e-02,8.995332755148410797e-03,1.115375235676765442e-01,1.652913726866245270e-02,-1.186496987938880920e-01,1.687012314796447754e-01,-1.567565947771072388e-01,7.671156525611877441e-02,7.025163620710372925e-02,-5.525068193674087524e-02,2.987716495990753174e-01,1.972001492977142334e-01,-1.680548116564750671e-02,3.548153117299079895e-02,1.795393042266368866e-02,-2.459807693958282471e-01,1.004586741328239441e-01,2.100167423486709595e-02,1.166088432073593140e-01,1.000000357627868652e+00,-5.526190623641014099e-02,4.971216246485710144e-02,4.544682204723358154e-01,3.054336607456207275e-01,-4.472897946834564209e-02,-3.201398253440856934e-02,1.847544163465499878e-01,2.750756964087486267e-02,-3.159850537776947021e-01,-1.698478125035762787e-02,5.822649225592613220e-02,-1.116610392928123474e-01,-4.187272116541862488e-02,-1.906099021434783936e-01,-2.723200246691703796e-02,-5.394424870610237122e-02,-1.417605429887771606e-01,1.773869544267654419e-01,-7.935795933008193970e-02,-4.959485679864883423e-02,-4.025936871767044067e-02,1.381529271602630615e-01,1.897815167903900146e-01
1.199803277850151062e-01,2.213419228792190552e-01,1.837169528007507324e-01,1.535800993442535400e-01,1.072068363428115845e-01,1.653265506029129028e-01,1.853138208389282227e-01,1.399760395288467407e-01,2.741877734661102295e-01,2.680682241916656494e-01,2.075638025999069214e-01,2.750085592269897461e-01,1.621631979942321777e-01,1.633900403976440430e-01,2.610308229923248291e-01,1.194504648447036743e-01,1.669361889362335205e-01,2.252344936132431030e-01,3.911489620804786682e-02,1.591055095195770264e-01,1.487188041210174561e-01,4.918074607849121094e-02,1.795635074377059937e-01,8.050902187824249268e-02,-5.526190623641014099e-02,1.000000476837158203e+00,1.232871636748313904e-01,-5.194763839244842529e-02,1.262016147375106812e-01,-5.278588086366653442e-02,9.629226475954055786e-02,-2.936893142759799957e-02,2.450149059295654297e-01,1.528107374906539917e-01,1.326903998851776123e-01,1.702838689088821411e-01,2.348155230283737183e-01,2.723563015460968018e-01,2.505892217159271240e-01,2.214461266994476318e-01,1.807060688734054565e-01,3.073062598705291748e-01,3.292139992117881775e-02,2.730746865272521973e-01,1.578012704849243164e-01,2.364903390407562256e-01,2.246343530714511871e-03,-7.284217514097690582e-03
3.724234700202941895e-01,3.365065455436706543e-01,4.828381817787885666e-03,9.912639111280441284e-02,2.384960800409317017e-01,3.165385425090789795e-01,-4.261719435453414917e-02,2.492085993289947510e-01,2.843773066997528076e-01,1.843372285366058350e-01,1.761118173599243164e-01,2.811807692050933838e-01,2.162956893444061279e-01,5.059235915541648865e-02,2.817052006721496582e-01,2.705750763416290283e-01,5.298653990030288696e-02,2.815958559513092041e-01,4.845550283789634705e-02,2.393390610814094543e-02,1.508256942033767700e-01,-3.624981269240379333e-02,2.848926186561584473e-01,2.074297070503234863e-01,4.971216246485710144e-02,1.232871636748313904e-01,9.999998211860656738e-01,2.645991146564483643e-01,3.519167304039001465e-01,1.228089258074760437e-01,1.929031163454055786e-01,7.465726137161254883e-02,5.804044008255004883e-01,3.257412612438201904e-01,8.736941963434219360e-02,1.087321862578392029e-01,3.002088069915771484e-01,3.030550181865692139e-01,8.487879484891891479e-02,1.600639224052429199e-01,4.215582609176635742e-01,2.182280868291854858e-01,-1.261651813983917236e-01,2.317105978727340698e-01,2.116696909070014954e-02,3.599960356950759888e-02,1.542222648859024048e-01,-1.370664983987808228e-01
5.948063731193542480e-01,-9.096314013004302979e-02,5.049245357513427734e-01,4.430794715881347656e-01,3.550070524215698242e-01,-4.657569155097007751e-02,-1.743039190769195557e-01,5.168015137314796448e-02,-1.969765312969684601e-02,-2.236739732325077057e-02,-2.494324184954166412e-02,-5.536863207817077637e-02,1.052878051996231079e-01,-3.271408006548881531e-02,-5.094876885414123535e-02,2.149975895881652832e-01,7.929636538028717041e-02,-9.689988940954208374e-02,1.909194588661193848e-01,3.854208812117576599e-02,-3.496496006846427917e-03,2.346721664071083069e-02,1.760678738355636597e-01,7.612310349941253662e-03,4.544682204723358154e-01,-5.194763839244842529e-02,2.645991146564483643e-01,9.999997615814208984e-01,5.434989929199218750e-01,-7.907635718584060669e-02,-5.229139328002929688e-02,4.334274306893348694e-02,2.239608317613601685e-01,-2.284846901893615723e-01,-1.427101939916610718e-01,5.560400336980819702e-02,-6.439938396215438843e-02,-1.428403258323669434e-01,-2.614274322986602783e-01,8.015206456184387207e-02,2.272525578737258911e-01,-1.168873310089111328e-01,-1.624287664890289307e-01,-6.709528155624866486e-03,-1.250683367252349854e-01,-1.177555099129676819e-01,4.489417769946157932e-04,-6.969472020864486694e-02
3.153378367424011230e-01,8.484157174825668335e-02,3.671533465385437012e-01,3.784831166267395020e-01,1.166751384735107422e-01,1.601614430546760559e-02,1.003695204854011536e-01,4.496452212333679199e-02,9.521748870611190796e-02,6.251137703657150269e-02,3.454896854236721992e-03,5.301874503493309021e-02,1.425404697656631470e-01,-2.894769422709941864e-02,2.138935960829257965e-02,2.073269486427307129e-01,2.203408181667327881e-01,2.243541479110717773e-01,8.018512278795242310e-02,-1.494924630969762802e-02,4.069239273667335510e-02,9.815132617950439453e-02,3.013677895069122314e-01,2.284530252218246460e-01,3.054336607456207275e-01,1.262016147375106812e-01,3.519167304039001465e-01,5.434989929199218750e-01,1.000000000000000000e+00,3.177226483821868896e-01,2.962077260017395020e-01,1.781996339559555054e-01,2.300498336553573608e-01,3.506036847829818726e-02,3.247838839888572693e-02,3.352302610874176025e-01,4.071396961808204651e-02,2.807569131255149841e-02,2.801468782126903534e-02,2.059738487005233765e-01,1.721365749835968018e-01,5.233400315046310425e-02,6.569412350654602051e-02,1.120218336582183838e-01,4.277459532022476196e-02,4.297398775815963745e-02,1.833310872316360474e-01,-1.373148988932371140e-04
-3.291504085063934326e-01,3.157789111137390137e-01,1.261146962642669678e-01,9.486015141010284424e-02,-3.166769146919250488e-01,-2.459965460002422333e-02,4.166943728923797607e-01,-5.690148472785949707e-02,6.096425652503967285e-02,8.712635934352874756e-02,-9.533031284809112549e-02,8.794014155864715576e-02,-3.635108098387718201e-02,-1.247501969337463379e-01,2.597790397703647614e-02,-2.355909720063209534e-02,3.017373681068420410e-01,3.844649195671081543e-01,1.069091558456420898e-01,1.170862242579460144e-01,1.517763733863830566e-01,2.959689497947692871e-01,5.760884657502174377e-02,1.882651746273040771e-01,-4.472897946834564209e-02,-5.278588086366653442e-02,1.228089258074760437e-01,-7.907635718584060669e-02,3.177226483821868896e-01,1.000000357627868652e+00,5.399739146232604980e-01,2.222313582897186279e-01,-1.482987105846405029e-01,2.488515973091125488e-01,4.364106357097625732e-01,3.722668588161468506e-01,-1.569048501551151276e-02,1.593672037124633789e-01,3.355887830257415771e-01,1.987018287181854248e-01,-1.075857281684875488e-01,2.049366831779479980e-01,4.572500586509704590e-01,1.373915374279022217e-01,3.062422275543212891e-01,3.077771067619323730e-01,1.772952228784561157e-01,1.549260914325714111e-01
-2.725939154624938965e-01,3.015866577625274658e-01,8.595109730958938599e-02,1.429932713508605957e-01,-2.014596313238143921e-01,1.165360435843467712e-01,3.611784577369689941e-01,-2.093009091913700104e-02,2.190749645233154297e-01,1.787915378808975220e-01,1.248268187046051025e-01,1.735970526933670044e-01,3.701566532254219055e-02,5.189953371882438660e-02,1.585458070039749146e-01,-2.975212037563323975e-02,2.817839682102203369e-01,5.100382566452026367e-01,3.940329328179359436e-02,2.117164991796016693e-02,6.833326071500778198e-02,4.784292876720428467e-01,2.846696376800537109e-01,5.729289650917053223e-01,-3.201398253440856934e-02,9.629226475954055786e-02,1.929031163454055786e-01,-5.229139328002929688e-02,2.962077260017395020e-01,5.399739146232604980e-01,1.000000119209289551e+00,5.429866313934326172e-01,-5.001104250550270081e-02,3.049238026142120361e-01,2.779238522052764893e-01,6.212951540946960449e-01,2.233748883008956909e-02,2.625786066055297852e-01,4.158331453800201416e-01,5.000596642494201660e-01,-5.692730844020843506e-02,2.296892702579498291e-01,2.633202970027923584e-01,2.401600033044815063e-01,2.686273753643035889e-01,2.852107584476470947e-01,4.938326478004455566e-01,3.687737882137298584e-01
-1.046955212950706482e-01,-1.787006668746471405e-02,2.648419328033924103e-02,-1.374339498579502106e-02,-9.034144878387451172e-02,-1.453404128551483154e-01,4.263284057378768921e-02,-2.962698228657245636e-02,1.645937375724315643e-02,-6.673815194517374039e-03,5.698227509856224060e-02,-4.071686416864395142e-02,-1.438466757535934448e-01,-7.208327297121286392e-03,3.219029307365417480e-02,-1.137272566556930542e-01,8.029741793870925903e-02,1.733421683311462402e-01,9.622789919376373291e-02,-2.688360027968883514e-02,-1.589274108409881592e-01,3.870421946048736572e-01,1.502007693052291870e-01,6.264550685882568359e-01,1.847544163465499878e-01,-2.936893142759799957e-02,7.465726137161254883e-02,4.334274306893348694e-02,1.781996339559555054e-01,2.222313582897186279e-01,5.429866313934326172e-01,1.000000357627868652e+00,-3.741196170449256897e-02,-9.721221402287483215e-03,6.804656982421875000e-02,3.434374332427978516e-01,-8.373510837554931641e-02,5.089202895760536194e-02,5.634474009275436401e-02,3.201640248298645020e-01,-8.737954497337341309e-02,-9.194244444370269775e-02,1.487222760915756226e-01,4.770587384700775146e-02,2.234382554888725281e-02,4.638640582561492920e-02,7.040692567825317383e-01,5.850731134414672852e-01
6.398526430130004883e-01,3.012509346008300781e-01,6.548455357551574707e-02,4.805981367826461792e-02,5.257835984230041504e-01,1.549205929040908813e-01,-9.944445639848709106e-02,5.015596151351928711e-01,3.480040132999420166e-01,2.246327102184295654e-01,4.097997248172760010e-01,3.717006742954254150e-01,2.263306975364685059e-01,1.663635820150375366e-01,4.129521250724792480e-01,2.254560291767120361e-01,5.351176112890243530e-02,1.751028299331665039e-01,1.125888526439666748e-01,2.000853419303894043e-01,3.107033073902130127e-01,-1.294391602277755737e-01,3.955579698085784912e-01,1.108097136020660400e-01,2.750756964087486267e-02,2.450149059295654297e-01,5.804044008255004883e-01,2.239608317613601685e-01,2.300498336553573608e-01,-1.482987105846405029e-01,-5.001104250550270081e-02,-3.741196170449256897e-02,1.000000357627868652e+00,3.363395929336547852e-01,2.290342701599001884e-03,-9.523570537567138672e-03,5.918108820915222168e-01,3.213243186473846436e-01,6.176119670271873474e-02,1.966419368982315063e-01,6.120808720588684082e-01,2.217170000076293945e-01,-2.897011935710906982e-01,3.430593609809875488e-01,-1.878418400883674622e-02,-2.109457179903984070e-02,8.463534712791442871e-02,-1.501716673374176025e-01
