1.000000357627868652e+00,-5.458666756749153137e-02,5.392746999859809875e-02,3.723014295101165771e-01,5.404126048088073730e-01,3.458014726638793945e-01,6.514654308557510376e-02,4.870597422122955322e-01,1.057602241635322571e-01,6.015763431787490845e-02,1.599951535463333130e-01,2.786192595958709717e-01,2.904138565063476562e-01,3.303037583827972412e-01,2.471135109663009644e-01,3.359788656234741211e-01,2.065128535032272339e-01,2.662132307887077332e-02,1.751562356948852539e-01,6.199287623167037964e-02,6.568838655948638916e-02,1.532748639583587646e-01,4.564243257045745850e-01,-4.942267760634422302e-02,5.543903708457946777e-01,2.045727819204330444e-01,3.957601189613342285e-01,5.733937621116638184e-01,8.351122587919235229e-02,-1.678195744752883911e-01,-5.191934481263160706e-02,6.031515449285507202e-02,3.848592638969421387e-01,1.258232891559600830e-01,-5.207406729459762573e-02,1.266930699348449707e-01,4.821756780147552490e-01,7.431660592555999756e-02,-1.554964035749435425e-01,8.353399485349655151e-02,2.226268500089645386e-01,6.691285967826843262e-02,2.210616171360015869e-01,3.411716595292091370e-02,-1.177626848220825195e-02,6.484808772802352905e-02,2.493805252015590668e-02,1.675446778535842896e-01
-5.458666756749153137e-02,9.999997019767761230e-01,6.540236622095108032e-02,-1.435548905283212662e-02,1.556291133165359497e-01,3.342505693435668945e-01,2.631895244121551514e-01,1.277309060096740723e-01,3.887387514114379883e-01,4.982877671718597412e-01,4.666496813297271729e-02,3.358516991138458252e-01,1.069194525480270386e-01,1.579912379384040833e-02,2.948299944400787354e-01,1.202237084507942200e-01,1.273635178804397583e-01,4.711610376834869385e-01,2.502861618995666504e-01,3.289325237274169922e-01,3.195398449897766113e-01,4.519458115100860596e-02,1.074541285634040833e-01,3.721549212932586670e-01,-3.308833837509155273e-01,1.610912531614303589e-01,-7.199718058109283447e-02,-1.682133227586746216e-01,2.673704326152801514e-01,3.373503088951110840e-01,3.554356694221496582e-01,1.683844774961471558e-01,2.697019279003143311e-01,3.965864181518554688e-01,2.225632220506668091e-01,1.101163476705551147e-01,5.436366796493530273e-02,3.670125305652618408e-01,5.218215584754943848e-01,4.446293711662292480e-01,5.906379222869873047e-01,5.311920046806335449e-01,1.664885431528091431e-01,6.560572385787963867e-01,3.896812498569488525e-01,4.599697887897491455e-01,3.801883459091186523e-01,1.183674708008766174e-01
5.392746999859809875e-02,6.540236622095108032e-02,1.000000238418579102e+00,3.913705050945281982e-01,-1.066820137202739716e-02,-4.326304420828819275e-02,3.743004798889160156e-01,-1.378228217363357544e-01,2.535271644592285156e-02,-6.762598641216754913e-03,-2.161975763738155365e-02,3.781936690211296082e-02,1.778108812868595123e-02,1.514288131147623062e-03,-3.989831730723381042e-02,-2.535719573497772217e-01,1.305743902921676636e-01,-2.744833379983901978e-02,-1.480026096105575562e-01,-1.558704674243927002e-01,-1.329886317253112793e-01,8.168367668986320496e-03,2.339375205338001251e-02,9.020088613033294678e-02,2.049900740385055542e-01,1.202774271368980408e-01,1.264804750680923462e-01,3.183411657810211182e-01,4.254822134971618652e-01,3.145361840724945068e-01,9.678764641284942627e-02,4.722953587770462036e-02,-4.367794468998908997e-02,-1.142863482236862183e-01,7.355324923992156982e-02,1.667455434799194336e-01,-7.965090870857238770e-02,-1.547777932137250900e-02,-9.956747293472290039e-02,-2.842567488551139832e-02,-1.767221093177795410e-02,1.337796300649642944e-01,9.066761285066604614e-02,-5.682654306292533875e-02,2.256864756345748901e-01,9.035328775644302368e-02,1.227798759937286377e-01,-1.790638417005538940e-01
3.723014295101165771e-01,-1.435548905283212662e-02,3.913705050945281982e-01,9.999995231628417969e-01,3.383969366550445557e-01,3.497177958488464355e-01,5.617925524711608887e-01,-2.931701019406318665e-02,-7.830253988504409790e-02,7.841438055038452148e-02,-1.734222322702407837e-01,3.042088262736797333e-02,3.574352562427520752e-01,1.103960871696472168e-01,-3.318166732788085938e-02,-1.332369297742843628e-01,4.666051566600799561e-01,1.673239171504974365e-01,2.029850184917449951e-01,1.869941353797912598e-01,1.915608942508697510e-01,3.657463192939758301e-01,3.091592490673065186e-01,1.520296931266784668e-01,4.112451374530792236e-01,3.709737062454223633e-01,2.552371919155120850e-01,5.619745254516601562e-01,5.179898142814636230e-01,2.827816009521484375e-01,2.816417813301086426e-01,2.576481997966766357e-01,-5.711357295513153076e-02,-1.081102639436721802e-01,-6.504029780626296997e-02,3.142882287502288818e-01,2.253715246915817261e-01,-8.055388927459716797e-02,-3.281257152557373047e-01,-1.305876821279525757e-01,1.103819534182548523e-01,3.111798465251922607e-01,4.064736664295196533e-01,-1.452543735504150391e-01,2.746590077877044678e-01,2.232166528701782227e-01,2.194590419530868530e-01,1.296828389167785645e-01
5.404126048088073730e-01,1.556291133165359497e-01,-1.066820137202739716e-02,3.383969366550445557e-01,1.000000238418579102e+00,5.739193558692932129e-01,2.395985722541809082e-01,3.870728015899658203e-01,1.601625382900238037e-01,3.064703941345214844e-01,1.119614541530609131e-01,3.326551318168640137e-01,3.542439341545104980e-01,3.372687697410583496e-01,2.482816427946090698e-01,3.336904644966125488e-01,2.542401254177093506e-01,2.160917818546295166e-01,2.799928486347198486e-01,2.683136761188507080e-01,2.239373922348022461e-01,2.139036804437637329e-01,4.139932990074157715e-01,1.682263016700744629e-01,2.401078939437866211e-01,1.694525033235549927e-01,2.809240818023681641e-01,3.713120520114898682e-01,1.489056795835494995e-01,-8.997400850057601929e-02,1.040413379669189453e-01,2.176663279533386230e-01,3.465986549854278564e-01,1.229050755500793457e-01,-4.441806115210056305e-03,1.228539198637008667e-01,4.525547325611114502e-01,1.091037690639495850e-01,-7.910295575857162476e-02,1.359829604625701904e-01,4.790923595428466797e-01,2.892784476280212402e-01,3.961724340915679932e-01,2.098685801029205322e-01,1.761531531810760498e-01,2.598722279071807861e-01,1.823887377977371216e-01,2.624443471431732178e-01
3.458014726638793945e-01,3.342505693435668945e-01,-4.326304420828819275e-02,3.497177958488464355e-01,5.739193558692932129e-01,9.999997019767761230e-01,3.297542333602905273e-01,2.333413362503051758e-01,1.723869591951370239e-01,5.125212669372558594e-01,1.192786823958158493e-02,2.645289301872253418e-01,3.805965483188629150e-01,2.342335879802703857e-01,1.693633198738098145e-01,2.857266962528228760e-01,4.280460774898529053e-01,3.694946169853210449e-01,3.776106536388397217e-01,5.352447032928466797e-01,4.622732698917388916e-01,3.063423037528991699e-01,2.081458121538162231e-01,2.688672840595245361e-01,-4.647812992334365845e-02,2.748693823814392090e-01,1.052923500537872314e-01,1.613754630088806152e-01,2.101544439792633057e-01,2.619742043316364288e-02,2.766771614551544189e-01,3.000952601432800293e-01,2.573523521423339844e-01,7.616380602121353149e-02,-5.421468988060951233e-02,8.774251490831375122e-02,2.485603392124176025e-01,6.927846372127532959e-02,6.014371290802955627e-02,2.234981209039688110e-01,4.358751475811004639e-01,5.617219209671020508e-01,4.269016981124877930e-01,3.005639910697937012e-01,3.264521658420562744e-01,5.050869584083557129e-01,3.265809416770935059e-01,2.463135570287704468e-01
6.514654308557510376e-02,2.631895244121551514e-01,3.743004798889160156e-01,5.617925524711608887e-01,2.395985722541809082e-01,3.297542333602905273e-01,1.000000119209289551e+00,-1.442541927099227905e-01,-4.925015196204185486e-02,2.846615314483642578e-01,-2.419231981039047241e-01,4.873105883598327637e-02,3.079630136489868164e-01,-7.734766229987144470e-03,-6.575347483158111572e-02,-1.357724815607070923e-01,6.505023241043090820e-01,3.821107149124145508e-01,3.081302940845489502e-01,3.108971714973449707e-01,3.317453265190124512e-01,4.104002416133880615e-01,1.696678251028060913e-01,2.516083121299743652e-01,9.607005864381790161e-02,3.606818318367004395e-01,1.208193898200988770e-01,2.820641696453094482e-01,4.912643730640411377e-01,5.122364759445190430e-01,5.351393222808837891e-01,3.957319855690002441e-01,-6.264583021402359009e-02,-1.062128841876983643e-01,8.311665058135986328e-02,3.574784994125366211e-01,1.087313741445541382e-01,-3.252495825290679932e-02,-1.015150323510169983e-01,-3.321492671966552734e-02,2.341875135898590088e-01,4.736853539943695068e-01,3.973958790302276611e-01,7.941371947526931763e-02,3.851895332336425781e-01,3.842123746871948242e-01,2.812825441360473633e-01,1.401099413633346558e-01
4.870597422122955322e-01,1.277309060096740723e-01,-1.378228217363357544e-01,-2.931701019406318665e-02,3.870728015899658203e-01,2.333413362503051758e-01,-1.442541927099227905e-01,1.000000119209289551e+00,4.442709386348724365e-01,2.188566327095031738e-01,5.048277378082275391e-01,5.646560788154602051e-01,1.052304953336715698e-01,5.714808106422424316e-01,6.867479681968688965e-01,5.580029487609863281e-01,2.629960654303431511e-03,9.396846592426300049e-02,2.108874320983886719e-01,8.004806935787200928e-02,2.275359630584716797e-02,-8.345221728086471558e-02,2.768381834030151367e-01,2.497034147381782532e-02,2.620249986648559570e-01,1.833659261465072632e-01,4.045925438404083252e-01,2.008705139160156250e-01,-7.235702127218246460e-02,-2.499667108058929443e-01,-1.135001927614212036e-01,3.949591424316167831e-03,6.993423700332641602e-01,5.125272870063781738e-01,1.992926597595214844e-01,6.047852337360382080e-02,5.306726098060607910e-01,4.893018007278442383e-01,2.975077033042907715e-01,3.952796161174774170e-01,3.671175837516784668e-01,3.008855134248733521e-02,9.952220320701599121e-02,3.630452156066894531e-01,9.011536836624145508e-02,7.210954278707504272e-02,5.040735006332397461e-02,4.951824620366096497e-02
1.057602241635322571e-01,3.887387514114379883e-01,2.535271644592285156e-02,-7.830253988504409790e-02,1.601625382900238037e-01,1.723869591951370239e-01,-4.925015196204185486e-02,4.442709386348724365e-01,1.000000000000000000e+00,3.943577408790588379e-01,5.638067126274108887e-01,6.445099115371704102e-01,6.107953935861587524e-02,2.459722012281417847e-01,6.591215133666992188e-01,2.210468649864196777e-01,-9.304903447628021240e-02,1.341706663370132446e-01,-1.190962176769971848e-02,1.927385106682777405e-03,-4.491849616169929504e-02,-2.217182219028472900e-01,6.851188093423843384e-02,1.405196934938430786e-01,2.623782679438591003e-02,-5.028653889894485474e-02,1.553046703338623047e-01,-3.306639567017555237e-02,1.825281791388988495e-02,-6.673761457204818726e-02,-9.234631061553955078e-02,-3.157467395067214966e-02,5.210986137390136719e-01,3.704299926757812500e-01,1.595587432384490967e-01,-1.262097898870706558e-02,1.035717576742172241e-01,5.845098495483398438e-01,4.862490296363830566e-01,5.163676142692565918e-01,3.249936997890472412e-01,1.777516156435012817e-01,8.316498249769210815e-02,6.308732032775878906e-01,1.687210649251937866e-01,2.795634269714355469e-01,1.049523502588272095e-01,-3.831511363387107849e-02
6.015763431787490845e-02,4.982877671718597412e-01,-6.762598641216754913e-03,7.841438055038452148e-02,3.064703941345214844e-01,5.125212669372558594e-01,2.846615314483642578e-01,2.188566327095031738e-01,3.943577408790588379e-01,1.000000357627868652e+00,2.347518205642700195e-01,5.126571059226989746e-01,4.287421405315399170e-01,1.155703663825988770e-01,3.186901807785034180e-01,2.602708935737609863e-01,2.870332896709442139e-01,2.119859457015991211e-01,2.744765579700469971e-01,3.404908776283264160e-01,3.147346377372741699e-01,5.967734381556510925e-02,5.095855891704559326e-02,2.783619463443756104e-01,-1.139165386557579041e-01,5.582499504089355469e-02,1.016118526458740234e-01,-3.105620294809341431e-02,8.023688942193984985e-02,2.300158701837062836e-02,1.053449288010597229e-01,1.137090474367141724e-01,3.742974102497100830e-01,1.509942412376403809e-01,1.615266054868698120e-01,1.210809424519538879e-01,3.281256556510925293e-02,2.884382605552673340e-01,2.963241040706634521e-01,3.011363148689270020e-01,4.553020894527435303e-01,5.447636246681213379e-01,3.147817850112915039e-01,5.009658336639404297e-01,4.941437542438507080e-01,6.328135132789611816e-01,1.917214691638946533e-01,-1.909556426107883453e-02
1.599951535463333130e-01,4.666496813297271729e-02,-2.161975763738155365e-02,-1.734222322702407837e-01,1.119614541530609131e-01,1.192786823958158493e-02,-2.419231981039047241e-01,5.048277378082275391e-01,5.638067126274108887e-01,2.347518205642700195e-01,1.000000238418579102e+00,5.659859180450439453e-01,7.826960086822509766e-02,2.385729402303695679e-01,5.976988077163696289e-01,3.505417704582214355e-01,-1.728292107582092285e-01,-1.350479423999786377e-01,-5.617449060082435608e-02,-8.183289319276809692e-02,-1.225959062576293945e-01,-2.210549116134643555e-01,3.876904398202896118e-02,-2.572792582213878632e-02,2.587111294269561768e-01,-1.575898677110671997e-01,2.363814115524291992e-01,-1.037833280861377716e-02,-2.630546689033508301e-01,-2.894001901149749756e-01,-3.092724978923797607e-01,-1.785950064659118652e-01,5.526150465011596680e-01,2.951180040836334229e-01,1.991111636161804199e-01,-5.889568477869033813e-02,1.596456021070480347e-02,5.359826683998107910e-01,3.847612440586090088e-01,4.094606041908264160e-01,7.767260074615478516e-02,-1.684105694293975830e-01,-5.354683101177215576e-02,3.290733098983764648e-01,1.892515574581921101e-03,3.724697744473814964e-03,-1.202579960227012634e-01,-1.313972026109695435e-01
2.786192595958709717e-01,3.358516991138458252e-01,3.781936690211296082e-02,3.042088262736797333e-02,3.326551318168640137e-01,2.645289301872253418e-01,4.873105883598327637e-02,5.646560788154602051e-01,6.445099115371704102e-01,5.126571059226989746e-01,5.659859180450439453e-01,1.000000119209289551e+00,2.372639775276184082e-01,2.649105787277221680e-01,6.985458731651306152e-01,4.503079354763031006e-01,3.294668719172477722e-02,4.725831001996994019e-02,1.862853392958641052e-02,-1.699530333280563354e-02,5.174052715301513672e-02,-1.202099770307540894e-01,7.543008774518966675e-02,1.565611958503723145e-01,2.576130330562591553e-01,1.406665891408920288e-02,4.268026053905487061e-01,1.707796305418014526e-01,1.066012233495712280e-01,-5.704409256577491760e-02,-1.042629629373550415e-01,-5.807086452841758728e-02,6.786859035491943359e-01,3.394843041896820068e-01,3.859624862670898438e-01,1.707894653081893921e-01,1.244885101914405823e-01,5.819581151008605957e-01,3.887734413146972656e-01,4.701516926288604736e-01,4.004221260547637939e-01,2.442838698625564575e-01,1.129603609442710876e-01,5.277212262153625488e-01,3.598529696464538574e-01,3.100397288799285889e-01,1.086756065487861633e-01,-9.785523265600204468e-02
2.904138565063476562e-01,1.069194525480270386e-01,1.778108812868595123e-02,3.574352562427520752e-01,3.542439341545104980e-01,3.805965483188629150e-01,3.079630136489868164e-01,1.052304953336715698e-01,6.107953935861587524e-02,4.287421405315399170e-01,7.826960086822509766e-02,2.372639775276184082e-01,1.000000238418579102e+00,8.067882806062698364e-02,2.099036052823066711e-02,1.935745477676391602e-01,3.529783487319946289e-01,1.064906455576419830e-02,2.457359284162521362e-01,2.407850772142410278e-01,2.046105712652206421e-01,1.259346455335617065e-01,3.826312720775604248e-01,1.278597116470336914e-01,2.725215852260589600e-01,3.595567867159843445e-02,2.789641320705413818e-01,2.514783442020416260e-01,7.604562491178512573e-02,-1.408592984080314636e-02,1.469558384269475937e-02,7.858429104089736938e-02,3.441939502954483032e-02,3.159893304109573364e-02,3.777908533811569214e-02,3.746076524257659912e-01,1.971290111541748047e-01,1.563967764377593994e-02,-1.559195518493652344e-01,-1.041798945516347885e-02,1.880807727575302124e-01,2.309191077947616577e-01,4.365998208522796631e-01,3.852564096450805664e-02,2.937131822109222412e-01,4.124090373516082764e-01,1.302866041660308838e-01,3.805357590317726135e-02
3.303037583827972412e-01,1.579912379384040833e-02,1.514288131147623062e-03,1.103960871696472168e-01,3.372687697410583496e-01,2.342335879802703857e-01,-7.734766229987144470e-03,5.714808106422424316e-01,2.459722012281417847e-01,1.155703663825988770e-01,2.385729402303695679e-01,2.649105787277221680e-01,8.067882806062698364e-02,1.000000119209289551e+00,4.360282719135284424e-01,1.522758603096008301e-01,1.021552924066781998e-02,4.732862114906311035e-02,2.277881801128387451e-01,1.137740537524223328e-01,-1.452596578747034073e-02,-1.478873286396265030e-02,2.146377265453338623e-01,2.377182245254516602e-02,2.031459808349609375e-01,1.768349260091781616e-01,1.793430447578430176e-01,1.961028575897216797e-01,-1.326011680066585541e-02,-2.131786346435546875e-01,-5.346495285630226135e-02,1.003715544939041138e-01,2.890859246253967285e-01,1.775017380714416504e-01,-5.299727246165275574e-02,-8.115856908261775970e-03,5.604609251022338867e-01,1.591314673423767090e-01,3.764906153082847595e-02,7.558266073465347290e-02,1.954228729009628296e-01,1.412076652050018311e-01,2.204027175903320312e-01,1.249688640236854553e-01,9.053935855627059937e-02,1.822062879800796509e-01,4.894855618476867676e-02,8.338462561368942261e-02
2.471135109663009644e-01,2.948299944400787354e-01,-3.989831730723381042e-02,-3.318166732788085938e-02,2.482816427946090698e-01,1.693633198738098145e-01,-6.575347483158111572e-02,6.867479681968688965e-01,6.591215133666992188e-01,3.186901807785034180e-01,5.976988077163696289e-01,6.985458731651306152e-01,2.099036052823066711e-02,4.360282719135284424e-01,1.000000000000000000e+00,4.528598189353942871e-01,-3.887933492660522461e-02,1.284764558076858521e-01,1.226019039750099182e-01,4.808140173554420471e-02,3.772788494825363159e-02,-1.568399220705032349e-01,7.678965479135513306e-02,1.095774099230766296e-01,1.871359944343566895e-01,7.320312410593032837e-02,3.605417013168334961e-01,1.250732541084289551e-01,4.765131697058677673e-02,-1.005154848098754883e-01,-8.125814050436019897e-02,-4.157838225364685059e-02,6.898853778839111328e-01,5.103852748870849609e-01,3.104978501796722412e-01,3.677896410226821899e-02,2.814696431159973145e-01,7.309367060661315918e-01,4.930146038532257080e-01,4.883346259593963623e-01,3.887988030910491943e-01,1.602429002523422241e-01,4.459431394934654236e-02,5.367532372474670410e-01,2.459412813186645508e-01,1.746934950351715088e-01,7.215770334005355835e-02,-3.084077499806880951e-02
3.359788656234741211e-01,1.202237084507942200e-01,-2.535719573497772217e-01,-1.332369297742843628e-01,3.336904644966125488e-01,2.857266962528228760e-01,-1.357724815607070923e-01,5.580029487609863281e-01,2.210468649864196777e-01,2.602708935737609863e-01,3.505417704582214355e-01,4.503079354763031006e-01,1.935745477676391602e-01,1.522758603096008301e-01,4.528598189353942871e-01,1.000000000000000000e+00,1.287025511264801025e-01,1.755704581737518311e-01,1.962867528200149536e-01,1.603832542896270752e-01,1.187293753027915955e-01,-8.306525647640228271e-02,5.992041155695915222e-02,-3.298260644078254700e-02,7.262365520000457764e-02,1.156023144721984863e-01,4.986126124858856201e-01,6.643552333116531372e-02,-2.489430084824562073e-02,-1.156582087278366089e-01,-1.018173024058341980e-01,-1.344755738973617554e-01,5.994929671287536621e-01,4.261901378631591797e-01,3.960395157337188721e-01,3.355770185589790344e-02,1.810972839593887329e-01,4.585147500038146973e-01,3.518251776695251465e-01,3.959123790264129639e-01,2.728246152400970459e-01,7.227230817079544067e-02,1.122667118906974792e-01,3.196400701999664307e-01,1.465493738651275635e-01,3.857348859310150146e-02,-6.446722149848937988e-02,-4.590797051787376404e-02
2.065128535032272339e-01,1.273635178804397583e-01,1.305743902921676636e-01,4.666051566600799561e-01,2.542401254177093506e-01,4.280460774898529053e-01,6.505023241043090820e-01,2.629960654303431511e-03,-9.304903447628021240e-02,2.870332896709442139e-01,-1.728292107582092285e-01,3.294668719172477722e-02,3.529783487319946289e-01,1.021552924066781998e-02,-3.887933492660522461e-02,1.287025511264801025e-01,9.999994635581970215e-01,4.442665874958038330e-01,4.388239681720733643e-01,4.737578928470611572e-01,5.136781930923461914e-01,5.183116197586059570e-01,2.080326676368713379e-01,1.886012405157089233e-01,1.203456372022628784e-01,3.736396431922912598e-01,2.742620408535003662e-01,2.677356004714965820e-01,3.123047947883605957e-01,3.342004418373107910e-01,5.346872210502624512e-01,4.142293334007263184e-01,5.808047577738761902e-02,-4.378775879740715027e-02,6.463475525379180908e-02,3.296926319599151611e-01,1.646182984113693237e-01,4.258514568209648132e-02,-7.533101737499237061e-02,3.175307065248489380e-02,1.505842506885528564e-01,3.978943824768066406e-01,4.832218289375305176e-01,7.567841559648513794e-02,2.785209417343139648e-01,3.719974160194396973e-01,2.674601674079895020e-01,2.281472682952880859e-01
2.662132307887077332e-02,4.711610376834869385e-01,-2.744833379983901978e-02,1.673239171504974365e-01,2.160917818546295166e-01,3.694946169853210449e-01,3.821107149124145508e-01,9.396846592426300049e-02,1.341706663370132446e-01,2.119859457015991211e-01,-1.350479423999786377e-01,4.725831001996994019e-02,1.064906455576419830e-02,4.732862114906311035e-02,1.284764558076858521e-01,1.755704581737518311e-01,4.442665874958038330e-01,9.999998211860656738e-01,3.250353932380676270e-01,5.069020390510559082e-01,5.213745236396789551e-01,3.476879596710205078e-01,1.640885323286056519e-01,3.716548383235931396e-01,-2.812099754810333252e-01,3.996917307376861572e-01,-4.656070470809936523e-02,-6.365592777729034424e-02,3.768956065177917480e-01,4.804662764072418213e-01,6.717982292175292969e-01,3.836137354373931885e-01,1.491397023200988770e-01,2.298415303230285645e-01,1.255091726779937744e-01,1.709153801202774048e-01,1.608591824769973755e-01,1.852979958057403564e-01,3.777980804443359375e-01,3.950651288032531738e-01,4.144253134727478027e-01,4.199031293392181396e-01,2.969054281711578369e-01,4.170882701873779297e-01,1.627518981695175171e-01,2.865393459796905518e-01,4.251223802566528320e-01,3.854874968528747559e-01
1.751562356948852539e-01,2.502861618995666504e-01,-1.480026096105575562e-01,2.029850184917449951e-01,2.799928486347198486e-01,3.776106536388397217e-01,3.081302940845489502e-01,2.108874320983886719e-01,-1.190962176769971848e-02,2.744765579700469971e-01,-5.617449060082435608e-02,1.862853392958641052e-02,2.457359284162521362e-01,2.277881801128387451e-01,1.226019039750099182e-01,1.962867528200149536e-01,4.388239681720733643e-01,3.250353932380676270e-01,1.000000238418579102e+00,6.218801736831665039e-01,4.278192818164825439e-01,3.105893433094024658e-01,2.481019049882888794e-01,1.520665138959884644e-01,-1.428588479757308960e-01,2.463488429784774780e-01,-2.193884178996086121e-02,7.583032362163066864e-03,3.998542204499244690e-02,3.315082192420959473e-02,2.907549142837524414e-01,2.191415131092071533e-01,9.909486770629882812e-02,1.909112781286239624e-01,-3.173006698489189148e-02,-4.583489149808883667e-03,3.868840038776397705e-01,7.878345251083374023e-02,9.563551098108291626e-02,6.965453922748565674e-02,2.918601930141448975e-01,3.553065359592437744e-01,3.366884589195251465e-01,1.700666248798370361e-01,1.201517656445503235e-01,3.258737027645111084e-01,1.551652550697326660e-01,2.094043493270874023e-01
6.199287623167037964e-02,3.289325237274169922e-01,-1.558704674243927002e-01,1.869941353797912598e-01,2.683136761188507080e-01,5.352447032928466797e-01,3.108971714973449707e-01,8.004806935787200928e-02,1.927385106682777405e-03,3.404908776283264160e-01,-8.183289319276809692e-02,-1.699530333280563354e-02,2.407850772142410278e-01,1.137740537524223328e-01,4.808140173554420471e-02,1.603832542896270752e-01,4.737578928470611572e-01,5.069020390510559082e-01,6.218801736831665039e-01,1.000000119209289551e+00,6.761919856071472168e-01,3.653044402599334717e-01,2.075335085391998291e-01,2.021387666463851929e-01,-2.528471648693084717e-01,2.830249071121215820e-01,-9.838599711656570435e-02,-8.018547296524047852e-02,1.333541572093963623e-01,1.128309145569801331e-01,4.285763502120971680e-01,2.531611919403076172e-01,7.516928762197494507e-02,6.221891939640045166e-02,-8.029793202877044678e-02,1.988079026341438293e-02,2.037445455789566040e-01,5.149337276816368103e-02,2.038166373968124390e-01,2.122772186994552612e-01,2.933241724967956543e-01,5.263822674751281738e-01,4.310477972030639648e-01,2.509447634220123291e-01,1.479016244411468506e-01,4.722851514816284180e-01,2.503198981285095215e-01,3.227150142192840576e-01
6.568838655948638916e-02,3.195398449897766113e-01,-1.329886317253112793e-01,1.915608942508697510e-01,2.239373922348022461e-01,4.622732698917388916e-01,3.317453265190124512e-01,2.275359630584716797e-02,-4.491849616169929504e-02,3.147346377372741699e-01,-1.225959062576293945e-01,5.174052715301513672e-02,2.046105712652206421e-01,-1.452596578747034073e-02,3.772788494825363159e-02,1.187293753027915955e-01,5.136781930923461914e-01,5.213745236396789551e-01,4.278192818164825439e-01,6.761919856071472168e-01,9.999998211860656738e-01,5.520669817924499512e-01,1.667808294296264648e-01,2.266960144042968750e-01,-1.602275222539901733e-01,2.857663333415985107e-01,-7.936878502368927002e-02,-5.514026060700416565e-02,1.520715951919555664e-01,1.466465592384338379e-01,5.099657177925109863e-01,3.870904445648193359e-01,8.881997317075729370e-02,2.047119475901126862e-02,1.239677239209413528e-02,8.637833595275878906e-02,1.460655182600021362e-01,5.053783208131790161e-02,2.082446515560150146e-01,1.854403913021087646e-01,2.858058214187622070e-01,4.396666288375854492e-01,2.990425825119018555e-01,2.462919354438781738e-01,1.529523134231567383e-01,4.404539167881011963e-01,3.219208121299743652e-01,4.266640543937683105e-01
1.532748639583587646e-01,4.519458115100860596e-02,8.168367668986320496e-03,3.657463192939758301e-01,2.139036804437637329e-01,3.063423037528991699e-01,4.104002416133880615e-01,-8.345221728086471558e-02,-2.217182219028472900e-01,5.967734381556510925e-02,-2.210549116134643555e-01,-1.202099770307540894e-01,1.259346455335617065e-01,-1.478873286396265030e-02,-1.568399220705032349e-01,-8.306525647640228271e-02,5.183116197586059570e-01,3.476879596710205078e-01,3.105893433094024658e-01,3.653044402599334717e-01,5.520669817924499512e-01,9.999999403953552246e-01,2.201143950223922729e-01,3.090881705284118652e-01,9.248621016740798950e-02,3.492413163185119629e-01,-7.479073852300643921e-02,1.677576452493667603e-01,1.075772494077682495e-01,1.652497202157974243e-01,6.027321815490722656e-01,6.118367314338684082e-01,-9.329158067703247070e-02,-1.717200279235839844e-01,-7.928362116217613220e-03,2.185413092374801636e-01,1.251182854175567627e-01,-1.302485018968582153e-01,-1.398464292287826538e-01,8.701223880052566528e-03,7.210286706686019897e-02,2.365327030420303345e-01,2.164511233568191528e-01,-1.006235256791114807e-01,3.002201765775680542e-02,2.093222588300704956e-01,4.184792339801788330e-01,6.068844199180603027e-01
4.564243257045745850e-01,1.074541285634040833e-01,2.339375205338001251e-02,3.091592490673065186e-01,4.139932990074157715e-01,2.081458121538162231e-01,1.696678251028060913e-01,2.768381834030151367e-01,6.851188093423843384e-02,5.095855891704559326e-02,3.876904398202896118e-02,7.543008774518966675e-02,3.826312720775604248e-01,2.146377265453338623e-01,7.678965479135513306e-02,5.992041155695915222e-02,2.080326676368713379e-01,1.640885323286056519e-01,2.481019049882888794e-01,2.075335085391998291e-01,1.667808294296264648e-01,2.201143950223922729e-01,1.000000119209289551e+00,2.390968203544616699e-01,3.004682064056396484e-01,1.720787435770034790e-01,1.816787570714950562e-01,3.427262008190155029e-01,6.551923602819442749e-02,-1.419490290572866797e-04,1.940423399209976196e-01,2.873538434505462646e-01,1.112699657678604126e-01,1.757947504520416260e-01,-1.042970120906829834e-01,3.732425272464752197e-01,5.029943585395812988e-01,3.963444754481315613e-02,-7.955905050039291382e-02,1.838864088058471680e-01,2.658022642135620117e-01,6.444707512855529785e-02,2.987139821052551270e-01,1.114498972892761230e-01,-9.773976169526576996e-03,1.487164646387100220e-01,2.640637755393981934e-01,3.307942748069763184e-01
-4.942267760634422302e-02,3.721549212932586670e-01,9.020088613033294678e-02,1.520296931266784668e-01,1.682263016700744629e-01,2.688672840595245361e-01,2.516083121299743652e-01,2.497034147381782532e-02,1.405196934938430786e-01,2.783619463443756104e-01,-2.572792582213878632e-02,1.565611958503723145e-01,1.278597116470336914e-01,2.377182245254516602e-02,1.095774099230766296e-01,-3.298260644078254700e-02,1.886012405157089233e-01,3.716548383235931396e-01,1.520665138959884644e-01,2.021387666463851929e-01,2.266960144042968750e-01,3.090881705284118652e-01,2.390968203544616699e-01,9.999997615814208984e-01,-1.202636584639549255e-01,1.325091123580932617e-01,-2.025845833122730255e-02,-1.519850688055157661e-03,2.271470129489898682e-01,3.250256478786468506e-01,5.292325615882873535e-01,4.560292959213256836e-01,1.436751335859298706e-01,8.341876417398452759e-02,7.838816195726394653e-02,4.225057065486907959e-01,4.795919731259346008e-02,1.300594359636306763e-01,2.056356370449066162e-01,4.136021137237548828e-01,3.809736073017120361e-01,3.015008270740509033e-01,2.474567741155624390e-01,2.906744182109832764e-01,2.326288670301437378e-01,3.313790857791900635e-01,7.458213567733764648e-01,4.089986681938171387e-01
5.543903708457946777e-01,-3.308833837509155273e-01,2.049900740385055542e-01,4.112451374530792236e-01,2.401078939437866211e-01,-4.647812992334365845e-02,9.607005864381790161e-02,2.620249986648559570e-01,2.623782679438591003e-02,-1.139165386557579041e-01,2.587111294269561768e-01,2.576130330562591553e-01,2.725215852260589600e-01,2.031459808349609375e-01,1.871359944343566895e-01,7.262365520000457764e-02,1.203456372022628784e-01,-2.812099754810333252e-01,-1.428588479757308960e-01,-2.528471648693084717e-01,-1.602275222539901733e-01,9.248621016740798950e-02,3.004682064056396484e-01,-1.202636584639549255e-01,9.999997019767761230e-01,6.005298718810081482e-02,5.758208036422729492e-01,6.546903848648071289e-01,9.998264163732528687e-02,-7.438924163579940796e-02,-1.499353796243667603e-01,-4.735191911458969116e-02,2.388066202402114868e-01,-9.121763706207275391e-02,7.340548932552337646e-02,2.612136006355285645e-01,1.994378715753555298e-01,1.030666753649711609e-01,-3.082116544246673584e-01,-1.289780884981155396e-01,-1.110817119479179382e-01,-1.910943984985351562e-01,1.167067214846611023e-01,-2.232851237058639526e-01,1.712767966091632843e-02,-1.274826228618621826e-01,-1.176317557692527771e-01,-4.415312781929969788e-02
2.045727819204330444e-01,1.610912531614303589e-01,1.202774271368980408e-01,3.709737062454223633e-01,1.694525033235549927e-01,2.748693823814392090e-01,3.606818318367004395e-01,1.833659261465072632e-01,-5.028653889894485474e-02,5.582499504089355469e-02,-1.575898677110671997e-01,1.406665891408920288e-02,3.595567867159843445e-02,1.768349260091781616e-01,7.320312410593032837e-02,1.156023144721984863e-01,3.736396431922912598e-01,3.996917307376861572e-01,2.463488429784774780e-01,2.830249071121215820e-01,2.857663333415985107e-01,3.492413163185119629e-01,1.720787435770034790e-01,1.325091123580932617e-01,6.005298718810081482e-02,1.000000000000000000e+00,1.169877499341964722e-01,2.201644629240036011e-01,3.065723478794097900e-01,2.151161134243011475e-01,4.025263190269470215e-01,2.943569421768188477e-01,1.133724749088287354e-01,4.695592448115348816e-02,7.268860936164855957e-02,1.785194277763366699e-01,2.046814709901809692e-01,4.898504540324211121e-02,4.839939624071121216e-02,7.915873825550079346e-02,1.872675716876983643e-01,3.085910975933074951e-01,2.431612908840179443e-01,9.614039212465286255e-02,1.715656071901321411e-01,1.554205566644668579e-01,2.504884600639343262e-01,2.780449092388153076e-01
3.957601189613342285e-01,-7.199718058109283447e-02,1.264804750680923462e-01,2.552371919155120850e-01,2.809240818023681641e-01,1.052923500537872314e-01,1.208193898200988770e-01,4.045925438404083252e-01,1.553046703338623047e-01,1.016118526458740234e-01,2.363814115524291992e-01,4.268026053905487061e-01,2.789641320705413818e-01,1.793430447578430176e-01,3.605417013168334961e-01,4.986126124858856201e-01,2.742620408535003662e-01,-4.656070470809936523e-02,-2.193884178996086121e-02,-9.838599711656570435e-02,-7.936878502368927002e-02,-7.479073852300643921e-02,1.816787570714950562e-01,-2.025845833122730255e-02,5.758208036422729492e-01,1.169877499341964722e-01,1.000000238418579102e+00,5.182351469993591309e-01,2.503313124179840088e-01,8.821931481361389160e-02,-5.326025933027267456e-02,-6.035657972097396851e-02,4.843852221965789795e-01,2.030010074377059937e-01,3.617489933967590332e-01,3.320706486701965332e-01,1.890039145946502686e-01,4.072549343109130859e-01,1.704852283000946045e-02,1.564000993967056274e-01,7.672760635614395142e-02,1.673900708556175232e-02,2.661923170089721680e-01,8.336438983678817749e-02,2.640233933925628662e-01,-1.223620213568210602e-02,-4.107334464788436890e-02,-1.717005521059036255e-01
5.733937621116638184e-01,-1.682133227586746216e-01,3.183411657810211182e-01,5.619745254516601562e-01,3.713120520114898682e-01,1.613754630088806152e-01,2.820641696453094482e-01,2.008705139160156250e-01,-3.306639567017555237e-02,-3.105620294809341431e-02,-1.037833280861377716e-02,1.707796305418014526e-01,2.514783442020416260e-01,1.961028575897216797e-01,1.250732541084289551e-01,6.643552333116531372e-02,2.677356004714965820e-01,-6.365592777729034424e-02,7.583032362163066864e-03,-8.018547296524047852e-02,-5.514026060700416565e-02,1.677576452493667603e-01,3.427262008190155029e-01,-1.519850688055157661e-03,6.546903848648071289e-01,2.201644629240036011e-01,5.182351469993591309e-01,9.999999403953552246e-01,4.002335965633392334e-01,1.200638264417648315e-01,8.760086447000503540e-02,1.095060855150222778e-01,1.599640101194381714e-01,-6.326237320899963379e-02,4.825315554626286030e-04,3.579673171043395996e-01,2.580490410327911377e-01,3.571937233209609985e-02,-2.815845608711242676e-01,-1.120634078979492188e-01,7.556743919849395752e-02,4.966906830668449402e-02,2.499869316816329956e-01,-1.481279134750366211e-01,1.464973986148834229e-01,-2.677216194570064545e-02,7.398670911788940430e-02,1.218338590115308762e-02
8.351122587919235229e-02,2.673704326152801514e-01,4.254822134971618652e-01,5.179898142814636230e-01,1.489056795835494995e-01,2.101544439792633057e-01,4.912643730640411377e-01,-7.235702127218246460e-02,1.825281791388988495e-02,8.023688942193984985e-02,-2.630546689033508301e-01,1.066012233495712280e-01,7.604562491178512573e-02,-1.326011680066585541e-02,4.765131697058677673e-02,-2.489430084824562073e-02,3.123047947883605957e-01,3.768956065177917480e-01,3.998542204499244690e-02,1.333541572093963623e-01,1.520715951919555664e-01,1.075772494077682495e-01,6.551923602819442749e-02,2.271470129489898682e-01,9.998264163732528687e-02,3.065723478794097900e-01,2.503313124179840088e-01,4.002335965633392334e-01,9.999997019767761230e-01,6.556233167648315430e-01,4.169637858867645264e-01,1.493555307388305664e-01,4.535933956503868103e-02,5.849118158221244812e-02,1.760580539703369141e-01,2.762518227100372314e-01,3.123644180595874786e-02,8.692944049835205078e-02,6.622382253408432007e-02,6.722433120012283325e-02,2.904647588729858398e-01,4.203591942787170410e-01,2.970905900001525879e-01,1.371168941259384155e-01,4.177352786064147949e-01,1.796809136867523193e-01,2.486366778612136841e-01,-1.930808275938034058e-02
-1.678195744752883911e-01,3.373503088951110840e-01,3.145361840724945068e-01,2.827816009521484375e-01,-8.997400850057601929e-02,2.619742043316364288e-02,5.122364759445190430e-01,-2.499667108058929443e-01,-6.673761457204818726e-02,2.300158701837062836e-02,-2.894001901149749756e-01,-5.704409256577491760e-02,-1.408592984080314636e-02,-2.131786346435546875e-01,-1.005154848098754883e-01,-1.156582087278366089e-01,3.342004418373107910e-01,4.804662764072418213e-01,3.315082192420959473e-02,1.128309145569801331e-01,1.466465592384338379e-01,1.652497202157974243e-01,-1.419490290572866797e-04,3.250256478786468506e-01,-7.438924163579940796e-02,2.151161134243011475e-01,8.821931481361389160e-02,1.200638264417648315e-01,6.556233167648315430e-01,1.000000000000000000e+00,6.210765242576599121e-01,2.274581342935562134e-01,-9.356421977281570435e-02,9.220910817384719849e-02,2.746848464012145996e-01,3.817795813083648682e-01,-1.508320420980453491e-01,1.041732653975486755e-01,1.604223996400833130e-01,1.401427388191223145e-01,2.106330990791320801e-01,2.806953191757202148e-01,1.618768274784088135e-01,1.314964443445205688e-01,2.819254100322723389e-01,9.085960686206817627e-02,2.953846454620361328e-01,1.347696501761674881e-02
-5.191934481263160706e-02,3.554356694221496582e-01,9.678764641284942627e-02,2.816417813301086426e-01,1.040413379669189453e-01,2.766771614551544189e-01,5.351393222808837891e-01,-1.135001927614212036e-01,-9.234631061553955078e-02,1.053449288010597229e-01,-3.092724978923797607e-01,-1.042629629373550415e-01,1.469558384269475937e-02,-5.346495285630226135e-02,-8.125814050436019897e-02,-1.018173024058341980e-01,5.346872210502624512e-01,6.717982292175292969e-01,2.907549142837524414e-01,4.285763502120971680e-01,5.099657177925109863e-01,6.027321815490722656e-01,1.940423399209976196e-01,5.292325615882873535e-01,-1.499353796243667603e-01,4.025263190269470215e-01,-5.326025933027267456e-02,8.760086447000503540e-02,4.169637858867645264e-01,6.210765242576599121e-01,9.999995827674865723e-01,6.455334424972534180e-01,-6.636261194944381714e-02,1.110234577208757401e-02,8.258021622896194458e-02,3.661227226257324219e-01,7.866298407316207886e-02,9.028446860611438751e-03,1.360107064247131348e-01,2.018938362598419189e-01,2.923880219459533691e-01,3.830215334892272949e-01,2.687846124172210693e-01,1.596237868070602417e-01,1.915852129459381104e-01,2.605621516704559326e-01,5.878524780273437500e-01,4.952423274517059326e-01
6.031515449285507202e-02,1.683844774961471558e-01,4.722953587770462036e-02,2.576481997966766357e-01,2.176663279533386230e-01,3.000952601432800293e-01,3.957319855690002441e-01,3.949591424316167831e-03,-3.157467395067214966e-02,1.137090474367141724e-01,-1.785950064659118652e-01,-5.807086452841758728e-02,7.858429104089736938e-02,1.003715544939041138e-01,-4.157838225364685059e-02,-1.344755738973617554e-01,4.142293334007263184e-01,3.836137354373931885e-01,2.191415131092071533e-01,2.531611919403076172e-01,3.870904445648193359e-01,6.118367314338684082e-01,2.873538434505462646e-01,4.560292959213256836e-01,-4.735191911458969116e-02,2.943569421768188477e-01,-6.035657972097396851e-02,1.095060855150222778e-01,1.493555307388305664e-01,2.274581342935562134e-01,6.455334424972534180e-01,1.000000000000000000e+00,-5.438427999615669250e-02,-6.072592735290527344e-02,-1.184106320142745972e-01,2.127769291400909424e-01,2.054790854454040527e-01,-6.449570506811141968e-02,-1.130427140742540359e-02,9.057835489511489868e-02,2.234157472848892212e-01,2.114769667387008667e-01,2.420920133590698242e-01,9.810952842235565186e-02,1.144950836896896362e-01,2.389358878135681152e-01,5.730577707290649414e-01,5.784313082695007324e-01
3.848592638969421387e-01,2.697019279003143311e-01,-4.367794468998908997e-02,-5.711357295513153076e-02,3.465986549854278564e-01,2.573523521423339844e-01,-6.264583021402359009e-02,6.993423700332641602e-01,5.210986137390136719e-01,3.742974102497100830e-01,5.526150465011596680e-01,6.786859035491943359e-01,3.441939502954483032e-02,2.890859246253967285e-01,6.898853778839111328e-01,5.994929671287536621e-01,5.808047577738761902e-02,1.491397023200988770e-01,9.909486770629882812e-02,7.516928762197494507e-02,8.881997317075729370e-02,-9.329158067703247070e-02,1.112699657678604126e-01,1.436751335859298706e-01,2.388066202402114868e-01,1.133724749088287354e-01,4.843852221965789795e-01,1.599640101194381714e-01,4.535933956503868103e-02,-9.356421977281570435e-02,-6.636261194944381714e-02,-5.438427999615669250e-02,1.000000119209289551e+00,4.365565180778503418e-01,3.611680269241333008e-01,6.914654374122619629e-02,2.309185415506362915e-01,6.005686521530151367e-01,4.559724032878875732e-01,5.727159380912780762e-01,4.249632656574249268e-01,1.527186185121536255e-01,9.036757051944732666e-02,5.412157177925109863e-01,1.734608113765716553e-01,1.489514857530593872e-01,8.521855622529983521e-02,-2.118915878236293793e-02
