1.000000119209289551e+00,-5.669278651475906372e-02,4.551323652267456055e-01,3.754418194293975830e-01,4.416104555130004883e-01,3.902323544025421143e-01,1.530047357082366943e-01,1.418176740407943726e-01,9.473766386508941650e-02,1.539761275053024292e-01,8.721705526113510132e-02,3.296791315078735352e-01,2.125204503536224365e-01,1.535020917654037476e-01,3.915190100669860840e-01,1.476196497678756714e-01,1.543364524841308594e-01,2.303401529788970947e-01,1.293819695711135864e-01,2.660194039344787598e-01,4.802996814250946045e-01,1.987781077623367310e-01,-1.133069992065429688e-01,-5.728490650653839111e-02,3.113191425800323486e-01,-5.101276189088821411e-02,9.719526022672653198e-02,3.461382091045379639e-01,2.709221467375755310e-02,2.559263706207275391e-01,2.124220132827758789e-01,7.070000469684600830e-02,4.571747779846191406e-01,1.630551666021347046e-01,-1.255011111497879028e-01,2.381673827767372131e-02,1.672641783952713013e-01,2.040671855211257935e-01,1.121958270668983459e-01,-1.917958073318004608e-02,-1.292304787784814835e-02,-7.032716274261474609e-02,6.891588121652603149e-02,-5.213407054543495178e-02,1.390202064067125320e-02,9.771119058132171631e-02,-9.157054871320724487e-02,1.547654569149017334e-01
-5.669278651475906372e-02,1.000000238418579102e+00,-2.303821267560124397e-03,1.219571847468614578e-02,6.018383428454399109e-02,2.391732186079025269e-01,2.514074146747589111e-01,9.623713791370391846e-02,5.058744549751281738e-02,-5.801018327474594116e-02,-1.048866137862205505e-01,-1.454491317272186279e-01,-3.501949459314346313e-02,3.738769143819808960e-02,-2.922825515270233154e-02,9.022688865661621094e-02,2.820262908935546875e-01,1.469172090291976929e-01,3.280850052833557129e-01,2.922512590885162354e-01,-7.973565161228179932e-02,-1.051026433706283569e-01,-2.946205064654350281e-02,1.687868088483810425e-01,-2.787437289953231812e-02,3.148058354854583740e-01,1.662125587463378906e-01,2.405328154563903809e-01,4.256529211997985840e-01,3.833122923970222473e-02,4.561405256390571594e-02,8.088435977697372437e-02,1.035628989338874817e-01,9.040959179401397705e-02,1.386389285326004028e-01,1.171222254633903503e-01,1.397178024053573608e-01,-6.167591363191604614e-02,-3.065447881817817688e-02,-2.408723905682563782e-02,4.990727305412292480e-01,4.746913313865661621e-01,3.693864345550537109e-01,2.208648920059204102e-01,4.835886955261230469e-01,2.496204227209091187e-01,1.071219146251678467e-01,-2.631551213562488556e-02
4.551323652267456055e-01,-2.303821267560124397e-03,9.999995827674865723e-01,6.803340911865234375e-01,3.577218651771545410e-01,4.257973730564117432e-01,4.048395752906799316e-01,1.052140817046165466e-01,-4.498561844229698181e-02,1.578142642974853516e-01,-4.928494989871978760e-02,1.688091903924942017e-01,2.976342439651489258e-01,3.672417253255844116e-02,4.635562747716903687e-02,1.575714200735092163e-01,3.224117755889892578e-01,3.646070361137390137e-01,1.898703575134277344e-01,3.912902176380157471e-01,6.109954118728637695e-01,3.612904548645019531e-01,8.651994913816452026e-02,5.593373998999595642e-02,-3.298971056938171387e-02,2.395981848239898682e-01,-2.355997413396835327e-01,5.023691654205322266e-01,1.035239174962043762e-01,2.600665390491485596e-01,3.799865245819091797e-01,1.619066148996353149e-01,8.984333276748657227e-02,1.829814761877059937e-01,-2.850728109478950500e-02,1.594695597887039185e-01,1.361853182315826416e-01,6.432025134563446045e-02,1.048891693353652954e-01,7.000184804201126099e-02,1.563017815351486206e-01,9.181404113769531250e-02,2.455696314573287964e-01,-7.791914045810699463e-03,9.078781306743621826e-02,1.091606914997100830e-01,2.808611281216144562e-02,2.296753525733947754e-01
3.754418194293975830e-01,1.219571847468614578e-02,6.803340911865234375e-01,1.000000119209289551e+00,3.014763891696929932e-01,4.920945763587951660e-01,3.898606300354003906e-01,-4.105824604630470276e-02,-9.224872291088104248e-02,5.879395082592964172e-02,-1.178236380219459534e-01,6.523461639881134033e-02,2.454416006803512573e-01,-6.096443161368370056e-02,-3.375986218452453613e-02,2.078701257705688477e-01,3.317544162273406982e-01,4.105016887187957764e-01,3.280135095119476318e-01,5.069384574890136719e-01,5.851704478263854980e-01,5.364423990249633789e-01,4.110500961542129517e-02,-7.146038115024566650e-02,-8.847934752702713013e-02,8.188071846961975098e-02,-2.715635597705841064e-01,2.472274452447891235e-01,-4.002876207232475281e-02,6.232664361596107483e-02,2.673468589782714844e-01,1.670956611633300781e-01,-7.842589914798736572e-02,5.688035860657691956e-02,-1.232666894793510437e-01,8.720979839563369751e-02,1.182404831051826477e-01,5.672922357916831970e-02,9.790601581335067749e-02,2.876052865758538246e-03,1.405248045921325684e-01,2.310368232429027557e-02,9.183815121650695801e-02,4.728959873318672180e-02,1.861284300684928894e-02,1.021959586068987846e-03,-1.265781968832015991e-01,1.702589094638824463e-01
4.416104555130004883e-01,6.018383428454399109e-02,3.577218651771545410e-01,3.014763891696929932e-01,1.000000238418579102e+00,4.968617558479309082e-01,3.040480315685272217e-01,4.940132796764373779e-01,4.275732934474945068e-01,3.891618549823760986e-01,2.769337296485900879e-01,3.861355483531951904e-01,5.172364711761474609e-01,2.326016277074813843e-01,2.216778248548507690e-01,3.609153926372528076e-01,1.418978571891784668e-01,6.277754157781600952e-02,-2.867637388408184052e-02,1.064661815762519836e-01,3.683315515518188477e-01,1.298738569021224976e-01,1.548348218202590942e-01,1.227979585528373718e-01,2.283350825309753418e-01,8.159358799457550049e-02,1.471013873815536499e-01,1.359111368656158447e-01,-5.144100214238278568e-05,1.020928323268890381e-01,1.412296444177627563e-01,3.905157372355461121e-02,3.550900220870971680e-01,3.021166026592254639e-01,7.945525646209716797e-02,1.789862066507339478e-01,3.009735941886901855e-01,3.587276935577392578e-01,2.789951860904693604e-01,1.285838484764099121e-01,1.173168271780014038e-01,1.044354811310768127e-01,-8.178579155355691910e-04,1.599234789609909058e-01,1.135040372610092163e-01,1.858317553997039795e-01,1.448241993784904480e-02,2.333692014217376709e-01
3.902323544025421143e-01,2.391732186079025269e-01,4.257973730564117432e-01,4.920945763587951660e-01,4.968617558479309082e-01,9.999995827674865723e-01,5.455846190452575684e-01,9.431143105030059814e-02,-4.792198538780212402e-02,-5.698759108781814575e-02,-1.075674369931221008e-01,-1.116319652646780014e-02,1.752791106700897217e-01,-8.276591449975967407e-02,8.599424362182617188e-02,3.190013766288757324e-01,4.828865230083465576e-01,5.478076338768005371e-01,5.048173069953918457e-01,5.176146030426025391e-01,2.882316112518310547e-01,2.718432545661926270e-01,5.069201812148094177e-02,1.312805712223052979e-01,-2.340238727629184723e-02,2.838371396064758301e-01,-1.083785444498062134e-01,1.744723618030548096e-01,7.715579867362976074e-02,7.172517478466033936e-03,2.640931308269500732e-01,2.105517685413360596e-01,1.596534699201583862e-01,1.607208102941513062e-01,-1.132794916629791260e-01,2.186087965965270996e-01,1.756616532802581787e-01,1.695376038551330566e-01,1.635800153017044067e-01,-2.798508852720260620e-02,3.800439536571502686e-01,2.971432209014892578e-01,2.641277611255645752e-01,-3.710874915122985840e-02,1.147004142403602600e-01,1.299930512905120850e-01,1.163663044571876526e-01,1.602652370929718018e-01
1.530047357082366943e-01,2.514074146747589111e-01,4.048395752906799316e-01,3.898606300354003906e-01,3.040480315685272217e-01,5.455846190452575684e-01,9.999998211860656738e-01,2.082832306623458862e-01,1.296287477016448975e-01,9.115203469991683960e-02,-1.437963843345642090e-01,-9.461072832345962524e-02,2.498507052659988403e-01,-4.268709197640419006e-02,-9.099785238504409790e-03,3.629777133464813232e-01,7.796007990837097168e-01,5.496389865875244141e-01,4.629803597927093506e-01,4.411410987377166748e-01,1.798308044672012329e-01,2.194591462612152100e-01,2.801650464534759521e-01,3.162449002265930176e-01,2.602270431816577911e-02,5.667537450790405273e-01,-6.811472773551940918e-02,2.785535454750061035e-01,3.159936964511871338e-01,1.494233757257461548e-01,3.233326971530914307e-01,3.609851002693176270e-01,1.476884167641401291e-02,3.206612467765808105e-01,7.220917195081710815e-02,3.281873762607574463e-01,2.481691241264343262e-01,2.689419388771057129e-01,3.199133872985839844e-01,8.044289797544479370e-02,3.844875693321228027e-01,5.188646316528320312e-01,4.588598310947418213e-01,1.431072205305099487e-01,1.828071773052215576e-01,2.772492468357086182e-01,2.757856845855712891e-01,2.455093860626220703e-01
1.418176740407943726e-01,9.623713791370391846e-02,1.052140817046165466e-01,-4.105824604630470276e-02,4.940132796764373779e-01,9.431143105030059814e-02,2.082832306623458862e-01,1.000000238418579102e+00,6.652713418006896973e-01,4.785304963588714600e-01,5.525954365730285645e-01,4.095343351364135742e-01,4.376965463161468506e-01,5.912569761276245117e-01,1.730599105358123779e-01,3.414835631847381592e-01,9.589068591594696045e-02,-1.272621452808380127e-01,-1.029594987630844116e-01,-1.075933277606964111e-01,1.938481926918029785e-01,7.390155806206166744e-04,2.358625382184982300e-01,1.626759320497512817e-01,2.672376334667205811e-01,1.813123971223831177e-01,2.776463925838470459e-01,9.798404574394226074e-02,1.650078892707824707e-01,2.125947922468185425e-01,1.425284892320632935e-01,1.089904736727476120e-02,3.668425381183624268e-01,4.915264844894409180e-01,2.627780735492706299e-01,1.703348755836486816e-01,5.236186981201171875e-01,4.142512679100036621e-01,2.940865755081176758e-01,1.996072828769683838e-01,2.091963775455951691e-02,2.169786989688873291e-01,1.206738427281379700e-01,4.175763130187988281e-01,1.450037062168121338e-01,3.233347833156585693e-01,1.077359467744827271e-01,1.736114770174026489e-01
9.473766386508941650e-02,5.058744549751281738e-02,-4.498561844229698181e-02,-9.224872291088104248e-02,4.275732934474945068e-01,-4.792198538780212402e-02,1.296287477016448975e-01,6.652713418006896973e-01,9.999999403953552246e-01,4.608872830867767334e-01,5.337655544281005859e-01,4.553029239177703857e-01,3.608966767787933350e-01,3.917446136474609375e-01,5.273143947124481201e-02,3.368692398071289062e-01,5.243419483304023743e-02,-2.120743393898010254e-01,-1.834964305162429810e-01,-1.377933323383331299e-01,1.324234306812286377e-01,-6.965454667806625366e-02,1.625880002975463867e-01,5.046046525239944458e-02,2.459206432104110718e-01,6.226339936256408691e-02,4.221532344818115234e-01,-1.462055929005146027e-02,4.833292216062545776e-02,1.141861453652381897e-01,1.502512954175472260e-02,-5.835443269461393356e-03,2.900446653366088867e-01,3.035884499549865723e-01,3.408699333667755127e-01,5.216244980692863464e-02,3.257661461830139160e-01,3.330825865268707275e-01,3.364730477333068848e-01,1.819649040699005127e-01,-1.595617234706878662e-01,6.001838669180870056e-02,7.686690241098403931e-02,5.298288464546203613e-01,-7.684655021876096725e-03,2.509974241256713867e-01,6.486237794160842896e-02,1.382288932800292969e-01
1.539761275053024292e-01,-5.801018327474594116e-02,1.578142642974853516e-01,5.879395082592964172e-02,3.891618549823760986e-01,-5.698759108781814575e-02,9.115203469991683960e-02,4.785304963588714600e-01,4.608872830867767334e-01,1.000000596046447754e+00,4.640998542308807373e-01,6.181860566139221191e-01,5.576333403587341309e-01,3.551772236824035645e-01,2.187974005937576294e-01,1.550435274839401245e-01,7.081399206072092056e-03,-2.098976522684097290e-01,-1.564984917640686035e-01,-8.119179308414459229e-02,3.322070240974426270e-01,-8.568467944860458374e-02,7.034547626972198486e-02,-6.311127543449401855e-02,4.643329605460166931e-02,3.164135664701461792e-02,3.843763098120689392e-02,2.827712148427963257e-02,5.289809033274650574e-02,1.545190811157226562e-01,-7.082419842481613159e-02,-8.667142689228057861e-02,8.721165359020233154e-02,1.965438872575759888e-01,6.738147139549255371e-02,5.796281993389129639e-02,1.144804731011390686e-01,1.736256629228591919e-01,7.364553958177566528e-02,7.686127908527851105e-03,1.048301160335540771e-02,5.543411523103713989e-02,-8.283092640340328217e-03,3.797918856143951416e-01,2.118687778711318970e-01,2.270866632461547852e-01,-1.261054426431655884e-01,1.716639399528503418e-01
8.721705526113510132e-02,-1.048866137862205505e-01,-4.928494989871978760e-02,-1.178236380219459534e-01,2.769337296485900879e-01,-1.075674369931221008e-01,-1.437963843345642090e-01,5.525954365730285645e-01,5.337655544281005859e-01,4.640998542308807373e-01,1.000000238418579102e+00,6.655498147010803223e-01,2.970709502696990967e-01,3.218984603881835938e-01,1.685428470373153687e-01,1.921723037958145142e-01,-2.258400470018386841e-01,-2.517043948173522949e-01,-2.251061350107192993e-01,-2.269277423620223999e-01,1.186466962099075317e-01,-1.569592766463756561e-02,6.336860358715057373e-02,-1.021804139018058777e-01,3.291289135813713074e-02,-1.139796003699302673e-01,1.607784926891326904e-01,-7.190823554992675781e-02,-9.271920472383499146e-02,5.221005156636238098e-02,-8.648224174976348877e-02,-1.478859186172485352e-01,2.527541518211364746e-01,2.284524589776992798e-01,5.281752347946166992e-02,-4.124169051647186279e-02,5.943964794278144836e-02,1.622618734836578369e-01,1.175385713577270508e-01,7.858990132808685303e-02,-1.648545563220977783e-01,-1.397211402654647827e-01,-1.224847286939620972e-01,3.072987496852874756e-01,-5.884427204728126526e-02,3.076020441949367523e-02,-6.979843229055404663e-02,2.868437394499778748e-02
3.296791315078735352e-01,-1.454491317272186279e-01,1.688091903924942017e-01,6.523461639881134033e-02,3.861355483531951904e-01,-1.116319652646780014e-02,-9.461072832345962524e-02,4.095343351364135742e-01,4.553029239177703857e-01,6.181860566139221191e-01,6.655498147010803223e-01,1.000000000000000000e+00,4.060332179069519043e-01,2.961831092834472656e-01,3.190598785877227783e-01,2.604207098484039307e-01,-1.800926178693771362e-01,-2.024285644292831421e-01,-2.264308929443359375e-01,-1.792215555906295776e-01,3.693490326404571533e-01,2.484889887273311615e-02,-5.066227167844772339e-03,-1.446375697851181030e-01,7.014834880828857422e-02,-1.538126021623611450e-01,1.450995951890945435e-01,6.280297785997390747e-02,-6.279782950878143311e-02,2.043090611696243286e-01,-4.979892075061798096e-02,-1.285218298435211182e-01,2.254183292388916016e-01,1.176153048872947693e-01,1.034320797771215439e-02,-8.396519720554351807e-02,-6.633335258811712265e-03,1.245794594287872314e-01,1.267305761575698853e-01,-3.774925833567976952e-03,-2.047515213489532471e-01,-2.088025361299514771e-01,-1.421892791986465454e-01,1.995739936828613281e-01,-1.140271201729774475e-01,-3.818826517090201378e-03,-1.254810392856597900e-01,7.757201790809631348e-02
2.125204503536224365e-01,-3.501949459314346313e-02,2.976342439651489258e-01,2.454416006803512573e-01,5.172364711761474609e-01,1.752791106700897217e-01,2.498507052659988403e-01,4.376965463161468506e-01,3.608966767787933350e-01,5.576333403587341309e-01,2.970709502696990967e-01,4.060332179069519043e-01,9.999997019767761230e-01,2.492183744907379150e-01,2.498951554298400879e-01,3.994050025939941406e-01,1.560503393411636353e-01,3.697483986616134644e-02,-5.268848687410354614e-02,7.570297271013259888e-02,4.415443241596221924e-01,2.068754881620407104e-01,2.515759766101837158e-01,1.751938015222549438e-01,1.442238092422485352e-01,1.146074570715427399e-02,4.107424244284629822e-02,3.729312866926193237e-02,-1.612496376037597656e-02,2.051670849323272705e-01,2.618267834186553955e-01,1.490705311298370361e-01,1.663105338811874390e-01,3.202283978462219238e-01,1.120382249355316162e-01,1.903822869062423706e-01,2.402353733777999878e-01,4.706484079360961914e-01,3.000897467136383057e-01,4.233040660619735718e-02,5.049596074968576431e-03,1.512005627155303955e-01,-2.230947092175483704e-02,2.199888229370117188e-01,2.517380416393280029e-01,2.735061049461364746e-01,7.333501428365707397e-02,2.052146196365356445e-01
1.535020917654037476e-01,3.738769143819808960e-02,3.672417253255844116e-02,-6.096443161368370056e-02,2.326016277074813843e-01,-8.276591449975967407e-02,-4.268709197640419006e-02,5.912569761276245117e-01,3.917446136474609375e-01,3.551772236824035645e-01,3.218984603881835938e-01,2.961831092834472656e-01,2.492183744907379150e-01,9.999998211860656738e-01,8.467029780149459839e-02,7.249477505683898926e-02,-4.975339770317077637e-02,-1.659583151340484619e-01,-1.194177344441413879e-01,-8.632714301347732544e-02,2.562157213687896729e-01,1.865544170141220093e-02,1.960681751370429993e-02,-4.407974332571029663e-02,1.178319379687309265e-01,6.625281274318695068e-02,8.301918953657150269e-02,8.218255639076232910e-02,1.572264879941940308e-01,7.948315888643264771e-02,8.479943498969078064e-03,-1.386854350566864014e-01,6.491012871265411377e-02,2.288885563611984253e-01,8.343441784381866455e-02,-1.563055813312530518e-02,5.781989097595214844e-01,1.422094851732254028e-01,4.440164193511009216e-03,1.101863160729408264e-01,-1.965735107660293579e-02,3.733194991946220398e-02,7.781975716352462769e-02,3.151773214340209961e-01,6.780073046684265137e-02,1.540020555257797241e-01,-7.221422344446182251e-02,5.496131256222724915e-02
3.915190100669860840e-01,-2.922825515270233154e-02,4.635562747716903687e-02,-3.375986218452453613e-02,2.216778248548507690e-01,8.599424362182617188e-02,-9.099785238504409790e-03,1.730599105358123779e-01,5.273143947124481201e-02,2.187974005937576294e-01,1.685428470373153687e-01,3.190598785877227783e-01,2.498951554298400879e-01,8.467029780149459839e-02,1.000000238418579102e+00,3.380333483219146729e-01,-1.099114865064620972e-01,-5.009225755929946899e-02,-1.885345131158828735e-01,-1.049349382519721985e-01,1.194263622164726257e-01,-1.215029321610927582e-02,1.142998561263084412e-01,8.498905599117279053e-02,2.923960685729980469e-01,-5.080551654100418091e-02,1.616309285163879395e-01,1.576239764690399170e-01,6.128211319446563721e-02,2.273066490888595581e-01,1.322259753942489624e-01,-4.462827369570732117e-02,4.005459249019622803e-01,2.581069767475128174e-01,4.642787575721740723e-02,6.373653560876846313e-02,-5.512826517224311829e-02,3.680607974529266357e-01,1.246861442923545837e-01,-2.210022322833538055e-02,1.180166960693895817e-03,-6.440505385398864746e-03,-9.104514122009277344e-02,-7.918934524059295654e-02,6.994937360286712646e-02,1.088879629969596863e-01,6.255568563938140869e-02,-1.405555754899978638e-01
1.476196497678756714e-01,9.022688865661621094e-02,1.575714200735092163e-01,2.078701257705688477e-01,3.609153926372528076e-01,3.190013766288757324e-01,3.629777133464813232e-01,3.414835631847381592e-01,3.368692398071289062e-01,1.550435274839401245e-01,1.921723037958145142e-01,2.604207098484039307e-01,3.994050025939941406e-01,7.249477505683898926e-02,3.380333483219146729e-01,1.000000238418579102e+00,2.206174880266189575e-01,2.590675652027130127e-01,4.754244908690452576e-02,-2.703827340155839920e-03,1.704238951206207275e-01,2.936355471611022949e-01,3.527587652206420898e-01,1.297938376665115356e-01,2.040061950683593750e-01,4.190133884549140930e-02,2.563547790050506592e-01,5.842798948287963867e-02,5.089202523231506348e-02,1.634853929281234741e-01,3.214095532894134521e-01,6.922309100627899170e-02,1.855652481317520142e-01,4.152360856533050537e-01,2.947945892810821533e-01,1.697171777486801147e-01,2.496712058782577515e-01,5.474356412887573242e-01,5.419046282768249512e-01,1.035822480916976929e-01,1.012123096734285355e-02,1.250180900096893311e-01,-1.694530062377452850e-02,1.545700728893280029e-01,7.507400214672088623e-02,1.281165629625320435e-01,9.882707893848419189e-02,6.077791750431060791e-02
1.543364524841308594e-01,2.820262908935546875e-01,3.224117755889892578e-01,3.317544162273406982e-01,1.418978571891784668e-01,4.828865230083465576e-01,7.796007990837097168e-01,9.589068591594696045e-02,5.243419483304023743e-02,7.081399206072092056e-03,-2.258400470018386841e-01,-1.800926178693771362e-01,1.560503393411636353e-01,-4.975339770317077637e-02,-1.099114865064620972e-01,2.206174880266189575e-01,1.000000953674316406e+00,6.573504805564880371e-01,6.503918766975402832e-01,5.464869141578674316e-01,1.402966231107711792e-01,1.799930632114410400e-01,1.256833821535110474e-01,2.659636437892913818e-01,-2.742648497223854065e-02,5.239500403404235840e-01,-1.302709579467773438e-01,1.895185559988021851e-01,2.523263990879058838e-01,7.154195010662078857e-02,2.966405451297760010e-01,3.458128273487091064e-01,-2.935507148504257202e-02,2.075604051351547241e-01,-4.757818765938282013e-03,2.804944813251495361e-01,2.436503320932388306e-01,1.792884021997451782e-01,2.139682322740554810e-01,1.251398213207721710e-02,3.297517001628875732e-01,5.245487093925476074e-01,5.023423433303833008e-01,1.232261583209037781e-01,1.882733255624771118e-01,2.812606096267700195e-01,2.153723984956741333e-01,2.329072803258895874e-01
2.303401529788970947e-01,1.469172090291976929e-01,3.646070361137390137e-01,4.105016887187957764e-01,6.277754157781600952e-02,5.478076338768005371e-01,5.496389865875244141e-01,-1.272621452808380127e-01,-2.120743393898010254e-01,-2.098976522684097290e-01,-2.517043948173522949e-01,-2.024285644292831421e-01,3.697483986616134644e-02,-1.659583151340484619e-01,-5.009225755929946899e-02,2.590675652027130127e-01,6.573504805564880371e-01,1.000000119209289551e+00,6.792832612991333008e-01,5.467528700828552246e-01,1.725139170885086060e-01,4.195770621299743652e-01,1.439292728900909424e-01,1.651537716388702393e-01,-9.030600637197494507e-02,2.793020009994506836e-01,-2.029735296964645386e-01,1.324785202741622925e-01,4.175534099340438843e-02,-5.982601270079612732e-02,4.566041231155395508e-01,3.205377757549285889e-01,-3.914124146103858948e-02,8.404543995857238770e-02,-8.542545884847640991e-02,2.541019320487976074e-01,1.440734118223190308e-01,1.528235375881195068e-01,2.015501558780670166e-01,3.760233893990516663e-02,2.255794256925582886e-01,1.900021731853485107e-01,3.014356195926666260e-01,2.130494685843586922e-03,4.433535411953926086e-02,2.352740429341793060e-02,1.754158437252044678e-01,1.271288543939590454e-01
1.293819695711135864e-01,3.280850052833557129e-01,1.898703575134277344e-01,3.280135095119476318e-01,-2.867637388408184052e-02,5.048173069953918457e-01,4.629803597927093506e-01,-1.029594987630844116e-01,-1.834964305162429810e-01,-1.564984917640686035e-01,-2.251061350107192993e-01,-2.264308929443359375e-01,-5.268848687410354614e-02,-1.194177344441413879e-01,-1.885345131158828735e-01,4.754244908690452576e-02,6.503918766975402832e-01,6.792832612991333008e-01,9.999999403953552246e-01,7.004644274711608887e-01,1.083733737468719482e-01,1.891377717256546021e-01,-6.957637518644332886e-02,8.015622198581695557e-02,-2.120022922754287720e-01,3.478738069534301758e-01,-2.728796303272247314e-01,7.216885685920715332e-02,1.789442747831344604e-01,-1.023675799369812012e-01,1.873393207788467407e-01,2.670245766639709473e-01,-1.596083492040634155e-01,-9.099302440881729126e-02,-2.307936698198318481e-01,1.560160666704177856e-01,1.142588779330253601e-01,-4.791584610939025879e-02,-3.114662133157253265e-02,-1.290311366319656372e-01,3.834646642208099365e-01,3.730106055736541748e-01,4.492548406124114990e-01,9.260020405054092407e-02,1.437080651521682739e-01,1.089510545134544373e-01,4.582297429442405701e-02,1.323248296976089478e-01
2.660194039344787598e-01,2.922512590885162354e-01,3.912902176380157471e-01,5.069384574890136719e-01,1.064661815762519836e-01,5.176146030426025391e-01,4.411410987377166748e-01,-1.075933277606964111e-01,-1.377933323383331299e-01,-8.119179308414459229e-02,-2.269277423620223999e-01,-1.792215555906295776e-01,7.570297271013259888e-02,-8.632714301347732544e-02,-1.049349382519721985e-01,-2.703827340155839920e-03,5.464869141578674316e-01,5.467528700828552246e-01,7.004644274711608887e-01,9.999995827674865723e-01,3.764254450798034668e-01,2.473415434360504150e-01,-1.037702262401580811e-01,4.433013126254081726e-02,-1.847362965345382690e-01,3.612334728240966797e-01,-3.031346499919891357e-01,2.897258102893829346e-01,2.413360029458999634e-01,-6.202651187777519226e-02,1.687324047088623047e-01,2.464724034070968628e-01,-9.548703581094741821e-02,-2.697939798235893250e-02,-2.115131169557571411e-01,6.821215152740478516e-02,8.597182482481002808e-02,-6.701593846082687378e-02,-9.885146468877792358e-02,-1.600356698036193848e-01,3.933720290660858154e-01,3.641861677169799805e-01,4.844546616077423096e-01,1.053967401385307312e-01,1.945811212062835693e-01,2.127240151166915894e-01,-2.576012164354324341e-02,1.218222826719284058e-01
4.802996814250946045e-01,-7.973565161228179932e-02,6.109954118728637695e-01,5.851704478263854980e-01,3.683315515518188477e-01,2.882316112518310547e-01,1.798308044672012329e-01,1.938481926918029785e-01,1.324234306812286377e-01,3.322070240974426270e-01,1.186466962099075317e-01,3.693490326404571533e-01,4.415443241596221924e-01,2.562157213687896729e-01,1.194263622164726257e-01,1.704238951206207275e-01,1.402966231107711792e-01,1.725139170885086060e-01,1.083733737468719482e-01,3.764254450798034668e-01,1.000000119209289551e+00,3.971407413482666016e-01,-2.614354481920599937e-03,-1.033065393567085266e-01,2.772144600749015808e-02,9.899280965328216553e-03,-1.111684963107109070e-01,2.614661753177642822e-01,-4.330379515886306763e-02,2.133732587099075317e-01,2.573345601558685303e-01,6.260633468627929688e-02,1.277647167444229126e-01,1.408425122499465942e-01,-5.811483412981033325e-02,-8.024573326110839844e-02,1.619497090578079224e-01,1.138731464743614197e-01,1.891912147402763367e-02,-5.639029666781425476e-02,-3.177893161773681641e-02,-3.783655539155006409e-02,1.291729956865310669e-01,8.568526059389114380e-02,7.892586290836334229e-02,8.091829717159271240e-02,-1.081818416714668274e-01,1.338989734649658203e-01
1.987781077623367310e-01,-1.051026433706283569e-01,3.612904548645019531e-01,5.364423990249633789e-01,1.298738569021224976e-01,2.718432545661926270e-01,2.194591462612152100e-01,7.390155806206166744e-04,-6.965454667806625366e-02,-8.568467944860458374e-02,-1.569592766463756561e-02,2.484889887273311615e-02,2.068754881620407104e-01,1.865544170141220093e-02,-1.215029321610927582e-02,2.936355471611022949e-01,1.799930632114410400e-01,4.195770621299743652e-01,1.891377717256546021e-01,2.473415434360504150e-01,3.971407413482666016e-01,9.999994635581970215e-01,2.928995192050933838e-01,1.582459956407546997e-01,7.135313749313354492e-02,-1.112597137689590454e-01,-5.522089451551437378e-02,1.900525204837322235e-02,-1.901478320360183716e-01,-7.022550702095031738e-02,4.659556150436401367e-01,3.891320526599884033e-01,6.816623266786336899e-03,1.028447449207305908e-01,8.511020988225936890e-02,2.288539409637451172e-01,1.385727077722549438e-01,2.418786585330963135e-01,3.411776423454284668e-01,1.748497486114501953e-01,-1.200032308697700500e-01,-1.359672844409942627e-01,-1.016659140586853027e-01,1.256738696247339249e-02,-9.625865519046783447e-02,-1.138969138264656067e-01,1.715260595083236694e-01,1.517547219991683960e-01
-1.133069992065429688e-01,-2.946205064654350281e-02,8.651994913816452026e-02,4.110500961542129517e-02,1.548348218202590942e-01,5.069201812148094177e-02,2.801650464534759521e-01,2.358625382184982300e-01,1.625880002975463867e-01,7.034547626972198486e-02,6.336860358715057373e-02,-5.066227167844772339e-03,2.515759766101837158e-01,1.960681751370429993e-02,1.142998561263084412e-01,3.527587652206420898e-01,1.256833821535110474e-01,1.439292728900909424e-01,-6.957637518644332886e-02,-1.037702262401580811e-01,-2.614354481920599937e-03,2.928995192050933838e-01,1.000000000000000000e+00,4.340864419937133789e-01,1.516364067792892456e-01,9.056904166936874390e-02,1.392751187086105347e-01,9.799976646900177002e-02,1.803267188370227814e-02,6.592800468206405640e-02,3.550836741924285889e-01,3.440134525299072266e-01,2.326971665024757385e-02,2.878499031066894531e-01,3.109567463397979736e-01,4.662741422653198242e-01,1.329547017812728882e-01,4.115447103977203369e-01,6.135320067405700684e-01,6.328824758529663086e-01,3.930453583598136902e-02,8.417717367410659790e-02,5.758769065141677856e-02,1.904802769422531128e-01,-7.204474532045423985e-04,7.967112213373184204e-02,4.200542867183685303e-01,3.131980895996093750e-01
-5.728490650653839111e-02,1.687868088483810425e-01,5.593373998999595642e-02,-7.146038115024566650e-02,1.227979585528373718e-01,1.312805712223052979e-01,3.162449002265930176e-01,1.626759320497512817e-01,5.046046525239944458e-02,-6.311127543449401855e-02,-1.021804139018058777e-01,-1.446375697851181030e-01,1.751938015222549438e-01,-4.407974332571029663e-02,8.498905599117279053e-02,1.297938376665115356e-01,2.659636437892913818e-01,1.651537716388702393e-01,8.015622198581695557e-02,4.433013126254081726e-02,-1.033065393567085266e-01,1.582459956407546997e-01,4.340864419937133789e-01,9.999997615814208984e-01,2.278676778078079224e-01,2.236162275075912476e-01,1.892379373311996460e-01,2.174958586692810059e-01,1.883690059185028076e-01,2.134971469640731812e-01,4.502831995487213135e-01,6.542656421661376953e-01,2.210517078638076782e-01,2.296573519706726074e-01,3.050229847431182861e-01,6.418976783752441406e-01,1.250041574239730835e-01,2.993178069591522217e-01,4.232035577297210693e-01,2.238857001066207886e-01,1.379499435424804688e-01,4.053100943565368652e-01,1.305359005928039551e-01,-6.380637641996145248e-03,2.017295211553573608e-01,3.474578857421875000e-01,7.398146390914916992e-01,2.581262886524200439e-01
3.113191425800323486e-01,-2.787437289953231812e-02,-3.298971056938171387e-02,-8.847934752702713013e-02,2.283350825309753418e-01,-2.340238727629184723e-02,2.602270431816577911e-02,2.672376334667205811e-01,2.459206432104110718e-01,4.643329605460166931e-02,3.291289135813713074e-02,7.014834880828857422e-02,1.442238092422485352e-01,1.178319379687309265e-01,2.923960685729980469e-01,2.040061950683593750e-01,-2.742648497223854065e-02,-9.030600637197494507e-02,-2.120022922754287720e-01,-1.847362965345382690e-01,2.772144600749015808e-02,7.135313749313354492e-02,1.516364067792892456e-01,2.278676778078079224e-01,1.000000000000000000e+00,-1.029209867119789124e-01,5.421989560127258301e-01,1.275269538164138794e-01,-4.591527581214904785e-02,1.873533874750137329e-01,1.535750031471252441e-01,1.039005145430564880e-01,4.638263285160064697e-01,3.324077129364013672e-01,2.123757749795913696e-01,1.193131431937217712e-01,2.279071211814880371e-01,3.917581737041473389e-01,2.152426689863204956e-01,1.646484732627868652e-01,-2.078786343336105347e-01,-2.703986689448356628e-02,-4.882947355508804321e-02,-7.465544342994689941e-02,7.230763137340545654e-02,1.412455439567565918e-01,1.507310569286346436e-01,1.382055282592773438e-01
-5.101276189088821411e-02,3.148058354854583740e-01,2.395981848239898682e-01,8.188071846961975098e-02,8.159358799457550049e-02,2.838371396064758301e-01,5.667537450790405273e-01,1.813123971223831177e-01,6.226339936256408691e-02,3.164135664701461792e-02,-1.139796003699302673e-01,-1.538126021623611450e-01,1.146074570715427399e-02,6.625281274318695068e-02,-5.080551654100418091e-02,4.190133884549140930e-02,5.239500403404235840e-01,2.793020009994506836e-01,3.478738069534301758e-01,3.612334728240966797e-01,9.899280965328216553e-03,-1.112597137689590454e-01,9.056904166936874390e-02,2.236162275075912476e-01,-1.029209867119789124e-01,1.000000357627868652e+00,-1.564299166202545166e-01,3.155304789543151855e-01,4.733650386333465576e-01,8.616746217012405396e-02,1.537187546491622925e-01,1.233326271176338196e-01,-4.623539745807647705e-02,1.727143526077270508e-01,7.261466234922409058e-02,1.846166253089904785e-01,1.461134552955627441e-01,7.021681219339370728e-02,1.196640660054981709e-03,5.576505511999130249e-02,4.667072594165802002e-01,5.845003724098205566e-01,6.258562207221984863e-01,1.618888527154922485e-01,1.949263066053390503e-01,2.335707545280456543e-01,1.993953585624694824e-01,1.432102918624877930e-01
9.719526022672653198e-02,1.662125587463378906e-01,-2.355997413396835327e-01,-2.715635597705841064e-01,1.471013873815536499e-01,-1.083785444498062134e-01,-6.811472773551940918e-02,2.776463925838470459e-01,4.221532344818115234e-01,3.843763098120689392e-02,1.607784926891326904e-01,1.450995951890945435e-01,4.107424244284629822e-02,8.301918953657150269e-02,1.616309285163879395e-01,2.563547790050506592e-01,-1.302709579467773438e-01,-2.029735296964645386e-01,-2.728796303272247314e-01,-3.031346499919891357e-01,-1.111684963107109070e-01,-5.522089451551437378e-02,1.392751187086105347e-01,1.892379373311996460e-01,5.421989560127258301e-01,-1.564299166202545166e-01,9.999999403953552246e-01,1.427527051419019699e-02,5.703208222985267639e-02,1.883928328752517700e-01,7.825475931167602539e-02,5.651772394776344299e-02,4.665001928806304932e-01,2.416796237230300903e-01,4.875545501708984375e-01,1.112005561590194702e-01,1.603820770978927612e-01,3.401822745800018311e-01,3.577090203762054443e-01,2.086882442235946655e-01,-2.348858118057250977e-01,-4.727631062269210815e-02,-9.351915866136550903e-02,1.448561996221542358e-01,2.861382439732551575e-02,1.115285679697990417e-01,2.140560299158096313e-01,8.669111877679824829e-02
3.461382091045379639e-01,2.405328154563903809e-01,5.023691654205322266e-01,2.472274452447891235e-01,1.359111368656158447e-01,1.744723618030548096e-01,2.785535454750061035e-01,9.798404574394226074e-02,-1.462055929005146027e-02,2.827712148427963257e-02,-7.190823554992675781e-02,6.280297785997390747e-02,3.729312866926193237e-02,8.218255639076232910e-02,1.576239764690399170e-01,5.842798948287963867e-02,1.895185559988021851e-01,1.324785202741622925e-01,7.216885685920715332e-02,2.897258102893829346e-01,2.614661753177642822e-01,1.900525204837322235e-02,9.799976646900177002e-02,2.174958586692810059e-01,1.275269538164138794e-01,3.155304789543151855e-01,1.427527051419019699e-02,1.000000119209289551e+00,5.731168389320373535e-01,5.341042280197143555e-01,3.378714323043823242e-01,1.836377978324890137e-01,1.621739864349365234e-01,3.017000854015350342e-01,1.699740141630172729e-01,1.630764007568359375e-01,1.448681205511093140e-01,2.864070795476436615e-02,4.683957993984222412e-02,6.851417571306228638e-02,3.158037662506103516e-01,2.630356848239898682e-01,3.445645868778228760e-01,1.016704440116882324e-01,1.936472654342651367e-01,2.330317795276641846e-01,1.279728561639785767e-01,9.570160508155822754e-02
2.709221467375755310e-02,4.256529211997985840e-01,1.035239174962043762e-01,-4.002876207232475281e-02,-5.144100214238278568e-05,7.715579867362976074e-02,3.159936964511871338e-01,1.650078892707824707e-01,4.833292216062545776e-02,5.289809033274650574e-02,-9.271920472383499146e-02,-6.279782950878143311e-02,-1.612496376037597656e-02,1.572264879941940308e-01,6.128211319446563721e-02,5.089202523231506348e-02,2.523263990879058838e-01,4.175534099340438843e-02,1.789442747831344604e-01,2.413360029458999634e-01,-4.330379515886306763e-02,-1.901478320360183716e-01,1.803267188370227814e-02,1.883690059185028076e-01,-4.591527581214904785e-02,4.733650386333465576e-01,5.703208222985267639e-02,5.731168389320373535e-01,1.000000357627868652e+00,4.494454264640808105e-01,1.696310192346572876e-01,1.036165282130241394e-01,1.115845236927270889e-02,2.203510403633117676e-01,1.725083738565444946e-01,9.006267786026000977e-02,1.930390447378158569e-01,3.717592731118202209e-02,1.072393642971292138e-04,-2.232011407613754272e-02,4.963119029998779297e-01,4.994125068187713623e-01,4.574969410896301270e-01,1.994950771331787109e-01,2.649502158164978027e-01,2.930025756359100342e-01,9.157049655914306641e-02,-2.566085942089557648e-02
2.559263706207275391e-01,3.833122923970222473e-02,2.600665390491485596e-01,6.232664361596107483e-02,1.020928323268890381e-01,7.172517478466033936e-03,1.494233757257461548e-01,2.125947922468185425e-01,1.141861453652381897e-01,1.545190811157226562e-01,5.221005156636238098e-02,2.043090611696243286e-01,2.051670849323272705e-01,7.948315888643264771e-02,2.273066490888595581e-01,1.634853929281234741e-01,7.154195010662078857e-02,-5.982601270079612732e-02,-1.023675799369812012e-01,-6.202651187777519226e-02,2.133732587099075317e-01,-7.022550702095031738e-02,6.592800468206405640e-02,2.134971469640731812e-01,1.873533874750137329e-01,8.616746217012405396e-02,1.883928328752517700e-01,5.341042280197143555e-01,4.494454264640808105e-01,1.000000238418579102e+00,3.968960642814636230e-01,1.804487109184265137e-01,2.454636693000793457e-01,3.248555660247802734e-01,2.537498176097869873e-01,9.373141825199127197e-02,8.167701959609985352e-02,1.908043920993804932e-01,1.347789615392684937e-01,-1.147160958498716354e-02,1.432487070560455322e-01,2.134181708097457886e-01,1.056499555706977844e-01,5.077225342392921448e-02,1.552064865827560425e-01,2.511235475540161133e-01,1.639187783002853394e-01,5.965977162122726440e-02
2.124220132827758789e-01,4.561405256390571594e-02,3.799865245819091797e-01,2.673468589782714844e-01,1.412296444177627563e-01,2.640931308269500732e-01,3.233326971530914307e-01,1.425284892320632935e-01,1.502512954175472260e-02,-7.082419842481613159e-02,-8.648224174976348877e-02,-4.979892075061798096e-02,2.618267834186553955e-01,8.479943498969078064e-03,1.322259753942489624e-01,3.214095532894134521e-01,2.966405451297760010e-01,4.566041231155395508e-01,1.873393207788467407e-01,1.687324047088623047e-01,2.573345601558685303e-01,4.659556150436401367e-01,3.550836741924285889e-01,4.502831995487213135e-01,1.535750031471252441e-01,1.537187546491622925e-01,7.825475931167602539e-02,3.378714323043823242e-01,1.696310192346572876e-01,3.968960642814636230e-01,1.000000238418579102e+00,4.994391798973083496e-01,1.551377475261688232e-01,3.369466066360473633e-01,3.489668071269989014e-01,4.508068859577178955e-01,2.215209454298019409e-01,4.219628274440765381e-01,4.080292880535125732e-01,2.136970311403274536e-01,1.011928170919418335e-01,9.974627196788787842e-02,1.572091877460479736e-01,9.473912417888641357e-02,5.957221612334251404e-02,7.188401371240615845e-02,4.563505053520202637e-01,1.496627777814865112e-01
7.070000469684600830e-02,8.088435977697372437e-02,1.619066148996353149e-01,1.670956611633300781e-01,3.905157372355461121e-02,2.105517685413360596e-01,3.609851002693176270e-01,1.089904736727476120e-02,-5.835443269461393356e-03,-8.667142689228057861e-02,-1.478859186172485352e-01,-1.285218298435211182e-01,1.490705311298370361e-01,-1.386854350566864014e-01,-4.462827369570732117e-02,6.922309100627899170e-02,3.458128273487091064e-01,3.205377757549285889e-01,2.670245766639709473e-01,2.464724034070968628e-01,6.260633468627929688e-02,3.891320526599884033e-01,3.440134525299072266e-01,6.542656421661376953e-01,1.039005145430564880e-01,1.233326271176338196e-01,5.651772394776344299e-02,1.836377978324890137e-01,1.036165282130241394e-01,1.804487109184265137e-01,4.994391798973083496e-01,9.999999403953552246e-01,8.695024251937866211e-02,1.195985376834869385e-01,1.521462351083755493e-01,6.064887046813964844e-01,3.722826391458511353e-02,2.029803991317749023e-01,3.704677522182464600e-01,1.431218683719635010e-01,1.329705715179443359e-01,2.217626422643661499e-01,1.499618589878082275e-01,6.960553675889968872e-02,4.857381805777549744e-02,1.982186883687973022e-01,6.269194483757019043e-01,3.065756857395172119e-01
4.571747779846191406e-01,1.035628989338874817e-01,8.984333276748657227e-02,-7.842589914798736572e-02,3.550900220870971680e-01,1.596534699201583862e-01,1.476884167641401291e-02,3.668425381183624268e-01,2.900446653366088867e-01,8.721165359020233154e-02,2.527541518211364746e-01,2.254183292388916016e-01,1.663105338811874390e-01,6.491012871265411377e-02,4.005459249019622803e-01,1.855652481317520142e-01,-2.935507148504257202e-02,-3.914124146103858948e-02,-1.596083492040634155e-01,-9.548703581094741821e-02,1.277647167444229126e-01,6.816623266786336899e-03,2.326971665024757385e-02,2.210517078638076782e-01,4.638263285160064697e-01,-4.623539745807647705e-02,4.665001928806304932e-01,1.621739864349365234e-01,1.115845236927270889e-02,2.454636693000793457e-01,1.551377475261688232e-01,8.695024251937866211e-02,1.000000357627868652e+00,2.833459079265594482e-01,2.364609241485595703e-01,6.009764596819877625e-02,1.165377497673034668e-01,3.228079974651336670e-01,2.021196931600570679e-01,5.349655449390411377e-02,-1.376242935657501221e-01,6.825686246156692505e-02,1.075680553913116455e-02,-6.560435891151428223e-02,1.171095296740531921e-01,2.833686470985412598e-01,1.973455697298049927e-01,2.491896599531173706e-02
