9.999997615814208984e-01,2.616820037364959717e-01,3.826949298381805420e-01,4.076259732246398926e-01,3.827197551727294922e-01,4.658322632312774658e-01,2.527742683887481689e-01,2.934791445732116699e-01,1.429379433393478394e-01,7.192167453467845917e-03,2.136138230562210083e-01,4.230105578899383545e-01,1.891530156135559082e-01,2.145771086215972900e-01,3.800688683986663818e-01,2.445439398288726807e-01,1.309630274772644043e-01,-2.747983671724796295e-02,-1.530215330421924591e-02,1.649275571107864380e-01,4.599078297615051270e-01,3.687518462538719177e-02,-1.117011532187461853e-01,6.194747984409332275e-02,3.865008652210235596e-01,6.746771931648254395e-02,2.703675031661987305e-01,4.972206354141235352e-01,2.809083759784698486e-01,2.738731205463409424e-01,1.985198631882667542e-02,-1.451256275177001953e-01,4.643763899803161621e-01,-1.587849296629428864e-02,1.604783833026885986e-01,-4.717350751161575317e-02,8.659166842699050903e-02,-1.523308362811803818e-02,-2.323095127940177917e-02,2.993185259401798248e-02,2.172261029481887817e-01,2.265963405370712280e-01,-2.029612474143505096e-02,1.936904340982437134e-01,1.100782454013824463e-01,-6.546408683061599731e-02,-1.090976148843765259e-01,-5.386848747730255127e-02
2.616820037364959717e-01,9.999997615814208984e-01,1.597323119640350342e-01,2.118079811334609985e-01,4.237208068370819092e-01,3.738971650600433350e-01,5.115312933921813965e-01,4.326074123382568359e-01,4.201501011848449707e-01,3.889443278312683105e-01,1.570537537336349487e-01,1.329754590988159180e-01,4.855355620384216309e-01,2.180884927511215210e-01,3.243896067142486572e-01,1.894122660160064697e-01,2.878640890121459961e-01,4.089326262474060059e-01,4.590386748313903809e-01,4.899787902832031250e-01,1.776476055383682251e-01,2.401359975337982178e-01,1.186045035719871521e-01,1.626120209693908691e-01,2.646366953849792480e-01,3.700298666954040527e-01,4.862220585346221924e-01,3.619677722454071045e-01,7.223895192146301270e-01,3.921969234943389893e-01,3.197765648365020752e-01,2.446838319301605225e-01,4.160562157630920410e-01,2.961819171905517578e-01,2.854019403457641602e-01,1.472420096397399902e-01,3.140113651752471924e-01,4.281052649021148682e-01,4.196285605430603027e-01,-1.063724756240844727e-01,5.137057304382324219e-01,6.114481091499328613e-01,4.124114513397216797e-01,5.315840840339660645e-01,6.011760830879211426e-01,4.903793334960937500e-01,1.563666462898254395e-01,-1.660120338201522827e-01
3.826949298381805420e-01,1.597323119640350342e-01,9.999995827674865723e-01,6.199288964271545410e-01,1.110457628965377808e-01,4.147012233734130859e-01,5.453401207923889160e-01,3.069826066493988037e-01,4.554321989417076111e-02,8.981707692146301270e-02,3.068391382694244385e-01,3.611217737197875977e-01,1.233248636126518250e-01,4.201366305351257324e-01,3.606634140014648438e-01,1.172466203570365906e-01,4.255532026290893555e-01,2.552514970302581787e-01,1.478515565395355225e-01,1.650078892707824707e-01,4.328904449939727783e-01,2.187131494283676147e-01,-8.419831842184066772e-02,7.733952254056930542e-03,1.962710171937942505e-01,3.152529597282409668e-01,2.270442247390747070e-01,4.389057159423828125e-01,1.789958178997039795e-01,2.162331938743591309e-01,1.873475685715675354e-02,-1.938200891017913818e-01,2.043604552745819092e-01,2.719401568174362183e-02,1.447151005268096924e-01,-1.097604557871818542e-01,2.529461383819580078e-01,2.192286588251590729e-02,-4.557339847087860107e-02,-7.399170845746994019e-02,1.562404781579971313e-01,9.837301075458526611e-02,-5.609836895018815994e-03,7.460702210664749146e-02,1.266791671514511108e-01,-2.640796359628438950e-03,-1.023569032549858093e-01,-1.336155086755752563e-01
4.076259732246398926e-01,2.118079811334609985e-01,6.199288964271545410e-01,9.999998211860656738e-01,2.847388684749603271e-01,1.090495288372039795e-01,4.129747748374938965e-01,-2.991701709106564522e-03,-6.006048247218132019e-02,8.743471652269363403e-02,-1.003861799836158752e-01,5.831023678183555603e-02,2.251030355691909790e-01,5.530134961009025574e-02,2.861612737178802490e-01,2.817512154579162598e-01,1.591030806303024292e-01,2.307394593954086304e-01,2.280130684375762939e-01,4.382044076919555664e-01,4.231670200824737549e-01,3.619265556335449219e-01,-9.239334613084793091e-02,-1.501727197319269180e-02,9.554918110370635986e-02,1.966980099678039551e-01,1.100626736879348755e-01,1.889161318540573120e-01,1.681806743144989014e-01,1.577248126268386841e-01,8.637287467718124390e-02,-7.616876065731048584e-02,4.699668288230895996e-02,-1.417581108398735523e-03,7.500040531158447266e-02,-8.685270696878433228e-02,5.733113735914230347e-02,-8.320312947034835815e-03,-2.163505554199218750e-02,-2.099093794822692871e-02,5.007391050457954407e-02,1.494944095611572266e-01,1.142116710543632507e-01,1.219658926129341125e-01,2.013905905187129974e-02,-2.131192944943904877e-03,-1.151783540844917297e-01,-1.352695971727371216e-01
3.827197551727294922e-01,4.237208068370819092e-01,1.110457628965377808e-01,2.847388684749603271e-01,1.000000238418579102e+00,4.882802069187164307e-01,3.404141366481781006e-01,1.876108646392822266e-01,1.571486294269561768e-01,8.550464361906051636e-02,1.697200164198875427e-02,9.614983946084976196e-02,4.434596002101898193e-01,-4.917284101247787476e-02,3.354474306106567383e-01,5.304650664329528809e-01,7.526727020740509033e-02,2.149229645729064941e-01,3.476352691650390625e-01,5.097029805183410645e-01,1.525252908468246460e-01,2.696016728878021240e-01,-1.311302334070205688e-01,3.454817458987236023e-02,3.156190216541290283e-01,8.051928877830505371e-02,2.364097386598587036e-01,1.710746139287948608e-01,2.890134453773498535e-01,8.373114466667175293e-02,-7.602756470441818237e-02,-1.028259992599487305e-01,5.172109603881835938e-01,2.332760691642761230e-01,2.583662569522857666e-01,-1.318162083625793457e-01,1.785781681537628174e-01,2.859643697738647461e-01,1.530968099832534790e-01,-1.847535073757171631e-01,4.191654026508331299e-01,3.881853222846984863e-01,1.658049821853637695e-01,1.742355376482009888e-01,2.233835160732269287e-01,1.336755156517028809e-01,-1.574964076280593872e-02,-2.078702151775360107e-01
4.658322632312774658e-01,3.738971650600433350e-01,4.147012233734130859e-01,1.090495288372039795e-01,4.882802069187164307e-01,9.999997615814208984e-01,4.005886912345886230e-01,5.000303983688354492e-01,1.765644401311874390e-01,5.757897719740867615e-02,4.201422929763793945e-01,5.010092258453369141e-01,3.385264277458190918e-01,4.444089829921722412e-01,4.431023597717285156e-01,2.367488890886306763e-01,1.952806711196899414e-01,5.495937541127204895e-02,7.213304191827774048e-02,1.737586110830307007e-01,3.814955949783325195e-01,5.400237813591957092e-02,-1.540683954954147339e-01,-3.570581600069999695e-02,3.136999905109405518e-01,1.701154708862304688e-01,2.969071269035339355e-01,5.048969388008117676e-01,3.193899691104888916e-01,2.244442403316497803e-01,-6.250403821468353271e-02,-2.259891182184219360e-01,5.642630457878112793e-01,1.812722682952880859e-01,2.629420757293701172e-01,-1.533953547477722168e-01,2.829281091690063477e-01,2.361067533493041992e-01,7.605521380901336670e-02,-2.143265157938003540e-01,5.242268443107604980e-01,2.816485464572906494e-01,-2.367590367794036865e-02,1.231883391737937927e-01,3.229835033416748047e-01,6.461790949106216431e-02,-7.888777554035186768e-02,-2.526742815971374512e-01
2.527742683887481689e-01,5.115312933921813965e-01,5.453401207923889160e-01,4.129747748374938965e-01,3.404141366481781006e-01,4.005886912345886230e-01,1.000000357627868652e+00,3.949606418609619141e-01,4.303791821002960205e-01,4.377126097679138184e-01,2.814263701438903809e-01,2.257995307445526123e-01,2.941685318946838379e-01,2.930886447429656982e-01,3.444807827472686768e-01,2.138871103525161743e-01,7.221829891204833984e-01,6.400012969970703125e-01,5.581405758857727051e-01,3.877026736736297607e-01,9.433082491159439087e-02,3.599090874195098877e-01,1.264491230249404907e-01,9.714292734861373901e-02,2.524399757385253906e-01,6.860132217407226562e-01,3.045275211334228516e-01,2.015297710895538330e-01,3.844648003578186035e-01,1.576529145240783691e-01,1.329377591609954834e-01,1.353958696126937866e-01,2.432106435298919678e-01,1.587486416101455688e-01,1.932564377784729004e-01,-1.230954471975564957e-02,3.900960087776184082e-01,2.470577955245971680e-01,1.936725527048110962e-01,-8.573040366172790527e-02,2.935208678245544434e-01,5.862147212028503418e-01,3.558302521705627441e-01,3.419628739356994629e-01,3.593961596488952637e-01,4.164133369922637939e-01,6.533216685056686401e-02,-6.915571540594100952e-02
2.934791445732116699e-01,4.326074123382568359e-01,3.069826066493988037e-01,-2.991701709106564522e-03,1.876108646392822266e-01,5.000303983688354492e-01,3.949606418609619141e-01,1.000000357627868652e+00,4.508273303508758545e-01,2.774982154369354248e-01,6.446171402931213379e-01,5.672143101692199707e-01,3.666352927684783936e-01,6.194176077842712402e-01,4.633187949657440186e-01,2.242539450526237488e-02,3.483367860317230225e-01,2.309472709894180298e-01,1.012408733367919922e-01,8.972847461700439453e-02,2.719790041446685791e-01,-4.460408166050910950e-02,-2.317048609256744385e-02,-1.894198358058929443e-02,4.982033073902130127e-01,3.158663809299468994e-01,3.441463410854339600e-01,4.588637650012969971e-01,3.883563876152038574e-01,3.372776508331298828e-01,1.583256721496582031e-01,-2.622215310111641884e-03,6.431469321250915527e-01,4.250326454639434814e-01,3.149505257606506348e-01,9.556488133966922760e-03,4.804442226886749268e-01,3.817141652107238770e-01,1.788012087345123291e-01,-1.718019098043441772e-01,4.346092343330383301e-01,2.834034264087677002e-01,1.342448592185974121e-01,3.374892771244049072e-01,2.629081308841705322e-01,2.021220624446868896e-01,-2.699159458279609680e-02,-1.819757521152496338e-01
1.429379433393478394e-01,4.201501011848449707e-01,4.554321989417076111e-02,-6.006048247218132019e-02,1.571486294269561768e-01,1.765644401311874390e-01,4.303791821002960205e-01,4.508273303508758545e-01,9.999998211860656738e-01,6.746196150779724121e-01,3.911282718181610107e-01,2.358509600162506104e-01,3.115655779838562012e-01,1.171263381838798523e-01,6.648082286119461060e-02,-1.034672930836677551e-01,4.785753190517425537e-01,3.098994195461273193e-01,3.540507853031158447e-01,1.393835097551345825e-01,-1.765459626913070679e-01,-7.908191531896591187e-02,2.060432583093643188e-01,8.417531102895736694e-02,2.521051466464996338e-01,4.665815234184265137e-01,1.362834870815277100e-01,1.075747236609458923e-01,3.588460087776184082e-01,1.108266487717628479e-01,1.098032742738723755e-01,3.234757184982299805e-01,2.376515120267868042e-01,2.473691254854202271e-01,1.839128583669662476e-01,1.423934698104858398e-01,2.951964139938354492e-01,2.299230694770812988e-01,2.130841016769409180e-01,-7.334651798009872437e-02,2.790109217166900635e-01,4.850183725357055664e-01,4.391826689243316650e-01,4.905587136745452881e-01,2.702139317989349365e-01,5.655627846717834473e-01,5.406714230775833130e-02,-4.472797736525535583e-02
7.192167453467845917e-03,3.889443278312683105e-01,8.981707692146301270e-02,8.743471652269363403e-02,8.550464361906051636e-02,5.757897719740867615e-02,4.377126097679138184e-01,2.774982154369354248e-01,6.746196150779724121e-01,1.000000357627868652e+00,2.788215279579162598e-01,1.852125078439712524e-01,3.344507515430450439e-01,5.857551842927932739e-02,-1.352700218558311462e-02,-1.090919971466064453e-01,5.000400543212890625e-01,3.834820389747619629e-01,4.460844099521636963e-01,1.671520173549652100e-01,-1.718409955501556396e-01,7.650982588529586792e-02,2.652955949306488037e-01,1.414137631654739380e-01,1.512172371149063110e-01,4.192029535770416260e-01,1.250860691070556641e-01,5.749912187457084656e-02,3.397023677825927734e-01,1.907171308994293213e-01,2.451664209365844727e-01,3.245130479335784912e-01,6.662094593048095703e-02,2.674393355846405029e-01,3.059802055358886719e-01,2.217584252357482910e-01,3.076286315917968750e-01,2.717193365097045898e-01,3.042673170566558838e-01,-9.254889935255050659e-02,1.900751739740371704e-01,4.337785840034484863e-01,5.606287717819213867e-01,5.084002017974853516e-01,4.045942425727844238e-01,7.142472863197326660e-01,1.809769719839096069e-01,-6.481949985027313232e-02
2.136138230562210083e-01,1.570537537336349487e-01,3.068391382694244385e-01,-1.003861799836158752e-01,1.697200164198875427e-02,4.201422929763793945e-01,2.814263701438903809e-01,6.446171402931213379e-01,3.911282718181610107e-01,2.788215279579162598e-01,9.999994635581970215e-01,6.973651647567749023e-01,6.831661611795425415e-02,4.425364732742309570e-01,3.000989556312561035e-01,-6.672153621912002563e-02,4.159561991691589355e-01,1.574576348066329956e-01,-1.910043880343437195e-02,-2.743609845638275146e-01,1.652796268463134766e-01,-1.970547623932361603e-02,-2.352057769894599915e-02,-6.649632006883621216e-02,4.950697422027587891e-01,2.069913893938064575e-01,3.103120625019073486e-01,4.940707087516784668e-01,2.303977012634277344e-01,4.190688133239746094e-01,2.137568295001983643e-01,-5.792041867971420288e-02,3.706682324409484863e-01,3.232682347297668457e-01,3.795109391212463379e-01,-1.141395699232816696e-02,2.821573019027709961e-01,2.483123391866683960e-01,5.986043438315391541e-02,-2.664303183555603027e-01,1.993178725242614746e-01,1.540446728467941284e-01,3.649452328681945801e-02,1.441504210233688354e-01,2.811920642852783203e-01,2.057441025972366333e-01,-5.540595948696136475e-02,-2.228560745716094971e-01
4.230105578899383545e-01,1.329754590988159180e-01,3.611217737197875977e-01,5.831023678183555603e-02,9.614983946084976196e-02,5.010092258453369141e-01,2.257995307445526123e-01,5.672143101692199707e-01,2.358509600162506104e-01,1.852125078439712524e-01,6.973651647567749023e-01,1.000000357627868652e+00,2.175375521183013916e-01,4.208775460720062256e-01,5.242531895637512207e-01,1.981384158134460449e-01,2.914902269840240479e-01,4.043515771627426147e-02,-6.212301924824714661e-02,-1.461626440286636353e-01,4.505645632743835449e-01,4.927980899810791016e-02,-1.461791694164276123e-01,-1.099015548825263977e-01,5.294216871261596680e-01,3.823287785053253174e-02,3.557875752449035645e-01,4.853551387786865234e-01,1.388705968856811523e-01,4.312305450439453125e-01,5.297229439020156860e-02,-2.364490330219268799e-01,4.886738061904907227e-01,2.081512361764907837e-01,3.194704949855804443e-01,-1.140952482819557190e-01,2.226434648036956787e-01,1.550297439098358154e-01,-5.841819569468498230e-02,-2.846875190734863281e-01,1.556110382080078125e-01,1.271045506000518799e-01,4.552232101559638977e-03,1.828745007514953613e-01,2.207002341747283936e-01,5.962626636028289795e-02,-1.952807605266571045e-01,-3.004471659660339355e-01
1.891530156135559082e-01,4.855355620384216309e-01,1.233248636126518250e-01,2.251030355691909790e-01,4.434596002101898193e-01,3.385264277458190918e-01,2.941685318946838379e-01,3.666352927684783936e-01,3.115655779838562012e-01,3.344507515430450439e-01,6.831661611795425415e-02,2.175375521183013916e-01,9.999997615814208984e-01,1.819903850555419922e-01,3.927602171897888184e-01,3.745902180671691895e-01,-1.720840460620820522e-03,1.937349587678909302e-01,3.024124801158905029e-01,6.297283768653869629e-01,3.023529648780822754e-01,1.736955940723419189e-01,8.596385270357131958e-02,5.122822150588035583e-02,2.097768485546112061e-01,1.345270574092864990e-01,1.908638626337051392e-01,5.878098681569099426e-02,3.390528261661529541e-01,1.440763473510742188e-01,1.145163103938102722e-01,1.294694840908050537e-01,4.079214632511138916e-01,2.378953099250793457e-01,2.042200565338134766e-01,4.049139097332954407e-02,2.257153987884521484e-01,2.797289788722991943e-01,2.921300530433654785e-01,-1.613351255655288696e-01,3.978808522224426270e-01,2.980030179023742676e-01,3.402550518512725830e-01,3.343532085418701172e-01,1.949537545442581177e-01,2.759169936180114746e-01,4.457557201385498047e-02,-1.960879862308502197e-01
2.145771086215972900e-01,2.180884927511215210e-01,4.201366305351257324e-01,5.530134961009025574e-02,-4.917284101247787476e-02,4.444089829921722412e-01,2.930886447429656982e-01,6.194176077842712402e-01,1.171263381838798523e-01,5.857551842927932739e-02,4.425364732742309570e-01,4.208775460720062256e-01,1.819903850555419922e-01,9.999997615814208984e-01,4.119660556316375732e-01,-6.344534456729888916e-02,2.281877249479293823e-01,1.651448607444763184e-01,3.875951468944549561e-02,1.891761831939220428e-02,3.575454652309417725e-01,5.230766907334327698e-02,4.479729756712913513e-02,-2.954169549047946930e-02,2.445854097604751587e-01,2.394128739833831787e-01,3.128342926502227783e-01,3.684566318988800049e-01,2.304144799709320068e-01,2.282467633485794067e-01,1.391604393720626831e-01,-3.194576874375343323e-02,3.582000136375427246e-01,7.861562818288803101e-02,1.811227500438690186e-01,-2.248484455049037933e-02,4.324001669883728027e-01,2.412314862012863159e-01,1.223647147417068481e-01,-9.919644147157669067e-02,1.913251876831054688e-01,-4.603520408272743225e-02,-9.458903223276138306e-02,1.671388745307922363e-01,1.749543100595474243e-01,-1.431427150964736938e-02,1.614339090883731842e-02,-1.425101310014724731e-01
3.800688683986663818e-01,3.243896067142486572e-01,3.606634140014648438e-01,2.861612737178802490e-01,3.354474306106567383e-01,4.431023597717285156e-01,3.444807827472686768e-01,4.633187949657440186e-01,6.648082286119461060e-02,-1.352700218558311462e-02,3.000989556312561035e-01,5.242531895637512207e-01,3.927602171897888184e-01,4.119660556316375732e-01,1.000000119209289551e+00,4.939419329166412354e-01,1.342772841453552246e-01,2.265802025794982910e-01,1.131743714213371277e-01,3.108739256858825684e-01,5.100767612457275391e-01,3.478302061557769775e-01,-1.314766108989715576e-01,-6.678976118564605713e-02,5.238475799560546875e-01,2.827598154544830322e-02,4.050503969192504883e-01,2.782722413539886475e-01,2.178144603967666626e-01,2.925683259963989258e-01,3.635299578309059143e-02,-1.759293228387832642e-01,5.744050741195678711e-01,1.886008679866790771e-01,1.706943064928054810e-01,-1.850525140762329102e-01,2.462460845708847046e-01,3.157259523868560791e-01,3.262730315327644348e-02,-2.778645455837249756e-01,2.225668281316757202e-01,1.895815432071685791e-01,-9.336056187748908997e-03,1.241000220179557800e-01,1.827183365821838379e-01,-5.585787072777748108e-02,-1.297866106033325195e-01,-2.609409689903259277e-01
2.445439398288726807e-01,1.894122660160064697e-01,1.172466203570365906e-01,2.817512154579162598e-01,5.304650664329528809e-01,2.367488890886306763e-01,2.138871103525161743e-01,2.242539450526237488e-02,-1.034672930836677551e-01,-1.090919971466064453e-01,-6.672153621912002563e-02,1.981384158134460449e-01,3.745902180671691895e-01,-6.344534456729888916e-02,4.939419329166412354e-01,9.999999403953552246e-01,-3.038549982011318207e-02,1.872259229421615601e-01,1.949177533388137817e-01,3.890790939331054688e-01,2.506848871707916260e-01,3.990966975688934326e-01,-1.400588154792785645e-01,-2.482957020401954651e-02,3.147394955158233643e-01,-7.674898207187652588e-02,2.339527010917663574e-01,-2.070601098239421844e-02,2.322974242269992828e-02,1.288538426160812378e-01,-6.031538173556327820e-02,-1.607993096113204956e-01,3.669067323207855225e-01,2.976280637085437775e-02,1.110556349158287048e-01,-1.722322106361389160e-01,7.624720782041549683e-02,1.809017360210418701e-01,4.844745621085166931e-02,-2.394527941942214966e-01,1.008834987878799438e-01,1.592634916305541992e-01,-2.986685559153556824e-02,1.334037072956562042e-02,1.153815165162086487e-01,-1.002365872263908386e-01,-1.153848096728324890e-01,-2.576977610588073730e-01
1.309630274772644043e-01,2.878640890121459961e-01,4.255532026290893555e-01,1.591030806303024292e-01,7.526727020740509033e-02,1.952806711196899414e-01,7.221829891204833984e-01,3.483367860317230225e-01,4.785753190517425537e-01,5.000400543212890625e-01,4.159561991691589355e-01,2.914902269840240479e-01,-1.720840460620820522e-03,2.281877249479293823e-01,1.342772841453552246e-01,-3.038549982011318207e-02,1.000000357627868652e+00,5.646773576736450195e-01,4.421133697032928467e-01,3.173305466771125793e-02,-6.002053990960121155e-02,1.784190684556961060e-01,1.089546233415603638e-01,6.411287933588027954e-02,2.657322287559509277e-01,5.751684904098510742e-01,2.448412925004959106e-01,2.353033870458602905e-01,2.806789278984069824e-01,2.262347340583801270e-01,1.541812717914581299e-01,1.280104666948318481e-01,1.183660253882408142e-01,1.701762974262237549e-01,2.237129062414169312e-01,1.513382047414779663e-02,3.807182312011718750e-01,1.942737400531768799e-01,8.571225404739379883e-02,-9.326070547103881836e-02,1.252486407756805420e-01,4.734573960304260254e-01,3.103377223014831543e-01,2.784756124019622803e-01,3.976899087429046631e-01,4.700577557086944580e-01,3.359251096844673157e-02,-1.018804870545864105e-02
-2.747983671724796295e-02,4.089326262474060059e-01,2.552514970302581787e-01,2.307394593954086304e-01,2.149229645729064941e-01,5.495937541127204895e-02,6.400012969970703125e-01,2.309472709894180298e-01,3.098994195461273193e-01,3.834820389747619629e-01,1.574576348066329956e-01,4.043515771627426147e-02,1.937349587678909302e-01,1.651448607444763184e-01,2.265802025794982910e-01,1.872259229421615601e-01,5.646773576736450195e-01,1.000000119209289551e+00,7.024878859519958496e-01,3.860453069210052490e-01,8.340134285390377045e-03,5.263896584510803223e-01,2.153111547231674194e-01,3.244606405496597290e-02,1.908461153507232666e-01,4.719205498695373535e-01,1.943647563457489014e-01,7.665241509675979614e-02,3.236403465270996094e-01,1.818021386861801147e-01,3.779932856559753418e-01,2.513450682163238525e-01,1.083216816186904907e-01,2.018866389989852905e-01,1.923792511224746704e-01,4.864455759525299072e-02,2.856295704841613770e-01,3.261103332042694092e-01,2.631251215934753418e-01,-1.681346297264099121e-01,1.337857842445373535e-01,4.547245204448699951e-01,4.608589708805084229e-01,2.618536949157714844e-01,3.615285754203796387e-01,4.757404625415802002e-01,1.079607605934143066e-01,-1.252561211585998535e-01
-1.530215330421924591e-02,4.590386748313903809e-01,1.478515565395355225e-01,2.280130684375762939e-01,3.476352691650390625e-01,7.213304191827774048e-02,5.581405758857727051e-01,1.012408733367919922e-01,3.540507853031158447e-01,4.460844099521636963e-01,-1.910043880343437195e-02,-6.212301924824714661e-02,3.024124801158905029e-01,3.875951468944549561e-02,1.131743714213371277e-01,1.949177533388137817e-01,4.421133697032928467e-01,7.024878859519958496e-01,9.999997615814208984e-01,5.251909494400024414e-01,-6.967812776565551758e-02,4.161896705627441406e-01,2.596936225891113281e-01,1.016295403242111206e-01,6.117914989590644836e-02,3.746578991413116455e-01,1.185839846730232239e-01,-8.530620485544204712e-02,2.672770321369171143e-01,-3.096273727715015411e-02,1.549599617719650269e-01,3.081279993057250977e-01,4.257452860474586487e-02,7.496277987957000732e-02,1.094707623124122620e-01,7.058635354042053223e-02,2.309930324554443359e-01,2.645614147186279297e-01,3.121315538883209229e-01,-9.770369529724121094e-02,1.393712162971496582e-01,4.598623216152191162e-01,5.528441071510314941e-01,3.224585056304931641e-01,3.593663275241851807e-01,5.409678220748901367e-01,1.624118536710739136e-01,-6.387205421924591064e-02
1.649275571107864380e-01,4.899787902832031250e-01,1.650078892707824707e-01,4.382044076919555664e-01,5.097029805183410645e-01,1.737586110830307007e-01,3.877026736736297607e-01,8.972847461700439453e-02,1.393835097551345825e-01,1.671520173549652100e-01,-2.743609845638275146e-01,-1.461626440286636353e-01,6.297283768653869629e-01,1.891761831939220428e-02,3.108739256858825684e-01,3.890790939331054688e-01,3.173305466771125793e-02,3.860453069210052490e-01,5.251909494400024414e-01,1.000000119209289551e+00,3.392712175846099854e-01,3.190757334232330322e-01,5.564393475651741028e-02,2.414998225867748260e-02,3.871757164597511292e-02,1.874006539583206177e-01,7.723262906074523926e-02,-6.754957139492034912e-02,3.019878566265106201e-01,-2.476729080080986023e-02,7.224218547344207764e-02,1.253036409616470337e-01,2.054162621498107910e-01,1.145902648568153381e-01,4.145415872335433960e-02,-4.768338426947593689e-02,1.445803940296173096e-01,2.018578797578811646e-01,2.179377973079681396e-01,-3.554077446460723877e-02,3.423653244972229004e-01,3.899284899234771729e-01,3.401443958282470703e-01,2.106544077396392822e-01,1.670426726341247559e-01,2.363593131303787231e-01,1.739437878131866455e-02,-9.317991137504577637e-02
4.599078297615051270e-01,1.776476055383682251e-01,4.328904449939727783e-01,4.231670200824737549e-01,1.525252908468246460e-01,3.814955949783325195e-01,9.433082491159439087e-02,2.719790041446685791e-01,-1.765459626913070679e-01,-1.718409955501556396e-01,1.652796268463134766e-01,4.505645632743835449e-01,3.023529648780822754e-01,3.575454652309417725e-01,5.100767612457275391e-01,2.506848871707916260e-01,-6.002053990960121155e-02,8.340134285390377045e-03,-6.967812776565551758e-02,3.392712175846099854e-01,9.999996423721313477e-01,1.137404069304466248e-01,-2.949212491512298584e-01,-2.316059768199920654e-01,2.560312449932098389e-01,-1.654241532087326050e-01,2.714530527591705322e-01,4.077316224575042725e-01,1.483472138643264771e-01,3.506126701831817627e-01,1.196079775691032410e-01,-3.350743055343627930e-01,3.311983644962310791e-01,2.468034252524375916e-02,1.288239359855651855e-01,-3.020667135715484619e-01,9.145063906908035278e-02,-4.324636422097682953e-03,-1.616503298282623291e-01,-1.363126188516616821e-01,1.784897595643997192e-01,-5.178754031658172607e-02,-1.217922717332839966e-01,3.904651105403900146e-02,1.054492220282554626e-01,-1.897514015436172485e-01,-3.147040605545043945e-01,-2.530710995197296143e-01
3.687518462538719177e-02,2.401359975337982178e-01,2.187131494283676147e-01,3.619265556335449219e-01,2.696016728878021240e-01,5.400237813591957092e-02,3.599090874195098877e-01,-4.460408166050910950e-02,-7.908191531896591187e-02,7.650982588529586792e-02,-1.970547623932361603e-02,4.927980899810791016e-02,1.736955940723419189e-01,5.230766907334327698e-02,3.478302061557769775e-01,3.990966975688934326e-01,1.784190684556961060e-01,5.263896584510803223e-01,4.161896705627441406e-01,3.190757334232330322e-01,1.137404069304466248e-01,1.000000357627868652e+00,2.900424897670745850e-01,1.772215813398361206e-01,1.775733828544616699e-01,1.273473501205444336e-01,2.258437275886535645e-01,-2.438555937260389328e-03,1.458556503057479858e-01,1.964117735624313354e-01,3.780513703823089600e-01,2.256290912628173828e-01,3.759954497218132019e-02,1.923828013241291046e-02,1.813363581895828247e-01,1.369986683130264282e-01,9.832975268363952637e-02,2.928412556648254395e-01,3.173679113388061523e-01,-1.410614401102066040e-01,-8.171745389699935913e-02,2.015940397977828979e-01,1.437084525823593140e-01,1.384574621915817261e-01,2.022691816091537476e-01,9.356668591499328613e-02,2.464526295661926270e-01,-1.228008419275283813e-01
-1.117011532187461853e-01,1.186045035719871521e-01,-8.419831842184066772e-02,-9.239334613084793091e-02,-1.311302334070205688e-01,-1.540683954954147339e-01,1.264491230249404907e-01,-2.317048609256744385e-02,2.060432583093643188e-01,2.652955949306488037e-01,-2.352057769894599915e-02,-1.461791694164276123e-01,8.596385270357131958e-02,4.479729756712913513e-02,-1.314766108989715576e-01,-1.400588154792785645e-01,1.089546233415603638e-01,2.153111547231674194e-01,2.596936225891113281e-01,5.564393475651741028e-02,-2.949212491512298584e-01,2.900424897670745850e-01,9.999995231628417969e-01,4.600313901901245117e-01,-1.432334780693054199e-01,2.026681751012802124e-01,-1.259075403213500977e-01,-1.548985540866851807e-01,5.823065713047981262e-02,-1.071629524230957031e-01,2.411316186189651489e-01,5.647567510604858398e-01,-2.164386063814163208e-01,5.511805787682533264e-02,-1.333761680871248245e-02,5.620561838150024414e-01,6.215650960803031921e-02,1.647674590349197388e-01,5.657241344451904297e-01,4.597734212875366211e-01,-7.759425789117813110e-02,1.921129077672958374e-01,3.024582266807556152e-01,2.080251276493072510e-01,-4.070759168826043606e-04,2.328314930200576782e-01,5.464426279067993164e-01,4.807494282722473145e-01
6.194747984409332275e-02,1.626120209693908691e-01,7.733952254056930542e-03,-1.501727197319269180e-02,3.454817458987236023e-02,-3.570581600069999695e-02,9.714292734861373901e-02,-1.894198358058929443e-02,8.417531102895736694e-02,1.414137631654739380e-01,-6.649632006883621216e-02,-1.099015548825263977e-01,5.122822150588035583e-02,-2.954169549047946930e-02,-6.678976118564605713e-02,-2.482957020401954651e-02,6.411287933588027954e-02,3.244606405496597290e-02,1.016295403242111206e-01,2.414998225867748260e-02,-2.316059768199920654e-01,1.772215813398361206e-01,4.600313901901245117e-01,9.999996423721313477e-01,-5.676841363310813904e-02,1.377942413091659546e-01,2.376187779009342194e-02,4.468608647584915161e-02,1.713218837976455688e-01,6.199649721384048462e-02,2.208185046911239624e-01,4.388270080089569092e-01,-5.010484252125024796e-03,8.851379156112670898e-02,1.118471100926399231e-01,7.090576887130737305e-01,2.233956567943096161e-02,1.713464856147766113e-01,4.561698436737060547e-01,3.325986564159393311e-01,-1.570732332766056061e-02,1.883453428745269775e-01,2.505469024181365967e-01,2.844101786613464355e-01,1.266785152256488800e-02,9.893903881311416626e-02,7.679309248924255371e-01,4.216903448104858398e-01
3.865008652210235596e-01,2.646366953849792480e-01,1.962710171937942505e-01,9.554918110370635986e-02,3.156190216541290283e-01,3.136999905109405518e-01,2.524399757385253906e-01,4.982033073902130127e-01,2.521051466464996338e-01,1.512172371149063110e-01,4.950697422027587891e-01,5.294216871261596680e-01,2.097768485546112061e-01,2.445854097604751587e-01,5.238475799560546875e-01,3.147394955158233643e-01,2.657322287559509277e-01,1.908461153507232666e-01,6.117914989590644836e-02,3.871757164597511292e-02,2.560312449932098389e-01,1.775733828544616699e-01,-1.432334780693054199e-01,-5.676841363310813904e-02,9.999999403953552246e-01,1.345225572586059570e-01,3.664135038852691650e-01,3.873025476932525635e-01,2.194629460573196411e-01,4.023105502128601074e-01,1.154903769493103027e-01,-1.818617135286331177e-01,6.184523701667785645e-01,2.922929525375366211e-01,4.098060727119445801e-01,-8.266406506299972534e-02,2.598936259746551514e-01,2.954521477222442627e-01,4.653574526309967041e-02,-2.067192941904067993e-01,2.520544826984405518e-01,2.748199105262756348e-01,9.237597882747650146e-02,2.038533091545104980e-01,1.545539349317550659e-01,7.502882182598114014e-02,-1.751527637243270874e-01,-2.070055305957794189e-01
6.746771931648254395e-02,3.700298666954040527e-01,3.152529597282409668e-01,1.966980099678039551e-01,8.051928877830505371e-02,1.701154708862304688e-01,6.860132217407226562e-01,3.158663809299468994e-01,4.665815234184265137e-01,4.192029535770416260e-01,2.069913893938064575e-01,3.823287785053253174e-02,1.345270574092864990e-01,2.394128739833831787e-01,2.827598154544830322e-02,-7.674898207187652588e-02,5.751684904098510742e-01,4.719205498695373535e-01,3.746578991413116455e-01,1.874006539583206177e-01,-1.654241532087326050e-01,1.273473501205444336e-01,2.026681751012802124e-01,1.377942413091659546e-01,1.345225572586059570e-01,1.000000119209289551e+00,7.072283327579498291e-02,1.181548386812210083e-01,3.123661577701568604e-01,7.889097183942794800e-02,1.836289763450622559e-01,2.923963665962219238e-01,7.821881771087646484e-02,2.897634804248809814e-01,1.487416326999664307e-01,1.761400550603866577e-01,2.501450777053833008e-01,2.122746855020523071e-01,2.181806862354278564e-01,3.658071532845497131e-02,2.851996123790740967e-01,5.105440616607666016e-01,3.586721420288085938e-01,3.047975301742553711e-01,1.723610311746597290e-01,4.011934399604797363e-01,1.217303574085235596e-01,2.648752741515636444e-02
2.703675031661987305e-01,4.862220585346221924e-01,2.270442247390747070e-01,1.100626736879348755e-01,2.364097386598587036e-01,2.969071269035339355e-01,3.045275211334228516e-01,3.441463410854339600e-01,1.362834870815277100e-01,1.250860691070556641e-01,3.103120625019073486e-01,3.557875752449035645e-01,1.908638626337051392e-01,3.128342926502227783e-01,4.050503969192504883e-01,2.339527010917663574e-01,2.448412925004959106e-01,1.943647563457489014e-01,1.185839846730232239e-01,7.723262906074523926e-02,2.714530527591705322e-01,2.258437275886535645e-01,-1.259075403213500977e-01,2.376187779009342194e-02,3.664135038852691650e-01,7.072283327579498291e-02,1.000000953674316406e+00,3.279229402542114258e-01,3.840509653091430664e-01,4.249374568462371826e-01,1.209298148751258850e-01,-1.595899909734725952e-01,4.305583536624908447e-01,7.768248673528432846e-03,2.695077657699584961e-01,-1.435378044843673706e-01,3.008417189121246338e-01,2.103333622217178345e-01,9.385216981172561646e-02,-1.779202222824096680e-01,1.196652371436357498e-02,9.195338934659957886e-02,-6.136305164545774460e-03,4.544253349304199219e-01,4.513369798660278320e-01,4.897995293140411377e-02,-4.885455965995788574e-02,-2.241365462541580200e-01
4.972206354141235352e-01,3.619677722454071045e-01,4.389057159423828125e-01,1.889161318540573120e-01,1.710746139287948608e-01,5.048969388008117676e-01,2.015297710895538330e-01,4.588637650012969971e-01,1.075747236609458923e-01,5.749912187457084656e-02,4.940707087516784668e-01,4.853551387786865234e-01,5.878098681569099426e-02,3.684566318988800049e-01,2.782722413539886475e-01,-2.070601098239421844e-02,2.353033870458602905e-01,7.665241509675979614e-02,-8.530620485544204712e-02,-6.754957139492034912e-02,4.077316224575042725e-01,-2.438555937260389328e-03,-1.548985540866851807e-01,4.468608647584915161e-02,3.873025476932525635e-01,1.181548386812210083e-01,3.279229402542114258e-01,9.999996423721313477e-01,5.784628987312316895e-01,6.271352171897888184e-01,2.791313529014587402e-01,-1.980279237031936646e-01,4.504383504390716553e-01,3.058977723121643066e-01,3.786600232124328613e-01,4.787197709083557129e-02,1.941713243722915649e-01,2.368271499872207642e-01,1.195219010114669800e-01,-1.614926457405090332e-01,4.301946759223937988e-01,2.460789978504180908e-01,4.373721405863761902e-02,1.208807304501533508e-01,3.525648117065429688e-01,1.076591014862060547e-01,-5.607898160815238953e-02,-2.241367548704147339e-01
2.809083759784698486e-01,7.223895192146301270e-01,1.789958178997039795e-01,1.681806743144989014e-01,2.890134453773498535e-01,3.193899691104888916e-01,3.844648003578186035e-01,3.883563876152038574e-01,3.588460087776184082e-01,3.397023677825927734e-01,2.303977012634277344e-01,1.388705968856811523e-01,3.390528261661529541e-01,2.304144799709320068e-01,2.178144603967666626e-01,2.322974242269992828e-02,2.806789278984069824e-01,3.236403465270996094e-01,2.672770321369171143e-01,3.019878566265106201e-01,1.483472138643264771e-01,1.458556503057479858e-01,5.823065713047981262e-02,1.713218837976455688e-01,2.194629460573196411e-01,3.123661577701568604e-01,3.840509653091430664e-01,5.784628987312316895e-01,1.000000000000000000e+00,5.743913650512695312e-01,4.136662483215332031e-01,1.810567677021026611e-01,3.274177312850952148e-01,3.291864991188049316e-01,3.477636873722076416e-01,2.162318825721740723e-01,3.152647614479064941e-01,3.768816888332366943e-01,3.619454503059387207e-01,-1.128413602709770203e-01,4.930624067783355713e-01,5.105471611022949219e-01,3.355332016944885254e-01,3.483029305934906006e-01,5.927600860595703125e-01,4.950352013111114502e-01,1.891213357448577881e-01,-1.224795728921890259e-01
2.738731205463409424e-01,3.921969234943389893e-01,2.162331938743591309e-01,1.577248126268386841e-01,8.373114466667175293e-02,2.244442403316497803e-01,1.576529145240783691e-01,3.372776508331298828e-01,1.108266487717628479e-01,1.907171308994293213e-01,4.190688133239746094e-01,4.312305450439453125e-01,1.440763473510742188e-01,2.282467633485794067e-01,2.925683259963989258e-01,1.288538426160812378e-01,2.262347340583801270e-01,1.818021386861801147e-01,-3.096273727715015411e-02,-2.476729080080986023e-02,3.506126701831817627e-01,1.964117735624313354e-01,-1.071629524230957031e-01,6.199649721384048462e-02,4.023105502128601074e-01,7.889097183942794800e-02,4.249374568462371826e-01,6.271352171897888184e-01,5.743913650512695312e-01,1.000000119209289551e+00,5.901923179626464844e-01,-3.838615864515304565e-02,3.153669834136962891e-01,3.226767182350158691e-01,4.734459221363067627e-01,1.231200471520423889e-01,2.244476228952407837e-01,2.941151261329650879e-01,1.830138117074966431e-01,-2.344378083944320679e-01,1.869383901357650757e-01,2.411258518695831299e-01,1.646056920289993286e-01,2.646507918834686279e-01,4.471271336078643799e-01,2.223813980817794800e-01,5.003278329968452454e-02,-2.325807064771652222e-01
1.985198631882667542e-02,3.197765648365020752e-01,1.873475685715675354e-02,8.637287467718124390e-02,-7.602756470441818237e-02,-6.250403821468353271e-02,1.329377591609954834e-01,1.583256721496582031e-01,1.098032742738723755e-01,2.451664209365844727e-01,2.137568295001983643e-01,5.297229439020156860e-02,1.145163103938102722e-01,1.391604393720626831e-01,3.635299578309059143e-02,-6.031538173556327820e-02,1.541812717914581299e-01,3.779932856559753418e-01,1.549599617719650269e-01,7.224218547344207764e-02,1.196079775691032410e-01,3.780513703823089600e-01,2.411316186189651489e-01,2.208185046911239624e-01,1.154903769493103027e-01,1.836289763450622559e-01,1.209298148751258850e-01,2.791313529014587402e-01,4.136662483215332031e-01,5.901923179626464844e-01,9.999999403953552246e-01,4.721703529357910156e-01,5.727422540076076984e-04,2.779831588268280029e-01,3.080554902553558350e-01,3.910724520683288574e-01,9.842731803655624390e-02,3.051697611808776855e-01,3.508718013763427734e-01,-9.340536594390869141e-02,7.118242979049682617e-02,2.156495898962020874e-01,2.525640130043029785e-01,2.349310070276260376e-01,3.057502210140228271e-01,3.043726682662963867e-01,3.499344885349273682e-01,-5.340044200420379639e-02
-1.451256275177001953e-01,2.446838319301605225e-01,-1.938200891017913818e-01,-7.616876065731048584e-02,-1.028259992599487305e-01,-2.259891182184219360e-01,1.353958696126937866e-01,-2.622215310111641884e-03,3.234757184982299805e-01,3.245130479335784912e-01,-5.792041867971420288e-02,-2.364490330219268799e-01,1.294694840908050537e-01,-3.194576874375343323e-02,-1.759293228387832642e-01,-1.607993096113204956e-01,1.280104666948318481e-01,2.513450682163238525e-01,3.081279993057250977e-01,1.253036409616470337e-01,-3.350743055343627930e-01,2.256290912628173828e-01,5.647567510604858398e-01,4.388270080089569092e-01,-1.818617135286331177e-01,2.923963665962219238e-01,-1.595899909734725952e-01,-1.980279237031936646e-01,1.810567677021026611e-01,-3.838615864515304565e-02,4.721703529357910156e-01,9.999997019767761230e-01,-2.143395692110061646e-01,9.872736781835556030e-02,-5.500457808375358582e-02,6.075392961502075195e-01,-2.387693338096141815e-02,1.471817046403884888e-01,4.195765554904937744e-01,1.587057113647460938e-01,1.129892934113740921e-02,2.813037335872650146e-01,3.519691824913024902e-01,2.212450355291366577e-01,9.250997751951217651e-02,3.985250592231750488e-01,6.060358881950378418e-01,2.256628423929214478e-01
4.643763899803161621e-01,4.160562157630920410e-01,2.043604552745819092e-01,4.699668288230895996e-02,5.172109603881835938e-01,5.642630457878112793e-01,2.432106435298919678e-01,6.431469321250915527e-01,2.376515120267868042e-01,6.662094593048095703e-02,3.706682324409484863e-01,4.886738061904907227e-01,4.079214632511138916e-01,3.582000136375427246e-01,5.744050741195678711e-01,3.669067323207855225e-01,1.183660253882408142e-01,1.083216816186904907e-01,4.257452860474586487e-02,2.054162621498107910e-01,3.311983644962310791e-01,3.759954497218132019e-02,-2.164386063814163208e-01,-5.010484252125024796e-03,6.184523701667785645e-01,7.821881771087646484e-02,4.305583536624908447e-01,4.504383504390716553e-01,3.274177312850952148e-01,3.153669834136962891e-01,5.727422540076076984e-04,-2.143395692110061646e-01,1.000000119209289551e+00,3.564394712448120117e-01,3.773136436939239502e-01,-1.106025651097297668e-01,3.352870941162109375e-01,3.639235794544219971e-01,1.046293601393699646e-01,-2.754957973957061768e-01,4.439887404441833496e-01,2.621656656265258789e-01,2.600674889981746674e-02,2.619660198688507080e-01,1.689979881048202515e-01,1.337745971977710724e-02,-1.237994581460952759e-01,-2.759298384189605713e-01
