1.000000357627868652e+00,6.260044574737548828e-01,5.409302711486816406e-01,4.516209661960601807e-01,6.325613260269165039e-01,4.888729155063629150e-01,3.760299086570739746e-01,2.394658029079437256e-01,5.017495155334472656e-01,5.071252211928367615e-02,3.517665266990661621e-01,6.109954714775085449e-01,2.998696267604827881e-01,3.825376629829406738e-01,4.535387456417083740e-01,4.142064154148101807e-01,4.708585441112518311e-01,3.407827019691467285e-01,-8.717805147171020508e-02,8.547646552324295044e-02,2.985485494136810303e-01
6.260044574737548828e-01,9.999998211860656738e-01,2.049076110124588013e-01,1.317247301340103149e-01,2.748280465602874756e-01,1.253632605075836182e-01,1.704137474298477173e-01,2.223580032587051392e-01,3.562901914119720459e-01,4.175016656517982483e-02,-1.801239326596260071e-02,1.357008218765258789e-01,1.484559774398803711e-01,1.204065605998039246e-01,3.449619933962821960e-02,2.366153746843338013e-01,5.465336143970489502e-03,1.113437954336404800e-02,-4.752007126808166504e-02,-1.254346668720245361e-01,4.444301500916481018e-02
5.409302711486816406e-01,2.049076110124588013e-01,1.000000119209289551e+00,5.813248753547668457e-01,6.380553245544433594e-01,2.779143452644348145e-01,1.143629401922225952e-01,2.263414710760116577e-01,4.142802059650421143e-01,6.606017053127288818e-02,2.169642299413681030e-01,5.417262315750122070e-01,2.429150640964508057e-01,8.134945034980773926e-01,5.830614566802978516e-01,5.786296725273132324e-01,3.663662075996398926e-01,1.744374185800552368e-01,-1.679136604070663452e-01,1.005387380719184875e-01,9.166889637708663940e-02
4.516209661960601807e-01,1.317247301340103149e-01,5.813248753547668457e-01,9.999998211860656738e-01,4.453293979167938232e-01,5.733065009117126465e-01,5.285005569458007812e-01,1.300455033779144287e-01,3.154547512531280518e-01,1.479043215513229370e-01,2.102897763252258301e-01,4.632090330123901367e-01,1.696658283472061157e-01,4.301932454109191895e-01,8.187402486801147461e-01,2.972156405448913574e-01,4.668589830398559570e-01,5.104857087135314941e-01,5.953267961740493774e-02,2.252046614885330200e-01,1.420645117759704590e-01
6.325613260269165039e-01,2.748280465602874756e-01,6.380553245544433594e-01,4.453293979167938232e-01,1.000000476837158203e+00,4.512794315814971924e-01,2.849620878696441650e-01,2.585145831108093262e-01,2.571023702621459961e-01,-1.558023393154144287e-01,3.922024071216583252e-01,6.312017440795898438e-01,2.852686941623687744e-01,5.407370328903198242e-01,5.579552650451660156e-01,6.621741056442260742e-01,6.477042436599731445e-01,3.999551832675933838e-01,-3.135780394077301025e-01,3.634021431207656860e-02,3.163092434406280518e-01
4.888729155063629150e-01,1.253632605075836182e-01,2.779143452644348145e-01,5.733065009117126465e-01,4.512794315814971924e-01,1.000000000000000000e+00,7.046892642974853516e-01,1.387818306684494019e-01,3.026517927646636963e-01,1.876132339239120483e-01,3.407869040966033936e-01,4.450658261775970459e-01,9.282931685447692871e-02,1.557413488626480103e-01,6.313536167144775391e-01,1.141508817672729492e-01,6.667335033416748047e-01,6.020334959030151367e-01,1.134190484881401062e-01,3.325112462043762207e-01,1.713220030069351196e-01
3.760299086570739746e-01,1.704137474298477173e-01,1.143629401922225952e-01,5.285005569458007812e-01,2.849620878696441650e-01,7.046892642974853516e-01,9.999999403953552246e-01,7.316528260707855225e-02,2.010076195001602173e-01,1.130750477313995361e-01,2.156436294317245483e-01,2.834519147872924805e-01,2.132311463356018066e-02,4.531955346465110779e-03,5.256527066230773926e-01,4.067683592438697815e-02,5.152044892311096191e-01,6.711923480033874512e-01,1.785078048706054688e-01,2.307956814765930176e-01,1.815826296806335449e-01
2.394658029079437256e-01,2.223580032587051392e-01,2.263414710760116577e-01,1.300455033779144287e-01,2.585145831108093262e-01,1.387818306684494019e-01,7.316528260707855225e-02,9.999999403953552246e-01,1.919412463903427124e-01,-1.478424668312072754e-01,1.004222854971885681e-01,2.288457006216049194e-01,2.328984290361404419e-01,3.289250433444976807e-01,8.733484894037246704e-02,3.759886622428894043e-01,2.106855809688568115e-01,-1.566791720688343048e-02,-1.157741546630859375e-01,-2.212804406881332397e-01,1.980529576539993286e-01
5.017495155334472656e-01,3.562901914119720459e-01,4.142802059650421143e-01,3.154547512531280518e-01,2.571023702621459961e-01,3.026517927646636963e-01,2.010076195001602173e-01,1.919412463903427124e-01,9.999998211860656738e-01,4.812790751457214355e-01,1.521009653806686401e-01,2.943252623081207275e-01,1.296544224023818970e-01,2.952826023101806641e-01,2.808668017387390137e-01,1.535645127296447754e-01,2.235649824142456055e-01,1.980603933334350586e-01,2.704891860485076904e-01,3.716907799243927002e-01,6.950405240058898926e-02
5.071252211928367615e-02,4.175016656517982483e-02,6.606017053127288818e-02,1.479043215513229370e-01,-1.558023393154144287e-01,1.876132339239120483e-01,1.130750477313995361e-01,-1.478424668312072754e-01,4.812790751457214355e-01,1.000000119209289551e+00,-1.272944658994674683e-01,-3.292856505140662193e-03,-9.789745509624481201e-02,-2.608096040785312653e-02,1.015510335564613342e-01,-2.554883956909179688e-01,-6.294667720794677734e-02,7.395379990339279175e-02,5.011314749717712402e-01,5.418549776077270508e-01,-3.288062512874603271e-01
3.517665266990661621e-01,-1.801239326596260071e-02,2.169642299413681030e-01,2.102897763252258301e-01,3.922024071216583252e-01,3.407869040966033936e-01,2.156436294317245483e-01,1.004222854971885681e-01,1.521009653806686401e-01,-1.272944658994674683e-01,9.999991655349731445e-01,3.678674995899200439e-01,7.599093765020370483e-02,1.437488645315170288e-01,2.757397592067718506e-01,1.814751774072647095e-01,4.974372684955596924e-01,2.676715552806854248e-01,-1.992090046405792236e-01,5.691320449113845825e-02,4.972509741783142090e-01
6.109954714775085449e-01,1.357008218765258789e-01,5.417262315750122070e-01,4.632090330123901367e-01,6.312017440795898438e-01,4.450658261775970459e-01,2.834519147872924805e-01,2.288457006216049194e-01,2.943252623081207275e-01,-3.292856505140662193e-03,3.678674995899200439e-01,1.000000357627868652e+00,6.566466093063354492e-01,5.140655040740966797e-01,5.690630674362182617e-01,5.369119644165039062e-01,5.963395833969116211e-01,3.902902603149414062e-01,-1.104214563965797424e-01,1.726898550987243652e-01,3.578307330608367920e-01
2.998696267604827881e-01,1.484559774398803711e-01,2.429150640964508057e-01,1.696658283472061157e-01,2.852686941623687744e-01,9.282931685447692871e-02,2.132311463356018066e-02,2.328984290361404419e-01,1.296544224023818970e-01,-9.789745509624481201e-02,7.599093765020370483e-02,6.566466093063354492e-01,9.999999403953552246e-01,3.614503741264343262e-01,2.328354418277740479e-01,4.604698121547698975e-01,2.694530487060546875e-01,9.961544722318649292e-02,-1.177106574177742004e-01,-2.784772403538227081e-02,2.712679803371429443e-01
3.825376629829406738e-01,1.204065605998039246e-01,8.134945034980773926e-01,4.301932454109191895e-01,5.407370328903198242e-01,1.557413488626480103e-01,4.531955346465110779e-03,3.289250433444976807e-01,2.952826023101806641e-01,-2.608096040785312653e-02,1.437488645315170288e-01,5.140655040740966797e-01,3.614503741264343262e-01,1.000000238418579102e+00,4.693853259086608887e-01,6.683734059333801270e-01,2.916582822799682617e-01,6.531514972448348999e-02,-2.137850224971771240e-01,-3.350866213440895081e-02,8.319792151451110840e-02
4.535387456417083740e-01,3.449619933962821960e-02,5.830614566802978516e-01,8.187402486801147461e-01,5.579552650451660156e-01,6.313536167144775391e-01,5.256527066230773926e-01,8.733484894037246704e-02,2.808668017387390137e-01,1.015510335564613342e-01,2.757397592067718506e-01,5.690630674362182617e-01,2.328354418277740479e-01,4.693853259086608887e-01,1.000000000000000000e+00,3.427452445030212402e-01,6.055484414100646973e-01,5.802924633026123047e-01,3.364636376500129700e-02,3.111594617366790771e-01,1.636540740728378296e-01
4.142064154148101807e-01,2.366153746843338013e-01,5.786296725273132324e-01,2.972156405448913574e-01,6.621741056442260742e-01,1.141508817672729492e-01,4.067683592438697815e-02,3.759886622428894043e-01,1.535645127296447754e-01,-2.554883956909179688e-01,1.814751774072647095e-01,5.369119644165039062e-01,4.604698121547698975e-01,6.683734059333801270e-01,3.427452445030212402e-01,1.000000357627868652e+00,4.083936810493469238e-01,1.083991229534149170e-01,-4.618375599384307861e-01,-2.795550823211669922e-01,2.824515998363494873e-01
4.708585441112518311e-01,5.465336143970489502e-03,3.663662075996398926e-01,4.668589830398559570e-01,6.477042436599731445e-01,6.667335033416748047e-01,5.152044892311096191e-01,2.106855809688568115e-01,2.235649824142456055e-01,-6.294667720794677734e-02,4.974372684955596924e-01,5.963395833969116211e-01,2.694530487060546875e-01,2.916582822799682617e-01,6.055484414100646973e-01,4.083936810493469238e-01,1.000000000000000000e+00,5.963860750198364258e-01,-1.153054311871528625e-01,2.315047085285186768e-01,4.436066746711730957e-01
3.407827019691467285e-01,1.113437954336404800e-02,1.744374185800552368e-01,5.104857087135314941e-01,3.999551832675933838e-01,6.020334959030151367e-01,6.711923480033874512e-01,-1.566791720688343048e-02,1.980603933334350586e-01,7.395379990339279175e-02,2.676715552806854248e-01,3.902902603149414062e-01,9.961544722318649292e-02,6.531514972448348999e-02,5.802924633026123047e-01,1.083991229534149170e-01,5.963860750198364258e-01,9.999997019767761230e-01,1.335311532020568848e-01,3.201621174812316895e-01,1.800304353237152100e-01
-8.717805147171020508e-02,-4.752007126808166504e-02,-1.679136604070663452e-01,5.953267961740493774e-02,-3.135780394077301025e-01,1.134190484881401062e-01,1.785078048706054688e-01,-1.157741546630859375e-01,2.704891860485076904e-01,5.011314749717712402e-01,-1.992090046405792236e-01,-1.104214563965797424e-01,-1.177106574177742004e-01,-2.137850224971771240e-01,3.364636376500129700e-02,-4.618375599384307861e-01,-1.153054311871528625e-01,1.335311532020568848e-01,9.999999403953552246e-01,5.841311216354370117e-01,-2.912605404853820801e-01
8.547646552324295044e-02,-1.254346668720245361e-01,1.005387380719184875e-01,2.252046614885330200e-01,3.634021431207656860e-02,3.325112462043762207e-01,2.307956814765930176e-01,-2.212804406881332397e-01,3.716907799243927002e-01,5.418549776077270508e-01,5.691320449113845825e-02,1.726898550987243652e-01,-2.784772403538227081e-02,-3.350866213440895081e-02,3.111594617366790771e-01,-2.795550823211669922e-01,2.315047085285186768e-01,3.201621174812316895e-01,5.841311216354370117e-01,9.999998211860656738e-01,-1.911015212535858154e-01
2.985485494136810303e-01,4.444301500916481018e-02,9.166889637708663940e-02,1.420645117759704590e-01,3.163092434406280518e-01,1.713220030069351196e-01,1.815826296806335449e-01,1.980529576539993286e-01,6.950405240058898926e-02,-3.288062512874603271e-01,4.972509741783142090e-01,3.578307330608367920e-01,2.712679803371429443e-01,8.319792151451110840e-02,1.636540740728378296e-01,2.824515998363494873e-01,4.436066746711730957e-01,1.800304353237152100e-01,-2.912605404853820801e-01,-1.911015212535858154e-01,9.999996423721313477e-01
