9.999998211860656738e-01,3.857824504375457764e-01,6.098037958145141602e-01,6.519944071769714355e-01,6.730985045433044434e-01,6.146792173385620117e-01,4.617279171943664551e-01,2.422390431165695190e-01,2.538650929927825928e-01,2.296206057071685791e-01,3.891907036304473877e-01,2.697733640670776367e-01,8.727094531059265137e-02,2.466395646333694458e-01,3.216181695461273193e-01,1.086396425962448120e-01,3.068192005157470703e-01,-1.725540310144424438e-02,1.948307901620864868e-01,9.684745222330093384e-02,5.718677863478660583e-02,-1.910896152257919312e-01,2.123647928237915039e-02,-1.826539337635040283e-01,6.096099615097045898e-01,4.962177574634552002e-01,6.465246081352233887e-01,6.828072667121887207e-01,6.234725117683410645e-01,2.315271943807601929e-01,-3.700240701436996460e-02,-2.510138154029846191e-01,6.096760034561157227e-01,1.434197872877120972e-01,2.693114243447780609e-02,-2.651972174644470215e-01,1.810060590505599976e-01,1.403757780790328979e-01,1.096624955534934998e-01,-7.641223818063735962e-02,5.499682426452636719e-01,2.282133251428604126e-01,1.354376077651977539e-01,2.527024149894714355e-01,1.960114538669586182e-01,1.369284931570291519e-03,-1.943309158086776733e-01,-2.254482954740524292e-01
3.857824504375457764e-01,9.999998211860656738e-01,3.871146440505981445e-01,5.092951059341430664e-01,4.849824905395507812e-01,6.124977469444274902e-01,6.053039431571960449e-01,4.416998475790023804e-02,3.548930287361145020e-01,6.023430228233337402e-01,7.456072419881820679e-02,3.969308435916900635e-01,3.331174254417419434e-01,7.806339859962463379e-02,6.416495144367218018e-02,3.086957894265651703e-02,4.651708304882049561e-01,3.298402428627014160e-01,4.639486074447631836e-01,6.039206385612487793e-01,4.627356529235839844e-01,2.364136576652526855e-01,3.552806675434112549e-01,2.847647964954376221e-01,3.693228065967559814e-01,5.173649787902832031e-01,4.341934919357299805e-01,5.346321463584899902e-01,6.737073659896850586e-01,4.994764924049377441e-01,2.359678596258163452e-01,2.487429678440093994e-01,3.857263922691345215e-01,-8.811078034341335297e-03,1.145874336361885071e-01,1.462687849998474121e-01,1.089729368686676025e-01,-2.933756075799465179e-02,2.419755756855010986e-01,7.762690633535385132e-02,6.947954893112182617e-01,6.540005207061767578e-01,6.292501091957092285e-01,7.379403710365295410e-01,6.246950030326843262e-01,5.467751622200012207e-01,2.022895067930221558e-01,3.001915216445922852e-01
6.098037958145141602e-01,3.871146440505981445e-01,1.000000119209289551e+00,7.441962361335754395e-01,5.864124894142150879e-01,5.854399800300598145e-01,5.671294927597045898e-01,2.777004241943359375e-01,2.169835567474365234e-01,2.257181406021118164e-01,3.619803190231323242e-01,2.293243408203125000e-01,1.208838671445846558e-01,3.120475709438323975e-01,4.254728257656097412e-01,8.921640366315841675e-02,3.383577167987823486e-01,5.095655843615531921e-02,2.749778628349304199e-01,2.021425664424896240e-01,2.052376717329025269e-01,1.826814375817775726e-02,1.436658799648284912e-01,9.432249516248703003e-02,4.841847419738769531e-01,5.994516611099243164e-01,5.203275680541992188e-01,7.034803628921508789e-01,5.933616161346435547e-01,3.548420965671539307e-01,7.265042513608932495e-02,2.896197699010372162e-02,4.340672492980957031e-01,2.502444684505462646e-01,1.278381496667861938e-01,-6.537821888923645020e-02,9.918768703937530518e-02,2.685989439487457275e-01,1.411397010087966919e-01,-2.399493753910064697e-02,4.942888021469116211e-01,2.909762263298034668e-01,1.690510213375091553e-01,2.485584467649459839e-01,1.853270828723907471e-01,2.159900264814496040e-03,3.016017563641071320e-02,-4.120298847556114197e-02
6.519944071769714355e-01,5.092951059341430664e-01,7.441962361335754395e-01,1.000000119209289551e+00,6.061543822288513184e-01,6.847388148307800293e-01,6.796885728836059570e-01,1.297454684972763062e-01,2.308073490858078003e-01,3.306138813495635986e-01,2.229286879301071167e-01,2.107692658901214600e-01,1.151879504323005676e-01,1.858648955821990967e-01,2.552719414234161377e-01,3.152684122323989868e-02,4.467991292476654053e-01,1.399514079093933105e-01,3.878673911094665527e-01,3.866916298866271973e-01,3.023993968963623047e-01,7.254461944103240967e-02,1.656310111284255981e-01,4.981574416160583496e-02,4.367406368255615234e-01,6.038091182708740234e-01,5.174019336700439453e-01,7.067145109176635742e-01,6.794273853302001953e-01,4.042967557907104492e-01,1.037340611219406128e-01,1.477812416851520538e-02,3.922193944454193115e-01,1.630166471004486084e-01,1.016727760434150696e-01,-8.908221125602722168e-02,1.936573535203933716e-02,2.101230472326278687e-01,1.707492023706436157e-01,-2.242990210652351379e-02,5.980255603790283203e-01,4.314447641372680664e-01,3.113495409488677979e-01,3.517927229404449463e-01,2.853390872478485107e-01,1.406475156545639038e-01,-1.208776724524796009e-03,-1.673386804759502411e-02
6.730985045433044434e-01,4.849824905395507812e-01,5.864124894142150879e-01,6.061543822288513184e-01,1.000000119209289551e+00,7.698779106140136719e-01,5.645518898963928223e-01,2.483738958835601807e-01,2.424666881561279297e-01,2.909806966781616211e-01,3.931521475315093994e-01,3.694392144680023193e-01,1.886488497257232666e-01,1.711056232452392578e-01,1.794526875019073486e-01,1.527878548949956894e-02,4.146902561187744141e-01,1.245089918375015259e-01,3.060006797313690186e-01,2.234852164983749390e-01,1.815738976001739502e-01,-8.783742040395736694e-02,1.238643825054168701e-01,8.699252270162105560e-03,5.379244685173034668e-01,6.201173067092895508e-01,5.850584506988525391e-01,7.371082305908203125e-01,6.475300788879394531e-01,3.597362339496612549e-01,7.912116497755050659e-02,-1.204922795295715332e-01,5.220447778701782227e-01,8.374936133623123169e-02,-1.887073926627635956e-02,-8.230441808700561523e-02,4.104636237025260925e-02,4.549663886427879333e-02,1.488235294818878174e-01,6.727299839258193970e-02,6.232745647430419922e-01,4.028210043907165527e-01,2.880796492099761963e-01,3.270556032657623291e-01,2.648924589157104492e-01,9.535373747348785400e-02,-3.621332347393035889e-02,-6.342630088329315186e-02
6.146792173385620117e-01,6.124977469444274902e-01,5.854399800300598145e-01,6.847388148307800293e-01,7.698779106140136719e-01,1.000000476837158203e+00,6.554671525955200195e-01,1.186325699090957642e-01,2.869984507560729980e-01,4.020727872848510742e-01,2.711779177188873291e-01,3.557123839855194092e-01,2.527513206005096436e-01,1.314686834812164307e-01,1.565077304840087891e-01,7.859518751502037048e-03,4.645412564277648926e-01,1.789092719554901123e-01,3.926429450511932373e-01,3.933667242527008057e-01,3.735387921333312988e-01,6.917636841535568237e-02,2.247013747692108154e-01,8.395627886056900024e-02,4.626364409923553467e-01,6.455377936363220215e-01,5.136829018592834473e-01,7.326617836952209473e-01,7.140969634056091309e-01,4.864022135734558105e-01,1.626056134700775146e-01,1.384233590215444565e-02,4.210678040981292725e-01,3.174951300024986267e-02,-3.507300093770027161e-02,-2.200581319630146027e-02,1.393282506614923477e-02,-2.881704829633235931e-03,1.023796349763870239e-01,4.420004040002822876e-02,6.920935511589050293e-01,5.700075030326843262e-01,4.602957069873809814e-01,4.570009708404541016e-01,3.940497338771820068e-01,2.592467069625854492e-01,-3.469437127932906151e-03,4.473774880170822144e-02
4.617279171943664551e-01,6.053039431571960449e-01,5.671294927597045898e-01,6.796885728836059570e-01,5.645518898963928223e-01,6.554671525955200195e-01,1.000000119209289551e+00,6.829520314931869507e-02,2.951547503471374512e-01,4.550237655639648438e-01,8.163595944643020630e-02,2.549886405467987061e-01,2.096399515867233276e-01,-2.437227405607700348e-03,7.093099504709243774e-02,5.655252933502197266e-02,7.047257423400878906e-01,5.288929939270019531e-01,5.445911288261413574e-01,5.665717720985412598e-01,4.190660119056701660e-01,3.035069704055786133e-01,3.542419075965881348e-01,1.544143706560134888e-01,3.446234166622161865e-01,6.754266023635864258e-01,4.158000349998474121e-01,5.911675095558166504e-01,6.289296746253967285e-01,5.421181917190551758e-01,3.163245320320129395e-01,1.934748589992523193e-01,3.511053323745727539e-01,-2.055184356868267059e-02,4.996334388852119446e-02,9.318494796752929688e-02,2.875554375350475311e-03,-3.679651394486427307e-02,1.922525018453598022e-01,1.387243419885635376e-01,5.763430595397949219e-01,6.181207895278930664e-01,5.671110153198242188e-01,4.826488196849822998e-01,4.132896661758422852e-01,3.796700239181518555e-01,7.592068612575531006e-02,1.590163707733154297e-01
2.422390431165695190e-01,4.416998475790023804e-02,2.777004241943359375e-01,1.297454684972763062e-01,2.483738958835601807e-01,1.186325699090957642e-01,6.829520314931869507e-02,1.000000000000000000e+00,1.974235326051712036e-01,-7.579747587442398071e-02,4.007143974304199219e-01,1.473863571882247925e-01,1.634868793189525604e-02,4.877263605594635010e-01,4.377580881118774414e-01,2.546869516372680664e-01,1.600401662290096283e-02,-3.676246851682662964e-02,-1.095375418663024902e-02,-7.177305221557617188e-02,-1.103281825780868530e-01,-1.321102231740951538e-01,5.115835368633270264e-02,-5.975354835391044617e-02,2.981636822223663330e-01,1.722421795129776001e-01,2.849298119544982910e-01,2.024726122617721558e-01,1.428532153367996216e-01,5.137843638658523560e-02,-7.243417203426361084e-02,-1.640635579824447632e-01,3.686817288398742676e-01,3.475570678710937500e-01,-1.627482101321220398e-02,-1.288548856973648071e-01,3.042447566986083984e-01,2.565985918045043945e-01,6.717716902494430542e-02,-4.528092220425605774e-02,1.976023018360137939e-01,1.346662826836109161e-02,-1.598472893238067627e-01,2.761228010058403015e-02,-4.933184012770652771e-02,-1.352005004882812500e-01,-2.042611502110958099e-02,-8.571758866310119629e-02
2.538650929927825928e-01,3.548930287361145020e-01,2.169835567474365234e-01,2.308073490858078003e-01,2.424666881561279297e-01,2.869984507560729980e-01,2.951547503471374512e-01,1.974235326051712036e-01,9.999995231628417969e-01,4.686640799045562744e-01,2.051345854997634888e-01,4.090645611286163330e-01,1.742254197597503662e-01,7.671415805816650391e-02,1.368633657693862915e-01,7.174437493085861206e-02,2.634522020816802979e-01,1.411775648593902588e-01,-4.873737320303916931e-02,1.066118776798248291e-01,3.418619930744171143e-02,-1.301319338381290436e-02,2.007348090410232544e-01,-2.548487298190593719e-02,2.919579446315765381e-01,2.452507913112640381e-01,3.712607622146606445e-01,2.496081888675689697e-01,2.378476262092590332e-01,1.866254508495330811e-01,1.505905389785766602e-01,-2.471085172146558762e-03,2.721079587936401367e-01,1.193991005420684814e-01,-9.260434657335281372e-02,-1.231190562248229980e-01,1.421244591474533081e-01,7.256325334310531616e-02,3.605868667364120483e-02,-1.044142246246337891e-01,2.858585417270660400e-01,3.270543217658996582e-01,2.263622581958770752e-01,4.160616695880889893e-01,1.676194220781326294e-01,2.367524802684783936e-01,-7.330802083015441895e-02,3.804682055488228798e-03
2.296206057071685791e-01,6.023430228233337402e-01,2.257181406021118164e-01,3.306138813495635986e-01,2.909806966781616211e-01,4.020727872848510742e-01,4.550237655639648438e-01,-7.579747587442398071e-02,4.686640799045562744e-01,1.000000476837158203e+00,3.143753111362457275e-02,4.799656271934509277e-01,4.410097002983093262e-01,-1.631960272789001465e-01,-3.799662366509437561e-02,-8.323901891708374023e-02,4.066200256347656250e-01,2.853271663188934326e-01,2.578333318233489990e-01,4.874043166637420654e-01,4.194827377796173096e-01,2.834789752960205078e-01,3.554831445217132568e-01,2.226971536874771118e-01,2.477620095014572144e-01,3.488863408565521240e-01,3.083231151103973389e-01,3.520102202892303467e-01,4.229668974876403809e-01,3.631267547607421875e-01,2.925620079040527344e-01,2.556126713752746582e-01,2.128870338201522827e-01,9.891787543892860413e-03,2.815830707550048828e-02,5.657648667693138123e-02,3.399596363306045532e-02,-3.754965029656887054e-03,1.929832249879837036e-01,6.587149202823638916e-02,4.406049847602844238e-01,4.394611120223999023e-01,4.885303676128387451e-01,5.698329806327819824e-01,4.343282878398895264e-01,5.334923863410949707e-01,1.295312643051147461e-01,3.165945410728454590e-01
3.891907036304473877e-01,7.456072419881820679e-02,3.619803190231323242e-01,2.229286879301071167e-01,3.931521475315093994e-01,2.711779177188873291e-01,8.163595944643020630e-02,4.007143974304199219e-01,2.051345854997634888e-01,3.143753111362457275e-02,1.000000357627868652e+00,3.796969354152679443e-01,1.674183458089828491e-01,2.563816010951995850e-01,4.498323500156402588e-01,2.317567020654678345e-01,1.025762595236301422e-02,-1.822611540555953979e-01,-4.675057902932167053e-02,-1.567343622446060181e-01,-7.938710600137710571e-02,-1.995108574628829956e-01,8.843158371746540070e-03,2.173160761594772339e-02,3.580513000488281250e-01,1.976578384637832642e-01,4.050409197807312012e-01,3.471333980560302734e-01,2.340627312660217285e-01,6.917753815650939941e-02,-7.642402499914169312e-02,-1.316869854927062988e-01,3.466013371944427490e-01,2.501241564750671387e-01,1.060012727975845337e-01,-5.885924771428108215e-02,1.768242716789245605e-01,2.893714606761932373e-01,9.352363646030426025e-02,2.328783087432384491e-02,2.569755613803863525e-01,8.415481448173522949e-02,-4.342239722609519958e-02,7.703878730535507202e-02,7.097178697586059570e-02,-8.524699509143829346e-02,4.080239310860633850e-02,-1.079272851347923279e-01
2.697733640670776367e-01,3.969308435916900635e-01,2.293243408203125000e-01,2.107692658901214600e-01,3.694392144680023193e-01,3.557123839855194092e-01,2.549886405467987061e-01,1.473863571882247925e-01,4.090645611286163330e-01,4.799656271934509277e-01,3.796969354152679443e-01,1.000000357627868652e+00,4.702855646610260010e-01,-8.958114683628082275e-02,1.296353042125701904e-01,1.275893002748489380e-01,2.176121771335601807e-01,1.062880456447601318e-01,6.740435212850570679e-02,1.992008388042449951e-01,3.267512619495391846e-01,1.352505534887313843e-01,2.528973221778869629e-01,1.853562295436859131e-01,3.346723616123199463e-01,3.235171139240264893e-01,3.142595589160919189e-01,3.385674655437469482e-01,3.296163380146026611e-01,3.437768518924713135e-01,2.934163808822631836e-01,2.049486637115478516e-01,3.519518971443176270e-01,-3.004709631204605103e-02,1.033369600772857666e-01,6.585377454757690430e-02,8.693489432334899902e-02,-1.211746945045888424e-03,2.341512590646743774e-01,1.760772317647933960e-01,3.347552418708801270e-01,3.235026597976684570e-01,3.549478352069854736e-01,3.753240108489990234e-01,2.582800984382629395e-01,2.889437675476074219e-01,1.770658940076828003e-01,9.540432691574096680e-02
8.727094531059265137e-02,3.331174254417419434e-01,1.208838671445846558e-01,1.151879504323005676e-01,1.886488497257232666e-01,2.527513206005096436e-01,2.096399515867233276e-01,1.634868793189525604e-02,1.742254197597503662e-01,4.410097002983093262e-01,1.674183458089828491e-01,4.702855646610260010e-01,9.999995827674865723e-01,-4.472174122929573059e-02,2.646900527179241180e-02,1.285238116979598999e-01,2.625589668750762939e-01,1.857000887393951416e-01,1.736335456371307373e-01,3.510071039199829102e-01,5.206463336944580078e-01,4.267840683460235596e-01,4.646511971950531006e-01,2.784914374351501465e-01,1.396648138761520386e-01,1.629737168550491333e-01,9.453763067722320557e-02,1.638687402009963989e-01,1.909650266170501709e-01,3.139795958995819092e-01,4.186778962612152100e-01,3.188158571720123291e-01,8.839910477399826050e-02,-1.805590651929378510e-02,4.817331209778785706e-02,1.710533499717712402e-01,1.418204307556152344e-01,-7.432809472084045410e-02,9.372855722904205322e-02,1.178464367985725403e-01,2.947865426540374756e-01,2.838350236415863037e-01,3.539527356624603271e-01,3.333659470081329346e-01,4.352759718894958496e-01,4.477226138114929199e-01,3.175743520259857178e-01,3.342722356319427490e-01
2.466395646333694458e-01,7.806339859962463379e-02,3.120475709438323975e-01,1.858648955821990967e-01,1.711056232452392578e-01,1.314686834812164307e-01,-2.437227405607700348e-03,4.877263605594635010e-01,7.671415805816650391e-02,-1.631960272789001465e-01,2.563816010951995850e-01,-8.958114683628082275e-02,-4.472174122929573059e-02,9.999999403953552246e-01,4.992732107639312744e-01,1.605052202939987183e-01,-5.020472779870033264e-02,-1.291540861129760742e-01,-2.555743046104907990e-02,-7.399931550025939941e-02,-1.019646003842353821e-01,-1.057768985629081726e-01,5.713441222906112671e-02,-2.577538415789604187e-02,3.585224449634552002e-01,1.557359099388122559e-01,2.921600341796875000e-01,2.024013698101043701e-01,1.768469363451004028e-01,-2.105133421719074249e-02,-1.416163295507431030e-01,-1.135480850934982300e-01,2.755364179611206055e-01,3.230864405632019043e-01,-6.524706631898880005e-02,-8.799757063388824463e-02,3.320892751216888428e-01,2.980332076549530029e-01,-1.017034724354743958e-01,-1.714460700750350952e-01,1.597299128770828247e-01,-1.007492654025554657e-02,-1.061011925339698792e-01,1.175691857933998108e-01,-5.727190990000963211e-03,-1.761370897293090820e-01,2.476545283570885658e-03,-4.927809815853834152e-03
3.216181695461273193e-01,6.416495144367218018e-02,4.254728257656097412e-01,2.552719414234161377e-01,1.794526875019073486e-01,1.565077304840087891e-01,7.093099504709243774e-02,4.377580881118774414e-01,1.368633657693862915e-01,-3.799662366509437561e-02,4.498323500156402588e-01,1.296353042125701904e-01,2.646900527179241180e-02,4.992732107639312744e-01,9.999998211860656738e-01,3.721500635147094727e-01,-2.616504952311515808e-02,-1.655963510274887085e-01,-7.074677199125289917e-02,-9.614129364490509033e-02,-7.759929168969392776e-03,-1.058161780238151550e-01,5.604685470461845398e-02,2.368272654712200165e-02,4.177584350109100342e-01,1.350619792938232422e-01,3.529743552207946777e-01,2.597569227218627930e-01,1.837859004735946655e-01,-4.118480533361434937e-02,-1.629061400890350342e-01,-8.894561231136322021e-02,3.727700412273406982e-01,3.334102332592010498e-01,6.415455788373947144e-02,-1.000527963042259216e-01,3.158901333808898926e-01,4.442770481109619141e-01,5.240895971655845642e-02,-4.995299130678176880e-02,1.734511852264404297e-01,-5.709365475922822952e-03,-1.326315402984619141e-01,7.250030338764190674e-02,-9.540396276861429214e-04,-1.253601610660552979e-01,1.491707935929298401e-02,-2.123869024217128754e-02
1.086396425962448120e-01,3.086957894265651703e-02,8.921640366315841675e-02,3.152684122323989868e-02,1.527878548949956894e-02,7.859518751502037048e-03,5.655252933502197266e-02,2.546869516372680664e-01,7.174437493085861206e-02,-8.323901891708374023e-02,2.317567020654678345e-01,1.275893002748489380e-01,1.285238116979598999e-01,1.605052202939987183e-01,3.721500635147094727e-01,1.000000119209289551e+00,7.793720066547393799e-02,1.190074458718299866e-01,-7.311785966157913208e-02,1.379582565277814865e-02,8.029329031705856323e-02,1.182900965213775635e-01,1.987050622701644897e-01,-1.234251782298088074e-01,6.926920264959335327e-02,-1.053467858582735062e-02,1.522882133722305298e-01,-6.599547713994979858e-02,8.335319347679615021e-03,7.148367166519165039e-02,9.029600769281387329e-02,-3.631001710891723633e-02,1.797142475843429565e-01,-2.209917642176151276e-02,1.470451802015304565e-01,-1.055862456560134888e-01,1.325802654027938843e-01,1.325991004705429077e-01,2.185046821832656860e-01,4.550317302346229553e-02,1.259373426437377930e-01,9.203806519508361816e-02,1.086140424013137817e-02,6.514309346675872803e-02,1.558431386947631836e-01,1.255932450294494629e-01,-6.675040721893310547e-02,-4.216362535953521729e-02
3.068192005157470703e-01,4.651708304882049561e-01,3.383577167987823486e-01,4.467991292476654053e-01,4.146902561187744141e-01,4.645412564277648926e-01,7.047257423400878906e-01,1.600401662290096283e-02,2.634522020816802979e-01,4.066200256347656250e-01,1.025762595236301422e-02,2.176121771335601807e-01,2.625589668750762939e-01,-5.020472779870033264e-02,-2.616504952311515808e-02,7.793720066547393799e-02,9.999998211860656738e-01,6.656869053840637207e-01,5.338457822799682617e-01,5.393459796905517578e-01,3.582057654857635498e-01,2.789538800716400146e-01,3.659613132476806641e-01,2.078843489289283752e-02,2.956494092941284180e-01,4.392099380493164062e-01,3.333077430725097656e-01,3.773117661476135254e-01,4.059280157089233398e-01,4.043883383274078369e-01,2.613384425640106201e-01,8.254732191562652588e-02,3.259431421756744385e-01,-1.386387497186660767e-01,-3.212989494204521179e-02,8.900391310453414917e-02,-2.818456618115305901e-03,-1.577887982130050659e-01,1.205161213874816895e-01,1.925791054964065552e-01,3.593679368495941162e-01,5.350594520568847656e-01,5.402313470840454102e-01,4.196272492408752441e-01,4.068597555160522461e-01,4.421350657939910889e-01,-4.594717174768447876e-02,1.674326509237289429e-01
-1.725540310144424438e-02,3.298402428627014160e-01,5.095655843615531921e-02,1.399514079093933105e-01,1.245089918375015259e-01,1.789092719554901123e-01,5.288929939270019531e-01,-3.676246851682662964e-02,1.411775648593902588e-01,2.853271663188934326e-01,-1.822611540555953979e-01,1.062880456447601318e-01,1.857000887393951416e-01,-1.291540861129760742e-01,-1.655963510274887085e-01,1.190074458718299866e-01,6.656869053840637207e-01,1.000000000000000000e+00,4.528899490833282471e-01,5.327939391136169434e-01,3.700798153877258301e-01,5.021306276321411133e-01,4.511064291000366211e-01,1.194427609443664551e-01,1.013599410653114319e-01,2.869740426540374756e-01,1.128039136528968811e-01,9.775371104478836060e-02,2.120679169893264771e-01,4.256659746170043945e-01,4.523878991603851318e-01,3.035886883735656738e-01,1.172884404659271240e-01,-1.918666064739227295e-01,-9.579847007989883423e-02,2.206137329339981079e-01,1.948698610067367554e-02,-2.330887913703918457e-01,1.529408246278762817e-01,2.785916030406951904e-01,1.908414959907531738e-01,4.272970557212829590e-01,5.114149451255798340e-01,3.307433128356933594e-01,3.480220735073089600e-01,4.319137930870056152e-01,1.018383577466011047e-01,3.163483738899230957e-01
1.948307901620864868e-01,4.639486074447631836e-01,2.749778628349304199e-01,3.878673911094665527e-01,3.060006797313690186e-01,3.926429450511932373e-01,5.445911288261413574e-01,-1.095375418663024902e-02,-4.873737320303916931e-02,2.578333318233489990e-01,-4.675057902932167053e-02,6.740435212850570679e-02,1.736335456371307373e-01,-2.555743046104907990e-02,-7.074677199125289917e-02,-7.311785966157913208e-02,5.338457822799682617e-01,4.528899490833282471e-01,9.999997615814208984e-01,6.652456521987915039e-01,4.162601828575134277e-01,2.934977412223815918e-01,2.412853091955184937e-01,2.198961526155471802e-01,1.766028106212615967e-01,4.182038307189941406e-01,2.032116502523422241e-01,3.815401196479797363e-01,4.673037528991699219e-01,4.422938227653503418e-01,2.029953747987747192e-01,2.336161434650421143e-01,1.678204089403152466e-01,-1.022755280137062073e-01,6.639436632394790649e-02,3.065980970859527588e-01,2.602476999163627625e-02,-1.561586409807205200e-01,1.549409180879592896e-01,1.761009693145751953e-01,3.591356575489044189e-01,4.989336729049682617e-01,5.362291336059570312e-01,3.544602990150451660e-01,3.946966230869293213e-01,3.676278591156005859e-01,1.667956411838531494e-01,2.792713940143585205e-01
9.684745222330093384e-02,6.039206385612487793e-01,2.021425664424896240e-01,3.866916298866271973e-01,2.234852164983749390e-01,3.933667242527008057e-01,5.665717720985412598e-01,-7.177305221557617188e-02,1.066118776798248291e-01,4.874043166637420654e-01,-1.567343622446060181e-01,1.992008388042449951e-01,3.510071039199829102e-01,-7.399931550025939941e-02,-9.614129364490509033e-02,1.379582565277814865e-02,5.393459796905517578e-01,5.327939391136169434e-01,6.652456521987915039e-01,1.000000476837158203e+00,6.669189333915710449e-01,5.080171227455139160e-01,4.288476705551147461e-01,2.702475786209106445e-01,1.466725468635559082e-01,3.865697085857391357e-01,1.774385720491409302e-01,2.855190932750701904e-01,4.638500213623046875e-01,4.706327915191650391e-01,3.419775664806365967e-01,3.956605494022369385e-01,1.686885654926300049e-01,-1.043683812022209167e-01,4.584755003452301025e-02,2.669197916984558105e-01,2.728008478879928589e-02,-1.193256676197052002e-01,1.967224627733230591e-01,1.892678290605545044e-01,4.641411304473876953e-01,5.638333559036254883e-01,6.327661871910095215e-01,5.120300054550170898e-01,5.313878059387207031e-01,5.961660146713256836e-01,2.174243181943893433e-01,4.563843011856079102e-01
5.718677863478660583e-02,4.627356529235839844e-01,2.052376717329025269e-01,3.023993968963623047e-01,1.815738976001739502e-01,3.735387921333312988e-01,4.190660119056701660e-01,-1.103281825780868530e-01,3.418619930744171143e-02,4.194827377796173096e-01,-7.938710600137710571e-02,3.267512619495391846e-01,5.206463336944580078e-01,-1.019646003842353821e-01,-7.759929168969392776e-03,8.029329031705856323e-02,3.582057654857635498e-01,3.700798153877258301e-01,4.162601828575134277e-01,6.669189333915710449e-01,9.999999403953552246e-01,6.442216038703918457e-01,4.454959332942962646e-01,3.265959918498992920e-01,9.705150127410888672e-02,3.088935613632202148e-01,1.415867358446121216e-02,2.426989823579788208e-01,3.605919182300567627e-01,4.905287623405456543e-01,4.720579385757446289e-01,5.046480298042297363e-01,9.894928336143493652e-02,-6.724169850349426270e-02,6.484366208314895630e-02,2.619176805019378662e-01,6.202965602278709412e-02,-1.390186846256256104e-01,1.023313254117965698e-01,1.919869184494018555e-01,3.801759183406829834e-01,4.206118285655975342e-01,5.132295489311218262e-01,3.900299668312072754e-01,4.588111042976379395e-01,4.882591366767883301e-01,2.775314152240753174e-01,4.665659070014953613e-01
-1.910896152257919312e-01,2.364136576652526855e-01,1.826814375817775726e-02,7.254461944103240967e-02,-8.783742040395736694e-02,6.917636841535568237e-02,3.035069704055786133e-01,-1.321102231740951538e-01,-1.301319338381290436e-02,2.834789752960205078e-01,-1.995108574628829956e-01,1.352505534887313843e-01,4.267840683460235596e-01,-1.057768985629081726e-01,-1.058161780238151550e-01,1.182900965213775635e-01,2.789538800716400146e-01,5.021306276321411133e-01,2.934977412223815918e-01,5.080171227455139160e-01,6.442216038703918457e-01,1.000000238418579102e+00,5.500473976135253906e-01,3.777260482311248779e-01,-6.503511220216751099e-02,1.652344018220901489e-01,-1.503803730010986328e-01,-5.796089302748441696e-03,1.037869080901145935e-01,4.532572329044342041e-01,6.441355347633361816e-01,6.238222718238830566e-01,-1.244870424270629883e-01,-5.634391680359840393e-02,-1.438913121819496155e-02,3.596881330013275146e-01,7.328811287879943848e-02,-1.550820618867874146e-01,1.044659167528152466e-01,1.977750211954116821e-01,1.537104845046997070e-01,2.997191846370697021e-01,3.982581496238708496e-01,2.433236986398696899e-01,3.230385184288024902e-01,4.079320430755615234e-01,3.939076364040374756e-01,5.891744494438171387e-01
2.123647928237915039e-02,3.552806675434112549e-01,1.436658799648284912e-01,1.656310111284255981e-01,1.238643825054168701e-01,2.247013747692108154e-01,3.542419075965881348e-01,5.115835368633270264e-02,2.007348090410232544e-01,3.554831445217132568e-01,8.843158371746540070e-03,2.528973221778869629e-01,4.646511971950531006e-01,5.713441222906112671e-02,5.604685470461845398e-02,1.987050622701644897e-01,3.659613132476806641e-01,4.511064291000366211e-01,2.412853091955184937e-01,4.288476705551147461e-01,4.454959332942962646e-01,5.500473976135253906e-01,9.999999403953552246e-01,3.803188800811767578e-01,1.559492796659469604e-01,2.940855026245117188e-01,1.075379550457000732e-01,1.294475346803665161e-01,2.169653922319412231e-01,4.045521914958953857e-01,5.178774595260620117e-01,4.170942902565002441e-01,7.903583347797393799e-02,-1.165578439831733704e-01,4.164534062147140503e-02,4.071944355964660645e-01,8.389464020729064941e-02,-7.758537679910659790e-02,2.844521701335906982e-01,4.109272956848144531e-01,3.088888227939605713e-01,4.078572392463684082e-01,4.028479754924774170e-01,3.614634275436401367e-01,3.588381409645080566e-01,4.337517619132995605e-01,3.017339408397674561e-01,5.494968295097351074e-01
-1.826539337635040283e-01,2.847647964954376221e-01,9.432249516248703003e-02,4.981574416160583496e-02,8.699252270162105560e-03,8.395627886056900024e-02,1.544143706560134888e-01,-5.975354835391044617e-02,-2.548487298190593719e-02,2.226971536874771118e-01,2.173160761594772339e-02,1.853562295436859131e-01,2.784914374351501465e-01,-2.577538415789604187e-02,2.368272654712200165e-02,-1.234251782298088074e-01,2.078843489289283752e-02,1.194427609443664551e-01,2.198961526155471802e-01,2.702475786209106445e-01,3.265959918498992920e-01,3.777260482311248779e-01,3.803188800811767578e-01,1.000000357627868652e+00,4.248319193720817566e-02,1.958410143852233887e-01,-6.730010360479354858e-02,1.010911837220191956e-01,1.386685669422149658e-01,3.021220266819000244e-01,3.270560503005981445e-01,6.570662260055541992e-01,-6.457497179508209229e-02,-5.318304523825645447e-03,2.302303314208984375e-01,6.513842940330505371e-01,7.275787182152271271e-03,-4.855413734912872314e-02,2.504864335060119629e-01,3.469672501087188721e-01,1.693069785833358765e-01,2.682177424430847168e-01,2.748641669750213623e-01,2.644289433956146240e-01,2.254695296287536621e-01,2.317034304141998291e-01,7.780445814132690430e-01,5.797038674354553223e-01
6.096099615097045898e-01,3.693228065967559814e-01,4.841847419738769531e-01,4.367406368255615234e-01,5.379244685173034668e-01,4.626364409923553467e-01,3.446234166622161865e-01,2.981636822223663330e-01,2.919579446315765381e-01,2.477620095014572144e-01,3.580513000488281250e-01,3.346723616123199463e-01,1.396648138761520386e-01,3.585224449634552002e-01,4.177584350109100342e-01,6.926920264959335327e-02,2.956494092941284180e-01,1.013599410653114319e-01,1.766028106212615967e-01,1.466725468635559082e-01,9.705150127410888672e-02,-6.503511220216751099e-02,1.559492796659469604e-01,4.248319193720817566e-02,1.000000119209289551e+00,4.403161406517028809e-01,6.906274557113647461e-01,5.663612484931945801e-01,4.908567965030670166e-01,1.956911087036132812e-01,-2.143268845975399017e-02,-3.782738745212554932e-02,7.487354278564453125e-01,1.920940876007080078e-01,-7.004094868898391724e-02,-6.332382559776306152e-02,3.344841301441192627e-01,6.938946992158889771e-02,-1.503961440175771713e-02,4.414907842874526978e-02,4.324834942817687988e-01,1.905357539653778076e-01,1.442620307207107544e-01,2.922083437442779541e-01,1.740182340145111084e-01,3.557915985584259033e-02,2.073109894990921021e-02,1.025296226143836975e-01
4.962177574634552002e-01,5.173649787902832031e-01,5.994516611099243164e-01,6.038091182708740234e-01,6.201173067092895508e-01,6.455377936363220215e-01,6.754266023635864258e-01,1.722421795129776001e-01,2.452507913112640381e-01,3.488863408565521240e-01,1.976578384637832642e-01,3.235171139240264893e-01,1.629737168550491333e-01,1.557359099388122559e-01,1.350619792938232422e-01,-1.053467858582735062e-02,4.392099380493164062e-01,2.869740426540374756e-01,4.182038307189941406e-01,3.865697085857391357e-01,3.088935613632202148e-01,1.652344018220901489e-01,2.940855026245117188e-01,1.958410143852233887e-01,4.403161406517028809e-01,9.999998211860656738e-01,4.490121304988861084e-01,6.705257296562194824e-01,6.732686161994934082e-01,5.666680335998535156e-01,3.137069642543792725e-01,1.885648220777511597e-01,4.014722406864166260e-01,-6.431848276406526566e-03,7.319372892379760742e-02,1.187013462185859680e-01,6.597441434860229492e-02,-5.168673396110534668e-02,1.843574196100234985e-01,1.638734191656112671e-01,5.475410819053649902e-01,5.038712620735168457e-01,4.494064450263977051e-01,3.735152482986450195e-01,3.006116747856140137e-01,2.098333090543746948e-01,1.173011884093284607e-01,1.087850183248519897e-01
6.465246081352233887e-01,4.341934919357299805e-01,5.203275680541992188e-01,5.174019336700439453e-01,5.850584506988525391e-01,5.136829018592834473e-01,4.158000349998474121e-01,2.849298119544982910e-01,3.712607622146606445e-01,3.083231151103973389e-01,4.050409197807312012e-01,3.142595589160919189e-01,9.453763067722320557e-02,2.921600341796875000e-01,3.529743552207946777e-01,1.522882133722305298e-01,3.333077430725097656e-01,1.128039136528968811e-01,2.032116502523422241e-01,1.774385720491409302e-01,1.415867358446121216e-02,-1.503803730010986328e-01,1.075379550457000732e-01,-6.730010360479354858e-02,6.906274557113647461e-01,4.490121304988861084e-01,9.999998211860656738e-01,5.989559888839721680e-01,5.429670214653015137e-01,2.010636329650878906e-01,-4.726001992821693420e-02,-1.440880596637725830e-01,6.284082531929016113e-01,2.072547674179077148e-01,4.697142168879508972e-02,-1.630574464797973633e-01,1.769313365221023560e-01,2.106795161962509155e-01,1.278552263975143433e-01,1.762050949037075043e-02,4.827395975589752197e-01,2.742131650447845459e-01,2.138090729713439941e-01,3.483410179615020752e-01,2.075110971927642822e-01,7.966592907905578613e-02,-1.097589954733848572e-01,-4.873191192746162415e-02
6.828072667121887207e-01,5.346321463584899902e-01,7.034803628921508789e-01,7.067145109176635742e-01,7.371082305908203125e-01,7.326617836952209473e-01,5.911675095558166504e-01,2.024726122617721558e-01,2.496081888675689697e-01,3.520102202892303467e-01,3.471333980560302734e-01,3.385674655437469482e-01,1.638687402009963989e-01,2.024013698101043701e-01,2.597569227218627930e-01,-6.599547713994979858e-02,3.773117661476135254e-01,9.775371104478836060e-02,3.815401196479797363e-01,2.855190932750701904e-01,2.426989823579788208e-01,-5.796089302748441696e-03,1.294475346803665161e-01,1.010911837220191956e-01,5.663612484931945801e-01,6.705257296562194824e-01,5.989559888839721680e-01,1.000000596046447754e+00,7.712366580963134766e-01,4.746559560298919678e-01,1.480915993452072144e-01,8.299675770103931427e-03,4.860448837280273438e-01,1.697919815778732300e-01,1.541293784976005554e-02,-3.689645230770111084e-02,6.605109572410583496e-02,9.777992218732833862e-02,1.681774854660034180e-01,1.096939947456121445e-02,6.214044094085693359e-01,4.269548058509826660e-01,3.116097450256347656e-01,3.446659147739410400e-01,2.954719066619873047e-01,8.650431036949157715e-02,3.720995411276817322e-02,-9.481197223067283630e-03
6.234725117683410645e-01,6.737073659896850586e-01,5.933616161346435547e-01,6.794273853302001953e-01,6.475300788879394531e-01,7.140969634056091309e-01,6.289296746253967285e-01,1.428532153367996216e-01,2.378476262092590332e-01,4.229668974876403809e-01,2.340627312660217285e-01,3.296163380146026611e-01,1.909650266170501709e-01,1.768469363451004028e-01,1.837859004735946655e-01,8.335319347679615021e-03,4.059280157089233398e-01,2.120679169893264771e-01,4.673037528991699219e-01,4.638500213623046875e-01,3.605919182300567627e-01,1.037869080901145935e-01,2.169653922319412231e-01,1.386685669422149658e-01,4.908567965030670166e-01,6.732686161994934082e-01,5.429670214653015137e-01,7.712366580963134766e-01,1.000000238418579102e+00,5.254225134849548340e-01,2.058051526546478271e-01,1.173660829663276672e-01,4.385631978511810303e-01,9.764033555984497070e-02,6.617417186498641968e-02,3.017938137054443359e-02,1.189206689596176147e-01,3.690226748585700989e-02,2.232118397951126099e-01,2.535722218453884125e-02,7.054135203361511230e-01,5.539156198501586914e-01,4.819418787956237793e-01,5.113272070884704590e-01,4.612985253334045410e-01,2.963930368423461914e-01,6.974264234304428101e-02,1.181812807917594910e-01
2.315271943807601929e-01,4.994764924049377441e-01,3.548420965671539307e-01,4.042967557907104492e-01,3.597362339496612549e-01,4.864022135734558105e-01,5.421181917190551758e-01,5.137843638658523560e-02,1.866254508495330811e-01,3.631267547607421875e-01,6.917753815650939941e-02,3.437768518924713135e-01,3.139795958995819092e-01,-2.105133421719074249e-02,-4.118480533361434937e-02,7.148367166519165039e-02,4.043883383274078369e-01,4.256659746170043945e-01,4.422938227653503418e-01,4.706327915191650391e-01,4.905287623405456543e-01,4.532572329044342041e-01,4.045521914958953857e-01,3.021220266819000244e-01,1.956911087036132812e-01,5.666680335998535156e-01,2.010636329650878906e-01,4.746559560298919678e-01,5.254225134849548340e-01,1.000000357627868652e+00,6.172862052917480469e-01,4.241415858268737793e-01,1.872575134038925171e-01,-8.036420494318008423e-02,3.073257766664028168e-02,2.284470200538635254e-01,9.899313002824783325e-02,-1.267589479684829712e-01,2.183970361948013306e-01,2.176066637039184570e-01,4.104595184326171875e-01,5.102673172950744629e-01,5.423630475997924805e-01,3.933481872081756592e-01,3.870017230510711670e-01,3.264328539371490479e-01,2.875693738460540771e-01,2.722980082035064697e-01
-3.700240701436996460e-02,2.359678596258163452e-01,7.265042513608932495e-02,1.037340611219406128e-01,7.912116497755050659e-02,1.626056134700775146e-01,3.163245320320129395e-01,-7.243417203426361084e-02,1.505905389785766602e-01,2.925620079040527344e-01,-7.642402499914169312e-02,2.934163808822631836e-01,4.186778962612152100e-01,-1.416163295507431030e-01,-1.629061400890350342e-01,9.029600769281387329e-02,2.613384425640106201e-01,4.523878991603851318e-01,2.029953747987747192e-01,3.419775664806365967e-01,4.720579385757446289e-01,6.441355347633361816e-01,5.178774595260620117e-01,3.270560503005981445e-01,-2.143268845975399017e-02,3.137069642543792725e-01,-4.726001992821693420e-02,1.480915993452072144e-01,2.058051526546478271e-01,6.172862052917480469e-01,9.999997019767761230e-01,5.739105939865112305e-01,-8.080744743347167969e-02,-1.135694980621337891e-01,-8.258824236690998077e-04,3.003182411193847656e-01,3.404775261878967285e-02,-1.611071377992630005e-01,2.166879326105117798e-01,2.244556546211242676e-01,1.956970244646072388e-01,3.357760310173034668e-01,4.213699698448181152e-01,2.290435284376144409e-01,2.416490465402603149e-01,3.079130053520202637e-01,3.467622995376586914e-01,3.448675870895385742e-01
-2.510138154029846191e-01,2.487429678440093994e-01,2.896197699010372162e-02,1.477812416851520538e-02,-1.204922795295715332e-01,1.384233590215444565e-02,1.934748589992523193e-01,-1.640635579824447632e-01,-2.471085172146558762e-03,2.556126713752746582e-01,-1.316869854927062988e-01,2.049486637115478516e-01,3.188158571720123291e-01,-1.135480850934982300e-01,-8.894561231136322021e-02,-3.631001710891723633e-02,8.254732191562652588e-02,3.035886883735656738e-01,2.336161434650421143e-01,3.956605494022369385e-01,5.046480298042297363e-01,6.238222718238830566e-01,4.170942902565002441e-01,6.570662260055541992e-01,-3.782738745212554932e-02,1.885648220777511597e-01,-1.440880596637725830e-01,8.299675770103931427e-03,1.173660829663276672e-01,4.241415858268737793e-01,5.739105939865112305e-01,9.999998211860656738e-01,-1.194212585687637329e-01,-7.338663935661315918e-02,1.379394382238388062e-01,5.605956912040710449e-01,2.857242710888385773e-02,-1.429448425769805908e-01,1.770261377096176147e-01,2.829515039920806885e-01,1.049432829022407532e-01,2.705279588699340820e-01,3.845290541648864746e-01,2.425206601619720459e-01,2.459840774536132812e-01,3.443293571472167969e-01,6.296390891075134277e-01,5.852308273315429688e-01
6.096760034561157227e-01,3.857263922691345215e-01,4.340672492980957031e-01,3.922193944454193115e-01,5.220447778701782227e-01,4.210678040981292725e-01,3.511053323745727539e-01,3.686817288398742676e-01,2.721079587936401367e-01,2.128870338201522827e-01,3.466013371944427490e-01,3.519518971443176270e-01,8.839910477399826050e-02,2.755364179611206055e-01,3.727700412273406982e-01,1.797142475843429565e-01,3.259431421756744385e-01,1.172884404659271240e-01,1.678204089403152466e-01,1.686885654926300049e-01,9.894928336143493652e-02,-1.244870424270629883e-01,7.903583347797393799e-02,-6.457497179508209229e-02,7.487354278564453125e-01,4.014722406864166260e-01,6.284082531929016113e-01,4.860448837280273438e-01,4.385631978511810303e-01,1.872575134038925171e-01,-8.080744743347167969e-02,-1.194212585687637329e-01,1.000000596046447754e+00,1.019554138183593750e-01,-6.778979208320379257e-03,-1.163855940103530884e-01,3.643849194049835205e-01,8.140839636325836182e-03,4.065599292516708374e-02,7.418902963399887085e-02,4.185969829559326172e-01,1.717171221971511841e-01,1.489522755146026611e-01,2.831921875476837158e-01,2.023021578788757324e-01,8.655384182929992676e-02,-6.295244395732879639e-02,1.323557458817958832e-03
