9.999996423721313477e-01,3.161098361015319824e-01,8.848477154970169067e-02,4.785966575145721436e-01,4.133311808109283447e-01,4.504018425941467285e-01,2.529909312725067139e-01,5.176220536231994629e-01,2.441088855266571045e-01,2.040973603725433350e-01,2.702905833721160889e-01,2.166100442409515381e-01,2.977052330970764160e-01,2.418418526649475098e-01,2.915116548538208008e-01,4.969046711921691895e-01,3.966191112995147705e-01,4.202262461185455322e-01,4.104371368885040283e-01,2.264014929533004761e-01,-3.853341937065124512e-02,-5.081451311707496643e-02,7.290750741958618164e-02,-2.960142195224761963e-01,4.894555211067199707e-01,9.891790151596069336e-02,5.761823654174804688e-01,4.053180515766143799e-01,1.346215903759002686e-01,-9.795299917459487915e-02,-3.010655343532562256e-01,-3.742344379425048828e-01,6.243019700050354004e-01,2.406992167234420776e-01,-6.129321455955505371e-02,-2.082984596490859985e-01,2.882283926010131836e-01,1.730674952268600464e-01,1.916913241147994995e-01,-3.149070441722869873e-01,6.018961071968078613e-01,3.374433219432830811e-01,4.008261561393737793e-01,2.005235552787780762e-01,2.244529873132705688e-01,3.852901756763458252e-01,-2.201061695814132690e-01,-1.734358221292495728e-01
3.161098361015319824e-01,1.000000357627868652e+00,-6.509379297494888306e-02,2.085040062665939331e-01,3.844259679317474365e-01,4.175768196582794189e-01,2.393930703401565552e-01,2.078852802515029907e-01,4.152016341686248779e-01,5.312120914459228516e-01,3.022794127464294434e-01,4.506465196609497070e-01,4.339256882667541504e-01,1.069149225950241089e-01,2.985639274120330811e-01,2.750923633575439453e-01,2.280379682779312134e-01,3.693391680717468262e-01,1.386954486370086670e-01,3.557560741901397705e-01,1.495466232299804688e-01,-1.324969679117202759e-01,-5.155467614531517029e-02,-1.216716170310974121e-01,3.578956425189971924e-02,8.011092990636825562e-02,3.523412942886352539e-01,4.190375283360481262e-02,2.390355058014392853e-02,6.486354768276214600e-02,3.597318008542060852e-02,-1.012079715728759766e-01,3.937953412532806396e-01,3.030349612236022949e-01,1.311059445142745972e-01,6.006004754453897476e-03,1.499182581901550293e-01,3.794057667255401611e-01,2.444154471158981323e-01,-1.002708002924919128e-01,6.045522689819335938e-01,6.718309521675109863e-01,1.983754485845565796e-01,5.168177485466003418e-01,6.758596301078796387e-01,4.102229475975036621e-01,-1.097080335021018982e-01,-2.976754866540431976e-02
8.848477154970169067e-02,-6.509379297494888306e-02,9.999996423721313477e-01,4.060240089893341064e-01,3.545323610305786133e-01,2.098343148827552795e-02,4.339047670364379883e-01,1.313447207212448120e-01,-5.783106759190559387e-02,8.438217639923095703e-02,-1.364877820014953613e-01,-1.085714064538478851e-02,2.774956449866294861e-02,-9.257825464010238647e-02,7.914655655622482300e-02,-2.886256203055381775e-02,2.709513902664184570e-01,-2.942533493041992188e-01,2.431223094463348389e-01,2.655789852142333984e-01,1.455949544906616211e-01,-4.596569109708070755e-03,4.435210824012756348e-01,-1.785535216331481934e-01,4.090026915073394775e-01,2.374997735023498535e-01,-1.702967882156372070e-01,5.783470273017883301e-01,2.750025987625122070e-01,8.192491531372070312e-02,-1.084794402122497559e-01,-2.024167627096176147e-01,-7.092332839965820312e-02,-2.155690789222717285e-01,3.877213224768638611e-02,-5.608162283897399902e-02,-4.553979262709617615e-02,2.511302195489406586e-02,8.362179249525070190e-02,-9.108291566371917725e-02,-4.670819640159606934e-02,-1.029750928282737732e-01,3.736427128314971924e-01,-1.162610426545143127e-01,5.408728867769241333e-02,2.935777306556701660e-01,-1.380175203084945679e-01,-2.141569256782531738e-01
4.785966575145721436e-01,2.085040062665939331e-01,4.060240089893341064e-01,1.000000357627868652e+00,4.379117190837860107e-01,4.208593368530273438e-01,5.724052190780639648e-01,2.988507747650146484e-01,1.269014179706573486e-01,2.500144541263580322e-01,7.169669121503829956e-02,1.665850132703781128e-01,2.481866180896759033e-01,1.046071276068687439e-01,1.591580212116241455e-01,2.178582698106765747e-01,4.093443155288696289e-01,2.116375230252742767e-02,2.290352880954742432e-01,2.529309093952178955e-01,1.216735243797302246e-01,1.239408701658248901e-01,3.706493675708770752e-01,-3.753617703914642334e-01,6.580898165702819824e-01,2.777329385280609131e-01,2.852841913700103760e-01,6.435251832008361816e-01,4.705117940902709961e-01,-3.897819295525550842e-02,-2.669320106506347656e-01,-3.533598780632019043e-01,1.694475412368774414e-01,-1.528120636940002441e-01,-8.437421172857284546e-02,-2.530462443828582764e-01,1.918172650039196014e-02,5.952602997422218323e-02,5.917356465943157673e-04,-3.475682437419891357e-01,3.229525983333587646e-01,1.746209859848022461e-01,5.379468202590942383e-01,5.775608867406845093e-02,2.371103465557098389e-01,4.836561679840087891e-01,-2.969664335250854492e-01,-1.769234687089920044e-01
4.133311808109283447e-01,3.844259679317474365e-01,3.545323610305786133e-01,4.379117190837860107e-01,1.000000238418579102e+00,3.442309796810150146e-01,4.716883301734924316e-01,5.457373857498168945e-01,3.735819160938262939e-01,3.527137041091918945e-01,2.484562695026397705e-01,3.328615725040435791e-01,3.702117502689361572e-01,2.219425290822982788e-01,3.576509356498718262e-01,2.188219130039215088e-01,5.082505345344543457e-01,1.769036948680877686e-01,4.949355125427246094e-01,5.980902910232543945e-01,2.704807817935943604e-01,-1.564727127552032471e-01,3.971588611602783203e-01,-3.738013207912445068e-01,4.745286703109741211e-01,1.686781495809555054e-01,1.481774300336837769e-01,4.119950234889984131e-01,1.710636913776397705e-01,5.466835945844650269e-02,-6.507529318332672119e-02,-3.399762511253356934e-01,4.458329975605010986e-01,1.656050980091094971e-02,9.882568567991256714e-02,-9.650925546884536743e-02,3.551584184169769287e-01,1.829639673233032227e-01,2.803852856159210205e-01,-2.274103909730911255e-01,4.215577542781829834e-01,2.151599824428558350e-01,4.691947996616363525e-01,3.181996643543243408e-01,1.793366074562072754e-01,4.401553571224212646e-01,-2.690183818340301514e-01,-2.538156509399414062e-01
4.504018425941467285e-01,4.175768196582794189e-01,2.098343148827552795e-02,4.208593368530273438e-01,3.442309796810150146e-01,1.000000357627868652e+00,3.108713030815124512e-01,8.968767523765563965e-02,2.151963412761688232e-01,2.844763696193695068e-01,1.778039038181304932e-01,2.649983465671539307e-01,4.653237164020538330e-01,1.391481012105941772e-01,1.730330884456634521e-01,4.614993929862976074e-01,6.029454991221427917e-02,3.129274249076843262e-01,4.773303866386413574e-02,1.659563183784484863e-01,5.803533643484115601e-02,-8.587702363729476929e-02,-1.999987959861755371e-01,-1.208679154515266418e-01,1.511922180652618408e-01,2.086257487535476685e-01,4.578361213207244873e-01,7.882638275623321533e-02,7.427383959293365479e-02,-8.578328788280487061e-02,-1.737587302923202515e-01,-1.776348650455474854e-01,2.818625271320343018e-01,1.638920903205871582e-01,5.446837097406387329e-02,-8.310179412364959717e-02,1.450844407081604004e-01,3.018163740634918213e-01,5.782688409090042114e-02,-1.817726939916610718e-01,4.672110676765441895e-01,4.648591279983520508e-01,3.122543692588806152e-01,3.034276664257049561e-01,2.748302817344665527e-01,3.053569197654724121e-01,-8.986445516347885132e-02,-9.567147493362426758e-02
2.529909312725067139e-01,2.393930703401565552e-01,4.339047670364379883e-01,5.724052190780639648e-01,4.716883301734924316e-01,3.108713030815124512e-01,1.000000000000000000e+00,2.726467549800872803e-01,2.314103543758392334e-01,3.114507794380187988e-01,1.191740259528160095e-01,2.179748564958572388e-01,2.157270163297653198e-01,2.520826086401939392e-02,1.659359037876129150e-01,5.852498859167098999e-02,4.915661811828613281e-01,1.161711663007736206e-01,2.731036543846130371e-01,3.581991195678710938e-01,2.337939292192459106e-01,8.688967674970626831e-02,3.832223713397979736e-01,-3.851819932460784912e-01,5.164310336112976074e-01,5.529866218566894531e-01,1.966906785964965820e-01,5.066972970962524414e-01,5.064473748207092285e-01,1.106536015868186951e-01,-7.740151137113571167e-02,-3.001866340637207031e-01,2.668238878250122070e-01,-8.644960820674896240e-02,8.025416731834411621e-02,-1.431177407503128052e-01,8.783391118049621582e-02,1.300327479839324951e-01,1.237678155303001404e-01,-2.856639921665191650e-01,2.096955031156539917e-01,2.009689062833786011e-01,5.195081233978271484e-01,1.643505841493606567e-01,2.045363634824752808e-01,4.980863034725189209e-01,-3.495875000953674316e-01,-1.843717098236083984e-01
5.176220536231994629e-01,2.078852802515029907e-01,1.313447207212448120e-01,2.988507747650146484e-01,5.457373857498168945e-01,8.968767523765563965e-02,2.726467549800872803e-01,1.000000119209289551e+00,4.045647084712982178e-01,2.293828427791595459e-01,4.809348285198211670e-01,2.521217763423919678e-01,1.997920274734497070e-01,5.496267676353454590e-01,4.084246158599853516e-01,3.172458410263061523e-01,5.925230979919433594e-01,3.029726743698120117e-01,5.625173449516296387e-01,5.127437114715576172e-01,8.222375810146331787e-02,-1.046237125992774963e-01,4.552653133869171143e-01,-4.960303604602813721e-01,5.037225484848022461e-01,8.589093387126922607e-02,3.209218084812164307e-01,3.160718381404876709e-01,4.415376484394073486e-02,-4.947412014007568359e-02,-1.990427970886230469e-01,-4.546850919723510742e-01,6.217787861824035645e-01,2.275343984365463257e-01,2.287021279335021973e-02,-2.740751206874847412e-01,6.056380867958068848e-01,1.269893944263458252e-01,4.680028855800628662e-01,-3.023488819599151611e-01,3.994547426700592041e-01,4.222464933991432190e-02,4.256269037723541260e-01,1.600114554166793823e-01,2.316919155418872833e-02,2.861985564231872559e-01,-4.259053170680999756e-01,-2.799609899520874023e-01
2.441088855266571045e-01,4.152016341686248779e-01,-5.783106759190559387e-02,1.269014179706573486e-01,3.735819160938262939e-01,2.151963412761688232e-01,2.314103543758392334e-01,4.045647084712982178e-01,9.999998211860656738e-01,6.074841618537902832e-01,6.444944143295288086e-01,7.331950664520263672e-01,3.925377130508422852e-01,2.292014956474304199e-01,5.852432847023010254e-01,2.837513983249664307e-01,3.330309987068176270e-01,3.956055939197540283e-01,3.126857280731201172e-01,4.505466818809509277e-01,3.036512732505798340e-01,-1.768381744623184204e-01,1.759220510721206665e-01,-1.976667344570159912e-01,4.011195525527000427e-02,6.201452575623989105e-03,2.065033614635467529e-01,-1.708242669701576233e-02,-5.071814730763435364e-02,9.443893283605575562e-02,1.070086807012557983e-01,-1.245249062776565552e-01,3.585498034954071045e-01,3.134507834911346436e-01,9.054061770439147949e-02,9.145443327724933624e-03,4.231444299221038818e-01,3.821159899234771729e-01,3.541294932365417480e-01,-5.029096081852912903e-02,3.107366263866424561e-01,4.300371706485748291e-01,1.307732015848159790e-01,6.829311847686767578e-01,2.003152817487716675e-01,3.531147539615631104e-01,-1.385309845209121704e-01,-9.782633930444717407e-02
2.040973603725433350e-01,5.312120914459228516e-01,8.438217639923095703e-02,2.500144541263580322e-01,3.527137041091918945e-01,2.844763696193695068e-01,3.114507794380187988e-01,2.293828427791595459e-01,6.074841618537902832e-01,9.999998211860656738e-01,3.980973362922668457e-01,7.401161193847656250e-01,5.030976533889770508e-01,1.449807435274124146e-01,4.934894740581512451e-01,2.559896111488342285e-01,2.653846740722656250e-01,2.077348083257675171e-01,2.002798318862915039e-01,5.113064646720886230e-01,3.331053555011749268e-01,-1.015357375144958496e-01,9.432951360940933228e-02,-2.257027328014373779e-01,1.102987378835678101e-01,-4.433427937328815460e-03,1.186280250549316406e-01,9.604645520448684692e-02,3.620870038866996765e-02,2.194316498935222626e-02,1.953587122261524200e-02,-1.488261073827743530e-01,2.516125738620758057e-01,1.532107889652252197e-01,1.404783725738525391e-01,-1.409753691405057907e-02,2.572326958179473877e-01,3.688037097454071045e-01,3.284335732460021973e-01,-1.188580989837646484e-01,2.756081819534301758e-01,5.641285181045532227e-01,2.608439922332763672e-01,5.136749148368835449e-01,4.477378129959106445e-01,5.378619432449340820e-01,-2.206777930259704590e-01,-1.354729831218719482e-01
2.702905833721160889e-01,3.022794127464294434e-01,-1.364877820014953613e-01,7.169669121503829956e-02,2.484562695026397705e-01,1.778039038181304932e-01,1.191740259528160095e-01,4.809348285198211670e-01,6.444944143295288086e-01,3.980973362922668457e-01,1.000000357627868652e+00,5.308558940887451172e-01,3.427039384841918945e-01,4.243973195552825928e-01,6.252188086509704590e-01,3.445958793163299561e-01,2.029328644275665283e-01,3.882201015949249268e-01,1.854153722524642944e-01,2.854134738445281982e-01,2.075028270483016968e-01,3.063402511179447174e-02,1.200573444366455078e-01,-9.306973218917846680e-02,5.607885494828224182e-02,4.248362407088279724e-02,3.091967105865478516e-01,-5.421652272343635559e-02,-7.230740040540695190e-02,7.646091282367706299e-02,9.887198358774185181e-02,-8.470871299505233765e-02,3.759973943233489990e-01,4.345929324626922607e-01,1.194261163473129272e-01,2.381283044815063477e-02,4.946182370185852051e-01,4.814353883266448975e-01,2.943701446056365967e-01,6.002394855022430420e-02,3.395892679691314697e-01,3.504966199398040771e-01,7.540636509656906128e-02,4.952431619167327881e-01,1.583178639411926270e-01,1.653628349304199219e-01,-5.925276502966880798e-02,5.884874984622001648e-02
2.166100442409515381e-01,4.506465196609497070e-01,-1.085714064538478851e-02,1.665850132703781128e-01,3.328615725040435791e-01,2.649983465671539307e-01,2.179748564958572388e-01,2.521217763423919678e-01,7.331950664520263672e-01,7.401161193847656250e-01,5.308558940887451172e-01,1.000000119209289551e+00,6.029917597770690918e-01,1.521047800779342651e-01,6.877621412277221680e-01,4.312615394592285156e-01,2.437785416841506958e-01,2.645151615142822266e-01,1.807482987642288208e-01,4.395158588886260986e-01,3.873561918735504150e-01,-1.713346838951110840e-01,9.165307879447937012e-02,-1.409164220094680786e-01,-3.534784074872732162e-03,9.371656924486160278e-03,1.079929247498512268e-01,-2.568849362432956696e-02,-4.694944247603416443e-02,7.918455637991428375e-03,5.952826887369155884e-02,-1.364630311727523804e-01,2.621711194515228271e-01,3.064817488193511963e-01,1.503916829824447632e-01,7.128894329071044922e-02,4.053511321544647217e-01,4.586178660392761230e-01,3.148181736469268799e-01,-3.365278989076614380e-02,2.841451764106750488e-01,6.199021935462951660e-01,3.762085735797882080e-02,5.617892742156982422e-01,3.383359014987945557e-01,3.436480462551116943e-01,-7.310034334659576416e-02,-8.573548495769500732e-02
2.977052330970764160e-01,4.339256882667541504e-01,2.774956449866294861e-02,2.481866180896759033e-01,3.702117502689361572e-01,4.653237164020538330e-01,2.157270163297653198e-01,1.997920274734497070e-01,3.925377130508422852e-01,5.030976533889770508e-01,3.427039384841918945e-01,6.029917597770690918e-01,9.999999403953552246e-01,9.739674627780914307e-02,4.906906783580780029e-01,6.237012147903442383e-01,2.186328917741775513e-01,2.304572463035583496e-01,1.847270876169204712e-01,4.511623382568359375e-01,3.479885458946228027e-01,-1.805902272462844849e-01,1.036274582147598267e-01,-7.579605281352996826e-02,2.470321767032146454e-02,7.560232281684875488e-02,2.131725698709487915e-01,4.088095948100090027e-02,-7.743308320641517639e-03,-1.231992840766906738e-01,-5.919487401843070984e-02,-2.372974604368209839e-01,3.269147574901580811e-01,3.629170060157775879e-01,8.301153033971786499e-02,1.461607068777084351e-01,4.161728918552398682e-01,4.112435579299926758e-01,2.832729816436767578e-01,4.174261167645454407e-02,4.332722127437591553e-01,5.685087442398071289e-01,7.043018192052841187e-02,3.982570469379425049e-01,3.671781718730926514e-01,2.961401045322418213e-01,1.730953715741634369e-02,-2.155164480209350586e-01
2.418418526649475098e-01,1.069149225950241089e-01,-9.257825464010238647e-02,1.046071276068687439e-01,2.219425290822982788e-01,1.391481012105941772e-01,2.520826086401939392e-02,5.496267676353454590e-01,2.292014956474304199e-01,1.449807435274124146e-01,4.243973195552825928e-01,1.521047800779342651e-01,9.739674627780914307e-02,1.000000119209289551e+00,2.517514526844024658e-01,1.301600337028503418e-01,2.148897796869277954e-01,2.162508517503738403e-01,1.652745157480239868e-01,1.760603189468383789e-01,-2.883087843656539917e-02,-4.670028761029243469e-02,1.147375851869583130e-01,-1.660191118717193604e-01,2.057525813579559326e-01,-9.671764448285102844e-03,2.042615413665771484e-01,3.578915446996688843e-02,-3.497524186968803406e-02,-1.101453751325607300e-01,-7.347285002470016479e-02,-1.124309152364730835e-01,2.748568952083587646e-01,9.230536222457885742e-02,-3.755595535039901733e-02,-9.696507453918457031e-02,5.389708876609802246e-01,1.139251515269279480e-01,8.685896545648574829e-02,-1.147515922784805298e-01,1.494056135416030884e-01,1.409622747451066971e-02,1.890971660614013672e-01,1.459635943174362183e-01,-3.531569615006446838e-02,6.068292260169982910e-02,-1.445181965827941895e-01,-2.526562474668025970e-02
2.915116548538208008e-01,2.985639274120330811e-01,7.914655655622482300e-02,1.591580212116241455e-01,3.576509356498718262e-01,1.730330884456634521e-01,1.659359037876129150e-01,4.084246158599853516e-01,5.852432847023010254e-01,4.934894740581512451e-01,6.252188086509704590e-01,6.877621412277221680e-01,4.906906783580780029e-01,2.517514526844024658e-01,1.000000238418579102e+00,4.896996915340423584e-01,2.751754820346832275e-01,2.889715731143951416e-01,2.488312274217605591e-01,3.863870501518249512e-01,3.606023192405700684e-01,-5.998933315277099609e-02,2.016083747148513794e-01,-1.132084280252456665e-01,6.398399919271469116e-02,9.184069931507110596e-02,1.137364432215690613e-01,6.679119914770126343e-02,-1.144674941897392273e-01,6.195919960737228394e-02,4.738565161824226379e-02,-1.082762181758880615e-01,2.407541722059249878e-01,4.624403417110443115e-01,1.025565564632415771e-01,1.546126231551170349e-02,4.694968461990356445e-01,6.279351115226745605e-01,4.069153666496276855e-01,3.583841025829315186e-02,3.403471410274505615e-01,4.408682882785797119e-01,1.436926797032356262e-02,4.336642324924468994e-01,2.332616895437240601e-01,2.251749783754348755e-01,1.294641569256782532e-02,-2.515031769871711731e-02
4.969046711921691895e-01,2.750923633575439453e-01,-2.886256203055381775e-02,2.178582698106765747e-01,2.188219130039215088e-01,4.614993929862976074e-01,5.852498859167098999e-02,3.172458410263061523e-01,2.837513983249664307e-01,2.559896111488342285e-01,3.445958793163299561e-01,4.312615394592285156e-01,6.237012147903442383e-01,1.301600337028503418e-01,4.896996915340423584e-01,1.000000238418579102e+00,2.161934822797775269e-01,3.389727473258972168e-01,2.158829718828201294e-01,2.307791113853454590e-01,3.770214691758155823e-02,-2.055567950010299683e-01,-3.357305377721786499e-02,-1.377272903919219971e-01,8.899255841970443726e-02,4.849353432655334473e-02,4.161813259124755859e-01,5.020003765821456909e-02,-1.239351779222488403e-01,-1.677345484495162964e-01,-2.438967823982238770e-01,-3.220958411693572998e-01,3.685948252677917480e-01,4.453808963298797607e-01,6.225534155964851379e-02,-8.788672834634780884e-02,4.060876369476318359e-01,3.537583649158477783e-01,3.791611790657043457e-01,-1.451291888952255249e-01,5.164013504981994629e-01,4.225258827209472656e-01,6.022484228014945984e-02,1.964133232831954956e-01,2.185802012681961060e-01,1.630025506019592285e-01,-6.795243173837661743e-02,-1.669513136148452759e-01
3.966191112995147705e-01,2.280379682779312134e-01,2.709513902664184570e-01,4.093443155288696289e-01,5.082505345344543457e-01,6.029454991221427917e-02,4.915661811828613281e-01,5.925230979919433594e-01,3.330309987068176270e-01,2.653846740722656250e-01,2.029328644275665283e-01,2.437785416841506958e-01,2.186328917741775513e-01,2.148897796869277954e-01,2.751754820346832275e-01,2.161934822797775269e-01,9.999999403953552246e-01,3.564115762710571289e-01,5.831354856491088867e-01,5.314483642578125000e-01,2.135065644979476929e-01,1.899928599596023560e-02,5.273212790489196777e-01,-4.689764976501464844e-01,4.980941116809844971e-01,2.407147735357284546e-01,1.664473116397857666e-01,5.066272616386413574e-01,1.942037791013717651e-01,7.412693649530410767e-02,-6.078189611434936523e-02,-3.752173781394958496e-01,4.485388398170471191e-01,9.610320627689361572e-02,5.683281645178794861e-02,-1.533851474523544312e-01,3.687320351600646973e-01,8.336505293846130371e-02,2.909502983093261719e-01,-2.828962206840515137e-01,2.574437260627746582e-01,6.637281179428100586e-02,3.740437626838684082e-01,1.204439327120780945e-01,1.064011454582214355e-01,4.243668913841247559e-01,-3.708218634128570557e-01,-3.078667223453521729e-01
4.202262461185455322e-01,3.693391680717468262e-01,-2.942533493041992188e-01,2.116375230252742767e-02,1.769036948680877686e-01,3.129274249076843262e-01,1.161711663007736206e-01,3.029726743698120117e-01,3.956055939197540283e-01,2.077348083257675171e-01,3.882201015949249268e-01,2.645151615142822266e-01,2.304572463035583496e-01,2.162508517503738403e-01,2.889715731143951416e-01,3.389727473258972168e-01,3.564115762710571289e-01,1.000000000000000000e+00,2.415999621152877808e-01,1.470472067594528198e-01,3.463818877935409546e-02,-8.760531432926654816e-03,-1.036276593804359436e-01,-7.294156402349472046e-02,-7.459875196218490601e-04,-1.007686275988817215e-02,4.595665931701660156e-01,-5.027657747268676758e-02,-8.105271309614181519e-02,2.188354134559631348e-01,2.242302149534225464e-01,-8.907542377710342407e-02,5.166437625885009766e-01,4.255616366863250732e-01,2.047056704759597778e-01,8.104369789361953735e-02,3.358021080493927002e-01,3.354243040084838867e-01,2.408398240804672241e-01,-4.986258223652839661e-02,4.095573127269744873e-01,3.486458957195281982e-01,9.608289599418640137e-02,3.809553384780883789e-01,1.597079783678054810e-01,2.552261352539062500e-01,-8.662912249565124512e-02,2.410363638773560524e-03
4.104371368885040283e-01,1.386954486370086670e-01,2.431223094463348389e-01,2.290352880954742432e-01,4.949355125427246094e-01,4.773303866386413574e-02,2.731036543846130371e-01,5.625173449516296387e-01,3.126857280731201172e-01,2.002798318862915039e-01,1.854153722524642944e-01,1.807482987642288208e-01,1.847270876169204712e-01,1.652745157480239868e-01,2.488312274217605591e-01,2.158829718828201294e-01,5.831354856491088867e-01,2.415999621152877808e-01,1.000000715255737305e+00,6.609793305397033691e-01,2.546343207359313965e-01,-2.145989090204238892e-01,3.510143160820007324e-01,-4.457215368747711182e-01,3.280716240406036377e-01,1.276324093341827393e-01,1.166502088308334351e-01,2.700059711933135986e-01,4.322028905153274536e-02,-4.786881059408187866e-02,-1.677788645029067993e-01,-4.430509209632873535e-01,4.372885227203369141e-01,1.345656514167785645e-01,-1.088726683519780636e-03,-2.250448167324066162e-01,3.788102865219116211e-01,-7.938864640891551971e-03,4.197314977645874023e-01,-2.173536121845245361e-01,3.097732961177825928e-01,-3.739092731848359108e-03,3.636612892150878906e-01,1.698828786611557007e-01,2.059020474553108215e-02,3.495550751686096191e-01,-3.552252054214477539e-01,-4.285959899425506592e-01
2.264014929533004761e-01,3.557560741901397705e-01,2.655789852142333984e-01,2.529309093952178955e-01,5.980902910232543945e-01,1.659563183784484863e-01,3.581991195678710938e-01,5.127437114715576172e-01,4.505466818809509277e-01,5.113064646720886230e-01,2.854134738445281982e-01,4.395158588886260986e-01,4.511623382568359375e-01,1.760603189468383789e-01,3.863870501518249512e-01,2.307791113853454590e-01,5.314483642578125000e-01,1.470472067594528198e-01,6.609793305397033691e-01,1.000000357627868652e+00,5.623475313186645508e-01,-1.935310363769531250e-01,4.170779287815093994e-01,-4.201833903789520264e-01,2.433753013610839844e-01,6.601586192846298218e-02,-3.971566911786794662e-03,1.903131753206253052e-01,2.135763503611087799e-02,2.667889930307865143e-02,-1.082036495208740234e-01,-4.151151776313781738e-01,3.639054894447326660e-01,1.572993993759155273e-01,7.962122559547424316e-02,-1.209084391593933105e-01,4.443561732769012451e-01,1.496573239564895630e-01,4.936883747577667236e-01,-1.362797915935516357e-01,3.083508312702178955e-01,2.347600311040878296e-01,3.658513724803924561e-01,3.113963603973388672e-01,2.023530900478363037e-01,4.438033699989318848e-01,-3.131226599216461182e-01,-4.426082968711853027e-01
-3.853341937065124512e-02,1.495466232299804688e-01,1.455949544906616211e-01,1.216735243797302246e-01,2.704807817935943604e-01,5.803533643484115601e-02,2.337939292192459106e-01,8.222375810146331787e-02,3.036512732505798340e-01,3.331053555011749268e-01,2.075028270483016968e-01,3.873561918735504150e-01,3.479885458946228027e-01,-2.883087843656539917e-02,3.606023192405700684e-01,3.770214691758155823e-02,2.135065644979476929e-01,3.463818877935409546e-02,2.546343207359313965e-01,5.623475313186645508e-01,1.000000119209289551e+00,2.305323779582977295e-01,3.523193895816802979e-01,-7.478553056716918945e-02,-2.487204410135746002e-02,6.035539880394935608e-02,-1.364573389291763306e-01,-1.159759610891342163e-02,1.137384306639432907e-02,1.219332963228225708e-01,8.985336124897003174e-02,-1.007127314805984497e-01,3.414322808384895325e-02,1.905711889266967773e-01,1.286607980728149414e-01,5.150262638926506042e-02,1.899088323116302490e-01,2.578443884849548340e-01,1.960844695568084717e-01,1.752026975154876709e-01,5.216334760189056396e-02,2.514599263668060303e-01,6.092305108904838562e-02,2.989525198936462402e-01,1.343591958284378052e-01,2.562165558338165283e-01,3.024072200059890747e-02,-1.428843438625335693e-01
-5.081451311707496643e-02,-1.324969679117202759e-01,-4.596569109708070755e-03,1.239408701658248901e-01,-1.564727127552032471e-01,-8.587702363729476929e-02,8.688967674970626831e-02,-1.046237125992774963e-01,-1.768381744623184204e-01,-1.015357375144958496e-01,3.063402511179447174e-02,-1.713346838951110840e-01,-1.805902272462844849e-01,-4.670028761029243469e-02,-5.998933315277099609e-02,-2.055567950010299683e-01,1.899928599596023560e-02,-8.760531432926654816e-03,-2.145989090204238892e-01,-1.935310363769531250e-01,2.305323779582977295e-01,1.000000119209289551e+00,1.898812055587768555e-01,1.699006110429763794e-01,9.934933483600616455e-02,4.886777326464653015e-02,4.652636125683784485e-02,1.389091610908508301e-01,1.048897281289100647e-01,1.450541764497756958e-01,2.090887725353240967e-01,1.994607448577880859e-01,-1.146887242794036865e-01,-2.076719328761100769e-02,3.757616132497787476e-02,1.427480205893516541e-02,-2.518882751464843750e-01,1.055192872881889343e-01,-2.262947857379913330e-01,2.435045540332794189e-01,-1.511389762163162231e-01,-6.153757870197296143e-02,4.550520703196525574e-02,-4.486258700489997864e-02,-8.654845878481864929e-03,3.117045271210372448e-04,1.210693717002868652e-01,3.703217506408691406e-01
7.290750741958618164e-02,-5.155467614531517029e-02,4.435210824012756348e-01,3.706493675708770752e-01,3.971588611602783203e-01,-1.999987959861755371e-01,3.832223713397979736e-01,4.552653133869171143e-01,1.759220510721206665e-01,9.432951360940933228e-02,1.200573444366455078e-01,9.165307879447937012e-02,1.036274582147598267e-01,1.147375851869583130e-01,2.016083747148513794e-01,-3.357305377721786499e-02,5.273212790489196777e-01,-1.036276593804359436e-01,3.510143160820007324e-01,4.170779287815093994e-01,3.523193895816802979e-01,1.898812055587768555e-01,1.000000000000000000e+00,-2.809897661209106445e-01,5.052894949913024902e-01,1.036961674690246582e-01,-8.517661690711975098e-02,5.210226774215698242e-01,2.382537871599197388e-01,8.054234087467193604e-02,-2.971678040921688080e-02,-3.062745034694671631e-01,1.378679573535919189e-01,-1.335331946611404419e-01,3.413598611950874329e-02,7.964617572724819183e-03,1.816185861825942993e-01,2.868898399174213409e-02,2.099054306745529175e-01,4.242680966854095459e-03,-4.168973304331302643e-03,-1.617644578218460083e-01,3.302089869976043701e-01,-1.276598218828439713e-02,-3.530009184032678604e-03,2.871778011322021484e-01,-1.798302829265594482e-01,-2.516022920608520508e-01
-2.960142195224761963e-01,-1.216716170310974121e-01,-1.785535216331481934e-01,-3.753617703914642334e-01,-3.738013207912445068e-01,-1.208679154515266418e-01,-3.851819932460784912e-01,-4.960303604602813721e-01,-1.976667344570159912e-01,-2.257027328014373779e-01,-9.306973218917846680e-02,-1.409164220094680786e-01,-7.579605281352996826e-02,-1.660191118717193604e-01,-1.132084280252456665e-01,-1.377272903919219971e-01,-4.689764976501464844e-01,-7.294156402349472046e-02,-4.457215368747711182e-01,-4.201833903789520264e-01,-7.478553056716918945e-02,1.699006110429763794e-01,-2.809897661209106445e-01,9.999998211860656738e-01,-5.463598966598510742e-01,-2.065780460834503174e-01,-1.529020965099334717e-01,-3.536806106567382812e-01,-2.206054627895355225e-01,4.810540750622749329e-02,5.727245211601257324e-01,6.413059830665588379e-01,-3.278659582138061523e-01,8.604501187801361084e-02,3.340235352516174316e-02,5.967527031898498535e-01,-2.843805253505706787e-01,1.185321211814880371e-01,-2.466276586055755615e-01,7.057250142097473145e-01,-2.459557652473449707e-01,2.232555532827973366e-03,-4.473468363285064697e-01,5.789248645305633545e-02,-5.332626402378082275e-02,-3.446561992168426514e-01,8.171802759170532227e-01,4.197186827659606934e-01
4.894555211067199707e-01,3.578956425189971924e-02,4.090026915073394775e-01,6.580898165702819824e-01,4.745286703109741211e-01,1.511922180652618408e-01,5.164310336112976074e-01,5.037225484848022461e-01,4.011195525527000427e-02,1.102987378835678101e-01,5.607885494828224182e-02,-3.534784074872732162e-03,2.470321767032146454e-02,2.057525813579559326e-01,6.398399919271469116e-02,8.899255841970443726e-02,4.980941116809844971e-01,-7.459875196218490601e-04,3.280716240406036377e-01,2.433753013610839844e-01,-2.487204410135746002e-02,9.934933483600616455e-02,5.052894949913024902e-01,-5.463598966598510742e-01,9.999998211860656738e-01,1.690502762794494629e-01,2.852472364902496338e-01,7.543130517005920410e-01,4.308175444602966309e-01,1.235713716596364975e-02,-3.531264364719390869e-01,-5.027448534965515137e-01,3.247811496257781982e-01,-2.826248407363891602e-01,-2.509479410946369171e-03,-3.284872472286224365e-01,5.597163736820220947e-02,-1.009096577763557434e-01,4.171511158347129822e-02,-5.291123390197753906e-01,2.364664375782012939e-01,-4.997114464640617371e-02,6.424796581268310547e-01,-1.136757433414459229e-01,4.978066682815551758e-02,4.427963197231292725e-01,-5.127336382865905762e-01,-2.429902553558349609e-01
9.891790151596069336e-02,8.011092990636825562e-02,2.374997735023498535e-01,2.777329385280609131e-01,1.686781495809555054e-01,2.086257487535476685e-01,5.529866218566894531e-01,8.589093387126922607e-02,6.201452575623989105e-03,-4.433427937328815460e-03,4.248362407088279724e-02,9.371656924486160278e-03,7.560232281684875488e-02,-9.671764448285102844e-03,9.184069931507110596e-02,4.849353432655334473e-02,2.407147735357284546e-01,-1.007686275988817215e-02,1.276324093341827393e-01,6.601586192846298218e-02,6.035539880394935608e-02,4.886777326464653015e-02,1.036961674690246582e-01,-2.065780460834503174e-01,1.690502762794494629e-01,9.999998211860656738e-01,6.522817909717559814e-02,2.416794747114181519e-01,3.076116144657135010e-01,-1.343642771244049072e-01,-1.921773403882980347e-01,-2.074436545372009277e-01,3.215559944510459900e-02,5.613509193062782288e-02,-1.044018864631652832e-01,-1.939145028591156006e-01,-4.216882400214672089e-03,8.961192518472671509e-02,-1.916394196450710297e-02,-1.596177965402603149e-01,1.519614309072494507e-01,8.543332666158676147e-02,1.960604190826416016e-01,-1.454691123217344284e-02,8.664234727621078491e-02,1.881690323352813721e-01,-1.584424078464508057e-01,-1.926440000534057617e-01
5.761823654174804688e-01,3.523412942886352539e-01,-1.702967882156372070e-01,2.852841913700103760e-01,1.481774300336837769e-01,4.578361213207244873e-01,1.966906785964965820e-01,3.209218084812164307e-01,2.065033614635467529e-01,1.186280250549316406e-01,3.091967105865478516e-01,1.079929247498512268e-01,2.131725698709487915e-01,2.042615413665771484e-01,1.137364432215690613e-01,4.161813259124755859e-01,1.664473116397857666e-01,4.595665931701660156e-01,1.166502088308334351e-01,-3.971566911786794662e-03,-1.364573389291763306e-01,4.652636125683784485e-02,-8.517661690711975098e-02,-1.529020965099334717e-01,2.852472364902496338e-01,6.522817909717559814e-02,1.000000000000000000e+00,1.752757728099822998e-01,1.918406188488006592e-01,-1.598624698817729950e-02,-8.877333998680114746e-02,-2.431368976831436157e-01,5.969984531402587891e-01,2.354598492383956909e-01,8.818860352039337158e-02,-1.198847591876983643e-01,1.787107884883880615e-01,1.782858818769454956e-01,1.157061904668807983e-01,-1.966565996408462524e-01,5.706244111061096191e-01,3.099602758884429932e-01,2.438092827796936035e-01,2.939100265502929688e-01,2.302342206239700317e-01,2.153012752532958984e-01,-2.142243534326553345e-01,2.006212621927261353e-02
4.053180515766143799e-01,4.190375283360481262e-02,5.783470273017883301e-01,6.435251832008361816e-01,4.119950234889984131e-01,7.882638275623321533e-02,5.066972970962524414e-01,3.160718381404876709e-01,-1.708242669701576233e-02,9.604645520448684692e-02,-5.421652272343635559e-02,-2.568849362432956696e-02,4.088095948100090027e-02,3.578915446996688843e-02,6.679119914770126343e-02,5.020003765821456909e-02,5.066272616386413574e-01,-5.027657747268676758e-02,2.700059711933135986e-01,1.903131753206253052e-01,-1.159759610891342163e-02,1.389091610908508301e-01,5.210226774215698242e-01,-3.536806106567382812e-01,7.543130517005920410e-01,2.416794747114181519e-01,1.752757728099822998e-01,9.999994635581970215e-01,5.092899799346923828e-01,7.862314581871032715e-02,-2.193083763122558594e-01,-3.458225131034851074e-01,1.640434414148330688e-01,-2.820055186748504639e-01,-4.378359019756317139e-02,-1.947265416383743286e-01,-6.139375269412994385e-02,-5.606673657894134521e-02,-7.772900862619280815e-04,-3.318023681640625000e-01,1.633545607328414917e-01,-2.317787520587444305e-02,5.130557417869567871e-01,-9.796500205993652344e-02,1.360976248979568481e-01,4.312709867954254150e-01,-3.021962344646453857e-01,-1.445458978414535522e-01
1.346215903759002686e-01,2.390355058014392853e-02,2.750025987625122070e-01,4.705117940902709961e-01,1.710636913776397705e-01,7.427383959293365479e-02,5.064473748207092285e-01,4.415376484394073486e-02,-5.071814730763435364e-02,3.620870038866996765e-02,-7.230740040540695190e-02,-4.694944247603416443e-02,-7.743308320641517639e-03,-3.497524186968803406e-02,-1.144674941897392273e-01,-1.239351779222488403e-01,1.942037791013717651e-01,-8.105271309614181519e-02,4.322028905153274536e-02,2.135763503611087799e-02,1.137384306639432907e-02,1.048897281289100647e-01,2.382537871599197388e-01,-2.206054627895355225e-01,4.308175444602966309e-01,3.076116144657135010e-01,1.918406188488006592e-01,5.092899799346923828e-01,9.999996423721313477e-01,1.793983727693557739e-01,-3.950902074575424194e-02,-1.789521127939224243e-01,9.074677526950836182e-02,-2.946459054946899414e-01,-3.304737061262130737e-02,-9.697911888360977173e-02,-1.208663359284400940e-01,-1.249795258045196533e-01,-1.348149627447128296e-01,-2.120444476604461670e-01,5.443880334496498108e-02,-8.016893640160560608e-03,2.510212957859039307e-01,-4.745463654398918152e-02,5.567554011940956116e-02,2.124434709548950195e-01,-2.014088928699493408e-01,-4.607652127742767334e-02
-9.795299917459487915e-02,6.486354768276214600e-02,8.192491531372070312e-02,-3.897819295525550842e-02,5.466835945844650269e-02,-8.578328788280487061e-02,1.106536015868186951e-01,-4.947412014007568359e-02,9.443893283605575562e-02,2.194316498935222626e-02,7.646091282367706299e-02,7.918455637991428375e-03,-1.231992840766906738e-01,-1.101453751325607300e-01,6.195919960737228394e-02,-1.677345484495162964e-01,7.412693649530410767e-02,2.188354134559631348e-01,-4.786881059408187866e-02,2.667889930307865143e-02,1.219332963228225708e-01,1.450541764497756958e-01,8.054234087467193604e-02,4.810540750622749329e-02,1.235713716596364975e-02,-1.343642771244049072e-01,-1.598624698817729950e-02,7.862314581871032715e-02,1.793983727693557739e-01,1.000000476837158203e+00,3.567215800285339355e-01,1.166677176952362061e-01,2.975926175713539124e-02,-6.289780884981155396e-02,2.667106091976165771e-01,1.739108562469482422e-01,-7.714114338159561157e-02,1.376083493232727051e-01,2.220664918422698975e-02,6.635941565036773682e-02,-4.453833773732185364e-02,1.127092987298965454e-01,4.054018482565879822e-02,9.697003662586212158e-02,1.038936451077461243e-01,1.374528408050537109e-01,-6.775029469281435013e-04,1.482054591178894043e-01
-3.010655343532562256e-01,3.597318008542060852e-02,-1.084794402122497559e-01,-2.669320106506347656e-01,-6.507529318332672119e-02,-1.737587302923202515e-01,-7.740151137113571167e-02,-1.990427970886230469e-01,1.070086807012557983e-01,1.953587122261524200e-02,9.887198358774185181e-02,5.952826887369155884e-02,-5.919487401843070984e-02,-7.347285002470016479e-02,4.738565161824226379e-02,-2.438967823982238770e-01,-6.078189611434936523e-02,2.242302149534225464e-01,-1.677788645029067993e-01,-1.082036495208740234e-01,8.985336124897003174e-02,2.090887725353240967e-01,-2.971678040921688080e-02,5.727245211601257324e-01,-3.531264364719390869e-01,-1.921773403882980347e-01,-8.877333998680114746e-02,-2.193083763122558594e-01,-3.950902074575424194e-02,3.567215800285339355e-01,1.000000357627868652e+00,5.191186070442199707e-01,-3.469210863113403320e-02,9.195952862501144409e-02,2.222798913717269897e-01,5.784028768539428711e-01,-7.952991873025894165e-02,2.079244703054428101e-01,-2.034150436520576477e-02,5.846071243286132812e-01,-1.841777712106704712e-01,2.309545874595642090e-02,-2.583802044391632080e-01,2.413794845342636108e-01,-5.428589880466461182e-02,-5.620848760008811951e-02,4.698027074337005615e-01,3.186956644058227539e-01
-3.742344379425048828e-01,-1.012079715728759766e-01,-2.024167627096176147e-01,-3.533598780632019043e-01,-3.399762511253356934e-01,-1.776348650455474854e-01,-3.001866340637207031e-01,-4.546850919723510742e-01,-1.245249062776565552e-01,-1.488261073827743530e-01,-8.470871299505233765e-02,-1.364630311727523804e-01,-2.372974604368209839e-01,-1.124309152364730835e-01,-1.082762181758880615e-01,-3.220958411693572998e-01,-3.752173781394958496e-01,-8.907542377710342407e-02,-4.430509209632873535e-01,-4.151151776313781738e-01,-1.007127314805984497e-01,1.994607448577880859e-01,-3.062745034694671631e-01,6.413059830665588379e-01,-5.027448534965515137e-01,-2.074436545372009277e-01,-2.431368976831436157e-01,-3.458225131034851074e-01,-1.789521127939224243e-01,1.166677176952362061e-01,5.191186070442199707e-01,1.000000357627868652e+00,-3.236832618713378906e-01,-1.330556813627481461e-02,-4.260051250457763672e-02,2.950640022754669189e-01,-2.688051462173461914e-01,8.521902561187744141e-02,-2.768946588039398193e-01,5.157703161239624023e-01,-3.242883086204528809e-01,-1.077445894479751587e-01,-4.034276604652404785e-01,8.378373831510543823e-02,-1.297766268253326416e-01,-2.891559004783630371e-01,6.313023567199707031e-01,6.106988191604614258e-01
