9.999999403953552246e-01,2.275150269269943237e-01,-1.543946117162704468e-01,3.211074769496917725e-01,2.813993990421295166e-01,1.008418202400207520e-01,1.097537726163864136e-01,7.036093622446060181e-02,9.946545213460922241e-02,4.341184720396995544e-02,5.674111098051071167e-02,3.860228881239891052e-02,2.454931586980819702e-01,-1.290912628173828125e-01,2.641156502068042755e-02,1.429697722196578979e-01,3.086183965206146240e-01,-6.962847709655761719e-02,1.599688977003097534e-01,1.269884854555130005e-01,5.936413258314132690e-02,3.437932580709457397e-02,1.668719500303268433e-01,1.008533779531717300e-02,2.007370591163635254e-01,-2.182983607053756714e-01,2.716593444347381592e-02,1.416991930454969406e-02,-8.140156418085098267e-02,-4.974312707781791687e-02,-1.521664112806320190e-01,8.385275304317474365e-02,1.812248677015304565e-01,-5.602899938821792603e-02,-1.430727634578943253e-02,-3.836259618401527405e-02,-1.370295882225036621e-01,-1.224217340350151062e-01,-4.771978780627250671e-02,-8.027546852827072144e-02,1.955253481864929199e-01,4.990522190928459167e-02,-1.556162070482969284e-02,1.363470852375030518e-01,-5.556916445493698120e-02,1.763294823467731476e-02,2.670924924314022064e-02,1.562643647193908691e-01
2.275150269269943237e-01,1.000000000000000000e+00,-3.179460763931274414e-02,1.719294637441635132e-01,1.467213183641433716e-01,4.382844567298889160e-01,2.035152018070220947e-01,2.387349754571914673e-01,2.839340865612030029e-01,4.021041691303253174e-01,2.802280187606811523e-01,4.566892087459564209e-01,1.011470705270767212e-01,-2.590293586254119873e-01,9.016747027635574341e-02,3.353094309568405151e-02,-6.818354874849319458e-02,-4.792226105928421021e-02,1.013571694493293762e-01,-1.159472987055778503e-01,5.743143334984779358e-02,2.417552024126052856e-01,-2.645114250481128693e-02,2.746045887470245361e-01,2.486183345317840576e-01,1.892673522233963013e-01,1.181727126240730286e-01,1.450358629226684570e-01,4.054449796676635742e-01,2.426524758338928223e-01,3.784557878971099854e-01,3.718149363994598389e-01,2.384740114212036133e-01,-1.801379173994064331e-01,-8.721845597028732300e-02,9.384305030107498169e-02,-3.470793366432189941e-01,-1.595123261213302612e-01,-3.748172894120216370e-02,-5.580686405301094055e-02,5.524338483810424805e-01,5.697969794273376465e-01,2.394954711198806763e-01,5.622489452362060547e-01,4.135707914829254150e-01,3.261796832084655762e-01,1.419125795364379883e-01,2.667526900768280029e-01
-1.543946117162704468e-01,-3.179460763931274414e-02,1.000000357627868652e+00,2.208275347948074341e-01,-4.151254296302795410e-01,-2.348588220775127411e-02,-2.712950408458709717e-01,-2.050126791000366211e-01,-3.572924435138702393e-01,-7.911425083875656128e-02,-1.768815666437149048e-01,-1.907531321048736572e-01,-5.308245420455932617e-01,-3.066740557551383972e-02,-3.018000721931457520e-01,-3.772777616977691650e-01,-4.336068332195281982e-01,1.716213375329971313e-01,-2.877019941806793213e-01,-1.726848334074020386e-01,-1.625325083732604980e-01,-2.239593863487243652e-01,-1.589939445257186890e-01,-2.005174905061721802e-01,-3.431516140699386597e-02,4.328802824020385742e-01,-8.973281085491180420e-02,4.847147464752197266e-01,1.932068914175033569e-01,-2.852462530136108398e-01,-8.650922775268554688e-02,-2.540847659111022949e-01,-1.061006784439086914e-01,-5.197526142001152039e-02,-7.695087045431137085e-02,-1.639911532402038574e-01,2.142943069338798523e-02,-1.620909124612808228e-01,-1.254627704620361328e-01,5.832742527127265930e-02,-5.346384644508361816e-02,-1.589453369379043579e-01,2.720711939036846161e-02,-2.237772196531295776e-01,-7.864721119403839111e-02,-8.757203817367553711e-02,-3.800725340843200684e-01,-1.528510749340057373e-01
3.211074769496917725e-01,1.719294637441635132e-01,2.208275347948074341e-01,9.999996423721313477e-01,3.330146372318267822e-01,4.696678221225738525e-01,2.741771042346954346e-01,-8.046124875545501709e-02,-1.882429271936416626e-01,-1.821615844964981079e-01,-9.025482833385467529e-02,-2.172447592020034790e-01,-1.911475658416748047e-01,-4.574478417634963989e-02,-1.927852630615234375e-01,-1.360179930925369263e-01,-8.802253007888793945e-02,-1.576609909534454346e-01,-9.694812446832656860e-02,-1.711573451757431030e-01,-2.912282943725585938e-01,-3.087936937808990479e-01,-7.991430908441543579e-02,-1.895913630723953247e-01,-2.487423457205295563e-02,-4.710659384727478027e-03,-9.408446401357650757e-02,2.321317605674266815e-02,2.764174528419971466e-02,-2.936715781688690186e-01,-1.920503824949264526e-01,-2.556391358375549316e-01,7.062592357397079468e-02,2.605943381786346436e-02,-1.571768224239349365e-01,-2.195608168840408325e-01,5.469708703458309174e-03,-1.736500263214111328e-01,-1.503180116415023804e-01,-7.421980798244476318e-02,5.212804079055786133e-01,-1.361759155988693237e-01,-1.114604175090789795e-01,-1.179490759968757629e-01,-3.170851767063140869e-01,-2.926426231861114502e-01,-2.672704458236694336e-01,-1.243077814579010010e-01
2.813993990421295166e-01,1.467213183641433716e-01,-4.151254296302795410e-01,3.330146372318267822e-01,9.999998211860656738e-01,5.105769634246826172e-01,3.512810170650482178e-01,3.075748383998870850e-01,1.791151016950607300e-01,-1.696110963821411133e-01,1.059138476848602295e-01,-6.931333336979150772e-03,4.207652509212493896e-01,1.303897146135568619e-02,1.833564192056655884e-01,3.443183302879333496e-01,3.649793863296508789e-01,-9.295532107353210449e-02,3.081593215465545654e-01,1.551349759101867676e-01,-1.145799979567527771e-01,-2.995957992970943451e-02,2.227894365787506104e-01,8.779463171958923340e-02,-2.375331893563270569e-02,-2.011814117431640625e-01,4.144286736845970154e-02,-8.918547630310058594e-02,-7.361071556806564331e-02,-4.877796024084091187e-02,-2.265061140060424805e-01,5.843950062990188599e-02,2.335658520460128784e-01,1.088902447372674942e-02,-1.606104336678981781e-02,-2.269818447530269623e-02,-5.874538328498601913e-04,4.015924781560897827e-02,6.478547304868698120e-02,-7.964638620615005493e-02,4.670523703098297119e-01,9.218907356262207031e-02,-1.908313296735286713e-02,1.160724237561225891e-01,-2.917410433292388916e-01,-2.239888906478881836e-01,1.605794429779052734e-01,3.223183378577232361e-02
1.008418202400207520e-01,4.382844567298889160e-01,-2.348588220775127411e-02,4.696678221225738525e-01,5.105769634246826172e-01,1.000000119209289551e+00,4.529719948768615723e-01,2.790390849113464355e-01,2.247177362442016602e-01,5.527302995324134827e-02,2.838711738586425781e-01,1.768701076507568359e-01,1.045805588364601135e-01,-6.479781866073608398e-02,1.112979501485824585e-01,4.213115572929382324e-02,4.144129157066345215e-02,-4.955382645130157471e-02,1.890300810337066650e-01,-6.761041731806471944e-05,-1.417210847139358521e-01,-2.907341718673706055e-02,4.473709315061569214e-02,8.433448523283004761e-02,8.870088309049606323e-02,1.629274785518646240e-01,5.709802359342575073e-02,8.068553358316421509e-02,2.214359790086746216e-01,-6.489337980747222900e-02,-5.256517976522445679e-02,1.108580082654953003e-01,2.179429829120635986e-01,-1.037179753184318542e-01,-1.136269792914390564e-01,-2.498272620141506195e-02,-1.408383399248123169e-01,-1.076546758413314819e-01,-1.948123052716255188e-02,1.650372333824634552e-02,7.341470122337341309e-01,3.896499872207641602e-01,1.039313524961471558e-01,3.387912213802337646e-01,-1.186588406562805176e-01,-2.425835095345973969e-02,-1.132654957473278046e-02,1.572221815586090088e-01
1.097537726163864136e-01,2.035152018070220947e-01,-2.712950408458709717e-01,2.741771042346954346e-01,3.512810170650482178e-01,4.529719948768615723e-01,1.000000000000000000e+00,2.994229793548583984e-01,4.076057970523834229e-01,-1.635780483484268188e-01,3.972057700157165527e-01,3.501156752463430166e-04,1.707721054553985596e-01,1.385784447193145752e-01,1.876246333122253418e-01,1.933646202087402344e-01,4.873775839805603027e-01,-3.404860794544219971e-01,1.024647280573844910e-01,-2.577436864376068115e-01,-3.202814161777496338e-01,-1.686357855796813965e-01,3.751026093959808350e-02,4.990264307707548141e-03,2.552762627601623535e-02,1.935240030288696289e-01,-1.160839665681123734e-02,-4.478992894291877747e-02,2.233912646770477295e-01,2.244914770126342773e-01,-9.719041734933853149e-02,4.656335711479187012e-02,1.232960224151611328e-01,8.382216840982437134e-02,-8.383769541978836060e-02,3.710632398724555969e-02,3.792915865778923035e-02,8.567819371819496155e-03,-1.125929877161979675e-02,4.852789919823408127e-03,4.090746641159057617e-01,2.937266230583190918e-01,-3.060967922210693359e-01,3.276101946830749512e-01,-1.655126810073852539e-01,-3.004591166973114014e-01,3.835777565836906433e-02,1.890680193901062012e-01
7.036093622446060181e-02,2.387349754571914673e-01,-2.050126791000366211e-01,-8.046124875545501709e-02,3.075748383998870850e-01,2.790390849113464355e-01,2.994229793548583984e-01,1.000000119209289551e+00,5.225235223770141602e-01,1.760824620723724365e-01,4.540046155452728271e-01,3.499601781368255615e-01,3.797240555286407471e-01,4.558416008949279785e-01,5.683021545410156250e-01,4.436119794845581055e-01,2.809358835220336914e-01,-8.538525551557540894e-02,1.438174545764923096e-01,3.586238622665405273e-02,6.351100653409957886e-02,2.348998039960861206e-01,1.610841900110244751e-01,3.427313566207885742e-01,1.601084321737289429e-01,6.922113150358200073e-02,-7.341698743402957916e-03,5.224900320172309875e-02,1.246415376663208008e-01,2.399319708347320557e-01,5.519461631774902344e-02,3.312804996967315674e-01,1.920220851898193359e-01,1.093735843896865845e-01,2.965438663959503174e-01,3.029502630233764648e-01,3.778729736804962158e-01,3.340780138969421387e-01,2.646206021308898926e-01,1.701784729957580566e-01,2.279532998800277710e-01,4.967388808727264404e-01,-9.387872368097305298e-02,4.342564642429351807e-01,8.444575220346450806e-02,5.503169447183609009e-02,2.678709328174591064e-01,3.456630110740661621e-01
9.946545213460922241e-02,2.839340865612030029e-01,-3.572924435138702393e-01,-1.882429271936416626e-01,1.791151016950607300e-01,2.247177362442016602e-01,4.076057970523834229e-01,5.225235223770141602e-01,9.999997615814208984e-01,3.026762902736663818e-01,6.717566847801208496e-01,5.067512392997741699e-01,3.434775471687316895e-01,2.061882913112640381e-01,4.223984777927398682e-01,1.832646280527114868e-01,3.470918536186218262e-01,-1.446605175733566284e-01,3.249815478920936584e-02,6.441264599561691284e-02,1.340799182653427124e-01,2.029208242893218994e-01,-1.064264774322509766e-01,1.557836234569549561e-01,1.175322532653808594e-01,1.074234396219253540e-01,3.063426353037357330e-03,-7.376563549041748047e-02,1.967624574899673462e-01,2.956107556819915771e-01,5.070343613624572754e-02,2.169285118579864502e-01,5.020512640476226807e-02,-2.280595526099205017e-02,-3.345675393939018250e-02,1.477528065443038940e-01,9.750340133905410767e-03,7.316704094409942627e-02,4.741186276078224182e-02,-5.355333164334297180e-02,2.278448194265365601e-01,5.969783663749694824e-01,-6.400899589061737061e-02,6.480904817581176758e-01,2.459557801485061646e-01,1.974348723888397217e-01,1.187690272927284241e-01,3.883434534072875977e-01
4.341184720396995544e-02,4.021041691303253174e-01,-7.911425083875656128e-02,-1.821615844964981079e-01,-1.696110963821411133e-01,5.527302995324134827e-02,-1.635780483484268188e-01,1.760824620723724365e-01,3.026762902736663818e-01,9.999997615814208984e-01,3.474639058113098145e-01,7.936939001083374023e-01,1.469036787748336792e-01,4.450671747326850891e-02,2.569518089294433594e-01,-3.765386343002319336e-02,-1.504558473825454712e-01,1.776298582553863525e-01,3.629086166620254517e-02,3.376064002513885498e-01,4.731936454772949219e-01,4.742646813392639160e-01,-1.859183423221111298e-02,2.423359602689743042e-01,2.133630812168121338e-01,1.815218664705753326e-02,1.994196772575378418e-01,-1.037290766835212708e-01,1.519337445497512817e-01,2.409098595380783081e-01,3.740644156932830811e-01,2.831836044788360596e-01,4.778750240802764893e-02,3.241745010018348694e-02,1.272206306457519531e-01,2.154939621686935425e-01,-3.771940246224403381e-02,7.680417597293853760e-02,1.153982728719711304e-01,7.237002253532409668e-02,4.466011375188827515e-02,5.354370474815368652e-01,3.774759173393249512e-01,4.561572372913360596e-01,5.715751647949218750e-01,7.907380461692810059e-01,7.777726650238037109e-02,3.421725928783416748e-01
5.674111098051071167e-02,2.802280187606811523e-01,-1.768815666437149048e-01,-9.025482833385467529e-02,1.059138476848602295e-01,2.838711738586425781e-01,3.972057700157165527e-01,4.540046155452728271e-01,6.717566847801208496e-01,3.474639058113098145e-01,1.000000119209289551e+00,5.574081540107727051e-01,2.117052525281906128e-01,3.959802985191345215e-01,4.471517205238342285e-01,8.448897302150726318e-02,1.750163733959197998e-01,3.480168525129556656e-03,-1.057409122586250305e-01,8.184855431318283081e-02,1.957624256610870361e-01,2.306033074855804443e-01,-1.421626508235931396e-01,1.679291725158691406e-01,7.009647041559219360e-02,2.689472436904907227e-01,9.139008820056915283e-02,-3.370520472526550293e-02,3.490686416625976562e-01,3.607736527919769287e-01,1.421569138765335083e-01,2.259370684623718262e-01,8.056684583425521851e-02,1.352066099643707275e-01,1.050731241703033447e-01,1.710744500160217285e-01,1.735482215881347656e-01,2.213420569896697998e-01,1.384512037038803101e-01,9.125764667987823486e-02,2.341037392616271973e-01,5.625383257865905762e-01,6.850864272564649582e-03,5.778384208679199219e-01,2.394846975803375244e-01,2.537410557270050049e-01,3.849152475595474243e-02,4.274780154228210449e-01
3.860228881239891052e-02,4.566892087459564209e-01,-1.907531321048736572e-01,-2.172447592020034790e-01,-6.931333336979150772e-03,1.768701076507568359e-01,3.501156752463430166e-04,3.499601781368255615e-01,5.067512392997741699e-01,7.936939001083374023e-01,5.574081540107727051e-01,9.999999403953552246e-01,3.276848196983337402e-01,1.727864891290664673e-01,4.958145022392272949e-01,1.362736970186233521e-01,-6.094702705740928650e-02,1.523826271295547485e-01,5.604277551174163818e-02,2.931065261363983154e-01,4.917151927947998047e-01,5.060586929321289062e-01,-1.354852132499217987e-02,3.208660185337066650e-01,1.628143489360809326e-01,7.719591259956359863e-02,1.723122000694274902e-01,-1.277905106544494629e-01,1.863933056592941284e-01,3.462584018707275391e-01,3.646771013736724854e-01,4.221557676792144775e-01,6.298137456178665161e-02,7.191528379917144775e-02,1.575700342655181885e-01,2.593695819377899170e-01,2.354179136455059052e-02,2.133662849664688110e-01,2.206071466207504272e-01,7.192083448171615601e-02,1.430705040693283081e-01,7.037406563758850098e-01,3.177622258663177490e-01,6.261682510375976562e-01,5.913413763046264648e-01,7.275435328483581543e-01,1.878196597099304199e-01,4.017194509506225586e-01
2.454931586980819702e-01,1.011470705270767212e-01,-5.308245420455932617e-01,-1.911475658416748047e-01,4.207652509212493896e-01,1.045805588364601135e-01,1.707721054553985596e-01,3.797240555286407471e-01,3.434775471687316895e-01,1.469036787748336792e-01,2.117052525281906128e-01,3.276848196983337402e-01,1.000000238418579102e+00,1.389920413494110107e-01,5.508496761322021484e-01,6.997723579406738281e-01,5.019655823707580566e-01,-1.586731709539890289e-02,4.936705529689788818e-01,4.362455904483795166e-01,2.938686013221740723e-01,3.883271813392639160e-01,4.221930801868438721e-01,3.656504750251770020e-01,1.249077618122100830e-01,-3.272095620632171631e-01,1.052693948149681091e-01,-2.250823974609375000e-01,-2.269375920295715332e-01,1.698594242334365845e-01,3.523307666182518005e-02,4.409571886062622070e-01,4.465268924832344055e-02,4.039194807410240173e-02,1.816174089908599854e-01,2.437232434749603271e-01,7.568077743053436279e-02,2.693586349487304688e-01,3.372005820274353027e-01,-1.371940318495035172e-02,8.950284868478775024e-02,2.760004997253417969e-01,7.630679011344909668e-02,2.887630164623260498e-01,7.406161725521087646e-02,1.520059704780578613e-01,5.254459381103515625e-01,2.872259318828582764e-01
-1.290912628173828125e-01,-2.590293586254119873e-01,-3.066740557551383972e-02,-4.574478417634963989e-02,1.303897146135568619e-02,-6.479781866073608398e-02,1.385784447193145752e-01,4.558416008949279785e-01,2.061882913112640381e-01,4.450671747326850891e-02,3.959802985191345215e-01,1.727864891290664673e-01,1.389920413494110107e-01,1.000000357627868652e+00,6.016117334365844727e-01,2.689477801322937012e-01,8.981880545616149902e-02,-3.586157038807868958e-02,-1.017932891845703125e-01,4.707171022891998291e-02,9.036223590373992920e-02,7.033891230821609497e-02,4.742113873362541199e-02,1.191242933273315430e-01,-1.071080863475799561e-01,3.211970254778862000e-02,-4.353190213441848755e-02,-1.576591879129409790e-01,-8.020950108766555786e-02,8.586569130420684814e-02,-5.036894604563713074e-02,3.660427033901214600e-02,-1.130873486399650574e-01,5.794419646263122559e-01,5.128660202026367188e-01,3.011036813259124756e-01,8.743101358413696289e-01,6.691383123397827148e-01,4.758113622665405273e-01,3.247060179710388184e-01,-1.435047984123229980e-01,1.496213227510452271e-01,-2.699290513992309570e-01,1.144777685403823853e-01,-3.281482681632041931e-02,-3.877546638250350952e-02,1.388628780841827393e-02,1.971700191497802734e-01
2.641156502068042755e-02,9.016747027635574341e-02,-3.018000721931457520e-01,-1.927852630615234375e-01,1.833564192056655884e-01,1.112979501485824585e-01,1.876246333122253418e-01,5.683021545410156250e-01,4.223984777927398682e-01,2.569518089294433594e-01,4.471517205238342285e-01,4.958145022392272949e-01,5.508496761322021484e-01,6.016117334365844727e-01,1.000000357627868652e+00,5.915142893791198730e-01,2.530054748058319092e-01,-5.637951567769050598e-02,2.086587250232696533e-01,1.675830632448196411e-01,2.375904917716979980e-01,3.294748365879058838e-01,2.252295911312103271e-01,4.182796478271484375e-01,3.672069311141967773e-02,-1.133346855640411377e-01,8.802022039890289307e-02,-1.309276074171066284e-01,-7.556433230638504028e-02,2.566344141960144043e-01,1.209751740097999573e-01,4.014078378677368164e-01,2.779441513121128082e-02,3.152461946010589600e-01,4.670292735099792480e-01,4.350086450576782227e-01,5.008167028427124023e-01,6.959172487258911133e-01,5.060036182403564453e-01,2.847363948822021484e-01,9.157459437847137451e-02,4.557724595069885254e-01,-1.367523521184921265e-01,4.386361539363861084e-01,2.331986278295516968e-01,1.928455084562301636e-01,3.834782242774963379e-01,3.575833737850189209e-01
1.429697722196578979e-01,3.353094309568405151e-02,-3.772777616977691650e-01,-1.360179930925369263e-01,3.443183302879333496e-01,4.213115572929382324e-02,1.933646202087402344e-01,4.436119794845581055e-01,1.832646280527114868e-01,-3.765386343002319336e-02,8.448897302150726318e-02,1.362736970186233521e-01,6.997723579406738281e-01,2.689477801322937012e-01,5.915142893791198730e-01,1.000000119209289551e+00,4.735036194324493408e-01,-1.766491532325744629e-01,3.945211470127105713e-01,1.271576583385467529e-01,4.210286960005760193e-02,1.889821439981460571e-01,4.172078073024749756e-01,4.096165299415588379e-01,3.275812789797782898e-02,-2.402927428483963013e-01,1.649677753448486328e-02,-1.027350872755050659e-01,-2.145535051822662354e-01,2.247607260942459106e-01,7.107978221029043198e-03,3.601686954498291016e-01,3.841399401426315308e-02,1.012856885790824890e-01,2.953634858131408691e-01,3.157278597354888916e-01,2.604191899299621582e-01,4.215110242366790771e-01,4.615741372108459473e-01,8.277177810668945312e-02,5.889495462179183960e-02,2.067757546901702881e-01,-1.748274415731430054e-01,1.716505438089370728e-01,1.575522683560848236e-02,-5.838081985712051392e-02,5.347349643707275391e-01,1.542647331953048706e-01
3.086183965206146240e-01,-6.818354874849319458e-02,-4.336068332195281982e-01,-8.802253007888793945e-02,3.649793863296508789e-01,4.144129157066345215e-02,4.873775839805603027e-01,2.809358835220336914e-01,3.470918536186218262e-01,-1.504558473825454712e-01,1.750163733959197998e-01,-6.094702705740928650e-02,5.019655823707580566e-01,8.981880545616149902e-02,2.530054748058319092e-01,4.735036194324493408e-01,1.000000357627868652e+00,-1.753982454538345337e-01,4.042734801769256592e-01,1.222638040781021118e-01,-1.026573181152343750e-01,6.519415974617004395e-02,3.170006573200225830e-01,9.984140098094940186e-02,5.589348077774047852e-02,-2.432251423597335815e-01,-3.053057566285133362e-02,-1.570358723402023315e-01,-2.077715098857879639e-01,1.723072230815887451e-01,-1.559905260801315308e-01,1.545640528202056885e-01,9.323652088642120361e-02,2.071194723248481750e-02,-1.610929705202579498e-02,1.320855021476745605e-01,3.666523844003677368e-02,5.060165375471115112e-02,3.970299288630485535e-02,-1.835021749138832092e-02,5.301338620483875275e-03,6.030583381652832031e-02,-1.831191480159759521e-01,1.607587188482284546e-01,-1.567877233028411865e-01,-2.220852971076965332e-01,3.085215985774993896e-01,1.772957593202590942e-01
-6.962847709655761719e-02,-4.792226105928421021e-02,1.716213375329971313e-01,-1.576609909534454346e-01,-9.295532107353210449e-02,-4.955382645130157471e-02,-3.404860794544219971e-01,-8.538525551557540894e-02,-1.446605175733566284e-01,1.776298582553863525e-01,3.480168525129556656e-03,1.523826271295547485e-01,-1.586731709539890289e-02,-3.586157038807868958e-02,-5.637951567769050598e-02,-1.766491532325744629e-01,-1.753982454538345337e-01,1.000000357627868652e+00,-3.241732716560363770e-02,5.071344971656799316e-01,6.003246307373046875e-01,5.530798435211181641e-01,1.721227616071701050e-01,8.958772569894790649e-02,-1.009227186441421509e-01,-3.103110752999782562e-02,5.270918086171150208e-02,-3.234572336077690125e-02,-4.663284495472908020e-02,-2.385756559669971466e-02,2.445747405290603638e-01,6.140235811471939087e-02,1.521085854619741440e-02,-4.415622726082801819e-02,-5.119858682155609131e-02,7.064327597618103027e-02,-4.573212936520576477e-02,5.304412916302680969e-03,7.822309434413909912e-02,2.236338853836059570e-01,-1.083519458770751953e-01,-5.815178528428077698e-02,5.705971121788024902e-01,-8.175799250602722168e-02,1.616112738847732544e-01,3.813935816287994385e-01,-1.924183964729309082e-02,-1.029632333666086197e-02
1.599688977003097534e-01,1.013571694493293762e-01,-2.877019941806793213e-01,-9.694812446832656860e-02,3.081593215465545654e-01,1.890300810337066650e-01,1.024647280573844910e-01,1.438174545764923096e-01,3.249815478920936584e-02,3.629086166620254517e-02,-1.057409122586250305e-01,5.604277551174163818e-02,4.936705529689788818e-01,-1.017932891845703125e-01,2.086587250232696533e-01,3.945211470127105713e-01,4.042734801769256592e-01,-3.241732716560363770e-02,9.999999403953552246e-01,3.855240345001220703e-01,4.444536939263343811e-02,1.998590230941772461e-01,5.504220724105834961e-01,1.937482953071594238e-01,7.743359357118606567e-02,-3.014540970325469971e-01,1.412575319409370422e-02,-1.073181554675102234e-01,-2.899111211299896240e-01,-9.823616594076156616e-03,-5.827756226062774658e-02,2.371413707733154297e-01,4.051317274570465088e-02,-4.049327224493026733e-02,2.024467289447784424e-02,1.598775237798690796e-01,-7.077561318874359131e-02,6.101119518280029297e-02,8.151908963918685913e-02,5.654840916395187378e-02,1.174904927611351013e-01,4.276076331734657288e-02,1.864459365606307983e-01,1.427274644374847412e-01,-1.783528178930282593e-02,5.815557017922401428e-02,3.380162417888641357e-01,9.225556999444961548e-02
1.269884854555130005e-01,-1.159472987055778503e-01,-1.726848334074020386e-01,-1.711573451757431030e-01,1.551349759101867676e-01,-6.761041731806471944e-05,-2.577436864376068115e-01,3.586238622665405273e-02,6.441264599561691284e-02,3.376064002513885498e-01,8.184855431318283081e-02,2.931065261363983154e-01,4.362455904483795166e-01,4.707171022891998291e-02,1.675830632448196411e-01,1.271576583385467529e-01,1.222638040781021118e-01,5.071344971656799316e-01,3.855240345001220703e-01,1.000000119209289551e+00,6.430941820144653320e-01,4.810955226421356201e-01,3.284291028976440430e-01,1.088875755667686462e-01,2.107447758316993713e-02,-3.080983161926269531e-01,9.246858209371566772e-02,-2.204348295927047729e-01,-2.583438754081726074e-01,-6.178706139326095581e-02,-4.254737868905067444e-02,8.789527416229248047e-02,-3.733965754508972168e-02,5.210214853286743164e-02,3.244678303599357605e-02,9.266170114278793335e-02,2.921561710536479950e-02,1.176701933145523071e-01,1.740727275609970093e-01,7.312019914388656616e-02,-7.335253059864044189e-02,-2.902608923614025116e-02,4.869037270545959473e-01,-4.479674156755208969e-03,-3.434013342484831810e-03,4.269097745418548584e-01,8.742320537567138672e-02,1.351717412471771240e-01
5.936413258314132690e-02,5.743143334984779358e-02,-1.625325083732604980e-01,-2.912282943725585938e-01,-1.145799979567527771e-01,-1.417210847139358521e-01,-3.202814161777496338e-01,6.351100653409957886e-02,1.340799182653427124e-01,4.731936454772949219e-01,1.957624256610870361e-01,4.917151927947998047e-01,2.938686013221740723e-01,9.036223590373992920e-02,2.375904917716979980e-01,4.210286960005760193e-02,-1.026573181152343750e-01,6.003246307373046875e-01,4.444536939263343811e-02,6.430941820144653320e-01,1.000000357627868652e+00,6.837473511695861816e-01,1.159848347306251526e-01,1.893013268709182739e-01,-3.046797774732112885e-02,-1.773894578218460083e-01,1.572522968053817749e-01,-2.834753990173339844e-01,-1.227729991078376770e-01,1.347403824329376221e-01,2.495558261871337891e-01,2.465725690126419067e-01,-4.255163297057151794e-02,5.384270101785659790e-02,4.866071045398712158e-02,1.858634948730468750e-01,2.873112075030803680e-02,1.726852208375930786e-01,2.247431129217147827e-01,1.458972394466400146e-01,-1.055336147546768188e-01,2.017627209424972534e-01,4.692186713218688965e-01,1.448078751564025879e-01,3.929951786994934082e-01,6.491338014602661133e-01,1.218485534191131592e-01,2.638665139675140381e-01
3.437932580709457397e-02,2.417552024126052856e-01,-2.239593863487243652e-01,-3.087936937808990479e-01,-2.995957992970943451e-02,-2.907341718673706055e-02,-1.686357855796813965e-01,2.348998039960861206e-01,2.029208242893218994e-01,4.742646813392639160e-01,2.306033074855804443e-01,5.060586929321289062e-01,3.883271813392639160e-01,7.033891230821609497e-02,3.294748365879058838e-01,1.889821439981460571e-01,6.519415974617004395e-02,5.530798435211181641e-01,1.998590230941772461e-01,4.810955226421356201e-01,6.837473511695861816e-01,1.000000119209289551e+00,3.699353337287902832e-01,4.613343477249145508e-01,-2.360099693760275841e-03,-2.229534536600112915e-01,1.442550867795944214e-01,-2.648379802703857422e-01,-1.131743341684341431e-01,2.470669746398925781e-01,5.463179945945739746e-01,4.913052916526794434e-01,-1.361556258052587509e-02,-1.669097319245338440e-02,1.531070917844772339e-01,3.838315010070800781e-01,3.249925095587968826e-03,2.295124977827072144e-01,2.652194797992706299e-01,2.576239109039306641e-01,-2.293230406939983368e-02,3.140615224838256836e-01,4.429916143417358398e-01,2.976100146770477295e-01,4.243452847003936768e-01,5.386637449264526367e-01,3.946732282638549805e-01,5.078148245811462402e-01
1.668719500303268433e-01,-2.645114250481128693e-02,-1.589939445257186890e-01,-7.991430908441543579e-02,2.227894365787506104e-01,4.473709315061569214e-02,3.751026093959808350e-02,1.610841900110244751e-01,-1.064264774322509766e-01,-1.859183423221111298e-02,-1.421626508235931396e-01,-1.354852132499217987e-02,4.221930801868438721e-01,4.742113873362541199e-02,2.252295911312103271e-01,4.172078073024749756e-01,3.170006573200225830e-01,1.721227616071701050e-01,5.504220724105834961e-01,3.284291028976440430e-01,1.159848347306251526e-01,3.699353337287902832e-01,1.000000357627868652e+00,4.168002605438232422e-01,-2.630703896284103394e-02,-2.916517853736877441e-01,6.077085155993700027e-03,-1.350289881229400635e-01,-3.669588863849639893e-01,-4.257199168205261230e-02,7.473681122064590454e-03,3.651127219200134277e-01,5.140443798154592514e-03,5.402469635009765625e-02,2.234641760587692261e-01,3.760663270950317383e-01,1.147903650999069214e-01,2.317287474870681763e-01,3.557300567626953125e-01,4.422545433044433594e-01,-7.589922845363616943e-02,-1.553304586559534073e-02,1.164915114641189575e-01,3.878073068335652351e-03,-1.242433339357376099e-01,-2.588408254086971283e-02,4.584368169307708740e-01,3.350005447864532471e-01
1.008533779531717300e-02,2.746045887470245361e-01,-2.005174905061721802e-01,-1.895913630723953247e-01,8.779463171958923340e-02,8.433448523283004761e-02,4.990264307707548141e-03,3.427313566207885742e-01,1.557836234569549561e-01,2.423359602689743042e-01,1.679291725158691406e-01,3.208660185337066650e-01,3.656504750251770020e-01,1.191242933273315430e-01,4.182796478271484375e-01,4.096165299415588379e-01,9.984140098094940186e-02,8.958772569894790649e-02,1.937482953071594238e-01,1.088875755667686462e-01,1.893013268709182739e-01,4.613343477249145508e-01,4.168002605438232422e-01,1.000000000000000000e+00,1.511609852313995361e-01,-1.153131946921348572e-01,9.149175882339477539e-02,-8.033972233533859253e-02,7.381072640419006348e-02,3.588111400604248047e-01,4.731396734714508057e-01,6.505767107009887695e-01,1.144614070653915405e-01,6.277621258050203323e-03,3.563686907291412354e-01,6.917492151260375977e-01,1.127597913146018982e-01,3.642110228538513184e-01,5.090792775154113770e-01,4.588678777217864990e-01,1.018639579415321350e-01,3.402976989746093750e-01,8.873005211353302002e-02,2.336908429861068726e-01,1.779719293117523193e-01,1.874790787696838379e-01,7.062430977821350098e-01,3.227412998676300049e-01
2.007370591163635254e-01,2.486183345317840576e-01,-3.431516140699386597e-02,-2.487423457205295563e-02,-2.375331893563270569e-02,8.870088309049606323e-02,2.552762627601623535e-02,1.601084321737289429e-01,1.175322532653808594e-01,2.133630812168121338e-01,7.009647041559219360e-02,1.628143489360809326e-01,1.249077618122100830e-01,-1.071080863475799561e-01,3.672069311141967773e-02,3.275812789797782898e-02,5.589348077774047852e-02,-1.009227186441421509e-01,7.743359357118606567e-02,2.107447758316993713e-02,-3.046797774732112885e-02,-2.360099693760275841e-03,-2.630703896284103394e-02,1.511609852313995361e-01,1.000000357627868652e+00,3.333057463169097900e-02,9.961958974599838257e-03,1.769068390130996704e-01,1.406098306179046631e-01,1.669465564191341400e-02,1.982949674129486084e-02,1.567056775093078613e-01,2.633106708526611328e-01,-1.482506990432739258e-01,1.116857677698135376e-01,1.236653178930282593e-01,-1.162880137562751770e-01,-6.876936554908752441e-02,-2.205908531323075294e-03,-4.266721662133932114e-03,5.104307457804679871e-02,2.126714438199996948e-01,4.217877611517906189e-02,1.565800309181213379e-01,3.814733587205410004e-03,1.354030519723892212e-01,5.112514272332191467e-02,7.773191481828689575e-02
-2.182983607053756714e-01,1.892673522233963013e-01,4.328802824020385742e-01,-4.710659384727478027e-03,-2.011814117431640625e-01,1.629274785518646240e-01,1.935240030288696289e-01,6.922113150358200073e-02,1.074234396219253540e-01,1.815218664705753326e-02,2.689472436904907227e-01,7.719591259956359863e-02,-3.272095620632171631e-01,3.211970254778862000e-02,-1.133346855640411377e-01,-2.402927428483963013e-01,-2.432251423597335815e-01,-3.103110752999782562e-02,-3.014540970325469971e-01,-3.080983161926269531e-01,-1.773894578218460083e-01,-2.229534536600112915e-01,-2.916517853736877441e-01,-1.153131946921348572e-01,3.333057463169097900e-02,9.999995231628417969e-01,-6.115391477942466736e-02,5.058254003524780273e-01,6.578132510185241699e-01,7.810863852500915527e-02,-3.117337264120578766e-02,-3.309504315257072449e-02,2.932190522551536560e-02,-5.275344476103782654e-03,-4.620541632175445557e-02,-5.147364363074302673e-02,-4.846425727009773254e-02,-1.157031580805778503e-01,-7.478520274162292480e-02,3.539188997820019722e-03,8.942388743162155151e-02,2.594514489173889160e-01,-7.755079865455627441e-02,1.751374006271362305e-01,7.392991334199905396e-02,-1.352730859071016312e-02,-2.563067972660064697e-01,1.849623955786228180e-02
2.716593444347381592e-02,1.181727126240730286e-01,-8.973281085491180420e-02,-9.408446401357650757e-02,4.144286736845970154e-02,5.709802359342575073e-02,-1.160839665681123734e-02,-7.341698743402957916e-03,3.063426353037357330e-03,1.994196772575378418e-01,9.139008820056915283e-02,1.723122000694274902e-01,1.052693948149681091e-01,-4.353190213441848755e-02,8.802022039890289307e-02,1.649677753448486328e-02,-3.053057566285133362e-02,5.270918086171150208e-02,1.412575319409370422e-02,9.246858209371566772e-02,1.572522968053817749e-01,1.442550867795944214e-01,6.077085155993700027e-03,9.149175882339477539e-02,9.961958974599838257e-03,-6.115391477942466736e-02,9.999997019767761230e-01,4.340604878962039948e-03,1.457431614398956299e-01,8.198494464159011841e-02,6.744823604822158813e-02,2.036726325750350952e-01,5.230786800384521484e-01,4.396042320877313614e-03,1.423116475343704224e-01,7.199516985565423965e-04,-7.576242834329605103e-02,1.327114254236221313e-01,1.688303798437118530e-01,8.672229014337062836e-03,2.815724536776542664e-02,1.529608368873596191e-01,1.086958348751068115e-01,1.184497103095054626e-01,2.112539261579513550e-01,2.062203586101531982e-01,4.684987291693687439e-02,1.776717454195022583e-01
1.416991930454969406e-02,1.450358629226684570e-01,4.847147464752197266e-01,2.321317605674266815e-02,-8.918547630310058594e-02,8.068553358316421509e-02,-4.478992894291877747e-02,5.224900320172309875e-02,-7.376563549041748047e-02,-1.037290766835212708e-01,-3.370520472526550293e-02,-1.277905106544494629e-01,-2.250823974609375000e-01,-1.576591879129409790e-01,-1.309276074171066284e-01,-1.027350872755050659e-01,-1.570358723402023315e-01,-3.234572336077690125e-02,-1.073181554675102234e-01,-2.204348295927047729e-01,-2.834753990173339844e-01,-2.648379802703857422e-01,-1.350289881229400635e-01,-8.033972233533859253e-02,1.769068390130996704e-01,5.058254003524780273e-01,4.340604878962039948e-03,9.999995231628417969e-01,5.531675219535827637e-01,-1.626873910427093506e-01,-1.462708413600921631e-01,-9.227204322814941406e-02,1.602534204721450806e-01,-1.751950234174728394e-01,-5.742829293012619019e-03,-1.525810807943344116e-01,-1.544288247823715210e-01,-1.641006469726562500e-01,-1.632270216941833496e-01,-1.339118331670761108e-01,6.432346999645233154e-02,4.967170208692550659e-02,-2.761644124984741211e-02,1.972915604710578918e-02,-7.626844197511672974e-02,-1.489643603563308716e-01,-1.601199209690093994e-01,-1.275666654109954834e-01
-8.140156418085098267e-02,4.054449796676635742e-01,1.932068914175033569e-01,2.764174528419971466e-02,-7.361071556806564331e-02,2.214359790086746216e-01,2.233912646770477295e-01,1.246415376663208008e-01,1.967624574899673462e-01,1.519337445497512817e-01,3.490686416625976562e-01,1.863933056592941284e-01,-2.269375920295715332e-01,-8.020950108766555786e-02,-7.556433230638504028e-02,-2.145535051822662354e-01,-2.077715098857879639e-01,-4.663284495472908020e-02,-2.899111211299896240e-01,-2.583438754081726074e-01,-1.227729991078376770e-01,-1.131743341684341431e-01,-3.669588863849639893e-01,7.381072640419006348e-02,1.406098306179046631e-01,6.578132510185241699e-01,1.457431614398956299e-01,5.531675219535827637e-01,1.000000238418579102e+00,2.698391377925872803e-01,1.995144188404083252e-01,8.565606921911239624e-02,2.239802479743957520e-01,-7.250753045082092285e-02,-2.125581726431846619e-02,7.193613052368164062e-02,-1.729129254817962646e-01,-1.069145724177360535e-01,-5.150363221764564514e-02,-6.276174634695053101e-02,2.519197762012481689e-01,3.434020876884460449e-01,2.463724650442600250e-02,2.752872705459594727e-01,1.406458467245101929e-01,7.976619154214859009e-02,-9.845510870218276978e-02,4.114577546715736389e-02
-4.974312707781791687e-02,2.426524758338928223e-01,-2.852462530136108398e-01,-2.936715781688690186e-01,-4.877796024084091187e-02,-6.489337980747222900e-02,2.244914770126342773e-01,2.399319708347320557e-01,2.956107556819915771e-01,2.409098595380783081e-01,3.607736527919769287e-01,3.462584018707275391e-01,1.698594242334365845e-01,8.586569130420684814e-02,2.566344141960144043e-01,2.247607260942459106e-01,1.723072230815887451e-01,-2.385756559669971466e-02,-9.823616594076156616e-03,-6.178706139326095581e-02,1.347403824329376221e-01,2.470669746398925781e-01,-4.257199168205261230e-02,3.588111400604248047e-01,1.669465564191341400e-02,7.810863852500915527e-02,8.198494464159011841e-02,-1.626873910427093506e-01,2.698391377925872803e-01,1.000000119209289551e+00,4.801770448684692383e-01,3.272397220134735107e-01,8.621659129858016968e-03,4.117515683174133301e-02,1.365313380956649780e-01,3.309226334095001221e-01,3.650069935247302055e-03,2.231177091598510742e-01,1.823155730962753296e-01,1.197170317173004150e-01,-6.694553885608911514e-03,3.671557605266571045e-01,5.396787077188491821e-02,3.850811719894409180e-01,4.149585366249084473e-01,2.505375444889068604e-01,3.472184240818023682e-01,1.639623939990997314e-01
-1.521664112806320190e-01,3.784557878971099854e-01,-8.650922775268554688e-02,-1.920503824949264526e-01,-2.265061140060424805e-01,-5.256517976522445679e-02,-9.719041734933853149e-02,5.519461631774902344e-02,5.070343613624572754e-02,3.740644156932830811e-01,1.421569138765335083e-01,3.646771013736724854e-01,3.523307666182518005e-02,-5.036894604563713074e-02,1.209751740097999573e-01,7.107978221029043198e-03,-1.559905260801315308e-01,2.445747405290603638e-01,-5.827756226062774658e-02,-4.254737868905067444e-02,2.495558261871337891e-01,5.463179945945739746e-01,7.473681122064590454e-03,4.731396734714508057e-01,1.982949674129486084e-02,-3.117337264120578766e-02,6.744823604822158813e-02,-1.462708413600921631e-01,1.995144188404083252e-01,4.801770448684692383e-01,1.000000119209289551e+00,4.066004157066345215e-01,-1.158855389803647995e-02,-7.848757505416870117e-02,1.232296824455261230e-01,4.187261164188385010e-01,-8.306132256984710693e-02,1.232092082500457764e-01,1.497835069894790649e-01,1.874350905418395996e-01,5.900010839104652405e-02,2.986328899860382080e-01,2.879434823989868164e-01,2.205347120761871338e-01,4.857372939586639404e-01,3.758268952369689941e-01,3.508193790912628174e-01,1.558928638696670532e-01
8.385275304317474365e-02,3.718149363994598389e-01,-2.540847659111022949e-01,-2.556391358375549316e-01,5.843950062990188599e-02,1.108580082654953003e-01,4.656335711479187012e-02,3.312804996967315674e-01,2.169285118579864502e-01,2.831836044788360596e-01,2.259370684623718262e-01,4.221557676792144775e-01,4.409571886062622070e-01,3.660427033901214600e-02,4.014078378677368164e-01,3.601686954498291016e-01,1.545640528202056885e-01,6.140235811471939087e-02,2.371413707733154297e-01,8.789527416229248047e-02,2.465725690126419067e-01,4.913052916526794434e-01,3.651127219200134277e-01,6.505767107009887695e-01,1.567056775093078613e-01,-3.309504315257072449e-02,2.036726325750350952e-01,-9.227204322814941406e-02,8.565606921911239624e-02,3.272397220134735107e-01,4.066004157066345215e-01,9.999997615814208984e-01,1.276408880949020386e-01,-3.883250802755355835e-02,2.423175573348999023e-01,5.119569897651672363e-01,-3.063760325312614441e-02,2.486194074153900146e-01,4.056257009506225586e-01,3.404144942760467529e-01,9.485631436109542847e-02,4.442214071750640869e-01,1.226623579859733582e-01,3.464790284633636475e-01,3.316048383712768555e-01,2.773725688457489014e-01,6.264460682868957520e-01,4.718220233917236328e-01
