1.000000715255737305e+00,2.842808961868286133e-01,1.669083535671234131e-01,2.573139071464538574e-01,3.821469843387603760e-01,3.560886979103088379e-01,2.446509003639221191e-01,2.636452913284301758e-01,1.070451065897941589e-01,2.008907645940780640e-01,4.953741282224655151e-02,3.894942626357078552e-02,3.880273103713989258e-01,2.292378619313240051e-02,3.118938393890857697e-02,4.357610344886779785e-01,3.695797324180603027e-01,2.073313891887664795e-01,4.116417467594146729e-01,1.586352735757827759e-01,1.824162900447845459e-01,-9.985357522964477539e-02,2.006453424692153931e-01,-1.223796382546424866e-01,4.026911854743957520e-01,4.484298825263977051e-02,3.311162292957305908e-01,4.148099720478057861e-01,1.949217915534973145e-01,-1.357306838035583496e-01,7.991198450326919556e-03,8.208646625280380249e-02,3.370718657970428467e-01,3.256661593914031982e-01,1.256117671728134155e-01,2.307023108005523682e-01,2.611644864082336426e-01,3.185229003429412842e-01,2.387540638446807861e-01,1.393406838178634644e-01,2.871688306331634521e-01,1.669777482748031616e-01,4.565228223800659180e-01,1.246559545397758484e-01,1.075315997004508972e-01,1.747374087572097778e-01,-1.570476777851581573e-02,-1.116522401571273804e-01
2.842808961868286133e-01,1.000000238418579102e+00,4.738118499517440796e-02,2.396147698163986206e-01,3.011339604854583740e-01,4.207112491130828857e-01,3.424024581909179688e-01,8.200345188379287720e-02,3.214380443096160889e-01,4.496144652366638184e-01,6.950996816158294678e-02,3.008412420749664307e-01,3.103162348270416260e-01,-6.666386127471923828e-02,2.294187098741531372e-01,4.307930171489715576e-01,2.256356924772262573e-01,5.729978904128074646e-02,1.932388395071029663e-01,1.365700513124465942e-01,1.283233910799026489e-01,2.389963343739509583e-02,1.205103024840354919e-01,1.588445454835891724e-01,8.588159829378128052e-02,1.466174721717834473e-01,2.338066697120666504e-01,2.698461413383483887e-01,2.443737983703613281e-01,1.805070489645004272e-01,2.727413177490234375e-01,1.491244584321975708e-01,2.687954604625701904e-01,3.653611540794372559e-01,1.860528588294982910e-01,2.146562337875366211e-01,3.389995545148849487e-02,4.986507296562194824e-01,2.939680516719818115e-01,1.905449032783508301e-01,6.604345440864562988e-01,6.335803270339965820e-01,3.085610568523406982e-01,5.418533682823181152e-01,4.763762950897216797e-01,4.386600255966186523e-01,1.852554082870483398e-01,-3.499040380120277405e-02
1.669083535671234131e-01,4.738118499517440796e-02,9.999998211860656738e-01,5.969260334968566895e-01,7.974200695753097534e-02,-1.626984961330890656e-02,4.280526638031005859e-01,-3.692172169685363770e-01,-1.797420978546142578e-01,2.126184403896331787e-01,-3.516308367252349854e-01,3.465418145060539246e-02,1.728602349758148193e-01,-4.410441815853118896e-01,-7.579434663057327271e-02,1.819757372140884399e-01,3.078275024890899658e-01,8.566121757030487061e-02,4.166950285434722900e-01,3.547661602497100830e-01,2.902641594409942627e-01,7.273995131254196167e-02,-2.913998998701572418e-02,1.757142990827560425e-01,-1.473540160804986954e-02,3.203747570514678955e-01,1.109569296240806580e-01,4.679028391838073730e-01,2.879203855991363525e-01,1.964233582839369774e-03,4.701429232954978943e-02,1.030230298638343811e-01,8.210242376662790775e-04,1.142992675304412842e-01,4.024490416049957275e-01,4.441757500171661377e-01,-2.212197035551071167e-01,1.538136303424835205e-01,3.145816326141357422e-01,4.419178664684295654e-01,2.595122903585433960e-02,1.352692693471908569e-01,3.446501791477203369e-01,-9.248464554548263550e-02,1.485832333564758301e-01,2.721939980983734131e-01,1.903486698865890503e-01,-1.192782446742057800e-01
2.573139071464538574e-01,2.396147698163986206e-01,5.969260334968566895e-01,1.000000119209289551e+00,2.733304798603057861e-01,2.555402219295501709e-01,5.114879608154296875e-01,-3.938317298889160156e-01,-1.098409071564674377e-01,3.149541020393371582e-01,-3.752208948135375977e-01,1.189024671912193298e-01,2.689980566501617432e-01,-4.321210384368896484e-01,-3.516513481736183167e-02,2.596271038055419922e-01,3.500123023986816406e-01,1.077797412872314453e-01,4.355089962482452393e-01,4.567922353744506836e-01,3.797834813594818115e-01,1.004486978054046631e-01,5.770270898938179016e-02,2.769624292850494385e-01,-1.817025989294052124e-02,1.790174543857574463e-01,7.754970341920852661e-02,5.713410377502441406e-01,4.682760834693908691e-01,5.220706015825271606e-02,1.884808540344238281e-01,1.430190652608871460e-01,2.110875397920608521e-02,1.732401102781295776e-01,4.478442072868347168e-01,4.507974982261657715e-01,-2.895217239856719971e-01,3.188822269439697266e-01,3.857638239860534668e-01,4.687835276126861572e-01,1.729714423418045044e-01,3.358742594718933105e-01,4.390896856784820557e-01,5.036593973636627197e-02,2.861143350601196289e-01,3.596152067184448242e-01,2.362500280141830444e-01,-1.197832226753234863e-01
3.821469843387603760e-01,3.011339604854583740e-01,7.974200695753097534e-02,2.733304798603057861e-01,1.000000000000000000e+00,6.620377302169799805e-01,8.374564349651336670e-02,-4.956600069999694824e-02,3.495862185955047607e-01,3.069800436496734619e-01,1.870428770780563354e-02,2.624638378620147705e-01,3.423981070518493652e-01,-1.260148286819458008e-01,7.115229964256286621e-02,3.748792707920074463e-01,-2.450413256883621216e-02,-7.592611759901046753e-02,1.116214767098426819e-01,3.438191488385200500e-02,1.121798232197761536e-01,-3.247939050197601318e-02,-4.644086956977844238e-02,-6.202557589858770370e-03,9.572616964578628540e-02,-1.599516421556472778e-01,1.873723715543746948e-01,3.614093959331512451e-01,1.118967607617378235e-01,-9.751162678003311157e-02,-4.112123325467109680e-02,1.494730263948440552e-02,3.250513598322868347e-02,-1.628638431429862976e-02,1.104342266917228699e-01,7.656071335077285767e-02,-9.792720526456832886e-02,1.847902387380599976e-01,2.273202091455459595e-01,5.723533779382705688e-02,4.131506085395812988e-01,2.177134156227111816e-01,2.243948429822921753e-01,2.521561980247497559e-01,9.943668544292449951e-02,2.542281448841094971e-01,-1.295759249478578568e-02,3.730399161577224731e-02
3.560886979103088379e-01,4.207112491130828857e-01,-1.626984961330890656e-02,2.555402219295501709e-01,6.620377302169799805e-01,9.999999403953552246e-01,1.097947508096694946e-01,-1.379660423845052719e-02,4.541135132312774658e-01,4.051798284053802490e-01,4.133392497897148132e-02,3.197033703327178955e-01,4.772952497005462646e-01,-1.547361016273498535e-01,1.294233649969100952e-01,4.206719398498535156e-01,1.007382385432720184e-02,-1.663680821657180786e-01,7.605136930942535400e-02,-3.346036374568939209e-02,9.356772154569625854e-02,-6.869567930698394775e-02,-4.321435466408729553e-02,3.181855194270610809e-03,1.317455768585205078e-01,-1.747372448444366455e-01,2.281039059162139893e-01,3.955726623535156250e-01,2.728657126426696777e-01,1.086222007870674133e-02,-1.746125705540180206e-02,-5.563548207283020020e-02,8.521333336830139160e-02,2.546839974820613861e-02,1.317535042762756348e-01,1.132121160626411438e-01,-1.191294640302658081e-01,2.939411997795104980e-01,1.548911035060882568e-01,8.607012219727039337e-03,4.552789926528930664e-01,3.960422277450561523e-01,2.302460819482803345e-01,4.442811906337738037e-01,2.766047418117523193e-01,3.405275642871856689e-01,-5.754670500755310059e-02,-3.949647769331932068e-02
2.446509003639221191e-01,3.424024581909179688e-01,4.280526638031005859e-01,5.114879608154296875e-01,8.374564349651336670e-02,1.097947508096694946e-01,1.000000238418579102e+00,-5.536294355988502502e-02,-1.140791848301887512e-01,3.221850693225860596e-01,-1.057059317827224731e-01,9.888245910406112671e-02,2.667787969112396240e-01,-1.613888591527938843e-01,6.388811022043228149e-02,2.895874381065368652e-01,6.985813379287719727e-01,4.406258463859558105e-01,4.512666463851928711e-01,5.241599082946777344e-01,2.982581555843353271e-01,6.041320413351058960e-02,1.006055995821952820e-01,3.153359293937683105e-01,8.934451639652252197e-02,5.399370193481445312e-01,1.935487687587738037e-01,3.046419322490692139e-01,2.769966423511505127e-01,1.656818836927413940e-01,5.057762265205383301e-01,3.256175220012664795e-01,2.888055741786956787e-01,3.525911867618560791e-01,4.211135208606719971e-01,4.274009764194488525e-01,-4.401454702019691467e-03,4.275376200675964355e-01,3.059038221836090088e-01,2.941871881484985352e-01,2.151643335819244385e-01,4.177931249141693115e-01,3.311918973922729492e-01,6.776787340641021729e-02,4.334134757518768311e-01,3.901606202125549316e-01,4.068115651607513428e-01,-7.802627980709075928e-03
2.636452913284301758e-01,8.200345188379287720e-02,-3.692172169685363770e-01,-3.938317298889160156e-01,-4.956600069999694824e-02,-1.379660423845052719e-02,-5.536294355988502502e-02,9.999994635581970215e-01,2.636518180370330811e-01,4.173146188259124756e-02,7.551785707473754883e-01,1.733472049236297607e-01,1.322973519563674927e-01,7.998995184898376465e-01,4.184266030788421631e-01,6.228794157505035400e-02,1.201614812016487122e-01,1.927917152643203735e-01,1.034344732761383057e-02,-2.947492524981498718e-02,-5.512718111276626587e-02,-2.111167833209037781e-02,1.290719062089920044e-01,-2.135307490825653076e-01,5.606352090835571289e-01,-1.653401367366313934e-02,1.753161102533340454e-01,-4.104584157466888428e-01,-2.688925862312316895e-01,-1.331049054861068726e-01,2.351257577538490295e-02,-2.037111110985279083e-02,4.696184098720550537e-01,2.193573415279388428e-01,-3.191813826560974121e-01,-3.384264707565307617e-01,8.220497369766235352e-01,6.931138038635253906e-02,-2.682402133941650391e-01,-3.136028349399566650e-01,9.259941428899765015e-02,1.152778789401054382e-02,7.483275979757308960e-02,1.490906625986099243e-01,-7.989727705717086792e-02,-3.360223397612571716e-02,-1.643655598163604736e-01,-7.150170858949422836e-03
1.070451065897941589e-01,3.214380443096160889e-01,-1.797420978546142578e-01,-1.098409071564674377e-01,3.495862185955047607e-01,4.541135132312774658e-01,-1.140791848301887512e-01,2.636518180370330811e-01,1.000000238418579102e+00,4.510250389575958252e-01,4.669027030467987061e-01,5.746494531631469727e-01,2.775463759899139404e-01,1.886311173439025879e-01,5.244752764701843262e-01,1.420014053583145142e-01,-1.420864164829254150e-01,-2.155201584100723267e-01,-6.442385166883468628e-02,-1.401048302650451660e-01,4.416486248373985291e-02,4.588713496923446655e-02,7.158426195383071899e-02,-5.742479860782623291e-02,2.505142986774444580e-01,-2.662055492401123047e-01,-2.470004372298717499e-02,-6.896141171455383301e-02,-1.351296901702880859e-01,-1.047997176647186279e-01,-1.093525588512420654e-01,-1.777916848659515381e-01,1.056884974241256714e-01,7.031613588333129883e-02,-1.061639189720153809e-01,-1.319659054279327393e-01,1.485709100961685181e-01,1.810078620910644531e-01,9.134797006845474243e-02,-4.378257319331169128e-02,1.932118833065032959e-01,2.624720931053161621e-01,6.331761926412582397e-02,6.605215668678283691e-01,2.211115881800651550e-02,2.214617878198623657e-01,-1.862595528364181519e-01,-3.034204989671707153e-02
2.008907645940780640e-01,4.496144652366638184e-01,2.126184403896331787e-01,3.149541020393371582e-01,3.069800436496734619e-01,4.051798284053802490e-01,3.221850693225860596e-01,4.173146188259124756e-02,4.510250389575958252e-01,1.000000476837158203e+00,1.415588408708572388e-01,6.435972452163696289e-01,5.330460667610168457e-01,-2.579231001436710358e-02,4.923115968704223633e-01,3.481629788875579834e-01,1.414285451173782349e-01,-6.428088992834091187e-02,1.261040568351745605e-01,5.619467049837112427e-02,1.355062872171401978e-01,-2.010221779346466064e-02,-2.092459984123706818e-02,1.673000156879425049e-01,2.294632494449615479e-01,9.304395318031311035e-02,3.588037192821502686e-02,2.216956019401550293e-01,1.439010053873062134e-01,4.774581268429756165e-02,1.194183155894279480e-01,9.673992462921887636e-05,2.277380675077438354e-01,1.747075766324996948e-01,2.270484268665313721e-01,1.988407820463180542e-01,3.272622451186180115e-02,4.344093501567840576e-01,2.422394901514053345e-01,3.797554969787597656e-02,2.734383940696716309e-01,6.478078961372375488e-01,3.938976824283599854e-01,5.283290743827819824e-01,3.970476686954498291e-01,6.681978702545166016e-01,6.257763504981994629e-02,-7.591456174850463867e-02
4.953741282224655151e-02,6.950996816158294678e-02,-3.516308367252349854e-01,-3.752208948135375977e-01,1.870428770780563354e-02,4.133392497897148132e-02,-1.057059317827224731e-01,7.551785707473754883e-01,4.669027030467987061e-01,1.415588408708572388e-01,1.000000476837158203e+00,3.446120619773864746e-01,9.467614442110061646e-02,7.418558001518249512e-01,5.447310209274291992e-01,-9.062826633453369141e-02,-9.877293370664119720e-03,5.860637500882148743e-02,-7.094662636518478394e-02,-3.913503512740135193e-02,-2.853154577314853668e-02,9.188902378082275391e-02,9.201594442129135132e-02,-1.530085504055023193e-01,4.972839355468750000e-01,-1.227744370698928833e-01,1.746122911572456360e-02,-4.535424411296844482e-01,-3.076226711273193359e-01,-1.504304409027099609e-01,1.782738044857978821e-02,-6.463247537612915039e-02,2.965057194232940674e-01,1.296262294054031372e-01,-3.108044266700744629e-01,-3.700236082077026367e-01,6.574917435646057129e-01,3.997216746211051941e-02,-2.521167695522308350e-01,-2.455764412879943848e-01,3.871747478842735291e-02,4.014786332845687866e-02,4.723646119236946106e-02,3.258339166641235352e-01,-9.362059086561203003e-02,2.300426736474037170e-02,-1.983613520860671997e-01,6.165561452507972717e-02
3.894942626357078552e-02,3.008412420749664307e-01,3.465418145060539246e-02,1.189024671912193298e-01,2.624638378620147705e-01,3.197033703327178955e-01,9.888245910406112671e-02,1.733472049236297607e-01,5.746494531631469727e-01,6.435972452163696289e-01,3.446120619773864746e-01,1.000000119209289551e+00,3.969631195068359375e-01,1.346453577280044556e-01,6.921885609626770020e-01,2.832262516021728516e-01,1.280557550489902496e-02,-7.896289229393005371e-02,-8.628189563751220703e-03,9.485120885074138641e-03,4.251454398036003113e-02,-6.475590914487838745e-02,-2.992773987352848053e-02,7.377786189317703247e-02,2.508406341075897217e-01,-3.451425582170486450e-02,-4.026121273636817932e-02,1.736725308001041412e-02,1.583989523351192474e-02,2.204995229840278625e-02,1.038230117410421371e-02,-1.357658952474594116e-01,2.172294408082962036e-01,9.050919115543365479e-02,7.475544512271881104e-02,2.390151470899581909e-02,1.369317322969436646e-01,3.571605980396270752e-01,2.178974300622940063e-01,-9.386698901653289795e-02,1.623034775257110596e-01,4.450460076332092285e-01,1.304014623165130615e-01,5.194438099861145020e-01,2.401589453220367432e-01,4.408425092697143555e-01,-3.895635530352592468e-02,-4.477388039231300354e-02
3.880273103713989258e-01,3.103162348270416260e-01,1.728602349758148193e-01,2.689980566501617432e-01,3.423981070518493652e-01,4.772952497005462646e-01,2.667787969112396240e-01,1.322973519563674927e-01,2.775463759899139404e-01,5.330460667610168457e-01,9.467614442110061646e-02,3.969631195068359375e-01,9.999997019767761230e-01,-4.768003523349761963e-02,2.367731928825378418e-01,5.168768763542175293e-01,3.372228443622589111e-01,5.380293354392051697e-02,2.793946862220764160e-01,2.251871824264526367e-01,3.333531916141510010e-01,-1.689084619283676147e-02,1.428459733724594116e-01,3.161126002669334412e-02,3.217233121395111084e-01,-1.494369655847549438e-02,2.214922755956649780e-01,3.178777396678924561e-01,2.384543120861053467e-01,2.617981098592281342e-02,7.375805079936981201e-02,-6.293433252722024918e-03,3.207086026668548584e-01,1.614486873149871826e-01,2.109294235706329346e-01,1.317254900932312012e-01,1.166340932250022888e-01,3.913573026657104492e-01,9.785706549882888794e-02,-5.154469981789588928e-02,3.145275115966796875e-01,4.512240588665008545e-01,4.541618824005126953e-01,3.056919872760772705e-01,2.742609083652496338e-01,4.531850516796112061e-01,4.957605618983507156e-03,-4.078284651041030884e-02
2.292378619313240051e-02,-6.666386127471923828e-02,-4.410441815853118896e-01,-4.321210384368896484e-01,-1.260148286819458008e-01,-1.547361016273498535e-01,-1.613888591527938843e-01,7.998995184898376465e-01,1.886311173439025879e-01,-2.579231001436710358e-02,7.418558001518249512e-01,1.346453577280044556e-01,-4.768003523349761963e-02,9.999998211860656738e-01,4.392984509468078613e-01,-1.279749274253845215e-01,-6.518688797950744629e-02,1.112829297780990601e-01,-1.292867660522460938e-01,-1.188470870256423950e-01,-9.930364042520523071e-02,8.006601780652999878e-02,9.291157126426696777e-02,-1.594801247119903564e-01,4.862528741359710693e-01,-1.106178984045982361e-01,-6.192761659622192383e-02,-5.650771856307983398e-01,-3.701923191547393799e-01,-1.386210173368453979e-01,7.579009979963302612e-03,-5.285792797803878784e-02,2.668371498584747314e-01,1.132122725248336792e-01,-3.594264686107635498e-01,-3.975464403629302979e-01,7.643712759017944336e-01,-3.449841588735580444e-02,-3.118652701377868652e-01,-2.936004102230072021e-01,-3.974703326821327209e-02,-6.690995395183563232e-02,-2.785040810704231262e-02,8.218135684728622437e-02,-1.581405252218246460e-01,-8.629751205444335938e-02,-1.773095577955245972e-01,7.728101313114166260e-02
3.118938393890857697e-02,2.294187098741531372e-01,-7.579434663057327271e-02,-3.516513481736183167e-02,7.115229964256286621e-02,1.294233649969100952e-01,6.388811022043228149e-02,4.184266030788421631e-01,5.244752764701843262e-01,4.923115968704223633e-01,5.447310209274291992e-01,6.921885609626770020e-01,2.367731928825378418e-01,4.392984509468078613e-01,1.000000119209289551e+00,1.323470324277877808e-01,2.910250797867774963e-02,-3.826794214546680450e-03,1.666601747274398804e-02,4.520744830369949341e-02,1.617291867733001709e-01,1.212626397609710693e-01,1.416912227869033813e-01,2.503214031457901001e-02,4.739810526371002197e-01,-1.343265771865844727e-01,-1.398758739233016968e-01,-1.647566258907318115e-01,-6.506714969873428345e-02,-1.294327061623334885e-02,2.570707537233829498e-02,-2.182617336511611938e-01,2.046650201082229614e-01,2.338811606168746948e-01,9.749183082021772861e-04,-1.067022234201431274e-01,4.295212924480438232e-01,4.216316640377044678e-01,1.418567895889282227e-01,-4.162421450018882751e-03,5.521469190716743469e-02,3.132883012294769287e-01,1.265093386173248291e-01,5.017701983451843262e-01,1.040372401475906372e-01,3.596884906291961670e-01,-1.307112425565719604e-01,-3.375598043203353882e-02
4.357610344886779785e-01,4.307930171489715576e-01,1.819757372140884399e-01,2.596271038055419922e-01,3.748792707920074463e-01,4.206719398498535156e-01,2.895874381065368652e-01,6.228794157505035400e-02,1.420014053583145142e-01,3.481629788875579834e-01,-9.062826633453369141e-02,2.832262516021728516e-01,5.168768763542175293e-01,-1.279749274253845215e-01,1.323470324277877808e-01,9.999997019767761230e-01,3.040882945060729980e-01,8.823241293430328369e-02,3.642351031303405762e-01,1.294907629489898682e-01,2.224261015653610229e-01,-1.405740529298782349e-01,1.940578669309616089e-01,-1.617411267943680286e-03,1.301945447921752930e-01,1.628883033990859985e-01,2.861241698265075684e-01,3.594819307327270508e-01,2.695089578628540039e-01,1.288779526948928833e-01,5.530072003602981567e-02,5.871140211820602417e-02,3.034112453460693359e-01,3.098574578762054443e-01,3.415845930576324463e-01,2.615793645381927490e-01,8.407933264970779419e-02,5.090653300285339355e-01,5.053972601890563965e-01,1.043084561824798584e-01,3.860136866569519043e-01,4.485594928264617920e-01,2.510542273521423340e-01,2.923415303230285645e-01,3.028405010700225830e-01,3.355216383934020996e-01,8.813279867172241211e-02,-9.127064794301986694e-02
3.695797324180603027e-01,2.256356924772262573e-01,3.078275024890899658e-01,3.500123023986816406e-01,-2.450413256883621216e-02,1.007382385432720184e-02,6.985813379287719727e-01,1.201614812016487122e-01,-1.420864164829254150e-01,1.414285451173782349e-01,-9.877293370664119720e-03,1.280557550489902496e-02,3.372228443622589111e-01,-6.518688797950744629e-02,2.910250797867774963e-02,3.040882945060729980e-01,1.000000119209289551e+00,6.108896136283874512e-01,6.196178793907165527e-01,6.207001209259033203e-01,4.224443435668945312e-01,6.763161718845367432e-02,2.584391534328460693e-01,1.832672208547592163e-01,1.875602751970291138e-01,4.341437816619873047e-01,2.344925850629806519e-01,2.605480849742889404e-01,2.387145310640335083e-01,1.347917467355728149e-01,4.495769441127777100e-01,2.665109336376190186e-01,3.616013526916503906e-01,4.217425882816314697e-01,3.173257410526275635e-01,3.311413824558258057e-01,1.956707090139389038e-01,3.972062170505523682e-01,2.314669936895370483e-01,2.261296361684799194e-01,1.741430312395095825e-01,1.994478255510330200e-01,3.238515257835388184e-01,-8.241077885031700134e-03,2.344948798418045044e-01,2.100257128477096558e-01,3.000726103782653809e-01,-9.074276685714721680e-02
2.073313891887664795e-01,5.729978904128074646e-02,8.566121757030487061e-02,1.077797412872314453e-01,-7.592611759901046753e-02,-1.663680821657180786e-01,4.406258463859558105e-01,1.927917152643203735e-01,-2.155201584100723267e-01,-6.428088992834091187e-02,5.860637500882148743e-02,-7.896289229393005371e-02,5.380293354392051697e-02,1.112829297780990601e-01,-3.826794214546680450e-03,8.823241293430328369e-02,6.108896136283874512e-01,9.999999403953552246e-01,2.557455599308013916e-01,4.144057333469390869e-01,2.974359989166259766e-01,1.361864954233169556e-01,1.126451864838600159e-01,2.013072967529296875e-01,1.238326802849769592e-01,3.522956371307373047e-01,1.177074834704399109e-01,-3.264065086841583252e-02,5.740468949079513550e-02,1.372747868299484253e-01,5.147514343261718750e-01,3.806690573692321777e-01,3.554365932941436768e-01,2.566528320312500000e-01,1.161986887454986572e-01,1.370605826377868652e-01,2.625253498554229736e-01,1.975350081920623779e-01,6.881176680326461792e-02,1.291977465152740479e-01,8.530121296644210815e-02,-1.640690490603446960e-02,1.390769183635711670e-01,-1.400601863861083984e-01,8.974003791809082031e-02,4.504442960023880005e-02,3.281189501285552979e-01,2.163769155740737915e-01
4.116417467594146729e-01,1.932388395071029663e-01,4.166950285434722900e-01,4.355089962482452393e-01,1.116214767098426819e-01,7.605136930942535400e-02,4.512666463851928711e-01,1.034344732761383057e-02,-6.442385166883468628e-02,1.261040568351745605e-01,-7.094662636518478394e-02,-8.628189563751220703e-03,2.793946862220764160e-01,-1.292867660522460938e-01,1.666601747274398804e-02,3.642351031303405762e-01,6.196178793907165527e-01,2.557455599308013916e-01,9.999997615814208984e-01,6.060407161712646484e-01,5.179191231727600098e-01,1.131108924746513367e-01,3.121085166931152344e-01,-2.518279105424880981e-02,1.462642252445220947e-01,1.689105629920959473e-01,1.094564720988273621e-01,3.225675225257873535e-01,2.006832063198089600e-01,-1.519533060491085052e-02,9.182009100914001465e-02,2.333620749413967133e-02,9.787750989198684692e-02,3.400744795799255371e-01,2.824717164039611816e-01,2.560894489288330078e-01,1.319331377744674683e-01,3.220076262950897217e-01,4.306790530681610107e-01,4.205966889858245850e-01,2.117267549037933350e-01,1.083764955401420593e-01,4.171812236309051514e-01,9.732077270746231079e-02,6.595741957426071167e-02,1.817383319139480591e-01,4.337607696652412415e-02,-2.865330576896667480e-01
1.586352735757827759e-01,1.365700513124465942e-01,3.547661602497100830e-01,4.567922353744506836e-01,3.438191488385200500e-02,-3.346036374568939209e-02,5.241599082946777344e-01,-2.947492524981498718e-02,-1.401048302650451660e-01,5.619467049837112427e-02,-3.913503512740135193e-02,9.485120885074138641e-03,2.251871824264526367e-01,-1.188470870256423950e-01,4.520744830369949341e-02,1.294907629489898682e-01,6.207001209259033203e-01,4.144057333469390869e-01,6.060407161712646484e-01,1.000000000000000000e+00,5.596048831939697266e-01,2.331391274929046631e-01,2.517744600772857666e-01,1.645500957965850830e-01,1.225564628839492798e-01,2.317042201757431030e-01,1.534699201583862305e-01,2.326853275299072266e-01,2.920832931995391846e-01,6.603534519672393799e-02,3.251488804817199707e-01,1.767715215682983398e-01,2.200342267751693726e-01,2.552469074726104736e-01,2.866131365299224854e-01,2.186362445354461670e-01,2.954134345054626465e-02,2.636401951313018799e-01,2.383899241685867310e-01,4.226703643798828125e-01,1.281786710023880005e-01,1.260553449392318726e-01,2.888149023056030273e-01,-1.173870731145143509e-02,1.201420500874519348e-01,1.515657007694244385e-01,1.988765895366668701e-01,-1.102395951747894287e-01
1.824162900447845459e-01,1.283233910799026489e-01,2.902641594409942627e-01,3.797834813594818115e-01,1.121798232197761536e-01,9.356772154569625854e-02,2.982581555843353271e-01,-5.512718111276626587e-02,4.416486248373985291e-02,1.355062872171401978e-01,-2.853154577314853668e-02,4.251454398036003113e-02,3.333531916141510010e-01,-9.930364042520523071e-02,1.617291867733001709e-01,2.224261015653610229e-01,4.224443435668945312e-01,2.974359989166259766e-01,5.179191231727600098e-01,5.596048831939697266e-01,1.000000119209289551e+00,5.114278197288513184e-01,4.012362062931060791e-01,1.058229655027389526e-01,1.982447355985641479e-01,-5.705038830637931824e-02,-1.277029700577259064e-02,2.017028778791427612e-01,2.036360502243041992e-01,5.260424222797155380e-03,1.084086373448371887e-01,-2.822510525584220886e-02,1.083382293581962585e-01,2.659358680248260498e-01,3.062677085399627686e-01,1.629778742790222168e-01,5.633289366960525513e-02,3.561205863952636719e-01,3.040055632591247559e-01,4.567014276981353760e-01,1.094919964671134949e-01,6.344272941350936890e-02,3.122819662094116211e-01,1.320543587207794189e-01,-5.199595168232917786e-02,1.698804348707199097e-01,2.359804511070251465e-02,2.729420177638530731e-02
-9.985357522964477539e-02,2.389963343739509583e-02,7.273995131254196167e-02,1.004486978054046631e-01,-3.247939050197601318e-02,-6.869567930698394775e-02,6.041320413351058960e-02,-2.111167833209037781e-02,4.588713496923446655e-02,-2.010221779346466064e-02,9.188902378082275391e-02,-6.475590914487838745e-02,-1.689084619283676147e-02,8.006601780652999878e-02,1.212626397609710693e-01,-1.405740529298782349e-01,6.763161718845367432e-02,1.361864954233169556e-01,1.131108924746513367e-01,2.331391274929046631e-01,5.114278197288513184e-01,1.000000119209289551e+00,2.092689871788024902e-01,1.505602300167083740e-01,1.228139027953147888e-01,-2.033772915601730347e-01,-1.823125481605529785e-01,-3.754862770438194275e-02,-4.307179246097803116e-03,-2.474550902843475342e-02,1.769440621137619019e-01,-2.947000227868556976e-02,-9.828002750873565674e-02,1.661624312400817871e-01,1.799669265747070312e-01,3.677177429199218750e-02,6.642042100429534912e-02,1.477923244237899780e-01,1.066499724984169006e-01,3.700147569179534912e-01,-2.162061072885990143e-02,-6.480393558740615845e-02,8.017254620790481567e-02,7.879426330327987671e-02,-1.052860468626022339e-01,6.067077047191560268e-04,2.170448936522006989e-02,3.489148616790771484e-01
2.006453424692153931e-01,1.205103024840354919e-01,-2.913998998701572418e-02,5.770270898938179016e-02,-4.644086956977844238e-02,-4.321435466408729553e-02,1.006055995821952820e-01,1.290719062089920044e-01,7.158426195383071899e-02,-2.092459984123706818e-02,9.201594442129135132e-02,-2.992773987352848053e-02,1.428459733724594116e-01,9.291157126426696777e-02,1.416912227869033813e-01,1.940578669309616089e-01,2.584391534328460693e-01,1.126451864838600159e-01,3.121085166931152344e-01,2.517744600772857666e-01,4.012362062931060791e-01,2.092689871788024902e-01,1.000000119209289551e+00,3.031074441969394684e-02,2.082157880067825317e-01,-5.860296264290809631e-02,-6.761977076530456543e-02,4.935863986611366272e-02,2.102048397064208984e-01,8.846908062696456909e-02,8.855092525482177734e-02,-1.243813522160053253e-02,1.058322191238403320e-01,3.834656774997711182e-01,1.338570863008499146e-01,1.678479909896850586e-01,1.758483350276947021e-01,3.115720450878143311e-01,2.477325648069381714e-01,3.939908444881439209e-01,1.636314578354358673e-02,9.284466505050659180e-03,2.861430682241916656e-02,1.474771350622177124e-01,-3.334827953949570656e-03,-6.138720363378524780e-02,-7.110147736966609955e-03,4.373498633503913879e-02
-1.223796382546424866e-01,1.588445454835891724e-01,1.757142990827560425e-01,2.769624292850494385e-01,-6.202557589858770370e-03,3.181855194270610809e-03,3.153359293937683105e-01,-2.135307490825653076e-01,-5.742479860782623291e-02,1.673000156879425049e-01,-1.530085504055023193e-01,7.377786189317703247e-02,3.161126002669334412e-02,-1.594801247119903564e-01,2.503214031457901001e-02,-1.617411267943680286e-03,1.832672208547592163e-01,2.013072967529296875e-01,-2.518279105424880981e-02,1.645500957965850830e-01,1.058229655027389526e-01,1.505602300167083740e-01,3.031074441969394684e-02,9.999999403953552246e-01,-1.134098768234252930e-01,2.315455228090286255e-01,-1.056138724088668823e-01,9.205828607082366943e-02,1.503594517707824707e-01,1.785740107297897339e-01,5.496091246604919434e-01,4.950948953628540039e-01,4.732663184404373169e-02,8.442524075508117676e-02,1.909427344799041748e-01,4.177494049072265625e-01,-1.389745771884918213e-01,1.479974985122680664e-01,6.758617609739303589e-02,2.658273279666900635e-01,9.733297675848007202e-02,2.268459945917129517e-01,5.067012086510658264e-02,1.162829156965017319e-02,2.841791212558746338e-01,2.220793813467025757e-01,7.567420601844787598e-01,4.238606095314025879e-01
4.026911854743957520e-01,8.588159829378128052e-02,-1.473540160804986954e-02,-1.817025989294052124e-02,9.572616964578628540e-02,1.317455768585205078e-01,8.934451639652252197e-02,5.606352090835571289e-01,2.505142986774444580e-01,2.294632494449615479e-01,4.972839355468750000e-01,2.508406341075897217e-01,3.217233121395111084e-01,4.862528741359710693e-01,4.739810526371002197e-01,1.301945447921752930e-01,1.875602751970291138e-01,1.238326802849769592e-01,1.462642252445220947e-01,1.225564628839492798e-01,1.982447355985641479e-01,1.228139027953147888e-01,2.082157880067825317e-01,-1.134098768234252930e-01,9.999997019767761230e-01,-6.197112426161766052e-02,1.753773242235183716e-01,-2.072437293827533722e-02,2.669951319694519043e-02,-1.142209544777870178e-01,6.097513064742088318e-02,-1.507936883717775345e-02,4.879198074340820312e-01,3.600671589374542236e-01,-4.632122442126274109e-02,-7.818316668272018433e-02,5.803297758102416992e-01,2.662139236927032471e-01,-1.292073875665664673e-01,-4.514413699507713318e-02,2.137360349297523499e-02,1.449957787990570068e-01,3.464610278606414795e-01,1.909572482109069824e-01,5.220996215939521790e-02,2.172313630580902100e-01,-1.398008912801742554e-01,4.361005872488021851e-02
4.484298825263977051e-02,1.466174721717834473e-01,3.203747570514678955e-01,1.790174543857574463e-01,-1.599516421556472778e-01,-1.747372448444366455e-01,5.399370193481445312e-01,-1.653401367366313934e-02,-2.662055492401123047e-01,9.304395318031311035e-02,-1.227744370698928833e-01,-3.451425582170486450e-02,-1.494369655847549438e-02,-1.106178984045982361e-01,-1.343265771865844727e-01,1.628883033990859985e-01,4.341437816619873047e-01,3.522956371307373047e-01,1.689105629920959473e-01,2.317042201757431030e-01,-5.705038830637931824e-02,-2.033772915601730347e-01,-5.860296264290809631e-02,2.315455228090286255e-01,-6.197112426161766052e-02,9.999995231628417969e-01,2.581744194030761719e-01,4.273280501365661621e-02,1.544269621372222900e-01,1.570545583963394165e-01,4.257459938526153564e-01,4.188877642154693604e-01,3.394932150840759277e-01,1.940765827894210815e-01,1.542593836784362793e-01,2.536786496639251709e-01,-3.113816259428858757e-03,1.080987304449081421e-01,8.702944219112396240e-02,2.797209843993186951e-02,1.597347408533096313e-01,2.303633987903594971e-01,9.806081652641296387e-02,-1.906959414482116699e-01,3.543423712253570557e-01,1.805463135242462158e-01,4.417971372604370117e-01,4.111215006560087204e-03
3.311162292957305908e-01,2.338066697120666504e-01,1.109569296240806580e-01,7.754970341920852661e-02,1.873723715543746948e-01,2.281039059162139893e-01,1.935487687587738037e-01,1.753161102533340454e-01,-2.470004372298717499e-02,3.588037192821502686e-02,1.746122911572456360e-02,-4.026121273636817932e-02,2.214922755956649780e-01,-6.192761659622192383e-02,-1.398758739233016968e-01,2.861241698265075684e-01,2.344925850629806519e-01,1.177074834704399109e-01,1.094564720988273621e-01,1.534699201583862305e-01,-1.277029700577259064e-02,-1.823125481605529785e-01,-6.761977076530456543e-02,-1.056138724088668823e-01,1.753773242235183716e-01,2.581744194030761719e-01,9.999999403953552246e-01,3.882010877132415771e-01,2.937731742858886719e-01,8.380252122879028320e-02,8.519463986158370972e-02,1.364608108997344971e-01,4.986908435821533203e-01,1.356579661369323730e-01,3.033307939767837524e-02,1.586981266736984253e-01,8.607386797666549683e-02,6.775081902742385864e-02,-1.502138078212738037e-01,-1.199244037270545959e-01,3.286714553833007812e-01,1.668222248554229736e-01,1.454356610774993896e-01,-7.063610106706619263e-02,1.767708510160446167e-01,6.001332774758338928e-02,2.894668467342853546e-02,-8.295493572950363159e-02
4.148099720478057861e-01,2.698461413383483887e-01,4.679028391838073730e-01,5.713410377502441406e-01,3.614093959331512451e-01,3.955726623535156250e-01,3.046419322490692139e-01,-4.104584157466888428e-01,-6.896141171455383301e-02,2.216956019401550293e-01,-4.535424411296844482e-01,1.736725308001041412e-02,3.178777396678924561e-01,-5.650771856307983398e-01,-1.647566258907318115e-01,3.594819307327270508e-01,2.605480849742889404e-01,-3.264065086841583252e-02,3.225675225257873535e-01,2.326853275299072266e-01,2.017028778791427612e-01,-3.754862770438194275e-02,4.935863986611366272e-02,9.205828607082366943e-02,-2.072437293827533722e-02,4.273280501365661621e-02,3.882010877132415771e-01,9.999997019767761230e-01,5.534604787826538086e-01,1.266503706574440002e-02,1.153087802231311798e-02,2.244359068572521210e-02,8.743560872972011566e-03,1.374908387660980225e-01,3.526713252067565918e-01,4.540351331233978271e-01,-3.752317726612091064e-01,2.965913116931915283e-01,2.724562287330627441e-01,2.847152352333068848e-01,2.504292130470275879e-01,2.301725149154663086e-01,2.786644399166107178e-01,4.447963088750839233e-02,2.245811372995376587e-01,1.841363757848739624e-01,8.977419137954711914e-02,-1.574486345052719116e-01
1.949217915534973145e-01,2.443737983703613281e-01,2.879203855991363525e-01,4.682760834693908691e-01,1.118967607617378235e-01,2.728657126426696777e-01,2.769966423511505127e-01,-2.688925862312316895e-01,-1.351296901702880859e-01,1.439010053873062134e-01,-3.076226711273193359e-01,1.583989523351192474e-02,2.384543120861053467e-01,-3.701923191547393799e-01,-6.506714969873428345e-02,2.695089578628540039e-01,2.387145310640335083e-01,5.740468949079513550e-02,2.006832063198089600e-01,2.920832931995391846e-01,2.036360502243041992e-01,-4.307179246097803116e-03,2.102048397064208984e-01,1.503594517707824707e-01,2.669951319694519043e-02,1.544269621372222900e-01,2.937731742858886719e-01,5.534604787826538086e-01,1.000000000000000000e+00,2.637262940406799316e-01,1.704660207033157349e-01,8.129660040140151978e-02,1.831295788288116455e-01,2.379408180713653564e-01,3.340542614459991455e-01,3.499136269092559814e-01,-2.188552618026733398e-01,3.490849137306213379e-01,2.014294266700744629e-01,2.634172141551971436e-01,1.305429786443710327e-01,3.132886588573455811e-01,1.857372075319290161e-01,-1.002987753599882126e-02,3.864349126815795898e-01,1.862195581197738647e-01,9.587799012660980225e-02,-7.375610619783401489e-02
-1.357306838035583496e-01,1.805070489645004272e-01,1.964233582839369774e-03,5.220706015825271606e-02,-9.751162678003311157e-02,1.086222007870674133e-02,1.656818836927413940e-01,-1.331049054861068726e-01,-1.047997176647186279e-01,4.774581268429756165e-02,-1.504304409027099609e-01,2.204995229840278625e-02,2.617981098592281342e-02,-1.386210173368453979e-01,-1.294327061623334885e-02,1.288779526948928833e-01,1.347917467355728149e-01,1.372747868299484253e-01,-1.519533060491085052e-02,6.603534519672393799e-02,5.260424222797155380e-03,-2.474550902843475342e-02,8.846908062696456909e-02,1.785740107297897339e-01,-1.142209544777870178e-01,1.570545583963394165e-01,8.380252122879028320e-02,1.266503706574440002e-02,2.637262940406799316e-01,1.000000238418579102e+00,2.989703416824340820e-01,9.627789258956909180e-02,1.079728305339813232e-01,1.667992621660232544e-01,1.521094590425491333e-01,1.696991473436355591e-01,-1.133700981736183167e-01,1.774212867021560669e-01,8.771026134490966797e-02,-2.006095647811889648e-02,1.302228420972824097e-01,2.159712165594100952e-01,-6.423176825046539307e-02,6.961910426616668701e-02,2.160971462726593018e-01,1.032209992408752441e-01,1.515016853809356689e-01,1.475056856870651245e-01
7.991198450326919556e-03,2.727413177490234375e-01,4.701429232954978943e-02,1.884808540344238281e-01,-4.112123325467109680e-02,-1.746125705540180206e-02,5.057762265205383301e-01,2.351257577538490295e-02,-1.093525588512420654e-01,1.194183155894279480e-01,1.782738044857978821e-02,1.038230117410421371e-02,7.375805079936981201e-02,7.579009979963302612e-03,2.570707537233829498e-02,5.530072003602981567e-02,4.495769441127777100e-01,5.147514343261718750e-01,9.182009100914001465e-02,3.251488804817199707e-01,1.084086373448371887e-01,1.769440621137619019e-01,8.855092525482177734e-02,5.496091246604919434e-01,6.097513064742088318e-02,4.257459938526153564e-01,8.519463986158370972e-02,1.153087802231311798e-02,1.704660207033157349e-01,2.989703416824340820e-01,9.999998211860656738e-01,6.837246417999267578e-01,2.865190207958221436e-01,2.660364210605621338e-01,2.071245312690734863e-01,2.515065968036651611e-01,5.921435728669166565e-02,2.778027653694152832e-01,5.457783490419387817e-02,1.651164591312408447e-01,2.372702956199645996e-01,2.551631331443786621e-01,1.726784706115722656e-01,1.190634351223707199e-02,3.337513506412506104e-01,2.665461003780364990e-01,6.193781495094299316e-01,3.723764121532440186e-01
8.208646625280380249e-02,1.491244584321975708e-01,1.030230298638343811e-01,1.430190652608871460e-01,1.494730263948440552e-02,-5.563548207283020020e-02,3.256175220012664795e-01,-2.037111110985279083e-02,-1.777916848659515381e-01,9.673992462921887636e-05,-6.463247537612915039e-02,-1.357658952474594116e-01,-6.293433252722024918e-03,-5.285792797803878784e-02,-2.182617336511611938e-01,5.871140211820602417e-02,2.665109336376190186e-01,3.806690573692321777e-01,2.333620749413967133e-02,1.767715215682983398e-01,-2.822510525584220886e-02,-2.947000227868556976e-02,-1.243813522160053253e-02,4.950948953628540039e-01,-1.507936883717775345e-02,4.188877642154693604e-01,1.364608108997344971e-01,2.244359068572521210e-02,8.129660040140151978e-02,9.627789258956909180e-02,6.837246417999267578e-01,9.999997615814208984e-01,2.886276841163635254e-01,1.355502754449844360e-01,6.806298345327377319e-02,2.082566022872924805e-01,8.524012751877307892e-03,6.709331274032592773e-02,-1.033054012805223465e-02,8.474231511354446411e-02,2.068909257650375366e-01,1.417395919561386108e-01,1.392911821603775024e-01,-1.381464898586273193e-01,2.144363224506378174e-01,1.157045736908912659e-01,6.952479481697082520e-01,4.592757225036621094e-01
3.370718657970428467e-01,2.687954604625701904e-01,8.210242376662790775e-04,2.110875397920608521e-02,3.250513598322868347e-02,8.521333336830139160e-02,2.888055741786956787e-01,4.696184098720550537e-01,1.056884974241256714e-01,2.277380675077438354e-01,2.965057194232940674e-01,2.172294408082962036e-01,3.207086026668548584e-01,2.668371498584747314e-01,2.046650201082229614e-01,3.034112453460693359e-01,3.616013526916503906e-01,3.554365932941436768e-01,9.787750989198684692e-02,2.200342267751693726e-01,1.083382293581962585e-01,-9.828002750873565674e-02,1.058322191238403320e-01,4.732663184404373169e-02,4.879198074340820312e-01,3.394932150840759277e-01,4.986908435821533203e-01,8.743560872972011566e-03,1.831295788288116455e-01,1.079728305339813232e-01,2.865190207958221436e-01,2.886276841163635254e-01,1.000000119209289551e+00,4.044142961502075195e-01,2.273450605571269989e-02,2.298433706164360046e-02,4.216083288192749023e-01,2.537863850593566895e-01,-8.654057234525680542e-02,-1.365112960338592529e-01,2.189203798770904541e-01,3.140125870704650879e-01,1.846006512641906738e-01,3.290070593357086182e-02,2.598345279693603516e-01,2.034286409616470337e-01,1.558965593576431274e-01,9.340152889490127563e-02
