9.999997615814208984e-01,6.123406887054443359e-01,5.200669169425964355e-01,4.007785022258758545e-01,4.431871771812438965e-01,3.273174762725830078e-01,3.316535353660583496e-01,1.641631722450256348e-01,3.512459099292755127e-01,2.287186682224273682e-01,1.646604984998703003e-01,4.901839494705200195e-01,2.168983519077301025e-01,3.881906569004058838e-01,3.782318234443664551e-01,4.516262114048004150e-01,1.847261339426040649e-01,1.927491128444671631e-01,2.115037739276885986e-01,7.880379259586334229e-02,1.370442211627960205e-01
6.123406887054443359e-01,1.000000119209289551e+00,1.973416805267333984e-01,6.686007231473922729e-02,1.952376812696456909e-01,3.331350684165954590e-01,1.310739070177078247e-01,3.531285524368286133e-01,2.879004776477813721e-01,3.336006402969360352e-01,1.493728756904602051e-01,5.316134914755821228e-02,5.978582799434661865e-02,7.730760425329208374e-02,5.259549245238304138e-02,1.827159374952316284e-01,-3.686059964820742607e-03,-2.439936064183712006e-02,3.063649311661720276e-02,-5.351987481117248535e-02,7.902932912111282349e-02
5.200669169425964355e-01,1.973416805267333984e-01,9.999997019767761230e-01,6.329047083854675293e-01,5.664962530136108398e-01,3.023419082164764404e-01,3.719800710678100586e-01,1.207925602793693542e-01,3.043932020664215088e-01,7.481693476438522339e-02,1.314098387956619263e-01,4.692457318305969238e-01,1.087705641984939575e-01,6.667230725288391113e-01,6.057827472686767578e-01,6.571661233901977539e-01,2.709316313266754150e-01,3.446979820728302002e-01,2.615638375282287598e-01,2.354521006345748901e-01,7.764152437448501587e-02
4.007785022258758545e-01,6.686007231473922729e-02,6.329047083854675293e-01,1.000000119209289551e+00,6.305623054504394531e-01,3.633509874343872070e-01,4.964817464351654053e-01,1.653172522783279419e-01,3.535398840904235840e-01,1.412185132503509521e-01,7.747042924165725708e-02,5.046434402465820312e-01,2.250454127788543701e-01,4.897477030754089355e-01,7.905854582786560059e-01,5.972118377685546875e-01,4.175975322723388672e-01,4.744707047939300537e-01,5.007120966911315918e-01,3.032495677471160889e-01,7.623340934514999390e-02
4.431871771812438965e-01,1.952376812696456909e-01,5.664962530136108398e-01,6.305623054504394531e-01,9.999997615814208984e-01,4.402120709419250488e-01,5.203624963760375977e-01,1.593500524759292603e-01,3.028201162815093994e-01,1.534841060638427734e-01,1.515245288610458374e-01,4.064687490463256836e-01,1.519548743963241577e-01,3.818057477474212646e-01,5.849213600158691406e-01,5.993652343750000000e-01,4.170041680335998535e-01,4.310445785522460938e-01,2.858757376670837402e-01,1.924240440130233765e-01,4.246676340699195862e-02
3.273174762725830078e-01,3.331350684165954590e-01,3.023419082164764404e-01,3.633509874343872070e-01,4.402120709419250488e-01,9.999995827674865723e-01,4.867560565471649170e-01,2.919545173645019531e-01,3.205297589302062988e-01,2.660631239414215088e-01,1.224016398191452026e-01,1.420196294784545898e-01,3.558750450611114502e-02,1.463660001754760742e-01,2.483351081609725952e-01,3.154664635658264160e-01,3.637343943119049072e-01,2.606517076492309570e-01,1.988554447889328003e-01,8.801297843456268311e-02,1.064221933484077454e-01
3.316535353660583496e-01,1.310739070177078247e-01,3.719800710678100586e-01,4.964817464351654053e-01,5.203624963760375977e-01,4.867560565471649170e-01,1.000000238418579102e+00,1.241339296102523804e-01,3.267267942428588867e-01,1.021253913640975952e-01,-6.099937949329614639e-03,2.836446166038513184e-01,1.231537610292434692e-01,1.605184227228164673e-01,4.180931746959686279e-01,3.841961622238159180e-01,5.060455799102783203e-01,4.310431182384490967e-01,2.335842847824096680e-01,1.740402430295944214e-01,8.192535489797592163e-02
1.641631722450256348e-01,3.531285524368286133e-01,1.207925602793693542e-01,1.653172522783279419e-01,1.593500524759292603e-01,2.919545173645019531e-01,1.241339296102523804e-01,1.000000000000000000e+00,1.748441010713577271e-01,1.715983748435974121e-01,2.141930609941482544e-01,2.345912158489227295e-01,3.328703939914703369e-01,2.146160602569580078e-01,1.285034418106079102e-01,1.746469289064407349e-01,1.297622323036193848e-01,1.046245638281106949e-02,3.211519420146942139e-01,1.020037010312080383e-01,1.793302744626998901e-01
3.512459099292755127e-01,2.879004776477813721e-01,3.043932020664215088e-01,3.535398840904235840e-01,3.028201162815093994e-01,3.205297589302062988e-01,3.267267942428588867e-01,1.748441010713577271e-01,1.000000238418579102e+00,4.353876709938049316e-01,3.314957395195960999e-02,6.686588376760482788e-02,-3.848604485392570496e-02,1.873468607664108276e-01,3.244527876377105713e-01,2.743882536888122559e-01,2.370618730783462524e-01,2.186638265848159790e-01,2.623597681522369385e-01,2.611370086669921875e-01,1.198413297533988953e-01
2.287186682224273682e-01,3.336006402969360352e-01,7.481693476438522339e-02,1.412185132503509521e-01,1.534841060638427734e-01,2.660631239414215088e-01,1.021253913640975952e-01,1.715983748435974121e-01,4.353876709938049316e-01,1.000000357627868652e+00,1.041447296738624573e-01,-7.433205842971801758e-02,-1.053418144583702087e-01,1.655881060287356377e-03,8.567716181278228760e-02,1.204585209488868713e-01,-1.102983299642801285e-02,2.372002601623535156e-02,1.875991672277450562e-01,1.229059472680091858e-01,1.185894310474395752e-01
1.646604984998703003e-01,1.493728756904602051e-01,1.314098387956619263e-01,7.747042924165725708e-02,1.515245288610458374e-01,1.224016398191452026e-01,-6.099937949329614639e-03,2.141930609941482544e-01,3.314957395195960999e-02,1.041447296738624573e-01,1.000000357627868652e+00,8.443251252174377441e-02,4.212294518947601318e-02,1.930295825004577637e-01,8.632890135049819946e-02,8.087691664695739746e-02,2.186369895935058594e-02,3.099525161087512970e-02,5.271782353520393372e-02,1.491058617830276489e-01,3.148229420185089111e-01
4.901839494705200195e-01,5.316134914755821228e-02,4.692457318305969238e-01,5.046434402465820312e-01,4.064687490463256836e-01,1.420196294784545898e-01,2.836446166038513184e-01,2.345912158489227295e-01,6.686588376760482788e-02,-7.433205842971801758e-02,8.443251252174377441e-02,1.000000476837158203e+00,6.539304256439208984e-01,5.410921573638916016e-01,5.162844657897949219e-01,4.854299426078796387e-01,3.172559440135955811e-01,3.271852135658264160e-01,3.737128973007202148e-01,1.230098232626914978e-01,1.398924440145492554e-01
2.168983519077301025e-01,5.978582799434661865e-02,1.087705641984939575e-01,2.250454127788543701e-01,1.519548743963241577e-01,3.558750450611114502e-02,1.231537610292434692e-01,3.328703939914703369e-01,-3.848604485392570496e-02,-1.053418144583702087e-01,4.212294518947601318e-02,6.539304256439208984e-01,1.000000238418579102e+00,2.748218774795532227e-01,2.531722187995910645e-01,1.542741060256958008e-01,1.803447902202606201e-01,1.594448387622833252e-01,3.519076406955718994e-01,1.050144061446189880e-01,6.232024356722831726e-02
3.881906569004058838e-01,7.730760425329208374e-02,6.667230725288391113e-01,4.897477030754089355e-01,3.818057477474212646e-01,1.463660001754760742e-01,1.605184227228164673e-01,2.146160602569580078e-01,1.873468607664108276e-01,1.655881060287356377e-03,1.930295825004577637e-01,5.410921573638916016e-01,2.748218774795532227e-01,9.999992847442626953e-01,5.433684587478637695e-01,5.696061849594116211e-01,2.076337337493896484e-01,2.424260675907135010e-01,2.572895884513854980e-01,2.008091062307357788e-01,9.186381846666336060e-02
3.782318234443664551e-01,5.259549245238304138e-02,6.057827472686767578e-01,7.905854582786560059e-01,5.849213600158691406e-01,2.483351081609725952e-01,4.180931746959686279e-01,1.285034418106079102e-01,3.244527876377105713e-01,8.567716181278228760e-02,8.632890135049819946e-02,5.162844657897949219e-01,2.531722187995910645e-01,5.433684587478637695e-01,9.999997615814208984e-01,6.216948628425598145e-01,3.846092224121093750e-01,4.371619820594787598e-01,4.290523529052734375e-01,2.836561203002929688e-01,3.076558746397495270e-02
4.516262114048004150e-01,1.827159374952316284e-01,6.571661233901977539e-01,5.972118377685546875e-01,5.993652343750000000e-01,3.154664635658264160e-01,3.841961622238159180e-01,1.746469289064407349e-01,2.743882536888122559e-01,1.204585209488868713e-01,8.087691664695739746e-02,4.854299426078796387e-01,1.542741060256958008e-01,5.696061849594116211e-01,6.216948628425598145e-01,9.999997019767761230e-01,3.347886204719543457e-01,3.874336779117584229e-01,1.856792271137237549e-01,1.791109293699264526e-01,1.504220217466354370e-01
1.847261339426040649e-01,-3.686059964820742607e-03,2.709316313266754150e-01,4.175975322723388672e-01,4.170041680335998535e-01,3.637343943119049072e-01,5.060455799102783203e-01,1.297622323036193848e-01,2.370618730783462524e-01,-1.102983299642801285e-02,2.186369895935058594e-02,3.172559440135955811e-01,1.803447902202606201e-01,2.076337337493896484e-01,3.846092224121093750e-01,3.347886204719543457e-01,1.000000238418579102e+00,5.476058125495910645e-01,2.190266996622085571e-01,3.244190812110900879e-01,1.912719309329986572e-01
1.927491128444671631e-01,-2.439936064183712006e-02,3.446979820728302002e-01,4.744707047939300537e-01,4.310445785522460938e-01,2.606517076492309570e-01,4.310431182384490967e-01,1.046245638281106949e-02,2.186638265848159790e-01,2.372002601623535156e-02,3.099525161087512970e-02,3.271852135658264160e-01,1.594448387622833252e-01,2.424260675907135010e-01,4.371619820594787598e-01,3.874336779117584229e-01,5.476058125495910645e-01,1.000000715255737305e+00,2.286716252565383911e-01,2.975566089153289795e-01,7.409341167658567429e-03
2.115037739276885986e-01,3.063649311661720276e-02,2.615638375282287598e-01,5.007120966911315918e-01,2.858757376670837402e-01,1.988554447889328003e-01,2.335842847824096680e-01,3.211519420146942139e-01,2.623597681522369385e-01,1.875991672277450562e-01,5.271782353520393372e-02,3.737128973007202148e-01,3.519076406955718994e-01,2.572895884513854980e-01,4.290523529052734375e-01,1.856792271137237549e-01,2.190266996622085571e-01,2.286716252565383911e-01,1.000000000000000000e+00,3.133885860443115234e-01,-2.600621432065963745e-02
7.880379259586334229e-02,-5.351987481117248535e-02,2.354521006345748901e-01,3.032495677471160889e-01,1.924240440130233765e-01,8.801297843456268311e-02,1.740402430295944214e-01,1.020037010312080383e-01,2.611370086669921875e-01,1.229059472680091858e-01,1.491058617830276489e-01,1.230098232626914978e-01,1.050144061446189880e-01,2.008091062307357788e-01,2.836561203002929688e-01,1.791109293699264526e-01,3.244190812110900879e-01,2.975566089153289795e-01,3.133885860443115234e-01,9.999999403953552246e-01,1.361384540796279907e-01
1.370442211627960205e-01,7.902932912111282349e-02,7.764152437448501587e-02,7.623340934514999390e-02,4.246676340699195862e-02,1.064221933484077454e-01,8.192535489797592163e-02,1.793302744626998901e-01,1.198413297533988953e-01,1.185894310474395752e-01,3.148229420185089111e-01,1.398924440145492554e-01,6.232024356722831726e-02,9.186381846666336060e-02,3.076558746397495270e-02,1.504220217466354370e-01,1.912719309329986572e-01,7.409341167658567429e-03,-2.600621432065963745e-02,1.361384540796279907e-01,9.999995827674865723e-01
