9.999998211860656738e-01,-8.517991751432418823e-02,3.977227509021759033e-01,1.569688022136688232e-01,5.066634416580200195e-01,4.734749719500541687e-02,-2.793683111667633057e-01,1.062993630766868591e-01,2.743050828576087952e-02,-1.600456424057483673e-02,1.395587772130966187e-01,3.488622233271598816e-02,2.389596402645111084e-02,-3.074682690203189850e-02,-5.573778226971626282e-02,-4.704596474766731262e-02,-2.072791457176208496e-01,-3.147568404674530029e-01,2.854226827621459961e-01,-4.690337181091308594e-02,4.117211699485778809e-02,5.794502422213554382e-02,1.640845388174057007e-01,-2.847127616405487061e-01,1.851014643907546997e-01,-2.822525799274444580e-01,1.221104338765144348e-01,6.153718829154968262e-01,2.007687687873840332e-01,-3.080409467220306396e-01,-3.436303138732910156e-01,-2.846264541149139404e-01,2.492226362228393555e-01,-1.056188941001892090e-01,3.995350748300552368e-02,-2.037419080734252930e-01,-4.059588909149169922e-02,-1.874490380287170410e-01,-2.229369431734085083e-01,-6.078524515032768250e-02,1.878904700279235840e-01,-8.160475641489028931e-02,2.066354500129818916e-03,-1.735037006437778473e-02,-1.196407079696655273e-01,-4.548700898885726929e-02,-2.834628820419311523e-01,1.118470132350921631e-01
-8.517991751432418823e-02,9.999998211860656738e-01,8.202584832906723022e-02,1.999052911996841431e-01,2.241858541965484619e-01,5.752860382199287415e-02,2.894321978092193604e-01,-4.772025346755981445e-02,2.275597602128982544e-01,2.715794444084167480e-01,1.345971673727035522e-01,3.997581005096435547e-01,1.445321142673492432e-01,7.493162900209426880e-02,4.158770740032196045e-01,1.760721206665039062e-01,6.798395514488220215e-02,3.469860255718231201e-01,-3.318029046058654785e-01,-5.794506892561912537e-02,1.208350248634815216e-02,-2.046851515769958496e-01,-7.601020485162734985e-02,2.734196782112121582e-01,-1.176911056973040104e-03,2.408502250909805298e-01,2.795572876930236816e-01,5.737574398517608643e-02,1.908291429281234741e-01,1.885059624910354614e-01,1.177467331290245056e-01,5.853866040706634521e-02,2.908566892147064209e-01,2.165621817111968994e-01,8.751400560140609741e-02,2.334063351154327393e-01,-4.448946565389633179e-02,4.204740822315216064e-01,8.108790032565593719e-03,1.467628870159387589e-02,5.587231516838073730e-01,5.107683539390563965e-01,-2.227821052074432373e-01,4.546580910682678223e-01,6.153838038444519043e-01,1.314167231321334839e-01,2.012251615524291992e-01,-8.690477162599563599e-02
3.977227509021759033e-01,8.202584832906723022e-02,1.000000596046447754e+00,4.938958287239074707e-01,2.771072089672088623e-01,1.582943648099899292e-01,1.419873833656311035e-01,-4.030343517661094666e-02,-8.267635107040405273e-02,2.509929612278938293e-02,-9.907019138336181641e-02,4.660808295011520386e-02,1.746224239468574524e-02,-2.122554369270801544e-02,4.529283195734024048e-02,-1.072209328413009644e-01,7.676515728235244751e-03,-1.087570637464523315e-01,1.675098538398742676e-01,7.486277818679809570e-02,8.366743475198745728e-02,1.753182113170623779e-01,4.173775017261505127e-02,-1.082866191864013672e-01,1.087480857968330383e-01,2.473769010975956917e-03,2.095026150345802307e-02,5.202904939651489258e-01,3.482097983360290527e-01,1.294355932623147964e-02,-4.256097599864006042e-02,-9.980247169733047485e-02,-6.274509429931640625e-02,4.662403371185064316e-03,5.817811563611030579e-02,-6.096250936388969421e-02,1.037173625081777573e-02,-3.402918344363570213e-03,-2.256169617176055908e-01,-1.559939384460449219e-01,1.520775407552719116e-01,1.074537355452775955e-02,1.098956316709518433e-01,-6.873413175344467163e-02,4.697023704648017883e-02,3.022242709994316101e-02,-1.252846270799636841e-01,8.636280149221420288e-02
1.569688022136688232e-01,1.999052911996841431e-01,4.938958287239074707e-01,9.999998211860656738e-01,2.340605705976486206e-01,4.706183373928070068e-01,4.195284545421600342e-01,-1.625213623046875000e-01,-2.119542658329010010e-02,1.719011217355728149e-01,-1.539008170366287231e-01,3.908971324563026428e-02,-1.083347648382186890e-01,1.842725090682506561e-02,1.742131263017654419e-02,-1.828806549310684204e-01,1.294567435979843140e-01,1.619455069303512573e-01,-9.504080563783645630e-02,9.000015258789062500e-02,-1.739615574479103088e-02,3.295630961656570435e-02,-1.863142699003219604e-01,-1.645906083285808563e-02,2.279913723468780518e-01,1.927230954170227051e-01,1.410142928361892700e-01,3.253332972526550293e-01,3.957941830158233643e-01,1.087793856859207153e-01,5.859369412064552307e-02,-1.319038029760122299e-02,-1.478189975023269653e-01,-1.359681189060211182e-01,4.929558560252189636e-02,-9.310435503721237183e-02,-1.118436008691787720e-01,5.588904023170471191e-02,-1.273124516010284424e-01,-3.078667819499969482e-01,1.749191731214523315e-01,1.865967661142349243e-01,-6.575311417691409588e-04,-7.952372729778289795e-02,2.578400373458862305e-01,1.599252372980117798e-01,-1.866376399993896484e-02,-5.059508979320526123e-02
5.066634416580200195e-01,2.241858541965484619e-01,2.771072089672088623e-01,2.340605705976486206e-01,9.999998211860656738e-01,1.499332487583160400e-01,-4.633152857422828674e-02,4.696924984455108643e-02,1.779254227876663208e-01,1.044869497418403625e-01,2.369204759597778320e-01,1.690290123224258423e-01,1.126001179218292236e-01,1.378604471683502197e-01,7.559496909379959106e-02,3.169557824730873108e-02,-1.155629754066467285e-01,-1.397848129272460938e-01,9.925124794244766235e-02,8.854752779006958008e-02,2.318558096885681152e-01,-1.131636574864387512e-01,7.230132818222045898e-02,-1.645465344190597534e-01,-1.113503612577915192e-02,-2.179148793220520020e-02,1.375423818826675415e-01,3.003495037555694580e-01,1.792123615741729736e-01,-1.613909304141998291e-01,-2.777715027332305908e-01,-2.044293731451034546e-01,2.772287428379058838e-01,-9.395989775657653809e-02,-1.630417630076408386e-02,-1.203150078654289246e-01,5.600811913609504700e-02,-3.787185996770858765e-02,-1.795487701892852783e-01,6.667672842741012573e-02,4.043678641319274902e-01,1.798063069581985474e-01,-6.639827042818069458e-03,2.365148812532424927e-01,7.019819319248199463e-02,8.057382702827453613e-02,-1.352324038743972778e-01,-3.221302852034568787e-02
4.734749719500541687e-02,5.752860382199287415e-02,1.582943648099899292e-01,4.706183373928070068e-01,1.499332487583160400e-01,9.999999403953552246e-01,3.147495388984680176e-01,-3.981193900108337402e-02,9.461742639541625977e-02,1.903237700462341309e-01,-5.935547500848770142e-02,5.822904035449028015e-02,1.470937300473451614e-02,2.598100528120994568e-02,-2.832851558923721313e-02,-9.426990523934364319e-03,4.191183298826217651e-02,4.012886062264442444e-02,-6.517990957945585251e-03,4.864090681076049805e-02,2.073454484343528748e-02,-5.354724451899528503e-02,-2.886248528957366943e-01,-1.406723111867904663e-01,1.392362862825393677e-01,4.693129099905490875e-03,1.446479856967926025e-01,1.542187035083770752e-01,2.779970765113830566e-01,3.178239613771438599e-02,-4.829502850770950317e-02,-1.123123839497566223e-01,-6.528580933809280396e-02,-1.278714239597320557e-01,-6.929571181535720825e-02,-2.337158322334289551e-01,1.003899518400430679e-02,-4.211584106087684631e-02,-2.042949385941028595e-02,-3.296009302139282227e-01,8.996572345495223999e-02,2.789592146873474121e-01,2.045424431562423706e-01,-3.461365588009357452e-03,1.002344638109207153e-01,2.572364211082458496e-01,-8.134301006793975830e-02,-1.728943139314651489e-01
-2.793683111667633057e-01,2.894321978092193604e-01,1.419873833656311035e-01,4.195284545421600342e-01,-4.633152857422828674e-02,3.147495388984680176e-01,1.000000238418579102e+00,-1.176194623112678528e-01,4.571134597063064575e-02,1.932705342769622803e-01,-9.398948401212692261e-02,1.779089719057083130e-01,-4.866722505539655685e-03,1.376284565776586533e-02,1.245091482996940613e-01,2.026396431028842926e-02,4.826758801937103271e-01,3.916335999965667725e-01,-1.767766326665878296e-01,1.095481514930725098e-01,-3.751352056860923767e-02,-7.122442871332168579e-02,-2.004821300506591797e-01,1.799957007169723511e-01,9.230054914951324463e-02,3.483589887619018555e-01,6.203012540936470032e-02,-7.897444069385528564e-02,1.275806427001953125e-01,2.205639928579330444e-01,2.579788565635681152e-01,8.506006002426147461e-02,-5.605547502636909485e-02,-1.231324207037687302e-02,-2.188432263210415840e-03,1.347585767507553101e-01,-4.221638664603233337e-02,1.848174780607223511e-01,1.004546359181404114e-01,-1.591061353683471680e-01,5.403385683894157410e-02,3.997641801834106445e-01,1.415944546461105347e-01,1.176332533359527588e-01,3.499755859375000000e-01,3.411591053009033203e-01,1.462136059999465942e-01,-1.619814634323120117e-01
1.062993630766868591e-01,-4.772025346755981445e-02,-4.030343517661094666e-02,-1.625213623046875000e-01,4.696924984455108643e-02,-3.981193900108337402e-02,-1.176194623112678528e-01,1.000000119209289551e+00,1.145018264651298523e-01,-1.699314266443252563e-01,2.925779819488525391e-01,-4.918745532631874084e-02,-5.898986011743545532e-02,3.250393271446228027e-01,3.787236660718917847e-02,6.646587699651718140e-02,-2.207774296402931213e-02,-1.135209426283836365e-01,2.082500755786895752e-01,1.751183867454528809e-01,1.233762800693511963e-01,1.514095813035964966e-02,9.009416401386260986e-02,-1.726792901754379272e-01,-6.812316179275512695e-02,-1.334601491689682007e-01,1.322892010211944580e-01,-7.685098797082901001e-02,-1.263082176446914673e-01,-1.470018327236175537e-01,-1.913336962461471558e-01,-1.341212987899780273e-01,1.486358195543289185e-01,2.940433621406555176e-01,-7.510299980640411377e-02,-1.063209623098373413e-01,5.097554326057434082e-01,-9.077608585357666016e-03,1.208615005016326904e-01,1.940027922391891479e-01,1.212687864899635315e-01,-9.812346100807189941e-02,1.198527514934539795e-01,7.305511087179183960e-02,-8.706596493721008301e-02,-5.196412652730941772e-02,-1.289944946765899658e-01,-4.980019852519035339e-02
2.743050828576087952e-02,2.275597602128982544e-01,-8.267635107040405273e-02,-2.119542658329010010e-02,1.779254227876663208e-01,9.461742639541625977e-02,4.571134597063064575e-02,1.145018264651298523e-01,9.999998211860656738e-01,3.816750347614288330e-01,5.343725681304931641e-01,4.186751246452331543e-01,2.035434171557426453e-02,2.083483636379241943e-01,2.913111448287963867e-01,7.952192425727844238e-02,3.233887255191802979e-02,3.619391098618507385e-02,1.765454262495040894e-01,2.258032560348510742e-01,1.730738282203674316e-01,-7.060430943965911865e-02,4.503896459937095642e-02,-4.775932431221008301e-02,2.190732955932617188e-02,9.782039374113082886e-02,1.055712252855300903e-01,1.001990633085370064e-03,-1.757287979125976562e-02,-3.639464452862739563e-02,2.330876141786575317e-02,2.158941328525543213e-02,8.595333993434906006e-02,-1.493152827024459839e-01,4.996630176901817322e-02,2.551175095140933990e-02,4.174377396702766418e-02,1.475757360458374023e-01,2.287835180759429932e-01,1.468001157045364380e-01,2.039296627044677734e-01,2.690512239933013916e-01,1.022552177309989929e-01,5.601335763931274414e-01,1.585691422224044800e-01,3.093933165073394775e-01,-5.276430863887071609e-03,3.835327224805951118e-03
-1.600456424057483673e-02,2.715794444084167480e-01,2.509929612278938293e-02,1.719011217355728149e-01,1.044869497418403625e-01,1.903237700462341309e-01,1.932705342769622803e-01,-1.699314266443252563e-01,3.816750347614288330e-01,1.000000119209289551e+00,2.768086791038513184e-01,5.150532126426696777e-01,2.828544378280639648e-01,-9.105253219604492188e-02,3.896963298320770264e-01,8.699475228786468506e-02,-1.406918745487928391e-02,9.933146834373474121e-02,-5.155709385871887207e-02,3.282066807150840759e-02,-5.921206995844841003e-02,-1.266011744737625122e-01,6.653864681720733643e-02,-4.381561279296875000e-02,2.240377217531204224e-01,9.930396080017089844e-02,3.250699117779731750e-02,9.756905585527420044e-02,4.629692062735557556e-02,3.039473667740821838e-03,-8.934129960834980011e-03,-4.276147857308387756e-02,-1.357300556264817715e-03,-1.508694291114807129e-01,-4.790400154888629913e-03,5.581641197204589844e-02,-2.900471389293670654e-01,2.334372252225875854e-01,-3.410302102565765381e-02,-2.168090790510177612e-01,1.518435627222061157e-01,3.676631450653076172e-01,3.944863006472587585e-02,2.514660656452178955e-01,3.696225881576538086e-01,5.692540407180786133e-01,-8.173666894435882568e-02,-6.281117349863052368e-02
1.395587772130966187e-01,1.345971673727035522e-01,-9.907019138336181641e-02,-1.539008170366287231e-01,2.369204759597778320e-01,-5.935547500848770142e-02,-9.398948401212692261e-02,2.925779819488525391e-01,5.343725681304931641e-01,2.768086791038513184e-01,9.999997019767761230e-01,3.888082504272460938e-01,1.299232710152864456e-02,1.802929043769836426e-01,4.687991738319396973e-01,2.847019024193286896e-02,-8.645863831043243408e-02,-3.016761504113674164e-02,1.218189373612403870e-01,1.756047457456588745e-01,8.280059695243835449e-02,-5.961342155933380127e-02,1.661442220211029053e-01,-6.149479001760482788e-02,5.888591706752777100e-02,3.989059478044509888e-02,1.087825223803520203e-01,-6.115602445788681507e-04,-1.346933841705322266e-01,-1.343742460012435913e-01,-8.454483002424240112e-02,7.244641892611980438e-03,1.992468833923339844e-01,3.709057718515396118e-02,-3.776198253035545349e-02,4.615860432386398315e-02,1.681676134467124939e-02,2.944814264774322510e-01,3.445392474532127380e-02,1.551910638809204102e-01,2.376214414834976196e-01,1.849757581949234009e-01,-1.170543581247329712e-02,3.024977445602416992e-01,2.015958279371261597e-01,1.975704729557037354e-01,-6.266855448484420776e-02,8.452206104993820190e-02
3.488622233271598816e-02,3.997581005096435547e-01,4.660808295011520386e-02,3.908971324563026428e-02,1.690290123224258423e-01,5.822904035449028015e-02,1.779089719057083130e-01,-4.918745532631874084e-02,4.186751246452331543e-01,5.150532126426696777e-01,3.888082504272460938e-01,1.000000119209289551e+00,1.887153238058090210e-01,4.955117776989936829e-02,5.592342019081115723e-01,2.470306754112243652e-01,-2.765346877276897430e-02,1.049668192863464355e-01,-8.003736287355422974e-02,-5.641462653875350952e-02,-7.917983829975128174e-02,-1.767077893018722534e-01,5.835244432091712952e-02,1.138707175850868225e-01,1.013944894075393677e-01,7.661446928977966309e-02,1.800629347562789917e-01,1.146581694483757019e-01,2.432849071919918060e-02,1.822123117744922638e-02,5.386945232748985291e-02,2.655724808573722839e-02,1.871644109487533569e-01,-7.351391017436981201e-03,7.428745180368423462e-02,2.343707978725433350e-01,-1.761236935853958130e-01,2.611203789710998535e-01,2.157388627529144287e-02,2.968008164316415787e-03,1.409998238086700439e-01,4.067770838737487793e-01,3.438520804047584534e-02,4.686002731323242188e-01,3.326738476753234863e-01,3.730882704257965088e-01,1.674205809831619263e-01,3.595578018575906754e-03
2.389596402645111084e-02,1.445321142673492432e-01,1.746224239468574524e-02,-1.083347648382186890e-01,1.126001179218292236e-01,1.470937300473451614e-02,-4.866722505539655685e-03,-5.898986011743545532e-02,2.035434171557426453e-02,2.828544378280639648e-01,1.299232710152864456e-02,1.887153238058090210e-01,1.000000119209289551e+00,-5.997058376669883728e-02,2.321177870035171509e-01,5.205941796302795410e-01,6.367313116788864136e-02,2.213473245501518250e-02,6.229858100414276123e-02,2.052485942840576172e-02,1.306075006723403931e-01,5.384457111358642578e-02,2.763078808784484863e-01,5.411996319890022278e-02,5.110502615571022034e-02,-8.367049694061279297e-02,6.758770439773797989e-03,3.648393601179122925e-02,-3.686100989580154419e-02,-6.251110881567001343e-02,3.503675013780593872e-02,-6.378687173128128052e-02,3.032473325729370117e-01,6.667903810739517212e-02,-1.004763040691614151e-02,1.319333016872406006e-01,-1.104400679469108582e-02,1.386567354202270508e-01,5.007204413414001465e-02,1.098603568971157074e-02,1.360715478658676147e-01,1.520310491323471069e-01,1.068810597062110901e-01,1.260212808847427368e-01,8.557400107383728027e-02,2.306317239999771118e-01,-5.089838430285453796e-02,4.988079145550727844e-02
-3.074682690203189850e-02,7.493162900209426880e-02,-2.122554369270801544e-02,1.842725090682506561e-02,1.378604471683502197e-01,2.598100528120994568e-02,1.376284565776586533e-02,3.250393271446228027e-01,2.083483636379241943e-01,-9.105253219604492188e-02,1.802929043769836426e-01,4.955117776989936829e-02,-5.997058376669883728e-02,1.000000000000000000e+00,1.193852499127388000e-01,3.673362359404563904e-02,2.218476869165897369e-02,4.566628485918045044e-02,9.638594090938568115e-02,2.988537251949310303e-01,1.695498824119567871e-01,-1.273675356060266495e-02,-8.449599146842956543e-02,-5.429381504654884338e-03,-2.195499241352081299e-01,-4.482925403863191605e-03,2.389912679791450500e-02,-1.167320460081100464e-01,-6.584433466196060181e-02,2.253696322441101074e-02,-2.839043503627181053e-03,-6.931699812412261963e-02,4.486235976219177246e-02,-1.886363178491592407e-01,4.089870303869247437e-02,-1.360560655593872070e-01,4.628825187683105469e-01,6.409653276205062866e-02,2.505475282669067383e-01,1.794674396514892578e-01,6.838732212781906128e-02,9.197208285331726074e-02,5.294143781065940857e-02,1.036873981356620789e-01,6.738758832216262817e-02,2.666912786662578583e-02,2.489912509918212891e-02,-6.995128840208053589e-02
-5.573778226971626282e-02,4.158770740032196045e-01,4.529283195734024048e-02,1.742131263017654419e-02,7.559496909379959106e-02,-2.832851558923721313e-02,1.245091482996940613e-01,3.787236660718917847e-02,2.913111448287963867e-01,3.896963298320770264e-01,4.687991738319396973e-01,5.592342019081115723e-01,2.321177870035171509e-01,1.193852499127388000e-01,1.000000119209289551e+00,2.656230032444000244e-01,-6.720270216464996338e-02,1.880780756473541260e-01,-2.518182694911956787e-01,-1.119249016046524048e-01,-1.215383484959602356e-01,-1.378275752067565918e-01,-3.207106515765190125e-02,1.152242198586463928e-01,1.670654267072677612e-01,1.386808305978775024e-01,1.993430852890014648e-01,1.273674890398979187e-02,-5.072527751326560974e-02,4.404899105429649353e-02,-1.667477888986468315e-03,2.563765039667487144e-03,2.762848734855651855e-01,1.092085987329483032e-01,7.772301137447357178e-02,1.500885337591171265e-01,-1.112236306071281433e-01,5.987756252288818359e-01,5.019736662507057190e-02,-9.938307106494903564e-02,2.509579062461853027e-01,3.773360252380371094e-01,-1.493560224771499634e-01,3.164097666740417480e-01,4.527525603771209717e-01,2.391869276762008667e-01,6.835553795099258423e-02,-3.907706588506698608e-02
-4.704596474766731262e-02,1.760721206665039062e-01,-1.072209328413009644e-01,-1.828806549310684204e-01,3.169557824730873108e-02,-9.426990523934364319e-03,2.026396431028842926e-02,6.646587699651718140e-02,7.952192425727844238e-02,8.699475228786468506e-02,2.847019024193286896e-02,2.470306754112243652e-01,5.205941796302795410e-01,3.673362359404563904e-02,2.656230032444000244e-01,1.000000119209289551e+00,4.886924475431442261e-02,3.566207364201545715e-02,-7.736814022064208984e-02,-1.194764450192451477e-01,4.043713677674531937e-03,-1.600371450185775757e-01,1.661863774061203003e-01,1.490361988544464111e-01,1.898857057094573975e-01,-5.342247709631919861e-02,2.813537418842315674e-01,2.414707094430923462e-02,-9.119917452335357666e-02,-3.281677141785621643e-02,-4.356794990599155426e-03,-1.127019375562667847e-01,4.341674447059631348e-01,-1.986153423786163330e-02,9.928528964519500732e-02,1.398885399103164673e-01,9.545576572418212891e-02,1.536911427974700928e-01,3.514656722545623779e-01,1.069108694791793823e-01,7.272700965404510498e-02,1.094577684998512268e-01,-1.344938669353723526e-02,2.114609777927398682e-01,6.084615364670753479e-02,1.236874535679817200e-01,4.308030009269714355e-02,-1.386710256338119507e-01
-2.072791457176208496e-01,6.798395514488220215e-02,7.676515728235244751e-03,1.294567435979843140e-01,-1.155629754066467285e-01,4.191183298826217651e-02,4.826758801937103271e-01,-2.207774296402931213e-02,3.233887255191802979e-02,-1.406918745487928391e-02,-8.645863831043243408e-02,-2.765346877276897430e-02,6.367313116788864136e-02,2.218476869165897369e-02,-6.720270216464996338e-02,4.886924475431442261e-02,1.000000238418579102e+00,4.038283824920654297e-01,1.874375641345977783e-01,3.679688870906829834e-01,2.043461650609970093e-01,1.605251878499984741e-01,9.706075489521026611e-02,1.387418508529663086e-01,-3.059099055826663971e-02,1.702595055103302002e-01,-3.966905549168586731e-02,-1.164737343788146973e-01,3.413187712430953979e-02,1.578076779842376709e-01,3.982208967208862305e-01,1.478266268968582153e-01,-3.232294693589210510e-02,1.081995200365781784e-02,4.588683322072029114e-02,1.893545240163803101e-01,1.002940684556961060e-01,7.089836895465850830e-02,2.500505447387695312e-01,1.107938587665557861e-01,-1.430182834155857563e-03,1.311098933219909668e-01,2.911050319671630859e-01,4.043762385845184326e-02,1.066826507449150085e-01,1.725534945726394653e-01,8.628135919570922852e-02,-3.899449482560157776e-02
-3.147568404674530029e-01,3.469860255718231201e-01,-1.087570637464523315e-01,1.619455069303512573e-01,-1.397848129272460938e-01,4.012886062264442444e-02,3.916335999965667725e-01,-1.135209426283836365e-01,3.619391098618507385e-02,9.933146834373474121e-02,-3.016761504113674164e-02,1.049668192863464355e-01,2.213473245501518250e-02,4.566628485918045044e-02,1.880780756473541260e-01,3.566207364201545715e-02,4.038283824920654297e-01,1.000000119209289551e+00,-3.942320048809051514e-01,5.120043456554412842e-02,1.065544560551643372e-01,4.646003991365432739e-02,-7.280054688453674316e-02,3.626392185688018799e-01,-6.207513436675071716e-02,3.692605495452880859e-01,1.467054039239883423e-01,-2.379863262176513672e-01,1.620634458959102631e-02,3.415667712688446045e-01,4.932838082313537598e-01,2.483311593532562256e-01,1.162963360548019409e-01,5.919044837355613708e-02,1.831121891736984253e-01,2.226255387067794800e-01,3.551257401704788208e-02,3.740122914314270020e-01,1.861340105533599854e-01,2.547757467254996300e-03,1.987241208553314209e-01,2.224730998277664185e-01,-8.354432135820388794e-02,9.767726808786392212e-02,3.707709312438964844e-01,9.351411461830139160e-02,2.597360014915466309e-01,1.138465665280818939e-02
2.854226827621459961e-01,-3.318029046058654785e-01,1.675098538398742676e-01,-9.504080563783645630e-02,9.925124794244766235e-02,-6.517990957945585251e-03,-1.767766326665878296e-01,2.082500755786895752e-01,1.765454262495040894e-01,-5.155709385871887207e-02,1.218189373612403870e-01,-8.003736287355422974e-02,6.229858100414276123e-02,9.638594090938568115e-02,-2.518182694911956787e-01,-7.736814022064208984e-02,1.874375641345977783e-01,-3.942320048809051514e-01,1.000000596046447754e+00,5.041093230247497559e-01,3.853776454925537109e-01,3.439042568206787109e-01,2.258160114288330078e-01,-3.227093517780303955e-01,-1.251183003187179565e-01,-4.213185012340545654e-01,-1.586855351924896240e-01,1.861619204282760620e-01,-2.187955565750598907e-02,-2.351690977811813354e-01,-5.477462336421012878e-02,-1.026162654161453247e-01,-1.318532824516296387e-01,-9.704061597585678101e-02,-7.772268354892730713e-02,-1.741871535778045654e-01,2.226775139570236206e-01,-3.527163267135620117e-01,4.919758811593055725e-02,1.528001874685287476e-01,-1.103496029973030090e-01,-1.369254589080810547e-01,4.796591401100158691e-01,-5.254344083368778229e-03,-3.149057626724243164e-01,1.128912568092346191e-01,-2.445741444826126099e-01,1.171962171792984009e-01
-4.690337181091308594e-02,-5.794506892561912537e-02,7.486277818679809570e-02,9.000015258789062500e-02,8.854752779006958008e-02,4.864090681076049805e-02,1.095481514930725098e-01,1.751183867454528809e-01,2.258032560348510742e-01,3.282066807150840759e-02,1.756047457456588745e-01,-5.641462653875350952e-02,2.052485942840576172e-02,2.988537251949310303e-01,-1.119249016046524048e-01,-1.194764450192451477e-01,3.679688870906829834e-01,5.120043456554412842e-02,5.041093230247497559e-01,9.999997615814208984e-01,5.587100982666015625e-01,3.296516239643096924e-01,1.198102235794067383e-01,-1.258304715156555176e-01,-2.116609662771224976e-01,-3.552116826176643372e-02,-5.797043442726135254e-02,-1.186365857720375061e-01,-3.594027087092399597e-02,7.403878122568130493e-02,1.595325917005538940e-01,3.742006421089172363e-02,-9.906402230262756348e-02,-7.131118327379226685e-02,2.482684701681137085e-02,-6.027041375637054443e-02,3.027159273624420166e-01,-5.076646059751510620e-02,2.254225909709930420e-01,2.461182028055191040e-01,-8.954989723861217499e-03,7.738099992275238037e-02,4.538615047931671143e-01,6.635606288909912109e-02,-1.865645870566368103e-02,2.141366899013519287e-01,-5.828638747334480286e-02,1.292092651128768921e-01
4.117211699485778809e-02,1.208350248634815216e-02,8.366743475198745728e-02,-1.739615574479103088e-02,2.318558096885681152e-01,2.073454484343528748e-02,-3.751352056860923767e-02,1.233762800693511963e-01,1.730738282203674316e-01,-5.921206995844841003e-02,8.280059695243835449e-02,-7.917983829975128174e-02,1.306075006723403931e-01,1.695498824119567871e-01,-1.215383484959602356e-01,4.043713677674531937e-03,2.043461650609970093e-01,1.065544560551643372e-01,3.853776454925537109e-01,5.587100982666015625e-01,1.000000119209289551e+00,3.923641741275787354e-01,1.586526781320571899e-01,-1.296465396881103516e-01,-3.176217377185821533e-01,-1.730276644229888916e-01,1.876508072018623352e-02,-6.074604764580726624e-02,-3.235437907278537750e-03,-2.068082429468631744e-02,1.474305987358093262e-01,4.436335340142250061e-02,5.258990451693534851e-02,-7.210100535303354263e-03,-3.034687601029872894e-02,-5.638480931520462036e-02,3.595405220985412598e-01,-5.788132548332214355e-02,7.584804296493530273e-02,3.135739266872406006e-01,1.390509754419326782e-01,-6.300938874483108521e-02,4.230273067951202393e-01,1.723557859659194946e-01,-1.412110775709152222e-01,-7.328962441533803940e-03,-5.180467292666435242e-02,1.123636066913604736e-01
5.794502422213554382e-02,-2.046851515769958496e-01,1.753182113170623779e-01,3.295630961656570435e-02,-1.131636574864387512e-01,-5.354724451899528503e-02,-7.122442871332168579e-02,1.514095813035964966e-02,-7.060430943965911865e-02,-1.266011744737625122e-01,-5.961342155933380127e-02,-1.767077893018722534e-01,5.384457111358642578e-02,-1.273675356060266495e-02,-1.378275752067565918e-01,-1.600371450185775757e-01,1.605251878499984741e-01,4.646003991365432739e-02,3.439042568206787109e-01,3.296516239643096924e-01,3.923641741275787354e-01,9.999998211860656738e-01,2.756769061088562012e-01,3.371527045965194702e-02,-7.515657693147659302e-02,-2.496389150619506836e-01,-5.034360289573669434e-02,7.870363444089889526e-02,4.650212824344635010e-02,-2.618572907522320747e-03,3.665273785591125488e-01,2.735479772090911865e-01,-2.167968451976776123e-01,-2.394579537212848663e-02,1.112158447504043579e-01,5.251342803239822388e-02,6.282415241003036499e-02,-8.811788260936737061e-02,7.186377048492431641e-02,1.947419047355651855e-01,-6.673105806112289429e-02,-2.076220661401748657e-01,3.647869527339935303e-01,-1.697313189506530762e-01,-2.025192826986312866e-01,-7.563519477844238281e-02,5.917847529053688049e-02,4.996448755264282227e-01
1.640845388174057007e-01,-7.601020485162734985e-02,4.173775017261505127e-02,-1.863142699003219604e-01,7.230132818222045898e-02,-2.886248528957366943e-01,-2.004821300506591797e-01,9.009416401386260986e-02,4.503896459937095642e-02,6.653864681720733643e-02,1.661442220211029053e-01,5.835244432091712952e-02,2.763078808784484863e-01,-8.449599146842956543e-02,-3.207106515765190125e-02,1.661863774061203003e-01,9.706075489521026611e-02,-7.280054688453674316e-02,2.258160114288330078e-01,1.198102235794067383e-01,1.586526781320571899e-01,2.756769061088562012e-01,9.999998211860656738e-01,1.551104635000228882e-01,6.697969138622283936e-02,-1.622534096240997314e-01,-7.028026878833770752e-02,1.520896106958389282e-01,-1.440420094877481461e-02,-1.596483290195465088e-01,1.162756159901618958e-01,3.805774077773094177e-02,1.288510113954544067e-02,1.892917044460773468e-02,9.788484871387481689e-02,3.663953244686126709e-01,-9.747312217950820923e-02,-5.456148087978363037e-02,5.484686791896820068e-02,4.809916913509368896e-01,1.812608446925878525e-03,-1.143339499831199646e-01,1.487172991037368774e-01,3.288535401225090027e-02,-9.857828915119171143e-02,6.116401031613349915e-02,2.676458470523357391e-02,3.875228166580200195e-01
-2.847127616405487061e-01,2.734196782112121582e-01,-1.082866191864013672e-01,-1.645906083285808563e-02,-1.645465344190597534e-01,-1.406723111867904663e-01,1.799957007169723511e-01,-1.726792901754379272e-01,-4.775932431221008301e-02,-4.381561279296875000e-02,-6.149479001760482788e-02,1.138707175850868225e-01,5.411996319890022278e-02,-5.429381504654884338e-03,1.152242198586463928e-01,1.490361988544464111e-01,1.387418508529663086e-01,3.626392185688018799e-01,-3.227093517780303955e-01,-1.258304715156555176e-01,-1.296465396881103516e-01,3.371527045965194702e-02,1.551104635000228882e-01,9.999997019767761230e-01,-6.513661891222000122e-02,2.826938629150390625e-01,1.211788058280944824e-01,-1.730752140283584595e-01,-6.963420659303665161e-02,1.768367290496826172e-01,5.231007337570190430e-01,5.194115042686462402e-01,8.322352916002273560e-02,9.788789600133895874e-02,1.708312779664993286e-01,5.444178581237792969e-01,-1.060548126697540283e-01,2.082068324089050293e-01,2.005718946456909180e-01,2.952452600002288818e-01,6.795413047075271606e-02,1.682473123073577881e-01,-1.754586547613143921e-01,6.438139826059341431e-02,2.879135608673095703e-01,1.067727897316217422e-02,7.155968546867370605e-01,3.168573379516601562e-01
1.851014643907546997e-01,-1.176911056973040104e-03,1.087480857968330383e-01,2.279913723468780518e-01,-1.113503612577915192e-02,1.392362862825393677e-01,9.230054914951324463e-02,-6.812316179275512695e-02,2.190732955932617188e-02,2.240377217531204224e-01,5.888591706752777100e-02,1.013944894075393677e-01,5.110502615571022034e-02,-2.195499241352081299e-01,1.670654267072677612e-01,1.898857057094573975e-01,-3.059099055826663971e-02,-6.207513436675071716e-02,-1.251183003187179565e-01,-2.116609662771224976e-01,-3.176217377185821533e-01,-7.515657693147659302e-02,6.697969138622283936e-02,-6.513661891222000122e-02,1.000000596046447754e+00,3.463821485638618469e-02,3.286169767379760742e-01,3.467037379741668701e-01,9.626433998346328735e-02,-8.575981855392456055e-02,-1.269499361515045166e-01,-1.536984443664550781e-01,1.640126854181289673e-01,-1.144486293196678162e-01,4.349704086780548096e-02,-6.884919852018356323e-02,-3.078561127185821533e-01,1.284828484058380127e-01,1.621974259614944458e-02,-3.041575551033020020e-01,1.301159337162971497e-02,9.535146504640579224e-02,-1.450514942407608032e-01,-9.029571712017059326e-02,1.104214265942573547e-01,2.255050987005233765e-01,-1.839566826820373535e-01,-6.799658387899398804e-02
-2.822525799274444580e-01,2.408502250909805298e-01,2.473769010975956917e-03,1.927230954170227051e-01,-2.179148793220520020e-02,4.693129099905490875e-03,3.483589887619018555e-01,-1.334601491689682007e-01,9.782039374113082886e-02,9.930396080017089844e-02,3.989059478044509888e-02,7.661446928977966309e-02,-8.367049694061279297e-02,-4.482925403863191605e-03,1.386808305978775024e-01,-5.342247709631919861e-02,1.702595055103302002e-01,3.692605495452880859e-01,-4.213185012340545654e-01,-3.552116826176643372e-02,-1.730276644229888916e-01,-2.496389150619506836e-01,-1.622534096240997314e-01,2.826938629150390625e-01,3.463821485638618469e-02,9.999994635581970215e-01,3.449435532093048096e-02,-2.374221831560134888e-01,8.815241605043411255e-02,2.871603369712829590e-01,1.365982741117477417e-01,1.565940231084823608e-01,4.450852051377296448e-02,3.099450655281543732e-02,1.125810369849205017e-01,1.466644406318664551e-01,-1.062405630946159363e-01,3.003616631031036377e-01,9.540737420320510864e-02,-2.450121007859706879e-02,1.181142106652259827e-01,1.860641390085220337e-01,-2.434302717447280884e-01,1.130750253796577454e-01,2.506338953971862793e-01,5.160200223326683044e-02,1.821092814207077026e-01,-8.413589745759963989e-02
1.221104338765144348e-01,2.795572876930236816e-01,2.095026150345802307e-02,1.410142928361892700e-01,1.375423818826675415e-01,1.446479856967926025e-01,6.203012540936470032e-02,1.322892010211944580e-01,1.055712252855300903e-01,3.250699117779731750e-02,1.087825223803520203e-01,1.800629347562789917e-01,6.758770439773797989e-03,2.389912679791450500e-02,1.993430852890014648e-01,2.813537418842315674e-01,-3.966905549168586731e-02,1.467054039239883423e-01,-1.586855351924896240e-01,-5.797043442726135254e-02,1.876508072018623352e-02,-5.034360289573669434e-02,-7.028026878833770752e-02,1.211788058280944824e-01,3.286169767379760742e-01,3.449435532093048096e-02,9.999998211860656738e-01,1.766335368156433105e-01,1.158384382724761963e-01,-2.787292003631591797e-03,5.613452568650245667e-02,-4.181062057614326477e-02,4.263365566730499268e-01,-4.161778092384338379e-02,1.344766020774841309e-01,5.810980126261711121e-02,3.203456103801727295e-02,2.059066146612167358e-01,1.908297091722488403e-01,-4.192205145955085754e-02,3.745535016059875488e-01,1.703743189573287964e-01,-5.415573716163635254e-02,1.406914889812469482e-01,2.506372034549713135e-01,9.759454429149627686e-02,6.508278101682662964e-02,-9.120894223451614380e-02
6.153718829154968262e-01,5.737574398517608643e-02,5.202904939651489258e-01,3.253332972526550293e-01,3.003495037555694580e-01,1.542187035083770752e-01,-7.897444069385528564e-02,-7.685098797082901001e-02,1.001990633085370064e-03,9.756905585527420044e-02,-6.115602445788681507e-04,1.146581694483757019e-01,3.648393601179122925e-02,-1.167320460081100464e-01,1.273674890398979187e-02,2.414707094430923462e-02,-1.164737343788146973e-01,-2.379863262176513672e-01,1.861619204282760620e-01,-1.186365857720375061e-01,-6.074604764580726624e-02,7.870363444089889526e-02,1.520896106958389282e-01,-1.730752140283584595e-01,3.467037379741668701e-01,-2.374221831560134888e-01,1.766335368156433105e-01,9.999998211860656738e-01,3.687840104103088379e-01,-2.121559679508209229e-01,-1.483696550130844116e-01,-2.270977646112442017e-01,4.639375209808349609e-02,-1.220367103815078735e-01,-3.484159708023071289e-02,-7.299701869487762451e-02,-1.862489730119705200e-01,-1.140059158205986023e-01,-2.720989882946014404e-01,-1.651284992694854736e-01,1.862465292215347290e-01,1.938808709383010864e-02,-3.298662602901458740e-02,1.171430200338363647e-02,2.717825397849082947e-02,3.162012994289398193e-02,-2.176004350185394287e-01,9.237931668758392334e-02
2.007687687873840332e-01,1.908291429281234741e-01,3.482097983360290527e-01,3.957941830158233643e-01,1.792123615741729736e-01,2.779970765113830566e-01,1.275806427001953125e-01,-1.263082176446914673e-01,-1.757287979125976562e-02,4.629692062735557556e-02,-1.346933841705322266e-01,2.432849071919918060e-02,-3.686100989580154419e-02,-6.584433466196060181e-02,-5.072527751326560974e-02,-9.119917452335357666e-02,3.413187712430953979e-02,1.620634458959102631e-02,-2.187955565750598907e-02,-3.594027087092399597e-02,-3.235437907278537750e-03,4.650212824344635010e-02,-1.440420094877481461e-02,-6.963420659303665161e-02,9.626433998346328735e-02,8.815241605043411255e-02,1.158384382724761963e-01,3.687840104103088379e-01,1.000000119209289551e+00,3.611643612384796143e-01,7.080791890621185303e-02,-1.048778071999549866e-01,-6.602635979652404785e-02,-9.334991127252578735e-02,1.612593978643417358e-01,-3.154535219073295593e-02,-1.347324699163436890e-01,2.547333575785160065e-02,-1.326513141393661499e-01,-1.768818646669387817e-01,1.400332152843475342e-01,1.766240000724792480e-01,1.083440855145454407e-01,-6.680633872747421265e-02,1.153168901801109314e-01,3.812408447265625000e-02,-6.512382626533508301e-02,3.723928006365895271e-03
-3.080409467220306396e-01,1.885059624910354614e-01,1.294355932623147964e-02,1.087793856859207153e-01,-1.613909304141998291e-01,3.178239613771438599e-02,2.205639928579330444e-01,-1.470018327236175537e-01,-3.639464452862739563e-02,3.039473667740821838e-03,-1.343742460012435913e-01,1.822123117744922638e-02,-6.251110881567001343e-02,2.253696322441101074e-02,4.404899105429649353e-02,-3.281677141785621643e-02,1.578076779842376709e-01,3.415667712688446045e-01,-2.351690977811813354e-01,7.403878122568130493e-02,-2.068082429468631744e-02,-2.618572907522320747e-03,-1.596483290195465088e-01,1.768367290496826172e-01,-8.575981855392456055e-02,2.871603369712829590e-01,-2.787292003631591797e-03,-2.121559679508209229e-01,3.611643612384796143e-01,9.999997019767761230e-01,3.094550073146820068e-01,1.638215184211730957e-01,-3.913229703903198242e-02,-7.481748238205909729e-03,3.133297562599182129e-01,1.073478013277053833e-01,9.796151891350746155e-03,2.415584772825241089e-01,2.318440973758697510e-01,-6.067502498626708984e-02,-3.745344281196594238e-02,1.794872581958770752e-01,3.808751702308654785e-02,-4.558457061648368835e-02,1.965804100036621094e-01,7.074441760778427124e-02,1.556314677000045776e-01,5.978212226182222366e-03
-3.436303138732910156e-01,1.177467331290245056e-01,-4.256097599864006042e-02,5.859369412064552307e-02,-2.777715027332305908e-01,-4.829502850770950317e-02,2.579788565635681152e-01,-1.913336962461471558e-01,2.330876141786575317e-02,-8.934129960834980011e-03,-8.454483002424240112e-02,5.386945232748985291e-02,3.503675013780593872e-02,-2.839043503627181053e-03,-1.667477888986468315e-03,-4.356794990599155426e-03,3.982208967208862305e-01,4.932838082313537598e-01,-5.477462336421012878e-02,1.595325917005538940e-01,1.474305987358093262e-01,3.665273785591125488e-01,1.162756159901618958e-01,5.231007337570190430e-01,-1.269499361515045166e-01,1.365982741117477417e-01,5.613452568650245667e-02,-1.483696550130844116e-01,7.080791890621185303e-02,3.094550073146820068e-01,9.999998211860656738e-01,5.628277659416198730e-01,-8.619553595781326294e-02,-1.533084176480770111e-02,1.915740966796875000e-01,4.263934195041656494e-01,-1.704802736639976501e-02,1.349621564149856567e-01,1.991469860076904297e-01,1.984207332134246826e-01,-2.848007529973983765e-02,7.868700474500656128e-02,1.934027820825576782e-01,1.893767341971397400e-02,1.441793739795684814e-01,8.588770031929016113e-02,4.922207593917846680e-01,2.730560600757598877e-01
-2.846264541149139404e-01,5.853866040706634521e-02,-9.980247169733047485e-02,-1.319038029760122299e-02,-2.044293731451034546e-01,-1.123123839497566223e-01,8.506006002426147461e-02,-1.341212987899780273e-01,2.158941328525543213e-02,-4.276147857308387756e-02,7.244641892611980438e-03,2.655724808573722839e-02,-6.378687173128128052e-02,-6.931699812412261963e-02,2.563765039667487144e-03,-1.127019375562667847e-01,1.478266268968582153e-01,2.483311593532562256e-01,-1.026162654161453247e-01,3.742006421089172363e-02,4.436335340142250061e-02,2.735479772090911865e-01,3.805774077773094177e-02,5.194115042686462402e-01,-1.536984443664550781e-01,1.565940231084823608e-01,-4.181062057614326477e-02,-2.270977646112442017e-01,-1.048778071999549866e-01,1.638215184211730957e-01,5.628277659416198730e-01,1.000000238418579102e+00,-1.209402680397033691e-01,8.208853751420974731e-02,9.444610029458999634e-02,3.677042126655578613e-01,-7.730149477720260620e-02,1.288366764783859253e-01,5.272974446415901184e-02,2.080431878566741943e-01,2.869713120162487030e-02,-5.220454186201095581e-02,2.476922050118446350e-02,3.208022331818938255e-03,8.741403371095657349e-02,-7.696326076984405518e-02,5.498350858688354492e-01,3.994432985782623291e-01
