1.000000357627868652e+00,1.132256910204887390e-01,5.746822953224182129e-01,5.271443724632263184e-01,4.167128503322601318e-01,4.835367500782012939e-01,3.926825523376464844e-01,2.858859598636627197e-01,2.493606954813003540e-01,3.784614205360412598e-01,3.219971656799316406e-01,5.159205794334411621e-01,4.807231426239013672e-01,4.511174857616424561e-01,3.506611287593841553e-01,1.546575427055358887e-01,4.513777792453765869e-01,2.655793726444244385e-01,2.130426913499832153e-01,4.070544540882110596e-01,5.481019020080566406e-01,2.037995904684066772e-01,7.300556451082229614e-02,-1.789839118719100952e-01,2.570460140705108643e-01,-1.774505525827407837e-02,3.570400774478912354e-01,6.307274699211120605e-01,3.054602742195129395e-01,2.406615316867828369e-01,-1.702716201543807983e-02,-3.841062262654304504e-02,4.221620857715606689e-01,1.547787338495254517e-01,7.934659719467163086e-02,-5.973765999078750610e-02,1.353006362915039062e-01,1.914994567632675171e-01,1.673437654972076416e-01,1.401642262935638428e-01,6.232956051826477051e-02,1.931235194206237793e-01,2.318168431520462036e-01,1.278486698865890503e-01,2.612055540084838867e-01,3.154295384883880615e-01,-1.646042764186859131e-01,1.718496344983577728e-02
1.132256910204887390e-01,1.000000596046447754e+00,-1.163214519619941711e-01,-5.490836873650550842e-02,4.025932550430297852e-01,4.181937575340270996e-01,2.389456331729888916e-01,2.886758744716644287e-01,2.641631066799163818e-01,3.794381022453308105e-01,9.327279776334762573e-02,1.782373189926147461e-01,2.250152826309204102e-01,1.052839159965515137e-01,-4.648112505674362183e-02,-2.815899066627025604e-02,2.403728663921356201e-01,1.731680482625961304e-01,2.330264002084732056e-01,4.434189498424530029e-01,2.236005961894989014e-01,-9.569602459669113159e-02,1.026252508163452148e-01,2.103020250797271729e-01,-2.471524290740489960e-03,2.533670961856842041e-01,2.460994720458984375e-01,1.244457587599754333e-01,4.622463881969451904e-01,3.894568234682083130e-02,7.964767515659332275e-02,1.548561751842498779e-01,3.052521646022796631e-01,1.360690742731094360e-01,-2.618086524307727814e-02,3.938211128115653992e-02,2.355218529701232910e-01,1.176289841532707214e-01,-7.349626626819372177e-03,-1.394154280424118042e-01,5.897828936576843262e-01,5.396599173545837402e-01,3.162772059440612793e-01,5.389594435691833496e-01,5.770776271820068359e-01,4.155260920524597168e-01,2.395711094141006470e-01,2.600594460964202881e-01
5.746822953224182129e-01,-1.163214519619941711e-01,9.999997019767761230e-01,6.973100900650024414e-01,1.353085637092590332e-01,1.960821747779846191e-01,3.647792637348175049e-01,1.622870117425918579e-01,5.683424323797225952e-02,1.357031464576721191e-01,3.017113804817199707e-01,4.260510206222534180e-01,3.517902195453643799e-01,3.996775746345520020e-01,2.485112845897674561e-01,2.029322534799575806e-01,3.165571391582489014e-01,2.173860967159271240e-01,8.758933097124099731e-02,1.813315600156784058e-01,4.684490561485290527e-01,2.392075210809707642e-01,1.902066729962825775e-02,-1.397656798362731934e-01,5.116997659206390381e-02,6.923388689756393433e-02,7.294733822345733643e-02,6.010113954544067383e-01,1.559510380029678345e-01,2.269769310951232910e-01,-1.277772802859544754e-02,-1.952455937862396240e-01,1.583620309829711914e-01,1.038292422890663147e-01,1.121326833963394165e-01,-8.664185553789138794e-02,8.765296638011932373e-02,9.833350032567977905e-02,1.514465957880020142e-01,5.873553454875946045e-02,-5.477112159132957458e-02,-3.686004132032394409e-02,-3.328257240355014801e-03,-7.739667594432830811e-02,1.005640178918838501e-01,3.920048475265502930e-02,-2.175468653440475464e-01,2.057702839374542236e-02
5.271443724632263184e-01,-5.490836873650550842e-02,6.973100900650024414e-01,1.000000715255737305e+00,9.654805809259414673e-02,3.469718396663665771e-01,4.289813041687011719e-01,-2.405495569109916687e-02,-9.067509323358535767e-02,6.074306368827819824e-02,7.401095330715179443e-02,2.140262722969055176e-01,1.671550273895263672e-01,1.388882100582122803e-01,2.090418934822082520e-01,3.075761795043945312e-01,2.350022941827774048e-01,3.804510831832885742e-01,2.643249630928039551e-01,3.308618068695068359e-01,4.217285811901092529e-01,3.458684384822845459e-01,-4.643354564905166626e-02,-8.749206364154815674e-02,-8.664520084857940674e-02,1.140214726328849792e-01,-6.555806845426559448e-02,3.350598514080047607e-01,1.264085918664932251e-01,6.105510890483856201e-02,1.245865970849990845e-01,-8.331480622291564941e-02,-4.589074105024337769e-02,-3.328838944435119629e-02,3.194921836256980896e-02,-1.211756691336631775e-01,-8.123706281185150146e-02,9.983346611261367798e-02,2.882274240255355835e-02,1.070501878857612610e-01,3.998481482267379761e-02,-3.822163119912147522e-02,1.099291592836380005e-01,-8.273635804653167725e-02,1.055462062358856201e-01,7.699602842330932617e-02,-1.130938157439231873e-01,1.234240829944610596e-01
4.167128503322601318e-01,4.025932550430297852e-01,1.353085637092590332e-01,9.654805809259414673e-02,1.000000119209289551e+00,6.650992035865783691e-01,4.827756285667419434e-01,5.164462924003601074e-01,5.302729606628417969e-01,5.400717854499816895e-01,3.906227350234985352e-01,4.125335514545440674e-01,5.540933012962341309e-01,2.446113526821136475e-01,2.641411311924457550e-02,1.977584660053253174e-01,5.928447842597961426e-01,2.550321817398071289e-01,1.569205522537231445e-01,2.936079502105712891e-01,2.747396528720855713e-01,-9.209513664245605469e-02,1.214805692434310913e-01,-2.316744066774845123e-02,2.769195735454559326e-01,1.933899819850921631e-01,2.770002186298370361e-01,3.294950723648071289e-01,2.185797840356826782e-01,6.122279446572065353e-03,-1.843709051609039307e-01,-3.394387289881706238e-02,5.335112810134887695e-01,3.508809804916381836e-01,1.559481024742126465e-01,-1.903214491903781891e-02,2.854858636856079102e-01,2.646045088768005371e-01,1.759388446807861328e-01,-9.695464372634887695e-02,4.182016253471374512e-01,5.145236849784851074e-01,3.111256062984466553e-01,4.055868983268737793e-01,3.382380008697509766e-01,4.453587830066680908e-01,-2.881866507232189178e-02,2.243818342685699463e-01
4.835367500782012939e-01,4.181937575340270996e-01,1.960821747779846191e-01,3.469718396663665771e-01,6.650992035865783691e-01,1.000000119209289551e+00,5.346012711524963379e-01,3.304847478866577148e-01,3.177463710308074951e-01,5.076545476913452148e-01,1.379406154155731201e-01,2.941181957721710205e-01,3.767566978931427002e-01,1.691496223211288452e-01,8.014301769435405731e-03,1.837649047374725342e-01,4.575538337230682373e-01,4.532581269741058350e-01,3.896139562129974365e-01,5.260280966758728027e-01,2.574438154697418213e-01,3.068501688539981842e-02,3.287293016910552979e-02,1.433524303138256073e-02,3.510709106922149658e-02,2.117009460926055908e-01,7.047053426504135132e-02,2.909548878669738770e-01,3.017045855522155762e-01,-4.140725731849670410e-02,-7.938316464424133301e-02,3.969836980104446411e-02,3.941383063793182373e-01,1.379902362823486328e-01,-1.871871016919612885e-02,-7.266885600984096527e-03,1.768808662891387939e-01,1.349466443061828613e-01,1.663271896541118622e-02,5.859706550836563110e-03,4.998393058776855469e-01,4.195665717124938965e-01,4.249725639820098877e-01,3.637821972370147705e-01,3.398102521896362305e-01,4.809941649436950684e-01,9.755883365869522095e-03,2.169893682003021240e-01
3.926825523376464844e-01,2.389456331729888916e-01,3.647792637348175049e-01,4.289813041687011719e-01,4.827756285667419434e-01,5.346012711524963379e-01,1.000000476837158203e+00,2.324327975511550903e-01,2.569603323936462402e-01,4.456624090671539307e-01,1.189836040139198303e-01,1.811884939670562744e-01,3.569664955139160156e-01,1.540049910545349121e-01,7.248191535472869873e-02,2.227115035057067871e-01,7.450647354125976562e-01,6.771567463874816895e-01,4.730339348316192627e-01,4.269430339336395264e-01,2.119219899177551270e-01,2.216039150953292847e-01,1.315715610980987549e-01,3.486071946099400520e-04,1.553479284048080444e-01,4.931131303310394287e-01,1.313865631818771362e-01,2.669806778430938721e-01,2.447813600301742554e-01,-3.059480339288711548e-03,-6.547391880303621292e-03,-1.929404027760028839e-02,2.313425093889236450e-01,2.012383639812469482e-01,4.172302037477493286e-02,-2.841766458004713058e-03,2.055190950632095337e-01,1.753148883581161499e-01,1.512268781661987305e-01,9.151259809732437134e-02,2.259237021207809448e-01,3.714161813259124756e-01,3.275846242904663086e-01,2.587166130542755127e-01,2.661185860633850098e-01,4.020505845546722412e-01,-3.990646451711654663e-02,2.414839863777160645e-01
2.858859598636627197e-01,2.886758744716644287e-01,1.622870117425918579e-01,-2.405495569109916687e-02,5.164462924003601074e-01,3.304847478866577148e-01,2.324327975511550903e-01,9.999996423721313477e-01,5.375620126724243164e-01,4.576395452022552490e-01,6.715235710144042969e-01,5.988870263099670410e-01,5.266600251197814941e-01,5.029349327087402344e-01,1.875391602516174316e-01,6.977540999650955200e-02,3.936064243316650391e-01,2.545039169490337372e-02,-3.607568144798278809e-02,1.027155667543411255e-01,2.936613261699676514e-01,-1.475793719291687012e-01,2.068427056074142456e-01,6.890866905450820923e-02,3.536237478256225586e-01,1.453844010829925537e-01,2.476193159818649292e-01,3.102133572101593018e-01,1.376185566186904907e-01,1.356832832098007202e-01,-1.373200267553329468e-01,-2.039408497512340546e-02,6.440399885177612305e-01,5.857734680175781250e-01,2.275493592023849487e-01,1.937120258808135986e-01,4.674166440963745117e-01,2.783972322940826416e-01,2.478795051574707031e-01,2.420657686889171600e-02,2.314680665731430054e-01,3.920889496803283691e-01,9.242720901966094971e-02,3.488136827945709229e-01,1.945529133081436157e-01,2.179338335990905762e-01,1.470866240561008453e-02,2.172283381223678589e-01
2.493606954813003540e-01,2.641631066799163818e-01,5.683424323797225952e-02,-9.067509323358535767e-02,5.302729606628417969e-01,3.177463710308074951e-01,2.569603323936462402e-01,5.375620126724243164e-01,1.000000119209289551e+00,5.969008803367614746e-01,5.600697994232177734e-01,5.104129314422607422e-01,5.902452468872070312e-01,2.167092710733413696e-01,6.169450283050537109e-02,8.810087293386459351e-02,3.700819909572601318e-01,-1.865027844905853271e-02,-1.224846988916397095e-01,3.488575294613838196e-02,2.482475787401199341e-01,-1.941747218370437622e-01,1.663939356803894043e-01,5.257837846875190735e-02,3.146566450595855713e-01,2.030750066041946411e-01,3.274141252040863037e-01,2.507448494434356689e-01,7.271339744329452515e-02,9.319968521595001221e-02,-8.545301109552383423e-02,-4.717374965548515320e-02,4.758321642875671387e-01,4.734509289264678955e-01,2.697455585002899170e-01,1.586609780788421631e-01,2.997300624847412109e-01,3.118041157722473145e-01,1.724212616682052612e-01,-1.561418324708938599e-01,2.104576975107192993e-01,3.651267886161804199e-01,1.216155886650085449e-01,4.470729827880859375e-01,1.513781547546386719e-01,3.447266221046447754e-01,8.278682827949523926e-03,1.846887767314910889e-01
3.784614205360412598e-01,3.794381022453308105e-01,1.357031464576721191e-01,6.074306368827819824e-02,5.400717854499816895e-01,5.076545476913452148e-01,4.456624090671539307e-01,4.576395452022552490e-01,5.969008803367614746e-01,9.999995231628417969e-01,3.898885250091552734e-01,4.900780022144317627e-01,6.112177968025207520e-01,2.193146347999572754e-01,-2.490705437958240509e-02,1.682659238576889038e-02,4.911587238311767578e-01,1.712004393339157104e-01,1.028484106063842773e-01,2.879863381385803223e-01,2.640260756015777588e-01,-1.436837315559387207e-01,1.516124308109283447e-01,-2.009848691523075104e-02,1.831157952547073364e-01,1.922565847635269165e-01,3.115853667259216309e-01,3.028532266616821289e-01,1.719820350408554077e-01,1.119217872619628906e-01,-1.700585633516311646e-01,-3.773598000407218933e-02,4.002823829650878906e-01,3.741207122802734375e-01,2.003053128719329834e-01,1.377393454313278198e-01,3.071680068969726562e-01,1.873529851436614990e-01,1.990228891372680664e-01,7.776543498039245605e-03,1.973983198404312134e-01,4.020751118659973145e-01,2.391036152839660645e-01,5.985195040702819824e-01,2.890082895755767822e-01,5.801915526390075684e-01,-7.479531317949295044e-02,1.446109116077423096e-01
3.219971656799316406e-01,9.327279776334762573e-02,3.017113804817199707e-01,7.401095330715179443e-02,3.906227350234985352e-01,1.379406154155731201e-01,1.189836040139198303e-01,6.715235710144042969e-01,5.600697994232177734e-01,3.898885250091552734e-01,1.000000357627868652e+00,6.713424324989318848e-01,6.333658695220947266e-01,4.759764373302459717e-01,2.610035538673400879e-01,1.736085265874862671e-01,2.721769213676452637e-01,-8.280991017818450928e-02,-1.942498981952667236e-01,-4.321040958166122437e-02,4.343898594379425049e-01,1.136986445635557175e-02,2.350520789623260498e-01,-3.250233829021453857e-02,3.421696126461029053e-01,-3.213629499077796936e-02,3.970081508159637451e-01,3.592262566089630127e-01,-3.389409929513931274e-02,2.016551494598388672e-01,-4.361833259463310242e-02,-1.422123759984970093e-01,4.112843573093414307e-01,4.979196488857269287e-01,3.058440387248992920e-01,1.284954994916915894e-01,2.863262295722961426e-01,3.713364601135253906e-01,3.678162097930908203e-01,4.336093552410602570e-03,-4.175539314746856689e-02,2.221761196851730347e-01,-5.703433230519294739e-02,2.343541234731674194e-01,2.260527461767196655e-01,1.981434226036071777e-01,-1.296573430299758911e-01,6.251966208219528198e-02
5.159205794334411621e-01,1.782373189926147461e-01,4.260510206222534180e-01,2.140262722969055176e-01,4.125335514545440674e-01,2.941181957721710205e-01,1.811884939670562744e-01,5.988870263099670410e-01,5.104129314422607422e-01,4.900780022144317627e-01,6.713424324989318848e-01,9.999998211860656738e-01,6.726412177085876465e-01,5.727006196975708008e-01,1.977111399173736572e-01,6.571392714977264404e-02,3.463957011699676514e-01,-4.817770421504974365e-02,-1.472188085317611694e-01,1.844436973333358765e-01,6.310262084007263184e-01,-5.895831435918807983e-02,1.814214438199996948e-01,-1.338821053504943848e-01,2.410167604684829712e-01,1.573870144784450531e-02,3.141527175903320312e-01,4.955107271671295166e-01,7.794516533613204956e-02,2.053520977497100830e-01,-1.335913687944412231e-01,-8.960885554552078247e-02,4.968675076961517334e-01,4.116294682025909424e-01,2.195922285318374634e-01,6.552128493785858154e-02,2.301071435213088989e-01,1.602995842695236206e-01,1.690031886100769043e-01,-9.680505841970443726e-02,1.483092457056045532e-01,3.557426035404205322e-01,9.376064687967300415e-02,2.920099198818206787e-01,1.940704286098480225e-01,2.684018611907958984e-01,-1.553467810153961182e-01,2.592372708022594452e-02
4.807231426239013672e-01,2.250152826309204102e-01,3.517902195453643799e-01,1.671550273895263672e-01,5.540933012962341309e-01,3.767566978931427002e-01,3.569664955139160156e-01,5.266600251197814941e-01,5.902452468872070312e-01,6.112177968025207520e-01,6.333658695220947266e-01,6.726412177085876465e-01,1.000000000000000000e+00,4.697329699993133545e-01,3.152773082256317139e-01,1.936524659395217896e-01,5.168116688728332520e-01,7.569756358861923218e-02,-7.530980557203292847e-02,2.281746864318847656e-01,5.556107163429260254e-01,-1.072121635079383850e-01,1.917297840118408203e-01,-1.760350763797760010e-01,3.891227841377258301e-01,1.384856104850769043e-01,4.433584213256835938e-01,4.627512097358703613e-01,1.604916006326675415e-01,2.772192656993865967e-01,-9.550637006759643555e-02,-1.307238042354583740e-01,4.690892398357391357e-01,4.163938462734222412e-01,2.350130677223205566e-01,-2.277605049312114716e-02,3.687945306301116943e-01,3.230540454387664795e-01,2.679437696933746338e-01,-9.119991213083267212e-02,9.103320538997650146e-02,3.679601550102233887e-01,1.617098450660705566e-01,3.362108767032623291e-01,3.098542988300323486e-01,3.736291527748107910e-01,-1.847513914108276367e-01,5.251179635524749756e-02
4.511174857616424561e-01,1.052839159965515137e-01,3.996775746345520020e-01,1.388882100582122803e-01,2.446113526821136475e-01,1.691496223211288452e-01,1.540049910545349121e-01,5.029349327087402344e-01,2.167092710733413696e-01,2.193146347999572754e-01,4.759764373302459717e-01,5.727006196975708008e-01,4.697329699993133545e-01,9.999998211860656738e-01,5.267192721366882324e-01,1.252070963382720947e-01,3.236225545406341553e-01,1.097071319818496704e-01,9.067746996879577637e-02,2.140661478042602539e-01,4.372894465923309326e-01,-2.139186859130859375e-02,1.826554089784622192e-01,-7.377482205629348755e-02,2.943539619445800781e-01,1.091094836592674255e-01,2.342381030321121216e-01,4.301697611808776855e-01,1.524948775768280029e-01,2.591836452484130859e-01,-5.558319389820098877e-02,-7.335350662469863892e-02,4.594095349311828613e-01,3.542359173297882080e-01,-2.929701004177331924e-03,1.438181940466165543e-02,5.060201883316040039e-01,2.658608853816986084e-01,1.725263148546218872e-01,7.362652570009231567e-02,1.196806225925683975e-02,1.841681599617004395e-01,1.004611328244209290e-01,2.451530285179615021e-02,1.759547293186187744e-01,9.525699913501739502e-02,-9.043355286121368408e-02,-2.878529019653797150e-02
3.506611287593841553e-01,-4.648112505674362183e-02,2.485112845897674561e-01,2.090418934822082520e-01,2.641411311924457550e-02,8.014301769435405731e-03,7.248191535472869873e-02,1.875391602516174316e-01,6.169450283050537109e-02,-2.490705437958240509e-02,2.610035538673400879e-01,1.977111399173736572e-01,3.152773082256317139e-01,5.267192721366882324e-01,9.999995827674865723e-01,3.982081711292266846e-01,1.639604568481445312e-01,1.447474062442779541e-01,6.175223737955093384e-02,1.427830010652542114e-01,2.533935606479644775e-01,4.084594547748565674e-02,1.079525798559188843e-01,-6.642323732376098633e-02,3.543531894683837891e-01,6.670933961868286133e-02,2.580937445163726807e-01,2.368189394474029541e-01,1.180324405431747437e-01,2.961876690387725830e-01,2.065200209617614746e-01,4.211280494928359985e-03,2.399787902832031250e-01,2.223888933658599854e-01,-4.037494212388992310e-02,-4.905896633863449097e-02,3.120594322681427002e-01,4.738254249095916748e-01,2.294702231884002686e-01,1.542585343122482300e-01,-1.789086908102035522e-01,-7.258466631174087524e-02,-1.680111512541770935e-02,-1.880030483007431030e-01,9.611815959215164185e-02,-2.223388990387320518e-03,1.391724683344364166e-03,-1.487405411899089813e-02
1.546575427055358887e-01,-2.815899066627025604e-02,2.029322534799575806e-01,3.075761795043945312e-01,1.977584660053253174e-01,1.837649047374725342e-01,2.227115035057067871e-01,6.977540999650955200e-02,8.810087293386459351e-02,1.682659238576889038e-02,1.736085265874862671e-01,6.571392714977264404e-02,1.936524659395217896e-01,1.252070963382720947e-01,3.982081711292266846e-01,1.000000119209289551e+00,1.493110805749893188e-01,3.618430793285369873e-01,2.302172034978866577e-01,4.131693765521049500e-02,5.366455018520355225e-02,1.281034946441650391e-01,1.838582158088684082e-01,1.721436530351638794e-02,8.443410694599151611e-02,6.153064966201782227e-02,5.847049131989479065e-02,1.326903700828552246e-01,5.420978367328643799e-02,7.604178786277770996e-02,1.837206035852432251e-01,-6.912256777286529541e-02,4.212586581707000732e-02,2.937942445278167725e-01,2.642450332641601562e-01,1.150433719158172607e-01,1.332843452692031860e-01,4.803714454174041748e-01,3.418893814086914062e-01,1.437204927206039429e-01,-8.485336787998676300e-03,8.930868655443191528e-02,1.242272704839706421e-01,-5.204216018319129944e-02,6.608685106039047241e-02,1.368158608675003052e-01,-2.009423077106475830e-02,8.442490547895431519e-02
4.513777792453765869e-01,2.403728663921356201e-01,3.165571391582489014e-01,2.350022941827774048e-01,5.928447842597961426e-01,4.575538337230682373e-01,7.450647354125976562e-01,3.936064243316650391e-01,3.700819909572601318e-01,4.911587238311767578e-01,2.721769213676452637e-01,3.463957011699676514e-01,5.168116688728332520e-01,3.236225545406341553e-01,1.639604568481445312e-01,1.493110805749893188e-01,1.000000238418579102e+00,4.735729098320007324e-01,2.791740894317626953e-01,3.224491178989410400e-01,2.929873466491699219e-01,9.906979277729988098e-03,1.630988419055938721e-01,-3.368071094155311584e-02,3.075486421585083008e-01,3.653979897499084473e-01,2.473120391368865967e-01,3.628705143928527832e-01,2.080442458391189575e-01,9.145342558622360229e-02,-1.516343504190444946e-01,-6.070679798722267151e-02,3.878989815711975098e-01,2.986595332622528076e-01,6.590259075164794922e-02,-2.758103795349597931e-02,3.142326772212982178e-01,1.982844918966293335e-01,1.440154761075973511e-01,-2.931292913854122162e-02,1.812838912010192871e-01,4.605256319046020508e-01,2.955915331840515137e-01,3.056435286998748779e-01,2.874838411808013916e-01,3.797536194324493408e-01,-5.225631594657897949e-02,2.404374033212661743e-01
2.655793726444244385e-01,1.731680482625961304e-01,2.173860967159271240e-01,3.804510831832885742e-01,2.550321817398071289e-01,4.532581269741058350e-01,6.771567463874816895e-01,2.545039169490337372e-02,-1.865027844905853271e-02,1.712004393339157104e-01,-8.280991017818450928e-02,-4.817770421504974365e-02,7.569756358861923218e-02,1.097071319818496704e-01,1.447474062442779541e-01,3.618430793285369873e-01,4.735729098320007324e-01,9.999996423721313477e-01,6.744626760482788086e-01,4.774525761604309082e-01,5.849873274564743042e-02,3.320091962814331055e-01,9.714843332767486572e-02,6.049381196498870850e-02,7.891297340393066406e-02,3.480026125907897949e-01,2.537143044173717499e-02,1.406895816326141357e-01,2.398660928010940552e-01,-1.242399141192436218e-01,1.728959977626800537e-01,1.032513007521629333e-01,1.375727504491806030e-01,1.339196693152189255e-02,-4.915959388017654419e-02,1.970122940838336945e-02,1.321507692337036133e-01,2.061374187469482422e-01,1.182247176766395569e-01,1.638542413711547852e-01,1.896921396255493164e-01,1.619501560926437378e-01,4.232567846775054932e-01,6.286852061748504639e-02,2.188939154148101807e-01,2.922450602054595947e-01,4.942139983177185059e-02,1.677658706903457642e-01
2.130426913499832153e-01,2.330264002084732056e-01,8.758933097124099731e-02,2.643249630928039551e-01,1.569205522537231445e-01,3.896139562129974365e-01,4.730339348316192627e-01,-3.607568144798278809e-02,-1.224846988916397095e-01,1.028484106063842773e-01,-1.942498981952667236e-01,-1.472188085317611694e-01,-7.530980557203292847e-02,9.067746996879577637e-02,6.175223737955093384e-02,2.302172034978866577e-01,2.791740894317626953e-01,6.744626760482788086e-01,1.000000119209289551e+00,5.329405665397644043e-01,-4.152096435427665710e-02,2.291037142276763916e-01,6.974310427904129028e-02,5.781513080000877380e-02,-9.907238185405731201e-03,2.719036936759948730e-01,-5.674405768513679504e-02,3.090687282383441925e-02,2.326701283454895020e-01,-1.117714345455169678e-01,7.089066505432128906e-02,5.917804315686225891e-02,5.575986206531524658e-02,-1.198773086071014404e-01,-2.214750647544860840e-01,-6.919417530298233032e-02,1.226731911301612854e-01,2.393269911408424377e-02,8.790837600827217102e-03,1.665256172418594360e-01,1.501379609107971191e-01,1.698041260242462158e-01,4.374617040157318115e-01,4.715042561292648315e-02,1.601363271474838257e-01,1.988490521907806396e-01,3.840583190321922302e-02,1.329490244388580322e-01
4.070544540882110596e-01,4.434189498424530029e-01,1.813315600156784058e-01,3.308618068695068359e-01,2.936079502105712891e-01,5.260280966758728027e-01,4.269430339336395264e-01,1.027155667543411255e-01,3.488575294613838196e-02,2.879863381385803223e-01,-4.321040958166122437e-02,1.844436973333358765e-01,2.281746864318847656e-01,2.140661478042602539e-01,1.427830010652542114e-01,4.131693765521049500e-02,3.224491178989410400e-01,4.774525761604309082e-01,5.329405665397644043e-01,1.000000119209289551e+00,4.241319894790649414e-01,8.883208036422729492e-02,-8.897767961025238037e-02,-4.172360524535179138e-02,-9.624996222555637360e-03,1.837224364280700684e-01,1.082319840788841248e-01,2.345749437808990479e-01,4.215921759605407715e-01,1.076637730002403259e-01,2.012518942356109619e-01,2.118360102176666260e-01,2.165903896093368530e-01,-6.663331389427185059e-02,-1.567538231611251831e-01,-1.320017278194427490e-01,8.710812777280807495e-02,6.855944544076919556e-02,-6.565154343843460083e-02,-3.492031246423721313e-02,3.747650086879730225e-01,3.014988303184509277e-01,4.630879461765289307e-01,2.319657355546951294e-01,3.031511306762695312e-01,3.709747791290283203e-01,5.130584537982940674e-02,1.276423484086990356e-01
5.481019020080566406e-01,2.236005961894989014e-01,4.684490561485290527e-01,4.217285811901092529e-01,2.747396528720855713e-01,2.574438154697418213e-01,2.119219899177551270e-01,2.936613261699676514e-01,2.482475787401199341e-01,2.640260756015777588e-01,4.343898594379425049e-01,6.310262084007263184e-01,5.556107163429260254e-01,4.372894465923309326e-01,2.533935606479644775e-01,5.366455018520355225e-02,2.929873466491699219e-01,5.849873274564743042e-02,-4.152096435427665710e-02,4.241319894790649414e-01,1.000000119209289551e+00,1.397871226072311401e-01,8.838551491498947144e-02,-1.822561472654342651e-01,1.727292388677597046e-01,4.332378972321748734e-03,3.158003985881805420e-01,5.529422163963317871e-01,3.010196089744567871e-01,3.974725008010864258e-01,2.246862947940826416e-01,-6.570753455162048340e-02,2.991220057010650635e-01,1.424624621868133545e-01,1.411901563405990601e-01,-1.037540882825851440e-01,1.135088875889778137e-01,1.422186940908432007e-01,6.732910126447677612e-02,-1.046807914972305298e-01,1.955910027027130127e-01,3.327665925025939941e-01,1.847620159387588501e-01,1.197353675961494446e-01,3.315016925334930420e-01,2.806944847106933594e-01,-1.260266155004501343e-01,6.560008227825164795e-02
2.037995904684066772e-01,-9.569602459669113159e-02,2.392075210809707642e-01,3.458684384822845459e-01,-9.209513664245605469e-02,3.068501688539981842e-02,2.216039150953292847e-01,-1.475793719291687012e-01,-1.941747218370437622e-01,-1.436837315559387207e-01,1.136986445635557175e-02,-5.895831435918807983e-02,-1.072121635079383850e-01,-2.139186859130859375e-02,4.084594547748565674e-02,1.281034946441650391e-01,9.906979277729988098e-03,3.320091962814331055e-01,2.291037142276763916e-01,8.883208036422729492e-02,1.397871226072311401e-01,1.000000119209289551e+00,3.890539109706878662e-01,2.237295210361480713e-01,-6.750440597534179688e-02,2.348868176341056824e-02,-4.339643195271492004e-02,1.435666680335998535e-01,1.187154948711395264e-01,2.253728732466697693e-02,3.540202677249908447e-01,1.704399287700653076e-01,-1.630502045154571533e-01,-7.467099279165267944e-02,8.715700358152389526e-02,2.204725295305252075e-01,-1.077148616313934326e-01,6.258185952901840210e-02,3.980145454406738281e-01,4.564028680324554443e-01,-6.232392415404319763e-02,-5.857892334461212158e-02,1.380655467510223389e-01,-2.327538579702377319e-01,1.843371689319610596e-01,4.398559778928756714e-02,1.291004866361618042e-01,1.259457468986511230e-01
7.300556451082229614e-02,1.026252508163452148e-01,1.902066729962825775e-02,-4.643354564905166626e-02,1.214805692434310913e-01,3.287293016910552979e-02,1.315715610980987549e-01,2.068427056074142456e-01,1.663939356803894043e-01,1.516124308109283447e-01,2.350520789623260498e-01,1.814214438199996948e-01,1.917297840118408203e-01,1.826554089784622192e-01,1.079525798559188843e-01,1.838582158088684082e-01,1.630988419055938721e-01,9.714843332767486572e-02,6.974310427904129028e-02,-8.897767961025238037e-02,8.838551491498947144e-02,3.890539109706878662e-01,9.999999403953552246e-01,3.244068622589111328e-01,1.540343016386032104e-01,1.584864705801010132e-01,7.671072334051132202e-02,1.180718541145324707e-01,2.431463077664375305e-02,3.127598389983177185e-02,-8.889315277338027954e-02,-2.963663823902606964e-02,1.150780469179153442e-01,2.258319258689880371e-01,9.904103726148605347e-02,3.550178706645965576e-01,1.369919031858444214e-01,9.608387947082519531e-03,3.494825065135955811e-01,3.981616199016571045e-01,8.392997086048126221e-02,2.395483702421188354e-01,8.478330075740814209e-02,8.176815509796142578e-02,1.592637300491333008e-01,7.317682355642318726e-02,1.294685900211334229e-01,2.648047804832458496e-01
-1.789839118719100952e-01,2.103020250797271729e-01,-1.397656798362731934e-01,-8.749206364154815674e-02,-2.316744066774845123e-02,1.433524303138256073e-02,3.486071946099400520e-04,6.890866905450820923e-02,5.257837846875190735e-02,-2.009848691523075104e-02,-3.250233829021453857e-02,-1.338821053504943848e-01,-1.760350763797760010e-01,-7.377482205629348755e-02,-6.642323732376098633e-02,1.721436530351638794e-02,-3.368071094155311584e-02,6.049381196498870850e-02,5.781513080000877380e-02,-4.172360524535179138e-02,-1.822561472654342651e-01,2.237295210361480713e-01,3.244068622589111328e-01,1.000000000000000000e+00,-5.924217402935028076e-02,1.024055927991867065e-01,-1.476134061813354492e-01,-9.226178377866744995e-02,1.446492224931716919e-01,-1.180653125047683716e-01,1.799066215753555298e-01,3.714855015277862549e-01,-2.413180842995643616e-02,9.440239518880844116e-02,1.526049245148897171e-02,5.549135804176330566e-01,8.815512061119079590e-02,8.954146504402160645e-02,9.459446370601654053e-02,2.621963024139404297e-01,1.436653584241867065e-01,6.159038096666336060e-02,6.653289496898651123e-02,9.859205037355422974e-02,1.443053483963012695e-01,5.744381248950958252e-02,7.412250041961669922e-01,4.735727012157440186e-01
2.570460140705108643e-01,-2.471524290740489960e-03,5.116997659206390381e-02,-8.664520084857940674e-02,2.769195735454559326e-01,3.510709106922149658e-02,1.553479284048080444e-01,3.536237478256225586e-01,3.146566450595855713e-01,1.831157952547073364e-01,3.421696126461029053e-01,2.410167604684829712e-01,3.891227841377258301e-01,2.943539619445800781e-01,3.543531894683837891e-01,8.443410694599151611e-02,3.075486421585083008e-01,7.891297340393066406e-02,-9.907238185405731201e-03,-9.624996222555637360e-03,1.727292388677597046e-01,-6.750440597534179688e-02,1.540343016386032104e-01,-5.924217402935028076e-02,1.000000119209289551e+00,2.497057244181632996e-02,5.449036955833435059e-01,2.498141527175903320e-01,8.542249351739883423e-02,1.178312227129936218e-01,1.948991976678371429e-02,-3.131040185689926147e-02,5.070213675498962402e-01,2.596548795700073242e-01,1.850235164165496826e-01,3.617884963750839233e-02,1.518140435218811035e-01,2.899848818778991699e-01,2.270993590354919434e-01,1.720174029469490051e-02,-1.127415224909782410e-01,1.367409229278564453e-01,8.943442255258560181e-02,8.353976905345916748e-02,9.532928466796875000e-02,9.106593579053878784e-02,-2.004211954772472382e-02,1.099655777215957642e-01
-1.774505525827407837e-02,2.533670961856842041e-01,6.923388689756393433e-02,1.140214726328849792e-01,1.933899819850921631e-01,2.117009460926055908e-01,4.931131303310394287e-01,1.453844010829925537e-01,2.030750066041946411e-01,1.922565847635269165e-01,-3.213629499077796936e-02,1.573870144784450531e-02,1.384856104850769043e-01,1.091094836592674255e-01,6.670933961868286133e-02,6.153064966201782227e-02,3.653979897499084473e-01,3.480026125907897949e-01,2.719036936759948730e-01,1.837224364280700684e-01,4.332378972321748734e-03,2.348868176341056824e-02,1.584864705801010132e-01,1.024055927991867065e-01,2.497057244181632996e-02,9.999998211860656738e-01,-9.747944027185440063e-02,-5.607428029179573059e-02,1.378015279769897461e-01,-1.710641197860240936e-02,-1.140152104198932648e-02,2.547971904277801514e-02,9.559376537799835205e-02,1.946855783462524414e-01,-1.021813899278640747e-01,8.219597861170768738e-03,2.433534711599349976e-01,5.908933281898498535e-02,1.508867461234331131e-02,-3.705672919750213623e-02,2.346061915159225464e-01,2.565201520919799805e-01,1.206183061003684998e-01,1.173091903328895569e-01,6.077368557453155518e-02,5.211336165666580200e-02,8.223181962966918945e-02,1.762687712907791138e-01
3.570400774478912354e-01,2.460994720458984375e-01,7.294733822345733643e-02,-6.555806845426559448e-02,2.770002186298370361e-01,7.047053426504135132e-02,1.313865631818771362e-01,2.476193159818649292e-01,3.274141252040863037e-01,3.115853667259216309e-01,3.970081508159637451e-01,3.141527175903320312e-01,4.433584213256835938e-01,2.342381030321121216e-01,2.580937445163726807e-01,5.847049131989479065e-02,2.473120391368865967e-01,2.537143044173717499e-02,-5.674405768513679504e-02,1.082319840788841248e-01,3.158003985881805420e-01,-4.339643195271492004e-02,7.671072334051132202e-02,-1.476134061813354492e-01,5.449036955833435059e-01,-9.747944027185440063e-02,1.000000000000000000e+00,2.953089177608489990e-01,1.545841693878173828e-01,2.372774928808212280e-01,6.030803546309471130e-02,-1.035567596554756165e-01,3.902699947357177734e-01,2.043922841548919678e-01,2.901093065738677979e-01,-8.458124846220016479e-02,1.280980706214904785e-01,2.600369453430175781e-01,2.356173992156982422e-01,-2.423274330794811249e-02,-9.463848173618316650e-02,9.335014224052429199e-02,-3.011099621653556824e-02,2.923986017704010010e-01,3.053146600723266602e-01,2.758116722106933594e-01,-1.552872955799102783e-01,1.157773192971944809e-02
6.307274699211120605e-01,1.244457587599754333e-01,6.010113954544067383e-01,3.350598514080047607e-01,3.294950723648071289e-01,2.909548878669738770e-01,2.669806778430938721e-01,3.102133572101593018e-01,2.507448494434356689e-01,3.028532266616821289e-01,3.592262566089630127e-01,4.955107271671295166e-01,4.627512097358703613e-01,4.301697611808776855e-01,2.368189394474029541e-01,1.326903700828552246e-01,3.628705143928527832e-01,1.406895816326141357e-01,3.090687282383441925e-02,2.345749437808990479e-01,5.529422163963317871e-01,1.435666680335998535e-01,1.180718541145324707e-01,-9.226178377866744995e-02,2.498141527175903320e-01,-5.607428029179573059e-02,2.953089177608489990e-01,9.999997615814208984e-01,5.209497809410095215e-01,4.512538313865661621e-01,1.449196487665176392e-01,-1.300898343324661255e-01,4.284416139125823975e-01,2.432608455419540405e-01,2.317828983068466187e-01,1.043541729450225830e-01,2.110785990953445435e-01,1.552255004644393921e-01,2.425664812326431274e-01,5.252749845385551453e-02,1.620054990053176880e-01,2.430859655141830444e-01,2.561501562595367432e-01,7.042133808135986328e-02,2.656232118606567383e-01,2.988935112953186035e-01,-1.075138002634048462e-01,9.812715649604797363e-02
3.054602742195129395e-01,4.622463881969451904e-01,1.559510380029678345e-01,1.264085918664932251e-01,2.185797840356826782e-01,3.017045855522155762e-01,2.447813600301742554e-01,1.376185566186904907e-01,7.271339744329452515e-02,1.719820350408554077e-01,-3.389409929513931274e-02,7.794516533613204956e-02,1.604916006326675415e-01,1.524948775768280029e-01,1.180324405431747437e-01,5.420978367328643799e-02,2.080442458391189575e-01,2.398660928010940552e-01,2.326701283454895020e-01,4.215921759605407715e-01,3.010196089744567871e-01,1.187154948711395264e-01,2.431463077664375305e-02,1.446492224931716919e-01,8.542249351739883423e-02,1.378015279769897461e-01,1.545841693878173828e-01,5.209497809410095215e-01,9.999997615814208984e-01,3.849614560604095459e-01,3.975962698459625244e-01,2.132455557584762573e-01,2.948168814182281494e-01,2.170477248728275299e-02,3.843931853771209717e-02,1.575238704681396484e-01,2.276682853698730469e-01,1.217491999268531799e-01,1.672599166631698608e-01,1.036905720829963684e-01,3.757509887218475342e-01,3.393930792808532715e-01,5.273327827453613281e-01,1.141305789351463318e-01,3.656492233276367188e-01,3.283266723155975342e-01,2.019837200641632080e-01,2.418233752250671387e-01
2.406615316867828369e-01,3.894568234682083130e-02,2.269769310951232910e-01,6.105510890483856201e-02,6.122279446572065353e-03,-4.140725731849670410e-02,-3.059480339288711548e-03,1.356832832098007202e-01,9.319968521595001221e-02,1.119217872619628906e-01,2.016551494598388672e-01,2.053520977497100830e-01,2.772192656993865967e-01,2.591836452484130859e-01,2.961876690387725830e-01,7.604178786277770996e-02,9.145342558622360229e-02,-1.242399141192436218e-01,-1.117714345455169678e-01,1.076637730002403259e-01,3.974725008010864258e-01,2.253728732466697693e-02,3.127598389983177185e-02,-1.180653125047683716e-01,1.178312227129936218e-01,-1.710641197860240936e-02,2.372774928808212280e-01,4.512538313865661621e-01,3.849614560604095459e-01,1.000000119209289551e+00,3.546450138092041016e-01,-1.967384368181228638e-01,1.600788980722427368e-01,2.220414578914642334e-01,2.932622134685516357e-01,7.815003395080566406e-02,2.218201011419296265e-01,2.164143621921539307e-01,2.376143336296081543e-01,8.532681316137313843e-02,-7.752029597759246826e-02,4.535787552595138550e-02,-6.035429891198873520e-03,-6.041768565773963928e-02,3.061717376112937927e-02,4.098154231905937195e-02,-1.544718593358993530e-01,3.033446893095970154e-02
-1.702716201543807983e-02,7.964767515659332275e-02,-1.277772802859544754e-02,1.245865970849990845e-01,-1.843709051609039307e-01,-7.938316464424133301e-02,-6.547391880303621292e-03,-1.373200267553329468e-01,-8.545301109552383423e-02,-1.700585633516311646e-01,-4.361833259463310242e-02,-1.335913687944412231e-01,-9.550637006759643555e-02,-5.558319389820098877e-02,2.065200209617614746e-01,1.837206035852432251e-01,-1.516343504190444946e-01,1.728959977626800537e-01,7.089066505432128906e-02,2.012518942356109619e-01,2.246862947940826416e-01,3.540202677249908447e-01,-8.889315277338027954e-02,1.799066215753555298e-01,1.948991976678371429e-02,-1.140152104198932648e-02,6.030803546309471130e-02,1.449196487665176392e-01,3.975962698459625244e-01,3.546450138092041016e-01,1.000000000000000000e+00,3.299365639686584473e-01,-7.698831707239151001e-02,-2.279574424028396606e-02,1.922916173934936523e-01,2.667348086833953857e-01,9.578474797308444977e-03,3.515453338623046875e-01,2.538848221302032471e-01,1.905306726694107056e-01,-2.319789957255125046e-03,-1.682494953274726868e-02,1.870212852954864502e-01,-1.632126569747924805e-01,1.376412212848663330e-01,1.431453675031661987e-01,2.825013697147369385e-01,6.563473492860794067e-02
-3.841062262654304504e-02,1.548561751842498779e-01,-1.952455937862396240e-01,-8.331480622291564941e-02,-3.394387289881706238e-02,3.969836980104446411e-02,-1.929404027760028839e-02,-2.039408497512340546e-02,-4.717374965548515320e-02,-3.773598000407218933e-02,-1.422123759984970093e-01,-8.960885554552078247e-02,-1.307238042354583740e-01,-7.335350662469863892e-02,4.211280494928359985e-03,-6.912256777286529541e-02,-6.070679798722267151e-02,1.032513007521629333e-01,5.917804315686225891e-02,2.118360102176666260e-01,-6.570753455162048340e-02,1.704399287700653076e-01,-2.963663823902606964e-02,3.714855015277862549e-01,-3.131040185689926147e-02,2.547971904277801514e-02,-1.035567596554756165e-01,-1.300898343324661255e-01,2.132455557584762573e-01,-1.967384368181228638e-01,3.299365639686584473e-01,1.000000476837158203e+00,8.677956648170948029e-03,-9.217488020658493042e-02,-1.620009541511535645e-01,3.157660067081451416e-01,-8.240853250026702881e-02,9.361525624990463257e-02,9.395821392536163330e-02,1.172640398144721985e-01,1.593038588762283325e-01,8.621729910373687744e-02,2.806411981582641602e-01,-9.507624432444572449e-03,1.157177314162254333e-01,1.198405101895332336e-01,6.354181766510009766e-01,4.005122929811477661e-02
4.221620857715606689e-01,3.052521646022796631e-01,1.583620309829711914e-01,-4.589074105024337769e-02,5.335112810134887695e-01,3.941383063793182373e-01,2.313425093889236450e-01,6.440399885177612305e-01,4.758321642875671387e-01,4.002823829650878906e-01,4.112843573093414307e-01,4.968675076961517334e-01,4.690892398357391357e-01,4.594095349311828613e-01,2.399787902832031250e-01,4.212586581707000732e-02,3.878989815711975098e-01,1.375727504491806030e-01,5.575986206531524658e-02,2.165903896093368530e-01,2.991220057010650635e-01,-1.630502045154571533e-01,1.150780469179153442e-01,-2.413180842995643616e-02,5.070213675498962402e-01,9.559376537799835205e-02,3.902699947357177734e-01,4.284416139125823975e-01,2.948168814182281494e-01,1.600788980722427368e-01,-7.698831707239151001e-02,8.677956648170948029e-03,9.999999403953552246e-01,4.679942131042480469e-01,1.784504354000091553e-01,1.388035863637924194e-01,3.538660109043121338e-01,2.985798716545104980e-01,1.624984890222549438e-01,-1.757183112204074860e-02,2.659730613231658936e-01,3.171359896659851074e-01,2.096872478723526001e-01,2.684302628040313721e-01,2.171125710010528564e-01,2.547960579395294189e-01,5.845741834491491318e-03,1.426303535699844360e-01
