1.000000357627868652e+00,2.984927296638488770e-01,6.292051672935485840e-01,6.504150629043579102e-01,5.074995756149291992e-01,5.353800058364868164e-01,4.198424220085144043e-01,3.639434874057769775e-01,4.809070527553558350e-01,3.263545632362365723e-01,3.509322404861450195e-01,4.321379363536834717e-01,4.059971272945404053e-01,3.276398777961730957e-01,3.168505728244781494e-01,3.507971763610839844e-01,3.394217193126678467e-01,3.341945707798004150e-01,1.807963848114013672e-01,3.408814370632171631e-01,3.517948985099792480e-01,4.202139079570770264e-01,1.726448684930801392e-01,2.361507713794708252e-01,5.783366560935974121e-01,4.797659814357757568e-01,4.154751300811767578e-01,7.836214303970336914e-01,6.625388860702514648e-01,5.607700943946838379e-01,4.544659554958343506e-01,3.417009413242340088e-01,4.930255711078643799e-01,2.634893357753753662e-01,8.930090069770812988e-02,2.766739130020141602e-01,4.895090684294700623e-02,2.015203535556793213e-01,1.633315682411193848e-01,1.221358105540275574e-01,3.601855635643005371e-01,2.373400479555130005e-01,1.857443451881408691e-01,2.489850968122482300e-01,8.436691015958786011e-02,2.657272815704345703e-01,2.476836144924163818e-01,2.708327472209930420e-01
2.984927296638488770e-01,1.000000000000000000e+00,3.174865543842315674e-01,3.507440388202667236e-01,4.034463465213775635e-01,3.721317052841186523e-01,5.780702233314514160e-01,2.436444014310836792e-01,4.247317910194396973e-01,5.361855030059814453e-01,2.714296877384185791e-01,2.532720863819122314e-01,5.532656908035278320e-01,1.455632597208023071e-01,2.086541354656219482e-01,3.577071428298950195e-01,5.157471299171447754e-01,4.903650283813476562e-01,3.637281954288482666e-01,5.382718443870544434e-01,5.264412164688110352e-01,4.423412382602691650e-01,5.153330564498901367e-01,4.926737546920776367e-01,1.751889139413833618e-01,3.662718236446380615e-01,3.172261118888854980e-01,2.601189911365509033e-01,4.000654518604278564e-01,2.621336579322814941e-01,4.307240843772888184e-01,4.653937816619873047e-01,3.590286970138549805e-01,2.034869492053985596e-01,2.141872495412826538e-01,3.945919573307037354e-01,-2.680079638957977295e-02,2.104655355215072632e-01,3.553426265716552734e-01,3.961386084556579590e-01,5.670080184936523438e-01,4.678705930709838867e-01,3.487763702869415283e-01,3.385524451732635498e-01,6.331461668014526367e-01,5.380860567092895508e-01,4.673840105533599854e-01,4.483550488948822021e-01
6.292051672935485840e-01,3.174865543842315674e-01,1.000000476837158203e+00,6.792802810668945312e-01,5.477333664894104004e-01,5.106475353240966797e-01,4.740853011608123779e-01,3.464486300945281982e-01,4.445843696594238281e-01,3.033615946769714355e-01,3.162378668785095215e-01,5.286946892738342285e-01,4.769605398178100586e-01,1.836189180612564087e-01,2.838656902313232422e-01,4.433259665966033936e-01,4.030558466911315918e-01,2.619477808475494385e-01,2.336345613002777100e-01,3.568069040775299072e-01,3.295353949069976807e-01,3.943471312522888184e-01,2.611234784126281738e-01,1.907733231782913208e-01,3.308165967464447021e-01,4.843985736370086670e-01,3.729915618896484375e-01,5.606516003608703613e-01,5.275394916534423828e-01,4.750555753707885742e-01,3.113600611686706543e-01,3.028032183647155762e-01,4.022307693958282471e-01,8.525553345680236816e-02,1.864258497953414917e-01,3.483733534812927246e-01,-2.520579844713211060e-02,1.387829929590225220e-01,2.191633582115173340e-01,2.354242950677871704e-01,2.844591736793518066e-01,1.376198679208755493e-01,1.583428233861923218e-01,3.664742708206176758e-01,1.398980170488357544e-01,2.919665873050689697e-01,1.801090240478515625e-01,2.768598496913909912e-01
6.504150629043579102e-01,3.507440388202667236e-01,6.792802810668945312e-01,1.000000119209289551e+00,5.532144904136657715e-01,5.827829837799072266e-01,6.413012742996215820e-01,3.096700906753540039e-01,4.974339008331298828e-01,3.273923397064208984e-01,2.772538959980010986e-01,3.794190883636474609e-01,4.564927518367767334e-01,1.844691634178161621e-01,2.296316921710968018e-01,4.964454472064971924e-01,5.431666970252990723e-01,4.713612496852874756e-01,3.643410205841064453e-01,5.117627382278442383e-01,4.483309388160705566e-01,5.351735949516296387e-01,3.861392736434936523e-01,2.352392524480819702e-01,2.494595050811767578e-01,5.624905824661254883e-01,2.738351821899414062e-01,4.325113594532012939e-01,4.259859919548034668e-01,4.414808750152587891e-01,3.849704265594482422e-01,2.802472412586212158e-01,3.776643276214599609e-01,1.018693447113037109e-01,1.693730056285858154e-01,3.959254920482635498e-01,7.286981679499149323e-03,1.547192484140396118e-01,2.700172364711761475e-01,2.968657612800598145e-01,4.310996532440185547e-01,3.207876086235046387e-01,2.832681238651275635e-01,3.204794824123382568e-01,9.324731677770614624e-02,2.805828452110290527e-01,1.977338641881942749e-01,3.572815656661987305e-01
5.074995756149291992e-01,4.034463465213775635e-01,5.477333664894104004e-01,5.532144904136657715e-01,1.000000119209289551e+00,6.592625975608825684e-01,5.184945464134216309e-01,2.965264916419982910e-01,4.487303197383880615e-01,4.553937613964080811e-01,4.134262800216674805e-01,4.673072397708892822e-01,5.355260968208312988e-01,6.221966445446014404e-02,1.363843232393264771e-01,4.265330135822296143e-01,4.473764300346374512e-01,3.393310010433197021e-01,2.399112731218338013e-01,3.646498024463653564e-01,2.756707370281219482e-01,4.083222448825836182e-01,3.060824275016784668e-01,2.975621819496154785e-01,3.001561462879180908e-01,4.383029341697692871e-01,3.146595656871795654e-01,4.368444979190826416e-01,3.489812016487121582e-01,3.404843509197235107e-01,2.855229675769805908e-01,1.910723894834518433e-01,3.240374028682708740e-01,1.010882109403610229e-02,1.651303172111511230e-01,3.023108541965484619e-01,-4.620989412069320679e-02,9.980333596467971802e-02,2.445675432682037354e-01,2.211938947439193726e-01,5.309865474700927734e-01,3.125004470348358154e-01,3.432437777519226074e-01,4.265034198760986328e-01,2.447597086429595947e-01,3.918599784374237061e-01,2.035968750715255737e-01,2.707637548446655273e-01
5.353800058364868164e-01,3.721317052841186523e-01,5.106475353240966797e-01,5.827829837799072266e-01,6.592625975608825684e-01,1.000000357627868652e+00,5.544503331184387207e-01,4.368795454502105713e-01,4.419949948787689209e-01,3.997367918491363525e-01,2.532708644866943359e-01,3.967384994029998779e-01,4.883300364017486572e-01,2.330755144357681274e-01,1.081232633441686630e-02,3.154301941394805908e-01,4.920952320098876953e-01,4.346026182174682617e-01,3.982296586036682129e-01,4.424792528152465820e-01,3.083642125129699707e-01,4.661822915077209473e-01,3.232310116291046143e-01,2.156035304069519043e-01,2.322351634502410889e-01,5.078554749488830566e-01,2.394521236419677734e-01,3.749231100082397461e-01,4.011646211147308350e-01,4.650259912014007568e-01,4.297068119049072266e-01,2.449111789464950562e-01,3.224086165428161621e-01,2.581968531012535095e-02,-6.668298738077282906e-04,3.291859328746795654e-01,7.873345166444778442e-02,4.576208302751183510e-04,1.157017350196838379e-01,1.910814642906188965e-01,4.857511222362518311e-01,4.061262011528015137e-01,3.453186750411987305e-01,2.734483182430267334e-01,1.547567397356033325e-01,2.978817522525787354e-01,1.948712617158889771e-01,2.808753550052642822e-01
4.198424220085144043e-01,5.780702233314514160e-01,4.740853011608123779e-01,6.413012742996215820e-01,5.184945464134216309e-01,5.544503331184387207e-01,1.000000119209289551e+00,2.881826162338256836e-01,5.548210740089416504e-01,5.650227665901184082e-01,3.201126456260681152e-01,3.705841898918151855e-01,5.545744895935058594e-01,1.737714260816574097e-01,1.269502937793731689e-01,5.260983109474182129e-01,8.637313246726989746e-01,8.163186907768249512e-01,6.746927499771118164e-01,6.989201307296752930e-01,5.674039125442504883e-01,6.596949100494384766e-01,7.641541361808776855e-01,3.789770603179931641e-01,1.736143976449966431e-01,6.652343273162841797e-01,2.731576859951019287e-01,2.024014592170715332e-01,3.622364997863769531e-01,2.884325981140136719e-01,4.717791676521301270e-01,3.950046002864837646e-01,3.513249456882476807e-01,8.343904465436935425e-02,3.131279647350311279e-01,4.625551700592041016e-01,-8.431411348283290863e-03,1.768341660499572754e-01,4.154455959796905518e-01,4.864452481269836426e-01,4.564841687679290771e-01,5.364314317703247070e-01,5.525435209274291992e-01,3.434056043624877930e-01,3.644550740718841553e-01,5.364298820495605469e-01,3.657287657260894775e-01,5.735234618186950684e-01
3.639434874057769775e-01,2.436444014310836792e-01,3.464486300945281982e-01,3.096700906753540039e-01,2.965264916419982910e-01,4.368795454502105713e-01,2.881826162338256836e-01,9.999998211860656738e-01,3.495956659317016602e-01,2.821474969387054443e-01,3.188368976116180420e-01,3.409161865711212158e-01,3.153664469718933105e-01,3.376004695892333984e-01,-2.762817405164241791e-02,1.234543621540069580e-01,3.072058558464050293e-01,2.505058944225311279e-01,2.034209519624710083e-01,2.458820194005966187e-01,2.097120881080627441e-01,2.944201827049255371e-01,1.825205087661743164e-01,2.523285746574401855e-01,6.972082704305648804e-02,4.041949212551116943e-01,2.438001483678817749e-01,2.914041876792907715e-01,2.794496417045593262e-01,3.050301373004913330e-01,2.121167480945587158e-01,3.112259209156036377e-01,3.041559159755706787e-01,2.358925193548202515e-01,9.583791345357894897e-02,3.717982769012451172e-01,2.765313256531953812e-03,-1.116624101996421814e-01,-8.298806101083755493e-02,1.160469353199005127e-01,3.270980119705200195e-01,1.698915660381317139e-01,4.450827836990356445e-02,2.724541723728179932e-01,-1.670947670936584473e-02,1.244644895195960999e-01,3.081491887569427490e-01,1.802819222211837769e-01
4.809070527553558350e-01,4.247317910194396973e-01,4.445843696594238281e-01,4.974339008331298828e-01,4.487303197383880615e-01,4.419949948787689209e-01,5.548210740089416504e-01,3.495956659317016602e-01,1.000000238418579102e+00,6.659294366836547852e-01,5.265406966209411621e-01,5.990056991577148438e-01,5.373366475105285645e-01,1.978727132081985474e-01,3.175548613071441650e-01,4.400347471237182617e-01,5.546482205390930176e-01,4.855836629867553711e-01,2.957055568695068359e-01,4.204847812652587891e-01,3.615571856498718262e-01,4.220604598522186279e-01,4.616917073726654053e-01,5.482933521270751953e-01,4.286413788795471191e-01,5.891126394271850586e-01,4.050310850143432617e-01,3.747061491012573242e-01,4.246455132961273193e-01,4.406993985176086426e-01,4.273044466972351074e-01,4.462508857250213623e-01,4.038427174091339111e-01,9.671045839786529541e-02,3.114445507526397705e-01,5.473998785018920898e-01,9.472081065177917480e-02,2.179890275001525879e-01,3.264872431755065918e-01,2.865670919418334961e-01,4.833147525787353516e-01,2.786208391189575195e-01,2.747094631195068359e-01,6.017383337020874023e-01,1.193875074386596680e-01,4.639510810375213623e-01,3.916292190551757812e-01,3.856788277626037598e-01
3.263545632362365723e-01,5.361855030059814453e-01,3.033615946769714355e-01,3.273923397064208984e-01,4.553937613964080811e-01,3.997367918491363525e-01,5.650227665901184082e-01,2.821474969387054443e-01,6.659294366836547852e-01,1.000000119209289551e+00,4.917567372322082520e-01,6.357620954513549805e-01,6.515294313430786133e-01,1.308388262987136841e-01,1.671102792024612427e-01,4.236808419227600098e-01,6.125035285949707031e-01,4.941880404949188232e-01,3.812642395496368408e-01,5.613394379615783691e-01,4.946539402008056641e-01,4.743196368217468262e-01,5.509016513824462891e-01,5.810412168502807617e-01,2.056524008512496948e-01,4.038773179054260254e-01,2.809779345989227295e-01,2.664373815059661865e-01,3.208056390285491943e-01,3.380703032016754150e-01,4.297256767749786377e-01,4.737603962421417236e-01,2.039263099431991577e-01,8.172719180583953857e-02,3.744078576564788818e-01,4.982967376708984375e-01,9.351362474262714386e-03,1.520316004753112793e-01,3.663069903850555420e-01,4.072441756725311279e-01,4.485725462436676025e-01,3.735220730304718018e-01,3.785076141357421875e-01,4.879651367664337158e-01,3.962967097759246826e-01,6.587094664573669434e-01,4.572761356830596924e-01,3.954070210456848145e-01
3.509322404861450195e-01,2.714296877384185791e-01,3.162378668785095215e-01,2.772538959980010986e-01,4.134262800216674805e-01,2.532708644866943359e-01,3.201126456260681152e-01,3.188368976116180420e-01,5.265406966209411621e-01,4.917567372322082520e-01,9.999999403953552246e-01,6.822438240051269531e-01,4.856752753257751465e-01,1.884849220514297485e-01,4.244105517864227295e-01,3.484095335006713867e-01,3.886162936687469482e-01,2.302118837833404541e-01,7.638930529356002808e-02,1.716671586036682129e-01,2.276025414466857910e-01,2.479078918695449829e-01,2.580405175685882568e-01,4.023351669311523438e-01,3.362679481506347656e-01,3.301245868206024170e-01,3.695722520351409912e-01,3.919405639171600342e-01,3.019671738147735596e-01,2.643432915210723877e-01,1.974642127752304077e-01,2.976213991641998291e-01,2.599308788776397705e-01,4.713784903287887573e-02,2.907505929470062256e-01,3.423244357109069824e-01,-3.520827041938900948e-03,3.187948167324066162e-01,3.748925924301147461e-01,1.533674299716949463e-01,3.881187438964843750e-01,2.345404177904129028e-01,1.741103976964950562e-01,4.261289536952972412e-01,1.677156388759613037e-01,3.389073908329010010e-01,3.055951297283172607e-01,1.929760128259658813e-01
4.321379363536834717e-01,2.532720863819122314e-01,5.286946892738342285e-01,3.794190883636474609e-01,4.673072397708892822e-01,3.967384994029998779e-01,3.705841898918151855e-01,3.409161865711212158e-01,5.990056991577148438e-01,6.357620954513549805e-01,6.822438240051269531e-01,1.000000119209289551e+00,6.253535747528076172e-01,1.858080625534057617e-01,3.627466857433319092e-01,5.580343008041381836e-01,4.719349443912506104e-01,3.075950741767883301e-01,2.013592272996902466e-01,3.007078170776367188e-01,2.982518076896667480e-01,4.362151622772216797e-01,3.525715470314025879e-01,4.078793823719024658e-01,3.684458732604980469e-01,3.295359909534454346e-01,4.174531102180480957e-01,4.409692883491516113e-01,3.612062036991119385e-01,4.681212007999420166e-01,3.629172146320343018e-01,3.616785109043121338e-01,3.114157617092132568e-01,-4.425474628806114197e-02,2.487632632255554199e-01,4.665519297122955322e-01,5.132609605789184570e-02,2.252880930900573730e-01,3.719377517700195312e-01,2.224105000495910645e-01,3.021974563598632812e-01,1.625466346740722656e-01,1.836388856172561646e-01,5.205668807029724121e-01,1.420831531286239624e-01,3.871520459651947021e-01,3.290946483612060547e-01,2.537494301795959473e-01
4.059971272945404053e-01,5.532656908035278320e-01,4.769605398178100586e-01,4.564927518367767334e-01,5.355260968208312988e-01,4.883300364017486572e-01,5.545744895935058594e-01,3.153664469718933105e-01,5.373366475105285645e-01,6.515294313430786133e-01,4.856752753257751465e-01,6.253535747528076172e-01,9.999999403953552246e-01,2.601580619812011719e-01,3.178721964359283447e-01,5.090026855468750000e-01,5.714367032051086426e-01,4.590238630771636963e-01,3.607475459575653076e-01,5.668854713439941406e-01,5.220304131507873535e-01,5.363122224807739258e-01,4.726782739162445068e-01,4.350857138633728027e-01,2.930364608764648438e-01,3.727923929691314697e-01,2.986390888690948486e-01,3.277937471866607666e-01,3.047437965869903564e-01,4.077191650867462158e-01,3.942753970623016357e-01,3.124007880687713623e-01,3.046706020832061768e-01,1.464069485664367676e-01,1.380330324172973633e-01,3.309658169746398926e-01,4.803793132305145264e-02,2.241857945919036865e-01,2.268940955400466919e-01,2.613296508789062500e-01,4.607951641082763672e-01,2.877220213413238525e-01,3.092440366744995117e-01,4.420396089553833008e-01,3.511348962783813477e-01,4.481298327445983887e-01,3.173154294490814209e-01,3.305205106735229492e-01
3.276398777961730957e-01,1.455632597208023071e-01,1.836189180612564087e-01,1.844691634178161621e-01,6.221966445446014404e-02,2.330755144357681274e-01,1.737714260816574097e-01,3.376004695892333984e-01,1.978727132081985474e-01,1.308388262987136841e-01,1.884849220514297485e-01,1.858080625534057617e-01,2.601580619812011719e-01,1.000000476837158203e+00,2.340426594018936157e-01,1.113124117255210876e-01,1.469201445579528809e-01,1.765867769718170166e-01,9.311847388744354248e-02,1.203838512301445007e-01,9.337787330150604248e-02,1.706885099411010742e-01,9.955062717199325562e-02,2.088546007871627808e-01,2.776335179805755615e-01,1.977686136960983276e-01,1.076963990926742554e-01,2.631147503852844238e-01,2.103701084852218628e-01,2.445422857999801636e-01,1.409206390380859375e-01,1.515058875083923340e-01,2.031300812959671021e-01,7.672948390245437622e-02,-1.568388640880584717e-01,6.782381329685449600e-03,4.565004706382751465e-01,9.817132353782653809e-02,-6.958668678998947144e-02,-5.683046951889991760e-02,1.655007600784301758e-01,2.743995562195777893e-02,3.956748917698860168e-02,1.358792781829833984e-01,-2.427153103053569794e-02,-3.398216515779495239e-02,1.451091915369033813e-01,1.279112696647644043e-01
3.168505728244781494e-01,2.086541354656219482e-01,2.838656902313232422e-01,2.296316921710968018e-01,1.363843232393264771e-01,1.081232633441686630e-02,1.269502937793731689e-01,-2.762817405164241791e-02,3.175548613071441650e-01,1.671102792024612427e-01,4.244105517864227295e-01,3.627466857433319092e-01,3.178721964359283447e-01,2.340426594018936157e-01,9.999999403953552246e-01,4.363277554512023926e-01,1.321036070585250854e-01,3.381739184260368347e-02,4.658488556742668152e-02,9.897015243768692017e-02,1.042306870222091675e-01,1.195680722594261169e-01,1.603457480669021606e-01,2.603415250778198242e-01,3.620190322399139404e-01,3.406172990798950195e-02,2.532987892627716064e-01,3.436846137046813965e-01,3.032844364643096924e-01,2.583864033222198486e-01,4.951398819684982300e-02,1.344801187515258789e-01,1.513374447822570801e-01,2.956678867340087891e-01,1.004127934575080872e-01,8.667819947004318237e-02,1.047149300575256348e-01,7.151108980178833008e-01,4.138920605182647705e-01,6.055680662393569946e-02,1.423755288124084473e-01,-6.012879312038421631e-02,3.531121090054512024e-02,3.314207792282104492e-01,1.456540822982788086e-01,1.512427330017089844e-01,1.418943703174591064e-01,1.623445749282836914e-01
3.507971763610839844e-01,3.577071428298950195e-01,4.433259665966033936e-01,4.964454472064971924e-01,4.265330135822296143e-01,3.154301941394805908e-01,5.260983109474182129e-01,1.234543621540069580e-01,4.400347471237182617e-01,4.236808419227600098e-01,3.484095335006713867e-01,5.580343008041381836e-01,5.090026855468750000e-01,1.113124117255210876e-01,4.363277554512023926e-01,1.000000357627868652e+00,5.048708915710449219e-01,4.742796719074249268e-01,3.811034560203552246e-01,3.992439210414886475e-01,3.070233464241027832e-01,6.028867959976196289e-01,6.406236886978149414e-01,3.589490056037902832e-01,2.771281599998474121e-01,3.182502388954162598e-01,4.285597503185272217e-01,2.640215456485748291e-01,2.829369306564331055e-01,3.343506455421447754e-01,3.872275054454803467e-01,2.948018908500671387e-01,3.356191515922546387e-01,4.407723620533943176e-02,2.690399885177612305e-01,4.076034128665924072e-01,1.093254163861274719e-01,3.661571145057678223e-01,5.927991867065429688e-01,4.603939056396484375e-01,2.231920361518859863e-01,1.611662060022354126e-01,2.586421072483062744e-01,3.235753774642944336e-01,3.208496272563934326e-01,3.937993645668029785e-01,3.440635800361633301e-01,4.740246236324310303e-01
3.394217193126678467e-01,5.157471299171447754e-01,4.030558466911315918e-01,5.431666970252990723e-01,4.473764300346374512e-01,4.920952320098876953e-01,8.637313246726989746e-01,3.072058558464050293e-01,5.546482205390930176e-01,6.125035285949707031e-01,3.886162936687469482e-01,4.719349443912506104e-01,5.714367032051086426e-01,1.469201445579528809e-01,1.321036070585250854e-01,5.048708915710449219e-01,9.999999403953552246e-01,7.671265602111816406e-01,6.865823864936828613e-01,6.889070868492126465e-01,5.797069668769836426e-01,6.480701565742492676e-01,7.305048108100891113e-01,4.266973435878753662e-01,1.900580525398254395e-01,5.805338025093078613e-01,2.852220833301544189e-01,1.600690782070159912e-01,2.860040962696075439e-01,3.418337106704711914e-01,4.728296101093292236e-01,4.182973504066467285e-01,3.217636942863464355e-01,8.390013873577117920e-02,2.943479716777801514e-01,4.962712526321411133e-01,7.971058599650859833e-03,1.795275360345840454e-01,4.008511006832122803e-01,4.632596075534820557e-01,4.086315631866455078e-01,5.196084380149841309e-01,5.792730450630187988e-01,3.901070356369018555e-01,3.044783473014831543e-01,5.180575251579284668e-01,4.058970808982849121e-01,5.411304235458374023e-01
3.341945707798004150e-01,4.903650283813476562e-01,2.619477808475494385e-01,4.713612496852874756e-01,3.393310010433197021e-01,4.346026182174682617e-01,8.163186907768249512e-01,2.505058944225311279e-01,4.855836629867553711e-01,4.941880404949188232e-01,2.302118837833404541e-01,3.075950741767883301e-01,4.590238630771636963e-01,1.765867769718170166e-01,3.381739184260368347e-02,4.742796719074249268e-01,7.671265602111816406e-01,1.000000119209289551e+00,6.810370087623596191e-01,6.627599596977233887e-01,5.908327698707580566e-01,7.059755325317382812e-01,7.420940995216369629e-01,3.263826370239257812e-01,1.453774720430374146e-01,5.690160989761352539e-01,2.118351459503173828e-01,1.278526932001113892e-01,3.110074102878570557e-01,2.688488364219665527e-01,5.819662809371948242e-01,4.510301053524017334e-01,3.145910501480102539e-01,1.073287650942802429e-01,2.660075426101684570e-01,4.526354372501373291e-01,8.760627359151840210e-02,1.067605763673782349e-01,3.591006994247436523e-01,4.325970113277435303e-01,3.884657919406890869e-01,5.139522552490234375e-01,5.020572543144226074e-01,2.328297048807144165e-01,2.616100013256072998e-01,4.740331172943115234e-01,4.028289616107940674e-01,5.714115500450134277e-01
1.807963848114013672e-01,3.637281954288482666e-01,2.336345613002777100e-01,3.643410205841064453e-01,2.399112731218338013e-01,3.982296586036682129e-01,6.746927499771118164e-01,2.034209519624710083e-01,2.957055568695068359e-01,3.812642395496368408e-01,7.638930529356002808e-02,2.013592272996902466e-01,3.607475459575653076e-01,9.311847388744354248e-02,4.658488556742668152e-02,3.811034560203552246e-01,6.865823864936828613e-01,6.810370087623596191e-01,1.000000119209289551e+00,7.044285535812377930e-01,4.922730028629302979e-01,6.211031675338745117e-01,6.680401563644409180e-01,2.025803178548812866e-01,2.085444889962673187e-02,3.230468034744262695e-01,1.218789443373680115e-01,1.805545948445796967e-02,2.265158593654632568e-01,3.203710019588470459e-01,4.799820780754089355e-01,3.505669832229614258e-01,1.963426470756530762e-01,9.876322001218795776e-02,1.585830897092819214e-01,3.231944739818572998e-01,3.514861688017845154e-02,1.385128349065780640e-01,2.319926172494888306e-01,3.381608426570892334e-01,2.176679521799087524e-01,4.026862978935241699e-01,4.868859946727752686e-01,1.398852616548538208e-01,3.193328380584716797e-01,4.664681255817413330e-01,3.304592370986938477e-01,5.468968749046325684e-01
3.408814370632171631e-01,5.382718443870544434e-01,3.568069040775299072e-01,5.117627382278442383e-01,3.646498024463653564e-01,4.424792528152465820e-01,6.989201307296752930e-01,2.458820194005966187e-01,4.204847812652587891e-01,5.613394379615783691e-01,1.716671586036682129e-01,3.007078170776367188e-01,5.668854713439941406e-01,1.203838512301445007e-01,9.897015243768692017e-02,3.992439210414886475e-01,6.889070868492126465e-01,6.627599596977233887e-01,7.044285535812377930e-01,1.000000119209289551e+00,7.738865017890930176e-01,6.350398063659667969e-01,5.949563384056091309e-01,2.847117185592651367e-01,9.395059198141098022e-02,4.155311882495880127e-01,1.550922542810440063e-01,1.799750775098800659e-01,3.410070836544036865e-01,3.652230203151702881e-01,5.381356477737426758e-01,4.854160547256469727e-01,2.147722393274307251e-01,2.008205205202102661e-01,1.931740492582321167e-01,3.693167269229888916e-01,2.140153665095567703e-03,1.321354806423187256e-01,2.747714817523956299e-01,3.724034726619720459e-01,4.436958730220794678e-01,5.766832232475280762e-01,5.478101968765258789e-01,2.909603118896484375e-01,3.894014060497283936e-01,5.702708363533020020e-01,3.348309397697448730e-01,5.493295192718505859e-01
3.517948985099792480e-01,5.264412164688110352e-01,3.295353949069976807e-01,4.483309388160705566e-01,2.756707370281219482e-01,3.083642125129699707e-01,5.674039125442504883e-01,2.097120881080627441e-01,3.615571856498718262e-01,4.946539402008056641e-01,2.276025414466857910e-01,2.982518076896667480e-01,5.220304131507873535e-01,9.337787330150604248e-02,1.042306870222091675e-01,3.070233464241027832e-01,5.797069668769836426e-01,5.908327698707580566e-01,4.922730028629302979e-01,7.738865017890930176e-01,1.000000000000000000e+00,5.624840855598449707e-01,4.486350715160369873e-01,2.799139320850372314e-01,1.098315194249153137e-01,2.895583808422088623e-01,1.878342628479003906e-01,2.570452988147735596e-01,3.722192943096160889e-01,3.155151903629302979e-01,5.106859803199768066e-01,5.003464221954345703e-01,2.494039088487625122e-01,2.430528104305267334e-01,1.811864078044891357e-01,2.929975092411041260e-01,-3.903460875153541565e-02,9.627272188663482666e-02,2.625312209129333496e-01,2.993750274181365967e-01,4.510958492755889893e-01,5.309426784515380859e-01,4.312386512756347656e-01,2.487587928771972656e-01,3.373796939849853516e-01,4.757328629493713379e-01,3.323801755905151367e-01,3.968622088432312012e-01
4.202139079570770264e-01,4.423412382602691650e-01,3.943471312522888184e-01,5.351735949516296387e-01,4.083222448825836182e-01,4.661822915077209473e-01,6.596949100494384766e-01,2.944201827049255371e-01,4.220604598522186279e-01,4.743196368217468262e-01,2.479078918695449829e-01,4.362151622772216797e-01,5.363122224807739258e-01,1.706885099411010742e-01,1.195680722594261169e-01,6.028867959976196289e-01,6.480701565742492676e-01,7.059755325317382812e-01,6.211031675338745117e-01,6.350398063659667969e-01,5.624840855598449707e-01,9.999997019767761230e-01,6.475108265876770020e-01,3.458225727081298828e-01,2.349362820386886597e-01,3.630544245243072510e-01,3.359632194042205811e-01,2.876613438129425049e-01,3.442788720130920410e-01,5.177710652351379395e-01,7.250864505767822266e-01,5.445717573165893555e-01,3.612317740917205811e-01,1.282587945461273193e-01,2.271745502948760986e-01,4.615581035614013672e-01,3.193156793713569641e-02,1.331308633089065552e-01,3.240830302238464355e-01,3.868034482002258301e-01,2.824057340621948242e-01,4.200061857700347900e-01,4.166040122509002686e-01,2.782617509365081787e-01,2.696028649806976318e-01,4.176341295242309570e-01,4.956121146678924561e-01,6.798107028007507324e-01
1.726448684930801392e-01,5.153330564498901367e-01,2.611234784126281738e-01,3.861392736434936523e-01,3.060824275016784668e-01,3.232310116291046143e-01,7.641541361808776855e-01,1.825205087661743164e-01,4.616917073726654053e-01,5.509016513824462891e-01,2.580405175685882568e-01,3.525715470314025879e-01,4.726782739162445068e-01,9.955062717199325562e-02,1.603457480669021606e-01,6.406236886978149414e-01,7.305048108100891113e-01,7.420940995216369629e-01,6.680401563644409180e-01,5.949563384056091309e-01,4.486350715160369873e-01,6.475108265876770020e-01,9.999995231628417969e-01,4.756396412849426270e-01,8.169426023960113525e-02,4.578290879726409912e-01,2.647912800312042236e-01,1.950588263571262360e-02,1.731149107217788696e-01,1.526330560445785522e-01,4.296260774135589600e-01,4.163367450237274170e-01,2.778258323669433594e-01,3.332272917032241821e-02,4.162244498729705811e-01,5.243782401084899902e-01,4.474608227610588074e-02,2.291458100080490112e-01,5.276920199394226074e-01,6.567190885543823242e-01,2.544555366039276123e-01,4.370823204517364502e-01,4.994813203811645508e-01,2.636036872863769531e-01,4.244940280914306641e-01,5.567319989204406738e-01,4.531773626804351807e-01,6.517180800437927246e-01
2.361507713794708252e-01,4.926737546920776367e-01,1.907733231782913208e-01,2.352392524480819702e-01,2.975621819496154785e-01,2.156035304069519043e-01,3.789770603179931641e-01,2.523285746574401855e-01,5.482933521270751953e-01,5.810412168502807617e-01,4.023351669311523438e-01,4.078793823719024658e-01,4.350857138633728027e-01,2.088546007871627808e-01,2.603415250778198242e-01,3.589490056037902832e-01,4.266973435878753662e-01,3.263826370239257812e-01,2.025803178548812866e-01,2.847117185592651367e-01,2.799139320850372314e-01,3.458225727081298828e-01,4.756396412849426270e-01,1.000000119209289551e+00,2.322979718446731567e-01,3.291545510292053223e-01,2.211997956037521362e-01,2.609813213348388672e-01,2.659447193145751953e-01,3.311413824558258057e-01,3.775876462459564209e-01,5.807489156723022461e-01,2.069850414991378784e-01,1.063121780753135681e-01,3.233122825622558594e-01,5.847411155700683594e-01,7.774914056062698364e-02,2.269550859928131104e-01,3.667451441287994385e-01,4.291681945323944092e-01,4.545429348945617676e-01,2.228085845708847046e-01,2.452677935361862183e-01,4.473990499973297119e-01,2.973132431507110596e-01,4.926754236221313477e-01,7.375897765159606934e-01,3.997324407100677490e-01
5.783366560935974121e-01,1.751889139413833618e-01,3.308165967464447021e-01,2.494595050811767578e-01,3.001561462879180908e-01,2.322351634502410889e-01,1.736143976449966431e-01,6.972082704305648804e-02,4.286413788795471191e-01,2.056524008512496948e-01,3.362679481506347656e-01,3.684458732604980469e-01,2.930364608764648438e-01,2.776335179805755615e-01,3.620190322399139404e-01,2.771281599998474121e-01,1.900580525398254395e-01,1.453774720430374146e-01,2.085444889962673187e-02,9.395059198141098022e-02,1.098315194249153137e-01,2.349362820386886597e-01,8.169426023960113525e-02,2.322979718446731567e-01,1.000000119209289551e+00,2.073586434125900269e-01,6.173215508460998535e-01,5.974888205528259277e-01,4.419644474983215332e-01,3.973732292652130127e-01,2.711245119571685791e-01,1.673858314752578735e-01,6.436461210250854492e-01,1.647927165031433105e-01,4.981461912393569946e-02,2.006675153970718384e-01,1.315942704677581787e-01,1.956379562616348267e-01,1.117376610636711121e-01,7.133980840444564819e-02,1.405907273292541504e-01,7.110720127820968628e-02,8.306318521499633789e-02,1.964038759469985962e-01,5.552352592349052429e-02,8.960510790348052979e-02,2.332550585269927979e-01,1.273082047700881958e-01
4.797659814357757568e-01,3.662718236446380615e-01,4.843985736370086670e-01,5.624905824661254883e-01,4.383029341697692871e-01,5.078554749488830566e-01,6.652343273162841797e-01,4.041949212551116943e-01,5.891126394271850586e-01,4.038773179054260254e-01,3.301245868206024170e-01,3.295359909534454346e-01,3.727923929691314697e-01,1.977686136960983276e-01,3.406172990798950195e-02,3.182502388954162598e-01,5.805338025093078613e-01,5.690160989761352539e-01,3.230468034744262695e-01,4.155311882495880127e-01,2.895583808422088623e-01,3.630544245243072510e-01,4.578290879726409912e-01,3.291545510292053223e-01,2.073586434125900269e-01,9.999995231628417969e-01,2.788861989974975586e-01,3.441617786884307861e-01,4.619933664798736572e-01,2.767136991024017334e-01,3.427274525165557861e-01,3.535265028476715088e-01,3.649892807006835938e-01,1.354711800813674927e-01,3.099908530712127686e-01,4.689304232597351074e-01,5.632561072707176208e-02,7.578315585851669312e-02,2.299230396747589111e-01,3.028213083744049072e-01,4.561741650104522705e-01,3.495154082775115967e-01,3.051862120628356934e-01,3.421877324581146240e-01,8.598779886960983276e-02,3.397664427757263184e-01,3.063341379165649414e-01,4.028454124927520752e-01
4.154751300811767578e-01,3.172261118888854980e-01,3.729915618896484375e-01,2.738351821899414062e-01,3.146595656871795654e-01,2.394521236419677734e-01,2.731576859951019287e-01,2.438001483678817749e-01,4.050310850143432617e-01,2.809779345989227295e-01,3.695722520351409912e-01,4.174531102180480957e-01,2.986390888690948486e-01,1.076963990926742554e-01,2.532987892627716064e-01,4.285597503185272217e-01,2.852220833301544189e-01,2.118351459503173828e-01,1.218789443373680115e-01,1.550922542810440063e-01,1.878342628479003906e-01,3.359632194042205811e-01,2.647912800312042236e-01,2.211997956037521362e-01,6.173215508460998535e-01,2.788861989974975586e-01,1.000000000000000000e+00,4.408612549304962158e-01,4.263820350170135498e-01,2.705119550228118896e-01,2.521254122257232666e-01,2.647369205951690674e-01,7.709478735923767090e-01,8.626633882522583008e-02,2.375961840152740479e-01,3.913684189319610596e-01,5.802323110401630402e-03,1.198174357414245605e-01,2.173370122909545898e-01,2.571509480476379395e-01,1.676561981439590454e-01,1.321591734886169434e-01,1.103933081030845642e-01,2.160797417163848877e-01,2.503965497016906738e-01,2.340600937604904175e-01,3.342802822589874268e-01,2.302843034267425537e-01
7.836214303970336914e-01,2.601189911365509033e-01,5.606516003608703613e-01,4.325113594532012939e-01,4.368444979190826416e-01,3.749231100082397461e-01,2.024014592170715332e-01,2.914041876792907715e-01,3.747061491012573242e-01,2.664373815059661865e-01,3.919405639171600342e-01,4.409692883491516113e-01,3.277937471866607666e-01,2.631147503852844238e-01,3.436846137046813965e-01,2.640215456485748291e-01,1.600690782070159912e-01,1.278526932001113892e-01,1.805545948445796967e-02,1.799750775098800659e-01,2.570452988147735596e-01,2.876613438129425049e-01,1.950588263571262360e-02,2.609813213348388672e-01,5.974888205528259277e-01,3.441617786884307861e-01,4.408612549304962158e-01,9.999997019767761230e-01,7.412244677543640137e-01,5.577865839004516602e-01,3.818961977958679199e-01,3.652159869670867920e-01,4.146828949451446533e-01,3.036390244960784912e-01,1.219662949442863464e-01,2.056065350770950317e-01,-3.417140105739235878e-03,2.032394856214523315e-01,1.203327029943466187e-01,-5.948283709585666656e-03,2.964934110641479492e-01,1.537117511034011841e-01,9.642954915761947632e-02,2.560158967971801758e-01,1.408710479736328125e-01,2.526639699935913086e-01,2.800366580486297607e-01,1.802694201469421387e-01
6.625388860702514648e-01,4.000654518604278564e-01,5.275394916534423828e-01,4.259859919548034668e-01,3.489812016487121582e-01,4.011646211147308350e-01,3.622364997863769531e-01,2.794496417045593262e-01,4.246455132961273193e-01,3.208056390285491943e-01,3.019671738147735596e-01,3.612062036991119385e-01,3.047437965869903564e-01,2.103701084852218628e-01,3.032844364643096924e-01,2.829369306564331055e-01,2.860040962696075439e-01,3.110074102878570557e-01,2.265158593654632568e-01,3.410070836544036865e-01,3.722192943096160889e-01,3.442788720130920410e-01,1.731149107217788696e-01,2.659447193145751953e-01,4.419644474983215332e-01,4.619933664798736572e-01,4.263820350170135498e-01,7.412244677543640137e-01,1.000000238418579102e+00,5.590756535530090332e-01,4.906609356403350830e-01,5.051860213279724121e-01,4.345694482326507568e-01,3.535577952861785889e-01,1.473303884267807007e-01,3.145545125007629395e-01,5.957910791039466858e-03,2.447456866502761841e-01,2.152121663093566895e-01,1.217618957161903381e-01,3.454358279705047607e-01,2.552206516265869141e-01,2.328465878963470459e-01,2.107889950275421143e-01,1.974331736564636230e-01,3.242441415786743164e-01,3.280992209911346436e-01,3.430151045322418213e-01
5.607700943946838379e-01,2.621336579322814941e-01,4.750555753707885742e-01,4.414808750152587891e-01,3.404843509197235107e-01,4.650259912014007568e-01,2.884325981140136719e-01,3.050301373004913330e-01,4.406993985176086426e-01,3.380703032016754150e-01,2.643432915210723877e-01,4.681212007999420166e-01,4.077191650867462158e-01,2.445422857999801636e-01,2.583864033222198486e-01,3.343506455421447754e-01,3.418337106704711914e-01,2.688488364219665527e-01,3.203710019588470459e-01,3.652230203151702881e-01,3.155151903629302979e-01,5.177710652351379395e-01,1.526330560445785522e-01,3.311413824558258057e-01,3.973732292652130127e-01,2.767136991024017334e-01,2.705119550228118896e-01,5.577865839004516602e-01,5.590756535530090332e-01,9.999999403953552246e-01,7.236204743385314941e-01,5.314411520957946777e-01,2.934023737907409668e-01,2.363146841526031494e-01,-1.074096653610467911e-02,3.630429208278656006e-01,8.259211480617523193e-02,1.874617785215377808e-01,8.086702972650527954e-02,6.031372398138046265e-02,2.911988794803619385e-01,1.736405342817306519e-01,1.962886601686477661e-01,3.302340209484100342e-01,4.191151633858680725e-02,2.618112266063690186e-01,4.246279597282409668e-01,4.191358983516693115e-01
4.544659554958343506e-01,4.307240843772888184e-01,3.113600611686706543e-01,3.849704265594482422e-01,2.855229675769805908e-01,4.297068119049072266e-01,4.717791676521301270e-01,2.121167480945587158e-01,4.273044466972351074e-01,4.297256767749786377e-01,1.974642127752304077e-01,3.629172146320343018e-01,3.942753970623016357e-01,1.409206390380859375e-01,4.951398819684982300e-02,3.872275054454803467e-01,4.728296101093292236e-01,5.819662809371948242e-01,4.799820780754089355e-01,5.381356477737426758e-01,5.106859803199768066e-01,7.250864505767822266e-01,4.296260774135589600e-01,3.775876462459564209e-01,2.711245119571685791e-01,3.427274525165557861e-01,2.521254122257232666e-01,3.818961977958679199e-01,4.906609356403350830e-01,7.236204743385314941e-01,1.000000238418579102e+00,7.203940153121948242e-01,3.283677697181701660e-01,2.017629742622375488e-01,1.754050254821777344e-01,4.806373119354248047e-01,6.264203041791915894e-02,1.223623156547546387e-01,2.502773702144622803e-01,3.231429755687713623e-01,3.322200179100036621e-01,4.379487037658691406e-01,3.595543205738067627e-01,2.182959765195846558e-01,2.519397437572479248e-01,4.667474329471588135e-01,5.750753283500671387e-01,5.783182382583618164e-01
3.417009413242340088e-01,4.653937816619873047e-01,3.028032183647155762e-01,2.802472412586212158e-01,1.910723894834518433e-01,2.449111789464950562e-01,3.950046002864837646e-01,3.112259209156036377e-01,4.462508857250213623e-01,4.737603962421417236e-01,2.976213991641998291e-01,3.616785109043121338e-01,3.124007880687713623e-01,1.515058875083923340e-01,1.344801187515258789e-01,2.948018908500671387e-01,4.182973504066467285e-01,4.510301053524017334e-01,3.505669832229614258e-01,4.854160547256469727e-01,5.003464221954345703e-01,5.445717573165893555e-01,4.163367450237274170e-01,5.807489156723022461e-01,1.673858314752578735e-01,3.535265028476715088e-01,2.647369205951690674e-01,3.652159869670867920e-01,5.051860213279724121e-01,5.314411520957946777e-01,7.203940153121948242e-01,9.999998211860656738e-01,2.894506454467773438e-01,2.485721856355667114e-01,3.495052158832550049e-01,5.775001645088195801e-01,3.049603290855884552e-02,1.724061071872711182e-01,2.987808287143707275e-01,3.423350751399993896e-01,3.462809324264526367e-01,4.019764363765716553e-01,3.193484246730804443e-01,3.055491149425506592e-01,2.650102972984313965e-01,5.342367887496948242e-01,7.373259663581848145e-01,5.851559638977050781e-01
4.930255711078643799e-01,3.590286970138549805e-01,4.022307693958282471e-01,3.776643276214599609e-01,3.240374028682708740e-01,3.224086165428161621e-01,3.513249456882476807e-01,3.041559159755706787e-01,4.038427174091339111e-01,2.039263099431991577e-01,2.599308788776397705e-01,3.114157617092132568e-01,3.046706020832061768e-01,2.031300812959671021e-01,1.513374447822570801e-01,3.356191515922546387e-01,3.217636942863464355e-01,3.145910501480102539e-01,1.963426470756530762e-01,2.147722393274307251e-01,2.494039088487625122e-01,3.612317740917205811e-01,2.778258323669433594e-01,2.069850414991378784e-01,6.436461210250854492e-01,3.649892807006835938e-01,7.709478735923767090e-01,4.146828949451446533e-01,4.345694482326507568e-01,2.934023737907409668e-01,3.283677697181701660e-01,2.894506454467773438e-01,1.000000357627868652e+00,5.181974172592163086e-02,1.563119888305664062e-01,4.171122312545776367e-01,2.816254645586013794e-02,2.872858196496963501e-02,1.491625308990478516e-01,2.959578931331634521e-01,2.117175161838531494e-01,2.060376703739166260e-01,1.350172013044357300e-01,1.205089315772056580e-01,1.752560138702392578e-01,1.698530018329620361e-01,3.478834927082061768e-01,2.086672782897949219e-01
