9.999998211860656738e-01,2.703327834606170654e-01,1.178340539336204529e-01,2.629362046718597412e-01,4.404570460319519043e-01,3.280168473720550537e-01,1.887789517641067505e-01,1.722152531147003174e-01,2.462083101272583008e-01,1.398726254701614380e-01,2.077550143003463745e-01,3.502776622772216797e-01,1.257441639900207520e-01,-1.350361555814743042e-01,1.119723990559577942e-01,3.949049413204193115e-01,6.403455883264541626e-02,5.315439030528068542e-02,6.307057291269302368e-02,1.067345216870307922e-02,5.033420026302337646e-02,-3.729115799069404602e-02,-1.311107631772756577e-02,-4.401730373501777649e-02,2.763222455978393555e-01,2.308934181928634644e-02,2.260142266750335693e-01,3.451077640056610107e-01,3.014367222785949707e-01,9.880157187581062317e-03,-8.708335459232330322e-02,4.076181724667549133e-02,3.996979296207427979e-01,1.991526931524276733e-01,1.185399368405342102e-01,3.920770809054374695e-02,2.054107747972011566e-02,6.943821161985397339e-02,2.443453967571258545e-01,4.088301584124565125e-02,4.148901998996734619e-01,2.769999802112579346e-01,1.642517000436782837e-01,4.270714819431304932e-01,1.695089787244796753e-01,1.352288424968719482e-01,-6.871145218610763550e-02,-1.228070259094238281e-01
2.703327834606170654e-01,9.999998211860656738e-01,2.538660466670989990e-01,3.392062783241271973e-01,4.131541252136230469e-01,5.151022672653198242e-01,3.355636298656463623e-01,1.893044263124465942e-01,4.648571312427520752e-01,4.482574164867401123e-01,2.618434429168701172e-01,4.583974182605743408e-01,3.140406906604766846e-01,-5.981685593724250793e-02,4.160417318344116211e-01,2.511748671531677246e-01,2.339518368244171143e-01,3.903527185320854187e-02,8.693062514066696167e-02,2.277513742446899414e-01,1.878127902746200562e-01,1.756399869918823242e-01,1.298979967832565308e-01,1.537694483995437622e-01,2.613611519336700439e-01,9.573450684547424316e-02,5.561102628707885742e-01,4.322730600833892822e-01,5.061297416687011719e-01,1.270707100629806519e-01,7.461446523666381836e-02,1.698953099548816681e-02,4.104010462760925293e-01,1.788834184408187866e-01,2.469683438539505005e-01,1.106071397662162781e-01,-1.873956806957721710e-02,4.631390571594238281e-01,2.540812194347381592e-01,1.782015115022659302e-01,4.401545524597167969e-01,5.908656120300292969e-01,3.203112483024597168e-01,5.356575846672058105e-01,3.614484071731567383e-01,4.187546968460083008e-01,1.051190122961997986e-01,-1.449183821678161621e-01
1.178340539336204529e-01,2.538660466670989990e-01,9.999995827674865723e-01,6.296428442001342773e-01,2.753000259399414062e-01,3.050711154937744141e-01,4.432513713836669922e-01,-2.096387296915054321e-01,1.635596305131912231e-01,1.918719261884689331e-01,-6.978115439414978027e-02,1.241973862051963806e-01,1.287015229463577271e-01,-1.744218617677688599e-01,2.401178926229476929e-01,-1.447419077157974243e-01,4.134010076522827148e-01,3.128771111369132996e-02,3.460848927497863770e-01,3.448397219181060791e-01,2.546735703945159912e-01,3.086817860603332520e-01,2.519482076168060303e-01,1.978394985198974609e-01,4.010041356086730957e-01,3.235466778278350830e-02,7.725139707326889038e-02,4.451867043972015381e-01,4.487560689449310303e-01,5.132980644702911377e-02,8.178069442510604858e-02,2.462800964713096619e-02,4.338920861482620239e-02,2.710861861705780029e-01,6.636035442352294922e-02,1.106741875410079956e-01,-2.009961754083633423e-01,3.291466534137725830e-01,1.443798393011093140e-01,1.739601641893386841e-01,2.149083018302917480e-01,2.464778423309326172e-01,5.126023888587951660e-01,1.549634635448455811e-01,2.227223217487335205e-01,2.972135841846466064e-01,1.385811567306518555e-01,6.726944446563720703e-02
2.629362046718597412e-01,3.392062783241271973e-01,6.296428442001342773e-01,1.000000357627868652e+00,4.406543374061584473e-01,4.389362335205078125e-01,6.032366156578063965e-01,7.545736432075500488e-02,3.061832487583160400e-01,2.710523605346679688e-01,4.891835153102874756e-02,2.880780696868896484e-01,1.821508854627609253e-01,-5.226728320121765137e-02,2.098430544137954712e-01,-8.459540456533432007e-02,5.128357410430908203e-01,1.812382042407989502e-01,2.509256005287170410e-01,3.756951093673706055e-01,3.207143545150756836e-01,4.216937720775604248e-01,1.834994405508041382e-01,1.751902401447296143e-01,5.865399837493896484e-01,-5.155800282955169678e-02,2.901983559131622314e-01,4.494036734104156494e-01,3.952769637107849121e-01,1.449002176523208618e-01,8.432996273040771484e-02,1.318964064121246338e-01,3.360225260257720947e-01,3.341777324676513672e-01,1.352592855691909790e-01,-4.309346899390220642e-02,-9.110791236162185669e-02,2.636502683162689209e-01,-3.806754946708679199e-03,1.969233620911836624e-03,3.262454867362976074e-01,3.611059784889221191e-01,6.323383450508117676e-01,3.174279630184173584e-01,2.888438105583190918e-01,3.824386596679687500e-01,1.694005131721496582e-01,3.415222838521003723e-02
4.404570460319519043e-01,4.131541252136230469e-01,2.753000259399414062e-01,4.406543374061584473e-01,9.999997615814208984e-01,5.344479084014892578e-01,3.558582067489624023e-01,1.377199739217758179e-01,4.927703142166137695e-01,4.409049451351165771e-01,2.273697704076766968e-01,5.416135191917419434e-01,3.572169840335845947e-01,-9.749574214220046997e-02,3.403032422065734863e-01,1.911854743957519531e-01,2.097025215625762939e-01,4.095852375030517578e-02,2.058033645153045654e-02,1.676291823387145996e-01,1.965785771608352661e-01,2.175128161907196045e-01,1.076881438493728638e-01,2.150712460279464722e-01,3.428924679756164551e-01,1.878245733678340912e-02,2.424926459789276123e-01,3.943217992782592773e-01,3.582097887992858887e-01,1.429440081119537354e-01,5.560856685042381287e-02,1.305091530084609985e-01,3.859264254570007324e-01,2.190188020467758179e-01,2.098287940025329590e-01,6.552619487047195435e-02,-1.335385292768478394e-01,2.894692718982696533e-01,1.898106336593627930e-01,9.442993253469467163e-02,6.446867585182189941e-01,4.895327091217041016e-01,3.724879026412963867e-01,5.718726515769958496e-01,3.451155424118041992e-01,3.945095241069793701e-01,1.642414629459381104e-01,9.213520586490631104e-02
3.280168473720550537e-01,5.151022672653198242e-01,3.050711154937744141e-01,4.389362335205078125e-01,5.344479084014892578e-01,1.000000476837158203e+00,4.105174243450164795e-01,8.836697041988372803e-02,4.273444712162017822e-01,5.567253828048706055e-01,1.479103565216064453e-01,4.642820656299591064e-01,5.665497183799743652e-01,-6.297529488801956177e-02,3.470934331417083740e-01,2.921701967716217041e-01,3.533975780010223389e-01,3.683821111917495728e-02,1.664246618747711182e-01,3.159889578819274902e-01,2.061901390552520752e-01,2.815567255020141602e-01,2.954583466053009033e-01,2.766403853893280029e-01,2.845239639282226562e-01,9.161848574876785278e-02,4.029693603515625000e-01,4.711217582225799561e-01,4.817912578582763672e-01,1.472520679235458374e-01,1.291823685169219971e-01,1.068605706095695496e-01,2.545540928840637207e-01,1.243518143892288208e-01,1.705391258001327515e-01,1.422839462757110596e-01,-1.105823144316673279e-01,3.930669426918029785e-01,1.879497766494750977e-01,2.120220214128494263e-01,4.368974864482879639e-01,6.364419460296630859e-01,4.657099545001983643e-01,4.781495630741119385e-01,4.867066144943237305e-01,5.602486133575439453e-01,1.892708539962768555e-01,1.819024793803691864e-02
1.887789517641067505e-01,3.355636298656463623e-01,4.432513713836669922e-01,6.032366156578063965e-01,3.558582067489624023e-01,4.105174243450164795e-01,1.000000357627868652e+00,9.978177398443222046e-02,2.627225816249847412e-01,3.136740326881408691e-01,8.646283298730850220e-02,3.204049468040466309e-01,3.494356572628021240e-01,-2.610313519835472107e-02,2.899022996425628662e-01,1.713263839483261108e-01,6.566177010536193848e-01,4.699685573577880859e-01,2.825672626495361328e-01,4.610807597637176514e-01,4.117785692214965820e-01,4.128489792346954346e-01,1.266778856515884399e-01,1.543478518724441528e-01,3.912569880485534668e-01,1.584398746490478516e-01,3.115640580654144287e-01,2.681711912155151367e-01,2.905503511428833008e-01,2.747995555400848389e-01,3.742592036724090576e-01,8.591985702514648438e-02,3.562320470809936523e-01,3.292225301265716553e-01,1.339573860168457031e-01,3.376309294253587723e-03,-6.062207370996475220e-02,3.343404829502105713e-01,1.753037571907043457e-01,4.066442325711250305e-02,3.252995312213897705e-01,4.418776333332061768e-01,5.522018671035766602e-01,3.148645162582397461e-01,3.404532372951507568e-01,4.229482114315032959e-01,1.563926488161087036e-01,-3.225775808095932007e-02
1.722152531147003174e-01,1.893044263124465942e-01,-2.096387296915054321e-01,7.545736432075500488e-02,1.377199739217758179e-01,8.836697041988372803e-02,9.978177398443222046e-02,9.999999403953552246e-01,3.111646175384521484e-01,1.060009747743606567e-01,4.949654340744018555e-01,2.441997975111007690e-01,6.526587903499603271e-02,4.943660795688629150e-01,2.152117937803268433e-01,1.609540134668350220e-01,1.276746094226837158e-01,1.817354261875152588e-01,1.118538551963865757e-03,2.063968963921070099e-02,5.172021314501762390e-02,3.683970868587493896e-02,7.953329384326934814e-02,-4.085095971822738647e-02,3.512973189353942871e-01,9.958456456661224365e-02,4.366107583045959473e-01,5.913271754980087280e-02,3.399298340082168579e-02,5.179183930158615112e-02,-3.254435211420059204e-02,1.025571450591087341e-01,5.352727174758911133e-01,1.137576103210449219e-01,7.044479250907897949e-02,-4.792296886444091797e-02,5.583612322807312012e-01,-1.289340853691101074e-02,-8.424761146306991577e-02,-4.347064718604087830e-02,1.225103735923767090e-01,6.751215457916259766e-02,1.002283766865730286e-01,2.167495638132095337e-01,9.850967675447463989e-02,8.427269011735916138e-02,-8.333257585763931274e-02,-1.297715008258819580e-01
2.462083101272583008e-01,4.648571312427520752e-01,1.635596305131912231e-01,3.061832487583160400e-01,4.927703142166137695e-01,4.273444712162017822e-01,2.627225816249847412e-01,3.111646175384521484e-01,1.000000119209289551e+00,5.118045806884765625e-01,4.453243315219879150e-01,5.870266556739807129e-01,3.456457555294036865e-01,-3.547490760684013367e-02,5.068100690841674805e-01,1.401965469121932983e-01,2.373106926679611206e-01,6.863806396722793579e-02,3.788325563073158264e-02,1.563986092805862427e-01,2.609139680862426758e-01,2.314570546150207520e-01,1.368606686592102051e-01,2.508201897144317627e-01,2.050513774156570435e-01,1.645313203334808350e-01,3.426813483238220215e-01,2.617474198341369629e-01,3.052415549755096436e-01,1.415823549032211304e-01,9.220551699399948120e-02,9.114497900009155273e-02,3.728646337985992432e-01,2.028268128633499146e-01,2.600339651107788086e-01,1.345971673727035522e-01,-4.934848751872777939e-03,3.618598878383636475e-01,1.019474193453788757e-01,2.103239446878433228e-01,4.457108676433563232e-01,5.440135002136230469e-01,2.745091617107391357e-01,5.950258970260620117e-01,3.541955947875976562e-01,4.213235974311828613e-01,1.895514130592346191e-01,-3.573810448870062828e-03
1.398726254701614380e-01,4.482574164867401123e-01,1.918719261884689331e-01,2.710523605346679688e-01,4.409049451351165771e-01,5.567253828048706055e-01,3.136740326881408691e-01,1.060009747743606567e-01,5.118045806884765625e-01,9.999997615814208984e-01,2.495224177837371826e-01,6.885042786598205566e-01,6.356276273727416992e-01,-3.950810432434082031e-02,6.405137181282043457e-01,1.554530709981918335e-01,3.510844111442565918e-01,-4.108072817325592041e-02,1.487951874732971191e-01,2.685543596744537354e-01,2.865999042987823486e-01,3.315213620662689209e-01,3.729436099529266357e-01,4.149445593357086182e-01,2.165569514036178589e-01,1.802759319543838501e-01,1.602442115545272827e-01,3.232595324516296387e-01,3.850720524787902832e-01,1.795484274625778198e-01,1.715248376131057739e-01,-9.998924098908901215e-03,1.690409779548645020e-01,1.649145632982254028e-01,1.143362894654273987e-01,3.855619728565216064e-01,-3.049847669899463654e-02,5.503159761428833008e-01,2.664251029491424561e-01,3.751584589481353760e-01,3.477920889854431152e-01,6.758195757865905762e-01,4.219992458820343018e-01,4.526092112064361572e-01,6.554259657859802246e-01,7.178255915641784668e-01,1.984631270170211792e-01,1.716217584908008575e-02
2.077550143003463745e-01,2.618434429168701172e-01,-6.978115439414978027e-02,4.891835153102874756e-02,2.273697704076766968e-01,1.479103565216064453e-01,8.646283298730850220e-02,4.949654340744018555e-01,4.453243315219879150e-01,2.495224177837371826e-01,1.000000238418579102e+00,4.844439029693603516e-01,1.406951844692230225e-01,8.874560147523880005e-02,4.687176346778869629e-01,1.528141647577285767e-01,6.618583947420120239e-02,-2.094657719135284424e-02,-6.929291039705276489e-02,-4.323344305157661438e-02,1.302740871906280518e-01,5.646837130188941956e-02,-2.457713242620229721e-03,4.165842384099960327e-02,2.680844962596893311e-01,1.916725784540176392e-01,3.063502311706542969e-01,1.157166734337806702e-01,1.503213644027709961e-01,9.342560172080993652e-02,2.007537521421909332e-02,-1.445246580988168716e-02,4.198476374149322510e-01,8.320263028144836426e-02,1.767323017120361328e-01,3.713186830282211304e-02,1.191738992929458618e-01,2.240238636732101440e-01,1.375236809253692627e-01,1.183275133371353149e-01,1.981671899557113647e-01,2.371485829353332520e-01,5.785662680864334106e-02,3.193913102149963379e-01,2.447179853916168213e-01,1.747240573167800903e-01,6.028521340340375900e-03,-1.070609092712402344e-01
3.502776622772216797e-01,4.583974182605743408e-01,1.241973862051963806e-01,2.880780696868896484e-01,5.416135191917419434e-01,4.642820656299591064e-01,3.204049468040466309e-01,2.441997975111007690e-01,5.870266556739807129e-01,6.885042786598205566e-01,4.844439029693603516e-01,1.000000357627868652e+00,4.837942123413085938e-01,-1.065357625484466553e-01,6.390666961669921875e-01,2.896439731121063232e-01,2.434837520122528076e-01,-1.806747727096080780e-02,-2.713963389396667480e-02,6.668481230735778809e-02,2.065479010343551636e-01,2.638367116451263428e-01,1.347192972898483276e-01,2.510740458965301514e-01,3.338203728199005127e-01,1.833660155534744263e-01,2.765223383903503418e-01,3.040859699249267578e-01,3.484031260013580322e-01,1.310319453477859497e-01,5.298576876521110535e-02,5.942952260375022888e-02,4.351336658000946045e-01,2.528408467769622803e-01,2.013544440269470215e-01,2.047355026006698608e-01,-8.323220908641815186e-02,4.769349694252014160e-01,2.433835715055465698e-01,1.851129829883575439e-01,4.195159971714019775e-01,6.204226016998291016e-01,2.961201667785644531e-01,5.775297284126281738e-01,5.950678586959838867e-01,5.282270312309265137e-01,1.563946306705474854e-01,-2.513422258198261261e-02
1.257441639900207520e-01,3.140406906604766846e-01,1.287015229463577271e-01,1.821508854627609253e-01,3.572169840335845947e-01,5.665497183799743652e-01,3.494356572628021240e-01,6.526587903499603271e-02,3.456457555294036865e-01,6.356276273727416992e-01,1.406951844692230225e-01,4.837942123413085938e-01,1.000000119209289551e+00,4.685870930552482605e-02,4.718631803989410400e-01,3.991483151912689209e-01,4.004911780357360840e-01,8.729037642478942871e-02,2.755865156650543213e-01,3.929934203624725342e-01,3.142273128032684326e-01,2.988239526748657227e-01,4.622074365615844727e-01,3.055374324321746826e-01,1.613034605979919434e-01,1.686378866434097290e-01,1.559465676546096802e-01,2.613437771797180176e-01,3.380083739757537842e-01,1.655196100473403931e-01,2.635019719600677490e-01,3.072896599769592285e-02,1.021329015493392944e-01,1.246003806591033936e-01,4.055119678378105164e-02,2.804465889930725098e-01,2.170039527118206024e-02,4.557261765003204346e-01,3.158203363418579102e-01,3.272882103919982910e-01,2.834594547748565674e-01,5.637581944465637207e-01,4.164079427719116211e-01,3.475248515605926514e-01,5.553661584854125977e-01,6.417783498764038086e-01,1.374114304780960083e-01,-4.274019226431846619e-02
-1.350361555814743042e-01,-5.981685593724250793e-02,-1.744218617677688599e-01,-5.226728320121765137e-02,-9.749574214220046997e-02,-6.297529488801956177e-02,-2.610313519835472107e-02,4.943660795688629150e-01,-3.547490760684013367e-02,-3.950810432434082031e-02,8.874560147523880005e-02,-1.065357625484466553e-01,4.685870930552482605e-02,1.000000000000000000e+00,5.950481817126274109e-02,1.779486192390322685e-03,1.327511817216873169e-01,1.469012945890426636e-01,1.669063121080398560e-01,1.121106967329978943e-01,6.799089908599853516e-02,9.164513647556304932e-02,2.648966908454895020e-01,4.342011362314224243e-02,1.005503684282302856e-01,-2.718038391321897507e-03,5.552476644515991211e-02,-2.586474828422069550e-02,-4.004435613751411438e-02,-1.239740476012229919e-01,2.023975737392902374e-02,5.999605730175971985e-02,-7.097277790307998657e-03,-8.303755521774291992e-02,-1.347624063491821289e-01,2.348629571497440338e-02,5.492804050445556641e-01,-6.198859959840774536e-02,-1.163029596209526062e-01,9.192245453596115112e-02,-1.383963972330093384e-01,-1.548106968402862549e-01,1.075852364301681519e-01,-1.548014134168624878e-01,-3.922612592577934265e-02,-1.927468180656433105e-02,2.637504041194915771e-02,-1.367294602096080780e-02
1.119723990559577942e-01,4.160417318344116211e-01,2.401178926229476929e-01,2.098430544137954712e-01,3.403032422065734863e-01,3.470934331417083740e-01,2.899022996425628662e-01,2.152117937803268433e-01,5.068100690841674805e-01,6.405137181282043457e-01,4.687176346778869629e-01,6.390666961669921875e-01,4.718631803989410400e-01,5.950481817126274109e-02,1.000000357627868652e+00,2.098982781171798706e-01,3.359330594539642334e-01,-3.509610891342163086e-02,1.877605617046356201e-01,2.074571996927261353e-01,2.947199940681457520e-01,2.657300233840942383e-01,3.739013969898223877e-01,3.976381123065948486e-01,2.393530905246734619e-01,2.683109045028686523e-01,1.150778010487556458e-01,2.523084878921508789e-01,3.587372303009033203e-01,1.728923320770263672e-01,1.552192866802215576e-01,-9.879930317401885986e-02,1.840595155954360962e-01,2.720867395401000977e-01,9.345295280218124390e-02,3.705514371395111084e-01,1.026225984096527100e-01,6.746673583984375000e-01,4.181233346462249756e-01,4.477452337741851807e-01,2.872482836246490479e-01,5.112388730049133301e-01,3.347945809364318848e-01,4.176881313323974609e-01,5.383146405220031738e-01,5.189905762672424316e-01,2.241123169660568237e-01,-7.607551664113998413e-02
3.949049413204193115e-01,2.511748671531677246e-01,-1.447419077157974243e-01,-8.459540456533432007e-02,1.911854743957519531e-01,2.921701967716217041e-01,1.713263839483261108e-01,1.609540134668350220e-01,1.401965469121932983e-01,1.554530709981918335e-01,1.528141647577285767e-01,2.896439731121063232e-01,3.991483151912689209e-01,1.779486192390322685e-03,2.098982781171798706e-01,1.000000000000000000e+00,3.934453055262565613e-02,1.736317127943038940e-01,1.379205286502838135e-01,3.723843023180961609e-02,3.454565629363059998e-02,-7.085856050252914429e-02,3.594907000660896301e-02,-7.307269424200057983e-02,-2.064118720591068268e-02,1.187134012579917908e-01,2.431010603904724121e-01,8.281762897968292236e-02,2.062220573425292969e-01,1.079202443361282349e-01,1.452358067035675049e-01,6.551235914230346680e-02,2.742992043495178223e-01,1.797182261943817139e-01,1.486015766859054565e-01,4.558378085494041443e-02,1.073911190032958984e-01,2.151434421539306641e-01,4.780119061470031738e-01,8.439156413078308105e-02,1.951757818460464478e-01,3.227162659168243408e-01,2.333148755133152008e-02,4.274149835109710693e-01,2.244730293750762939e-01,1.629714965820312500e-01,-2.086973749101161957e-02,-1.797597110271453857e-01
6.403455883264541626e-02,2.339518368244171143e-01,4.134010076522827148e-01,5.128357410430908203e-01,2.097025215625762939e-01,3.533975780010223389e-01,6.566177010536193848e-01,1.276746094226837158e-01,2.373106926679611206e-01,3.510844111442565918e-01,6.618583947420120239e-02,2.434837520122528076e-01,4.004911780357360840e-01,1.327511817216873169e-01,3.359330594539642334e-01,3.934453055262565613e-02,9.999998211860656738e-01,4.988012313842773438e-01,5.041477084159851074e-01,6.048166751861572266e-01,4.970513880252838135e-01,4.731525778770446777e-01,4.148554801940917969e-01,2.016645967960357666e-01,4.388170242309570312e-01,1.578943729400634766e-01,2.113705277442932129e-01,2.368707656860351562e-01,2.773170769214630127e-01,2.127360105514526367e-01,4.162064194679260254e-01,3.116960264742374420e-02,1.712744832038879395e-01,3.477863669395446777e-01,-5.466038361191749573e-03,1.130120903253555298e-01,1.138099506497383118e-01,4.009625613689422607e-01,1.705604791641235352e-01,2.007542401552200317e-01,2.510280907154083252e-01,3.236498832702636719e-01,6.255400776863098145e-01,1.494061499834060669e-01,3.383325338363647461e-01,4.800625145435333252e-01,1.012332886457443237e-01,-8.252719789743423462e-02
5.315439030528068542e-02,3.903527185320854187e-02,3.128771111369132996e-02,1.812382042407989502e-01,4.095852375030517578e-02,3.683821111917495728e-02,4.699685573577880859e-01,1.817354261875152588e-01,6.863806396722793579e-02,-4.108072817325592041e-02,-2.094657719135284424e-02,-1.806747727096080780e-02,8.729037642478942871e-02,1.469012945890426636e-01,-3.509610891342163086e-02,1.736317127943038940e-01,4.988012313842773438e-01,1.000000476837158203e+00,2.698930203914642334e-01,4.511024355888366699e-01,4.419200122356414795e-01,2.728144228458404541e-01,-6.343805696815252304e-03,-1.251272559165954590e-01,1.022551059722900391e-01,1.472735498100519180e-02,1.863104850053787231e-01,-1.121985539793968201e-01,-5.080417171120643616e-02,2.409329414367675781e-01,5.010251998901367188e-01,6.546027213335037231e-02,2.448761165142059326e-01,2.533876299858093262e-01,8.186691999435424805e-02,-1.385695636272430420e-01,2.210919260978698730e-01,6.281744688749313354e-02,7.950212061405181885e-02,-4.474209994077682495e-02,1.077404394745826721e-01,7.690612971782684326e-02,1.706784218549728394e-01,6.925970315933227539e-02,1.769161596894264221e-02,5.796871334314346313e-02,-4.566842317581176758e-02,-1.199221834540367126e-01
6.307057291269302368e-02,8.693062514066696167e-02,3.460848927497863770e-01,2.509256005287170410e-01,2.058033645153045654e-02,1.664246618747711182e-01,2.825672626495361328e-01,1.118538551963865757e-03,3.788325563073158264e-02,1.487951874732971191e-01,-6.929291039705276489e-02,-2.713963389396667480e-02,2.755865156650543213e-01,1.669063121080398560e-01,1.877605617046356201e-01,1.379205286502838135e-01,5.041477084159851074e-01,2.698930203914642334e-01,1.000000000000000000e+00,6.180178523063659668e-01,3.986893892288208008e-01,2.495415657758712769e-01,4.723967313766479492e-01,1.146056652069091797e-01,2.174236625432968140e-01,5.530680716037750244e-02,-1.541346870362758636e-02,2.837175130844116211e-01,3.102790713310241699e-01,9.841975569725036621e-02,3.079697191715240479e-01,-4.541905969381332397e-02,-1.073279604315757751e-01,1.404423862695693970e-01,-1.958375424146652222e-02,1.327428966760635376e-01,2.285491973161697388e-01,2.709720730781555176e-01,2.802131474018096924e-01,3.197175562381744385e-01,3.589791804552078247e-02,9.638091176748275757e-02,4.498879909515380859e-01,6.781982630491256714e-02,1.371482312679290771e-01,2.834292054176330566e-01,-2.601278200745582581e-02,-1.773200184106826782e-01
1.067345216870307922e-02,2.277513742446899414e-01,3.448397219181060791e-01,3.756951093673706055e-01,1.676291823387145996e-01,3.159889578819274902e-01,4.610807597637176514e-01,2.063968963921070099e-02,1.563986092805862427e-01,2.685543596744537354e-01,-4.323344305157661438e-02,6.668481230735778809e-02,3.929934203624725342e-01,1.121106967329978943e-01,2.074571996927261353e-01,3.723843023180961609e-02,6.048166751861572266e-01,4.511024355888366699e-01,6.180178523063659668e-01,9.999999403953552246e-01,6.652057170867919922e-01,3.678962886333465576e-01,4.675600826740264893e-01,1.391031146049499512e-01,2.236850410699844360e-01,9.723213501274585724e-03,1.270712763071060181e-01,2.629805803298950195e-01,2.965832054615020752e-01,2.451045811176300049e-01,4.271396696567535400e-01,-4.803035873919725418e-03,-7.125319913029670715e-03,1.095286160707473755e-01,2.846689708530902863e-02,4.692128673195838928e-02,1.367454230785369873e-01,3.052379786968231201e-01,1.579832583665847778e-01,2.470220923423767090e-01,1.373322457075119019e-01,2.329986244440078735e-01,5.305974483489990234e-01,1.343038827180862427e-01,1.769605278968811035e-01,4.408166706562042236e-01,1.711601763963699341e-02,-1.412811726331710815e-01
5.033420026302337646e-02,1.878127902746200562e-01,2.546735703945159912e-01,3.207143545150756836e-01,1.965785771608352661e-01,2.061901390552520752e-01,4.117785692214965820e-01,5.172021314501762390e-02,2.609139680862426758e-01,2.865999042987823486e-01,1.302740871906280518e-01,2.065479010343551636e-01,3.142273128032684326e-01,6.799089908599853516e-02,2.947199940681457520e-01,3.454565629363059998e-02,4.970513880252838135e-01,4.419200122356414795e-01,3.986893892288208008e-01,6.652057170867919922e-01,9.999997615814208984e-01,4.594708085060119629e-01,3.428432345390319824e-01,1.323811709880828857e-01,1.364471912384033203e-01,1.568626463413238525e-01,2.630496025085449219e-02,1.323402822017669678e-01,1.423747241497039795e-01,1.476502269506454468e-01,4.345191717147827148e-01,1.289755385369062424e-02,-2.643593121320009232e-03,1.587851196527481079e-01,-1.081000268459320068e-02,6.635616719722747803e-02,1.202090457081794739e-01,3.118462264537811279e-01,2.192914634943008423e-01,2.340956926345825195e-01,1.240835562348365784e-01,2.509026825428009033e-01,3.679433166980743408e-01,2.130097150802612305e-01,2.258389294147491455e-01,3.799749910831451416e-01,7.259792089462280273e-02,-7.005249615758657455e-03
-3.729115799069404602e-02,1.756399869918823242e-01,3.086817860603332520e-01,4.216937720775604248e-01,2.175128161907196045e-01,2.815567255020141602e-01,4.128489792346954346e-01,3.683970868587493896e-02,2.314570546150207520e-01,3.315213620662689209e-01,5.646837130188941956e-02,2.638367116451263428e-01,2.988239526748657227e-01,9.164513647556304932e-02,2.657300233840942383e-01,-7.085856050252914429e-02,4.731525778770446777e-01,2.728144228458404541e-01,2.495415657758712769e-01,3.678962886333465576e-01,4.594708085060119629e-01,1.000000238418579102e+00,3.469234108924865723e-01,3.362409174442291260e-01,3.123199343681335449e-01,-7.383634336292743683e-03,1.472378224134445190e-01,1.989117413759231567e-01,1.999307125806808472e-01,7.744906097650527954e-02,3.750429749488830566e-01,2.087680995464324951e-01,1.210233941674232483e-01,2.206033915281295776e-01,-1.501589175313711166e-02,1.883668899536132812e-01,-1.273066643625497818e-02,3.827522695064544678e-01,7.953391969203948975e-02,2.846434414386749268e-01,1.965813636779785156e-01,2.938544452190399170e-01,4.438056051731109619e-01,1.745768189430236816e-01,2.910857498645782471e-01,3.578107059001922607e-01,2.614084482192993164e-01,2.618733048439025879e-01
-1.311107631772756577e-02,1.298979967832565308e-01,2.519482076168060303e-01,1.834994405508041382e-01,1.076881438493728638e-01,2.954583466053009033e-01,1.266778856515884399e-01,7.953329384326934814e-02,1.368606686592102051e-01,3.729436099529266357e-01,-2.457713242620229721e-03,1.347192972898483276e-01,4.622074365615844727e-01,2.648966908454895020e-01,3.739013969898223877e-01,3.594907000660896301e-02,4.148554801940917969e-01,-6.343805696815252304e-03,4.723967313766479492e-01,4.675600826740264893e-01,3.428432345390319824e-01,3.469234108924865723e-01,1.000000000000000000e+00,3.903777599334716797e-01,2.288812547922134399e-01,9.131536632776260376e-02,-5.509385839104652405e-02,3.507279753684997559e-01,3.116035163402557373e-01,6.095108017325401306e-02,1.853107661008834839e-01,2.836597524583339691e-02,-2.018305510282516479e-01,1.381737440824508667e-01,-9.907905757427215576e-02,3.848313391208648682e-01,2.882402837276458740e-01,3.913245201110839844e-01,2.351816296577453613e-01,5.127087235450744629e-01,6.971346586942672729e-02,2.115545123815536499e-01,4.704677462577819824e-01,7.956997305154800415e-02,3.415650725364685059e-01,4.586043953895568848e-01,1.274473816156387329e-01,2.444991283118724823e-02
-4.401730373501777649e-02,1.537694483995437622e-01,1.978394985198974609e-01,1.751902401447296143e-01,2.150712460279464722e-01,2.766403853893280029e-01,1.543478518724441528e-01,-4.085095971822738647e-02,2.508201897144317627e-01,4.149445593357086182e-01,4.165842384099960327e-02,2.510740458965301514e-01,3.055374324321746826e-01,4.342011362314224243e-02,3.976381123065948486e-01,-7.307269424200057983e-02,2.016645967960357666e-01,-1.251272559165954590e-01,1.146056652069091797e-01,1.391031146049499512e-01,1.323811709880828857e-01,3.362409174442291260e-01,3.903777599334716797e-01,9.999997019767761230e-01,1.761927083134651184e-02,1.003675907850265503e-01,-1.477519329637289047e-02,1.850821524858474731e-01,2.021246701478958130e-01,1.107305809855461121e-01,2.713297009468078613e-01,1.565074920654296875e-01,-7.010275870561599731e-02,1.392238587141036987e-01,5.833103321492671967e-03,5.629776716232299805e-01,-3.677028045058250427e-02,4.239589273929595947e-01,1.748207360506057739e-01,5.183650851249694824e-01,1.804547607898712158e-01,3.192994892597198486e-01,2.885782420635223389e-01,1.590373516082763672e-01,3.048808276653289795e-01,3.819174170494079590e-01,7.061353325843811035e-01,3.883676826953887939e-01
2.763222455978393555e-01,2.613611519336700439e-01,4.010041356086730957e-01,5.865399837493896484e-01,3.428924679756164551e-01,2.845239639282226562e-01,3.912569880485534668e-01,3.512973189353942871e-01,2.050513774156570435e-01,2.165569514036178589e-01,2.680844962596893311e-01,3.338203728199005127e-01,1.613034605979919434e-01,1.005503684282302856e-01,2.393530905246734619e-01,-2.064118720591068268e-02,4.388170242309570312e-01,1.022551059722900391e-01,2.174236625432968140e-01,2.236850410699844360e-01,1.364471912384033203e-01,3.123199343681335449e-01,2.288812547922134399e-01,1.761927083134651184e-02,1.000000357627868652e+00,-5.943721160292625427e-02,3.886946737766265869e-01,4.136364161968231201e-01,3.663619458675384521e-01,8.341613411903381348e-02,-6.657481193542480469e-02,5.827212333679199219e-02,5.219883918762207031e-01,4.159827530384063721e-01,6.077558919787406921e-02,-1.326706409454345703e-01,7.090304791927337646e-02,2.533625066280364990e-01,-3.134161233901977539e-02,-6.587921082973480225e-02,2.932606339454650879e-01,1.817789971828460693e-01,5.783386230468750000e-01,2.143015116453170776e-01,2.520799934864044189e-01,3.152379691600799561e-01,-7.517100125551223755e-02,-1.228109449148178101e-01
2.308934181928634644e-02,9.573450684547424316e-02,3.235466778278350830e-02,-5.155800282955169678e-02,1.878245733678340912e-02,9.161848574876785278e-02,1.584398746490478516e-01,9.958456456661224365e-02,1.645313203334808350e-01,1.802759319543838501e-01,1.916725784540176392e-01,1.833660155534744263e-01,1.686378866434097290e-01,-2.718038391321897507e-03,2.683109045028686523e-01,1.187134012579917908e-01,1.578943729400634766e-01,1.472735498100519180e-02,5.530680716037750244e-02,9.723213501274585724e-03,1.568626463413238525e-01,-7.383634336292743683e-03,9.131536632776260376e-02,1.003675907850265503e-01,-5.943721160292625427e-02,1.000000357627868652e+00,-2.524634636938571930e-02,-5.640610307455062866e-02,-8.368273824453353882e-02,-5.170029401779174805e-02,6.856296211481094360e-02,-9.811889380216598511e-02,-2.827447652816772461e-02,3.948752209544181824e-02,1.227819360792636871e-03,1.278674900531768799e-01,9.588322788476943970e-02,1.658666282892227173e-01,1.952129155397415161e-01,1.385792195796966553e-01,4.740796610713005066e-02,1.346964985132217407e-01,-2.924431674182415009e-02,1.286407113075256348e-01,1.884755343198776245e-01,1.330336928367614746e-01,5.159635841846466064e-02,-7.446385920047760010e-02
2.260142266750335693e-01,5.561102628707885742e-01,7.725139707326889038e-02,2.901983559131622314e-01,2.424926459789276123e-01,4.029693603515625000e-01,3.115640580654144287e-01,4.366107583045959473e-01,3.426813483238220215e-01,1.602442115545272827e-01,3.063502311706542969e-01,2.765223383903503418e-01,1.559465676546096802e-01,5.552476644515991211e-02,1.150778010487556458e-01,2.431010603904724121e-01,2.113705277442932129e-01,1.863104850053787231e-01,-1.541346870362758636e-02,1.270712763071060181e-01,2.630496025085449219e-02,1.472378224134445190e-01,-5.509385839104652405e-02,-1.477519329637289047e-02,3.886946737766265869e-01,-2.524634636938571930e-02,1.000000357627868652e+00,3.416514396667480469e-01,3.812017142772674561e-01,1.494555026292800903e-01,3.668562322854995728e-02,1.265258342027664185e-01,6.455013155937194824e-01,1.395567953586578369e-01,2.938639521598815918e-01,-1.141727492213249207e-01,2.332762256264686584e-02,1.647889912128448486e-01,-6.195012480020523071e-02,-8.161219209432601929e-02,2.975094020366668701e-01,3.469045162200927734e-01,2.238818407058715820e-01,3.507821261882781982e-01,1.796686947345733643e-01,2.094726264476776123e-01,1.313338056206703186e-02,-1.240446865558624268e-01
3.451077640056610107e-01,4.322730600833892822e-01,4.451867043972015381e-01,4.494036734104156494e-01,3.943217992782592773e-01,4.711217582225799561e-01,2.681711912155151367e-01,5.913271754980087280e-02,2.617474198341369629e-01,3.232595324516296387e-01,1.157166734337806702e-01,3.040859699249267578e-01,2.613437771797180176e-01,-2.586474828422069550e-02,2.523084878921508789e-01,8.281762897968292236e-02,2.368707656860351562e-01,-1.121985539793968201e-01,2.837175130844116211e-01,2.629805803298950195e-01,1.323402822017669678e-01,1.989117413759231567e-01,3.507279753684997559e-01,1.850821524858474731e-01,4.136364161968231201e-01,-5.640610307455062866e-02,3.416514396667480469e-01,1.000000119209289551e+00,7.124454975128173828e-01,9.599164873361587524e-02,2.182348258793354034e-02,1.158786267042160034e-01,2.211203873157501221e-01,5.708227306604385376e-02,2.807389199733734131e-01,1.320477575063705444e-01,-1.026657000184059143e-01,2.763485908508300781e-01,1.096048578619956970e-01,2.213671207427978516e-01,3.290223777294158936e-01,4.012736976146697998e-01,4.679496288299560547e-01,3.152411878108978271e-01,3.874504268169403076e-01,3.623339533805847168e-01,7.261793315410614014e-02,-4.308260232210159302e-02
3.014367222785949707e-01,5.061297416687011719e-01,4.487560689449310303e-01,3.952769637107849121e-01,3.582097887992858887e-01,4.817912578582763672e-01,2.905503511428833008e-01,3.399298340082168579e-02,3.052415549755096436e-01,3.850720524787902832e-01,1.503213644027709961e-01,3.484031260013580322e-01,3.380083739757537842e-01,-4.004435613751411438e-02,3.587372303009033203e-01,2.062220573425292969e-01,2.773170769214630127e-01,-5.080417171120643616e-02,3.102790713310241699e-01,2.965832054615020752e-01,1.423747241497039795e-01,1.999307125806808472e-01,3.116035163402557373e-01,2.021246701478958130e-01,3.663619458675384521e-01,-8.368273824453353882e-02,3.812017142772674561e-01,7.124454975128173828e-01,1.000000357627868652e+00,2.297435551881790161e-01,1.033104136586189270e-01,1.069434508681297302e-01,2.497380822896957397e-01,1.547914445400238037e-01,2.151635587215423584e-01,1.356619000434875488e-01,-1.164783909916877747e-01,3.860343098640441895e-01,1.994150876998901367e-01,2.880250513553619385e-01,3.587241768836975098e-01,4.626312553882598877e-01,4.964743852615356445e-01,3.760471343994140625e-01,4.166655838489532471e-01,4.388556480407714844e-01,9.694183617830276489e-02,-1.233287602663040161e-01
9.880157187581062317e-03,1.270707100629806519e-01,5.132980644702911377e-02,1.449002176523208618e-01,1.429440081119537354e-01,1.472520679235458374e-01,2.747995555400848389e-01,5.179183930158615112e-02,1.415823549032211304e-01,1.795484274625778198e-01,9.342560172080993652e-02,1.310319453477859497e-01,1.655196100473403931e-01,-1.239740476012229919e-01,1.728923320770263672e-01,1.079202443361282349e-01,2.127360105514526367e-01,2.409329414367675781e-01,9.841975569725036621e-02,2.451045811176300049e-01,1.476502269506454468e-01,7.744906097650527954e-02,6.095108017325401306e-02,1.107305809855461121e-01,8.341613411903381348e-02,-5.170029401779174805e-02,1.494555026292800903e-01,9.599164873361587524e-02,2.297435551881790161e-01,1.000000238418579102e+00,4.709952473640441895e-01,7.622465491294860840e-02,1.812405437231063843e-01,1.651033759117126465e-01,1.960670500993728638e-01,1.010604128241539001e-01,-1.695736870169639587e-02,1.801431030035018921e-01,9.347067773342132568e-02,9.931445121765136719e-02,2.009634971618652344e-01,1.981581151485443115e-01,1.693769842386245728e-01,1.772767454385757446e-01,1.868623942136764526e-01,2.364105284214019775e-01,5.785245075821876526e-02,-7.407579571008682251e-02
-8.708335459232330322e-02,7.461446523666381836e-02,8.178069442510604858e-02,8.432996273040771484e-02,5.560856685042381287e-02,1.291823685169219971e-01,3.742592036724090576e-01,-3.254435211420059204e-02,9.220551699399948120e-02,1.715248376131057739e-01,2.007537521421909332e-02,5.298576876521110535e-02,2.635019719600677490e-01,2.023975737392902374e-02,1.552192866802215576e-01,1.452358067035675049e-01,4.162064194679260254e-01,5.010251998901367188e-01,3.079697191715240479e-01,4.271396696567535400e-01,4.345191717147827148e-01,3.750429749488830566e-01,1.853107661008834839e-01,2.713297009468078613e-01,-6.657481193542480469e-02,6.856296211481094360e-02,3.668562322854995728e-02,2.182348258793354034e-02,1.033104136586189270e-01,4.709952473640441895e-01,1.000000119209289551e+00,2.505305707454681396e-01,-3.639028174802660942e-03,1.319570392370223999e-01,1.228915750980377197e-01,2.911064624786376953e-01,9.443092346191406250e-02,2.627274692058563232e-01,2.772536575794219971e-01,3.384281098842620850e-01,1.684843152761459351e-01,2.386611700057983398e-01,1.740857064723968506e-01,1.064273193478584290e-01,2.218046635389328003e-01,2.561576068401336670e-01,2.169822603464126587e-01,1.117884293198585510e-01
4.076181724667549133e-02,1.698953099548816681e-02,2.462800964713096619e-02,1.318964064121246338e-01,1.305091530084609985e-01,1.068605706095695496e-01,8.591985702514648438e-02,1.025571450591087341e-01,9.114497900009155273e-02,-9.998924098908901215e-03,-1.445246580988168716e-02,5.942952260375022888e-02,3.072896599769592285e-02,5.999605730175971985e-02,-9.879930317401885986e-02,6.551235914230346680e-02,3.116960264742374420e-02,6.546027213335037231e-02,-4.541905969381332397e-02,-4.803035873919725418e-03,1.289755385369062424e-02,2.087680995464324951e-01,2.836597524583339691e-02,1.565074920654296875e-01,5.827212333679199219e-02,-9.811889380216598511e-02,1.265258342027664185e-01,1.158786267042160034e-01,1.069434508681297302e-01,7.622465491294860840e-02,2.505305707454681396e-01,1.000000476837158203e+00,1.075043305754661560e-01,-2.196883782744407654e-02,1.125866100192070007e-01,1.873548887670040131e-02,-3.998647630214691162e-02,-1.509572863578796387e-01,-8.719282597303390503e-02,4.174627363681793213e-02,3.968713432550430298e-02,1.142102926969528198e-01,1.489281058311462402e-01,1.290641278028488159e-01,6.559539586305618286e-02,8.692822605371475220e-02,2.751352488994598389e-01,4.026544988155364990e-01
3.996979296207427979e-01,4.104010462760925293e-01,4.338920861482620239e-02,3.360225260257720947e-01,3.859264254570007324e-01,2.545540928840637207e-01,3.562320470809936523e-01,5.352727174758911133e-01,3.728646337985992432e-01,1.690409779548645020e-01,4.198476374149322510e-01,4.351336658000946045e-01,1.021329015493392944e-01,-7.097277790307998657e-03,1.840595155954360962e-01,2.742992043495178223e-01,1.712744832038879395e-01,2.448761165142059326e-01,-1.073279604315757751e-01,-7.125319913029670715e-03,-2.643593121320009232e-03,1.210233941674232483e-01,-2.018305510282516479e-01,-7.010275870561599731e-02,5.219883918762207031e-01,-2.827447652816772461e-02,6.455013155937194824e-01,2.211203873157501221e-01,2.497380822896957397e-01,1.812405437231063843e-01,-3.639028174802660942e-03,1.075043305754661560e-01,1.000000119209289551e+00,3.372659385204315186e-01,3.133314549922943115e-01,-1.174839660525321960e-01,9.164123237133026123e-02,1.375949680805206299e-01,8.780448115430772305e-04,-1.573297232389450073e-01,3.747295737266540527e-01,3.100601136684417725e-01,1.927552521228790283e-01,4.344405829906463623e-01,2.029611915349960327e-01,1.581986248493194580e-01,-3.614041581749916077e-02,-1.495997905731201172e-01
