1.000000238418579102e+00,3.544702231884002686e-01,1.296979784965515137e-01,3.196508288383483887e-01,3.725717961788177490e-01,2.548822760581970215e-01,2.335211932659149170e-01,3.442269265651702881e-01,2.737969458103179932e-01,2.221794873476028442e-01,5.380430817604064941e-02,1.900739967823028564e-01,9.742392599582672119e-02,-8.231659978628158569e-02,1.094344258308410645e-01,9.908310323953628540e-02,1.682419925928115845e-01,1.748194247484207153e-01,8.230099827051162720e-02,2.015536278486251831e-01,1.707209050655364990e-01,2.047093957662582397e-01,6.707994639873504639e-02,1.584926098585128784e-01,3.442246615886688232e-01,3.856055811047554016e-02,3.689561486244201660e-01,4.396981596946716309e-01,3.192393183708190918e-01,2.322560362517833710e-02,1.875053644180297852e-01,1.390970051288604736e-01,4.179551601409912109e-01,3.455913066864013672e-01,1.724571287631988525e-01,2.802104502916336060e-02,1.730793714523315430e-01,2.849125266075134277e-01,1.367197334766387939e-01,4.640958271920681000e-03,3.717285394668579102e-01,2.774177193641662598e-01,2.148252576589584351e-01,2.704594433307647705e-01,2.166777551174163818e-01,1.889374405145645142e-01,1.424503624439239502e-01,1.070561110973358154e-01
3.544702231884002686e-01,1.000000000000000000e+00,-3.218557313084602356e-02,3.493305444717407227e-01,5.426248311996459961e-01,4.907152652740478516e-01,3.621005117893218994e-01,3.728804588317871094e-01,4.658049643039703369e-01,5.216556191444396973e-01,1.287524104118347168e-01,4.681285321712493896e-01,3.158660233020782471e-01,-1.455857008695602417e-01,2.766019701957702637e-01,2.047272622585296631e-01,2.399584352970123291e-01,2.180246114730834961e-01,1.742402762174606323e-01,1.905632019042968750e-01,2.630630731582641602e-01,3.697657585144042969e-01,1.472322791814804077e-01,2.199798375368118286e-01,2.283405959606170654e-01,-1.647261083126068115e-01,4.716981351375579834e-01,2.841315269470214844e-01,2.952229678630828857e-01,1.869414746761322021e-01,3.337209820747375488e-01,2.117717415094375610e-01,4.319775700569152832e-01,4.736272990703582764e-01,3.933436274528503418e-01,2.105724513530731201e-01,2.301354706287384033e-01,4.579657614231109619e-01,1.637710481882095337e-01,2.145276032388210297e-02,5.676056742668151855e-01,5.110184550285339355e-01,2.982171177864074707e-01,5.351886153221130371e-01,4.929583072662353516e-01,3.544028699398040771e-01,2.093299180269241333e-01,1.720238924026489258e-01
1.296979784965515137e-01,-3.218557313084602356e-02,9.999998807907104492e-01,1.884171962738037109e-01,-5.046140402555465698e-02,-6.509182602167129517e-02,1.787060499191284180e-01,-5.608112365007400513e-02,-9.284509718418121338e-02,-1.251168102025985718e-01,-3.633169457316398621e-02,-1.181438788771629333e-01,-7.869832217693328857e-02,-7.133133243769407272e-03,-3.863462805747985840e-02,-6.184521690011024475e-02,2.005555033683776855e-01,1.862622648477554321e-01,1.299340724945068359e-01,2.388746887445449829e-01,1.390836685895919800e-01,1.181346252560615540e-01,-2.444491907954216003e-02,2.828703075647354126e-02,-1.010448187589645386e-01,2.407627254724502563e-01,-1.281037926673889160e-01,2.217509001493453979e-01,1.014904230833053589e-01,1.236137077212333679e-01,1.285066306591033936e-01,4.191783070564270020e-02,-1.227282956242561340e-01,-4.177653044462203979e-02,-1.265266686677932739e-01,-8.746854029595851898e-03,-7.315350323915481567e-02,-4.068291932344436646e-02,-4.593388736248016357e-02,3.824877738952636719e-02,-6.188755482435226440e-02,-8.676582947373390198e-03,7.887334376573562622e-02,-1.030061915516853333e-01,-4.010912030935287476e-02,-3.469071164727210999e-02,3.602456301450729370e-02,-4.955105111002922058e-02
3.196508288383483887e-01,3.493305444717407227e-01,1.884171962738037109e-01,1.000000000000000000e+00,3.186588287353515625e-01,3.529739975929260254e-01,4.732193052768707275e-01,9.519965201616287231e-02,1.997314989566802979e-01,2.419322133064270020e-01,-5.335997417569160461e-02,1.430457532405853271e-01,2.170518785715103149e-01,-1.315056830644607544e-01,1.348244119435548782e-02,1.315622180700302124e-01,3.552930653095245361e-01,2.782945334911346436e-01,2.636056244373321533e-01,2.854042649269104004e-01,3.054817914962768555e-01,3.858606517314910889e-01,1.713763624429702759e-01,2.059356421232223511e-01,8.191354572772979736e-02,1.823375374078750610e-02,2.023824751377105713e-01,3.235275149345397949e-01,3.472202718257904053e-01,2.484425157308578491e-01,3.485092818737030029e-01,2.234815210103988647e-01,2.040552347898483276e-01,2.335822582244873047e-01,2.150623649358749390e-01,1.751261204481124878e-01,2.373856678605079651e-02,1.993000209331512451e-01,1.359422504901885986e-01,1.050856038928031921e-01,3.269923031330108643e-01,3.511669039726257324e-01,2.669551670551300049e-01,2.659849822521209717e-01,2.718162834644317627e-01,1.948720663785934448e-01,2.168566733598709106e-01,1.343161612749099731e-01
3.725717961788177490e-01,5.426248311996459961e-01,-5.046140402555465698e-02,3.186588287353515625e-01,1.000000238418579102e+00,5.106450319290161133e-01,3.579456508159637451e-01,4.232938885688781738e-01,4.622816443443298340e-01,4.805889427661895752e-01,1.533636301755905151e-01,4.498709142208099365e-01,2.514795362949371338e-01,-9.845349192619323730e-02,2.705579102039337158e-01,2.054870128631591797e-01,2.222077995538711548e-01,2.507443726062774658e-01,1.162550598382949829e-01,1.787738949060440063e-01,2.357589155435562134e-01,3.386129438877105713e-01,8.220935612916946411e-02,1.879873275756835938e-01,2.761354148387908936e-01,-1.844747066497802734e-01,4.960425198078155518e-01,2.471959739923477173e-01,2.515752613544464111e-01,1.336958855390548706e-01,3.159782290458679199e-01,2.080674469470977783e-01,4.850014150142669678e-01,4.813851118087768555e-01,3.863529264926910400e-01,9.002824127674102783e-02,2.882850766181945801e-01,4.408079087734222412e-01,1.585929691791534424e-01,-3.163345903158187866e-02,5.300615429878234863e-01,4.819409549236297607e-01,3.207987546920776367e-01,5.032308101654052734e-01,4.059489071369171143e-01,3.430418372154235840e-01,2.258741706609725952e-01,1.525157094001770020e-01
2.548822760581970215e-01,4.907152652740478516e-01,-6.509182602167129517e-02,3.529739975929260254e-01,5.106450319290161133e-01,1.000000238418579102e+00,4.106751978397369385e-01,2.453622519969940186e-01,4.161827862262725830e-01,4.930439591407775879e-01,1.051743850111961365e-01,4.423245787620544434e-01,3.417755961418151855e-01,-1.654604822397232056e-01,2.363390028476715088e-01,2.921779453754425049e-01,2.580097913742065430e-01,1.598025858402252197e-01,1.813303828239440918e-01,2.058556526899337769e-01,2.600252628326416016e-01,3.296792507171630859e-01,1.111198887228965759e-01,2.193411439657211304e-01,1.590705513954162598e-01,-2.021723538637161255e-01,3.832442760467529297e-01,2.323728799819946289e-01,3.231227099895477295e-01,1.788680702447891235e-01,3.032543957233428955e-01,2.929704189300537109e-01,3.487475514411926270e-01,3.707041442394256592e-01,3.850943148136138916e-01,1.602661609649658203e-01,1.162016764283180237e-01,3.956414759159088135e-01,1.974583268165588379e-01,3.132748231291770935e-02,4.599621593952178955e-01,5.119660496711730957e-01,3.261950612068176270e-01,4.988855123519897461e-01,4.352856874465942383e-01,3.732084929943084717e-01,2.713610231876373291e-01,1.388036310672760010e-01
2.335211932659149170e-01,3.621005117893218994e-01,1.787060499191284180e-01,4.732193052768707275e-01,3.579456508159637451e-01,4.106751978397369385e-01,1.000000000000000000e+00,1.259418129920959473e-01,3.101791739463806152e-01,3.144080638885498047e-01,-1.380533352494239807e-02,2.726027071475982666e-01,2.560296356678009033e-01,-2.359775006771087646e-01,1.307282000780105591e-01,1.906781047582626343e-01,4.404419362545013428e-01,3.009478151798248291e-01,3.355389237403869629e-01,3.567550182342529297e-01,4.204910099506378174e-01,4.192677736282348633e-01,2.104232907295227051e-01,1.345331519842147827e-01,4.524792358279228210e-02,2.945481985807418823e-02,2.102994173765182495e-01,2.346959412097930908e-01,3.379787504673004150e-01,2.237617671489715576e-01,3.404655754566192627e-01,1.804465353488922119e-01,2.148873805999755859e-01,2.971999049186706543e-01,3.585861027240753174e-01,1.864824295043945312e-01,7.316742092370986938e-02,3.099775016307830811e-01,2.252604961395263672e-01,1.428525298833847046e-01,2.977778315544128418e-01,4.444165527820587158e-01,3.994324803352355957e-01,3.662118315696716309e-01,3.123134672641754150e-01,2.832890748977661133e-01,1.837106347084045410e-01,1.339994668960571289e-01
3.442269265651702881e-01,3.728804588317871094e-01,-5.608112365007400513e-02,9.519965201616287231e-02,4.232938885688781738e-01,2.453622519969940186e-01,1.259418129920959473e-01,1.000000000000000000e+00,4.425377547740936279e-01,2.741301655769348145e-01,3.231471776962280273e-01,3.646004498004913330e-01,7.812979072332382202e-02,1.132379844784736633e-01,3.480054140090942383e-01,1.634379029273986816e-01,3.293541818857192993e-02,1.034094691276550293e-01,5.233378149569034576e-03,2.280944585800170898e-02,2.883494086563587189e-02,1.262694299221038818e-01,5.242094770073890686e-02,3.396641463041305542e-03,4.079392552375793457e-01,-7.769911736249923706e-02,4.696713387966156006e-01,1.497854292392730713e-01,1.064264625310897827e-01,-6.786043196916580200e-02,6.736344099044799805e-02,-7.363196928054094315e-03,5.008265376091003418e-01,4.347944557666778564e-01,2.664444744586944580e-01,-1.082058437168598175e-02,4.608267545700073242e-01,3.816754519939422607e-01,1.175399050116539001e-01,-2.990180440247058868e-02,3.521161973476409912e-01,2.352086752653121948e-01,1.412929296493530273e-01,3.800864815711975098e-01,1.802989542484283447e-01,1.005186587572097778e-01,2.174943313002586365e-02,9.284541010856628418e-02
2.737969458103179932e-01,4.658049643039703369e-01,-9.284509718418121338e-02,1.997314989566802979e-01,4.622816443443298340e-01,4.161827862262725830e-01,3.101791739463806152e-01,4.425377547740936279e-01,1.000000238418579102e+00,4.144766032695770264e-01,2.371212989091873169e-01,5.021510720252990723e-01,2.322296500205993652e-01,-7.403031736612319946e-02,2.923496067523956299e-01,2.454342395067214966e-01,1.591145545244216919e-01,1.521508097648620605e-01,1.277399659156799316e-01,1.105545610189437866e-01,1.930600255727767944e-01,2.845086455345153809e-01,1.700376868247985840e-01,3.811321407556533813e-02,2.805649638175964355e-01,-1.286447644233703613e-01,4.485357701778411865e-01,1.893666386604309082e-01,2.536129951477050781e-01,6.090962514281272888e-02,1.919199377298355103e-01,9.535397589206695557e-02,4.639455378055572510e-01,4.178975224494934082e-01,4.137527048587799072e-01,1.473705172538757324e-01,2.819805741310119629e-01,4.083853065967559814e-01,2.264569550752639771e-01,7.340749353170394897e-02,3.917154967784881592e-01,3.901289105415344238e-01,2.544522881507873535e-01,5.450227856636047363e-01,2.825795114040374756e-01,1.806074380874633789e-01,9.527066349983215332e-02,1.522890925407409668e-01
2.221794873476028442e-01,5.216556191444396973e-01,-1.251168102025985718e-01,2.419322133064270020e-01,4.805889427661895752e-01,4.930439591407775879e-01,3.144080638885498047e-01,2.741301655769348145e-01,4.144766032695770264e-01,9.999998807907104492e-01,1.242032796144485474e-01,5.177024602890014648e-01,3.973897397518157959e-01,-1.617303788661956787e-01,2.914968132972717285e-01,2.274909913539886475e-01,2.260076701641082764e-01,1.404038071632385254e-01,1.838114708662033081e-01,1.728612482547760010e-01,2.336504459381103516e-01,2.965330183506011963e-01,1.239795386791229248e-01,2.434266209602355957e-01,1.352642327547073364e-01,-2.373152524232864380e-01,3.790063560009002686e-01,2.092254310846328735e-01,2.606516480445861816e-01,1.592152416706085205e-01,2.906644940376281738e-01,2.536666095256805420e-01,3.349288702011108398e-01,4.160948991775512695e-01,3.896348178386688232e-01,2.465610951185226440e-01,1.816773116588592529e-01,4.342465400695800781e-01,1.659576594829559326e-01,-3.826285246759653091e-03,4.769460260868072510e-01,4.756233990192413330e-01,2.653866112232208252e-01,4.955069124698638916e-01,5.011655688285827637e-01,4.133002460002899170e-01,2.234780639410018921e-01,1.465198099613189697e-01
5.380430817604064941e-02,1.287524104118347168e-01,-3.633169457316398621e-02,-5.335997417569160461e-02,1.533636301755905151e-01,1.051743850111961365e-01,-1.380533352494239807e-02,3.231471776962280273e-01,2.371212989091873169e-01,1.242032796144485474e-01,1.000000000000000000e+00,2.504710555076599121e-01,3.142837435007095337e-02,1.809431016445159912e-01,4.198888838291168213e-01,2.217907011508941650e-01,-5.333908274769783020e-02,-2.375412173569202423e-02,-8.992858976125717163e-02,-6.885860860347747803e-02,-9.547062218189239502e-02,-3.114405460655689240e-02,-5.556832067668437958e-03,-4.750643670558929443e-02,1.855209767818450928e-01,-1.022473573684692383e-01,1.760098636150360107e-01,9.359383024275302887e-03,1.563489437103271484e-02,-4.034246876835823059e-02,-3.480131179094314575e-02,-2.570772310718894005e-03,2.119638025760650635e-01,1.253756284713745117e-01,1.346489042043685913e-01,-4.925318062305450439e-04,1.697735935449600220e-01,1.851586401462554932e-01,9.397493302822113037e-02,-6.710138171911239624e-03,1.321000903844833374e-01,6.740964204072952271e-02,-4.596719518303871155e-03,1.579979956150054932e-01,1.093878671526908875e-01,4.787036031484603882e-02,-2.025049366056919098e-02,1.185667216777801514e-01
1.900739967823028564e-01,4.681285321712493896e-01,-1.181438788771629333e-01,1.430457532405853271e-01,4.498709142208099365e-01,4.423245787620544434e-01,2.726027071475982666e-01,3.646004498004913330e-01,5.021510720252990723e-01,5.177024602890014648e-01,2.504710555076599121e-01,9.999997615814208984e-01,2.927578389644622803e-01,-6.740831583738327026e-02,3.819119632244110107e-01,2.702538669109344482e-01,1.647088974714279175e-01,1.196876019239425659e-01,1.034915223717689514e-01,1.407105326652526855e-01,2.030381858348846436e-01,2.340341955423355103e-01,1.511648446321487427e-01,1.113129481673240662e-01,1.906213760375976562e-01,-1.904175132513046265e-01,4.060170948505401611e-01,1.446285396814346313e-01,2.277467846870422363e-01,1.184446588158607483e-01,2.060980796813964844e-01,1.654263585805892944e-01,3.808197677135467529e-01,3.833451867103576660e-01,4.166011512279510498e-01,2.223083376884460449e-01,2.472873628139495850e-01,4.201026260852813721e-01,2.305165976285934448e-01,8.257107436656951904e-02,3.774639070034027100e-01,4.149101376533508301e-01,2.394340783357620239e-01,5.028837323188781738e-01,3.802515864372253418e-01,3.127973079681396484e-01,1.501929163932800293e-01,1.585820913314819336e-01
9.742392599582672119e-02,3.158660233020782471e-01,-7.869832217693328857e-02,2.170518785715103149e-01,2.514795362949371338e-01,3.417755961418151855e-01,2.560296356678009033e-01,7.812979072332382202e-02,2.322296500205993652e-01,3.973897397518157959e-01,3.142837435007095337e-02,2.927578389644622803e-01,1.000000000000000000e+00,-1.520073860883712769e-01,1.778843849897384644e-01,2.975790500640869141e-01,2.018692493438720703e-01,8.576681464910507202e-02,2.175802141427993774e-01,2.541743516921997070e-01,3.135364651679992676e-01,2.935410439968109131e-01,3.569312691688537598e-01,2.752288877964019775e-01,7.723788265138864517e-03,-2.004595547914505005e-01,1.365749388933181763e-01,1.755593270063400269e-01,2.296491563320159912e-01,1.322895437479019165e-01,2.352672964334487915e-01,2.207335680723190308e-01,1.100559681653976440e-01,2.512624561786651611e-01,2.651892602443695068e-01,3.736998140811920166e-01,-5.727525800466537476e-03,2.950258851051330566e-01,2.404297441244125366e-01,1.855845153331756592e-01,2.939607799053192139e-01,3.212064206600189209e-01,2.718998193740844727e-01,3.116569817066192627e-01,3.612854182720184326e-01,3.093352615833282471e-01,2.194689661264419556e-01,2.294770926237106323e-01
-8.231659978628158569e-02,-1.455857008695602417e-01,-7.133133243769407272e-03,-1.315056830644607544e-01,-9.845349192619323730e-02,-1.654604822397232056e-01,-2.359775006771087646e-01,1.132379844784736633e-01,-7.403031736612319946e-02,-1.617303788661956787e-01,1.809431016445159912e-01,-6.740831583738327026e-02,-1.520073860883712769e-01,9.999998807907104492e-01,5.689094588160514832e-02,7.998229935765266418e-03,-1.668959707021713257e-01,-1.600574329495429993e-02,-2.340268492698669434e-01,-2.123292088508605957e-01,-2.616830170154571533e-01,-1.821024119853973389e-01,-9.551192820072174072e-02,-6.351637095212936401e-02,-4.049669951200485229e-02,1.879588700830936432e-02,-8.314309269189834595e-02,-1.024451404809951782e-01,-1.305610537528991699e-01,-4.993548616766929626e-02,-9.013810008764266968e-02,-5.498344078660011292e-02,-8.586076647043228149e-02,-1.577766984701156616e-01,-2.384494990110397339e-01,-3.648016229271888733e-02,2.154674679040908813e-01,-1.946430355310440063e-01,-1.420877873897552490e-01,-4.216019809246063232e-02,-1.186145991086959839e-01,-2.269087582826614380e-01,-2.162850201129913330e-01,-1.682114899158477783e-01,-2.077310830354690552e-01,-2.275155186653137207e-01,-2.668067626655101776e-02,-3.549640532582998276e-03
1.094344258308410645e-01,2.766019701957702637e-01,-3.863462805747985840e-02,1.348244119435548782e-02,2.705579102039337158e-01,2.363390028476715088e-01,1.307282000780105591e-01,3.480054140090942383e-01,2.923496067523956299e-01,2.914968132972717285e-01,4.198888838291168213e-01,3.819119632244110107e-01,1.778843849897384644e-01,5.689094588160514832e-02,1.000000000000000000e+00,3.286483585834503174e-01,1.115028262138366699e-01,1.136017441749572754e-01,2.103232592344284058e-02,1.106304302811622620e-01,8.023583143949508667e-02,1.047087609767913818e-01,9.597693383693695068e-02,9.440736472606658936e-02,1.113819107413291931e-01,-1.217890754342079163e-01,2.293061465024948120e-01,8.244283497333526611e-02,1.087594181299209595e-01,1.053620278835296631e-01,1.206603348255157471e-01,5.252708122134208679e-02,2.660107612609863281e-01,3.340168893337249756e-01,2.877598106861114502e-01,1.047510206699371338e-01,2.271514981985092163e-01,4.418916106224060059e-01,2.437874525785446167e-01,5.123185366392135620e-02,2.466139495372772217e-01,2.604042291641235352e-01,9.934313595294952393e-02,2.614917159080505371e-01,3.017663955688476562e-01,2.288628369569778442e-01,8.764292299747467041e-02,1.179486066102981567e-01
9.908310323953628540e-02,2.047272622585296631e-01,-6.184521690011024475e-02,1.315622180700302124e-01,2.054870128631591797e-01,2.921779453754425049e-01,1.906781047582626343e-01,1.634379029273986816e-01,2.454342395067214966e-01,2.274909913539886475e-01,2.217907011508941650e-01,2.702538669109344482e-01,2.975790500640869141e-01,7.998229935765266418e-03,3.286483585834503174e-01,9.999998807907104492e-01,1.339073479175567627e-01,8.062501996755599976e-02,7.442130893468856812e-02,1.517924070358276367e-01,1.057755574584007263e-01,1.707608252763748169e-01,2.572207152843475342e-01,2.932860851287841797e-01,7.317687571048736572e-02,-7.768483459949493408e-02,1.925963610410690308e-01,1.556944549083709717e-01,2.210895270109176636e-01,1.274162977933883667e-01,2.003705352544784546e-01,2.845060229301452637e-01,1.922416836023330688e-01,1.703823506832122803e-01,2.744432687759399414e-01,2.292603254318237305e-01,1.090960949659347534e-01,3.083919882774353027e-01,4.039980471134185791e-01,3.014515936374664307e-01,1.886626929044723511e-01,2.775481343269348145e-01,1.368448436260223389e-01,2.298501282930374146e-01,2.516504526138305664e-01,2.261591702699661255e-01,3.188130259513854980e-01,2.331674098968505859e-01
1.682419925928115845e-01,2.399584352970123291e-01,2.005555033683776855e-01,3.552930653095245361e-01,2.222077995538711548e-01,2.580097913742065430e-01,4.404419362545013428e-01,3.293541818857192993e-02,1.591145545244216919e-01,2.260076701641082764e-01,-5.333908274769783020e-02,1.647088974714279175e-01,2.018692493438720703e-01,-1.668959707021713257e-01,1.115028262138366699e-01,1.339073479175567627e-01,9.999997615814208984e-01,3.975343406200408936e-01,3.085692822933197021e-01,4.180662035942077637e-01,4.088143408298492432e-01,3.880842626094818115e-01,1.678341776132583618e-01,1.708805859088897705e-01,-9.490036219358444214e-02,-1.342260930687189102e-02,7.620216906070709229e-02,2.683613300323486328e-01,3.313985168933868408e-01,3.028101027011871338e-01,3.772130906581878662e-01,2.177337259054183960e-01,9.101489186286926270e-02,2.363974899053573608e-01,2.461226582527160645e-01,1.759443134069442749e-01,4.829012230038642883e-02,2.465621680021286011e-01,2.067468464374542236e-01,1.314150094985961914e-01,1.723020672798156738e-01,3.357045352458953857e-01,3.422922194004058838e-01,1.989512741565704346e-01,2.553104758262634277e-01,2.650274038314819336e-01,2.176180481910705566e-01,8.477693796157836914e-02
1.748194247484207153e-01,2.180246114730834961e-01,1.862622648477554321e-01,2.782945334911346436e-01,2.507443726062774658e-01,1.598025858402252197e-01,3.009478151798248291e-01,1.034094691276550293e-01,1.521508097648620605e-01,1.404038071632385254e-01,-2.375412173569202423e-02,1.196876019239425659e-01,8.576681464910507202e-02,-1.600574329495429993e-02,1.136017441749572754e-01,8.062501996755599976e-02,3.975343406200408936e-01,9.999998807907104492e-01,4.175359010696411133e-02,2.962802648544311523e-01,3.139215409755706787e-01,4.259653687477111816e-01,1.252098977565765381e-01,2.362020611763000488e-01,-5.504314228892326355e-02,3.235526382923126221e-02,8.890458196401596069e-02,1.843071281909942627e-01,1.626174747943878174e-01,3.729956448078155518e-01,5.012546181678771973e-01,2.104486823081970215e-01,1.253736466169357300e-01,2.028227001428604126e-01,1.274528205394744873e-01,8.886419981718063354e-02,9.876385331153869629e-02,1.788671463727951050e-01,1.136383637785911560e-01,6.594727188348770142e-02,2.014067173004150391e-01,2.609475553035736084e-01,2.109186500310897827e-01,1.248559951782226562e-01,1.876010894775390625e-01,1.752636134624481201e-01,2.583011090755462646e-01,1.242973431944847107e-01
8.230099827051162720e-02,1.742402762174606323e-01,1.299340724945068359e-01,2.636056244373321533e-01,1.162550598382949829e-01,1.813303828239440918e-01,3.355389237403869629e-01,5.233378149569034576e-03,1.277399659156799316e-01,1.838114708662033081e-01,-8.992858976125717163e-02,1.034915223717689514e-01,2.175802141427993774e-01,-2.340268492698669434e-01,2.103232592344284058e-02,7.442130893468856812e-02,3.085692822933197021e-01,4.175359010696411133e-02,1.000000000000000000e+00,3.519987761974334717e-01,3.194398880004882812e-01,2.884964048862457275e-01,2.438552826642990112e-01,1.725458540022373199e-02,-1.011780574917793274e-01,3.702879324555397034e-02,1.519578136503696442e-02,1.649059653282165527e-01,2.256400883197784424e-01,6.003380566835403442e-02,1.296381801366806030e-01,3.530076146125793457e-02,4.144231788814067841e-03,2.002788335084915161e-01,2.265071570873260498e-01,1.852470785379409790e-01,1.304216589778661728e-02,2.081042081117630005e-01,1.600237786769866943e-01,1.836162954568862915e-01,1.186682060360908508e-01,2.075584828853607178e-01,2.382566183805465698e-01,2.188484072685241699e-01,1.706385165452957153e-01,9.961576759815216064e-02,-1.282105920836329460e-03,1.152602676302194595e-02
2.015536278486251831e-01,1.905632019042968750e-01,2.388746887445449829e-01,2.854042649269104004e-01,1.787738949060440063e-01,2.058556526899337769e-01,3.567550182342529297e-01,2.280944585800170898e-02,1.105545610189437866e-01,1.728612482547760010e-01,-6.885860860347747803e-02,1.407105326652526855e-01,2.541743516921997070e-01,-2.123292088508605957e-01,1.106304302811622620e-01,1.517924070358276367e-01,4.180662035942077637e-01,2.962802648544311523e-01,3.519987761974334717e-01,1.000000000000000000e+00,4.851239025592803955e-01,3.363387286663055420e-01,2.414527088403701782e-01,1.661027967929840088e-01,-6.397148966789245605e-02,5.002783238887786865e-02,2.129081450402736664e-02,2.650081217288970947e-01,2.381163388490676880e-01,2.349406033754348755e-01,3.070627152919769287e-01,1.789568066596984863e-01,5.560876056551933289e-02,1.866130679845809937e-01,1.854971945285797119e-01,1.507182717323303223e-01,-5.477343872189521790e-02,2.415722757577896118e-01,2.905658781528472900e-01,2.117794007062911987e-01,1.432938873767852783e-01,2.922570407390594482e-01,3.338429927825927734e-01,1.434075236320495605e-01,2.327367365360260010e-01,2.997579276561737061e-01,1.718621850013732910e-01,4.923342913389205933e-02
1.707209050655364990e-01,2.630630731582641602e-01,1.390836685895919800e-01,3.054817914962768555e-01,2.357589155435562134e-01,2.600252628326416016e-01,4.204910099506378174e-01,2.883494086563587189e-02,1.930600255727767944e-01,2.336504459381103516e-01,-9.547062218189239502e-02,2.030381858348846436e-01,3.135364651679992676e-01,-2.616830170154571533e-01,8.023583143949508667e-02,1.057755574584007263e-01,4.088143408298492432e-01,3.139215409755706787e-01,3.194398880004882812e-01,4.851239025592803955e-01,1.000000000000000000e+00,4.378376007080078125e-01,3.377155363559722900e-01,1.098374351859092712e-01,-3.715066239237785339e-02,-4.551750421524047852e-02,9.190547466278076172e-02,1.965373754501342773e-01,2.539387643337249756e-01,2.583811879158020020e-01,3.564895093441009521e-01,1.390821188688278198e-01,8.192820101976394653e-02,2.202439159154891968e-01,3.035963475704193115e-01,2.503492832183837891e-01,-4.615255631506443024e-03,2.603189051151275635e-01,2.578180134296417236e-01,2.397628724575042725e-01,1.940514296293258667e-01,3.607134222984313965e-01,4.629836678504943848e-01,2.628749012947082520e-01,2.653608918190002441e-01,2.954552769660949707e-01,1.200037151575088501e-01,1.715179979801177979e-01
2.047093957662582397e-01,3.697657585144042969e-01,1.181346252560615540e-01,3.858606517314910889e-01,3.386129438877105713e-01,3.296792507171630859e-01,4.192677736282348633e-01,1.262694299221038818e-01,2.845086455345153809e-01,2.965330183506011963e-01,-3.114405460655689240e-02,2.340341955423355103e-01,2.935410439968109131e-01,-1.821024119853973389e-01,1.047087609767913818e-01,1.707608252763748169e-01,3.880842626094818115e-01,4.259653687477111816e-01,2.884964048862457275e-01,3.363387286663055420e-01,4.378376007080078125e-01,9.999996423721313477e-01,3.353852629661560059e-01,2.651437819004058838e-01,-3.571958839893341064e-02,-6.538372486829757690e-02,1.952618360519409180e-01,2.783308029174804688e-01,3.107064962387084961e-01,3.172457516193389893e-01,4.974394142627716064e-01,2.685078382492065430e-01,1.862648129463195801e-01,3.260559737682342529e-01,3.384561538696289062e-01,2.950348556041717529e-01,8.328890800476074219e-02,3.105182051658630371e-01,2.177105545997619629e-01,2.371924221515655518e-01,3.289758265018463135e-01,3.814567923545837402e-01,3.264152705669403076e-01,3.230557143688201904e-01,3.159785568714141846e-01,2.116101980209350586e-01,2.836624979972839355e-01,3.110842108726501465e-01
6.707994639873504639e-02,1.472322791814804077e-01,-2.444491907954216003e-02,1.713763624429702759e-01,8.220935612916946411e-02,1.111198887228965759e-01,2.104232907295227051e-01,5.242094770073890686e-02,1.700376868247985840e-01,1.239795386791229248e-01,-5.556832067668437958e-03,1.511648446321487427e-01,3.569312691688537598e-01,-9.551192820072174072e-02,9.597693383693695068e-02,2.572207152843475342e-01,1.678341776132583618e-01,1.252098977565765381e-01,2.438552826642990112e-01,2.414527088403701782e-01,3.377155363559722900e-01,3.353852629661560059e-01,9.999998807907104492e-01,1.885174810886383057e-01,-2.876674570143222809e-02,-3.955554962158203125e-02,3.092592395842075348e-02,1.319819092750549316e-01,1.948209255933761597e-01,1.006312742829322815e-01,1.902856081724166870e-01,8.137234300374984741e-02,4.362136125564575195e-02,1.672896593809127808e-01,2.413771748542785645e-01,4.136317670345306396e-01,3.259484097361564636e-02,1.985020786523818970e-01,3.488553762435913086e-01,4.833870530128479004e-01,1.054916456341743469e-01,1.484320610761642456e-01,1.572761386632919312e-01,1.907688528299331665e-01,1.281297057867050171e-01,3.640711307525634766e-02,1.583936661481857300e-01,3.797579705715179443e-01
1.584926098585128784e-01,2.199798375368118286e-01,2.828703075647354126e-02,2.059356421232223511e-01,1.879873275756835938e-01,2.193411439657211304e-01,1.345331519842147827e-01,3.396641463041305542e-03,3.811321407556533813e-02,2.434266209602355957e-01,-4.750643670558929443e-02,1.113129481673240662e-01,2.752288877964019775e-01,-6.351637095212936401e-02,9.440736472606658936e-02,2.932860851287841797e-01,1.708805859088897705e-01,2.362020611763000488e-01,1.725458540022373199e-02,1.661027967929840088e-01,1.098374351859092712e-01,2.651437819004058838e-01,1.885174810886383057e-01,9.999998807907104492e-01,-6.423854827880859375e-02,-6.394577771425247192e-02,9.784305095672607422e-02,2.606184780597686768e-01,2.452280968427658081e-01,2.627154290676116943e-01,3.862684071063995361e-01,4.525577127933502197e-01,7.998511940240859985e-02,1.557594984769821167e-01,1.073312312364578247e-01,2.853195369243621826e-01,4.557145293802022934e-03,1.992282122373580933e-01,2.202249318361282349e-01,1.893068253993988037e-01,2.436664104461669922e-01,2.650384306907653809e-01,7.353724539279937744e-02,9.107223153114318848e-02,3.302907347679138184e-01,2.851192057132720947e-01,5.537334680557250977e-01,2.778747379779815674e-01
3.442246615886688232e-01,2.283405959606170654e-01,-1.010448187589645386e-01,8.191354572772979736e-02,2.761354148387908936e-01,1.590705513954162598e-01,4.524792358279228210e-02,4.079392552375793457e-01,2.805649638175964355e-01,1.352642327547073364e-01,1.855209767818450928e-01,1.906213760375976562e-01,7.723788265138864517e-03,-4.049669951200485229e-02,1.113819107413291931e-01,7.317687571048736572e-02,-9.490036219358444214e-02,-5.504314228892326355e-02,-1.011780574917793274e-01,-6.397148966789245605e-02,-3.715066239237785339e-02,-3.571958839893341064e-02,-2.876674570143222809e-02,-6.423854827880859375e-02,9.999998807907104492e-01,-6.540779769420623779e-02,4.320569038391113281e-01,1.374283134937286377e-01,4.643703997135162354e-02,-2.028661668300628662e-01,-8.207384496927261353e-02,-4.761619865894317627e-02,4.575526118278503418e-01,2.583848237991333008e-01,1.669518202543258667e-01,-1.104584634304046631e-01,2.449079453945159912e-01,2.106723189353942871e-01,8.930363506078720093e-02,-2.986422926187515259e-02,2.528121471405029297e-01,8.913578838109970093e-02,8.296594768762588501e-02,2.555907964706420898e-01,3.929193317890167236e-02,8.011239767074584961e-02,-6.224914267659187317e-02,1.395787857472896576e-02
3.856055811047554016e-02,-1.647261083126068115e-01,2.407627254724502563e-01,1.823375374078750610e-02,-1.844747066497802734e-01,-2.021723538637161255e-01,2.945481985807418823e-02,-7.769911736249923706e-02,-1.286447644233703613e-01,-2.373152524232864380e-01,-1.022473573684692383e-01,-1.904175132513046265e-01,-2.004595547914505005e-01,1.879588700830936432e-02,-1.217890754342079163e-01,-7.768483459949493408e-02,-1.342260930687189102e-02,3.235526382923126221e-02,3.702879324555397034e-02,5.002783238887786865e-02,-4.551750421524047852e-02,-6.538372486829757690e-02,-3.955554962158203125e-02,-6.394577771425247192e-02,-6.540779769420623779e-02,9.999997615814208984e-01,-1.630323082208633423e-01,-2.127422951161861420e-02,-7.147426903247833252e-02,-4.692025482654571533e-02,-8.522894978523254395e-02,-1.114885434508323669e-01,-1.158989295363426208e-01,-1.162300854921340942e-01,-1.834427416324615479e-01,-1.209443882107734680e-01,-4.112062230706214905e-02,-1.424025148153305054e-01,-4.701379686594009399e-02,2.124185115098953247e-02,-1.549833118915557861e-01,-1.611856818199157715e-01,-1.500485241413116455e-01,-1.829789131879806519e-01,-1.764632761478424072e-01,-1.978002190589904785e-01,-9.331665188074111938e-02,-1.145343407988548279e-01
3.689561486244201660e-01,4.716981351375579834e-01,-1.281037926673889160e-01,2.023824751377105713e-01,4.960425198078155518e-01,3.832442760467529297e-01,2.102994173765182495e-01,4.696713387966156006e-01,4.485357701778411865e-01,3.790063560009002686e-01,1.760098636150360107e-01,4.060170948505401611e-01,1.365749388933181763e-01,-8.314309269189834595e-02,2.293061465024948120e-01,1.925963610410690308e-01,7.620216906070709229e-02,8.890458196401596069e-02,1.519578136503696442e-02,2.129081450402736664e-02,9.190547466278076172e-02,1.952618360519409180e-01,3.092592395842075348e-02,9.784305095672607422e-02,4.320569038391113281e-01,-1.630323082208633423e-01,9.999998807907104492e-01,1.965597271919250488e-01,2.000560015439987183e-01,1.263483241200447083e-02,1.671516150236129761e-01,1.489188820123672485e-01,5.702897310256958008e-01,4.265611469745635986e-01,3.719055354595184326e-01,6.820836663246154785e-02,3.316375017166137695e-01,3.879351317882537842e-01,1.409136056900024414e-01,-2.690081484615802765e-03,4.324962794780731201e-01,3.555394113063812256e-01,2.257142961025238037e-01,4.675804972648620605e-01,2.850259840488433838e-01,2.339730858802795410e-01,1.426366418600082397e-01,1.407087296247482300e-01
4.396981596946716309e-01,2.841315269470214844e-01,2.217509001493453979e-01,3.235275149345397949e-01,2.471959739923477173e-01,2.323728799819946289e-01,2.346959412097930908e-01,1.497854292392730713e-01,1.893666386604309082e-01,2.092254310846328735e-01,9.359383024275302887e-03,1.446285396814346313e-01,1.755593270063400269e-01,-1.024451404809951782e-01,8.244283497333526611e-02,1.556944549083709717e-01,2.683613300323486328e-01,1.843071281909942627e-01,1.649059653282165527e-01,2.650081217288970947e-01,1.965373754501342773e-01,2.783308029174804688e-01,1.319819092750549316e-01,2.606184780597686768e-01,1.374283134937286377e-01,-2.127422951161861420e-02,1.965597271919250488e-01,1.000000000000000000e+00,4.789620637893676758e-01,1.147817149758338928e-01,2.494618147611618042e-01,2.443698495626449585e-01,2.222401946783065796e-01,2.875222563743591309e-01,1.721628457307815552e-01,1.726429760456085205e-01,7.137189060449600220e-02,2.751146554946899414e-01,2.119443416595458984e-01,1.231867894530296326e-01,2.847993671894073486e-01,2.326581776142120361e-01,1.888821870088577271e-01,1.934839189052581787e-01,2.245753109455108643e-01,1.922979652881622314e-01,2.216450870037078857e-01,1.570170819759368896e-01
3.192393183708190918e-01,2.952229678630828857e-01,1.014904230833053589e-01,3.472202718257904053e-01,2.515752613544464111e-01,3.231227099895477295e-01,3.379787504673004150e-01,1.064264625310897827e-01,2.536129951477050781e-01,2.606516480445861816e-01,1.563489437103271484e-02,2.277467846870422363e-01,2.296491563320159912e-01,-1.305610537528991699e-01,1.087594181299209595e-01,2.210895270109176636e-01,3.313985168933868408e-01,1.626174747943878174e-01,2.256400883197784424e-01,2.381163388490676880e-01,2.539387643337249756e-01,3.107064962387084961e-01,1.948209255933761597e-01,2.452280968427658081e-01,4.643703997135162354e-02,-7.147426903247833252e-02,2.000560015439987183e-01,4.789620637893676758e-01,9.999998807907104492e-01,2.123045772314071655e-01,2.725765705108642578e-01,2.685559391975402832e-01,2.043860405683517456e-01,2.581013441085815430e-01,2.855892777442932129e-01,2.585123777389526367e-01,7.943879067897796631e-02,2.741149067878723145e-01,2.584921717643737793e-01,1.820205748081207275e-01,2.485962361097335815e-01,3.132055103778839111e-01,2.467314451932907104e-01,2.685880362987518311e-01,2.638904154300689697e-01,1.952847391366958618e-01,2.451188117265701294e-01,2.170032411813735962e-01
2.322560362517833710e-02,1.869414746761322021e-01,1.236137077212333679e-01,2.484425157308578491e-01,1.336958855390548706e-01,1.788680702447891235e-01,2.237617671489715576e-01,-6.786043196916580200e-02,6.090962514281272888e-02,1.592152416706085205e-01,-4.034246876835823059e-02,1.184446588158607483e-01,1.322895437479019165e-01,-4.993548616766929626e-02,1.053620278835296631e-01,1.274162977933883667e-01,3.028101027011871338e-01,3.729956448078155518e-01,6.003380566835403442e-02,2.349406033754348755e-01,2.583811879158020020e-01,3.172457516193389893e-01,1.006312742829322815e-01,2.627154290676116943e-01,-2.028661668300628662e-01,-4.692025482654571533e-02,1.263483241200447083e-02,1.147817149758338928e-01,2.123045772314071655e-01,9.999996423721313477e-01,4.690940976142883301e-01,3.031106889247894287e-01,-1.482525561004877090e-02,7.696134597063064575e-02,1.194559708237648010e-01,2.379702925682067871e-01,-4.500211030244827271e-02,1.269342750310897827e-01,1.468963325023651123e-01,1.151107028126716614e-01,1.342741847038269043e-01,2.415574491024017334e-01,1.771142184734344482e-01,9.418985992670059204e-02,2.318445295095443726e-01,1.718845963478088379e-01,2.810185551643371582e-01,9.673539549112319946e-02
1.875053644180297852e-01,3.337209820747375488e-01,1.285066306591033936e-01,3.485092818737030029e-01,3.159782290458679199e-01,3.032543957233428955e-01,3.404655754566192627e-01,6.736344099044799805e-02,1.919199377298355103e-01,2.906644940376281738e-01,-3.480131179094314575e-02,2.060980796813964844e-01,2.352672964334487915e-01,-9.013810008764266968e-02,1.206603348255157471e-01,2.003705352544784546e-01,3.772130906581878662e-01,5.012546181678771973e-01,1.296381801366806030e-01,3.070627152919769287e-01,3.564895093441009521e-01,4.974394142627716064e-01,1.902856081724166870e-01,3.862684071063995361e-01,-8.207384496927261353e-02,-8.522894978523254395e-02,1.671516150236129761e-01,2.494618147611618042e-01,2.725765705108642578e-01,4.690940976142883301e-01,1.000000000000000000e+00,4.125424623489379883e-01,1.380361467599868774e-01,2.298957258462905884e-01,2.289573252201080322e-01,2.867386043071746826e-01,7.583007961511611938e-02,2.492364794015884399e-01,1.739328950643539429e-01,1.522320508956909180e-01,3.078950941562652588e-01,3.729942739009857178e-01,2.851065397262573242e-01,2.388761341571807861e-01,3.374444544315338135e-01,2.812841236591339111e-01,4.054953157901763916e-01,2.189880758523941040e-01
1.390970051288604736e-01,2.117717415094375610e-01,4.191783070564270020e-02,2.234815210103988647e-01,2.080674469470977783e-01,2.929704189300537109e-01,1.804465353488922119e-01,-7.363196928054094315e-03,9.535397589206695557e-02,2.536666095256805420e-01,-2.570772310718894005e-03,1.654263585805892944e-01,2.207335680723190308e-01,-5.498344078660011292e-02,5.252708122134208679e-02,2.845060229301452637e-01,2.177337259054183960e-01,2.104486823081970215e-01,3.530076146125793457e-02,1.789568066596984863e-01,1.390821188688278198e-01,2.685078382492065430e-01,8.137234300374984741e-02,4.525577127933502197e-01,-4.761619865894317627e-02,-1.114885434508323669e-01,1.489188820123672485e-01,2.443698495626449585e-01,2.685559391975402832e-01,3.031106889247894287e-01,4.125424623489379883e-01,9.999998807907104492e-01,1.026033312082290649e-01,9.434195607900619507e-02,1.572941988706588745e-01,2.761396765708923340e-01,-4.142738413065671921e-03,1.444315463304519653e-01,1.912954002618789673e-01,1.623967438936233521e-01,1.962991952896118164e-01,2.428629249334335327e-01,1.798045337200164795e-01,1.633044928312301636e-01,2.440352141857147217e-01,2.549366652965545654e-01,4.928740859031677246e-01,2.633197903633117676e-01
4.179551601409912109e-01,4.319775700569152832e-01,-1.227282956242561340e-01,2.040552347898483276e-01,4.850014150142669678e-01,3.487475514411926270e-01,2.148873805999755859e-01,5.008265376091003418e-01,4.639455378055572510e-01,3.349288702011108398e-01,2.119638025760650635e-01,3.808197677135467529e-01,1.100559681653976440e-01,-8.586076647043228149e-02,2.660107612609863281e-01,1.922416836023330688e-01,9.101489186286926270e-02,1.253736466169357300e-01,4.144231788814067841e-03,5.560876056551933289e-02,8.192820101976394653e-02,1.862648129463195801e-01,4.362136125564575195e-02,7.998511940240859985e-02,4.575526118278503418e-01,-1.158989295363426208e-01,5.702897310256958008e-01,2.222401946783065796e-01,2.043860405683517456e-01,-1.482525561004877090e-02,1.380361467599868774e-01,1.026033312082290649e-01,9.999998807907104492e-01,4.551210105419158936e-01,3.735024034976959229e-01,4.416071344166994095e-03,3.240994215011596680e-01,4.066367447376251221e-01,2.011330276727676392e-01,-1.380693260580301285e-02,4.088202416896820068e-01,3.258711099624633789e-01,1.999250352382659912e-01,4.335143268108367920e-01,2.402890920639038086e-01,2.022341340780258179e-01,1.227884516119956970e-01,1.251306384801864624e-01
