1.000000715255737305e+00,2.957447431981563568e-02,3.181972801685333252e-01,3.547668159008026123e-01,2.410530596971511841e-01,3.300420343875885010e-01,1.214277148246765137e-01,-2.017764188349246979e-02,-2.231881208717823029e-02,-4.707104712724685669e-02,-1.983346790075302124e-01,-1.989475078880786896e-02,1.128125935792922974e-01,-1.475483030080795288e-01,-7.178749889135360718e-02,2.788782417774200439e-01,2.772074751555919647e-02,5.124305933713912964e-02,1.808356940746307373e-01,5.667690932750701904e-02,3.709434345364570618e-02,-5.695843324065208435e-02,-1.070322766900062561e-01,9.271705895662307739e-02,1.725493371486663818e-01,-9.723501652479171753e-02,2.984784543514251709e-01,2.488797456026077271e-01,2.123595625162124634e-01,-3.895683959126472473e-02,1.498937606811523438e-02,-3.322092816233634949e-02,3.634689450263977051e-01,3.874470293521881104e-02,2.036487162113189697e-01,1.134157478809356689e-01,-3.555843234062194824e-02,6.909967213869094849e-02,1.592813581228256226e-01,-4.771067947149276733e-02,2.690896093845367432e-01,-8.586125448346138000e-03,1.337985992431640625e-01,-1.054480448365211487e-01,-7.485695928335189819e-02,-6.208213977515697479e-03,7.513942569494247437e-02,-1.074798172339797020e-03
2.957447431981563568e-02,9.999998211860656738e-01,3.479277249425649643e-03,4.916623607277870178e-02,1.274810135364532471e-01,3.482574522495269775e-01,3.277854919433593750e-01,9.589882194995880127e-02,3.714113533496856689e-01,4.963224530220031738e-01,1.457732915878295898e-01,4.522072672843933105e-01,1.296220272779464722e-01,2.346855774521827698e-02,4.237901568412780762e-01,7.237844914197921753e-02,2.025231868028640747e-01,2.797252535820007324e-01,1.085630208253860474e-01,8.876369148492813110e-02,2.189189642667770386e-01,2.437974512577056885e-02,-7.901892997324466705e-03,1.919987648725509644e-01,-2.205183506011962891e-01,2.188607007265090942e-01,2.289272695779800415e-01,4.577603936195373535e-02,2.466008439660072327e-02,1.055848821997642517e-01,2.745332121849060059e-01,4.518930241465568542e-02,2.074186950922012329e-01,2.452798783779144287e-01,5.405825003981590271e-02,1.812566816806793213e-01,9.132814407348632812e-02,3.416732251644134521e-01,1.911884993314743042e-01,2.600613832473754883e-01,5.930272340774536133e-01,5.672976970672607422e-01,-3.942135721445083618e-02,5.906873345375061035e-01,4.446072876453399658e-01,4.208104312419891357e-01,1.786432564258575439e-01,1.280035972595214844e-01
3.181972801685333252e-01,3.479277249425649643e-03,1.000000000000000000e+00,6.832163929939270020e-01,2.501149177551269531e-01,1.601039618253707886e-01,4.610246121883392334e-01,-4.081488847732543945e-01,5.418510362505912781e-02,-1.834361930377781391e-03,-2.330922484397888184e-01,-1.143471673130989075e-01,1.529232412576675415e-01,-2.723902165889739990e-01,-1.229433938860893250e-01,-9.474503993988037109e-02,2.771719992160797119e-01,-1.841968744993209839e-01,3.103124499320983887e-01,2.458483874797821045e-01,1.423053741455078125e-01,1.440304666757583618e-01,2.956166863441467285e-02,7.426343113183975220e-02,1.507158875465393066e-01,5.907684937119483948e-02,-3.992110118269920349e-02,5.989056229591369629e-01,2.663336694240570068e-01,1.113534793257713318e-01,2.669346146285533905e-02,5.400251597166061401e-03,-2.328661829233169556e-01,-1.061430647969245911e-01,3.860358893871307373e-02,-4.810568317770957947e-02,-3.660563230514526367e-01,1.761479228734970093e-01,1.365257985889911652e-02,1.033379957079887390e-01,-5.788109824061393738e-02,2.441066689789295197e-02,3.166160881519317627e-01,-6.710491329431533813e-02,2.530300803482532501e-02,1.212965771555900574e-01,4.786254093050956726e-02,1.327949315309524536e-01
3.547668159008026123e-01,4.916623607277870178e-02,6.832163929939270020e-01,9.999999403953552246e-01,3.793252706527709961e-01,2.881811857223510742e-01,4.611660242080688477e-01,-2.615901827812194824e-01,-6.386919878423213959e-03,-4.108564928174018860e-02,-2.463957667350769043e-01,-6.810230016708374023e-02,2.249106019735336304e-01,-1.988056898117065430e-01,-7.340524345636367798e-02,1.144720837473869324e-01,2.748110890388488770e-01,-3.841865435242652893e-02,3.763883411884307861e-01,3.268986046314239502e-01,2.404218167066574097e-01,2.215955406427383423e-01,1.879453193396329880e-03,4.983727261424064636e-02,2.617994844913482666e-01,-6.823892705142498016e-03,1.754900217056274414e-01,5.792451500892639160e-01,2.658326029777526855e-01,1.023826822638511658e-01,1.238108351826667786e-01,3.954986110329627991e-02,-6.342858076095581055e-02,-2.017463892698287964e-01,1.244078800082206726e-01,-3.234885632991790771e-02,-2.645167708396911621e-01,1.435446590185165405e-01,1.511796712875366211e-01,3.822529315948486328e-02,3.754207864403724670e-02,3.565750550478696823e-03,3.866598010063171387e-01,-6.406983733177185059e-02,-1.596832647919654846e-02,9.918445348739624023e-02,7.376815378665924072e-02,1.465370208024978638e-01
2.410530596971511841e-01,1.274810135364532471e-01,2.501149177551269531e-01,3.793252706527709961e-01,1.000000357627868652e+00,4.333570003509521484e-01,1.867593377828598022e-01,6.579945981502532959e-02,3.499905019998550415e-02,-2.726364182308316231e-03,-1.269594859331846237e-02,-5.867913737893104553e-02,4.250590801239013672e-01,1.416762918233871460e-01,3.497547283768653870e-02,1.330924928188323975e-01,1.207005158066749573e-01,1.227435618638992310e-01,1.019794195890426636e-01,1.991607844829559326e-01,9.339120984077453613e-02,2.975565791130065918e-01,-1.049614474177360535e-01,-7.418279349803924561e-02,4.366125762462615967e-01,1.314469277858734131e-01,5.540440604090690613e-02,2.703535854816436768e-01,9.215609729290008545e-02,-9.750440716743469238e-02,-2.015827782452106476e-02,1.211612522602081299e-01,5.606373399496078491e-02,-9.375557303428649902e-02,4.588027298450469971e-02,-2.161166816949844360e-01,-1.642055362462997437e-01,7.771465182304382324e-02,-1.513229608535766602e-01,-3.208231031894683838e-01,2.027093917131423950e-01,9.352435916662216187e-02,5.283907651901245117e-01,-8.126243948936462402e-02,4.350147396326065063e-02,1.161135435104370117e-01,2.725058980286121368e-02,1.348837912082672119e-01
3.300420343875885010e-01,3.482574522495269775e-01,1.601039618253707886e-01,2.881811857223510742e-01,4.333570003509521484e-01,1.000000238418579102e+00,2.498834580183029175e-01,-1.731498241424560547e-01,7.780046015977859497e-02,3.064686059951782227e-01,-1.920556128025054932e-01,3.492668867111206055e-01,1.716883033514022827e-01,-1.893884539604187012e-01,3.085549473762512207e-01,4.585129618644714355e-01,-5.945919081568717957e-02,1.304821074008941650e-01,-3.796675242483615875e-03,1.116557419300079346e-02,2.162027209997177124e-01,9.346109628677368164e-02,-3.440202176570892334e-01,2.943274006247520447e-02,-2.301539480686187744e-02,1.559034138917922974e-01,3.368445038795471191e-01,1.113279536366462708e-01,2.034263014793395996e-01,1.172048673033714294e-01,5.830097198486328125e-02,3.310718014836311340e-02,2.520282268524169922e-01,5.965736135840415955e-02,1.355286687612533569e-01,-6.430391222238540649e-02,-2.167983949184417725e-01,2.442766129970550537e-01,2.404239922761917114e-01,-1.675528138875961304e-01,4.997070133686065674e-01,2.828326225280761719e-01,1.569332778453826904e-01,2.995353043079376221e-01,2.005763202905654907e-01,1.687621921300888062e-01,1.676999032497406006e-01,6.356637924909591675e-02
1.214277148246765137e-01,3.277854919433593750e-01,4.610246121883392334e-01,4.611660242080688477e-01,1.867593377828598022e-01,2.498834580183029175e-01,1.000000238418579102e+00,-2.511248290538787842e-01,2.809233367443084717e-01,3.791037499904632568e-01,-6.940533407032489777e-03,2.658731639385223389e-01,1.539094001054763794e-01,-2.609073221683502197e-01,2.521194815635681152e-01,-8.188538998365402222e-02,5.521956086158752441e-01,2.118027806282043457e-01,2.594905793666839600e-01,2.935534119606018066e-01,3.631382882595062256e-01,3.480911850929260254e-01,7.914243638515472412e-02,1.961502432823181152e-01,1.062848605215549469e-02,2.226729989051818848e-01,1.744245178997516632e-02,3.351838290691375732e-01,3.230848610401153564e-01,2.153237015008926392e-01,2.643426358699798584e-01,7.338719069957733154e-02,-3.405660018324851990e-02,1.877371370792388916e-01,1.933204084634780884e-01,8.183343708515167236e-02,-2.464752942323684692e-01,4.470799267292022705e-01,1.075880080461502075e-01,1.657787114381790161e-01,1.221430525183677673e-01,4.608510136604309082e-01,2.393955141305923462e-01,2.341074347496032715e-01,3.695923686027526855e-01,4.382187426090240479e-01,1.779183149337768555e-01,2.019783109426498413e-01
-2.017764188349246979e-02,9.589882194995880127e-02,-4.081488847732543945e-01,-2.615901827812194824e-01,6.579945981502532959e-02,-1.731498241424560547e-01,-2.511248290538787842e-01,1.000000000000000000e+00,3.316063433885574341e-02,-9.737505763769149780e-02,3.381924033164978027e-01,-4.451149434316903353e-04,1.558034718036651611e-01,6.191575527191162109e-01,1.861478388309478760e-01,1.889561563730239868e-01,1.581407785415649414e-01,2.292663156986236572e-01,2.525658011436462402e-01,2.418888658285140991e-01,1.449951976537704468e-01,5.090296640992164612e-02,3.167367875576019287e-01,-1.127403900027275085e-01,2.616540193557739258e-01,-6.101498380303382874e-02,2.345599383115768433e-01,-1.673122793436050415e-01,-1.809899657964706421e-01,-2.552275359630584717e-01,7.377468049526214600e-02,8.643080294132232666e-02,4.061714410781860352e-01,4.759470373392105103e-02,-6.237417086958885193e-02,-1.078002080321311951e-01,7.212646603584289551e-01,-2.744514681398868561e-02,-4.762678965926170349e-02,-2.992091886699199677e-02,7.693646103143692017e-02,-1.213520914316177368e-01,4.038391634821891785e-02,2.813704498112201691e-02,-1.740119457244873047e-01,-5.228401720523834229e-02,-7.312770932912826538e-02,-1.195782124996185303e-01
-2.231881208717823029e-02,3.714113533496856689e-01,5.418510362505912781e-02,-6.386919878423213959e-03,3.499905019998550415e-02,7.780046015977859497e-02,2.809233367443084717e-01,3.316063433885574341e-02,1.000000357627868652e+00,4.457849562168121338e-01,5.302415490150451660e-01,5.269681811332702637e-01,-8.445014059543609619e-02,3.047792427241802216e-02,3.872843682765960693e-01,-1.651576608419418335e-01,2.732171118259429932e-01,1.758212596178054810e-01,6.774174980819225311e-04,-2.409670501947402954e-02,6.069508567452430725e-02,7.877397537231445312e-02,4.436965286731719971e-02,1.936991810798645020e-01,-4.757811129093170166e-02,1.437702924013137817e-01,-2.744482085108757019e-02,7.690650224685668945e-02,2.153575979173183441e-02,1.230119317770004272e-01,1.555195897817611694e-01,-8.348011970520019531e-02,9.980354458093643188e-02,2.080097496509552002e-01,1.617554277181625366e-01,1.362239420413970947e-01,-9.469601511955261230e-02,3.867613673210144043e-01,-2.292809635400772095e-02,1.945767849683761597e-01,1.390687823295593262e-01,3.252590596675872803e-01,6.986626237630844116e-02,4.694014191627502441e-01,2.360449582338333130e-01,2.976635098457336426e-01,1.625321656465530396e-01,2.036326229572296143e-01
-4.707104712724685669e-02,4.963224530220031738e-01,-1.834361930377781391e-03,-4.108564928174018860e-02,-2.726364182308316231e-03,3.064686059951782227e-01,3.791037499904632568e-01,-9.737505763769149780e-02,4.457849562168121338e-01,1.000000834465026855e+00,1.946513950824737549e-01,6.456552743911743164e-01,1.131293363869190216e-02,-1.282718330621719360e-01,6.166774630546569824e-01,9.742292575538158417e-03,2.471800446510314941e-01,3.019009828567504883e-01,2.396550029516220093e-02,2.379989810287952423e-02,2.112438082695007324e-01,5.322954058647155762e-02,-8.868386596441268921e-02,2.097744047641754150e-01,-2.683912813663482666e-01,2.008161395788192749e-01,1.066481620073318481e-01,-4.457662627100944519e-02,7.601167261600494385e-02,9.857447445392608643e-02,1.819578409194946289e-01,-1.446946430951356888e-02,1.512645184993743896e-01,2.469416558742523193e-01,1.159273013472557068e-01,2.845084071159362793e-01,-6.431470066308975220e-02,4.754403531551361084e-01,1.335262656211853027e-01,2.098920494318008423e-01,2.985820472240447998e-01,6.026707291603088379e-01,-7.149596512317657471e-02,5.132462382316589355e-01,4.471237659454345703e-01,6.523237228393554688e-01,1.843049526214599609e-01,1.554031074047088623e-01
-1.983346790075302124e-01,1.457732915878295898e-01,-2.330922484397888184e-01,-2.463957667350769043e-01,-1.269594859331846237e-02,-1.920556128025054932e-01,-6.940533407032489777e-03,3.381924033164978027e-01,5.302415490150451660e-01,1.946513950824737549e-01,9.999999403953552246e-01,3.274115622043609619e-01,-8.154873549938201904e-02,2.977747321128845215e-01,3.503213226795196533e-01,-2.256470620632171631e-01,9.529396146535873413e-02,1.849855333566665649e-01,-1.130226477980613708e-01,-6.292436271905899048e-02,-1.207053363323211670e-01,-2.702460810542106628e-02,1.288467049598693848e-01,4.611764568835496902e-03,9.610023349523544312e-02,2.478187344968318939e-02,-4.456397891044616699e-02,-1.672783792018890381e-01,-1.763260960578918457e-01,-4.198921844363212585e-02,-2.662233542650938034e-03,-1.164277642965316772e-01,1.730885952711105347e-01,1.642577052116394043e-01,-2.329212147742509842e-03,-2.371664531528949738e-02,1.386623233556747437e-01,2.535150051116943359e-01,-2.239464372396469116e-01,-6.372480839490890503e-02,8.189210668206214905e-03,1.382126063108444214e-01,-3.274295106530189514e-02,1.934792250394821167e-01,9.866421669721603394e-02,1.230729892849922180e-01,-8.892328292131423950e-02,5.078864470124244690e-02
-1.989475078880786896e-02,4.522072672843933105e-01,-1.143471673130989075e-01,-6.810230016708374023e-02,-5.867913737893104553e-02,3.492668867111206055e-01,2.658731639385223389e-01,-4.451149434316903353e-04,5.269681811332702637e-01,6.456552743911743164e-01,3.274115622043609619e-01,1.000000357627868652e+00,-1.565207540988922119e-01,-4.964837804436683655e-02,6.849629282951354980e-01,1.731081902980804443e-01,9.942960739135742188e-02,3.268770277500152588e-01,-9.469485282897949219e-02,-6.735233217477798462e-02,2.293661087751388550e-01,-6.357559561729431152e-02,-1.472880095243453979e-01,1.222828030586242676e-01,-2.934162318706512451e-01,1.926764398813247681e-01,2.248342782258987427e-01,-1.069549694657325745e-01,-4.210973158478736877e-02,9.057223796844482422e-02,9.500041604042053223e-02,-5.882985517382621765e-02,2.817807793617248535e-01,3.177835941314697266e-01,2.312150746583938599e-01,1.639539301395416260e-01,-3.338178619742393494e-02,4.327834546566009521e-01,3.064994513988494873e-01,1.840105801820755005e-01,3.428827822208404541e-01,5.221387147903442383e-01,-2.075420469045639038e-01,5.799998044967651367e-01,3.233884274959564209e-01,3.609837889671325684e-01,1.294105052947998047e-01,4.620738327503204346e-02
1.128125935792922974e-01,1.296220272779464722e-01,1.529232412576675415e-01,2.249106019735336304e-01,4.250590801239013672e-01,1.716883033514022827e-01,1.539094001054763794e-01,1.558034718036651611e-01,-8.445014059543609619e-02,1.131293363869190216e-02,-8.154873549938201904e-02,-1.565207540988922119e-01,1.000000000000000000e+00,1.003917604684829712e-01,-1.798643544316291809e-02,3.497689068317413330e-01,2.108549326658248901e-01,-2.021367661654949188e-02,3.341562449932098389e-01,4.248476326465606689e-01,3.281699120998382568e-01,2.573883235454559326e-01,3.473013639450073242e-01,-2.220807783305644989e-02,3.279787302017211914e-01,7.971886545419692993e-02,1.073493286967277527e-01,2.160404920578002930e-01,1.381961107254028320e-01,-1.401480287313461304e-02,-3.028935194015502930e-02,2.451882138848304749e-02,9.195120632648468018e-02,-1.073478385806083679e-01,-1.272975504398345947e-01,1.067970879375934601e-02,1.060223877429962158e-01,3.376969695091247559e-02,-5.467567592859268188e-02,2.123971655964851379e-02,4.066293314099311829e-02,2.348691457882523537e-03,4.029105603694915771e-01,-5.409249663352966309e-02,1.364337503910064697e-01,2.237908393144607544e-01,-9.984195977449417114e-02,-3.494552895426750183e-02
-1.475483030080795288e-01,2.346855774521827698e-02,-2.723902165889739990e-01,-1.988056898117065430e-01,1.416762918233871460e-01,-1.893884539604187012e-01,-2.609073221683502197e-01,6.191575527191162109e-01,3.047792427241802216e-02,-1.282718330621719360e-01,2.977747321128845215e-01,-4.964837804436683655e-02,1.003917604684829712e-01,9.999999403953552246e-01,9.136325120925903320e-02,7.059123367071151733e-02,1.217223238199949265e-02,1.290476471185684204e-01,8.758181333541870117e-02,1.385907828807830811e-01,6.428469903767108917e-03,-1.618894003331661224e-02,1.261015832424163818e-01,-1.339345872402191162e-01,1.887941211462020874e-01,-9.021467715501785278e-02,7.486163079738616943e-02,-1.339253336191177368e-01,-3.069670796394348145e-01,-2.245922088623046875e-01,9.206400252878665924e-03,1.926821656525135040e-02,1.338171213865280151e-01,-1.280251145362854004e-01,-1.211456954479217529e-01,-1.404758393764495850e-01,4.901239573955535889e-01,-1.561523675918579102e-01,-1.513681411743164062e-01,-1.273935139179229736e-01,1.945840567350387573e-02,-1.867003589868545532e-01,5.266961827874183655e-02,-1.318082865327596664e-02,-1.919880509376525879e-01,-1.055635958909988403e-01,-4.423912242054939270e-02,-6.793139129877090454e-02
-7.178749889135360718e-02,4.237901568412780762e-01,-1.229433938860893250e-01,-7.340524345636367798e-02,3.497547283768653870e-02,3.085549473762512207e-01,2.521194815635681152e-01,1.861478388309478760e-01,3.872843682765960693e-01,6.166774630546569824e-01,3.503213226795196533e-01,6.849629282951354980e-01,-1.798643544316291809e-02,9.136325120925903320e-02,1.000000357627868652e+00,1.836348921060562134e-01,1.218121796846389771e-01,3.560034632682800293e-01,-2.745915018022060394e-02,2.397853322327136993e-02,2.476577758789062500e-01,-3.170688077807426453e-02,-5.268722027540206909e-02,1.308348029851913452e-01,-1.893616765737533569e-01,2.588394284248352051e-01,1.835094839334487915e-01,-1.307962387800216675e-01,-4.882177710533142090e-02,-5.179814621806144714e-02,6.815455108880996704e-02,-3.770089894533157349e-02,3.115161359310150146e-01,2.940630018711090088e-01,6.416963040828704834e-02,1.387019008398056030e-01,1.572754234075546265e-01,5.297793149948120117e-01,1.977511942386627197e-01,1.276726275682449341e-01,3.570684194564819336e-01,4.491857588291168213e-01,-1.702016144990921021e-01,4.948067069053649902e-01,2.939186096191406250e-01,3.829057514667510986e-01,7.982279360294342041e-02,4.715947434306144714e-02
2.788782417774200439e-01,7.237844914197921753e-02,-9.474503993988037109e-02,1.144720837473869324e-01,1.330924928188323975e-01,4.585129618644714355e-01,-8.188538998365402222e-02,1.889561563730239868e-01,-1.651576608419418335e-01,9.742292575538158417e-03,-2.256470620632171631e-01,1.731081902980804443e-01,3.497689068317413330e-01,7.059123367071151733e-02,1.836348921060562134e-01,9.999997019767761230e-01,-1.266664564609527588e-01,7.310583442449569702e-02,1.516223698854446411e-01,1.536046862602233887e-01,3.038878738880157471e-01,3.300326876342296600e-03,5.719512328505516052e-02,5.762511491775512695e-02,4.048786684870719910e-02,5.305914208292961121e-02,5.313736200332641602e-01,-1.370222587138414383e-02,4.153056442737579346e-02,-1.172330230474472046e-03,3.629484400153160095e-02,6.083454564213752747e-02,4.696981608867645264e-01,-3.306443244218826294e-02,9.134049713611602783e-02,4.562939330935478210e-02,2.191324084997177124e-01,-2.357784099876880646e-02,4.019174277782440186e-01,1.496791932731866837e-02,2.375596612691879272e-01,1.487176399677991867e-02,-1.295607071369886398e-02,1.505032628774642944e-01,-3.526837378740310669e-02,-8.693980053067207336e-03,1.105722710490226746e-01,-4.879377409815788269e-02
2.772074751555919647e-02,2.025231868028640747e-01,2.771719992160797119e-01,2.748110890388488770e-01,1.207005158066749573e-01,-5.945919081568717957e-02,5.521956086158752441e-01,1.581407785415649414e-01,2.732171118259429932e-01,2.471800446510314941e-01,9.529396146535873413e-02,9.942960739135742188e-02,2.108549326658248901e-01,1.217223238199949265e-02,1.218121796846389771e-01,-1.266664564609527588e-01,1.000000238418579102e+00,3.230471312999725342e-01,5.603584647178649902e-01,4.770962297916412354e-01,4.261115193367004395e-01,4.606859385967254639e-01,3.744273185729980469e-01,1.827411055564880371e-01,2.263162583112716675e-01,1.329760104417800903e-01,7.515806704759597778e-02,3.609313964843750000e-01,3.528202772140502930e-01,1.337353140115737915e-01,4.146853387355804443e-01,1.797397881746292114e-01,9.258248656988143921e-02,1.561647653579711914e-01,2.175245732069015503e-01,1.189852058887481689e-01,1.247610226273536682e-01,4.102363884449005127e-01,4.524869844317436218e-02,2.715246379375457764e-01,-4.973637685179710388e-02,2.542116641998291016e-01,3.932948410511016846e-01,1.704170107841491699e-01,1.355378180742263794e-01,4.030909836292266846e-01,2.303932160139083862e-01,1.228973567485809326e-01
5.124305933713912964e-02,2.797252535820007324e-01,-1.841968744993209839e-01,-3.841865435242652893e-02,1.227435618638992310e-01,1.304821074008941650e-01,2.118027806282043457e-01,2.292663156986236572e-01,1.758212596178054810e-01,3.019009828567504883e-01,1.849855333566665649e-01,3.268770277500152588e-01,-2.021367661654949188e-02,1.290476471185684204e-01,3.560034632682800293e-01,7.310583442449569702e-02,3.230471312999725342e-01,9.999997615814208984e-01,5.241083353757858276e-02,8.386621624231338501e-02,1.350156366825103760e-01,1.757021397352218628e-01,-6.412734836339950562e-02,2.586511075496673584e-01,7.912111468613147736e-03,2.296846508979797363e-01,3.190809786319732666e-01,-1.115380451083183289e-01,8.247301727533340454e-02,-7.382824085652828217e-03,3.858475685119628906e-01,1.763430982828140259e-01,3.378743231296539307e-01,2.885259985923767090e-01,2.298194766044616699e-01,1.999294012784957886e-01,1.735850274562835693e-01,2.637540698051452637e-01,9.922569245100021362e-02,5.886784568428993225e-02,2.633846998214721680e-01,3.141793608665466309e-01,7.619678974151611328e-02,2.163689136505126953e-01,1.952068805694580078e-01,2.884519696235656738e-01,3.139612078666687012e-01,1.842359900474548340e-01
1.808356940746307373e-01,1.085630208253860474e-01,3.103124499320983887e-01,3.763883411884307861e-01,1.019794195890426636e-01,-3.796675242483615875e-03,2.594905793666839600e-01,2.525658011436462402e-01,6.774174980819225311e-04,2.396550029516220093e-02,-1.130226477980613708e-01,-9.469485282897949219e-02,3.341562449932098389e-01,8.758181333541870117e-02,-2.745915018022060394e-02,1.516223698854446411e-01,5.603584647178649902e-01,5.241083353757858276e-02,1.000000000000000000e+00,7.560830712318420410e-01,5.854179859161376953e-01,2.382304221391677856e-01,4.176163971424102783e-01,-3.063510544598102570e-02,1.867129653692245483e-01,-2.493340522050857544e-02,1.736418753862380981e-01,3.401767313480377197e-01,2.368664443492889404e-01,-8.979766070842742920e-02,1.513698697090148926e-01,6.635081022977828979e-02,7.810585200786590576e-02,-1.567119359970092773e-01,8.211062289774417877e-03,-6.273908913135528564e-02,3.672062158584594727e-01,1.734419465065002441e-01,2.029275000095367432e-01,3.307400047779083252e-01,-5.071890074759721756e-03,-4.774038866162300110e-02,3.533343970775604248e-01,9.962731599807739258e-02,-8.208727836608886719e-02,2.264786213636398315e-01,2.610645443201065063e-02,-6.051130592823028564e-02
5.667690932750701904e-02,8.876369148492813110e-02,2.458483874797821045e-01,3.268986046314239502e-01,1.991607844829559326e-01,1.116557419300079346e-02,2.935534119606018066e-01,2.418888658285140991e-01,-2.409670501947402954e-02,2.379989810287952423e-02,-6.292436271905899048e-02,-6.735233217477798462e-02,4.248476326465606689e-01,1.385907828807830811e-01,2.397853322327136993e-02,1.536046862602233887e-01,4.770962297916412354e-01,8.386621624231338501e-02,7.560830712318420410e-01,1.000000357627868652e+00,6.863664388656616211e-01,2.321368008852005005e-01,4.161870181560516357e-01,-5.524812266230583191e-02,2.474315464496612549e-01,-1.001014281064271927e-02,7.165268808603286743e-02,2.494777441024780273e-01,2.393631190061569214e-01,-5.491421744227409363e-02,8.370687067508697510e-02,-1.587189547717571259e-02,3.526626154780387878e-02,-1.590422093868255615e-01,9.880475699901580811e-03,-1.967232823371887207e-01,3.624391257762908936e-01,1.558338701725006104e-01,1.688940525054931641e-01,2.367389798164367676e-01,-7.058371603488922119e-02,-4.109466914087533951e-03,3.848139941692352295e-01,5.788981541991233826e-02,-2.893445268273353577e-02,2.750562131404876709e-01,-3.439604490995407104e-02,-1.824312210083007812e-01
3.709434345364570618e-02,2.189189642667770386e-01,1.423053741455078125e-01,2.404218167066574097e-01,9.339120984077453613e-02,2.162027209997177124e-01,3.631382882595062256e-01,1.449951976537704468e-01,6.069508567452430725e-02,2.112438082695007324e-01,-1.207053363323211670e-01,2.293661087751388550e-01,3.281699120998382568e-01,6.428469903767108917e-03,2.476577758789062500e-01,3.038878738880157471e-01,4.261115193367004395e-01,1.350156366825103760e-01,5.854179859161376953e-01,6.863664388656616211e-01,9.999999403953552246e-01,2.179217785596847534e-01,3.883668482303619385e-01,6.941693369299173355e-03,-1.844419725239276886e-02,9.225361794233322144e-02,1.354436874389648438e-01,7.699676603078842163e-02,1.764316409826278687e-01,1.212176401168107986e-02,1.075756028294563293e-01,-4.476926475763320923e-02,1.553824394941329956e-01,1.143510043621063232e-01,6.394352018833160400e-02,-2.104637771844863892e-02,2.827253639698028564e-01,2.522867023944854736e-01,3.965936899185180664e-01,3.581736385822296143e-01,1.194146424531936646e-01,1.579997390508651733e-01,1.325791478157043457e-01,2.888006269931793213e-01,7.125400751829147339e-02,2.606635093688964844e-01,4.427692294120788574e-02,-2.597143352031707764e-01
-5.695843324065208435e-02,2.437974512577056885e-02,1.440304666757583618e-01,2.215955406427383423e-01,2.975565791130065918e-01,9.346109628677368164e-02,3.480911850929260254e-01,5.090296640992164612e-02,7.877397537231445312e-02,5.322954058647155762e-02,-2.702460810542106628e-02,-6.357559561729431152e-02,2.573883235454559326e-01,-1.618894003331661224e-02,-3.170688077807426453e-02,3.300326876342296600e-03,4.606859385967254639e-01,1.757021397352218628e-01,2.382304221391677856e-01,2.321368008852005005e-01,2.179217785596847534e-01,1.000000000000000000e+00,2.402976602315902710e-01,1.473953574895858765e-01,3.538739979267120361e-01,1.473018825054168701e-01,5.528430640697479248e-02,2.373600602149963379e-01,3.440567553043365479e-01,1.263971775770187378e-01,3.335141837596893311e-01,3.189285993576049805e-01,8.111279457807540894e-03,5.134969949722290039e-02,2.203627228736877441e-01,4.864213615655899048e-02,-9.470637142658233643e-02,2.629553675651550293e-01,-3.901099041104316711e-02,8.951687067747116089e-02,-1.017726063728332520e-01,1.534614413976669312e-01,4.650236666202545166e-01,1.053529046475887299e-02,8.595555275678634644e-02,2.100541740655899048e-01,2.257363200187683105e-01,4.317061901092529297e-01
-1.070322766900062561e-01,-7.901892997324466705e-03,2.956166863441467285e-02,1.879453193396329880e-03,-1.049614474177360535e-01,-3.440202176570892334e-01,7.914243638515472412e-02,3.167367875576019287e-01,4.436965286731719971e-02,-8.868386596441268921e-02,1.288467049598693848e-01,-1.472880095243453979e-01,3.473013639450073242e-01,1.261015832424163818e-01,-5.268722027540206909e-02,5.719512328505516052e-02,3.744273185729980469e-01,-6.412734836339950562e-02,4.176163971424102783e-01,4.161870181560516357e-01,3.883668482303619385e-01,2.402976602315902710e-01,1.000000119209289551e+00,1.386654078960418701e-01,1.788719445466995239e-01,1.949193887412548065e-02,-7.180951535701751709e-03,1.541365385055541992e-01,1.943424642086029053e-01,4.663420468568801880e-02,1.794764101505279541e-01,1.270905584096908569e-01,7.859436422586441040e-02,1.186920627951622009e-01,-9.333410859107971191e-02,1.179935559630393982e-01,3.010835051536560059e-01,5.849922448396682739e-02,4.161369428038597107e-02,4.248059689998626709e-01,-1.882048547267913818e-01,-3.488173335790634155e-02,1.232586055994033813e-01,-2.904429100453853607e-03,3.748441347852349281e-03,9.780381619930267334e-02,1.246008835732936859e-02,-5.085776001214981079e-02
9.271705895662307739e-02,1.919987648725509644e-01,7.426343113183975220e-02,4.983727261424064636e-02,-7.418279349803924561e-02,2.943274006247520447e-02,1.961502432823181152e-01,-1.127403900027275085e-01,1.936991810798645020e-01,2.097744047641754150e-01,4.611764568835496902e-03,1.222828030586242676e-01,-2.220807783305644989e-02,-1.339345872402191162e-01,1.308348029851913452e-01,5.762511491775512695e-02,1.827411055564880371e-01,2.586511075496673584e-01,-3.063510544598102570e-02,-5.524812266230583191e-02,6.941693369299173355e-03,1.473953574895858765e-01,1.386654078960418701e-01,1.000000238418579102e+00,-1.065620705485343933e-01,3.207521438598632812e-01,1.740321218967437744e-01,3.487191721796989441e-02,2.241268903017044067e-01,1.771212965250015259e-01,4.332469701766967773e-01,3.732515573501586914e-01,1.672304421663284302e-01,2.192947864532470703e-01,1.709348559379577637e-01,5.073390603065490723e-01,-1.403329074382781982e-01,1.912645548582077026e-01,3.377982601523399353e-02,3.367603719234466553e-01,6.440343707799911499e-02,3.987827003002166748e-01,-7.222228497266769409e-02,1.413466483354568481e-01,3.016757965087890625e-01,3.120658099651336670e-01,6.700307130813598633e-01,3.342676162719726562e-01
1.725493371486663818e-01,-2.205183506011962891e-01,1.507158875465393066e-01,2.617994844913482666e-01,4.366125762462615967e-01,-2.301539480686187744e-02,1.062848605215549469e-02,2.616540193557739258e-01,-4.757811129093170166e-02,-2.683912813663482666e-01,9.610023349523544312e-02,-2.934162318706512451e-01,3.279787302017211914e-01,1.887941211462020874e-01,-1.893616765737533569e-01,4.048786684870719910e-02,2.263162583112716675e-01,7.912111468613147736e-03,1.867129653692245483e-01,2.474315464496612549e-01,-1.844419725239276886e-02,3.538739979267120361e-01,1.788719445466995239e-01,-1.065620705485343933e-01,1.000000000000000000e+00,-1.795197576284408569e-01,1.341444849967956543e-01,3.682470321655273438e-01,3.253969550132751465e-01,-4.461146891117095947e-03,1.293029985390603542e-03,-8.668079972267150879e-03,1.800952255725860596e-01,-1.416233927011489868e-01,6.030442193150520325e-02,-2.771007418632507324e-01,5.424381815828382969e-04,-3.192072734236717224e-02,-2.945346832275390625e-01,-3.439907729625701904e-01,-2.974275350570678711e-01,-2.435585707426071167e-01,6.201241612434387207e-01,-3.990014493465423584e-01,-1.670123040676116943e-01,2.494495548307895660e-02,-1.065065413713455200e-01,6.445506121963262558e-03
-9.723501652479171753e-02,2.188607007265090942e-01,5.907684937119483948e-02,-6.823892705142498016e-03,1.314469277858734131e-01,1.559034138917922974e-01,2.226729989051818848e-01,-6.101498380303382874e-02,1.437702924013137817e-01,2.008161395788192749e-01,2.478187344968318939e-02,1.926764398813247681e-01,7.971886545419692993e-02,-9.021467715501785278e-02,2.588394284248352051e-01,5.305914208292961121e-02,1.329760104417800903e-01,2.296846508979797363e-01,-2.493340522050857544e-02,-1.001014281064271927e-02,9.225361794233322144e-02,1.473018825054168701e-01,1.949193887412548065e-02,3.207521438598632812e-01,-1.795197576284408569e-01,9.999997615814208984e-01,-1.084903404116630554e-01,-7.017948478460311890e-02,-9.480160474777221680e-02,-1.923332661390304565e-01,-1.088139880448579788e-02,1.979774534702301025e-01,-1.745364256203174591e-02,1.277841776609420776e-01,-1.938321441411972046e-02,1.016904860734939575e-01,-8.950869739055633545e-02,2.112875729799270630e-01,1.405242271721363068e-02,1.435801833868026733e-01,2.374068796634674072e-01,4.303964674472808838e-01,-5.319263413548469543e-02,1.852217912673950195e-01,4.174640476703643799e-01,2.459386140108108521e-01,2.097901254892349243e-01,1.738580167293548584e-01
2.984784543514251709e-01,2.289272695779800415e-01,-3.992110118269920349e-02,1.754900217056274414e-01,5.540440604090690613e-02,3.368445038795471191e-01,1.744245178997516632e-02,2.345599383115768433e-01,-2.744482085108757019e-02,1.066481620073318481e-01,-4.456397891044616699e-02,2.248342782258987427e-01,1.073493286967277527e-01,7.486163079738616943e-02,1.835094839334487915e-01,5.313736200332641602e-01,7.515806704759597778e-02,3.190809786319732666e-01,1.736418753862380981e-01,7.165268808603286743e-02,1.354436874389648438e-01,5.528430640697479248e-02,-7.180951535701751709e-03,1.740321218967437744e-01,1.341444849967956543e-01,-1.084903404116630554e-01,9.999997615814208984e-01,1.436553746461868286e-01,2.077333331108093262e-01,1.535535603761672974e-01,3.311845362186431885e-01,1.339195668697357178e-01,6.095803976058959961e-01,9.028816968202590942e-02,2.494743466377258301e-01,1.836544424295425415e-01,1.892026066780090332e-01,6.256947666406631470e-02,3.513024151325225830e-01,6.289011985063552856e-02,2.570050656795501709e-01,1.089772060513496399e-01,5.170765519142150879e-02,2.421517670154571533e-01,1.449586823582649231e-02,1.288204938173294067e-01,2.849951982498168945e-01,8.244384080171585083e-02
2.488797456026077271e-01,4.577603936195373535e-02,5.989056229591369629e-01,5.792451500892639160e-01,2.703535854816436768e-01,1.113279536366462708e-01,3.351838290691375732e-01,-1.673122793436050415e-01,7.690650224685668945e-02,-4.457662627100944519e-02,-1.672783792018890381e-01,-1.069549694657325745e-01,2.160404920578002930e-01,-1.339253336191177368e-01,-1.307962387800216675e-01,-1.370222587138414383e-02,3.609313964843750000e-01,-1.115380451083183289e-01,3.401767313480377197e-01,2.494777441024780273e-01,7.699676603078842163e-02,2.373600602149963379e-01,1.541365385055541992e-01,3.487191721796989441e-02,3.682470321655273438e-01,-7.017948478460311890e-02,1.436553746461868286e-01,1.000000357627868652e+00,4.596728086471557617e-01,1.400565057992935181e-01,1.214182302355766296e-01,1.246235426515340805e-02,-5.518937110900878906e-02,-1.365959346294403076e-01,6.168024614453315735e-02,-3.820790350437164307e-02,-2.132404595613479614e-01,1.412532776594161987e-01,-2.383382990956306458e-02,6.916566193103790283e-02,-9.695954620838165283e-02,-1.193744968622922897e-02,4.822375476360321045e-01,-4.681631550192832947e-02,3.501074761152267456e-02,1.471126228570938110e-01,3.453746438026428223e-02,1.708720028400421143e-01
2.123595625162124634e-01,2.466008439660072327e-02,2.663336694240570068e-01,2.658326029777526855e-01,9.215609729290008545e-02,2.034263014793395996e-01,3.230848610401153564e-01,-1.809899657964706421e-01,2.153575979173183441e-02,7.601167261600494385e-02,-1.763260960578918457e-01,-4.210973158478736877e-02,1.381961107254028320e-01,-3.069670796394348145e-01,-4.882177710533142090e-02,4.153056442737579346e-02,3.528202772140502930e-01,8.247301727533340454e-02,2.368664443492889404e-01,2.393631190061569214e-01,1.764316409826278687e-01,3.440567553043365479e-01,1.943424642086029053e-01,2.241268903017044067e-01,3.253969550132751465e-01,-9.480160474777221680e-02,2.077333331108093262e-01,4.596728086471557617e-01,1.000000238418579102e+00,3.903184533119201660e-01,2.953464090824127197e-01,8.051062375307083130e-02,1.342581212520599365e-01,1.372321099042892456e-01,2.525465488433837891e-01,6.010222434997558594e-02,-2.077635526657104492e-01,3.119400143623352051e-01,7.780493050813674927e-02,9.505441039800643921e-02,-1.333184987306594849e-01,1.331379264593124390e-01,4.188507497310638428e-01,-4.776335880160331726e-02,8.751462399959564209e-02,2.463748008012771606e-01,1.737618446350097656e-01,1.154103577136993408e-01
-3.895683959126472473e-02,1.055848821997642517e-01,1.113534793257713318e-01,1.023826822638511658e-01,-9.750440716743469238e-02,1.172048673033714294e-01,2.153237015008926392e-01,-2.552275359630584717e-01,1.230119317770004272e-01,9.857447445392608643e-02,-4.198921844363212585e-02,9.057223796844482422e-02,-1.401480287313461304e-02,-2.245922088623046875e-01,-5.179814621806144714e-02,-1.172330230474472046e-03,1.337353140115737915e-01,-7.382824085652828217e-03,-8.979766070842742920e-02,-5.491421744227409363e-02,1.212176401168107986e-02,1.263971775770187378e-01,4.663420468568801880e-02,1.771212965250015259e-01,-4.461146891117095947e-03,-1.923332661390304565e-01,1.535535603761672974e-01,1.400565057992935181e-01,3.903184533119201660e-01,1.000000119209289551e+00,4.625762999057769775e-01,4.962220042943954468e-02,-5.758729763329029083e-03,1.361373960971832275e-01,1.882083266973495483e-01,2.058871388435363770e-01,-2.976996898651123047e-01,8.372475951910018921e-02,1.885480433702468872e-01,1.007158160209655762e-01,-3.876941651105880737e-02,1.599623560905456543e-01,8.591579645872116089e-02,1.050583049654960632e-01,1.304227560758590698e-01,1.477591786533594131e-02,1.626280099153518677e-01,6.581825762987136841e-02
1.498937606811523438e-02,2.745332121849060059e-01,2.669346146285533905e-02,1.238108351826667786e-01,-2.015827782452106476e-02,5.830097198486328125e-02,2.643426358699798584e-01,7.377468049526214600e-02,1.555195897817611694e-01,1.819578409194946289e-01,-2.662233542650938034e-03,9.500041604042053223e-02,-3.028935194015502930e-02,9.206400252878665924e-03,6.815455108880996704e-02,3.629484400153160095e-02,4.146853387355804443e-01,3.858475685119628906e-01,1.513698697090148926e-01,8.370687067508697510e-02,1.075756028294563293e-01,3.335141837596893311e-01,1.794764101505279541e-01,4.332469701766967773e-01,1.293029985390603542e-03,-1.088139880448579788e-02,3.311845362186431885e-01,1.214182302355766296e-01,2.953464090824127197e-01,4.625762999057769775e-01,1.000000715255737305e+00,4.955480396747589111e-01,1.745312958955764771e-01,1.951496452093124390e-01,3.242832720279693604e-01,3.740981817245483398e-01,3.753307089209556580e-02,1.910429894924163818e-01,2.073240429162979126e-01,3.306520581245422363e-01,1.362061053514480591e-01,2.574942111968994141e-01,1.091132685542106628e-01,2.944034934043884277e-01,1.232655569911003113e-01,2.000325322151184082e-01,5.268732905387878418e-01,3.301088809967041016e-01
-3.322092816233634949e-02,4.518930241465568542e-02,5.400251597166061401e-03,3.954986110329627991e-02,1.211612522602081299e-01,3.310718014836311340e-02,7.338719069957733154e-02,8.643080294132232666e-02,-8.348011970520019531e-02,-1.446946430951356888e-02,-1.164277642965316772e-01,-5.882985517382621765e-02,2.451882138848304749e-02,1.926821656525135040e-02,-3.770089894533157349e-02,6.083454564213752747e-02,1.797397881746292114e-01,1.763430982828140259e-01,6.635081022977828979e-02,-1.587189547717571259e-02,-4.476926475763320923e-02,3.189285993576049805e-01,1.270905584096908569e-01,3.732515573501586914e-01,-8.668079972267150879e-03,1.979774534702301025e-01,1.339195668697357178e-01,1.246235426515340805e-02,8.051062375307083130e-02,4.962220042943954468e-02,4.955480396747589111e-01,9.999999403953552246e-01,-1.974002830684185028e-02,3.573409840464591980e-02,1.522896438837051392e-01,1.396431028842926025e-01,-4.635009542107582092e-02,-2.423916570842266083e-02,9.229652583599090576e-02,1.573413163423538208e-01,8.243027329444885254e-02,1.469767242670059204e-01,4.512145742774009705e-02,4.407610744237899780e-02,8.680676668882369995e-02,1.236015465110540390e-02,4.542523324489593506e-01,4.406093060970306396e-01
