1.000000119209289551e+00,7.062353491783142090e-01,3.348849117755889893e-01,4.006418883800506592e-01,4.874325990676879883e-01,4.216712415218353271e-01,2.806529700756072998e-01,1.116407811641693115e-01,2.990820705890655518e-01,2.119123488664627075e-01,4.730179011821746826e-01,7.142392992973327637e-01,5.895631313323974609e-01,3.001434206962585449e-01,3.080164492130279541e-01,2.821927368640899658e-01,3.398925960063934326e-01,2.932075262069702148e-01,5.099315196275711060e-02,1.278519928455352783e-01,2.151742130517959595e-01
7.062353491783142090e-01,1.000000238418579102e+00,3.244001865386962891e-01,3.880846500396728516e-01,3.785771727561950684e-01,3.900566101074218750e-01,2.644029855728149414e-01,1.825835853815078735e-01,3.520229160785675049e-01,2.981347739696502686e-01,3.865868449211120605e-01,6.139358282089233398e-01,6.887925863265991211e-01,3.501471579074859619e-01,3.308424353599548340e-01,2.967330515384674072e-01,3.355782926082611084e-01,2.568028867244720459e-01,1.920913904905319214e-01,2.110587209463119507e-01,2.740825712680816650e-01
3.348849117755889893e-01,3.244001865386962891e-01,9.999998807907104492e-01,3.773747980594635010e-01,5.544927120208740234e-01,1.641524583101272583e-01,1.442753225564956665e-01,2.834144281223416328e-03,3.984555006027221680e-01,1.731711775064468384e-01,2.429402768611907959e-01,2.529027163982391357e-01,1.852603852748870850e-01,7.579528689384460449e-01,4.545460045337677002e-01,6.889757513999938965e-01,2.745092511177062988e-01,1.276093870401382446e-01,4.077469557523727417e-02,-2.121945656836032867e-02,3.608708381652832031e-01
4.006418883800506592e-01,3.880846500396728516e-01,3.773747980594635010e-01,9.999998807907104492e-01,3.851388394832611084e-01,3.307107388973236084e-01,2.979397773742675781e-01,1.021588779985904694e-02,2.861715555191040039e-01,2.799148559570312500e-01,3.270114660263061523e-01,3.659941852092742920e-01,2.512635886669158936e-01,3.685471415519714355e-01,7.055429816246032715e-01,3.203290104866027832e-01,5.549337267875671387e-01,4.791528284549713135e-01,1.324487756937742233e-02,-2.214997075498104095e-02,2.801190912723541260e-01
4.874325990676879883e-01,3.785771727561950684e-01,5.544927120208740234e-01,3.851388394832611084e-01,1.000000357627868652e+00,4.351447522640228271e-01,3.546801209449768066e-01,-7.332636509090662003e-03,2.592271268367767334e-01,2.287261486053466797e-01,4.534605145454406738e-01,3.223632872104644775e-01,2.339890301227569580e-01,3.760397434234619141e-01,2.896146774291992188e-01,6.539773344993591309e-01,2.303422391414642334e-01,5.795257166028022766e-02,-1.157623827457427979e-01,-1.037119925022125244e-01,3.495299816131591797e-01
4.216712415218353271e-01,3.900566101074218750e-01,1.641524583101272583e-01,3.307107388973236084e-01,4.351447522640228271e-01,9.999998211860656738e-01,6.703774333000183105e-01,-2.538723871111869812e-02,1.651563942432403564e-01,3.230169713497161865e-01,4.917671680450439453e-01,1.880970299243927002e-01,2.471166104078292847e-01,4.884254559874534607e-02,7.762046158313751221e-02,2.949861884117126465e-01,1.939980685710906982e-01,5.491904541850090027e-02,-1.429442912340164185e-01,-7.852715998888015747e-02,2.468211054801940918e-01
2.806529700756072998e-01,2.644029855728149414e-01,1.442753225564956665e-01,2.979397773742675781e-01,3.546801209449768066e-01,6.703774333000183105e-01,9.999998211860656738e-01,-6.046519428491592407e-02,1.349962353706359863e-01,3.005150854587554932e-01,2.872700989246368408e-01,1.121119037270545959e-01,1.607489138841629028e-01,6.824008375406265259e-02,1.154794394969940186e-01,2.673835754394531250e-01,1.812271624803543091e-01,1.277009099721908569e-01,-9.580327570438385010e-02,-9.280017018318176270e-02,1.456257551908493042e-01
1.116407811641693115e-01,1.825835853815078735e-01,2.834144281223416328e-03,1.021588779985904694e-02,-7.332636509090662003e-03,-2.538723871111869812e-02,-6.046519428491592407e-02,1.000000715255737305e+00,1.538226306438446045e-01,2.170260101556777954e-01,5.653886124491691589e-02,2.187279909849166870e-01,2.973839342594146729e-01,5.151516944169998169e-02,-1.354280859231948853e-02,2.514239586889743805e-02,5.819689109921455383e-02,1.899941824376583099e-03,2.538422346115112305e-01,2.309989184141159058e-01,9.564814716577529907e-02
2.990820705890655518e-01,3.520229160785675049e-01,3.984555006027221680e-01,2.861715555191040039e-01,2.592271268367767334e-01,1.651563942432403564e-01,1.349962353706359863e-01,1.538226306438446045e-01,1.000000238418579102e+00,5.666518211364746094e-01,3.023071885108947754e-01,2.089321017265319824e-01,2.564698159694671631e-01,4.044356346130371094e-01,2.864486873149871826e-01,3.875520527362823486e-01,1.920072883367538452e-01,6.374776363372802734e-02,1.955056786537170410e-01,1.908333152532577515e-01,3.989357650279998779e-01
2.119123488664627075e-01,2.981347739696502686e-01,1.731711775064468384e-01,2.799148559570312500e-01,2.287261486053466797e-01,3.230169713497161865e-01,3.005150854587554932e-01,2.170260101556777954e-01,5.666518211364746094e-01,1.000000000000000000e+00,2.303431928157806396e-01,1.701239943504333496e-01,2.941250503063201904e-01,1.702394932508468628e-01,2.060817629098892212e-01,2.601889967918395996e-01,2.042398303747177124e-01,5.940189957618713379e-02,1.754513084888458252e-01,2.104490995407104492e-01,3.242781758308410645e-01
4.730179011821746826e-01,3.865868449211120605e-01,2.429402768611907959e-01,3.270114660263061523e-01,4.534605145454406738e-01,4.917671680450439453e-01,2.872700989246368408e-01,5.653886124491691589e-02,3.023071885108947754e-01,2.303431928157806396e-01,1.000000238418579102e+00,3.131710886955261230e-01,2.842871546745300293e-01,1.458811163902282715e-01,1.514617651700973511e-01,2.670532166957855225e-01,1.896073073148727417e-01,8.324284106492996216e-02,6.116634234786033630e-02,1.488986313343048096e-01,4.975287318229675293e-01
7.142392992973327637e-01,6.139358282089233398e-01,2.529027163982391357e-01,3.659941852092742920e-01,3.223632872104644775e-01,1.880970299243927002e-01,1.121119037270545959e-01,2.187279909849166870e-01,2.089321017265319824e-01,1.701239943504333496e-01,3.131710886955261230e-01,1.000000119209289551e+00,7.081661820411682129e-01,2.813107967376708984e-01,3.772492408752441406e-01,1.927195787429809570e-01,4.440506696701049805e-01,4.369525015354156494e-01,2.325312197208404541e-01,3.191401660442352295e-01,1.343278884887695312e-01
5.895631313323974609e-01,6.887925863265991211e-01,1.852603852748870850e-01,2.512635886669158936e-01,2.339890301227569580e-01,2.471166104078292847e-01,1.607489138841629028e-01,2.973839342594146729e-01,2.564698159694671631e-01,2.941250503063201904e-01,2.842871546745300293e-01,7.081661820411682129e-01,1.000000476837158203e+00,2.372367084026336670e-01,2.550058662891387939e-01,2.090396732091903687e-01,3.514860272407531738e-01,2.946974039077758789e-01,3.036726415157318115e-01,3.720868527889251709e-01,1.955269426107406616e-01
3.001434206962585449e-01,3.501471579074859619e-01,7.579528689384460449e-01,3.685471415519714355e-01,3.760397434234619141e-01,4.884254559874534607e-02,6.824008375406265259e-02,5.151516944169998169e-02,4.044356346130371094e-01,1.702394932508468628e-01,1.458811163902282715e-01,2.813107967376708984e-01,2.372367084026336670e-01,1.000000238418579102e+00,4.948417544364929199e-01,5.832813978195190430e-01,3.285649120807647705e-01,2.200161814689636230e-01,1.359302997589111328e-01,3.407599031925201416e-02,3.029230833053588867e-01
3.080164492130279541e-01,3.308424353599548340e-01,4.545460045337677002e-01,7.055429816246032715e-01,2.896146774291992188e-01,7.762046158313751221e-02,1.154794394969940186e-01,-1.354280859231948853e-02,2.864486873149871826e-01,2.060817629098892212e-01,1.514617651700973511e-01,3.772492408752441406e-01,2.550058662891387939e-01,4.948417544364929199e-01,9.999998211860656738e-01,2.989925444126129150e-01,5.775062441825866699e-01,5.345746278762817383e-01,9.845494478940963745e-02,1.371625345200300217e-02,2.508264780044555664e-01
2.821927368640899658e-01,2.967330515384674072e-01,6.889757513999938965e-01,3.203290104866027832e-01,6.539773344993591309e-01,2.949861884117126465e-01,2.673835754394531250e-01,2.514239586889743805e-02,3.875520527362823486e-01,2.601889967918395996e-01,2.670532166957855225e-01,1.927195787429809570e-01,2.090396732091903687e-01,5.832813978195190430e-01,2.989925444126129150e-01,1.000000119209289551e+00,2.375519871711730957e-01,4.088020324707031250e-02,-1.484205853193998337e-02,-5.221441015601158142e-02,3.728237748146057129e-01
3.398925960063934326e-01,3.355782926082611084e-01,2.745092511177062988e-01,5.549337267875671387e-01,2.303422391414642334e-01,1.939980685710906982e-01,1.812271624803543091e-01,5.819689109921455383e-02,1.920072883367538452e-01,2.042398303747177124e-01,1.896073073148727417e-01,4.440506696701049805e-01,3.514860272407531738e-01,3.285649120807647705e-01,5.775062441825866699e-01,2.375519871711730957e-01,1.000000238418579102e+00,6.374108791351318359e-01,1.459781229496002197e-01,1.505948454141616821e-01,2.829846441745758057e-01
2.932075262069702148e-01,2.568028867244720459e-01,1.276093870401382446e-01,4.791528284549713135e-01,5.795257166028022766e-02,5.491904541850090027e-02,1.277009099721908569e-01,1.899941824376583099e-03,6.374776363372802734e-02,5.940189957618713379e-02,8.324284106492996216e-02,4.369525015354156494e-01,2.946974039077758789e-01,2.200161814689636230e-01,5.345746278762817383e-01,4.088020324707031250e-02,6.374108791351318359e-01,1.000000119209289551e+00,2.091122418642044067e-01,2.020625025033950806e-01,1.246147602796554565e-01
5.099315196275711060e-02,1.920913904905319214e-01,4.077469557523727417e-02,1.324487756937742233e-02,-1.157623827457427979e-01,-1.429442912340164185e-01,-9.580327570438385010e-02,2.538422346115112305e-01,1.955056786537170410e-01,1.754513084888458252e-01,6.116634234786033630e-02,2.325312197208404541e-01,3.036726415157318115e-01,1.359302997589111328e-01,9.845494478940963745e-02,-1.484205853193998337e-02,1.459781229496002197e-01,2.091122418642044067e-01,1.000000119209289551e+00,7.046350240707397461e-01,1.833223253488540649e-01
1.278519928455352783e-01,2.110587209463119507e-01,-2.121945656836032867e-02,-2.214997075498104095e-02,-1.037119925022125244e-01,-7.852715998888015747e-02,-9.280017018318176270e-02,2.309989184141159058e-01,1.908333152532577515e-01,2.104490995407104492e-01,1.488986313343048096e-01,3.191401660442352295e-01,3.720868527889251709e-01,3.407599031925201416e-02,1.371625345200300217e-02,-5.221441015601158142e-02,1.505948454141616821e-01,2.020625025033950806e-01,7.046350240707397461e-01,1.000000000000000000e+00,1.712256222963333130e-01
2.151742130517959595e-01,2.740825712680816650e-01,3.608708381652832031e-01,2.801190912723541260e-01,3.495299816131591797e-01,2.468211054801940918e-01,1.456257551908493042e-01,9.564814716577529907e-02,3.989357650279998779e-01,3.242781758308410645e-01,4.975287318229675293e-01,1.343278884887695312e-01,1.955269426107406616e-01,3.029230833053588867e-01,2.508264780044555664e-01,3.728237748146057129e-01,2.829846441745758057e-01,1.246147602796554565e-01,1.833223253488540649e-01,1.712256222963333130e-01,9.999998807907104492e-01
