9.999997019767761230e-01,7.576669454574584961e-01,2.729793190956115723e-01,3.952538073062896729e-01,3.397481739521026611e-01,5.010840892791748047e-01,2.767128050327301025e-01,3.174031078815460205e-01,2.175065129995346069e-01,1.198843792080879211e-01,3.468731939792633057e-01,6.707280278205871582e-01,6.103778481483459473e-01,3.321732878684997559e-01,4.093161821365356445e-01,2.038617283105850220e-01,4.700759947299957275e-01,3.211682438850402832e-01,2.715628743171691895e-01,1.924716830253601074e-01,2.849999666213989258e-01
7.576669454574584961e-01,9.999999403953552246e-01,1.776223182678222656e-01,3.052190542221069336e-01,2.264622896909713745e-01,3.668301403522491455e-01,1.008469015359878540e-01,2.850468456745147705e-01,1.818193346261978149e-01,1.706119179725646973e-01,2.567775249481201172e-01,5.223038196563720703e-01,6.145519614219665527e-01,2.043382227420806885e-01,3.174274265766143799e-01,1.380298882722854614e-01,2.969408333301544189e-01,1.505116075277328491e-01,1.864496767520904541e-01,2.535392642021179199e-01,1.901054829359054565e-01
2.729793190956115723e-01,1.776223182678222656e-01,9.999997615814208984e-01,4.388485550880432129e-01,7.260287404060363770e-01,9.813502430915832520e-02,1.940117403864860535e-02,-3.693720698356628418e-02,6.956460326910018921e-02,4.411697387695312500e-02,1.559364348649978638e-01,1.876904070377349854e-01,9.200645983219146729e-02,7.008129358291625977e-01,4.169163703918457031e-01,7.138429284095764160e-01,1.374555379152297974e-01,1.081833764910697937e-01,-1.359256953001022339e-01,-2.794512547552585602e-03,1.066408827900886536e-01
3.952538073062896729e-01,3.052190542221069336e-01,4.388485550880432129e-01,9.999998211860656738e-01,4.251108467578887939e-01,3.367399573326110840e-01,2.826102674007415771e-01,1.327144354581832886e-01,1.051728334277868271e-02,1.018987502902746201e-02,2.560564577579498291e-01,4.046878218650817871e-01,3.215168118476867676e-01,5.116350650787353516e-01,7.903892397880554199e-01,4.314564466476440430e-01,3.423787355422973633e-01,3.186321556568145752e-01,1.536145359277725220e-01,1.466786116361618042e-01,1.985190063714981079e-01
3.397481739521026611e-01,2.264622896909713745e-01,7.260287404060363770e-01,4.251108467578887939e-01,1.000000834465026855e+00,1.912699490785598755e-01,1.237954869866371155e-01,7.414904981851577759e-02,1.525767743587493896e-01,-2.046551555395126343e-02,2.667363286018371582e-01,2.695947587490081787e-01,1.678176671266555786e-01,6.143438220024108887e-01,4.336680769920349121e-01,7.293003797531127930e-01,2.655681669712066650e-01,2.590606212615966797e-01,-5.579423159360885620e-02,-3.660589084029197693e-02,2.203287184238433838e-01
5.010840892791748047e-01,3.668301403522491455e-01,9.813502430915832520e-02,3.367399573326110840e-01,1.912699490785598755e-01,1.000000119209289551e+00,5.317356586456298828e-01,3.349530696868896484e-01,6.333673745393753052e-02,-8.140899986028671265e-02,2.937070727348327637e-01,5.043061971664428711e-01,4.965126812458038330e-01,1.635106801986694336e-01,3.085044622421264648e-01,8.590071648359298706e-02,4.728969037532806396e-01,4.049994945526123047e-01,2.132147550582885742e-01,1.223492696881294250e-01,1.592549532651901245e-01
2.767128050327301025e-01,1.008469015359878540e-01,1.940117403864860535e-02,2.826102674007415771e-01,1.237954869866371155e-01,5.317356586456298828e-01,1.000000357627868652e+00,2.550409734249114990e-01,-2.941413782536983490e-03,-9.854721277952194214e-02,1.190953031182289124e-01,3.469454944133758545e-01,2.564740180969238281e-01,1.445303857326507568e-01,2.857876718044281006e-01,5.850190669298171997e-02,3.588909506797790527e-01,3.967056870460510254e-01,2.059027701616287231e-01,4.624012112617492676e-02,9.147104620933532715e-02
3.174031078815460205e-01,2.850468456745147705e-01,-3.693720698356628418e-02,1.327144354581832886e-01,7.414904981851577759e-02,3.349530696868896484e-01,2.550409734249114990e-01,9.999995827674865723e-01,3.526807725429534912e-01,5.592359974980354309e-02,2.007356286048889160e-01,2.463056445121765137e-01,3.400210440158843994e-01,2.715800702571868896e-02,1.519234776496887207e-01,1.950835576280951500e-03,2.212073653936386108e-01,2.316751629114151001e-01,3.333083987236022949e-01,-6.482946872711181641e-02,2.158730626106262207e-01
2.175065129995346069e-01,1.818193346261978149e-01,6.956460326910018921e-02,1.051728334277868271e-02,1.525767743587493896e-01,6.333673745393753052e-02,-2.941413782536983490e-03,3.526807725429534912e-01,1.000000357627868652e+00,4.260164797306060791e-01,1.307451128959655762e-01,1.803873330354690552e-01,2.114238739013671875e-01,1.482790559530258179e-01,3.356337547302246094e-02,1.096222847700119019e-01,8.605385571718215942e-02,-4.106288403272628784e-02,2.372362911701202393e-01,5.593801662325859070e-02,3.255607560276985168e-02
1.198843792080879211e-01,1.706119179725646973e-01,4.411697387695312500e-02,1.018987502902746201e-02,-2.046551555395126343e-02,-8.140899986028671265e-02,-9.854721277952194214e-02,5.592359974980354309e-02,4.260164797306060791e-01,1.000000596046447754e+00,-6.175237894058227539e-02,1.663694977760314941e-01,1.031769961118698120e-01,6.821980327367782593e-02,3.045592270791530609e-02,-3.691509831696748734e-03,-5.054128170013427734e-02,-1.813512444496154785e-01,2.398108839988708496e-01,3.702284991741180420e-01,-7.563563436269760132e-02
3.468731939792633057e-01,2.567775249481201172e-01,1.559364348649978638e-01,2.560564577579498291e-01,2.667363286018371582e-01,2.937070727348327637e-01,1.190953031182289124e-01,2.007356286048889160e-01,1.307451128959655762e-01,-6.175237894058227539e-02,9.999999403953552246e-01,2.244604825973510742e-01,2.599112391471862793e-01,1.550990343093872070e-01,1.684667468070983887e-01,1.983564496040344238e-01,3.378629088401794434e-01,3.252864480018615723e-01,1.202188357710838318e-01,-6.608560681343078613e-02,4.938259422779083252e-01
6.707280278205871582e-01,5.223038196563720703e-01,1.876904070377349854e-01,4.046878218650817871e-01,2.695947587490081787e-01,5.043061971664428711e-01,3.469454944133758545e-01,2.463056445121765137e-01,1.803873330354690552e-01,1.663694977760314941e-01,2.244604825973510742e-01,1.000000357627868652e+00,7.595384120941162109e-01,2.684995830059051514e-01,4.575344622135162354e-01,2.107492536306381226e-01,5.632697939872741699e-01,4.077461659908294678e-01,3.556825518608093262e-01,2.777103781700134277e-01,2.029705047607421875e-01
6.103778481483459473e-01,6.145519614219665527e-01,9.200645983219146729e-02,3.215168118476867676e-01,1.678176671266555786e-01,4.965126812458038330e-01,2.564740180969238281e-01,3.400210440158843994e-01,2.114238739013671875e-01,1.031769961118698120e-01,2.599112391471862793e-01,7.595384120941162109e-01,1.000000000000000000e+00,1.261339634656906128e-01,3.945414125919342041e-01,1.102354153990745544e-01,4.809605181217193604e-01,3.461142480373382568e-01,3.203887939453125000e-01,2.753070592880249023e-01,1.917632818222045898e-01
3.321732878684997559e-01,2.043382227420806885e-01,7.008129358291625977e-01,5.116350650787353516e-01,6.143438220024108887e-01,1.635106801986694336e-01,1.445303857326507568e-01,2.715800702571868896e-02,1.482790559530258179e-01,6.821980327367782593e-02,1.550990343093872070e-01,2.684995830059051514e-01,1.261339634656906128e-01,9.999997019767761230e-01,5.232287645339965820e-01,6.768444180488586426e-01,1.652124524116516113e-01,1.361821293830871582e-01,4.145392682403326035e-03,5.925225839018821716e-02,9.361228346824645996e-02
4.093161821365356445e-01,3.174274265766143799e-01,4.169163703918457031e-01,7.903892397880554199e-01,4.336680769920349121e-01,3.085044622421264648e-01,2.857876718044281006e-01,1.519234776496887207e-01,3.356337547302246094e-02,3.045592270791530609e-02,1.684667468070983887e-01,4.575344622135162354e-01,3.945414125919342041e-01,5.232287645339965820e-01,9.999998211860656738e-01,4.297557771205902100e-01,4.090781807899475098e-01,3.031716346740722656e-01,1.819545924663543701e-01,1.840840429067611694e-01,1.836726963520050049e-01
2.038617283105850220e-01,1.380298882722854614e-01,7.138429284095764160e-01,4.314564466476440430e-01,7.293003797531127930e-01,8.590071648359298706e-02,5.850190669298171997e-02,1.950835576280951500e-03,1.096222847700119019e-01,-3.691509831696748734e-03,1.983564496040344238e-01,2.107492536306381226e-01,1.102354153990745544e-01,6.768444180488586426e-01,4.297557771205902100e-01,1.000000000000000000e+00,1.731735765933990479e-01,1.642531603574752808e-01,-1.173434183001518250e-01,-1.148851774632930756e-02,2.489426136016845703e-01
4.700759947299957275e-01,2.969408333301544189e-01,1.374555379152297974e-01,3.423787355422973633e-01,2.655681669712066650e-01,4.728969037532806396e-01,3.588909506797790527e-01,2.212073653936386108e-01,8.605385571718215942e-02,-5.054128170013427734e-02,3.378629088401794434e-01,5.632697939872741699e-01,4.809605181217193604e-01,1.652124524116516113e-01,4.090781807899475098e-01,1.731735765933990479e-01,9.999997019767761230e-01,5.893668532371520996e-01,1.916689127683639526e-01,-7.042921334505081177e-02,4.119826555252075195e-01
3.211682438850402832e-01,1.505116075277328491e-01,1.081833764910697937e-01,3.186321556568145752e-01,2.590606212615966797e-01,4.049994945526123047e-01,3.967056870460510254e-01,2.316751629114151001e-01,-4.106288403272628784e-02,-1.813512444496154785e-01,3.252864480018615723e-01,4.077461659908294678e-01,3.461142480373382568e-01,1.361821293830871582e-01,3.031716346740722656e-01,1.642531603574752808e-01,5.893668532371520996e-01,1.000000119209289551e+00,1.626439988613128662e-01,-1.968197077512741089e-01,3.525569140911102295e-01
2.715628743171691895e-01,1.864496767520904541e-01,-1.359256953001022339e-01,1.536145359277725220e-01,-5.579423159360885620e-02,2.132147550582885742e-01,2.059027701616287231e-01,3.333083987236022949e-01,2.372362911701202393e-01,2.398108839988708496e-01,1.202188357710838318e-01,3.556825518608093262e-01,3.203887939453125000e-01,4.145392682403326035e-03,1.819545924663543701e-01,-1.173434183001518250e-01,1.916689127683639526e-01,1.626439988613128662e-01,9.999998211860656738e-01,2.971797883510589600e-01,9.382103383541107178e-02
1.924716830253601074e-01,2.535392642021179199e-01,-2.794512547552585602e-03,1.466786116361618042e-01,-3.660589084029197693e-02,1.223492696881294250e-01,4.624012112617492676e-02,-6.482946872711181641e-02,5.593801662325859070e-02,3.702284991741180420e-01,-6.608560681343078613e-02,2.777103781700134277e-01,2.753070592880249023e-01,5.925225839018821716e-02,1.840840429067611694e-01,-1.148851774632930756e-02,-7.042921334505081177e-02,-1.968197077512741089e-01,2.971797883510589600e-01,1.000000357627868652e+00,-1.040937528014183044e-01
2.849999666213989258e-01,1.901054829359054565e-01,1.066408827900886536e-01,1.985190063714981079e-01,2.203287184238433838e-01,1.592549532651901245e-01,9.147104620933532715e-02,2.158730626106262207e-01,3.255607560276985168e-02,-7.563563436269760132e-02,4.938259422779083252e-01,2.029705047607421875e-01,1.917632818222045898e-01,9.361228346824645996e-02,1.836726963520050049e-01,2.489426136016845703e-01,4.119826555252075195e-01,3.525569140911102295e-01,9.382103383541107178e-02,-1.040937528014183044e-01,1.000000238418579102e+00
