1.000000119209289551e+00,-3.739241743460297585e-03,3.216032683849334717e-01,4.471442401409149170e-01,6.144257187843322754e-01,3.722569346427917480e-01,1.684228479862213135e-01,2.529792785644531250e-01,-5.498077720403671265e-02,-3.872809931635856628e-02,-2.243291884660720825e-01,-5.232819542288780212e-02,1.396787315607070923e-01,-1.698135584592819214e-02,1.097490452229976654e-02,-5.717942863702774048e-02,1.380884200334548950e-01,1.127708777785301208e-01,4.918175190687179565e-02,7.591409236192703247e-02,9.892745316028594971e-02,4.812264442443847656e-02,1.249133329838514328e-02,-3.147335723042488098e-02,2.561034560203552246e-01,7.745754718780517578e-02,2.832050025463104248e-01,6.965408325195312500e-01,5.729175209999084473e-01,-2.068837881088256836e-01,-1.178816556930541992e-01,4.542691260576248169e-02,4.186461567878723145e-01,-2.229078412055969238e-01,-5.014073103666305542e-02,-7.730939984321594238e-02,-6.437393277883529663e-02,-1.144668385386466980e-01,-2.026147395372390747e-01,2.431099489331245422e-02,3.617399334907531738e-01,-4.322911147028207779e-03,-2.312393635511398315e-01,-1.881463825702667236e-01,8.849348872900009155e-02,3.076986409723758698e-02,-2.489688061177730560e-02,3.677032887935638428e-02
-3.739241743460297585e-03,1.000000000000000000e+00,4.153949394822120667e-02,5.204481631517410278e-02,5.305531620979309082e-02,2.460172325372695923e-01,8.759105205535888672e-02,-1.149545237421989441e-01,4.401788488030433655e-02,1.346449553966522217e-01,-7.217492163181304932e-02,-3.225457668304443359e-02,5.422140285372734070e-02,-1.792426109313964844e-01,-2.074767202138900757e-01,6.878512352705001831e-02,1.385077238082885742e-01,6.177460029721260071e-02,6.300065666437149048e-02,2.011648416519165039e-01,5.417496711015701294e-02,9.094353765249252319e-02,1.135484222322702408e-02,3.685894235968589783e-02,4.156057164072990417e-02,8.057052642107009888e-02,1.589781641960144043e-01,9.165037423372268677e-02,1.577730029821395874e-01,5.011189728975296021e-02,1.779779978096485138e-02,8.772125095129013062e-02,5.122847557067871094e-01,8.145515620708465576e-02,7.668877393007278442e-02,1.634409725666046143e-01,-8.238490670919418335e-02,-7.309284806251525879e-02,1.084619108587503433e-02,-1.218676101416349411e-02,3.937125205993652344e-01,3.087708652019500732e-01,2.692434005439281464e-02,4.968598783016204834e-01,4.343170225620269775e-01,1.746867448091506958e-01,1.723007112741470337e-02,8.669749647378921509e-02
3.216032683849334717e-01,4.153949394822120667e-02,1.000000000000000000e+00,6.908361911773681641e-01,3.214241862297058105e-01,2.644813358783721924e-01,5.497678518295288086e-01,6.003689765930175781e-01,4.618479609489440918e-01,1.911190152168273926e-01,4.362363219261169434e-01,4.116264581680297852e-01,1.981001198291778564e-01,4.024499952793121338e-01,5.312377810478210449e-01,2.296721041202545166e-01,4.196265339851379395e-01,4.580672681331634521e-01,2.898792624473571777e-01,2.912375926971435547e-01,4.163799583911895752e-01,3.754284381866455078e-01,1.469550281763076782e-01,1.336237192153930664e-01,1.571549773216247559e-01,5.684356093406677246e-01,3.446366488933563232e-01,4.129163324832916260e-01,3.375402987003326416e-01,2.993381321430206299e-01,4.109976887702941895e-01,2.037995010614395142e-01,1.426405757665634155e-01,2.596487104892730713e-01,1.241953372955322266e-01,2.167728841304779053e-01,2.693796753883361816e-01,3.820001482963562012e-01,4.101744666695594788e-02,9.085883945226669312e-02,7.284055650234222412e-02,1.068459898233413696e-01,2.506625466048717499e-02,2.114581167697906494e-01,8.153716474771499634e-02,1.782422959804534912e-01,1.895033717155456543e-01,4.313762183301150799e-04
4.471442401409149170e-01,5.204481631517410278e-02,6.908361911773681641e-01,9.999997615814208984e-01,4.720795154571533203e-01,4.851533770561218262e-01,7.033227086067199707e-01,4.571948349475860596e-01,4.716479778289794922e-01,3.110569119453430176e-01,9.178268909454345703e-02,2.760391235351562500e-01,2.092731744050979614e-01,2.400113642215728760e-01,4.394213855266571045e-01,3.288346827030181885e-01,5.437749624252319336e-01,6.050237417221069336e-01,4.775241315364837646e-01,4.984549880027770996e-01,5.371558666229248047e-01,4.775336384773254395e-01,2.801902592182159424e-01,2.028496563434600830e-01,8.568400889635086060e-02,5.388459563255310059e-01,2.072434276342391968e-01,4.557716250419616699e-01,3.794409930706024170e-01,1.562353372573852539e-01,3.656923472881317139e-01,3.031291365623474121e-01,1.961119174957275391e-01,1.234027519822120667e-01,1.604833640158176422e-02,2.623375058174133301e-01,1.754279732704162598e-01,2.239547222852706909e-01,3.780998289585113525e-02,2.181333005428314209e-01,2.091369181871414185e-01,2.027194052934646606e-01,7.308834046125411987e-02,2.087106704711914062e-01,8.216963708400726318e-02,2.730346322059631348e-01,2.667464911937713623e-01,1.798775494098663330e-01
6.144257187843322754e-01,5.305531620979309082e-02,3.214241862297058105e-01,4.720795154571533203e-01,9.999997615814208984e-01,6.778789758682250977e-01,4.028919637203216553e-01,3.402604758739471436e-01,6.943085789680480957e-02,9.849011152982711792e-02,-1.927534192800521851e-01,-1.275280583649873734e-02,7.101177424192428589e-02,1.895357370376586914e-01,1.392368376255035400e-01,4.647898301482200623e-02,2.241474092006683350e-01,2.560723125934600830e-01,1.424800753593444824e-01,1.996383816003799438e-01,1.614968031644821167e-01,6.328399479389190674e-02,4.057937487959861755e-02,2.343931049108505249e-02,1.588829904794692993e-01,2.353825718164443970e-01,2.531203627586364746e-01,4.022181928157806396e-01,3.838597238063812256e-01,-2.677727937698364258e-01,-9.209588915109634399e-02,5.306742154061794281e-03,2.414933294057846069e-01,-1.399372965097427368e-01,-1.156133562326431274e-01,1.190082728862762451e-02,1.641931831836700439e-01,-6.762254983186721802e-02,-1.329838037490844727e-01,5.357416346669197083e-02,4.938711822032928467e-01,2.374665141105651855e-01,-1.456561833620071411e-01,-7.532138377428054810e-02,8.182042837142944336e-02,1.254536211490631104e-01,6.634945422410964966e-02,3.245244547724723816e-02
3.722569346427917480e-01,2.460172325372695923e-01,2.644813358783721924e-01,4.851533770561218262e-01,6.778789758682250977e-01,1.000000119209289551e+00,4.857085943222045898e-01,2.220485657453536987e-01,2.164919227361679077e-01,3.229196667671203613e-01,-9.998505562543869019e-02,1.396835148334503174e-01,1.806956678628921509e-01,2.687860466539859772e-02,1.019083932042121887e-01,1.314063370227813721e-01,3.199681341648101807e-01,3.503260314464569092e-01,2.687079012393951416e-01,3.471639752388000488e-01,2.948096394538879395e-01,1.876460015773773193e-01,1.274256855249404907e-01,1.280679255723953247e-01,6.912482529878616333e-02,2.758746743202209473e-01,1.387382298707962036e-01,3.206503093242645264e-01,3.249370157718658447e-01,-8.372800797224044800e-02,4.942574724555015564e-02,1.408699303865432739e-01,1.555372923612594604e-01,-1.250487267971038818e-01,-1.199031248688697815e-01,1.268500089645385742e-01,1.135582551360130310e-01,-6.511642038822174072e-02,-6.353843957185745239e-02,9.639129787683486938e-02,5.933959484100341797e-01,4.531102478504180908e-01,6.189234927296638489e-02,1.794200241565704346e-01,2.506154775619506836e-01,3.158054649829864502e-01,1.649735569953918457e-01,9.295400232076644897e-02
1.684228479862213135e-01,8.759105205535888672e-02,5.497678518295288086e-01,7.033227086067199707e-01,4.028919637203216553e-01,4.857085943222045898e-01,9.999997615814208984e-01,3.465576171875000000e-01,4.653252363204956055e-01,4.727509915828704834e-01,1.226495578885078430e-01,2.451817989349365234e-01,2.606085240840911865e-01,2.675754427909851074e-01,4.441749751567840576e-01,4.502536058425903320e-01,7.768918275833129883e-01,7.817952036857604980e-01,7.151893377304077148e-01,6.819272041320800781e-01,5.809565782546997070e-01,5.659528970718383789e-01,3.565369248390197754e-01,2.507029175758361816e-01,1.390874534845352173e-01,6.554508209228515625e-01,2.240809351205825806e-01,2.552240788936614990e-01,1.853631287813186646e-01,1.891701221466064453e-01,3.603652417659759521e-01,3.437643945217132568e-01,6.767270714044570923e-02,1.821449846029281616e-01,-4.774808511137962341e-02,3.200812935829162598e-01,1.846274286508560181e-01,3.230048418045043945e-01,1.460990905761718750e-01,2.713873088359832764e-01,1.346181333065032959e-01,3.876488208770751953e-01,3.086654245853424072e-01,3.129461407661437988e-01,1.814177781343460083e-01,4.553677737712860107e-01,2.846781313419342041e-01,2.715894877910614014e-01
2.529792785644531250e-01,-1.149545237421989441e-01,6.003689765930175781e-01,4.571948349475860596e-01,3.402604758739471436e-01,2.220485657453536987e-01,3.465576171875000000e-01,1.000000357627868652e+00,4.850096404552459717e-01,8.055694401264190674e-02,4.016270041465759277e-01,3.480786085128784180e-01,1.619113795459270477e-02,5.657802820205688477e-01,4.700558483600616455e-01,-2.202036790549755096e-02,2.084345817565917969e-01,2.853734791278839111e-01,1.525421887636184692e-01,2.999467961490154266e-02,1.051940172910690308e-01,1.010272428393363953e-01,-3.804625198245048523e-02,6.298147141933441162e-02,2.169049829244613647e-01,3.219302594661712646e-01,3.595804870128631592e-01,2.330382913351058960e-01,1.505902558565139771e-01,1.661215722560882568e-01,3.062825798988342285e-01,9.442369639873504639e-02,1.301913112401962280e-01,3.249482512474060059e-01,1.455307602882385254e-01,9.951300919055938721e-02,2.820878922939300537e-01,3.704445362091064453e-01,2.629596926271915436e-02,4.896702012047171593e-04,-5.250564590096473694e-02,-1.220422424376010895e-02,-3.252941742539405823e-02,1.095026955008506775e-01,-1.869609355926513672e-01,1.548177748918533325e-02,1.897582411766052246e-01,-1.483116000890731812e-01
-5.498077720403671265e-02,4.401788488030433655e-02,4.618479609489440918e-01,4.716479778289794922e-01,6.943085789680480957e-02,2.164919227361679077e-01,4.653252363204956055e-01,4.850096404552459717e-01,9.999998807907104492e-01,5.166409611701965332e-01,4.716944098472595215e-01,5.927194952964782715e-01,3.075090944766998291e-01,2.862174808979034424e-01,4.093259274959564209e-01,2.691476047039031982e-01,4.342905580997467041e-01,5.292122960090637207e-01,3.784379661083221436e-01,3.605493307113647461e-01,4.047088325023651123e-01,4.436066746711730957e-01,3.576536774635314941e-01,2.738654911518096924e-01,1.760616302490234375e-01,2.962840497493743896e-01,2.183799892663955688e-01,1.281220763921737671e-01,-8.322837948799133301e-02,3.408570885658264160e-01,5.279468894004821777e-01,3.591028153896331787e-01,6.594721227884292603e-02,1.651040315628051758e-01,-5.876200739294290543e-03,2.815656661987304688e-01,1.051421761512756348e-01,2.232926487922668457e-01,1.775589436292648315e-01,2.333173155784606934e-01,-7.547767460346221924e-02,1.790606826543807983e-01,1.744765788316726685e-01,4.150522947311401367e-01,2.293917164206504822e-02,2.926452159881591797e-01,3.396391868591308594e-01,1.940947622060775757e-01
-3.872809931635856628e-02,1.346449553966522217e-01,1.911190152168273926e-01,3.110569119453430176e-01,9.849011152982711792e-02,3.229196667671203613e-01,4.727509915828704834e-01,8.055694401264190674e-02,5.166409611701965332e-01,1.000000119209289551e+00,2.305184900760650635e-01,4.887530505657196045e-01,5.903743505477905273e-01,-2.322547137737274170e-03,1.948736459016799927e-01,4.105013310909271240e-01,5.131999850273132324e-01,5.162543058395385742e-01,4.624525904655456543e-01,5.372290015220642090e-01,5.155702233314514160e-01,4.590742290019989014e-01,4.643594622611999512e-01,3.479630053043365479e-01,1.895462349057197571e-02,3.236511647701263428e-01,-2.671667933464050293e-02,1.170195862650871277e-01,-1.327100209891796112e-02,2.646753489971160889e-01,3.786459267139434814e-01,4.099469482898712158e-01,5.198790691792964935e-03,-1.013137847185134888e-01,-4.459095746278762817e-02,2.963860929012298584e-01,2.742817252874374390e-02,9.155731648206710815e-02,2.439482063055038452e-01,2.818961441516876221e-01,9.688614308834075928e-02,4.688288271427154541e-01,3.986871540546417236e-01,4.468975961208343506e-01,4.012761116027832031e-01,6.097409129142761230e-01,3.468889892101287842e-01,3.567323684692382812e-01
-2.243291884660720825e-01,-7.217492163181304932e-02,4.362363219261169434e-01,9.178268909454345703e-02,-1.927534192800521851e-01,-9.998505562543869019e-02,1.226495578885078430e-01,4.016270041465759277e-01,4.716944098472595215e-01,2.305184900760650635e-01,9.999998807907104492e-01,6.426737308502197266e-01,3.448918461799621582e-01,2.439092993736267090e-01,3.828222751617431641e-01,2.043096572160720825e-01,1.253114193677902222e-01,1.732315719127655029e-01,7.310180366039276123e-02,4.719025641679763794e-02,2.715141177177429199e-01,3.414163589477539062e-01,2.374801933765411377e-01,2.433386892080307007e-01,2.066995650529861450e-01,1.513848155736923218e-01,1.436862349510192871e-01,7.579453289508819580e-02,-6.153906509280204773e-02,5.514633655548095703e-01,5.592147707939147949e-01,3.195341229438781738e-01,-1.203327253460884094e-01,2.809427678585052490e-01,1.831945329904556274e-01,2.173281908035278320e-01,6.580280512571334839e-02,4.724561572074890137e-01,2.626472413539886475e-01,9.759540855884552002e-02,-2.372924536466598511e-01,-2.083161287009716034e-02,2.009453326463699341e-01,2.275478839874267578e-01,2.540140785276889801e-02,9.056024253368377686e-02,2.563865184783935547e-01,4.052321240305900574e-02
-5.232819542288780212e-02,-3.225457668304443359e-02,4.116264581680297852e-01,2.760391235351562500e-01,-1.275280583649873734e-02,1.396835148334503174e-01,2.451817989349365234e-01,3.480786085128784180e-01,5.927194952964782715e-01,4.887530505657196045e-01,6.426737308502197266e-01,9.999994039535522461e-01,5.169039368629455566e-01,2.182554304599761963e-01,4.429371356964111328e-01,3.083675503730773926e-01,2.189210802316665649e-01,2.752520740032196045e-01,1.332333385944366455e-01,1.545345038175582886e-01,4.573842883110046387e-01,4.322257041931152344e-01,3.612582683563232422e-01,2.667416036128997803e-01,2.809223346412181854e-02,1.999248713254928589e-01,3.082901611924171448e-02,1.244642958045005798e-01,-4.778582602739334106e-02,4.214647412300109863e-01,4.798417687416076660e-01,3.155738413333892822e-01,-3.940132260322570801e-02,4.483785480260848999e-02,7.040839642286300659e-02,1.894304007291793823e-01,8.953201770782470703e-02,2.242463678121566772e-01,2.647464275360107422e-01,1.490708291530609131e-01,-8.565118908882141113e-02,1.765158325433731079e-01,2.635398209095001221e-01,2.542100846767425537e-01,1.854532659053802490e-01,3.104630112648010254e-01,3.045490384101867676e-01,1.120607480406761169e-01
1.396787315607070923e-01,5.422140285372734070e-02,1.981001198291778564e-01,2.092731744050979614e-01,7.101177424192428589e-02,1.806956678628921509e-01,2.606085240840911865e-01,1.619113795459270477e-02,3.075090944766998291e-01,5.903743505477905273e-01,3.448918461799621582e-01,5.169039368629455566e-01,9.999998807907104492e-01,-1.538398414850234985e-01,5.850447341799736023e-02,5.538290739059448242e-01,3.476410210132598877e-01,3.342455029487609863e-01,2.892897129058837891e-01,4.423103332519531250e-01,5.141482353210449219e-01,5.525736212730407715e-01,6.824124455451965332e-01,5.300284028053283691e-01,2.208465188741683960e-01,2.496522217988967896e-01,-3.297859057784080505e-02,4.070419967174530029e-01,2.413696497678756714e-01,4.014927744865417480e-01,4.572452306747436523e-01,5.342602729797363281e-01,6.109455600380897522e-02,-1.056316941976547241e-01,1.213386133313179016e-01,3.899952471256256104e-01,-8.632193505764007568e-02,2.398084402084350586e-01,4.226560890674591064e-01,4.690203666687011719e-01,5.737333744764328003e-02,3.235542774200439453e-01,3.945232629776000977e-01,1.825764775276184082e-01,4.168313145637512207e-01,4.737716317176818848e-01,4.739676713943481445e-01,5.255755186080932617e-01
-1.698135584592819214e-02,-1.792426109313964844e-01,4.024499952793121338e-01,2.400113642215728760e-01,1.895357370376586914e-01,2.687860466539859772e-02,2.675754427909851074e-01,5.657802820205688477e-01,2.862174808979034424e-01,-2.322547137737274170e-03,2.439092993736267090e-01,2.182554304599761963e-01,-1.538398414850234985e-01,1.000000238418579102e+00,6.170530319213867188e-01,1.598984561860561371e-02,1.558539122343063354e-01,1.762457937002182007e-01,1.581802219152450562e-01,3.254147991538047791e-02,9.848412126302719116e-02,-1.053854543715715408e-02,-1.847735196352005005e-01,-1.247584372758865356e-01,-1.450699847191572189e-02,2.775863409042358398e-01,2.966587543487548828e-01,-7.699553668498992920e-02,-1.154629737138748169e-01,1.596848666667938232e-02,1.306693255901336670e-01,-9.057690948247909546e-02,-1.007304713129997253e-01,3.356286287307739258e-01,1.621928811073303223e-02,-9.929678402841091156e-03,4.658187925815582275e-01,3.177834451198577881e-01,-7.828535884618759155e-02,-1.912517249584197998e-01,-1.826457083225250244e-01,-2.745079249143600464e-02,8.965664356946945190e-02,-4.473948851227760315e-02,-1.406875550746917725e-01,2.947414293885231018e-02,6.767886877059936523e-02,-2.586963176727294922e-01
1.097490452229976654e-02,-2.074767202138900757e-01,5.312377810478210449e-01,4.394213855266571045e-01,1.392368376255035400e-01,1.019083932042121887e-01,4.441749751567840576e-01,4.700558483600616455e-01,4.093259274959564209e-01,1.948736459016799927e-01,3.828222751617431641e-01,4.429371356964111328e-01,5.850447341799736023e-02,6.170530319213867188e-01,1.000000357627868652e+00,2.861090004444122314e-01,2.942687869071960449e-01,3.734135329723358154e-01,2.289935201406478882e-01,1.767711639404296875e-01,3.678229749202728271e-01,3.446467220783233643e-01,1.244478225708007812e-01,7.621810585260391235e-02,-3.988309204578399658e-02,3.621009886264801025e-01,2.154082655906677246e-01,1.294919289648532867e-02,-5.529279261827468872e-02,1.969213187694549561e-01,3.518786728382110596e-01,1.388779282569885254e-01,-8.094567805528640747e-02,3.381631672382354736e-01,7.723340392112731934e-02,1.349146962165832520e-01,3.646120727062225342e-01,4.352563619613647461e-01,8.561851829290390015e-02,4.078295454382896423e-02,-1.849264651536941528e-01,-9.123846888542175293e-03,9.463769197463989258e-02,4.821541905403137207e-02,-9.048490226268768311e-02,1.844546943902969360e-01,1.921322196722030640e-01,-1.647137291729450226e-02
-5.717942863702774048e-02,6.878512352705001831e-02,2.296721041202545166e-01,3.288346827030181885e-01,4.647898301482200623e-02,1.314063370227813721e-01,4.502536058425903320e-01,-2.202036790549755096e-02,2.691476047039031982e-01,4.105013310909271240e-01,2.043096572160720825e-01,3.083675503730773926e-01,5.538290739059448242e-01,1.598984561860561371e-02,2.861090004444122314e-01,9.999998807907104492e-01,4.115320146083831787e-01,4.491371512413024902e-01,5.002786517143249512e-01,6.482144594192504883e-01,6.519989967346191406e-01,6.861530542373657227e-01,6.470496654510498047e-01,4.510779976844787598e-01,1.806927174329757690e-01,4.014798700809478760e-01,3.144599869847297668e-02,2.068087011575698853e-01,1.726754456758499146e-01,3.639537096023559570e-01,4.917451739311218262e-01,5.225957036018371582e-01,-4.612650349736213684e-02,9.828435629606246948e-02,1.404916942119598389e-01,4.917100071907043457e-01,1.065214052796363831e-01,4.354127645492553711e-01,5.151288509368896484e-01,4.964069128036499023e-01,-4.812172800302505493e-02,2.513781487941741943e-01,4.488509297370910645e-01,1.678185760974884033e-01,2.489568591117858887e-01,4.270097315311431885e-01,4.481132626533508301e-01,4.782381653785705566e-01
1.380884200334548950e-01,1.385077238082885742e-01,4.196265339851379395e-01,5.437749624252319336e-01,2.241474092006683350e-01,3.199681341648101807e-01,7.768918275833129883e-01,2.084345817565917969e-01,4.342905580997467041e-01,5.131999850273132324e-01,1.253114193677902222e-01,2.189210802316665649e-01,3.476410210132598877e-01,1.558539122343063354e-01,2.942687869071960449e-01,4.115320146083831787e-01,9.999997615814208984e-01,8.258174657821655273e-01,7.383937835693359375e-01,7.024392485618591309e-01,5.016782879829406738e-01,5.662001967430114746e-01,4.168708622455596924e-01,2.614592611789703369e-01,1.875695139169692993e-01,5.991125702857971191e-01,1.846846789121627808e-01,2.891766130924224854e-01,1.716395765542984009e-01,2.223612815141677856e-01,3.536975383758544922e-01,4.152745902538299561e-01,1.108038127422332764e-01,9.761025756597518921e-02,-5.325264856219291687e-02,3.043174743652343750e-01,7.226315140724182129e-02,2.756530046463012695e-01,1.624404340982437134e-01,2.955982983112335205e-01,2.860790491104125977e-02,3.795189857482910156e-01,4.036844670772552490e-01,3.714812994003295898e-01,2.998824417591094971e-01,4.921798408031463623e-01,3.064047694206237793e-01,4.002080857753753662e-01
1.127708777785301208e-01,6.177460029721260071e-02,4.580672681331634521e-01,6.050237417221069336e-01,2.560723125934600830e-01,3.503260314464569092e-01,7.817952036857604980e-01,2.853734791278839111e-01,5.292122960090637207e-01,5.162543058395385742e-01,1.732315719127655029e-01,2.752520740032196045e-01,3.342455029487609863e-01,1.762457937002182007e-01,3.734135329723358154e-01,4.491371512413024902e-01,8.258174657821655273e-01,1.000000000000000000e+00,7.276535034179687500e-01,6.986785531044006348e-01,5.442699193954467773e-01,6.452134847640991211e-01,5.042562484741210938e-01,3.514518439769744873e-01,1.328559517860412598e-01,5.685797929763793945e-01,1.546013951301574707e-01,2.308108955621719360e-01,1.217324957251548767e-01,2.301692217588424683e-01,4.895387291908264160e-01,4.776650071144104004e-01,9.122730046510696411e-02,8.307969570159912109e-02,-6.148892641067504883e-02,3.204066455364227295e-01,1.511078178882598877e-01,2.791284322738647461e-01,2.202557325363159180e-01,3.825955390930175781e-01,1.679273881018161774e-02,3.499547541141510010e-01,3.327474892139434814e-01,3.468910455703735352e-01,2.062985599040985107e-01,4.830392897129058838e-01,3.891541659832000732e-01,4.804405868053436279e-01
4.918175190687179565e-02,6.300065666437149048e-02,2.898792624473571777e-01,4.775241315364837646e-01,1.424800753593444824e-01,2.687079012393951416e-01,7.151893377304077148e-01,1.525421887636184692e-01,3.784379661083221436e-01,4.624525904655456543e-01,7.310180366039276123e-02,1.332333385944366455e-01,2.892897129058837891e-01,1.581802219152450562e-01,2.289935201406478882e-01,5.002786517143249512e-01,7.383937835693359375e-01,7.276535034179687500e-01,9.999995231628417969e-01,7.726458907127380371e-01,5.501990914344787598e-01,5.710250139236450195e-01,3.907980322837829590e-01,2.540665268898010254e-01,1.878693103790283203e-01,4.624574780464172363e-01,1.589229553937911987e-01,1.869000047445297241e-01,6.418318301439285278e-02,2.451532781124114990e-01,3.676809966564178467e-01,4.404998123645782471e-01,2.703149802982807159e-03,1.120303794741630554e-01,-8.824726194143295288e-02,2.755481898784637451e-01,6.115831434726715088e-02,2.909057438373565674e-01,1.535007804632186890e-01,2.566885352134704590e-01,1.049951883032917976e-03,3.263929486274719238e-01,4.616165459156036377e-01,3.000275194644927979e-01,1.656907200813293457e-01,4.600802659988403320e-01,2.909303009510040283e-01,3.269894421100616455e-01
7.591409236192703247e-02,2.011648416519165039e-01,2.912375926971435547e-01,4.984549880027770996e-01,1.996383816003799438e-01,3.471639752388000488e-01,6.819272041320800781e-01,2.999467961490154266e-02,3.605493307113647461e-01,5.372290015220642090e-01,4.719025641679763794e-02,1.545345038175582886e-01,4.423103332519531250e-01,3.254147991538047791e-02,1.767711639404296875e-01,6.482144594192504883e-01,7.024392485618591309e-01,6.986785531044006348e-01,7.726458907127380371e-01,1.000000119209289551e+00,7.014374136924743652e-01,6.679620742797851562e-01,5.129677057266235352e-01,3.596692383289337158e-01,2.284014523029327393e-01,4.784221947193145752e-01,1.701335608959197998e-01,2.621829509735107422e-01,1.409960985183715820e-01,2.453382015228271484e-01,4.060961306095123291e-01,5.095414519309997559e-01,7.596866786479949951e-02,2.469455450773239136e-02,-1.239323690533638000e-01,4.013006985187530518e-01,2.225513011217117310e-02,2.518350780010223389e-01,1.808237284421920776e-01,3.545204102993011475e-01,1.085321381688117981e-01,3.799633979797363281e-01,4.734962284564971924e-01,3.663310706615447998e-01,2.769217491149902344e-01,5.106853246688842773e-01,3.875898122787475586e-01,4.619928598403930664e-01
9.892745316028594971e-02,5.417496711015701294e-02,4.163799583911895752e-01,5.371558666229248047e-01,1.614968031644821167e-01,2.948096394538879395e-01,5.809565782546997070e-01,1.051940172910690308e-01,4.047088325023651123e-01,5.155702233314514160e-01,2.715141177177429199e-01,4.573842883110046387e-01,5.141482353210449219e-01,9.848412126302719116e-02,3.678229749202728271e-01,6.519989967346191406e-01,5.016782879829406738e-01,5.442699193954467773e-01,5.501990914344787598e-01,7.014374136924743652e-01,9.999997615814208984e-01,7.648873329162597656e-01,5.442216396331787109e-01,3.649230897426605225e-01,1.646273285150527954e-01,3.815371692180633545e-01,1.047090813517570496e-01,2.908145189285278320e-01,1.589725464582443237e-01,3.660398423671722412e-01,4.993059337139129639e-01,5.363141298294067383e-01,2.639533765614032745e-02,3.905696049332618713e-02,-7.722777128219604492e-02,3.598920702934265137e-01,6.788029521703720093e-02,2.508938908576965332e-01,2.406826913356781006e-01,3.692597746849060059e-01,3.179778903722763062e-02,2.477219849824905396e-01,3.890555799007415771e-01,2.261406928300857544e-01,2.142369598150253296e-01,4.243106245994567871e-01,4.155181944370269775e-01,4.065845310688018799e-01
4.812264442443847656e-02,9.094353765249252319e-02,3.754284381866455078e-01,4.775336384773254395e-01,6.328399479389190674e-02,1.876460015773773193e-01,5.659528970718383789e-01,1.010272428393363953e-01,4.436066746711730957e-01,4.590742290019989014e-01,3.414163589477539062e-01,4.322257041931152344e-01,5.525736212730407715e-01,-1.053854543715715408e-02,3.446467220783233643e-01,6.861530542373657227e-01,5.662001967430114746e-01,6.452134847640991211e-01,5.710250139236450195e-01,6.679620742797851562e-01,7.648873329162597656e-01,1.000000000000000000e+00,7.244408130645751953e-01,4.832801520824432373e-01,2.542256116867065430e-01,3.593442440032958984e-01,1.318576186895370483e-01,2.986604869365692139e-01,1.495253443717956543e-01,4.550280272960662842e-01,6.409461498260498047e-01,6.716501116752624512e-01,1.021824181079864502e-01,6.586368381977081299e-02,8.618230931460857391e-03,4.053277075290679932e-01,1.894888095557689667e-02,3.712339699268341064e-01,3.829596042633056641e-01,5.107643604278564453e-01,-1.381773129105567932e-02,1.795316636562347412e-01,3.298527002334594727e-01,2.418286949396133423e-01,2.105989456176757812e-01,3.857723474502563477e-01,4.663847684860229492e-01,6.086979508399963379e-01
1.249133329838514328e-02,1.135484222322702408e-02,1.469550281763076782e-01,2.801902592182159424e-01,4.057937487959861755e-02,1.274256855249404907e-01,3.565369248390197754e-01,-3.804625198245048523e-02,3.576536774635314941e-01,4.643594622611999512e-01,2.374801933765411377e-01,3.612582683563232422e-01,6.824124455451965332e-01,-1.847735196352005005e-01,1.244478225708007812e-01,6.470496654510498047e-01,4.168708622455596924e-01,5.042562484741210938e-01,3.907980322837829590e-01,5.129677057266235352e-01,5.442216396331787109e-01,7.244408130645751953e-01,1.000000000000000000e+00,6.829527020454406738e-01,2.438724189996719360e-01,2.865114808082580566e-01,-7.463152054697275162e-03,3.254670202732086182e-01,1.982444524765014648e-01,4.549463391304016113e-01,6.050871014595031738e-01,6.738253831863403320e-01,2.845571190118789673e-02,4.005733877420425415e-03,1.588587760925292969e-01,5.036407113075256348e-01,-1.085744425654411316e-02,3.042268157005310059e-01,5.882981419563293457e-01,7.316493988037109375e-01,1.175716798752546310e-02,2.416519522666931152e-01,3.053019940853118896e-01,1.509474813938140869e-01,2.959525883197784424e-01,3.923113644123077393e-01,5.693140029907226562e-01,7.747637033462524414e-01
-3.147335723042488098e-02,3.685894235968589783e-02,1.336237192153930664e-01,2.028496563434600830e-01,2.343931049108505249e-02,1.280679255723953247e-01,2.507029175758361816e-01,6.298147141933441162e-02,2.738654911518096924e-01,3.479630053043365479e-01,2.433386892080307007e-01,2.667416036128997803e-01,5.300284028053283691e-01,-1.247584372758865356e-01,7.621810585260391235e-02,4.510779976844787598e-01,2.614592611789703369e-01,3.514518439769744873e-01,2.540665268898010254e-01,3.596692383289337158e-01,3.649230897426605225e-01,4.832801520824432373e-01,6.829527020454406738e-01,1.000000357627868652e+00,2.138044685125350952e-01,2.958572804927825928e-01,-1.197019685059785843e-02,3.117606937885284424e-01,2.947462797164916992e-01,5.765603184700012207e-01,6.521258354187011719e-01,6.845151782035827637e-01,-2.475990727543830872e-02,2.081483453512191772e-01,3.901865184307098389e-01,6.550344228744506836e-01,-1.867632754147052765e-02,3.699248135089874268e-01,5.991591215133666992e-01,7.127161622047424316e-01,9.039682149887084961e-02,3.299769759178161621e-01,3.090911209583282471e-01,1.584720760583877563e-01,3.315065503120422363e-01,4.146572947502136230e-01,7.241575717926025391e-01,6.100500226020812988e-01
2.561034560203552246e-01,4.156057164072990417e-02,1.571549773216247559e-01,8.568400889635086060e-02,1.588829904794692993e-01,6.912482529878616333e-02,1.390874534845352173e-01,2.169049829244613647e-01,1.760616302490234375e-01,1.895462349057197571e-02,2.066995650529861450e-01,2.809223346412181854e-02,2.208465188741683960e-01,-1.450699847191572189e-02,-3.988309204578399658e-02,1.806927174329757690e-01,1.875695139169692993e-01,1.328559517860412598e-01,1.878693103790283203e-01,2.284014523029327393e-01,1.646273285150527954e-01,2.542256116867065430e-01,2.438724189996719360e-01,2.138044685125350952e-01,9.999997615814208984e-01,-8.940869942307472229e-03,5.582142472267150879e-01,5.410077571868896484e-01,2.587161064147949219e-01,1.883449852466583252e-01,1.472247838973999023e-01,2.476599365472793579e-01,2.053339928388595581e-01,1.423770934343338013e-01,2.234682627022266388e-02,1.370830982923507690e-01,-2.087916880846023560e-01,2.398191392421722412e-01,1.337341070175170898e-01,2.185488343238830566e-01,1.066231727600097656e-01,-1.032439898699522018e-02,6.965140812098979950e-03,6.483833421953022480e-04,4.247523099184036255e-02,-2.298268117010593414e-02,1.376919895410537720e-01,1.879419237375259399e-01
7.745754718780517578e-02,8.057052642107009888e-02,5.684356093406677246e-01,5.388459563255310059e-01,2.353825718164443970e-01,2.758746743202209473e-01,6.554508209228515625e-01,3.219302594661712646e-01,2.962840497493743896e-01,3.236511647701263428e-01,1.513848155736923218e-01,1.999248713254928589e-01,2.496522217988967896e-01,2.775863409042358398e-01,3.621009886264801025e-01,4.014798700809478760e-01,5.991125702857971191e-01,5.685797929763793945e-01,4.624574780464172363e-01,4.784221947193145752e-01,3.815371692180633545e-01,3.593442440032958984e-01,2.865114808082580566e-01,2.958572804927825928e-01,-8.940869942307472229e-03,1.000000119209289551e+00,8.840085566043853760e-02,2.534087002277374268e-01,3.359754383563995361e-01,3.479782640933990479e-01,3.963773846626281738e-01,3.162532746791839600e-01,-1.983246579766273499e-02,3.282406032085418701e-01,2.617135047912597656e-01,4.735763967037200928e-01,2.790294587612152100e-01,4.253068864345550537e-01,3.096724152565002441e-01,3.343364596366882324e-01,1.439278852194547653e-02,3.460895717144012451e-01,3.768127858638763428e-01,3.441705703735351562e-01,2.338145524263381958e-01,3.928470015525817871e-01,3.519456386566162109e-01,2.342293560504913330e-01
2.832050025463104248e-01,1.589781641960144043e-01,3.446366488933563232e-01,2.072434276342391968e-01,2.531203627586364746e-01,1.387382298707962036e-01,2.240809351205825806e-01,3.595804870128631592e-01,2.183799892663955688e-01,-2.671667933464050293e-02,1.436862349510192871e-01,3.082901611924171448e-02,-3.297859057784080505e-02,2.966587543487548828e-01,2.154082655906677246e-01,3.144599869847297668e-02,1.846846789121627808e-01,1.546013951301574707e-01,1.589229553937911987e-01,1.701335608959197998e-01,1.047090813517570496e-01,1.318576186895370483e-01,-7.463152054697275162e-03,-1.197019685059785843e-02,5.582142472267150879e-01,8.840085566043853760e-02,1.000000238418579102e+00,3.438948094844818115e-01,1.040431633591651917e-01,2.956532314419746399e-02,6.263312697410583496e-02,5.751613900065422058e-02,3.327646553516387939e-01,2.488571703433990479e-01,1.568038202822208405e-02,2.579927910119295120e-03,-6.595018785446882248e-04,2.342230379581451416e-01,-9.613132476806640625e-02,-4.198630526661872864e-02,7.595703750848770142e-02,-9.016431123018264771e-02,-1.576527208089828491e-01,7.866105437278747559e-02,-2.889446355402469635e-02,-7.378639280796051025e-02,-3.933257609605789185e-02,-2.826983109116554260e-02
6.965408325195312500e-01,9.165037423372268677e-02,4.129163324832916260e-01,4.557716250419616699e-01,4.022181928157806396e-01,3.206503093242645264e-01,2.552240788936614990e-01,2.330382913351058960e-01,1.281220763921737671e-01,1.170195862650871277e-01,7.579453289508819580e-02,1.244642958045005798e-01,4.070419967174530029e-01,-7.699553668498992920e-02,1.294919289648532867e-02,2.068087011575698853e-01,2.891766130924224854e-01,2.308108955621719360e-01,1.869000047445297241e-01,2.621829509735107422e-01,2.908145189285278320e-01,2.986604869365692139e-01,3.254670202732086182e-01,3.117606937885284424e-01,5.410077571868896484e-01,2.534087002277374268e-01,3.438948094844818115e-01,1.000000119209289551e+00,7.286525368690490723e-01,2.562627196311950684e-01,2.461336106061935425e-01,3.772705495357513428e-01,3.165832757949829102e-01,2.100488357245922089e-02,1.677688658237457275e-01,2.712105810642242432e-01,-1.307246237993240356e-01,1.677842289209365845e-01,1.405038684606552124e-01,3.155280053615570068e-01,3.373059928417205811e-01,1.559593975543975830e-01,2.247496135532855988e-02,-1.592659391462802887e-02,2.690347135066986084e-01,1.864594072103500366e-01,2.807862162590026855e-01,2.729053199291229248e-01
5.729175209999084473e-01,1.577730029821395874e-01,3.375402987003326416e-01,3.794409930706024170e-01,3.838597238063812256e-01,3.249370157718658447e-01,1.853631287813186646e-01,1.505902558565139771e-01,-8.322837948799133301e-02,-1.327100209891796112e-02,-6.153906509280204773e-02,-4.778582602739334106e-02,2.413696497678756714e-01,-1.154629737138748169e-01,-5.529279261827468872e-02,1.726754456758499146e-01,1.716395765542984009e-01,1.217324957251548767e-01,6.418318301439285278e-02,1.409960985183715820e-01,1.589725464582443237e-01,1.495253443717956543e-01,1.982444524765014648e-01,2.947462797164916992e-01,2.587161064147949219e-01,3.359754383563995361e-01,1.040431633591651917e-01,7.286525368690490723e-01,1.000000238418579102e+00,2.507998347282409668e-01,1.933339238166809082e-01,3.048857152462005615e-01,1.506061255931854248e-01,8.264992386102676392e-02,3.605591952800750732e-01,3.259801864624023438e-01,7.838869839906692505e-02,1.737808138132095337e-01,2.125663459300994873e-01,3.238160312175750732e-01,4.165081083774566650e-01,2.910825014114379883e-01,3.051382489502429962e-02,-3.000463172793388367e-02,3.611411154270172119e-01,2.349445372819900513e-01,2.916812896728515625e-01,1.838388293981552124e-01
-2.068837881088256836e-01,5.011189728975296021e-02,2.993381321430206299e-01,1.562353372573852539e-01,-2.677727937698364258e-01,-8.372800797224044800e-02,1.891701221466064453e-01,1.661215722560882568e-01,3.408570885658264160e-01,2.646753489971160889e-01,5.514633655548095703e-01,4.214647412300109863e-01,4.014927744865417480e-01,1.596848666667938232e-02,1.969213187694549561e-01,3.639537096023559570e-01,2.223612815141677856e-01,2.301692217588424683e-01,2.451532781124114990e-01,2.453382015228271484e-01,3.660398423671722412e-01,4.550280272960662842e-01,4.549463391304016113e-01,5.765603184700012207e-01,1.883449852466583252e-01,3.479782640933990479e-01,2.956532314419746399e-02,2.562627196311950684e-01,2.507998347282409668e-01,1.000000476837158203e+00,7.199667692184448242e-01,6.193962097167968750e-01,-1.310738772153854370e-01,4.379338622093200684e-01,4.719724357128143311e-01,5.310067534446716309e-01,-1.540427841246128082e-02,5.245783329010009766e-01,4.874533116817474365e-01,4.265898168087005615e-01,-1.354918777942657471e-01,1.692967861890792847e-01,4.222719669342041016e-01,3.043550550937652588e-01,2.231437414884567261e-01,3.063657581806182861e-01,5.455222725868225098e-01,2.924000620841979980e-01
-1.178816556930541992e-01,1.779779978096485138e-02,4.109976887702941895e-01,3.656923472881317139e-01,-9.209588915109634399e-02,4.942574724555015564e-02,3.603652417659759521e-01,3.062825798988342285e-01,5.279468894004821777e-01,3.786459267139434814e-01,5.592147707939147949e-01,4.798417687416076660e-01,4.572452306747436523e-01,1.306693255901336670e-01,3.518786728382110596e-01,4.917451739311218262e-01,3.536975383758544922e-01,4.895387291908264160e-01,3.676809966564178467e-01,4.060961306095123291e-01,4.993059337139129639e-01,6.409461498260498047e-01,6.050871014595031738e-01,6.521258354187011719e-01,1.472247838973999023e-01,3.963773846626281738e-01,6.263312697410583496e-02,2.461336106061935425e-01,1.933339238166809082e-01,7.199667692184448242e-01,1.000000119209289551e+00,7.142134308815002441e-01,-8.548137545585632324e-02,3.124023675918579102e-01,3.176984786987304688e-01,5.954635143280029297e-01,1.538240909576416016e-01,5.438098311424255371e-01,4.894980192184448242e-01,5.355376601219177246e-01,-6.816107779741287231e-02,2.189253568649291992e-01,3.838482797145843506e-01,3.028827607631683350e-01,1.826750189065933228e-01,3.846652507781982422e-01,6.508334875106811523e-01,4.575215280055999756e-01
4.542691260576248169e-02,8.772125095129013062e-02,2.037995010614395142e-01,3.031291365623474121e-01,5.306742154061794281e-03,1.408699303865432739e-01,3.437643945217132568e-01,9.442369639873504639e-02,3.591028153896331787e-01,4.099469482898712158e-01,3.195341229438781738e-01,3.155738413333892822e-01,5.342602729797363281e-01,-9.057690948247909546e-02,1.388779282569885254e-01,5.225957036018371582e-01,4.152745902538299561e-01,4.776650071144104004e-01,4.404998123645782471e-01,5.095414519309997559e-01,5.363141298294067383e-01,6.716501116752624512e-01,6.738253831863403320e-01,6.845151782035827637e-01,2.476599365472793579e-01,3.162532746791839600e-01,5.751613900065422058e-02,3.772705495357513428e-01,3.048857152462005615e-01,6.193962097167968750e-01,7.142134308815002441e-01,1.000000357627868652e+00,6.867522001266479492e-02,1.597189158201217651e-01,2.243294417858123779e-01,5.961182117462158203e-01,-4.913389682769775391e-02,3.528859317302703857e-01,4.986017644405364990e-01,6.294450759887695312e-01,3.592344699427485466e-03,1.862666904926300049e-01,3.695689141750335693e-01,2.823272049427032471e-01,2.162219583988189697e-01,3.849315047264099121e-01,6.532989740371704102e-01,6.374162435531616211e-01
4.186461567878723145e-01,5.122847557067871094e-01,1.426405757665634155e-01,1.961119174957275391e-01,2.414933294057846069e-01,1.555372923612594604e-01,6.767270714044570923e-02,1.301913112401962280e-01,6.594721227884292603e-02,5.198790691792964935e-03,-1.203327253460884094e-01,-3.940132260322570801e-02,6.109455600380897522e-02,-1.007304713129997253e-01,-8.094567805528640747e-02,-4.612650349736213684e-02,1.108038127422332764e-01,9.122730046510696411e-02,2.703149802982807159e-03,7.596866786479949951e-02,2.639533765614032745e-02,1.021824181079864502e-01,2.845571190118789673e-02,-2.475990727543830872e-02,2.053339928388595581e-01,-1.983246579766273499e-02,3.327646553516387939e-01,3.165832757949829102e-01,1.506061255931854248e-01,-1.310738772153854370e-01,-8.548137545585632324e-02,6.867522001266479492e-02,9.999996423721313477e-01,-1.573462598025798798e-02,-7.924550212919712067e-03,-7.327836006879806519e-02,-3.011113107204437256e-01,-1.271816492080688477e-01,-8.766042441129684448e-02,2.833552844822406769e-02,7.708890736103057861e-02,-1.580078005790710449e-01,-2.977703809738159180e-01,2.356705814599990845e-01,6.558262556791305542e-02,-1.383523344993591309e-01,-8.030016720294952393e-02,1.543142050504684448e-01
