1.000000000000000000e+00,-4.845263063907623291e-02,3.252151608467102051e-01,3.829894959926605225e-01,1.759769171476364136e-01,5.767412949353456497e-03,3.947358578443527222e-02,2.669686079025268555e-01,2.127673663198947906e-02,1.369130760431289673e-01,2.882825732231140137e-01,3.037652671337127686e-01,2.123396694660186768e-01,3.757497370243072510e-01,3.279359340667724609e-01,1.510042697191238403e-01,1.250633131712675095e-02,3.129596821963787079e-03,-4.709110409021377563e-02,1.260741055011749268e-01,3.033657670021057129e-01,1.918267160654067993e-01,2.030578255653381348e-02,5.077752470970153809e-02,4.511460959911346436e-01,1.621928960084915161e-01,3.167897164821624756e-01,4.094855189323425293e-01,1.113031357526779175e-01,5.874641984701156616e-02,9.027226828038692474e-03,1.380132436752319336e-01,5.214916467666625977e-01,2.287179529666900635e-01,2.208489924669265747e-01,8.153866976499557495e-02,3.056315183639526367e-01,1.105941236019134521e-01,-8.304795622825622559e-02,-1.373069882392883301e-01,-6.886207312345504761e-02,-9.713149815797805786e-02,-4.050337895750999451e-02,1.632753461599349976e-01,-8.220045268535614014e-02,1.512004993855953217e-02,6.224003061652183533e-02,1.242518797516822815e-01
-4.845263063907623291e-02,9.999999403953552246e-01,-1.668591797351837158e-01,5.814295634627342224e-02,4.767150580883026123e-01,4.527839124202728271e-01,2.205002903938293457e-01,9.570177644491195679e-02,2.971488237380981445e-01,3.959532380104064941e-01,1.334324181079864502e-01,3.953196108341217041e-02,2.162270396947860718e-01,7.473638653755187988e-02,6.021993979811668396e-02,1.837233453989028931e-01,9.050743281841278076e-02,5.308295041322708130e-02,9.488614648580551147e-02,2.757267355918884277e-01,2.200426608324050903e-01,6.381152570247650146e-02,1.753129214048385620e-01,2.628014683723449707e-01,-4.585104435682296753e-02,2.405563294887542725e-01,-3.406817317008972168e-01,3.031006753444671631e-01,4.161491692066192627e-01,3.577528893947601318e-02,3.006781637668609619e-01,3.338721096515655518e-01,4.878377169370651245e-02,9.109804034233093262e-02,6.580101698637008667e-02,6.599197536706924438e-02,4.437001422047615051e-02,7.382401823997497559e-02,1.602284610271453857e-01,3.004586398601531982e-01,5.638918280601501465e-01,5.488131046295166016e-01,2.715666294097900391e-01,5.284204483032226562e-01,6.072584390640258789e-01,2.229738980531692505e-01,1.576493531465530396e-01,1.765964776277542114e-01
3.252151608467102051e-01,-1.668591797351837158e-01,1.000000238418579102e+00,4.618761539459228516e-01,-1.091305762529373169e-01,-2.349942550063133240e-02,-5.631250329315662384e-03,-7.484710216522216797e-02,-1.679465621709823608e-01,-2.057642638683319092e-01,9.108226001262664795e-02,1.825841665267944336e-01,3.145128255710005760e-03,-5.686504393815994263e-02,1.677536964416503906e-01,8.582537621259689331e-02,-8.914002217352390289e-03,1.787331886589527130e-02,-8.261460065841674805e-02,-1.301008760929107666e-01,1.144323796033859253e-01,2.278924584388732910e-01,2.719200775027275085e-02,-1.572405099868774414e-01,2.763104736804962158e-01,1.373673677444458008e-01,1.434339880943298340e-01,4.050732254981994629e-01,2.250593006610870361e-01,2.277831137180328369e-01,4.931017011404037476e-02,4.862164705991744995e-02,2.522625960409641266e-02,-2.750059589743614197e-03,4.724552482366561890e-02,-2.401415817439556122e-02,-6.788950413465499878e-02,2.549757435917854309e-02,-7.900817692279815674e-02,-8.510067313909530640e-02,7.674805354326963425e-03,-6.226237490773200989e-02,-9.821290522813796997e-02,-1.203285306692123413e-01,-1.301574110984802246e-01,-1.389998048543930054e-01,-1.028890311717987061e-01,5.651754140853881836e-02
3.829894959926605225e-01,5.814295634627342224e-02,4.618761539459228516e-01,1.000000000000000000e+00,2.533311843872070312e-01,2.234475612640380859e-01,2.508344948291778564e-01,-1.345723122358322144e-01,-1.832636594772338867e-01,-9.007723070681095123e-03,9.818858653306961060e-02,1.542143076658248901e-01,3.043914735317230225e-01,-3.786604106426239014e-02,1.249065846204757690e-01,3.006103336811065674e-01,7.144007086753845215e-02,1.667284071445465088e-01,1.317279636859893799e-01,3.204600512981414795e-01,4.879405200481414795e-01,3.600687384605407715e-01,2.062086611986160278e-01,1.025534495711326599e-01,-7.233024388551712036e-02,3.530983924865722656e-01,-9.078021347522735596e-02,3.459181785583496094e-01,4.046103060245513916e-01,3.497431874275207520e-01,2.769721448421478271e-01,2.825493514537811279e-01,2.890439145267009735e-02,6.029684562236070633e-03,4.808543995022773743e-02,1.008085310459136963e-01,3.149162232875823975e-02,1.062316447496414185e-01,1.238684654235839844e-01,1.005376353859901428e-01,2.001968324184417725e-01,2.418277710676193237e-01,2.320211678743362427e-01,-4.187138378620147705e-02,4.158920049667358398e-02,7.721108198165893555e-02,3.971442207694053650e-02,1.309370845556259155e-01
1.759769171476364136e-01,4.767150580883026123e-01,-1.091305762529373169e-01,2.533311843872070312e-01,1.000000119209289551e+00,7.223515510559082031e-01,3.052319884300231934e-01,4.360816255211830139e-02,9.281968325376510620e-02,3.214888572692871094e-01,1.002572849392890930e-01,8.799753338098526001e-02,3.655893504619598389e-01,-6.119668856263160706e-02,1.257771402597427368e-01,3.671852648258209229e-01,1.414449214935302734e-01,1.322936415672302246e-01,3.069575428962707520e-01,4.502780139446258545e-01,2.139263302087783813e-01,7.541411370038986206e-02,1.921159774065017700e-01,2.729464322328567505e-02,-4.589679837226867676e-02,1.691552847623825073e-01,-3.193000257015228271e-01,1.627708822488784790e-01,2.490237951278686523e-01,-2.384829334914684296e-02,1.485447287559509277e-01,1.533899009227752686e-01,4.838591441512107849e-02,9.963420219719409943e-03,-9.864331036806106567e-02,-1.067513674497604370e-01,-4.582656081765890121e-03,-2.358647622168064117e-02,1.397370100021362305e-01,1.714083701372146606e-01,5.438612699508666992e-01,4.362717270851135254e-01,3.071343302726745605e-01,1.082844808697700500e-01,3.046510219573974609e-01,2.216983288526535034e-01,5.221531540155410767e-02,9.792353957891464233e-03
5.767412949353456497e-03,4.527839124202728271e-01,-2.349942550063133240e-02,2.234475612640380859e-01,7.223515510559082031e-01,9.999998211860656738e-01,4.593681097030639648e-01,-1.704629138112068176e-02,1.556066423654556274e-01,3.070763349533081055e-01,2.198261767625808716e-01,1.710777133703231812e-01,4.140757918357849121e-01,-1.438368707895278931e-01,3.039759024977684021e-02,4.025697410106658936e-01,3.256753385066986084e-01,2.568529546260833740e-01,3.978193104267120361e-01,2.958737313747406006e-01,2.278051823377609253e-01,2.060376107692718506e-01,3.046975135803222656e-01,9.760792553424835205e-02,-3.464502282440662384e-03,2.648734152317047119e-01,-3.350940346717834473e-01,2.615045011043548584e-01,4.095554351806640625e-01,2.034888416528701782e-01,3.040492534637451172e-01,2.071480602025985718e-01,-8.724196255207061768e-02,-7.338835299015045166e-02,-1.237546354532241821e-01,1.527731679379940033e-02,-1.550077944993972778e-01,-2.599983103573322296e-02,1.634006351232528687e-01,3.198094666004180908e-01,6.199261546134948730e-01,5.947750210762023926e-01,3.700080215930938721e-01,4.888082854449748993e-03,3.463623523712158203e-01,2.539434731006622314e-01,1.608400344848632812e-01,-1.187045499682426453e-02
3.947358578443527222e-02,2.205002903938293457e-01,-5.631250329315662384e-03,2.508344948291778564e-01,3.052319884300231934e-01,4.593681097030639648e-01,9.999997019767761230e-01,1.981906592845916748e-01,4.190916717052459717e-01,4.907617568969726562e-01,1.046378389000892639e-01,1.416000723838806152e-01,5.265645980834960938e-01,8.937513083219528198e-02,-1.957807689905166626e-02,2.493375241756439209e-01,8.273042440414428711e-01,8.323016166687011719e-01,7.901307344436645508e-01,4.471519589424133301e-01,2.237453162670135498e-01,4.423278272151947021e-01,6.501582264900207520e-01,4.951769113540649414e-01,8.770680427551269531e-02,6.262651085853576660e-01,2.064949572086334229e-01,5.667279660701751709e-02,1.589277684688568115e-01,3.618790209293365479e-01,5.181139707565307617e-01,2.651980817317962646e-01,1.702880263328552246e-01,9.188646078109741211e-02,2.052174359560012817e-01,3.878427743911743164e-01,8.755736798048019409e-02,1.692483872175216675e-01,4.182208478450775146e-01,3.934943079948425293e-01,1.325959265232086182e-01,4.061159491539001465e-01,6.538797616958618164e-01,2.927514016628265381e-01,5.198203921318054199e-01,7.359186410903930664e-01,4.266579747200012207e-01,3.133072555065155029e-01
2.669686079025268555e-01,9.570177644491195679e-02,-7.484710216522216797e-02,-1.345723122358322144e-01,4.360816255211830139e-02,-1.704629138112068176e-02,1.981906592845916748e-01,9.999998211860656738e-01,4.679837822914123535e-01,3.711400032043457031e-01,3.911025524139404297e-01,2.293907254934310913e-01,2.374567687511444092e-01,7.038372159004211426e-01,5.100606679916381836e-01,1.730097681283950806e-01,1.225155219435691833e-01,1.833679229021072388e-01,1.553441137075424194e-01,1.586961150169372559e-01,6.018635630607604980e-02,1.832587867975234985e-01,2.722431123256683350e-01,3.566892445087432861e-01,2.982910275459289551e-01,3.249710500240325928e-01,2.171436101198196411e-01,1.318943351507186890e-01,4.542003199458122253e-02,1.657297313213348389e-01,2.686928510665893555e-01,2.574607729911804199e-01,4.217070341110229492e-01,6.298269629478454590e-01,2.309302985668182373e-01,3.767967522144317627e-01,4.823651611804962158e-01,4.159128069877624512e-01,1.328191757202148438e-01,9.728617966175079346e-02,-8.520545437932014465e-03,5.872215330600738525e-02,9.172605723142623901e-02,3.424298763275146484e-01,2.884190976619720459e-01,3.911150693893432617e-01,3.117995858192443848e-01,3.357096314430236816e-01
2.127673663198947906e-02,2.971488237380981445e-01,-1.679465621709823608e-01,-1.832636594772338867e-01,9.281968325376510620e-02,1.556066423654556274e-01,4.190916717052459717e-01,4.679837822914123535e-01,9.999999403953552246e-01,7.237836718559265137e-01,3.011663854122161865e-01,4.223820865154266357e-01,5.040317773818969727e-01,2.492009252309799194e-01,1.281609088182449341e-01,2.359414696693420410e-01,3.283581435680389404e-01,3.586743474006652832e-01,3.669032752513885498e-01,3.425917029380798340e-01,1.800223141908645630e-01,1.986061185598373413e-01,4.483127892017364502e-01,4.517325758934020996e-01,1.053705662488937378e-01,4.660811126232147217e-01,1.711667627096176147e-01,9.725301712751388550e-02,1.310768276453018188e-01,1.688201278448104858e-01,3.841258883476257324e-01,4.156062006950378418e-01,3.766268789768218994e-01,1.809993833303451538e-01,3.973920643329620361e-01,5.172854661941528320e-01,1.143483892083168030e-01,1.207154467701911926e-01,2.573076784610748291e-01,2.663259208202362061e-01,1.413253396749496460e-01,3.423801064491271973e-01,3.419255316257476807e-01,5.648968815803527832e-01,4.275554716587066650e-01,5.729128718376159668e-01,3.376047015190124512e-01,4.612975418567657471e-01
1.369130760431289673e-01,3.959532380104064941e-01,-2.057642638683319092e-01,-9.007723070681095123e-03,3.214888572692871094e-01,3.070763349533081055e-01,4.907617568969726562e-01,3.711400032043457031e-01,7.237836718559265137e-01,9.999994635581970215e-01,3.067198991775512695e-01,4.353645443916320801e-01,5.505428314208984375e-01,2.480318099260330200e-01,1.284700185060501099e-01,2.972393631935119629e-01,4.124533534049987793e-01,3.948672413825988770e-01,4.499070048332214355e-01,4.857092797756195068e-01,2.817656397819519043e-01,2.513270974159240723e-01,4.785516262054443359e-01,5.081658959388732910e-01,1.630415916442871094e-01,3.968667089939117432e-01,1.286574453115463257e-01,1.081476882100105286e-01,1.116328015923500061e-01,2.175259888172149658e-01,4.203057587146759033e-01,4.400577545166015625e-01,3.898269236087799072e-01,1.307169944047927856e-01,2.982971668243408203e-01,3.914224505424499512e-01,2.045272290706634521e-01,1.305785775184631348e-01,2.881230711936950684e-01,2.574183344841003418e-01,2.329725474119186401e-01,3.433403074741363525e-01,4.126216173171997070e-01,4.530566632747650146e-01,5.161231160163879395e-01,6.363664269447326660e-01,4.248529076576232910e-01,3.964578211307525635e-01
2.882825732231140137e-01,1.334324181079864502e-01,9.108226001262664795e-02,9.818858653306961060e-02,1.002572849392890930e-01,2.198261767625808716e-01,1.046378389000892639e-01,3.911025524139404297e-01,3.011663854122161865e-01,3.067198991775512695e-01,1.000000119209289551e+00,4.948253631591796875e-01,3.639684915542602539e-01,3.427677154541015625e-01,3.611265718936920166e-01,2.769945263862609863e-01,4.430223256349563599e-02,6.701283156871795654e-02,8.627157658338546753e-02,1.014932021498680115e-01,2.784349322319030762e-01,2.943533062934875488e-01,3.048886656761169434e-01,2.571699917316436768e-01,2.835422158241271973e-01,2.406035512685775757e-01,4.350879415869712830e-02,3.729568719863891602e-01,2.798388302326202393e-01,2.578251659870147705e-01,3.381988108158111572e-01,3.401858508586883545e-01,3.905847072601318359e-01,2.782352864742279053e-01,2.248465120792388916e-01,3.241116702556610107e-01,1.178760007023811340e-01,2.278344631195068359e-01,1.164238154888153076e-01,1.723929345607757568e-01,1.636212617158889771e-01,2.558379173278808594e-01,1.630415022373199463e-01,1.192640960216522217e-01,1.271434426307678223e-01,1.817398965358734131e-01,2.994156181812286377e-01,2.419504523277282715e-01
3.037652671337127686e-01,3.953196108341217041e-02,1.825841665267944336e-01,1.542143076658248901e-01,8.799753338098526001e-02,1.710777133703231812e-01,1.416000723838806152e-01,2.293907254934310913e-01,4.223820865154266357e-01,4.353645443916320801e-01,4.948253631591796875e-01,1.000000119209289551e+00,5.677511096000671387e-01,1.151529252529144287e-01,2.324438244104385376e-01,4.106043875217437744e-01,1.063858419656753540e-01,1.275500655174255371e-01,1.680717468261718750e-01,1.886076629161834717e-01,4.163794219493865967e-01,3.837660551071166992e-01,3.544254899024963379e-01,2.771542370319366455e-01,3.070993721485137939e-01,2.878122329711914062e-01,2.506251037120819092e-01,3.964102268218994141e-01,3.033814430236816406e-01,3.743901550769805908e-01,4.096638560295104980e-01,4.106400012969970703e-01,4.236474633216857910e-01,8.195314556360244751e-02,3.853905498981475830e-01,4.323929548263549805e-01,3.839418292045593262e-02,7.147070765495300293e-02,1.921842098236083984e-01,2.599394023418426514e-01,2.138346880674362183e-01,2.677250802516937256e-01,2.254533618688583374e-01,1.932428777217864990e-01,6.054762378334999084e-02,2.375255525112152100e-01,2.986424863338470459e-01,2.104636579751968384e-01
2.123396694660186768e-01,2.162270396947860718e-01,3.145128255710005760e-03,3.043914735317230225e-01,3.655893504619598389e-01,4.140757918357849121e-01,5.265645980834960938e-01,2.374567687511444092e-01,5.040317773818969727e-01,5.505428314208984375e-01,3.639684915542602539e-01,5.677511096000671387e-01,9.999998211860656738e-01,1.502636969089508057e-01,2.035745233297348022e-01,6.784453988075256348e-01,3.309772312641143799e-01,4.876868128776550293e-01,4.871295690536499023e-01,6.000482439994812012e-01,6.216903328895568848e-01,6.148748993873596191e-01,7.088091969490051270e-01,4.456204771995544434e-01,-7.443362474441528320e-02,6.227961182594299316e-01,7.397262752056121826e-02,2.504976987838745117e-01,3.722562789916992188e-01,3.745277523994445801e-01,5.780827999114990234e-01,5.139954686164855957e-01,3.015182018280029297e-01,1.388569474220275879e-01,3.549086153507232666e-01,5.060986280441284180e-01,8.798505365848541260e-02,2.338112443685531616e-01,4.240409135818481445e-01,3.618675470352172852e-01,3.165448904037475586e-01,5.281472206115722656e-01,5.984148383140563965e-01,3.265556991100311279e-01,3.779677748680114746e-01,5.930963754653930664e-01,3.691056966781616211e-01,4.821274280548095703e-01
3.757497370243072510e-01,7.473638653755187988e-02,-5.686504393815994263e-02,-3.786604106426239014e-02,-6.119668856263160706e-02,-1.438368707895278931e-01,8.937513083219528198e-02,7.038372159004211426e-01,2.492009252309799194e-01,2.480318099260330200e-01,3.427677154541015625e-01,1.151529252529144287e-01,1.502636969089508057e-01,1.000000357627868652e+00,5.141031742095947266e-01,4.240017011761665344e-02,5.408827960491180420e-02,9.905217587947845459e-02,2.744182758033275604e-02,1.037656515836715698e-01,1.352225095033645630e-01,2.103358507156372070e-01,1.688243150711059570e-01,3.607997000217437744e-01,2.403803616762161255e-01,3.022624850273132324e-01,2.048223614692687988e-01,1.408854573965072632e-01,4.138943552970886230e-02,1.471845358610153198e-01,2.172346413135528564e-01,2.456065118312835693e-01,4.221849441528320312e-01,5.762662887573242188e-01,1.756747663021087646e-01,2.502011656761169434e-01,6.303471326828002930e-01,4.765165448188781738e-01,4.765687510371208191e-02,-1.596365496516227722e-02,-5.787325650453567505e-02,-5.676434375345706940e-03,7.012537121772766113e-02,2.125979214906692505e-01,2.327327877283096313e-01,2.535063028335571289e-01,2.738540768623352051e-01,3.301216363906860352e-01
3.279359340667724609e-01,6.021993979811668396e-02,1.677536964416503906e-01,1.249065846204757690e-01,1.257771402597427368e-01,3.039759024977684021e-02,-1.957807689905166626e-02,5.100606679916381836e-01,1.281609088182449341e-01,1.284700185060501099e-01,3.611265718936920166e-01,2.324438244104385376e-01,2.035745233297348022e-01,5.141031742095947266e-01,1.000000000000000000e+00,2.996294498443603516e-01,-1.147043183445930481e-01,-8.054203540086746216e-02,-6.872817873954772949e-02,9.317338466644287109e-02,1.781286895275115967e-01,1.059257164597511292e-01,1.100670248270034790e-01,1.360113769769668579e-01,1.656299233436584473e-01,2.425986081361770630e-01,-3.498598933219909668e-02,2.890481650829315186e-01,2.512672841548919678e-01,2.129407376050949097e-01,1.464999765157699585e-01,2.140167802572250366e-01,2.742793560028076172e-01,5.798540711402893066e-01,8.845063298940658569e-02,1.386452913284301758e-01,3.944413661956787109e-01,4.953170120716094971e-01,6.205967627465724945e-03,-2.915916778147220612e-02,2.043995261192321777e-01,1.432609260082244873e-01,6.580505520105361938e-02,2.475321665406227112e-02,1.291501820087432861e-01,1.098593249917030334e-01,7.102777808904647827e-02,1.817121803760528564e-01
1.510042697191238403e-01,1.837233453989028931e-01,8.582537621259689331e-02,3.006103336811065674e-01,3.671852648258209229e-01,4.025697410106658936e-01,2.493375241756439209e-01,1.730097681283950806e-01,2.359414696693420410e-01,2.972393631935119629e-01,2.769945263862609863e-01,4.106043875217437744e-01,6.784453988075256348e-01,4.240017011761665344e-02,2.996294498443603516e-01,9.999998211860656738e-01,4.061213508248329163e-02,1.720937639474868774e-01,2.178706526756286621e-01,4.122906923294067383e-01,5.051548480987548828e-01,4.635232985019683838e-01,5.022734403610229492e-01,2.775224149227142334e-01,-1.878101974725723267e-01,4.250281453132629395e-01,-6.221621111035346985e-02,2.497327029705047607e-01,3.924484550952911377e-01,2.678607404232025146e-01,3.921699821949005127e-01,3.907192051410675049e-01,1.963434368371963501e-01,1.139447912573814392e-01,2.591563463211059570e-01,3.832534551620483398e-01,-7.740079425275325775e-03,1.866095662117004395e-01,3.909835815429687500e-01,3.179540932178497314e-01,3.123915493488311768e-01,4.359230399131774902e-01,3.479050397872924805e-01,1.273036748170852661e-01,2.746495306491851807e-01,3.265282511711120605e-01,2.190406620502471924e-01,3.532948791980743408e-01
1.250633131712675095e-02,9.050743281841278076e-02,-8.914002217352390289e-03,7.144007086753845215e-02,1.414449214935302734e-01,3.256753385066986084e-01,8.273042440414428711e-01,1.225155219435691833e-01,3.283581435680389404e-01,4.124533534049987793e-01,4.430223256349563599e-02,1.063858419656753540e-01,3.309772312641143799e-01,5.408827960491180420e-02,-1.147043183445930481e-01,4.061213508248329163e-02,1.000000000000000000e+00,8.149809241294860840e-01,7.987240552902221680e-01,2.330291271209716797e-01,2.002906054258346558e-02,3.155009746551513672e-01,5.074878931045532227e-01,4.180030822753906250e-01,2.289382517337799072e-01,3.822534382343292236e-01,2.989034950733184814e-01,-5.187589302659034729e-02,-4.804180935025215149e-02,3.113482892513275146e-01,3.702433109283447266e-01,7.448060810565948486e-02,1.252630650997161865e-01,4.922148212790489197e-02,1.207843497395515442e-01,2.441017180681228638e-01,4.321056604385375977e-02,1.025122106075286865e-01,2.836315035820007324e-01,2.980417311191558838e-01,-1.993536204099655151e-02,2.180060893297195435e-01,5.071072578430175781e-01,1.754206568002700806e-01,4.591352939605712891e-01,6.559568047523498535e-01,4.060993492603302002e-01,8.000686764717102051e-02
3.129596821963787079e-03,5.308295041322708130e-02,1.787331886589527130e-02,1.667284071445465088e-01,1.322936415672302246e-01,2.568529546260833740e-01,8.323016166687011719e-01,1.833679229021072388e-01,3.586743474006652832e-01,3.948672413825988770e-01,6.701283156871795654e-02,1.275500655174255371e-01,4.876868128776550293e-01,9.905217587947845459e-02,-8.054203540086746216e-02,1.720937639474868774e-01,8.149809241294860840e-01,1.000000000000000000e+00,8.083138465881347656e-01,3.920960724353790283e-01,1.860414445400238037e-01,4.904717803001403809e-01,6.899365186691284180e-01,4.411398172378540039e-01,6.061661988496780396e-02,5.642461776733398438e-01,3.204779028892517090e-01,-6.306901574134826660e-02,1.424691174179315567e-02,3.408317267894744873e-01,5.074029564857482910e-01,1.995712220668792725e-01,1.403619796037673950e-01,1.115270033478736877e-01,1.920464038848876953e-01,3.638119399547576904e-01,1.115914210677146912e-01,1.906236857175827026e-01,4.030633866786956787e-01,3.136382102966308594e-01,-2.307264506816864014e-02,2.670564651489257812e-01,6.148657798767089844e-01,2.710951268672943115e-01,4.342387616634368896e-01,7.396379113197326660e-01,3.581090271472930908e-01,2.829769551753997803e-01
-4.709110409021377563e-02,9.488614648580551147e-02,-8.261460065841674805e-02,1.317279636859893799e-01,3.069575428962707520e-01,3.978193104267120361e-01,7.901307344436645508e-01,1.553441137075424194e-01,3.669032752513885498e-01,4.499070048332214355e-01,8.627157658338546753e-02,1.680717468261718750e-01,4.871295690536499023e-01,2.744182758033275604e-02,-6.872817873954772949e-02,2.178706526756286621e-01,7.987240552902221680e-01,8.083138465881347656e-01,1.000000238418579102e+00,4.259467124938964844e-01,1.011088043451309204e-01,3.981186449527740479e-01,6.410771608352661133e-01,4.076718389987945557e-01,6.646212935447692871e-02,4.346177279949188232e-01,2.515065073966979980e-01,-9.241357445716857910e-02,4.087409749627113342e-02,3.157754838466644287e-01,4.305830597877502441e-01,1.487049460411071777e-01,1.486511081457138062e-01,8.526641130447387695e-02,1.582116186618804932e-01,3.033898174762725830e-01,2.252182364463806152e-02,1.231355816125869751e-01,4.046656787395477295e-01,3.427477777004241943e-01,6.910511106252670288e-02,3.099975883960723877e-01,5.963699817657470703e-01,2.001119107007980347e-01,4.340130388736724854e-01,6.797202825546264648e-01,3.725540041923522949e-01,2.075549066066741943e-01
1.260741055011749268e-01,2.757267355918884277e-01,-1.301008760929107666e-01,3.204600512981414795e-01,4.502780139446258545e-01,2.958737313747406006e-01,4.471519589424133301e-01,1.586961150169372559e-01,3.425917029380798340e-01,4.857092797756195068e-01,1.014932021498680115e-01,1.886076629161834717e-01,6.000482439994812012e-01,1.037656515836715698e-01,9.317338466644287109e-02,4.122906923294067383e-01,2.330291271209716797e-01,3.920960724353790283e-01,4.259467124938964844e-01,9.999999403953552246e-01,6.272703409194946289e-01,4.057328701019287109e-01,4.216072261333465576e-01,2.756918072700500488e-01,-2.494476288557052612e-01,4.746831953525543213e-01,-1.067243218421936035e-01,1.055960431694984436e-01,2.172935158014297485e-01,9.212592989206314087e-02,3.715924620628356934e-01,4.082731902599334717e-01,2.040239423513412476e-01,7.004323601722717285e-02,2.155707180500030518e-01,2.357439547777175903e-01,1.080231815576553345e-01,2.057483941316604614e-01,3.485990762710571289e-01,1.649340242147445679e-01,2.085222601890563965e-01,4.505968689918518066e-01,6.191892623901367188e-01,2.684119641780853271e-01,3.998706638813018799e-01,5.751450657844543457e-01,2.265031039714813232e-01,4.020974040031433105e-01
3.033657670021057129e-01,2.200426608324050903e-01,1.144323796033859253e-01,4.879405200481414795e-01,2.139263302087783813e-01,2.278051823377609253e-01,2.237453162670135498e-01,6.018635630607604980e-02,1.800223141908645630e-01,2.817656397819519043e-01,2.784349322319030762e-01,4.163794219493865967e-01,6.216903328895568848e-01,1.352225095033645630e-01,1.781286895275115967e-01,5.051548480987548828e-01,2.002906054258346558e-02,1.860414445400238037e-01,1.011088043451309204e-01,6.272703409194946289e-01,9.999996423721313477e-01,5.993300080299377441e-01,3.897706270217895508e-01,2.385998666286468506e-01,-1.120423823595046997e-01,4.627408087253570557e-01,-1.047531515359878540e-01,4.648999571800231934e-01,4.873145520687103271e-01,3.000904619693756104e-01,4.640852212905883789e-01,5.091127157211303711e-01,1.663353145122528076e-01,8.676733821630477905e-03,1.645888686180114746e-01,2.610189020633697510e-01,4.678196832537651062e-02,2.011360079050064087e-01,1.708951443433761597e-01,1.380433589220046997e-01,2.804320752620697021e-01,4.810052216053009033e-01,4.869049489498138428e-01,1.622934043407440186e-01,2.399745285511016846e-01,3.306409418582916260e-01,1.803982406854629517e-01,3.897681236267089844e-01
1.918267160654067993e-01,6.381152570247650146e-02,2.278924584388732910e-01,3.600687384605407715e-01,7.541411370038986206e-02,2.060376107692718506e-01,4.423278272151947021e-01,1.832587867975234985e-01,1.986061185598373413e-01,2.513270974159240723e-01,2.943533062934875488e-01,3.837660551071166992e-01,6.148748993873596191e-01,2.103358507156372070e-01,1.059257164597511292e-01,4.635232985019683838e-01,3.155009746551513672e-01,4.904717803001403809e-01,3.981186449527740479e-01,4.057328701019287109e-01,5.993300080299377441e-01,1.000000119209289551e+00,6.932845711708068848e-01,4.957615137100219727e-01,6.503573153167963028e-03,5.569828152656555176e-01,1.835585087537765503e-01,3.995560407638549805e-01,4.375863373279571533e-01,5.732797384262084961e-01,7.345674633979797363e-01,5.558180212974548340e-01,1.842576712369918823e-01,1.540179550647735596e-01,2.916752099990844727e-01,4.849494397640228271e-01,1.034136936068534851e-01,2.758500277996063232e-01,3.517660200595855713e-01,2.792354524135589600e-01,1.101183891296386719e-01,4.029521942138671875e-01,5.169114470481872559e-01,1.402442753314971924e-01,3.222027719020843506e-01,4.594440162181854248e-01,4.166609048843383789e-01,5.719265341758728027e-01
2.030578255653381348e-02,1.753129214048385620e-01,2.719200775027275085e-02,2.062086611986160278e-01,1.921159774065017700e-01,3.046975135803222656e-01,6.501582264900207520e-01,2.722431123256683350e-01,4.483127892017364502e-01,4.785516262054443359e-01,3.048886656761169434e-01,3.544254899024963379e-01,7.088091969490051270e-01,1.688243150711059570e-01,1.100670248270034790e-01,5.022734403610229492e-01,5.074878931045532227e-01,6.899365186691284180e-01,6.410771608352661133e-01,4.216072261333465576e-01,3.897706270217895508e-01,6.932845711708068848e-01,1.000000357627868652e+00,5.847552418708801270e-01,-8.998918347060680389e-03,6.383784413337707520e-01,2.016995400190353394e-01,1.632548570632934570e-01,2.943555712699890137e-01,4.825185537338256836e-01,7.001110911369323730e-01,4.858527481555938721e-01,2.481365352869033813e-01,2.438833415508270264e-01,3.207773268222808838e-01,5.678813457489013672e-01,1.607317328453063965e-01,3.038791418075561523e-01,5.407771468162536621e-01,4.883423745632171631e-01,1.659865528345108032e-01,4.470906257629394531e-01,6.379013657569885254e-01,3.123124241828918457e-01,4.426142275333404541e-01,6.724775433540344238e-01,4.781263470649719238e-01,5.876922607421875000e-01
5.077752470970153809e-02,2.628014683723449707e-01,-1.572405099868774414e-01,1.025534495711326599e-01,2.729464322328567505e-02,9.760792553424835205e-02,4.951769113540649414e-01,3.566892445087432861e-01,4.517325758934020996e-01,5.081658959388732910e-01,2.571699917316436768e-01,2.771542370319366455e-01,4.456204771995544434e-01,3.607997000217437744e-01,1.360113769769668579e-01,2.775224149227142334e-01,4.180030822753906250e-01,4.411398172378540039e-01,4.076718389987945557e-01,2.756918072700500488e-01,2.385998666286468506e-01,4.957615137100219727e-01,5.847552418708801270e-01,9.999994635581970215e-01,2.713854983448982239e-02,5.222578644752502441e-01,2.441859841346740723e-01,1.186933964490890503e-01,1.949358284473419189e-01,4.676748514175415039e-01,6.470701694488525391e-01,5.558061003684997559e-01,3.568838834762573242e-01,2.290606498718261719e-01,3.925073146820068359e-01,6.736390590667724609e-01,2.494702190160751343e-01,2.380149066448211670e-01,4.747677445411682129e-01,4.735066592693328857e-01,2.750235423445701599e-02,2.860644459724426270e-01,4.684590399265289307e-01,3.393432796001434326e-01,4.879630506038665771e-01,5.672686100006103516e-01,7.150722146034240723e-01,4.552020728588104248e-01
4.511460959911346436e-01,-4.585104435682296753e-02,2.763104736804962158e-01,-7.233024388551712036e-02,-4.589679837226867676e-02,-3.464502282440662384e-03,8.770680427551269531e-02,2.982910275459289551e-01,1.053705662488937378e-01,1.630415916442871094e-01,2.835422158241271973e-01,3.070993721485137939e-01,-7.443362474441528320e-02,2.403803616762161255e-01,1.656299233436584473e-01,-1.878101974725723267e-01,2.289382517337799072e-01,6.061661988496780396e-02,6.646212935447692871e-02,-2.494476288557052612e-01,-1.120423823595046997e-01,6.503573153167963028e-03,-8.998918347060680389e-03,2.713854983448982239e-02,1.000000119209289551e+00,-1.220008879899978638e-01,4.477320611476898193e-01,3.767238557338714600e-01,-6.160009652376174927e-02,9.350991994142532349e-02,-2.888153679668903351e-02,-6.121524423360824585e-02,4.337971210479736328e-01,1.554976999759674072e-01,2.314937859773635864e-02,-4.655909538269042969e-02,1.978833377361297607e-01,-2.768307365477085114e-02,-1.939167529344558716e-01,-6.492502242326736450e-02,-9.905966371297836304e-02,-2.256069928407669067e-01,-1.398234367370605469e-01,6.888204813003540039e-02,-7.603178918361663818e-02,-1.065659150481224060e-02,9.463034570217132568e-02,-8.904308825731277466e-02
1.621928960084915161e-01,2.405563294887542725e-01,1.373673677444458008e-01,3.530983924865722656e-01,1.691552847623825073e-01,2.648734152317047119e-01,6.262651085853576660e-01,3.249710500240325928e-01,4.660811126232147217e-01,3.968667089939117432e-01,2.406035512685775757e-01,2.878122329711914062e-01,6.227961182594299316e-01,3.022624850273132324e-01,2.425986081361770630e-01,4.250281453132629395e-01,3.822534382343292236e-01,5.642461776733398438e-01,4.346177279949188232e-01,4.746831953525543213e-01,4.627408087253570557e-01,5.569828152656555176e-01,6.383784413337707520e-01,5.222578644752502441e-01,-1.220008879899978638e-01,1.000000238418579102e+00,6.759515404701232910e-02,2.737348079681396484e-01,4.863495230674743652e-01,4.738208651542663574e-01,6.568595170974731445e-01,5.664999485015869141e-01,2.208232879638671875e-01,2.251212596893310547e-01,3.827895522117614746e-01,5.886206626892089844e-01,1.662307381629943848e-01,3.488163053989410400e-01,4.540855884552001953e-01,3.764573335647583008e-01,2.262939214706420898e-01,5.410673618316650391e-01,5.929615497589111328e-01,4.096174538135528564e-01,4.545836746692657471e-01,6.413167119026184082e-01,3.339553773403167725e-01,5.639147162437438965e-01
3.167897164821624756e-01,-3.406817317008972168e-01,1.434339880943298340e-01,-9.078021347522735596e-02,-3.193000257015228271e-01,-3.350940346717834473e-01,2.064949572086334229e-01,2.171436101198196411e-01,1.711667627096176147e-01,1.286574453115463257e-01,4.350879415869712830e-02,2.506251037120819092e-01,7.397262752056121826e-02,2.048223614692687988e-01,-3.498598933219909668e-02,-6.221621111035346985e-02,2.989034950733184814e-01,3.204779028892517090e-01,2.515065073966979980e-01,-1.067243218421936035e-01,-1.047531515359878540e-01,1.835585087537765503e-01,2.016995400190353394e-01,2.441859841346740723e-01,4.477320611476898193e-01,6.759515404701232910e-02,9.999997019767761230e-01,-6.348966807126998901e-02,-2.874996662139892578e-01,1.481218487024307251e-01,3.085483424365520477e-02,-6.035977229475975037e-02,5.328203439712524414e-01,1.463955491781234741e-01,3.599146902561187744e-01,3.010672926902770996e-01,2.305636405944824219e-01,2.472644299268722534e-02,1.434239149093627930e-01,1.840698160231113434e-02,-5.421953201293945312e-01,-3.884406089782714844e-01,1.195800770074129105e-02,2.133759856224060059e-01,-9.789352864027023315e-02,1.800255775451660156e-01,2.264903038740158081e-01,1.227328926324844360e-01
4.094855189323425293e-01,3.031006753444671631e-01,4.050732254981994629e-01,3.459181785583496094e-01,1.627708822488784790e-01,2.615045011043548584e-01,5.667279660701751709e-02,1.318943351507186890e-01,9.725301712751388550e-02,1.081476882100105286e-01,3.729568719863891602e-01,3.964102268218994141e-01,2.504976987838745117e-01,1.408854573965072632e-01,2.890481650829315186e-01,2.497327029705047607e-01,-5.187589302659034729e-02,-6.306901574134826660e-02,-9.241357445716857910e-02,1.055960431694984436e-01,4.648999571800231934e-01,3.995560407638549805e-01,1.632548570632934570e-01,1.186933964490890503e-01,3.767238557338714600e-01,2.737348079681396484e-01,-6.348966807126998901e-02,1.000000119209289551e+00,7.259599566459655762e-01,3.826582729816436768e-01,3.787155449390411377e-01,4.052698910236358643e-01,1.893411576747894287e-01,9.221573173999786377e-02,1.088311076164245605e-01,1.612350642681121826e-01,2.103940770030021667e-02,1.036258712410926819e-01,-3.077743574976921082e-02,1.095359176397323608e-01,3.961582183837890625e-01,4.568591117858886719e-01,1.795331686735153198e-01,1.126167699694633484e-01,1.369084715843200684e-01,1.058472972363233566e-02,1.268052458763122559e-01,2.368071079254150391e-01
1.113031357526779175e-01,4.161491692066192627e-01,2.250593006610870361e-01,4.046103060245513916e-01,2.490237951278686523e-01,4.095554351806640625e-01,1.589277684688568115e-01,4.542003199458122253e-02,1.310768276453018188e-01,1.116328015923500061e-01,2.798388302326202393e-01,3.033814430236816406e-01,3.722562789916992188e-01,4.138943552970886230e-02,2.512672841548919678e-01,3.924484550952911377e-01,-4.804180935025215149e-02,1.424691174179315567e-02,4.087409749627113342e-02,2.172935158014297485e-01,4.873145520687103271e-01,4.375863373279571533e-01,2.943555712699890137e-01,1.949358284473419189e-01,-6.160009652376174927e-02,4.863495230674743652e-01,-2.874996662139892578e-01,7.259599566459655762e-01,1.000000357627868652e+00,5.313532948493957520e-01,5.321354866027832031e-01,5.056768655776977539e-01,-5.243076756596565247e-02,7.295326143503189087e-02,1.225397735834121704e-01,2.809601426124572754e-01,-9.744475781917572021e-02,1.295830458402633667e-01,1.851366609334945679e-01,2.900387942790985107e-01,5.781446099281311035e-01,7.057124972343444824e-01,3.132040500640869141e-01,1.378904432058334351e-01,2.701421678066253662e-01,1.086818054318428040e-01,1.457164138555526733e-01,3.087079823017120361e-01
5.874641984701156616e-02,3.577528893947601318e-02,2.277831137180328369e-01,3.497431874275207520e-01,-2.384829334914684296e-02,2.034888416528701782e-01,3.618790209293365479e-01,1.657297313213348389e-01,1.688201278448104858e-01,2.175259888172149658e-01,2.578251659870147705e-01,3.743901550769805908e-01,3.745277523994445801e-01,1.471845358610153198e-01,2.129407376050949097e-01,2.678607404232025146e-01,3.113482892513275146e-01,3.408317267894744873e-01,3.157754838466644287e-01,9.212592989206314087e-02,3.000904619693756104e-01,5.732797384262084961e-01,4.825185537338256836e-01,4.676748514175415039e-01,9.350991994142532349e-02,4.738208651542663574e-01,1.481218487024307251e-01,3.826582729816436768e-01,5.313532948493957520e-01,1.000000119209289551e+00,6.515149474143981934e-01,4.882898330688476562e-01,2.040339447557926178e-02,1.865235418081283569e-01,1.907650977373123169e-01,4.765137732028961182e-01,9.861469268798828125e-02,2.421771287918090820e-01,2.517669200897216797e-01,3.472802937030792236e-01,2.219265848398208618e-01,4.294691085815429688e-01,3.537952899932861328e-01,5.226042866706848145e-02,2.373513132333755493e-01,3.367808461189270020e-01,3.887735903263092041e-01,2.973544001579284668e-01
9.027226828038692474e-03,3.006781637668609619e-01,4.931017011404037476e-02,2.769721448421478271e-01,1.485447287559509277e-01,3.040492534637451172e-01,5.181139707565307617e-01,2.686928510665893555e-01,3.841258883476257324e-01,4.203057587146759033e-01,3.381988108158111572e-01,4.096638560295104980e-01,5.780827999114990234e-01,2.172346413135528564e-01,1.464999765157699585e-01,3.921699821949005127e-01,3.702433109283447266e-01,5.074029564857482910e-01,4.305830597877502441e-01,3.715924620628356934e-01,4.640852212905883789e-01,7.345674633979797363e-01,7.001110911369323730e-01,6.470701694488525391e-01,-2.888153679668903351e-02,6.568595170974731445e-01,3.085483424365520477e-02,3.787155449390411377e-01,5.321354866027832031e-01,6.515149474143981934e-01,9.999999403953552246e-01,7.072252631187438965e-01,1.377854943275451660e-01,2.031321525573730469e-01,3.374887406826019287e-01,6.036316156387329102e-01,1.410259902477264404e-01,2.896188795566558838e-01,4.703576266765594482e-01,5.042898654937744141e-01,3.432108759880065918e-01,5.980610847473144531e-01,5.920349955558776855e-01,2.441032379865646362e-01,4.651567339897155762e-01,5.721366405487060547e-01,5.581462383270263672e-01,5.154345631599426270e-01
1.380132436752319336e-01,3.338721096515655518e-01,4.862164705991744995e-02,2.825493514537811279e-01,1.533899009227752686e-01,2.071480602025985718e-01,2.651980817317962646e-01,2.574607729911804199e-01,4.156062006950378418e-01,4.400577545166015625e-01,3.401858508586883545e-01,4.106400012969970703e-01,5.139954686164855957e-01,2.456065118312835693e-01,2.140167802572250366e-01,3.907192051410675049e-01,7.448060810565948486e-02,1.995712220668792725e-01,1.487049460411071777e-01,4.082731902599334717e-01,5.091127157211303711e-01,5.558180212974548340e-01,4.858527481555938721e-01,5.558061003684997559e-01,-6.121524423360824585e-02,5.664999485015869141e-01,-6.035977229475975037e-02,4.052698910236358643e-01,5.056768655776977539e-01,4.882898330688476562e-01,7.072252631187438965e-01,1.000000119209289551e+00,2.511541545391082764e-01,1.945912837982177734e-01,4.128920137882232666e-01,5.865408182144165039e-01,1.593638211488723755e-01,2.758078277111053467e-01,3.835501074790954590e-01,4.140917062759399414e-01,3.596128523349761963e-01,5.302203893661499023e-01,4.298149347305297852e-01,2.964859306812286377e-01,3.614840209484100342e-01,4.376296997070312500e-01,5.043320655822753906e-01,5.904673337936401367e-01
5.214916467666625977e-01,4.878377169370651245e-02,2.522625960409641266e-02,2.890439145267009735e-02,4.838591441512107849e-02,-8.724196255207061768e-02,1.702880263328552246e-01,4.217070341110229492e-01,3.766268789768218994e-01,3.898269236087799072e-01,3.905847072601318359e-01,4.236474633216857910e-01,3.015182018280029297e-01,4.221849441528320312e-01,2.742793560028076172e-01,1.963434368371963501e-01,1.252630650997161865e-01,1.403619796037673950e-01,1.486511081457138062e-01,2.040239423513412476e-01,1.663353145122528076e-01,1.842576712369918823e-01,2.481365352869033813e-01,3.568838834762573242e-01,4.337971210479736328e-01,2.208232879638671875e-01,5.328203439712524414e-01,1.893411576747894287e-01,-5.243076756596565247e-02,2.040339447557926178e-02,1.377854943275451660e-01,2.511541545391082764e-01,1.000000238418579102e+00,3.385234773159027100e-01,5.114088058471679688e-01,4.222672879695892334e-01,2.840619385242462158e-01,1.068161800503730774e-01,2.709393799304962158e-01,1.484568119049072266e-01,-2.052508890628814697e-01,-7.546903938055038452e-02,1.382038444280624390e-01,3.471252620220184326e-01,1.326166987419128418e-01,2.833000421524047852e-01,3.552307188510894775e-01,3.545879423618316650e-01
