1.000000357627868652e+00,8.659312129020690918e-02,3.138945400714874268e-01,3.102678358554840088e-01,3.296182453632354736e-01,3.110713362693786621e-01,1.445983201265335083e-01,1.132858321070671082e-01,4.963983781635761261e-03,1.314495354890823364e-01,8.858452551066875458e-03,1.898071467876434326e-01,1.418641358613967896e-01,5.930380150675773621e-02,3.232390582561492920e-01,1.207686215639114380e-01,1.469358950853347778e-01,1.839201450347900391e-01,6.675896048545837402e-02,1.379799991846084595e-01,1.970216780900955200e-01,3.892529755830764771e-02,-5.805380642414093018e-02,-1.723816692829132080e-01,4.185410737991333008e-01,-2.452612109482288361e-02,3.514645099639892578e-01,3.862553536891937256e-01,1.797854602336883545e-01,7.737153023481369019e-02,-6.133746728301048279e-02,-2.438133060932159424e-01,2.023132294416427612e-01,9.319856762886047363e-03,-1.181162521243095398e-01,-1.839498728513717651e-01,1.342447251081466675e-01,-5.491536855697631836e-02,-2.213004976511001587e-01,-9.640008956193923950e-02,1.759870499372482300e-01,8.089347928762435913e-02,8.329361677169799805e-02,3.762000426650047302e-02,9.065379947423934937e-02,1.347282677888870239e-01,-1.869004070758819580e-01,1.539873983711004257e-02
8.659312129020690918e-02,1.000000119209289551e+00,4.302925467491149902e-01,2.308624386787414551e-01,2.688452005386352539e-01,5.726310014724731445e-01,5.972819328308105469e-01,5.258781313896179199e-01,3.138222396373748779e-01,3.276791572570800781e-01,1.973970234394073486e-01,1.179886609315872192e-01,2.293958067893981934e-01,1.495191901922225952e-01,2.478131838142871857e-02,1.786449551582336426e-01,5.103131532669067383e-01,3.815126717090606689e-01,5.436434745788574219e-01,4.058106839656829834e-01,2.816397845745086670e-01,-1.076124459505081177e-01,5.555195733904838562e-03,1.642108112573623657e-01,-1.152802705764770508e-01,5.900956392288208008e-01,2.750810682773590088e-01,5.390345454216003418e-01,6.871959567070007324e-01,1.599968522787094116e-01,6.807097792625427246e-02,9.115103632211685181e-03,5.477572679519653320e-01,4.752675294876098633e-01,2.607241272926330566e-01,1.873737871646881104e-01,3.514481186866760254e-01,2.843068838119506836e-01,1.476075649261474609e-01,9.445844590663909912e-02,6.662162542343139648e-01,7.563204765319824219e-01,6.569346189498901367e-01,3.969774246215820312e-01,6.892244815826416016e-01,4.349866211414337158e-01,6.345494091510772705e-02,-1.736478954553604126e-01
3.138945400714874268e-01,4.302925467491149902e-01,9.999994039535522461e-01,7.837702035903930664e-01,2.351240962743759155e-01,4.048729836940765381e-01,5.727029442787170410e-01,2.463546991348266602e-01,1.778515726327896118e-01,2.061191648244857788e-01,1.853829473257064819e-01,2.595861852169036865e-01,1.792922466993331909e-01,1.035928577184677124e-01,1.192343086004257202e-01,2.331310957670211792e-01,5.051389932632446289e-01,2.641119658946990967e-01,2.647451758384704590e-01,2.338445335626602173e-01,1.948637068271636963e-01,7.572380453348159790e-02,-1.155878305435180664e-01,-1.449888665229082108e-02,1.333097964525222778e-01,4.851880073547363281e-01,2.608737051486968994e-01,5.508478283882141113e-01,4.725961387157440186e-01,1.439663022756576538e-01,1.300229132175445557e-01,-1.034785881638526917e-01,3.051199018955230713e-01,2.648639976978302002e-01,3.325637280941009521e-01,3.363386541604995728e-02,1.905933171510696411e-01,2.908063232898712158e-01,8.196882903575897217e-02,3.325137868523597717e-02,3.495034277439117432e-01,2.841519117355346680e-01,2.410194277763366699e-01,1.048686802387237549e-01,3.561213612556457520e-01,2.247057557106018066e-01,-4.597276076674461365e-02,-2.890874445438385010e-01
3.102678358554840088e-01,2.308624386787414551e-01,7.837702035903930664e-01,9.999997615814208984e-01,1.646922677755355835e-01,2.727626860141754150e-01,3.996964395046234131e-01,5.477118119597434998e-02,8.793323487043380737e-02,1.571788936853408813e-01,1.056851148605346680e-01,1.098231673240661621e-01,-1.674859970808029175e-02,-9.699534624814987183e-02,-6.249178946018218994e-02,1.061378270387649536e-01,3.993749916553497314e-01,1.779032051563262939e-01,1.148935034871101379e-01,1.046931296586990356e-01,6.903540343046188354e-02,1.140277236700057983e-01,-1.937896162271499634e-01,-5.206351727247238159e-02,1.256288588047027588e-01,3.125095963478088379e-01,1.393496841192245483e-01,4.724436700344085693e-01,4.141514003276824951e-01,1.090260446071624756e-01,1.707891076803207397e-01,-1.400366425514221191e-01,6.243012472987174988e-02,1.359057575464248657e-01,2.669001817703247070e-01,-2.202191203832626343e-02,4.299399629235267639e-02,9.219517558813095093e-02,-4.847936332225799561e-02,-3.152226656675338745e-02,3.421953022480010986e-01,9.784332662820816040e-02,9.620477259159088135e-02,-2.197095565497875214e-02,1.555536538362503052e-01,1.148976013064384460e-01,-6.302420794963836670e-02,-2.643612921237945557e-01
3.296182453632354736e-01,2.688452005386352539e-01,2.351240962743759155e-01,1.646922677755355835e-01,9.999996423721313477e-01,5.865284204483032227e-01,1.331577599048614502e-01,2.481994777917861938e-01,2.366677299141883850e-02,6.412444263696670532e-02,1.394243538379669189e-01,1.551751345396041870e-01,2.223130613565444946e-01,-5.541726201772689819e-02,1.144406422972679138e-01,2.182513475418090820e-01,6.857406347990036011e-02,7.225530594587326050e-02,9.258839488029479980e-02,1.894453763961791992e-01,2.549461126327514648e-01,-4.077895730733871460e-02,1.877643726766109467e-02,5.934268981218338013e-02,4.831416532397270203e-02,-5.132585391402244568e-02,1.556724458932876587e-01,1.958012580871582031e-01,1.446201056241989136e-01,-1.348747313022613525e-01,-1.344113796949386597e-01,-5.194206535816192627e-02,4.268068075180053711e-01,1.721397042274475098e-01,-6.121354177594184875e-02,3.386288136243820190e-02,1.056009680032730103e-01,1.223947014659643173e-02,7.064348459243774414e-02,6.440300494432449341e-02,4.242921769618988037e-01,1.519019752740859985e-01,4.634429141879081726e-02,4.204712808132171631e-02,6.939098238945007324e-02,3.228991478681564331e-02,6.162191275507211685e-03,1.985686831176280975e-03
3.110713362693786621e-01,5.726310014724731445e-01,4.048729836940765381e-01,2.727626860141754150e-01,5.865284204483032227e-01,1.000000000000000000e+00,3.854518532752990723e-01,4.311818480491638184e-01,1.607114523649215698e-01,2.256989479064941406e-01,2.329577654600143433e-01,2.597477734088897705e-01,3.609492480754852295e-01,1.038357987999916077e-01,9.899026155471801758e-02,1.566396653652191162e-01,3.015860915184020996e-01,2.060606628656387329e-01,2.494496852159500122e-01,2.516035735607147217e-01,3.759993612766265869e-01,-5.633584782481193542e-02,-3.206157311797142029e-02,4.002074524760246277e-02,-1.610100641846656799e-02,2.364447861909866333e-01,1.667667925357818604e-01,4.051091074943542480e-01,4.107445478439331055e-01,1.634114980697631836e-02,-4.984367638826370239e-02,-1.161490082740783691e-01,5.360257625579833984e-01,2.914518713951110840e-01,1.062959581613540649e-01,3.165012225508689880e-02,2.885805964469909668e-01,1.015437692403793335e-01,5.226424708962440491e-02,1.635735481977462769e-02,6.078224778175354004e-01,4.342507123947143555e-01,3.438031077384948730e-01,2.024482488632202148e-01,3.619509637355804443e-01,2.752531170845031738e-01,-5.267179757356643677e-02,-1.626068204641342163e-01
1.445983201265335083e-01,5.972819328308105469e-01,5.727029442787170410e-01,3.996964395046234131e-01,1.331577599048614502e-01,3.854518532752990723e-01,1.000000000000000000e+00,3.430128693580627441e-01,3.506345748901367188e-01,3.415279984474182129e-01,8.516747504472732544e-02,4.007253795862197876e-02,3.087443113327026367e-01,1.692744195461273193e-01,1.138371080160140991e-01,2.356212139129638672e-01,7.814267873764038086e-01,6.272151470184326172e-01,6.488987803459167480e-01,6.172986030578613281e-01,3.665747642517089844e-01,1.062453240156173706e-01,1.912581920623779297e-01,2.592180967330932617e-01,-3.470269218087196350e-02,7.074236273765563965e-01,1.673683375120162964e-01,3.176204860210418701e-01,4.660528898239135742e-01,9.356934577226638794e-02,5.146249756217002869e-02,1.455847769975662231e-01,3.450999855995178223e-01,2.493034303188323975e-01,2.444007694721221924e-01,2.784934639930725098e-01,2.813515663146972656e-01,2.806003987789154053e-01,2.117778807878494263e-01,2.218241542577743530e-01,4.231028556823730469e-01,6.508281826972961426e-01,6.583473682403564453e-01,2.981186509132385254e-01,5.298027992248535156e-01,5.163645148277282715e-01,1.724556833505630493e-01,-1.104462798684835434e-02
1.132858321070671082e-01,5.258781313896179199e-01,2.463546991348266602e-01,5.477118119597434998e-02,2.481994777917861938e-01,4.311818480491638184e-01,3.430128693580627441e-01,9.999997615814208984e-01,3.410595357418060303e-01,3.383612930774688721e-01,6.198446750640869141e-01,5.001305341720581055e-01,5.080800652503967285e-01,3.704563677310943604e-01,1.694059669971466064e-01,1.882077753543853760e-01,3.585889041423797607e-01,2.090652436017990112e-01,2.635321319103240967e-01,1.298767179250717163e-01,2.350922375917434692e-01,-8.024012297391891479e-02,2.230115421116352081e-02,-8.694984018802642822e-03,-1.276333928108215332e-01,3.248950839042663574e-01,1.721521168947219849e-01,4.152077138423919678e-01,4.254718422889709473e-01,2.871241569519042969e-01,1.176435127854347229e-01,-7.980821281671524048e-02,5.783381462097167969e-01,5.725341439247131348e-01,3.051449954509735107e-01,-2.336989343166351318e-02,5.641767978668212891e-01,3.262971639633178711e-01,1.104315817356109619e-01,-1.999097876250743866e-02,3.569064140319824219e-01,4.228834211826324463e-01,4.036234021186828613e-01,3.366891741752624512e-01,3.695694506168365479e-01,2.941471934318542480e-01,-8.321849256753921509e-02,-1.537362635135650635e-01
4.963983781635761261e-03,3.138222396373748779e-01,1.778515726327896118e-01,8.793323487043380737e-02,2.366677299141883850e-02,1.607114523649215698e-01,3.506345748901367188e-01,3.410595357418060303e-01,1.000000238418579102e+00,5.895075798034667969e-01,4.061381518840789795e-01,2.364180386066436768e-01,3.954870402812957764e-01,2.143292576074600220e-01,1.327439583837985992e-02,1.107178404927253723e-01,3.439040184020996094e-01,2.451614141464233398e-01,2.587309479713439941e-01,1.646227389574050903e-01,4.580953344702720642e-02,3.897193446755409241e-02,1.064013168215751648e-01,7.445671409368515015e-02,-4.905604571104049683e-02,3.575029373168945312e-01,9.885922819375991821e-02,2.388975024223327637e-01,2.851103246212005615e-01,1.677524149417877197e-01,2.194952964782714844e-01,8.561093360185623169e-02,2.608138024806976318e-01,2.073266357183456421e-01,3.029126226902008057e-01,7.108964025974273682e-02,2.444929629564285278e-01,3.123903572559356689e-01,1.896761804819107056e-01,1.086364239454269409e-01,2.070358693599700928e-01,3.374145925045013428e-01,4.062542021274566650e-01,4.403528273105621338e-01,2.628878355026245117e-01,3.880269229412078857e-01,4.152979701757431030e-02,-3.537878021597862244e-02
1.314495354890823364e-01,3.276791572570800781e-01,2.061191648244857788e-01,1.571788936853408813e-01,6.412444263696670532e-02,2.256989479064941406e-01,3.415279984474182129e-01,3.383612930774688721e-01,5.895075798034667969e-01,9.999995231628417969e-01,3.239069879055023193e-01,2.213689088821411133e-01,4.401703774929046631e-01,1.380830407142639160e-01,2.036994881927967072e-02,6.665267050266265869e-02,3.661464154720306396e-01,1.927662640810012817e-01,2.711107432842254639e-01,3.264450728893280029e-01,1.250735521316528320e-01,-3.645410388708114624e-02,-3.251083940267562866e-02,-1.006605941802263260e-02,5.019735172390937805e-02,3.099610209465026855e-01,1.456213444471359253e-01,3.034828007221221924e-01,3.545021414756774902e-01,1.897656768560409546e-01,1.720419675111770630e-01,-7.313318550586700439e-02,2.483356148004531860e-01,1.316814273595809937e-01,2.685585916042327881e-01,-3.522703796625137329e-02,1.816783398389816284e-01,2.217749953269958496e-01,1.848568953573703766e-02,-3.740759938955307007e-02,2.557984590530395508e-01,3.676445782184600830e-01,4.838177859783172607e-01,5.169272422790527344e-01,3.480030596256256104e-01,6.296416521072387695e-01,-4.290000349283218384e-02,-8.624716848134994507e-02
8.858452551066875458e-03,1.973970234394073486e-01,1.853829473257064819e-01,1.056851148605346680e-01,1.394243538379669189e-01,2.329577654600143433e-01,8.516747504472732544e-02,6.198446750640869141e-01,4.061381518840789795e-01,3.239069879055023193e-01,9.999998807907104492e-01,6.200252175331115723e-01,4.162023067474365234e-01,2.231073379516601562e-01,-3.893101355060935020e-03,7.850163429975509644e-02,1.717559248208999634e-01,1.379991509020328522e-02,6.747435312718153000e-03,-1.621570885181427002e-01,4.570062737911939621e-03,4.635029286146163940e-02,2.684607915580272675e-02,-7.107508182525634766e-02,-4.213508218526840210e-02,4.722073674201965332e-02,5.641924962401390076e-02,2.941773831844329834e-01,1.930020600557327271e-01,3.470454514026641846e-01,2.719036638736724854e-01,-7.077614217996597290e-02,2.839681506156921387e-01,2.818798720836639404e-01,3.728686571121215820e-01,-7.433459162712097168e-02,2.766718268394470215e-01,2.059872597455978394e-01,9.696549177169799805e-02,-2.430459298193454742e-02,6.933369487524032593e-02,1.153815090656280518e-01,1.500998884439468384e-01,1.203124746680259705e-01,1.803889125585556030e-01,1.736199408769607544e-01,-1.201562285423278809e-01,-1.477609872817993164e-01
1.898071467876434326e-01,1.179886609315872192e-01,2.595861852169036865e-01,1.098231673240661621e-01,1.551751345396041870e-01,2.597477734088897705e-01,4.007253795862197876e-02,5.001305341720581055e-01,2.364180386066436768e-01,2.213689088821411133e-01,6.200252175331115723e-01,9.999997615814208984e-01,4.700742959976196289e-01,4.966429173946380615e-01,4.804851114749908447e-01,3.533951342105865479e-01,5.194046348333358765e-02,-1.394759863615036011e-01,-5.912306159734725952e-02,-1.729096472263336182e-01,7.572180777788162231e-02,-1.027835980057716370e-01,-1.672807037830352783e-01,-3.688299059867858887e-01,1.793368458747863770e-01,8.848939090967178345e-02,2.180600762367248535e-01,2.602806389331817627e-01,6.258724629878997803e-02,3.500169813632965088e-01,2.540453150868415833e-02,-3.885805606842041016e-01,4.000597000122070312e-01,2.366503775119781494e-01,2.617989182472229004e-01,-3.439908623695373535e-01,3.507663905620574951e-01,3.824332654476165771e-01,-2.272167801856994629e-02,-2.412070482969284058e-01,-3.288190579041838646e-03,3.876975178718566895e-02,4.955605417490005493e-02,8.886682242155075073e-02,1.541835069656372070e-01,9.547244757413864136e-02,-4.213117659091949463e-01,-2.988033294677734375e-01
1.418641358613967896e-01,2.293958067893981934e-01,1.792922466993331909e-01,-1.674859970808029175e-02,2.223130613565444946e-01,3.609492480754852295e-01,3.087443113327026367e-01,5.080800652503967285e-01,3.954870402812957764e-01,4.401703774929046631e-01,4.162023067474365234e-01,4.700742959976196289e-01,9.999998807907104492e-01,3.643264472484588623e-01,3.303190469741821289e-01,4.040666222572326660e-01,3.047699034214019775e-01,2.553319931030273438e-01,2.804979085922241211e-01,3.400086462497711182e-01,4.540457427501678467e-01,1.318109780550003052e-01,1.693739145994186401e-01,-3.131589153781533241e-03,-4.628162831068038940e-02,1.609849184751510620e-01,1.407786160707473755e-01,5.897407233715057373e-02,3.988800942897796631e-02,1.379051357507705688e-01,5.830492824316024780e-02,-2.275587432086467743e-02,3.938803970813751221e-01,2.092450857162475586e-01,1.913723796606063843e-01,-3.020234778523445129e-02,4.133408665657043457e-01,3.470214605331420898e-01,1.650696545839309692e-01,-2.815597457811236382e-03,1.266890317201614380e-01,2.828700542449951172e-01,3.330708146095275879e-01,2.992061972618103027e-01,1.933834999799728394e-01,3.162427544593811035e-01,-4.004434123635292053e-02,7.784875575453042984e-03
5.930380150675773621e-02,1.495191901922225952e-01,1.035928577184677124e-01,-9.699534624814987183e-02,-5.541726201772689819e-02,1.038357987999916077e-01,1.692744195461273193e-01,3.704563677310943604e-01,2.143292576074600220e-01,1.380830407142639160e-01,2.231073379516601562e-01,4.966429173946380615e-01,3.643264472484588623e-01,1.000000357627868652e+00,6.042060852050781250e-01,3.878422081470489502e-01,1.389425396919250488e-01,1.571564674377441406e-01,1.145219430327415466e-01,1.029935665428638458e-02,1.218689531087875366e-01,-8.180671185255050659e-02,-4.967945069074630737e-02,-1.129277125000953674e-01,1.147368103265762329e-01,2.169027626514434814e-01,2.766223251819610596e-01,1.239532455801963806e-01,1.174192130565643311e-01,1.425731778144836426e-01,8.354759961366653442e-02,-1.396961957216262817e-01,5.114558339118957520e-01,3.396998345851898193e-01,2.542829811573028564e-01,-6.632225960493087769e-02,6.087778210639953613e-01,6.040931940078735352e-01,1.932827979326248169e-01,-6.513477116823196411e-02,-7.382549345493316650e-02,9.729018062353134155e-02,1.649802327156066895e-01,1.038658171892166138e-01,1.263685673475265503e-01,8.431115746498107910e-02,-1.609193384647369385e-01,-2.668976783752441406e-01
3.232390582561492920e-01,2.478131838142871857e-02,1.192343086004257202e-01,-6.249178946018218994e-02,1.144406422972679138e-01,9.899026155471801758e-02,1.138371080160140991e-01,1.694059669971466064e-01,1.327439583837985992e-02,2.036994881927967072e-02,-3.893101355060935020e-03,4.804851114749908447e-01,3.303190469741821289e-01,6.042060852050781250e-01,1.000000119209289551e+00,6.012732982635498047e-01,-3.428886702749878168e-04,1.140707135200500488e-01,4.841523990035057068e-02,9.766441583633422852e-02,2.119431495666503906e-01,-3.725802525877952576e-02,-6.216578930616378784e-02,-2.626389265060424805e-01,2.449991255998611450e-01,7.313368469476699829e-02,3.043080568313598633e-01,-1.288824249058961868e-02,-8.086121082305908203e-02,1.519499421119689941e-01,-1.275206208229064941e-01,-2.892470061779022217e-01,4.153633713722229004e-01,1.159355640411376953e-01,9.026689082384109497e-02,-1.921168565750122070e-01,3.574782609939575195e-01,5.136085748672485352e-01,5.834896862506866455e-02,-1.449151933193206787e-01,-9.320694208145141602e-02,4.388190433382987976e-02,4.690030589699745178e-02,1.056285947561264038e-01,1.057754829525947571e-01,8.794743567705154419e-02,-2.934500277042388916e-01,-1.487798094749450684e-01
1.207686215639114380e-01,1.786449551582336426e-01,2.331310957670211792e-01,1.061378270387649536e-01,2.182513475418090820e-01,1.566396653652191162e-01,2.356212139129638672e-01,1.882077753543853760e-01,1.107178404927253723e-01,6.665267050266265869e-02,7.850163429975509644e-02,3.533951342105865479e-01,4.040666222572326660e-01,3.878422081470489502e-01,6.012732982635498047e-01,1.000000000000000000e+00,1.101489663124084473e-01,2.626517713069915771e-01,2.085604965686798096e-01,2.263091802597045898e-01,2.731352150440216064e-01,2.092547118663787842e-01,5.403234809637069702e-02,-1.199911460280418396e-01,-3.193653747439384460e-02,1.508176624774932861e-01,8.709773421287536621e-02,-7.228687405586242676e-02,-5.843383446335792542e-02,7.582404464483261108e-02,-4.617981240153312683e-02,-1.200606748461723328e-01,3.889758586883544922e-01,2.818943262100219727e-01,1.780904978513717651e-01,-3.386551141738891602e-02,3.870849609375000000e-01,5.232076048851013184e-01,2.385553121566772461e-01,-6.090686097741127014e-02,8.216737210750579834e-02,1.549824476242065430e-01,1.703865677118301392e-01,4.774383828043937683e-02,1.465472579002380371e-01,1.194347515702247620e-01,-1.186508387327194214e-01,-1.471741795539855957e-01
1.469358950853347778e-01,5.103131532669067383e-01,5.051389932632446289e-01,3.993749916553497314e-01,6.857406347990036011e-02,3.015860915184020996e-01,7.814267873764038086e-01,3.585889041423797607e-01,3.439040184020996094e-01,3.661464154720306396e-01,1.717559248208999634e-01,5.194046348333358765e-02,3.047699034214019775e-01,1.389425396919250488e-01,-3.428886702749878168e-04,1.101489663124084473e-01,1.000000357627868652e+00,6.246107816696166992e-01,6.642724275588989258e-01,5.703890919685363770e-01,3.224201202392578125e-01,7.625786215066909790e-02,1.624808162450790405e-01,2.035731673240661621e-01,2.349885180592536926e-03,5.612007379531860352e-01,1.193508058786392212e-01,3.155284523963928223e-01,4.371952414512634277e-01,1.292576938867568970e-01,1.384833008050918579e-01,1.170648932456970215e-01,2.623858749866485596e-01,1.967587471008300781e-01,2.334147244691848755e-01,1.988222897052764893e-01,2.408801913261413574e-01,2.064195722341537476e-01,1.022484824061393738e-01,1.654352992773056030e-01,3.368743062019348145e-01,5.610141158103942871e-01,6.144607067108154297e-01,2.413257658481597900e-01,4.462273716926574707e-01,5.081689953804016113e-01,1.355496197938919067e-01,3.911554813385009766e-02
1.839201450347900391e-01,3.815126717090606689e-01,2.641119658946990967e-01,1.779032051563262939e-01,7.225530594587326050e-02,2.060606628656387329e-01,6.272151470184326172e-01,2.090652436017990112e-01,2.451614141464233398e-01,1.927662640810012817e-01,1.379991509020328522e-02,-1.394759863615036011e-01,2.553319931030273438e-01,1.571564674377441406e-01,1.140707135200500488e-01,2.626517713069915771e-01,6.246107816696166992e-01,9.999996423721313477e-01,6.772883534431457520e-01,6.457791328430175781e-01,4.427042603492736816e-01,3.637756407260894775e-01,3.057386875152587891e-01,3.570892214775085449e-01,-6.933669000864028931e-02,3.662920892238616943e-01,8.463130891323089600e-02,9.336572885513305664e-02,2.856392860412597656e-01,1.045973002910614014e-01,2.362167686223983765e-01,3.081129491329193115e-01,1.917305141687393188e-01,1.677684932947158813e-01,8.357568085193634033e-02,3.377578258514404297e-01,2.441394627094268799e-01,1.815165877342224121e-01,2.361086755990982056e-01,2.259321659803390503e-01,2.473356574773788452e-01,4.645451605319976807e-01,5.506380200386047363e-01,2.010234445333480835e-01,3.412799835205078125e-01,3.885941803455352783e-01,3.263914883136749268e-01,1.952617168426513672e-01
6.675896048545837402e-02,5.436434745788574219e-01,2.647451758384704590e-01,1.148935034871101379e-01,9.258839488029479980e-02,2.494496852159500122e-01,6.488987803459167480e-01,2.635321319103240967e-01,2.587309479713439941e-01,2.711107432842254639e-01,6.747435312718153000e-03,-5.912306159734725952e-02,2.804979085922241211e-01,1.145219430327415466e-01,4.841523990035057068e-02,2.085604965686798096e-01,6.642724275588989258e-01,6.772883534431457520e-01,9.999997615814208984e-01,7.521427869796752930e-01,4.184741973876953125e-01,1.603309661149978638e-01,9.740397334098815918e-02,2.256482541561126709e-01,-1.477707829326391220e-02,4.910367131233215332e-01,1.304431706666946411e-01,1.665737181901931763e-01,3.421798944473266602e-01,1.728681176900863647e-01,8.439933508634567261e-02,1.132704019546508789e-01,2.546043395996093750e-01,1.721158176660537720e-01,3.773323446512222290e-02,1.717826277017593384e-01,2.037151753902435303e-01,2.223285585641860962e-01,8.148182183504104614e-02,9.460141509771347046e-02,3.281710147857666016e-01,6.502789258956909180e-01,6.724640727043151855e-01,3.142789602279663086e-01,4.859990775585174561e-01,4.633150696754455566e-01,1.366018056869506836e-01,1.080903410911560059e-01
1.379799991846084595e-01,4.058106839656829834e-01,2.338445335626602173e-01,1.046931296586990356e-01,1.894453763961791992e-01,2.516035735607147217e-01,6.172986030578613281e-01,1.298767179250717163e-01,1.646227389574050903e-01,3.264450728893280029e-01,-1.621570885181427002e-01,-1.729096472263336182e-01,3.400086462497711182e-01,1.029935665428638458e-02,9.766441583633422852e-02,2.263091802597045898e-01,5.703890919685363770e-01,6.457791328430175781e-01,7.521427869796752930e-01,9.999996423721313477e-01,6.187460422515869141e-01,2.291339933872222900e-01,1.591594368219375610e-01,2.516734600067138672e-01,-7.722387462854385376e-02,3.822539150714874268e-01,2.809449471533298492e-02,8.568103425204753876e-03,2.043920606374740601e-01,3.269755467772483826e-02,2.366113290190696716e-02,1.771714240312576294e-01,1.680434346199035645e-01,9.249432012438774109e-03,1.167331589385867119e-03,2.047775238752365112e-01,1.269992440938949585e-01,1.318252384662628174e-01,7.356371730566024780e-02,1.257120072841644287e-01,3.163509070873260498e-01,5.863696336746215820e-01,6.029396057128906250e-01,3.421773612499237061e-01,4.193145334720611572e-01,5.307414531707763672e-01,1.995932012796401978e-01,1.832170188426971436e-01
1.970216780900955200e-01,2.816397845745086670e-01,1.948637068271636963e-01,6.903540343046188354e-02,2.549461126327514648e-01,3.759993612766265869e-01,3.665747642517089844e-01,2.350922375917434692e-01,4.580953344702720642e-02,1.250735521316528320e-01,4.570062737911939621e-03,7.572180777788162231e-02,4.540457427501678467e-01,1.218689531087875366e-01,2.119431495666503906e-01,2.731352150440216064e-01,3.224201202392578125e-01,4.427042603492736816e-01,4.184741973876953125e-01,6.187460422515869141e-01,1.000000357627868652e+00,3.610795736312866211e-01,1.710335165262222290e-01,1.558862775564193726e-01,-1.963873207569122314e-01,1.290635913610458374e-01,-1.136260852217674255e-02,-4.171220585703849792e-02,7.308623939752578735e-02,4.587873443961143494e-02,1.098256111145019531e-01,1.681831330060958862e-01,2.326782941818237305e-01,1.285688579082489014e-01,-1.669575460255146027e-02,1.391922086477279663e-01,2.359290719032287598e-01,7.674631476402282715e-02,7.835401594638824463e-02,1.084090471267700195e-01,2.439846545457839966e-01,3.351430892944335938e-01,3.588681519031524658e-01,1.162889972329139709e-01,2.022706866264343262e-01,2.220836877822875977e-01,1.087226346135139465e-01,1.103436872363090515e-01
3.892529755830764771e-02,-1.076124459505081177e-01,7.572380453348159790e-02,1.140277236700057983e-01,-4.077895730733871460e-02,-5.633584782481193542e-02,1.062453240156173706e-01,-8.024012297391891479e-02,3.897193446755409241e-02,-3.645410388708114624e-02,4.635029286146163940e-02,-1.027835980057716370e-01,1.318109780550003052e-01,-8.180671185255050659e-02,-3.725802525877952576e-02,2.092547118663787842e-01,7.625786215066909790e-02,3.637756407260894775e-01,1.603309661149978638e-01,2.291339933872222900e-01,3.610795736312866211e-01,1.000000119209289551e+00,3.697086274623870850e-01,3.238465487957000732e-01,-1.440630555152893066e-01,-1.330222636461257935e-01,-1.606696993112564087e-01,-1.632706075906753540e-01,-1.666918396949768066e-01,2.736019492149353027e-01,5.530587434768676758e-01,4.881058931350708008e-01,-1.871263682842254639e-01,-3.201092779636383057e-02,1.015060953795909882e-02,3.433439433574676514e-01,-7.556605152785778046e-03,1.025263369083404541e-01,3.473826944828033447e-01,2.448154836893081665e-01,-1.247796490788459778e-01,-4.393475502729415894e-02,9.225159138441085815e-02,-8.256917446851730347e-02,-3.248735517263412476e-02,4.938643798232078552e-02,3.924565613269805908e-01,2.722353935241699219e-01
-5.805380642414093018e-02,5.555195733904838562e-03,-1.155878305435180664e-01,-1.937896162271499634e-01,1.877643726766109467e-02,-3.206157311797142029e-02,1.912581920623779297e-01,2.230115421116352081e-02,1.064013168215751648e-01,-3.251083940267562866e-02,2.684607915580272675e-02,-1.672807037830352783e-01,1.693739145994186401e-01,-4.967945069074630737e-02,-6.216578930616378784e-02,5.403234809637069702e-02,1.624808162450790405e-01,3.057386875152587891e-01,9.740397334098815918e-02,1.591594368219375610e-01,1.710335165262222290e-01,3.697086274623870850e-01,1.000000357627868652e+00,6.079816818237304688e-01,-1.269899904727935791e-01,2.667714282870292664e-02,-1.511507481336593628e-01,-1.696395725011825562e-01,-1.217009350657463074e-01,-8.165219426155090332e-02,1.158925294876098633e-01,6.475933790206909180e-01,-8.212406933307647705e-02,-5.040790140628814697e-02,-7.711581885814666748e-02,6.295177936553955078e-01,-3.284403309226036072e-02,2.502757124602794647e-02,5.801962018013000488e-01,7.223026752471923828e-01,-1.013162061572074890e-01,9.493117779493331909e-02,9.522693604230880737e-02,4.230519291013479233e-03,-2.969484776258468628e-02,6.661720108240842819e-03,5.880745649337768555e-01,6.315160989761352539e-01
-1.723816692829132080e-01,1.642108112573623657e-01,-1.449888665229082108e-02,-5.206351727247238159e-02,5.934268981218338013e-02,4.002074524760246277e-02,2.592180967330932617e-01,-8.694984018802642822e-03,7.445671409368515015e-02,-1.006605941802263260e-02,-7.107508182525634766e-02,-3.688299059867858887e-01,-3.131589153781533241e-03,-1.129277125000953674e-01,-2.626389265060424805e-01,-1.199911460280418396e-01,2.035731673240661621e-01,3.570892214775085449e-01,2.256482541561126709e-01,2.516734600067138672e-01,1.558862775564193726e-01,3.238465487957000732e-01,6.079816818237304688e-01,9.999997615814208984e-01,-1.806730031967163086e-01,1.024535149335861206e-01,-1.506163328886032104e-01,3.042463446035981178e-03,1.324153095483779907e-01,-9.953394532203674316e-02,2.804675996303558350e-01,7.772856950759887695e-01,-2.139799296855926514e-02,-8.275135420262813568e-03,6.428334116935729980e-02,8.323572278022766113e-01,-7.763558626174926758e-02,3.979528322815895081e-02,5.554436445236206055e-01,7.224445343017578125e-01,1.190825477242469788e-01,1.993770003318786621e-01,1.983888000249862671e-01,7.277712970972061157e-02,5.299704894423484802e-02,8.356574177742004395e-02,8.404325246810913086e-01,4.894866049289703369e-01
4.185410737991333008e-01,-1.152802705764770508e-01,1.333097964525222778e-01,1.256288588047027588e-01,4.831416532397270203e-02,-1.610100641846656799e-02,-3.470269218087196350e-02,-1.276333928108215332e-01,-4.905604571104049683e-02,5.019735172390937805e-02,-4.213508218526840210e-02,1.793368458747863770e-01,-4.628162831068038940e-02,1.147368103265762329e-01,2.449991255998611450e-01,-3.193653747439384460e-02,2.349885180592536926e-03,-6.933669000864028931e-02,-1.477707829326391220e-02,-7.722387462854385376e-02,-1.963873207569122314e-01,-1.440630555152893066e-01,-1.269899904727935791e-01,-1.806730031967163086e-01,1.000000357627868652e+00,-2.609792351722717285e-02,5.297734737396240234e-01,3.640615642070770264e-01,1.339355111122131348e-01,1.577643603086471558e-01,6.912735104560852051e-02,-2.492699325084686279e-01,8.736472576856613159e-02,-2.157651931047439575e-01,-1.697960426099598408e-03,-1.771796196699142456e-01,-1.564975380897521973e-01,1.512042284011840820e-01,-1.151566058397293091e-01,-1.016303226351737976e-01,-1.982471346855163574e-01,-3.802954405546188354e-02,-4.975052922964096069e-02,1.260071694850921631e-01,8.643688261508941650e-02,9.221152216196060181e-02,-1.433156579732894897e-01,2.501395530998706818e-02
-2.452612109482288361e-02,5.900956392288208008e-01,4.851880073547363281e-01,3.125095963478088379e-01,-5.132585391402244568e-02,2.364447861909866333e-01,7.074236273765563965e-01,3.248950839042663574e-01,3.575029373168945312e-01,3.099610209465026855e-01,4.722073674201965332e-02,8.848939090967178345e-02,1.609849184751510620e-01,2.169027626514434814e-01,7.313368469476699829e-02,1.508176624774932861e-01,5.612007379531860352e-01,3.662920892238616943e-01,4.910367131233215332e-01,3.822539150714874268e-01,1.290635913610458374e-01,-1.330222636461257935e-01,2.667714282870292664e-02,1.024535149335861206e-01,-2.609792351722717285e-02,1.000000119209289551e+00,2.036282867193222046e-01,3.859094381332397461e-01,5.185915231704711914e-01,1.067386716604232788e-01,-3.014551289379596710e-02,1.300085708498954773e-02,2.983222305774688721e-01,2.735726833343505859e-01,2.343808561563491821e-01,1.236077547073364258e-01,2.345560491085052490e-01,3.078935146331787109e-01,1.414916515350341797e-01,1.385023593902587891e-01,3.516092300415039062e-01,5.833140015602111816e-01,5.378742814064025879e-01,3.335769772529602051e-01,4.793797731399536133e-01,3.349732458591461182e-01,2.059056051075458527e-02,-1.222297027707099915e-01
3.514645099639892578e-01,2.750810682773590088e-01,2.608737051486968994e-01,1.393496841192245483e-01,1.556724458932876587e-01,1.667667925357818604e-01,1.673683375120162964e-01,1.721521168947219849e-01,9.885922819375991821e-02,1.456213444471359253e-01,5.641924962401390076e-02,2.180600762367248535e-01,1.407786160707473755e-01,2.766223251819610596e-01,3.043080568313598633e-01,8.709773421287536621e-02,1.193508058786392212e-01,8.463130891323089600e-02,1.304431706666946411e-01,2.809449471533298492e-02,-1.136260852217674255e-02,-1.606696993112564087e-01,-1.511507481336593628e-01,-1.506163328886032104e-01,5.297734737396240234e-01,2.036282867193222046e-01,1.000000119209289551e+00,4.946433305740356445e-01,3.588204085826873779e-01,1.516817212104797363e-01,9.534426778554916382e-02,-2.105919718742370605e-01,3.929592072963714600e-01,1.191396415233612061e-01,7.989746332168579102e-02,-1.184096708893775940e-01,1.825027763843536377e-01,3.634029030799865723e-01,3.627650812268257141e-02,-8.449639379978179932e-02,5.397987738251686096e-02,1.226699575781822205e-01,1.099967658519744873e-01,2.334175556898117065e-01,3.348969817161560059e-01,7.821586728096008301e-02,-1.172392368316650391e-01,-2.173720151185989380e-01
3.862553536891937256e-01,5.390345454216003418e-01,5.508478283882141113e-01,4.724436700344085693e-01,1.958012580871582031e-01,4.051091074943542480e-01,3.176204860210418701e-01,4.152077138423919678e-01,2.388975024223327637e-01,3.034828007221221924e-01,2.941773831844329834e-01,2.602806389331817627e-01,5.897407233715057373e-02,1.239532455801963806e-01,-1.288824249058961868e-02,-7.228687405586242676e-02,3.155284523963928223e-01,9.336572885513305664e-02,1.665737181901931763e-01,8.568103425204753876e-03,-4.171220585703849792e-02,-1.632706075906753540e-01,-1.696395725011825562e-01,3.042463446035981178e-03,3.640615642070770264e-01,3.859094381332397461e-01,4.946433305740356445e-01,9.999998807907104492e-01,7.530734539031982422e-01,2.609046101570129395e-01,2.416052371263504028e-01,-1.323127448558807373e-01,4.179425537586212158e-01,3.254060149192810059e-01,3.689770698547363281e-01,-1.156474091112613678e-02,2.210466116666793823e-01,2.531096339225769043e-01,8.835685439407825470e-03,-9.022049605846405029e-03,4.457574486732482910e-01,3.446639776229858398e-01,3.021380007266998291e-01,2.483241111040115356e-01,4.189565181732177734e-01,2.667918503284454346e-01,-3.269156813621520996e-02,-2.243563383817672729e-01
1.797854602336883545e-01,6.871959567070007324e-01,4.725961387157440186e-01,4.141514003276824951e-01,1.446201056241989136e-01,4.107445478439331055e-01,4.660528898239135742e-01,4.254718422889709473e-01,2.851103246212005615e-01,3.545021414756774902e-01,1.930020600557327271e-01,6.258724629878997803e-02,3.988800942897796631e-02,1.174192130565643311e-01,-8.086121082305908203e-02,-5.843383446335792542e-02,4.371952414512634277e-01,2.856392860412597656e-01,3.421798944473266602e-01,2.043920606374740601e-01,7.308623939752578735e-02,-1.666918396949768066e-01,-1.217009350657463074e-01,1.324153095483779907e-01,1.339355111122131348e-01,5.185915231704711914e-01,3.588204085826873779e-01,7.530734539031982422e-01,1.000000357627868652e+00,2.915263772010803223e-01,2.187079042196273804e-01,-6.847782991826534271e-03,4.246222972869873047e-01,3.470422625541687012e-01,3.302448987960815430e-01,1.449361145496368408e-01,2.323803603649139404e-01,2.171605825424194336e-01,6.368823349475860596e-02,5.321189761161804199e-02,5.443378090858459473e-01,5.119014978408813477e-01,4.527708292007446289e-01,3.252725303173065186e-01,4.876890182495117188e-01,3.558461964130401611e-01,6.919562816619873047e-02,-1.998475044965744019e-01
7.737153023481369019e-02,1.599968522787094116e-01,1.439663022756576538e-01,1.090260446071624756e-01,-1.348747313022613525e-01,1.634114980697631836e-02,9.356934577226638794e-02,2.871241569519042969e-01,1.677524149417877197e-01,1.897656768560409546e-01,3.470454514026641846e-01,3.500169813632965088e-01,1.379051357507705688e-01,1.425731778144836426e-01,1.519499421119689941e-01,7.582404464483261108e-02,1.292576938867568970e-01,1.045973002910614014e-01,1.728681176900863647e-01,3.269755467772483826e-02,4.587873443961143494e-02,2.736019492149353027e-01,-8.165219426155090332e-02,-9.953394532203674316e-02,1.577643603086471558e-01,1.067386716604232788e-01,1.516817212104797363e-01,2.609046101570129395e-01,2.915263772010803223e-01,1.000000357627868652e+00,5.438569784164428711e-01,-3.994948789477348328e-02,1.054515317082405090e-01,6.940991431474685669e-02,2.683373689651489258e-01,-6.738051027059555054e-02,7.707472145557403564e-02,2.870399653911590576e-01,-3.169797826558351517e-03,-1.564685255289077759e-01,-1.917119696736335754e-02,1.083856821060180664e-01,1.971410661935806274e-01,2.208854705095291138e-01,2.665880024433135986e-01,2.306156009435653687e-01,-1.045388802886009216e-01,-6.824721395969390869e-02
-6.133746728301048279e-02,6.807097792625427246e-02,1.300229132175445557e-01,1.707891076803207397e-01,-1.344113796949386597e-01,-4.984367638826370239e-02,5.146249756217002869e-02,1.176435127854347229e-01,2.194952964782714844e-01,1.720419675111770630e-01,2.719036638736724854e-01,2.540453150868415833e-02,5.830492824316024780e-02,8.354759961366653442e-02,-1.275206208229064941e-01,-4.617981240153312683e-02,1.384833008050918579e-01,2.362167686223983765e-01,8.439933508634567261e-02,2.366113290190696716e-02,1.098256111145019531e-01,5.530587434768676758e-01,1.158925294876098633e-01,2.804675996303558350e-01,6.912735104560852051e-02,-3.014551289379596710e-02,9.534426778554916382e-02,2.416052371263504028e-01,2.187079042196273804e-01,5.438569784164428711e-01,1.000000000000000000e+00,3.631000518798828125e-01,-2.532847225666046143e-03,1.438930034637451172e-01,3.611059188842773438e-01,2.734329402446746826e-01,7.383085042238235474e-02,3.310807049274444580e-01,2.999251484870910645e-01,1.335630118846893311e-01,-5.009468272328376770e-02,-5.169563926756381989e-03,1.673258543014526367e-01,1.254707723855972290e-01,1.476524770259857178e-01,1.762234568595886230e-01,3.561939001083374023e-01,2.379334531724452972e-02
-2.438133060932159424e-01,9.115103632211685181e-03,-1.034785881638526917e-01,-1.400366425514221191e-01,-5.194206535816192627e-02,-1.161490082740783691e-01,1.455847769975662231e-01,-7.980821281671524048e-02,8.561093360185623169e-02,-7.313318550586700439e-02,-7.077614217996597290e-02,-3.885805606842041016e-01,-2.275587432086467743e-02,-1.396961957216262817e-01,-2.892470061779022217e-01,-1.200606748461723328e-01,1.170648932456970215e-01,3.081129491329193115e-01,1.132704019546508789e-01,1.771714240312576294e-01,1.681831330060958862e-01,4.881058931350708008e-01,6.475933790206909180e-01,7.772856950759887695e-01,-2.492699325084686279e-01,1.300085708498954773e-02,-2.105919718742370605e-01,-1.323127448558807373e-01,-6.847782991826534271e-03,-3.994948789477348328e-02,3.631000518798828125e-01,9.999996423721313477e-01,-1.304008364677429199e-01,-7.236737757921218872e-02,2.651586942374706268e-02,7.349457740783691406e-01,-1.037157997488975525e-01,-7.655975408852100372e-03,5.474362969398498535e-01,6.267621517181396484e-01,-7.587708532810211182e-02,2.340714260935783386e-02,1.009856835007667542e-01,2.126057073473930359e-02,-3.803545609116554260e-02,2.469174936413764954e-02,8.218894600868225098e-01,5.386567711830139160e-01
2.023132294416427612e-01,5.477572679519653320e-01,3.051199018955230713e-01,6.243012472987174988e-02,4.268068075180053711e-01,5.360257625579833984e-01,3.450999855995178223e-01,5.783381462097167969e-01,2.608138024806976318e-01,2.483356148004531860e-01,2.839681506156921387e-01,4.000597000122070312e-01,3.938803970813751221e-01,5.114558339118957520e-01,4.153633713722229004e-01,3.889758586883544922e-01,2.623858749866485596e-01,1.917305141687393188e-01,2.546043395996093750e-01,1.680434346199035645e-01,2.326782941818237305e-01,-1.871263682842254639e-01,-8.212406933307647705e-02,-2.139799296855926514e-02,8.736472576856613159e-02,2.983222305774688721e-01,3.929592072963714600e-01,4.179425537586212158e-01,4.246222972869873047e-01,1.054515317082405090e-01,-2.532847225666046143e-03,-1.304008364677429199e-01,9.999997615814208984e-01,5.314480066299438477e-01,3.396184444427490234e-01,1.530237030237913132e-02,5.623573660850524902e-01,4.713876545429229736e-01,1.902356445789337158e-01,-3.543051332235336304e-02,3.618176877498626709e-01,3.863636255264282227e-01,3.200945258140563965e-01,3.424400091171264648e-01,3.799208402633666992e-01,2.661170065402984619e-01,-8.772812038660049438e-02,-2.725871205329895020e-01
