9.999998807907104492e-01,6.947702169418334961e-01,6.141172051429748535e-01,6.067134141921997070e-01,6.309242844581604004e-01,5.775057077407836914e-01,4.613930881023406982e-01,2.922506332397460938e-01,3.751406371593475342e-01,3.481745123863220215e-01,4.501451551914215088e-01,7.250484824180603027e-01,6.521725058555603027e-01,6.209952235221862793e-01,6.184254288673400879e-01,6.478752493858337402e-01,5.986366271972656250e-01,4.552901387214660645e-01,3.535403013229370117e-01,2.968409657478332520e-01,4.699648320674896240e-01
6.947702169418334961e-01,1.000000476837158203e+00,5.251218676567077637e-01,5.856925249099731445e-01,5.635827779769897461e-01,5.173377394676208496e-01,4.384069740772247314e-01,2.816850841045379639e-01,2.722097635269165039e-01,3.846459388732910156e-01,4.236750006675720215e-01,6.766695976257324219e-01,7.212788462638854980e-01,5.423728823661804199e-01,6.033045053482055664e-01,5.981743931770324707e-01,5.606017112731933594e-01,4.368896484375000000e-01,3.274689316749572754e-01,3.123829364776611328e-01,4.447221755981445312e-01
6.141172051429748535e-01,5.251218676567077637e-01,1.000000476837158203e+00,5.226970911026000977e-01,6.977778673171997070e-01,4.451090395450592041e-01,3.704787194728851318e-01,1.129717007279396057e-01,3.520699441432952881e-01,3.468968868255615234e-01,4.469433128833770752e-01,6.228795647621154785e-01,5.246997475624084473e-01,7.453548908233642578e-01,5.430545806884765625e-01,6.797277331352233887e-01,4.785637259483337402e-01,3.551601171493530273e-01,2.590867578983306885e-01,2.675479948520660400e-01,4.006053209304809570e-01
6.067134141921997070e-01,5.856925249099731445e-01,5.226970911026000977e-01,1.000000238418579102e+00,5.445194840431213379e-01,5.345051288604736328e-01,4.881545305252075195e-01,2.586682736873626709e-01,3.378087580204010010e-01,3.795669078826904297e-01,3.709495961666107178e-01,6.063254475593566895e-01,5.647312998771667480e-01,5.163667201995849609e-01,7.341364026069641113e-01,5.709127783775329590e-01,5.723111033439636230e-01,4.826197922229766846e-01,2.724978029727935791e-01,3.091366887092590332e-01,4.346920251846313477e-01
6.309242844581604004e-01,5.635827779769897461e-01,6.977778673171997070e-01,5.445194840431213379e-01,1.000000596046447754e+00,4.707985520362854004e-01,3.706459403038024902e-01,1.433072537183761597e-01,3.182976245880126953e-01,3.742330074310302734e-01,4.309380054473876953e-01,6.346617341041564941e-01,5.344008207321166992e-01,7.063727974891662598e-01,5.539747476577758789e-01,7.358772754669189453e-01,5.126488804817199707e-01,3.399164080619812012e-01,2.598631680011749268e-01,2.689711451530456543e-01,4.211186766624450684e-01
5.775057077407836914e-01,5.173377394676208496e-01,4.451090395450592041e-01,5.345051288604736328e-01,4.707985520362854004e-01,1.000000000000000000e+00,5.393540859222412109e-01,2.708085775375366211e-01,3.705573081970214844e-01,2.900153398513793945e-01,4.390803575515747070e-01,6.100311279296875000e-01,5.557588338851928711e-01,4.510456919670104980e-01,5.510066151618957520e-01,4.987461268901824951e-01,6.414176821708679199e-01,4.579799771308898926e-01,3.745079040527343750e-01,3.143965899944305420e-01,4.450959563255310059e-01
4.613930881023406982e-01,4.384069740772247314e-01,3.704787194728851318e-01,4.881545305252075195e-01,3.706459403038024902e-01,5.393540859222412109e-01,1.000000357627868652e+00,2.700861692428588867e-01,3.019004166126251221e-01,2.430368363857269287e-01,3.382744491100311279e-01,5.020968914031982422e-01,4.685523509979248047e-01,3.824397325515747070e-01,5.041918754577636719e-01,3.839013278484344482e-01,4.879100620746612549e-01,4.581607282161712646e-01,3.078181445598602295e-01,2.985589504241943359e-01,3.571413755416870117e-01
2.922506332397460938e-01,2.816850841045379639e-01,1.129717007279396057e-01,2.586682736873626709e-01,1.433072537183761597e-01,2.708085775375366211e-01,2.700861692428588867e-01,1.000000238418579102e+00,1.682051271200180054e-01,6.407580524682998657e-02,1.537719368934631348e-01,2.716374695301055908e-01,2.721543908119201660e-01,1.233699321746826172e-01,2.524426877498626709e-01,1.606246978044509888e-01,2.634897232055664062e-01,2.124790549278259277e-01,1.913541853427886963e-01,1.834326386451721191e-01,2.018112987279891968e-01
3.751406371593475342e-01,2.722097635269165039e-01,3.520699441432952881e-01,3.378087580204010010e-01,3.182976245880126953e-01,3.705573081970214844e-01,3.019004166126251221e-01,1.682051271200180054e-01,1.000000357627868652e+00,3.106122314929962158e-01,1.837762594223022461e-01,3.669726848602294922e-01,3.268764615058898926e-01,3.397263288497924805e-01,3.425487875938415527e-01,3.103079795837402344e-01,3.498291969299316406e-01,2.046787291765213013e-01,3.699139952659606934e-01,2.693055868148803711e-01,2.309686392545700073e-01
3.481745123863220215e-01,3.846459388732910156e-01,3.468968868255615234e-01,3.795669078826904297e-01,3.742330074310302734e-01,2.900153398513793945e-01,2.430368363857269287e-01,6.407580524682998657e-02,3.106122314929962158e-01,9.999997615814208984e-01,2.222679704427719116e-01,3.638983964920043945e-01,3.364447057247161865e-01,3.588227331638336182e-01,3.944892883300781250e-01,3.886202871799468994e-01,3.544284701347351074e-01,3.074555099010467529e-01,4.435543119907379150e-01,4.383091926574707031e-01,2.976888716220855713e-01
4.501451551914215088e-01,4.236750006675720215e-01,4.469433128833770752e-01,3.709495961666107178e-01,4.309380054473876953e-01,4.390803575515747070e-01,3.382744491100311279e-01,1.537719368934631348e-01,1.837762594223022461e-01,2.222679704427719116e-01,1.000000357627868652e+00,4.903319180011749268e-01,4.597184062004089355e-01,4.676720798015594482e-01,4.031029045581817627e-01,4.695030152797698975e-01,4.030888676643371582e-01,3.393924236297607422e-01,2.334662824869155884e-01,2.680568397045135498e-01,5.085409283638000488e-01
7.250484824180603027e-01,6.766695976257324219e-01,6.228795647621154785e-01,6.063254475593566895e-01,6.346617341041564941e-01,6.100311279296875000e-01,5.020968914031982422e-01,2.716374695301055908e-01,3.669726848602294922e-01,3.638983964920043945e-01,4.903319180011749268e-01,9.999998807907104492e-01,6.986393928527832031e-01,6.360260844230651855e-01,6.359825730323791504e-01,6.691957712173461914e-01,6.549434661865234375e-01,5.165882706642150879e-01,3.613583147525787354e-01,3.407876491546630859e-01,5.218259096145629883e-01
6.521725058555603027e-01,7.212788462638854980e-01,5.246997475624084473e-01,5.647312998771667480e-01,5.344008207321166992e-01,5.557588338851928711e-01,4.685523509979248047e-01,2.721543908119201660e-01,3.268764615058898926e-01,3.364447057247161865e-01,4.597184062004089355e-01,6.986393928527832031e-01,1.000000119209289551e+00,5.371843576431274414e-01,5.969726443290710449e-01,5.888799428939819336e-01,5.843520164489746094e-01,4.607114195823669434e-01,3.182950913906097412e-01,3.257571756839752197e-01,4.765781462192535400e-01
6.209952235221862793e-01,5.423728823661804199e-01,7.453548908233642578e-01,5.163667201995849609e-01,7.063727974891662598e-01,4.510456919670104980e-01,3.824397325515747070e-01,1.233699321746826172e-01,3.397263288497924805e-01,3.588227331638336182e-01,4.676720798015594482e-01,6.360260844230651855e-01,5.371843576431274414e-01,1.000000000000000000e+00,5.489042401313781738e-01,6.956157088279724121e-01,5.057383179664611816e-01,3.666186034679412842e-01,2.816507518291473389e-01,2.845997214317321777e-01,4.248187839984893799e-01
6.184254288673400879e-01,6.033045053482055664e-01,5.430545806884765625e-01,7.341364026069641113e-01,5.539747476577758789e-01,5.510066151618957520e-01,5.041918754577636719e-01,2.524426877498626709e-01,3.425487875938415527e-01,3.944892883300781250e-01,4.031029045581817627e-01,6.359825730323791504e-01,5.969726443290710449e-01,5.489042401313781738e-01,1.000000119209289551e+00,5.915029048919677734e-01,6.062681078910827637e-01,5.025430917739868164e-01,2.831241190433502197e-01,3.208113014698028564e-01,4.741882681846618652e-01
6.478752493858337402e-01,5.981743931770324707e-01,6.797277331352233887e-01,5.709127783775329590e-01,7.358772754669189453e-01,4.987461268901824951e-01,3.839013278484344482e-01,1.606246978044509888e-01,3.103079795837402344e-01,3.886202871799468994e-01,4.695030152797698975e-01,6.691957712173461914e-01,5.888799428939819336e-01,6.956157088279724121e-01,5.915029048919677734e-01,1.000000238418579102e+00,5.462709665298461914e-01,3.819775283336639404e-01,2.680258154869079590e-01,2.921551167964935303e-01,4.871541857719421387e-01
5.986366271972656250e-01,5.606017112731933594e-01,4.785637259483337402e-01,5.723111033439636230e-01,5.126488804817199707e-01,6.414176821708679199e-01,4.879100620746612549e-01,2.634897232055664062e-01,3.498291969299316406e-01,3.544284701347351074e-01,4.030888676643371582e-01,6.549434661865234375e-01,5.843520164489746094e-01,5.057383179664611816e-01,6.062681078910827637e-01,5.462709665298461914e-01,9.999999403953552246e-01,5.659649372100830078e-01,3.824656307697296143e-01,3.517347276210784912e-01,4.634734988212585449e-01
4.552901387214660645e-01,4.368896484375000000e-01,3.551601171493530273e-01,4.826197922229766846e-01,3.399164080619812012e-01,4.579799771308898926e-01,4.581607282161712646e-01,2.124790549278259277e-01,2.046787291765213013e-01,3.074555099010467529e-01,3.393924236297607422e-01,5.165882706642150879e-01,4.607114195823669434e-01,3.666186034679412842e-01,5.025430917739868164e-01,3.819775283336639404e-01,5.659649372100830078e-01,1.000000476837158203e+00,2.823976874351501465e-01,3.368609249591827393e-01,4.347244799137115479e-01
3.535403013229370117e-01,3.274689316749572754e-01,2.590867578983306885e-01,2.724978029727935791e-01,2.598631680011749268e-01,3.745079040527343750e-01,3.078181445598602295e-01,1.913541853427886963e-01,3.699139952659606934e-01,4.435543119907379150e-01,2.334662824869155884e-01,3.613583147525787354e-01,3.182950913906097412e-01,2.816507518291473389e-01,2.831241190433502197e-01,2.680258154869079590e-01,3.824656307697296143e-01,2.823976874351501465e-01,1.000000238418579102e+00,4.972408711910247803e-01,2.551272511482238770e-01
2.968409657478332520e-01,3.123829364776611328e-01,2.675479948520660400e-01,3.091366887092590332e-01,2.689711451530456543e-01,3.143965899944305420e-01,2.985589504241943359e-01,1.834326386451721191e-01,2.693055868148803711e-01,4.383091926574707031e-01,2.680568397045135498e-01,3.407876491546630859e-01,3.257571756839752197e-01,2.845997214317321777e-01,3.208113014698028564e-01,2.921551167964935303e-01,3.517347276210784912e-01,3.368609249591827393e-01,4.972408711910247803e-01,1.000000000000000000e+00,2.829453647136688232e-01
4.699648320674896240e-01,4.447221755981445312e-01,4.006053209304809570e-01,4.346920251846313477e-01,4.211186766624450684e-01,4.450959563255310059e-01,3.571413755416870117e-01,2.018112987279891968e-01,2.309686392545700073e-01,2.976888716220855713e-01,5.085409283638000488e-01,5.218259096145629883e-01,4.765781462192535400e-01,4.248187839984893799e-01,4.741882681846618652e-01,4.871541857719421387e-01,4.634734988212585449e-01,4.347244799137115479e-01,2.551272511482238770e-01,2.829453647136688232e-01,1.000000238418579102e+00
