9.999997615814208984e-01,3.268077969551086426e-01,-2.205705828964710236e-02,3.118180632591247559e-01,6.116744875907897949e-01,5.729635357856750488e-01,1.878747195005416870e-01,6.747512221336364746e-01,2.232953011989593506e-01,7.813812792301177979e-02,3.583101332187652588e-01,7.564931362867355347e-02,2.629858851432800293e-01,4.263066351413726807e-01,3.265242874622344971e-01,3.702593147754669189e-01,2.818367183208465576e-01,3.646019473671913147e-02,4.288618862628936768e-01,4.076989591121673584e-01,2.920240759849548340e-01,1.917166262865066528e-01,2.844305038452148438e-01,-1.346203535795211792e-01,5.800475478172302246e-01,-2.129400372505187988e-01,4.586031734943389893e-01,4.653388559818267822e-01,1.102974638342857361e-01,-1.447869092226028442e-01,-3.210311289876699448e-03,-2.789683640003204346e-02,6.063031554222106934e-01,3.723913431167602539e-01,1.455451846122741699e-01,1.455038227140903473e-02,5.665418505668640137e-01,4.323885440826416016e-01,3.885700404644012451e-01,2.081527709960937500e-01,3.729235529899597168e-01,2.534570693969726562e-01,3.856127262115478516e-01,2.775420546531677246e-01,1.365512013435363770e-01,1.842480152845382690e-01,-1.767515391111373901e-01,-1.764319464564323425e-02
3.268077969551086426e-01,1.000000119209289551e+00,-4.875901341438293457e-02,2.419539541006088257e-01,4.356571137905120850e-01,4.775530695915222168e-01,2.724642753601074219e-01,2.692730426788330078e-01,4.800953567028045654e-01,4.901690483093261719e-01,2.537569105625152588e-01,4.730997681617736816e-01,2.707664966583251953e-01,1.657360047101974487e-01,3.678082823753356934e-01,3.132996559143066406e-01,2.606292963027954102e-01,1.245270743966102600e-01,3.383706510066986084e-01,3.304827213287353516e-01,2.850713431835174561e-01,2.427253574132919312e-01,1.199528202414512634e-01,2.499353699386119843e-02,1.422126442193984985e-01,8.838517218828201294e-02,1.724015921354293823e-01,2.384845465421676636e-01,2.570931017398834229e-01,7.711237668991088867e-02,1.316313147544860840e-01,1.116321906447410583e-01,1.494576930999755859e-01,2.838639318943023682e-01,2.638745307922363281e-01,6.056702509522438049e-02,3.243201375007629395e-01,2.873307168483734131e-01,4.186173379421234131e-01,2.583582401275634766e-01,6.249502897262573242e-01,6.580305695533752441e-01,2.808879315853118896e-01,6.365577578544616699e-01,5.322182774543762207e-01,3.668273091316223145e-01,2.340405434370040894e-02,1.328724622726440430e-01
-2.205705828964710236e-02,-4.875901341438293457e-02,9.999998211860656738e-01,1.066955476999282837e-01,-1.510707139968872070e-01,-4.128982778638601303e-03,2.980667650699615479e-01,-1.319444030523300171e-01,9.283567965030670166e-02,1.070354804396629333e-01,-7.314085215330123901e-02,9.126465022563934326e-02,-1.898179203271865845e-02,-8.779104799032211304e-02,-3.840963169932365417e-02,-8.413383364677429199e-02,1.240371540188789368e-01,1.224654987454414368e-01,6.085461005568504333e-02,1.344781648367643356e-02,1.210820861160755157e-02,-2.642879495397210121e-03,-6.488367170095443726e-02,9.404297918081283569e-03,-8.093562722206115723e-02,3.803922533988952637e-01,-1.611941605806350708e-01,-1.236716844141483307e-02,1.992133110761642456e-01,5.195779725909233093e-02,6.360428407788276672e-03,-5.736063048243522644e-02,-1.444304734468460083e-01,-1.204843372106552124e-01,-2.477545477449893951e-02,5.100787431001663208e-02,-8.774841576814651489e-02,-1.093456521630287170e-01,-4.205665364861488342e-02,-2.268679253756999969e-02,-9.072583168745040894e-03,1.152495369315147400e-01,4.324693605303764343e-02,-3.285576775670051575e-02,2.136121839284896851e-01,2.194088883697986603e-02,1.507604308426380157e-02,-9.482758492231369019e-02
3.118180632591247559e-01,2.419539541006088257e-01,1.066955476999282837e-01,9.999996423721313477e-01,3.553732335567474365e-01,4.743243455886840820e-01,4.541791975498199463e-01,7.749139517545700073e-02,4.159566387534141541e-02,1.715916842222213745e-01,-5.933667346835136414e-02,-7.612386252731084824e-03,2.570900321006774902e-01,1.348906010389328003e-01,6.703357212245464325e-03,1.420471221208572388e-01,3.614992797374725342e-01,1.307363510131835938e-01,3.027285337448120117e-01,4.148316979408264160e-01,2.272284924983978271e-01,2.220208495855331421e-01,1.666532903909683228e-01,-8.977161347866058350e-02,1.966509819030761719e-01,7.805142551660537720e-02,3.167238086462020874e-02,5.211179852485656738e-01,3.282198607921600342e-01,2.071525752544403076e-01,6.355839222669601440e-02,8.347016572952270508e-02,-9.853015094995498657e-02,-8.053852617740631104e-02,8.228126913309097290e-02,-9.947986900806427002e-02,1.792289912700653076e-01,4.012949019670486450e-02,1.213176995515823364e-01,-6.001554057002067566e-02,2.810658216476440430e-01,3.079283237457275391e-01,4.933196306228637695e-01,8.350009471178054810e-02,3.094918131828308105e-01,3.164654374122619629e-01,-1.189817711710929871e-01,1.344435010105371475e-02
6.116744875907897949e-01,4.356571137905120850e-01,-1.510707139968872070e-01,3.553732335567474365e-01,1.000000119209289551e+00,6.199834942817687988e-01,2.491549253463745117e-01,5.111849308013916016e-01,2.279676049947738647e-01,2.023687958717346191e-01,3.532999455928802490e-01,7.428136467933654785e-02,4.804428815841674805e-01,3.035491406917572021e-01,2.936409413814544678e-01,3.309837579727172852e-01,2.143456637859344482e-01,-2.856717444956302643e-02,4.298563003540039062e-01,5.862776637077331543e-01,4.699948132038116455e-01,4.035731852054595947e-01,3.876577913761138916e-01,-2.939700186252593994e-01,4.826132953166961670e-01,-1.820783913135528564e-01,1.780897676944732666e-01,2.350367456674575806e-01,-2.506118640303611755e-02,-1.633053421974182129e-01,-1.730873137712478638e-01,-1.842446066439151764e-02,2.913486063480377197e-01,2.560324966907501221e-01,-3.149087727069854736e-02,-1.964371502399444580e-01,4.438714981079101562e-01,3.932966291904449463e-01,3.672591149806976318e-01,1.117154136300086975e-01,4.217433929443359375e-01,3.670117557048797607e-01,4.843178391456604004e-01,3.015850782394409180e-01,1.951676607131958008e-01,3.619094192981719971e-01,-3.141283690929412842e-01,1.256045699119567871e-01
5.729635357856750488e-01,4.775530695915222168e-01,-4.128982778638601303e-03,4.743243455886840820e-01,6.199834942817687988e-01,1.000000238418579102e+00,2.450722903013229370e-01,3.839333653450012207e-01,2.788394987583160400e-01,3.210316300392150879e-01,2.571898102760314941e-01,1.800566464662551880e-01,3.775302767753601074e-01,2.736319899559020996e-01,2.634152173995971680e-01,4.170674085617065430e-01,1.827709823846817017e-01,-2.453959546983242035e-02,3.375487029552459717e-01,4.420890510082244873e-01,3.129623830318450928e-01,1.947513967752456665e-01,1.704173833131790161e-01,-1.613578945398330688e-01,3.526262640953063965e-01,-5.586057901382446289e-02,3.314355611801147461e-01,3.808500170707702637e-01,2.363321036100387573e-01,-1.651136763393878937e-02,-6.796869635581970215e-02,-9.232236072421073914e-03,2.428456991910934448e-01,1.990371942520141602e-01,1.584833860397338867e-01,-9.077224135398864746e-02,4.372566342353820801e-01,3.039515912532806396e-01,3.693189620971679688e-01,8.330826461315155029e-02,5.026952624320983887e-01,5.327768921852111816e-01,4.248639643192291260e-01,3.761512339115142822e-01,3.635168671607971191e-01,4.076379239559173584e-01,-2.269098609685897827e-01,-1.462007220834493637e-02
1.878747195005416870e-01,2.724642753601074219e-01,2.980667650699615479e-01,4.541791975498199463e-01,2.491549253463745117e-01,2.450722903013229370e-01,1.000000119209289551e+00,1.136247143149375916e-01,2.053084671497344971e-01,2.297021150588989258e-01,7.726164907217025757e-02,1.313160806894302368e-01,3.170072734355926514e-01,2.035686820745468140e-01,1.255733817815780640e-01,2.194512933492660522e-01,5.870479941368103027e-01,3.458178341388702393e-01,4.326930046081542969e-01,4.628570973873138428e-01,3.223800361156463623e-01,2.188083976507186890e-01,2.338188290596008301e-01,-1.515941973775625229e-02,1.648395210504531860e-01,1.129684895277023315e-01,-5.694654211401939392e-02,9.047530591487884521e-02,1.403460502624511719e-01,2.734428048133850098e-01,2.121917754411697388e-01,2.232152409851551056e-02,-5.627943575382232666e-02,9.230634570121765137e-02,1.034841611981391907e-01,2.373239770531654358e-02,1.783828139305114746e-01,1.058134958148002625e-01,2.038827985525131226e-01,-3.663028404116630554e-02,2.466723769903182983e-01,3.540181815624237061e-01,4.354780912399291992e-01,2.644143998622894287e-01,3.037760853767395020e-01,3.469389081001281738e-01,-4.147362336516380310e-02,2.811593376100063324e-02
6.747512221336364746e-01,2.692730426788330078e-01,-1.319444030523300171e-01,7.749139517545700073e-02,5.111849308013916016e-01,3.839333653450012207e-01,1.136247143149375916e-01,9.999997615814208984e-01,2.901011407375335693e-01,1.272033154964447021e-01,6.105452179908752441e-01,1.798838675022125244e-01,2.697019577026367188e-01,6.486093997955322266e-01,4.974994063377380371e-01,3.091515302658081055e-01,2.192307561635971069e-01,1.106821186840534210e-02,4.465136528015136719e-01,3.650020062923431396e-01,2.711825668811798096e-01,2.036495804786682129e-01,3.627808690071105957e-01,-1.395401507616043091e-01,6.225307583808898926e-01,-1.756430268287658691e-01,3.484927415847778320e-01,2.937822043895721436e-01,-8.568301796913146973e-02,-3.062567412853240967e-01,-7.192661613225936890e-02,-9.987678378820419312e-02,6.384154558181762695e-01,4.238101243972778320e-01,8.758444339036941528e-02,9.241460822522640228e-03,7.645447254180908203e-01,5.048207640647888184e-01,3.687931299209594727e-01,2.292494326829910278e-01,2.797240614891052246e-01,1.943783313035964966e-01,3.099785149097442627e-01,3.388619720935821533e-01,6.896754354238510132e-02,1.780015081167221069e-01,-1.612423211336135864e-01,2.141238749027252197e-02
2.232953011989593506e-01,4.800953567028045654e-01,9.283567965030670166e-02,4.159566387534141541e-02,2.279676049947738647e-01,2.788394987583160400e-01,2.053084671497344971e-01,2.901011407375335693e-01,1.000000119209289551e+00,6.373218894004821777e-01,5.364710688591003418e-01,6.870169639587402344e-01,2.806037962436676025e-01,1.251562684774398804e-01,5.935031771659851074e-01,2.013807445764541626e-01,2.201918512582778931e-01,1.778828650712966919e-01,2.181748002767562866e-01,2.298194766044616699e-01,1.954005956649780273e-01,1.615175306797027588e-01,4.123423621058464050e-02,-1.427936647087335587e-02,2.169931083917617798e-01,-9.610846173018217087e-04,9.643963724374771118e-02,7.882364839315414429e-02,-2.854255214333534241e-02,-7.840539515018463135e-02,3.121180087327957153e-02,-6.873980909585952759e-02,1.385512351989746094e-01,2.535647749900817871e-01,3.060092628002166748e-01,-3.964336123317480087e-03,1.514526456594467163e-01,4.195671677589416504e-01,1.951100975275039673e-01,-3.157536685466766357e-02,3.284072279930114746e-01,5.051287412643432617e-01,1.881957799196243286e-01,6.799163222312927246e-01,3.986238241195678711e-01,4.143540263175964355e-01,-3.235562518239021301e-02,2.364078350365161896e-02
7.813812792301177979e-02,4.901690483093261719e-01,1.070354804396629333e-01,1.715916842222213745e-01,2.023687958717346191e-01,3.210316300392150879e-01,2.297021150588989258e-01,1.272033154964447021e-01,6.373218894004821777e-01,9.999997615814208984e-01,3.723529577255249023e-01,7.018744945526123047e-01,4.646355509757995605e-01,1.208134442567825317e-01,4.248388111591339111e-01,1.264102756977081299e-01,2.427109479904174805e-01,1.181333810091018677e-01,2.464489936828613281e-01,3.385288119316101074e-01,2.089849710464477539e-01,1.578133553266525269e-01,9.669886529445648193e-02,1.777417212724685669e-02,1.115037947893142700e-01,1.531646102666854858e-01,1.250413805246353149e-02,7.313869148492813110e-02,1.492411494255065918e-01,-1.377764041535556316e-03,3.898752480745315552e-02,1.317264884710311890e-02,-6.823866069316864014e-02,-7.016422227025032043e-03,1.424500942230224609e-01,2.216845005750656128e-02,8.946938812732696533e-02,1.631524264812469482e-01,3.840027004480361938e-02,-1.787662208080291748e-01,3.352109193801879883e-01,7.061840891838073730e-01,3.272934257984161377e-01,4.549972116947174072e-01,6.492036581039428711e-01,7.149245142936706543e-01,-1.250694599002599716e-02,-6.666530668735504150e-02
3.583101332187652588e-01,2.537569105625152588e-01,-7.314085215330123901e-02,-5.933667346835136414e-02,3.532999455928802490e-01,2.571898102760314941e-01,7.726164907217025757e-02,6.105452179908752441e-01,5.364710688591003418e-01,3.723529577255249023e-01,1.000000238418579102e+00,4.566156566143035889e-01,2.172385752201080322e-01,3.917377591133117676e-01,6.783393621444702148e-01,1.045605987310409546e-01,5.078180506825447083e-02,-6.503851711750030518e-02,2.024839967489242554e-01,1.825919747352600098e-01,1.185675784945487976e-01,1.758027225732803345e-01,1.442793905735015869e-01,-1.518873423337936401e-01,4.422173500061035156e-01,-1.218815892934799194e-01,2.904157340526580811e-01,1.135619878768920898e-01,-1.607930362224578857e-01,-2.686821222305297852e-01,-1.376794427633285522e-01,-4.800483956933021545e-02,4.767013490200042725e-01,3.939348459243774414e-01,5.742490291595458984e-02,-9.257967025041580200e-02,3.499473333358764648e-01,5.775946378707885742e-01,1.412874758243560791e-01,3.927789628505706787e-02,1.623813211917877197e-01,3.258102238178253174e-01,1.570191979408264160e-01,4.150011539459228516e-01,1.588581502437591553e-01,2.819495499134063721e-01,-1.371420919895172119e-01,9.601224213838577271e-02
7.564931362867355347e-02,4.730997681617736816e-01,9.126465022563934326e-02,-7.612386252731084824e-03,7.428136467933654785e-02,1.800566464662551880e-01,1.313160806894302368e-01,1.798838675022125244e-01,6.870169639587402344e-01,7.018744945526123047e-01,4.566156566143035889e-01,9.999997615814208984e-01,1.832559555768966675e-01,1.391630023717880249e-01,6.236236691474914551e-01,1.647492349147796631e-01,1.600926816463470459e-01,8.750758320093154907e-02,1.527403146028518677e-01,8.832968771457672119e-02,1.319426447153091431e-01,1.120777502655982971e-01,4.779630806297063828e-03,1.153242141008377075e-01,4.211553931236267090e-02,1.071358248591423035e-01,-2.576647559180855751e-03,2.760756760835647583e-02,6.170079484581947327e-02,-6.472744047641754150e-02,8.751767128705978394e-02,5.273218825459480286e-02,2.640471979975700378e-02,1.456735730171203613e-01,2.203745841979980469e-01,8.053455501794815063e-02,1.038402616977691650e-01,2.575087547302246094e-01,1.175383254885673523e-01,2.906424738466739655e-02,2.821823060512542725e-01,5.301766991615295410e-01,1.392110884189605713e-01,5.707662701606750488e-01,5.018046498298645020e-01,3.990625739097595215e-01,1.047548353672027588e-01,3.397995606064796448e-02
2.629858851432800293e-01,2.707664966583251953e-01,-1.898179203271865845e-02,2.570900321006774902e-01,4.804428815841674805e-01,3.775302767753601074e-01,3.170072734355926514e-01,2.697019577026367188e-01,2.806037962436676025e-01,4.646355509757995605e-01,2.172385752201080322e-01,1.832559555768966675e-01,1.000000238418579102e+00,2.531453967094421387e-01,1.610662341117858887e-01,4.549801945686340332e-01,3.861203491687774658e-01,2.469624876976013184e-01,4.006482064723968506e-01,6.167026758193969727e-01,5.417110919952392578e-01,3.442546427249908447e-01,5.620377659797668457e-01,-1.714365780353546143e-01,3.447046279907226562e-01,-1.923160068690776825e-02,2.213630639016628265e-02,7.966514676809310913e-02,1.147633865475654602e-01,-3.593415766954421997e-02,-5.214683711528778076e-02,-1.406231373548507690e-01,9.468323737382888794e-02,5.234677344560623169e-02,1.916589029133319855e-02,-1.002260204404592514e-02,2.798627316951751709e-01,1.555486023426055908e-01,1.526878178119659424e-01,-4.967521131038665771e-02,2.606261074542999268e-01,4.260579347610473633e-01,5.755450129508972168e-01,2.441131621599197388e-01,3.354997336864471436e-01,5.600439310073852539e-01,-2.340699583292007446e-01,-2.887549623847007751e-02
4.263066351413726807e-01,1.657360047101974487e-01,-8.779104799032211304e-02,1.348906010389328003e-01,3.035491406917572021e-01,2.736319899559020996e-01,2.035686820745468140e-01,6.486093997955322266e-01,1.251562684774398804e-01,1.208134442567825317e-01,3.917377591133117676e-01,1.391630023717880249e-01,2.531453967094421387e-01,9.999997615814208984e-01,3.461794853210449219e-01,2.386601567268371582e-01,1.481827497482299805e-01,-1.222687363624572754e-01,3.292472362518310547e-01,2.503680884838104248e-01,1.576114892959594727e-01,1.099388971924781799e-01,2.620342075824737549e-01,2.497829962521791458e-03,3.363625407218933105e-01,-1.026026159524917603e-01,1.923158317804336548e-01,1.847292929887771606e-01,-4.708177596330642700e-02,-1.780297756195068359e-01,-1.091510877013206482e-01,-4.041394963860511780e-02,3.029727339744567871e-01,1.831898242235183716e-01,2.311826450750231743e-03,4.392037540674209595e-02,6.437710523605346680e-01,2.577077448368072510e-01,1.373189091682434082e-01,6.224891170859336853e-02,1.846610903739929199e-01,1.973071396350860596e-01,3.536732792854309082e-01,2.047779709100723267e-01,8.974207192659378052e-02,2.165988534688949585e-01,-6.232474744319915771e-02,3.301680786535143852e-03
3.265242874622344971e-01,3.678082823753356934e-01,-3.840963169932365417e-02,6.703357212245464325e-03,2.936409413814544678e-01,2.634152173995971680e-01,1.255733817815780640e-01,4.974994063377380371e-01,5.935031771659851074e-01,4.248388111591339111e-01,6.783393621444702148e-01,6.236236691474914551e-01,1.610662341117858887e-01,3.461794853210449219e-01,1.000000119209289551e+00,1.635046899318695068e-01,8.353762328624725342e-02,-7.247529178857803345e-02,2.082128673791885376e-01,1.435118913650512695e-01,1.679871082305908203e-01,1.647299975156784058e-01,1.239135712385177612e-01,-6.077648699283599854e-02,2.794317007064819336e-01,-1.011195555329322815e-01,2.258169502019882202e-01,1.344070732593536377e-01,-8.842512965202331543e-02,-2.115729749202728271e-01,-1.050202697515487671e-01,-3.252147883176803589e-02,3.801350593566894531e-01,4.349185824394226074e-01,1.567795127630233765e-01,-7.838405668735504150e-03,3.213047981262207031e-01,6.870995759963989258e-01,2.074463814496994019e-01,1.280974745750427246e-01,1.427563577890396118e-01,3.909553289413452148e-01,1.627696752548217773e-01,5.018553137779235840e-01,2.676895260810852051e-01,3.100042343139648438e-01,-5.212752893567085266e-02,1.431850045919418335e-01
3.702593147754669189e-01,3.132996559143066406e-01,-8.413383364677429199e-02,1.420471221208572388e-01,3.309837579727172852e-01,4.170674085617065430e-01,2.194512933492660522e-01,3.091515302658081055e-01,2.013807445764541626e-01,1.264102756977081299e-01,1.045605987310409546e-01,1.647492349147796631e-01,4.549801945686340332e-01,2.386601567268371582e-01,1.635046899318695068e-01,9.999997615814208984e-01,2.681313753128051758e-01,1.208506897091865540e-01,3.129092156887054443e-01,3.242274522781372070e-01,3.863001167774200439e-01,7.813856750726699829e-02,2.703289687633514404e-01,-1.262330561876296997e-01,3.135339021682739258e-01,-4.713412839919328690e-03,2.907135784626007080e-01,1.087271422147750854e-01,3.066687285900115967e-02,4.065728560090065002e-02,1.291498634964227676e-02,-9.573753178119659424e-02,3.129715919494628906e-01,1.647489815950393677e-01,1.821197420358657837e-01,-1.078364811837673187e-02,3.920636773109436035e-01,1.736076176166534424e-01,5.168867111206054688e-01,2.024474740028381348e-01,4.500886797904968262e-01,1.886984109878540039e-01,2.980760037899017334e-01,3.623653352260589600e-01,1.152927652001380920e-01,1.630966365337371826e-01,-1.746252775192260742e-01,-1.016344651579856873e-01
2.818367183208465576e-01,2.606292963027954102e-01,1.240371540188789368e-01,3.614992797374725342e-01,2.143456637859344482e-01,1.827709823846817017e-01,5.870479941368103027e-01,2.192307561635971069e-01,2.201918512582778931e-01,2.427109479904174805e-01,5.078180506825447083e-02,1.600926816463470459e-01,3.861203491687774658e-01,1.481827497482299805e-01,8.353762328624725342e-02,2.681313753128051758e-01,1.000000119209289551e+00,6.526928544044494629e-01,6.223377585411071777e-01,5.975710153579711914e-01,4.999657273292541504e-01,3.081355988979339600e-01,3.568298518657684326e-01,-3.582586720585823059e-02,2.263674736022949219e-01,-1.200113911181688309e-02,-4.104986786842346191e-02,2.286343723535537720e-01,1.868489533662796021e-01,1.148606836795806885e-01,3.510243296623229980e-01,1.376339793205261230e-02,7.048476021736860275e-03,1.191866099834442139e-01,2.822420895099639893e-01,8.271057158708572388e-02,2.966795265674591064e-01,8.043064922094345093e-02,2.913208305835723877e-01,1.288215517997741699e-01,2.706896364688873291e-01,3.158537447452545166e-01,5.117650628089904785e-01,2.723128199577331543e-01,3.312635421752929688e-01,3.419092893600463867e-01,-6.235064566135406494e-02,-8.542473614215850830e-02
3.646019473671913147e-02,1.245270743966102600e-01,1.224654987454414368e-01,1.307363510131835938e-01,-2.856717444956302643e-02,-2.453959546983242035e-02,3.458178341388702393e-01,1.106821186840534210e-02,1.778828650712966919e-01,1.181333810091018677e-01,-6.503851711750030518e-02,8.750758320093154907e-02,2.469624876976013184e-01,-1.222687363624572754e-01,-7.247529178857803345e-02,1.208506897091865540e-01,6.526928544044494629e-01,9.999998211860656738e-01,3.619053363800048828e-01,3.728252053260803223e-01,4.715369045734405518e-01,3.401457071304321289e-01,2.284487485885620117e-01,3.975813090801239014e-02,2.819439396262168884e-02,1.515649259090423584e-02,-9.419569373130798340e-02,6.732589006423950195e-02,1.747860610485076904e-01,1.812288910150527954e-01,4.089047610759735107e-01,-1.061546150594949722e-02,-1.824985630810260773e-02,1.058701053261756897e-01,2.939284145832061768e-01,9.445447474718093872e-02,3.844517096877098083e-02,-3.630597144365310669e-02,1.565434932708740234e-01,1.717276573181152344e-01,1.141646578907966614e-01,7.531062513589859009e-02,1.877880394458770752e-01,1.705421358346939087e-01,1.168936789035797119e-01,8.657853305339813232e-02,5.370073020458221436e-02,2.464174851775169373e-02
4.288618862628936768e-01,3.383706510066986084e-01,6.085461005568504333e-02,3.027285337448120117e-01,4.298563003540039062e-01,3.375487029552459717e-01,4.326930046081542969e-01,4.465136528015136719e-01,2.181748002767562866e-01,2.464489936828613281e-01,2.024839967489242554e-01,1.527403146028518677e-01,4.006482064723968506e-01,3.292472362518310547e-01,2.082128673791885376e-01,3.129092156887054443e-01,6.223377585411071777e-01,3.619053363800048828e-01,1.000000476837158203e+00,7.241867780685424805e-01,5.362368822097778320e-01,3.124276995658874512e-01,3.512367904186248779e-01,-1.695987582206726074e-01,2.890371680259704590e-01,-8.910154551267623901e-02,5.133022367954254150e-02,1.784070879220962524e-01,8.397176116704940796e-02,-8.610142022371292114e-02,5.639306083321571350e-02,-7.181493192911148071e-02,1.722761690616607666e-01,1.440781205892562866e-01,1.567915529012680054e-01,-4.964745789766311646e-02,4.649802446365356445e-01,1.777691394090652466e-01,4.627632200717926025e-01,1.793313622474670410e-01,2.815352678298950195e-01,3.264687657356262207e-01,4.543444514274597168e-01,2.756066620349884033e-01,2.662593126296997070e-01,3.524838387966156006e-01,-2.031653523445129395e-01,-1.273173987865447998e-01
4.076989591121673584e-01,3.304827213287353516e-01,1.344781648367643356e-02,4.148316979408264160e-01,5.862776637077331543e-01,4.420890510082244873e-01,4.628570973873138428e-01,3.650020062923431396e-01,2.298194766044616699e-01,3.385288119316101074e-01,1.825919747352600098e-01,8.832968771457672119e-02,6.167026758193969727e-01,2.503680884838104248e-01,1.435118913650512695e-01,3.242274522781372070e-01,5.975710153579711914e-01,3.728252053260803223e-01,7.241867780685424805e-01,9.999997615814208984e-01,7.188422083854675293e-01,4.662509560585021973e-01,4.648020565509796143e-01,-3.754271268844604492e-01,3.859471976757049561e-01,-9.944624453783035278e-02,-9.755522944033145905e-03,1.782371848821640015e-01,9.505727887153625488e-02,-3.659606724977493286e-02,-1.104674860835075378e-01,-1.524427831172943115e-01,7.513276487588882446e-02,1.149541661143302917e-01,7.773316651582717896e-02,-2.561500668525695801e-01,4.041385650634765625e-01,1.751561462879180908e-01,3.965796232223510742e-01,4.590806737542152405e-02,2.699563503265380859e-01,3.836633563041687012e-01,6.537453532218933105e-01,2.556748390197753906e-01,3.212172389030456543e-01,5.146031379699707031e-01,-4.269454181194305420e-01,-8.808428049087524414e-02
2.920240759849548340e-01,2.850713431835174561e-01,1.210820861160755157e-02,2.272284924983978271e-01,4.699948132038116455e-01,3.129623830318450928e-01,3.223800361156463623e-01,2.711825668811798096e-01,1.954005956649780273e-01,2.089849710464477539e-01,1.185675784945487976e-01,1.319426447153091431e-01,5.417110919952392578e-01,1.576114892959594727e-01,1.679871082305908203e-01,3.863001167774200439e-01,4.999657273292541504e-01,4.715369045734405518e-01,5.362368822097778320e-01,7.188422083854675293e-01,9.999997019767761230e-01,5.766546726226806641e-01,4.975884556770324707e-01,-3.165175616741180420e-01,2.049951553344726562e-01,-1.317612379789352417e-01,-4.944603890180587769e-02,1.645608246326446533e-02,4.134827479720115662e-02,-3.313156962394714355e-02,-6.980919092893600464e-02,-2.162376046180725098e-01,1.171698048710823059e-01,2.580766677856445312e-01,1.113598123192787170e-01,-2.048525512218475342e-01,3.248465061187744141e-01,2.045633941888809204e-01,3.871361613273620605e-01,2.541708052158355713e-01,2.416461408138275146e-01,2.552477121353149414e-01,4.953508973121643066e-01,2.766734063625335693e-01,1.657405048608779907e-01,3.128776848316192627e-01,-3.615543544292449951e-01,4.788365587592124939e-02
1.917166262865066528e-01,2.427253574132919312e-01,-2.642879495397210121e-03,2.220208495855331421e-01,4.035731852054595947e-01,1.947513967752456665e-01,2.188083976507186890e-01,2.036495804786682129e-01,1.615175306797027588e-01,1.578133553266525269e-01,1.758027225732803345e-01,1.120777502655982971e-01,3.442546427249908447e-01,1.099388971924781799e-01,1.647299975156784058e-01,7.813856750726699829e-02,3.081355988979339600e-01,3.401457071304321289e-01,3.124276995658874512e-01,4.662509560585021973e-01,5.766546726226806641e-01,9.999994635581970215e-01,4.327176213264465332e-01,-2.245918810367584229e-01,2.083780169486999512e-01,-1.189704760909080505e-01,-1.161190643906593323e-01,6.727106869220733643e-02,2.819490432739257812e-02,-8.196382969617843628e-02,5.456597730517387390e-02,1.385993808507919312e-01,1.773755997419357300e-02,1.788591444492340088e-01,5.107904598116874695e-02,-1.702868491411209106e-01,1.474882960319519043e-01,1.933260113000869751e-01,1.026958003640174866e-01,2.134875208139419556e-01,6.908427178859710693e-02,2.015051394701004028e-01,3.514232635498046875e-01,1.102140769362449646e-01,1.533655524253845215e-01,1.630464494228363037e-01,-2.330587208271026611e-01,4.647435545921325684e-01
2.844305038452148438e-01,1.199528202414512634e-01,-6.488367170095443726e-02,1.666532903909683228e-01,3.876577913761138916e-01,1.704173833131790161e-01,2.338188290596008301e-01,3.627808690071105957e-01,4.123423621058464050e-02,9.669886529445648193e-02,1.442793905735015869e-01,4.779630806297063828e-03,5.620377659797668457e-01,2.620342075824737549e-01,1.239135712385177612e-01,2.703289687633514404e-01,3.568298518657684326e-01,2.284487485885620117e-01,3.512367904186248779e-01,4.648020565509796143e-01,4.975884556770324707e-01,4.327176213264465332e-01,1.000000476837158203e+00,-4.466299712657928467e-02,3.445362746715545654e-01,-1.498678028583526611e-01,-7.151550054550170898e-02,1.637172698974609375e-01,9.313376247882843018e-02,-9.045825153589248657e-02,7.288593053817749023e-02,-4.381535947322845459e-02,2.259618937969207764e-01,1.385066509246826172e-01,-9.740862995386123657e-03,2.289697378873825073e-01,3.214814364910125732e-01,1.802767068147659302e-01,1.217066198587417603e-01,2.487958520650863647e-01,7.494870573282241821e-02,1.775471866130828857e-01,4.827459752559661865e-01,2.495299465954303741e-02,1.125452294945716858e-01,2.217489480972290039e-01,-6.770132482051849365e-02,1.276353597640991211e-01
-1.346203535795211792e-01,2.499353699386119843e-02,9.404297918081283569e-03,-8.977161347866058350e-02,-2.939700186252593994e-01,-1.613578945398330688e-01,-1.515941973775625229e-02,-1.395401507616043091e-01,-1.427936647087335587e-02,1.777417212724685669e-02,-1.518873423337936401e-01,1.153242141008377075e-01,-1.714365780353546143e-01,2.497829962521791458e-03,-6.077648699283599854e-02,-1.262330561876296997e-01,-3.582586720585823059e-02,3.975813090801239014e-02,-1.695987582206726074e-01,-3.754271268844604492e-01,-3.165175616741180420e-01,-2.245918810367584229e-01,-4.466299712657928467e-02,9.999998211860656738e-01,-2.299815118312835693e-01,5.899989232420921326e-02,9.768144227564334869e-03,1.130449250340461731e-01,2.226259261369705200e-01,2.308481633663177490e-01,6.198617219924926758e-01,5.057562589645385742e-01,-9.226842224597930908e-02,2.984210290014743805e-02,1.632888913154602051e-01,7.526689767837524414e-01,-7.372838258743286133e-02,-1.278798729181289673e-01,-1.508627086877822876e-01,1.169367954134941101e-01,4.769325256347656250e-02,1.972223818302154541e-02,-1.080621406435966492e-01,-2.425046870484948158e-03,6.835395097732543945e-02,-1.152576878666877747e-01,8.703843951225280762e-01,1.303564012050628662e-01
5.800475478172302246e-01,1.422126442193984985e-01,-8.093562722206115723e-02,1.966509819030761719e-01,4.826132953166961670e-01,3.526262640953063965e-01,1.648395210504531860e-01,6.225307583808898926e-01,2.169931083917617798e-01,1.115037947893142700e-01,4.422173500061035156e-01,4.211553931236267090e-02,3.447046279907226562e-01,3.363625407218933105e-01,2.794317007064819336e-01,3.135339021682739258e-01,2.263674736022949219e-01,2.819439396262168884e-02,2.890371680259704590e-01,3.859471976757049561e-01,2.049951553344726562e-01,2.083780169486999512e-01,3.445362746715545654e-01,-2.299815118312835693e-01,9.999995231628417969e-01,-1.543289273977279663e-01,3.628896474838256836e-01,3.482893705368041992e-01,-1.476243324577808380e-02,-1.539373397827148438e-01,-8.379924297332763672e-02,-9.357498586177825928e-02,5.360013842582702637e-01,2.027598917484283447e-01,6.302469968795776367e-02,-1.153686940670013428e-01,4.174493253231048584e-01,3.824028670787811279e-01,1.882266551256179810e-01,-3.591113165020942688e-02,2.173566371202468872e-01,9.715181589126586914e-02,3.222949206829071045e-01,2.078191339969635010e-01,3.027384169399738312e-02,2.006623744964599609e-01,-2.522914111614227295e-01,-4.961809515953063965e-02
-2.129400372505187988e-01,8.838517218828201294e-02,3.803922533988952637e-01,7.805142551660537720e-02,-1.820783913135528564e-01,-5.586057901382446289e-02,1.129684895277023315e-01,-1.756430268287658691e-01,-9.610846173018217087e-04,1.531646102666854858e-01,-1.218815892934799194e-01,1.071358248591423035e-01,-1.923160068690776825e-02,-1.026026159524917603e-01,-1.011195555329322815e-01,-4.713412839919328690e-03,-1.200113911181688309e-02,1.515649259090423584e-02,-8.910154551267623901e-02,-9.944624453783035278e-02,-1.317612379789352417e-01,-1.189704760909080505e-01,-1.498678028583526611e-01,5.899989232420921326e-02,-1.543289273977279663e-01,9.999999403953552246e-01,-1.451205313205718994e-01,-5.707946792244911194e-02,2.904571294784545898e-01,1.815824210643768311e-01,1.071143448352813721e-01,2.008311264216899872e-02,-2.060853689908981323e-01,-2.087557017803192139e-01,-2.432128041982650757e-02,4.975545778870582581e-02,-9.377215802669525146e-02,-2.070462107658386230e-01,-5.387130379676818848e-02,-4.467535391449928284e-02,1.226214095950126648e-01,1.073346510529518127e-01,-5.630306527018547058e-02,-2.481519244611263275e-02,1.864085793495178223e-01,8.374808728694915771e-02,6.366100907325744629e-02,-6.329499185085296631e-02
4.586031734943389893e-01,1.724015921354293823e-01,-1.611941605806350708e-01,3.167238086462020874e-02,1.780897676944732666e-01,3.314355611801147461e-01,-5.694654211401939392e-02,3.484927415847778320e-01,9.643963724374771118e-02,1.250413805246353149e-02,2.904157340526580811e-01,-2.576647559180855751e-03,2.213630639016628265e-02,1.923158317804336548e-01,2.258169502019882202e-01,2.907135784626007080e-01,-4.104986786842346191e-02,-9.419569373130798340e-02,5.133022367954254150e-02,-9.755522944033145905e-03,-4.944603890180587769e-02,-1.161190643906593323e-01,-7.151550054550170898e-02,9.768144227564334869e-03,3.628896474838256836e-01,-1.451205313205718994e-01,1.000000357627868652e+00,2.921872437000274658e-01,-5.200644209980964661e-02,-4.010017146356403828e-04,4.171168059110641479e-02,6.322745233774185181e-02,6.184977889060974121e-01,3.229206800460815430e-01,1.387567967176437378e-01,3.763297945261001587e-02,2.447176128625869751e-01,3.572942018508911133e-01,1.765515953302383423e-01,3.729715198278427124e-02,2.492710649967193604e-01,5.314023420214653015e-02,-8.779455721378326416e-02,1.649076044559478760e-01,-5.406693741679191589e-02,3.135273978114128113e-02,1.153979101218283176e-03,-1.640757196582853794e-03
4.653388559818267822e-01,2.384845465421676636e-01,-1.236716844141483307e-02,5.211179852485656738e-01,2.350367456674575806e-01,3.808500170707702637e-01,9.047530591487884521e-02,2.937822043895721436e-01,7.882364839315414429e-02,7.313869148492813110e-02,1.135619878768920898e-01,2.760756760835647583e-02,7.966514676809310913e-02,1.847292929887771606e-01,1.344070732593536377e-01,1.087271422147750854e-01,2.286343723535537720e-01,6.732589006423950195e-02,1.784070879220962524e-01,1.782371848821640015e-01,1.645608246326446533e-02,6.727106869220733643e-02,1.637172698974609375e-01,1.130449250340461731e-01,3.482893705368041992e-01,-5.707946792244911194e-02,2.921872437000274658e-01,9.999997615814208984e-01,4.970540702342987061e-01,9.762336313724517822e-02,1.751974821090698242e-01,1.814808696508407593e-01,1.942817419767379761e-01,3.369628265500068665e-02,2.066752016544342041e-01,1.371003687381744385e-01,2.825530767440795898e-01,1.723190546035766602e-01,1.229100301861763000e-01,1.123730018734931946e-01,2.416200190782546997e-01,1.822644919157028198e-01,3.696264922618865967e-01,9.907767921686172485e-02,2.150801420211791992e-01,1.745792329311370850e-01,6.102849170565605164e-02,1.521893963217735291e-02
1.102974638342857361e-01,2.570931017398834229e-01,1.992133110761642456e-01,3.282198607921600342e-01,-2.506118640303611755e-02,2.363321036100387573e-01,1.403460502624511719e-01,-8.568301796913146973e-02,-2.854255214333534241e-02,1.492411494255065918e-01,-1.607930362224578857e-01,6.170079484581947327e-02,1.147633865475654602e-01,-4.708177596330642700e-02,-8.842512965202331543e-02,3.066687285900115967e-02,1.868489533662796021e-01,1.747860610485076904e-01,8.397176116704940796e-02,9.505727887153625488e-02,4.134827479720115662e-02,2.819490432739257812e-02,9.313376247882843018e-02,2.226259261369705200e-01,-1.476243324577808380e-02,2.904571294784545898e-01,-5.200644209980964661e-02,4.970540702342987061e-01,1.000000000000000000e+00,5.045643448829650879e-01,3.084887564182281494e-01,1.830179542303085327e-01,-1.155373901128768921e-01,-1.430530250072479248e-01,2.433125674724578857e-01,2.125453054904937744e-01,2.737694012466818094e-04,-1.149892807006835938e-01,4.034684598445892334e-02,6.964484602212905884e-02,2.002332508563995361e-01,2.631081938743591309e-01,3.002709746360778809e-01,2.834176458418369293e-02,3.157384097576141357e-01,1.154901236295700073e-01,1.656671017408370972e-01,-5.099220201373100281e-03
-1.447869092226028442e-01,7.711237668991088867e-02,5.195779725909233093e-02,2.071525752544403076e-01,-1.633053421974182129e-01,-1.651136763393878937e-02,2.734428048133850098e-01,-3.062567412853240967e-01,-7.840539515018463135e-02,-1.377764041535556316e-03,-2.686821222305297852e-01,-6.472744047641754150e-02,-3.593415766954421997e-02,-1.780297756195068359e-01,-2.115729749202728271e-01,4.065728560090065002e-02,1.148606836795806885e-01,1.812288910150527954e-01,-8.610142022371292114e-02,-3.659606724977493286e-02,-3.313156962394714355e-02,-8.196382969617843628e-02,-9.045825153589248657e-02,2.308481633663177490e-01,-1.539373397827148438e-01,1.815824210643768311e-01,-4.010017146356403828e-04,9.762336313724517822e-02,5.045643448829650879e-01,9.999995231628417969e-01,4.098909199237823486e-01,1.717550605535507202e-01,-1.752842813730239868e-01,-1.241646409034729004e-01,2.283471375703811646e-01,1.789806336164474487e-01,-2.197547703981399536e-01,-1.402333080768585205e-01,-4.200289398431777954e-02,-1.034100800752639771e-01,-3.390882397070527077e-03,4.616554826498031616e-02,7.122363895177841187e-02,1.365887280553579330e-02,9.380140900611877441e-02,2.135122939944267273e-02,2.241148352622985840e-01,1.890435442328453064e-02
-3.210311289876699448e-03,1.316313147544860840e-01,6.360428407788276672e-03,6.355839222669601440e-02,-1.730873137712478638e-01,-6.796869635581970215e-02,2.121917754411697388e-01,-7.192661613225936890e-02,3.121180087327957153e-02,3.898752480745315552e-02,-1.376794427633285522e-01,8.751767128705978394e-02,-5.214683711528778076e-02,-1.091510877013206482e-01,-1.050202697515487671e-01,1.291498634964227676e-02,3.510243296623229980e-01,4.089047610759735107e-01,5.639306083321571350e-02,-1.104674860835075378e-01,-6.980919092893600464e-02,5.456597730517387390e-02,7.288593053817749023e-02,6.198617219924926758e-01,-8.379924297332763672e-02,1.071143448352813721e-01,4.171168059110641479e-02,1.751974821090698242e-01,3.084887564182281494e-01,4.098909199237823486e-01,1.000000000000000000e+00,5.437710285186767578e-01,-1.626521348953247070e-02,4.748701676726341248e-02,2.641408145427703857e-01,6.111478805541992188e-01,-9.276694618165493011e-03,-7.604646682739257812e-02,1.638366095721721649e-02,1.671483367681503296e-01,1.409244239330291748e-01,8.317391574382781982e-02,-4.928115755319595337e-03,6.586010009050369263e-02,1.295234709978103638e-01,-4.573979973793029785e-02,6.299504041671752930e-01,1.872783899307250977e-01
-2.789683640003204346e-02,1.116321906447410583e-01,-5.736063048243522644e-02,8.347016572952270508e-02,-1.842446066439151764e-02,-9.232236072421073914e-03,2.232152409851551056e-02,-9.987678378820419312e-02,-6.873980909585952759e-02,1.317264884710311890e-02,-4.800483956933021545e-02,5.273218825459480286e-02,-1.406231373548507690e-01,-4.041394963860511780e-02,-3.252147883176803589e-02,-9.573753178119659424e-02,1.376339793205261230e-02,-1.061546150594949722e-02,-7.181493192911148071e-02,-1.524427831172943115e-01,-2.162376046180725098e-01,1.385993808507919312e-01,-4.381535947322845459e-02,5.057562589645385742e-01,-9.357498586177825928e-02,2.008311264216899872e-02,6.322745233774185181e-02,1.814808696508407593e-01,1.830179542303085327e-01,1.717550605535507202e-01,5.437710285186767578e-01,1.000000000000000000e+00,-1.305775791406631470e-01,-6.970082223415374756e-02,5.660738423466682434e-02,3.380507528781890869e-01,-6.716104596853256226e-02,-4.724299907684326172e-02,-1.458088606595993042e-01,8.497183024883270264e-02,4.455222189426422119e-02,9.099256992340087891e-02,1.424203626811504364e-02,-1.021204441785812378e-01,1.877630203962326050e-01,-4.736794903874397278e-02,5.245608091354370117e-01,4.825756847858428955e-01
6.063031554222106934e-01,1.494576930999755859e-01,-1.444304734468460083e-01,-9.853015094995498657e-02,2.913486063480377197e-01,2.428456991910934448e-01,-5.627943575382232666e-02,6.384154558181762695e-01,1.385512351989746094e-01,-6.823866069316864014e-02,4.767013490200042725e-01,2.640471979975700378e-02,9.468323737382888794e-02,3.029727339744567871e-01,3.801350593566894531e-01,3.129715919494628906e-01,7.048476021736860275e-03,-1.824985630810260773e-02,1.722761690616607666e-01,7.513276487588882446e-02,1.171698048710823059e-01,1.773755997419357300e-02,2.259618937969207764e-01,-9.226842224597930908e-02,5.360013842582702637e-01,-2.060853689908981323e-01,6.184977889060974121e-01,1.942817419767379761e-01,-1.155373901128768921e-01,-1.752842813730239868e-01,-1.626521348953247070e-02,-1.305775791406631470e-01,9.999997615814208984e-01,5.506527423858642578e-01,1.075956672430038452e-01,8.480651676654815674e-02,4.643217325210571289e-01,5.115085244178771973e-01,3.183610439300537109e-01,2.932524681091308594e-01,2.086078077554702759e-01,-1.935519464313983917e-02,-1.252582110464572906e-02,1.967541575431823730e-01,-1.759839653968811035e-01,-5.443505942821502686e-02,-6.667447835206985474e-02,3.674295172095298767e-02
