1.000000119209289551e+00,1.305021792650222778e-01,2.134531587362289429e-01,1.719944179058074951e-01,4.733423888683319092e-01,2.986476421356201172e-01,8.327025920152664185e-02,2.407192289829254150e-01,7.108505815267562866e-02,-5.774134024977684021e-02,1.054842546582221985e-01,9.364695847034454346e-02,-2.755783870816230774e-02,1.692174673080444336e-01,1.103944778442382812e-01,-3.092536032199859619e-01,1.114111840724945068e-01,-3.585589304566383362e-02,1.100812805816531181e-04,-3.676523268222808838e-02,-3.206923604011535645e-02,-1.123093068599700928e-01,-3.509014546871185303e-01,-3.466014564037322998e-01,4.465708732604980469e-01,3.318355977535247803e-02,2.365659773349761963e-01,5.184441208839416504e-01,3.012889623641967773e-01,-1.036904938519001007e-02,-2.513673603534698486e-01,-2.620521783828735352e-01,4.912990331649780273e-01,8.942741900682449341e-02,-1.556727439165115356e-01,-4.626297652721405029e-01,5.150989443063735962e-02,-1.012812629342079163e-01,-3.203747272491455078e-01,-4.805529713630676270e-01,2.219101488590240479e-01,6.030644476413726807e-02,-5.319598596543073654e-03,-8.917755633592605591e-02,3.104685619473457336e-02,-2.996099367737770081e-02,-3.128902912139892578e-01,-3.830944895744323730e-01
1.305021792650222778e-01,1.000000000000000000e+00,2.230912297964096069e-01,2.329335212707519531e-01,4.397778213024139404e-01,5.466006398200988770e-01,6.005191802978515625e-01,1.706158220767974854e-01,4.600962698459625244e-01,4.932150542736053467e-01,-4.919209051877260208e-03,-5.283656343817710876e-02,5.408825874328613281e-01,1.432232409715652466e-01,-3.710365295410156250e-02,-3.256506286561489105e-03,5.100418925285339355e-01,4.131440222263336182e-01,5.249907970428466797e-01,5.138741135597229004e-01,5.321238040924072266e-01,1.091082096099853516e-01,1.753209829330444336e-01,3.290513753890991211e-01,-9.811518341302871704e-02,5.906615853309631348e-01,2.057400159537792206e-02,4.420651197433471680e-01,6.450595259666442871e-01,4.782814681529998779e-01,3.199139237403869629e-01,3.178544938564300537e-01,1.476928889751434326e-01,4.449879378080368042e-02,2.680434584617614746e-01,1.727318316698074341e-01,1.423445194959640503e-01,1.093780845403671265e-01,1.800659149885177612e-01,-2.666418999433517456e-02,7.105833888053894043e-01,7.417374849319458008e-01,5.615134835243225098e-01,6.050714850425720215e-01,6.029307246208190918e-01,5.677146315574645996e-01,3.291586935520172119e-01,4.898451641201972961e-02
2.134531587362289429e-01,2.230912297964096069e-01,9.999997615814208984e-01,5.832176208496093750e-01,2.957113683223724365e-01,4.256729483604431152e-01,4.570217728614807129e-01,1.910822987556457520e-01,5.678990855813026428e-02,1.718906313180923462e-01,3.027954399585723877e-01,3.362258970737457275e-01,1.531290709972381592e-01,1.157073229551315308e-01,2.428832799196243286e-01,-5.472475290298461914e-02,3.213075399398803711e-01,2.159797847270965576e-01,1.603011488914489746e-01,1.504279822111129761e-01,1.776726841926574707e-01,4.442508146166801453e-02,-1.256203353404998779e-01,-3.392886370420455933e-02,-2.789789438247680664e-02,4.199583232402801514e-01,-9.322964400053024292e-02,4.172022640705108643e-01,2.378662377595901489e-01,2.254126369953155518e-01,8.102842420339584351e-02,-1.291206479072570801e-01,1.173988655209541321e-01,2.159469425678253174e-01,1.346748471260070801e-01,-8.444426208734512329e-02,1.530539896339178085e-02,2.735443115234375000e-01,-1.948398351669311523e-02,-2.953248322010040283e-01,2.491493970155715942e-01,1.267300099134445190e-01,1.693692058324813843e-01,5.112740769982337952e-02,2.203691601753234863e-01,2.395132482051849365e-01,-2.268941141664981842e-02,-1.767094582319259644e-01
1.719944179058074951e-01,2.329335212707519531e-01,5.832176208496093750e-01,1.000000000000000000e+00,3.321731984615325928e-01,3.687103390693664551e-01,5.697910189628601074e-01,-1.305485814809799194e-01,-8.370585739612579346e-02,5.975752323865890503e-02,-1.400699838995933533e-02,-9.138298034667968750e-02,2.040974348783493042e-01,-6.053031608462333679e-02,-5.029493942856788635e-02,7.314793020486831665e-02,4.593318104743957520e-01,3.410734534263610840e-01,4.588238298892974854e-01,4.518581330776214600e-01,3.460350036621093750e-01,3.706667721271514893e-01,4.481412470340728760e-02,1.309908777475357056e-01,-3.566474914550781250e-01,3.001191020011901855e-01,-1.396170407533645630e-01,2.529977858066558838e-01,2.584671080112457275e-01,1.863672584295272827e-01,1.457402110099792480e-01,1.565258651971817017e-01,-2.436810880899429321e-01,-1.185028403997421265e-01,-4.377362877130508423e-02,-1.395438760519027710e-01,1.168084591627120972e-01,-3.026569262146949768e-02,-1.848844997584819794e-02,-2.162843346595764160e-01,2.696276307106018066e-01,2.937916219234466553e-01,2.448041290044784546e-01,5.114008206874132156e-03,3.471981585025787354e-01,2.717521488666534424e-01,1.611418724060058594e-01,1.312226802110671997e-01
4.733423888683319092e-01,4.397778213024139404e-01,2.957113683223724365e-01,3.321731984615325928e-01,1.000000119209289551e+00,7.280278801918029785e-01,4.133651852607727051e-01,2.309992313385009766e-01,3.105114102363586426e-01,2.727980315685272217e-01,1.488784104585647583e-01,6.048122793436050415e-02,3.915700614452362061e-01,7.879147678613662720e-02,1.445819437503814697e-02,-1.474051624536514282e-01,3.896068334579467773e-01,2.519753575325012207e-01,3.068918883800506592e-01,3.085482418537139893e-01,3.024899363517761230e-01,2.602166309952735901e-02,-5.295396223664283752e-02,-5.792777985334396362e-03,8.361914753913879395e-02,2.825106680393218994e-01,1.120437532663345337e-01,5.264188051223754883e-01,3.968024551868438721e-01,1.826939582824707031e-01,-2.279313839972019196e-02,-3.467705100774765015e-02,3.167659938335418701e-01,8.115779608488082886e-02,6.902153044939041138e-02,-2.071716189384460449e-01,6.406588852405548096e-02,6.419622898101806641e-02,-5.540678277611732483e-02,-2.988691031932830811e-01,4.813427031040191650e-01,3.940314948558807373e-01,3.482931852340698242e-01,2.564861774444580078e-01,3.792147040367126465e-01,2.824424505233764648e-01,-1.194301247596740723e-02,-8.503266423940658569e-02
2.986476421356201172e-01,5.466006398200988770e-01,4.256729483604431152e-01,3.687103390693664551e-01,7.280278801918029785e-01,1.000000000000000000e+00,5.312035679817199707e-01,2.901759445667266846e-01,3.716483116149902344e-01,3.268149197101593018e-01,2.898044586181640625e-01,1.348422467708587646e-01,4.639310240745544434e-01,2.934504449367523193e-01,7.472241669893264771e-02,-1.377235949039459229e-01,4.799211025238037109e-01,3.824521303176879883e-01,4.055276811122894287e-01,4.166271090507507324e-01,4.972842335700988770e-01,1.600147783756256104e-01,5.444715172052383423e-02,1.169413179159164429e-01,-2.140030451118946075e-02,4.213443398475646973e-01,6.965837627649307251e-02,5.990226268768310547e-01,5.305835604667663574e-01,4.238356947898864746e-01,1.944844573736190796e-01,1.390174478292465210e-01,1.971156746149063110e-01,1.259868294000625610e-01,1.816574931144714355e-01,-3.708832338452339172e-02,2.374698519706726074e-01,1.610270440578460693e-01,1.034460291266441345e-01,-1.940529346466064453e-01,4.767991900444030762e-01,4.861992597579956055e-01,4.799343645572662354e-01,3.399917781352996826e-01,4.838201701641082764e-01,3.668879270553588867e-01,1.051706224679946899e-01,-4.861325025558471680e-02
8.327025920152664185e-02,6.005191802978515625e-01,4.570217728614807129e-01,5.697910189628601074e-01,4.133651852607727051e-01,5.312035679817199707e-01,1.000000000000000000e+00,6.870674341917037964e-02,2.688955068588256836e-01,3.416849374771118164e-01,4.852974787354469299e-02,-8.647736161947250366e-02,5.915504693984985352e-01,1.830425262451171875e-01,4.373540729284286499e-02,4.388166591525077820e-02,8.279790878295898438e-01,7.607615590095520020e-01,7.504218816757202148e-01,7.553758621215820312e-01,6.720806360244750977e-01,4.560768902301788330e-01,3.573740124702453613e-01,3.958989977836608887e-01,-2.182317674160003662e-01,7.047114968299865723e-01,-5.038222670555114746e-02,4.008486866950988770e-01,5.580059885978698730e-01,5.246380567550659180e-01,4.527447819709777832e-01,4.525660574436187744e-01,-1.025629043579101562e-01,1.168027371168136597e-01,2.286759465932846069e-01,1.516236066818237305e-01,2.112040817737579346e-01,1.588116288185119629e-01,1.901205778121948242e-01,-1.175845190882682800e-01,4.242754876613616943e-01,6.285911798477172852e-01,6.621914505958557129e-01,3.468553721904754639e-01,4.623699784278869629e-01,5.523508191108703613e-01,3.727484941482543945e-01,2.332873642444610596e-01
2.407192289829254150e-01,1.706158220767974854e-01,1.910822987556457520e-01,-1.305485814809799194e-01,2.309992313385009766e-01,2.901759445667266846e-01,6.870674341917037964e-02,1.000000119209289551e+00,3.842102885246276855e-01,2.593122124671936035e-01,4.975090026855468750e-01,3.577949404716491699e-01,2.037882804870605469e-01,5.375310182571411133e-01,3.455544710159301758e-01,-2.113097459077835083e-01,1.168352887034416199e-01,-7.473271107301115990e-04,1.874724589288234711e-02,-3.936011344194412231e-02,-1.092383079230785370e-02,-1.947730034589767456e-01,-1.362428367137908936e-01,-5.664825439453125000e-02,3.887189328670501709e-01,1.463627368211746216e-01,5.608469620347023010e-02,2.691240608692169189e-01,1.597511321306228638e-01,2.195419222116470337e-01,-1.532116234302520752e-01,-2.039759010076522827e-01,5.008322000503540039e-01,5.261890292167663574e-01,1.683647930622100830e-01,-3.116523288190364838e-02,2.867507934570312500e-01,3.841988444328308105e-01,-3.778840228915214539e-02,-1.977930516004562378e-01,1.328859329223632812e-01,3.780626878142356873e-02,7.178908586502075195e-02,1.391217410564422607e-01,4.588233679533004761e-02,6.562356650829315186e-02,-1.364870816469192505e-01,-2.165237367153167725e-01
7.108505815267562866e-02,4.600962698459625244e-01,5.678990855813026428e-02,-8.370585739612579346e-02,3.105114102363586426e-01,3.716483116149902344e-01,2.688955068588256836e-01,3.842102885246276855e-01,1.000000000000000000e+00,6.164188981056213379e-01,3.138622343540191650e-01,2.537707686424255371e-01,4.564178884029388428e-01,3.381889164447784424e-01,4.403344821184873581e-03,2.382689528167247772e-02,2.956506311893463135e-01,2.115424573421478271e-01,1.748101711273193359e-01,2.171553075313568115e-01,3.243010640144348145e-01,-3.038779273629188538e-02,1.406429111957550049e-01,1.167672351002693176e-01,6.670784950256347656e-02,3.189257681369781494e-01,1.531073153018951416e-01,2.474389523267745972e-01,3.270138204097747803e-01,3.873416185379028320e-01,1.659950464963912964e-01,1.621715426445007324e-01,2.287755906581878662e-01,6.352118402719497681e-02,2.137520760297775269e-01,2.248108536005020142e-01,1.906268894672393799e-01,9.654533863067626953e-02,1.474083960056304932e-01,4.218723624944686890e-02,1.973842382431030273e-01,3.795108497142791748e-01,4.303312003612518311e-01,6.057286858558654785e-01,1.582816690206527710e-01,3.529677987098693848e-01,7.704810053110122681e-02,1.055682357400655746e-02
-5.774134024977684021e-02,4.932150542736053467e-01,1.718906313180923462e-01,5.975752323865890503e-02,2.727980315685272217e-01,3.268149197101593018e-01,3.416849374771118164e-01,2.593122124671936035e-01,6.164188981056213379e-01,9.999996423721313477e-01,9.027894586324691772e-02,3.543566465377807617e-01,5.880616307258605957e-01,1.773233115673065186e-01,7.017803937196731567e-02,1.722338944673538208e-01,3.268871307373046875e-01,2.180336862802505493e-01,2.255199104547500610e-01,2.549931406974792480e-01,3.445355296134948730e-01,-3.180250525474548340e-02,2.402131259441375732e-01,2.903979420661926270e-01,-3.340132907032966614e-02,3.246300816535949707e-01,-6.133734807372093201e-02,1.565149128437042236e-01,2.470686137676239014e-01,3.397999107837677002e-01,1.700797379016876221e-01,1.517954617738723755e-01,1.128442287445068359e-01,1.197214052081108093e-01,1.110277473926544189e-01,3.616904318332672119e-01,1.612416654825210571e-01,1.406983435153961182e-01,1.615392863750457764e-01,7.199172675609588623e-02,3.327222466468811035e-01,3.948284685611724854e-01,3.769752979278564453e-01,5.539063811302185059e-01,2.720939218997955322e-01,5.830636024475097656e-01,2.122276127338409424e-01,1.319171935319900513e-01
1.054842546582221985e-01,-4.919209051877260208e-03,3.027954399585723877e-01,-1.400699838995933533e-02,1.488784104585647583e-01,2.898044586181640625e-01,4.852974787354469299e-02,4.975090026855468750e-01,3.138622343540191650e-01,9.027894586324691772e-02,1.000000238418579102e+00,5.163598656654357910e-01,2.067396342754364014e-01,4.747416377067565918e-01,3.110493123531341553e-01,-1.182002648711204529e-01,1.352551728487014771e-01,1.587142497301101685e-01,2.655833959579467773e-02,5.081425234675407410e-02,1.417608708143234253e-01,1.523863971233367920e-01,4.123451188206672668e-02,-9.432440996170043945e-02,1.988484859466552734e-01,7.506724447011947632e-02,8.000456541776657104e-02,3.080062270164489746e-01,6.502353399991989136e-02,2.883602380752563477e-01,5.036820843815803528e-02,-7.499027997255325317e-02,1.589612811803817749e-01,2.731825113296508789e-01,2.627650201320648193e-01,-9.169961512088775635e-02,3.788580372929573059e-02,2.261773794889450073e-01,6.218294054269790649e-02,-1.269997507333755493e-01,-9.009228646755218506e-02,-1.552044227719306946e-02,1.249229758977890015e-01,-2.969693206250667572e-02,6.089117005467414856e-02,3.842662274837493896e-02,-1.790101677179336548e-01,-8.143100142478942871e-02
9.364695847034454346e-02,-5.283656343817710876e-02,3.362258970737457275e-01,-9.138298034667968750e-02,6.048122793436050415e-02,1.348422467708587646e-01,-8.647736161947250366e-02,3.577949404716491699e-01,2.537707686424255371e-01,3.543566465377807617e-01,5.163598656654357910e-01,9.999996423721313477e-01,1.825121641159057617e-01,2.845651507377624512e-01,5.046738386154174805e-01,1.237125843763351440e-01,-3.841040283441543579e-02,-8.051441609859466553e-02,-2.618064880371093750e-01,-2.635539174079895020e-01,-1.070746406912803650e-01,-1.218122392892837524e-01,-5.785781145095825195e-02,-7.800917327404022217e-02,3.331277668476104736e-01,-2.055669017136096954e-02,1.133860275149345398e-01,1.114883124828338623e-01,-9.165097773075103760e-02,1.597110629081726074e-01,-9.402399510145187378e-02,-2.724642157554626465e-01,3.509206473827362061e-01,3.438440859317779541e-01,1.754932403564453125e-01,1.045337170362472534e-01,-1.794825345277786255e-01,2.768720388412475586e-01,-9.764748625457286835e-03,-6.453418731689453125e-02,-1.575674712657928467e-01,-2.212875336408615112e-01,-8.526003360748291016e-02,-1.684950292110443115e-02,-9.218320250511169434e-02,5.955417081713676453e-02,-1.666478067636489868e-01,-1.369022130966186523e-01
-2.755783870816230774e-02,5.408825874328613281e-01,1.531290709972381592e-01,2.040974348783493042e-01,3.915700614452362061e-01,4.639310240745544434e-01,5.915504693984985352e-01,2.037882804870605469e-01,4.564178884029388428e-01,5.880616307258605957e-01,2.067396342754364014e-01,1.825121641159057617e-01,1.000000119209289551e+00,2.184679806232452393e-01,1.012169346213340759e-01,1.294686198234558105e-01,5.988873839378356934e-01,6.023865938186645508e-01,5.848678946495056152e-01,6.404333710670471191e-01,6.873164176940917969e-01,3.797412514686584473e-01,4.591277837753295898e-01,4.601983428001403809e-01,-3.085910342633724213e-02,4.262525439262390137e-01,6.886848714202642441e-04,2.956452071666717529e-01,3.790360391139984131e-01,5.356036424636840820e-01,3.659799695014953613e-01,3.999548256397247314e-01,2.580907009541988373e-02,1.732002794742584229e-01,3.162917494773864746e-01,2.997820377349853516e-01,1.104964315891265869e-01,1.630255728960037231e-01,2.993630170822143555e-01,-2.860518731176853180e-02,3.159144818782806396e-01,4.959529936313629150e-01,5.693323016166687012e-01,3.878914713859558105e-01,4.247548282146453857e-01,4.842310249805450439e-01,3.364176452159881592e-01,2.814430296421051025e-01
1.692174673080444336e-01,1.432232409715652466e-01,1.157073229551315308e-01,-6.053031608462333679e-02,7.879147678613662720e-02,2.934504449367523193e-01,1.830425262451171875e-01,5.375310182571411133e-01,3.381889164447784424e-01,1.773233115673065186e-01,4.747416377067565918e-01,2.845651507377624512e-01,2.184679806232452393e-01,1.000000119209289551e+00,4.265299439430236816e-01,-6.853412091732025146e-02,2.160117328166961670e-01,2.256599366664886475e-01,1.473519951105117798e-01,1.523067951202392578e-01,2.590281069278717041e-01,1.686491370201110840e-01,5.028271302580833435e-02,2.981927990913391113e-02,2.297569215297698975e-01,1.738285571336746216e-01,2.250888496637344360e-01,2.862682342529296875e-01,2.461455315351486206e-01,4.218685925006866455e-01,1.703519523143768311e-01,8.634264767169952393e-02,2.346785068511962891e-01,4.116591215133666992e-01,1.081587374210357666e-01,3.583996742963790894e-02,4.595867991447448730e-01,3.413335680961608887e-01,2.582381293177604675e-02,-1.096923276782035828e-01,-6.023260764777660370e-03,3.905215859413146973e-02,1.658308357000350952e-01,1.195718944072723389e-01,5.817805975675582886e-02,2.317181602120399475e-02,-3.516337648034095764e-02,-5.198036134243011475e-02
1.103944778442382812e-01,-3.710365295410156250e-02,2.428832799196243286e-01,-5.029493942856788635e-02,1.445819437503814697e-02,7.472241669893264771e-02,4.373540729284286499e-02,3.455544710159301758e-01,4.403344821184873581e-03,7.017803937196731567e-02,3.110493123531341553e-01,5.046738386154174805e-01,1.012169346213340759e-01,4.265299439430236816e-01,1.000000357627868652e+00,1.933606863021850586e-01,1.381984818726778030e-02,7.704963535070419312e-02,-2.781441248953342438e-02,-6.982512772083282471e-02,-8.569257706403732300e-02,-1.611700952053070068e-01,-1.096236035227775574e-01,-6.155747175216674805e-02,3.516671359539031982e-01,6.358451396226882935e-02,1.556549668312072754e-01,-4.216429591178894043e-02,-1.066846624016761780e-01,5.191340669989585876e-02,-9.207991510629653931e-02,-2.806842625141143799e-01,3.728007972240447998e-01,7.106992602348327637e-01,8.970296382904052734e-02,-2.383218519389629364e-02,-7.227908819913864136e-02,6.303658485412597656e-01,-5.631019175052642822e-02,-8.156487345695495605e-02,-9.603356570005416870e-02,-2.015783786773681641e-01,-7.098591327667236328e-02,-1.557589769363403320e-01,-1.313411444425582886e-02,2.842195145785808563e-02,-1.330344229936599731e-01,-1.948937773704528809e-01
-3.092536032199859619e-01,-3.256506286561489105e-03,-5.472475290298461914e-02,7.314793020486831665e-02,-1.474051624536514282e-01,-1.377235949039459229e-01,4.388166591525077820e-02,-2.113097459077835083e-01,2.382689528167247772e-02,1.722338944673538208e-01,-1.182002648711204529e-01,1.237125843763351440e-01,1.294686198234558105e-01,-6.853412091732025146e-02,1.933606863021850586e-01,1.000000238418579102e+00,-4.318606480956077576e-02,1.484300345182418823e-01,9.176862984895706177e-02,1.272255033254623413e-01,7.931648939847946167e-02,1.108461171388626099e-01,2.857648432254791260e-01,1.024590060114860535e-01,-2.008583992719650269e-01,-7.289595156908035278e-02,2.284740097820758820e-02,-4.269908964633941650e-01,-2.562400400638580322e-01,-5.542334914207458496e-02,1.508726328611373901e-01,4.345538467168807983e-02,-1.446269601583480835e-01,7.075500488281250000e-02,2.083052247762680054e-01,1.791926175355911255e-01,1.692630536854267120e-02,3.220416307449340820e-01,3.865265548229217529e-01,2.680728733539581299e-01,-1.366102099418640137e-01,-5.736568942666053772e-03,5.274506285786628723e-02,8.764524757862091064e-02,7.966053485870361328e-02,1.995623260736465454e-01,9.958912432193756104e-02,9.803899377584457397e-02
1.114111840724945068e-01,5.100418925285339355e-01,3.213075399398803711e-01,4.593318104743957520e-01,3.896068334579467773e-01,4.799211025238037109e-01,8.279790878295898438e-01,1.168352887034416199e-01,2.956506311893463135e-01,3.268871307373046875e-01,1.352551728487014771e-01,-3.841040283441543579e-02,5.988873839378356934e-01,2.160117328166961670e-01,1.381984818726778030e-02,-4.318606480956077576e-02,1.000000357627868652e+00,7.616609334945678711e-01,7.347261905670166016e-01,7.242706418037414551e-01,6.508905887603759766e-01,5.219472646713256836e-01,3.567012250423431396e-01,3.258674144744873047e-01,-9.577792882919311523e-02,5.757669806480407715e-01,-3.760231286287307739e-02,3.883312046527862549e-01,4.780999124050140381e-01,5.174052715301513672e-01,3.684591948986053467e-01,4.418287575244903564e-01,-9.071733057498931885e-02,9.775076806545257568e-02,1.705863922834396362e-01,9.824976325035095215e-02,2.149297147989273071e-01,1.271457970142364502e-02,9.653693437576293945e-02,-1.559366583824157715e-01,3.015450239181518555e-01,6.214151382446289062e-01,6.482860445976257324e-01,3.084640800952911377e-01,3.843381404876708984e-01,5.116009712219238281e-01,2.789051830768585205e-01,2.612313330173492432e-01
-3.585589304566383362e-02,4.131440222263336182e-01,2.159797847270965576e-01,3.410734534263610840e-01,2.519753575325012207e-01,3.824521303176879883e-01,7.607615590095520020e-01,-7.473271107301115990e-04,2.115424573421478271e-01,2.180336862802505493e-01,1.587142497301101685e-01,-8.051441609859466553e-02,6.023865938186645508e-01,2.256599366664886475e-01,7.704963535070419312e-02,1.484300345182418823e-01,7.616609334945678711e-01,9.999996423721313477e-01,7.250373959541320801e-01,7.665577530860900879e-01,6.929455995559692383e-01,6.185748577117919922e-01,5.323165655136108398e-01,4.034184813499450684e-01,-1.631652414798736572e-01,4.790100753307342529e-01,1.259335968643426895e-02,2.390877902507781982e-01,3.382551372051239014e-01,5.146858096122741699e-01,5.711427330970764160e-01,5.430796146392822266e-01,-1.601059436798095703e-01,1.509115546941757202e-01,2.627653181552886963e-01,2.138614654541015625e-01,2.078308165073394775e-01,1.445714384317398071e-01,3.168124854564666748e-01,7.127684075385332108e-04,1.484164893627166748e-01,4.572368264198303223e-01,6.200703382492065430e-01,2.237252295017242432e-01,3.056125938892364502e-01,4.218552708625793457e-01,3.622941076755523682e-01,3.301499187946319580e-01
1.100812805816531181e-04,5.249907970428466797e-01,1.603011488914489746e-01,4.588238298892974854e-01,3.068918883800506592e-01,4.055276811122894287e-01,7.504218816757202148e-01,1.874724589288234711e-02,1.748101711273193359e-01,2.255199104547500610e-01,2.655833959579467773e-02,-2.618064880371093750e-01,5.848678946495056152e-01,1.473519951105117798e-01,-2.781441248953342438e-02,9.176862984895706177e-02,7.347261905670166016e-01,7.250373959541320801e-01,1.000000000000000000e+00,8.490574359893798828e-01,7.104125618934631348e-01,4.987755119800567627e-01,3.895094990730285645e-01,3.615862131118774414e-01,-2.793138027191162109e-01,4.829137623310089111e-01,-9.330800175666809082e-02,2.315856069326400757e-01,4.054683446884155273e-01,4.147558808326721191e-01,3.809990584850311279e-01,4.724009633064270020e-01,-2.073951959609985352e-01,5.382373183965682983e-02,1.745689809322357178e-01,7.380366325378417969e-02,2.695303857326507568e-01,1.017413362860679626e-01,2.016625851392745972e-01,-7.255360484123229980e-02,3.559676408767700195e-01,6.205533146858215332e-01,6.465196013450622559e-01,3.039270341396331787e-01,4.555325806140899658e-01,5.081369280815124512e-01,3.453767001628875732e-01,2.956836819648742676e-01
-3.676523268222808838e-02,5.138741135597229004e-01,1.504279822111129761e-01,4.518581330776214600e-01,3.085482418537139893e-01,4.166271090507507324e-01,7.553758621215820312e-01,-3.936011344194412231e-02,2.171553075313568115e-01,2.549931406974792480e-01,5.081425234675407410e-02,-2.635539174079895020e-01,6.404333710670471191e-01,1.523067951202392578e-01,-6.982512772083282471e-02,1.272255033254623413e-01,7.242706418037414551e-01,7.665577530860900879e-01,8.490574359893798828e-01,1.000000357627868652e+00,8.126838803291320801e-01,5.958532691001892090e-01,4.151923358440399170e-01,4.157319366931915283e-01,-3.161316514015197754e-01,5.127710700035095215e-01,-6.995457410812377930e-02,2.504113018512725830e-01,4.318723976612091064e-01,4.705729782581329346e-01,4.790579378604888916e-01,5.627567768096923828e-01,-2.572488188743591309e-01,-4.273364786058664322e-03,2.095814496278762817e-01,1.112859025597572327e-01,2.669599950313568115e-01,6.904985010623931885e-02,2.356862723827362061e-01,-4.771167784929275513e-02,3.312335610389709473e-01,6.384416222572326660e-01,6.992726325988769531e-01,3.071795403957366943e-01,4.863244295120239258e-01,5.378206372261047363e-01,3.926292359828948975e-01,3.552459478378295898e-01
-3.206923604011535645e-02,5.321238040924072266e-01,1.776726841926574707e-01,3.460350036621093750e-01,3.024899363517761230e-01,4.972842335700988770e-01,6.720806360244750977e-01,-1.092383079230785370e-02,3.243010640144348145e-01,3.445355296134948730e-01,1.417608708143234253e-01,-1.070746406912803650e-01,6.873164176940917969e-01,2.590281069278717041e-01,-8.569257706403732300e-02,7.931648939847946167e-02,6.508905887603759766e-01,6.929455995559692383e-01,7.104125618934631348e-01,8.126838803291320801e-01,1.000000119209289551e+00,6.249063611030578613e-01,4.254239499568939209e-01,4.304863512516021729e-01,-2.555287778377532959e-01,4.816850423812866211e-01,-1.057150866836309433e-02,3.665574789047241211e-01,4.888195097446441650e-01,6.092658042907714844e-01,5.781534314155578613e-01,6.054022908210754395e-01,-1.993593722581863403e-01,-5.407438799738883972e-02,2.401009202003479004e-01,2.084667235612869263e-01,2.774584889411926270e-01,3.902177512645721436e-02,3.153181374073028564e-01,-7.132283877581357956e-03,3.092103898525238037e-01,5.990856885910034180e-01,6.828371882438659668e-01,3.616843819618225098e-01,4.763419032096862793e-01,4.993317127227783203e-01,4.355950355529785156e-01,3.292860090732574463e-01
-1.123093068599700928e-01,1.091082096099853516e-01,4.442508146166801453e-02,3.706667721271514893e-01,2.602166309952735901e-02,1.600147783756256104e-01,4.560768902301788330e-01,-1.947730034589767456e-01,-3.038779273629188538e-02,-3.180250525474548340e-02,1.523863971233367920e-01,-1.218122392892837524e-01,3.797412514686584473e-01,1.686491370201110840e-01,-1.611700952053070068e-01,1.108461171388626099e-01,5.219472646713256836e-01,6.185748577117919922e-01,4.987755119800567627e-01,5.958532691001892090e-01,6.249063611030578613e-01,9.999998807907104492e-01,5.525866746902465820e-01,4.510482847690582275e-01,-2.270227223634719849e-01,1.586844623088836670e-01,5.087692663073539734e-02,1.553510576486587524e-01,2.157271206378936768e-01,5.130130648612976074e-01,5.965191721916198730e-01,6.634271144866943359e-01,-3.681859374046325684e-01,-1.739242523908615112e-01,1.696223765611648560e-01,1.765169650316238403e-01,2.404676228761672974e-01,-1.309390962123870850e-01,3.298423886299133301e-01,7.810095697641372681e-02,-8.425925672054290771e-02,2.651090323925018311e-01,3.842717707157135010e-01,-4.592682421207427979e-02,2.414593398571014404e-01,1.703046858310699463e-01,4.151115417480468750e-01,5.210632085800170898e-01
-3.509014546871185303e-01,1.753209829330444336e-01,-1.256203353404998779e-01,4.481412470340728760e-02,-5.295396223664283752e-02,5.444715172052383423e-02,3.573740124702453613e-01,-1.362428367137908936e-01,1.406429111957550049e-01,2.402131259441375732e-01,4.123451188206672668e-02,-5.785781145095825195e-02,4.591277837753295898e-01,5.028271302580833435e-02,-1.096236035227775574e-01,2.857648432254791260e-01,3.567012250423431396e-01,5.323165655136108398e-01,3.895094990730285645e-01,4.151923358440399170e-01,4.254239499568939209e-01,5.525866746902465820e-01,1.000000000000000000e+00,5.385161638259887695e-01,-2.202531248331069946e-01,1.589121222496032715e-01,-4.371102899312973022e-02,-5.244911834597587585e-02,7.456089556217193604e-02,3.674626648426055908e-01,5.466804504394531250e-01,5.327805876731872559e-01,-2.942712306976318359e-01,-3.765288367867469788e-02,3.084166646003723145e-01,5.327350497245788574e-01,1.115922406315803528e-01,5.548097938299179077e-02,6.118766069412231445e-01,5.175992846488952637e-01,-1.315535139292478561e-02,2.383730113506317139e-01,3.333001136779785156e-01,1.308447867631912231e-01,1.825030297040939331e-01,2.729097902774810791e-01,4.578589498996734619e-01,6.197861433029174805e-01
-3.466014564037322998e-01,3.290513753890991211e-01,-3.392886370420455933e-02,1.309908777475357056e-01,-5.792777985334396362e-03,1.169413179159164429e-01,3.958989977836608887e-01,-5.664825439453125000e-02,1.167672351002693176e-01,2.903979420661926270e-01,-9.432440996170043945e-02,-7.800917327404022217e-02,4.601983428001403809e-01,2.981927990913391113e-02,-6.155747175216674805e-02,1.024590060114860535e-01,3.258674144744873047e-01,4.034184813499450684e-01,3.615862131118774414e-01,4.157319366931915283e-01,4.304863512516021729e-01,4.510482847690582275e-01,5.385161638259887695e-01,1.000000357627868652e+00,-2.574459612369537354e-01,2.638454735279083252e-01,-6.183174625039100647e-02,3.555820509791374207e-02,2.425823062658309937e-01,4.574173390865325928e-01,5.296407938003540039e-01,6.573492884635925293e-01,-1.928324848413467407e-01,2.818101784214377403e-03,2.463741302490234375e-01,6.400623321533203125e-01,1.632641851902008057e-01,7.931303232908248901e-02,4.163274466991424561e-01,3.877841532230377197e-01,1.734737753868103027e-01,3.295071423053741455e-01,3.247066736221313477e-01,1.952173560857772827e-01,3.459791839122772217e-01,3.122889399528503418e-01,7.771195173263549805e-01,5.742847919464111328e-01
4.465708732604980469e-01,-9.811518341302871704e-02,-2.789789438247680664e-02,-3.566474914550781250e-01,8.361914753913879395e-02,-2.140030451118946075e-02,-2.182317674160003662e-01,3.887189328670501709e-01,6.670784950256347656e-02,-3.340132907032966614e-02,1.988484859466552734e-01,3.331277668476104736e-01,-3.085910342633724213e-02,2.297569215297698975e-01,3.516671359539031982e-01,-2.008583992719650269e-01,-9.577792882919311523e-02,-1.631652414798736572e-01,-2.793138027191162109e-01,-3.161316514015197754e-01,-2.555287778377532959e-01,-2.270227223634719849e-01,-2.202531248331069946e-01,-2.574459612369537354e-01,1.000000119209289551e+00,-1.488058418035507202e-01,4.181880652904510498e-01,2.016747891902923584e-01,-1.491907052695751190e-02,-1.437008753418922424e-02,-2.336531132459640503e-01,-3.155920207500457764e-01,7.349931001663208008e-01,3.794961571693420410e-01,7.064778357744216919e-02,-1.404542624950408936e-01,-1.343351453542709351e-01,1.411544084548950195e-01,-1.555327475070953369e-01,-2.384046465158462524e-01,-1.118648275732994080e-01,-2.286055386066436768e-01,-1.810131222009658813e-01,-1.354227513074874878e-01,-2.111101448535919189e-01,-1.910638511180877686e-01,-3.235001266002655029e-01,-3.283310830593109131e-01
3.318355977535247803e-02,5.906615853309631348e-01,4.199583232402801514e-01,3.001191020011901855e-01,2.825106680393218994e-01,4.213443398475646973e-01,7.047114968299865723e-01,1.463627368211746216e-01,3.189257681369781494e-01,3.246300816535949707e-01,7.506724447011947632e-02,-2.055669017136096954e-02,4.262525439262390137e-01,1.738285571336746216e-01,6.358451396226882935e-02,-7.289595156908035278e-02,5.757669806480407715e-01,4.790100753307342529e-01,4.829137623310089111e-01,5.127710700035095215e-01,4.816850423812866211e-01,1.586844623088836670e-01,1.589121222496032715e-01,2.638454735279083252e-01,-1.488058418035507202e-01,1.000000119209289551e+00,-4.823596403002738953e-02,3.992319703102111816e-01,5.837351083755493164e-01,4.236806333065032959e-01,2.985785901546478271e-01,3.003582060337066650e-01,3.643293166533112526e-03,1.362455636262893677e-01,2.852746546268463135e-01,1.200826615095138550e-01,7.194679230451583862e-02,1.857027560472488403e-01,7.376484572887420654e-02,-1.057066991925239563e-01,4.661922752857208252e-01,5.701704621315002441e-01,5.922613143920898438e-01,3.807928860187530518e-01,3.725276291370391846e-01,4.641551077365875244e-01,2.571213543415069580e-01,5.118319764733314514e-02
2.365659773349761963e-01,2.057400159537792206e-02,-9.322964400053024292e-02,-1.396170407533645630e-01,1.120437532663345337e-01,6.965837627649307251e-02,-5.038222670555114746e-02,5.608469620347023010e-02,1.531073153018951416e-01,-6.133734807372093201e-02,8.000456541776657104e-02,1.133860275149345398e-01,6.886848714202642441e-04,2.250888496637344360e-01,1.556549668312072754e-01,2.284740097820758820e-02,-3.760231286287307739e-02,1.259335968643426895e-02,-9.330800175666809082e-02,-6.995457410812377930e-02,-1.057150866836309433e-02,5.087692663073539734e-02,-4.371102899312973022e-02,-6.183174625039100647e-02,4.181880652904510498e-01,-4.823596403002738953e-02,1.000000119209289551e+00,1.199898347258567810e-01,1.268650144338607788e-01,6.920844316482543945e-02,4.617013409733772278e-02,1.438868045806884766e-02,4.070257544517517090e-01,7.262872904539108276e-02,2.271501868963241577e-01,-6.519365310668945312e-02,-1.017993092536926270e-01,4.902854189276695251e-02,-2.214913256466388702e-02,-7.533165067434310913e-02,-2.258923649787902832e-01,-1.647951453924179077e-01,-1.821713335812091827e-02,1.446088850498199463e-01,-7.790131121873855591e-02,-1.899722367525100708e-01,-1.386094838380813599e-01,-1.385669708251953125e-01
5.184441208839416504e-01,4.420651197433471680e-01,4.172022640705108643e-01,2.529977858066558838e-01,5.264188051223754883e-01,5.990226268768310547e-01,4.008486866950988770e-01,2.691240608692169189e-01,2.474389523267745972e-01,1.565149128437042236e-01,3.080062270164489746e-01,1.114883124828338623e-01,2.956452071666717529e-01,2.862682342529296875e-01,-4.216429591178894043e-02,-4.269908964633941650e-01,3.883312046527862549e-01,2.390877902507781982e-01,2.315856069326400757e-01,2.504113018512725830e-01,3.665574789047241211e-01,1.553510576486587524e-01,-5.244911834597587585e-02,3.555820509791374207e-02,2.016747891902923584e-01,3.992319703102111816e-01,1.199898347258567810e-01,1.000000000000000000e+00,7.313273549079895020e-01,4.730384051799774170e-01,1.498235166072845459e-01,1.119963303208351135e-01,3.019888401031494141e-01,5.076772719621658325e-02,9.450574219226837158e-02,-1.256685703992843628e-01,1.248262450098991394e-01,-8.825604617595672607e-02,-7.694511115550994873e-02,-3.328296542167663574e-01,4.462235867977142334e-01,3.885087668895721436e-01,3.515942096710205078e-01,1.502173542976379395e-01,3.055155277252197266e-01,1.921726465225219727e-01,-3.266620915383100510e-04,-9.833447635173797607e-02
3.012889623641967773e-01,6.450595259666442871e-01,2.378662377595901489e-01,2.584671080112457275e-01,3.968024551868438721e-01,5.305835604667663574e-01,5.580059885978698730e-01,1.597511321306228638e-01,3.270138204097747803e-01,2.470686137676239014e-01,6.502353399991989136e-02,-9.165097773075103760e-02,3.790360391139984131e-01,2.461455315351486206e-01,-1.066846624016761780e-01,-2.562400400638580322e-01,4.780999124050140381e-01,3.382551372051239014e-01,4.054683446884155273e-01,4.318723976612091064e-01,4.888195097446441650e-01,2.157271206378936768e-01,7.456089556217193604e-02,2.425823062658309937e-01,-1.491907052695751190e-02,5.837351083755493164e-01,1.268650144338607788e-01,7.313273549079895020e-01,9.999997615814208984e-01,5.948821902275085449e-01,3.471520245075225830e-01,3.510587215423583984e-01,1.142783388495445251e-01,-4.932944849133491516e-02,1.885870993137359619e-01,3.271066024899482727e-02,1.602892875671386719e-01,-4.889342933893203735e-02,4.149506613612174988e-02,-1.591048985719680786e-01,5.250595211982727051e-01,6.022163033485412598e-01,5.449177622795104980e-01,3.306210637092590332e-01,4.853655993938446045e-01,4.025870263576507568e-01,2.517626583576202393e-01,-2.723876386880874634e-02
-1.036904938519001007e-02,4.782814681529998779e-01,2.254126369953155518e-01,1.863672584295272827e-01,1.826939582824707031e-01,4.238356947898864746e-01,5.246380567550659180e-01,2.195419222116470337e-01,3.873416185379028320e-01,3.397999107837677002e-01,2.883602380752563477e-01,1.597110629081726074e-01,5.356036424636840820e-01,4.218685925006866455e-01,5.191340669989585876e-02,-5.542334914207458496e-02,5.174052715301513672e-01,5.146858096122741699e-01,4.147558808326721191e-01,4.705729782581329346e-01,6.092658042907714844e-01,5.130130648612976074e-01,3.674626648426055908e-01,4.574173390865325928e-01,-1.437008753418922424e-02,4.236806333065032959e-01,6.920844316482543945e-02,4.730384051799774170e-01,5.948821902275085449e-01,1.000000000000000000e+00,6.906347870826721191e-01,5.260410904884338379e-01,-2.155842375941574574e-04,1.370206624269485474e-01,3.738124072551727295e-01,3.553739190101623535e-01,2.446557879447937012e-01,1.630234122276306152e-01,3.105145096778869629e-01,6.053551658987998962e-02,2.193478792905807495e-01,4.347484111785888672e-01,5.438516139984130859e-01,2.615807354450225830e-01,3.801153898239135742e-01,3.576713800430297852e-01,4.349479675292968750e-01,1.898246407508850098e-01
-2.513673603534698486e-01,3.199139237403869629e-01,8.102842420339584351e-02,1.457402110099792480e-01,-2.279313839972019196e-02,1.944844573736190796e-01,4.527447819709777832e-01,-1.532116234302520752e-01,1.659950464963912964e-01,1.700797379016876221e-01,5.036820843815803528e-02,-9.402399510145187378e-02,3.659799695014953613e-01,1.703519523143768311e-01,-9.207991510629653931e-02,1.508726328611373901e-01,3.684591948986053467e-01,5.711427330970764160e-01,3.809990584850311279e-01,4.790579378604888916e-01,5.781534314155578613e-01,5.965191721916198730e-01,5.466804504394531250e-01,5.296407938003540039e-01,-2.336531132459640503e-01,2.985785901546478271e-01,4.617013409733772278e-02,1.498235166072845459e-01,3.471520245075225830e-01,6.906347870826721191e-01,1.000000238418579102e+00,6.797415018081665039e-01,-2.379188835620880127e-01,-4.284808412194252014e-02,3.140299916267395020e-01,4.856254160404205322e-01,1.686994433403015137e-01,8.779544383287429810e-02,4.527076482772827148e-01,2.748971581459045410e-01,8.879622817039489746e-02,3.102042078971862793e-01,4.602108597755432129e-01,1.879760026931762695e-01,2.862101197242736816e-01,3.327714800834655762e-01,5.923919081687927246e-01,3.159742653369903564e-01
-2.620521783828735352e-01,3.178544938564300537e-01,-1.291206479072570801e-01,1.565258651971817017e-01,-3.467705100774765015e-02,1.390174478292465210e-01,4.525660574436187744e-01,-2.039759010076522827e-01,1.621715426445007324e-01,1.517954617738723755e-01,-7.499027997255325317e-02,-2.724642157554626465e-01,3.999548256397247314e-01,8.634264767169952393e-02,-2.806842625141143799e-01,4.345538467168807983e-02,4.418287575244903564e-01,5.430796146392822266e-01,4.724009633064270020e-01,5.627567768096923828e-01,6.054022908210754395e-01,6.634271144866943359e-01,5.327805876731872559e-01,6.573492884635925293e-01,-3.155920207500457764e-01,3.003582060337066650e-01,1.438868045806884766e-02,1.119963303208351135e-01,3.510587215423583984e-01,5.260410904884338379e-01,6.797415018081665039e-01,1.000000119209289551e+00,-3.567657172679901123e-01,-2.595177292823791504e-01,1.618694961071014404e-01,4.621801674365997314e-01,2.685640752315521240e-01,-1.586468219757080078e-01,3.418340981006622314e-01,2.390528321266174316e-01,7.705461233854293823e-02,4.267214536666870117e-01,5.175569653511047363e-01,2.390606552362442017e-01,2.602308392524719238e-01,3.060354292392730713e-01,6.614009141921997070e-01,4.956139922142028809e-01
4.912990331649780273e-01,1.476928889751434326e-01,1.173988655209541321e-01,-2.436810880899429321e-01,3.167659938335418701e-01,1.971156746149063110e-01,-1.025629043579101562e-01,5.008322000503540039e-01,2.287755906581878662e-01,1.128442287445068359e-01,1.589612811803817749e-01,3.509206473827362061e-01,2.580907009541988373e-02,2.346785068511962891e-01,3.728007972240447998e-01,-1.446269601583480835e-01,-9.071733057498931885e-02,-1.601059436798095703e-01,-2.073951959609985352e-01,-2.572488188743591309e-01,-1.993593722581863403e-01,-3.681859374046325684e-01,-2.942712306976318359e-01,-1.928324848413467407e-01,7.349931001663208008e-01,3.643293166533112526e-03,4.070257544517517090e-01,3.019888401031494141e-01,1.142783388495445251e-01,-2.155842375941574574e-04,-2.379188835620880127e-01,-3.567657172679901123e-01,1.000000238418579102e+00,4.384346306324005127e-01,1.330389231443405151e-01,-1.365509331226348877e-01,-7.191054522991180420e-02,2.699800133705139160e-01,-1.565491408109664917e-01,-2.443787306547164917e-01,1.365359723567962646e-01,-9.814825654029846191e-02,-9.273160994052886963e-02,5.592003837227821350e-02,-4.050906375050544739e-02,-3.740577772259712219e-02,-2.189596295356750488e-01,-3.775631785392761230e-01
