1.000000238418579102e+00,6.318144965916872025e-03,3.423384130001068115e-01,4.020732939243316650e-01,6.885427236557006836e-01,3.293909430503845215e-01,1.345336139202117920e-01,2.827696800231933594e-01,-9.465920925140380859e-02,-5.182776600122451782e-02,5.243491008877754211e-02,-8.707720041275024414e-02,-2.935509197413921356e-02,-3.662531729787588120e-03,-1.486515700817108154e-01,-5.687352269887924194e-02,2.841591238975524902e-01,2.367999404668807983e-01,1.730171442031860352e-01,3.381021320819854736e-02,9.116316586732864380e-02,1.674846410751342773e-01,-2.039715833961963654e-02,-9.048029035329818726e-02,6.599570512771606445e-01,1.866247504949569702e-01,6.062209606170654297e-01,8.238490223884582520e-01,4.971655011177062988e-01,-3.239069879055023193e-01,1.689618974924087524e-01,-2.067787013947963715e-02,6.188285350799560547e-01,5.407392978668212891e-02,-1.608115136623382568e-01,-1.324609220027923584e-01,-7.832195609807968140e-02,-1.887059360742568970e-01,-1.937961876392364502e-01,-1.027502268552780151e-01,6.041718721389770508e-01,-1.235091313719749451e-01,-3.327812254428863525e-01,-1.351050883531570435e-01,-1.675532758235931396e-01,-1.202346980571746826e-01,-5.760151147842407227e-02,-8.497108705341815948e-03
6.318144965916872025e-03,9.999996423721313477e-01,1.239204332232475281e-01,1.273806542158126831e-01,1.102365329861640930e-01,2.841564416885375977e-01,3.035026788711547852e-01,4.937872290611267090e-01,2.953704893589019775e-01,3.208839893341064453e-01,2.255196571350097656e-01,2.286350429058074951e-01,2.539902031421661377e-01,2.738376557826995850e-01,2.115494012832641602e-01,2.852824330329895020e-01,2.694607079029083252e-01,2.978347539901733398e-01,1.521757394075393677e-01,3.521976172924041748e-01,1.663209795951843262e-01,-9.537268429994583130e-03,1.157540827989578247e-01,3.164534270763397217e-01,1.575821489095687866e-01,3.841109275817871094e-01,1.552280783653259277e-01,1.155353933572769165e-01,1.109204739332199097e-01,2.179448753595352173e-01,2.161661833524703979e-01,2.589594125747680664e-01,3.542485833168029785e-01,4.111856222152709961e-01,2.423237711191177368e-01,3.282266855239868164e-01,3.754687011241912842e-01,3.385804891586303711e-01,2.447551041841506958e-01,2.363526672124862671e-01,3.690416216850280762e-01,5.606921315193176270e-01,4.022909700870513916e-01,4.523879587650299072e-01,5.887060165405273438e-01,4.495545029640197754e-01,2.922855615615844727e-01,1.456553936004638672e-01
3.423384130001068115e-01,1.239204332232475281e-01,1.000000119209289551e+00,8.283299207687377930e-01,2.767384648323059082e-01,3.840066790580749512e-01,6.462624669075012207e-01,2.270580381155014038e-01,1.124828606843948364e-01,2.997425496578216553e-01,3.746522367000579834e-01,3.710140287876129150e-01,3.190102577209472656e-01,2.470743805170059204e-01,2.987108528614044189e-01,2.673265635967254639e-01,5.434785485267639160e-01,4.852227866649627686e-01,3.420340418815612793e-01,2.888047993183135986e-01,4.333807528018951416e-01,4.450486898422241211e-01,1.788376122713088989e-01,2.752930670976638794e-02,1.394581645727157593e-01,6.312210559844970703e-01,1.121229752898216248e-01,3.936083912849426270e-01,1.447844505310058594e-01,4.244466498494148254e-02,3.299266993999481201e-01,5.431303009390830994e-02,2.230259329080581665e-01,1.891689598560333252e-01,1.461304426193237305e-01,8.025351166725158691e-02,1.753329634666442871e-01,2.301331609487533569e-01,7.328618317842483521e-02,1.523209214210510254e-01,2.152352929115295410e-01,2.053266167640686035e-01,9.084764868021011353e-02,-3.118333965539932251e-02,1.784855723381042480e-01,2.422401458024978638e-01,1.936732232570648193e-02,8.490242063999176025e-02
4.020732939243316650e-01,1.273806542158126831e-01,8.283299207687377930e-01,9.999996423721313477e-01,3.525857627391815186e-01,3.697830736637115479e-01,5.889726877212524414e-01,1.898944675922393799e-01,1.887208223342895508e-02,1.741311848163604736e-01,2.644680142402648926e-01,2.602870166301727295e-01,2.830270230770111084e-01,1.940891891717910767e-01,2.678742408752441406e-01,3.412525057792663574e-01,4.710259139537811279e-01,4.725424349308013916e-01,3.703767359256744385e-01,3.545704782009124756e-01,5.105158090591430664e-01,5.611080527305603027e-01,1.331685334444046021e-01,2.662974409759044647e-02,2.165548801422119141e-01,5.128268003463745117e-01,1.773551404476165771e-01,4.095680713653564453e-01,2.408649474382400513e-01,1.980717852711677551e-02,3.165219128131866455e-01,3.893997520208358765e-02,2.489238828420639038e-01,2.009648084640502930e-01,9.164260327816009521e-02,7.594706863164901733e-02,1.965212970972061157e-01,2.091814279556274414e-01,2.995363622903823853e-02,1.053720712661743164e-01,2.838102877140045166e-01,1.964504569768905640e-01,3.460895270109176636e-03,-8.685659617185592651e-02,6.632481515407562256e-02,1.274919956922531128e-01,4.217859357595443726e-03,7.066320627927780151e-02
6.885427236557006836e-01,1.102365329861640930e-01,2.767384648323059082e-01,3.525857627391815186e-01,1.000000119209289551e+00,5.651058554649353027e-01,1.927049160003662109e-01,9.944947808980941772e-02,3.535761684179306030e-02,1.679274812340736389e-02,3.580060601234436035e-02,-1.617730259895324707e-01,9.306274354457855225e-03,-1.115642301738262177e-02,-1.736175119876861572e-01,4.278286360204219818e-03,2.311094850301742554e-01,2.971974611282348633e-01,2.512087225914001465e-01,2.720361053943634033e-01,1.427289843559265137e-01,1.531351059675216675e-01,6.731019169092178345e-02,-9.801488369703292847e-02,5.149407386779785156e-01,2.843296229839324951e-01,5.400652289390563965e-01,6.896952986717224121e-01,5.797448158264160156e-01,-2.717718780040740967e-01,1.614029407501220703e-01,-1.558135896921157837e-01,5.555763244628906250e-01,7.329471409320831299e-02,-6.357362121343612671e-02,-9.523361921310424805e-02,-1.192460805177688599e-01,-8.023479580879211426e-02,-6.972631067037582397e-02,6.608436349779367447e-03,5.842114090919494629e-01,-1.005150154232978821e-01,-9.796780347824096680e-02,-1.918108910322189331e-01,-1.847263574600219727e-01,-1.554028689861297607e-01,-9.606281667947769165e-02,-3.857509419322013855e-02
3.293909430503845215e-01,2.841564416885375977e-01,3.840066790580749512e-01,3.697830736637115479e-01,5.651058554649353027e-01,1.000000715255737305e+00,4.981995224952697754e-01,1.297605931758880615e-01,2.927444279193878174e-01,3.229034245014190674e-01,1.928029209375381470e-01,1.206212714314460754e-01,2.513746023178100586e-01,1.525750607252120972e-01,6.201557815074920654e-02,3.077959641814231873e-02,4.015325605869293213e-01,3.490287065505981445e-01,3.254670500755310059e-01,3.780027031898498535e-01,3.662445247173309326e-01,1.099670827388763428e-01,1.856325566768646240e-02,9.744266420602798462e-02,2.072861939668655396e-01,5.305757522583007812e-01,2.103627026081085205e-01,3.829645216464996338e-01,4.056701958179473877e-01,1.178507208824157715e-01,2.654591202735900879e-01,-7.624641805887222290e-02,3.549686670303344727e-01,-3.146415576338768005e-03,-1.472883671522140503e-02,6.842823326587677002e-02,-6.261267513036727905e-02,6.777912378311157227e-02,-2.680905163288116455e-03,1.012855619192123413e-01,4.472148418426513672e-01,2.561187148094177246e-01,1.646893769502639771e-01,-6.491994112730026245e-02,1.509652286767959595e-01,1.609583050012588501e-01,3.432867117226123810e-03,9.093730151653289795e-02
1.345336139202117920e-01,3.035026788711547852e-01,6.462624669075012207e-01,5.889726877212524414e-01,1.927049160003662109e-01,4.981995224952697754e-01,1.000000000000000000e+00,1.760275512933731079e-01,3.533414304256439209e-01,3.936056196689605713e-01,2.254981696605682373e-01,1.932855397462844849e-01,2.183851748704910278e-01,1.379944235086441040e-01,2.209686487913131714e-01,2.951738238334655762e-01,7.842426896095275879e-01,7.424191832542419434e-01,6.542516946792602539e-01,5.027516484260559082e-01,2.153211534023284912e-01,3.794118463993072510e-01,2.474678307771682739e-01,1.317714899778366089e-01,7.781488448381423950e-02,7.346044778823852539e-01,7.030764222145080566e-02,1.442516446113586426e-01,1.009042635560035706e-01,1.553652733564376831e-01,2.935887575149536133e-01,1.480818241834640503e-01,1.030983701348304749e-01,1.416920721530914307e-01,3.516831994056701660e-02,1.601912528276443481e-01,1.791586130857467651e-01,2.226648479700088501e-01,1.863226890563964844e-01,1.144149526953697205e-01,1.624063253402709961e-01,4.179037511348724365e-01,3.725500404834747314e-01,-4.561674967408180237e-02,2.304233461618423462e-01,3.434007465839385986e-01,1.076018437743186951e-01,1.226365864276885986e-01
2.827696800231933594e-01,4.937872290611267090e-01,2.270580381155014038e-01,1.898944675922393799e-01,9.944947808980941772e-02,1.297605931758880615e-01,1.760275512933731079e-01,1.000000000000000000e+00,3.709873259067535400e-01,3.678638935089111328e-01,5.005014538764953613e-01,4.199054539203643799e-01,3.979837894439697266e-01,4.632457196712493896e-01,2.757435142993927002e-01,2.736616134643554688e-01,2.647334635257720947e-01,1.803683787584304810e-01,-2.332364581525325775e-02,9.537304751574993134e-03,9.614559262990951538e-02,3.940410912036895752e-02,9.309791773557662964e-02,3.191334605216979980e-01,3.533261716365814209e-01,2.345912903547286987e-01,2.088535130023956299e-01,3.279567062854766846e-01,4.764547199010848999e-02,4.726307466626167297e-02,2.565945088863372803e-01,3.197158873081207275e-01,4.410600364208221436e-01,4.916289746761322021e-01,1.460458040237426758e-01,2.381642460823059082e-01,5.403398275375366211e-01,3.048798441886901855e-01,1.222295835614204407e-01,1.860899329185485840e-01,3.223737180233001709e-01,3.122863173484802246e-01,7.659661024808883667e-02,5.124645233154296875e-01,4.603198766708374023e-01,4.041654169559478760e-01,3.343765735626220703e-01,-8.709526807069778442e-02
-9.465920925140380859e-02,2.953704893589019775e-01,1.124828606843948364e-01,1.887208223342895508e-02,3.535761684179306030e-02,2.927444279193878174e-01,3.533414304256439209e-01,3.709873259067535400e-01,1.000000000000000000e+00,7.417325973510742188e-01,4.722936749458312988e-01,3.708112239837646484e-01,4.194080829620361328e-01,2.388646453619003296e-01,3.435400873422622681e-02,1.574110239744186401e-01,4.418202638626098633e-01,3.107330501079559326e-01,2.492097169160842896e-01,2.753623723983764648e-01,6.442531198263168335e-02,7.164481095969676971e-03,2.035912573337554932e-01,1.843597590923309326e-01,-3.469150513410568237e-02,4.053227007389068604e-01,-6.118889525532722473e-02,4.418712574988603592e-03,2.007439360022544861e-02,2.479375600814819336e-01,2.620689570903778076e-01,1.097065657377243042e-01,5.850950628519058228e-02,2.730201482772827148e-01,1.469991207122802734e-01,2.520940899848937988e-01,2.813285291194915771e-01,2.649392187595367432e-01,3.219232857227325439e-01,1.992794573307037354e-01,9.528877586126327515e-02,4.229386746883392334e-01,4.919793903827667236e-01,2.137063890695571899e-01,4.576616883277893066e-01,5.746511816978454590e-01,2.630146741867065430e-01,-1.629818528890609741e-01
-5.182776600122451782e-02,3.208839893341064453e-01,2.997425496578216553e-01,1.741311848163604736e-01,1.679274812340736389e-02,3.229034245014190674e-01,3.936056196689605713e-01,3.678638935089111328e-01,7.417325973510742188e-01,9.999998807907104492e-01,5.986194610595703125e-01,5.612185597419738770e-01,5.635288357734680176e-01,3.161079585552215576e-01,1.440892517566680908e-01,2.065885215997695923e-01,4.705298542976379395e-01,3.210464417934417725e-01,2.610206007957458496e-01,3.045584261417388916e-01,3.050645589828491211e-01,1.204569637775421143e-01,2.795595526695251465e-01,1.670366376638412476e-01,-8.325123786926269531e-02,4.366896450519561768e-01,-3.768556937575340271e-02,6.890077143907546997e-02,2.154911682009696960e-02,2.194131761789321899e-01,2.820160984992980957e-01,1.311600059270858765e-01,1.117935925722122192e-01,2.697531282901763916e-01,3.195446729660034180e-01,2.897002100944519043e-01,2.519699633121490479e-01,3.335694074630737305e-01,3.311536312103271484e-01,2.768265008926391602e-01,8.246228098869323730e-02,4.663724303245544434e-01,4.897646009922027588e-01,2.032851874828338623e-01,5.179215073585510254e-01,6.808477044105529785e-01,2.076765149831771851e-01,-2.225163578987121582e-02
5.243491008877754211e-02,2.255196571350097656e-01,3.746522367000579834e-01,2.644680142402648926e-01,3.580060601234436035e-02,1.928029209375381470e-01,2.254981696605682373e-01,5.005014538764953613e-01,4.722936749458312988e-01,5.986194610595703125e-01,1.000000238418579102e+00,7.174307703971862793e-01,6.529305577278137207e-01,5.179681181907653809e-01,2.630034089088439941e-01,3.965444564819335938e-01,2.500699162483215332e-01,1.724687665700912476e-01,3.508935496211051941e-02,-5.565074831247329712e-02,2.314324378967285156e-01,2.789270877838134766e-01,3.347474038600921631e-01,1.952171772718429565e-01,9.189580380916595459e-02,3.150216639041900635e-01,8.476326614618301392e-02,2.023421972990036011e-01,4.365670680999755859e-02,1.969667226076126099e-01,4.333188533782958984e-01,1.460179090499877930e-01,2.514224648475646973e-01,4.429439604282379150e-01,4.562838971614837646e-01,3.483842015266418457e-01,3.833622634410858154e-01,5.416879057884216309e-01,4.769028127193450928e-01,4.707835912704467773e-01,4.959265515208244324e-02,1.780834645032882690e-01,2.868830859661102295e-01,1.675747483968734741e-01,4.247826039791107178e-01,4.535247087478637695e-01,2.532610297203063965e-01,-4.421019181609153748e-02
-8.707720041275024414e-02,2.286350429058074951e-01,3.710140287876129150e-01,2.602870166301727295e-01,-1.617730259895324707e-01,1.206212714314460754e-01,1.932855397462844849e-01,4.199054539203643799e-01,3.708112239837646484e-01,5.612185597419738770e-01,7.174307703971862793e-01,9.999996423721313477e-01,7.484417557716369629e-01,5.701824426651000977e-01,4.190256893634796143e-01,3.783530294895172119e-01,1.828561723232269287e-01,6.043662130832672119e-02,-7.061460614204406738e-02,-5.886558070778846741e-02,4.261427819728851318e-01,3.065184950828552246e-01,2.456979751586914062e-01,2.702233791351318359e-01,-3.413951769471168518e-02,2.406657636165618896e-01,-1.381661184132099152e-02,7.957895100116729736e-02,-7.908701151609420776e-02,3.834617137908935547e-01,4.296647906303405762e-01,2.443479597568511963e-01,1.604142785072326660e-01,4.283817708492279053e-01,4.713503718376159668e-01,3.860462903976440430e-01,4.028391838073730469e-01,4.953553676605224609e-01,3.311906456947326660e-01,4.181081056594848633e-01,-1.350047904998064041e-02,2.881942391395568848e-01,2.854551672935485840e-01,2.622313499450683594e-01,5.369322299957275391e-01,5.093551278114318848e-01,3.208163678646087646e-01,9.318723529577255249e-02
-2.935509197413921356e-02,2.539902031421661377e-01,3.190102577209472656e-01,2.830270230770111084e-01,9.306274354457855225e-03,2.513746023178100586e-01,2.183851748704910278e-01,3.979837894439697266e-01,4.194080829620361328e-01,5.635288357734680176e-01,6.529305577278137207e-01,7.484417557716369629e-01,9.999998807907104492e-01,5.073236227035522461e-01,3.867575228214263916e-01,5.325007438659667969e-01,1.771678775548934937e-01,8.718408644199371338e-02,-1.494819577783346176e-02,6.319681555032730103e-02,4.606483280658721924e-01,3.451453149318695068e-01,3.082779943943023682e-01,2.535868287086486816e-01,4.755095113068819046e-03,2.854837775230407715e-01,1.780643500387668610e-02,9.440407156944274902e-02,8.430232293903827667e-03,3.002131581306457520e-01,3.915769457817077637e-01,1.770523637533187866e-01,2.321299016475677490e-01,4.330691099166870117e-01,4.692062437534332275e-01,3.689262568950653076e-01,4.297823905944824219e-01,5.112982988357543945e-01,3.757686018943786621e-01,4.141458272933959961e-01,8.345059305429458618e-02,3.205148577690124512e-01,2.873102128505706787e-01,2.075143009424209595e-01,4.824323654174804688e-01,4.572775065898895264e-01,2.765044569969177246e-01,3.401357308030128479e-02
-3.662531729787588120e-03,2.738376557826995850e-01,2.470743805170059204e-01,1.940891891717910767e-01,-1.115642301738262177e-02,1.525750607252120972e-01,1.379944235086441040e-01,4.632457196712493896e-01,2.388646453619003296e-01,3.161079585552215576e-01,5.179681181907653809e-01,5.701824426651000977e-01,5.073236227035522461e-01,1.000000238418579102e+00,6.350831985473632812e-01,4.136840403079986572e-01,4.828314483165740967e-02,5.294430628418922424e-02,-1.144800037145614624e-01,-5.964023992419242859e-02,2.491476684808731079e-01,1.405418217182159424e-01,1.098726168274879456e-01,2.748098075389862061e-01,8.917102962732315063e-02,2.806697487831115723e-01,1.120628491044044495e-01,1.754667907953262329e-01,-5.077647510915994644e-03,2.177771776914596558e-01,3.326160907745361328e-01,2.146647125482559204e-01,3.551641702651977539e-01,5.494350790977478027e-01,4.134611785411834717e-01,2.907322347164154053e-01,4.767045676708221436e-01,6.197387576103210449e-01,2.638354003429412842e-01,3.265456259250640869e-01,7.518735527992248535e-02,2.089177221059799194e-01,1.888031810522079468e-01,1.459283828735351562e-01,3.937407433986663818e-01,2.859480679035186768e-01,2.434926331043243408e-01,-6.080304738134145737e-03
-1.486515700817108154e-01,2.115494012832641602e-01,2.987108528614044189e-01,2.678742408752441406e-01,-1.736175119876861572e-01,6.201557815074920654e-02,2.209686487913131714e-01,2.757435142993927002e-01,3.435400873422622681e-02,1.440892517566680908e-01,2.630034089088439941e-01,4.190256893634796143e-01,3.867575228214263916e-01,6.350831985473632812e-01,9.999996423721313477e-01,4.674999415874481201e-01,4.945734143257141113e-02,8.077370375394821167e-02,-8.068902790546417236e-02,2.307226881384849548e-02,2.366496324539184570e-01,2.100486904382705688e-01,8.361530303955078125e-02,2.204889953136444092e-01,-1.821807213127613068e-02,2.156828492879867554e-01,1.236407365649938583e-02,-6.957006454467773438e-02,-2.226248085498809814e-01,1.777903437614440918e-01,1.174997165799140930e-01,1.673073172569274902e-01,1.885613501071929932e-01,4.419023394584655762e-01,3.306854069232940674e-01,1.965589672327041626e-01,4.281881451606750488e-01,6.377447247505187988e-01,9.562093019485473633e-02,1.524729281663894653e-01,-1.050853207707405090e-01,2.086413651704788208e-01,1.406482309103012085e-01,8.616410940885543823e-02,3.569715321063995361e-01,2.357815504074096680e-01,1.423509120941162109e-01,3.979387879371643066e-02
-5.687352269887924194e-02,2.852824330329895020e-01,2.673265635967254639e-01,3.412525057792663574e-01,4.278286360204219818e-03,3.077959641814231873e-02,2.951738238334655762e-01,2.736616134643554688e-01,1.574110239744186401e-01,2.065885215997695923e-01,3.965444564819335938e-01,3.783530294895172119e-01,5.325007438659667969e-01,4.136840403079986572e-01,4.674999415874481201e-01,1.000000119209289551e+00,1.760475784540176392e-01,2.955083549022674561e-01,2.539145052433013916e-01,2.455007731914520264e-01,1.352734565734863281e-01,4.002617597579956055e-01,4.531996846199035645e-01,1.029798835515975952e-01,-2.373263472691178322e-03,1.798478066921234131e-01,3.431297838687896729e-02,-3.629950061440467834e-02,-8.552311360836029053e-02,9.945257753133773804e-02,1.820811480283737183e-01,1.082546487450599670e-01,1.581732481718063354e-01,5.469116568565368652e-01,4.755468666553497314e-01,2.552531063556671143e-01,5.043706297874450684e-01,6.248522400856018066e-01,4.919968247413635254e-01,3.568748831748962402e-01,2.129222080111503601e-02,2.365450561046600342e-01,3.120253086090087891e-01,4.480554163455963135e-02,2.595066726207733154e-01,2.506963014602661133e-01,1.667043417692184448e-01,-3.380452468991279602e-02
2.841591238975524902e-01,2.694607079029083252e-01,5.434785485267639160e-01,4.710259139537811279e-01,2.311094850301742554e-01,4.015325605869293213e-01,7.842426896095275879e-01,2.647334635257720947e-01,4.418202638626098633e-01,4.705298542976379395e-01,2.500699162483215332e-01,1.828561723232269287e-01,1.771678775548934937e-01,4.828314483165740967e-02,4.945734143257141113e-02,1.760475784540176392e-01,9.999998807907104492e-01,7.815850973129272461e-01,6.632074117660522461e-01,4.212901294231414795e-01,1.193543002009391785e-01,2.739034295082092285e-01,3.365488946437835693e-01,-2.001435495913028717e-02,2.589759826660156250e-01,6.232327818870544434e-01,2.517416775226593018e-01,2.643169164657592773e-01,1.154636815190315247e-01,3.658133326098322868e-03,2.525384724140167236e-01,1.178364530205726624e-01,2.095318138599395752e-01,1.708788722753524780e-01,-2.361647225916385651e-02,3.985073417425155640e-02,1.822384297847747803e-01,1.332558691501617432e-01,1.960234045982360840e-01,8.954194933176040649e-02,2.269821763038635254e-01,3.807390034198760986e-01,3.465082645416259766e-01,-6.303907185792922974e-02,2.195433080196380615e-01,3.767233788967132568e-01,6.819074600934982300e-02,1.147521939128637314e-02
2.367999404668807983e-01,2.978347539901733398e-01,4.852227866649627686e-01,4.725424349308013916e-01,2.971974611282348633e-01,3.490287065505981445e-01,7.424191832542419434e-01,1.803683787584304810e-01,3.107330501079559326e-01,3.210464417934417725e-01,1.724687665700912476e-01,6.043662130832672119e-02,8.718408644199371338e-02,5.294430628418922424e-02,8.077370375394821167e-02,2.955083549022674561e-01,7.815850973129272461e-01,1.000000000000000000e+00,7.842815518379211426e-01,6.170724630355834961e-01,1.021145284175872803e-01,3.584294915199279785e-01,4.209859073162078857e-01,-4.277310892939567566e-02,3.031528592109680176e-01,5.670065283775329590e-01,2.686137259006500244e-01,2.105804830789566040e-01,1.364622712135314941e-01,-6.385271996259689331e-02,2.311301827430725098e-01,4.826861619949340820e-02,2.070928961038589478e-01,2.314496785402297974e-01,1.892002671957015991e-02,2.715068124234676361e-02,2.215733379125595093e-01,2.119651138782501221e-01,2.356350868940353394e-01,9.739843755960464478e-02,1.961371004581451416e-01,2.954179346561431885e-01,3.926589787006378174e-01,-8.921086043119430542e-02,1.264481544494628906e-01,3.028138577938079834e-01,1.631676405668258667e-02,3.970575705170631409e-02
1.730171442031860352e-01,1.521757394075393677e-01,3.420340418815612793e-01,3.703767359256744385e-01,2.512087225914001465e-01,3.254670500755310059e-01,6.542516946792602539e-01,-2.332364581525325775e-02,2.492097169160842896e-01,2.610206007957458496e-01,3.508935496211051941e-02,-7.061460614204406738e-02,-1.494819577783346176e-02,-1.144800037145614624e-01,-8.068902790546417236e-02,2.539145052433013916e-01,6.632074117660522461e-01,7.842815518379211426e-01,9.999997615814208984e-01,6.835467219352722168e-01,5.392092093825340271e-02,3.122505545616149902e-01,3.589361608028411865e-01,-2.018615156412124634e-01,9.727119654417037964e-02,4.150658249855041504e-01,9.437002241611480713e-02,9.736689180135726929e-02,1.517029702663421631e-01,-1.171837747097015381e-02,1.611507683992385864e-01,-9.329453855752944946e-02,-7.009454537183046341e-03,6.388915330171585083e-02,-1.212434098124504089e-02,-1.238575726747512817e-01,7.346465438604354858e-02,7.689446955919265747e-02,1.901790052652359009e-01,-9.760322980582714081e-03,1.579658389091491699e-01,2.847834825515747070e-01,3.922193944454193115e-01,-1.523827910423278809e-01,4.580448381602764130e-03,2.369769066572189331e-01,-1.181418821215629578e-01,-3.423122689127922058e-02
3.381021320819854736e-02,3.521976172924041748e-01,2.888047993183135986e-01,3.545704782009124756e-01,2.720361053943634033e-01,3.780027031898498535e-01,5.027516484260559082e-01,9.537304751574993134e-03,2.753623723983764648e-01,3.045584261417388916e-01,-5.565074831247329712e-02,-5.886558070778846741e-02,6.319681555032730103e-02,-5.964023992419242859e-02,2.307226881384849548e-02,2.455007731914520264e-01,4.212901294231414795e-01,6.170724630355834961e-01,6.835467219352722168e-01,1.000000476837158203e+00,3.040426075458526611e-01,1.967361420392990112e-01,2.305052429437637329e-01,-1.045182943344116211e-01,-1.599266380071640015e-02,3.913960158824920654e-01,-3.869859501719474792e-02,3.236506599932909012e-03,1.354715079069137573e-01,3.186896070837974548e-02,9.532433003187179565e-02,-1.158177852630615234e-01,1.522610778920352459e-03,8.360584825277328491e-02,4.070385172963142395e-02,-6.587241590023040771e-02,1.454099267721176147e-01,1.137480288743972778e-01,1.258855611085891724e-01,-3.646842762827873230e-02,1.970311105251312256e-01,4.417250454425811768e-01,4.481238126754760742e-01,7.604331523180007935e-02,1.999233663082122803e-01,3.722392022609710693e-01,-8.622670918703079224e-02,-4.404169693589210510e-02
9.116316586732864380e-02,1.663209795951843262e-01,4.333807528018951416e-01,5.105158090591430664e-01,1.427289843559265137e-01,3.662445247173309326e-01,2.153211534023284912e-01,9.614559262990951538e-02,6.442531198263168335e-02,3.050645589828491211e-01,2.314324378967285156e-01,4.261427819728851318e-01,4.606483280658721924e-01,2.491476684808731079e-01,2.366496324539184570e-01,1.352734565734863281e-01,1.193543002009391785e-01,1.021145284175872803e-01,5.392092093825340271e-02,3.040426075458526611e-01,1.000000357627868652e+00,3.984868824481964111e-01,2.419457538053393364e-03,7.112324237823486328e-02,7.629212457686662674e-03,3.001909255981445312e-01,-1.329084113240242004e-02,1.796030104160308838e-01,2.701454162597656250e-01,3.249167799949645996e-01,3.661604821681976318e-01,6.690564751625061035e-02,1.114831864833831787e-01,4.788013175129890442e-02,2.238411754369735718e-01,7.405742257833480835e-02,1.437681168317794800e-01,1.261177957057952881e-01,-4.260944947600364685e-02,4.176237061619758606e-02,1.689566522836685181e-01,3.044828176498413086e-01,8.108984678983688354e-02,1.797046959400177002e-01,2.549611628055572510e-01,2.715419530868530273e-01,4.313268885016441345e-02,1.033733263611793518e-01
1.674846410751342773e-01,-9.537268429994583130e-03,4.450486898422241211e-01,5.611080527305603027e-01,1.531351059675216675e-01,1.099670827388763428e-01,3.794118463993072510e-01,3.940410912036895752e-02,7.164481095969676971e-03,1.204569637775421143e-01,2.789270877838134766e-01,3.065184950828552246e-01,3.451453149318695068e-01,1.405418217182159424e-01,2.100486904382705688e-01,4.002617597579956055e-01,2.739034295082092285e-01,3.584294915199279785e-01,3.122505545616149902e-01,1.967361420392990112e-01,3.984868824481964111e-01,1.000000357627868652e+00,3.361127376556396484e-01,8.618429303169250488e-02,1.414354294538497925e-01,2.086007893085479736e-01,1.868417263031005859e-01,1.880947947502136230e-01,1.700832843780517578e-01,2.059288620948791504e-01,5.056757926940917969e-01,2.021371871232986450e-01,1.060885488986968994e-01,2.117245197296142578e-01,2.306561619043350220e-01,2.267441898584365845e-01,2.042493224143981934e-01,2.812568843364715576e-01,2.661438286304473877e-01,2.216013520956039429e-01,1.931140385568141937e-02,6.386638432741165161e-02,2.413216419517993927e-02,-5.660049617290496826e-02,4.985364899039268494e-02,1.024653464555740356e-01,1.786188334226608276e-01,2.330991625785827637e-01
-2.039715833961963654e-02,1.157540827989578247e-01,1.788376122713088989e-01,1.331685334444046021e-01,6.731019169092178345e-02,1.856325566768646240e-02,2.474678307771682739e-01,9.309791773557662964e-02,2.035912573337554932e-01,2.795595526695251465e-01,3.347474038600921631e-01,2.456979751586914062e-01,3.082779943943023682e-01,1.098726168274879456e-01,8.361530303955078125e-02,4.531996846199035645e-01,3.365488946437835693e-01,4.209859073162078857e-01,3.589361608028411865e-01,2.305052429437637329e-01,2.419457538053393364e-03,3.361127376556396484e-01,1.000000119209289551e+00,-1.352205425500869751e-01,-4.761391505599021912e-02,8.395119756460189819e-02,1.246064081788063049e-01,-3.230021521449089050e-02,-1.317163109779357910e-01,-1.868301033973693848e-01,3.918145224452018738e-02,2.651138696819543839e-03,5.339084565639495850e-02,3.378064632415771484e-01,3.476275503635406494e-01,1.401310563087463379e-01,2.461385577917098999e-01,4.397772550582885742e-01,7.022470831871032715e-01,5.357486605644226074e-01,-8.220449835062026978e-02,6.338062137365341187e-02,2.820096015930175781e-01,-1.324764788150787354e-01,1.070936694741249084e-01,1.867605745792388916e-01,6.385562010109424591e-04,1.535048782825469971e-01
-9.048029035329818726e-02,3.164534270763397217e-01,2.752930670976638794e-02,2.662974409759044647e-02,-9.801488369703292847e-02,9.744266420602798462e-02,1.317714899778366089e-01,3.191334605216979980e-01,1.843597590923309326e-01,1.670366376638412476e-01,1.952171772718429565e-01,2.702233791351318359e-01,2.535868287086486816e-01,2.748098075389862061e-01,2.204889953136444092e-01,1.029798835515975952e-01,-2.001435495913028717e-02,-4.277310892939567566e-02,-2.018615156412124634e-01,-1.045182943344116211e-01,7.112324237823486328e-02,8.618429303169250488e-02,-1.352205425500869751e-01,1.000000119209289551e+00,3.672127798199653625e-02,1.846543252468109131e-01,-4.104585200548171997e-02,1.706777885556221008e-02,3.908517584204673767e-02,2.894565761089324951e-01,2.840989828109741211e-01,7.073540687561035156e-01,1.317635774612426758e-01,2.829889357089996338e-01,7.855630666017532349e-02,7.931730747222900391e-01,2.686699032783508301e-01,1.784641593694686890e-01,4.745936766266822815e-02,2.455310374498367310e-01,1.197048276662826538e-01,2.933237552642822266e-01,9.671621769666671753e-02,2.443471550941467285e-01,3.677903711795806885e-01,1.792536377906799316e-01,7.533151507377624512e-01,4.626790285110473633e-01
6.599570512771606445e-01,1.575821489095687866e-01,1.394581645727157593e-01,2.165548801422119141e-01,5.149407386779785156e-01,2.072861939668655396e-01,7.781488448381423950e-02,3.533261716365814209e-01,-3.469150513410568237e-02,-8.325123786926269531e-02,9.189580380916595459e-02,-3.413951769471168518e-02,4.755095113068819046e-03,8.917102962732315063e-02,-1.821807213127613068e-02,-2.373263472691178322e-03,2.589759826660156250e-01,3.031528592109680176e-01,9.727119654417037964e-02,-1.599266380071640015e-02,7.629212457686662674e-03,1.414354294538497925e-01,-4.761391505599021912e-02,3.672127798199653625e-02,9.999997615814208984e-01,1.723190099000930786e-01,7.828541994094848633e-01,6.360645890235900879e-01,3.808752000331878662e-01,-2.372893095016479492e-01,2.315835505723953247e-01,7.805778086185455322e-02,6.935591101646423340e-01,2.191054970026016235e-01,-1.715403050184249878e-01,-4.401710629463195801e-02,7.274570316076278687e-02,-3.185466304421424866e-02,-1.673103868961334229e-01,-8.307275176048278809e-02,4.432102441787719727e-01,-1.215314194560050964e-01,-2.608696222305297852e-01,-2.964110672473907471e-02,-2.920546941459178925e-02,-7.697062939405441284e-02,1.018568947911262512e-01,-3.519041091203689575e-02
1.866247504949569702e-01,3.841109275817871094e-01,6.312210559844970703e-01,5.128268003463745117e-01,2.843296229839324951e-01,5.305757522583007812e-01,7.346044778823852539e-01,2.345912903547286987e-01,4.053227007389068604e-01,4.366896450519561768e-01,3.150216639041900635e-01,2.406657636165618896e-01,2.854837775230407715e-01,2.806697487831115723e-01,2.156828492879867554e-01,1.798478066921234131e-01,6.232327818870544434e-01,5.670065283775329590e-01,4.150658249855041504e-01,3.913960158824920654e-01,3.001909255981445312e-01,2.086007893085479736e-01,8.395119756460189819e-02,1.846543252468109131e-01,1.723190099000930786e-01,1.000000476837158203e+00,1.562131494283676147e-01,3.287693560123443604e-01,3.086546659469604492e-01,2.260340303182601929e-01,3.670822381973266602e-01,1.197018176317214966e-01,2.713733613491058350e-01,2.059191018342971802e-01,1.495261788368225098e-01,1.902439296245574951e-01,2.039704024791717529e-01,2.292795777320861816e-01,1.531468480825424194e-01,9.222060441970825195e-02,2.919461131095886230e-01,4.252611398696899414e-01,3.703092634677886963e-01,6.548742949962615967e-02,3.493593931198120117e-01,3.938657641410827637e-01,1.505921930074691772e-01,4.519251734018325806e-02
6.062209606170654297e-01,1.552280783653259277e-01,1.121229752898216248e-01,1.773551404476165771e-01,5.400652289390563965e-01,2.103627026081085205e-01,7.030764222145080566e-02,2.088535130023956299e-01,-6.118889525532722473e-02,-3.768556937575340271e-02,8.476326614618301392e-02,-1.381661184132099152e-02,1.780643500387668610e-02,1.120628491044044495e-01,1.236407365649938583e-02,3.431297838687896729e-02,2.517416775226593018e-01,2.686137259006500244e-01,9.437002241611480713e-02,-3.869859501719474792e-02,-1.329084113240242004e-02,1.868417263031005859e-01,1.246064081788063049e-01,-4.104585200548171997e-02,7.828541994094848633e-01,1.562131494283676147e-01,9.999997615814208984e-01,6.133512854576110840e-01,4.197584390640258789e-01,-2.346113473176956177e-01,1.816266030073165894e-01,4.676343128085136414e-02,7.147269248962402344e-01,2.605698406696319580e-01,-3.369216341525316238e-03,1.912210695445537567e-02,5.482450872659683228e-02,9.973946213722229004e-02,2.361771184951066971e-03,6.801072042435407639e-03,4.198704659938812256e-01,-1.267647594213485718e-01,-2.174624651670455933e-01,-2.014573067426681519e-01,-6.709271669387817383e-02,-1.048778295516967773e-01,4.515877738595008850e-02,4.525436833500862122e-02
8.238490223884582520e-01,1.155353933572769165e-01,3.936083912849426270e-01,4.095680713653564453e-01,6.896952986717224121e-01,3.829645216464996338e-01,1.442516446113586426e-01,3.279567062854766846e-01,4.418712574988603592e-03,6.890077143907546997e-02,2.023421972990036011e-01,7.957895100116729736e-02,9.440407156944274902e-02,1.754667907953262329e-01,-6.957006454467773438e-02,-3.629950061440467834e-02,2.643169164657592773e-01,2.105804830789566040e-01,9.736689180135726929e-02,3.236506599932909012e-03,1.796030104160308838e-01,1.880947947502136230e-01,-3.230021521449089050e-02,1.706777885556221008e-02,6.360645890235900879e-01,3.287693560123443604e-01,6.133512854576110840e-01,9.999997615814208984e-01,6.407495141029357910e-01,-1.496473103761672974e-01,3.190236985683441162e-01,2.497917599976062775e-02,6.829008460044860840e-01,2.150093019008636475e-01,6.425148807466030121e-03,1.528225094079971313e-02,2.052987180650234222e-02,-4.722997918725013733e-02,-9.552086889743804932e-02,1.330441702157258987e-02,6.538807749748229980e-01,-7.127697020769119263e-02,-2.177944928407669067e-01,-6.619327515363693237e-02,-3.584810346364974976e-02,-5.237977579236030579e-02,5.232130363583564758e-02,1.456348132342100143e-02
4.971655011177062988e-01,1.109204739332199097e-01,1.447844505310058594e-01,2.408649474382400513e-01,5.797448158264160156e-01,4.056701958179473877e-01,1.009042635560035706e-01,4.764547199010848999e-02,2.007439360022544861e-02,2.154911682009696960e-02,4.365670680999755859e-02,-7.908701151609420776e-02,8.430232293903827667e-03,-5.077647510915994644e-03,-2.226248085498809814e-01,-8.552311360836029053e-02,1.154636815190315247e-01,1.364622712135314941e-01,1.517029702663421631e-01,1.354715079069137573e-01,2.701454162597656250e-01,1.700832843780517578e-01,-1.317163109779357910e-01,3.908517584204673767e-02,3.808752000331878662e-01,3.086546659469604492e-01,4.197584390640258789e-01,6.407495141029357910e-01,1.000000119209289551e+00,1.681105047464370728e-01,3.651376664638519287e-01,2.132250741124153137e-02,3.841756880283355713e-01,1.051302882842719555e-03,2.243452146649360657e-02,8.305183798074722290e-02,-6.239864975214004517e-02,-9.186754375696182251e-02,-6.491749733686447144e-02,-9.510682523250579834e-02,5.250933766365051270e-01,3.190150111913681030e-02,-8.193469792604446411e-02,-4.259489849209785461e-02,-9.350286424160003662e-02,-7.296787202358245850e-02,6.578993797302246094e-02,-3.365955548360943794e-03
-3.239069879055023193e-01,2.179448753595352173e-01,4.244466498494148254e-02,1.980717852711677551e-02,-2.717718780040740967e-01,1.178507208824157715e-01,1.553652733564376831e-01,4.726307466626167297e-02,2.479375600814819336e-01,2.194131761789321899e-01,1.969667226076126099e-01,3.834617137908935547e-01,3.002131581306457520e-01,2.177771776914596558e-01,1.777903437614440918e-01,9.945257753133773804e-02,3.658133326098322868e-03,-6.385271996259689331e-02,-1.171837747097015381e-02,3.186896070837974548e-02,3.249167799949645996e-01,2.059288620948791504e-01,-1.868301033973693848e-01,2.894565761089324951e-01,-2.372893095016479492e-01,2.260340303182601929e-01,-2.346113473176956177e-01,-1.496473103761672974e-01,1.681105047464370728e-01,9.999996423721313477e-01,5.746831893920898438e-01,2.435136735439300537e-01,-1.906750947237014771e-01,6.019565835595130920e-02,2.370079755783081055e-01,2.454783469438552856e-01,1.877131015062332153e-01,1.301544606685638428e-01,4.801961034536361694e-02,2.121581323444843292e-02,-2.248864248394966125e-02,4.150154888629913330e-01,3.442190289497375488e-01,3.058165311813354492e-01,3.594732582569122314e-01,3.025094866752624512e-01,3.515976965427398682e-01,6.807384639978408813e-02
1.689618974924087524e-01,2.161661833524703979e-01,3.299266993999481201e-01,3.165219128131866455e-01,1.614029407501220703e-01,2.654591202735900879e-01,2.935887575149536133e-01,2.565945088863372803e-01,2.620689570903778076e-01,2.820160984992980957e-01,4.333188533782958984e-01,4.296647906303405762e-01,3.915769457817077637e-01,3.326160907745361328e-01,1.174997165799140930e-01,1.820811480283737183e-01,2.525384724140167236e-01,2.311301827430725098e-01,1.611507683992385864e-01,9.532433003187179565e-02,3.661604821681976318e-01,5.056757926940917969e-01,3.918145224452018738e-02,2.840989828109741211e-01,2.315835505723953247e-01,3.670822381973266602e-01,1.816266030073165894e-01,3.190236985683441162e-01,3.651376664638519287e-01,5.746831893920898438e-01,1.000000238418579102e+00,3.924494385719299316e-01,1.998574286699295044e-01,2.464838325977325439e-01,2.076305001974105835e-01,2.809289991855621338e-01,2.062050998210906982e-01,2.197626829147338867e-01,1.619953960180282593e-01,1.449483633041381836e-01,1.853309869766235352e-01,2.526094317436218262e-01,1.879964917898178101e-01,2.013384550809860229e-01,3.082445561885833740e-01,2.887405455112457275e-01,4.740037024021148682e-01,9.712108969688415527e-02
-2.067787013947963715e-02,2.589594125747680664e-01,5.431303009390830994e-02,3.893997520208358765e-02,-1.558135896921157837e-01,-7.624641805887222290e-02,1.480818241834640503e-01,3.197158873081207275e-01,1.097065657377243042e-01,1.311600059270858765e-01,1.460179090499877930e-01,2.443479597568511963e-01,1.770523637533187866e-01,2.146647125482559204e-01,1.673073172569274902e-01,1.082546487450599670e-01,1.178364530205726624e-01,4.826861619949340820e-02,-9.329453855752944946e-02,-1.158177852630615234e-01,6.690564751625061035e-02,2.021371871232986450e-01,2.651138696819543839e-03,7.073540687561035156e-01,7.805778086185455322e-02,1.197018176317214966e-01,4.676343128085136414e-02,2.497917599976062775e-02,2.132250741124153137e-02,2.435136735439300537e-01,3.924494385719299316e-01,1.000000000000000000e+00,8.914355933666229248e-02,2.843610048294067383e-01,3.061580285429954529e-02,5.816559195518493652e-01,2.889669835567474365e-01,1.264178752899169922e-01,4.343032091856002808e-02,8.020626008510589600e-02,7.130218297243118286e-02,3.202612400054931641e-01,5.495121330022811890e-02,2.619272470474243164e-01,3.149025440216064453e-01,2.126672416925430298e-01,7.639593482017517090e-01,4.431059956550598145e-01
6.188285350799560547e-01,3.542485833168029785e-01,2.230259329080581665e-01,2.489238828420639038e-01,5.555763244628906250e-01,3.549686670303344727e-01,1.030983701348304749e-01,4.410600364208221436e-01,5.850950628519058228e-02,1.117935925722122192e-01,2.514224648475646973e-01,1.604142785072326660e-01,2.321299016475677490e-01,3.551641702651977539e-01,1.885613501071929932e-01,1.581732481718063354e-01,2.095318138599395752e-01,2.070928961038589478e-01,-7.009454537183046341e-03,1.522610778920352459e-03,1.114831864833831787e-01,1.060885488986968994e-01,5.339084565639495850e-02,1.317635774612426758e-01,6.935591101646423340e-01,2.713733613491058350e-01,7.147269248962402344e-01,6.829008460044860840e-01,3.841756880283355713e-01,-1.906750947237014771e-01,1.998574286699295044e-01,8.914355933666229248e-02,9.999990463256835938e-01,4.137141406536102295e-01,1.403311491012573242e-01,1.499883383512496948e-01,1.954309940338134766e-01,2.358635216951370239e-01,3.260961174964904785e-02,1.384426206350326538e-01,5.455369949340820312e-01,2.121845632791519165e-02,-1.374014019966125488e-01,9.729524143040180206e-03,1.661361157894134521e-01,6.967361271381378174e-02,1.385383754968643188e-01,4.859452694654464722e-02
