9.999997615814208984e-01,7.322844266891479492e-01,3.834173977375030518e-01,4.424274265766143799e-01,4.550358057022094727e-01,3.745422959327697754e-01,2.230574339628219604e-01,2.626144587993621826e-01,3.895522952079772949e-01,3.079069554805755615e-01,1.784084588289260864e-01,5.454564690589904785e-01,3.616155683994293213e-01,3.451888859272003174e-01,4.183383584022521973e-01,4.282522797584533691e-01,4.267499446868896484e-01,1.657150834798812866e-01,3.390740752220153809e-01,2.239550799131393433e-01,1.857793778181076050e-01
7.322844266891479492e-01,1.000000357627868652e+00,2.447541952133178711e-01,4.023819267749786377e-01,4.944216310977935791e-01,4.752039611339569092e-01,3.170126080513000488e-01,2.528204619884490967e-01,4.354182779788970947e-01,3.851600289344787598e-01,1.946988105773925781e-01,3.159754574298858643e-01,3.469196557998657227e-01,2.608074843883514404e-01,3.399054706096649170e-01,4.573142826557159424e-01,4.003704786300659180e-01,1.951206326484680176e-01,3.513911664485931396e-01,3.516979515552520752e-01,1.524840444326400757e-01
3.834173977375030518e-01,2.447541952133178711e-01,9.999999403953552246e-01,2.606835365295410156e-01,3.540839254856109619e-01,2.105906903743743896e-01,7.560938596725463867e-02,1.710391230881214142e-02,1.186284571886062622e-01,-9.637908637523651123e-02,1.190226525068283081e-01,1.967993378639221191e-01,9.486778080463409424e-02,7.929329276084899902e-01,2.259014695882797241e-01,4.141010642051696777e-01,9.688786417245864868e-02,-1.075617037713527679e-02,1.236198917031288147e-01,-8.099682629108428955e-02,1.209348812699317932e-01
4.424274265766143799e-01,4.023819267749786377e-01,2.606835365295410156e-01,9.999998211860656738e-01,4.816913008689880371e-01,5.513624548912048340e-01,5.489244461059570312e-01,5.353312939405441284e-02,3.520885407924652100e-01,2.808409929275512695e-01,-1.771369716152548790e-03,4.618194699287414551e-01,3.331146240234375000e-01,3.270347118377685547e-01,7.897348403930664062e-01,5.335397124290466309e-01,5.091407895088195801e-01,4.659248590469360352e-01,2.261530309915542603e-01,3.006699979305267334e-01,-2.105877734720706940e-02
4.550358057022094727e-01,4.944216310977935791e-01,3.540839254856109619e-01,4.816913008689880371e-01,9.999999403953552246e-01,6.291847825050354004e-01,5.648600459098815918e-01,5.119657143950462341e-02,3.100650906562805176e-01,3.122551143169403076e-01,2.677474915981292725e-01,2.925137281417846680e-01,2.560448646545410156e-01,3.093743622303009033e-01,3.766810595989227295e-01,6.413806676864624023e-01,4.682797193527221680e-01,3.819541335105895996e-01,1.614002585411071777e-01,2.720699310302734375e-01,1.652093827724456787e-01
3.745422959327697754e-01,4.752039611339569092e-01,2.105906903743743896e-01,5.513624548912048340e-01,6.291847825050354004e-01,1.000000476837158203e+00,7.478949427604675293e-01,1.346050053834915161e-01,4.059022963047027588e-01,4.508698284626007080e-01,1.744798570871353149e-01,2.933237254619598389e-01,3.429524600505828857e-01,2.196466177701950073e-01,4.165046811103820801e-01,5.474956631660461426e-01,5.643879175186157227e-01,4.641577303409576416e-01,2.743062674999237061e-01,3.922976255416870117e-01,9.570304304361343384e-02
2.230574339628219604e-01,3.170126080513000488e-01,7.560938596725463867e-02,5.489244461059570312e-01,5.648600459098815918e-01,7.478949427604675293e-01,9.999998211860656738e-01,1.341905593872070312e-01,4.357531666755676270e-01,4.678742587566375732e-01,1.123194396495819092e-01,2.325659096240997314e-01,2.305960953235626221e-01,1.085219681262969971e-01,4.042519927024841309e-01,4.081819057464599609e-01,5.021643638610839844e-01,5.749585032463073730e-01,2.144893556833267212e-01,4.149349927902221680e-01,2.055401913821697235e-03
2.626144587993621826e-01,2.528204619884490967e-01,1.710391230881214142e-02,5.353312939405441284e-02,5.119657143950462341e-02,1.346050053834915161e-01,1.341905593872070312e-01,1.000000119209289551e+00,4.769722521305084229e-01,4.156792759895324707e-01,3.107499144971370697e-02,2.320718467235565186e-01,1.559268236160278320e-01,2.571148239076137543e-02,5.294482782483100891e-02,9.300846140831708908e-04,1.454421281814575195e-01,1.741799414157867432e-01,3.394074738025665283e-01,3.562060296535491943e-01,5.072570964694023132e-02
3.895522952079772949e-01,4.354182779788970947e-01,1.186284571886062622e-01,3.520885407924652100e-01,3.100650906562805176e-01,4.059022963047027588e-01,4.357531666755676270e-01,4.769722521305084229e-01,9.999997019767761230e-01,7.085862755775451660e-01,1.118887402117252350e-02,3.024074733257293701e-01,2.521703839302062988e-01,1.710172295570373535e-01,3.128116726875305176e-01,2.814405858516693115e-01,3.797588646411895752e-01,3.671987950801849365e-01,4.639245867729187012e-01,5.533894300460815430e-01,1.504594534635543823e-01
3.079069554805755615e-01,3.851600289344787598e-01,-9.637908637523651123e-02,2.808409929275512695e-01,3.122551143169403076e-01,4.508698284626007080e-01,4.678742587566375732e-01,4.156792759895324707e-01,7.085862755775451660e-01,1.000000000000000000e+00,-1.478589046746492386e-02,2.790644168853759766e-01,3.060716092586517334e-01,-4.990446195006370544e-02,2.078631669282913208e-01,2.549209296703338623e-01,3.894474506378173828e-01,3.908481597900390625e-01,3.797717690467834473e-01,5.727370381355285645e-01,1.254259496927261353e-01
1.784084588289260864e-01,1.946988105773925781e-01,1.190226525068283081e-01,-1.771369716152548790e-03,2.677474915981292725e-01,1.744798570871353149e-01,1.123194396495819092e-01,3.107499144971370697e-02,1.118887402117252350e-02,-1.478589046746492386e-02,9.999997615814208984e-01,8.049213141202926636e-02,1.398950964212417603e-01,2.379611507058143616e-02,5.506086349487304688e-02,1.539833694696426392e-01,1.437616646289825439e-01,4.372873902320861816e-02,4.843948781490325928e-02,1.544480863958597183e-02,1.981885135173797607e-01
5.454564690589904785e-01,3.159754574298858643e-01,1.967993378639221191e-01,4.618194699287414551e-01,2.925137281417846680e-01,2.933237254619598389e-01,2.325659096240997314e-01,2.320718467235565186e-01,3.024074733257293701e-01,2.790644168853759766e-01,8.049213141202926636e-02,9.999996423721313477e-01,7.426230311393737793e-01,2.472041547298431396e-01,5.700681209564208984e-01,4.204706549644470215e-01,4.652756154537200928e-01,2.838815748691558838e-01,2.880997955799102783e-01,2.846476435661315918e-01,1.703636348247528076e-01
3.616155683994293213e-01,3.469196557998657227e-01,9.486778080463409424e-02,3.331146240234375000e-01,2.560448646545410156e-01,3.429524600505828857e-01,2.305960953235626221e-01,1.559268236160278320e-01,2.521703839302062988e-01,3.060716092586517334e-01,1.398950964212417603e-01,7.426230311393737793e-01,9.999999403953552246e-01,1.001508682966232300e-01,4.788465201854705811e-01,3.787938952445983887e-01,3.607511818408966064e-01,1.861111074686050415e-01,2.839612364768981934e-01,3.187681138515472412e-01,1.717164665460586548e-01
3.451888859272003174e-01,2.608074843883514404e-01,7.929329276084899902e-01,3.270347118377685547e-01,3.093743622303009033e-01,2.196466177701950073e-01,1.085219681262969971e-01,2.571148239076137543e-02,1.710172295570373535e-01,-4.990446195006370544e-02,2.379611507058143616e-02,2.472041547298431396e-01,1.001508682966232300e-01,1.000000119209289551e+00,3.208421468734741211e-01,4.564903974533081055e-01,1.376582384109497070e-01,8.553317189216613770e-02,1.618546843528747559e-01,-1.242408342659473419e-02,4.416603595018386841e-02
4.183383584022521973e-01,3.399054706096649170e-01,2.259014695882797241e-01,7.897348403930664062e-01,3.766810595989227295e-01,4.165046811103820801e-01,4.042519927024841309e-01,5.294482782483100891e-02,3.128116726875305176e-01,2.078631669282913208e-01,5.506086349487304688e-02,5.700681209564208984e-01,4.788465201854705811e-01,3.208421468734741211e-01,9.999997615814208984e-01,5.222783684730529785e-01,5.085811018943786621e-01,3.728043138980865479e-01,2.859151959419250488e-01,2.812511920928955078e-01,6.291514728218317032e-04
4.282522797584533691e-01,4.573142826557159424e-01,4.141010642051696777e-01,5.335397124290466309e-01,6.413806676864624023e-01,5.474956631660461426e-01,4.081819057464599609e-01,9.300846140831708908e-04,2.814405858516693115e-01,2.549209296703338623e-01,1.539833694696426392e-01,4.204706549644470215e-01,3.787938952445983887e-01,4.564903974533081055e-01,5.222783684730529785e-01,9.999994635581970215e-01,4.739891588687896729e-01,2.394949197769165039e-01,2.277392596006393433e-01,2.228973507881164551e-01,1.463111042976379395e-01
4.267499446868896484e-01,4.003704786300659180e-01,9.688786417245864868e-02,5.091407895088195801e-01,4.682797193527221680e-01,5.643879175186157227e-01,5.021643638610839844e-01,1.454421281814575195e-01,3.797588646411895752e-01,3.894474506378173828e-01,1.437616646289825439e-01,4.652756154537200928e-01,3.607511818408966064e-01,1.376582384109497070e-01,5.085811018943786621e-01,4.739891588687896729e-01,1.000000000000000000e+00,5.278701186180114746e-01,2.759177088737487793e-01,3.030198812484741211e-01,1.189485788345336914e-01
1.657150834798812866e-01,1.951206326484680176e-01,-1.075617037713527679e-02,4.659248590469360352e-01,3.819541335105895996e-01,4.641577303409576416e-01,5.749585032463073730e-01,1.741799414157867432e-01,3.671987950801849365e-01,3.908481597900390625e-01,4.372873902320861816e-02,2.838815748691558838e-01,1.861111074686050415e-01,8.553317189216613770e-02,3.728043138980865479e-01,2.394949197769165039e-01,5.278701186180114746e-01,1.000000357627868652e+00,1.991176307201385498e-01,3.736536502838134766e-01,-6.992954760789871216e-02
3.390740752220153809e-01,3.513911664485931396e-01,1.236198917031288147e-01,2.261530309915542603e-01,1.614002585411071777e-01,2.743062674999237061e-01,2.144893556833267212e-01,3.394074738025665283e-01,4.639245867729187012e-01,3.797717690467834473e-01,4.843948781490325928e-02,2.880997955799102783e-01,2.839612364768981934e-01,1.618546843528747559e-01,2.859151959419250488e-01,2.277392596006393433e-01,2.759177088737487793e-01,1.991176307201385498e-01,1.000000357627868652e+00,4.827937483787536621e-01,1.773143708705902100e-01
2.239550799131393433e-01,3.516979515552520752e-01,-8.099682629108428955e-02,3.006699979305267334e-01,2.720699310302734375e-01,3.922976255416870117e-01,4.149349927902221680e-01,3.562060296535491943e-01,5.533894300460815430e-01,5.727370381355285645e-01,1.544480863958597183e-02,2.846476435661315918e-01,3.187681138515472412e-01,-1.242408342659473419e-02,2.812511920928955078e-01,2.228973507881164551e-01,3.030198812484741211e-01,3.736536502838134766e-01,4.827937483787536621e-01,1.000000357627868652e+00,-2.858614176511764526e-02
1.857793778181076050e-01,1.524840444326400757e-01,1.209348812699317932e-01,-2.105877734720706940e-02,1.652093827724456787e-01,9.570304304361343384e-02,2.055401913821697235e-03,5.072570964694023132e-02,1.504594534635543823e-01,1.254259496927261353e-01,1.981885135173797607e-01,1.703636348247528076e-01,1.717164665460586548e-01,4.416603595018386841e-02,6.291514728218317032e-04,1.463111042976379395e-01,1.189485788345336914e-01,-6.992954760789871216e-02,1.773143708705902100e-01,-2.858614176511764526e-02,1.000000119209289551e+00
