1.000000119209289551e+00,1.716929078102111816e-01,1.397645026445388794e-01,1.541937291622161865e-01,1.690439879894256592e-01,4.275116696953773499e-02,3.829427063465118408e-02,1.944369524717330933e-01,-5.324835702776908875e-02,-6.197594478726387024e-02,3.447773680090904236e-02,-1.092931255698204041e-01,-6.392728537321090698e-03,1.462564021348953247e-01,-1.017086878418922424e-01,-5.558184534311294556e-02,1.015905141830444336e-01,7.157672196626663208e-02,3.709352314472198486e-01,2.853119969367980957e-01,1.264227628707885742e-01,1.515915244817733765e-01,4.007623493671417236e-01,2.194012403488159180e-01,1.677679717540740967e-01,3.581343591213226318e-02,1.339454352855682373e-01,2.723537385463714600e-01,1.963633745908737183e-01,-3.871328756213188171e-02,5.084869265556335449e-02,9.902175515890121460e-02,-4.288938269019126892e-02,1.355930566787719727e-01,-2.198512665927410126e-02,1.906566768884658813e-01,4.660121351480484009e-02,7.439972460269927979e-02,9.361211955547332764e-02,1.714025437831878662e-01,2.113937139511108398e-01,8.638031780719757080e-02,2.957907915115356445e-01,1.471133232116699219e-01,7.139991223812103271e-02,6.094980612397193909e-02,1.461254805326461792e-01,2.639969438314437866e-02
1.716929078102111816e-01,1.000000119209289551e+00,2.578597748652100563e-03,8.958181738853454590e-02,4.508545696735382080e-01,3.511515259742736816e-01,3.020022809505462646e-01,-1.906164288520812988e-01,3.228324055671691895e-01,5.320925712585449219e-01,-1.280637830495834351e-01,5.060616135597229004e-01,4.624362289905548096e-01,-3.076703250408172607e-01,1.727147698402404785e-01,4.859136939048767090e-01,2.919059991836547852e-01,2.286780029535293579e-01,1.461970359086990356e-01,1.640168428421020508e-01,1.528902351856231689e-01,7.883461564779281616e-02,5.966833233833312988e-02,3.293199837207794189e-01,-7.305387407541275024e-02,1.153512001037597656e-01,1.630138605833053589e-01,1.159417703747749329e-01,2.222919464111328125e-01,3.423620760440826416e-01,3.750228285789489746e-01,3.098382055759429932e-01,2.243612110614776611e-01,2.584614157676696777e-01,2.701980769634246826e-01,2.605731785297393799e-01,-3.106263577938079834e-01,3.843134641647338867e-01,3.763046264648437500e-01,3.002011477947235107e-01,5.894139409065246582e-01,5.494934320449829102e-01,1.842795163393020630e-01,5.973253250122070312e-01,5.918776392936706543e-01,4.841709434986114502e-01,3.647753894329071045e-01,1.093900874257087708e-01
1.397645026445388794e-01,2.578597748652100563e-03,1.000000238418579102e+00,4.810725748538970947e-01,-5.048180371522903442e-02,9.826119989156723022e-02,2.014962136745452881e-01,-9.094686061143875122e-02,-3.070577681064605713e-01,3.551412746310234070e-02,-1.145038455724716187e-01,-5.732553079724311829e-02,1.010612584650516510e-02,-4.518968611955642700e-02,3.536310512572526932e-03,-1.188617870211601257e-01,1.288937479257583618e-01,1.740882098674774170e-01,1.690564453601837158e-01,1.467817425727844238e-01,9.291247278451919556e-02,4.745390266180038452e-02,1.429808437824249268e-01,2.681533694267272949e-01,3.958696871995925903e-02,-3.394648432731628418e-02,-8.832002431154251099e-02,5.891355276107788086e-01,4.654637277126312256e-01,-7.189145684242248535e-02,2.135983407497406006e-01,2.274678200483322144e-01,-2.381806224584579468e-01,1.149206236004829407e-01,5.540278926491737366e-02,1.644826680421829224e-01,6.506493687629699707e-02,-9.092316776514053345e-02,-1.095061451196670532e-01,2.908842563629150391e-01,-3.584543988108634949e-02,8.487663418054580688e-02,7.008696347475051880e-02,-1.263386458158493042e-01,1.032065749168395996e-01,8.408460021018981934e-02,1.534708887338638306e-01,1.841054856777191162e-01
1.541937291622161865e-01,8.958181738853454590e-02,4.810725748538970947e-01,1.000000119209289551e+00,3.282948955893516541e-02,4.860089719295501709e-01,4.882662296295166016e-01,-3.034819662570953369e-01,-1.749944388866424561e-01,1.536591798067092896e-01,-2.760332226753234863e-01,-7.181345671415328979e-02,2.840631604194641113e-01,-1.677280068397521973e-01,-2.023704349994659424e-01,1.707364246249198914e-02,3.718075156211853027e-01,3.111263811588287354e-01,3.117551207542419434e-01,4.414805173873901367e-01,4.410154819488525391e-01,3.517219424247741699e-01,1.699222624301910400e-01,3.328628242015838623e-01,1.526563465595245361e-01,2.157036960124969482e-02,-5.449726060032844543e-02,3.207892775535583496e-01,4.107863306999206543e-01,2.051099091768264771e-01,2.947782874107360840e-01,2.403458505868911743e-01,-3.397491872310638428e-01,1.858474612236022949e-01,8.780620060861110687e-03,2.087841182947158813e-01,-1.304623186588287354e-01,5.868988484144210815e-02,1.436569541692733765e-01,2.520573139190673828e-01,5.847462266683578491e-02,2.625352442264556885e-01,4.946526288986206055e-01,1.070449054241180420e-01,2.526673376560211182e-01,2.880830466747283936e-01,2.386393994092941284e-01,1.536486763507127762e-02
1.690439879894256592e-01,4.508545696735382080e-01,-5.048180371522903442e-02,3.282948955893516541e-02,1.000000238418579102e+00,4.011293053627014160e-01,8.351752907037734985e-02,1.769866980612277985e-02,3.827521502971649170e-01,2.626881003379821777e-01,1.768015027046203613e-01,2.887268662452697754e-01,3.110011518001556396e-01,4.716556891798973083e-02,9.846838563680648804e-02,3.946635127067565918e-01,7.119919359683990479e-02,6.777509301900863647e-02,7.842449098825454712e-02,1.704736351966857910e-01,2.286594957113265991e-01,1.072336360812187195e-02,-1.481571979820728302e-02,-2.314798347651958466e-02,-8.365222066640853882e-02,5.189709737896919250e-02,-2.175146192312240601e-01,-1.156595796346664429e-01,5.064843222498893738e-03,-5.817739292979240417e-02,8.116353303194046021e-02,9.550338238477706909e-02,1.553591787815093994e-01,6.809818744659423828e-02,5.275239050388336182e-02,-1.530536860227584839e-01,-1.148666888475418091e-01,1.434418559074401855e-02,1.689128279685974121e-01,1.551143825054168701e-01,6.753237843513488770e-01,2.558139562606811523e-01,-6.800386589020490646e-03,4.722185730934143066e-01,1.685941517353057861e-01,2.270949333906173706e-01,1.330993920564651489e-01,8.162884972989559174e-03
4.275116696953773499e-02,3.511515259742736816e-01,9.826119989156723022e-02,4.860089719295501709e-01,4.011293053627014160e-01,1.000000119209289551e+00,3.904277384281158447e-01,2.030081581324338913e-03,3.852635025978088379e-01,4.635834693908691406e-01,1.192102730274200439e-01,3.067263960838317871e-01,6.024553179740905762e-01,7.339486852288246155e-03,4.403061047196388245e-02,4.438537061214447021e-01,3.445881009101867676e-01,2.303789258003234863e-01,1.453909426927566528e-01,2.635798156261444092e-01,4.292383790016174316e-01,1.016875505447387695e-01,1.797740459442138672e-01,2.182689756155014038e-01,9.260573983192443848e-02,1.722989380359649658e-01,2.589963376522064209e-02,3.559344261884689331e-02,1.471503227949142456e-01,1.769618988037109375e-01,2.209594398736953735e-01,1.810190528631210327e-01,1.520989239215850830e-01,2.461432963609695435e-01,3.587143123149871826e-02,1.636190116405487061e-01,-1.299949437379837036e-01,1.913084834814071655e-01,2.702487409114837646e-01,1.914685517549514771e-01,3.892416954040527344e-01,5.475238561630249023e-01,3.844608366489410400e-01,4.867270588874816895e-01,4.620281159877777100e-01,5.335070490837097168e-01,2.534587085247039795e-01,-7.127341814339160919e-03
3.829427063465118408e-02,3.020022809505462646e-01,2.014962136745452881e-01,4.882662296295166016e-01,8.351752907037734985e-02,3.904277384281158447e-01,9.999999403953552246e-01,-2.785809636116027832e-01,-1.868010163307189941e-01,3.106085658073425293e-01,-2.501268684864044189e-01,6.006734073162078857e-02,4.505081772804260254e-01,-1.415223777294158936e-01,-1.408099681138992310e-01,1.676272302865982056e-01,7.265653610229492188e-01,5.929433107376098633e-01,4.792251884937286377e-01,5.760545730590820312e-01,4.837447404861450195e-01,4.993384182453155518e-01,2.203605026006698608e-01,4.605557918548583984e-01,5.740690603852272034e-02,8.096846938133239746e-02,-1.149607673287391663e-01,1.341712623834609985e-01,2.407012134790420532e-01,4.310502707958221436e-01,5.804745554924011230e-01,2.425107061862945557e-01,-2.085767984390258789e-01,3.232192397117614746e-01,4.630462080240249634e-02,3.243710994720458984e-01,-1.016952544450759888e-01,2.188270092010498047e-01,2.660732567310333252e-01,3.211281001567840576e-01,2.479867637157440186e-01,5.227168202400207520e-01,5.769458413124084473e-01,1.668236404657363892e-01,5.316810607910156250e-01,4.612590670585632324e-01,4.123222529888153076e-01,-8.772858232259750366e-02
1.944369524717330933e-01,-1.906164288520812988e-01,-9.094686061143875122e-02,-3.034819662570953369e-01,1.769866980612277985e-02,2.030081581324338913e-03,-2.785809636116027832e-01,1.000000357627868652e+00,2.806387841701507568e-01,-1.616780906915664673e-01,5.576073527336120605e-01,-3.774188831448554993e-02,-1.941508650779724121e-01,6.166574358940124512e-01,2.483991682529449463e-01,1.754336059093475342e-03,-1.824423372745513916e-01,-1.946419179439544678e-01,3.126440942287445068e-02,-1.074719056487083435e-01,-1.496330052614212036e-01,-2.554191052913665771e-01,2.632501125335693359e-01,-1.330617517232894897e-01,1.391902416944503784e-01,5.032924935221672058e-02,1.531545370817184448e-01,-4.770453274250030518e-02,-2.313524931669235229e-01,-1.798847317695617676e-01,-2.027126103639602661e-01,-7.761205732822418213e-02,3.663151860237121582e-01,1.871751695871353149e-01,-1.407573968172073364e-01,-7.931944727897644043e-02,6.083618402481079102e-01,-7.681994233280420303e-03,-9.262599050998687744e-02,3.505514562129974365e-02,-1.433485932648181915e-02,-9.230884909629821777e-02,-2.308363169431686401e-01,3.134586289525032043e-02,-2.137663215398788452e-01,-2.186674922704696655e-01,-4.695865139365196228e-02,1.689920723438262939e-01
-5.324835702776908875e-02,3.228324055671691895e-01,-3.070577681064605713e-01,-1.749944388866424561e-01,3.827521502971649170e-01,3.852635025978088379e-01,-1.868010163307189941e-01,2.806387841701507568e-01,1.000000119209289551e+00,3.359903693199157715e-01,5.084162354469299316e-01,5.242791771888732910e-01,3.142364025115966797e-01,1.468463093042373657e-01,4.863466620445251465e-01,4.881210923194885254e-01,-1.554571092128753662e-01,-2.265328168869018555e-01,-2.306226640939712524e-01,-2.396944761276245117e-01,-3.724318742752075195e-02,-3.200670182704925537e-01,-8.393920958042144775e-02,-2.112885266542434692e-01,6.649515777826309204e-02,1.940626800060272217e-01,2.038839757442474365e-01,-2.057289928197860718e-01,-1.872220635414123535e-01,3.381009213626384735e-03,-1.892406642436981201e-01,-1.098978742957115173e-01,6.111724376678466797e-01,-3.081648796796798706e-02,1.720427721738815308e-01,-1.574274897575378418e-01,-8.492667227983474731e-02,2.594014704227447510e-01,1.384341716766357422e-01,-9.990198910236358643e-02,2.939728200435638428e-01,2.313898205757141113e-01,-1.650697886943817139e-01,5.400745868682861328e-01,1.172499284148216248e-01,2.067099958658218384e-01,-6.273335218429565430e-02,3.085298463702201843e-02
-6.197594478726387024e-02,5.320925712585449219e-01,3.551412746310234070e-02,1.536591798067092896e-01,2.626881003379821777e-01,4.635834693908691406e-01,3.106085658073425293e-01,-1.616780906915664673e-01,3.359903693199157715e-01,9.999998211860656738e-01,7.266758382320404053e-02,7.541094422340393066e-01,5.743421316146850586e-01,-1.803601086139678955e-01,4.157137274742126465e-01,5.528884530067443848e-01,2.634508311748504639e-01,1.292952299118041992e-01,1.273328512907028198e-01,1.490007340908050537e-01,2.229182124137878418e-01,-3.750764951109886169e-02,-1.463248394429683685e-02,2.139573991298675537e-01,-1.126414835453033447e-01,2.604549825191497803e-01,5.741049535572528839e-03,-3.266343101859092712e-02,2.120333164930343628e-02,2.073310762643814087e-01,2.040243893861770630e-01,1.305018216371536255e-01,3.106732368469238281e-01,1.075082570314407349e-01,1.011739000678062439e-01,1.352967619895935059e-01,-2.038966268301010132e-01,2.825477421283721924e-01,2.890167236328125000e-01,8.061081916093826294e-02,3.389753699302673340e-01,6.779070496559143066e-01,1.554935276508331299e-01,3.759028315544128418e-01,6.727762818336486816e-01,7.553749680519104004e-01,2.955371737480163574e-01,9.532646834850311279e-02
3.447773680090904236e-02,-1.280637830495834351e-01,-1.145038455724716187e-01,-2.760332226753234863e-01,1.768015027046203613e-01,1.192102730274200439e-01,-2.501268684864044189e-01,5.576073527336120605e-01,5.084162354469299316e-01,7.266758382320404053e-02,1.000000596046447754e+00,2.309244722127914429e-01,2.709406428039073944e-02,5.923234820365905762e-01,4.955289065837860107e-01,9.032481163740158081e-02,-2.022125571966171265e-01,-2.537747323513031006e-01,-1.517022550106048584e-01,-1.757779568433761597e-01,-4.836519248783588409e-03,-2.245955616235733032e-01,3.968638554215431213e-02,-2.974991500377655029e-01,1.943721026182174683e-01,8.660078048706054688e-02,-7.271052151918411255e-02,-1.375519186258316040e-01,-2.667883634567260742e-01,-2.851363122463226318e-01,-3.277984559535980225e-01,-3.119637370109558105e-01,3.870642483234405518e-01,-1.004907190799713135e-01,3.361866809427738190e-03,-3.180994093418121338e-01,3.300688862800598145e-01,-1.900853402912616730e-02,-2.181880027055740356e-01,-1.885419934988021851e-01,1.551662106066942215e-02,-5.754367914050817490e-03,-1.902489364147186279e-01,1.476921141147613525e-01,-1.381922662258148193e-01,-5.669260397553443909e-03,-1.899504363536834717e-01,9.633544832468032837e-03
-1.092931255698204041e-01,5.060616135597229004e-01,-5.732553079724311829e-02,-7.181345671415328979e-02,2.887268662452697754e-01,3.067263960838317871e-01,6.006734073162078857e-02,-3.774188831448554993e-02,5.242791771888732910e-01,7.541094422340393066e-01,2.309244722127914429e-01,1.000000000000000000e+00,4.366226196289062500e-01,-1.171351298689842224e-01,6.211785674095153809e-01,6.098527312278747559e-01,1.742628775537014008e-02,-8.406614512205123901e-02,-5.004072189331054688e-02,-7.544327527284622192e-02,3.199333697557449341e-02,-2.155730724334716797e-01,-1.705123037099838257e-01,-2.193844132125377655e-02,-1.083294972777366638e-01,2.098234891891479492e-01,5.839404463768005371e-02,-8.128917962312698364e-02,-8.756873756647109985e-02,6.678768992424011230e-02,-4.284151873434893787e-05,-1.125554088503122330e-03,4.744841754436492920e-01,1.994250155985355377e-02,1.367260664701461792e-01,-7.228812575340270996e-02,-1.798456013202667236e-01,2.754663228988647461e-01,2.223224937915802002e-01,-1.347171701490879059e-02,3.433715105056762695e-01,4.995517432689666748e-01,-1.096849516034126282e-01,4.516091048717498779e-01,4.560812115669250488e-01,5.019476413726806641e-01,9.089557826519012451e-02,7.169681787490844727e-02
-6.392728537321090698e-03,4.624362289905548096e-01,1.010612584650516510e-02,2.840631604194641113e-01,3.110011518001556396e-01,6.024553179740905762e-01,4.505081772804260254e-01,-1.941508650779724121e-01,3.142364025115966797e-01,5.743421316146850586e-01,2.709406428039073944e-02,4.366226196289062500e-01,1.000000000000000000e+00,-1.540054231882095337e-01,1.510055512189865112e-01,5.709039568901062012e-01,4.917646646499633789e-01,4.047352373600006104e-01,1.229405775666236877e-01,2.799335718154907227e-01,4.762095510959625244e-01,1.935240030288696289e-01,2.168843150138854980e-01,3.179412782192230225e-01,9.408587962388992310e-02,6.628267467021942139e-02,-7.012623548507690430e-02,1.086628623306751251e-02,1.012561768293380737e-01,1.716860830783843994e-01,3.182536959648132324e-01,8.374056965112686157e-02,1.875979453325271606e-01,1.500670015811920166e-01,1.312617659568786621e-01,2.984951734542846680e-01,-2.384708225727081299e-01,3.343420922756195068e-01,3.592577874660491943e-01,2.260619252920150757e-01,3.224995732307434082e-01,5.945720672607421875e-01,3.847323954105377197e-01,4.571512043476104736e-01,5.763362050056457520e-01,6.173219680786132812e-01,3.158054947853088379e-01,-3.656679764389991760e-02
1.462564021348953247e-01,-3.076703250408172607e-01,-4.518968611955642700e-02,-1.677280068397521973e-01,4.716556891798973083e-02,7.339486852288246155e-03,-1.415223777294158936e-01,6.166574358940124512e-01,1.468463093042373657e-01,-1.803601086139678955e-01,5.923234820365905762e-01,-1.171351298689842224e-01,-1.540054231882095337e-01,9.999995827674865723e-01,2.353686094284057617e-01,-1.592425107955932617e-01,-8.433541655540466309e-02,-1.611665487289428711e-01,1.011500209569931030e-01,-3.723192214965820312e-02,-2.587338350713253021e-02,-8.211985975503921509e-02,2.355312854051589966e-01,-1.622235178947448730e-01,5.738069489598274231e-02,5.754047259688377380e-02,-2.372517734766006470e-01,-1.093812510371208191e-01,-1.913749575614929199e-01,-1.893579065799713135e-01,-1.804434955120086670e-01,-1.593545526266098022e-01,2.863370068371295929e-02,-1.158070415258407593e-01,-8.312939852476119995e-02,-1.325922310352325439e-01,6.257955431938171387e-01,-1.292906999588012695e-01,-2.251458615064620972e-01,-6.483514606952667236e-02,-4.660427197813987732e-02,-9.074420481920242310e-02,-4.644518345594406128e-02,-3.895431011915206909e-02,-1.840111166238784790e-01,-1.617484986782073975e-01,-1.191181764006614685e-01,7.485441863536834717e-03
-1.017086878418922424e-01,1.727147698402404785e-01,3.536310512572526932e-03,-2.023704349994659424e-01,9.846838563680648804e-02,4.403061047196388245e-02,-1.408099681138992310e-01,2.483991682529449463e-01,4.863466620445251465e-01,4.157137274742126465e-01,4.955289065837860107e-01,6.211785674095153809e-01,1.510055512189865112e-01,2.353686094284057617e-01,1.000000119209289551e+00,2.864937484264373779e-01,-1.487493664026260376e-01,-2.257850915193557739e-01,-1.330953091382980347e-01,-1.976880133152008057e-01,-8.380698412656784058e-02,-2.578449547290802002e-01,-1.129422187805175781e-01,-1.795468479394912720e-01,-1.646652817726135254e-02,1.796937733888626099e-01,5.887158587574958801e-02,-1.238902844488620758e-02,-1.240023747086524963e-01,-4.427137970924377441e-02,-1.701026707887649536e-01,-1.666277945041656494e-01,3.920617699623107910e-01,-1.475158482789993286e-01,2.692403197288513184e-01,-1.931294947862625122e-01,1.278000771999359131e-01,3.521284461021423340e-01,-1.201950665563344955e-02,-2.653936110436916351e-02,2.910848474130034447e-03,1.916871815919876099e-01,-2.564693093299865723e-01,2.313758730888366699e-01,1.963300704956054688e-01,2.184867262840270996e-01,-8.895950764417648315e-02,1.757449209690093994e-01
-5.558184534311294556e-02,4.859136939048767090e-01,-1.188617870211601257e-01,1.707364246249198914e-02,3.946635127067565918e-01,4.438537061214447021e-01,1.676272302865982056e-01,1.754336059093475342e-03,4.881210923194885254e-01,5.528884530067443848e-01,9.032481163740158081e-02,6.098527312278747559e-01,5.709039568901062012e-01,-1.592425107955932617e-01,2.864937484264373779e-01,1.000000119209289551e+00,1.648447662591934204e-01,1.095398142933845520e-01,2.707151882350444794e-02,4.438560083508491516e-02,2.277215868234634399e-01,-1.656596735119819641e-02,4.552249610424041748e-02,4.583984613418579102e-02,-5.749598890542984009e-02,1.650425940752029419e-01,3.497255221009254456e-02,-1.218199431896209717e-01,-8.886022865772247314e-02,1.139488965272903442e-01,1.418678760528564453e-01,1.226837560534477234e-01,4.297880232334136963e-01,2.330450415611267090e-01,1.236387938261032104e-01,7.947100698947906494e-02,-1.321752220392227173e-01,3.614157140254974365e-01,5.613423585891723633e-01,2.909509539604187012e-01,4.521189332008361816e-01,5.461989045143127441e-01,7.013387046754360199e-03,5.557747483253479004e-01,4.300212562084197998e-01,4.075924754142761230e-01,2.136498689651489258e-01,8.174084126949310303e-02
1.015905141830444336e-01,2.919059991836547852e-01,1.288937479257583618e-01,3.718075156211853027e-01,7.119919359683990479e-02,3.445881009101867676e-01,7.265653610229492188e-01,-1.824423372745513916e-01,-1.554571092128753662e-01,2.634508311748504639e-01,-2.022125571966171265e-01,1.742628775537014008e-02,4.917646646499633789e-01,-8.433541655540466309e-02,-1.487493664026260376e-01,1.648447662591934204e-01,1.000000000000000000e+00,8.309176564216613770e-01,5.174757242202758789e-01,6.361430883407592773e-01,5.350868105888366699e-01,5.787737369537353516e-01,3.834664225578308105e-01,5.812398791313171387e-01,2.489848807454109192e-02,-5.451821535825729370e-02,-7.063090801239013672e-02,2.887031137943267822e-01,3.152311146259307861e-01,3.721899092197418213e-01,7.103366255760192871e-01,2.450171113014221191e-01,-1.666779965162277222e-01,2.503803968429565430e-01,-4.886041581630706787e-02,3.749297559261322021e-01,-3.540491312742233276e-02,2.099118381738662720e-01,2.484543472528457642e-01,3.275195360183715820e-01,2.483011633157730103e-01,4.218419790267944336e-01,6.126915812492370605e-01,9.511216729879379272e-02,4.677305817604064941e-01,4.365800619125366211e-01,5.186180472373962402e-01,-9.467292577028274536e-02
7.157672196626663208e-02,2.286780029535293579e-01,1.740882098674774170e-01,3.111263811588287354e-01,6.777509301900863647e-02,2.303789258003234863e-01,5.929433107376098633e-01,-1.946419179439544678e-01,-2.265328168869018555e-01,1.292952299118041992e-01,-2.537747323513031006e-01,-8.406614512205123901e-02,4.047352373600006104e-01,-1.611665487289428711e-01,-2.257850915193557739e-01,1.095398142933845520e-01,8.309176564216613770e-01,9.999997019767761230e-01,4.144476354122161865e-01,6.100965738296508789e-01,5.412669181823730469e-01,6.271288990974426270e-01,3.300734758377075195e-01,5.393624305725097656e-01,-8.696942590177059174e-03,-1.497542113065719604e-01,-7.824088633060455322e-02,3.378640115261077881e-01,2.840898931026458740e-01,2.302822023630142212e-01,6.845816969871520996e-01,2.361577153205871582e-01,-2.095104753971099854e-01,2.162151932716369629e-01,-1.380578130483627319e-01,3.264165222644805908e-01,-4.976098239421844482e-02,1.278167217969894409e-01,2.294781208038330078e-01,3.746204674243927002e-01,1.873035579919815063e-01,2.756132185459136963e-01,4.935151934623718262e-01,-1.355467457324266434e-02,3.173000812530517578e-01,2.946921885013580322e-01,4.852330982685089111e-01,-3.465922549366950989e-02
3.709352314472198486e-01,1.461970359086990356e-01,1.690564453601837158e-01,3.117551207542419434e-01,7.842449098825454712e-02,1.453909426927566528e-01,4.792251884937286377e-01,3.126440942287445068e-02,-2.306226640939712524e-01,1.273328512907028198e-01,-1.517022550106048584e-01,-5.004072189331054688e-02,1.229405775666236877e-01,1.011500209569931030e-01,-1.330953091382980347e-01,2.707151882350444794e-02,5.174757242202758789e-01,4.144476354122161865e-01,1.000000238418579102e+00,6.795095205307006836e-01,3.901073038578033447e-01,3.660201132297515869e-01,4.711581766605377197e-01,3.576255738735198975e-01,-1.521466206759214401e-02,1.107807829976081848e-01,-1.764787174761295319e-02,1.675634980201721191e-01,2.113510370254516602e-01,2.396950274705886841e-01,4.070771038532257080e-01,2.925285100936889648e-01,-1.960808038711547852e-01,2.694424092769622803e-01,-1.388038545846939087e-01,2.539860010147094727e-01,1.187897101044654846e-01,6.771053373813629150e-02,1.931520551443099976e-01,3.606106340885162354e-01,2.019175291061401367e-01,3.045966327190399170e-01,4.595121145248413086e-01,2.801833674311637878e-02,2.977987527847290039e-01,3.016801774501800537e-01,3.427361845970153809e-01,-2.779508382081985474e-02
2.853119969367980957e-01,1.640168428421020508e-01,1.467817425727844238e-01,4.414805173873901367e-01,1.704736351966857910e-01,2.635798156261444092e-01,5.760545730590820312e-01,-1.074719056487083435e-01,-2.396944761276245117e-01,1.490007340908050537e-01,-1.757779568433761597e-01,-7.544327527284622192e-02,2.799335718154907227e-01,-3.723192214965820312e-02,-1.976880133152008057e-01,4.438560083508491516e-02,6.361430883407592773e-01,6.100965738296508789e-01,6.795095205307006836e-01,1.000000119209289551e+00,6.923934221267700195e-01,5.874506235122680664e-01,3.581960201263427734e-01,3.657239973545074463e-01,1.017468869686126709e-01,-2.064375206828117371e-02,-7.223224639892578125e-02,1.674238741397857666e-01,2.220483422279357910e-01,1.746235489845275879e-01,4.032540619373321533e-01,9.838543087244033813e-02,-3.242611885070800781e-01,2.486595809459686279e-01,-1.661025732755661011e-01,1.636388450860977173e-01,-1.049360912293195724e-02,1.588486880064010620e-01,2.512331008911132812e-01,2.786365747451782227e-01,1.633580476045608521e-01,2.592397034168243408e-01,6.038630008697509766e-01,5.695535242557525635e-02,2.729584276676177979e-01,3.065689206123352051e-01,2.826343774795532227e-01,-1.508680731058120728e-01
1.264227628707885742e-01,1.528902351856231689e-01,9.291247278451919556e-02,4.410154819488525391e-01,2.286594957113265991e-01,4.292383790016174316e-01,4.837447404861450195e-01,-1.496330052614212036e-01,-3.724318742752075195e-02,2.229182124137878418e-01,-4.836519248783588409e-03,3.199333697557449341e-02,4.762095510959625244e-01,-2.587338350713253021e-02,-8.380698412656784058e-02,2.277215868234634399e-01,5.350868105888366699e-01,5.412669181823730469e-01,3.901073038578033447e-01,6.923934221267700195e-01,9.999995231628417969e-01,5.576765537261962891e-01,2.565964758396148682e-01,2.337409704923629761e-01,1.370178163051605225e-01,-7.706510275602340698e-02,-1.503877490758895874e-01,9.954126179218292236e-02,9.441319108009338379e-02,5.908429250121116638e-02,2.492967844009399414e-01,-4.130294173955917358e-02,-1.897863149642944336e-01,1.861431002616882324e-01,-1.520715504884719849e-01,7.549929618835449219e-02,-1.058401241898536682e-01,1.851291656494140625e-01,2.896851301193237305e-01,2.767950296401977539e-01,1.410799473524093628e-01,2.769025564193725586e-01,5.387901663780212402e-01,1.479262858629226685e-01,2.445502579212188721e-01,3.379688858985900879e-01,1.872429549694061279e-01,-1.231550648808479309e-01
1.515915244817733765e-01,7.883461564779281616e-02,4.745390266180038452e-02,3.517219424247741699e-01,1.072336360812187195e-02,1.016875505447387695e-01,4.993384182453155518e-01,-2.554191052913665771e-01,-3.200670182704925537e-01,-3.750764951109886169e-02,-2.245955616235733032e-01,-2.155730724334716797e-01,1.935240030288696289e-01,-8.211985975503921509e-02,-2.578449547290802002e-01,-1.656596735119819641e-02,5.787737369537353516e-01,6.271288990974426270e-01,3.660201132297515869e-01,5.874506235122680664e-01,5.576765537261962891e-01,1.000000357627868652e+00,2.000864446163177490e-01,3.484074175357818604e-01,1.074830666184425354e-01,-1.187622249126434326e-01,-9.861942380666732788e-02,1.735024601221084595e-01,1.767765879631042480e-01,1.507556289434432983e-01,4.155793786048889160e-01,1.840801537036895752e-01,-3.707234859466552734e-01,1.074417829513549805e-01,-1.664240956306457520e-01,1.375645101070404053e-01,-1.982020214200019836e-02,1.306203156709671021e-01,2.255456000566482544e-01,3.215079605579376221e-01,4.840285331010818481e-02,1.488431394100189209e-01,5.225230455398559570e-01,-3.657057881355285645e-02,1.588321328163146973e-01,1.388448327779769897e-01,3.264039158821105957e-01,4.251539334654808044e-02
4.007623493671417236e-01,5.966833233833312988e-02,1.429808437824249268e-01,1.699222624301910400e-01,-1.481571979820728302e-02,1.797740459442138672e-01,2.203605026006698608e-01,2.632501125335693359e-01,-8.393920958042144775e-02,-1.463248394429683685e-02,3.968638554215431213e-02,-1.705123037099838257e-01,2.168843150138854980e-01,2.355312854051589966e-01,-1.129422187805175781e-01,4.552249610424041748e-02,3.834664225578308105e-01,3.300734758377075195e-01,4.711581766605377197e-01,3.581960201263427734e-01,2.565964758396148682e-01,2.000864446163177490e-01,1.000000238418579102e+00,4.358615577220916748e-01,8.897462487220764160e-02,8.604496717453002930e-02,1.159482598304748535e-01,3.317827880382537842e-01,2.323317080736160278e-01,1.724951714277267456e-01,3.103464841842651367e-01,2.151388823986053467e-01,-1.437364369630813599e-01,2.531887292861938477e-01,-1.150572672486305237e-02,5.058566331863403320e-01,2.630457878112792969e-01,2.174757719039916992e-01,1.614250540733337402e-01,4.177504181861877441e-01,2.461064839735627174e-03,1.621881425380706787e-01,4.252624511718750000e-01,9.387046098709106445e-02,1.704376488924026489e-01,1.661692410707473755e-01,2.877779901027679443e-01,1.322525292634963989e-01
2.194012403488159180e-01,3.293199837207794189e-01,2.681533694267272949e-01,3.328628242015838623e-01,-2.314798347651958466e-02,2.182689756155014038e-01,4.605557918548583984e-01,-1.330617517232894897e-01,-2.112885266542434692e-01,2.139573991298675537e-01,-2.974991500377655029e-01,-2.193844132125377655e-02,3.179412782192230225e-01,-1.622235178947448730e-01,-1.795468479394912720e-01,4.583984613418579102e-02,5.812398791313171387e-01,5.393624305725097656e-01,3.576255738735198975e-01,3.657239973545074463e-01,2.337409704923629761e-01,3.484074175357818604e-01,4.358615577220916748e-01,9.999997019767761230e-01,-9.579665958881378174e-03,-1.857166364789009094e-02,1.054023131728172302e-01,3.923068642616271973e-01,4.400007128715515137e-01,3.850042223930358887e-01,7.346877455711364746e-01,5.566000342369079590e-01,-1.387970298528671265e-01,2.719319760799407959e-01,4.368061199784278870e-02,5.700373649597167969e-01,-3.219584003090858459e-02,1.933440864086151123e-01,2.561810314655303955e-01,4.025739431381225586e-01,2.325165271759033203e-01,3.478446304798126221e-01,5.570704936981201172e-01,9.361812472343444824e-02,4.127116799354553223e-01,4.083420634269714355e-01,7.184486389160156250e-01,2.531041204929351807e-01
1.677679717540740967e-01,-7.305387407541275024e-02,3.958696871995925903e-02,1.526563465595245361e-01,-8.365222066640853882e-02,9.260573983192443848e-02,5.740690603852272034e-02,1.391902416944503784e-01,6.649515777826309204e-02,-1.126414835453033447e-01,1.943721026182174683e-01,-1.083294972777366638e-01,9.408587962388992310e-02,5.738069489598274231e-02,-1.646652817726135254e-02,-5.749598890542984009e-02,2.489848807454109192e-02,-8.696942590177059174e-03,-1.521466206759214401e-02,1.017468869686126709e-01,1.370178163051605225e-01,1.074830666184425354e-01,8.897462487220764160e-02,-9.579665958881378174e-03,1.000000476837158203e+00,-1.012885197997093201e-01,2.368119508028030396e-01,1.322806775569915771e-01,1.381083391606807709e-02,-3.354155272245407104e-02,-5.684941262006759644e-02,-6.654774397611618042e-02,5.655752122402191162e-02,3.104524016380310059e-01,1.113135069608688354e-01,-1.595481857657432556e-02,1.033426001667976379e-01,2.583316862583160400e-01,-4.608718678355216980e-02,1.936714351177215576e-02,-1.463553458452224731e-01,-5.244232341647148132e-02,1.592926532030105591e-01,1.562617272138595581e-01,-4.970993101596832275e-02,-1.270916610956192017e-01,-3.367303684353828430e-02,-7.220279425382614136e-02
3.581343591213226318e-02,1.153512001037597656e-01,-3.394648432731628418e-02,2.157036960124969482e-02,5.189709737896919250e-02,1.722989380359649658e-01,8.096846938133239746e-02,5.032924935221672058e-02,1.940626800060272217e-01,2.604549825191497803e-01,8.660078048706054688e-02,2.098234891891479492e-01,6.628267467021942139e-02,5.754047259688377380e-02,1.796937733888626099e-01,1.650425940752029419e-01,-5.451821535825729370e-02,-1.497542113065719604e-01,1.107807829976081848e-01,-2.064375206828117371e-02,-7.706510275602340698e-02,-1.187622249126434326e-01,8.604496717453002930e-02,-1.857166364789009094e-02,-1.012885197997093201e-01,9.999998211860656738e-01,9.190545231103897095e-02,-2.581519782543182373e-01,5.045905243605375290e-03,1.469881236553192139e-01,-6.118619069457054138e-02,9.417364001274108887e-02,1.248915046453475952e-01,6.060062348842620850e-02,2.946804277598857880e-02,1.358681619167327881e-01,-7.358403503894805908e-02,1.044702082872390747e-01,1.637916266918182373e-01,1.881016790866851807e-02,1.359263658523559570e-01,2.419120967388153076e-01,-1.210686378180980682e-02,2.069283872842788696e-01,2.137368768453598022e-01,2.398946732282638550e-01,-1.716143451631069183e-02,5.564698576927185059e-02
1.339454352855682373e-01,1.630138605833053589e-01,-8.832002431154251099e-02,-5.449726060032844543e-02,-2.175146192312240601e-01,2.589963376522064209e-02,-1.149607673287391663e-01,1.531545370817184448e-01,2.038839757442474365e-01,5.741049535572528839e-03,-7.271052151918411255e-02,5.839404463768005371e-02,-7.012623548507690430e-02,-2.372517734766006470e-01,5.887158587574958801e-02,3.497255221009254456e-02,-7.063090801239013672e-02,-7.824088633060455322e-02,-1.764787174761295319e-02,-7.223224639892578125e-02,-1.503877490758895874e-01,-9.861942380666732788e-02,1.159482598304748535e-01,1.054023131728172302e-01,2.368119508028030396e-01,9.190545231103897095e-02,1.000000238418579102e+00,2.140531539916992188e-01,1.490533649921417236e-01,2.563365101814270020e-01,4.225380346179008484e-02,2.124572247266769409e-01,3.600512146949768066e-01,2.123242616653442383e-01,7.798165082931518555e-02,2.495083659887313843e-01,-1.529492735862731934e-01,3.361506760120391846e-01,1.909757703542709351e-01,3.624287247657775879e-02,-8.393961191177368164e-02,2.343426644802093506e-02,4.870376363396644592e-02,1.324193626642227173e-01,6.567843258380889893e-02,7.044033706188201904e-02,8.552842587232589722e-02,1.713764518499374390e-01
2.723537385463714600e-01,1.159417703747749329e-01,5.891355276107788086e-01,3.207892775535583496e-01,-1.156595796346664429e-01,3.559344261884689331e-02,1.341712623834609985e-01,-4.770453274250030518e-02,-2.057289928197860718e-01,-3.266343101859092712e-02,-1.375519186258316040e-01,-8.128917962312698364e-02,1.086628623306751251e-02,-1.093812510371208191e-01,-1.238902844488620758e-02,-1.218199431896209717e-01,2.887031137943267822e-01,3.378640115261077881e-01,1.675634980201721191e-01,1.674238741397857666e-01,9.954126179218292236e-02,1.735024601221084595e-01,3.317827880382537842e-01,3.923068642616271973e-01,1.322806775569915771e-01,-2.581519782543182373e-01,2.140531539916992188e-01,1.000000238418579102e+00,4.670507311820983887e-01,5.783746764063835144e-02,3.405662775039672852e-01,2.415053695440292358e-01,-1.973764747381210327e-01,8.457591384649276733e-02,1.230932585895061493e-02,2.657531797885894775e-01,5.616960674524307251e-02,6.738722324371337891e-02,-1.099755242466926575e-01,2.910360991954803467e-01,-7.494306564331054688e-02,-2.864289470016956329e-02,2.136405557394027710e-01,-9.582252800464630127e-02,7.118047773838043213e-02,4.368698596954345703e-02,2.616467475891113281e-01,1.712082028388977051e-01
1.963633745908737183e-01,2.222919464111328125e-01,4.654637277126312256e-01,4.107863306999206543e-01,5.064843222498893738e-03,1.471503227949142456e-01,2.407012134790420532e-01,-2.313524931669235229e-01,-1.872220635414123535e-01,2.120333164930343628e-02,-2.667883634567260742e-01,-8.756873756647109985e-02,1.012561768293380737e-01,-1.913749575614929199e-01,-1.240023747086524963e-01,-8.886022865772247314e-02,3.152311146259307861e-01,2.840898931026458740e-01,2.113510370254516602e-01,2.220483422279357910e-01,9.441319108009338379e-02,1.767765879631042480e-01,2.323317080736160278e-01,4.400007128715515137e-01,1.381083391606807709e-02,5.045905243605375290e-03,1.490533649921417236e-01,4.670507311820983887e-01,1.000000000000000000e+00,3.805552124977111816e-01,4.350374341011047363e-01,2.879230380058288574e-01,-2.121039628982543945e-01,7.270657271146774292e-02,1.941688358783721924e-01,3.968429565429687500e-01,-1.313357651233673096e-01,9.571854025125503540e-02,7.607574760913848877e-02,2.164348214864730835e-01,9.962968528270721436e-02,1.630771309137344360e-01,3.026226460933685303e-01,5.410498380661010742e-02,2.210258692502975464e-01,1.240616366267204285e-01,2.680499851703643799e-01,-1.652096025645732880e-02
-3.871328756213188171e-02,3.423620760440826416e-01,-7.189145684242248535e-02,2.051099091768264771e-01,-5.817739292979240417e-02,1.769618988037109375e-01,4.310502707958221436e-01,-1.798847317695617676e-01,3.381009213626384735e-03,2.073310762643814087e-01,-2.851363122463226318e-01,6.678768992424011230e-02,1.716860830783843994e-01,-1.893579065799713135e-01,-4.427137970924377441e-02,1.139488965272903442e-01,3.721899092197418213e-01,2.302822023630142212e-01,2.396950274705886841e-01,1.746235489845275879e-01,5.908429250121116638e-02,1.507556289434432983e-01,1.724951714277267456e-01,3.850042223930358887e-01,-3.354155272245407104e-02,1.469881236553192139e-01,2.563365101814270020e-01,5.783746764063835144e-02,3.805552124977111816e-01,9.999992251396179199e-01,5.181954503059387207e-01,3.598743081092834473e-01,-3.084748983383178711e-02,2.185695469379425049e-01,2.873806655406951904e-01,4.086391627788543701e-01,-1.157521530985832214e-01,3.473813831806182861e-01,2.741030454635620117e-01,1.161148771643638611e-01,1.640826314687728882e-01,3.121683597564697266e-01,3.556055426597595215e-01,2.046700567007064819e-01,4.113240242004394531e-01,2.703660130500793457e-01,3.880212306976318359e-01,3.999608755111694336e-02
5.084869265556335449e-02,3.750228285789489746e-01,2.135983407497406006e-01,2.947782874107360840e-01,8.116353303194046021e-02,2.209594398736953735e-01,5.804745554924011230e-01,-2.027126103639602661e-01,-1.892406642436981201e-01,2.040243893861770630e-01,-3.277984559535980225e-01,-4.284151873434893787e-05,3.182536959648132324e-01,-1.804434955120086670e-01,-1.701026707887649536e-01,1.418678760528564453e-01,7.103366255760192871e-01,6.845816969871520996e-01,4.070771038532257080e-01,4.032540619373321533e-01,2.492967844009399414e-01,4.155793786048889160e-01,3.103464841842651367e-01,7.346877455711364746e-01,-5.684941262006759644e-02,-6.118619069457054138e-02,4.225380346179008484e-02,3.405662775039672852e-01,4.350374341011047363e-01,5.181954503059387207e-01,9.999999403953552246e-01,6.206651926040649414e-01,-1.310439705848693848e-01,2.598751783370971680e-01,8.823180943727493286e-02,5.062822699546813965e-01,-4.934039711952209473e-02,2.029662430286407471e-01,3.045383095741271973e-01,4.295908510684967041e-01,3.238021135330200195e-01,3.875888586044311523e-01,4.648103415966033936e-01,1.029661595821380615e-01,4.567912220954895020e-01,3.657224774360656738e-01,6.792046427726745605e-01,1.739648580551147461e-01
9.902175515890121460e-02,3.098382055759429932e-01,2.274678200483322144e-01,2.403458505868911743e-01,9.550338238477706909e-02,1.810190528631210327e-01,2.425107061862945557e-01,-7.761205732822418213e-02,-1.098978742957115173e-01,1.305018216371536255e-01,-3.119637370109558105e-01,-1.125554088503122330e-03,8.374056965112686157e-02,-1.593545526266098022e-01,-1.666277945041656494e-01,1.226837560534477234e-01,2.450171113014221191e-01,2.361577153205871582e-01,2.925285100936889648e-01,9.838543087244033813e-02,-4.130294173955917358e-02,1.840801537036895752e-01,2.151388823986053467e-01,5.566000342369079590e-01,-6.654774397611618042e-02,9.417364001274108887e-02,2.124572247266769409e-01,2.415053695440292358e-01,2.879230380058288574e-01,3.598743081092834473e-01,6.206651926040649414e-01,9.999998211860656738e-01,-1.197792496532201767e-02,2.602851092815399170e-01,2.887840569019317627e-02,4.290300309658050537e-01,1.712642237544059753e-02,1.219147294759750366e-01,3.009732067584991455e-01,4.289761483669281006e-01,2.997482419013977051e-01,3.158487081527709961e-01,2.339356392621994019e-01,1.134672388434410095e-01,3.339597284793853760e-01,2.551085948944091797e-01,6.228758692741394043e-01,5.225194692611694336e-01
