9.999998807907104492e-01,3.638225197792053223e-01,-1.896520406007766724e-01,6.465473771095275879e-02,3.768728673458099365e-01,2.668158710002899170e-01,-7.099607586860656738e-02,3.792614936828613281e-01,2.206963896751403809e-01,3.149509802460670471e-02,3.096911013126373291e-01,1.268219947814941406e-01,-1.112991049885749817e-01,3.542619943618774414e-01,2.228239476680755615e-01,-1.219125613570213318e-01,1.189544517546892166e-02,1.404061019420623779e-01,-1.032889485359191895e-01,-1.118941456079483032e-01,-3.035944886505603790e-02,1.237903237342834473e-01,-1.569411456584930420e-01,-2.860319912433624268e-01,3.720792829990386963e-01,-1.291454285383224487e-01,2.546860575675964355e-01,4.612789452075958252e-01,3.167469203472137451e-01,-1.658447533845901489e-01,2.032578364014625549e-02,1.681324392557144165e-01,3.342560827732086182e-01,3.097160160541534424e-01,3.405341133475303650e-02,-3.339893519878387451e-01,4.462111592292785645e-01,1.791816949844360352e-01,-1.897641718387603760e-01,-2.313182502985000610e-01,4.302847683429718018e-01,2.371204644441604614e-01,-1.254318207502365112e-01,2.655923664569854736e-01,4.078740999102592468e-02,-4.142495803534984589e-03,5.324399843811988831e-02,1.427053511142730713e-01
3.638225197792053223e-01,9.999999403953552246e-01,-1.005324274301528931e-01,2.255704998970031738e-01,3.498386144638061523e-01,5.843768119812011719e-01,1.388260424137115479e-01,4.144900143146514893e-01,4.053303897380828857e-01,3.274138271808624268e-01,5.039107799530029297e-01,3.263466656208038330e-01,-5.103838816285133362e-02,3.663638830184936523e-01,3.793387115001678467e-01,-7.667715102434158325e-02,1.469077020883560181e-01,2.097215056419372559e-01,-3.692709282040596008e-02,-6.905932445079088211e-03,1.291517168283462524e-01,1.647275984287261963e-01,-2.471205592155456543e-01,-2.484563589096069336e-01,1.724414974451065063e-01,-4.410165548324584961e-02,4.742989242076873779e-01,5.229506492614746094e-01,5.094873309135437012e-01,5.149186030030250549e-02,7.297646254301071167e-02,9.876257926225662231e-02,3.486258685588836670e-01,5.324593782424926758e-01,1.830299943685531616e-01,-1.854938864707946777e-01,3.356830775737762451e-01,3.581277728080749512e-01,-6.175678968429565430e-02,-2.640086114406585693e-01,6.452484726905822754e-01,4.659606516361236572e-01,6.669405102729797363e-02,5.660773515701293945e-01,4.585768878459930420e-01,2.391267865896224976e-01,9.420886635780334473e-02,-1.596237532794475555e-03
-1.896520406007766724e-01,-1.005324274301528931e-01,1.000000238418579102e+00,5.080942511558532715e-01,-5.108143389225006104e-02,-9.588818252086639404e-02,2.369765341281890869e-01,-1.088266521692276001e-01,-1.720652915537357330e-02,1.844732165336608887e-01,-9.240689873695373535e-02,3.134712874889373779e-01,3.482562005519866943e-01,-1.777079701423645020e-02,2.648553252220153809e-01,4.854031205177307129e-01,-8.939849585294723511e-02,-2.113037705421447754e-01,-3.242812305688858032e-02,-1.149422489106655121e-02,-4.824953526258468628e-02,-1.840998530387878418e-01,2.338678240776062012e-01,3.034765720367431641e-01,-6.005690619349479675e-02,3.718680441379547119e-01,-1.644407659769058228e-01,-7.057359069585800171e-02,-6.882274150848388672e-02,-2.994014136493206024e-02,-1.272999793291091919e-01,-9.063161909580230713e-02,-1.648787558078765869e-01,-8.297710120677947998e-02,3.592719435691833496e-01,3.908619284629821777e-01,-8.129733800888061523e-02,1.512921005487442017e-01,4.658958017826080322e-01,4.833349287509918213e-01,-9.106703102588653564e-02,3.563731536269187927e-02,9.613703936338424683e-02,-1.063362434506416321e-01,8.345679193735122681e-02,8.487985283136367798e-02,1.678867638111114502e-01,-1.463025957345962524e-01
6.465473771095275879e-02,2.255704998970031738e-01,5.080942511558532715e-01,1.000000238418579102e+00,2.275689691305160522e-01,2.297808676958084106e-01,2.282861769199371338e-01,9.517366439104080200e-02,1.572562754154205322e-01,2.756411433219909668e-01,6.403525918722152710e-02,3.075308501720428467e-01,1.984425038099288940e-01,8.016888797283172607e-02,2.844251096248626709e-01,1.702305078506469727e-01,-5.903994664549827576e-02,-4.516411945223808289e-02,-5.540473759174346924e-02,-6.208678334951400757e-02,2.744885534048080444e-02,-3.153557702898979187e-02,-5.704862414859235287e-04,5.507000908255577087e-02,5.453976988792419434e-02,1.653466224670410156e-01,9.294313937425613403e-02,1.392942219972610474e-01,1.056565940380096436e-01,-8.338408172130584717e-02,-2.681443654000759125e-02,-8.035292848944664001e-03,4.154310002923011780e-02,1.011019572615623474e-01,2.185753583908081055e-01,8.836832642555236816e-02,5.858349055051803589e-02,1.877357363700866699e-01,1.728397160768508911e-01,1.327310055494308472e-01,2.642785012722015381e-01,2.573899924755096436e-01,1.365177184343338013e-01,1.437683552503585815e-01,2.388066947460174561e-01,1.594697982072830200e-01,1.156330481171607971e-01,-1.062056273221969604e-01
3.768728673458099365e-01,3.498386144638061523e-01,-5.108143389225006104e-02,2.275689691305160522e-01,1.000000476837158203e+00,3.281018137931823730e-01,1.551994532346725464e-01,3.066375851631164551e-01,2.505832910537719727e-01,2.570751905441284180e-01,2.421621531248092651e-01,2.622061371803283691e-01,4.010799527168273926e-02,1.704309880733489990e-01,2.619375586509704590e-01,-1.093865185976028442e-01,5.726255476474761963e-02,8.949390798807144165e-02,-3.658437356352806091e-02,2.832071855664253235e-02,1.012763008475303650e-01,1.485826820135116577e-01,-7.255981862545013428e-02,-1.895321607589721680e-01,6.536214612424373627e-03,5.564517527818679810e-02,2.405407279729843140e-01,2.626989185810089111e-01,1.964594572782516479e-01,-1.251980215311050415e-01,1.085410173982381821e-02,9.452142566442489624e-02,1.859757304191589355e-01,2.678438723087310791e-01,-2.108542248606681824e-02,-1.959864646196365356e-01,2.127692997455596924e-01,7.543387264013290405e-02,-1.268862932920455933e-01,-1.090656071901321411e-01,4.805037081241607666e-01,2.709850966930389404e-01,1.939094439148902893e-02,2.196443676948547363e-01,1.894676238298416138e-01,1.810443252325057983e-01,7.304862886667251587e-02,1.099611595273017883e-01
2.668158710002899170e-01,5.843768119812011719e-01,-9.588818252086639404e-02,2.297808676958084106e-01,3.281018137931823730e-01,1.000000357627868652e+00,2.072021663188934326e-01,2.962722480297088623e-01,2.798183560371398926e-01,3.245658278465270996e-01,3.720122575759887695e-01,3.028275966644287109e-01,2.491033636033535004e-02,2.540462613105773926e-01,3.148173987865447998e-01,-5.116630345582962036e-02,2.290792316198348999e-01,3.690201640129089355e-01,-2.626996487379074097e-02,1.004227250814437866e-01,2.424165904521942139e-01,2.790477275848388672e-01,-1.757886707782745361e-01,-2.815445065498352051e-01,5.893290042877197266e-02,-1.067264378070831299e-01,3.552125394344329834e-01,3.951002359390258789e-01,3.546755611896514893e-01,6.926049944013357162e-03,1.534935534000396729e-01,1.895247399806976318e-01,2.283109873533248901e-01,4.411524236202239990e-01,2.882709354162216187e-02,-2.723262906074523926e-01,2.727964222431182861e-01,2.125878781080245972e-01,-1.549647897481918335e-01,-3.138536810874938965e-01,5.598167777061462402e-01,3.846343159675598145e-01,1.141950935125350952e-01,3.931950330734252930e-01,3.589234054088592529e-01,2.174785286188125610e-01,9.636650979518890381e-02,4.507981613278388977e-02
-7.099607586860656738e-02,1.388260424137115479e-01,2.369765341281890869e-01,2.282861769199371338e-01,1.551994532346725464e-01,2.072021663188934326e-01,1.000000119209289551e+00,-5.690325051546096802e-02,1.568364799022674561e-01,2.346522361040115356e-01,-3.508338704705238342e-02,1.218873932957649231e-01,4.868375360965728760e-01,-1.155068576335906982e-01,2.739019319415092468e-02,9.649456292390823364e-02,6.146593689918518066e-01,3.508275747299194336e-01,5.324347615242004395e-01,6.064916253089904785e-01,5.364983677864074707e-01,3.451475203037261963e-01,5.253682136535644531e-01,3.303856849670410156e-01,-1.170485466718673706e-01,4.798865616321563721e-01,-6.566117703914642334e-02,4.844292066991329193e-03,9.700890630483627319e-02,4.476528763771057129e-01,4.684053659439086914e-01,2.485504299402236938e-01,-6.466803699731826782e-02,9.470187872648239136e-02,-4.209326207637786865e-02,8.682602643966674805e-02,-7.887812703847885132e-02,-5.337644740939140320e-02,2.545766346156597137e-02,1.330298334360122681e-01,1.355410218238830566e-01,3.471880257129669189e-01,4.997226595878601074e-01,1.143891811370849609e-01,3.431726694107055664e-01,4.726119935512542725e-01,1.913870871067047119e-01,2.334128618240356445e-01
3.792614936828613281e-01,4.144900143146514893e-01,-1.088266521692276001e-01,9.517366439104080200e-02,3.066375851631164551e-01,2.962722480297088623e-01,-5.690325051546096802e-02,1.000000119209289551e+00,3.576526343822479248e-01,1.620573252439498901e-01,5.465915799140930176e-01,2.857977747917175293e-01,-1.664048731327056885e-01,5.947188138961791992e-01,4.557887911796569824e-01,-1.827365532517433167e-02,-1.833038218319416046e-02,1.437849849462509155e-01,-1.870595663785934448e-01,-1.492374092340469360e-01,8.987154811620712280e-03,1.474010795354843140e-01,-2.983408868312835693e-01,-2.871373295783996582e-01,1.633116602897644043e-01,-1.123139411211013794e-01,3.552750051021575928e-01,3.575609326362609863e-01,2.210563123226165771e-01,-2.129522711038589478e-01,-3.005734086036682129e-02,1.782696843147277832e-01,3.388177454471588135e-01,5.029019117355346680e-01,9.890693426132202148e-02,-2.288647890090942383e-01,4.482066333293914795e-01,2.379508018493652344e-01,-7.340196520090103149e-02,-1.560910642147064209e-01,4.879635870456695557e-01,2.234237045049667358e-01,-1.887876391410827637e-01,2.992225587368011475e-01,1.454464495182037354e-01,-1.645809039473533630e-03,2.156332135200500488e-01,-2.628111653029918671e-02
2.206963896751403809e-01,4.053303897380828857e-01,-1.720652915537357330e-02,1.572562754154205322e-01,2.505832910537719727e-01,2.798183560371398926e-01,1.568364799022674561e-01,3.576526343822479248e-01,1.000000119209289551e+00,1.941583156585693359e-01,4.656321108341217041e-01,2.254261970520019531e-01,-3.581590950489044189e-02,3.850392699241638184e-01,3.036216795444488525e-01,-1.564408093690872192e-02,1.961791962385177612e-01,6.881487369537353516e-02,1.649260520935058594e-01,5.184701830148696899e-02,5.682595819234848022e-02,6.092542782425880432e-02,-1.059027612209320068e-01,-1.543325483798980713e-01,6.708665285259485245e-03,8.097004890441894531e-02,2.156716883182525635e-01,2.605076432228088379e-01,2.560189068317413330e-01,4.177752137184143066e-02,-2.800832502543926239e-02,-1.840076223015785217e-02,1.238295510411262512e-01,3.586141169071197510e-01,1.007252335548400879e-01,-1.085079684853553772e-01,2.258774936199188232e-01,1.783367991447448730e-01,-1.584713160991668701e-02,-8.419474959373474121e-02,4.036773145198822021e-01,3.853106498718261719e-01,2.407947182655334473e-02,5.400534272193908691e-01,2.255222052335739136e-01,1.398147642612457275e-01,1.919029839336872101e-02,3.810491785407066345e-02
3.149509802460670471e-02,3.274138271808624268e-01,1.844732165336608887e-01,2.756411433219909668e-01,2.570751905441284180e-01,3.245658278465270996e-01,2.346522361040115356e-01,1.620573252439498901e-01,1.941583156585693359e-01,1.000000238418579102e+00,2.310971915721893311e-01,6.226047277450561523e-01,3.225450813770294189e-01,2.077267616987228394e-01,4.384427368640899658e-01,2.412995994091033936e-01,7.159331440925598145e-02,8.622198551893234253e-02,4.468749463558197021e-02,1.512391269207000732e-01,2.320175170898437500e-01,8.558406680822372437e-02,-3.204048424959182739e-02,4.176839813590049744e-02,-2.129982691258192062e-03,1.067306697368621826e-01,1.046470999717712402e-01,7.972089946269989014e-02,1.760356873273849487e-01,1.018840894103050232e-01,1.253964602947235107e-01,1.566522009670734406e-02,1.392788719385862350e-02,2.883723080158233643e-01,1.923571825027465820e-01,1.080985516309738159e-01,1.362077891826629639e-01,1.677860021591186523e-01,1.501895189285278320e-01,-1.822847127914428711e-02,2.752032577991485596e-01,3.904998004436492920e-01,3.702656924724578857e-01,2.654376626014709473e-01,5.251095890998840332e-01,5.518503785133361816e-01,1.061671599745750427e-01,-1.676878631114959717e-01
3.096911013126373291e-01,5.039107799530029297e-01,-9.240689873695373535e-02,6.403525918722152710e-02,2.421621531248092651e-01,3.720122575759887695e-01,-3.508338704705238342e-02,5.465915799140930176e-01,4.656321108341217041e-01,2.310971915721893311e-01,9.999999403953552246e-01,4.095608294010162354e-01,-1.709581017494201660e-01,5.944928526878356934e-01,4.851616322994232178e-01,3.414967656135559082e-02,7.601319998502731323e-02,1.228192374110221863e-01,-1.298735439777374268e-01,-1.754843890666961670e-01,-2.381751686334609985e-02,1.149128377437591553e-01,-3.453835844993591309e-01,-3.267437517642974854e-01,6.270255148410797119e-02,-1.112938672304153442e-01,3.625017702579498291e-01,3.737375736236572266e-01,2.992043495178222656e-01,-1.406183242797851562e-01,-7.917954772710800171e-02,9.426414966583251953e-02,2.788287699222564697e-01,5.392593145370483398e-01,1.371239721775054932e-01,-2.290703505277633667e-01,4.381789863109588623e-01,2.834350168704986572e-01,-8.927113562822341919e-02,-2.182894498109817505e-01,5.044947266578674316e-01,2.540702223777770996e-01,-2.122247666120529175e-01,3.549682497978210449e-01,2.126344889402389526e-01,-1.619583368301391602e-02,9.879206866025924683e-02,1.401843689382076263e-02
1.268219947814941406e-01,3.263466656208038330e-01,3.134712874889373779e-01,3.075308501720428467e-01,2.622061371803283691e-01,3.028275966644287109e-01,1.218873932957649231e-01,2.857977747917175293e-01,2.254261970520019531e-01,6.226047277450561523e-01,4.095608294010162354e-01,9.999999403953552246e-01,2.168602645397186279e-01,4.045770466327667236e-01,6.588994264602661133e-01,3.766179978847503662e-01,-4.165253788232803345e-02,2.174959704279899597e-02,-1.746613234281539917e-01,-6.722857058048248291e-02,3.142666816711425781e-02,2.355933189392089844e-02,-1.362685114145278931e-01,-4.104444757103919983e-02,-9.996724314987659454e-03,1.068162247538566589e-01,1.603211313486099243e-01,1.752080619335174561e-01,1.901485025882720947e-01,-1.187288388609886169e-01,-6.818224489688873291e-02,4.606157168745994568e-02,5.581305176019668579e-02,3.610861003398895264e-01,3.314974009990692139e-01,8.955048024654388428e-02,3.103506565093994141e-01,3.084476590156555176e-01,2.231592983007431030e-01,7.828526943922042847e-02,3.415319621562957764e-01,2.886624634265899658e-01,5.932548642158508301e-02,2.138610780239105225e-01,3.393476903438568115e-01,2.792499959468841553e-01,1.974475383758544922e-01,-1.443366259336471558e-01
-1.112991049885749817e-01,-5.103838816285133362e-02,3.482562005519866943e-01,1.984425038099288940e-01,4.010799527168273926e-02,2.491033636033535004e-02,4.868375360965728760e-01,-1.664048731327056885e-01,-3.581590950489044189e-02,3.225450813770294189e-01,-1.709581017494201660e-01,2.168602645397186279e-01,1.000000238418579102e+00,-1.098051220178604126e-01,8.144202083349227905e-02,4.098115563392639160e-01,3.039218783378601074e-01,1.411243081092834473e-01,3.609376549720764160e-01,4.601174890995025635e-01,3.714348375797271729e-01,1.475012898445129395e-01,5.488945841789245605e-01,3.657760322093963623e-01,-9.521055221557617188e-02,3.300332725048065186e-01,-1.557493507862091064e-01,-1.860380023717880249e-01,-4.293324053287506104e-02,3.412970304489135742e-01,3.528025448322296143e-01,1.386068612337112427e-01,-1.661559939384460449e-01,-4.093655943870544434e-02,1.061806902289390564e-01,2.744760215282440186e-01,-7.261576503515243530e-02,2.142244763672351837e-02,2.552820146083831787e-01,3.701677322387695312e-01,-5.073913931846618652e-02,2.788242697715759277e-01,5.047460794448852539e-01,-4.012364894151687622e-02,2.843394279479980469e-01,4.947411119937896729e-01,1.273223161697387695e-01,9.294832497835159302e-02
3.542619943618774414e-01,3.663638830184936523e-01,-1.777079701423645020e-02,8.016888797283172607e-02,1.704309880733489990e-01,2.540462613105773926e-01,-1.155068576335906982e-01,5.947188138961791992e-01,3.850392699241638184e-01,2.077267616987228394e-01,5.944928526878356934e-01,4.045770466327667236e-01,-1.098051220178604126e-01,1.000000119209289551e+00,5.611375570297241211e-01,1.634374111890792847e-01,-8.577781915664672852e-02,4.887014254927635193e-02,-2.047756016254425049e-01,-2.345838844776153564e-01,-1.284074932336807251e-01,-1.503076404333114624e-02,-3.170292079448699951e-01,-2.856811583042144775e-01,2.189031392335891724e-01,-9.852349013090133667e-02,3.803801536560058594e-01,3.638284206390380859e-01,2.943022847175598145e-01,-1.954859346151351929e-01,-1.386810839176177979e-01,5.681062117218971252e-02,3.192346692085266113e-01,5.352339148521423340e-01,1.973411887884140015e-01,-1.421649903059005737e-01,5.763403773307800293e-01,3.453905582427978516e-01,3.305057063698768616e-02,-9.593968093395233154e-02,3.989746272563934326e-01,2.707845866680145264e-01,-1.795442700386047363e-01,2.486293911933898926e-01,1.221604347229003906e-01,-1.788671873509883881e-02,1.154115051031112671e-01,-1.572772115468978882e-01
2.228239476680755615e-01,3.793387115001678467e-01,2.648553252220153809e-01,2.844251096248626709e-01,2.619375586509704590e-01,3.148173987865447998e-01,2.739019319415092468e-02,4.557887911796569824e-01,3.036216795444488525e-01,4.384427368640899658e-01,4.851616322994232178e-01,6.588994264602661133e-01,8.144202083349227905e-02,5.611375570297241211e-01,1.000000119209289551e+00,4.045405685901641846e-01,-1.123715788125991821e-01,2.187529020011425018e-02,-2.629342973232269287e-01,-1.801465451717376709e-01,-6.952226161956787109e-02,7.699965499341487885e-04,-2.034543901681900024e-01,-8.494571596384048462e-02,6.043456867337226868e-02,4.574652016162872314e-02,3.438944220542907715e-01,3.140289783477783203e-01,2.373660504817962646e-01,-2.283341586589813232e-01,-1.180172786116600037e-01,1.128827929496765137e-01,1.760378479957580566e-01,4.855906069278717041e-01,3.765130341053009033e-01,6.295425444841384888e-02,4.190994501113891602e-01,4.812944829463958740e-01,2.666238248348236084e-01,1.179841533303260803e-01,4.315656721591949463e-01,2.794263660907745361e-01,-1.022932380437850952e-01,2.593342959880828857e-01,2.213671207427978516e-01,1.254087388515472412e-01,3.182637393474578857e-01,-1.256708204746246338e-01
-1.219125613570213318e-01,-7.667715102434158325e-02,4.854031205177307129e-01,1.702305078506469727e-01,-1.093865185976028442e-01,-5.116630345582962036e-02,9.649456292390823364e-02,-1.827365532517433167e-02,-1.564408093690872192e-02,2.412995994091033936e-01,3.414967656135559082e-02,3.766179978847503662e-01,4.098115563392639160e-01,1.634374111890792847e-01,4.045405685901641846e-01,1.000000238418579102e+00,-1.242868676781654358e-01,-2.266555577516555786e-01,-1.088433563709259033e-01,-4.285627231001853943e-02,-1.404497623443603516e-01,-2.305099070072174072e-01,2.424397617578506470e-01,3.328342139720916748e-01,2.057173289358615875e-02,1.315379440784454346e-01,-6.578218936920166016e-02,-1.049716770648956299e-01,-5.568027496337890625e-02,-2.866906486451625824e-02,-1.170683577656745911e-01,-3.236091881990432739e-02,-1.595134586095809937e-01,1.336195226758718491e-02,4.844783246517181396e-01,4.709691405296325684e-01,4.162317141890525818e-02,2.749934792518615723e-01,6.222892999649047852e-01,5.518442988395690918e-01,-6.799118220806121826e-02,1.122474297881126404e-01,5.854558944702148438e-02,-8.398734033107757568e-02,6.228685751557350159e-02,9.419429302215576172e-02,2.554573416709899902e-01,-1.380953341722488403e-01
1.189544517546892166e-02,1.469077020883560181e-01,-8.939849585294723511e-02,-5.903994664549827576e-02,5.726255476474761963e-02,2.290792316198348999e-01,6.146593689918518066e-01,-1.833038218319416046e-02,1.961791962385177612e-01,7.159331440925598145e-02,7.601319998502731323e-02,-4.165253788232803345e-02,3.039218783378601074e-01,-8.577781915664672852e-02,-1.123715788125991821e-01,-1.242868676781654358e-01,9.999998807907104492e-01,5.806569457054138184e-01,6.181994080543518066e-01,6.448792219161987305e-01,6.276773214340209961e-01,5.508824586868286133e-01,4.391186833381652832e-01,1.508086621761322021e-01,-1.605206876993179321e-01,2.933128774166107178e-01,-5.249344184994697571e-02,3.772548213601112366e-02,1.137151867151260376e-01,4.912784099578857422e-01,5.749959945678710938e-01,4.209528565406799316e-01,-4.490908607840538025e-02,1.347852796316146851e-01,-2.284784018993377686e-01,-1.371260434389114380e-01,-9.451229125261306763e-03,-1.230402216315269470e-01,-2.533001899719238281e-01,-1.242101341485977173e-01,1.126568093895912170e-01,2.866266071796417236e-01,3.749150633811950684e-01,1.440452188253402710e-01,2.457663714885711670e-01,3.396188914775848389e-01,1.358545273542404175e-01,4.671672880649566650e-01
1.404061019420623779e-01,2.097215056419372559e-01,-2.113037705421447754e-01,-4.516411945223808289e-02,8.949390798807144165e-02,3.690201640129089355e-01,3.508275747299194336e-01,1.437849849462509155e-01,6.881487369537353516e-02,8.622198551893234253e-02,1.228192374110221863e-01,2.174959704279899597e-02,1.411243081092834473e-01,4.887014254927635193e-02,2.187529020011425018e-02,-2.266555577516555786e-01,5.806569457054138184e-01,9.999999403953552246e-01,2.871586680412292480e-01,4.478954672813415527e-01,6.323369145393371582e-01,7.270478606224060059e-01,1.960958987474441528e-01,-7.932271808385848999e-02,-4.750145971775054932e-02,8.597152680158615112e-02,1.010525226593017578e-01,1.402862221002578735e-01,8.194420486688613892e-02,1.979361921548843384e-01,5.962771773338317871e-01,5.953748822212219238e-01,6.172841787338256836e-02,2.778845429420471191e-01,-2.861599326133728027e-01,-3.268897533416748047e-01,1.657059490680694580e-01,-4.935755580663681030e-02,-3.852697908878326416e-01,-2.866495251655578613e-01,2.644803524017333984e-01,1.493562012910842896e-01,1.839542388916015625e-01,1.025786548852920532e-01,1.758686155080795288e-01,1.927312910556793213e-01,2.211596816778182983e-01,4.740709066390991211e-01
-1.032889485359191895e-01,-3.692709282040596008e-02,-3.242812305688858032e-02,-5.540473759174346924e-02,-3.658437356352806091e-02,-2.626996487379074097e-02,5.324347615242004395e-01,-1.870595663785934448e-01,1.649260520935058594e-01,4.468749463558197021e-02,-1.298735439777374268e-01,-1.746613234281539917e-01,3.609376549720764160e-01,-2.047756016254425049e-01,-2.629342973232269287e-01,-1.088433563709259033e-01,6.181994080543518066e-01,2.871586680412292480e-01,1.000000119209289551e+00,6.671081781387329102e-01,4.923076629638671875e-01,2.783860862255096436e-01,5.013546347618103027e-01,2.372529208660125732e-01,-1.861018687486648560e-01,2.882800400257110596e-01,-1.584517359733581543e-01,-1.124218851327896118e-01,4.054224118590354919e-02,6.020569205284118652e-01,4.658903181552886963e-01,1.635186076164245605e-01,-1.070318669080734253e-01,-7.166945189237594604e-02,-2.246413230895996094e-01,3.189034759998321533e-02,-1.860395222902297974e-01,-1.750491559505462646e-01,-1.722129583358764648e-01,-8.535983972251415253e-03,-1.119627505540847778e-01,2.850470542907714844e-01,5.088272690773010254e-01,7.459300756454467773e-02,1.957883685827255249e-01,4.174182415008544922e-01,-1.009306311607360840e-01,2.906481623649597168e-01
-1.118941456079483032e-01,-6.905932445079088211e-03,-1.149422489106655121e-02,-6.208678334951400757e-02,2.832071855664253235e-02,1.004227250814437866e-01,6.064916253089904785e-01,-1.492374092340469360e-01,5.184701830148696899e-02,1.512391269207000732e-01,-1.754843890666961670e-01,-6.722857058048248291e-02,4.601174890995025635e-01,-2.345838844776153564e-01,-1.801465451717376709e-01,-4.285627231001853943e-02,6.448792219161987305e-01,4.478954672813415527e-01,6.671081781387329102e-01,1.000000476837158203e+00,6.596337556838989258e-01,4.399199783802032471e-01,5.812366008758544922e-01,3.026350438594818115e-01,-2.129120826721191406e-01,2.769266963005065918e-01,-1.540198475122451782e-01,-1.275027692317962646e-01,-4.252872988581657410e-02,5.221549868583679199e-01,5.850753188133239746e-01,2.983845472335815430e-01,-1.408953517675399780e-01,-1.045939698815345764e-02,-2.305617183446884155e-01,2.174305729568004608e-02,-1.868319809436798096e-01,-1.903202831745147705e-01,-1.389697045087814331e-01,2.778932219371199608e-03,-4.300329834222793579e-02,2.445808202028274536e-01,5.505542755126953125e-01,5.201582983136177063e-02,2.425089329481124878e-01,4.991444349288940430e-01,7.718715816736221313e-02,3.351505696773529053e-01
-3.035944886505603790e-02,1.291517168283462524e-01,-4.824953526258468628e-02,2.744885534048080444e-02,1.012763008475303650e-01,2.424165904521942139e-01,5.364983677864074707e-01,8.987154811620712280e-03,5.682595819234848022e-02,2.320175170898437500e-01,-2.381751686334609985e-02,3.142666816711425781e-02,3.714348375797271729e-01,-1.284074932336807251e-01,-6.952226161956787109e-02,-1.404497623443603516e-01,6.276773214340209961e-01,6.323369145393371582e-01,4.923076629638671875e-01,6.596337556838989258e-01,9.999999403953552246e-01,6.501759886741638184e-01,4.316678941249847412e-01,1.803130507469177246e-01,-1.332624405622482300e-01,2.196855098009109497e-01,-2.747515402734279633e-02,-4.734797030687332153e-02,-3.238692507147789001e-02,3.659925758838653564e-01,6.485323309898376465e-01,4.362345039844512939e-01,-4.174775630235671997e-02,1.586297005414962769e-01,-2.582924365997314453e-01,-1.111847832798957825e-01,-5.255773290991783142e-02,-1.356998831033706665e-01,-2.285388857126235962e-01,-1.234546676278114319e-01,1.130696833133697510e-01,1.932475864887237549e-01,4.515370428562164307e-01,1.098997443914413452e-01,3.100743889808654785e-01,4.402374327182769775e-01,2.017091959714889526e-01,4.208650290966033936e-01
1.237903237342834473e-01,1.647275984287261963e-01,-1.840998530387878418e-01,-3.153557702898979187e-02,1.485826820135116577e-01,2.790477275848388672e-01,3.451475203037261963e-01,1.474010795354843140e-01,6.092542782425880432e-02,8.558406680822372437e-02,1.149128377437591553e-01,2.355933189392089844e-02,1.475012898445129395e-01,-1.503076404333114624e-02,7.699965499341487885e-04,-2.305099070072174072e-01,5.508824586868286133e-01,7.270478606224060059e-01,2.783860862255096436e-01,4.399199783802032471e-01,6.501759886741638184e-01,9.999998211860656738e-01,2.499080747365951538e-01,-4.179421067237854004e-02,-9.567384421825408936e-02,1.114452555775642395e-01,6.251026690006256104e-02,8.133869618177413940e-02,-1.235738955438137054e-02,1.289566457271575928e-01,5.662881135940551758e-01,5.945563912391662598e-01,4.406624287366867065e-02,2.455480396747589111e-01,-2.866281270980834961e-01,-3.194930255413055420e-01,1.022639200091362000e-01,-1.060431450605392456e-01,-3.639453053474426270e-01,-2.377359122037887573e-01,2.587187588214874268e-01,7.949871569871902466e-02,1.394840925931930542e-01,7.511325925588607788e-02,1.461299508810043335e-01,1.750223785638809204e-01,2.276233881711959839e-01,5.805462598800659180e-01
-1.569411456584930420e-01,-2.471205592155456543e-01,2.338678240776062012e-01,-5.704862414859235287e-04,-7.255981862545013428e-02,-1.757886707782745361e-01,5.253682136535644531e-01,-2.983408868312835693e-01,-1.059027612209320068e-01,-3.204048424959182739e-02,-3.453835844993591309e-01,-1.362685114145278931e-01,5.488945841789245605e-01,-3.170292079448699951e-01,-2.034543901681900024e-01,2.424397617578506470e-01,4.391186833381652832e-01,1.960958987474441528e-01,5.013546347618103027e-01,5.812366008758544922e-01,4.316678941249847412e-01,2.499080747365951538e-01,1.000000238418579102e+00,5.139014124870300293e-01,-1.614552736282348633e-01,3.592754900455474854e-01,-2.757473289966583252e-01,-2.712248265743255615e-01,-2.254226505756378174e-01,3.652198612689971924e-01,3.920127153396606445e-01,2.422054111957550049e-01,-2.201266884803771973e-01,-1.943704932928085327e-01,-5.868024658411741257e-03,2.858079373836517334e-01,-2.164870500564575195e-01,-1.402982622385025024e-01,1.791752278804779053e-01,4.093358516693115234e-01,-2.046502828598022461e-01,4.490516707301139832e-02,3.651643693447113037e-01,-1.497108787298202515e-01,3.550883755087852478e-02,2.670241594314575195e-01,1.602512449026107788e-01,3.773764967918395996e-01
-2.860319912433624268e-01,-2.484563589096069336e-01,3.034765720367431641e-01,5.507000908255577087e-02,-1.895321607589721680e-01,-2.815445065498352051e-01,3.303856849670410156e-01,-2.871373295783996582e-01,-1.543325483798980713e-01,4.176839813590049744e-02,-3.267437517642974854e-01,-4.104444757103919983e-02,3.657760322093963623e-01,-2.856811583042144775e-01,-8.494571596384048462e-02,3.328342139720916748e-01,1.508086621761322021e-01,-7.932271808385848999e-02,2.372529208660125732e-01,3.026350438594818115e-01,1.803130507469177246e-01,-4.179421067237854004e-02,5.139014124870300293e-01,9.999998807907104492e-01,-4.797730222344398499e-02,3.185820579528808594e-01,-2.229877114295959473e-01,-2.966164350509643555e-01,-2.259761691093444824e-01,2.964269220829010010e-01,2.312436550855636597e-01,5.534587055444717407e-02,-2.017995864152908325e-01,-2.269870340824127197e-01,2.260322719812393188e-01,5.899713635444641113e-01,-2.664664089679718018e-01,8.184952894225716591e-04,4.627253413200378418e-01,5.271303653717041016e-01,-2.872204780578613281e-01,-7.522039115428924561e-02,2.893811464309692383e-01,-1.337438523769378662e-01,3.967910632491111755e-02,1.983568370342254639e-01,3.561287522315979004e-01,1.302912533283233643e-01
3.720792829990386963e-01,1.724414974451065063e-01,-6.005690619349479675e-02,5.453976988792419434e-02,6.536214612424373627e-03,5.893290042877197266e-02,-1.170485466718673706e-01,1.633116602897644043e-01,6.708665285259485245e-03,-2.129982691258192062e-03,6.270255148410797119e-02,-9.996724314987659454e-03,-9.521055221557617188e-02,2.189031392335891724e-01,6.043456867337226868e-02,2.057173289358615875e-02,-1.605206876993179321e-01,-4.750145971775054932e-02,-1.861018687486648560e-01,-2.129120826721191406e-01,-1.332624405622482300e-01,-9.567384421825408936e-02,-1.614552736282348633e-01,-4.797730222344398499e-02,1.000000000000000000e+00,-1.008510515093803406e-01,1.687062233686447144e-01,2.077070325613021851e-01,2.318189442157745361e-01,-4.186086729168891907e-02,3.957754001021385193e-03,-7.642497867345809937e-02,2.762141823768615723e-01,1.346962749958038330e-01,1.446857601404190063e-01,-2.303168177604675293e-02,2.071990966796875000e-01,1.509082168340682983e-01,4.714700579643249512e-02,-5.249042436480522156e-02,1.341575831174850464e-01,1.142335757613182068e-01,4.948381800204515457e-03,8.078102767467498779e-02,3.922383859753608704e-02,-6.817997992038726807e-02,1.751496642827987671e-02,-1.306092590093612671e-01
-1.291454285383224487e-01,-4.410165548324584961e-02,3.718680441379547119e-01,1.653466224670410156e-01,5.564517527818679810e-02,-1.067264378070831299e-01,4.798865616321563721e-01,-1.123139411211013794e-01,8.097004890441894531e-02,1.067306697368621826e-01,-1.112938672304153442e-01,1.068162247538566589e-01,3.300332725048065186e-01,-9.852349013090133667e-02,4.574652016162872314e-02,1.315379440784454346e-01,2.933128774166107178e-01,8.597152680158615112e-02,2.882800400257110596e-01,2.769266963005065918e-01,2.196855098009109497e-01,1.114452555775642395e-01,3.592754900455474854e-01,3.185820579528808594e-01,-1.008510515093803406e-01,9.999998807907104492e-01,-1.321807205677032471e-01,4.427371546626091003e-02,9.053350239992141724e-02,2.941869795322418213e-01,1.878451555967330933e-01,8.772581070661544800e-02,-5.127398669719696045e-02,-1.379116065800189972e-02,6.629048287868499756e-02,2.039525955915451050e-01,-4.732887819409370422e-02,1.936783455312252045e-02,1.644757241010665894e-01,2.835490405559539795e-01,-2.183870971202850342e-02,1.360084712505340576e-01,2.769218385219573975e-01,-2.668843418359756470e-02,1.559180170297622681e-01,2.646561861038208008e-01,1.834006160497665405e-01,1.324846595525741577e-01
2.546860575675964355e-01,4.742989242076873779e-01,-1.644407659769058228e-01,9.294313937425613403e-02,2.405407279729843140e-01,3.552125394344329834e-01,-6.566117703914642334e-02,3.552750051021575928e-01,2.156716883182525635e-01,1.046470999717712402e-01,3.625017702579498291e-01,1.603211313486099243e-01,-1.557493507862091064e-01,3.803801536560058594e-01,3.438944220542907715e-01,-6.578218936920166016e-02,-5.249344184994697571e-02,1.010525226593017578e-01,-1.584517359733581543e-01,-1.540198475122451782e-01,-2.747515402734279633e-02,6.251026690006256104e-02,-2.757473289966583252e-01,-2.229877114295959473e-01,1.687062233686447144e-01,-1.321807205677032471e-01,1.000000238418579102e+00,5.001846551895141602e-01,4.245314300060272217e-01,-7.182012498378753662e-02,2.671151887625455856e-03,7.214156538248062134e-02,5.157091617584228516e-01,5.376981496810913086e-01,7.505869120359420776e-02,-1.639508455991744995e-01,3.789104223251342773e-01,5.568092465400695801e-01,-4.793904721736907959e-02,-1.890384852886199951e-01,4.506971538066864014e-01,2.174213975667953491e-01,-9.853656589984893799e-02,3.156893253326416016e-01,1.806270778179168701e-01,4.840972833335399628e-03,9.707356989383697510e-02,-1.556676696054637432e-03
4.612789452075958252e-01,5.229506492614746094e-01,-7.057359069585800171e-02,1.392942219972610474e-01,2.626989185810089111e-01,3.951002359390258789e-01,4.844292066991329193e-03,3.575609326362609863e-01,2.605076432228088379e-01,7.972089946269989014e-02,3.737375736236572266e-01,1.752080619335174561e-01,-1.860380023717880249e-01,3.638284206390380859e-01,3.140289783477783203e-01,-1.049716770648956299e-01,3.772548213601112366e-02,1.402862221002578735e-01,-1.124218851327896118e-01,-1.275027692317962646e-01,-4.734797030687332153e-02,8.133869618177413940e-02,-2.712248265743255615e-01,-2.966164350509643555e-01,2.077070325613021851e-01,4.427371546626091003e-02,5.001846551895141602e-01,1.000000238418579102e+00,6.208111643791198730e-01,-4.561473429203033447e-02,-6.504472345113754272e-03,1.133996620774269104e-01,3.756780624389648438e-01,4.892251491546630859e-01,8.040024340152740479e-02,-2.717563211917877197e-01,4.492117762565612793e-01,3.972232639789581299e-01,-1.176584959030151367e-01,-2.714955508708953857e-01,5.114320516586303711e-01,2.831426262855529785e-01,-1.083776652812957764e-01,3.162404298782348633e-01,1.991912722587585449e-01,4.332520812749862671e-02,8.056747913360595703e-02,1.827684603631496429e-02
3.167469203472137451e-01,5.094873309135437012e-01,-6.882274150848388672e-02,1.056565940380096436e-01,1.964594572782516479e-01,3.546755611896514893e-01,9.700890630483627319e-02,2.210563123226165771e-01,2.560189068317413330e-01,1.760356873273849487e-01,2.992043495178222656e-01,1.901485025882720947e-01,-4.293324053287506104e-02,2.943022847175598145e-01,2.373660504817962646e-01,-5.568027496337890625e-02,1.137151867151260376e-01,8.194420486688613892e-02,4.054224118590354919e-02,-4.252872988581657410e-02,-3.238692507147789001e-02,-1.235738955438137054e-02,-2.254226505756378174e-01,-2.259761691093444824e-01,2.318189442157745361e-01,9.053350239992141724e-02,4.245314300060272217e-01,6.208111643791198730e-01,1.000000000000000000e+00,2.424728274345397949e-01,7.679861783981323242e-02,1.065050438046455383e-02,3.144830465316772461e-01,4.137723743915557861e-01,1.104596257209777832e-01,-1.586851030588150024e-01,3.644213378429412842e-01,3.818762004375457764e-01,-8.357521146535873413e-02,-2.563755810260772705e-01,4.275692999362945557e-01,4.447578191757202148e-01,1.266617476940155029e-01,3.017962276935577393e-01,3.440009951591491699e-01,2.074829787015914917e-01,-4.234426841139793396e-02,-9.199812263250350952e-02
-1.658447533845901489e-01,5.149186030030250549e-02,-2.994014136493206024e-02,-8.338408172130584717e-02,-1.251980215311050415e-01,6.926049944013357162e-03,4.476528763771057129e-01,-2.129522711038589478e-01,4.177752137184143066e-02,1.018840894103050232e-01,-1.406183242797851562e-01,-1.187288388609886169e-01,3.412970304489135742e-01,-1.954859346151351929e-01,-2.283341586589813232e-01,-2.866906486451625824e-02,4.912784099578857422e-01,1.979361921548843384e-01,6.020569205284118652e-01,5.221549868583679199e-01,3.659925758838653564e-01,1.289566457271575928e-01,3.652198612689971924e-01,2.964269220829010010e-01,-4.186086729168891907e-02,2.941869795322418213e-01,-7.182012498378753662e-02,-4.561473429203033447e-02,2.424728274345397949e-01,9.999998211860656738e-01,4.649610221385955811e-01,9.131380915641784668e-02,-4.845620319247245789e-02,-3.673341125249862671e-02,-6.339431554079055786e-02,2.056612521409988403e-01,-1.425251662731170654e-01,-2.026076428592205048e-02,-4.037150740623474121e-02,3.683080524206161499e-02,-9.817934781312942505e-02,3.089442253112792969e-01,5.407248735427856445e-01,7.537397742271423340e-02,2.972207069396972656e-01,4.316462874412536621e-01,-6.083480268716812134e-02,1.099363714456558228e-01
2.032578364014625549e-02,7.297646254301071167e-02,-1.272999793291091919e-01,-2.681443654000759125e-02,1.085410173982381821e-02,1.534935534000396729e-01,4.684053659439086914e-01,-3.005734086036682129e-02,-2.800832502543926239e-02,1.253964602947235107e-01,-7.917954772710800171e-02,-6.818224489688873291e-02,3.528025448322296143e-01,-1.386810839176177979e-01,-1.180172786116600037e-01,-1.170683577656745911e-01,5.749959945678710938e-01,5.962771773338317871e-01,4.658903181552886963e-01,5.850753188133239746e-01,6.485323309898376465e-01,5.662881135940551758e-01,3.920127153396606445e-01,2.312436550855636597e-01,3.957754001021385193e-03,1.878451555967330933e-01,2.671151887625455856e-03,-6.504472345113754272e-03,7.679861783981323242e-02,4.649610221385955811e-01,1.000000119209289551e+00,4.995429515838623047e-01,-1.426519360393285751e-02,1.116694584488868713e-01,-2.596448659896850586e-01,-7.068430632352828979e-02,-3.969383984804153442e-02,-6.275246292352676392e-02,-2.360941171646118164e-01,-9.737736731767654419e-02,9.040605276823043823e-02,1.726302504539489746e-01,4.498888254165649414e-01,1.681962236762046814e-02,2.161155045032501221e-01,3.793631494045257568e-01,2.228613346815109253e-01,3.882392346858978271e-01
1.681324392557144165e-01,9.876257926225662231e-02,-9.063161909580230713e-02,-8.035292848944664001e-03,9.452142566442489624e-02,1.895247399806976318e-01,2.485504299402236938e-01,1.782696843147277832e-01,-1.840076223015785217e-02,1.566522009670734406e-02,9.426414966583251953e-02,4.606157168745994568e-02,1.386068612337112427e-01,5.681062117218971252e-02,1.128827929496765137e-01,-3.236091881990432739e-02,4.209528565406799316e-01,5.953748822212219238e-01,1.635186076164245605e-01,2.983845472335815430e-01,4.362345039844512939e-01,5.945563912391662598e-01,2.422054111957550049e-01,5.534587055444717407e-02,-7.642497867345809937e-02,8.772581070661544800e-02,7.214156538248062134e-02,1.133996620774269104e-01,1.065050438046455383e-02,9.131380915641784668e-02,4.995429515838623047e-01,9.999999403953552246e-01,9.032753109931945801e-02,1.949605047702789307e-01,-8.075921237468719482e-02,-1.382236182689666748e-01,1.793947368860244751e-01,4.079854115843772888e-02,-1.813689619302749634e-01,-2.919091284275054932e-02,2.241700738668441772e-01,5.608535930514335632e-02,6.341105699539184570e-02,6.926428526639938354e-03,-1.342055108398199081e-02,7.320322841405868530e-02,3.835437297821044922e-01,5.206506252288818359e-01
