1.000000000000000000e+00,1.818183809518814087e-01,1.740583330392837524e-01,2.039321213960647583e-01,6.958904117345809937e-02,1.483606696128845215e-01,1.663497835397720337e-01,8.734295517206192017e-02,2.535992562770843506e-01,6.582561135292053223e-02,1.815754473209381104e-01,1.676205992698669434e-01,-4.634618759155273438e-02,2.889934182167053223e-01,1.118328236043453217e-02,8.242805302143096924e-02,1.538859903812408447e-01,3.888098895549774170e-02,-4.321483522653579712e-02,-5.812187120318412781e-02,8.493178337812423706e-02,-9.407984465360641479e-02,-1.008960530161857605e-01,1.425566077232360840e-01,7.347571663558483124e-03,-2.781215310096740723e-01,1.238549053668975830e-01,3.175770640373229980e-01,2.844705283641815186e-01,6.657843291759490967e-02,-7.441292051225900650e-03,-8.209058083593845367e-03,1.390943825244903564e-01,5.273198336362838745e-02,9.289398789405822754e-02,1.850442960858345032e-02,2.388224303722381592e-01,-6.695634871721267700e-02,-1.946422830224037170e-02,-9.642891585826873779e-03,3.322558701038360596e-01,1.379097104072570801e-01,-1.284728050231933594e-01,1.125232502818107605e-01,8.292721584439277649e-03,-8.492599427700042725e-02,1.053521335124969482e-01,-3.419093787670135498e-02
1.818183809518814087e-01,9.999998211860656738e-01,4.595263302326202393e-02,3.310011625289916992e-01,3.235688507556915283e-01,4.029086828231811523e-01,2.668586671352386475e-01,2.229927331209182739e-01,2.796528935432434082e-01,2.386123985052108765e-01,2.763732969760894775e-01,2.531222105026245117e-01,-7.681282609701156616e-02,2.265279740095138550e-01,1.309037804603576660e-01,-1.013562008738517761e-01,2.011717557907104492e-01,2.076386064291000366e-01,1.081723794341087341e-01,-9.233709424734115601e-02,1.222522631287574768e-01,9.423837810754776001e-02,-1.411191672086715698e-01,3.005659282207489014e-01,3.022173792123794556e-02,1.159421354532241821e-01,2.232707589864730835e-01,2.868417501449584961e-01,3.713537454605102539e-01,2.194859981536865234e-01,3.301146626472473145e-01,2.455819696187973022e-01,1.665187180042266846e-01,1.747542619705200195e-01,2.113831192255020142e-01,8.180591464042663574e-02,1.300727277994155884e-01,-2.550425566732883453e-02,3.162726014852523804e-02,3.940001130104064941e-02,5.377766489982604980e-01,4.247328341007232666e-01,1.383654624223709106e-01,2.897107601165771484e-01,3.768647909164428711e-01,1.381873041391372681e-01,2.410472631454467773e-01,-1.117006540298461914e-01
1.740583330392837524e-01,4.595263302326202393e-02,9.999995827674865723e-01,4.152234792709350586e-01,-1.715614050626754761e-01,6.225607916712760925e-02,2.237039804458618164e-01,1.208096146583557129e-01,1.618685722351074219e-01,2.942935936152935028e-02,7.740392535924911499e-02,4.687656834721565247e-02,3.698425367474555969e-02,1.090127751231193542e-01,3.993783891201019287e-02,1.697738319635391235e-01,4.109501466155052185e-02,-1.542924717068672180e-02,-1.175732165575027466e-02,-6.077952682971954346e-02,-2.062234096229076385e-02,-1.919369846582412720e-01,-1.801345348358154297e-01,8.405213803052902222e-02,-1.015943735837936401e-01,1.533021181821823120e-01,-1.710410788655281067e-02,4.938199222087860107e-01,3.132102489471435547e-01,1.100637093186378479e-01,3.068677522242069244e-02,-3.302962332963943481e-02,2.741159498691558838e-02,-2.619009232148528099e-03,8.471907116472721100e-03,1.377181895077228546e-02,1.299804002046585083e-01,1.190219670534133911e-01,6.462261080741882324e-02,5.214799311943352222e-04,8.077470213174819946e-02,1.966912858188152313e-02,8.406865410506725311e-03,-6.295067071914672852e-02,1.382129341363906860e-01,-1.774195698089897633e-03,2.353874966502189636e-02,-2.286155521869659424e-01
2.039321213960647583e-01,3.310011625289916992e-01,4.152234792709350586e-01,1.000000238418579102e+00,9.337911754846572876e-02,2.776049971580505371e-01,3.630914986133575439e-01,8.116883784532546997e-02,2.344954162836074829e-01,1.715803742408752441e-01,1.354428082704544067e-01,1.804618537425994873e-01,-3.301717713475227356e-02,1.572421044111251831e-01,1.585012972354888916e-01,8.327678591012954712e-02,1.991510093212127686e-01,1.533555425703525543e-02,1.092520654201507568e-01,-6.209360435605049133e-02,-1.263634581118822098e-02,-1.745090186595916748e-01,-1.253889799118041992e-01,1.899774819612503052e-01,1.196282133460044861e-01,6.586136668920516968e-02,2.785943076014518738e-02,4.330133795738220215e-01,3.274297714233398438e-01,1.917487382888793945e-01,6.644028425216674805e-02,2.973766252398490906e-02,-9.515929222106933594e-02,6.920339912176132202e-02,1.539844870567321777e-01,1.049000546336174011e-01,1.026179790496826172e-01,1.004811748862266541e-01,8.659903705120086670e-02,9.501177817583084106e-02,3.577822148799896240e-01,2.702623605728149414e-01,2.092922851443290710e-02,1.552707552909851074e-01,2.329602390527725220e-01,5.758848041296005249e-02,1.032295152544975281e-01,-1.877620667219161987e-01
6.958904117345809937e-02,3.235688507556915283e-01,-1.715614050626754761e-01,9.337911754846572876e-02,9.999999403953552246e-01,4.300264120101928711e-01,3.319743275642395020e-02,5.482299625873565674e-02,-5.081715807318687439e-02,8.268498629331588745e-02,9.318834543228149414e-02,1.324359923601150513e-01,-1.000210195779800415e-01,1.117313206195831299e-01,-9.354013949632644653e-02,-2.004103511571884155e-01,6.183382496237754822e-02,2.473725974559783936e-01,-5.388952419161796570e-02,-1.574907898902893066e-01,2.846480533480644226e-02,1.212557852268218994e-01,-1.419510692358016968e-01,1.488227210938930511e-02,3.796409070491790771e-02,3.884866088628768921e-02,1.667258441448211670e-01,-4.642591625452041626e-02,1.223830785602331161e-02,-1.073413863778114319e-01,1.971753686666488647e-01,1.489526033401489258e-01,2.589595615863800049e-01,1.345724165439605713e-01,1.414173990488052368e-01,-9.886012971401214600e-02,9.363189339637756348e-02,-2.405501604080200195e-01,-4.818954318761825562e-02,-2.092608958482742310e-01,4.370606839656829834e-01,1.524552851915359497e-01,1.851358637213706970e-02,1.611357182264328003e-02,9.768546372652053833e-02,2.004309371113777161e-02,8.957502432167530060e-03,-7.303298264741897583e-02
1.483606696128845215e-01,4.029086828231811523e-01,6.225607916712760925e-02,2.776049971580505371e-01,4.300264120101928711e-01,1.000000357627868652e+00,3.200972378253936768e-01,9.405257552862167358e-02,1.628668159246444702e-01,2.391560077667236328e-01,6.020234152674674988e-02,1.722638756036758423e-01,5.512790754437446594e-02,1.101220399141311646e-01,4.258547350764274597e-02,3.156285034492611885e-03,2.492753863334655762e-01,4.145658910274505615e-01,1.366271674633026123e-01,9.195885062217712402e-02,1.260667741298675537e-01,8.712776750326156616e-02,-6.011666357517242432e-02,2.627258300781250000e-01,4.786214604973793030e-02,2.027423828840255737e-01,1.207572743296623230e-01,2.710783481597900391e-01,1.629295051097869873e-01,6.062503904104232788e-02,3.605819344520568848e-01,2.798589766025543213e-01,8.027099817991256714e-02,1.496732085943222046e-01,2.224009037017822266e-01,5.067250132560729980e-02,1.221659034490585327e-01,-4.496850073337554932e-02,1.467420905828475952e-01,-2.440360188484191895e-02,4.888282418251037598e-01,2.963117361068725586e-01,2.612979114055633545e-01,2.315398603677749634e-01,2.654051482677459717e-01,2.073365747928619385e-01,2.060589939355850220e-01,-2.320789545774459839e-01
1.663497835397720337e-01,2.668586671352386475e-01,2.237039804458618164e-01,3.630914986133575439e-01,3.319743275642395020e-02,3.200972378253936768e-01,9.999995827674865723e-01,7.327548693865537643e-03,3.633843362331390381e-01,2.389981746673583984e-01,1.662510782480239868e-01,2.112353444099426270e-01,4.237490706145763397e-03,2.347937524318695068e-01,-2.207570010796189308e-03,7.689664512872695923e-02,5.635514259338378906e-01,1.331123858690261841e-01,2.230441421270370483e-01,1.007741168141365051e-01,6.012077257037162781e-02,-1.216645836830139160e-01,-5.109111964702606201e-02,2.355154901742935181e-01,1.196194626390933990e-02,2.533280551433563232e-01,4.298802465200424194e-02,3.373884856700897217e-01,3.649896979331970215e-01,3.976224064826965332e-01,1.377165466547012329e-01,6.933655589818954468e-02,-1.028284132480621338e-01,-1.418723259121179581e-02,1.736777871847152710e-01,1.318620741367340088e-01,1.496854275465011597e-01,2.895612269639968872e-02,9.487769007682800293e-02,1.706232726573944092e-01,2.394914180040359497e-01,3.391509950160980225e-01,1.125551536679267883e-01,2.344449907541275024e-01,2.240173667669296265e-01,1.042741984128952026e-01,1.618763953447341919e-01,-7.164371758699417114e-02
8.734295517206192017e-02,2.229927331209182739e-01,1.208096146583557129e-01,8.116883784532546997e-02,5.482299625873565674e-02,9.405257552862167358e-02,7.327548693865537643e-03,9.999998807907104492e-01,1.584232449531555176e-01,2.645093947649002075e-02,4.801218807697296143e-01,-2.380844205617904663e-03,-9.507313370704650879e-02,1.059119701385498047e-01,7.080229371786117554e-02,-6.431367993354797363e-02,4.026375338435173035e-02,1.129521504044532776e-01,-7.121483981609344482e-02,1.846703514456748962e-02,8.488830924034118652e-02,1.437365114688873291e-01,1.614359766244888306e-02,1.410166770219802856e-01,-4.753519967198371887e-02,3.237987309694290161e-02,-3.636366873979568481e-02,1.783376038074493408e-01,1.616984605789184570e-01,8.651921898126602173e-02,1.640190184116363525e-01,1.096912547945976257e-01,1.355342268943786621e-01,8.189403265714645386e-02,-1.133621856570243835e-01,3.956099972128868103e-03,4.605464637279510498e-02,-2.948783524334430695e-02,-1.649661660194396973e-01,1.917143352329730988e-02,1.590535938739776611e-01,1.758715063333511353e-01,-1.797571592032909393e-02,8.333679288625717163e-02,1.138062700629234314e-01,5.524146929383277893e-02,2.295248359441757202e-01,6.159479264169931412e-03
2.535992562770843506e-01,2.796528935432434082e-01,1.618685722351074219e-01,2.344954162836074829e-01,-5.081715807318687439e-02,1.628668159246444702e-01,3.633843362331390381e-01,1.584232449531555176e-01,1.000000357627868652e+00,2.298531681299209595e-01,3.742324113845825195e-01,2.934689223766326904e-01,-9.864299744367599487e-02,2.765936851501464844e-01,1.192489042878150940e-01,5.002557765692472458e-03,4.517551958560943604e-01,1.359035521745681763e-01,1.218270137906074524e-01,5.907267332077026367e-02,1.032370254397392273e-01,-5.819059163331985474e-02,-2.767230756580829620e-02,2.540923058986663818e-01,4.820018261671066284e-02,2.672828920185565948e-02,1.661182194948196411e-01,2.996838986873626709e-01,3.986356258392333984e-01,3.178561329841613770e-01,1.240971460938453674e-01,3.046260960400104523e-02,-8.908347040414810181e-02,6.511430442333221436e-02,2.130321115255355835e-01,1.544965654611587524e-01,6.319177895784378052e-02,1.159077044576406479e-02,1.472557242959737778e-02,1.273466348648071289e-01,2.369760721921920776e-01,4.155145287513732910e-01,-1.353933662176132202e-02,3.757554888725280762e-01,1.902681440114974976e-01,6.713616102933883667e-02,1.800790131092071533e-01,3.001410514116287231e-02
6.582561135292053223e-02,2.386123985052108765e-01,2.942935936152935028e-02,1.715803742408752441e-01,8.268498629331588745e-02,2.391560077667236328e-01,2.389981746673583984e-01,2.645093947649002075e-02,2.298531681299209595e-01,1.000000238418579102e+00,1.324733793735504150e-01,5.917914509773254395e-01,3.593026995658874512e-01,2.284168750047683716e-01,3.523061275482177734e-01,2.966114878654479980e-02,2.344939559698104858e-01,2.222152352333068848e-01,4.802090302109718323e-02,8.007566630840301514e-02,3.347479701042175293e-01,1.943393349647521973e-01,-8.340759575366973877e-02,1.459589749574661255e-01,1.083563789725303650e-01,1.866877526044845581e-01,1.615792661905288696e-01,1.148424744606018066e-01,2.108413130044937134e-01,1.068293228745460510e-01,2.042976319789886475e-01,3.031580448150634766e-01,-9.102985262870788574e-02,9.025667607784271240e-02,2.023295611143112183e-01,2.658833749592304230e-02,1.249158307909965515e-01,8.015028387308120728e-02,2.077260166406631470e-01,2.591144992038607597e-03,1.890292763710021973e-01,4.650709331035614014e-01,3.718184232711791992e-01,2.923330068588256836e-01,4.414872527122497559e-01,5.839777588844299316e-01,1.912245750427246094e-01,-6.968893855810165405e-02
1.815754473209381104e-01,2.763732969760894775e-01,7.740392535924911499e-02,1.354428082704544067e-01,9.318834543228149414e-02,6.020234152674674988e-02,1.662510782480239868e-01,4.801218807697296143e-01,3.742324113845825195e-01,1.324733793735504150e-01,9.999999403953552246e-01,2.578480541706085205e-01,-9.791401773691177368e-02,3.031900227069854736e-01,7.006913423538208008e-02,-4.860759153962135315e-02,2.408933490514755249e-01,1.022148579359054565e-01,-1.340938657522201538e-01,-1.396971046924591064e-01,1.079258322715759277e-01,1.055525615811347961e-01,-5.413760989904403687e-02,1.127068698406219482e-01,-3.431891277432441711e-02,-2.828050218522548676e-02,3.954774886369705200e-02,2.028699070215225220e-01,3.673097193241119385e-01,2.135209143161773682e-01,1.741752028465270996e-01,6.845370680093765259e-02,2.393713034689426422e-02,1.429118812084197998e-01,1.319196522235870361e-01,6.770854443311691284e-02,9.896976500749588013e-02,-8.915565162897109985e-02,-1.489131003618240356e-01,9.276578202843666077e-04,2.656503915786743164e-01,3.315977752208709717e-01,-9.438084065914154053e-02,1.593318283557891846e-01,1.902627944946289062e-01,5.161736533045768738e-02,1.248685792088508606e-01,1.198555529117584229e-01
1.676205992698669434e-01,2.531222105026245117e-01,4.687656834721565247e-02,1.804618537425994873e-01,1.324359923601150513e-01,1.722638756036758423e-01,2.112353444099426270e-01,-2.380844205617904663e-03,2.934689223766326904e-01,5.917914509773254395e-01,2.578480541706085205e-01,9.999999403953552246e-01,2.886918783187866211e-01,3.360910415649414062e-01,3.203824460506439209e-01,1.785461045801639557e-02,2.043893039226531982e-01,1.768588721752166748e-01,-8.027124404907226562e-02,-5.849635601043701172e-02,3.291057646274566650e-01,1.942930668592453003e-01,-1.644560992717742920e-01,8.871892094612121582e-02,3.494279459118843079e-02,9.693221002817153931e-02,2.210313081741333008e-01,1.090431213378906250e-01,3.122295141220092773e-01,1.080648973584175110e-01,1.955399364233016968e-01,2.596687674522399902e-01,-1.096892543137073517e-02,1.731497943401336670e-01,2.617563009262084961e-01,1.267512515187263489e-02,1.923770457506179810e-01,-2.969570085406303406e-02,1.275360435247421265e-01,-7.024749368429183960e-02,2.567309737205505371e-01,3.991722762584686279e-01,2.012773752212524414e-01,2.131029069423675537e-01,3.377107679843902588e-01,3.705110549926757812e-01,7.787825912237167358e-02,-1.209249906241893768e-02
-4.634618759155273438e-02,-7.681282609701156616e-02,3.698425367474555969e-02,-3.301717713475227356e-02,-1.000210195779800415e-01,5.512790754437446594e-02,4.237490706145763397e-03,-9.507313370704650879e-02,-9.864299744367599487e-02,3.593026995658874512e-01,-9.791401773691177368e-02,2.886918783187866211e-01,1.000000238418579102e+00,2.057308098301291466e-03,2.012012302875518799e-01,3.284522891044616699e-01,-8.989326655864715576e-03,1.329300850629806519e-01,2.162133529782295227e-02,2.806766629219055176e-01,3.761930465698242188e-01,2.749847471714019775e-01,1.815595030784606934e-01,1.906521245837211609e-02,-1.051966473460197449e-01,1.056888028979301453e-01,7.911825180053710938e-02,4.492063447833061218e-02,-1.954056136310100555e-02,-4.795410856604576111e-02,6.496174633502960205e-02,2.607014179229736328e-01,-4.925684630870819092e-02,-3.213362395763397217e-02,9.500685334205627441e-02,8.047506958246231079e-02,3.134260326623916626e-02,9.595519304275512695e-02,3.082445561885833740e-01,7.215987890958786011e-02,-1.785651780664920807e-02,2.651569200679659843e-03,2.533338069915771484e-01,-1.113766059279441833e-01,1.612080633640289307e-01,3.104142546653747559e-01,1.058995276689529419e-01,6.586045771837234497e-02
2.889934182167053223e-01,2.265279740095138550e-01,1.090127751231193542e-01,1.572421044111251831e-01,1.117313206195831299e-01,1.101220399141311646e-01,2.347937524318695068e-01,1.059119701385498047e-01,2.765936851501464844e-01,2.284168750047683716e-01,3.031900227069854736e-01,3.360910415649414062e-01,2.057308098301291466e-03,9.999998807907104492e-01,1.645135730504989624e-01,-3.156021237373352051e-02,2.049687057733535767e-01,1.080236136913299561e-01,-1.643962971866130829e-02,-1.531335562467575073e-01,1.373986750841140747e-01,-1.917180605232715607e-02,-1.890675872564315796e-01,2.145561873912811279e-01,-2.846598997712135315e-02,-2.727783098816871643e-02,1.986535638570785522e-01,2.056746035814285278e-01,3.116677105426788330e-01,1.678781956434249878e-01,1.561442464590072632e-01,8.236232399940490723e-02,9.306658804416656494e-02,2.490448951721191406e-01,2.076181471347808838e-01,5.014240741729736328e-02,6.132954955101013184e-01,5.027794465422630310e-02,-4.791141487658023834e-03,-2.398817613720893860e-02,2.191244959831237793e-01,2.975135445594787598e-01,-2.049215510487556458e-02,1.979957520961761475e-01,1.240145266056060791e-01,6.595160067081451416e-02,1.188343837857246399e-01,-2.869960665702819824e-02
1.118328236043453217e-02,1.309037804603576660e-01,3.993783891201019287e-02,1.585012972354888916e-01,-9.354013949632644653e-02,4.258547350764274597e-02,-2.207570010796189308e-03,7.080229371786117554e-02,1.192489042878150940e-01,3.523061275482177734e-01,7.006913423538208008e-02,3.203824460506439209e-01,2.012012302875518799e-01,1.645135730504989624e-01,1.000000238418579102e+00,2.011481970548629761e-01,-5.852522328495979309e-02,-1.071524769067764282e-01,7.558182626962661743e-02,-3.232974931597709656e-02,1.743413694202899933e-02,-3.579049184918403625e-02,-5.444351956248283386e-02,1.524743437767028809e-01,-1.142605952918529510e-02,1.332478225231170654e-01,-4.406992718577384949e-02,7.135278731584548950e-02,8.821666985750198364e-02,6.637109816074371338e-02,-5.170968919992446899e-02,1.074413955211639404e-01,-1.965755820274353027e-01,8.314863592386245728e-02,1.456433981657028198e-01,1.862758696079254150e-01,1.190251633524894714e-01,4.367704391479492188e-01,1.450853943824768066e-01,7.805144041776657104e-02,3.806540369987487793e-02,2.904734313488006592e-01,1.602827310562133789e-01,1.978081315755844116e-01,1.792768985033035278e-01,2.974419295787811279e-01,1.254921555519104004e-01,-5.352731794118881226e-02
8.242805302143096924e-02,-1.013562008738517761e-01,1.697738319635391235e-01,8.327678591012954712e-02,-2.004103511571884155e-01,3.156285034492611885e-03,7.689664512872695923e-02,-6.431367993354797363e-02,5.002557765692472458e-03,2.966114878654479980e-02,-4.860759153962135315e-02,1.785461045801639557e-02,3.284522891044616699e-01,-3.156021237373352051e-02,2.011481970548629761e-01,1.000000238418579102e+00,-7.211080286651849747e-03,-1.560729444026947021e-01,1.458487510681152344e-01,7.644382864236831665e-02,-1.218461096286773682e-01,-1.788893640041351318e-01,9.913734346628189087e-02,1.148047074675559998e-01,-1.111951470375061035e-01,5.663257837295532227e-02,-1.864821463823318481e-02,1.747310310602188110e-01,8.811247348785400391e-02,6.943888962268829346e-02,-1.285516321659088135e-01,-3.910909965634346008e-02,-1.344214826822280884e-01,2.547431364655494690e-02,2.308473289012908936e-01,2.427351921796798706e-01,1.511808298528194427e-02,1.759617775678634644e-01,4.853360652923583984e-01,1.168921738862991333e-01,-2.111850306391716003e-02,2.052658237516880035e-02,2.447391673922538757e-02,-7.756900787353515625e-02,7.004331797361373901e-02,4.308922216296195984e-02,1.099184751510620117e-01,-3.503948450088500977e-02
1.538859903812408447e-01,2.011717557907104492e-01,4.109501466155052185e-02,1.991510093212127686e-01,6.183382496237754822e-02,2.492753863334655762e-01,5.635514259338378906e-01,4.026375338435173035e-02,4.517551958560943604e-01,2.344939559698104858e-01,2.408933490514755249e-01,2.043893039226531982e-01,-8.989326655864715576e-03,2.049687057733535767e-01,-5.852522328495979309e-02,-7.211080286651849747e-03,1.000000238418579102e+00,2.760736644268035889e-01,3.033713996410369873e-01,2.533870935440063477e-01,2.229733318090438843e-01,4.544735699892044067e-02,1.630833894014358521e-01,2.718015611171722412e-01,4.371268674731254578e-02,1.233256906270980835e-01,7.612223923206329346e-02,1.886109858751296997e-01,2.393145710229873657e-01,3.635419905185699463e-01,1.266630440950393677e-01,9.789011627435684204e-02,-1.283921599388122559e-01,-2.960315905511379242e-03,1.695741266012191772e-01,1.617252677679061890e-01,6.194491684436798096e-02,-9.355246275663375854e-02,-2.013013465330004692e-03,2.017400264739990234e-01,2.244297266006469727e-01,3.662432730197906494e-01,3.396970778703689575e-02,2.764159739017486572e-01,1.716294884681701660e-01,7.493313401937484741e-02,2.301604747772216797e-01,9.570613503456115723e-02
3.888098895549774170e-02,2.076386064291000366e-01,-1.542924717068672180e-02,1.533555425703525543e-02,2.473725974559783936e-01,4.145658910274505615e-01,1.331123858690261841e-01,1.129521504044532776e-01,1.359035521745681763e-01,2.222152352333068848e-01,1.022148579359054565e-01,1.768588721752166748e-01,1.329300850629806519e-01,1.080236136913299561e-01,-1.071524769067764282e-01,-1.560729444026947021e-01,2.760736644268035889e-01,1.000000238418579102e+00,3.988878452219069004e-04,1.966240555047988892e-01,4.110321700572967529e-01,4.221965968608856201e-01,1.093523390591144562e-02,1.761602759361267090e-01,4.319007322192192078e-02,1.121741905808448792e-01,1.895125955343246460e-01,1.172797605395317078e-01,1.009099707007408142e-01,3.666501119732856750e-02,5.514698624610900879e-01,4.103800952434539795e-01,8.899669349193572998e-02,1.133078411221504211e-01,1.502522379159927368e-01,-1.834119297564029694e-02,6.062383949756622314e-02,-1.726609915494918823e-01,2.495649270713329315e-02,-7.035104185342788696e-02,2.656539678573608398e-01,1.854169517755508423e-01,2.944097220897674561e-01,1.639005839824676514e-01,2.831068038940429688e-01,2.738699913024902344e-01,1.961873918771743774e-01,-1.584003865718841553e-01
-4.321483522653579712e-02,1.081723794341087341e-01,-1.175732165575027466e-02,1.092520654201507568e-01,-5.388952419161796570e-02,1.366271674633026123e-01,2.230441421270370483e-01,-7.121483981609344482e-02,1.218270137906074524e-01,4.802090302109718323e-02,-1.340938657522201538e-01,-8.027124404907226562e-02,2.162133529782295227e-02,-1.643962971866130829e-02,7.558182626962661743e-02,1.458487510681152344e-01,3.033713996410369873e-01,3.988878452219069004e-04,1.000000357627868652e+00,3.831191658973693848e-01,-1.498662028461694717e-02,-4.870226234197616577e-02,3.022066652774810791e-01,2.902738153934478760e-01,4.670991376042366028e-02,1.617604941129684448e-01,4.654031991958618164e-02,9.135250002145767212e-02,-1.165269222110509872e-02,2.925699055194854736e-01,3.359189257025718689e-03,8.398101478815078735e-02,-1.075648963451385498e-01,3.407116606831550598e-02,1.517568975687026978e-01,2.744483351707458496e-01,-7.788776420056819916e-03,3.529950603842735291e-02,1.857579052448272705e-01,3.218610286712646484e-01,8.670718967914581299e-02,1.188039258122444153e-01,1.631915569305419922e-01,1.501737982034683228e-01,3.414915874600410461e-02,2.462102659046649933e-02,2.829473316669464111e-01,1.246951743960380554e-01
-5.812187120318412781e-02,-9.233709424734115601e-02,-6.077952682971954346e-02,-6.209360435605049133e-02,-1.574907898902893066e-01,9.195885062217712402e-02,1.007741168141365051e-01,1.846703514456748962e-02,5.907267332077026367e-02,8.007566630840301514e-02,-1.396971046924591064e-01,-5.849635601043701172e-02,2.806766629219055176e-01,-1.531335562467575073e-01,-3.232974931597709656e-02,7.644382864236831665e-02,2.533870935440063477e-01,1.966240555047988892e-01,3.831191658973693848e-01,1.000000238418579102e+00,3.737139701843261719e-01,2.912969589233398438e-01,5.166884660720825195e-01,2.250167876482009888e-01,1.384439598768949509e-02,5.875528976321220398e-02,3.192293271422386169e-02,4.818164929747581482e-02,-1.367227733135223389e-01,1.265100538730621338e-01,3.292065858840942383e-02,1.606332510709762573e-01,-1.453140527009963989e-01,-9.033503383398056030e-02,-8.532620035111904144e-03,1.954216361045837402e-01,-1.079202666878700256e-01,2.253489755094051361e-02,9.619765728712081909e-02,3.380531966686248779e-01,-5.125243961811065674e-02,-9.193669259548187256e-02,1.693438738584518433e-01,-2.067345008254051208e-02,-7.674172054976224899e-03,9.897723793983459473e-02,2.663739025592803955e-01,2.257346957921981812e-01
8.493178337812423706e-02,1.222522631287574768e-01,-2.062234096229076385e-02,-1.263634581118822098e-02,2.846480533480644226e-02,1.260667741298675537e-01,6.012077257037162781e-02,8.488830924034118652e-02,1.032370254397392273e-01,3.347479701042175293e-01,1.079258322715759277e-01,3.291057646274566650e-01,3.761930465698242188e-01,1.373986750841140747e-01,1.743413694202899933e-02,-1.218461096286773682e-01,2.229733318090438843e-01,4.110321700572967529e-01,-1.498662028461694717e-02,3.737139701843261719e-01,9.999995827674865723e-01,5.371337532997131348e-01,2.284306585788726807e-01,1.902349144220352173e-01,-1.162201631814241409e-02,2.517328225076198578e-02,1.594952344894409180e-01,8.137835562229156494e-02,5.793641135096549988e-02,-1.199707295745611191e-02,2.475690692663192749e-01,3.283203840255737305e-01,7.748196832835674286e-03,-1.799695193767547607e-02,2.616609819233417511e-02,2.668450400233268738e-02,9.194307029247283936e-02,-1.075509116053581238e-01,-1.944579742848873138e-02,1.224927306175231934e-01,1.560497581958770752e-01,9.568623453378677368e-02,1.714117079973220825e-01,1.443960797041654587e-02,2.164088636636734009e-01,2.406608015298843384e-01,2.198614627122879028e-01,1.426678299903869629e-01
-9.407984465360641479e-02,9.423837810754776001e-02,-1.919369846582412720e-01,-1.745090186595916748e-01,1.212557852268218994e-01,8.712776750326156616e-02,-1.216645836830139160e-01,1.437365114688873291e-01,-5.819059163331985474e-02,1.943393349647521973e-01,1.055525615811347961e-01,1.942930668592453003e-01,2.749847471714019775e-01,-1.917180605232715607e-02,-3.579049184918403625e-02,-1.788893640041351318e-01,4.544735699892044067e-02,4.221965968608856201e-01,-4.870226234197616577e-02,2.912969589233398438e-01,5.371337532997131348e-01,1.000000000000000000e+00,2.929261624813079834e-01,6.073338910937309265e-02,8.399700745940208435e-03,4.901753272861242294e-03,9.937070310115814209e-02,-9.012569487094879150e-02,-6.749649345874786377e-02,-1.143438294529914856e-01,3.362202048301696777e-01,4.448289573192596436e-01,4.307057708501815796e-02,2.351103536784648895e-02,-3.714781254529953003e-02,-4.330636560916900635e-02,-3.322764858603477478e-02,-1.762646585702896118e-01,-4.022818990051746368e-03,-1.584940776228904724e-02,9.581300616264343262e-02,2.633043378591537476e-02,1.950964927673339844e-01,-4.940211772918701172e-02,1.778413057327270508e-01,2.277320623397827148e-01,1.812111437320709229e-01,2.918856739997863770e-01
-1.008960530161857605e-01,-1.411191672086715698e-01,-1.801345348358154297e-01,-1.253889799118041992e-01,-1.419510692358016968e-01,-6.011666357517242432e-02,-5.109111964702606201e-02,1.614359766244888306e-02,-2.767230756580829620e-02,-8.340759575366973877e-02,-5.413760989904403687e-02,-1.644560992717742920e-01,1.815595030784606934e-01,-1.890675872564315796e-01,-5.444351956248283386e-02,9.913734346628189087e-02,1.630833894014358521e-01,1.093523390591144562e-02,3.022066652774810791e-01,5.166884660720825195e-01,2.284306585788726807e-01,2.929261624813079834e-01,9.999998807907104492e-01,2.334997951984405518e-01,-3.710921481251716614e-02,-1.077287867665290833e-01,-4.019566625356674194e-02,-4.225892201066017151e-02,-2.097492069005966187e-01,-1.159828994423151016e-02,-9.347592294216156006e-02,1.149290278553962708e-01,-1.941201239824295044e-01,-1.126416772603988647e-01,-4.440149664878845215e-02,2.728906273841857910e-01,-1.621986478567123413e-01,-6.667994894087314606e-03,6.040998548269271851e-02,3.751204013824462891e-01,-1.042742356657981873e-01,-1.433775424957275391e-01,-7.548958063125610352e-02,-8.500459045171737671e-02,-1.239366829395294189e-01,-1.039380729198455811e-01,2.730814516544342041e-01,5.004348754882812500e-01
1.425566077232360840e-01,3.005659282207489014e-01,8.405213803052902222e-02,1.899774819612503052e-01,1.488227210938930511e-02,2.627258300781250000e-01,2.355154901742935181e-01,1.410166770219802856e-01,2.540923058986663818e-01,1.459589749574661255e-01,1.127068698406219482e-01,8.871892094612121582e-02,1.906521245837211609e-02,2.145561873912811279e-01,1.524743437767028809e-01,1.148047074675559998e-01,2.718015611171722412e-01,1.761602759361267090e-01,2.902738153934478760e-01,2.250167876482009888e-01,1.902349144220352173e-01,6.073338910937309265e-02,2.334997951984405518e-01,9.999998211860656738e-01,2.118997275829315186e-02,1.742694079875946045e-01,1.409672051668167114e-01,3.305808305740356445e-01,2.580486834049224854e-01,2.633558511734008789e-01,2.569645047187805176e-01,2.797114551067352295e-01,-1.117581352591514587e-01,6.305212527513504028e-02,1.935500204563140869e-01,5.136365294456481934e-01,1.411223560571670532e-01,1.227463334798812866e-01,2.179425805807113647e-01,4.418602287769317627e-01,2.571654021739959717e-01,2.864409387111663818e-01,1.438004225492477417e-01,2.346627265214920044e-01,1.736772358417510986e-01,1.139780059456825256e-01,5.764474868774414062e-01,4.313303157687187195e-02
7.347571663558483124e-03,3.022173792123794556e-02,-1.015943735837936401e-01,1.196282133460044861e-01,3.796409070491790771e-02,4.786214604973793030e-02,1.196194626390933990e-02,-4.753519967198371887e-02,4.820018261671066284e-02,1.083563789725303650e-01,-3.431891277432441711e-02,3.494279459118843079e-02,-1.051966473460197449e-01,-2.846598997712135315e-02,-1.142605952918529510e-02,-1.111951470375061035e-01,4.371268674731254578e-02,4.319007322192192078e-02,4.670991376042366028e-02,1.384439598768949509e-02,-1.162201631814241409e-02,8.399700745940208435e-03,-3.710921481251716614e-02,2.118997275829315186e-02,9.999998807907104492e-01,2.694454602897167206e-02,2.891355380415916443e-02,-7.415799424052238464e-03,-1.477863732725381851e-02,-1.716404035687446594e-02,1.138034462928771973e-02,-2.759213373064994812e-02,-4.539189860224723816e-02,2.017011865973472595e-02,-3.417304530739784241e-02,-3.421864286065101624e-02,-9.030393511056900024e-02,-9.892615675926208496e-02,1.591973006725311279e-02,-2.851563133299350739e-02,5.028827860951423645e-02,1.287897974252700806e-01,4.288563877344131470e-02,1.094462126493453979e-01,5.121650546789169312e-02,1.199620664119720459e-01,2.335121855139732361e-02,-9.287836402654647827e-02
-2.781215310096740723e-01,1.159421354532241821e-01,1.533021181821823120e-01,6.586136668920516968e-02,3.884866088628768921e-02,2.027423828840255737e-01,2.533280551433563232e-01,3.237987309694290161e-02,2.672828920185565948e-02,1.866877526044845581e-01,-2.828050218522548676e-02,9.693221002817153931e-02,1.056888028979301453e-01,-2.727783098816871643e-02,1.332478225231170654e-01,5.663257837295532227e-02,1.233256906270980835e-01,1.121741905808448792e-01,1.617604941129684448e-01,5.875528976321220398e-02,2.517328225076198578e-02,4.901753272861242294e-03,-1.077287867665290833e-01,1.742694079875946045e-01,2.694454602897167206e-02,1.000000000000000000e+00,-2.401805669069290161e-02,1.536097228527069092e-01,1.847466677427291870e-01,2.552551031112670898e-01,1.698782145977020264e-01,1.687375307083129883e-01,-7.472170889377593994e-02,3.219912946224212646e-02,7.944781333208084106e-02,1.752505898475646973e-01,-1.702161505818367004e-02,1.312966942787170410e-01,1.941830962896347046e-01,1.138642057776451111e-01,7.830585539340972900e-02,1.714737117290496826e-01,2.621215283870697021e-01,6.810050457715988159e-02,2.210684567689895630e-01,2.425207793712615967e-01,1.561361402273178101e-01,-1.953564286231994629e-01
1.238549053668975830e-01,2.232707589864730835e-01,-1.710410788655281067e-02,2.785943076014518738e-02,1.667258441448211670e-01,1.207572743296623230e-01,4.298802465200424194e-02,-3.636366873979568481e-02,1.661182194948196411e-01,1.615792661905288696e-01,3.954774886369705200e-02,2.210313081741333008e-01,7.911825180053710938e-02,1.986535638570785522e-01,-4.406992718577384949e-02,-1.864821463823318481e-02,7.612223923206329346e-02,1.895125955343246460e-01,4.654031991958618164e-02,3.192293271422386169e-02,1.594952344894409180e-01,9.937070310115814209e-02,-4.019566625356674194e-02,1.409672051668167114e-01,2.891355380415916443e-02,-2.401805669069290161e-02,9.999998807907104492e-01,1.293496489524841309e-01,2.044245749711990356e-01,1.203764528036117554e-01,2.097717672586441040e-01,1.348203867673873901e-01,3.939716517925262451e-01,1.519705206155776978e-01,2.140831202268600464e-01,1.257744524627923965e-02,1.286753565073013306e-01,-6.693516671657562256e-02,1.035424917936325073e-01,-6.323147565126419067e-02,2.246871590614318848e-01,1.234529465436935425e-01,5.110964179039001465e-02,4.268677905201911926e-02,1.569210737943649292e-01,2.407768182456493378e-02,1.162246093153953552e-01,-2.616844512522220612e-02
3.175770640373229980e-01,2.868417501449584961e-01,4.938199222087860107e-01,4.330133795738220215e-01,-4.642591625452041626e-02,2.710783481597900391e-01,3.373884856700897217e-01,1.783376038074493408e-01,2.996838986873626709e-01,1.148424744606018066e-01,2.028699070215225220e-01,1.090431213378906250e-01,4.492063447833061218e-02,2.056746035814285278e-01,7.135278731584548950e-02,1.747310310602188110e-01,1.886109858751296997e-01,1.172797605395317078e-01,9.135250002145767212e-02,4.818164929747581482e-02,8.137835562229156494e-02,-9.012569487094879150e-02,-4.225892201066017151e-02,3.305808305740356445e-01,-7.415799424052238464e-03,1.536097228527069092e-01,1.293496489524841309e-01,1.000000000000000000e+00,5.384034514427185059e-01,2.573786973953247070e-01,1.973711103200912476e-01,9.120798110961914062e-02,-1.003412762656807899e-03,5.749628692865371704e-02,2.153216600418090820e-01,1.837215423583984375e-01,1.412410587072372437e-01,1.043497398495674133e-01,1.885292530059814453e-01,1.175874248147010803e-01,3.467524051666259766e-01,1.925715953111648560e-01,1.187746524810791016e-01,1.088028624653816223e-01,2.472294569015502930e-01,7.138961553573608398e-02,2.573499381542205811e-01,-1.493572592735290527e-01
2.844705283641815186e-01,3.713537454605102539e-01,3.132102489471435547e-01,3.274297714233398438e-01,1.223830785602331161e-02,1.629295051097869873e-01,3.649896979331970215e-01,1.616984605789184570e-01,3.986356258392333984e-01,2.108413130044937134e-01,3.673097193241119385e-01,3.122295141220092773e-01,-1.954056136310100555e-02,3.116677105426788330e-01,8.821666985750198364e-02,8.811247348785400391e-02,2.393145710229873657e-01,1.009099707007408142e-01,-1.165269222110509872e-02,-1.367227733135223389e-01,5.793641135096549988e-02,-6.749649345874786377e-02,-2.097492069005966187e-01,2.580486834049224854e-01,-1.477863732725381851e-02,1.847466677427291870e-01,2.044245749711990356e-01,5.384034514427185059e-01,1.000000238418579102e+00,4.371197223663330078e-01,2.567608356475830078e-01,1.155539751052856445e-01,2.226690389215946198e-02,2.123048603534698486e-01,3.395228385925292969e-01,2.031779140233993530e-01,1.503312140703201294e-01,2.005816437304019928e-02,1.471162587404251099e-01,8.575610816478729248e-02,3.681252598762512207e-01,3.908079266548156738e-01,8.235874772071838379e-02,2.265118658542633057e-01,3.321909308433532715e-01,1.182279810309410095e-01,1.827062517404556274e-01,-1.083137094974517822e-01
6.657843291759490967e-02,2.194859981536865234e-01,1.100637093186378479e-01,1.917487382888793945e-01,-1.073413863778114319e-01,6.062503904104232788e-02,3.976224064826965332e-01,8.651921898126602173e-02,3.178561329841613770e-01,1.068293228745460510e-01,2.135209143161773682e-01,1.080648973584175110e-01,-4.795410856604576111e-02,1.678781956434249878e-01,6.637109816074371338e-02,6.943888962268829346e-02,3.635419905185699463e-01,3.666501119732856750e-02,2.925699055194854736e-01,1.265100538730621338e-01,-1.199707295745611191e-02,-1.143438294529914856e-01,-1.159828994423151016e-02,2.633558511734008789e-01,-1.716404035687446594e-02,2.552551031112670898e-01,1.203764528036117554e-01,2.573786973953247070e-01,4.371197223663330078e-01,9.999998211860656738e-01,1.904435902833938599e-01,6.029095500707626343e-02,-6.064525246620178223e-02,1.199238523840904236e-01,1.799806952476501465e-01,3.486957252025604248e-01,7.988952100276947021e-02,1.199444681406021118e-01,9.902559965848922729e-02,2.718115448951721191e-01,1.493871212005615234e-01,2.930789589881896973e-01,7.974178344011306763e-02,1.861144751310348511e-01,2.291309684514999390e-01,9.722791612148284912e-02,2.482868731021881104e-01,2.331566624343395233e-02
-7.441292051225900650e-03,3.301146626472473145e-01,3.068677522242069244e-02,6.644028425216674805e-02,1.971753686666488647e-01,3.605819344520568848e-01,1.377165466547012329e-01,1.640190184116363525e-01,1.240971460938453674e-01,2.042976319789886475e-01,1.741752028465270996e-01,1.955399364233016968e-01,6.496174633502960205e-02,1.561442464590072632e-01,-5.170968919992446899e-02,-1.285516321659088135e-01,1.266630440950393677e-01,5.514698624610900879e-01,3.359189257025718689e-03,3.292065858840942383e-02,2.475690692663192749e-01,3.362202048301696777e-01,-9.347592294216156006e-02,2.569645047187805176e-01,1.138034462928771973e-02,1.698782145977020264e-01,2.097717672586441040e-01,1.973711103200912476e-01,2.567608356475830078e-01,1.904435902833938599e-01,9.999998807907104492e-01,4.796952307224273682e-01,1.254051178693771362e-01,2.277702391147613525e-01,1.861771643161773682e-01,6.652931869029998779e-02,1.296750754117965698e-01,-9.548939019441604614e-02,8.291671425104141235e-02,-2.804416231811046600e-02,2.986638545989990234e-01,2.520566582679748535e-01,3.570173680782318115e-01,2.044568359851837158e-01,4.037406444549560547e-01,3.177390396595001221e-01,2.905385494232177734e-01,-1.927494257688522339e-01
-8.209058083593845367e-03,2.455819696187973022e-01,-3.302962332963943481e-02,2.973766252398490906e-02,1.489526033401489258e-01,2.798589766025543213e-01,6.933655589818954468e-02,1.096912547945976257e-01,3.046260960400104523e-02,3.031580448150634766e-01,6.845370680093765259e-02,2.596687674522399902e-01,2.607014179229736328e-01,8.236232399940490723e-02,1.074413955211639404e-01,-3.910909965634346008e-02,9.789011627435684204e-02,4.103800952434539795e-01,8.398101478815078735e-02,1.606332510709762573e-01,3.283203840255737305e-01,4.448289573192596436e-01,1.149290278553962708e-01,2.797114551067352295e-01,-2.759213373064994812e-02,1.687375307083129883e-01,1.348203867673873901e-01,9.120798110961914062e-02,1.155539751052856445e-01,6.029095500707626343e-02,4.796952307224273682e-01,1.000000000000000000e+00,8.346102200448513031e-03,6.894814968109130859e-02,9.803578257560729980e-02,1.224357262253761292e-01,6.519731134176254272e-02,-3.059067018330097198e-02,1.642403155565261841e-01,7.105693966150283813e-02,2.201334983110427856e-01,2.199260890483856201e-01,3.381684720516204834e-01,1.250434368848800659e-01,3.022927939891815186e-01,3.328082859516143799e-01,3.609048724174499512e-01,4.122364893555641174e-02
1.390943825244903564e-01,1.665187180042266846e-01,2.741159498691558838e-02,-9.515929222106933594e-02,2.589595615863800049e-01,8.027099817991256714e-02,-1.028284132480621338e-01,1.355342268943786621e-01,-8.908347040414810181e-02,-9.102985262870788574e-02,2.393713034689426422e-02,-1.096892543137073517e-02,-4.925684630870819092e-02,9.306658804416656494e-02,-1.965755820274353027e-01,-1.344214826822280884e-01,-1.283921599388122559e-01,8.899669349193572998e-02,-1.075648963451385498e-01,-1.453140527009963989e-01,7.748196832835674286e-03,4.307057708501815796e-02,-1.941201239824295044e-01,-1.117581352591514587e-01,-4.539189860224723816e-02,-7.472170889377593994e-02,3.939716517925262451e-01,-1.003412762656807899e-03,2.226690389215946198e-02,-6.064525246620178223e-02,1.254051178693771362e-01,8.346102200448513031e-03,1.000000238418579102e+00,4.986558854579925537e-02,-1.132257729768753052e-01,-2.620994150638580322e-01,1.511487662792205811e-01,-1.654130518436431885e-01,-1.656002700328826904e-01,-2.725232243537902832e-01,1.787008494138717651e-01,-8.456766605377197266e-02,-6.394942849874496460e-02,-1.596126407384872437e-01,-1.772332377731800079e-02,-1.443494558334350586e-01,-3.806206211447715759e-02,-1.064965948462486267e-01
