9.999998211860656738e-01,7.698704600334167480e-01,5.911877155303955078e-01,5.337088704109191895e-01,6.023800969123840332e-01,6.679062843322753906e-01,5.315960645675659180e-01,4.874683916568756104e-01,5.617490410804748535e-01,3.981891870498657227e-01,3.794477283954620361e-01,6.196532845497131348e-01,4.394163489341735840e-01,5.312067866325378418e-01,4.989950656890869141e-01,6.321639418601989746e-01,5.200688838958740234e-01,3.297986686229705811e-01,2.032970935106277466e-01,2.552329301834106445e-01,2.786029279232025146e-01
7.698704600334167480e-01,1.000000000000000000e+00,3.180307149887084961e-01,3.824069499969482422e-01,4.001099467277526855e-01,6.175690889358520508e-01,5.105050206184387207e-01,4.559864103794097900e-01,4.816965758800506592e-01,4.293536841869354248e-01,3.937533497810363770e-01,2.750082015991210938e-01,1.922112554311752319e-01,2.264586687088012695e-01,2.616364359855651855e-01,4.023390114307403564e-01,2.990909516811370850e-01,2.218360155820846558e-01,3.603782877326011658e-02,1.329932063817977905e-01,1.729224473237991333e-01
5.911877155303955078e-01,3.180307149887084961e-01,1.000000000000000000e+00,5.287702679634094238e-01,5.681048035621643066e-01,3.841924369335174561e-01,2.645999491214752197e-01,2.667097747325897217e-01,1.846254169940948486e-01,6.476671993732452393e-02,1.633295118808746338e-01,5.179572701454162598e-01,3.326371014118194580e-01,7.968032360076904297e-01,5.200350880622863770e-01,6.396374702453613281e-01,4.147659242153167725e-01,3.022189438343048096e-01,9.731211513280868530e-02,1.334061473608016968e-01,1.338723450899124146e-01
5.337088704109191895e-01,3.824069499969482422e-01,5.287702679634094238e-01,1.000000357627868652e+00,5.026441812515258789e-01,5.959253311157226562e-01,4.557736814022064209e-01,3.656624257564544678e-01,3.745817244052886963e-01,1.628202348947525024e-01,1.724354773759841919e-01,4.965735971927642822e-01,3.763685822486877441e-01,5.297348499298095703e-01,7.751293182373046875e-01,5.151695013046264648e-01,5.335009694099426270e-01,4.228207468986511230e-01,3.031198978424072266e-01,2.867458164691925049e-01,1.177871599793434143e-01
6.023800969123840332e-01,4.001099467277526855e-01,5.681048035621643066e-01,5.026441812515258789e-01,9.999994635581970215e-01,5.292081236839294434e-01,5.267194509506225586e-01,1.656980067491531372e-01,1.473953723907470703e-01,1.388349384069442749e-01,2.814770936965942383e-01,5.152665376663208008e-01,3.986805379390716553e-01,4.475215673446655273e-01,4.994240105152130127e-01,7.213949561119079590e-01,6.734876632690429688e-01,5.357133150100708008e-01,5.287839844822883606e-02,2.138409614562988281e-01,2.535753250122070312e-01
6.679062843322753906e-01,6.175690889358520508e-01,3.841924369335174561e-01,5.959253311157226562e-01,5.292081236839294434e-01,9.999995231628417969e-01,7.216252684593200684e-01,5.236309170722961426e-01,5.177888870239257812e-01,4.428791701793670654e-01,3.213080167770385742e-01,4.296008646488189697e-01,3.435645401477813721e-01,3.465319573879241943e-01,4.352922737598419189e-01,5.102160573005676270e-01,5.891549587249755859e-01,4.291433691978454590e-01,2.904616594314575195e-01,2.702996432781219482e-01,1.874544918537139893e-01
5.315960645675659180e-01,5.105050206184387207e-01,2.645999491214752197e-01,4.557736814022064209e-01,5.267194509506225586e-01,7.216252684593200684e-01,1.000000596046447754e+00,3.819088935852050781e-01,3.825759589672088623e-01,3.504858613014221191e-01,1.632827520370483398e-01,3.540261089801788330e-01,3.310176730155944824e-01,2.347901463508605957e-01,3.416079282760620117e-01,4.677526056766510010e-01,5.565423369407653809e-01,5.219082236289978027e-01,2.559560537338256836e-01,2.832777798175811768e-01,5.530758574604988098e-02
4.874683916568756104e-01,4.559864103794097900e-01,2.667097747325897217e-01,3.656624257564544678e-01,1.656980067491531372e-01,5.236309170722961426e-01,3.819088935852050781e-01,1.000000357627868652e+00,5.330827236175537109e-01,4.328143894672393799e-01,2.737515866756439209e-01,4.591421186923980713e-01,4.634604156017303467e-01,3.262701034545898438e-01,3.340599834918975830e-01,3.537277281284332275e-01,3.389242887496948242e-01,2.214199751615524292e-01,4.861429035663604736e-01,3.500798940658569336e-01,1.902501583099365234e-01
5.617490410804748535e-01,4.816965758800506592e-01,1.846254169940948486e-01,3.745817244052886963e-01,1.473953723907470703e-01,5.177888870239257812e-01,3.825759589672088623e-01,5.330827236175537109e-01,9.999999403953552246e-01,6.235656738281250000e-01,2.857244014739990234e-01,3.428268432617187500e-01,2.298059761524200439e-01,2.352972477674484253e-01,2.867844700813293457e-01,2.719692885875701904e-01,2.292789965867996216e-01,8.605425804853439331e-02,4.405804872512817383e-01,3.644415438175201416e-01,1.485413163900375366e-01
3.981891870498657227e-01,4.293536841869354248e-01,6.476671993732452393e-02,1.628202348947525024e-01,1.388349384069442749e-01,4.428791701793670654e-01,3.504858613014221191e-01,4.328143894672393799e-01,6.235656738281250000e-01,1.000000357627868652e+00,3.051446378231048584e-01,1.302969455718994141e-01,1.062573865056037903e-01,1.227203011512756348e-01,4.026120156049728394e-02,1.828462183475494385e-01,1.980090141296386719e-01,1.713427156209945679e-01,3.402642309665679932e-01,4.963290095329284668e-01,1.138580217957496643e-01
3.794477283954620361e-01,3.937533497810363770e-01,1.633295118808746338e-01,1.724354773759841919e-01,2.814770936965942383e-01,3.213080167770385742e-01,1.632827520370483398e-01,2.737515866756439209e-01,2.857244014739990234e-01,3.051446378231048584e-01,9.999997615814208984e-01,1.069959327578544617e-01,2.156485430896282196e-02,1.417821198701858521e-01,6.584107875823974609e-02,2.404537200927734375e-01,2.385918796062469482e-01,8.286866545677185059e-02,1.370974723249673843e-02,1.124830618500709534e-01,3.707413971424102783e-01
6.196532845497131348e-01,2.750082015991210938e-01,5.179572701454162598e-01,4.965735971927642822e-01,5.152665376663208008e-01,4.296008646488189697e-01,3.540261089801788330e-01,4.591421186923980713e-01,3.428268432617187500e-01,1.302969455718994141e-01,1.069959327578544617e-01,9.999998211860656738e-01,8.382505178451538086e-01,5.825966000556945801e-01,6.587379574775695801e-01,6.594156622886657715e-01,6.374213099479675293e-01,3.727677166461944580e-01,4.759087860584259033e-01,3.654906749725341797e-01,2.971313595771789551e-01
4.394163489341735840e-01,1.922112554311752319e-01,3.326371014118194580e-01,3.763685822486877441e-01,3.986805379390716553e-01,3.435645401477813721e-01,3.310176730155944824e-01,4.634604156017303467e-01,2.298059761524200439e-01,1.062573865056037903e-01,2.156485430896282196e-02,8.382505178451538086e-01,9.999995231628417969e-01,3.978003263473510742e-01,5.602965354919433594e-01,5.492770671844482422e-01,5.844588279724121094e-01,3.478867411613464355e-01,4.903025925159454346e-01,3.908196091651916504e-01,2.854526937007904053e-01
5.312067866325378418e-01,2.264586687088012695e-01,7.968032360076904297e-01,5.297348499298095703e-01,4.475215673446655273e-01,3.465319573879241943e-01,2.347901463508605957e-01,3.262701034545898438e-01,2.352972477674484253e-01,1.227203011512756348e-01,1.417821198701858521e-01,5.825966000556945801e-01,3.978003263473510742e-01,1.000000357627868652e+00,5.545203685760498047e-01,6.230774521827697754e-01,4.143377542495727539e-01,3.025088906288146973e-01,2.125746309757232666e-01,1.958689689636230469e-01,1.097407490015029907e-01
4.989950656890869141e-01,2.616364359855651855e-01,5.200350880622863770e-01,7.751293182373046875e-01,4.994240105152130127e-01,4.352922737598419189e-01,3.416079282760620117e-01,3.340599834918975830e-01,2.867844700813293457e-01,4.026120156049728394e-02,6.584107875823974609e-02,6.587379574775695801e-01,5.602965354919433594e-01,5.545203685760498047e-01,1.000000357627868652e+00,5.995075702667236328e-01,5.138820409774780273e-01,3.834403157234191895e-01,3.393184542655944824e-01,2.209550738334655762e-01,1.509651988744735718e-01
6.321639418601989746e-01,4.023390114307403564e-01,6.396374702453613281e-01,5.151695013046264648e-01,7.213949561119079590e-01,5.102160573005676270e-01,4.677526056766510010e-01,3.537277281284332275e-01,2.719692885875701904e-01,1.828462183475494385e-01,2.404537200927734375e-01,6.594156622886657715e-01,5.492770671844482422e-01,6.230774521827697754e-01,5.995075702667236328e-01,9.999998211860656738e-01,6.569774746894836426e-01,5.042488574981689453e-01,2.021818011999130249e-01,2.388654798269271851e-01,1.702346652746200562e-01
5.200688838958740234e-01,2.990909516811370850e-01,4.147659242153167725e-01,5.335009694099426270e-01,6.734876632690429688e-01,5.891549587249755859e-01,5.565423369407653809e-01,3.389242887496948242e-01,2.292789965867996216e-01,1.980090141296386719e-01,2.385918796062469482e-01,6.374213099479675293e-01,5.844588279724121094e-01,4.143377542495727539e-01,5.138820409774780273e-01,6.569774746894836426e-01,1.000000357627868652e+00,6.793903708457946777e-01,3.614394068717956543e-01,4.499516785144805908e-01,3.173317015171051025e-01
3.297986686229705811e-01,2.218360155820846558e-01,3.022189438343048096e-01,4.228207468986511230e-01,5.357133150100708008e-01,4.291433691978454590e-01,5.219082236289978027e-01,2.214199751615524292e-01,8.605425804853439331e-02,1.713427156209945679e-01,8.286866545677185059e-02,3.727677166461944580e-01,3.478867411613464355e-01,3.025088906288146973e-01,3.834403157234191895e-01,5.042488574981689453e-01,6.793903708457946777e-01,1.000000119209289551e+00,2.526797056198120117e-01,3.578586876392364502e-01,8.058641850948333740e-02
2.032970935106277466e-01,3.603782877326011658e-02,9.731211513280868530e-02,3.031198978424072266e-01,5.287839844822883606e-02,2.904616594314575195e-01,2.559560537338256836e-01,4.861429035663604736e-01,4.405804872512817383e-01,3.402642309665679932e-01,1.370974723249673843e-02,4.759087860584259033e-01,4.903025925159454346e-01,2.125746309757232666e-01,3.393184542655944824e-01,2.021818011999130249e-01,3.614394068717956543e-01,2.526797056198120117e-01,1.000000238418579102e+00,5.057075619697570801e-01,1.764575839042663574e-01
2.552329301834106445e-01,1.329932063817977905e-01,1.334061473608016968e-01,2.867458164691925049e-01,2.138409614562988281e-01,2.702996432781219482e-01,2.832777798175811768e-01,3.500798940658569336e-01,3.644415438175201416e-01,4.963290095329284668e-01,1.124830618500709534e-01,3.654906749725341797e-01,3.908196091651916504e-01,1.958689689636230469e-01,2.209550738334655762e-01,2.388654798269271851e-01,4.499516785144805908e-01,3.578586876392364502e-01,5.057075619697570801e-01,9.999998211860656738e-01,1.109705939888954163e-01
2.786029279232025146e-01,1.729224473237991333e-01,1.338723450899124146e-01,1.177871599793434143e-01,2.535753250122070312e-01,1.874544918537139893e-01,5.530758574604988098e-02,1.902501583099365234e-01,1.485413163900375366e-01,1.138580217957496643e-01,3.707413971424102783e-01,2.971313595771789551e-01,2.854526937007904053e-01,1.097407490015029907e-01,1.509651988744735718e-01,1.702346652746200562e-01,3.173317015171051025e-01,8.058641850948333740e-02,1.764575839042663574e-01,1.109705939888954163e-01,9.999994635581970215e-01
