1.000000119209289551e+00,1.104051098227500916e-01,2.135332524776458740e-01,2.642740607261657715e-01,-5.583292245864868164e-02,3.983657807111740112e-03,-6.237367540597915649e-02,1.817387491464614868e-01,-2.446539513766765594e-02,3.643040731549263000e-02,7.802953571081161499e-02,1.189771816134452820e-01,-1.677167117595672607e-01,8.271352946758270264e-02,3.080686146859079599e-04,-1.382573097944259644e-01,-8.959896117448806763e-02,-8.102095127105712891e-02,-4.001204296946525574e-02,-4.069870337843894958e-02,1.265971809625625610e-01,-2.593651115894317627e-01,-1.570809781551361084e-01,-7.832336425781250000e-02,-4.231077432632446289e-02,5.743164196610450745e-02,1.187473684549331665e-01,1.491549313068389893e-01,2.778759598731994629e-01,-1.256527602672576904e-01,-2.055957764387130737e-01,-1.025822386145591736e-01,1.849932223558425903e-01,5.739559978246688843e-02,1.930114626884460449e-02,-1.271363794803619385e-01,-2.798852883279323578e-02,-8.204898238182067871e-02,-1.546998918056488037e-01,-5.469939112663269043e-02,7.839364558458328247e-02,-5.736206471920013428e-02,-1.752836862578988075e-03,-1.263295859098434448e-02,-2.231616377830505371e-01,-2.203534990549087524e-01,-2.399264648556709290e-02,-1.565215289592742920e-01
1.104051098227500916e-01,1.000000119209289551e+00,-5.915839970111846924e-02,4.607743769884109497e-02,9.420312941074371338e-02,2.573739588260650635e-01,3.728213608264923096e-01,1.676591187715530396e-01,9.439481049776077271e-02,3.178850412368774414e-01,-1.646082848310470581e-01,-3.244414627552032471e-01,-1.377080231904983521e-01,2.232119813561439514e-02,-8.834660053253173828e-02,3.009628877043724060e-02,1.258267164230346680e-01,2.367220520973205566e-01,3.005096614360809326e-01,4.277746975421905518e-01,1.510450989007949829e-01,-1.058341115713119507e-01,2.336638420820236206e-01,2.426574677228927612e-01,-7.757356390357017517e-03,4.967101216316223145e-01,1.045583114027976990e-01,1.096438094973564148e-01,4.147762060165405273e-01,-4.632764309644699097e-02,-3.265172708779573441e-03,1.604205369949340820e-01,1.271738260984420776e-01,8.489689230918884277e-02,-2.980518899857997894e-02,2.103677541017532349e-01,-8.031930774450302124e-02,9.781941480468958616e-05,2.160323709249496460e-01,2.492953985929489136e-01,5.278721451759338379e-01,5.771908760070800781e-01,3.963211476802825928e-01,4.256033599376678467e-01,3.721179366111755371e-01,3.833391070365905762e-01,1.960960328578948975e-01,1.098371297121047974e-01
2.135332524776458740e-01,-5.915839970111846924e-02,1.000000238418579102e+00,2.196543067693710327e-01,-2.067605555057525635e-01,6.810234487056732178e-02,5.371639505028724670e-02,1.013502255082130432e-01,-1.889056153595447540e-02,-1.255510747432708740e-01,2.181329429149627686e-01,3.031806945800781250e-01,-3.158769384026527405e-02,-8.345365524291992188e-02,-1.492527499794960022e-02,-1.772350221872329712e-01,1.453452110290527344e-01,-3.289771964773535728e-03,-1.659233570098876953e-01,-1.763882189989089966e-01,1.909558922052383423e-01,-7.126175612211227417e-02,-1.457964926958084106e-01,-1.331628412008285522e-01,1.575510948896408081e-01,-1.075397804379463196e-02,-5.300665274262428284e-02,4.392619729042053223e-01,2.639198005199432373e-01,3.112190663814544678e-01,-3.300847485661506653e-02,-2.535503208637237549e-01,1.273710839450359344e-02,-1.802695840597152710e-01,-3.822371736168861389e-02,-9.914512932300567627e-02,-9.571784175932407379e-03,-1.155233755707740784e-01,-2.666269838809967041e-01,-1.559318453073501587e-01,3.427815064787864685e-02,-3.082202933728694916e-02,-2.068378180265426636e-01,-1.415697336196899414e-01,-1.964299976825714111e-01,-2.673116028308868408e-01,-1.223357021808624268e-01,-1.942311823368072510e-01
2.642740607261657715e-01,4.607743769884109497e-02,2.196543067693710327e-01,9.999997615814208984e-01,1.899558454751968384e-01,1.166954338550567627e-01,2.628192007541656494e-01,-1.125931367278099060e-01,-1.850602030754089355e-01,-1.874963492155075073e-01,-1.952803581953048706e-01,-2.331478595733642578e-01,7.094070315361022949e-02,-6.761861592531204224e-02,-7.001142948865890503e-02,1.630881726741790771e-01,-5.018134415149688721e-02,3.508993610739707947e-02,2.228853553533554077e-01,3.097093403339385986e-01,2.043977081775665283e-01,2.732787728309631348e-01,-7.373582571744918823e-02,-1.036196053028106689e-01,-2.467842996120452881e-01,1.948404610157012939e-01,-7.088600844144821167e-02,8.168497681617736816e-02,1.425330191850662231e-01,-3.552545979619026184e-02,-1.834336202591657639e-03,-7.901661098003387451e-02,-7.229752838611602783e-02,-1.304683834314346313e-01,-1.555835604667663574e-01,-5.186948180198669434e-02,-1.439117342233657837e-01,-6.069263070821762085e-02,-4.905579611659049988e-02,-1.862438209354877472e-02,-1.696692779660224915e-03,3.076253645122051239e-02,7.444352656602859497e-02,-2.367356047034263611e-02,-7.518462091684341431e-02,-1.056868210434913635e-01,-5.880168080329895020e-02,-8.035942167043685913e-02
-5.583292245864868164e-02,9.420312941074371338e-02,-2.067605555057525635e-01,1.899558454751968384e-01,1.000000238418579102e+00,4.027436971664428711e-01,2.892894446849822998e-01,-7.580362260341644287e-02,-8.356066048145294189e-02,4.562097042798995972e-02,-2.012317478656768799e-01,-2.189243435859680176e-01,4.143930375576019287e-01,1.244840770959854126e-01,1.608302630484104156e-02,2.333036065101623535e-01,4.059087485074996948e-02,1.076040789484977722e-01,2.382697314023971558e-01,2.054578810930252075e-01,-9.524450451135635376e-02,2.429645359516143799e-01,-2.731623686850070953e-02,4.167313128709793091e-02,-5.390209704637527466e-02,5.943327397108078003e-02,7.516833394765853882e-02,-9.058868139982223511e-02,-1.375054121017456055e-01,-8.908345550298690796e-02,9.252259880304336548e-02,-9.390315413475036621e-02,1.674826592206954956e-01,9.713752567768096924e-02,-7.487618923187255859e-02,-3.510739421471953392e-03,1.046423166990280151e-01,9.365367889404296875e-02,1.951339654624462128e-02,-7.408940792083740234e-02,9.385208785533905029e-02,4.299414157867431641e-02,1.605289876461029053e-01,2.271388843655586243e-02,9.632910043001174927e-02,1.464657932519912720e-01,-5.640700086951255798e-02,-6.002746894955635071e-02
3.983657807111740112e-03,2.573739588260650635e-01,6.810234487056732178e-02,1.166954338550567627e-01,4.027436971664428711e-01,9.999997615814208984e-01,1.428365260362625122e-01,1.500092297792434692e-01,-1.351716965436935425e-01,3.122097440063953400e-02,-1.766731292009353638e-01,-8.361487835645675659e-02,2.135534584522247314e-01,1.399178653955459595e-01,-2.568808756768703461e-02,-1.851698905229568481e-01,-1.432849913835525513e-01,-3.585962578654289246e-02,6.574793253093957901e-03,1.702535599470138550e-01,2.593349218368530273e-01,1.378345768898725510e-02,-8.126456290483474731e-02,-1.815105415880680084e-02,-1.289051622152328491e-01,8.214075118303298950e-02,-1.612962633371353149e-01,-1.837759651243686676e-02,9.672277420759201050e-02,1.967881806194782257e-02,-4.892529547214508057e-02,-1.578005254268646240e-01,9.303577989339828491e-02,4.003738239407539368e-02,-2.668082416057586670e-01,-6.629858911037445068e-02,2.781323529779911041e-02,-3.748208284378051758e-02,-1.039470732212066650e-01,-1.106052622199058533e-01,2.899735867977142334e-01,1.646508723497390747e-01,1.201444026082754135e-02,3.870888426899909973e-02,4.058423265814781189e-02,7.284302264451980591e-02,-1.067501083016395569e-01,-1.274335086345672607e-01
-6.237367540597915649e-02,3.728213608264923096e-01,5.371639505028724670e-02,2.628192007541656494e-01,2.892894446849822998e-01,1.428365260362625122e-01,1.000000000000000000e+00,-4.920727759599685669e-02,1.484060138463973999e-01,3.150959014892578125e-01,-1.215505376458168030e-01,-3.375467061996459961e-01,1.494009941816329956e-01,3.161203116178512573e-02,-1.075474917888641357e-01,2.882494926452636719e-01,5.622842311859130859e-01,6.244521737098693848e-01,6.512013673782348633e-01,5.923161506652832031e-01,5.756444297730922699e-03,2.518699169158935547e-01,3.804942667484283447e-01,1.428734362125396729e-01,8.817754685878753662e-02,5.812436938285827637e-01,1.013318747282028198e-01,1.498075481504201889e-02,1.727805584669113159e-01,-4.520213231444358826e-02,1.252606231719255447e-02,8.681326359510421753e-02,1.086608693003654480e-01,-1.187859103083610535e-01,-1.147133708000183105e-01,1.845464259386062622e-01,-4.578641802072525024e-02,1.178423687815666199e-01,2.990915179252624512e-01,2.774667143821716309e-01,2.457193285226821899e-01,4.558816552162170410e-01,5.492370724678039551e-01,3.343042433261871338e-01,3.069215118885040283e-01,3.971245884895324707e-01,1.392502635717391968e-01,1.396344602108001709e-01
1.817387491464614868e-01,1.676591187715530396e-01,1.013502255082130432e-01,-1.125931367278099060e-01,-7.580362260341644287e-02,1.500092297792434692e-01,-4.920727759599685669e-02,9.999998211860656738e-01,2.780663371086120605e-01,1.199778243899345398e-01,1.716020405292510986e-01,1.832905858755111694e-01,-3.876015311107039452e-03,5.317130684852600098e-02,-7.144141197204589844e-02,-1.395315378904342651e-01,-1.122263967990875244e-01,-1.222641859203577042e-02,-7.691708952188491821e-02,-4.284807294607162476e-02,9.418819099664688110e-02,-2.016384452581405640e-01,7.783789187669754028e-03,9.025204181671142578e-02,1.413121074438095093e-01,1.343482732772827148e-01,3.572540730237960815e-02,9.657978266477584839e-02,1.835195273160934448e-01,8.228233456611633301e-02,4.315974935889244080e-02,5.456474795937538147e-02,1.905744075775146484e-01,1.369413882493972778e-01,9.807816892862319946e-02,1.970580518245697021e-01,4.030830040574073792e-02,3.763880953192710876e-02,6.545848399400711060e-02,8.887726068496704102e-02,1.698924452066421509e-01,8.421909809112548828e-02,7.453915476799011230e-02,1.489551067352294922e-01,2.638388611376285553e-02,7.715292274951934814e-02,1.477338932454586029e-02,1.047943532466888428e-02
-2.446539513766765594e-02,9.439481049776077271e-02,-1.889056153595447540e-02,-1.850602030754089355e-01,-8.356066048145294189e-02,-1.351716965436935425e-01,1.484060138463973999e-01,2.780663371086120605e-01,1.000000238418579102e+00,5.247369408607482910e-01,2.319431304931640625e-01,1.708676815032958984e-01,7.159855961799621582e-02,-1.283906549215316772e-01,-2.432164698839187622e-01,4.069925751537084579e-03,2.156503200531005859e-01,2.373771220445632935e-01,5.275501310825347900e-02,-2.147683501243591309e-02,-1.766422986984252930e-01,6.634443532675504684e-03,2.066781818866729736e-01,2.293890267610549927e-01,2.602172791957855225e-01,2.353397756814956665e-01,9.047988802194595337e-02,1.027950569987297058e-01,5.933823809027671814e-02,1.011422947049140930e-01,1.823656708002090454e-01,1.980177164077758789e-01,1.793645024299621582e-01,-1.109313070774078369e-01,2.058935761451721191e-01,2.669558227062225342e-01,-8.021044731140136719e-02,-5.090207606554031372e-02,2.818650901317596436e-01,2.835236787796020508e-01,1.987947821617126465e-01,2.469200640916824341e-01,2.544175684452056885e-01,3.613984286785125732e-01,1.448312252759933472e-01,3.107617497444152832e-01,2.114509195089340210e-01,1.378233581781387329e-01
3.643040731549263000e-02,3.178850412368774414e-01,-1.255510747432708740e-01,-1.874963492155075073e-01,4.562097042798995972e-02,3.122097440063953400e-02,3.150959014892578125e-01,1.199778243899345398e-01,5.247369408607482910e-01,1.000000715255737305e+00,1.056799814105033875e-01,1.785964518785476685e-02,1.335743069648742676e-01,-4.958447813987731934e-02,-1.309447139501571655e-01,3.185375407338142395e-02,2.653717100620269775e-01,3.434801995754241943e-01,2.208266407251358032e-01,1.853217780590057373e-01,-7.662810385227203369e-02,8.298647589981555939e-03,2.302328795194625854e-01,2.497489154338836670e-01,1.325253099203109741e-01,3.294701576232910156e-01,1.817054897546768188e-01,9.863400831818580627e-03,1.211949959397315979e-01,-4.662670567631721497e-02,9.075520187616348267e-02,2.047331035137176514e-01,1.164962500333786011e-01,-6.090765073895454407e-02,1.176065430045127869e-01,1.787029504776000977e-01,-5.655349791049957275e-02,-3.312640637159347534e-02,2.491367608308792114e-01,2.758741974830627441e-01,2.729380428791046143e-01,3.609328567981719971e-01,3.528114557266235352e-01,3.567069768905639648e-01,2.377580553293228149e-01,4.673484861850738525e-01,2.672317922115325928e-01,1.202199757099151611e-01
7.802953571081161499e-02,-1.646082848310470581e-01,2.181329429149627686e-01,-1.952803581953048706e-01,-2.012317478656768799e-01,-1.766731292009353638e-01,-1.215505376458168030e-01,1.716020405292510986e-01,2.319431304931640625e-01,1.056799814105033875e-01,1.000000119209289551e+00,5.462622046470642090e-01,2.762939594686031342e-02,-3.722178563475608826e-02,1.423192024230957031e-01,1.026143436320126057e-03,3.836579620838165283e-02,-6.372541934251785278e-02,-1.222984343767166138e-01,-2.808230519294738770e-01,-5.370992794632911682e-02,-1.038542762398719788e-01,-3.671042621135711670e-02,-2.459912560880184174e-02,3.146158456802368164e-01,-5.518476292490959167e-02,1.853119730949401855e-01,1.005835607647895813e-01,-4.277556389570236206e-02,8.794402331113815308e-02,-3.613638505339622498e-02,-5.024957656860351562e-02,1.293424516916275024e-01,-1.097060143947601318e-01,2.486695498228073120e-01,-4.757347702980041504e-02,-3.234359249472618103e-02,-4.203916341066360474e-02,-9.165040403604507446e-02,-4.622043296694755554e-02,-3.065213933587074280e-02,-1.481657326221466064e-01,-1.223182529211044312e-01,-3.074754029512405396e-02,-1.573523730039596558e-01,-1.621412038803100586e-01,-2.577152103185653687e-03,-8.459121733903884888e-02
1.189771816134452820e-01,-3.244414627552032471e-01,3.031806945800781250e-01,-2.331478595733642578e-01,-2.189243435859680176e-01,-8.361487835645675659e-02,-3.375467061996459961e-01,1.832905858755111694e-01,1.708676815032958984e-01,1.785964518785476685e-02,5.462622046470642090e-01,1.000000238418579102e+00,1.004344299435615540e-01,-2.958242036402225494e-02,2.102199196815490723e-01,-1.047452166676521301e-01,-5.191127583384513855e-02,-2.238509953022003174e-01,-3.836943507194519043e-01,-5.093593597412109375e-01,5.972000584006309509e-02,-1.405905932188034058e-01,-2.452836334705352783e-01,-1.186704859137535095e-01,2.074430137872695923e-01,-3.120557069778442383e-01,6.745765358209609985e-02,9.050382673740386963e-02,-1.747431010007858276e-01,1.741981655359268188e-01,-2.431348897516727448e-02,-1.350518018007278442e-01,1.416911184787750244e-01,-1.341641973704099655e-02,2.231385856866836548e-01,-1.674890220165252686e-01,-3.147302428260445595e-03,-6.787211168557405472e-03,-2.274249792098999023e-01,-2.067982107400894165e-01,-1.791397929191589355e-01,-2.719769477844238281e-01,-3.053870201110839844e-01,-1.648066490888595581e-01,-2.564988136291503906e-01,-2.867016792297363281e-01,-1.005402058362960815e-01,-2.870661616325378418e-01
-1.677167117595672607e-01,-1.377080231904983521e-01,-3.158769384026527405e-02,7.094070315361022949e-02,4.143930375576019287e-01,2.135534584522247314e-01,1.494009941816329956e-01,-3.876015311107039452e-03,7.159855961799621582e-02,1.335743069648742676e-01,2.762939594686031342e-02,1.004344299435615540e-01,9.999997615814208984e-01,1.566729396581649780e-01,4.940315335988998413e-02,2.487565428018569946e-01,5.838580057024955750e-02,1.490710526704788208e-01,2.127190306782722473e-02,5.809251591563224792e-02,1.133288666605949402e-01,3.460318744182586670e-01,9.612132795155048370e-03,-1.917283795773983002e-02,2.278054878115653992e-02,-9.293473511934280396e-02,1.832728832960128784e-02,-1.306361053138971329e-02,-1.848058700561523438e-01,4.660337418317794800e-02,1.509323418140411377e-01,-1.240676566958427429e-01,1.573698669672012329e-01,-3.475443227216601372e-03,-6.169962882995605469e-02,-6.351581215858459473e-02,2.157857567071914673e-01,1.130174994468688965e-01,-1.599465869367122650e-02,-1.233452185988426208e-01,-1.011299993842840195e-02,-7.581820338964462280e-02,3.506549075245857239e-02,-2.272486500442028046e-02,-1.960893720388412476e-02,5.365877971053123474e-02,-2.731642313301563263e-02,2.510446310043334961e-02
8.271352946758270264e-02,2.232119813561439514e-02,-8.345365524291992188e-02,-6.761861592531204224e-02,1.244840770959854126e-01,1.399178653955459595e-01,3.161203116178512573e-02,5.317130684852600098e-02,-1.283906549215316772e-01,-4.958447813987731934e-02,-3.722178563475608826e-02,-2.958242036402225494e-02,1.566729396581649780e-01,9.999998211860656738e-01,2.142567783594131470e-01,-1.875137910246849060e-02,2.343871816992759705e-02,9.345792979001998901e-02,6.354942917823791504e-02,8.131974935531616211e-02,5.280063301324844360e-02,-8.575449138879776001e-02,-7.189553976058959961e-02,3.419856727123260498e-02,1.311653107404708862e-01,-5.701976642012596130e-02,1.093065366148948669e-01,-5.360662564635276794e-02,1.815031282603740692e-02,-1.501520979218184948e-03,-8.605099469423294067e-02,-8.232115209102630615e-02,2.070618569850921631e-01,2.742665410041809082e-01,-1.511888802051544189e-01,-1.749659180641174316e-01,4.105990529060363770e-01,1.533256769180297852e-01,-1.960489749908447266e-01,-1.540862023830413818e-01,2.165962755680084229e-02,2.081668376922607422e-02,9.962967038154602051e-02,2.919846586883068085e-02,-9.625944495201110840e-02,-2.211331948637962341e-02,-7.941225916147232056e-02,1.839204132556915283e-02
3.080686146859079599e-04,-8.834660053253173828e-02,-1.492527499794960022e-02,-7.001142948865890503e-02,1.608302630484104156e-02,-2.568808756768703461e-02,-1.075474917888641357e-01,-7.144141197204589844e-02,-2.432164698839187622e-01,-1.309447139501571655e-01,1.423192024230957031e-01,2.102199196815490723e-01,4.940315335988998413e-02,2.142567783594131470e-01,1.000000238418579102e+00,2.410208880901336670e-01,-2.381648868322372437e-02,-8.947496861219406128e-02,-9.360665827989578247e-02,-1.183267161250114441e-01,-5.599276162683963776e-03,-1.671800166368484497e-01,-1.724804192781448364e-01,-1.210006773471832275e-01,-6.887437403202056885e-02,-2.081361413002014160e-01,4.262910038232803345e-02,-7.636624574661254883e-02,-1.359975337982177734e-01,-9.795093536376953125e-02,-1.888489276170730591e-01,-1.886076182126998901e-01,4.581461846828460693e-02,2.673311531543731689e-01,1.186926588416099548e-01,-1.449151486158370972e-01,2.427147030830383301e-01,4.751583933830261230e-01,-1.474017351865768433e-01,-2.031100094318389893e-01,-6.498680263757705688e-02,-1.471831798553466797e-01,-1.169638335704803467e-01,-1.620703339576721191e-01,-2.246493101119995117e-01,-1.704350113868713379e-01,-8.007144182920455933e-02,-7.299647480249404907e-02
-1.382573097944259644e-01,3.009628877043724060e-02,-1.772350221872329712e-01,1.630881726741790771e-01,2.333036065101623535e-01,-1.851698905229568481e-01,2.882494926452636719e-01,-1.395315378904342651e-01,4.069925751537084579e-03,3.185375407338142395e-02,1.026143436320126057e-03,-1.047452166676521301e-01,2.487565428018569946e-01,-1.875137910246849060e-02,2.410208880901336670e-01,9.999998211860656738e-01,1.758640706539154053e-01,2.079943418502807617e-01,3.331212103366851807e-01,2.104060798883438110e-01,-2.281277030706405640e-01,2.995811402797698975e-01,3.341002166271209717e-01,1.530130766332149506e-02,-6.893882062286138535e-03,8.660507202148437500e-02,1.233047172427177429e-01,-1.855815798044204712e-01,-2.072228789329528809e-01,-1.202012896537780762e-01,1.267056763172149658e-01,4.844586923718452454e-02,6.453499943017959595e-02,9.306434541940689087e-03,1.802942156791687012e-01,1.668284535408020020e-01,-4.471227899193763733e-02,3.613464534282684326e-01,4.110287725925445557e-01,2.974741160869598389e-01,-5.371353775262832642e-02,3.920145705342292786e-02,2.456907480955123901e-01,8.596349507570266724e-02,1.370973140001296997e-01,1.690064072608947754e-01,1.207057833671569824e-01,1.173205748200416565e-01
-8.959896117448806763e-02,1.258267164230346680e-01,1.453452110290527344e-01,-5.018134415149688721e-02,4.059087485074996948e-02,-1.432849913835525513e-01,5.622842311859130859e-01,-1.122263967990875244e-01,2.156503200531005859e-01,2.653717100620269775e-01,3.836579620838165283e-02,-5.191127583384513855e-02,5.838580057024955750e-02,2.343871816992759705e-02,-2.381648868322372437e-02,1.758640706539154053e-01,1.000000000000000000e+00,6.817942857742309570e-01,4.722898602485656738e-01,1.879966855049133301e-01,-1.693750917911529541e-01,1.424728929996490479e-01,2.859259843826293945e-01,6.166896224021911621e-02,2.905348539352416992e-01,2.592536807060241699e-01,1.576759368181228638e-01,1.023732796311378479e-01,2.679318375885486603e-02,1.231289133429527283e-01,2.692170813679695129e-02,4.828954860568046570e-02,8.658253401517868042e-02,-6.845331192016601562e-02,3.096926026046276093e-02,7.936120778322219849e-02,8.925685659050941467e-03,1.363485455513000488e-01,2.237423360347747803e-01,2.272142022848129272e-01,4.268228262662887573e-02,3.406015634536743164e-01,3.179962635040283203e-01,1.650270670652389526e-01,2.959896028041839600e-01,3.084133565425872803e-01,7.594477385282516479e-02,3.116081841289997101e-02
-8.102095127105712891e-02,2.367220520973205566e-01,-3.289771964773535728e-03,3.508993610739707947e-02,1.076040789484977722e-01,-3.585962578654289246e-02,6.244521737098693848e-01,-1.222641859203577042e-02,2.373771220445632935e-01,3.434801995754241943e-01,-6.372541934251785278e-02,-2.238509953022003174e-01,1.490710526704788208e-01,9.345792979001998901e-02,-8.947496861219406128e-02,2.079943418502807617e-01,6.817942857742309570e-01,1.000000119209289551e+00,5.562490820884704590e-01,4.282764494419097900e-01,-7.553903758525848389e-02,2.617687582969665527e-01,3.199048042297363281e-01,1.307636201381683350e-01,2.240785509347915649e-01,3.788020908832550049e-01,1.465788036584854126e-01,6.275475025177001953e-02,1.091886386275291443e-01,5.035883933305740356e-02,1.010445952415466309e-01,9.317278861999511719e-02,9.902201592922210693e-02,-1.401999443769454956e-01,-6.918308883905410767e-02,1.414960920810699463e-01,5.239380896091461182e-02,6.360346078872680664e-02,2.726180553436279297e-01,2.362515181303024292e-01,1.042035818099975586e-01,3.671663105487823486e-01,4.750778377056121826e-01,3.251049220561981201e-01,3.639068305492401123e-01,4.667291045188903809e-01,8.846866339445114136e-02,1.529056131839752197e-01
-4.001204296946525574e-02,3.005096614360809326e-01,-1.659233570098876953e-01,2.228853553533554077e-01,2.382697314023971558e-01,6.574793253093957901e-03,6.512013673782348633e-01,-7.691708952188491821e-02,5.275501310825347900e-02,2.208266407251358032e-01,-1.222984343767166138e-01,-3.836943507194519043e-01,2.127190306782722473e-02,6.354942917823791504e-02,-9.360665827989578247e-02,3.331212103366851807e-01,4.722898602485656738e-01,5.562490820884704590e-01,9.999997615814208984e-01,6.329311728477478027e-01,-3.280713781714439392e-02,2.554112970829010010e-01,3.399670422077178955e-01,2.045345865190029144e-02,3.237703442573547363e-02,4.448698759078979492e-01,1.050980538129806519e-01,-8.434884995222091675e-02,1.090271174907684326e-01,-2.384044080972671509e-01,-8.203880488872528076e-02,7.446038722991943359e-02,7.423948496580123901e-02,-1.122498959302902222e-01,-9.164505451917648315e-02,8.022596687078475952e-02,-1.041379421949386597e-01,8.975639939308166504e-02,2.843800485134124756e-01,2.399695366621017456e-01,1.441662013530731201e-01,3.561141192913055420e-01,5.364280343055725098e-01,2.403630465269088745e-01,3.341160416603088379e-01,3.602589368820190430e-01,5.220900475978851318e-02,8.466905355453491211e-02
-4.069870337843894958e-02,4.277746975421905518e-01,-1.763882189989089966e-01,3.097093403339385986e-01,2.054578810930252075e-01,1.702535599470138550e-01,5.923161506652832031e-01,-4.284807294607162476e-02,-2.147683501243591309e-02,1.853217780590057373e-01,-2.808230519294738770e-01,-5.093593597412109375e-01,5.809251591563224792e-02,8.131974935531616211e-02,-1.183267161250114441e-01,2.104060798883438110e-01,1.879966855049133301e-01,4.282764494419097900e-01,6.329311728477478027e-01,1.000000715255737305e+00,2.369672507047653198e-01,2.653108239173889160e-01,3.246296346187591553e-01,8.456049859523773193e-02,-1.309341788291931152e-01,5.343805551528930664e-01,-2.136662974953651428e-02,-1.340505182743072510e-01,2.730577290058135986e-01,-1.921037584543228149e-01,-3.876082599163055420e-02,1.402131319046020508e-01,2.897230722010135651e-02,-7.505598664283752441e-02,-1.839040517807006836e-01,1.645836979150772095e-01,-4.718321934342384338e-02,5.021313205361366272e-02,2.992142140865325928e-01,2.246723622083663940e-01,2.604793012142181396e-01,3.847588598728179932e-01,5.357204079627990723e-01,3.278863430023193359e-01,3.067595064640045166e-01,4.176135957241058350e-01,1.087198555469512939e-01,2.178058326244354248e-01
1.265971809625625610e-01,1.510450989007949829e-01,1.909558922052383423e-01,2.043977081775665283e-01,-9.524450451135635376e-02,2.593349218368530273e-01,5.756444297730922699e-03,9.418819099664688110e-02,-1.766422986984252930e-01,-7.662810385227203369e-02,-5.370992794632911682e-02,5.972000584006309509e-02,1.133288666605949402e-01,5.280063301324844360e-02,-5.599276162683963776e-03,-2.281277030706405640e-01,-1.693750917911529541e-01,-7.553903758525848389e-02,-3.280713781714439392e-02,2.369672507047653198e-01,1.000000238418579102e+00,1.083316206932067871e-01,-1.069195047020912170e-01,-1.450158208608627319e-01,-1.938046663999557495e-01,6.252969056367874146e-02,-1.645518839359283447e-01,1.229469105601310730e-02,2.520729005336761475e-01,2.170468121767044067e-02,-4.564994573593139648e-02,-6.315515935420989990e-02,-8.618926256895065308e-02,3.336716443300247192e-02,-1.210566237568855286e-01,-2.065780907869338989e-01,-4.200468305498361588e-03,-1.131377294659614563e-01,-1.593889743089675903e-01,-2.115159481763839722e-01,1.695506423711776733e-01,8.362367004156112671e-02,-5.569520965218544006e-02,-1.514747291803359985e-01,-8.012317121028900146e-03,-8.295246213674545288e-02,-9.345500916242599487e-02,-8.861972391605377197e-02
-2.593651115894317627e-01,-1.058341115713119507e-01,-7.126175612211227417e-02,2.732787728309631348e-01,2.429645359516143799e-01,1.378345768898725510e-02,2.518699169158935547e-01,-2.016384452581405640e-01,6.634443532675504684e-03,8.298647589981555939e-03,-1.038542762398719788e-01,-1.405905932188034058e-01,3.460318744182586670e-01,-8.575449138879776001e-02,-1.671800166368484497e-01,2.995811402797698975e-01,1.424728929996490479e-01,2.617687582969665527e-01,2.554112970829010010e-01,2.653108239173889160e-01,1.083316206932067871e-01,1.000000119209289551e+00,3.437441587448120117e-01,1.009103953838348389e-01,-8.870469033718109131e-02,-1.930278167128562927e-02,-8.243585377931594849e-02,-2.621408551931381226e-02,-1.395553499460220337e-01,9.923584759235382080e-02,4.739087522029876709e-01,2.297596335411071777e-01,-7.977303117513656616e-02,-1.150655448436737061e-01,7.787462789565324783e-03,1.617302000522613525e-01,-3.165225684642791748e-02,9.650238603353500366e-02,2.669844627380371094e-01,1.710202693939208984e-01,-7.550722360610961914e-02,3.954156115651130676e-02,9.301646798849105835e-02,2.750723809003829956e-02,1.939613074064254761e-01,1.226243823766708374e-01,1.660389602184295654e-01,1.123054474592208862e-01
-1.570809781551361084e-01,2.336638420820236206e-01,-1.457964926958084106e-01,-7.373582571744918823e-02,-2.731623686850070953e-02,-8.126456290483474731e-02,3.804942667484283447e-01,7.783789187669754028e-03,2.066781818866729736e-01,2.302328795194625854e-01,-3.671042621135711670e-02,-2.452836334705352783e-01,9.612132795155048370e-03,-7.189553976058959961e-02,-1.724804192781448364e-01,3.341002166271209717e-01,2.859259843826293945e-01,3.199048042297363281e-01,3.399670422077178955e-01,3.246296346187591553e-01,-1.069195047020912170e-01,3.437441587448120117e-01,1.000000119209289551e+00,2.557584345340728760e-01,6.964152306318283081e-02,3.123814165592193604e-01,3.669326007366180420e-02,-2.169585227966308594e-02,7.434823364019393921e-02,-9.222447127103805542e-02,1.488286405801773071e-01,3.487747311592102051e-01,7.560365367680788040e-03,-2.483773417770862579e-02,-4.041318595409393311e-02,3.479324281215667725e-01,-6.533198058605194092e-02,1.902533173561096191e-01,6.379089355468750000e-01,5.609012246131896973e-01,1.357195377349853516e-01,3.384829759597778320e-01,3.713476955890655518e-01,2.415793240070343018e-01,2.888331115245819092e-01,3.519579172134399414e-01,3.561128973960876465e-01,4.174829125404357910e-01
-7.832336425781250000e-02,2.426574677228927612e-01,-1.331628412008285522e-01,-1.036196053028106689e-01,4.167313128709793091e-02,-1.815105415880680084e-02,1.428734362125396729e-01,9.025204181671142578e-02,2.293890267610549927e-01,2.497489154338836670e-01,-2.459912560880184174e-02,-1.186704859137535095e-01,-1.917283795773983002e-02,3.419856727123260498e-02,-1.210006773471832275e-01,1.530130766332149506e-02,6.166896224021911621e-02,1.307636201381683350e-01,2.045345865190029144e-02,8.456049859523773193e-02,-1.450158208608627319e-01,1.009103953838348389e-01,2.557584345340728760e-01,9.999999403953552246e-01,1.315317153930664062e-01,3.186041414737701416e-01,1.066505089402198792e-01,6.401076912879943848e-02,1.622758060693740845e-01,5.235922336578369141e-02,3.380214273929595947e-01,5.903030633926391602e-01,2.226024270057678223e-01,3.072773665189743042e-02,1.694085150957107544e-01,6.313264369964599609e-01,1.772426813840866089e-02,5.645473673939704895e-02,3.348249197006225586e-01,3.651144504547119141e-01,1.598420590162277222e-01,1.413197070360183716e-01,2.842472195625305176e-01,2.725532650947570801e-01,2.450807392597198486e-01,3.722583055496215820e-01,6.441101431846618652e-01,1.968517154455184937e-01
-4.231077432632446289e-02,-7.757356390357017517e-03,1.575510948896408081e-01,-2.467842996120452881e-01,-5.390209704637527466e-02,-1.289051622152328491e-01,8.817754685878753662e-02,1.413121074438095093e-01,2.602172791957855225e-01,1.325253099203109741e-01,3.146158456802368164e-01,2.074430137872695923e-01,2.278054878115653992e-02,1.311653107404708862e-01,-6.887437403202056885e-02,-6.893882062286138535e-03,2.905348539352416992e-01,2.240785509347915649e-01,3.237703442573547363e-02,-1.309341788291931152e-01,-1.938046663999557495e-01,-8.870469033718109131e-02,6.964152306318283081e-02,1.315317153930664062e-01,9.999999403953552246e-01,1.268786191940307617e-01,4.876656234264373779e-01,3.333147764205932617e-01,1.494558155536651611e-01,2.389718890190124512e-01,1.269885450601577759e-01,3.400448337197303772e-02,3.927435576915740967e-01,-7.779725641012191772e-02,7.635236531496047974e-02,8.306152373552322388e-02,4.321701824665069580e-02,-4.185644909739494324e-02,5.376258864998817444e-02,9.389932453632354736e-02,9.177839756011962891e-02,7.199789583683013916e-02,8.289746940135955811e-02,1.129885613918304443e-01,-1.052942592650651932e-02,9.252008982002735138e-03,1.785461418330669403e-02,1.100040227174758911e-02
5.743164196610450745e-02,4.967101216316223145e-01,-1.075397804379463196e-02,1.948404610157012939e-01,5.943327397108078003e-02,8.214075118303298950e-02,5.812436938285827637e-01,1.343482732772827148e-01,2.353397756814956665e-01,3.294701576232910156e-01,-5.518476292490959167e-02,-3.120557069778442383e-01,-9.293473511934280396e-02,-5.701976642012596130e-02,-2.081361413002014160e-01,8.660507202148437500e-02,2.592536807060241699e-01,3.788020908832550049e-01,4.448698759078979492e-01,5.343805551528930664e-01,6.252969056367874146e-02,-1.930278167128562927e-02,3.123814165592193604e-01,3.186041414737701416e-01,1.268786191940307617e-01,9.999998211860656738e-01,1.770875900983810425e-01,1.026806607842445374e-01,4.115272462368011475e-01,-3.959406912326812744e-02,2.393135568127036095e-03,2.917128205299377441e-01,1.838152408599853516e-01,-1.511268019676208496e-01,-1.881713420152664185e-02,3.331325650215148926e-01,-8.395691961050033569e-02,-1.582352817058563232e-02,3.038344085216522217e-01,3.600291609764099121e-01,3.720482587814331055e-01,4.642998874187469482e-01,5.613077282905578613e-01,3.772334456443786621e-01,2.799882292747497559e-01,4.440025389194488525e-01,2.787819504737854004e-01,1.475781500339508057e-01
1.187473684549331665e-01,1.045583114027976990e-01,-5.300665274262428284e-02,-7.088600844144821167e-02,7.516833394765853882e-02,-1.612962633371353149e-01,1.013318747282028198e-01,3.572540730237960815e-02,9.047988802194595337e-02,1.817054897546768188e-01,1.853119730949401855e-01,6.745765358209609985e-02,1.832728832960128784e-02,1.093065366148948669e-01,4.262910038232803345e-02,1.233047172427177429e-01,1.576759368181228638e-01,1.465788036584854126e-01,1.050980538129806519e-01,-2.136662974953651428e-02,-1.645518839359283447e-01,-8.243585377931594849e-02,3.669326007366180420e-02,1.066505089402198792e-01,4.876656234264373779e-01,1.770875900983810425e-01,9.999998211860656738e-01,1.284385770559310913e-01,8.245047181844711304e-02,4.877597559243440628e-03,-1.439417712390422821e-02,5.976361781358718872e-02,4.599087238311767578e-01,-3.960980102419853210e-02,1.457450240850448608e-01,5.897851288318634033e-02,6.212041527032852173e-02,1.701958291232585907e-02,7.075726985931396484e-02,9.455841034650802612e-02,2.958571538329124451e-02,3.585720062255859375e-02,1.127955242991447449e-01,9.338170289993286133e-02,-7.013545930385589600e-02,4.315028432756662369e-03,7.825791090726852417e-02,1.871941983699798584e-02
1.491549313068389893e-01,1.096438094973564148e-01,4.392619729042053223e-01,8.168497681617736816e-02,-9.058868139982223511e-02,-1.837759651243686676e-02,1.498075481504201889e-02,9.657978266477584839e-02,1.027950569987297058e-01,9.863400831818580627e-03,1.005835607647895813e-01,9.050382673740386963e-02,-1.306361053138971329e-02,-5.360662564635276794e-02,-7.636624574661254883e-02,-1.855815798044204712e-01,1.023732796311378479e-01,6.275475025177001953e-02,-8.434884995222091675e-02,-1.340505182743072510e-01,1.229469105601310730e-02,-2.621408551931381226e-02,-2.169585227966308594e-02,6.401076912879943848e-02,3.333147764205932617e-01,1.026806607842445374e-01,1.284385770559310913e-01,9.999999403953552246e-01,5.431391596794128418e-01,3.300773203372955322e-01,2.079657912254333496e-01,-4.980814829468727112e-02,1.467936486005783081e-01,-1.011244505643844604e-01,-6.795886904001235962e-02,2.025724388659000397e-02,7.532167434692382812e-02,-6.949437409639358521e-02,-1.528392881155014038e-01,-6.512209773063659668e-02,2.647977173328399658e-01,1.042575091123580933e-01,-4.109338670969009399e-02,-1.686999574303627014e-02,-2.882969193160533905e-02,-8.047223836183547974e-02,9.516966529190540314e-03,-6.100389361381530762e-02
2.778759598731994629e-01,4.147762060165405273e-01,2.639198005199432373e-01,1.425330191850662231e-01,-1.375054121017456055e-01,9.672277420759201050e-02,1.727805584669113159e-01,1.835195273160934448e-01,5.933823809027671814e-02,1.211949959397315979e-01,-4.277556389570236206e-02,-1.747431010007858276e-01,-1.848058700561523438e-01,1.815031282603740692e-02,-1.359975337982177734e-01,-2.072228789329528809e-01,2.679318375885486603e-02,1.091886386275291443e-01,1.090271174907684326e-01,2.730577290058135986e-01,2.520729005336761475e-01,-1.395553499460220337e-01,7.434823364019393921e-02,1.622758060693740845e-01,1.494558155536651611e-01,4.115272462368011475e-01,8.245047181844711304e-02,5.431391596794128418e-01,9.999997615814208984e-01,1.725372821092605591e-01,4.897338524460792542e-02,1.467078924179077148e-01,1.847756952047348022e-01,-2.727979049086570740e-02,-9.002865850925445557e-02,1.308377385139465332e-01,5.315232090651988983e-03,-7.252401113510131836e-02,2.490667439997196198e-02,1.210668832063674927e-01,4.691343307495117188e-01,2.783733308315277100e-01,1.865260899066925049e-01,1.270370781421661377e-01,1.104331389069557190e-01,1.300248354673385620e-01,1.728513240814208984e-01,6.775407493114471436e-02
-1.256527602672576904e-01,-4.632764309644699097e-02,3.112190663814544678e-01,-3.552545979619026184e-02,-8.908345550298690796e-02,1.967881806194782257e-02,-4.520213231444358826e-02,8.228233456611633301e-02,1.011422947049140930e-01,-4.662670567631721497e-02,8.794402331113815308e-02,1.741981655359268188e-01,4.660337418317794800e-02,-1.501520979218184948e-03,-9.795093536376953125e-02,-1.202012896537780762e-01,1.231289133429527283e-01,5.035883933305740356e-02,-2.384044080972671509e-01,-1.921037584543228149e-01,2.170468121767044067e-02,9.923584759235382080e-02,-9.222447127103805542e-02,5.235922336578369141e-02,2.389718890190124512e-01,-3.959406912326812744e-02,4.877597559243440628e-03,3.300773203372955322e-01,1.725372821092605591e-01,9.999998211860656738e-01,4.996753931045532227e-01,4.201254621148109436e-02,2.987242490053176880e-02,-2.950734226033091545e-03,5.652150139212608337e-02,1.316510140895843506e-01,1.425543725490570068e-01,-1.382319722324609756e-02,-7.538840919733047485e-02,1.217280793935060501e-02,8.435356616973876953e-02,4.454060271382331848e-02,-1.496477574110031128e-01,3.451860323548316956e-02,4.534783586859703064e-02,1.922762952744960785e-02,2.815040014684200287e-02,-7.430556416511535645e-02
-2.055957764387130737e-01,-3.265172708779573441e-03,-3.300847485661506653e-02,-1.834336202591657639e-03,9.252259880304336548e-02,-4.892529547214508057e-02,1.252606231719255447e-02,4.315974935889244080e-02,1.823656708002090454e-01,9.075520187616348267e-02,-3.613638505339622498e-02,-2.431348897516727448e-02,1.509323418140411377e-01,-8.605099469423294067e-02,-1.888489276170730591e-01,1.267056763172149658e-01,2.692170813679695129e-02,1.010445952415466309e-01,-8.203880488872528076e-02,-3.876082599163055420e-02,-4.564994573593139648e-02,4.739087522029876709e-01,1.488286405801773071e-01,3.380214273929595947e-01,1.269885450601577759e-01,2.393135568127036095e-03,-1.439417712390422821e-02,2.079657912254333496e-01,4.897338524460792542e-02,4.996753931045532227e-01,9.999999403953552246e-01,3.528950810432434082e-01,7.084921002388000488e-03,1.826932840049266815e-02,1.700954884290695190e-01,4.236994683742523193e-01,2.316256798803806305e-02,1.106274127960205078e-01,2.494517117738723755e-01,2.500870227813720703e-01,1.395844519138336182e-01,2.357675693929195404e-02,6.624846905469894409e-02,9.676683694124221802e-02,1.667002439498901367e-01,2.016355395317077637e-01,2.851179242134094238e-01,1.231407076120376587e-01
-1.025822386145591736e-01,1.604205369949340820e-01,-2.535503208637237549e-01,-7.901661098003387451e-02,-9.390315413475036621e-02,-1.578005254268646240e-01,8.681326359510421753e-02,5.456474795937538147e-02,1.980177164077758789e-01,2.047331035137176514e-01,-5.024957656860351562e-02,-1.350518018007278442e-01,-1.240676566958427429e-01,-8.232115209102630615e-02,-1.886076182126998901e-01,4.844586923718452454e-02,4.828954860568046570e-02,9.317278861999511719e-02,7.446038722991943359e-02,1.402131319046020508e-01,-6.315515935420989990e-02,2.297596335411071777e-01,3.487747311592102051e-01,5.903030633926391602e-01,3.400448337197303772e-02,2.917128205299377441e-01,5.976361781358718872e-02,-4.980814829468727112e-02,1.467078924179077148e-01,4.201254621148109436e-02,3.528950810432434082e-01,1.000000119209289551e+00,1.014544963836669922e-01,5.240551382303237915e-02,1.316289305686950684e-01,5.509882569313049316e-01,-6.068633496761322021e-02,5.486736819148063660e-02,4.453144371509552002e-01,5.185552835464477539e-01,1.179170012474060059e-01,1.932776123285293579e-01,2.961895465850830078e-01,2.189650088548660278e-01,2.836484313011169434e-01,3.731836378574371338e-01,6.331380009651184082e-01,2.567434608936309814e-01
