9.999998211860656738e-01,5.780988335609436035e-01,1.573060452938079834e-01,3.718243241310119629e-01,7.038191556930541992e-01,5.273995995521545410e-01,8.729820698499679565e-02,6.421157121658325195e-01,4.939520359039306641e-01,2.217452824115753174e-01,4.432700276374816895e-01,2.093302011489868164e-01,6.248311325907707214e-02,3.525041341781616211e-01,2.831362783908843994e-01,2.939775884151458740e-01,-5.768235400319099426e-02,-1.340804845094680786e-01,-2.294448204338550568e-02,4.302887246012687683e-02,1.006335765123367310e-01,1.432657241821289062e-01,2.393511384725570679e-01,1.308249533176422119e-01,5.953522324562072754e-01,1.277349889278411865e-01,6.379211544990539551e-01,6.996500492095947266e-01,4.206433892250061035e-01,-2.088037133216857910e-01,-1.656790226697921753e-01,2.113717794418334961e-01,6.257466077804565430e-01,2.828344404697418213e-01,2.771260738372802734e-01,1.415795981884002686e-01,5.089635848999023438e-01,3.488874435424804688e-01,2.568973302841186523e-01,2.354035526514053345e-01,6.757319569587707520e-01,2.596971690654754639e-01,1.365185678005218506e-01,4.934277534484863281e-01,1.861461549997329712e-01,1.701084673404693604e-01,1.629870831966400146e-01,3.570033907890319824e-01
5.780988335609436035e-01,1.000000119209289551e+00,1.305395811796188354e-01,4.157807230949401855e-01,6.225824356079101562e-01,5.944958329200744629e-01,2.670955061912536621e-01,4.816381037235260010e-01,6.825548410415649414e-01,4.628848731517791748e-01,5.417713522911071777e-01,5.326926708221435547e-01,2.578371167182922363e-01,2.180894762277603149e-01,5.218603610992431641e-01,3.268884122371673584e-01,1.089555844664573669e-01,-8.636103570461273193e-02,-3.001620806753635406e-02,6.893602758646011353e-02,2.327475398778915405e-01,2.976109683513641357e-01,3.052072525024414062e-01,1.653860956430435181e-01,2.792310118675231934e-01,2.259088754653930664e-01,5.396934747695922852e-01,4.662913084030151367e-01,4.424470365047454834e-01,-5.682049319148063660e-02,3.794533014297485352e-02,3.888770341873168945e-01,5.337349772453308105e-01,3.871988952159881592e-01,5.240687727928161621e-01,2.310163825750350952e-01,2.423560768365859985e-01,5.770972371101379395e-01,1.645400971174240112e-01,1.785178780555725098e-01,7.097160816192626953e-01,5.961679220199584961e-01,7.304861396551132202e-02,7.131596207618713379e-01,5.545963048934936523e-01,3.431215286254882812e-01,1.505933851003646851e-01,3.992153108119964600e-01
1.573060452938079834e-01,1.305395811796188354e-01,9.999998211860656738e-01,4.228405356407165527e-01,1.597336083650588989e-01,2.564895749092102051e-01,2.580897510051727295e-01,-5.470666661858558655e-02,1.150933578610420227e-01,1.762115359306335449e-01,-4.305826127529144287e-02,-4.956865217536687851e-03,2.078393250703811646e-01,1.235149726271629333e-01,4.738198965787887573e-02,5.652037449181079865e-03,1.929158866405487061e-01,1.955392658710479736e-01,2.865051925182342529e-01,2.061649262905120850e-01,2.490670680999755859e-01,1.616075932979583740e-01,8.965782076120376587e-02,1.006521433591842651e-01,-1.205579936504364014e-01,4.675351083278656006e-02,-5.045150965452194214e-02,3.608148097991943359e-01,1.229741349816322327e-01,9.375380724668502808e-02,6.544018536806106567e-02,3.398377820849418640e-02,4.285453818738460541e-03,2.339636720716953278e-02,3.505831584334373474e-02,1.872004419565200806e-01,-6.758404197171330452e-04,-3.453443571925163269e-02,-2.949694357812404633e-02,8.378920704126358032e-02,2.163430601358413696e-01,3.082973361015319824e-01,2.469516545534133911e-01,7.323815673589706421e-02,1.167490407824516296e-01,3.346250951290130615e-01,5.738788843154907227e-02,1.061378344893455505e-01
3.718243241310119629e-01,4.157807230949401855e-01,4.228405356407165527e-01,9.999998211860656738e-01,5.043715834617614746e-01,6.574608087539672852e-01,6.019400358200073242e-01,9.707755595445632935e-02,1.661763489246368408e-01,2.765121161937713623e-01,9.031920880079269409e-02,5.741143226623535156e-02,1.502328813076019287e-01,2.946256995201110840e-01,8.330942690372467041e-02,1.615834534168243408e-01,2.278371006250381470e-01,1.490575522184371948e-01,1.375231444835662842e-01,1.304033547639846802e-01,1.372809559106826782e-01,1.186911687254905701e-01,2.655620453879237175e-03,6.833313405513763428e-02,2.781840041279792786e-02,2.158203423023223877e-01,7.974606752395629883e-02,4.102860391139984131e-01,4.842994809150695801e-01,1.232379972934722900e-01,2.806247398257255554e-02,1.015454009175300598e-01,7.176460325717926025e-02,-1.330124586820602417e-02,1.157027930021286011e-01,7.456441223621368408e-02,1.706317514181137085e-01,2.798053249716758728e-02,-6.542219966650009155e-02,-8.619035780429840088e-02,4.791815876960754395e-01,5.344606041908264160e-01,4.187439084053039551e-01,1.925163865089416504e-01,3.501939177513122559e-01,3.803668320178985596e-01,6.590492278337478638e-02,1.106996908783912659e-01
7.038191556930541992e-01,6.225824356079101562e-01,1.597336083650588989e-01,5.043715834617614746e-01,9.999994635581970215e-01,6.389909386634826660e-01,2.465803176164627075e-01,5.136146545410156250e-01,4.226115942001342773e-01,2.848178446292877197e-01,4.259313642978668213e-01,1.836518198251724243e-01,7.342623919248580933e-02,4.267629981040954590e-01,2.801263630390167236e-01,1.637305170297622681e-01,2.221506554633378983e-03,-1.022559702396392822e-01,6.938931066542863846e-03,1.267418116331100464e-01,2.532325387001037598e-01,2.252701073884963989e-01,2.055775970220565796e-01,1.402526050806045532e-01,3.542343676090240479e-01,8.357926458120346069e-02,4.389821887016296387e-01,5.471882820129394531e-01,4.352876245975494385e-01,-1.606992632150650024e-01,-6.628201156854629517e-02,2.930373847484588623e-01,4.172016680240631104e-01,2.255775779485702515e-01,2.536844611167907715e-01,9.501148760318756104e-02,4.712609350681304932e-01,3.441646993160247803e-01,1.618042821064591408e-03,8.719955384731292725e-02,6.913668513298034668e-01,3.911706209182739258e-01,1.565485298633575439e-01,4.691584110260009766e-01,3.249820172786712646e-01,2.366573363542556763e-01,1.863254904747009277e-01,3.309973180294036865e-01
5.273995995521545410e-01,5.944958329200744629e-01,2.564895749092102051e-01,6.574608087539672852e-01,6.389909386634826660e-01,1.000000357627868652e+00,4.942840039730072021e-01,2.998425662517547607e-01,4.322031140327453613e-01,4.460445046424865723e-01,2.751065790653228760e-01,2.716458737850189209e-01,2.931784987449645996e-01,3.289968669414520264e-01,2.701189517974853516e-01,3.478668928146362305e-01,1.887976676225662231e-01,1.174647808074951172e-01,2.147848904132843018e-01,2.519522011280059814e-01,3.145369589328765869e-01,3.199861943721771240e-01,9.925775229930877686e-02,1.628183573484420776e-01,1.901234984397888184e-01,1.542736291885375977e-01,3.239469528198242188e-01,4.959686994552612305e-01,4.475182592868804932e-01,9.426705539226531982e-03,6.972666829824447632e-02,2.491822987794876099e-01,2.695029675960540771e-01,1.159123256802558899e-01,2.574643790721893311e-01,6.013423204421997070e-02,2.310441583395004272e-01,2.599638104438781738e-01,1.045940071344375610e-02,-1.281100418418645859e-02,5.883831977844238281e-01,6.832683086395263672e-01,3.541584014892578125e-01,4.968917965888977051e-01,4.566159546375274658e-01,5.120648145675659180e-01,1.187587976455688477e-01,2.175334990024566650e-01
8.729820698499679565e-02,2.670955061912536621e-01,2.580897510051727295e-01,6.019400358200073242e-01,2.465803176164627075e-01,4.942840039730072021e-01,9.999995827674865723e-01,7.353860884904861450e-02,1.235816255211830139e-01,3.550007939338684082e-01,7.558405399322509766e-02,1.328076124191284180e-01,2.804244756698608398e-01,1.471258848905563354e-01,4.584620147943496704e-02,1.889558434486389160e-01,6.022858023643493652e-01,5.117768049240112305e-01,4.692088365554809570e-01,4.570892155170440674e-01,2.954370975494384766e-01,7.251854985952377319e-02,-5.778186395764350891e-02,-2.572645805776119232e-02,-4.359271004796028137e-02,3.393979966640472412e-01,-6.200986728072166443e-02,2.250520437955856323e-01,2.143110036849975586e-01,7.870137691497802734e-02,3.572503328323364258e-01,-5.728461220860481262e-02,-1.880640722811222076e-02,6.044079735875129700e-02,5.734092369675636292e-02,1.221339870244264603e-02,8.214715123176574707e-02,3.566294163465499878e-02,-4.361262917518615723e-02,-1.028170064091682434e-01,1.864719688892364502e-01,5.337531566619873047e-01,5.146430730819702148e-01,1.602816283702850342e-01,3.370903432369232178e-01,4.411300122737884521e-01,-4.814964160323143005e-02,-1.973988860845565796e-01
6.421157121658325195e-01,4.816381037235260010e-01,-5.470666661858558655e-02,9.707755595445632935e-02,5.136146545410156250e-01,2.998425662517547607e-01,7.353860884904861450e-02,1.000000357627868652e+00,5.126316547393798828e-01,2.893515229225158691e-01,6.285726428031921387e-01,3.704146742820739746e-01,1.454403251409530640e-01,4.839487969875335693e-01,4.356204271316528320e-01,3.276345431804656982e-01,1.119328662753105164e-01,-1.131556089967489243e-02,5.369279533624649048e-02,2.012966722249984741e-01,1.963330507278442383e-01,1.346453875303268433e-01,2.369452118873596191e-01,-2.445227932184934616e-03,5.436326861381530762e-01,1.059496030211448669e-01,5.276435613632202148e-01,4.031504094600677490e-01,2.042922377586364746e-01,-2.052690535783767700e-01,-1.492099612951278687e-01,1.451819241046905518e-01,5.990387201309204102e-01,4.275826811790466309e-01,2.805235385894775391e-01,6.551202386617660522e-02,6.464698910713195801e-01,4.547545015811920166e-01,3.056909441947937012e-01,2.085407823324203491e-01,4.549383819103240967e-01,1.829488128423690796e-01,1.448436975479125977e-01,5.208536386489868164e-01,1.203625947237014771e-01,1.588494181632995605e-01,1.386254653334617615e-02,1.954058408737182617e-01
4.939520359039306641e-01,6.825548410415649414e-01,1.150933578610420227e-01,1.661763489246368408e-01,4.226115942001342773e-01,4.322031140327453613e-01,1.235816255211830139e-01,5.126316547393798828e-01,1.000000476837158203e+00,5.076494812965393066e-01,5.799906849861145020e-01,6.495690941810607910e-01,3.686259686946868896e-01,1.627886295318603516e-01,5.977739095687866211e-01,4.317764937877655029e-01,7.014172524213790894e-02,-1.148634552955627441e-01,-1.504486054182052612e-02,1.088736355304718018e-01,2.654641270637512207e-01,2.239712774753570557e-01,3.409051001071929932e-01,2.191340476274490356e-01,3.111960887908935547e-01,2.646456956863403320e-01,5.431971549987792969e-01,3.552000820636749268e-01,1.982500106096267700e-01,-1.559914946556091309e-01,2.580967359244823456e-02,3.222357928752899170e-01,5.853110551834106445e-01,3.887124955654144287e-01,4.719316363334655762e-01,2.149534672498703003e-01,1.539660543203353882e-01,5.735456943511962891e-01,2.280113101005554199e-01,2.287490665912628174e-01,5.311166048049926758e-01,5.159720182418823242e-01,-5.087301507592201233e-02,7.316462397575378418e-01,4.339989423751831055e-01,3.351825773715972900e-01,1.411180645227432251e-01,3.798610270023345947e-01
2.217452824115753174e-01,4.628848731517791748e-01,1.762115359306335449e-01,2.765121161937713623e-01,2.848178446292877197e-01,4.460445046424865723e-01,3.550007939338684082e-01,2.893515229225158691e-01,5.076494812965393066e-01,9.999997615814208984e-01,4.401833713054656982e-01,6.357659697532653809e-01,6.402446031570434570e-01,1.825292855501174927e-01,5.243815779685974121e-01,4.031104743480682373e-01,3.725719153881072998e-01,1.330507546663284302e-01,2.320159226655960083e-01,4.306792318820953369e-01,3.712328076362609863e-01,1.602713167667388916e-01,2.227026671171188354e-01,1.301252692937850952e-01,1.538496315479278564e-01,2.371161729097366333e-01,2.410223931074142456e-01,2.170048058032989502e-01,5.078469589352607727e-02,-4.686286672949790955e-02,5.160178244113922119e-02,4.258357733488082886e-02,2.819625437259674072e-01,2.516345679759979248e-01,2.242468893527984619e-01,2.998445332050323486e-01,9.472654201090335846e-04,4.598071873188018799e-01,1.001050993800163269e-01,2.590166628360748291e-01,2.871962785720825195e-01,6.621293425559997559e-01,2.672951519489288330e-01,4.877448081970214844e-01,5.924192070960998535e-01,6.985639929771423340e-01,3.342626243829727173e-02,1.371014863252639771e-01
4.432700276374816895e-01,5.417713522911071777e-01,-4.305826127529144287e-02,9.031920880079269409e-02,4.259313642978668213e-01,2.751065790653228760e-01,7.558405399322509766e-02,6.285726428031921387e-01,5.799906849861145020e-01,4.401833713054656982e-01,1.000000357627868652e+00,6.163418889045715332e-01,2.494981437921524048e-01,2.802322208881378174e-01,6.940390467643737793e-01,3.211079239845275879e-01,1.445062309503555298e-01,-1.202693507075309753e-01,-8.542798459529876709e-02,9.951184689998626709e-02,1.811238825321197510e-01,1.481208056211471558e-01,2.863354384899139404e-01,3.521122038364410400e-02,3.371781110763549805e-01,2.175518125295639038e-01,4.701966345310211182e-01,2.856093943119049072e-01,1.528416275978088379e-01,-2.192298620939254761e-01,-1.154034063220024109e-01,1.330917477607727051e-01,5.749186277389526367e-01,4.275546371936798096e-01,3.995781540870666504e-01,1.621120870113372803e-01,2.663635611534118652e-01,6.022516489028930664e-01,1.766587942838668823e-01,2.203732579946517944e-01,4.319095611572265625e-01,3.252796232700347900e-01,-7.153277844190597534e-02,5.678626894950866699e-01,3.469650149345397949e-01,2.112861573696136475e-01,1.449784822762012482e-02,2.638304531574249268e-01
2.093302011489868164e-01,5.326926708221435547e-01,-4.956865217536687851e-03,5.741143226623535156e-02,1.836518198251724243e-01,2.716458737850189209e-01,1.328076124191284180e-01,3.704146742820739746e-01,6.495690941810607910e-01,6.357659697532653809e-01,6.163418889045715332e-01,9.999998211860656738e-01,5.262033939361572266e-01,8.477862924337387085e-02,7.479475140571594238e-01,4.993630349636077881e-01,1.435250043869018555e-01,-8.290806412696838379e-02,-5.197880417108535767e-02,1.403975188732147217e-01,2.830861806869506836e-01,1.662433892488479614e-01,3.591409623622894287e-01,1.770484745502471924e-01,9.141809493303298950e-02,3.423271477222442627e-01,3.683094978332519531e-01,1.539490371942520142e-01,1.289594918489456177e-01,-7.108640670776367188e-02,4.707922413945198059e-02,2.146371304988861084e-01,4.715668559074401855e-01,3.675836622714996338e-01,3.339734077453613281e-01,2.680268287658691406e-01,-3.197262436151504517e-02,5.958616733551025391e-01,2.216144502162933350e-01,2.381573766469955444e-01,3.287116885185241699e-01,4.881612062454223633e-01,-6.134966015815734863e-02,5.805513262748718262e-01,4.917049109935760498e-01,4.121821224689483643e-01,8.271048963069915771e-02,2.175375223159790039e-01
6.248311325907707214e-02,2.578371167182922363e-01,2.078393250703811646e-01,1.502328813076019287e-01,7.342623919248580933e-02,2.931784987449645996e-01,2.804244756698608398e-01,1.454403251409530640e-01,3.686259686946868896e-01,6.402446031570434570e-01,2.494981437921524048e-01,5.262033939361572266e-01,1.000000119209289551e+00,1.003439649939537048e-01,4.073458611965179443e-01,5.691168308258056641e-01,3.021252155303955078e-01,1.926598101854324341e-01,2.132590711116790771e-01,4.305583238601684570e-01,4.516539871692657471e-01,1.512528061866760254e-01,3.791692554950714111e-01,1.901661902666091919e-01,1.502910852432250977e-01,2.639675438404083252e-01,1.750250458717346191e-01,1.688212156295776367e-01,-9.676142036914825439e-02,-9.863468818366527557e-03,1.265449225902557373e-01,-1.494485419243574142e-02,2.343647778034210205e-01,2.602185904979705811e-01,9.378447383642196655e-02,4.032082855701446533e-01,-1.522803008556365967e-01,3.660741746425628662e-01,2.355241328477859497e-01,4.076539278030395508e-01,7.025119662284851074e-02,4.837539494037628174e-01,1.812607795000076294e-01,3.495772182941436768e-01,3.546558916568756104e-01,5.334776639938354492e-01,3.725896403193473816e-02,8.053964376449584961e-02
3.525041341781616211e-01,2.180894762277603149e-01,1.235149726271629333e-01,2.946256995201110840e-01,4.267629981040954590e-01,3.289968669414520264e-01,1.471258848905563354e-01,4.839487969875335693e-01,1.627886295318603516e-01,1.825292855501174927e-01,2.802322208881378174e-01,8.477862924337387085e-02,1.003439649939537048e-01,1.000000000000000000e+00,2.605017721652984619e-01,1.494121700525283813e-01,8.845211565494537354e-02,1.963427811861038208e-01,3.503649309277534485e-02,1.487500071525573730e-01,2.337719649076461792e-01,2.601361870765686035e-01,6.234482303261756897e-02,-7.288216799497604370e-02,1.352340877056121826e-01,-3.525478392839431763e-02,2.505339123308658600e-02,2.299829572439193726e-01,1.646323800086975098e-01,-3.036618046462535858e-02,-1.437348425388336182e-01,1.090708374977111816e-01,1.095228362828493118e-02,-6.739266961812973022e-02,6.661266833543777466e-02,-1.361708641052246094e-01,5.878213644027709961e-01,1.033977940678596497e-01,7.413060963153839111e-02,-2.482387609779834747e-02,2.647880017757415771e-01,1.503853499889373779e-01,1.620073020458221436e-01,2.173339128494262695e-01,3.183975443243980408e-02,9.057267755270004272e-02,-7.954191416501998901e-02,1.640931367874145508e-01
2.831362783908843994e-01,5.218603610992431641e-01,4.738198965787887573e-02,8.330942690372467041e-02,2.801263630390167236e-01,2.701189517974853516e-01,4.584620147943496704e-02,4.356204271316528320e-01,5.977739095687866211e-01,5.243815779685974121e-01,6.940390467643737793e-01,7.479475140571594238e-01,4.073458611965179443e-01,2.605017721652984619e-01,9.999999403953552246e-01,4.339267611503601074e-01,8.495706319808959961e-02,-1.287521570920944214e-01,-8.328069001436233521e-02,1.195880919694900513e-01,3.053219914436340332e-01,2.161574810743331909e-01,3.744258284568786621e-01,1.535247564315795898e-01,8.827293664216995239e-02,2.458133995532989502e-01,3.763376176357269287e-01,2.170388549566268921e-01,1.446058750152587891e-01,-1.171663627028465271e-01,-2.994203567504882812e-02,2.427802830934524536e-01,4.452099800109863281e-01,2.966510355472564697e-01,3.164876401424407959e-01,2.569742202758789062e-01,8.150590956211090088e-02,6.833389401435852051e-01,1.736027896404266357e-01,2.397787570953369141e-01,3.383742570877075195e-01,3.956447541713714600e-01,-1.429241746664047241e-01,5.646914243698120117e-01,4.140113592147827148e-01,2.651295065879821777e-01,1.023084595799446106e-01,2.537375092506408691e-01
2.939775884151458740e-01,3.268884122371673584e-01,5.652037449181079865e-03,1.615834534168243408e-01,1.637305170297622681e-01,3.478668928146362305e-01,1.889558434486389160e-01,3.276345431804656982e-01,4.317764937877655029e-01,4.031104743480682373e-01,3.211079239845275879e-01,4.993630349636077881e-01,5.691168308258056641e-01,1.494121700525283813e-01,4.339267611503601074e-01,9.999998211860656738e-01,1.450705081224441528e-01,1.045101787894964218e-02,1.106764152646064758e-01,3.081564009189605713e-01,3.001865446567535400e-01,4.271218553185462952e-02,3.458384275436401367e-01,2.398529201745986938e-01,2.734326720237731934e-01,3.817562162876129150e-01,3.597190380096435547e-01,2.422608286142349243e-01,6.052972376346588135e-02,-1.030476614832878113e-01,4.967203736305236816e-02,8.118692040443420410e-02,4.113402664661407471e-01,2.229063361883163452e-01,2.012035548686981201e-01,3.566243052482604980e-01,-2.308500185608863831e-02,3.599419295787811279e-01,5.304881334304809570e-01,4.217109978199005127e-01,1.747744381427764893e-01,3.195637166500091553e-01,1.554849147796630859e-01,3.790127336978912354e-01,2.432737499475479126e-01,2.835476696491241455e-01,1.536729335784912109e-01,1.324676126241683960e-01
-5.768235400319099426e-02,1.089555844664573669e-01,1.929158866405487061e-01,2.278371006250381470e-01,2.221506554633378983e-03,1.887976676225662231e-01,6.022858023643493652e-01,1.119328662753105164e-01,7.014172524213790894e-02,3.725719153881072998e-01,1.445062309503555298e-01,1.435250043869018555e-01,3.021252155303955078e-01,8.845211565494537354e-02,8.495706319808959961e-02,1.450705081224441528e-01,9.999997019767761230e-01,5.417600274085998535e-01,5.665946006774902344e-01,6.277316808700561523e-01,4.050276279449462891e-01,7.471130788326263428e-02,6.811576336622238159e-02,-7.405302673578262329e-02,-4.001982137560844421e-02,2.105468064546585083e-01,-1.107649430632591248e-01,-8.934499695897102356e-03,-1.286586672067642212e-01,1.713923737406730652e-02,2.123967558145523071e-01,-1.680687218904495239e-01,-8.739707991480827332e-03,7.786441594362258911e-02,1.343655586242675781e-01,1.410649418830871582e-01,6.853961944580078125e-02,1.160332933068275452e-01,1.231836304068565369e-01,1.393051892518997192e-01,-1.536017004400491714e-02,3.646486103534698486e-01,4.418455362319946289e-01,1.554226279258728027e-01,1.874551773071289062e-01,4.032137989997863770e-01,-1.178318634629249573e-01,-2.021071761846542358e-01
-1.340804845094680786e-01,-8.636103570461273193e-02,1.955392658710479736e-01,1.490575522184371948e-01,-1.022559702396392822e-01,1.174647808074951172e-01,5.117768049240112305e-01,-1.131556089967489243e-02,-1.148634552955627441e-01,1.330507546663284302e-01,-1.202693507075309753e-01,-8.290806412696838379e-02,1.926598101854324341e-01,1.963427811861038208e-01,-1.287521570920944214e-01,1.045101787894964218e-02,5.417600274085998535e-01,1.000000476837158203e+00,4.692238271236419678e-01,4.950518608093261719e-01,2.741712331771850586e-01,1.484835892915725708e-01,-1.265712380409240723e-01,-1.784453094005584717e-01,-8.450229465961456299e-02,1.819903962314128876e-02,-2.694506943225860596e-01,-3.373368084430694580e-02,-1.310990303754806519e-01,1.533049046993255615e-01,3.310381472110748291e-01,-1.716069281101226807e-01,-1.794824004173278809e-01,3.357098251581192017e-02,-1.047569438815116882e-01,-1.539449691772460938e-01,1.073561981320381165e-01,-1.425948292016983032e-01,-1.435696706175804138e-02,-1.179434582591056824e-01,-1.194840595126152039e-01,1.798706352710723877e-01,4.356194734573364258e-01,-1.700742729008197784e-02,-2.321744803339242935e-03,2.149666845798492432e-01,-1.961689144372940063e-01,-2.683472335338592529e-01
-2.294448204338550568e-02,-3.001620806753635406e-02,2.865051925182342529e-01,1.375231444835662842e-01,6.938931066542863846e-03,2.147848904132843018e-01,4.692088365554809570e-01,5.369279533624649048e-02,-1.504486054182052612e-02,2.320159226655960083e-01,-8.542798459529876709e-02,-5.197880417108535767e-02,2.132590711116790771e-01,3.503649309277534485e-02,-8.328069001436233521e-02,1.106764152646064758e-01,5.665946006774902344e-01,4.692238271236419678e-01,1.000000476837158203e+00,6.597621440887451172e-01,3.946254551410675049e-01,4.342969879508018494e-02,-3.778530284762382507e-02,3.299985826015472412e-02,-7.112856954336166382e-02,1.151352077722549438e-01,-1.460538059473037720e-01,1.011235266923904419e-01,-1.759581863880157471e-01,-9.793734550476074219e-02,2.685776650905609131e-01,-9.430872648954391479e-02,-1.272087097167968750e-01,-1.855293055996298790e-03,-9.245669841766357422e-02,6.096789240837097168e-02,8.112053573131561279e-02,-4.519693180918693542e-02,5.693946406245231628e-02,4.395259544253349304e-02,-7.471518963575363159e-02,2.716067433357238770e-01,5.414150953292846680e-01,1.028999336995184422e-03,7.702619582414627075e-02,4.112342894077301025e-01,7.735184859484434128e-03,-2.787159681320190430e-01
4.302887246012687683e-02,6.893602758646011353e-02,2.061649262905120850e-01,1.304033547639846802e-01,1.267418116331100464e-01,2.519522011280059814e-01,4.570892155170440674e-01,2.012966722249984741e-01,1.088736355304718018e-01,4.306792318820953369e-01,9.951184689998626709e-02,1.403975188732147217e-01,4.305583238601684570e-01,1.487500071525573730e-01,1.195880919694900513e-01,3.081564009189605713e-01,6.277316808700561523e-01,4.950518608093261719e-01,6.597621440887451172e-01,1.000000357627868652e+00,6.067392826080322266e-01,1.159194037318229675e-01,1.090470179915428162e-01,-4.217706248164176941e-02,6.394083052873611450e-02,1.629596054553985596e-01,1.212696917355060577e-02,9.106506407260894775e-02,-1.310954093933105469e-01,-1.804663240909576416e-02,2.574620842933654785e-01,-9.865043312311172485e-02,8.618415892124176025e-02,1.341941058635711670e-01,5.861576646566390991e-02,1.406809240579605103e-01,1.152942031621932983e-01,1.686046272516250610e-01,1.450006514787673950e-01,2.125654518604278564e-01,-2.191025018692016602e-02,3.467550575733184814e-01,4.853592813014984131e-01,1.536199748516082764e-01,1.768406033515930176e-01,4.430736899375915527e-01,-8.391562104225158691e-02,-2.657714784145355225e-01
1.006335765123367310e-01,2.327475398778915405e-01,2.490670680999755859e-01,1.372809559106826782e-01,2.532325387001037598e-01,3.145369589328765869e-01,2.954370975494384766e-01,1.963330507278442383e-01,2.654641270637512207e-01,3.712328076362609863e-01,1.811238825321197510e-01,2.830861806869506836e-01,4.516539871692657471e-01,2.337719649076461792e-01,3.053219914436340332e-01,3.001865446567535400e-01,4.050276279449462891e-01,2.741712331771850586e-01,3.946254551410675049e-01,6.067392826080322266e-01,1.000000000000000000e+00,3.822992742061614990e-01,4.128733873367309570e-01,1.200533211231231689e-01,-6.026648357510566711e-02,5.982955917716026306e-02,5.504528805613517761e-02,1.575041860342025757e-01,9.799201972782611847e-03,-2.326180227100849152e-03,2.099017500877380371e-01,1.616991162300109863e-01,1.265868395566940308e-01,2.000245302915573120e-01,6.890737265348434448e-02,2.028328776359558105e-01,1.408284753561019897e-01,3.028225898742675781e-01,1.244510635733604431e-01,2.707548737525939941e-01,1.848860830068588257e-01,3.728914260864257812e-01,2.435959875583648682e-01,3.119736909866333008e-01,2.332254499197006226e-01,3.357715606689453125e-01,7.023497670888900757e-02,1.633559539914131165e-02
1.432657241821289062e-01,2.976109683513641357e-01,1.616075932979583740e-01,1.186911687254905701e-01,2.252701073884963989e-01,3.199861943721771240e-01,7.251854985952377319e-02,1.346453875303268433e-01,2.239712774753570557e-01,1.602713167667388916e-01,1.481208056211471558e-01,1.662433892488479614e-01,1.512528061866760254e-01,2.601361870765686035e-01,2.161574810743331909e-01,4.271218553185462952e-02,7.471130788326263428e-02,1.484835892915725708e-01,4.342969879508018494e-02,1.159194037318229675e-01,3.822992742061614990e-01,1.000000238418579102e+00,2.211730033159255981e-01,1.323683708906173706e-01,-5.050717666745185852e-02,-1.691202670335769653e-01,5.901749059557914734e-02,1.219945996999740601e-01,9.912720322608947754e-02,7.299573719501495361e-02,2.190811038017272949e-01,4.797799885272979736e-01,7.120928913354873657e-02,5.304055660963058472e-02,1.783965677022933960e-01,-1.398134976625442505e-02,1.967346072196960449e-01,2.220881581306457520e-01,-5.313270539045333862e-02,1.027464214712381363e-02,2.318675071001052856e-01,2.647989392280578613e-01,7.986028492450714111e-02,3.117411732673645020e-01,1.758174747228622437e-01,2.067817151546478271e-01,1.142865419387817383e-01,4.334823489189147949e-01
2.393511384725570679e-01,3.052072525024414062e-01,8.965782076120376587e-02,2.655620453879237175e-03,2.055775970220565796e-01,9.925775229930877686e-02,-5.778186395764350891e-02,2.369452118873596191e-01,3.409051001071929932e-01,2.227026671171188354e-01,2.863354384899139404e-01,3.591409623622894287e-01,3.791692554950714111e-01,6.234482303261756897e-02,3.744258284568786621e-01,3.458384275436401367e-01,6.811576336622238159e-02,-1.265712380409240723e-01,-3.778530284762382507e-02,1.090470179915428162e-01,4.128733873367309570e-01,2.211730033159255981e-01,9.999997019767761230e-01,3.989644944667816162e-01,2.592196762561798096e-01,1.755846440792083740e-01,3.004173338413238525e-01,2.929004132747650146e-01,-6.567072868347167969e-02,-1.626065224409103394e-01,4.174907505512237549e-02,1.345167160034179688e-01,3.255099058151245117e-01,2.881810665130615234e-01,7.918730378150939941e-02,5.085565447807312012e-01,-2.092037815600633621e-03,4.277839958667755127e-01,3.468441367149353027e-01,6.393505334854125977e-01,2.600599527359008789e-01,1.329647302627563477e-01,-8.179982751607894897e-02,3.196760118007659912e-01,1.781505495309829712e-01,1.363313198089599609e-01,2.823938727378845215e-01,4.175030887126922607e-01
1.308249533176422119e-01,1.653860956430435181e-01,1.006521433591842651e-01,6.833313405513763428e-02,1.402526050806045532e-01,1.628183573484420776e-01,-2.572645805776119232e-02,-2.445227932184934616e-03,2.191340476274490356e-01,1.301252692937850952e-01,3.521122038364410400e-02,1.770484745502471924e-01,1.901661902666091919e-01,-7.288216799497604370e-02,1.535247564315795898e-01,2.398529201745986938e-01,-7.405302673578262329e-02,-1.784453094005584717e-01,3.299985826015472412e-02,-4.217706248164176941e-02,1.200533211231231689e-01,1.323683708906173706e-01,3.989644944667816162e-01,1.000000357627868652e+00,3.103132732212543488e-02,1.409757435321807861e-01,1.497571468353271484e-01,1.464707851409912109e-01,-2.934203855693340302e-02,-8.369554579257965088e-02,2.970864176750183105e-01,2.844834625720977783e-01,1.076040342450141907e-01,9.203771501779556274e-02,1.240216046571731567e-01,5.555970668792724609e-01,-1.094606965780258179e-01,2.397361695766448975e-01,1.983273327350616455e-01,3.924939334392547607e-01,1.923539787530899048e-01,1.011463478207588196e-01,3.193033393472433090e-03,2.140013128519058228e-01,5.512079969048500061e-02,1.440212577581405640e-01,7.691694498062133789e-01,4.989209473133087158e-01
5.953522324562072754e-01,2.792310118675231934e-01,-1.205579936504364014e-01,2.781840041279792786e-02,3.542343676090240479e-01,1.901234984397888184e-01,-4.359271004796028137e-02,5.436326861381530762e-01,3.111960887908935547e-01,1.538496315479278564e-01,3.371781110763549805e-01,9.141809493303298950e-02,1.502910852432250977e-01,1.352340877056121826e-01,8.827293664216995239e-02,2.734326720237731934e-01,-4.001982137560844421e-02,-8.450229465961456299e-02,-7.112856954336166382e-02,6.394083052873611450e-02,-6.026648357510566711e-02,-5.050717666745185852e-02,2.592196762561798096e-01,3.103132732212543488e-02,1.000000119209289551e+00,1.362168490886688232e-01,6.359726190567016602e-01,4.588842093944549561e-01,5.870760604739189148e-02,-2.092241644859313965e-01,-1.788138151168823242e-01,-4.035272821784019470e-02,5.676414966583251953e-01,3.606382310390472412e-01,1.315221488475799561e-01,1.758778989315032959e-01,3.050912022590637207e-01,2.513152360916137695e-01,3.293384313583374023e-01,3.478509485721588135e-01,3.038569092750549316e-01,2.652919664978981018e-02,7.686540484428405762e-02,3.131025135517120361e-01,2.432787977159023285e-02,6.494559347629547119e-02,4.208858683705329895e-02,2.367442995309829712e-01
1.277349889278411865e-01,2.259088754653930664e-01,4.675351083278656006e-02,2.158203423023223877e-01,8.357926458120346069e-02,1.542736291885375977e-01,3.393979966640472412e-01,1.059496030211448669e-01,2.646456956863403320e-01,2.371161729097366333e-01,2.175518125295639038e-01,3.423271477222442627e-01,2.639675438404083252e-01,-3.525478392839431763e-02,2.458133995532989502e-01,3.817562162876129150e-01,2.105468064546585083e-01,1.819903962314128876e-02,1.151352077722549438e-01,1.629596054553985596e-01,5.982955917716026306e-02,-1.691202670335769653e-01,1.755846440792083740e-01,1.409757435321807861e-01,1.362168490886688232e-01,9.999994039535522461e-01,2.005693614482879639e-01,9.048077464103698730e-02,-2.400290966033935547e-02,-2.291319221258163452e-01,2.639666795730590820e-01,5.250379815697669983e-02,2.345400154590606689e-01,1.160130500793457031e-01,2.027534246444702148e-01,2.942179739475250244e-01,-8.584714680910110474e-02,2.114113420248031616e-01,2.168110460042953491e-01,2.101787179708480835e-01,8.443479984998703003e-02,2.250606566667556763e-01,5.739154759794473648e-03,1.458618491888046265e-01,2.125643640756607056e-01,1.585370153188705444e-01,3.983789309859275818e-02,2.679376117885112762e-02
6.379211544990539551e-01,5.396934747695922852e-01,-5.045150965452194214e-02,7.974606752395629883e-02,4.389821887016296387e-01,3.239469528198242188e-01,-6.200986728072166443e-02,5.276435613632202148e-01,5.431971549987792969e-01,2.410223931074142456e-01,4.701966345310211182e-01,3.683094978332519531e-01,1.750250458717346191e-01,2.505339123308658600e-02,3.763376176357269287e-01,3.597190380096435547e-01,-1.107649430632591248e-01,-2.694506943225860596e-01,-1.460538059473037720e-01,1.212696917355060577e-02,5.504528805613517761e-02,5.901749059557914734e-02,3.004173338413238525e-01,1.497571468353271484e-01,6.359726190567016602e-01,2.005693614482879639e-01,1.000000119209289551e+00,5.512725710868835449e-01,2.949090003967285156e-01,-1.231052204966545105e-01,-1.087835058569908142e-01,2.185514718294143677e-01,7.899472713470458984e-01,4.423554837703704834e-01,3.536880910396575928e-01,2.741787731647491455e-01,2.194486856460571289e-01,5.050523281097412109e-01,2.638316452503204346e-01,3.107506036758422852e-01,5.402117967605590820e-01,2.049887478351593018e-01,-6.270947307348251343e-02,5.416111350059509277e-01,2.359248548746109009e-01,1.133361309766769409e-01,1.865637749433517456e-01,3.505586087703704834e-01
6.996500492095947266e-01,4.662913084030151367e-01,3.608148097991943359e-01,4.102860391139984131e-01,5.471882820129394531e-01,4.959686994552612305e-01,2.250520437955856323e-01,4.031504094600677490e-01,3.552000820636749268e-01,2.170048058032989502e-01,2.856093943119049072e-01,1.539490371942520142e-01,1.688212156295776367e-01,2.299829572439193726e-01,2.170388549566268921e-01,2.422608286142349243e-01,-8.934499695897102356e-03,-3.373368084430694580e-02,1.011235266923904419e-01,9.106506407260894775e-02,1.575041860342025757e-01,1.219945996999740601e-01,2.929004132747650146e-01,1.464707851409912109e-01,4.588842093944549561e-01,9.048077464103698730e-02,5.512725710868835449e-01,1.000000000000000000e+00,5.103071331977844238e-01,-2.403228729963302612e-02,1.812076009809970856e-02,8.676887303590774536e-02,4.587383568286895752e-01,2.423984110355377197e-01,1.313144564628601074e-01,2.383258342742919922e-01,3.113992512226104736e-01,2.926661372184753418e-01,2.021621018648147583e-01,2.604897618293762207e-01,5.571188926696777344e-01,2.935940623283386230e-01,1.878147721290588379e-01,3.466235697269439697e-01,2.264513820409774780e-01,2.416089177131652832e-01,1.764276474714279175e-01,2.296156585216522217e-01
4.206433892250061035e-01,4.424470365047454834e-01,1.229741349816322327e-01,4.842994809150695801e-01,4.352876245975494385e-01,4.475182592868804932e-01,2.143110036849975586e-01,2.042922377586364746e-01,1.982500106096267700e-01,5.078469589352607727e-02,1.528416275978088379e-01,1.289594918489456177e-01,-9.676142036914825439e-02,1.646323800086975098e-01,1.446058750152587891e-01,6.052972376346588135e-02,-1.286586672067642212e-01,-1.310990303754806519e-01,-1.759581863880157471e-01,-1.310954093933105469e-01,9.799201972782611847e-03,9.912720322608947754e-02,-6.567072868347167969e-02,-2.934203855693340302e-02,5.870760604739189148e-02,-2.400290966033935547e-02,2.949090003967285156e-01,5.103071331977844238e-01,1.000000357627868652e+00,4.132553040981292725e-01,5.183173343539237976e-02,1.967063844203948975e-01,2.129099518060684204e-01,9.121780842542648315e-02,2.605133056640625000e-01,-2.748663164675235748e-02,2.407745718955993652e-01,1.607825458049774170e-01,2.256286703050136566e-02,-1.533373743295669556e-01,5.026777386665344238e-01,2.882414758205413818e-01,1.155365183949470520e-01,2.572515308856964111e-01,2.428513169288635254e-01,6.764473021030426025e-02,2.845863439142704010e-02,1.577760651707649231e-02
-2.088037133216857910e-01,-5.682049319148063660e-02,9.375380724668502808e-02,1.232379972934722900e-01,-1.606992632150650024e-01,9.426705539226531982e-03,7.870137691497802734e-02,-2.052690535783767700e-01,-1.559914946556091309e-01,-4.686286672949790955e-02,-2.192298620939254761e-01,-7.108640670776367188e-02,-9.863468818366527557e-03,-3.036618046462535858e-02,-1.171663627028465271e-01,-1.030476614832878113e-01,1.713923737406730652e-02,1.533049046993255615e-01,-9.793734550476074219e-02,-1.804663240909576416e-02,-2.326180227100849152e-03,7.299573719501495361e-02,-1.626065224409103394e-01,-8.369554579257965088e-02,-2.092241644859313965e-01,-2.291319221258163452e-01,-1.231052204966545105e-01,-2.403228729963302612e-02,4.132553040981292725e-01,1.000000834465026855e+00,1.332379132509231567e-01,3.314984962344169617e-02,-2.111552208662033081e-01,-3.184399008750915527e-02,9.433145076036453247e-02,-5.666263028979301453e-02,-8.918448537588119507e-02,-1.171717643737792969e-01,-2.549699565861374140e-04,-1.761499047279357910e-01,-4.683279991149902344e-02,9.161961078643798828e-02,1.360425651073455811e-01,-6.678690761327743530e-02,4.050456359982490540e-02,6.249933317303657532e-02,-8.940517157316207886e-02,-1.087464615702629089e-01
-1.656790226697921753e-01,3.794533014297485352e-02,6.544018536806106567e-02,2.806247398257255554e-02,-6.628201156854629517e-02,6.972666829824447632e-02,3.572503328323364258e-01,-1.492099612951278687e-01,2.580967359244823456e-02,5.160178244113922119e-02,-1.154034063220024109e-01,4.707922413945198059e-02,1.265449225902557373e-01,-1.437348425388336182e-01,-2.994203567504882812e-02,4.967203736305236816e-02,2.123967558145523071e-01,3.310381472110748291e-01,2.685776650905609131e-01,2.574620842933654785e-01,2.099017500877380371e-01,2.190811038017272949e-01,4.174907505512237549e-02,2.970864176750183105e-01,-1.788138151168823242e-01,2.639666795730590820e-01,-1.087835058569908142e-01,1.812076009809970856e-02,5.183173343539237976e-02,1.332379132509231567e-01,1.000000357627868652e+00,1.527498215436935425e-01,-1.173880174756050110e-01,8.214822411537170410e-02,7.805804163217544556e-02,2.339566648006439209e-01,-1.421250402927398682e-01,4.264112934470176697e-02,-5.048264865763485432e-04,9.158783406019210815e-02,-8.813369274139404297e-02,1.448171883821487427e-01,8.268012851476669312e-02,5.272205453366041183e-03,1.126516684889793396e-01,8.224879950284957886e-02,2.256418913602828979e-01,-5.262563005089759827e-02
2.113717794418334961e-01,3.888770341873168945e-01,3.398377820849418640e-02,1.015454009175300598e-01,2.930373847484588623e-01,2.491822987794876099e-01,-5.728461220860481262e-02,1.451819241046905518e-01,3.222357928752899170e-01,4.258357733488082886e-02,1.330917477607727051e-01,2.146371304988861084e-01,-1.494485419243574142e-02,1.090708374977111816e-01,2.427802830934524536e-01,8.118692040443420410e-02,-1.680687218904495239e-01,-1.716069281101226807e-01,-9.430872648954391479e-02,-9.865043312311172485e-02,1.616991162300109863e-01,4.797799885272979736e-01,1.345167160034179688e-01,2.844834625720977783e-01,-4.035272821784019470e-02,5.250379815697669983e-02,2.185514718294143677e-01,8.676887303590774536e-02,1.967063844203948975e-01,3.314984962344169617e-02,1.527498215436935425e-01,1.000000119209289551e+00,1.829168200492858887e-01,7.384829223155975342e-03,2.617616951465606689e-01,3.639534115791320801e-02,1.591830998659133911e-01,2.623381316661834717e-01,-5.292909219861030579e-02,-5.301888287067413330e-02,3.124242126941680908e-01,2.189286053180694580e-01,-8.427772670984268188e-02,2.981033325195312500e-01,2.235899567604064941e-01,6.467545777559280396e-02,3.584107160568237305e-01,4.541334509849548340e-01
6.257466077804565430e-01,5.337349772453308105e-01,4.285453818738460541e-03,7.176460325717926025e-02,4.172016680240631104e-01,2.695029675960540771e-01,-1.880640722811222076e-02,5.990387201309204102e-01,5.853110551834106445e-01,2.819625437259674072e-01,5.749186277389526367e-01,4.715668559074401855e-01,2.343647778034210205e-01,1.095228362828493118e-02,4.452099800109863281e-01,4.113402664661407471e-01,-8.739707991480827332e-03,-1.794824004173278809e-01,-1.272087097167968750e-01,8.618415892124176025e-02,1.265868395566940308e-01,7.120928913354873657e-02,3.255099058151245117e-01,1.076040342450141907e-01,5.676414966583251953e-01,2.345400154590606689e-01,7.899472713470458984e-01,4.587383568286895752e-01,2.129099518060684204e-01,-2.111552208662033081e-01,-1.173880174756050110e-01,1.829168200492858887e-01,1.000000000000000000e+00,5.834632515907287598e-01,3.817155361175537109e-01,2.435571104288101196e-01,2.462283372879028320e-01,5.406016707420349121e-01,2.716270685195922852e-01,3.370245695114135742e-01,5.252323150634765625e-01,2.316952049732208252e-01,-5.002420023083686829e-02,5.740542411804199219e-01,2.286380976438522339e-01,1.502515971660614014e-01,1.264141649007797241e-01,3.020221889019012451e-01
