1.000000000000000000e+00,4.024903178215026855e-01,4.101593792438507080e-01,3.423333168029785156e-01,-1.360895857214927673e-02,-4.366846010088920593e-02,4.756602644920349121e-01,2.883124649524688721e-01,8.456686139106750488e-02,-4.740519076585769653e-02,4.994510710239410400e-01,2.059787362813949585e-01,2.955367565155029297e-01,1.825558245182037354e-01,1.733014732599258423e-01,3.091350756585597992e-02,4.821986556053161621e-01,2.616811096668243408e-01,5.552187561988830566e-01,5.550261139869689941e-01,4.869877547025680542e-02,6.312724202871322632e-02,3.623601198196411133e-01,3.694808483123779297e-01,1.254740171134471893e-03,1.169132068753242493e-02,2.012585662305355072e-02,4.255647212266921997e-02,3.346520066261291504e-01,2.917152643203735352e-01,1.148203983902931213e-01,1.816743761301040649e-01,2.481017857789993286e-01,2.132033407688140869e-01,8.278061635792255402e-03,1.574940606951713562e-02,-7.805513590574264526e-02,-8.794455975294113159e-02,8.227246999740600586e-02,-3.453492373228073120e-02,1.138714328408241272e-01,8.219564333558082581e-03,1.685412414371967316e-02,2.320072799921035767e-02,1.359036266803741455e-01,2.262089401483535767e-01,1.026575043797492981e-01,-1.953834667801856995e-02,2.531808912754058838e-01,2.004651725292205811e-01,2.190119773149490356e-01,8.657886087894439697e-02,1.376128941774368286e-01,9.739724546670913696e-02,8.855464309453964233e-02,-9.649671614170074463e-02,7.373092770576477051e-01,5.352793335914611816e-01,6.268127560615539551e-01,5.672580003738403320e-01,6.136386990547180176e-01,5.488023161888122559e-01,5.302825570106506348e-01,3.199869096279144287e-01,3.871852755546569824e-01,2.829312086105346680e-01,3.852698504924774170e-01,3.496460020542144775e-01,4.430471956729888916e-01,5.177581906318664551e-01,-8.034248650074005127e-02,2.430620230734348297e-02,1.791465133428573608e-01,-4.720337316393852234e-02,4.659272730350494385e-02,-9.608758985996246338e-02,-1.218043416738510132e-01,-1.363181918859481812e-01,1.145086064934730530e-01,2.921496629714965820e-01,3.452315628528594971e-01,1.248443424701690674e-01,1.106445342302322388e-01,1.148245260119438171e-01,2.161837220191955566e-01,8.500897325575351715e-03,1.294900923967361450e-01,1.651496887207031250e-01,3.099019229412078857e-01,-1.459351927042007446e-02,1.298998147249221802e-01,1.040180996060371399e-01,1.634182035923004150e-01,1.832266747951507568e-01,3.685901314020156860e-02,-1.732366159558296204e-02,2.040202356874942780e-02,-1.402765363454818726e-01,1.262791454792022705e-01,-3.419814631342887878e-02,2.044318765401840210e-01,2.374743521213531494e-01,1.266082078218460083e-01,7.741642743349075317e-02,3.162760287523269653e-02,6.609546951949596405e-03,8.168428391218185425e-02,1.877352042356505990e-04,-9.197663515806198120e-02,-1.189687550067901611e-01,-7.157349586486816406e-02,1.446425467729568481e-01,1.025551706552505493e-01,1.278261840343475342e-02,6.957897450774908066e-03,2.243480645120143890e-02
4.024903178215026855e-01,1.000000000000000000e+00,4.642939269542694092e-01,6.515944600105285645e-01,1.315285563468933105e-01,2.781051695346832275e-01,4.341033697128295898e-01,6.440344452857971191e-01,1.819080114364624023e-01,2.358343452215194702e-01,3.201070725917816162e-01,6.192769408226013184e-01,2.777165472507476807e-01,5.381940007209777832e-01,2.109110206365585327e-01,3.320069611072540283e-01,2.021899819374084473e-01,4.721838533878326416e-01,5.000187158584594727e-01,6.016225814819335938e-01,5.608831346035003662e-02,1.064019203186035156e-01,5.390627980232238770e-01,5.596076846122741699e-01,1.247779503464698792e-01,2.790630459785461426e-01,2.189508527517318726e-01,2.660347521305084229e-01,1.356839984655380249e-01,4.127698838710784912e-01,2.543563544750213623e-01,3.353359103202819824e-01,1.541351675987243652e-01,2.044705152511596680e-01,-1.290092915296554565e-01,-5.855796113610267639e-02,-2.030297964811325073e-01,-1.747947931289672852e-01,-1.187938377261161804e-01,-1.232229452580213547e-02,6.653337925672531128e-02,4.061884805560112000e-02,9.160584956407546997e-02,5.583519861102104187e-02,2.750003039836883545e-01,3.130216896533966064e-01,1.200275942683219910e-01,3.991799801588058472e-02,4.283281862735748291e-01,3.848204016685485840e-01,3.488352596759796143e-01,2.037890851497650146e-01,8.502133935689926147e-02,2.301003225147724152e-02,6.621954590082168579e-02,1.326561868190765381e-01,5.025594234466552734e-01,7.275983095169067383e-01,6.149888634681701660e-01,6.666265726089477539e-01,5.983762741088867188e-01,6.560557484626770020e-01,3.276622593402862549e-01,5.807532668113708496e-01,3.047366738319396973e-01,4.804561436176300049e-01,4.334143400192260742e-01,3.952912390232086182e-01,4.774304330348968506e-01,4.910696446895599365e-01,-2.163877040147781372e-01,-1.164796203374862671e-01,5.810739845037460327e-02,-4.504644870758056641e-02,2.195894271135330200e-01,1.396129429340362549e-01,-2.165433764457702637e-01,-1.993549168109893799e-01,7.796773314476013184e-02,2.147157937288284302e-01,1.853474080562591553e-01,2.940983474254608154e-01,-7.015291601419448853e-03,2.838613986968994141e-01,2.593336999416351318e-01,1.777724176645278931e-01,1.372524201869964600e-01,2.463935315608978271e-01,3.511758521199226379e-02,1.928094923496246338e-01,1.822048574686050415e-01,1.613309979438781738e-01,3.186725378036499023e-01,2.135720849037170410e-01,-6.472290307283401489e-02,-3.037633933126926422e-02,2.797844447195529938e-02,-1.324734985828399658e-01,6.362463533878326416e-02,-1.601295918226242065e-02,3.159722685813903809e-01,2.225502431392669678e-01,2.632744312286376953e-01,1.738108843564987183e-01,1.455332487821578979e-01,3.720627725124359131e-02,6.668940931558609009e-02,-9.483848512172698975e-02,-1.674840897321701050e-01,-1.093787327408790588e-01,-1.087740212678909302e-01,6.597855687141418457e-02,1.587345302104949951e-01,1.521115303039550781e-01,6.204427033662796021e-02,-1.480612307786941528e-01
4.101593792438507080e-01,4.642939269542694092e-01,1.000000000000000000e+00,6.415350437164306641e-01,3.788876235485076904e-01,5.484921932220458984e-01,6.167882680892944336e-01,5.867522358894348145e-01,3.854570984840393066e-01,4.698900878429412842e-01,4.327373504638671875e-01,3.395444750785827637e-01,5.175366401672363281e-01,5.330598354339599609e-01,4.056198596954345703e-01,5.168132185935974121e-01,4.988075047731399536e-02,2.374797016382217407e-01,4.754807353019714355e-01,3.639082014560699463e-01,2.285773754119873047e-01,2.154638320207595825e-01,7.695925831794738770e-01,6.637136340141296387e-01,4.748245477676391602e-01,5.618487596511840820e-01,5.079468488693237305e-01,5.375813245773315430e-01,1.819492876529693604e-01,3.979260027408599854e-01,4.063279330730438232e-01,5.031871795654296875e-01,1.959378272294998169e-01,1.706825345754623413e-01,1.657560467720031738e-01,9.522298723459243774e-02,1.417540609836578369e-01,4.514911025762557983e-02,1.689538210630416870e-01,8.710602670907974243e-02,2.583488225936889648e-01,6.271714717149734497e-02,1.754904091358184814e-01,1.025425568222999573e-01,2.344917654991149902e-01,2.481334358453750610e-01,2.740008533000946045e-01,1.411968171596527100e-01,3.014804422855377197e-01,2.987351119518280029e-01,2.449032962322235107e-01,1.739237904548645020e-01,1.467911005020141602e-01,3.901787567883729935e-03,1.894481033086776733e-01,1.152726560831069946e-01,3.425593972206115723e-01,4.702425003051757812e-01,4.007906913757324219e-01,3.457355201244354248e-01,5.003716945648193359e-01,3.919161558151245117e-01,1.969500631093978882e-01,2.473771125078201294e-01,5.091307759284973145e-01,3.865798413753509521e-01,5.236768722534179688e-01,4.840818345546722412e-01,4.146803617477416992e-01,3.939371705055236816e-01,9.429239481687545776e-02,3.289040923118591309e-02,1.558161377906799316e-01,-2.968334965407848358e-02,4.033552706241607666e-01,2.855300903320312500e-01,7.737224549055099487e-02,4.069758579134941101e-02,5.878886952996253967e-02,1.684250533580780029e-01,1.957211047410964966e-01,1.622253507375717163e-01,2.854068279266357422e-01,4.471081793308258057e-01,5.513852238655090332e-01,2.424554228782653809e-01,4.050684571266174316e-01,5.027191042900085449e-01,2.951983511447906494e-01,1.458346545696258545e-01,2.281512320041656494e-01,2.496116161346435547e-01,3.935024738311767578e-01,4.305540025234222412e-01,6.006368249654769897e-02,1.009686440229415894e-01,1.917102783918380737e-01,5.717300251126289368e-02,1.111588180065155029e-01,1.314390152692794800e-01,4.362754821777343750e-01,4.107636213302612305e-01,2.830295562744140625e-01,3.300845324993133545e-01,3.231097757816314697e-01,1.219891607761383057e-01,1.507202535867691040e-01,-3.242414072155952454e-02,3.056941367685794830e-02,1.439418345689773560e-01,1.566133350133895874e-01,1.688223928213119507e-01,2.086795419454574585e-01,2.094340026378631592e-01,1.580465286970138550e-01,9.551015496253967285e-02
3.423333168029785156e-01,6.515944600105285645e-01,6.415350437164306641e-01,1.000000000000000000e+00,2.391090095043182373e-01,5.468147397041320801e-01,5.088936090469360352e-01,7.901167869567871094e-01,2.565721869468688965e-01,4.328584074974060059e-01,2.721183001995086670e-01,5.705208182334899902e-01,3.234231472015380859e-01,6.858785748481750488e-01,3.034286499023437500e-01,5.222289562225341797e-01,9.631164371967315674e-02,3.997828066349029541e-01,4.259031116962432861e-01,4.795718491077423096e-01,1.027210503816604614e-01,7.417514920234680176e-02,6.969367265701293945e-01,7.831079363822937012e-01,3.275860249996185303e-01,5.046086311340332031e-01,3.502205610275268555e-01,4.104659855365753174e-01,7.985205948352813721e-02,3.781961202621459961e-01,3.495342731475830078e-01,4.792499542236328125e-01,1.226306799799203873e-02,9.921861439943313599e-02,-7.824366539716720581e-02,-7.952941209077835083e-02,-1.717232763767242432e-01,-1.555580943822860718e-01,-6.193112954497337341e-02,1.284449454396963120e-02,1.616252809762954712e-01,5.306364968419075012e-02,1.298137605190277100e-01,2.759541850537061691e-03,2.107121795415878296e-01,1.773679405450820923e-01,1.456453055143356323e-01,2.163399569690227509e-02,3.546800911426544189e-01,2.583794593811035156e-01,2.458460330963134766e-01,8.172088116407394409e-02,7.287849485874176025e-02,-1.637101173400878906e-02,1.272103935480117798e-01,8.298196643590927124e-02,3.873210251331329346e-01,5.771673917770385742e-01,4.699099361896514893e-01,4.773705303668975830e-01,4.900166690349578857e-01,5.625662207603454590e-01,2.531956136226654053e-01,4.812180995941162109e-01,4.004666805267333984e-01,4.938085973262786865e-01,4.001434147357940674e-01,3.153599500656127930e-01,4.195267558097839355e-01,3.983662724494934082e-01,-2.069926857948303223e-01,-2.006190568208694458e-01,1.198722869157791138e-01,-1.401893198490142822e-01,3.526175618171691895e-01,2.155530154705047607e-01,-2.717077434062957764e-01,-2.391634434461593628e-01,2.395252138376235962e-02,1.425281763076782227e-01,1.609805375337600708e-01,2.749376595020294189e-01,1.961879283189773560e-01,4.893421530723571777e-01,3.766494393348693848e-01,2.527823448181152344e-01,3.530443906784057617e-01,5.018754005432128906e-01,8.991830050945281982e-02,2.065914273262023926e-01,2.229527682065963745e-01,2.196505814790725708e-01,3.927172422409057617e-01,2.946297526359558105e-01,-6.198598071932792664e-02,-3.414631262421607971e-02,6.879631429910659790e-02,-1.284080445766448975e-01,9.329397231340408325e-02,4.551190417259931564e-03,4.951095581054687500e-01,2.859542369842529297e-01,2.959289550781250000e-01,2.493390291929244995e-01,1.886118799448013306e-01,-1.738006249070167542e-03,1.637327671051025391e-01,-1.435693353414535522e-01,-1.134184226393699646e-01,-4.220154136419296265e-02,-9.484338760375976562e-02,6.390167027711868286e-02,1.955801248550415039e-01,1.835799217224121094e-01,1.278997510671615601e-01,-1.027508452534675598e-01
-1.360895857214927673e-02,1.315285563468933105e-01,3.788876235485076904e-01,2.391090095043182373e-01,1.000000000000000000e+00,5.856845378875732422e-01,5.358579009771347046e-02,2.269004285335540771e-01,7.181977629661560059e-01,7.385213375091552734e-01,1.939338892698287964e-01,8.984113484621047974e-02,2.291752845048904419e-01,2.224335372447967529e-01,4.779866337776184082e-01,5.380698442459106445e-01,-6.973175704479217529e-02,9.068440645933151245e-02,1.397280991077423096e-01,9.980864822864532471e-02,3.001219630241394043e-01,3.198853433132171631e-01,3.464432060718536377e-01,2.904432713985443115e-01,5.010247230529785156e-01,4.436085820198059082e-01,6.560428142547607422e-01,5.797786712646484375e-01,1.364029198884963989e-01,1.982903480529785156e-01,2.012216299772262573e-01,2.933077216148376465e-01,4.926805850118398666e-03,6.944373250007629395e-02,9.384971112012863159e-02,6.109898537397384644e-02,9.403802454471588135e-02,4.580470547080039978e-02,1.250713020563125610e-01,1.378564834594726562e-01,2.091475427150726318e-01,1.176752448081970215e-01,4.722660779953002930e-02,-3.931453451514244080e-02,-7.575077470391988754e-03,4.328818246722221375e-02,2.136007398366928101e-01,1.191805675625801086e-01,-5.226336047053337097e-02,-1.123999245464801788e-02,3.707817569375038147e-02,-5.958171095699071884e-04,1.102140694856643677e-01,-8.089298754930496216e-02,6.773559004068374634e-02,1.010353639721870422e-01,5.661345645785331726e-02,1.519866883754730225e-01,2.550777513533830643e-03,-8.754972368478775024e-02,1.040427088737487793e-01,4.685518145561218262e-02,-5.275466293096542358e-02,3.029809519648551941e-02,1.104605272412300110e-01,3.212428838014602661e-02,1.512936055660247803e-01,2.529163360595703125e-01,1.576707661151885986e-01,1.573844403028488159e-01,5.140592530369758606e-02,5.762838199734687805e-02,1.788016110658645630e-01,1.396662294864654541e-01,2.817007005214691162e-01,2.456954121589660645e-01,7.602403312921524048e-02,-2.843202790245413780e-03,9.331767261028289795e-02,4.756994917988777161e-02,1.131204795092344284e-02,3.765304759144783020e-02,2.315725982189178467e-01,3.522461056709289551e-01,2.834873199462890625e-01,1.345795243978500366e-01,2.274151146411895752e-01,4.289472401142120361e-01,3.065234422683715820e-01,1.239698156714439392e-01,8.775801211595535278e-02,9.816740453243255615e-02,3.300656974315643311e-01,3.296830952167510986e-01,7.840305566787719727e-02,8.641158789396286011e-02,1.090388447046279907e-01,3.890667110681533813e-02,-4.408080130815505981e-03,3.160580992698669434e-02,2.260130196809768677e-01,1.968994885683059692e-01,1.274354159832000732e-01,8.876679837703704834e-02,2.129157632589340210e-01,1.378557980060577393e-01,1.686542928218841553e-01,-5.605940148234367371e-02,7.859968394041061401e-02,7.592272758483886719e-02,1.083457544445991516e-01,4.670133814215660095e-02,1.643143743276596069e-01,2.815202474594116211e-01,2.314047366380691528e-01,4.268398508429527283e-02
-4.366846010088920593e-02,2.781051695346832275e-01,5.484921932220458984e-01,5.468147397041320801e-01,5.856845378875732422e-01,1.000000000000000000e+00,2.491578757762908936e-01,5.174566507339477539e-01,4.750288724899291992e-01,7.447841167449951172e-01,1.199825108051300049e-01,2.561875879764556885e-01,2.143948823213577271e-01,4.706356823444366455e-01,3.434687554836273193e-01,6.344180107116699219e-01,-1.271726340055465698e-01,1.723449528217315674e-01,1.557174623012542725e-01,7.458225637674331665e-02,2.846137583255767822e-01,2.533029913902282715e-01,5.604691505432128906e-01,5.309141278266906738e-01,6.001459956169128418e-01,7.002382278442382812e-01,6.768601536750793457e-01,6.850734949111938477e-01,8.980161696672439575e-02,2.882147133350372314e-01,4.033598899841308594e-01,5.098471641540527344e-01,2.163570187985897064e-02,6.810773909091949463e-02,1.168513372540473938e-01,1.085966229438781738e-01,1.117493510246276855e-01,2.336856536567211151e-02,9.526521712541580200e-02,7.578176259994506836e-02,2.570835947990417480e-01,6.942461431026458740e-02,1.046518981456756592e-01,3.374250605702400208e-02,1.001468971371650696e-01,8.859486132860183716e-02,2.199396193027496338e-01,1.331224143505096436e-01,1.148009374737739563e-01,1.122245937585830688e-01,1.233551129698753357e-01,3.383702412247657776e-02,5.216793715953826904e-02,-7.458769530057907104e-02,1.368574351072311401e-01,1.512007862329483032e-01,-9.238905273377895355e-03,2.365020811557769775e-01,7.870053499937057495e-02,6.593461334705352783e-02,1.367497593164443970e-01,1.701630800962448120e-01,-5.516351014375686646e-02,1.707711219787597656e-01,1.837481856346130371e-01,1.912530064582824707e-01,2.603240013122558594e-01,2.711244225502014160e-01,1.630319505929946899e-01,1.206778958439826965e-01,9.304635971784591675e-02,-4.593174904584884644e-02,1.625390201807022095e-01,-2.732631936669349670e-02,4.836719036102294922e-01,3.766758441925048828e-01,1.360951736569404602e-02,6.631844677031040192e-03,9.786237031221389771e-02,7.743792235851287842e-02,-1.424776483327150345e-02,7.886468619108200073e-02,2.491327226161956787e-01,4.552345871925354004e-01,3.061072230339050293e-01,1.742238104343414307e-01,3.339740335941314697e-01,5.121696591377258301e-01,5.649624764919281006e-02,1.837076097726821899e-01,1.390188634395599365e-01,1.290446519851684570e-01,2.898747324943542480e-01,2.612853944301605225e-01,4.102093726396560669e-02,5.344497412443161011e-02,1.857735067605972290e-01,5.037507414817810059e-02,3.532829135656356812e-02,7.542389631271362305e-02,3.378195762634277344e-01,1.571435332298278809e-01,2.119255810976028442e-01,1.859993040561676025e-01,2.279478311538696289e-01,1.276363898068666458e-02,1.595159918069839478e-01,-9.085057675838470459e-02,8.200684189796447754e-02,1.281097680330276489e-01,1.291152536869049072e-01,7.246698439121246338e-02,1.051352992653846741e-01,1.865811794996261597e-01,1.868179738521575928e-01,-3.683972317958250642e-05
4.756602644920349121e-01,4.341033697128295898e-01,6.167882680892944336e-01,5.088936090469360352e-01,5.358579009771347046e-02,2.491578757762908936e-01,1.000000000000000000e+00,5.421156287193298340e-01,1.707361191511154175e-01,9.670370072126388550e-02,4.734046459197998047e-01,3.890334069728851318e-01,5.211264491081237793e-01,3.522365689277648926e-01,2.180957198143005371e-01,1.939991712570190430e-01,1.763700395822525024e-01,2.387237548828125000e-01,3.710764050483703613e-01,3.976391851902008057e-01,4.601554945111274719e-02,2.741168253123760223e-02,5.815404057502746582e-01,5.277243852615356445e-01,2.539470195770263672e-01,2.786420583724975586e-01,1.294363886117935181e-01,1.224122568964958191e-01,1.760202348232269287e-01,3.079616129398345947e-01,3.487125635147094727e-01,3.919624984264373779e-01,1.946110129356384277e-01,1.534063816070556641e-01,8.608639240264892578e-02,8.784127980470657349e-02,6.484111398458480835e-02,-2.284022606909275055e-02,1.086698770523071289e-01,5.417564138770103455e-02,1.241362616419792175e-01,5.604888498783111572e-02,2.327098995447158813e-01,1.566193699836730957e-01,3.490608334541320801e-01,3.543823063373565674e-01,2.635312676429748535e-01,1.928919553756713867e-01,4.310721158981323242e-01,4.102269113063812256e-01,3.030303120613098145e-01,2.545846700668334961e-01,2.454339861869812012e-01,1.324921101331710815e-01,3.098630905151367188e-01,1.758864521980285645e-01,4.420332014560699463e-01,3.883782029151916504e-01,5.729593634605407715e-01,4.784243702888488770e-01,5.862387418746948242e-01,3.898077905178070068e-01,4.828670620918273926e-01,2.993209958076477051e-01,4.204951524734497070e-01,3.926119208335876465e-01,4.930331110954284668e-01,4.089080989360809326e-01,4.455359280109405518e-01,4.077420532703399658e-01,1.736459508538246155e-02,-7.641324307769536972e-03,6.876991689205169678e-02,-4.153499007225036621e-02,1.931715011596679688e-01,1.285724788904190063e-01,5.799482460133731365e-04,6.272675935178995132e-03,-7.909800857305526733e-03,1.126802489161491394e-01,3.435230255126953125e-01,6.066631898283958435e-02,1.415118873119354248e-01,1.566967219114303589e-01,4.317975640296936035e-01,1.856008172035217285e-01,2.368022501468658447e-01,2.375710755586624146e-01,3.429089188575744629e-01,1.852953433990478516e-01,3.294570744037628174e-01,3.108761310577392578e-01,2.848133742809295654e-01,2.452473938465118408e-01,1.287798434495925903e-01,1.234934553503990173e-01,1.939944624900817871e-01,1.058745682239532471e-01,2.452854365110397339e-01,2.555614411830902100e-01,3.820294141769409180e-01,2.897097468376159668e-01,3.324081003665924072e-01,2.977892160415649414e-01,2.226734906435012817e-01,5.429272353649139404e-02,5.006980895996093750e-02,3.739006072282791138e-02,4.422998428344726562e-02,1.017159968614578247e-01,1.112442761659622192e-01,2.353260219097137451e-01,2.187864929437637329e-01,1.715490221977233887e-01,1.483016312122344971e-01,1.272740811109542847e-01
2.883124649524688721e-01,6.440344452857971191e-01,5.867522358894348145e-01,7.901167869567871094e-01,2.269004285335540771e-01,5.174566507339477539e-01,5.421156287193298340e-01,1.000000000000000000e+00,2.598510980606079102e-01,4.334855675697326660e-01,2.481604367494583130e-01,6.350728869438171387e-01,3.082781434059143066e-01,6.863052248954772949e-01,2.651619613170623779e-01,5.097283124923706055e-01,1.006737425923347473e-01,3.861415982246398926e-01,3.791061937808990479e-01,4.320782721042633057e-01,9.873443096876144409e-02,4.925988987088203430e-02,6.136560440063476562e-01,6.913703083992004395e-01,2.662498950958251953e-01,4.265822470188140869e-01,3.027713298797607422e-01,3.352811634540557861e-01,6.360840052366256714e-02,3.382265567779541016e-01,3.191002309322357178e-01,4.645976722240447998e-01,5.152491852641105652e-02,1.626784354448318481e-01,-1.284568607807159424e-01,-9.744440764188766479e-02,-1.928090304136276245e-01,-1.872950047254562378e-01,-1.067854389548301697e-01,1.862634555436670780e-03,1.244364678859710693e-01,4.362376034259796143e-02,1.865985095500946045e-01,4.356463998556137085e-02,2.939708232879638672e-01,2.700375318527221680e-01,1.803064048290252686e-01,8.752927184104919434e-02,3.999680280685424805e-01,3.403159976005554199e-01,3.123635947704315186e-01,1.780103147029876709e-01,1.668535619974136353e-01,2.882522903382778168e-02,1.382010728120803833e-01,1.486582756042480469e-01,3.160545229911804199e-01,5.066764950752258301e-01,4.652153253555297852e-01,4.706433713436126709e-01,4.722984433174133301e-01,5.055527687072753906e-01,2.833139300346374512e-01,4.681356251239776611e-01,3.801698684692382812e-01,5.233494639396667480e-01,3.837910592555999756e-01,3.076042830944061279e-01,3.752084672451019287e-01,3.221807479858398438e-01,-2.014851123094558716e-01,-1.395683139562606812e-01,1.740400344133377075e-01,-1.907207630574703217e-02,3.323411941528320312e-01,2.456315308809280396e-01,-2.668168842792510986e-01,-2.428196817636489868e-01,7.796930521726608276e-02,1.141134873032569885e-01,1.409648805856704712e-01,2.462723702192306519e-01,1.095089092850685120e-01,4.046493768692016602e-01,3.543777465820312500e-01,3.045561611652374268e-01,2.706580758094787598e-01,4.272412359714508057e-01,1.336103379726409912e-01,3.090521395206451416e-01,2.939583063125610352e-01,2.643082737922668457e-01,3.862472474575042725e-01,2.605262398719787598e-01,-4.340973868966102600e-02,9.379656985402107239e-03,6.544664502143859863e-02,-1.003837883472442627e-01,1.142391487956047058e-01,6.430366635322570801e-02,4.702998995780944824e-01,2.477905154228210449e-01,3.032503426074981689e-01,2.373702824115753174e-01,1.428146660327911377e-01,-5.367815494537353516e-02,1.068763807415962219e-01,-1.824714988470077515e-01,-1.067841500043869019e-01,-4.661426693201065063e-02,-1.077867746353149414e-01,7.273173332214355469e-02,1.665068715810775757e-01,1.549553275108337402e-01,1.271785944700241089e-01,-1.135858446359634399e-01
8.456686139106750488e-02,1.819080114364624023e-01,3.854570984840393066e-01,2.565721869468688965e-01,7.181977629661560059e-01,4.750288724899291992e-01,1.707361191511154175e-01,2.598510980606079102e-01,1.000000000000000000e+00,6.364067792892456055e-01,2.909455597400665283e-01,1.429267376661300659e-01,3.750602900981903076e-01,2.824592590332031250e-01,4.971010386943817139e-01,4.778638184070587158e-01,-3.336274996399879456e-02,1.553236395120620728e-01,1.887983232736587524e-01,1.398177891969680786e-01,2.324761003255844116e-01,2.200019806623458862e-01,3.363883793354034424e-01,2.786906659603118896e-01,3.897642195224761963e-01,3.551929891109466553e-01,5.529733300209045410e-01,4.664773941040039062e-01,8.304841816425323486e-02,1.486950665712356567e-01,9.967083483934402466e-02,2.197769582271575928e-01,-8.549851365387439728e-03,2.125920541584491730e-02,7.938573509454727173e-02,5.111438781023025513e-02,6.558431684970855713e-02,5.993645638227462769e-02,1.090569645166397095e-01,1.425121873617172241e-01,1.831799447536468506e-01,1.046988666057586670e-01,1.340188980102539062e-01,-2.567832730710506439e-02,8.970932662487030029e-02,6.992663443088531494e-02,2.155721783638000488e-01,1.226565316319465637e-01,7.156393676996231079e-02,2.870817296206951141e-02,1.078003346920013428e-01,2.688070992007851601e-03,1.621636301279067993e-01,-1.009235531091690063e-01,1.560647636651992798e-01,8.848268538713455200e-02,8.801586180925369263e-02,1.925667971372604370e-01,9.548672288656234741e-02,-1.081489305943250656e-02,1.738043725490570068e-01,1.043113172054290771e-01,5.588604509830474854e-02,9.687048941850662231e-02,1.925041526556015015e-01,8.519095182418823242e-02,1.999634653329849243e-01,2.344608753919601440e-01,2.276734262704849243e-01,1.967958807945251465e-01,4.091396555304527283e-02,-1.034161727875471115e-02,2.057567685842514038e-01,9.309580922126770020e-02,3.218580186367034912e-01,2.290389090776443481e-01,2.284283004701137543e-02,-2.684825472533702850e-02,1.097570434212684631e-01,7.724928855895996094e-02,7.436621189117431641e-02,8.975847810506820679e-02,2.409976273775100708e-01,3.259656131267547607e-01,3.153014779090881348e-01,1.556336283683776855e-01,3.433097004890441895e-01,4.042550623416900635e-01,3.957779407501220703e-01,1.707286238670349121e-01,2.024737596511840820e-01,2.135016918182373047e-01,3.398530781269073486e-01,3.706105053424835205e-01,8.301641047000885010e-02,4.036998748779296875e-02,1.145341172814369202e-01,2.161185629665851593e-02,6.569405645132064819e-02,7.148292660713195801e-02,2.676553726196289062e-01,2.782861888408660889e-01,1.849536895751953125e-01,2.039841860532760620e-01,2.591763734817504883e-01,1.714326441287994385e-01,1.532143950462341309e-01,-3.531767800450325012e-02,4.310818016529083252e-02,1.380447298288345337e-01,1.349538713693618774e-01,-5.386418197304010391e-04,1.737057566642761230e-01,2.755788266658782959e-01,2.265051305294036865e-01,7.325938344001770020e-02
-4.740519076585769653e-02,2.358343452215194702e-01,4.698900878429412842e-01,4.328584074974060059e-01,7.385213375091552734e-01,7.447841167449951172e-01,9.670370072126388550e-02,4.334855675697326660e-01,6.364067792892456055e-01,1.000000000000000000e+00,1.273038238286972046e-01,2.131845802068710327e-01,1.896838694810867310e-01,4.232815802097320557e-01,4.111562371253967285e-01,6.825413107872009277e-01,-1.064826622605323792e-01,1.578996628522872925e-01,1.523532718420028687e-01,7.163268327713012695e-02,3.015840649604797363e-01,2.773495018482208252e-01,4.357116222381591797e-01,4.090980291366577148e-01,4.938832521438598633e-01,5.530898571014404297e-01,6.982078552246093750e-01,6.614197492599487305e-01,8.915369212627410889e-02,2.393234372138977051e-01,2.664071023464202881e-01,3.984202742576599121e-01,2.113260515034198761e-02,9.646977484226226807e-02,8.544609695672988892e-02,7.841502130031585693e-02,8.535452187061309814e-02,4.180426523089408875e-02,9.147879481315612793e-02,1.132230684161186218e-01,2.407257109880447388e-01,1.158541738986968994e-01,1.170580163598060608e-01,-1.269060280174016953e-02,6.804486364126205444e-02,7.471048086881637573e-02,2.091503739356994629e-01,1.140146329998970032e-01,3.715427964925765991e-02,4.653019085526466370e-02,9.852027893066406250e-02,7.216961588710546494e-03,7.684302330017089844e-02,-1.039858683943748474e-01,1.086292490363121033e-01,1.457219123840332031e-01,-1.455758512020111084e-02,2.117962986230850220e-01,2.988802827894687653e-02,-2.576727047562599182e-02,1.119408011436462402e-01,1.058744788169860840e-01,-1.001592949032783508e-01,1.296701282262802124e-01,1.408766061067581177e-01,1.343709975481033325e-01,2.307727783918380737e-01,2.837723791599273682e-01,1.641609668731689453e-01,1.096249669790267944e-01,7.489030063152313232e-02,1.861594431102275848e-02,2.177347242832183838e-01,7.037784159183502197e-02,4.249620139598846436e-01,3.585901856422424316e-01,3.884449601173400879e-02,-2.143997699022293091e-02,1.361196041107177734e-01,8.805639296770095825e-02,-3.947736322879791260e-02,1.256525069475173950e-01,2.344975173473358154e-01,4.808272719383239746e-01,2.900565862655639648e-01,2.096430212259292603e-01,3.205544650554656982e-01,5.449666976928710938e-01,1.526105403900146484e-01,2.283191680908203125e-01,1.519931852817535400e-01,1.502920240163803101e-01,3.750732839107513428e-01,3.428448736667633057e-01,4.762922227382659912e-02,5.116818472743034363e-02,1.516978293657302856e-01,1.726359874010086060e-02,8.231351152062416077e-03,2.525408007204532623e-02,3.183692097663879395e-01,2.007948160171508789e-01,1.822244822978973389e-01,1.638830453157424927e-01,2.339330017566680908e-01,7.454448193311691284e-02,1.909223645925521851e-01,-1.097836419939994812e-01,7.789744436740875244e-02,1.115834712982177734e-01,1.072306483983993530e-01,1.422523334622383118e-02,1.125034987926483154e-01,2.462851107120513916e-01,2.071385830640792847e-01,-2.582591585814952850e-02
4.994510710239410400e-01,3.201070725917816162e-01,4.327373504638671875e-01,2.721183001995086670e-01,1.939338892698287964e-01,1.199825108051300049e-01,4.734046459197998047e-01,2.481604367494583130e-01,2.909455597400665283e-01,1.273038238286972046e-01,1.000000000000000000e+00,2.435587495565414429e-01,6.226795911788940430e-01,2.891204953193664551e-01,2.624598443508148193e-01,1.889812052249908447e-01,2.746565341949462891e-01,1.983583718538284302e-01,4.330234527587890625e-01,3.838935494422912598e-01,4.572228342294692993e-02,1.932884901762008667e-01,3.973064422607421875e-01,3.418944180011749268e-01,1.818357408046722412e-01,2.113718092441558838e-01,1.867699325084686279e-01,1.780937910079956055e-01,2.464324384927749634e-01,3.221498131752014160e-01,2.664175629615783691e-01,3.225907385349273682e-01,1.348812133073806763e-01,1.061682328581809998e-01,8.491463959217071533e-02,3.494551777839660645e-02,6.848347932100296021e-02,-8.497891947627067566e-03,1.555961519479751587e-01,-5.493599921464920044e-02,6.751822680234909058e-02,9.989896416664123535e-02,3.113992884755134583e-02,9.349536895751953125e-02,1.285203993320465088e-01,2.150283008813858032e-01,1.942850053310394287e-01,1.128426343202590942e-01,1.912295222282409668e-01,2.068174183368682861e-01,1.887423098087310791e-01,1.915791034698486328e-01,1.460399180650711060e-01,1.016636341810226440e-01,2.393966168165206909e-01,6.865875422954559326e-02,4.555969536304473877e-01,3.116778731346130371e-01,3.930245935916900635e-01,2.974392473697662354e-01,4.522223472595214844e-01,2.884926497936248779e-01,3.376055955886840820e-01,1.800903528928756714e-01,2.922201156616210938e-01,1.369180679321289062e-01,2.297428548336029053e-01,2.502207159996032715e-01,2.847826778888702393e-01,3.153367340564727783e-01,4.368402808904647827e-02,9.260665625333786011e-02,1.411656439304351807e-01,5.743115022778511047e-02,1.374107897281646729e-01,1.123346108943223953e-02,-3.678858047351241112e-03,2.485898882150650024e-02,1.012077406048774719e-01,1.863025426864624023e-01,2.988886237144470215e-01,1.064879000186920166e-01,8.594577759504318237e-02,1.265291273593902588e-01,3.638156056404113770e-01,4.545151069760322571e-02,2.464198172092437744e-01,1.867780983448028564e-01,3.343030810356140137e-01,-2.405700646340847015e-02,1.198495924472808838e-01,1.275408267974853516e-01,1.656520813703536987e-01,1.983741074800491333e-01,6.644042581319808960e-02,5.520378425717353821e-02,1.204049214720726013e-01,-2.236980572342872620e-02,1.048253551125526428e-01,5.902440100908279419e-02,1.675368994474411011e-01,2.347256541252136230e-01,1.418816298246383667e-01,1.601333469152450562e-01,1.981208324432373047e-01,1.512741148471832275e-01,3.784708678722381592e-02,-2.645342051982879639e-02,-3.159364685416221619e-02,-2.027753926813602448e-02,3.425840288400650024e-02,9.336794167757034302e-02,1.136695891618728638e-01,7.829005271196365356e-02,9.310579299926757812e-02,-1.330740470439195633e-02
2.059787362813949585e-01,6.192769408226013184e-01,3.395444750785827637e-01,5.705208182334899902e-01,8.984113484621047974e-02,2.561875879764556885e-01,3.890334069728851318e-01,6.350728869438171387e-01,1.429267376661300659e-01,2.131845802068710327e-01,2.435587495565414429e-01,1.000000000000000000e+00,3.281784355640411377e-01,6.546549201011657715e-01,1.749500632286071777e-01,3.077578246593475342e-01,1.322071999311447144e-01,4.561072885990142822e-01,2.541456222534179688e-01,3.578034341335296631e-01,-4.923360393149778247e-05,6.759443785995244980e-03,4.262015223503112793e-01,4.858344793319702148e-01,1.281373500823974609e-01,2.379444539546966553e-01,9.012155979871749878e-02,1.029455438256263733e-01,8.283084630966186523e-02,3.683167397975921631e-01,2.239855676889419556e-01,2.818293273448944092e-01,-5.128377815708518028e-04,1.196887269616127014e-01,-1.599388420581817627e-01,-8.729860186576843262e-02,-1.759760081768035889e-01,-8.777257055044174194e-02,-8.371113985776901245e-02,5.242376029491424561e-02,5.744298454374074936e-03,1.706591844558715820e-01,2.562121748924255371e-01,2.460273057222366333e-01,3.647026419639587402e-01,3.266535997390747070e-01,2.063421458005905151e-01,2.087648212909698486e-01,4.870251417160034180e-01,3.821521401405334473e-01,4.378257393836975098e-01,2.806682586669921875e-01,2.194378972053527832e-01,1.997384279966354370e-01,1.304106414318084717e-01,2.047734409570693970e-01,2.798620164394378662e-01,4.577251970767974854e-01,4.377630650997161865e-01,4.390111565589904785e-01,4.353017508983612061e-01,4.729359447956085205e-01,3.727818131446838379e-01,5.339266061782836914e-01,3.730570077896118164e-01,4.977644085884094238e-01,2.997886538505554199e-01,2.428189069032669067e-01,2.239342629909515381e-01,2.650630474090576172e-01,-2.475779503583908081e-01,-8.018861711025238037e-02,1.371675878763198853e-01,8.643034845590591431e-02,1.615107506513595581e-01,1.239714398980140686e-01,-2.365834116935729980e-01,-1.992164105176925659e-01,1.336305290460586548e-01,2.077183723449707031e-01,2.333022654056549072e-01,4.758517742156982422e-01,8.228445658460259438e-04,3.657959699630737305e-01,3.618627190589904785e-01,4.616166055202484131e-01,1.495303958654403687e-01,2.911412417888641357e-01,1.061911582946777344e-01,3.169528841972351074e-01,2.667336761951446533e-01,2.824108004570007324e-01,3.103608787059783936e-01,2.306130677461624146e-01,-7.863549143075942993e-02,-2.680198475718498230e-02,-1.037662290036678314e-02,-1.591643989086151123e-01,8.579336851835250854e-02,8.364704996347427368e-02,3.311460018157958984e-01,1.900802105665206909e-01,2.103617489337921143e-01,2.012158781290054321e-01,1.088102720677852631e-02,-6.620470434427261353e-02,3.684215247631072998e-02,-1.574549376964569092e-01,-1.844612658023834229e-01,-9.139011800289154053e-02,-1.195287108421325684e-01,2.364991605281829834e-02,1.329934298992156982e-01,1.072931289672851562e-01,1.949238963425159454e-02,-1.895611584186553955e-01
2.955367565155029297e-01,2.777165472507476807e-01,5.175366401672363281e-01,3.234231472015380859e-01,2.291752845048904419e-01,2.143948823213577271e-01,5.211264491081237793e-01,3.082781434059143066e-01,3.750602900981903076e-01,1.896838694810867310e-01,6.226795911788940430e-01,3.281784355640411377e-01,1.000000000000000000e+00,4.586726129055023193e-01,3.712815046310424805e-01,2.812044322490692139e-01,-1.265521906316280365e-02,1.140072643756866455e-01,2.658033370971679688e-01,2.066048681735992432e-01,7.042216509580612183e-02,1.873199492692947388e-01,4.739209711551666260e-01,4.066002964973449707e-01,3.781352937221527100e-01,3.382551372051239014e-01,1.950926780700683594e-01,1.912571191787719727e-01,9.357827901840209961e-02,2.654377818107604980e-01,2.872883677482604980e-01,3.112368583679199219e-01,4.948545992374420166e-02,2.492796629667282104e-02,8.161000162363052368e-02,2.621074393391609192e-02,1.017856672406196594e-01,5.243299156427383423e-02,1.637251824140548706e-01,3.025256656110286713e-02,4.914845153689384460e-02,1.920747011899948120e-01,6.793628633022308350e-02,1.303684860467910767e-01,1.288555115461349487e-01,1.434823572635650635e-01,1.456387341022491455e-01,1.232268065214157104e-01,2.154793888330459595e-01,2.100691348314285278e-01,2.050633579492568970e-01,1.993534117937088013e-01,1.192012056708335876e-01,4.242772981524467468e-02,1.808551102876663208e-01,6.256469339132308960e-02,2.242611199617385864e-01,1.880969256162643433e-01,2.476058006286621094e-01,1.663065403699874878e-01,3.634599149227142334e-01,1.680180132389068604e-01,2.211041897535324097e-01,5.102894455194473267e-02,4.598709642887115479e-01,2.240734398365020752e-01,2.077501118183135986e-01,2.167598903179168701e-01,1.868352144956588745e-01,2.032206803560256958e-01,6.599967367947101593e-03,1.716602034866809845e-02,2.229570224881172180e-02,-1.047522388398647308e-02,1.380255669355392456e-01,4.451187327504158020e-02,3.753064200282096863e-02,2.216039597988128662e-02,2.979069761931896210e-02,6.569491326808929443e-02,2.014388591051101685e-01,1.465736031532287598e-01,1.074229925870895386e-01,2.668654620647430420e-01,5.270132422447204590e-01,2.233528792858123779e-01,3.450236618518829346e-01,3.059063255786895752e-01,3.827700018882751465e-01,1.611269265413284302e-02,1.020621210336685181e-01,1.841355264186859131e-01,2.099775820970535278e-01,2.890840768814086914e-01,1.456631068140268326e-02,7.291888445615768433e-02,2.830040641129016876e-02,-3.396886214613914490e-02,1.970891095697879791e-02,9.603150933980941772e-02,2.534918487071990967e-01,3.329823911190032959e-01,1.523570567369461060e-01,2.780272364616394043e-01,2.147648483514785767e-01,1.712278127670288086e-01,-1.640208996832370758e-02,-1.279934030026197433e-02,-7.402687519788742065e-02,1.986711472272872925e-02,6.373887509107589722e-02,4.299499467015266418e-02,7.649375498294830322e-02,1.637023389339447021e-01,1.053183302283287048e-01,4.949941858649253845e-02
