1.000000000000000000e+00,5.829516649246215820e-01,-4.768085181713104248e-01,-3.278368413448333740e-01,-4.818553030490875244e-01,-2.127688080072402954e-01,-3.926714062690734863e-01,3.923568129539489746e-01,-5.164297223091125488e-01,-1.761935949325561523e-01,5.126193631440401077e-03,4.689037799835205078e-01,-4.096194803714752197e-01,3.318151533603668213e-01,-5.378109812736511230e-01,-2.120655328035354614e-01,4.364288747310638428e-01,3.976833224296569824e-01,1.252653300762176514e-01,2.652302086353302002e-01,-2.318910658359527588e-01,-1.746717244386672974e-01,-4.336124956607818604e-01,-2.872795760631561279e-01,-4.227850735187530518e-01,-2.995411455631256104e-01,-3.669488728046417236e-01,-3.191458284854888916e-01,-7.750063203275203705e-03,4.173124954104423523e-02,-4.262614846229553223e-01,-3.921842277050018311e-01,4.136528670787811279e-01,3.890110552310943604e-01,4.507485032081604004e-01,3.943353593349456787e-01,3.594280481338500977e-01,-1.102726161479949951e-01,-1.506246477365493774e-01,-2.029908448457717896e-01,-2.739982306957244873e-01,-1.790099143981933594e-01,1.461215019226074219e-01,1.264929622411727905e-01,1.826943606138229370e-01,2.048509418964385986e-01,6.590095162391662598e-02,2.927121147513389587e-02,1.467861384153366089e-01,3.525725901126861572e-01,2.058837711811065674e-01,1.618671864271163940e-01,1.271556764841079712e-01,-1.917848736047744751e-02,-9.896434843540191650e-02,-2.421458363533020020e-01,8.035296201705932617e-01,6.149342656135559082e-01,5.078307986259460449e-01,4.306635558605194092e-01,5.959849357604980469e-01,5.544924736022949219e-01,6.093357205390930176e-01,4.813983142375946045e-01,3.937006592750549316e-01,4.611753821372985840e-01,5.868904590606689453e-01,5.663992166519165039e-01,2.836503088474273682e-01,3.317143619060516357e-01,-3.160005062818527222e-02,-1.689492724835872650e-02,3.582270443439483643e-02,-1.456752978265285492e-02,1.310226414352655411e-02,-1.217611953616142273e-01,2.942333221435546875e-01,1.684276014566421509e-01,5.083601474761962891e-01,1.581895798444747925e-01,4.328998327255249023e-01,3.095872700214385986e-01,-3.018098175525665283e-01,-1.984431892633438110e-01,3.384326398372650146e-01,1.956172138452529907e-01,-2.026528716087341309e-01,-1.599553674459457397e-01,-2.378485798835754395e-01,-2.036722600460052490e-01,-2.766865491867065430e-01,-3.609368503093719482e-01,-2.910002171993255615e-01,-3.443062305450439453e-01,2.539906278252601624e-02,-2.006351351737976074e-01,2.369217276573181152e-01,2.252121642231941223e-02,-2.349886149168014526e-01,-3.013185262680053711e-01,-2.343248724937438965e-01,-3.240433633327484131e-01,-1.179739907383918762e-01,-2.258590757846832275e-01,-1.066356971859931946e-01,-1.457485258579254150e-01,-1.238644197583198547e-01,-2.496463805437088013e-01,-1.778509318828582764e-01,9.693752229213714600e-02,2.594579756259918213e-01,8.466970920562744141e-02,-1.168556064367294312e-01,-1.402149051427841187e-01,-5.676836147904396057e-02,-1.125347428023815155e-02
5.829516649246215820e-01,1.000000000000000000e+00,3.839271515607833862e-02,6.353814154863357544e-02,1.904427446424961090e-02,-2.361257001757621765e-02,1.163798719644546509e-01,6.030600666999816895e-01,3.664019331336021423e-02,-8.974705822765827179e-03,3.413709700107574463e-01,5.853217840194702148e-01,9.470279514789581299e-02,4.110395312309265137e-01,-6.725285202264785767e-02,-9.728160500526428223e-02,3.258858323097229004e-01,4.657401144504547119e-01,1.708012819290161133e-01,2.994568049907684326e-01,8.147726207971572876e-02,2.991765551269054413e-02,4.587084800004959106e-02,1.379706710577011108e-01,-7.432919926941394806e-03,9.780776500701904297e-02,-5.454175919294357300e-02,-7.800119370222091675e-02,1.993164718151092529e-01,2.199086248874664307e-01,7.290714234113693237e-02,1.004995703697204590e-01,2.753880918025970459e-01,3.062727451324462891e-01,3.352074027061462402e-01,3.857510089874267578e-01,-6.202554795891046524e-04,6.904299557209014893e-02,-3.359799087047576904e-01,-1.681313216686248779e-01,-2.126082777976989746e-03,1.186296343803405762e-02,1.306893676519393921e-01,1.337471306324005127e-01,2.197616994380950928e-01,2.572258114814758301e-01,2.852054312825202942e-02,1.366580370813608170e-02,1.583585292100906372e-01,3.564086854457855225e-01,1.352354139089584351e-01,1.305067986249923706e-01,7.144475821405649185e-03,1.598136313259601593e-02,-2.071772962808609009e-01,-2.524717748165130615e-01,5.157271027565002441e-01,7.381725907325744629e-01,4.170190095901489258e-01,4.053609073162078857e-01,4.753409326076507568e-01,6.026922464370727539e-01,3.296584486961364746e-01,5.657815337181091309e-01,2.287144958972930908e-01,4.391960799694061279e-01,4.877911806106567383e-01,5.539413690567016602e-01,1.467367261648178101e-01,2.026080489158630371e-01,2.525681853294372559e-01,2.551421225070953369e-01,2.317782789468765259e-01,2.529371976852416992e-01,1.593243777751922607e-01,9.960791468620300293e-02,3.540919423103332520e-01,3.468384146690368652e-01,1.704873442649841309e-01,1.959101408720016479e-01,3.702769577503204346e-01,3.969173729419708252e-01,-9.778895974159240723e-02,-1.615519374608993530e-01,2.354881316423416138e-01,2.435098588466644287e-01,-1.726744472980499268e-01,-1.906351447105407715e-01,-1.864811778068542480e-01,-9.492908418178558350e-02,-3.005792796611785889e-01,-3.153548538684844971e-01,-3.103484809398651123e-01,-3.062172234058380127e-01,-1.954295486211776733e-01,-6.328454613685607910e-02,-1.064481288194656372e-01,-7.792304456233978271e-02,-2.159761041402816772e-01,-2.939429283142089844e-01,-2.680792510509490967e-01,-3.000922501087188721e-01,-1.375997066497802734e-01,-2.618945240974426270e-01,-1.282756179571151733e-01,-1.654953211545944214e-01,-1.482378095388412476e-01,-2.752559483051300049e-01,-2.281421422958374023e-01,-5.917286127805709839e-02,6.536303460597991943e-02,7.623261958360671997e-02,-1.704559624195098877e-01,-2.419062554836273193e-01,-2.064822316169738770e-01,-6.446992605924606323e-02
-4.768085181713104248e-01,3.839271515607833862e-02,1.000000000000000000e+00,6.450371146202087402e-01,7.607649564743041992e-01,2.064661830663681030e-01,9.125023484230041504e-01,2.316697388887405396e-01,7.904490232467651367e-01,1.218664497137069702e-01,5.033067464828491211e-01,-1.941594295203685760e-02,8.844157457351684570e-01,-4.222898930311203003e-02,7.191242575645446777e-01,2.853026986122131348e-02,-2.327876538038253784e-01,-3.253814578056335449e-02,-5.267415195703506470e-02,-6.854561716318130493e-02,3.271438479423522949e-01,1.692565977573394775e-01,8.942183256149291992e-01,7.649967670440673828e-01,7.477189302444458008e-01,5.503672957420349121e-01,4.476227164268493652e-01,3.092473745346069336e-01,3.618973791599273682e-01,8.231096714735031128e-02,8.825455904006958008e-01,8.681777119636535645e-01,-7.607269287109375000e-02,1.854246295988559723e-02,-1.527477353811264038e-01,-4.454993456602096558e-02,-5.761536359786987305e-01,7.451780885457992554e-02,-2.668187320232391357e-01,-9.502340853214263916e-02,3.258512020111083984e-01,9.251571446657180786e-02,-7.071553915739059448e-02,-8.575070649385452271e-02,-1.048327237367630005e-01,-8.229475468397140503e-02,-1.648667454719543457e-01,-1.794985681772232056e-01,2.029675059020519257e-02,-8.777755498886108398e-02,-1.994897844269871712e-03,1.416671439073979855e-03,-1.712736636400222778e-01,-6.851410120725631714e-02,-1.549440771341323853e-01,-1.437475383281707764e-01,-4.995084702968597412e-01,-7.349233329296112061e-02,-1.118105053901672363e-01,-6.915508955717086792e-02,-1.114284172654151917e-01,-3.043062239885330200e-02,-4.576898217201232910e-01,-7.970099151134490967e-02,-1.564382016658782959e-01,-1.101998463273048401e-01,-1.715017855167388916e-01,-9.436360746622085571e-02,-2.475110143423080444e-01,-1.972506940364837646e-01,3.265511095523834229e-01,2.752156853675842285e-01,1.236608698964118958e-01,2.295320034027099609e-01,5.570913851261138916e-02,2.226095050573348999e-01,-4.307716712355613708e-02,1.791098117828369141e-01,-5.331103801727294922e-01,1.962354406714439392e-02,-1.866228878498077393e-01,-9.023413062095642090e-02,1.985201686620712280e-01,-7.438813336193561554e-03,-2.113125175237655640e-01,-7.998753339052200317e-02,1.013719961047172546e-01,1.669772714376449585e-02,-1.586150005459785461e-02,-7.066100835800170898e-02,-9.699588268995285034e-02,-6.784882396459579468e-02,-5.641330406069755554e-02,1.613281294703483582e-02,-3.284355700016021729e-01,4.874497652053833008e-03,-4.860787689685821533e-01,-3.444373905658721924e-01,1.642997004091739655e-02,-9.939209371805191040e-02,8.154991269111633301e-02,1.093440651893615723e-01,7.125943899154663086e-02,8.833178877830505371e-02,5.147634074091911316e-03,7.023812085390090942e-02,5.060202255845069885e-02,2.900951355695724487e-02,-9.267902001738548279e-03,-2.977592945098876953e-01,-3.658948838710784912e-01,-7.182347029447555542e-02,-1.121606230735778809e-01,-1.314559578895568848e-01,-1.028786823153495789e-01,-3.652680292725563049e-02
-3.278368413448333740e-01,6.353814154863357544e-02,6.450371146202087402e-01,1.000000000000000000e+00,5.756964683532714844e-01,3.680805265903472900e-01,6.056168675422668457e-01,4.135618209838867188e-01,6.033257246017456055e-01,2.938507795333862305e-01,3.463444411754608154e-01,2.357569150626659393e-02,6.170948743820190430e-01,1.445409953594207764e-01,5.772743225097656250e-01,2.593320906162261963e-01,-1.004136875271797180e-01,8.058071136474609375e-02,-9.844223037362098694e-03,-5.333390831947326660e-02,2.311923354864120483e-01,1.451089531183242798e-01,6.500766873359680176e-01,6.890022158622741699e-01,6.154569387435913086e-01,5.686694979667663574e-01,3.931052088737487793e-01,3.774683773517608643e-01,3.687975704669952393e-01,2.468283921480178833e-01,6.040399670600891113e-01,6.581961512565612793e-01,-1.320771127939224243e-01,-2.999316155910491943e-02,-2.180478572845458984e-01,-4.451813176274299622e-02,-3.045867085456848145e-01,2.191331982612609863e-01,-1.024507507681846619e-01,5.751863867044448853e-02,3.319144845008850098e-01,1.241039708256721497e-01,-6.727698445320129395e-02,-1.950725540518760681e-02,-5.889113619923591614e-02,-5.676421895623207092e-02,-1.414171010255813599e-01,-5.977262929081916809e-02,1.070308983325958252e-01,4.255788028240203857e-02,1.065592169761657715e-01,9.475705772638320923e-02,-1.389614045619964600e-01,6.799664348363876343e-02,-7.046614587306976318e-02,4.626733064651489258e-02,-3.676332533359527588e-01,-1.575640961527824402e-02,-1.786743998527526855e-01,-1.332390308380126953e-01,-8.875154703855514526e-02,-7.807702571153640747e-02,-1.414128243923187256e-01,2.224158346652984619e-01,-4.436301067471504211e-02,8.031708188354969025e-03,-1.971426308155059814e-01,-1.340613961219787598e-01,-2.623111009597778320e-01,-2.581151723861694336e-01,2.812322974205017090e-01,2.646679282188415527e-01,2.430309057235717773e-01,2.262835800647735596e-01,1.576558798551559448e-01,2.019183188676834106e-01,6.901858001947402954e-02,2.107144892215728760e-01,-2.991759181022644043e-01,2.288064360618591309e-01,-4.320943355560302734e-02,1.152008622884750366e-01,3.259190917015075684e-01,2.180714905261993408e-01,-1.431077420711517334e-01,9.516874700784683228e-02,1.882588714361190796e-01,1.336025893688201904e-01,6.702537834644317627e-02,8.064356446266174316e-02,-5.737484898418188095e-03,1.500635743141174316e-01,-2.897216007113456726e-02,1.116864681243896484e-01,-1.413025110960006714e-01,1.197315081954002380e-01,-2.953227758407592773e-01,-1.093454062938690186e-01,1.167367026209831238e-02,4.450869932770729065e-02,-3.981158661190420389e-04,9.969758242368698120e-02,-5.277245119214057922e-02,2.305097319185733795e-02,-1.527603715658187866e-01,-6.109685078263282776e-02,-1.039758324623107910e-01,-4.358461871743202209e-02,1.969915777444839478e-01,5.875901877880096436e-02,-1.268435418605804443e-01,-7.032582163810729980e-02,-3.789559751749038696e-02,-1.677294671535491943e-01,-1.923718750476837158e-01,-7.156138867139816284e-02
-4.818553030490875244e-01,1.904427446424961090e-02,7.607649564743041992e-01,5.756964683532714844e-01,1.000000000000000000e+00,5.821974873542785645e-01,7.141590118408203125e-01,1.419879347085952759e-01,8.811893463134765625e-01,4.464206993579864502e-01,4.077104926109313965e-01,-2.372188493609428406e-02,7.413051128387451172e-01,1.040119677782058716e-02,8.162870407104492188e-01,2.742300331592559814e-01,-2.134800851345062256e-01,-3.250095248222351074e-02,-2.264882996678352356e-02,-8.063617348670959473e-02,4.506631791591644287e-01,3.288383781909942627e-01,7.713626027107238770e-01,7.109956145286560059e-01,8.478615880012512207e-01,7.406409978866577148e-01,7.308019995689392090e-01,6.174365878105163574e-01,3.600483238697052002e-01,1.468235105276107788e-01,7.692216038703918457e-01,7.478598952293395996e-01,-2.605764567852020264e-01,-1.880454421043395996e-01,-2.894924283027648926e-01,-1.616105288267135620e-01,-4.432980418205261230e-01,2.522625029087066650e-01,-7.353512942790985107e-02,2.053947597742080688e-01,5.056613087654113770e-01,3.371103405952453613e-01,-9.012003242969512939e-02,-1.042881160974502563e-01,-1.036035642027854919e-01,-7.533057779073715210e-02,-1.098869740962982178e-01,-1.099356636404991150e-01,-4.202533513307571411e-02,-1.022454351186752319e-01,-6.836207956075668335e-02,-8.523267507553100586e-02,-6.528596580028533936e-02,3.258772194385528564e-02,-1.707209274172782898e-02,5.660274997353553772e-02,-4.513790905475616455e-01,-1.368364095687866211e-01,-2.392364889383316040e-01,-1.562256813049316406e-01,-2.506564855575561523e-01,-1.429413855075836182e-01,-4.111323952674865723e-01,-1.592650860548019409e-01,-2.257071435451507568e-01,-2.428345978260040283e-01,-3.181266188621520996e-01,-2.326942086219787598e-01,-2.482545971870422363e-01,-2.341312766075134277e-01,3.823606073856353760e-01,3.410757780075073242e-01,2.288980931043624878e-01,3.206919729709625244e-01,2.000878602266311646e-01,3.516313135623931885e-01,2.040201984345912933e-02,1.895020008087158203e-01,-4.645307362079620361e-01,3.169704601168632507e-02,-1.000784710049629211e-01,7.089136634021997452e-03,5.410747528076171875e-01,2.699263989925384521e-01,-6.684392690658569336e-02,8.299436420202255249e-02,3.394310474395751953e-01,2.104204148054122925e-01,2.140054106712341309e-01,2.488247752189636230e-01,1.063413172960281372e-01,1.534085720777511597e-01,9.072184562683105469e-02,1.229390799999237061e-01,-2.382718920707702637e-01,2.044550776481628418e-01,-3.684467077255249023e-01,-1.095784455537796021e-01,7.975883781909942627e-02,1.213179249316453934e-02,1.059845089912414551e-01,1.210002899169921875e-01,7.797522842884063721e-02,1.154602319002151489e-01,2.880122326314449310e-02,7.286553084850311279e-02,5.578792840242385864e-02,1.195203885436058044e-01,6.315886974334716797e-02,-2.063638865947723389e-01,-2.622790932655334473e-01,3.613413125276565552e-02,4.242571443319320679e-02,-3.297577053308486938e-02,-7.602456212043762207e-02,-2.029648236930370331e-02
-2.127688080072402954e-01,-2.361257001757621765e-02,2.064661830663681030e-01,3.680805265903472900e-01,5.821974873542785645e-01,1.000000000000000000e+00,1.489318758249282837e-01,1.259236335754394531e-01,4.436403810977935791e-01,7.795737385749816895e-01,2.167066559195518494e-02,-4.583793878555297852e-02,1.995074003934860229e-01,1.417834162712097168e-01,4.663198888301849365e-01,6.236060261726379395e-01,-4.415708407759666443e-02,8.863524347543716431e-02,-6.013784557580947876e-02,-1.029051691293716431e-01,3.021206855773925781e-01,3.320380151271820068e-01,2.540535330772399902e-01,3.544034957885742188e-01,5.624490380287170410e-01,6.874879002571105957e-01,6.693811416625976562e-01,7.842171192169189453e-01,2.411469221115112305e-01,2.893539071083068848e-01,2.486682832241058350e-01,2.625722885131835938e-01,-3.983353972434997559e-01,-3.878897130489349365e-01,-2.825819551944732666e-01,-1.847182661294937134e-01,9.911888092756271362e-02,4.450761079788208008e-01,3.291226625442504883e-01,5.843108296394348145e-01,4.729396700859069824e-01,4.699477255344390869e-01,-4.421653226017951965e-02,-5.678893998265266418e-02,-1.235782057046890259e-01,-5.106697604060173035e-02,4.374472051858901978e-02,1.026148423552513123e-01,-8.501724898815155029e-02,-9.602749347686767578e-02,-8.905050344765186310e-03,-7.069371640682220459e-02,1.536602079868316650e-01,3.310207724571228027e-01,2.820559144020080566e-01,4.492243528366088867e-01,-1.987963318824768066e-01,-1.602363735437393188e-01,-3.020995855331420898e-01,-2.699406445026397705e-01,-2.892119288444519043e-01,-3.199557065963745117e-01,-6.071930006146430969e-02,-5.219250544905662537e-02,-1.718510538339614868e-01,-2.458134740591049194e-01,-3.892767131328582764e-01,-3.430029451847076416e-01,-2.222359627485275269e-01,-2.955316603183746338e-01,2.129338383674621582e-01,2.559915184974670410e-01,2.617443203926086426e-01,2.780171036720275879e-01,2.991339862346649170e-01,3.023942112922668457e-01,1.362756788730621338e-01,1.905175447463989258e-01,-2.565075270831584930e-02,1.727490127086639404e-01,1.304378807544708252e-01,2.404900193214416504e-01,6.298030614852905273e-01,6.475151777267456055e-01,1.245848461985588074e-01,2.927933335304260254e-01,4.815010130405426025e-01,5.246982574462890625e-01,4.129498898983001709e-01,6.125695705413818359e-01,3.743433654308319092e-01,4.410255551338195801e-01,1.997990012168884277e-01,2.334995418787002563e-01,1.206388399004936218e-01,3.843263685703277588e-01,1.350214630365371704e-01,3.494763076305389404e-01,2.400046437978744507e-01,2.749117910861968994e-01,7.448614388704299927e-02,7.289490848779678345e-02,3.087768703699111938e-02,5.174796283245086670e-02,5.602584779262542725e-02,5.408341810107231140e-02,6.360762566328048706e-02,1.646517664194107056e-01,3.024604916572570801e-01,1.864735931158065796e-01,1.216569021344184875e-01,2.022511065006256104e-01,2.388170063495635986e-01,1.014429181814193726e-01,8.078420162200927734e-02,1.126637011766433716e-01
-3.926714062690734863e-01,1.163798719644546509e-01,9.125023484230041504e-01,6.056168675422668457e-01,7.141590118408203125e-01,1.489318758249282837e-01,1.000000000000000000e+00,3.369704186916351318e-01,7.582693696022033691e-01,6.392027437686920166e-02,5.697291493415832520e-01,9.371218830347061157e-02,9.022849202156066895e-01,4.089463129639625549e-02,6.648539900779724121e-01,-3.112680651247501373e-02,-1.491840779781341553e-01,4.650757089257240295e-02,-5.417437106370925903e-02,-3.916695713996887207e-02,2.865819633007049561e-01,1.442133337259292603e-01,8.609838485717773438e-01,7.312242388725280762e-01,7.056922316551208496e-01,5.134801268577575684e-01,3.805343508720397949e-01,2.414387464523315430e-01,3.797485530376434326e-01,1.066315397620201111e-01,8.786460757255554199e-01,8.719554543495178223e-01,-5.540912970900535583e-04,9.265185892581939697e-02,-7.048726081848144531e-02,2.304104901850223541e-02,-5.855070352554321289e-01,1.733290404081344604e-02,-3.620979487895965576e-01,-1.903901100158691406e-01,2.572745978832244873e-01,4.415952786803245544e-02,-3.095730394124984741e-02,-4.981572553515434265e-02,-6.534256041049957275e-02,-1.477528829127550125e-02,-1.792369037866592407e-01,-1.899197101593017578e-01,5.182887986302375793e-02,-3.135784342885017395e-02,3.514138609170913696e-02,3.871159628033638000e-02,-1.888111084699630737e-01,-9.542483091354370117e-02,-2.431942969560623169e-01,-2.381172776222229004e-01,-4.229226410388946533e-01,2.566577494144439697e-02,-1.435668766498565674e-02,2.564632520079612732e-02,-2.018978632986545563e-02,8.083722740411758423e-02,-4.085949361324310303e-01,-8.673875592648983002e-03,-1.042823866009712219e-01,-1.582044176757335663e-02,-6.127523630857467651e-02,1.431252434849739075e-02,-1.985950767993927002e-01,-1.277602016925811768e-01,3.643053472042083740e-01,3.052717745304107666e-01,1.062773987650871277e-01,2.301804572343826294e-01,3.865554928779602051e-02,1.978355050086975098e-01,-3.080036863684654236e-02,1.920785009860992432e-01,-4.942999780178070068e-01,4.682739451527595520e-02,-1.164430156350135803e-01,-3.194138035178184509e-02,1.277574300765991211e-01,-8.437303453683853149e-02,-1.696132719516754150e-01,-3.844786435365676880e-02,2.150447107851505280e-02,-6.932222098112106323e-02,-1.039831265807151794e-01,-1.426438987255096436e-01,-2.134244441986083984e-01,-1.802514046430587769e-01,-1.841182559728622437e-01,-1.148191988468170166e-01,-3.943785727024078369e-01,-8.109524846076965332e-02,-5.279263257980346680e-01,-4.089184701442718506e-01,-7.379018515348434448e-02,-1.985161006450653076e-01,-4.307966679334640503e-03,4.466481332201510668e-04,-4.142835270613431931e-03,-4.882791254203766584e-04,-4.586736112833023071e-02,1.306679099798202515e-02,8.875985629856586456e-03,-4.623461887240409851e-02,-9.591405838727951050e-02,-3.370312750339508057e-01,-3.846795558929443359e-01,-9.023426473140716553e-02,-1.697282940149307251e-01,-2.023016810417175293e-01,-1.626360267400741577e-01,-8.950681984424591064e-02
3.923568129539489746e-01,6.030600666999816895e-01,2.316697388887405396e-01,4.135618209838867188e-01,1.419879347085952759e-01,1.259236335754394531e-01,3.369704186916351318e-01,1.000000000000000000e+00,1.704810261726379395e-01,1.077584475278854370e-01,5.453734397888183594e-01,6.853871345520019531e-01,3.456752300262451172e-01,6.717349886894226074e-01,7.619971781969070435e-02,6.645958125591278076e-02,4.080216884613037109e-01,6.192290186882019043e-01,-1.100176647305488586e-01,1.122963242232799530e-02,2.761290222406387329e-02,8.545481413602828979e-02,2.232159227132797241e-01,3.555698990821838379e-01,2.210663259029388428e-01,3.210811018943786621e-01,2.530290931463241577e-02,6.312365829944610596e-02,4.414326846599578857e-01,4.105009436607360840e-01,2.840398848056793213e-01,3.718543648719787598e-01,2.788557708263397217e-01,3.277848660945892334e-01,3.621548414230346680e-01,4.542226195335388184e-01,-4.191061854362487793e-02,6.351226568222045898e-02,-3.971743285655975342e-01,-2.214842885732650757e-01,5.509145557880401611e-03,-5.285795405507087708e-02,2.451487183570861816e-01,2.695524692535400391e-01,2.140492051839828491e-01,2.785775065422058105e-01,-8.142124861478805542e-04,5.477741360664367676e-02,3.005346059799194336e-01,4.041881859302520752e-01,3.300758302211761475e-01,2.734117209911346436e-01,-3.055040910840034485e-02,5.851565673947334290e-02,-3.239669501781463623e-01,-2.663123011589050293e-01,2.874334454536437988e-01,5.303677916526794434e-01,3.209340870380401611e-01,2.910626530647277832e-01,4.308606982231140137e-01,4.438805282115936279e-01,3.043956756591796875e-01,6.265247464179992676e-01,2.216665148735046387e-01,4.431062936782836914e-01,3.898913562297821045e-01,4.578525125980377197e-01,-8.339732885360717773e-02,1.256182882934808731e-02,3.789561688899993896e-01,4.018243551254272461e-01,2.828330993652343750e-01,2.847191691398620605e-01,1.923401206731796265e-01,1.270134150981903076e-01,3.335690796375274658e-01,4.069836437702178955e-01,1.753572225570678711e-01,4.279471635818481445e-01,4.272431433200836182e-01,5.272482037544250488e-01,-9.404074400663375854e-02,-5.972278118133544922e-02,2.534467279911041260e-01,3.709463477134704590e-01,-2.337153553962707520e-01,-1.983306854963302612e-01,-2.531151175498962402e-01,-1.555875688791275024e-01,-4.234531223773956299e-01,-3.576302528381347656e-01,-5.185478925704956055e-01,-4.463101923465728760e-01,-2.414554506540298462e-01,-1.940098702907562256e-01,-1.668472290039062500e-01,-1.888956427574157715e-01,-3.029462695121765137e-01,-3.387365043163299561e-01,-3.763353228569030762e-01,-4.160149991512298584e-01,-3.176138699054718018e-01,-3.969721496105194092e-01,-3.147589862346649170e-01,-2.830250859260559082e-01,-2.417376786470413208e-01,-3.595691025257110596e-01,-1.364819556474685669e-01,2.663582004606723785e-02,2.325900644063949585e-02,4.415208939462900162e-03,-2.231156378984451294e-01,-3.988527953624725342e-01,-3.526032269001007080e-01,-1.819003522396087646e-01
-5.164297223091125488e-01,3.664019331336021423e-02,7.904490232467651367e-01,6.033257246017456055e-01,8.811893463134765625e-01,4.436403810977935791e-01,7.582693696022033691e-01,1.704810261726379395e-01,1.000000000000000000e+00,4.085592031478881836e-01,4.588719010353088379e-01,1.161543000489473343e-02,7.873502373695373535e-01,1.973526924848556519e-02,8.452282547950744629e-01,2.510653436183929443e-01,-1.771963685750961304e-01,-9.050499647855758667e-03,-2.412541024386882782e-02,-8.462334424257278442e-02,4.547647535800933838e-01,3.334688246250152588e-01,7.761625051498413086e-01,6.840462088584899902e-01,8.107517957687377930e-01,6.749857664108276367e-01,6.686502695083618164e-01,5.256071090698242188e-01,3.714834749698638916e-01,1.495651751756668091e-01,8.000122904777526855e-01,7.829794883728027344e-01,-2.409921288490295410e-01,-1.633336544036865234e-01,-2.450473159551620483e-01,-1.250881254673004150e-01,-4.902204573154449463e-01,1.977152377367019653e-01,-1.542354524135589600e-01,9.700422734022140503e-02,4.726416170597076416e-01,2.627511322498321533e-01,-3.326984867453575134e-02,-3.452183306217193604e-02,-4.887058585882186890e-02,-2.569323033094406128e-02,-9.513945132493972778e-02,-8.424279838800430298e-02,1.317459996789693832e-02,-7.645057141780853271e-02,-1.955435052514076233e-02,-3.570154681801795959e-02,-8.352182060480117798e-02,8.012477308511734009e-03,-8.888424932956695557e-02,-2.045131102204322815e-02,-4.716164171695709229e-01,-9.181338548660278320e-02,-2.127408236265182495e-01,-1.248568445444107056e-01,-2.131498157978057861e-01,-9.906797856092453003e-02,-4.246814846992492676e-01,-1.093063727021217346e-01,-2.101598531007766724e-01,-1.918454319238662720e-01,-2.710489332675933838e-01,-1.867729574441909790e-01,-2.523999214172363281e-01,-2.361886054277420044e-01,4.037332534790039062e-01,3.649372458457946777e-01,2.040453851222991943e-01,3.121333420276641846e-01,1.569076627492904663e-01,3.260867595672607422e-01,-1.593490364030003548e-03,1.827909648418426514e-01,-4.824367165565490723e-01,7.938111573457717896e-02,-1.110181659460067749e-01,8.094726217677816749e-05,4.500444233417510986e-01,1.969582289457321167e-01,-1.131988167762756348e-01,6.155317276716232300e-02,2.457488775253295898e-01,1.193261668086051941e-01,1.616973280906677246e-01,1.498396843671798706e-01,2.525352686643600464e-02,8.460442721843719482e-02,3.480312228202819824e-02,7.676422595977783203e-02,-2.770904898643493652e-01,1.368869841098785400e-01,-4.318004250526428223e-01,-1.782647073268890381e-01,4.107148200273513794e-02,-1.724286936223506927e-02,4.308306425809860229e-02,1.002252325415611267e-01,1.145808678120374680e-02,6.242389604449272156e-02,1.847262121737003326e-02,6.486531347036361694e-02,1.265981141477823257e-02,5.208745598793029785e-02,6.723784655332565308e-02,-2.365616858005523682e-01,-2.996742427349090576e-01,-4.966285079717636108e-03,1.891859620809555054e-02,-4.075089469552040100e-02,-1.259505301713943481e-01,-4.462782293558120728e-02
-1.761935949325561523e-01,-8.974705822765827179e-03,1.218664497137069702e-01,2.938507795333862305e-01,4.464206993579864502e-01,7.795737385749816895e-01,6.392027437686920166e-02,1.077584475278854370e-01,4.085592031478881836e-01,1.000000000000000000e+00,-1.111575961112976074e-02,-4.184869583696126938e-03,1.069579422473907471e-01,1.580438464879989624e-01,4.279973208904266357e-01,7.314939498901367188e-01,6.985473446547985077e-03,1.260847747325897217e-01,-3.909045085310935974e-02,-8.714947849512100220e-02,3.348277807235717773e-01,3.785245716571807861e-01,1.180190518498420715e-01,1.864413768053054810e-01,4.028975963592529297e-01,4.937909245491027832e-01,5.832887291908264160e-01,6.605489253997802734e-01,2.328313142061233521e-01,3.084765672683715820e-01,1.527506560087203979e-01,1.836393773555755615e-01,-3.932775855064392090e-01,-3.863608539104461670e-01,-2.080720514059066772e-01,-1.222439557313919067e-01,1.856333464384078979e-01,4.141934216022491455e-01,3.260332643985748291e-01,4.910891950130462646e-01,4.372555017471313477e-01,3.746613264083862305e-01,2.268053963780403137e-02,2.840285422280430794e-03,-7.784982770681381226e-02,-2.829785086214542389e-02,1.365394443273544312e-01,1.812186539173126221e-01,-6.289570778608322144e-02,-1.189305260777473450e-01,2.236877009272575378e-02,-7.631082832813262939e-02,1.903780251741409302e-01,3.053844273090362549e-01,2.924966812133789062e-01,4.484281837940216064e-01,-1.616609543561935425e-01,-1.489299833774566650e-01,-3.083243966102600098e-01,-2.886479794979095459e-01,-2.426775991916656494e-01,-2.931447029113769531e-01,-4.098533466458320618e-02,-4.091768711805343628e-02,-1.387291699647903442e-01,-2.542710900306701660e-01,-3.348788917064666748e-01,-2.833580076694488525e-01,-2.218536734580993652e-01,-2.990117669105529785e-01,2.006759345531463623e-01,2.661415040493011475e-01,2.110710144042968750e-01,2.706067860126495361e-01,2.449781894683837891e-01,2.969620823860168457e-01,1.585153788328170776e-01,2.104629427194595337e-01,6.002582982182502747e-02,2.246949523687362671e-01,1.332177519798278809e-01,2.449488192796707153e-01,5.217147469520568848e-01,7.116297483444213867e-01,1.504887938499450684e-01,3.266586065292358398e-01,4.418261051177978516e-01,5.600957870483398438e-01,4.760716557502746582e-01,6.220556497573852539e-01,3.940568864345550537e-01,4.003188014030456543e-01,2.564367353916168213e-01,2.510866224765777588e-01,1.926821321249008179e-01,3.486095070838928223e-01,2.260125428438186646e-01,3.937471210956573486e-01,2.740371525287628174e-01,3.131900131702423096e-01,2.312772162258625031e-02,6.874173879623413086e-02,3.160757478326559067e-03,5.030677188187837601e-03,4.811421036720275879e-02,3.823674097657203674e-02,6.597232073545455933e-02,1.419862359762191772e-01,3.452014327049255371e-01,2.336764335632324219e-01,2.038794606924057007e-01,2.351378053426742554e-01,2.448692619800567627e-01,1.309718787670135498e-01,8.323204517364501953e-02,1.382520645856857300e-01
5.126193631440401077e-03,3.413709700107574463e-01,5.033067464828491211e-01,3.463444411754608154e-01,4.077104926109313965e-01,2.167066559195518494e-02,5.697291493415832520e-01,5.453734397888183594e-01,4.588719010353088379e-01,-1.111575961112976074e-02,1.000000000000000000e+00,5.625542402267456055e-01,6.457766890525817871e-01,5.250945091247558594e-01,4.287288486957550049e-01,3.306902199983596802e-02,4.176129996776580811e-01,5.310795307159423828e-01,-7.864531874656677246e-02,-4.946291446685791016e-02,3.278433680534362793e-01,2.644569873809814453e-01,5.093562006950378418e-01,5.162906646728515625e-01,4.427536427974700928e-01,4.191276431083679199e-01,2.634130716323852539e-01,1.612609624862670898e-01,6.202962994575500488e-01,4.057192504405975342e-01,5.978230237960815430e-01,6.143635511398315430e-01,1.617014110088348389e-01,2.378375381231307983e-01,1.476564407348632812e-01,2.646779716014862061e-01,-3.735575973987579346e-01,6.199188157916069031e-02,-3.513252735137939453e-01,-2.025723159313201904e-01,1.352289617061614990e-01,5.907373130321502686e-02,1.960381120443344116e-01,1.793728768825531006e-01,1.773736625909805298e-01,1.255423575639724731e-01,7.913541793823242188e-02,5.544883012771606445e-02,1.591640114784240723e-01,1.101972609758377075e-01,1.224206835031509399e-01,6.842046976089477539e-02,3.302425146102905273e-02,1.422270480543375015e-02,-2.070358842611312866e-01,-2.154169082641601562e-01,-4.407264292240142822e-02,2.395101785659790039e-01,4.679451882839202881e-02,9.520130604505538940e-02,1.553604155778884888e-01,2.501968145370483398e-01,-1.824282854795455933e-01,1.646878123283386230e-01,2.629312453791499138e-03,1.445324420928955078e-01,1.213370710611343384e-01,1.936731189489364624e-01,-1.362286359071731567e-01,-7.300254702568054199e-02,4.096222817897796631e-01,3.829344511032104492e-01,2.734739184379577637e-01,3.671844005584716797e-01,1.182575151324272156e-01,2.082968950271606445e-01,1.122600808739662170e-01,2.593523859977722168e-01,-4.418369010090827942e-02,3.361992835998535156e-01,3.585406839847564697e-01,3.994313180446624756e-01,4.745747521519660950e-02,-8.745198696851730347e-02,2.803279757499694824e-01,3.223754167556762695e-01,-1.773902624845504761e-01,-2.799164950847625732e-01,-2.881393395364284515e-02,-4.091963917016983032e-02,-2.873627543449401855e-01,-2.389943301677703857e-01,-3.296062052249908447e-01,-2.634467482566833496e-01,-1.885445266962051392e-01,-1.360995508730411530e-02,-2.843652665615081787e-01,-2.155969291925430298e-01,-6.181914359331130981e-02,-1.665266752243041992e-01,-6.373957544565200806e-02,-1.576634496450424194e-01,-4.995003342628479004e-03,-7.730546593666076660e-02,-9.385848045349121094e-02,-6.293874233961105347e-02,1.781565137207508087e-02,-1.052562147378921509e-01,-9.292319416999816895e-02,-1.665845364332199097e-01,-1.807281076908111572e-01,1.243136473931372166e-03,-1.709328591823577881e-01,-2.089841514825820923e-01,-2.255796641111373901e-01,-5.651680380105972290e-02
4.689037799835205078e-01,5.853217840194702148e-01,-1.941594295203685760e-02,2.357569150626659393e-02,-2.372188493609428406e-02,-4.583793878555297852e-02,9.371218830347061157e-02,6.853871345520019531e-01,1.161543000489473343e-02,-4.184869583696126938e-03,5.625542402267456055e-01,1.000000000000000000e+00,1.530493348836898804e-01,7.902080416679382324e-01,-3.396116569638252258e-02,3.440624102950096130e-02,5.569929480552673340e-01,6.742184162139892578e-01,-3.947579860687255859e-02,3.581957146525382996e-02,1.608963310718536377e-01,2.621464431285858154e-01,-1.032022759318351746e-02,7.431609928607940674e-02,-5.831398535519838333e-03,1.190487369894981384e-01,-4.257970303297042847e-02,-4.781657829880714417e-02,3.892084360122680664e-01,5.539959073066711426e-01,8.461131900548934937e-02,1.241132691502571106e-01,2.397834509611129761e-01,2.820281088352203369e-01,4.150913059711456299e-01,4.309712350368499756e-01,6.516108661890029907e-02,1.395255923271179199e-01,-2.912031710147857666e-01,-1.405864804983139038e-01,-3.085130453109741211e-02,9.972719103097915649e-02,3.713352978229522705e-01,3.954566419124603271e-01,3.130730390548706055e-01,3.528972268104553223e-01,2.198098897933959961e-01,2.590810954570770264e-01,3.474849760532379150e-01,4.352274239063262939e-01,3.350937366485595703e-01,2.881126403808593750e-01,1.777997463941574097e-01,1.437477320432662964e-01,-1.803131103515625000e-01,-1.764608174562454224e-01,3.467171788215637207e-01,4.405518472194671631e-01,2.008242011070251465e-01,1.649951338768005371e-01,3.383400440216064453e-01,4.467601180076599121e-01,2.686955332756042480e-01,4.577855467796325684e-01,2.629126310348510742e-01,3.800852298736572266e-01,3.543926179409027100e-01,4.017728269100189209e-01,-3.327648714184761047e-02,4.504458606243133545e-02,3.750391900539398193e-01,4.568093717098236084e-01,2.583773732185363770e-01,4.519726336002349854e-01,1.674796342849731445e-01,2.425496429204940796e-01,3.627369403839111328e-01,4.239208102226257324e-01,3.616228103637695312e-01,3.608484268188476562e-01,5.554589033126831055e-01,5.733518600463867188e-01,-8.764424175024032593e-02,2.314494457095861435e-03,4.259771704673767090e-01,4.499345719814300537e-01,-2.957666516304016113e-01,-2.431131750345230103e-01,-1.327992826700210571e-01,-5.045636743307113647e-02,-3.479845225811004639e-01,-3.386150896549224854e-01,-4.186999797821044922e-01,-4.277204573154449463e-01,-8.873376250267028809e-02,-9.902598708868026733e-02,-3.927213139832019806e-03,-3.898041322827339172e-02,-1.719787865877151489e-01,-2.001173496246337891e-01,-3.570160865783691406e-01,-4.280659854412078857e-01,-2.270374000072479248e-01,-3.901774287223815918e-01,-2.158815264701843262e-01,-2.787229418754577637e-01,-1.597684621810913086e-01,-3.101544976234436035e-01,-1.586887836456298828e-01,8.031851053237915039e-02,1.258462220430374146e-01,1.123514473438262939e-01,-1.969282627105712891e-01,-3.046369850635528564e-01,-2.522166669368743896e-01,-1.256669163703918457e-01
-4.096194803714752197e-01,9.470279514789581299e-02,8.844157457351684570e-01,6.170948743820190430e-01,7.413051128387451172e-01,1.995074003934860229e-01,9.022849202156066895e-01,3.456752300262451172e-01,7.873502373695373535e-01,1.069579422473907471e-01,6.457766890525817871e-01,1.530493348836898804e-01,1.000000000000000000e+00,1.505976617336273193e-01,7.300131916999816895e-01,5.671568214893341064e-02,-7.843986153602600098e-02,9.577322751283645630e-02,-5.342534929513931274e-02,-6.912335753440856934e-02,3.607162237167358398e-01,2.391323447227478027e-01,8.440403342247009277e-01,7.282209992408752441e-01,7.383329868316650391e-01,5.783163309097290039e-01,4.473448693752288818e-01,3.059612214565277100e-01,4.732469618320465088e-01,2.178802192211151123e-01,8.825356364250183105e-01,8.709374666213989258e-01,-3.575599938631057739e-02,5.987182632088661194e-02,-1.068196743726730347e-01,4.576824139803647995e-03,-5.835124254226684570e-01,8.740548044443130493e-02,-3.144325315952301025e-01,-1.193235293030738831e-01,2.994395792484283447e-01,1.310513168573379517e-01,-3.568729013204574585e-02,-3.988628461956977844e-02,-6.591361016035079956e-02,-2.811943553388118744e-02,-1.503111720085144043e-01,-1.473260074853897095e-01,7.468613982200622559e-02,-1.995541527867317200e-02,6.196407973766326904e-02,5.948979035019874573e-02,-1.284880489110946655e-01,-3.693417087197303772e-02,-1.640133708715438843e-01,-1.549434512853622437e-01,-4.240514039993286133e-01,-3.979348111897706985e-03,-8.619603514671325684e-02,-3.027421049773693085e-02,-4.859033599495887756e-02,4.644874110817909241e-02,-3.629300296306610107e-01,2.417023852467536926e-02,-1.061897352337837219e-01,-3.951931744813919067e-02,-1.268516629934310913e-01,-4.960237815976142883e-02,-2.396968305110931396e-01,-1.778180599212646484e-01,4.216460287570953369e-01,3.624087870121002197e-01,1.722836196422576904e-01,3.075773417949676514e-01,9.559054672718048096e-02,2.652309834957122803e-01,-7.312755042221397161e-05,2.197713702917098999e-01,-4.593155086040496826e-01,1.085769608616828918e-01,-2.769450470805168152e-02,3.976964578032493591e-02,2.412860095500946045e-01,-5.955457221716642380e-03,-9.215055406093597412e-02,4.348604381084442139e-02,6.158315390348434448e-02,-4.376677423715591431e-02,-2.867818810045719147e-03,-5.557038635015487671e-02,-1.480594277381896973e-01,-1.030230000615119934e-01,-1.350496262311935425e-01,-7.514680176973342896e-02,-3.247188627719879150e-01,-2.534646168351173401e-02,-4.933207631111145020e-01,-3.466144204139709473e-01,-7.627222221344709396e-03,-1.205736547708511353e-01,1.602135784924030304e-02,1.486867316998541355e-03,2.705147676169872284e-02,1.613214239478111267e-02,-2.660817280411720276e-02,2.485716901719570160e-02,1.478691212832927704e-02,-2.946956083178520203e-02,-1.915531046688556671e-02,-2.515633404254913330e-01,-3.465268611907958984e-01,-5.654017254710197449e-02,-1.189157962799072266e-01,-1.784629523754119873e-01,-1.461188793182373047e-01,-6.879448145627975464e-02
