1.000000000000000000e+00,6.124274730682373047e-01,6.359210610389709473e-01,6.307312250137329102e-01,-8.639972656965255737e-03,-8.773586153984069824e-02,6.410379409790039062e-01,5.558764338493347168e-01,1.979202479124069214e-01,7.479938864707946777e-02,6.152476668357849121e-01,4.510793983936309814e-01,5.186620950698852539e-01,2.851346135139465332e-01,-1.550672110170125961e-02,-1.327217668294906616e-01,5.864180922508239746e-01,3.194867372512817383e-01,6.998353004455566406e-01,6.976401209831237793e-01,1.419637799263000488e-01,1.047856286168098450e-01,3.007802069187164307e-01,3.568268418312072754e-01,-4.386232048273086548e-02,-4.987613484263420105e-02,2.149689570069313049e-02,-3.153448179364204407e-02,3.473389446735382080e-01,3.165650069713592529e-01,2.713516354560852051e-01,2.570247054100036621e-01,7.324546575546264648e-01,6.895008683204650879e-01,4.300828576087951660e-01,4.046380221843719482e-01,2.903141975402832031e-01,2.851355373859405518e-01,1.028417944908142090e-01,2.476948350667953491e-01,1.323622465133666992e-01,1.914253979921340942e-01,-1.115203574299812317e-01,-4.767592623829841614e-02,-3.924595415592193604e-01,-4.534262418746948242e-01,1.095321625471115112e-01,3.887154534459114075e-02,-4.225692152976989746e-01,-5.592995285987854004e-01,-2.047619372606277466e-01,-4.189983904361724854e-01,-6.287033110857009888e-02,-1.994895935058593750e-01,2.397064268589019775e-01,1.953030079603195190e-01,7.788678407669067383e-01,4.056485891342163086e-01,-2.315558493137359619e-01,-4.647089838981628418e-01,4.510742425918579102e-01,-1.951231658458709717e-01,6.643959879875183105e-01,2.494805157184600830e-01,6.314284354448318481e-02,-3.290747404098510742e-01,1.213286444544792175e-01,1.614689379930496216e-01,6.284358501434326172e-01,4.404692351818084717e-01,3.488583564758300781e-01,2.550533413887023926e-01,4.041069746017456055e-01,3.149271905422210693e-01,2.093217074871063232e-01,2.069958448410034180e-01,4.093263745307922363e-01,3.024566769599914551e-01,4.444122016429901123e-01,2.990229725837707520e-01,4.423960447311401367e-01,1.131946370005607605e-01,-5.818639695644378662e-02,9.134224057197570801e-02,2.639634311199188232e-01,-1.045957878232002258e-01,-1.456442624330520630e-01,-3.150407224893569946e-02,1.187833547592163086e-01,-1.855868101119995117e-01,7.023879140615463257e-02,-1.109258532524108887e-01,-7.804804947227239609e-03,-2.927951514720916748e-01,1.295718252658843994e-01,1.727509796619415283e-01,2.629075050354003906e-01,2.588078081607818604e-01,1.494660824537277222e-01,1.284804046154022217e-01,2.652461826801300049e-02,-3.096764981746673584e-01,4.809359833598136902e-02,-1.884131282567977905e-01,8.554285764694213867e-02,6.803413480520248413e-02,1.190786659717559814e-01,-1.391863226890563965e-01,1.032266691327095032e-01,4.543006792664527893e-02,1.596675515174865723e-01,3.964218124747276306e-02,-1.630681595088390168e-06,-5.181740969419479370e-02,-3.445294499397277832e-02,5.039537325501441956e-03
6.124274730682373047e-01,1.000000000000000000e+00,4.720585942268371582e-01,6.162506341934204102e-01,6.947763264179229736e-02,6.856922805309295654e-02,4.364188313484191895e-01,5.763252377510070801e-01,1.853476315736770630e-01,1.857087165117263794e-01,3.727183341979980469e-01,5.678700208663940430e-01,3.154098689556121826e-01,3.809276521205902100e-01,2.450715750455856323e-02,-7.595139741897583008e-02,3.444620072841644287e-01,5.101337432861328125e-01,5.369043350219726562e-01,6.259893774986267090e-01,1.387003511190414429e-01,1.788705736398696899e-01,2.253728061914443970e-01,3.558323979377746582e-01,5.356962978839874268e-02,6.984435766935348511e-02,5.251820012927055359e-02,6.406523287296295166e-02,2.250317931175231934e-01,3.924319446086883545e-01,2.090203315019607544e-01,2.523693740367889404e-01,6.051095724105834961e-01,6.461731791496276855e-01,2.792538702487945557e-01,2.750400006771087646e-01,1.389513760805130005e-01,1.855912059545516968e-01,7.940048724412918091e-02,1.789447665214538574e-01,8.919399976730346680e-02,1.860541403293609619e-01,-2.196823358535766602e-01,-1.192462593317031860e-01,-3.269976079463958740e-01,-2.848458588123321533e-01,-9.434287995100021362e-02,-4.867077246308326721e-02,-3.175123929977416992e-01,-3.188219070434570312e-01,-2.301862537860870361e-01,-2.143392413854598999e-01,-2.081294953823089600e-01,-1.264896690845489502e-01,-5.321272462606430054e-02,1.107620894908905029e-01,5.971488952636718750e-01,6.933275461196899414e-01,-5.830703675746917725e-02,-1.165034323930740356e-01,3.364318311214447021e-01,1.432089060544967651e-01,3.909505903720855713e-01,4.841679632663726807e-01,7.146490365266799927e-02,4.023792222142219543e-03,9.202359616756439209e-02,1.783590316772460938e-01,5.040637850761413574e-01,4.660524427890777588e-01,2.270568758249282837e-01,2.186759561300277710e-01,2.166733294725418091e-01,3.048558235168457031e-01,1.864784359931945801e-01,3.057295382022857666e-01,2.922207415103912354e-01,2.473105937242507935e-01,2.827891707420349121e-01,3.565064668655395508e-01,2.039266228675842285e-01,4.078909754753112793e-01,4.022145643830299377e-02,2.656138837337493896e-01,9.799797832965850830e-02,1.874519288539886475e-01,1.825848408043384552e-02,1.772388368844985962e-01,-1.050661355257034302e-01,3.517840802669525146e-02,-1.372152715921401978e-01,-6.085182726383209229e-02,-1.619140207767486572e-01,-2.231393456459045410e-01,-3.353138640522956848e-02,2.228940464556217194e-02,-3.664104500785470009e-03,4.712608829140663147e-02,-6.752327084541320801e-02,-2.605461515486240387e-02,-1.225492060184478760e-01,-1.155792996287345886e-01,-6.505258381366729736e-02,-1.016475707292556763e-01,-6.189963221549987793e-02,-5.603338032960891724e-02,-2.754463348537683487e-04,-5.113408342003822327e-02,-6.242958083748817444e-02,-9.376276284456253052e-02,-5.849712062627077103e-03,-1.141224652528762817e-01,-1.575396507978439331e-01,-1.197529211640357971e-01,-1.015871614217758179e-01,-5.512449145317077637e-02
6.359210610389709473e-01,4.720585942268371582e-01,1.000000000000000000e+00,7.950694561004638672e-01,1.478433161973953247e-01,9.310009330511093140e-02,7.947394251823425293e-01,7.526172399520874023e-01,3.536252081394195557e-01,3.832361698150634766e-01,5.723243355751037598e-01,4.486476182937622070e-01,6.461249589920043945e-01,5.003920197486877441e-01,7.821056991815567017e-02,1.207302957773208618e-01,5.048604607582092285e-01,3.075062632560729980e-01,7.165219783782958984e-01,6.275526285171508789e-01,1.900357753038406372e-01,1.418092846870422363e-01,6.659917235374450684e-01,6.381657719612121582e-01,3.013460040092468262e-01,2.581795156002044678e-01,1.778636872768402100e-01,1.234219148755073547e-01,4.884921908378601074e-01,2.768527865409851074e-01,4.846648871898651123e-01,4.898142516613006592e-01,5.810949802398681641e-01,6.259114742279052734e-01,2.741659879684448242e-01,1.785426735877990723e-01,2.541857361793518066e-01,7.189948111772537231e-02,1.246377453207969666e-01,1.174227148294448853e-01,1.641898602247238159e-01,1.354795098304748535e-01,-1.229363754391670227e-01,-1.204651147127151489e-01,-3.276448249816894531e-01,-4.669346809387207031e-01,4.412365332245826721e-02,-1.554669253528118134e-02,-3.805790543556213379e-01,-4.736806750297546387e-01,-2.242675870656967163e-01,-3.952382206916809082e-01,-8.097525686025619507e-02,-1.492665410041809082e-01,1.263843476772308350e-01,2.280434034764766693e-02,4.885425269603729248e-01,2.299219071865081787e-01,-3.075629174709320068e-01,-4.027148485183715820e-01,1.333836019039154053e-01,-2.159385830163955688e-01,4.359110593795776367e-01,9.875363111495971680e-02,-1.079442873597145081e-01,-2.849656045436859131e-01,-6.663310807198286057e-03,5.967364087700843811e-02,3.255890607833862305e-01,2.358469516038894653e-01,3.552942276000976562e-01,3.200421631336212158e-01,4.435186386108398438e-01,3.046562671661376953e-01,2.465289682149887085e-01,2.224247008562088013e-01,3.169440627098083496e-01,1.544995009899139404e-01,3.239051699638366699e-01,2.127319425344467163e-01,3.846524357795715332e-01,6.587603688240051270e-02,1.498721092939376831e-01,1.046923771500587463e-01,2.067367881536483765e-01,-1.679584085941314697e-01,4.273903369903564453e-02,-3.117191139608621597e-03,8.597692847251892090e-02,-2.204011380672454834e-01,4.410823341459035873e-03,-1.158326640725135803e-01,-4.229154065251350403e-02,-2.084159851074218750e-01,8.384106308221817017e-02,1.646988280117511749e-02,1.138348504900932312e-01,6.013051792979240417e-02,5.875156074762344360e-02,-3.262110799551010132e-02,-2.101880125701427460e-02,-1.183104440569877625e-01,-8.199795149266719818e-03,-9.227021038532257080e-02,1.705671474337577820e-02,-2.067112736403942108e-02,-6.729047163389623165e-04,-1.151109933853149414e-01,3.415735810995101929e-02,2.266825921833515167e-02,1.422086823731660843e-02,-3.633402660489082336e-02,-1.047291606664657593e-01,-5.300893634557723999e-02,3.149348124861717224e-02,-6.074866279959678650e-03
6.307312250137329102e-01,6.162506341934204102e-01,7.950694561004638672e-01,1.000000000000000000e+00,1.615720540285110474e-01,1.086731478571891785e-01,7.650461792945861816e-01,8.153787255287170410e-01,3.567623794078826904e-01,3.900253772735595703e-01,4.880301654338836670e-01,5.611509084701538086e-01,5.942945480346679688e-01,5.492343902587890625e-01,5.451107397675514221e-02,5.002425238490104675e-02,3.978829085826873779e-01,4.216663241386413574e-01,6.946943998336791992e-01,7.343876361846923828e-01,1.842356622219085693e-01,1.507229804992675781e-01,5.817670226097106934e-01,7.046237587928771973e-01,2.623227834701538086e-01,2.606276273727416992e-01,1.619962900876998901e-01,9.840799123048782349e-02,3.744874596595764160e-01,4.007982313632965088e-01,4.143902063369750977e-01,4.703971445560455322e-01,5.802745223045349121e-01,6.780715584754943848e-01,2.275289446115493774e-01,1.678820252418518066e-01,1.550811827182769775e-01,9.559145569801330566e-02,9.660717099905014038e-02,1.334945559501647949e-01,8.726225793361663818e-02,1.494198292493820190e-01,-2.451565414667129517e-01,-2.027255743741989136e-01,-3.674079775810241699e-01,-4.454421699047088623e-01,-8.990796655416488647e-02,-1.001549288630485535e-01,-3.973848819732666016e-01,-4.486020505428314209e-01,-3.290311396121978760e-01,-3.986464738845825195e-01,-2.117958962917327881e-01,-1.989900469779968262e-01,-3.500829683616757393e-03,1.939360797405242920e-02,4.698532223701477051e-01,3.731189370155334473e-01,-2.710532546043395996e-01,-3.093616068363189697e-01,9.907954931259155273e-02,-1.660653948783874512e-01,3.668471276760101318e-01,2.337175160646438599e-01,-1.527117043733596802e-01,-2.385036796331405640e-01,-1.986300759017467499e-02,7.608287781476974487e-02,3.379908204078674316e-01,2.860047817230224609e-01,2.799659669399261475e-01,2.743506133556365967e-01,3.336779177188873291e-01,3.202809393405914307e-01,2.247186005115509033e-01,2.844349145889282227e-01,2.909856438636779785e-01,1.498357206583023071e-01,2.313315272331237793e-01,2.856444418430328369e-01,2.653257548809051514e-01,2.360543757677078247e-01,9.968095272779464722e-02,2.251253277063369751e-01,9.217210859060287476e-02,-6.597848981618881226e-02,5.931726098060607910e-02,1.330874711275100708e-01,-5.014478042721748352e-02,-1.302632391452789307e-01,-9.946299344301223755e-02,-9.177009016275405884e-02,-1.232925355434417725e-01,-2.393296957015991211e-01,-7.367917336523532867e-03,-4.486906528472900391e-02,-3.504173364490270615e-03,-6.897039245814085007e-03,-3.632612526416778564e-02,-7.235299050807952881e-02,-9.424965828657150269e-02,-1.003274470567703247e-01,-4.915448650717735291e-02,-9.926023334264755249e-02,-4.752301424741744995e-02,-6.993101537227630615e-02,-2.934474125504493713e-02,-1.048758253455162048e-01,-3.783123567700386047e-02,-5.690564215183258057e-02,-2.129137143492698669e-02,-1.109008789062500000e-01,-1.927631050348281860e-01,-1.252166032791137695e-01,-3.662366792559623718e-02,-6.806217133998870850e-02
-8.639972656965255737e-03,6.947763264179229736e-02,1.478433161973953247e-01,1.615720540285110474e-01,1.000000000000000000e+00,7.487530708312988281e-01,1.139141842722892761e-01,1.164018511772155762e-01,6.335822343826293945e-01,4.715651273727416992e-01,2.018579542636871338e-01,9.721488505601882935e-02,3.112168610095977783e-01,1.343067735433578491e-01,5.079478621482849121e-01,3.460987210273742676e-01,1.577832549810409546e-01,1.390432864427566528e-01,4.211758729070425034e-03,2.238542772829532623e-02,3.136575222015380859e-01,3.846034705638885498e-01,2.753662168979644775e-01,2.495433986186981201e-01,6.131197810173034668e-01,6.410281062126159668e-01,6.879068613052368164e-01,6.753322482109069824e-01,2.746035754680633545e-01,1.688892394304275513e-01,4.048911631107330322e-01,4.026636183261871338e-01,8.540664613246917725e-02,1.414096355438232422e-01,3.722505271434783936e-02,6.990199536085128784e-02,2.505120933055877686e-01,1.358178555965423584e-01,1.938538551330566406e-01,1.411749273538589478e-01,3.203738331794738770e-01,2.276868373155593872e-01,5.000481009483337402e-02,6.037653982639312744e-02,1.186992675065994263e-01,1.042573973536491394e-01,-9.284815192222595215e-02,3.344452753663063049e-02,6.264364719390869141e-02,1.381740719079971313e-01,3.035602532327175140e-02,1.379772424697875977e-01,-9.465932101011276245e-02,7.340516149997711182e-02,-7.626567780971527100e-02,1.427959799766540527e-01,-4.083616659045219421e-02,6.086280569434165955e-02,5.114000663161277771e-02,9.573582559823989868e-02,-8.714127540588378906e-02,5.045978352427482605e-02,-7.171583175659179688e-02,8.297528326511383057e-02,3.165457770228385925e-02,8.645363152027130127e-02,7.289304584264755249e-02,1.068049818277359009e-01,-1.014389172196388245e-01,-1.846592314541339874e-02,2.916992008686065674e-01,3.462727963924407959e-01,2.439662218093872070e-01,2.551591098308563232e-01,1.017932444810867310e-01,1.912351250648498535e-01,2.447982728481292725e-01,2.145729511976242065e-01,1.893768161535263062e-01,1.412389576435089111e-01,9.504922479391098022e-02,1.898968666791915894e-01,7.946018874645233154e-02,1.339316219091415405e-01,7.148436456918716431e-02,2.310635298490524292e-01,-3.923287987709045410e-02,1.019507497549057007e-01,3.528976440429687500e-02,2.426704019308090210e-01,-2.436905801296234131e-01,1.223072260618209839e-01,-2.389215230941772461e-01,9.094215929508209229e-02,5.123345926403999329e-02,1.415642499923706055e-01,-1.534260511398315430e-01,-3.532653674483299255e-02,-2.511346936225891113e-01,-3.114547021687030792e-02,-2.782005965709686279e-01,5.362485349178314209e-02,-2.808108925819396973e-01,-3.390349820256233215e-02,-2.735855579376220703e-01,-2.156856805086135864e-01,-2.522014379501342773e-01,-9.418474882841110229e-02,1.289049535989761353e-01,8.935824036598205566e-02,6.136944517493247986e-02,-2.771069481968879700e-02,-6.780394166707992554e-02,1.546384207904338837e-02,-1.220549494028091431e-01,-1.458905637264251709e-01
-8.773586153984069824e-02,6.856922805309295654e-02,9.310009330511093140e-02,1.086731478571891785e-01,7.487530708312988281e-01,1.000000000000000000e+00,-1.623579068109393120e-03,1.069640070199966431e-01,4.860703349113464355e-01,4.967718422412872314e-01,7.390016317367553711e-02,1.288831830024719238e-01,1.381997615098953247e-01,1.586759686470031738e-01,3.386792838573455811e-01,4.138182103633880615e-01,6.831171363592147827e-02,1.328631937503814697e-01,-4.079240188002586365e-02,-6.736782938241958618e-02,1.969584971666336060e-01,3.194129765033721924e-01,2.214372456073760986e-01,1.424550116062164307e-01,5.572394132614135742e-01,5.835565924644470215e-01,6.024097800254821777e-01,6.602438092231750488e-01,1.409983336925506592e-01,1.405735015869140625e-01,3.209896087646484375e-01,3.343679010868072510e-01,-5.648915190249681473e-03,1.583008654415607452e-02,-5.556647107005119324e-02,-4.137741029262542725e-02,1.421837210655212402e-01,7.407519966363906860e-02,1.099852100014686584e-01,6.594501435756683350e-02,2.261564135551452637e-01,1.328091472387313843e-01,4.808028042316436768e-02,4.433725774288177490e-02,1.308705508708953857e-01,1.254036575555801392e-01,-5.748715996742248535e-02,3.248083963990211487e-02,7.925206422805786133e-02,1.524506211280822754e-01,8.884238451719284058e-02,1.530459523200988770e-01,-4.849985707551240921e-03,1.150305345654487610e-01,-5.933435261249542236e-02,1.300261914730072021e-01,-1.065896674990653992e-01,5.688020586967468262e-02,6.392951309680938721e-02,1.535113304853439331e-01,-9.704379737377166748e-02,1.510372906923294067e-01,-1.071467772126197815e-01,9.632536768913269043e-02,5.312017351388931274e-02,1.606339067220687866e-01,4.132855683565139771e-02,3.093869425356388092e-02,-1.330632716417312622e-01,-4.566529765725135803e-02,1.548720747232437134e-01,2.572705447673797607e-01,1.511076986789703369e-01,2.130002826452255249e-01,-6.762751191854476929e-02,7.610615342855453491e-02,1.650700569152832031e-01,1.342440992593765259e-01,1.065729409456253052e-01,1.261671334505081177e-01,8.455609902739524841e-03,1.693618744611740112e-01,7.238767296075820923e-02,1.276315301656723022e-01,-4.804592579603195190e-03,2.206439822912216187e-01,1.711901649832725525e-02,8.094730973243713379e-02,2.132597751915454865e-02,2.410726100206375122e-01,-1.273065805435180664e-01,1.289955973625183105e-01,-1.160830408334732056e-01,1.243056133389472961e-01,9.178395383059978485e-03,1.086243242025375366e-01,-1.278275102376937866e-01,-3.643091395497322083e-02,-1.562413722276687622e-01,-9.779240004718303680e-03,-1.471439003944396973e-01,1.499578356742858887e-01,-1.533949971199035645e-01,6.063379347324371338e-02,-1.497354805469512939e-01,-1.286924779415130615e-01,-1.514881849288940430e-01,-2.148212119936943054e-02,4.516136646270751953e-02,2.204179577529430389e-02,2.335878461599349976e-02,-8.682115934789180756e-03,-2.872910909354686737e-02,1.394350826740264893e-01,-8.592528291046619415e-03,3.192026633769273758e-03
6.410379409790039062e-01,4.364188313484191895e-01,7.947394251823425293e-01,7.650461792945861816e-01,1.139141842722892761e-01,-1.623579068109393120e-03,1.000000000000000000e+00,7.244560122489929199e-01,3.867978751659393311e-01,3.267566263675689697e-01,5.530359148979187012e-01,3.945881724357604980e-01,7.079251408576965332e-01,5.071192383766174316e-01,6.602194905281066895e-02,-6.553584826178848743e-04,4.590831100940704346e-01,2.710519433021545410e-01,6.976266503334045410e-01,6.819325089454650879e-01,2.230435758829116821e-01,1.515816003084182739e-01,6.249113082885742188e-01,7.067453265190124512e-01,2.333357930183410645e-01,2.171470373868942261e-01,1.630706787109375000e-01,7.086800038814544678e-02,3.990445137023925781e-01,2.906856536865234375e-01,4.489563405513763428e-01,4.631782770156860352e-01,5.262246131896972656e-01,6.229774951934814453e-01,2.406053245067596436e-01,1.848880648612976074e-01,2.285324782133102417e-01,1.108184084296226501e-01,1.115124523639678955e-01,1.655844151973724365e-01,1.101049035787582397e-01,1.898337602615356445e-01,-1.718022525310516357e-01,-1.482126563787460327e-01,-3.246735036373138428e-01,-4.327563345432281494e-01,-1.182124949991703033e-03,-4.748434945940971375e-02,-3.653928041458129883e-01,-4.639020562171936035e-01,-2.887589335441589355e-01,-4.151433110237121582e-01,-1.396855711936950684e-01,-2.238982170820236206e-01,1.385548561811447144e-01,4.145499318838119507e-02,4.620022177696228027e-01,1.958236992359161377e-01,-3.091110289096832275e-01,-3.803970217704772949e-01,8.704722672700881958e-02,-2.794190049171447754e-01,4.135552048683166504e-01,9.450627118349075317e-02,-1.446646302938461304e-01,-3.154837787151336670e-01,-1.034229714423418045e-02,1.100424975156784058e-01,3.211057782173156738e-01,2.656898796558380127e-01,3.556468784809112549e-01,2.811980545520782471e-01,4.198896288871765137e-01,2.542630136013031006e-01,2.996313273906707764e-01,2.530592381954193115e-01,3.420718312263488770e-01,1.924321353435516357e-01,2.787038981914520264e-01,1.816070973873138428e-01,3.542941212654113770e-01,1.046052426099777222e-01,8.095970749855041504e-02,1.411356627941131592e-01,1.841354072093963623e-01,-1.848488599061965942e-01,-9.193086298182606697e-04,7.337018847465515137e-02,9.162757545709609985e-02,-2.021439522504806519e-01,8.172559551894664764e-03,-8.152604103088378906e-02,-2.149162814021110535e-02,-2.049370259046554565e-01,8.613263070583343506e-02,3.179652616381645203e-02,1.429418921470642090e-01,9.252677112817764282e-02,7.983366400003433228e-02,1.552429888397455215e-02,4.703294020146131516e-03,-1.229350417852401733e-01,2.339124493300914764e-02,-7.683249562978744507e-02,3.743707388639450073e-02,1.389430742710828781e-02,4.781222715973854065e-02,-7.713414728641510010e-02,1.008804887533187866e-01,6.355258822441101074e-02,6.396452337503433228e-02,-2.225705794990062714e-02,-9.943775087594985962e-02,-6.641042232513427734e-02,3.139888122677803040e-02,-2.105119451880455017e-02
5.558764338493347168e-01,5.763252377510070801e-01,7.526172399520874023e-01,8.153787255287170410e-01,1.164018511772155762e-01,1.069640070199966431e-01,7.244560122489929199e-01,1.000000000000000000e+00,3.493412733078002930e-01,4.265933632850646973e-01,4.660089313983917236e-01,6.238011121749877930e-01,5.878168344497680664e-01,6.770154237747192383e-01,4.807770624756813049e-02,1.186587288975715637e-01,3.819845616817474365e-01,4.892560541629791260e-01,6.304154992103576660e-01,6.248762607574462891e-01,2.201352417469024658e-01,1.598377972841262817e-01,6.079074144363403320e-01,6.835063099861145020e-01,2.922390997409820557e-01,2.800983786582946777e-01,1.393759250640869141e-01,8.512872457504272461e-02,3.760165870189666748e-01,4.309183955192565918e-01,4.525519907474517822e-01,5.099033713340759277e-01,5.152087211608886719e-01,6.198368072509765625e-01,1.475361287593841553e-01,8.482205867767333984e-02,1.378706395626068115e-01,1.246893182396888733e-01,1.042506471276283264e-01,1.613135933876037598e-01,1.207761168479919434e-01,1.933472007513046265e-01,-2.710505723953247070e-01,-2.619802355766296387e-01,-3.388399183750152588e-01,-4.078628122806549072e-01,-1.150258034467697144e-01,-1.413349658250808716e-01,-3.520477712154388428e-01,-3.754657208919525146e-01,-3.207045197486877441e-01,-3.500656187534332275e-01,-2.040394693613052368e-01,-1.768122315406799316e-01,6.665433174930512905e-04,4.485489055514335632e-02,3.873903453350067139e-01,3.309387862682342529e-01,-2.700215578079223633e-01,-2.474756985902786255e-01,2.784088440239429474e-02,-1.208211034536361694e-01,2.992807924747467041e-01,2.226889133453369141e-01,-2.038320600986480713e-01,-1.924464255571365356e-01,-5.655674263834953308e-02,2.841928973793983459e-02,2.681030631065368652e-01,2.257044613361358643e-01,2.837375700473785400e-01,3.058784902095794678e-01,3.561603426933288574e-01,3.733997046947479248e-01,2.586266100406646729e-01,3.259555399417877197e-01,2.784985303878784180e-01,1.625173836946487427e-01,2.156439274549484253e-01,3.161693513393402100e-01,2.636455595493316650e-01,3.087855279445648193e-01,1.155012995004653931e-01,2.634828090667724609e-01,8.253422379493713379e-02,1.003375649452209473e-02,9.698211401700973511e-02,1.812112331390380859e-01,-6.345574744045734406e-03,-4.884607344865798950e-02,-5.766922235488891602e-02,-7.180126756429672241e-02,-6.985156983137130737e-02,-1.982676386833190918e-01,3.083287551999092102e-02,-2.028704062104225159e-02,9.668922051787376404e-03,4.435241222381591797e-03,-7.678611669689416885e-03,-7.181612402200698853e-02,-2.821989171206951141e-02,-5.329464003443717957e-02,8.233297616243362427e-03,-4.515032842755317688e-02,8.304299786686897278e-03,-2.450806461274623871e-02,2.870029397308826447e-02,-4.648147895932197571e-02,-3.959764540195465088e-02,-5.236260592937469482e-02,-8.317550271749496460e-02,-1.286223977804183960e-01,-1.737751364707946777e-01,-1.125106513500213623e-01,8.467919193208217621e-03,-3.628063201904296875e-02
1.979202479124069214e-01,1.853476315736770630e-01,3.536252081394195557e-01,3.567623794078826904e-01,6.335822343826293945e-01,4.860703349113464355e-01,3.867978751659393311e-01,3.493412733078002930e-01,1.000000000000000000e+00,5.564635396003723145e-01,4.309084415435791016e-01,2.689289152622222900e-01,6.074129343032836914e-01,3.699577152729034424e-01,5.400134325027465820e-01,2.408192455768585205e-01,3.481120467185974121e-01,2.716785073280334473e-01,1.932947933673858643e-01,2.052293568849563599e-01,3.965683877468109131e-01,4.058893918991088867e-01,4.268916845321655273e-01,4.783694744110107422e-01,6.022284626960754395e-01,5.669407844543457031e-01,5.181169509887695312e-01,4.294166564941406250e-01,4.013451039791107178e-01,3.510415852069854736e-01,5.545854568481445312e-01,5.466707348823547363e-01,2.294317185878753662e-01,3.263044059276580811e-01,4.333003982901573181e-02,7.182478159666061401e-02,3.149217963218688965e-01,3.059015572071075439e-01,2.129286378622055054e-01,3.266274929046630859e-01,3.327318131923675537e-01,3.616156876087188721e-01,-1.350989099591970444e-02,1.537084951996803284e-02,-3.690712153911590576e-02,-6.311556696891784668e-02,-5.594222620129585266e-02,3.158463165163993835e-02,-9.912955015897750854e-02,-4.101670160889625549e-02,-7.211317121982574463e-02,5.196010228246450424e-03,-1.391635090112686157e-01,2.493161894381046295e-02,4.243155196309089661e-02,2.326848953962326050e-01,1.032351776957511902e-01,1.183440461754798889e-01,-9.324843436479568481e-02,-5.857656523585319519e-02,-7.163930684328079224e-02,2.885966328904032707e-03,5.528865009546279907e-02,8.767366409301757812e-02,-2.748154662549495697e-02,-4.001491516828536987e-02,3.987454995512962341e-02,9.069534391164779663e-02,1.933382265269756317e-02,9.072387218475341797e-02,4.706826508045196533e-01,4.393969774246215820e-01,4.384958446025848389e-01,4.399135708808898926e-01,3.052917718887329102e-01,3.225220143795013428e-01,3.482289314270019531e-01,2.984080910682678223e-01,2.803643345832824707e-01,2.548624575138092041e-01,2.295958995819091797e-01,2.639085650444030762e-01,-5.568256229162216187e-02,1.812311261892318726e-01,1.515988856554031372e-01,2.166232466697692871e-01,-1.232743859291076660e-01,1.386493593454360962e-01,1.191767156124114990e-01,2.129152864217758179e-01,-1.481621414422988892e-01,1.393576115369796753e-01,-1.493903100490570068e-01,2.710466086864471436e-02,1.445611268281936646e-01,2.344781607389450073e-01,3.542725928127765656e-03,1.146258860826492310e-01,-1.081243678927421570e-01,6.763573735952377319e-02,-1.545276641845703125e-01,-2.464403770864009857e-02,-1.496018171310424805e-01,-5.373293161392211914e-02,-1.320757865905761719e-01,-7.393199950456619263e-02,-1.065535396337509155e-01,-7.441540807485580444e-02,1.882454901933670044e-01,1.125944554805755615e-01,5.902030970901250839e-04,-5.220720544457435608e-02,-7.001212984323501587e-02,6.198300514370203018e-03,-1.410551182925701141e-02,-9.587392956018447876e-02
7.479938864707946777e-02,1.857087165117263794e-01,3.832361698150634766e-01,3.900253772735595703e-01,4.715651273727416992e-01,4.967718422412872314e-01,3.267566263675689697e-01,4.265933632850646973e-01,5.564635396003723145e-01,1.000000000000000000e+00,2.239410728216171265e-01,2.644481658935546875e-01,4.158113598823547363e-01,4.375753104686737061e-01,1.983897686004638672e-01,4.490596652030944824e-01,1.794501692056655884e-01,1.824756264686584473e-01,2.395511269569396973e-01,1.119083613157272339e-01,2.528975307941436768e-01,3.130017518997192383e-01,5.680135488510131836e-01,3.865547776222229004e-01,6.341624259948730469e-01,5.916019082069396973e-01,4.809828996658325195e-01,4.561559855937957764e-01,2.466339617967605591e-01,2.110057920217514038e-01,5.174387693405151367e-01,5.524080991744995117e-01,8.733408898115158081e-02,1.267976611852645874e-01,-8.617726713418960571e-02,-1.399430781602859497e-01,9.024992585182189941e-02,1.173914372920989990e-01,1.228014752268791199e-01,1.335327327251434326e-01,2.116757184267044067e-01,2.615945339202880859e-01,-7.543376088142395020e-02,-8.494994789361953735e-02,-7.244307547807693481e-02,-1.094107329845428467e-01,7.358382921665906906e-03,1.085145049728453159e-03,-7.297272980213165283e-02,-4.986127465963363647e-02,-5.907299369573593140e-02,-4.681501537561416626e-02,-2.886155806481838226e-02,-1.941726915538311005e-02,4.875681549310684204e-02,1.344153434038162231e-01,1.523565687239170074e-02,1.809464693069458008e-01,-7.727516442537307739e-02,5.567765980958938599e-02,-1.276804804801940918e-01,4.695747420191764832e-02,3.374616801738739014e-02,1.494169086217880249e-01,-8.026084303855895996e-02,5.650322511792182922e-02,-6.990614347159862518e-03,1.342652179300785065e-02,2.823144569993019104e-02,5.498300865292549133e-02,2.951512634754180908e-01,3.027776479721069336e-01,2.800519466400146484e-01,2.305176258087158203e-01,2.016417682170867920e-01,1.554750651121139526e-01,1.973291784524917603e-01,1.577610075473785400e-01,1.050836145877838135e-01,1.143371239304542542e-01,9.995613992214202881e-02,1.838466078042984009e-01,3.666428476572036743e-02,3.331824392080307007e-02,8.508686907589435577e-03,4.764257743954658508e-02,2.240959182381629944e-02,1.335965096950531006e-02,5.332428589463233948e-02,1.179311871528625488e-01,-1.000712742097675800e-03,8.244959264993667603e-02,-1.768900430761277676e-03,9.738022461533546448e-03,-6.967187393456697464e-03,6.183491274714469910e-02,-1.521170232445001602e-02,2.486991882324218750e-02,-1.906211301684379578e-02,5.201776325702667236e-02,-1.490229461342096329e-02,4.220437258481979370e-02,-3.378235548734664917e-02,3.850649110972881317e-03,-3.795289993286132812e-02,-5.737884715199470520e-02,-2.113305591046810150e-02,-5.005104839801788330e-02,4.230885952711105347e-02,2.848462760448455811e-02,-2.775467000901699066e-02,-5.830767378211021423e-02,-5.105539783835411072e-02,8.805530518293380737e-02,3.961043432354927063e-02,2.707803249359130859e-02
6.152476668357849121e-01,3.727183341979980469e-01,5.723243355751037598e-01,4.880301654338836670e-01,2.018579542636871338e-01,7.390016317367553711e-02,5.530359148979187012e-01,4.660089313983917236e-01,4.309084415435791016e-01,2.239410728216171265e-01,1.000000000000000000e+00,4.994191825389862061e-01,6.523895263671875000e-01,3.068294823169708252e-01,2.802914977073669434e-01,3.023317642509937286e-02,7.770408391952514648e-01,3.949413299560546875e-01,4.531576037406921387e-01,3.942455351352691650e-01,4.327771961688995361e-01,3.194546401500701904e-01,3.976490199565887451e-01,3.328602910041809082e-01,2.471690177917480469e-01,2.066835165023803711e-01,2.555012404918670654e-01,1.952571421861648560e-01,6.479744315147399902e-01,4.040011465549468994e-01,5.903738737106323242e-01,5.609565377235412598e-01,6.549466252326965332e-01,6.238592863082885742e-01,3.934806585311889648e-01,3.554889857769012451e-01,6.232062578201293945e-01,4.674411714076995850e-01,4.021154046058654785e-01,4.074700176715850830e-01,4.979763925075531006e-01,4.125563204288482666e-01,4.135610908269882202e-02,7.382202893495559692e-02,-1.395847946405410767e-01,-2.783375382423400879e-01,8.915781229734420776e-02,4.541509971022605896e-02,-2.578662037849426270e-01,-3.622022271156311035e-01,-9.738770872354507446e-02,-2.577787041664123535e-01,-4.347360506653785706e-02,-1.158124357461929321e-01,2.048567682504653931e-01,2.456521540880203247e-01,5.617383718490600586e-01,2.068345397710800171e-01,-1.963534355163574219e-01,-3.861113488674163818e-01,2.843371033668518066e-01,-1.540189087390899658e-01,5.550470948219299316e-01,1.072773560881614685e-01,5.819448828697204590e-02,-2.722378373146057129e-01,1.426772028207778931e-01,1.591506004333496094e-01,3.176094889640808105e-01,1.774480193853378296e-01,6.556866765022277832e-01,5.676901340484619141e-01,7.063299417495727539e-01,5.947778820991516113e-01,4.773831665515899658e-01,4.657330811023712158e-01,5.670516490936279297e-01,4.293705224990844727e-01,6.606453061103820801e-01,3.242423832416534424e-01,6.700503826141357422e-01,1.900599002838134766e-01,8.485004305839538574e-02,1.217403858900070190e-01,5.006155967712402344e-01,8.370291441679000854e-02,-4.964941367506980896e-02,-2.086072042584419250e-02,3.438733518123626709e-01,3.043821267783641815e-02,-9.698769450187683105e-02,-4.859052971005439758e-02,-1.874651610851287842e-01,-1.788616925477981567e-01,2.479452043771743774e-01,3.095114231109619141e-01,1.841590404510498047e-01,2.351991683244705200e-01,-3.864538297057151794e-02,7.457304000854492188e-02,-1.682982593774795532e-01,-2.408600300550460815e-01,-1.630582809448242188e-01,-1.713715791702270508e-01,-1.247775778174400330e-01,-9.109221398830413818e-02,-5.542208254337310791e-02,-1.325170993804931641e-01,2.104196250438690186e-01,1.200980767607688904e-01,9.950215369462966919e-02,-3.747327253222465515e-02,-3.123702108860015869e-02,-4.030425846576690674e-02,-7.401905953884124756e-02,-1.194404512643814087e-01
4.510793983936309814e-01,5.678700208663940430e-01,4.486476182937622070e-01,5.611509084701538086e-01,9.721488505601882935e-02,1.288831830024719238e-01,3.945881724357604980e-01,6.238011121749877930e-01,2.689289152622222900e-01,2.644481658935546875e-01,4.994191825389862061e-01,1.000000000000000000e+00,3.676697015762329102e-01,5.850278735160827637e-01,9.463240392506122589e-03,4.741093516349792480e-02,4.222896695137023926e-01,7.306362390518188477e-01,3.244029581546783447e-01,3.631779849529266357e-01,2.434535026550292969e-01,2.239649146795272827e-01,2.828957140445709229e-01,4.007662832736968994e-01,1.889654844999313354e-01,1.692078411579132080e-01,1.013012453913688660e-01,1.101316213607788086e-01,3.097629249095916748e-01,6.471893787384033203e-01,4.009029865264892578e-01,4.752095639705657959e-01,4.998355209827423096e-01,5.376902222633361816e-01,1.497224420309066772e-01,1.826311647891998291e-01,2.032408863306045532e-01,3.918291330337524414e-01,1.694524735212326050e-01,3.680107891559600830e-01,2.140790224075317383e-01,3.303923904895782471e-01,-2.186462581157684326e-01,-1.569779068231582642e-01,-2.573855221271514893e-01,-2.896442115306854248e-01,-1.366966962814331055e-01,-1.137325614690780640e-01,-3.549934625625610352e-01,-2.938656210899353027e-01,-3.224623501300811768e-01,-2.551574707031250000e-01,-2.653685808181762695e-01,-1.742950975894927979e-01,-2.079417183995246887e-02,2.010190337896347046e-01,3.553193807601928711e-01,3.810952007770538330e-01,-2.179027646780014038e-01,-2.039967328310012817e-01,6.724859774112701416e-02,6.245512049645185471e-03,2.549665272235870361e-01,3.386671245098114014e-01,-1.709335297346115112e-01,-1.294798105955123901e-01,-3.945142775774002075e-02,-2.559133619070053101e-02,1.601813435554504395e-01,9.480480849742889404e-02,3.111526370048522949e-01,3.666957914829254150e-01,3.490892052650451660e-01,5.685279965400695801e-01,2.163868546485900879e-01,4.044006764888763428e-01,3.061181604862213135e-01,2.558640837669372559e-01,2.898821234703063965e-01,5.269064307212829590e-01,2.757228016853332520e-01,5.475139021873474121e-01,9.611923992633819580e-02,4.227577447891235352e-01,8.321488648653030396e-02,2.796132564544677734e-01,9.125003218650817871e-02,2.883982956409454346e-01,2.683851681649684906e-02,1.846348196268081665e-01,-9.560123831033706665e-02,7.507485337555408478e-03,-1.157283857464790344e-01,-1.509508788585662842e-01,1.415328830480575562e-01,1.910335421562194824e-01,4.546758159995079041e-02,1.244512945413589478e-01,-2.582493238151073456e-02,8.539141155779361725e-03,-4.968840256333351135e-02,9.441103786230087280e-03,3.073926270008087158e-02,5.850917473435401917e-02,1.671446114778518677e-02,3.499444201588630676e-02,1.045285910367965698e-01,9.335985034704208374e-02,-2.330599911510944366e-02,-4.478302597999572754e-02,-1.515973173081874847e-02,-8.330399543046951294e-02,-1.286524087190628052e-01,-4.061833396553993225e-02,3.372218925505876541e-03,-5.461559630930423737e-03
5.186620950698852539e-01,3.154098689556121826e-01,6.461249589920043945e-01,5.942945480346679688e-01,3.112168610095977783e-01,1.381997615098953247e-01,7.079251408576965332e-01,5.878168344497680664e-01,6.074129343032836914e-01,4.158113598823547363e-01,6.523895263671875000e-01,3.676697015762329102e-01,1.000000000000000000e+00,4.970850050449371338e-01,3.645986914634704590e-01,1.353462934494018555e-01,5.296592712402343750e-01,2.747782170772552490e-01,5.127177238464355469e-01,4.850681424140930176e-01,4.367811381816864014e-01,3.103311657905578613e-01,5.983990430831909180e-01,6.106187701225280762e-01,3.749518096446990967e-01,3.488631546497344971e-01,3.381190598011016846e-01,2.183114439249038696e-01,5.694060325622558594e-01,3.760671615600585938e-01,5.865237712860107422e-01,5.748476386070251465e-01,4.715678691864013672e-01,5.519772171974182129e-01,2.391070276498794556e-01,1.857158988714218140e-01,3.738523423671722412e-01,3.028921484947204590e-01,2.892660200595855713e-01,3.283345997333526611e-01,3.504954278469085693e-01,3.664631843566894531e-01,-3.223541378974914551e-02,-1.243689563125371933e-02,-1.425169259309768677e-01,-2.548304796218872070e-01,2.803431265056133270e-02,1.320132240653038025e-02,-1.966456919908523560e-01,-2.821984589099884033e-01,-1.361644268035888672e-01,-2.127576023340225220e-01,-1.073564887046813965e-01,-9.788817912340164185e-02,1.668027639389038086e-01,1.768631637096405029e-01,4.077044725418090820e-01,1.888646930456161499e-01,-1.321488916873931885e-01,-2.393744438886642456e-01,1.537463217973709106e-01,-1.297491192817687988e-01,3.547810614109039307e-01,1.098713725805282593e-01,-3.899404080584645271e-03,-1.719231456518173218e-01,1.349140405654907227e-01,2.182984799146652222e-01,3.108741343021392822e-01,2.899592816829681396e-01,5.184383988380432129e-01,4.403574764728546143e-01,5.473920106887817383e-01,4.409829080104827881e-01,4.124754369258880615e-01,3.992587924003601074e-01,4.397322833538055420e-01,3.040585815906524658e-01,3.957609534263610840e-01,2.040643244981765747e-01,4.595293104648590088e-01,1.473820656538009644e-01,7.823310047388076782e-02,1.748466044664382935e-01,2.935525178909301758e-01,5.870403256267309189e-03,-3.932024911046028137e-02,7.761726528406143188e-02,1.997074782848358154e-01,-2.578771673142910004e-02,-6.153411790728569031e-02,-8.701408281922340393e-03,-1.104017347097396851e-01,-1.623437553644180298e-01,2.023279368877410889e-01,2.023509293794631958e-01,1.299089938402175903e-01,1.673425883054733276e-01,-3.808491164818406105e-03,5.958722159266471863e-02,-8.399786800146102905e-02,-1.954814195632934570e-01,-7.253545522689819336e-02,-1.320369839668273926e-01,-5.715822428464889526e-02,-5.201280117034912109e-02,-6.325998343527317047e-03,-1.271050572395324707e-01,2.261617779731750488e-01,1.322408616542816162e-01,4.998099431395530701e-02,-4.661371558904647827e-02,-6.638507544994354248e-02,-8.432430773973464966e-02,-6.683698296546936035e-02,-1.222112104296684265e-01
