1.000000000000000000e+00,3.542147874832153320e-01,2.286139428615570068e-01,3.992533981800079346e-01,1.228744164109230042e-02,-1.199742592871189117e-02,2.769324481487274170e-01,2.827309370040893555e-01,8.065204136073589325e-03,4.722161591053009033e-02,5.504914522171020508e-01,3.830499947071075439e-01,2.604104280471801758e-01,1.893222630023956299e-01,5.007790029048919678e-02,3.222315385937690735e-02,4.441465139389038086e-01,1.988200694322586060e-01,3.465141057968139648e-01,3.603347241878509521e-01,1.163566671311855316e-02,-1.822626101784408092e-03,1.378113627433776855e-01,2.213883399963378906e-01,-5.464407801628112793e-02,-3.335203742608428001e-03,-5.747293308377265930e-02,-3.077939897775650024e-02,3.082135617733001709e-01,1.777789592742919922e-01,1.480304636061191559e-02,1.176025122404098511e-01,5.508899092674255371e-01,4.493713378906250000e-01,2.377342134714126587e-01,2.172721028327941895e-01,1.681563258171081543e-01,6.077470257878303528e-02,5.318348109722137451e-02,6.535423547029495239e-02,1.875353455543518066e-01,1.105185747146606445e-01,2.138708829879760742e-01,1.139536425471305847e-01,7.036797702312469482e-02,1.973442547023296356e-02,9.072068333625793457e-02,6.508515030145645142e-02,1.936086639761924744e-02,3.054393921047449112e-03,3.082689046859741211e-01,8.855596929788589478e-02,2.510398328304290771e-01,-2.556768595241010189e-04,1.130067855119705200e-01,5.324085429310798645e-02,5.459138154983520508e-01,1.197590455412864685e-01,6.301961839199066162e-02,-5.644064396619796753e-02,3.783472478389739990e-01,9.824978560209274292e-02,3.133518099784851074e-01,1.075572744011878967e-01,1.757995933294296265e-01,3.388649970293045044e-02,1.894888430833816528e-01,1.492155045270919800e-01,3.408938348293304443e-01,2.739727795124053955e-01,2.055207937955856323e-01,1.035430356860160828e-01,2.502695918083190918e-01,1.693505942821502686e-01,5.400692299008369446e-02,1.168347895145416260e-01,2.119282931089401245e-01,1.955418884754180908e-01,1.948304623365402222e-01,2.206712961196899414e-01,3.132683634757995605e-01,1.844779700040817261e-01,1.552024632692337036e-01,1.824191212654113770e-01,2.663258314132690430e-01,1.392605751752853394e-01,1.225584223866462708e-01,1.263706237077713013e-01,8.439306914806365967e-02,9.731855243444442749e-02,2.096733599901199341e-01,3.802116215229034424e-02,1.298293471336364746e-01,6.484095752239227295e-02,1.174638718366622925e-01,8.432034403085708618e-02,1.493813246488571167e-01,1.195995435118675232e-01,1.446447521448135376e-01,4.526625573635101318e-02,2.489343434572219849e-01,6.049603596329689026e-02,2.631354033946990967e-01,6.549149006605148315e-02,1.295760720968246460e-01,5.624006316065788269e-02,1.405358761548995972e-01,2.109392546117305756e-02,5.823507905006408691e-02,9.913935512304306030e-02,1.326058804988861084e-01,8.928474783897399902e-02,9.253592789173126221e-02,7.939082384109497070e-02,-3.254250623285770416e-03,-8.132652938365936279e-02
3.542147874832153320e-01,1.000000000000000000e+00,1.213775724172592163e-01,4.232988059520721436e-01,5.679594352841377258e-02,1.810380965471267700e-01,6.238795816898345947e-03,3.676845133304595947e-01,9.577421844005584717e-02,3.684614598751068115e-01,1.579396724700927734e-01,5.033721327781677246e-01,2.106490731239318848e-02,2.164893150329589844e-01,2.253275364637374878e-01,3.145233094692230225e-01,2.908774912357330322e-01,4.647930264472961426e-01,1.379105150699615479e-01,2.457733601331710815e-01,1.356323435902595520e-02,-6.071088835597038269e-02,-6.763058155775070190e-02,-1.873218454420566559e-02,8.627637289464473724e-03,3.873366117477416992e-02,-5.501053482294082642e-02,-9.803583472967147827e-02,1.540489941835403442e-01,3.958377838134765625e-01,3.525943681597709656e-02,1.656995862722396851e-01,4.032017588615417480e-01,4.530493319034576416e-01,2.265108674764633179e-01,2.215536385774612427e-01,1.203997805714607239e-01,2.224945724010467529e-01,1.424191296100616455e-01,1.504271328449249268e-01,2.166181057691574097e-01,1.584407836198806763e-01,4.316168427467346191e-01,4.036290347576141357e-01,4.349816739559173584e-01,4.485339522361755371e-01,1.768513172864913940e-01,1.991943567991256714e-01,4.222914278507232666e-01,4.960878193378448486e-01,5.007472038269042969e-01,6.085664033889770508e-01,2.103841304779052734e-01,1.454102098941802979e-01,1.657357811927795410e-01,1.160758314654231071e-03,3.875599205493927002e-01,5.574051141738891602e-01,3.881498873233795166e-01,3.594256937503814697e-01,4.525635540485382080e-01,4.174672067165374756e-01,1.953216046094894409e-01,2.573545575141906738e-01,3.635444045066833496e-01,2.497617453336715698e-01,4.418148398399353027e-01,4.563095867633819580e-01,1.490575522184371948e-01,3.615556955337524414e-01,2.748087979853153229e-02,6.027336046099662781e-02,1.419835537672042847e-01,1.455079615116119385e-01,-5.589856579899787903e-02,-1.988915354013442993e-02,8.429810404777526855e-02,1.562427431344985962e-01,1.160399839282035828e-01,2.504840493202209473e-01,1.908432841300964355e-01,3.438180088996887207e-01,7.841873168945312500e-02,3.693085610866546631e-01,2.652860581874847412e-01,4.197143316268920898e-01,-3.174705430865287781e-02,3.317112922668457031e-01,3.213776275515556335e-02,2.043098807334899902e-01,1.408767104148864746e-01,3.179764449596405029e-01,1.476427316665649414e-01,3.902860283851623535e-01,2.670979201793670654e-01,1.496470868587493896e-01,2.356744706630706787e-01,2.008083760738372803e-01,1.208434030413627625e-01,1.328008323907852173e-01,1.871479302644729614e-01,3.722705245018005371e-01,2.523078918457031250e-01,2.458246201276779175e-01,-1.373443007469177246e-01,-1.406370848417282104e-01,5.685386434197425842e-02,1.807778924703598022e-01,1.617570966482162476e-01,8.911047130823135376e-02,1.358655989170074463e-01,1.065454408526420593e-01,1.415662169456481934e-01,6.834707409143447876e-02,-1.724340468645095825e-01,-1.868676096200942993e-01
2.286139428615570068e-01,1.213775724172592163e-01,1.000000000000000000e+00,5.132672786712646484e-01,5.146631971001625061e-02,1.125324983149766922e-02,7.546544671058654785e-01,4.449677169322967529e-01,2.254431545734405518e-01,7.547613978385925293e-02,3.394108116626739502e-01,2.384108901023864746e-01,5.771910548210144043e-01,3.639436066150665283e-01,-6.014993414282798767e-04,-2.949588373303413391e-02,1.845126003026962280e-01,1.362035274505615234e-01,3.415704965591430664e-01,2.312166392803192139e-01,1.511605978012084961e-01,8.724097162485122681e-02,5.501981377601623535e-01,4.505513906478881836e-01,1.227944493293762207e-01,1.074625700712203979e-01,2.440028637647628784e-02,6.677296757698059082e-02,4.283623397350311279e-01,2.397411614656448364e-01,2.648426294326782227e-01,2.953444123268127441e-01,1.659353375434875488e-01,2.915717959403991699e-01,-9.159606695175170898e-02,-5.960671231150627136e-02,6.871094554662704468e-02,4.119744058698415756e-03,1.947287023067474365e-01,4.151270538568496704e-02,1.303868889808654785e-01,7.897319644689559937e-02,-2.294146865606307983e-01,-9.239008277654647827e-02,-2.726782858371734619e-01,-2.249809801578521729e-01,-1.303378343582153320e-01,6.322070024907588959e-03,-2.697442770004272461e-01,-1.834780126810073853e-01,-2.199589312076568604e-01,-2.819017320871353149e-02,-8.917739242315292358e-02,-7.631962001323699951e-02,5.596373230218887329e-02,6.839349865913391113e-02,-1.914061419665813446e-02,-1.323862820863723755e-01,-2.335569113492965698e-01,-2.024321109056472778e-01,-1.241624429821968079e-01,-1.152330115437507629e-01,-6.511384248733520508e-02,-2.152967751026153564e-01,-1.515939384698867798e-01,-5.456952750682830811e-02,-1.825445145368576050e-01,-1.606095880270004272e-01,1.053951010107994080e-01,-2.319105342030525208e-02,1.848465502262115479e-01,1.426264494657516479e-01,2.929960489273071289e-01,2.045902013778686523e-01,9.723109751939773560e-02,6.249160971492528915e-03,3.282242268323898315e-02,2.246687561273574829e-02,7.355277240276336670e-02,1.178945004940032959e-01,1.941600292921066284e-01,1.901260912418365479e-01,1.367691308259963989e-01,1.224021241068840027e-01,3.476076200604438782e-02,1.322192419320344925e-02,1.089944168925285339e-01,3.521021455526351929e-02,9.601217508316040039e-02,1.118974164128303528e-01,-1.332272682338953018e-02,1.034568436443805695e-02,-2.626623585820198059e-02,1.564545780420303345e-01,-1.177037656307220459e-01,-1.077175587415695190e-01,-1.174176856875419617e-01,-8.674982935190200806e-02,-4.780033137649297714e-03,-2.485651709139347076e-02,1.919170022010803223e-01,2.529337406158447266e-01,1.446437090635299683e-01,2.531358897686004639e-01,1.403954327106475830e-01,1.325479596853256226e-01,1.928573846817016602e-02,5.011267960071563721e-02,-8.860486000776290894e-02,-8.434776216745376587e-02,-9.325405210256576538e-02,-5.730602890253067017e-02,-8.127422630786895752e-02,4.511917009949684143e-02,1.300506293773651123e-01,1.291187256574630737e-01
3.992533981800079346e-01,4.232988059520721436e-01,5.132672786712646484e-01,1.000000000000000000e+00,8.948735147714614868e-02,1.540849208831787109e-01,4.673495590686798096e-01,7.628740072250366211e-01,1.706811338663101196e-01,4.025874733924865723e-01,2.962409853935241699e-01,4.648336470127105713e-01,3.795525729656219482e-01,5.822534561157226562e-01,2.137097120285034180e-01,3.117010891437530518e-01,1.625233888626098633e-01,2.328726649284362793e-01,4.593175053596496582e-01,5.033393502235412598e-01,2.431029640138149261e-02,-3.030978329479694366e-02,4.310388565063476562e-01,5.135670304298400879e-01,5.322561785578727722e-02,8.906555175781250000e-02,-1.103801578283309937e-01,-8.420901000499725342e-02,2.886206805706024170e-01,3.223420977592468262e-01,1.190672963857650757e-01,3.713014125823974609e-01,4.004668593406677246e-01,4.970749616622924805e-01,5.752759799361228943e-02,1.097132861614227295e-01,3.753250464797019958e-02,1.540393978357315063e-01,1.473079919815063477e-01,6.917583942413330078e-02,6.091516092419624329e-02,-9.326882660388946533e-03,8.848176151514053345e-02,1.088965386152267456e-01,1.321610659360885620e-01,1.203117072582244873e-01,5.428545922040939331e-02,4.649430513381958008e-02,1.289229691028594971e-01,1.377127915620803833e-01,1.699180155992507935e-01,1.810412555932998657e-01,9.721063077449798584e-02,-3.917741030454635620e-02,5.937910825014114380e-02,-1.256885677576065063e-01,2.000017762184143066e-01,1.840906441211700439e-01,7.728707045316696167e-02,1.172250136733055115e-02,2.173673063516616821e-01,1.059423983097076416e-01,4.401357844471931458e-02,-1.421015430241823196e-02,4.637080058455467224e-02,7.152096927165985107e-02,1.408930718898773193e-01,1.759970635175704956e-01,3.210187852382659912e-01,3.226043581962585449e-01,-2.775564976036548615e-02,-4.194948822259902954e-02,1.300291121006011963e-01,3.023974969983100891e-02,-1.047753319144248962e-01,-1.032159850001335144e-01,-3.529532253742218018e-02,5.340005829930305481e-02,-3.751460462808609009e-02,8.018494397401809692e-02,4.558578506112098694e-02,1.427726447582244873e-01,6.931639462709426880e-02,2.709780037403106689e-01,6.141512840986251831e-02,9.172733873128890991e-02,-1.240721270442008972e-01,1.491515338420867920e-01,-8.293695002794265747e-02,-1.118227839469909668e-02,6.916101276874542236e-02,2.958615124225616455e-02,6.866513192653656006e-02,9.469027817249298096e-02,5.320819839835166931e-02,-8.971200883388519287e-02,3.530652076005935669e-02,-6.670995056629180908e-02,1.386861782521009445e-02,-9.860628098249435425e-02,2.151050567626953125e-01,1.810464560985565186e-01,2.588034272193908691e-01,1.446572542190551758e-01,-1.345798820257186890e-01,-1.809845715761184692e-01,4.289655387401580811e-02,1.570928692817687988e-01,-2.206770703196525574e-02,-1.231759637594223022e-01,-1.209851950407028198e-01,-5.342006683349609375e-02,-1.001607105135917664e-01,-8.798807859420776367e-02,-1.522793173789978027e-01,1.807174831628799438e-02
1.228744164109230042e-02,5.679594352841377258e-02,5.146631971001625061e-02,8.948735147714614868e-02,1.000000000000000000e+00,6.149826049804687500e-01,3.248159587383270264e-02,1.358189154416322708e-02,5.476220846176147461e-01,4.144098460674285889e-01,5.203894898295402527e-02,7.137089222669601440e-02,1.270202249288558960e-01,1.762438863515853882e-01,4.393133521080017090e-01,3.142158985137939453e-01,-2.321164496243000031e-02,4.971637949347496033e-02,-4.125909879803657532e-02,3.382539749145507812e-02,-1.538017019629478455e-02,-2.439904585480690002e-02,1.638946533203125000e-01,1.451386660337448120e-01,5.948552489280700684e-01,4.314737021923065186e-01,5.912384986877441406e-01,5.243106484413146973e-01,2.489758729934692383e-01,1.862451583147048950e-01,2.654730677604675293e-01,2.662104070186614990e-01,6.019293889403343201e-02,1.903424039483070374e-02,9.641663171350955963e-03,2.713936567306518555e-02,1.735754460096359253e-01,2.916922271251678467e-01,3.827349841594696045e-01,3.607377707958221436e-01,2.137664407491683960e-01,1.338699609041213989e-01,-5.323649197816848755e-02,1.287892181426286697e-02,9.239530563354492188e-02,1.288829445838928223e-01,-8.493746817111968994e-02,-3.812821954488754272e-02,5.849846452474594116e-02,1.586326360702514648e-01,1.228296011686325073e-02,2.345188856124877930e-01,-4.046213999390602112e-02,1.742893457412719727e-01,3.134951293468475342e-01,1.706876158714294434e-01,1.410643160343170166e-01,1.803082227706909180e-01,7.647757232189178467e-02,1.346749365329742432e-01,5.043292790651321411e-02,2.173597812652587891e-01,-6.827033311128616333e-02,1.605987846851348877e-01,1.015723962336778641e-02,1.982071548700332642e-01,8.341817557811737061e-02,7.716833055019378662e-02,5.184201523661613464e-02,1.928565800189971924e-01,2.081351280212402344e-01,1.749078780412673950e-01,3.304788097739219666e-02,1.414931863546371460e-01,1.514344364404678345e-01,1.497585773468017578e-01,1.872628778219223022e-01,2.194792479276657104e-01,-5.484709143638610840e-02,1.002824306488037109e-02,5.928521975874900818e-02,8.670590072870254517e-02,1.314277946949005127e-01,8.363640308380126953e-02,-9.543901309370994568e-03,1.503674238920211792e-01,1.791787892580032349e-01,1.590685248374938965e-01,9.324311465024948120e-02,1.059959530830383301e-01,3.179476782679557800e-02,1.384441256523132324e-01,1.610854119062423706e-01,1.246019080281257629e-01,1.371197998523712158e-01,6.852290034294128418e-02,2.318853437900543213e-01,4.676739871501922607e-02,5.884005129337310791e-02,6.207230687141418457e-02,5.432467535138130188e-02,3.734243288636207581e-02,7.099786400794982910e-02,2.717596106231212616e-02,-2.133850939571857452e-02,-4.346031323075294495e-02,4.781933501362800598e-02,1.551640331745147705e-01,2.841695547103881836e-01,2.909692823886871338e-01,3.505310788750648499e-02,-1.618617475032806396e-01,1.578359119594097137e-02,-8.970816433429718018e-02,-5.679020658135414124e-02,1.483631730079650879e-01
-1.199742592871189117e-02,1.810380965471267700e-01,1.125324983149766922e-02,1.540849208831787109e-01,6.149826049804687500e-01,1.000000000000000000e+00,-1.496357377618551254e-02,1.180925369262695312e-01,4.666815698146820068e-01,4.690676033496856689e-01,1.880339160561561584e-02,1.349041312932968140e-01,3.966351971030235291e-02,1.583614200353622437e-01,3.999019563198089600e-01,3.397906720638275146e-01,5.343495309352874756e-02,7.248039543628692627e-02,-5.349133908748626709e-02,7.729884237051010132e-02,-6.338945031166076660e-02,-3.960575535893440247e-02,1.192159429192543030e-01,8.315271884202957153e-02,5.275056362152099609e-01,2.462793588638305664e-01,5.095752477645874023e-01,4.577473700046539307e-01,2.501541674137115479e-01,2.562203109264373779e-01,1.885250061750411987e-01,2.365071177482604980e-01,8.978381007909774780e-02,1.077689826488494873e-01,8.305818587541580200e-02,3.960637375712394714e-02,1.415238678455352783e-01,2.315782010555267334e-01,4.019163846969604492e-01,2.563691437244415283e-01,1.718498617410659790e-01,1.078253164887428284e-01,7.252189517021179199e-02,9.597726911306381226e-02,1.884350925683975220e-01,2.337754666805267334e-01,-5.596511438488960266e-02,-6.628995388746261597e-02,1.607787907123565674e-01,2.391613721847534180e-01,1.234206035733222961e-01,2.919399440288543701e-01,-3.226825222373008728e-02,1.575304865837097168e-01,3.137949407100677490e-01,2.199967764317989349e-02,1.174732968211174011e-01,2.507369220256805420e-01,1.531103104352951050e-01,1.548956781625747681e-01,1.062841787934303284e-01,2.357090413570404053e-01,-2.215590886771678925e-02,1.955238580703735352e-01,1.235299780964851379e-01,2.035754024982452393e-01,1.715564876794815063e-01,1.631796360015869141e-01,3.604281693696975708e-03,1.907889842987060547e-01,1.666452735662460327e-01,1.205322444438934326e-01,1.323339939117431641e-01,1.071553230285644531e-01,5.090460926294326782e-02,6.437436491250991821e-02,1.116042733192443848e-01,1.587356626987457275e-01,-2.085253596305847168e-02,4.368769004940986633e-02,4.242501687258481979e-03,5.917758122086524963e-02,4.700088128447532654e-02,9.779914468526840210e-02,-7.902874611318111420e-03,1.529310047626495361e-01,6.469429284334182739e-02,1.615102291107177734e-01,-7.136131636798381805e-03,5.023196339607238770e-02,3.358381614089012146e-02,1.677436381578445435e-01,1.604310125112533569e-01,1.257128119468688965e-01,2.969134747982025146e-01,1.924794465303421021e-01,2.928041219711303711e-01,1.586683094501495361e-01,6.993325054645538330e-02,6.930190324783325195e-02,4.318930581212043762e-02,9.272968769073486328e-02,3.817483037710189819e-02,4.703725501894950867e-02,-8.630317449569702148e-02,-1.487610638141632080e-01,-1.504245307296514511e-02,1.498362421989440918e-01,3.324320912361145020e-01,2.784204781055450439e-01,9.918212145566940308e-02,-7.446242123842239380e-02,1.870241202414035797e-02,-3.900871425867080688e-02,-2.767643630504608154e-01,-8.733127266168594360e-02
2.769324481487274170e-01,6.238795816898345947e-03,7.546544671058654785e-01,4.673495590686798096e-01,3.248159587383270264e-02,-1.496357377618551254e-02,1.000000000000000000e+00,4.409396648406982422e-01,2.103674411773681641e-01,5.614154506474733353e-04,3.766231536865234375e-01,1.772901266813278198e-01,6.628982424736022949e-01,4.135109782218933105e-01,-1.385908573865890503e-02,-7.907491922378540039e-02,1.879709511995315552e-01,5.609925836324691772e-02,2.932582795619964600e-01,2.651404142379760742e-01,1.896426975727081299e-01,1.388743370771408081e-01,6.384485960006713867e-01,5.813093781471252441e-01,9.297469258308410645e-02,2.036214433610439301e-02,4.384056665003299713e-03,2.842160686850547791e-02,4.580865502357482910e-01,1.409125924110412598e-01,2.755990326404571533e-01,3.345119953155517578e-01,1.296236068010330200e-01,2.291280329227447510e-01,-4.965408518910408020e-02,-5.598018690943717957e-02,5.884833261370658875e-02,-5.648472160100936890e-02,1.489385813474655151e-01,-2.681612782180309296e-02,6.891269981861114502e-02,2.725499309599399567e-02,-3.127752840518951416e-01,-1.963923126459121704e-01,-3.888734877109527588e-01,-3.258311748504638672e-01,-2.643952369689941406e-01,-1.004692390561103821e-01,-3.741433620452880859e-01,-2.835278511047363281e-01,-3.116213977336883545e-01,-8.286608010530471802e-02,-1.900282204151153564e-01,-1.158453524112701416e-01,-4.757223650813102722e-02,-5.590353161096572876e-02,-5.475779622793197632e-02,-2.146043926477432251e-01,-3.119455277919769287e-01,-2.971870303153991699e-01,-1.625020653009414673e-01,-2.323597520589828491e-01,-1.394759565591812134e-01,-2.980687916278839111e-01,-2.044117748737335205e-01,-9.390886127948760986e-02,-2.654015123844146729e-01,-2.421257197856903076e-01,1.215733140707015991e-01,5.740993842482566833e-02,1.968923956155776978e-01,1.128862723708152771e-01,2.854776978492736816e-01,1.040791720151901245e-01,8.959092944860458374e-02,3.048018552362918854e-02,2.396361902356147766e-03,-1.627373881638050079e-02,6.364602595567703247e-02,7.351204752922058105e-02,1.314937621355056763e-01,6.682396680116653442e-02,7.578253000974655151e-02,2.219686098396778107e-02,-5.913337692618370056e-02,-7.445117086172103882e-02,1.486686021089553833e-01,-1.279480103403329849e-02,-1.191387345897965133e-04,2.952289022505283356e-02,-6.991465389728546143e-02,-1.335935443639755249e-01,-4.817358776926994324e-02,7.675152271986007690e-02,-1.553412675857543945e-01,-8.848587423563003540e-02,-1.055329367518424988e-01,-1.124137341976165771e-01,-2.559185400605201721e-02,-8.532714098691940308e-02,1.995466351509094238e-01,2.014580219984054565e-01,1.239401474595069885e-01,2.288825362920761108e-01,1.959932297468185425e-01,1.536434739828109741e-01,2.077249810099601746e-02,-2.600514143705368042e-02,-6.093880906701087952e-02,-5.499818921089172363e-02,-1.277812719345092773e-01,-1.518178284168243408e-01,-1.508102416992187500e-01,1.644148305058479309e-02,1.416783779859542847e-01,1.684718132019042969e-01
2.827309370040893555e-01,3.676845133304595947e-01,4.449677169322967529e-01,7.628740072250366211e-01,1.358189154416322708e-02,1.180925369262695312e-01,4.409396648406982422e-01,1.000000000000000000e+00,1.199390217661857605e-01,4.521384835243225098e-01,1.880597919225692749e-01,4.707306325435638428e-01,3.760694265365600586e-01,7.075536251068115234e-01,2.470879107713699341e-01,4.049263894557952881e-01,7.555437088012695312e-02,2.140397727489471436e-01,5.057843923568725586e-01,5.689516663551330566e-01,3.724187985062599182e-02,-7.332814484834671021e-02,4.874908328056335449e-01,4.877201616764068604e-01,-1.237570121884346008e-02,5.599871650338172913e-02,-2.077579051256179810e-01,-1.983816027641296387e-01,1.858651041984558105e-01,2.711748480796813965e-01,1.058511212468147278e-01,3.573866188526153564e-01,4.041957855224609375e-01,5.435909032821655273e-01,4.433910828083753586e-03,6.600549817085266113e-02,9.362536482512950897e-03,1.134621649980545044e-01,7.674503326416015625e-02,-1.460724882781505585e-02,-4.635543376207351685e-02,-1.213594749569892883e-01,4.345461353659629822e-02,4.274259135127067566e-02,9.983631968498229980e-02,7.133874297142028809e-02,6.489297747611999512e-02,4.342433810234069824e-02,1.298748552799224854e-01,6.611324101686477661e-02,8.786226063966751099e-02,9.047099202871322632e-02,-1.703222095966339111e-02,-1.593047082424163818e-01,-2.643588557839393616e-02,-2.593341469764709473e-01,9.641592204570770264e-02,1.467060148715972900e-01,-4.688902571797370911e-02,-9.673701226711273193e-02,5.263891443610191345e-02,-1.254860963672399521e-02,-6.040404364466667175e-02,-1.142482161521911621e-01,-1.107610091567039490e-01,-5.159904062747955322e-02,7.548526674509048462e-02,1.225248649716377258e-01,3.254527449607849121e-01,3.504163324832916260e-01,-1.624992638826370239e-01,-1.366298943758010864e-01,7.235802710056304932e-02,-6.963533908128738403e-02,-1.686176806688308716e-01,-2.179046273231506348e-01,-6.132008507847785950e-02,-1.805928535759449005e-02,-1.454805433750152588e-01,-4.501125216484069824e-02,-9.893780201673507690e-02,4.907229915261268616e-02,-5.314271524548530579e-02,1.565787941217422485e-01,-7.863979041576385498e-02,-9.006249718368053436e-03,-2.598078250885009766e-01,6.806626915931701660e-02,-2.484882473945617676e-01,-1.320021897554397583e-01,-1.837202114984393120e-03,1.704670116305351257e-02,2.578963525593280792e-02,6.226191297173500061e-02,1.349630020558834076e-02,-1.427574455738067627e-01,4.362520948052406311e-02,-5.231619626283645630e-02,2.586997114121913910e-03,-1.098164618015289307e-01,1.713161319494247437e-01,1.658194065093994141e-01,2.716228067874908447e-01,1.163194775581359863e-01,-2.853117883205413818e-01,-3.396580219268798828e-01,-8.138662204146385193e-03,2.039751559495925903e-01,-4.156984388828277588e-02,-1.751639991998672485e-01,-1.738389283418655396e-01,-4.846322908997535706e-02,-1.298233568668365479e-01,-1.507686078548431396e-01,-2.151426374912261963e-01,-2.574458904564380646e-02
8.065204136073589325e-03,9.577421844005584717e-02,2.254431545734405518e-01,1.706811338663101196e-01,5.476220846176147461e-01,4.666815698146820068e-01,2.103674411773681641e-01,1.199390217661857605e-01,1.000000000000000000e+00,5.257041454315185547e-01,1.443562805652618408e-01,1.335403919219970703e-01,3.917636573314666748e-01,3.509224355220794678e-01,4.691788852214813232e-01,2.764396965503692627e-01,8.926415443420410156e-02,2.162737995386123657e-01,4.048192501068115234e-02,1.853409558534622192e-01,1.615416258573532104e-01,1.705074459314346313e-01,2.918416857719421387e-01,3.327184915542602539e-01,4.573112130165100098e-01,3.745712637901306152e-01,3.748376965522766113e-01,3.143072426319122314e-01,3.694096207618713379e-01,3.278115987777709961e-01,4.229551553726196289e-01,4.806948304176330566e-01,9.309681504964828491e-02,9.360784292221069336e-02,-2.030226960778236389e-02,6.946836132556200027e-03,3.800303116440773010e-02,1.951353102922439575e-01,3.624382615089416504e-01,1.900403052568435669e-01,1.884306520223617554e-01,1.341170221567153931e-01,-1.171897575259208679e-01,-2.814365923404693604e-02,-9.770090878009796143e-02,-2.124551311135292053e-02,-8.474801480770111084e-02,1.656784676015377045e-02,-1.549965739250183105e-01,2.986520901322364807e-02,-1.009408384561538696e-01,2.165846973657608032e-01,-5.582154914736747742e-02,3.088360428810119629e-01,2.726026475429534912e-01,1.812701672315597534e-01,1.814754754304885864e-01,2.307199090719223022e-01,-6.415305286645889282e-02,7.061247527599334717e-02,-8.209981024265289307e-03,2.006017118692398071e-01,-6.837549060583114624e-02,1.672581732273101807e-01,-8.324914611876010895e-03,2.946461439132690430e-01,-2.989035286009311676e-02,-3.104466944932937622e-02,1.560996919870376587e-01,2.812456786632537842e-01,2.594603300094604492e-01,3.080519139766693115e-01,2.144394814968109131e-01,1.647758036851882935e-01,1.077445000410079956e-01,1.045077070593833923e-01,3.332730010151863098e-02,1.024184003472328186e-01,2.167887985706329346e-03,1.256451755762100220e-01,1.024314910173416138e-01,2.268141508102416992e-01,5.171450600028038025e-02,8.914459496736526489e-02,-4.174437373876571655e-02,2.096873372793197632e-01,7.667783647775650024e-02,1.296922117471694946e-01,1.227149143815040588e-01,2.046755254268646240e-01,1.277141366153955460e-02,2.040075361728668213e-01,1.283464133739471436e-01,1.022693291306495667e-01,6.803177297115325928e-02,3.645294904708862305e-02,1.215935274958610535e-01,-1.674555242061614990e-02,5.809935554862022400e-02,4.141424223780632019e-02,3.978792950510978699e-02,8.457200229167938232e-02,7.549723237752914429e-02,1.872051209211349487e-01,-1.958773471415042877e-02,-5.488223955035209656e-02,4.492479190230369568e-02,8.818890899419784546e-02,1.673334985971450806e-01,1.729723215103149414e-01,-2.816101163625717163e-02,-9.594661742448806763e-02,-2.014312334358692169e-02,-5.294727627187967300e-03,1.371648348867893219e-02,3.995157405734062195e-02
4.722161591053009033e-02,3.684614598751068115e-01,7.547613978385925293e-02,4.025874733924865723e-01,4.144098460674285889e-01,4.690676033496856689e-01,5.614154506474733353e-04,4.521384835243225098e-01,5.257041454315185547e-01,1.000000000000000000e+00,-1.806795038282871246e-02,3.472899794578552246e-01,1.638642102479934692e-01,5.228058695793151855e-01,5.329076051712036133e-01,6.465087532997131348e-01,1.636043749749660492e-02,2.449906021356582642e-01,2.665512859821319580e-01,3.789283931255340576e-01,3.558232262730598450e-02,-6.038397550582885742e-02,1.834201812744140625e-01,2.243226766586303711e-01,2.839486300945281982e-01,3.416278958320617676e-01,8.748494088649749756e-02,7.189556956291198730e-02,1.594584286212921143e-01,3.826943337917327881e-01,2.927781343460083008e-01,4.456054866313934326e-01,3.698049485683441162e-01,3.823814392089843750e-01,3.671263530850410461e-02,1.114774942398071289e-01,8.704019337892532349e-02,2.606223523616790771e-01,2.551435232162475586e-01,1.785497665405273438e-01,-5.807423032820224762e-03,-2.958125807344913483e-02,1.829763352870941162e-01,1.401331573724746704e-01,2.517854273319244385e-01,2.622294127941131592e-01,2.107545882463455200e-01,1.573469042778015137e-01,2.037111818790435791e-01,2.324867546558380127e-01,2.125882506370544434e-01,2.812631428241729736e-01,1.490138173103332520e-01,1.594896614551544189e-01,2.990998625755310059e-01,-2.796460501849651337e-02,2.378363460302352905e-01,4.483010768890380859e-01,1.269336491823196411e-01,1.749760061502456665e-01,1.369400024414062500e-01,2.968755662441253662e-01,8.112993836402893066e-02,2.123425453901290894e-01,7.477162033319473267e-02,2.103717327117919922e-01,2.359703183174133301e-01,2.298939973115921021e-01,3.453017473220825195e-01,4.552454054355621338e-01,-1.028493940830230713e-01,7.705925032496452332e-03,2.921621315181255341e-02,-3.538462892174720764e-02,-3.502711281180381775e-02,-1.426411420106887817e-01,2.663766965270042419e-02,7.476181536912918091e-02,-1.486445069313049316e-01,-2.170862071216106415e-02,-3.212891891598701477e-02,1.651141941547393799e-01,-6.447365134954452515e-02,1.245244145393371582e-01,-2.338496223092079163e-02,1.823929101228713989e-01,-1.823297888040542603e-01,1.776039749383926392e-01,-4.441495239734649658e-02,2.816917933523654938e-02,1.376893967390060425e-01,2.839570343494415283e-01,2.059285789728164673e-01,1.108057424426078796e-01,1.125159859657287598e-01,-5.464541167020797729e-02,2.424837499856948853e-01,8.997046388685703278e-03,1.220364272594451904e-01,6.614785641431808472e-02,1.623945385217666626e-01,4.951104521751403809e-02,2.301853746175765991e-01,1.415138542652130127e-01,-3.049536347389221191e-01,-3.765458762645721436e-01,1.070309057831764221e-02,3.091199398040771484e-01,1.695960909128189087e-01,6.607454270124435425e-02,-6.372158229351043701e-02,6.284802407026290894e-02,4.917253926396369934e-02,-1.069654822349548340e-01,-1.628656089305877686e-01,-1.873039081692695618e-02
5.504914522171020508e-01,1.579396724700927734e-01,3.394108116626739502e-01,2.962409853935241699e-01,5.203894898295402527e-02,1.880339160561561584e-02,3.766231536865234375e-01,1.880597919225692749e-01,1.443562805652618408e-01,-1.806795038282871246e-02,1.000000000000000000e+00,5.134184956550598145e-01,5.024618506431579590e-01,1.815772652626037598e-01,2.864069829229265451e-04,-1.057802066206932068e-01,6.104878187179565430e-01,3.232957422733306885e-01,2.022867649793624878e-02,5.017704516649246216e-02,2.554728388786315918e-01,2.574762403964996338e-01,1.772708892822265625e-01,1.818570941686630249e-01,2.512640506029129028e-02,1.801873743534088135e-02,5.170887708663940430e-02,8.273689448833465576e-02,5.876989364624023438e-01,3.536921143531799316e-01,2.204851955175399780e-01,2.645998299121856689e-01,2.417217642068862915e-01,2.204691320657730103e-01,1.264830827713012695e-01,1.129768118262290955e-01,3.474696874618530273e-01,1.952486485242843628e-01,2.353429496288299561e-01,1.714322268962860107e-01,4.154112935066223145e-01,3.009519577026367188e-01,2.264811098575592041e-02,1.963749900460243225e-02,-2.900352887809276581e-02,-8.544293791055679321e-02,-4.357105493545532227e-02,1.587801030836999416e-03,-9.726266562938690186e-02,-1.560671813786029816e-02,7.744260132312774658e-02,1.875996217131614685e-02,7.427321374416351318e-02,-3.778666257858276367e-02,2.528688311576843262e-01,1.932557225227355957e-01,3.093810081481933594e-01,-4.215874150395393372e-02,-3.775281086564064026e-02,-7.422319054603576660e-02,2.179581373929977417e-01,4.862477630376815796e-02,2.457275837659835815e-01,2.734649553894996643e-02,1.307569537311792374e-02,-4.379074648022651672e-02,1.993794925510883331e-02,2.648770064115524292e-02,8.793606539256870747e-04,-7.706029806286096573e-03,4.407102167606353760e-01,3.434813916683197021e-01,4.787869751453399658e-01,3.982790112495422363e-01,2.486933171749114990e-01,2.866507768630981445e-01,2.550987005233764648e-01,2.435147464275360107e-01,3.591289222240447998e-01,3.158992826938629150e-01,4.601299166679382324e-01,2.878777682781219482e-01,2.673365473747253418e-01,2.070976793766021729e-01,3.822526931762695312e-01,1.485738009214401245e-01,3.218254446983337402e-01,1.022914424538612366e-01,1.951195895671844482e-01,1.513060182332992554e-01,2.545673847198486328e-01,8.025265485048294067e-02,7.095009833574295044e-02,1.463543921709060669e-01,2.265359908342361450e-01,2.791416943073272705e-01,2.079191952943801880e-01,2.306714206933975220e-01,2.583017051219940186e-01,1.729453951120376587e-01,3.010087609291076660e-01,2.246211171150207520e-01,2.848961353302001953e-01,1.655507832765579224e-01,2.829876244068145752e-01,2.192384302616119385e-01,3.625496327877044678e-01,1.644434332847595215e-01,9.935738891363143921e-02,1.118866875767707825e-01,1.959619671106338501e-01,1.157829388976097107e-01,1.401164233684539795e-01,1.327567994594573975e-01,5.350781232118606567e-02,-2.139236032962799072e-02
3.830499947071075439e-01,5.033721327781677246e-01,2.384108901023864746e-01,4.648336470127105713e-01,7.137089222669601440e-02,1.349041312932968140e-01,1.772901266813278198e-01,4.707306325435638428e-01,1.335403919219970703e-01,3.472899794578552246e-01,5.134184956550598145e-01,1.000000000000000000e+00,2.954995334148406982e-01,4.500516355037689209e-01,1.943821012973785400e-01,2.907756567001342773e-01,3.767387270927429199e-01,4.729237258434295654e-01,1.675082296133041382e-01,2.459989339113235474e-01,9.593518823385238647e-02,4.058632627129554749e-02,1.422940343618392944e-01,1.494479477405548096e-01,1.502279285341501236e-02,2.934877388179302216e-02,-9.086965769529342651e-02,-7.195445150136947632e-02,3.208321034908294678e-01,5.198844671249389648e-01,1.675233542919158936e-01,2.854157686233520508e-01,4.255833029747009277e-01,4.651902616024017334e-01,1.187708452343940735e-01,1.806259155273437500e-01,2.869458496570587158e-01,3.367460966110229492e-01,2.218006253242492676e-01,2.251062095165252686e-01,2.516706287860870361e-01,2.309545129537582397e-01,1.986557841300964355e-01,2.259583622217178345e-01,2.612144052982330322e-01,2.335309535264968872e-01,1.421208232641220093e-01,1.825912445783615112e-01,1.866284310817718506e-01,2.585203349590301514e-01,2.533720135688781738e-01,3.126229941844940186e-01,9.408884495496749878e-02,2.252838760614395142e-02,2.321491092443466187e-01,4.483513906598091125e-02,2.527341246604919434e-01,2.771940529346466064e-01,1.277317255735397339e-01,1.177268996834754944e-01,2.661880552768707275e-01,2.208174616098403931e-01,1.883629560470581055e-01,1.574314236640930176e-01,2.597228437662124634e-02,3.966067358851432800e-02,2.515103220939636230e-01,2.870872020721435547e-01,9.813393652439117432e-02,2.604127228260040283e-01,9.075957536697387695e-02,1.251922845840454102e-01,2.459790408611297607e-01,2.139498442411422729e-01,8.874311298131942749e-02,4.139186069369316101e-02,1.776456236839294434e-01,2.138158231973648071e-01,1.029832884669303894e-01,1.802423447370529175e-01,2.195601165294647217e-01,2.819144725799560547e-01,9.419856965541839600e-02,3.143200278282165527e-01,2.280040681362152100e-01,2.922749817371368408e-01,7.426948286592960358e-03,2.410328239202499390e-01,-4.266459122300148010e-02,1.050736904144287109e-01,1.494655460119247437e-01,2.341783046722412109e-01,-1.348625402897596359e-02,1.802348196506500244e-01,2.737689316272735596e-01,1.388169825077056885e-01,2.834731638431549072e-01,2.397852092981338501e-01,1.553241759538650513e-01,1.186835989356040955e-01,2.195249497890472412e-01,3.109229505062103271e-01,3.643055856227874756e-01,1.947829127311706543e-01,-1.317618936300277710e-01,-1.601389348506927490e-01,2.423749864101409912e-01,3.020504415035247803e-01,1.636402010917663574e-01,8.480163663625717163e-02,1.292534470558166504e-01,8.761441707611083984e-02,4.487590491771697998e-02,-3.518032655119895935e-02,-1.356161683797836304e-01,-9.794592857360839844e-02
2.604104280471801758e-01,2.106490731239318848e-02,5.771910548210144043e-01,3.795525729656219482e-01,1.270202249288558960e-01,3.966351971030235291e-02,6.628982424736022949e-01,3.760694265365600586e-01,3.917636573314666748e-01,1.638642102479934692e-01,5.024618506431579590e-01,2.954995334148406982e-01,1.000000000000000000e+00,5.322925448417663574e-01,1.458817869424819946e-01,6.476505845785140991e-02,2.369020879268646240e-01,1.927452534437179565e-01,1.919582188129425049e-01,2.307155281305313110e-01,3.679392039775848389e-01,2.999351918697357178e-01,5.965360999107360840e-01,5.843306779861450195e-01,1.450416296720504761e-01,1.732537001371383667e-01,4.659973829984664917e-02,6.004683300852775574e-02,5.104156136512756348e-01,2.729189395904541016e-01,3.951544463634490967e-01,4.731117486953735352e-01,1.189713329076766968e-01,1.904105991125106812e-01,-1.335330754518508911e-01,-8.725441992282867432e-02,1.344573199748992920e-01,1.382931880652904510e-02,3.093625903129577637e-01,4.358217120170593262e-02,1.785084009170532227e-01,1.199368238449096680e-01,-2.893016040325164795e-01,-1.984431743621826172e-01,-3.353522419929504395e-01,-3.113230168819427490e-01,-2.276648432016372681e-01,-7.701753079891204834e-02,-3.695076406002044678e-01,-2.650714814662933350e-01,-2.300753146409988403e-01,-3.832859545946121216e-02,-1.044121235609054565e-01,3.684953227639198303e-02,5.981943383812904358e-02,3.902362287044525146e-02,8.732050773687660694e-04,-1.692459881305694580e-01,-2.877411544322967529e-01,-2.068977802991867065e-01,-9.822470694780349731e-02,-1.303540319204330444e-01,-8.420388400554656982e-02,-2.266556918621063232e-01,-1.590056866407394409e-01,1.691624522209167480e-02,-2.634091675281524658e-01,-2.200932949781417847e-01,1.602471917867660522e-01,1.332494169473648071e-01,3.000298738479614258e-01,2.236253768205642700e-01,3.665829002857208252e-01,2.070274800062179565e-01,1.445555239915847778e-01,8.916479349136352539e-02,-3.338908427394926548e-04,-6.633117329329252243e-03,9.331707656383514404e-02,1.514054536819458008e-01,2.042635530233383179e-01,1.934795975685119629e-01,1.396653503179550171e-01,7.596001029014587402e-02,5.054420605301856995e-02,3.568999841809272766e-02,2.074940651655197144e-01,2.787207625806331635e-02,1.080372557044029236e-01,1.424791067838668823e-01,3.303666040301322937e-02,-1.432450674474239349e-02,-2.855082228779792786e-02,7.275947928428649902e-02,-5.293994769454002380e-02,-1.998678408563137054e-02,-7.287977263331413269e-03,-4.535276070237159729e-02,4.160402342677116394e-02,-3.510946407914161682e-02,2.453283667564392090e-01,1.841839849948883057e-01,2.186274230480194092e-01,2.596174478530883789e-01,2.094119787216186523e-01,1.498516798019409180e-01,9.244885295629501343e-02,5.022519826889038086e-02,-4.904851689934730530e-02,-3.977473080158233643e-02,-1.437857598066329956e-01,-1.083514317870140076e-01,-5.241691321134567261e-02,6.285915523767471313e-02,1.092849522829055786e-01,1.963882744312286377e-01
