1.000000000000000000e+00,5.957730412483215332e-01,6.224946975708007812e-01,4.011891782283782959e-01,1.500986516475677490e-01,1.585302501916885376e-01,5.848473906517028809e-01,3.723940253257751465e-01,1.729262769222259521e-01,-2.087185718119144440e-02,5.096386075019836426e-01,2.542715370655059814e-01,4.036411046981811523e-01,2.609778642654418945e-01,2.551636397838592529e-01,5.347879976034164429e-02,3.664025366306304932e-01,3.198739290237426758e-01,6.299697160720825195e-01,5.642334222793579102e-01,2.359789013862609863e-01,-1.468299478292465210e-01,3.777186274528503418e-01,4.019548296928405762e-01,2.386512309312820435e-01,2.164466083049774170e-01,2.439629882574081421e-01,1.912683397531509399e-01,4.414962828159332275e-01,3.397661745548248291e-01,2.351565510034561157e-01,1.792067587375640869e-01,4.789231717586517334e-01,3.746140301227569580e-01,3.258205577731132507e-02,-5.033612623810768127e-02,2.690083980560302734e-01,1.055935770273208618e-01,9.950487315654754639e-02,1.961685866117477417e-01,-5.546793714165687561e-02,1.263417005538940430e-01,3.963174223899841309e-01,2.586703598499298096e-01,2.585176825523376465e-01,2.367501258850097656e-01,3.303284943103790283e-01,7.701657712459564209e-02,2.533357739448547363e-01,3.181371092796325684e-01,2.496623098850250244e-01,1.992510557174682617e-01,2.321703284978866577e-01,2.906133793294429779e-02,2.312416434288024902e-01,1.987658888101577759e-01,7.909373641014099121e-01,5.572702884674072266e-01,4.803434014320373535e-01,2.463110387325286865e-01,5.165467262268066406e-01,2.199665606021881104e-01,4.337364435195922852e-01,3.232108056545257568e-01,2.219018191099166870e-01,1.230799034237861633e-01,3.636553287506103516e-01,2.388175278902053833e-01,4.888735413551330566e-01,4.507520496845245361e-01,8.407441526651382446e-02,1.744992882013320923e-01,3.305976390838623047e-01,2.736805081367492676e-01,3.229319453239440918e-01,3.537496924400329590e-01,3.092978596687316895e-01,2.509479820728302002e-01,2.603453397750854492e-01,2.624546289443969727e-01,4.304060041904449463e-01,3.830201625823974609e-01,1.584491133689880371e-01,3.066157400608062744e-01,4.337282776832580566e-01,4.286446571350097656e-01,1.384708434343338013e-01,2.151079028844833374e-01,3.727940022945404053e-01,3.117209970951080322e-01,-4.799417685717344284e-03,1.781852394342422485e-01,1.268223077058792114e-01,1.997930109500885010e-01,1.680074632167816162e-02,-9.958379901945590973e-03,1.025753244757652283e-01,5.397528409957885742e-02,2.045824974775314331e-01,1.890186965465545654e-01,3.250420093536376953e-01,2.041418403387069702e-01,2.766232490539550781e-01,2.216285169124603271e-01,-7.928888499736785889e-02,-6.691575795412063599e-02,1.392181813716888428e-01,1.013164445757865906e-01,-2.771744690835475922e-02,4.781607165932655334e-02,-3.410644829273223877e-02,-1.359321735799312592e-02,3.472314774990081787e-02,1.134041100740432739e-01,-1.796536892652511597e-01,-3.076842129230499268e-01
5.957730412483215332e-01,1.000000000000000000e+00,4.763201177120208740e-01,4.351849555969238281e-01,1.392164379358291626e-01,2.540418207645416260e-01,3.362875282764434814e-01,4.556601643562316895e-01,2.393768876791000366e-01,1.466785371303558350e-01,3.401123881340026855e-01,4.515604674816131592e-01,3.143173158168792725e-01,5.067384243011474609e-01,3.580442368984222412e-01,3.208211660385131836e-01,2.779343128204345703e-01,6.292748451232910156e-01,6.265005469322204590e-01,7.246531248092651367e-01,2.261315137147903442e-01,-9.628194384276866913e-03,4.047496914863586426e-01,4.260792136192321777e-01,2.516950666904449463e-01,2.699418663978576660e-01,2.304901033639907837e-01,2.082137018442153931e-01,3.625685572624206543e-01,5.706270933151245117e-01,3.683707416057586670e-01,3.582936525344848633e-01,5.203351974487304688e-01,4.762276709079742432e-01,-7.657479494810104370e-02,-1.486151963472366333e-01,2.199707180261611938e-01,9.331982582807540894e-02,1.484360396862030029e-01,1.789782345294952393e-01,2.339110150933265686e-02,2.455884218215942383e-01,4.629805088043212891e-01,4.093013405799865723e-01,4.537047743797302246e-01,4.452150762081146240e-01,3.987898230552673340e-01,3.344597518444061279e-01,3.806669414043426514e-01,3.993839025497436523e-01,2.071518152952194214e-01,3.196609020233154297e-01,2.085590511560440063e-01,9.158005565404891968e-02,3.062116801738739014e-01,2.647121846675872803e-01,6.586581468582153320e-01,7.557475566864013672e-01,3.044679462909698486e-01,7.427582889795303345e-02,2.601440846920013428e-01,1.624424457550048828e-01,5.690017342567443848e-01,5.924400091171264648e-01,9.292481094598770142e-02,-2.293330617249011993e-02,3.177526593208312988e-01,2.103621810674667358e-01,6.473069787025451660e-01,6.079233288764953613e-01,3.099342584609985352e-01,3.025823831558227539e-01,3.928595781326293945e-01,3.539385497570037842e-01,4.632963836193084717e-01,4.708907008171081543e-01,4.635775983333587646e-01,4.063470959663391113e-01,2.357355207204818726e-01,4.866475164890289307e-01,5.524531006813049316e-01,6.321987509727478027e-01,1.163854077458381653e-01,4.901058673858642578e-01,4.844659566879272461e-01,5.266984701156616211e-01,2.909768819808959961e-01,3.611923754215240479e-01,2.979649007320404053e-01,3.159781396389007568e-01,-5.077924206852912903e-02,5.782449990510940552e-02,1.338320225477218628e-01,6.611934304237365723e-02,-1.047473028302192688e-02,-2.543055638670921326e-02,1.757726967334747314e-01,1.822935044765472412e-01,3.153508901596069336e-01,2.384934425354003906e-01,4.449265003204345703e-01,1.273447424173355103e-01,3.994136154651641846e-01,1.886419504880905151e-01,-5.321180820465087891e-02,-1.564193964004516602e-01,1.077029630541801453e-01,-2.932948060333728790e-03,-5.851190164685249329e-02,2.492405101656913757e-02,1.529663354158401489e-01,1.211996600031852722e-01,1.066758185625076294e-01,2.281695157289505005e-01,-1.605137735605239868e-01,-2.539511919021606445e-01
6.224946975708007812e-01,4.763201177120208740e-01,1.000000000000000000e+00,6.360536813735961914e-01,2.167513221502304077e-01,2.025642395019531250e-01,7.569326758384704590e-01,4.859500527381896973e-01,3.110052347183227539e-01,9.047858417034149170e-02,5.303400158882141113e-01,3.204597532749176025e-01,4.114487469196319580e-01,3.493840694427490234e-01,4.539234936237335205e-01,2.371298670768737793e-01,2.394056320190429688e-01,2.744865417480468750e-01,5.887486934661865234e-01,5.285239219665527344e-01,2.694520950317382812e-01,-5.424626171588897705e-02,7.247596979141235352e-01,6.961896419525146484e-01,2.961872816085815430e-01,2.354127168655395508e-01,2.916828095912933350e-01,2.028379589319229126e-01,3.431137204170227051e-01,3.345765471458435059e-01,4.485093057155609131e-01,4.020690321922302246e-01,4.857456684112548828e-01,3.781276941299438477e-01,1.195553988218307495e-01,-4.389204829931259155e-02,2.597357928752899170e-01,1.613165065646171570e-02,1.863890737295150757e-01,1.567953377962112427e-01,-5.540405213832855225e-02,1.063432916998863220e-01,3.236773908138275146e-01,2.248211652040481567e-01,2.638658285140991211e-01,2.321765720844268799e-01,2.459811568260192871e-01,1.535663306713104248e-01,2.665653228759765625e-01,2.928647994995117188e-01,2.238973826169967651e-01,2.768355607986450195e-01,1.546880155801773071e-01,9.039025753736495972e-02,1.536028087139129639e-01,1.819891929626464844e-01,5.580391883850097656e-01,4.876303076744079590e-01,3.678219318389892578e-01,1.985761821269989014e-01,4.459408521652221680e-01,3.181374669075012207e-01,4.718121290206909180e-01,3.692022562026977539e-01,3.882102668285369873e-01,3.100458681583404541e-01,3.668494224548339844e-01,2.075591683387756348e-01,4.105682075023651123e-01,3.641131818294525146e-01,2.339567840099334717e-01,2.050343900918960571e-01,2.199537605047225952e-01,1.366126984357833862e-01,2.353829145431518555e-01,2.717169523239135742e-01,2.762902677059173584e-01,1.894748806953430176e-01,2.591528296470642090e-01,2.283154278993606567e-01,3.898058235645294189e-01,3.852666616439819336e-01,2.199691385030746460e-01,2.626991271972656250e-01,5.239001512527465820e-01,4.534447193145751953e-01,1.682021468877792358e-01,2.489547431468963623e-01,3.961356878280639648e-01,3.515658676624298096e-01,2.268164008855819702e-01,3.478406369686126709e-01,3.724812865257263184e-01,3.813452422618865967e-01,-4.821987822651863098e-02,-1.145533621311187744e-01,1.079596951603889465e-01,1.181616857647895813e-01,1.752770543098449707e-01,2.197951376438140869e-01,3.438136875629425049e-01,2.287891209125518799e-01,3.229976296424865723e-01,2.295238226652145386e-01,-3.370078979060053825e-03,1.599556533619761467e-03,8.924607932567596436e-02,4.500890616327524185e-03,4.030279815196990967e-02,4.318789765238761902e-02,7.435695827007293701e-02,3.964377567172050476e-02,1.313573867082595825e-01,2.323111146688461304e-01,-4.813193902373313904e-02,-2.491882741451263428e-01
4.011891782283782959e-01,4.351849555969238281e-01,6.360536813735961914e-01,1.000000000000000000e+00,1.501253694295883179e-01,2.751635611057281494e-01,5.755770206451416016e-01,7.780486941337585449e-01,1.572117358446121216e-01,1.836542785167694092e-01,1.901472955942153931e-01,4.228034615516662598e-01,3.054478168487548828e-01,4.530311524868011475e-01,2.644681334495544434e-01,2.565171122550964355e-01,-8.296079188585281372e-02,2.728110253810882568e-01,3.273578882217407227e-01,3.758434653282165527e-01,2.928262948989868164e-01,6.275792140513658524e-03,6.133010387420654297e-01,7.938547730445861816e-01,2.257093042135238647e-01,2.386383712291717529e-01,2.122882455587387085e-01,1.825263500213623047e-01,6.506190448999404907e-02,2.338413447141647339e-01,4.009279608726501465e-01,5.306733846664428711e-01,3.318009674549102783e-01,3.249327242374420166e-01,1.537758260965347290e-01,6.370814889669418335e-02,1.981847733259201050e-01,-2.274454198777675629e-02,1.246473044157028198e-01,1.713429242372512817e-01,-7.357052713632583618e-02,1.335828900337219238e-01,1.931492388248443604e-01,1.887331902980804443e-01,1.837844103574752808e-01,1.367911547422409058e-01,1.990102827548980713e-01,1.774001270532608032e-01,2.228788584470748901e-01,2.238231748342514038e-01,2.627170681953430176e-01,1.880290061235427856e-01,1.451905518770217896e-01,6.055204570293426514e-02,1.229686141014099121e-01,1.568226218223571777e-01,3.768419027328491211e-01,5.482028126716613770e-01,5.220673680305480957e-01,4.916136264801025391e-01,4.829163253307342529e-01,5.457068085670471191e-01,3.080788254737854004e-01,3.260992765426635742e-01,4.038493335247039795e-01,5.199310779571533203e-01,4.660240113735198975e-01,4.381910860538482666e-01,4.025509953498840332e-01,3.505181670188903809e-01,3.254701793193817139e-01,2.650463581085205078e-01,7.697605341672897339e-02,-2.191115356981754303e-02,2.623431682586669922e-01,2.543286383152008057e-01,2.530456185340881348e-01,2.451339215040206909e-01,9.160492569208145142e-02,2.873761951923370361e-01,2.427203804254531860e-01,3.268797099590301514e-01,1.441129297018051147e-01,2.357284873723983765e-01,4.445146918296813965e-01,4.575558602809906006e-01,3.205196559429168701e-01,3.469990193843841553e-01,4.009913802146911621e-01,4.767179191112518311e-01,4.233351945877075195e-01,3.470394015312194824e-01,4.860096871852874756e-01,3.657741844654083252e-01,-4.667205736041069031e-02,-6.762352585792541504e-02,1.708075255155563354e-01,2.323893010616302490e-01,1.867327690124511719e-01,2.414975613355636597e-01,3.573643565177917480e-01,2.732414901256561279e-01,3.156678676605224609e-01,2.424588054418563843e-01,1.407575160264968872e-01,4.087200388312339783e-02,1.611247807741165161e-01,3.645095601677894592e-02,3.419271111488342285e-02,1.834577508270740509e-02,1.428616940975189209e-01,1.369729787111282349e-01,2.494260668754577637e-01,2.243818789720535278e-01,-2.355402708053588867e-02,-1.920831948518753052e-01
1.500986516475677490e-01,1.392164379358291626e-01,2.167513221502304077e-01,1.501253694295883179e-01,1.000000000000000000e+00,6.055266857147216797e-01,1.151848807930946350e-01,-3.502678126096725464e-02,5.292763710021972656e-01,3.755914568901062012e-01,1.318661421537399292e-01,1.959801092743873596e-02,2.389431744813919067e-01,7.607018947601318359e-02,4.241680204868316650e-01,4.327658414840698242e-01,1.903130859136581421e-01,2.100954800844192505e-01,1.435717493295669556e-01,1.407863199710845947e-01,3.741109073162078857e-01,3.093238770961761475e-01,3.506560325622558594e-01,2.528770864009857178e-01,6.415090560913085938e-01,6.173313260078430176e-01,7.112490534782409668e-01,6.963362097740173340e-01,1.747578531503677368e-01,1.681923121213912964e-01,3.302283287048339844e-01,2.887077331542968750e-01,2.304862141609191895e-01,1.825347244739532471e-01,3.103121519088745117e-01,2.271153628826141357e-01,2.646411359310150146e-01,2.471643090248107910e-01,3.177520334720611572e-01,2.657137215137481689e-01,1.926337778568267822e-01,1.140831485390663147e-01,2.045629173517227173e-01,1.251821070909500122e-01,1.939363777637481689e-01,4.907030612230300903e-02,1.013854518532752991e-01,1.032339930534362793e-01,8.547621220350265503e-02,5.906052887439727783e-02,1.337678134441375732e-01,5.976947769522666931e-02,1.597806662321090698e-01,1.085283607244491577e-02,2.664673328399658203e-01,1.546529084444046021e-01,1.758835017681121826e-01,1.581587456166744232e-02,2.308240160346031189e-02,-3.883160650730133057e-02,1.514059603214263916e-01,9.242147207260131836e-03,2.028496712446212769e-01,-3.106126375496387482e-02,4.285853207111358643e-01,2.215300947427749634e-01,2.180826514959335327e-01,1.803213208913803101e-01,1.239659264683723450e-01,8.195950090885162354e-02,2.658632993698120117e-01,2.833457589149475098e-01,2.762406766414642334e-01,1.193282231688499451e-01,1.818907111883163452e-01,1.739082038402557373e-01,4.097549244761466980e-02,1.207712218165397644e-01,2.013602554798126221e-01,1.547577530145645142e-01,2.306063175201416016e-01,2.265375107526779175e-01,3.502361476421356201e-01,2.240830510854721069e-01,3.715521991252899170e-01,2.515704631805419922e-01,1.908036470413208008e-01,3.056918680667877197e-01,4.009450078010559082e-01,2.140592187643051147e-01,1.307779997587203979e-01,9.770688414573669434e-02,2.415317744016647339e-01,8.148772269487380981e-02,6.177946180105209351e-02,4.306533560156822205e-02,1.721478551626205444e-01,1.505869030952453613e-01,1.149004921317100525e-01,3.234786912798881531e-02,7.671785354614257812e-02,-1.660628765821456909e-01,2.110264301300048828e-01,-1.103842929005622864e-01,1.006426736712455750e-01,-1.108515933156013489e-01,-8.351228199899196625e-03,-1.867619715631008148e-02,3.326122090220451355e-02,6.886004656553268433e-02,5.251629650592803955e-02,7.786227762699127197e-02,-1.257448345422744751e-01,2.331086695194244385e-01,2.096790969371795654e-01,2.991369226947426796e-03
1.585302501916885376e-01,2.540418207645416260e-01,2.025642395019531250e-01,2.751635611057281494e-01,6.055266857147216797e-01,1.000000000000000000e+00,1.652540415525436401e-01,1.742126494646072388e-01,2.836401760578155518e-01,7.195196747779846191e-01,-2.843857510015368462e-03,9.213667362928390503e-02,1.220677718520164490e-01,2.208772450685501099e-01,3.596687018871307373e-01,6.582977771759033203e-01,-4.430149868130683899e-02,1.355800926685333252e-01,1.286994367837905884e-01,1.866244375705718994e-01,4.365451633930206299e-01,3.367856442928314209e-01,2.407110035419464111e-01,3.347741663455963135e-01,4.638413786888122559e-01,6.874452233314514160e-01,6.386319994926452637e-01,7.181863188743591309e-01,8.774465322494506836e-02,1.864880919456481934e-01,3.611989021301269531e-01,4.230378270149230957e-01,1.818247139453887939e-01,1.817157268524169922e-01,1.186315789818763733e-01,8.674890547990798950e-02,2.029969692230224609e-01,1.561099439859390259e-01,1.739768534898757935e-01,1.246883198618888855e-01,1.170735880732536316e-01,1.928855925798416138e-01,2.644075751304626465e-01,2.737401127815246582e-01,2.400286793708801270e-01,1.645004004240036011e-01,1.765527278184890747e-01,2.943086922168731689e-01,1.420579403638839722e-01,1.674836874008178711e-01,9.844320267438888550e-02,1.668785810470581055e-01,2.451753020286560059e-01,2.825691401958465576e-01,3.139387071132659912e-01,2.123045921325683594e-01,2.214965522289276123e-01,1.533506363630294800e-01,1.112315133213996887e-01,-3.431598888710141182e-04,7.122228294610977173e-02,-2.775213308632373810e-02,1.978219151496887207e-01,2.734022587537765503e-02,2.272119075059890747e-01,1.156844124197959900e-01,2.033404409885406494e-01,1.529158949851989746e-01,1.655130833387374878e-01,7.431719452142715454e-02,3.956348299980163574e-01,3.131560981273651123e-01,2.100391089916229248e-01,1.150847179815173149e-03,2.191489040851593018e-01,1.279494017362594604e-01,7.257243245840072632e-02,1.054784934967756271e-02,4.809502884745597839e-02,-3.085539862513542175e-02,2.918516695499420166e-01,1.944425851106643677e-01,2.675625979900360107e-01,3.909637629985809326e-01,3.098056316375732422e-01,2.238527387380599976e-01,2.713235914707183838e-01,4.887441098690032959e-01,2.667700350284576416e-01,1.251648813486099243e-01,1.959375441074371338e-01,1.877366304397583008e-01,2.299742698669433594e-01,1.779880970716476440e-01,1.531373858451843262e-01,7.385543733835220337e-02,3.031461834907531738e-01,2.946735024452209473e-01,2.821798622608184814e-01,2.778146564960479736e-01,1.833793520927429199e-01,1.270359940826892853e-02,2.517749965190887451e-01,7.044902443885803223e-02,1.345754116773605347e-01,-3.366552293300628662e-02,1.042957305908203125e-01,8.911823853850364685e-03,-2.690689265727996826e-02,1.005881056189537048e-01,2.339411824941635132e-01,3.416447937488555908e-01,1.412752270698547363e-01,2.743405401706695557e-01,2.495727688074111938e-01,1.708332598209381104e-01
5.848473906517028809e-01,3.362875282764434814e-01,7.569326758384704590e-01,5.755770206451416016e-01,1.151848807930946350e-01,1.652540415525436401e-01,1.000000000000000000e+00,5.580971240997314453e-01,3.333933353424072266e-01,7.831700146198272705e-02,4.753205776214599609e-01,3.054656386375427246e-01,5.633590221405029297e-01,2.472302764654159546e-01,2.992790043354034424e-01,6.792076677083969116e-02,9.370938688516616821e-02,2.647116780281066895e-01,3.978795707225799561e-01,3.472756743431091309e-01,1.232983544468879700e-01,-1.023653447628021240e-01,5.192856192588806152e-01,5.171496272087097168e-01,1.703712642192840576e-01,1.607609987258911133e-01,1.243179515004158020e-01,1.124311536550521851e-01,2.307215631008148193e-01,2.314961999654769897e-01,3.372033238410949707e-01,3.526007235050201416e-01,3.906866908073425293e-01,3.137154579162597656e-01,-2.660311758518218994e-02,-1.421764642000198364e-01,1.730515360832214355e-01,-4.148087650537490845e-02,1.421980559825897217e-01,7.283403724431991577e-02,-7.677650451660156250e-02,5.177227780222892761e-02,2.453003525733947754e-01,1.322182416915893555e-01,9.481083601713180542e-02,1.053292900323867798e-01,1.653844565153121948e-01,4.824072122573852539e-02,1.541166156530380249e-01,2.449836879968643188e-01,2.230302691459655762e-01,1.944132298231124878e-01,1.027463972568511963e-01,8.975707739591598511e-02,5.218353495001792908e-02,6.850879639387130737e-02,4.665316641330718994e-01,4.703736901283264160e-01,5.313132405281066895e-01,4.220422208309173584e-01,6.663419604301452637e-01,4.606366455554962158e-01,3.729780316352844238e-01,3.002631962299346924e-01,3.339510560035705566e-01,2.801668643951416016e-01,4.086531996726989746e-01,3.061357140541076660e-01,3.251735866069793701e-01,3.370218575000762939e-01,3.046821951866149902e-01,3.198885917663574219e-01,1.798998117446899414e-01,1.119248718023300171e-01,2.760154604911804199e-01,3.125992417335510254e-01,2.848398387432098389e-01,2.290501147508621216e-01,1.575552225112915039e-01,2.192397117614746094e-01,2.223820239305496216e-01,2.170533537864685059e-01,1.053748577833175659e-01,2.117853462696075439e-01,3.897065520286560059e-01,2.699472308158874512e-01,2.089923322200775146e-01,2.323876470327377319e-01,3.871586024761199951e-01,3.184678554534912109e-01,2.940032482147216797e-01,3.971506953239440918e-01,3.796038031578063965e-01,4.459398388862609863e-01,-4.795409739017486572e-02,-9.166201949119567871e-02,1.183787211775779724e-01,7.176484167575836182e-02,1.407119035720825195e-01,2.578607201576232910e-01,3.866121768951416016e-01,3.480660319328308105e-01,3.283021152019500732e-01,3.096592724323272705e-01,1.153510734438896179e-01,1.515492498874664307e-01,1.862123012542724609e-01,8.600817620754241943e-02,6.170672923326492310e-02,4.054042324423789978e-02,6.507609039545059204e-02,1.324135344475507736e-02,1.742938011884689331e-01,1.743273884057998657e-01,-3.845684602856636047e-02,-1.790280491113662720e-01
3.723940253257751465e-01,4.556601643562316895e-01,4.859500527381896973e-01,7.780486941337585449e-01,-3.502678126096725464e-02,1.742126494646072388e-01,5.580971240997314453e-01,1.000000000000000000e+00,1.377978175878524780e-01,1.568827182054519653e-01,2.464563250541687012e-01,6.003168821334838867e-01,4.194602668285369873e-01,6.018289327621459961e-01,1.879064589738845825e-01,1.835267990827560425e-01,-3.295629471540451050e-02,3.631784319877624512e-01,3.410618007183074951e-01,3.792903721332550049e-01,1.210355535149574280e-01,3.493833169341087341e-02,4.651241302490234375e-01,6.165513992309570312e-01,-1.094548217952251434e-02,5.459870770573616028e-02,-3.214840590953826904e-02,8.240696974098682404e-03,1.466080099344253540e-01,3.350276947021484375e-01,3.355709612369537354e-01,4.866450726985931396e-01,3.485834598541259766e-01,3.599092066287994385e-01,-8.816519379615783691e-02,-1.556373536586761475e-01,1.658354699611663818e-01,-4.848629236221313477e-02,1.322412937879562378e-01,9.134700894355773926e-02,1.436730660498142242e-02,1.638199090957641602e-01,1.744666397571563721e-01,1.889306306838989258e-01,1.424146890640258789e-01,1.385439485311508179e-01,1.548439860343933105e-01,2.232206165790557861e-01,1.782736480236053467e-01,1.846326142549514771e-01,1.373282074928283691e-01,1.136739179491996765e-01,1.356345415115356445e-02,3.265976905822753906e-02,-3.493527323007583618e-02,9.773793630301952362e-03,3.198444545269012451e-01,6.521036028861999512e-01,5.768332481384277344e-01,5.383071303367614746e-01,5.429686903953552246e-01,6.007132530212402344e-01,4.088154733180999756e-01,5.176883935928344727e-01,1.763976961374282837e-01,2.602881193161010742e-01,4.280251860618591309e-01,4.057261347770690918e-01,4.595464468002319336e-01,4.675683677196502686e-01,3.652909100055694580e-01,3.015253245830535889e-01,1.119966655969619751e-01,7.809400558471679688e-02,2.685155272483825684e-01,2.608101665973663330e-01,3.158192634582519531e-01,2.722992897033691406e-01,5.557392537593841553e-02,3.096934556961059570e-01,2.182995826005935669e-01,3.068355917930603027e-01,6.980865448713302612e-02,2.577022910118103027e-01,3.038131296634674072e-01,3.049039244651794434e-01,2.706238925457000732e-01,2.733998596668243408e-01,3.235725760459899902e-01,4.465688765048980713e-01,3.459778428077697754e-01,3.266565203666687012e-01,4.045599102973937988e-01,3.477356731891632080e-01,-3.456186503171920776e-02,-4.889161139726638794e-02,1.559308767318725586e-01,2.298374772071838379e-01,1.485632210969924927e-01,2.608408033847808838e-01,4.694747626781463623e-01,3.570950329303741455e-01,3.518967926502227783e-01,3.211306035518646240e-01,1.409604698419570923e-01,6.683819741010665894e-02,2.333428412675857544e-01,2.605175226926803589e-02,7.233719527721405029e-02,6.050152704119682312e-02,2.103973329067230225e-01,1.462312191724777222e-01,3.168449401855468750e-01,1.750228404998779297e-01,-3.193417191505432129e-02,-1.446807682514190674e-01
1.729262769222259521e-01,2.393768876791000366e-01,3.110052347183227539e-01,1.572117358446121216e-01,5.292763710021972656e-01,2.836401760578155518e-01,3.333933353424072266e-01,1.377978175878524780e-01,1.000000000000000000e+00,3.423619270324707031e-01,3.526612222194671631e-01,2.213134169578552246e-01,5.338286161422729492e-01,2.314458340406417847e-01,5.362594127655029297e-01,3.764055669307708740e-01,2.756447196006774902e-01,3.877005875110626221e-01,2.092877775430679321e-01,1.834630817174911499e-01,2.975368201732635498e-01,9.030708670616149902e-02,4.184620976448059082e-01,2.402676790952682495e-01,4.624913930892944336e-01,3.656418025493621826e-01,3.120830953121185303e-01,2.736570835113525391e-01,2.853427827358245850e-01,4.270705282688140869e-01,4.735681712627410889e-01,4.348402023315429688e-01,3.333767056465148926e-01,2.428106963634490967e-01,6.652582436800003052e-02,-6.520529836416244507e-02,2.427781820297241211e-01,1.954702883958816528e-01,2.758422493934631348e-01,1.331658661365509033e-01,8.806271851062774658e-02,9.891599416732788086e-02,2.245829999446868896e-01,8.847840130329132080e-02,2.162147760391235352e-01,1.397406458854675293e-01,1.398549377918243408e-01,1.776391565799713135e-01,1.432130783796310425e-01,5.770506709814071655e-02,1.194953471422195435e-01,7.779480516910552979e-02,5.105495080351829529e-02,2.442080713808536530e-02,1.312323659658432007e-01,2.407691814005374908e-02,1.946903616189956665e-01,2.343334853649139404e-01,8.406804502010345459e-02,-7.297684904187917709e-03,3.653886318206787109e-01,1.720900833606719971e-01,3.672622144222259521e-01,2.546173632144927979e-01,3.741452693939208984e-01,1.171400099992752075e-01,2.111161798238754272e-01,1.600363105535507202e-01,2.540471851825714111e-01,2.693903744220733643e-01,4.008668065071105957e-01,4.096593856811523438e-01,3.541352450847625732e-01,2.337653636932373047e-01,3.582929968833923340e-01,2.777458727359771729e-01,3.139951825141906738e-01,2.362548559904098511e-01,3.254433274269104004e-01,4.263744354248046875e-01,3.407569825649261475e-01,4.194408059120178223e-01,1.877461075782775879e-01,3.216155767440795898e-01,3.812905550003051758e-01,2.223354876041412354e-01,2.510249018669128418e-01,2.711345851421356201e-01,3.818635642528533936e-01,2.302198708057403564e-01,1.946355849504470825e-01,3.143317997455596924e-01,2.927690148353576660e-01,2.566765844821929932e-01,5.679851025342941284e-02,-1.492705428972840309e-03,2.439973056316375732e-01,2.154899239540100098e-01,2.583495080471038818e-01,2.549613118171691895e-01,3.162043094635009766e-01,1.308087557554244995e-01,3.858277201652526855e-01,1.253005117177963257e-01,8.173818141222000122e-02,9.537686593830585480e-03,7.480683177709579468e-02,4.103561863303184509e-02,9.093166328966617584e-03,1.822422742843627930e-01,2.077199369668960571e-01,1.581809222698211670e-01,1.322903782129287720e-01,2.733995914459228516e-01,1.884386688470840454e-01,-5.484667420387268066e-02
-2.087185718119144440e-02,1.466785371303558350e-01,9.047858417034149170e-02,1.836542785167694092e-01,3.755914568901062012e-01,7.195196747779846191e-01,7.831700146198272705e-02,1.568827182054519653e-01,3.423619270324707031e-01,1.000000000000000000e+00,-7.882803678512573242e-02,1.293426454067230225e-01,8.890732377767562866e-02,2.008354216814041138e-01,3.291142284870147705e-01,7.275078892707824707e-01,-1.070092841982841492e-01,9.635672718286514282e-02,1.978484354913234711e-02,8.470778912305831909e-02,3.380652666091918945e-01,2.784333229064941406e-01,1.098591834306716919e-01,1.841520816087722778e-01,2.761569023132324219e-01,4.942427277565002441e-01,3.391273617744445801e-01,4.218802154064178467e-01,3.031044080853462219e-02,1.960297673940658569e-01,3.400280177593231201e-01,4.202549457550048828e-01,1.090295016765594482e-01,1.166151165962219238e-01,4.958578944206237793e-02,2.008933946490287781e-02,1.581570059061050415e-01,6.951776146888732910e-02,8.139764517545700073e-02,-1.458459440618753433e-02,5.237643793225288391e-02,3.074801340699195862e-02,1.467511206865310669e-01,1.942502409219741821e-01,2.173367589712142944e-01,2.043973356485366821e-01,1.612615287303924561e-01,3.512739241123199463e-01,1.298944205045700073e-01,1.059967651963233948e-01,5.606730654835700989e-02,1.032020747661590576e-01,1.944656968116760254e-01,2.901181578636169434e-01,2.108263224363327026e-01,7.453539222478866577e-02,7.537285983562469482e-02,1.267628073692321777e-01,5.233303084969520569e-02,-2.006266266107559204e-02,3.734654188156127930e-02,-1.369537599384784698e-02,1.601815223693847656e-01,6.948140263557434082e-02,1.448689401149749756e-01,5.130670219659805298e-02,1.449867933988571167e-01,1.037023067474365234e-01,8.397781103849411011e-02,8.290286175906658173e-03,4.158369600772857666e-01,2.863696515560150146e-01,1.410598754882812500e-01,-2.882341295480728149e-02,2.103356570005416870e-01,-2.830142155289649963e-02,1.140648648142814636e-01,-7.723572105169296265e-02,1.049883514642715454e-01,-5.702522769570350647e-02,2.626970708370208740e-01,1.627689450979232788e-01,1.692602038383483887e-01,3.138181567192077637e-01,1.717662960290908813e-01,2.379546314477920532e-02,1.931148767471313477e-01,3.771880269050598145e-01,1.182009801268577576e-01,6.471418775618076324e-03,2.379174977540969849e-01,2.714212834835052490e-01,1.752070486545562744e-01,2.467995584011077881e-01,2.036371976137161255e-01,1.366394013166427612e-01,3.695134222507476807e-01,2.723318338394165039e-01,3.190907835960388184e-01,3.383832573890686035e-01,1.841190010309219360e-01,1.335715651512145996e-01,2.268556058406829834e-01,1.203538328409194946e-01,1.146580949425697327e-01,1.131213363260030746e-02,9.679292142391204834e-02,-2.302447333931922913e-02,-7.469187490642070770e-03,2.279966473579406738e-01,3.445684909820556641e-01,3.885946869850158691e-01,3.256003856658935547e-01,2.652447521686553955e-01,2.640595436096191406e-01,2.680406272411346436e-01
5.096386075019836426e-01,3.401123881340026855e-01,5.303400158882141113e-01,1.901472955942153931e-01,1.318661421537399292e-01,-2.843857510015368462e-03,4.753205776214599609e-01,2.464563250541687012e-01,3.526612222194671631e-01,-7.882803678512573242e-02,1.000000000000000000e+00,4.298040270805358887e-01,5.659703016281127930e-01,4.237470626831054688e-01,4.766723215579986572e-01,1.495639383792877197e-01,5.328904390335083008e-01,3.261551558971405029e-01,6.050902605056762695e-01,4.884366691112518311e-01,1.196828857064247131e-01,-9.206659346818923950e-02,5.045803189277648926e-01,3.438709378242492676e-01,1.255468577146530151e-01,3.091308847069740295e-02,9.368225932121276855e-02,1.315957959741353989e-02,6.222289204597473145e-01,5.033810138702392578e-01,3.072711825370788574e-01,2.136254161596298218e-01,5.037049651145935059e-01,4.197180271148681641e-01,-6.586886197328567505e-02,-2.163510769605636597e-01,2.247344553470611572e-01,9.670787304639816284e-02,1.883944272994995117e-01,1.189847066998481750e-01,-2.701849490404129028e-02,1.189708523452281952e-02,2.789039909839630127e-01,1.474953144788742065e-01,2.377504855394363403e-01,1.999250352382659912e-01,1.315716505050659180e-01,8.476281911134719849e-02,1.346180886030197144e-01,1.164892390370368958e-01,2.896916680037975311e-02,1.161323785781860352e-01,-4.529730603098869324e-02,-7.638858258724212646e-02,-1.180706080049276352e-02,2.042457461357116699e-02,3.750043809413909912e-01,3.514486253261566162e-01,1.341249793767929077e-01,-5.504508316516876221e-02,3.521524667739868164e-01,6.769886612892150879e-02,5.453537702560424805e-01,5.042554140090942383e-01,2.374292351305484772e-02,-1.032197773456573486e-01,2.159596979618072510e-01,8.521429449319839478e-02,3.688399493694305420e-01,3.565477430820465088e-01,1.900942474603652954e-01,2.218717187643051147e-01,4.091660380363464355e-01,3.709059953689575195e-01,2.214585840702056885e-01,3.359587490558624268e-01,3.201978504657745361e-01,2.613199949264526367e-01,2.972391545772552490e-01,2.388106435537338257e-01,3.819132447242736816e-01,4.251085221767425537e-01,1.454589366912841797e-01,2.274514287710189819e-01,4.412643015384674072e-01,3.586822450160980225e-01,4.571258276700973511e-02,1.670616120100021362e-01,2.560296654701232910e-01,2.441276758909225464e-01,6.123298779129981995e-02,2.729205787181854248e-01,2.410327792167663574e-01,2.212431579828262329e-01,-3.449470549821853638e-02,-9.234461933374404907e-02,7.980363816022872925e-02,1.021977588534355164e-01,1.621737927198410034e-01,1.729469597339630127e-01,3.359065949916839600e-01,1.765544265508651733e-01,2.983002066612243652e-01,1.791795939207077026e-01,-4.270145669579505920e-02,-1.116225868463516235e-02,5.474556982517242432e-02,3.319097310304641724e-02,6.743433326482772827e-02,1.208549514412879944e-01,9.392383694648742676e-02,3.434498235583305359e-02,5.994638800621032715e-02,1.973374485969543457e-01,-1.797917671501636505e-02,-2.590937316417694092e-01
2.542715370655059814e-01,4.515604674816131592e-01,3.204597532749176025e-01,4.228034615516662598e-01,1.959801092743873596e-02,9.213667362928390503e-02,3.054656386375427246e-01,6.003168821334838867e-01,2.213134169578552246e-01,1.293426454067230225e-01,4.298040270805358887e-01,1.000000000000000000e+00,5.075082778930664062e-01,7.756552696228027344e-01,3.266842663288116455e-01,3.065395057201385498e-01,1.889640688896179199e-01,5.709205865859985352e-01,4.058150351047515869e-01,4.294027686119079590e-01,8.777522295713424683e-02,1.197407692670822144e-01,4.320293366909027100e-01,4.172767400741577148e-01,-2.389065735042095184e-02,-5.740202032029628754e-03,-5.717047676444053650e-02,-5.839739367365837097e-02,3.179228901863098145e-01,5.742324590682983398e-01,3.291442394256591797e-01,3.843555748462677002e-01,4.690135419368743896e-01,4.789411723613739014e-01,-1.305003166198730469e-01,-2.311152368783950806e-01,1.949986666440963745e-01,4.703246988356113434e-03,1.973903626203536987e-01,4.341783374547958374e-02,7.932627946138381958e-02,1.415636241436004639e-01,2.013600170612335205e-01,1.683768182992935181e-01,2.454799413681030273e-01,2.197765409946441650e-01,1.230933517217636108e-01,2.601726949214935303e-01,2.408091574907302856e-01,1.599004864692687988e-01,1.333765238523483276e-01,1.240392327308654785e-01,-4.414622485637664795e-02,-9.920287132263183594e-02,-2.134231291711330414e-02,-5.303112044930458069e-02,1.833294779062271118e-01,5.608330368995666504e-01,3.098494112491607666e-01,1.945294886827468872e-01,3.784301578998565674e-01,3.736088871955871582e-01,5.634031891822814941e-01,6.792677640914916992e-01,2.353776246309280396e-02,2.878525666892528534e-02,3.142498135566711426e-01,2.612199187278747559e-01,4.807670712471008301e-01,4.343594908714294434e-01,3.665954470634460449e-01,3.019225895404815674e-01,1.810926049947738647e-01,2.411824166774749756e-01,2.480330020189285278e-01,2.711630165576934814e-01,3.773343563079833984e-01,3.459599018096923828e-01,1.227579265832901001e-01,4.073513150215148926e-01,3.173466920852661133e-01,4.454428553581237793e-01,4.175733402371406555e-02,2.921770215034484863e-01,3.404824733734130859e-01,3.046171665191650391e-01,5.559002608060836792e-02,2.225704044103622437e-01,2.592622339725494385e-01,3.989934027194976807e-01,2.324537634849548340e-01,2.368123978376388550e-01,3.478744328022003174e-01,1.806599944829940796e-01,-3.110117977485060692e-03,-1.282599382102489471e-02,2.007677555084228516e-01,2.480905503034591675e-01,1.226337030529975891e-01,1.608061343431472778e-01,4.432569444179534912e-01,2.094995826482772827e-01,2.964500486850738525e-01,1.765718311071395874e-01,2.917178720235824585e-02,-6.222029775381088257e-02,7.116661965847015381e-02,-1.527081876993179321e-01,1.867679804563522339e-01,2.088405489921569824e-01,2.387947738170623779e-01,8.165395259857177734e-02,1.697279214859008789e-01,1.830406337976455688e-01,4.892718512564897537e-03,-1.769855916500091553e-01
4.036411046981811523e-01,3.143173158168792725e-01,4.114487469196319580e-01,3.054478168487548828e-01,2.389431744813919067e-01,1.220677718520164490e-01,5.633590221405029297e-01,4.194602668285369873e-01,5.338286161422729492e-01,8.890732377767562866e-02,5.659703016281127930e-01,5.075082778930664062e-01,1.000000000000000000e+00,4.566772282123565674e-01,4.547616839408874512e-01,1.507902890443801880e-01,1.964396238327026367e-01,4.394097030162811279e-01,2.865844964981079102e-01,2.446539402008056641e-01,1.307619661092758179e-01,-1.290945685468614101e-03,4.322652518749237061e-01,3.415921032428741455e-01,1.192125827074050903e-01,8.465239405632019043e-02,8.962246775627136230e-02,6.283573806285858154e-02,3.205178380012512207e-01,4.009578824043273926e-01,2.775570452213287354e-01,2.990515530109405518e-01,3.765280544757843018e-01,3.484555184841156006e-01,-4.163038916885852814e-03,-1.877979189157485962e-01,2.925454974174499512e-01,1.164698526263237000e-01,2.463766187429428101e-01,1.261349022388458252e-01,4.715314880013465881e-02,1.208333596587181091e-01,1.982712447643280029e-01,1.091594770550727844e-01,7.954303175210952759e-02,9.401198476552963257e-02,8.185783028602600098e-02,9.013424068689346313e-02,8.617199212312698364e-02,1.164190769195556641e-01,1.055118963122367859e-01,5.575601384043693542e-02,-1.175831351429224014e-02,-7.862573117017745972e-02,-2.665074542164802551e-02,-7.163461297750473022e-02,3.117578923702239990e-01,4.398163259029388428e-01,4.196909666061401367e-01,2.768441736698150635e-01,6.778218150138854980e-01,3.673692345619201660e-01,4.976609349250793457e-01,4.087774157524108887e-01,3.302496671676635742e-01,1.138478666543960571e-01,3.526480793952941895e-01,2.587009370326995850e-01,3.620570003986358643e-01,3.812225461006164551e-01,3.807925879955291748e-01,4.103291928768157959e-01,2.934684753417968750e-01,2.112144827842712402e-01,3.381058573722839355e-01,3.279730379581451416e-01,3.658028244972229004e-01,3.164023756980895996e-01,1.925408393144607544e-01,3.667638301849365234e-01,2.988488376140594482e-01,3.347018957138061523e-01,7.956630736589431763e-02,3.055728077888488770e-01,4.501736760139465332e-01,2.699746191501617432e-01,2.233620882034301758e-01,2.356567382812500000e-01,4.644876420497894287e-01,3.470293879508972168e-01,1.363325417041778564e-01,3.094199001789093018e-01,2.805068790912628174e-01,2.783946990966796875e-01,-5.530416592955589294e-02,-1.144595742225646973e-01,1.416645348072052002e-01,1.568104922771453857e-01,1.204782873392105103e-01,2.409184277057647705e-01,3.807618916034698486e-01,2.029245495796203613e-01,3.327854275703430176e-01,1.715164780616760254e-01,7.904361188411712646e-02,1.686967164278030396e-02,2.085118740797042847e-01,6.901458650827407837e-02,6.553800404071807861e-02,9.194324910640716553e-02,1.369571387767791748e-01,5.934350565075874329e-02,1.928720623254776001e-01,2.016976028680801392e-01,-5.985409952700138092e-03,-1.846396476030349731e-01
