1.000000000000000000e+00,5.825433135032653809e-01,4.806265830993652344e-01,4.956932663917541504e-01,5.750452727079391479e-02,6.203352939337491989e-03,5.263922810554504395e-01,4.269221723079681396e-01,-6.210493296384811401e-02,-1.072279550135135651e-02,1.297472715377807617e-01,2.545404136180877686e-01,5.910446494817733765e-02,1.028334051370620728e-01,-1.447599232196807861e-01,-2.652683258056640625e-01,-8.007561415433883667e-02,-9.001128375530242920e-03,6.196065545082092285e-01,6.043321490287780762e-01,-2.140402793884277344e-01,-1.790753304958343506e-01,1.672320663928985596e-01,2.881612777709960938e-01,-1.359493583440780640e-01,-1.549477428197860718e-01,9.758362174034118652e-02,1.401861160993576050e-01,-2.747271358966827393e-01,-2.784941792488098145e-01,-1.896044122986495495e-03,-2.403313294053077698e-02,5.617039203643798828e-01,5.676641464233398438e-01,2.646338939666748047e-01,1.483126878738403320e-01,-4.025021791458129883e-01,-4.589720070362091064e-01,-3.650719821453094482e-01,-3.898096084594726562e-01,-3.357366025447845459e-01,-3.495425283908843994e-01,-2.335731983184814453e-01,-2.452253848314285278e-01,2.674331963062286377e-01,2.625775039196014404e-01,-2.583775818347930908e-01,-2.763346731662750244e-01,2.805766165256500244e-01,3.110848069190979004e-01,-1.059935986995697021e-01,-9.085504338145256042e-03,-2.121887207031250000e-01,-2.747038602828979492e-01,-3.341338932514190674e-01,-3.025224506855010986e-01,6.525719761848449707e-01,5.700251460075378418e-01,5.644637942314147949e-01,5.173429250717163086e-01,5.871659517288208008e-01,5.302128791809082031e-01,4.404673874378204346e-01,5.463225841522216797e-01,4.821818768978118896e-01,5.097339749336242676e-01,5.321493148803710938e-01,4.687992930412292480e-01,5.222631692886352539e-01,5.158643126487731934e-01,-2.550166249275207520e-01,-3.888124600052833557e-02,-2.205510586500167847e-01,-2.456788420677185059e-01,-2.877342402935028076e-01,-2.493256181478500366e-01,-1.998268365859985352e-01,-2.410366386175155640e-01,-8.741272240877151489e-02,-1.388231813907623291e-01,-2.487353831529617310e-01,-2.273483127355575562e-01,-2.460443824529647827e-01,-3.233233988285064697e-01,-2.464711666107177734e-01,-2.784742116928100586e-01,-1.549921780824661255e-01,-2.521163821220397949e-01,-1.279104351997375488e-01,-1.568748503923416138e-01,-2.476468235254287720e-01,-2.277220636606216431e-01,-1.942583918571472168e-01,-1.336209475994110107e-01,-3.834525942802429199e-01,-4.141459465026855469e-01,-4.564315080642700195e-01,-4.368713200092315674e-01,-3.119366168975830078e-01,-3.168347179889678955e-01,-1.554584652185440063e-01,-7.809536159038543701e-02,-1.829062849283218384e-01,-1.823760122060775757e-01,-3.616725802421569824e-01,-3.191572129726409912e-01,-1.334125399589538574e-01,-1.774100065231323242e-01,-2.462533712387084961e-01,-4.602756798267364502e-01,-4.628784656524658203e-01,-3.304951786994934082e-01,-2.726956307888031006e-01,-2.702830135822296143e-01,-3.310485184192657471e-01,-1.783715784549713135e-01
5.825433135032653809e-01,1.000000000000000000e+00,3.963814377784729004e-01,5.179889202117919922e-01,-1.936926692724227905e-01,-2.171630710363388062e-01,3.801981210708618164e-01,5.118831992149353027e-01,-2.971394658088684082e-01,-1.966619640588760376e-01,-1.102049499750137329e-01,3.231119513511657715e-01,-9.165808558464050293e-02,9.829853475093841553e-02,-2.952509522438049316e-01,-2.794316411018371582e-01,-1.312570273876190186e-01,1.089830920100212097e-01,6.220664381980895996e-01,6.052581667900085449e-01,-2.544881403446197510e-01,-2.451470643281936646e-01,7.981267571449279785e-02,2.175421863794326782e-01,-2.651501297950744629e-01,-2.975713908672332764e-01,-1.495972871780395508e-01,-1.064030081033706665e-01,-3.360470533370971680e-01,-2.449063509702682495e-01,-7.759800553321838379e-02,-9.669964760541915894e-02,5.348233580589294434e-01,5.559673905372619629e-01,2.773838043212890625e-01,1.504308134317398071e-01,-3.870267868041992188e-01,-4.192968904972076416e-01,-3.806426525115966797e-01,-4.012476205825805664e-01,-3.584914803504943848e-01,-2.753063142299652100e-01,-3.029659688472747803e-01,-2.280252724885940552e-01,3.140934109687805176e-01,2.767111361026763916e-01,-3.682086467742919922e-01,-3.284875750541687012e-01,3.181535005569458008e-01,4.053944051265716553e-01,-1.000433713197708130e-01,4.203048720955848694e-02,-2.915115952491760254e-01,-3.514184653759002686e-01,-4.250501990318298340e-01,-4.171838164329528809e-01,6.213561892509460449e-01,7.127881646156311035e-01,6.428160667419433594e-01,6.671741604804992676e-01,5.979204773902893066e-01,6.159636378288269043e-01,4.275157451629638672e-01,5.982040762901306152e-01,4.408902525901794434e-01,5.340321660041809082e-01,5.703027248382568359e-01,4.621621668338775635e-01,6.375260949134826660e-01,5.801979303359985352e-01,-2.930089533329010010e-01,-1.333067864179611206e-01,-2.880471944808959961e-01,-2.847758531570434570e-01,-3.318418264389038086e-01,-2.754251956939697266e-01,-2.425616979598999023e-01,-2.538221478462219238e-01,-1.128321215510368347e-01,-1.313677132129669189e-01,-2.328668534755706787e-01,-1.991398632526397705e-01,-2.501175105571746826e-01,-3.375671207904815674e-01,-2.978244721889495850e-01,-2.424741536378860474e-01,-1.916430592536926270e-01,-2.845381796360015869e-01,-2.892023324966430664e-01,-2.412008196115493774e-01,-3.848570287227630615e-01,-4.041061699390411377e-01,-3.823530375957489014e-01,-3.379798531532287598e-01,-4.226672351360321045e-01,-3.983027338981628418e-01,-4.580550789833068848e-01,-4.861601889133453369e-01,-4.503266215324401855e-01,-4.720689952373504639e-01,-2.796360552310943604e-01,-2.906854748725891113e-01,-2.913875877857208252e-01,-3.644946813583374023e-01,-4.590677917003631592e-01,-4.435887336730957031e-01,-9.740909934043884277e-02,-2.392941415309906006e-01,-2.735656201839447021e-01,-4.177156984806060791e-01,-4.517076909542083740e-01,-4.763967990875244141e-01,-4.255016148090362549e-01,-4.185099601745605469e-01,-4.537666141986846924e-01,-1.187161654233932495e-01
4.806265830993652344e-01,3.963814377784729004e-01,1.000000000000000000e+00,5.608637928962707520e-01,1.021137982606887817e-01,7.008665055036544800e-02,6.422479748725891113e-01,5.397577881813049316e-01,8.699629455804824829e-02,1.023428067564964294e-01,2.107683867216110229e-01,2.339255511760711670e-01,1.522649824619293213e-01,2.405519485473632812e-01,1.946512609720230103e-02,-3.748364374041557312e-02,-1.602004468441009521e-01,1.346928533166646957e-02,5.311614274978637695e-01,4.462010562419891357e-01,-8.469202369451522827e-02,-3.689713776111602783e-05,5.171300172805786133e-01,6.029908657073974609e-01,1.174471452832221985e-01,5.940145999193191528e-02,9.112132340669631958e-02,8.397135883569717407e-02,-1.693492233753204346e-01,-1.583155393600463867e-01,1.930825710296630859e-01,2.389776855707168579e-01,3.635252416133880615e-01,3.536597788333892822e-01,1.883538514375686646e-01,8.547710627317428589e-02,-2.195989489555358887e-01,-2.624779939651489258e-01,-1.648792475461959839e-01,-1.745225638151168823e-01,-1.761191338300704956e-01,-1.522785127162933350e-01,-2.446474879980087280e-01,-3.083426952362060547e-01,8.985338360071182251e-02,2.385484613478183746e-02,-2.020389437675476074e-01,-2.498097717761993408e-01,2.357799932360649109e-02,8.533100038766860962e-02,-2.814064919948577881e-01,-1.936420798301696777e-01,-2.148005813360214233e-01,-2.149326503276824951e-01,-1.515446156263351440e-01,-1.173564493656158447e-01,3.944115638732910156e-01,3.631371557712554932e-01,2.422625422477722168e-01,2.530148923397064209e-01,2.693151533603668213e-01,2.692068815231323242e-01,2.228450477123260498e-01,3.103729486465454102e-01,2.876080572605133057e-01,2.737457752227783203e-01,1.907263100147247314e-01,1.651892662048339844e-01,2.792649269104003906e-01,3.550690114498138428e-01,-8.322690427303314209e-02,4.954825714230537415e-02,-1.715288311243057251e-01,-1.304467171430587769e-01,-1.807348579168319702e-01,-1.326272934675216675e-01,-1.433782875537872314e-01,-1.915858685970306396e-01,-1.361023485660552979e-01,-6.677979975938796997e-02,-2.343395948410034180e-01,-1.967157274484634399e-01,-4.813325032591819763e-02,-1.067139431834220886e-01,-1.983199566602706909e-01,-2.257012128829956055e-01,6.105362996459007263e-02,1.536576543003320694e-02,-3.401753492653369904e-03,-2.661440148949623108e-02,-5.467075854539871216e-02,-6.332071125507354736e-02,2.022199332714080811e-02,8.288485556840896606e-02,-1.947870105504989624e-01,-2.337542772293090820e-01,-2.494882196187973022e-01,-2.283696383237838745e-01,-1.501412242650985718e-01,-1.338458061218261719e-01,9.090186655521392822e-02,1.589555591344833374e-01,8.112287521362304688e-02,5.785642564296722412e-02,-7.597513496875762939e-02,-4.132352024316787720e-02,6.104182917624711990e-03,3.765425831079483032e-02,-9.432385116815567017e-02,-2.583253681659698486e-01,-2.899712622165679932e-01,-1.993987411260604858e-01,-1.394080817699432373e-01,-4.360904544591903687e-02,-1.029309555888175964e-01,-8.275373280048370361e-02
4.956932663917541504e-01,5.179889202117919922e-01,5.608637928962707520e-01,1.000000000000000000e+00,-7.436625659465789795e-02,-1.117080356925725937e-02,5.603026747703552246e-01,6.832282543182373047e-01,-4.187270998954772949e-02,7.380275428295135498e-02,6.239187344908714294e-02,4.024174213409423828e-01,1.366768181324005127e-01,3.342388272285461426e-01,-9.278092533349990845e-02,-7.753632031381130219e-03,-1.148214861750602722e-01,3.378024324774742126e-02,5.752090215682983398e-01,5.543448925018310547e-01,-1.097799539566040039e-01,-3.737631812691688538e-02,3.776569962501525879e-01,5.707083344459533691e-01,-2.967602387070655823e-02,-4.768382012844085693e-02,-7.357230782508850098e-02,-4.181532561779022217e-02,-1.870963126420974731e-01,-1.432256102561950684e-01,1.899461150169372559e-01,2.107622027397155762e-01,3.506070375442504883e-01,3.654273748397827148e-01,9.406432509422302246e-02,1.676196046173572540e-02,-2.381769120693206787e-01,-2.852559089660644531e-01,-2.133158296346664429e-01,-2.072983086109161377e-01,-2.356645315885543823e-01,-1.398695558309555054e-01,-3.055353164672851562e-01,-2.934792935848236084e-01,7.534668594598770142e-02,4.036485776305198669e-02,-2.952373325824737549e-01,-2.875791192054748535e-01,3.105133026838302612e-02,1.283472478389739990e-01,-2.565931081771850586e-01,-1.499029248952865601e-01,-2.629970014095306396e-01,-3.040770292282104492e-01,-2.286605685949325562e-01,-2.417609542608261108e-01,3.784177303314208984e-01,4.375524818897247314e-01,3.262332379817962646e-01,3.968071937561035156e-01,3.054486513137817383e-01,4.198366105556488037e-01,1.979841291904449463e-01,3.766240477561950684e-01,2.417954504489898682e-01,3.529217839241027832e-01,2.243942469358444214e-01,2.558228969573974609e-01,4.156846106052398682e-01,4.587013125419616699e-01,-1.095262020826339722e-01,-2.073356695473194122e-02,-2.027444839477539062e-01,-1.873264610767364502e-01,-2.510000467300415039e-01,-1.669786125421524048e-01,-1.728055477142333984e-01,-1.982058435678482056e-01,-8.422008901834487915e-02,-1.220227330923080444e-01,-1.824897974729537964e-01,-1.697927117347717285e-01,-7.316657155752182007e-02,-1.126271188259124756e-01,-2.424013912677764893e-01,-1.688533574342727661e-01,-3.149375086650252342e-03,-3.977530449628829956e-02,-1.252884566783905029e-01,-9.059309959411621094e-02,-1.945770978927612305e-01,-2.359464466571807861e-01,-1.641914993524551392e-01,-1.496436297893524170e-01,-2.579881250858306885e-01,-2.636991441249847412e-01,-2.885335683822631836e-01,-3.109758198261260986e-01,-3.002788424491882324e-01,-2.846030890941619873e-01,-7.092455774545669556e-02,-7.161109894514083862e-02,-8.444929867982864380e-02,-1.438740044832229614e-01,-2.037912607192993164e-01,-2.109211683273315430e-01,-1.066752360202372074e-03,-3.198668733239173889e-02,-1.537397205829620361e-01,-2.941252589225769043e-01,-3.526899516582489014e-01,-3.300837278366088867e-01,-3.027259111404418945e-01,-2.190957814455032349e-01,-2.614451348781585693e-01,-7.333644479513168335e-02
5.750452727079391479e-02,-1.936926692724227905e-01,1.021137982606887817e-01,-7.436625659465789795e-02,1.000000000000000000e+00,5.874596238136291504e-01,6.555826216936111450e-02,-1.249057650566101074e-01,5.829399824142456055e-01,5.445835590362548828e-01,3.171050846576690674e-01,-9.725745022296905518e-02,1.672127544879913330e-01,1.221851818263530731e-02,5.115974545478820801e-01,2.798983752727508545e-01,9.748038649559020996e-02,-1.442577838897705078e-01,-1.021265611052513123e-02,-1.889338716864585876e-03,1.848663836717605591e-01,2.105812430381774902e-01,2.232679575681686401e-01,1.434427350759506226e-01,5.288646817207336426e-01,5.418151021003723145e-01,5.975800752639770508e-01,6.504126191139221191e-01,2.274680286645889282e-01,6.417232006788253784e-02,2.096860259771347046e-01,2.221664190292358398e-01,4.093755036592483521e-02,-1.314941700547933578e-02,1.499917451292276382e-02,7.310635596513748169e-02,7.639338821172714233e-02,4.383442178368568420e-02,1.415695101022720337e-01,1.010418906807899475e-01,1.833583414554595947e-01,5.091517046093940735e-02,1.127983704209327698e-01,2.231607399880886078e-02,-1.355196088552474976e-01,-1.038867682218551636e-01,2.084030210971832275e-01,1.228925436735153198e-01,-1.719610840082168579e-01,-1.927061825990676880e-01,2.509912708774209023e-03,-1.469116508960723877e-01,1.709060966968536377e-01,1.404607445001602173e-01,2.287683188915252686e-01,2.759648263454437256e-01,-5.285936873406171799e-03,-1.572895050048828125e-01,-1.397209316492080688e-01,-2.242984622716903687e-01,-8.098839223384857178e-02,-1.433480679988861084e-01,-6.874393671751022339e-02,-1.136247888207435608e-01,-6.568951532244682312e-03,-1.275661289691925049e-01,-9.131288528442382812e-02,-1.682941429316997528e-02,-1.414012908935546875e-01,-4.063970968127250671e-02,2.036586850881576538e-01,2.627537548542022705e-01,2.676058411598205566e-01,1.812537759542465210e-01,2.621260881423950195e-01,1.941249072551727295e-01,1.668916046619415283e-01,8.391951769590377808e-02,3.923727571964263916e-02,6.332471966743469238e-02,7.084502279758453369e-02,1.599020883440971375e-02,1.865081638097763062e-01,1.676678806543350220e-01,2.011111527681350708e-01,3.825244680047035217e-02,2.350260466337203979e-01,1.968202143907546997e-01,4.364090561866760254e-01,2.760774493217468262e-01,2.625398933887481689e-01,2.763130366802215576e-01,3.339688479900360107e-01,3.351604938507080078e-01,1.153511404991149902e-01,4.012214019894599915e-02,1.066266372799873352e-01,1.355093121528625488e-01,2.648395597934722900e-01,2.660158276557922363e-01,2.785837054252624512e-01,3.378872275352478027e-01,2.369365096092224121e-01,2.949422001838684082e-01,2.345065176486968994e-01,2.605953812599182129e-01,8.337142318487167358e-02,4.635371640324592590e-02,6.690926849842071533e-02,2.638926543295383453e-02,8.079680055379867554e-02,2.389290034770965576e-01,2.041380256414413452e-01,2.841807007789611816e-01,2.569601237773895264e-01,1.144297048449516296e-02
6.203352939337491989e-03,-2.171630710363388062e-01,7.008665055036544800e-02,-1.117080356925725937e-02,5.874596238136291504e-01,1.000000000000000000e+00,7.128763198852539062e-02,-6.977637112140655518e-02,6.042945981025695801e-01,6.791753768920898438e-01,3.428075313568115234e-01,-1.120142731815576553e-02,2.437437623739242554e-01,1.518136709928512573e-01,5.258267521858215332e-01,3.864967525005340576e-01,1.487035602331161499e-01,-6.984258443117141724e-02,-7.701966445893049240e-03,1.145852543413639069e-02,2.428844422101974487e-01,3.665966689586639404e-01,2.357585132122039795e-01,2.149203270673751831e-01,4.291357696056365967e-01,4.875988960266113281e-01,4.078559279441833496e-01,5.918830037117004395e-01,2.871417403221130371e-01,1.557752788066864014e-01,2.477344721555709839e-01,3.124202489852905273e-01,-4.090905189514160156e-02,-7.781975716352462769e-02,-6.413470208644866943e-02,5.517571419477462769e-02,1.677872389554977417e-01,1.219517886638641357e-01,2.393168359994888306e-01,1.918950825929641724e-01,2.138153016567230225e-01,1.467595696449279785e-01,1.520551592111587524e-01,3.036198206245899200e-02,-1.494691967964172363e-01,-1.100783273577690125e-01,2.442051619291305542e-01,1.321069896221160889e-01,-2.014894187450408936e-01,-2.505681514739990234e-01,-6.830668449401855469e-02,-1.788396686315536499e-01,1.681970506906509399e-01,1.492124646902084351e-01,3.113553225994110107e-01,3.469744622707366943e-01,-7.822705805301666260e-02,-1.964945942163467407e-01,-2.461127191781997681e-01,-2.652029991149902344e-01,-1.773463189601898193e-01,-1.548513472080230713e-01,-1.162286400794982910e-01,-1.346385180950164795e-01,-1.130746677517890930e-01,-1.723760962486267090e-01,-1.896121352910995483e-01,-4.737534373998641968e-02,-1.964604705572128296e-01,-3.521015122532844543e-02,2.769294381141662598e-01,2.888486087322235107e-01,3.106407225131988525e-01,2.472296506166458130e-01,2.632433772087097168e-01,2.517678439617156982e-01,2.455064654350280762e-01,1.523378491401672363e-01,1.173434630036354065e-01,1.753568500280380249e-01,1.377523392438888550e-01,9.804009646177291870e-02,2.294989079236984253e-01,2.764051258563995361e-01,2.084838896989822388e-01,6.081499159336090088e-02,2.883764207363128662e-01,2.788092494010925293e-01,4.656511247158050537e-01,3.741899728775024414e-01,3.857075572013854980e-01,3.619958162307739258e-01,4.432170987129211426e-01,4.247845411300659180e-01,1.596762090921401978e-01,7.802902907133102417e-02,1.615249067544937134e-01,2.108120322227478027e-01,3.675099611282348633e-01,3.523013889789581299e-01,3.934648633003234863e-01,4.328028261661529541e-01,3.585348427295684814e-01,3.995443582534790039e-01,3.371906876564025879e-01,3.626026213169097900e-01,7.676599174737930298e-02,1.125150918960571289e-01,7.058151811361312866e-02,8.443479984998703003e-02,1.538931876420974731e-01,3.126301765441894531e-01,3.073679804801940918e-01,3.825978338718414307e-01,3.492942154407501221e-01,3.148089721798896790e-02
5.263922810554504395e-01,3.801981210708618164e-01,6.422479748725891113e-01,5.603026747703552246e-01,6.555826216936111450e-02,7.128763198852539062e-02,1.000000000000000000e+00,5.466006994247436523e-01,1.054359078407287598e-01,8.377987891435623169e-02,3.126959800720214844e-01,3.742976486682891846e-01,3.260188698768615723e-01,3.472490310668945312e-01,1.330438908189535141e-02,-5.192018672823905945e-02,-4.445370286703109741e-02,8.761160075664520264e-02,4.903744459152221680e-01,4.601358771324157715e-01,-1.038653999567031860e-01,-8.523968048393726349e-03,4.928447306156158447e-01,5.741105675697326660e-01,7.658226788043975830e-02,6.730803102254867554e-02,5.846829339861869812e-02,4.594852030277252197e-02,-1.040932908654212952e-01,-1.115941032767295837e-01,2.694150805473327637e-01,2.979890704154968262e-01,3.827690184116363525e-01,3.721182942390441895e-01,1.028291732072830200e-01,3.968023508787155151e-02,-2.145299911499023438e-01,-2.571114897727966309e-01,-1.794817149639129639e-01,-1.857750266790390015e-01,-1.840801388025283813e-01,-1.529078334569931030e-01,-2.867349088191986084e-01,-3.576521277427673340e-01,5.523325502872467041e-02,1.828514784574508667e-02,-2.335494607686996460e-01,-2.884695231914520264e-01,1.370440516620874405e-02,2.972272038459777832e-02,-3.027688860893249512e-01,-2.403500378131866455e-01,-2.527703940868377686e-01,-2.565952539443969727e-01,-1.725753843784332275e-01,-1.660536527633666992e-01,3.938903510570526123e-01,3.219053149223327637e-01,2.179502397775650024e-01,2.198848426342010498e-01,2.695765495300292969e-01,2.728946506977081299e-01,2.994807660579681396e-01,3.279510736465454102e-01,2.482305169105529785e-01,2.442437559366226196e-01,1.613029837608337402e-01,1.792221665382385254e-01,2.713733613491058350e-01,3.261742293834686279e-01,-3.672191128134727478e-02,7.219050079584121704e-02,-1.292284131050109863e-01,-1.323547363281250000e-01,-1.776348203420639038e-01,-1.347294300794601440e-01,-1.505808830261230469e-01,-1.722003817558288574e-01,-5.934872850775718689e-02,-5.708249658346176147e-02,-1.789725869894027710e-01,-1.699778586626052856e-01,-3.678366169333457947e-02,-8.104984462261199951e-02,-2.140822559595108032e-01,-2.573218345642089844e-01,3.545499593019485474e-02,9.777199476957321167e-03,-5.804747343063354492e-02,-9.648133814334869385e-02,-8.756605535745620728e-02,-1.017945781350135803e-01,-3.428036719560623169e-02,3.023406490683555603e-02,-1.917963922023773193e-01,-2.368137389421463013e-01,-2.683062255382537842e-01,-2.277343869209289551e-01,-1.681003123521804810e-01,-1.561458557844161987e-01,3.184914216399192810e-02,1.102271154522895813e-01,3.484399616718292236e-02,2.041538991034030914e-02,-1.148076876997947693e-01,-8.790633082389831543e-02,-9.498092345893383026e-03,2.396778762340545654e-02,-9.938860684633255005e-02,-2.381666004657745361e-01,-3.001086115837097168e-01,-1.949310004711151123e-01,-1.729796975851058960e-01,-8.968356251716613770e-02,-1.478144824504852295e-01,-1.206313669681549072e-01
4.269221723079681396e-01,5.118831992149353027e-01,5.397577881813049316e-01,6.832282543182373047e-01,-1.249057650566101074e-01,-6.977637112140655518e-02,5.466006994247436523e-01,1.000000000000000000e+00,-8.076153695583343506e-02,3.263111039996147156e-02,1.116616949439048767e-01,5.010631084442138672e-01,1.475528776645660400e-01,4.248219132423400879e-01,-1.124935001134872437e-01,5.001853220164775848e-03,-6.278810650110244751e-02,1.335831880569458008e-01,5.308930277824401855e-01,5.058069825172424316e-01,-1.184995099902153015e-01,-4.346901550889015198e-02,3.793419599533081055e-01,5.504258275032043457e-01,-6.620001792907714844e-02,-5.641615018248558044e-02,-1.351675540208816528e-01,-1.253294199705123901e-01,-1.667608916759490967e-01,-9.788524359464645386e-02,1.949873268604278564e-01,2.136567831039428711e-01,3.571162819862365723e-01,3.620121479034423828e-01,1.045355200767517090e-01,1.874989457428455353e-02,-1.964898407459259033e-01,-2.354542165994644165e-01,-1.911880970001220703e-01,-1.834779679775238037e-01,-2.178637534379959106e-01,-8.671773970127105713e-02,-3.142628371715545654e-01,-2.935717999935150146e-01,7.733038812875747681e-02,5.955923721194267273e-02,-2.985192835330963135e-01,-2.858814895153045654e-01,4.945032671093940735e-02,1.295388638973236084e-01,-2.732200622558593750e-01,-1.500070840120315552e-01,-2.954147160053253174e-01,-2.844049036502838135e-01,-2.262669503688812256e-01,-2.341339290142059326e-01,3.411634266376495361e-01,4.284341037273406982e-01,2.812299430370330811e-01,3.534934222698211670e-01,2.913994789123535156e-01,3.935100138187408447e-01,2.671307921409606934e-01,4.040954411029815674e-01,2.093997299671173096e-01,3.141159713268280029e-01,1.829783022403717041e-01,2.102877646684646606e-01,3.666005730628967285e-01,4.325092732906341553e-01,-7.345996797084808350e-02,4.811441060155630112e-03,-1.998699456453323364e-01,-1.626314967870712280e-01,-2.250883877277374268e-01,-1.567386388778686523e-01,-1.300281435251235962e-01,-1.507160961627960205e-01,-4.399858415126800537e-02,-5.410426482558250427e-02,-1.413911134004592896e-01,-1.232670545578002930e-01,-6.204693391919136047e-02,-8.707442879676818848e-02,-2.504943907260894775e-01,-1.414636820554733276e-01,1.042093336582183838e-02,-1.359495334327220917e-02,-1.651517301797866821e-01,-1.103688403964042664e-01,-1.924306303262710571e-01,-2.173688858747482300e-01,-1.683620959520339966e-01,-1.381264030933380127e-01,-2.468468695878982544e-01,-2.415188550949096680e-01,-2.512204349040985107e-01,-2.710163593292236328e-01,-2.906875610351562500e-01,-2.613489925861358643e-01,-6.842604279518127441e-02,-8.648049086332321167e-02,-7.723245769739151001e-02,-1.402679383754730225e-01,-2.018645554780960083e-01,-2.020792216062545776e-01,-5.643087904900312424e-03,-4.862414672970771790e-02,-1.290118247270584106e-01,-2.450257688760757446e-01,-3.154202103614807129e-01,-3.189345598220825195e-01,-2.938824892044067383e-01,-2.018955796957015991e-01,-2.422009408473968506e-01,-7.124140113592147827e-02
-6.210493296384811401e-02,-2.971394658088684082e-01,8.699629455804824829e-02,-4.187270998954772949e-02,5.829399824142456055e-01,6.042945981025695801e-01,1.054359078407287598e-01,-8.076153695583343506e-02,1.000000000000000000e+00,5.938587784767150879e-01,4.029184877872467041e-01,6.071463972330093384e-02,3.626442551612854004e-01,2.255974113941192627e-01,6.131095290184020996e-01,4.818514585494995117e-01,2.295014262199401855e-01,1.875656843185424805e-02,-1.051705926656723022e-01,-6.846638768911361694e-02,3.444356918334960938e-01,4.143998920917510986e-01,2.863065004348754883e-01,2.222299873828887939e-01,5.488719344139099121e-01,5.933461785316467285e-01,4.261630475521087646e-01,4.748492538928985596e-01,4.190030097961425781e-01,2.844876348972320557e-01,3.748822510242462158e-01,4.013571143150329590e-01,-1.450795680284500122e-01,-1.835276037454605103e-01,-1.290873587131500244e-01,-2.591573074460029602e-02,2.846554517745971680e-01,2.628309726715087891e-01,3.358551263809204102e-01,2.824779450893402100e-01,3.326619565486907959e-01,2.250944972038269043e-01,1.616826206445693970e-01,7.411202043294906616e-02,-2.211511582136154175e-01,-2.099566608667373657e-01,2.663643062114715576e-01,2.078264057636260986e-01,-2.510530352592468262e-01,-3.231131434440612793e-01,1.407852675765752792e-02,-1.647928655147552490e-01,2.157923579216003418e-01,2.167842090129852295e-01,3.729924559593200684e-01,3.769803345203399658e-01,-1.785745024681091309e-01,-3.059400618076324463e-01,-3.423303663730621338e-01,-3.716723024845123291e-01,-2.908374667167663574e-01,-2.955467700958251953e-01,-1.750994175672531128e-01,-2.655079662799835205e-01,-1.837345957756042480e-01,-2.916459143161773682e-01,-3.086469769477844238e-01,-1.831198185682296753e-01,-2.194732129573822021e-01,-1.203301921486854553e-01,3.878332078456878662e-01,3.261116445064544678e-01,3.835260570049285889e-01,3.113597035408020020e-01,3.344991207122802734e-01,2.999263703823089600e-01,2.416678369045257568e-01,2.028809934854507446e-01,1.658114492893218994e-01,1.978663206100463867e-01,2.427836209535598755e-01,1.672026813030242920e-01,3.677084743976593018e-01,3.837487697601318359e-01,3.424563705921173096e-01,1.661747992038726807e-01,3.908193707466125488e-01,4.337011575698852539e-01,5.330089926719665527e-01,3.583390712738037109e-01,3.776418566703796387e-01,3.540018498897552490e-01,3.899274766445159912e-01,4.017245173454284668e-01,2.709284126758575439e-01,2.136839777231216431e-01,2.853220403194427490e-01,3.268844783306121826e-01,3.754363656044006348e-01,3.627699017524719238e-01,3.414135277271270752e-01,3.979887664318084717e-01,3.369899392127990723e-01,3.705327212810516357e-01,3.872675001621246338e-01,3.987754285335540771e-01,1.960680782794952393e-01,2.074934244155883789e-01,1.781346648931503296e-01,2.373501956462860107e-01,2.580742239952087402e-01,3.722623586654663086e-01,2.922787666320800781e-01,3.764604330062866211e-01,3.736665248870849609e-01,9.118186682462692261e-02
-1.072279550135135651e-02,-1.966619640588760376e-01,1.023428067564964294e-01,7.380275428295135498e-02,5.445835590362548828e-01,6.791753768920898438e-01,8.377987891435623169e-02,3.263111039996147156e-02,5.938587784767150879e-01,1.000000000000000000e+00,3.513404726982116699e-01,8.784204721450805664e-02,2.867982387542724609e-01,2.378794550895690918e-01,5.703987479209899902e-01,4.738828241825103760e-01,1.883785277605056763e-01,-2.990118786692619324e-02,1.985901035368442535e-02,4.421103745698928833e-02,2.567106485366821289e-01,3.712157011032104492e-01,2.769040465354919434e-01,2.902781963348388672e-01,4.385536909103393555e-01,4.761972129344940186e-01,3.474626541137695312e-01,5.060199499130249023e-01,3.239406347274780273e-01,1.910331398248672485e-01,2.836439907550811768e-01,3.519716560840606689e-01,-6.440632045269012451e-02,-9.926974773406982422e-02,-1.014785096049308777e-01,1.200777757912874222e-02,2.105292528867721558e-01,1.679308265447616577e-01,2.836075127124786377e-01,2.464348971843719482e-01,2.595093548297882080e-01,1.962856054306030273e-01,9.193386137485504150e-02,1.335856225341558456e-02,-2.154925018548965454e-01,-1.585147827863693237e-01,2.170169204473495483e-01,1.137540638446807861e-01,-2.544873952865600586e-01,-2.843543887138366699e-01,-9.964336454868316650e-02,-2.191264182329177856e-01,1.553574651479721069e-01,1.468832194805145264e-01,3.285219371318817139e-01,3.463332951068878174e-01,-1.108550950884819031e-01,-1.920000016689300537e-01,-2.683266997337341309e-01,-2.583504319190979004e-01,-1.965148746967315674e-01,-1.492439508438110352e-01,-1.331849247217178345e-01,-1.342404931783676147e-01,-1.388231068849563599e-01,-1.833546161651611328e-01,-2.399429082870483398e-01,-8.277174830436706543e-02,-1.669405549764633179e-01,-1.160936546511948109e-03,3.114938139915466309e-01,3.093258738517761230e-01,3.280449509620666504e-01,2.395744174718856812e-01,2.655006349086761475e-01,2.375690788030624390e-01,2.695038914680480957e-01,1.708671152591705322e-01,1.603249907493591309e-01,1.993990540504455566e-01,2.008338719606399536e-01,1.282888501882553101e-01,2.875538468360900879e-01,3.228734433650970459e-01,2.304436117410659790e-01,1.144254803657531738e-01,3.426769375801086426e-01,3.338605463504791260e-01,4.560861289501190186e-01,3.767534494400024414e-01,3.823390901088714600e-01,3.510861992835998535e-01,4.227237105369567871e-01,3.885206580162048340e-01,1.949595361948013306e-01,1.244940236210823059e-01,2.043553292751312256e-01,2.341564744710922241e-01,3.370794653892517090e-01,3.380518555641174316e-01,4.037266373634338379e-01,4.054343998432159424e-01,3.677280247211456299e-01,3.828113973140716553e-01,3.575090169906616211e-01,3.662837147712707520e-01,1.013346314430236816e-01,1.861832886934280396e-01,5.250698328018188477e-02,1.136841475963592529e-01,1.617970913648605347e-01,2.958811521530151367e-01,2.739975750446319580e-01,3.795248568058013916e-01,3.531968891620635986e-01,6.050607934594154358e-02
1.297472715377807617e-01,-1.102049499750137329e-01,2.107683867216110229e-01,6.239187344908714294e-02,3.171050846576690674e-01,3.428075313568115234e-01,3.126959800720214844e-01,1.116616949439048767e-01,4.029184877872467041e-01,3.513404726982116699e-01,1.000000000000000000e+00,3.314736485481262207e-01,5.724052190780639648e-01,4.497719705104827881e-01,3.622852265834808350e-01,2.495473623275756836e-01,4.284355342388153076e-01,2.491027712821960449e-01,4.677533358335494995e-02,9.085018932819366455e-02,1.216475889086723328e-01,2.699539363384246826e-01,3.735233843326568604e-01,3.086984455585479736e-01,2.850320339202880859e-01,3.076874315738677979e-01,1.919086873531341553e-01,2.147340923547744751e-01,3.409148156642913818e-01,2.156762629747390747e-01,4.088612794876098633e-01,4.339151680469512939e-01,1.119257733225822449e-01,5.627029016613960266e-02,5.286343395709991455e-02,1.129384934902191162e-01,1.339761763811111450e-01,1.160363256931304932e-01,1.542974561452865601e-01,7.578283548355102539e-02,9.226633608341217041e-02,7.433321326971054077e-02,6.457342207431793213e-02,-1.530537568032741547e-02,-7.729948312044143677e-02,-4.261925816535949707e-02,1.120584383606910706e-01,5.312278866767883301e-02,-1.162100210785865784e-01,-2.135646641254425049e-01,-7.559442520141601562e-02,-1.672794967889785767e-01,2.976102195680141449e-02,8.733205497264862061e-02,1.640868633985519409e-01,1.707502454519271851e-01,4.171217605471611023e-02,-1.159152537584304810e-01,-1.854953765869140625e-01,-2.362451106309890747e-01,-7.200049608945846558e-02,-1.387386023998260498e-01,2.229643762111663818e-01,-1.700237579643726349e-02,-1.848360290750861168e-03,-1.388071477413177490e-01,-1.347469389438629150e-01,-2.666394785046577454e-02,-8.257292956113815308e-02,6.363749504089355469e-02,3.655415475368499756e-01,3.739237189292907715e-01,2.786278724670410156e-01,2.378825992345809937e-01,1.808593571186065674e-01,1.919219642877578735e-01,2.893950343132019043e-01,2.297583222389221191e-01,3.018049299716949463e-01,2.845686674118041992e-01,2.401951700448989868e-01,1.819623559713363647e-01,1.865101158618927002e-01,1.911652088165283203e-01,1.786154359579086304e-01,5.320186540484428406e-02,2.964597642421722412e-01,2.527219653129577637e-01,3.002469837665557861e-01,1.483884453773498535e-01,2.158743888139724731e-01,2.306598871946334839e-01,2.401115149259567261e-01,2.522212564945220947e-01,1.051953360438346863e-01,3.625356405973434448e-02,9.120613336563110352e-02,1.230682805180549622e-01,1.983378529548645020e-01,2.020257413387298584e-01,2.193543165922164917e-01,2.406065315008163452e-01,2.142532765865325928e-01,2.171109914779663086e-01,1.613030880689620972e-01,1.662797480821609497e-01,5.663065612316131592e-02,6.565760821104049683e-02,-3.259783610701560974e-02,1.036273092031478882e-01,1.102434247732162476e-01,2.048654854297637939e-01,1.597943902015686035e-01,2.002571225166320801e-01,1.925548762083053589e-01,-3.235115855932235718e-02
2.545404136180877686e-01,3.231119513511657715e-01,2.339255511760711670e-01,4.024174213409423828e-01,-9.725745022296905518e-02,-1.120142731815576553e-02,3.742976486682891846e-01,5.010631084442138672e-01,6.071463972330093384e-02,8.784204721450805664e-02,3.314736485481262207e-01,1.000000000000000000e+00,4.118963778018951416e-01,6.102818250656127930e-01,5.270808562636375427e-02,1.904227286577224731e-01,3.219141662120819092e-01,4.526396393775939941e-01,2.873156368732452393e-01,3.712574243545532227e-01,1.817184314131736755e-02,1.031905189156532288e-01,3.017775416374206543e-01,3.317177891731262207e-01,6.873280741274356842e-03,5.301969591528177261e-03,-1.565166860818862915e-01,-1.554152965545654297e-01,1.348415911197662354e-01,1.921339631080627441e-01,3.677685558795928955e-01,3.046755790710449219e-01,2.734144628047943115e-01,2.516969442367553711e-01,8.832738734781742096e-03,3.938032314181327820e-03,1.270158123224973679e-02,1.901204930618405342e-03,1.146620418876409531e-02,-4.844121262431144714e-02,-1.995912007987499237e-02,6.126351282000541687e-02,-2.178245186805725098e-01,-1.438741236925125122e-01,-7.445763330906629562e-03,8.891067467629909515e-03,-2.152388244867324829e-01,-1.462103575468063354e-01,-2.669658744707703590e-03,-7.272601593285799026e-03,-1.296188384294509888e-01,-1.011772826313972473e-01,-2.023895978927612305e-01,-1.425355225801467896e-01,-9.734416753053665161e-02,-1.369985789060592651e-01,1.738398373126983643e-01,2.369814962148666382e-01,1.042637452483177185e-01,1.343612670898437500e-01,1.478162258863449097e-01,1.718948036432266235e-01,2.963329255580902100e-01,2.491231709718704224e-01,4.774446785449981689e-02,7.436525076627731323e-02,5.234357342123985291e-02,1.296078860759735107e-01,2.873229980468750000e-01,3.489179015159606934e-01,2.067901790142059326e-01,1.808350682258605957e-01,5.149319022893905640e-02,3.734489902853965759e-02,-6.965898722410202026e-02,-1.681533455848693848e-02,7.115391641855239868e-02,7.973662763833999634e-02,2.108829468488693237e-01,1.971010416746139526e-01,1.562205404043197632e-01,1.454685628414154053e-01,1.595819741487503052e-01,1.287011504173278809e-01,-2.118981815874576569e-02,6.365079432725906372e-02,1.620821356773376465e-01,1.513729393482208252e-01,-3.574981540441513062e-02,-3.483179956674575806e-02,-1.520327180624008179e-01,-1.640185862779617310e-01,-2.067229300737380981e-01,-1.632270514965057373e-01,-6.684181094169616699e-02,-5.242954939603805542e-02,-6.248579919338226318e-02,-8.459318429231643677e-02,-1.841721832752227783e-01,-1.665387600660324097e-01,-1.288717836141586304e-01,-1.483572572469711304e-01,-1.111072003841400146e-01,-1.786663830280303955e-01,-1.483895331621170044e-01,-1.608432829380035400e-01,5.824300646781921387e-02,-4.797528684139251709e-02,-6.309519708156585693e-02,-1.432858780026435852e-02,-9.161906689405441284e-02,-1.516144126653671265e-01,-2.215924412012100220e-01,-1.782449483871459961e-01,-1.829692423343658447e-01,4.251281730830669403e-03
5.910446494817733765e-02,-9.165808558464050293e-02,1.522649824619293213e-01,1.366768181324005127e-01,1.672127544879913330e-01,2.437437623739242554e-01,3.260188698768615723e-01,1.475528776645660400e-01,3.626442551612854004e-01,2.867982387542724609e-01,5.724052190780639648e-01,4.118963778018951416e-01,1.000000000000000000e+00,5.117659568786621094e-01,3.807808458805084229e-01,3.249047398567199707e-01,3.867397606372833252e-01,2.599698305130004883e-01,-1.130755292251706123e-03,5.003384873270988464e-02,1.506070643663406372e-01,2.561532557010650635e-01,3.522713184356689453e-01,3.097888231277465820e-01,2.804826796054840088e-01,2.886992692947387695e-01,2.751182019710540771e-02,4.231878370046615601e-02,3.909219801425933838e-01,2.837008237838745117e-01,4.936273694038391113e-01,4.881753325462341309e-01,-4.053341969847679138e-02,-8.380837738513946533e-02,-1.316613405942916870e-01,-2.559375204145908356e-02,1.986347585916519165e-01,1.890537291765213013e-01,2.133996933698654175e-01,1.428554803133010864e-01,1.618402749300003052e-01,1.724546849727630615e-01,-7.486833631992340088e-02,-8.861242979764938354e-02,-2.100933641195297241e-01,-2.111139595508575439e-01,-2.505628624930977821e-03,-2.041238173842430115e-02,-2.301382720470428467e-01,-3.096784949302673340e-01,-1.305807083845138550e-01,-2.421055436134338379e-01,-3.717143461108207703e-02,-2.349670417606830597e-02,1.618175208568572998e-01,8.357981592416763306e-02,-8.043210953474044800e-02,-1.576583385467529297e-01,-2.230931073427200317e-01,-2.221275269985198975e-01,-1.629087030887603760e-01,-1.724519431591033936e-01,7.684362679719924927e-02,-1.249828338623046875e-01,-1.421339362859725952e-01,-2.276028245687484741e-01,-2.380102276802062988e-01,-1.101573407649993896e-01,-3.179306909441947937e-02,2.408494986593723297e-02,3.734794557094573975e-01,2.435054481029510498e-01,2.691373229026794434e-01,1.704112887382507324e-01,1.522726714611053467e-01,1.813388764858245850e-01,1.908562481403350830e-01,1.854528784751892090e-01,2.941554486751556396e-01,2.179546207189559937e-01,2.638199031352996826e-01,1.299535036087036133e-01,3.080823719501495361e-01,2.771731615066528320e-01,1.959746927022933960e-01,3.947740048170089722e-02,3.465920388698577881e-01,3.216808140277862549e-01,2.356155961751937866e-01,5.613565072417259216e-02,1.079583093523979187e-01,5.531107261776924133e-02,7.634547352790832520e-02,7.354777306318283081e-02,1.666226238012313843e-01,1.394346505403518677e-01,1.308469772338867188e-01,1.334043890237808228e-01,8.912214636802673340e-02,8.176943659782409668e-02,1.308148503303527832e-01,1.137276291847229004e-01,1.516523361206054688e-01,1.011312752962112427e-01,1.498252600431442261e-01,1.271358430385589600e-01,1.381702721118927002e-01,1.665500104427337646e-01,-1.107428409159183502e-02,1.866132169961929321e-01,1.308123171329498291e-01,1.314566135406494141e-01,1.591759850271046162e-03,9.633689373731613159e-02,1.165032833814620972e-01,4.641769919544458389e-03
