1.000000000000000000e+00,4.446989297866821289e-01,-7.116858847439289093e-03,1.374695301055908203e-01,-3.783368766307830811e-01,-3.690257668495178223e-01,2.112696468830108643e-01,-9.562289714813232422e-02,-3.454174697399139404e-01,-3.140391707420349121e-01,3.732017800211906433e-02,-1.357664316892623901e-01,-2.069210261106491089e-01,-2.951718866825103760e-01,-2.277763038873672485e-01,-3.778936862945556641e-01,3.622818291187286377e-01,-1.656814813613891602e-01,4.786409437656402588e-01,5.469087362289428711e-01,-3.342938423156738281e-01,-3.518532812595367432e-01,-4.129740297794342041e-01,-1.747292429208755493e-01,-2.850345671176910400e-01,-2.864422500133514404e-01,-1.992230564355850220e-01,-2.061590254306793213e-01,-5.569211393594741821e-02,-2.744610607624053955e-01,-3.821703195571899414e-01,-4.084508717060089111e-01,5.196509957313537598e-01,4.319944083690643311e-01,7.706944644451141357e-02,-1.794099509716033936e-01,3.418372198939323425e-02,-1.198210045695304871e-01,-9.026826173067092896e-02,-1.923703700304031372e-01,-5.783095955848693848e-02,-1.794898808002471924e-01,-1.218115016818046570e-01,-3.314809128642082214e-02,-1.715618520975112915e-01,-2.004753500223159790e-01,-3.626792132854461670e-02,-7.321764528751373291e-02,-2.882963120937347412e-01,-3.253136277198791504e-01,-1.570360660552978516e-01,-2.178422212600708008e-01,-5.403616651892662048e-02,-4.580936953425407410e-02,2.719177864491939545e-02,-1.400910317897796631e-01,6.637116074562072754e-01,1.502617746591567993e-01,6.240240484476089478e-02,-7.390914112329483032e-02,4.054499566555023193e-01,5.629623308777809143e-02,5.332166552543640137e-01,1.051530689001083374e-01,1.840785294771194458e-01,-6.429682672023773193e-02,1.879000514745712280e-01,9.145577251911163330e-02,3.921426236629486084e-01,2.645255327224731445e-01,-1.965749859809875488e-01,-2.531128823757171631e-01,-1.391243338584899902e-01,-1.788165271282196045e-01,-1.620814353227615356e-01,-1.939619779586791992e-01,1.947676390409469604e-01,3.800258785486221313e-02,3.860568404197692871e-01,-1.304862201213836670e-01,4.901092946529388428e-01,-1.528924703598022461e-01,-1.336104124784469604e-01,-2.337297648191452026e-01,2.992191612720489502e-01,-1.892120242118835449e-01,-2.170367985963821411e-01,-3.001555204391479492e-01,6.339043378829956055e-02,-2.964203953742980957e-01,3.822036460041999817e-02,1.179169677197933197e-02,6.260293722152709961e-02,-1.213384885340929031e-02,-6.537418067455291748e-02,-8.363800495862960815e-02,-7.364837080240249634e-02,-7.533891499042510986e-02,-3.719910606741905212e-02,1.980913057923316956e-02,1.775960624217987061e-01,4.016527161002159119e-02,-2.672417461872100830e-02,-5.667532980442047119e-02,1.254982203245162964e-01,-8.061440661549568176e-03,4.906595125794410706e-02,-2.635993361473083496e-01,-1.876285970211029053e-01,-3.014525473117828369e-01,-1.772231757640838623e-01,-5.377239733934402466e-02,-5.793134868144989014e-02,-2.371000126004219055e-02,-1.190294884145259857e-02,3.167331963777542114e-02
4.446989297866821289e-01,1.000000000000000000e+00,-1.363905072212219238e-01,2.648878395557403564e-01,-2.406253963708877563e-01,-1.870845407247543335e-01,-9.778536856174468994e-03,6.493150442838668823e-02,-2.538078725337982178e-01,-4.342229571193456650e-03,-5.990213900804519653e-02,1.286036074161529541e-01,-2.645759880542755127e-01,6.231909990310668945e-02,-1.952130496501922607e-01,-4.187003150582313538e-02,2.701062560081481934e-01,3.134602010250091553e-01,2.737328708171844482e-01,4.100242853164672852e-01,-1.821110993623733521e-01,-1.445985883474349976e-01,-3.131039738655090332e-01,-6.934039294719696045e-02,-2.739331722259521484e-01,-2.199572175741195679e-01,-2.119933515787124634e-01,-1.362194418907165527e-01,-5.919484794139862061e-02,9.095264226198196411e-02,-3.071370124816894531e-01,-2.609904408454895020e-01,5.136038661003112793e-01,5.159754753112792969e-01,2.442514300346374512e-01,1.315451860427856445e-01,9.059958159923553467e-02,1.652477979660034180e-01,3.129271790385246277e-02,-5.630174279212951660e-02,-1.137403771281242371e-01,-5.007194355130195618e-02,4.572761058807373047e-02,1.917155385017395020e-01,-6.677572429180145264e-02,1.058913394808769226e-02,1.466015726327896118e-01,1.893903315067291260e-01,-2.139956057071685791e-01,-6.994300335645675659e-02,-1.776148378849029541e-02,1.800928115844726562e-01,8.878401666879653931e-02,1.892245560884475708e-01,9.713584184646606445e-02,1.436119079589843750e-01,5.519896149635314941e-01,6.391818523406982422e-01,8.379268646240234375e-02,2.049776017665863037e-01,3.688109815120697021e-01,4.212228655815124512e-01,3.912976384162902832e-01,4.342539310455322266e-01,1.332818865776062012e-01,2.866538166999816895e-01,2.760101258754730225e-01,2.978953123092651367e-01,5.041553974151611328e-01,4.903429150581359863e-01,-1.428931653499603271e-01,-1.512649804353713989e-01,-8.543760329484939575e-02,3.274199366569519043e-02,-8.185958117246627808e-02,1.094477102160453796e-01,3.070212006568908691e-01,3.013236224651336670e-01,2.895571887493133545e-01,2.290081083774566650e-01,3.670851588249206543e-01,2.795484960079193115e-01,-1.843996196985244751e-01,-2.148577757179737091e-02,2.348565906286239624e-01,2.512430250644683838e-01,-2.913698852062225342e-01,-8.869351446628570557e-02,1.178637053817510605e-02,1.074616834521293640e-01,1.393110603094100952e-01,2.321735918521881104e-01,1.557758897542953491e-01,1.735740303993225098e-01,3.110067546367645264e-02,1.180186495184898376e-01,6.316481530666351318e-02,1.510660797357559204e-01,1.055233553051948547e-01,2.353967726230621338e-01,2.115884572267532349e-01,1.283868104219436646e-01,-3.291741758584976196e-02,8.439732715487480164e-03,1.124196574091911316e-01,4.498092085123062134e-02,-1.900430023670196533e-02,-1.087576746940612793e-01,-6.926681101322174072e-02,-1.637594997882843018e-01,8.598628337495028973e-04,8.628647774457931519e-02,3.665909916162490845e-02,5.157949775457382202e-02,6.454623490571975708e-02,8.036506175994873047e-02
-7.116858847439289093e-03,-1.363905072212219238e-01,1.000000000000000000e+00,5.244621038436889648e-01,1.878662556409835815e-01,9.434314072132110596e-02,5.330153703689575195e-01,2.736291885375976562e-01,2.629941403865814209e-01,5.680587142705917358e-02,3.086607754230499268e-01,1.661455333232879639e-01,3.439898490905761719e-01,1.537313461303710938e-01,2.629419267177581787e-01,3.163189068436622620e-02,-4.603519290685653687e-02,6.651474535465240479e-02,7.532841712236404419e-02,3.809345141053199768e-02,1.108696386218070984e-01,9.522402286529541016e-02,4.894080460071563721e-01,5.324435830116271973e-01,1.935968995094299316e-01,1.499787420034408569e-01,1.650022417306900024e-01,1.349351108074188232e-01,2.977837920188903809e-01,1.097264960408210754e-01,2.957243919372558594e-01,3.288967907428741455e-01,-2.099347487092018127e-02,1.123762875795364380e-01,-1.572946608066558838e-01,-1.242408007383346558e-01,5.833826586604118347e-02,1.094329506158828735e-01,6.134223937988281250e-02,-3.270537033677101135e-02,2.070641666650772095e-01,2.007988691329956055e-01,-1.574570834636688232e-01,-1.773845106363296509e-01,-1.749032288789749146e-01,-1.245721280574798584e-01,-1.735155284404754639e-01,-1.683515012264251709e-01,-2.026489228010177612e-01,-1.181662082672119141e-01,-2.348380237817764282e-01,-1.393720507621765137e-01,-1.438952386379241943e-01,-1.652229726314544678e-01,4.090116359293460846e-03,5.217161495238542557e-03,-2.087762802839279175e-01,-1.483642905950546265e-01,-2.467633634805679321e-01,-1.379832029342651367e-01,-2.061909437179565430e-01,-1.092152297496795654e-01,-4.056166484951972961e-02,-1.467575132846832275e-01,-2.073692232370376587e-01,-1.302631497383117676e-01,-1.762519329786300659e-01,-1.575677394866943359e-01,-2.523718476295471191e-01,-1.892989277839660645e-01,1.635298728942871094e-01,1.299559026956558228e-01,1.923573613166809082e-01,1.959564685821533203e-01,6.780296564102172852e-02,1.252063959836959839e-01,4.000855609774589539e-02,5.935427173972129822e-02,-1.209031045436859131e-02,3.096419014036655426e-02,-5.641807988286018372e-02,3.999381884932518005e-02,-1.552828252315521240e-01,-4.051418229937553406e-02,-1.832083165645599365e-01,-2.222585305571556091e-02,-9.419708698987960815e-02,-2.539418870583176613e-03,1.716729439795017242e-02,1.468805782496929169e-02,-7.015897333621978760e-02,-2.180986553430557251e-01,-1.159476563334465027e-01,-2.507081329822540283e-01,-2.700578188523650169e-03,6.434509158134460449e-02,-7.425680756568908691e-02,-8.808982372283935547e-02,-1.157678812742233276e-01,-1.907082498073577881e-01,-4.981674998998641968e-02,-1.858219951391220093e-01,-9.850871562957763672e-02,-1.149076968431472778e-01,-6.826878339052200317e-02,2.239228785037994385e-02,-9.316135942935943604e-02,-1.028147935867309570e-01,-2.300378680229187012e-02,-7.906365394592285156e-02,-1.155063137412071228e-01,-1.587153673171997070e-01,-2.232433557510375977e-01,-1.598110198974609375e-01,-3.621267899870872498e-02,7.278067618608474731e-02
1.374695301055908203e-01,2.648878395557403564e-01,5.244621038436889648e-01,1.000000000000000000e+00,8.281043171882629395e-02,8.972677588462829590e-02,5.686941146850585938e-01,5.816108584403991699e-01,1.284935474395751953e-01,6.379745155572891235e-02,3.342504799365997314e-01,4.204143285751342773e-01,2.632174193859100342e-01,4.135858714580535889e-01,1.321801990270614624e-01,-9.617915377020835876e-03,1.007478237152099609e-01,3.125034868717193604e-01,-2.227163128554821014e-02,1.063956096768379211e-01,4.958028346300125122e-02,5.548469349741935730e-02,2.491746395826339722e-01,6.397729516029357910e-01,1.443969607353210449e-01,1.757704913616180420e-01,1.318201273679733276e-01,1.058143451809883118e-01,2.957982122898101807e-01,3.300498425960540771e-01,2.622757554054260254e-01,3.698800802230834961e-01,9.492567926645278931e-02,2.461993098258972168e-01,-5.781861767172813416e-02,-6.022430956363677979e-02,7.328855246305465698e-02,1.384374052286148071e-01,2.104274556040763855e-02,2.088048309087753296e-02,1.616833060979843140e-01,1.906738579273223877e-01,-1.760435253381729126e-01,-1.410914361476898193e-01,-2.030475884675979614e-01,-1.553065776824951172e-01,-1.731676757335662842e-01,-1.532374173402786255e-01,-2.522638440132141113e-01,-1.539947986602783203e-01,-2.335698753595352173e-01,-9.923863410949707031e-02,-1.634392887353897095e-01,-1.353856623172760010e-01,-5.120497196912765503e-02,3.867908194661140442e-02,-5.790838622488081455e-04,8.819841593503952026e-02,-2.621812224388122559e-01,-1.100812181830406189e-01,-1.243646144866943359e-01,7.337464950978755951e-03,4.232358187437057495e-02,-2.458637207746505737e-02,-1.912730187177658081e-01,-7.044899463653564453e-02,-1.562947034835815430e-01,-9.584840387105941772e-02,-1.255932450294494629e-01,-3.471106663346290588e-02,1.675181835889816284e-01,1.554749310016632080e-01,1.902365386486053467e-01,2.861398458480834961e-01,1.190189793705940247e-01,1.788650006055831909e-01,1.118667647242546082e-01,1.567185521125793457e-01,5.990054830908775330e-02,1.624783575534820557e-01,6.152651831507682800e-02,2.062494456768035889e-01,-2.217660695314407349e-01,1.735858470201492310e-01,-8.350868523120880127e-02,1.055451929569244385e-01,-6.655043363571166992e-02,9.033776074647903442e-02,-5.374220386147499084e-02,7.844041287899017334e-02,-1.558522433042526245e-01,-1.783524006605148315e-01,-1.737214028835296631e-01,-1.849442273378372192e-01,-1.317476294934749603e-02,3.626322746276855469e-02,-8.033214509487152100e-02,-7.363381981849670410e-02,-1.766604483127593994e-01,-1.339249610900878906e-01,-1.136907041072845459e-01,-1.082287952303886414e-01,-1.304832994937896729e-01,-1.234303489327430725e-01,-1.005491688847541809e-01,-3.246117383241653442e-02,-6.819280982017517090e-02,-1.188838854432106018e-01,-7.538069039583206177e-02,-1.768550574779510498e-01,-1.498482674360275269e-01,-1.177398785948753357e-01,-1.843852996826171875e-01,-1.694650053977966309e-01,-1.026700809597969055e-01,-2.410433255136013031e-02
-3.783368766307830811e-01,-2.406253963708877563e-01,1.878662556409835815e-01,8.281043171882629395e-02,1.000000000000000000e+00,7.447998523712158203e-01,-4.470910876989364624e-02,2.113633751869201660e-01,7.812234759330749512e-01,5.300062298774719238e-01,1.420943737030029297e-01,1.241075322031974792e-01,3.506891131401062012e-01,2.813711762428283691e-01,6.149930953979492188e-01,5.214619040489196777e-01,-1.919041574001312256e-01,7.105387747287750244e-02,-2.135680615901947021e-01,-2.903269529342651367e-01,3.847541511058807373e-01,3.273259997367858887e-01,5.206373333930969238e-01,2.136110216379165649e-01,7.389990687370300293e-01,7.317373752593994141e-01,6.941916346549987793e-01,6.468759775161743164e-01,2.950936555862426758e-01,2.307592928409576416e-01,5.486125349998474121e-01,4.775345027446746826e-01,-2.164704501628875732e-01,-2.127637267112731934e-01,1.300781220197677612e-01,3.197981715202331543e-01,5.099098756909370422e-02,1.310966908931732178e-01,1.503209173679351807e-01,9.635851532220840454e-02,2.199321985244750977e-01,2.700039148330688477e-01,1.120826378464698792e-01,5.349070951342582703e-02,2.140515595674514771e-01,2.002776563167572021e-01,5.712851509451866150e-02,8.418691158294677734e-02,2.474103122949600220e-01,2.990420758724212646e-01,5.249077826738357544e-02,1.115748062729835510e-01,7.967409677803516388e-03,1.037245616316795349e-02,1.073391288518905640e-01,1.348461508750915527e-01,-3.811545968055725098e-01,-1.006711870431900024e-01,-6.284516304731369019e-02,1.318407356739044189e-01,-2.131553292274475098e-01,-4.242439940571784973e-02,-1.154686659574508667e-01,7.735139131546020508e-02,-2.031567692756652832e-01,-2.246394520625472069e-03,-3.197168465703725815e-03,4.938533902168273926e-02,-2.198225557804107666e-01,-1.333353966474533081e-01,2.529178559780120850e-01,3.129690885543823242e-01,2.548192441463470459e-01,2.279781997203826904e-01,2.325086444616317749e-01,7.797842472791671753e-02,-2.836499735713005066e-02,7.154333591461181641e-02,-2.014448940753936768e-01,1.073610410094261169e-01,-2.222963124513626099e-01,5.434017255902290344e-02,2.530970238149166107e-02,1.793326586484909058e-01,-1.508582532405853271e-01,1.226515620946884155e-01,2.117133587598800659e-01,4.435612559318542480e-01,1.411183625459671021e-01,1.784541755914688110e-01,6.121494621038436890e-02,-7.684076577425003052e-02,2.750712446868419647e-02,-1.328566521406173706e-01,5.158075690269470215e-02,1.010176911950111389e-01,4.815777018666267395e-02,7.369393948465585709e-03,8.165606856346130371e-02,-4.800238460302352905e-02,-1.097741201519966125e-01,-2.045230418443679810e-01,-5.291844904422760010e-02,-1.174257621169090271e-01,-8.221709728240966797e-02,-1.250734552741050720e-02,-4.960615932941436768e-02,3.285514935851097107e-02,9.916860610246658325e-02,1.642452180385589600e-01,1.125406399369239807e-01,1.543103903532028198e-01,8.547923713922500610e-02,2.326387679204344749e-03,4.685059934854507446e-02,3.056757897138595581e-02
-3.690257668495178223e-01,-1.870845407247543335e-01,9.434314072132110596e-02,8.972677588462829590e-02,7.447998523712158203e-01,1.000000000000000000e+00,-4.229589179158210754e-02,2.964387834072113037e-01,6.568320393562316895e-01,5.687127709388732910e-01,1.910026371479034424e-01,2.134961783885955811e-01,2.881442904472351074e-01,3.549101650714874268e-01,5.268852710723876953e-01,5.237296819686889648e-01,-1.318821907043457031e-01,1.746622622013092041e-01,-2.389594316482543945e-01,-2.664192914962768555e-01,3.521155714988708496e-01,3.357242047786712646e-01,4.249195158481597900e-01,1.833851635456085205e-01,6.750119924545288086e-01,6.558693051338195801e-01,6.722425818443298340e-01,6.773294210433959961e-01,3.324622213840484619e-01,3.035021722316741943e-01,5.109754204750061035e-01,4.704557657241821289e-01,-1.944482177495956421e-01,-1.728690713644027710e-01,3.919337689876556396e-02,2.333043664693832397e-01,1.218567639589309692e-01,1.996456086635589600e-01,2.149608582258224487e-01,1.667047888040542603e-01,2.856015861034393311e-01,3.395139276981353760e-01,8.458902686834335327e-02,2.441548183560371399e-02,1.908063292503356934e-01,1.703097224235534668e-01,1.845190301537513733e-02,4.743089154362678528e-02,2.139733582735061646e-01,2.446863502264022827e-01,5.447971820831298828e-02,9.108499437570571899e-02,2.830153563991189003e-03,-1.058081258088350296e-02,1.212769076228141785e-01,1.898183673620223999e-01,-3.691276013851165771e-01,-6.452170014381408691e-02,-5.262300744652748108e-02,1.186533793807029724e-01,-2.183103710412979126e-01,-3.999766707420349121e-02,-1.730089485645294189e-01,2.090398408472537994e-02,-1.714779734611511230e-01,-1.465920917689800262e-02,-1.012647245079278946e-02,4.585856199264526367e-02,-1.871651113033294678e-01,-7.547549903392791748e-02,2.721982598304748535e-01,3.495554625988006592e-01,3.057588934898376465e-01,3.151504397392272949e-01,3.006337583065032959e-01,1.945498436689376831e-01,4.491528868675231934e-02,1.705609112977981567e-01,-1.312012821435928345e-01,2.010875791311264038e-01,-2.147332578897476196e-01,1.542493402957916260e-01,-2.134368009865283966e-02,1.878319084644317627e-01,-1.081231310963630676e-01,1.476063728332519531e-01,2.231671512126922607e-01,4.466376900672912598e-01,1.590521186590194702e-01,2.083691954612731934e-01,2.987123280763626099e-02,-7.904725521802902222e-02,-3.185378853231668472e-03,-1.449666917324066162e-01,1.024361774325370789e-01,1.399346590042114258e-01,9.162662923336029053e-02,8.414036780595779419e-02,8.204842358827590942e-02,-4.895065352320671082e-02,-8.168739080429077148e-02,-1.888870149850845337e-01,-1.287820376455783844e-02,-9.854538738727569580e-02,-2.985724247992038727e-02,1.602690108120441437e-02,-1.028322800993919373e-02,1.956740207970142365e-02,1.384669840335845947e-01,1.960359066724777222e-01,1.033333539962768555e-01,1.069014966487884521e-01,5.094819888472557068e-02,7.858905941247940063e-02,1.011294499039649963e-01,7.553471717983484268e-03
2.112696468830108643e-01,-9.778536856174468994e-03,5.330153703689575195e-01,5.686941146850585938e-01,-4.470910876989364624e-02,-4.229589179158210754e-02,1.000000000000000000e+00,4.002181291580200195e-01,2.500738948583602905e-02,-1.817437261343002319e-01,5.438657999038696289e-01,3.482497930526733398e-01,3.934566974639892578e-01,2.320658564567565918e-01,1.350855976343154907e-01,-2.788877487182617188e-01,2.780193388462066650e-01,1.514507383108139038e-01,-1.538243442773818970e-01,1.760113611817359924e-02,6.150636356323957443e-03,-7.602157443761825562e-02,1.167081445455551147e-01,5.943989157676696777e-01,9.469684213399887085e-02,1.024175733327865601e-01,9.121133387088775635e-02,3.068178519606590271e-02,3.761192858219146729e-01,1.864688247442245483e-01,2.224397808313369751e-01,2.719486355781555176e-01,-5.678452551364898682e-02,8.352677524089813232e-02,-2.301477193832397461e-01,-2.535206675529479980e-01,1.683545559644699097e-01,2.427042089402675629e-02,6.367535889148712158e-02,-2.225679904222488403e-02,2.909116744995117188e-01,1.545016467571258545e-01,-3.250465393066406250e-01,-3.378792703151702881e-01,-2.601701617240905762e-01,-2.864468097686767578e-01,-3.380886912345886230e-01,-3.334720730781555176e-01,-2.977735996246337891e-01,-3.074727654457092285e-01,-3.322205245494842529e-01,-3.271301686763763428e-01,-3.316590785980224609e-01,-2.996751666069030762e-01,-1.846828125417232513e-02,-9.439149498939514160e-02,-2.987454459071159363e-02,-2.528483867645263672e-01,-3.078989088535308838e-01,-3.387369513511657715e-01,-2.441764175891876221e-01,-2.898449003696441650e-01,-8.911214768886566162e-02,-3.148991763591766357e-01,-2.113077193498611450e-01,-3.409369289875030518e-01,-3.441659808158874512e-01,-3.284145295619964600e-01,-3.460582792758941650e-01,-2.378605753183364868e-01,2.046642303466796875e-01,1.365854144096374512e-01,2.256644666194915771e-01,2.009769976139068604e-01,1.787088662385940552e-01,6.550927460193634033e-02,5.672046914696693420e-02,2.614805474877357483e-02,1.065683662891387939e-01,3.366458229720592499e-03,1.256981194019317627e-01,6.033843383193016052e-02,-4.916803166270256042e-02,1.699791848659515381e-01,-4.181227646768093109e-03,-6.705925613641738892e-02,6.043313071131706238e-02,-2.813852950930595398e-02,7.237237691879272461e-02,-2.463434450328350067e-02,-3.028764724731445312e-01,-2.702900171279907227e-01,-3.089043796062469482e-01,-2.056015729904174805e-01,-8.832901949062943459e-04,-4.756103828549385071e-02,-7.088200747966766357e-02,-1.514450758695602417e-01,-2.255067229270935059e-01,-2.593620121479034424e-01,-1.800193488597869873e-01,-7.825848460197448730e-02,-1.463537365198135376e-01,-1.123141869902610779e-01,-1.131802499294281006e-01,-2.966930903494358063e-02,3.575769066810607910e-02,-1.551574468612670898e-01,-8.181075006723403931e-02,-1.292583942413330078e-01,-1.378209739923477173e-01,-1.912232935428619385e-01,-2.189524620771408081e-01,-1.725127100944519043e-01,-1.320105791091918945e-01,-4.349407181143760681e-02
-9.562289714813232422e-02,6.493150442838668823e-02,2.736291885375976562e-01,5.816108584403991699e-01,2.113633751869201660e-01,2.964387834072113037e-01,4.002181291580200195e-01,1.000000000000000000e+00,2.470212131738662720e-01,2.161798477172851562e-01,4.377312362194061279e-01,5.941891670227050781e-01,4.452779293060302734e-01,6.443949341773986816e-01,1.432339698076248169e-01,1.595288366079330444e-01,1.180375516414642334e-01,3.985343575477600098e-01,-2.936647236347198486e-01,-2.675039768218994141e-01,1.995921730995178223e-01,2.418731749057769775e-01,3.631090223789215088e-01,5.066308379173278809e-01,3.105398118495941162e-01,3.732115924358367920e-01,2.538993954658508301e-01,2.090035825967788696e-01,4.283278286457061768e-01,5.357584953308105469e-01,5.145744085311889648e-01,5.970897078514099121e-01,-1.707110852003097534e-01,-4.799666628241539001e-02,-1.342285275459289551e-01,4.007846489548683167e-02,2.005002051591873169e-01,2.068910449743270874e-01,1.390261501073837280e-01,1.192809045314788818e-01,2.758835256099700928e-01,3.025184571743011475e-01,-2.281779348850250244e-01,-2.407632768154144287e-01,-2.158562093973159790e-01,-1.889611333608627319e-01,-2.165066897869110107e-01,-2.015756815671920776e-01,-1.388906836509704590e-01,-1.052459701895713806e-01,-2.056130170822143555e-01,-1.316998749971389771e-01,-2.017105519771575928e-01,-2.358620017766952515e-01,-1.962757483124732971e-02,5.564543604850769043e-02,-2.533058226108551025e-01,-6.871693581342697144e-02,-3.771946430206298828e-01,-2.082429528236389160e-01,-3.367627859115600586e-01,-9.074367582798004150e-02,-2.076007872819900513e-01,-1.781197041273117065e-01,-3.506899476051330566e-01,-1.862459182739257812e-01,-3.087469041347503662e-01,-2.139074951410293579e-01,-3.489095270633697510e-01,-1.897071897983551025e-01,3.523457944393157959e-01,3.856898844242095947e-01,3.991418778896331787e-01,4.189458787441253662e-01,3.854582905769348145e-01,2.471316009759902954e-01,1.050547957420349121e-01,1.987559348344802856e-01,-2.270306088030338287e-02,2.607303559780120850e-01,-1.038083210587501526e-01,2.098793685436248779e-01,-1.476643383502960205e-01,3.621379137039184570e-01,-1.339636892080307007e-01,6.262527406215667725e-02,1.805834174156188965e-01,2.413668185472488403e-01,-1.909226179122924805e-02,1.330588012933731079e-01,-2.034218311309814453e-01,-2.573006451129913330e-01,-2.342115640640258789e-01,-2.492695450782775879e-01,8.215977996587753296e-02,8.243767917156219482e-02,2.490969747304916382e-02,-2.688864246010780334e-03,-1.356106102466583252e-01,-1.677034795284271240e-01,-1.842194795608520508e-01,-1.615478545427322388e-01,-5.191589146852493286e-02,-1.037450581789016724e-01,-1.590394824743270874e-01,-5.494165420532226562e-02,4.505014978349208832e-03,5.452757613966241479e-05,3.383958712220191956e-02,9.896708279848098755e-02,-6.561596691608428955e-02,-1.283670216798782349e-01,-1.397818177938461304e-01,-1.007440015673637390e-01,-1.015483215451240540e-01,-4.046758264303207397e-02
-3.454174697399139404e-01,-2.538078725337982178e-01,2.629941403865814209e-01,1.284935474395751953e-01,7.812234759330749512e-01,6.568320393562316895e-01,2.500738948583602905e-02,2.470212131738662720e-01,1.000000000000000000e+00,5.117743015289306641e-01,1.399535685777664185e-01,9.473502635955810547e-02,3.978524208068847656e-01,2.610683739185333252e-01,6.724304556846618652e-01,5.158413648605346680e-01,-1.677662730216979980e-01,4.713730886578559875e-02,-1.673062592744827271e-01,-2.715335190296173096e-01,3.816458284854888916e-01,3.077054321765899658e-01,5.631564855575561523e-01,2.617362737655639648e-01,6.723047494888305664e-01,7.080746293067932129e-01,6.104579567909240723e-01,4.955742657184600830e-01,3.032229840755462646e-01,1.994366347789764404e-01,6.056571602821350098e-01,5.240283608436584473e-01,-2.251450717449188232e-01,-2.125622481107711792e-01,1.031390801072120667e-01,2.940618097782135010e-01,8.702608197927474976e-02,1.463183611631393433e-01,1.978896707296371460e-01,1.368981897830963135e-01,2.644057869911193848e-01,2.551167607307434082e-01,6.632754206657409668e-02,-8.216546848416328430e-03,1.645738184452056885e-01,1.609785407781600952e-01,-2.882795641198754311e-03,2.360340207815170288e-02,1.947829276323318481e-01,2.692152559757232666e-01,-3.603395016398280859e-04,8.753193169832229614e-02,-5.126300454139709473e-02,-4.614895582199096680e-02,9.937974065542221069e-02,1.218739151954650879e-01,-3.741887807846069336e-01,-1.118977218866348267e-01,-9.970102459192276001e-02,1.113445162773132324e-01,-2.384808510541915894e-01,-5.173977836966514587e-02,-1.215669065713882446e-01,5.730351060628890991e-02,-2.371156811714172363e-01,-8.870630525052547455e-03,-4.752650856971740723e-02,3.017999930307269096e-03,-2.513706982135772705e-01,-1.718524396419525146e-01,2.866242825984954834e-01,2.846398651599884033e-01,2.558197677135467529e-01,2.148689776659011841e-01,2.686402201652526855e-01,1.004382967948913574e-01,2.158932201564311981e-02,9.449528157711029053e-02,-1.786088198423385620e-01,8.002059161663055420e-02,-2.065073251724243164e-01,9.480087086558341980e-03,1.971749030053615570e-02,1.817090809345245361e-01,-1.653582453727722168e-01,8.306336402893066406e-02,1.789185106754302979e-01,4.033144712448120117e-01,1.591373085975646973e-01,1.502986103296279907e-01,2.681163698434829712e-02,-1.232548207044601440e-01,2.418033080175518990e-03,-1.754408478736877441e-01,3.939510136842727661e-02,9.774995595216751099e-02,4.803884029388427734e-02,-3.781460458412766457e-03,3.440062701702117920e-02,-8.154791593551635742e-02,-8.221779018640518188e-02,-2.058867812156677246e-01,-3.689749911427497864e-02,-9.049499034881591797e-02,-9.961601346731185913e-02,7.614160422235727310e-03,-1.345464494079351425e-02,8.077465742826461792e-02,8.904954046010971069e-02,1.575444340705871582e-01,3.303079307079315186e-02,9.040559083223342896e-02,5.340711772441864014e-02,-1.986346393823623657e-02,1.171836350113153458e-02,2.624340727925300598e-02
-3.140391707420349121e-01,-4.342229571193456650e-03,5.680587142705917358e-02,6.379745155572891235e-02,5.300062298774719238e-01,5.687127709388732910e-01,-1.817437261343002319e-01,2.161798477172851562e-01,5.117743015289306641e-01,1.000000000000000000e+00,4.600167647004127502e-02,1.480408310890197754e-01,1.124220937490463257e-01,3.269047439098358154e-01,3.695827722549438477e-01,6.919865608215332031e-01,-1.649071425199508667e-01,1.893790215253829956e-01,-1.615625172853469849e-01,-2.496187686920166016e-01,3.283903300762176514e-01,3.714890778064727783e-01,3.677793741226196289e-01,2.798880077898502350e-02,3.471011221408843994e-01,3.661376833915710449e-01,2.825812399387359619e-01,3.171642720699310303e-01,2.280956059694290161e-01,3.170986175537109375e-01,2.893882095813751221e-01,2.717621028423309326e-01,-1.239947378635406494e-01,-9.913241863250732422e-02,1.599406450986862183e-01,3.106588721275329590e-01,1.386964768171310425e-01,2.907890677452087402e-01,2.192912399768829346e-01,1.407555043697357178e-01,2.412675619125366211e-01,3.586363792419433594e-01,1.930817216634750366e-01,1.750188767910003662e-01,1.393194049596786499e-01,1.775916665792465210e-01,2.161156386137008667e-01,2.082623094320297241e-01,1.300375461578369141e-01,2.243610024452209473e-01,1.405833810567855835e-01,2.323741614818572998e-01,2.008924037218093872e-01,1.142467632889747620e-01,2.450172156095504761e-01,2.613738775253295898e-01,-2.144298404455184937e-01,2.020094990730285645e-01,-3.200082108378410339e-02,2.131975442171096802e-01,-3.590332716703414917e-02,2.106488049030303955e-01,-5.067959800362586975e-02,1.894308030605316162e-01,-6.901175528764724731e-02,2.225870788097381592e-01,9.518446028232574463e-02,1.746046394109725952e-01,7.796784862875938416e-03,7.698122411966323853e-02,2.573703229427337646e-01,3.082817494869232178e-01,2.870784699916839600e-01,3.117052614688873291e-01,2.181830704212188721e-01,1.898949295282363892e-01,9.143094718456268311e-02,2.250198423862457275e-01,-1.533960551023483276e-01,2.647130787372589111e-01,-1.471055299043655396e-01,2.211504280567169189e-01,-1.046439260244369507e-01,1.080520227551460266e-01,-2.341822534799575806e-02,2.466610819101333618e-01,1.896119415760040283e-01,4.650234282016754150e-01,1.799623817205429077e-01,2.545636892318725586e-01,2.651855051517486572e-01,7.961633801460266113e-02,2.558296918869018555e-01,2.228062599897384644e-02,1.195215359330177307e-01,2.083553671836853027e-01,1.995001286268234253e-01,1.959271878004074097e-01,2.665573358535766602e-01,9.648808091878890991e-02,1.492020636796951294e-01,-1.351258903741836548e-01,1.332865506410598755e-01,-4.754918161779642105e-03,9.711839258670806885e-02,9.431527554988861084e-02,6.459348648786544800e-02,1.003684774041175842e-01,9.888797998428344727e-02,1.817438751459121704e-01,1.990800499916076660e-01,2.430928647518157959e-01,1.859878748655319214e-01,1.540689170360565186e-01,2.160272598266601562e-01,1.139998137950897217e-01
3.732017800211906433e-02,-5.990213900804519653e-02,3.086607754230499268e-01,3.342504799365997314e-01,1.420943737030029297e-01,1.910026371479034424e-01,5.438657999038696289e-01,4.377312362194061279e-01,1.399535685777664185e-01,4.600167647004127502e-02,1.000000000000000000e+00,5.395442843437194824e-01,5.507889986038208008e-01,4.228011071681976318e-01,2.939954698085784912e-01,5.603774916380643845e-03,3.351984322071075439e-01,3.070464134216308594e-01,-3.338968455791473389e-01,-1.757318824529647827e-01,2.317874133586883545e-01,1.256868243217468262e-01,1.846810728311538696e-01,4.284394383430480957e-01,2.091864794492721558e-01,2.081815749406814575e-01,1.834361702203750610e-01,2.572354674339294434e-01,6.605225205421447754e-01,4.378848969936370850e-01,3.929000794887542725e-01,4.257765114307403564e-01,-5.005096271634101868e-02,4.762325808405876160e-02,-1.324173659086227417e-01,-6.632910668849945068e-02,4.287075400352478027e-01,2.639331221580505371e-01,3.217717707157135010e-01,6.556464731693267822e-02,5.071550011634826660e-01,4.217983782291412354e-01,-1.625478863716125488e-01,-2.000413984060287476e-01,-8.981203287839889526e-02,-1.312048137187957764e-01,-1.662946790456771851e-01,-1.685482710599899292e-01,-1.009030118584632874e-01,-1.215514391660690308e-01,-1.831467598676681519e-01,-2.198034971952438354e-01,-1.415627300739288330e-01,-1.558504998683929443e-01,2.152149677276611328e-01,8.815445750951766968e-02,-1.354531645774841309e-01,-2.191296219825744629e-01,-2.131535857915878296e-01,-1.969650536775588989e-01,-2.535584568977355957e-01,-2.498774081468582153e-01,-1.406498402357101440e-01,-1.975617110729217529e-01,-2.004069238901138306e-01,-2.523176968097686768e-01,-1.811049580574035645e-01,-1.443573087453842163e-01,-3.051259517669677734e-01,-1.322030723094940186e-01,4.759360253810882568e-01,4.435857534408569336e-01,5.759609341621398926e-01,4.995075464248657227e-01,4.554238319396972656e-01,3.224277198314666748e-01,8.295841515064239502e-02,1.370775103569030762e-01,2.221230231225490570e-02,2.171250581741333008e-01,9.083030372858047485e-02,2.849037945270538330e-01,-8.663428016006946564e-03,2.237673997879028320e-01,7.471349835395812988e-02,1.400524526834487915e-01,1.539092659950256348e-01,1.235293149948120117e-01,2.784046232700347900e-01,1.689426451921463013e-01,-1.198339313268661499e-01,-2.355279475450515747e-01,-1.619601845741271973e-01,-2.232216745615005493e-01,1.100098788738250732e-01,9.430387616157531738e-02,9.352996200323104858e-02,-1.738909259438514709e-02,1.726119662635028362e-03,-2.149881422519683838e-01,-1.173645332455635071e-01,-1.903745085000991821e-01,-7.970786839723587036e-02,-1.659364998340606689e-01,-3.385680541396141052e-02,5.532470345497131348e-02,1.968731880187988281e-01,-4.635688662528991699e-02,6.400246918201446533e-02,2.301647327840328217e-02,6.400369852781295776e-02,-3.761529922485351562e-02,-6.787694990634918213e-02,-3.049173764884471893e-02,2.969647385179996490e-02,9.036641567945480347e-02
-1.357664316892623901e-01,1.286036074161529541e-01,1.661455333232879639e-01,4.204143285751342773e-01,1.241075322031974792e-01,2.134961783885955811e-01,3.482497930526733398e-01,5.941891670227050781e-01,9.473502635955810547e-02,1.480408310890197754e-01,5.395442843437194824e-01,1.000000000000000000e+00,3.420970737934112549e-01,7.138330936431884766e-01,1.389400959014892578e-01,7.580981403589248657e-02,1.707852184772491455e-01,5.499239563941955566e-01,-3.517866730690002441e-01,-2.026334851980209351e-01,2.325546443462371826e-01,1.908208578824996948e-01,2.681390345096588135e-01,4.763861298561096191e-01,2.022904157638549805e-01,2.370910942554473877e-01,1.365077644586563110e-01,1.895304769277572632e-01,4.349049627780914307e-01,7.069056630134582520e-01,4.260144531726837158e-01,5.051023364067077637e-01,-1.102858781814575195e-01,5.883006379008293152e-02,-8.755715191364288330e-02,1.207514759153127670e-02,3.254541754722595215e-01,3.320859968662261963e-01,2.649671435356140137e-01,1.875499188899993896e-01,3.988602161407470703e-01,5.191766619682312012e-01,-1.873678267002105713e-01,-1.589906364679336548e-01,-1.340709477663040161e-01,-1.320136338472366333e-01,-1.490329504013061523e-01,-1.137903183698654175e-01,-1.459951847791671753e-01,-7.521471381187438965e-02,-2.224203646183013916e-01,-9.775493294000625610e-02,-1.582294106483459473e-01,-9.803809225559234619e-02,7.604653388261795044e-02,1.395854800939559937e-01,-2.536603510379791260e-01,-2.745242603123188019e-02,-2.623200416564941406e-01,-1.008173748850822449e-01,-3.141214251518249512e-01,-3.076439350843429565e-02,-2.621793746948242188e-01,-1.025664061307907104e-01,-2.202402353286743164e-01,-7.226815819740295410e-02,-1.993826776742935181e-01,-1.002872735261917114e-01,-2.628669142723083496e-01,-7.028431445360183716e-02,4.607049226760864258e-01,5.280171632766723633e-01,4.882915616035461426e-01,6.437837481498718262e-01,3.826278746128082275e-01,3.933578729629516602e-01,1.015131548047065735e-01,1.726948171854019165e-01,-4.046912491321563721e-02,2.631629407405853271e-01,-6.682937592267990112e-02,4.040367007255554199e-01,-1.011546179652214050e-01,5.028336048126220703e-01,-4.591678828001022339e-02,3.264237642288208008e-01,8.136087656021118164e-02,1.998423933982849121e-01,6.141058728098869324e-02,2.983706891536712646e-01,-1.983991861343383789e-01,-1.461553275585174561e-01,-2.333349585533142090e-01,-1.231045573949813843e-01,3.732034191489219666e-02,3.277274593710899353e-02,2.348109893500804901e-02,-6.365991663187742233e-03,-7.974880188703536987e-02,-1.303692162036895752e-01,-2.338826954364776611e-01,-7.320949435234069824e-02,-1.521727740764617920e-01,-9.166148304939270020e-02,-1.828407347202301025e-01,-3.346157819032669067e-02,1.305648237466812134e-01,9.224049746990203857e-02,5.505648441612720490e-04,2.345516346395015717e-02,4.234285093843936920e-03,-4.437775537371635437e-02,-6.388970464468002319e-02,-7.287580519914627075e-02,-6.930381059646606445e-02,-8.777001500129699707e-02
-2.069210261106491089e-01,-2.645759880542755127e-01,3.439898490905761719e-01,2.632174193859100342e-01,3.506891131401062012e-01,2.881442904472351074e-01,3.934566974639892578e-01,4.452779293060302734e-01,3.978524208068847656e-01,1.124220937490463257e-01,5.507889986038208008e-01,3.420970737934112549e-01,1.000000000000000000e+00,4.285891056060791016e-01,3.821751177310943604e-01,8.364953845739364624e-02,5.021818447858095169e-03,1.061922460794448853e-01,-4.759024977684020996e-01,-4.173936843872070312e-01,2.320268899202346802e-01,1.484902799129486084e-01,4.194643199443817139e-01,4.197370409965515137e-01,3.513781428337097168e-01,4.024391174316406250e-01,2.511614859104156494e-01,2.202927470207214355e-01,5.575168132781982422e-01,3.691732585430145264e-01,5.391471982002258301e-01,5.745065212249755859e-01,-3.359516859054565430e-01,-2.672089934349060059e-01,-8.163937181234359741e-02,6.949151866137981415e-03,1.495990008115768433e-01,8.490587025880813599e-02,1.102423816919326782e-01,4.660008102655410767e-02,3.223574161529541016e-01,2.636020183563232422e-01,-1.221147477626800537e-01,-1.754678040742874146e-01,-8.486245572566986084e-02,-7.629457116127014160e-02,-1.264549940824508667e-01,-1.451845169067382812e-01,7.391633093357086182e-02,1.835878193378448486e-02,-7.750054448843002319e-02,-1.095558404922485352e-01,-9.179589897394180298e-02,-1.302022933959960938e-01,5.010843649506568909e-02,-3.113679587841033936e-02,-2.572625279426574707e-01,-2.744682729244232178e-01,-2.671065032482147217e-01,-2.351940870285034180e-01,-3.399862647056579590e-01,-2.379857748746871948e-01,-1.639790087938308716e-01,-2.373517155647277832e-01,-3.345884978771209717e-01,-2.720226645469665527e-01,-3.230096101760864258e-01,-2.529786825180053711e-01,-4.170860052108764648e-01,-2.654505968093872070e-01,3.147526383399963379e-01,3.264432251453399658e-01,3.762190937995910645e-01,2.799782156944274902e-01,2.987609803676605225e-01,7.913775742053985596e-02,-1.020351275801658630e-01,-3.081685118377208710e-02,-2.248270660638809204e-01,8.615595847368240356e-02,-9.590747207403182983e-02,8.298315852880477905e-02,1.610929965972900391e-01,2.598657310009002686e-01,-3.624797612428665161e-02,4.377664625644683838e-02,3.200254440307617188e-01,2.382793426513671875e-01,1.000264286994934082e-01,1.025463268160820007e-01,-1.553462743759155273e-01,-2.732944190502166748e-01,-2.184351533651351929e-01,-2.158423811197280884e-01,5.848472565412521362e-02,7.861132174730300903e-02,-1.423802319914102554e-02,-9.988198429346084595e-02,-6.085227057337760925e-02,-2.351446449756622314e-01,-2.624749541282653809e-01,-1.733070611953735352e-01,-9.011313319206237793e-02,-9.387855231761932373e-02,-6.816989928483963013e-02,4.691789299249649048e-02,5.772307887673377991e-02,5.470777675509452820e-02,1.190979257225990295e-01,8.316991478204727173e-02,-1.988852024078369141e-02,-5.401852354407310486e-02,-1.204810962080955505e-01,-1.442971676588058472e-01,-5.361399799585342407e-02,6.124349310994148254e-02
