1.000000000000000000e+00,4.242843687534332275e-01,5.738305449485778809e-01,4.696387946605682373e-01,-1.926019415259361267e-02,1.931823045015335083e-01,5.807752013206481934e-01,2.982707321643829346e-01,-1.009444445371627808e-01,1.973087042570114136e-01,2.469778060913085938e-01,1.328679770231246948e-01,1.401968598365783691e-01,-6.438137590885162354e-02,-1.603354364633560181e-01,-2.743302881717681885e-01,1.808316558599472046e-01,1.250020693987607956e-02,6.225816011428833008e-01,5.927883982658386230e-01,-2.094096392393112183e-01,-2.739581465721130371e-01,2.965164482593536377e-01,2.436218410730361938e-01,-9.632652252912521362e-02,-6.564407795667648315e-02,-1.373183578252792358e-01,-9.998352080583572388e-02,-1.049713641405105591e-01,-1.693251132965087891e-01,-7.731054723262786865e-02,-2.553997095674276352e-03,6.517088413238525391e-01,6.085176467895507812e-01,1.769921183586120605e-01,1.392803788185119629e-01,-2.534149587154388428e-01,-4.277788400650024414e-01,-3.405220210552215576e-01,-3.907120227813720703e-01,-2.136648744344711304e-01,-3.758978843688964844e-01,-2.055668532848358154e-01,-1.936677396297454834e-01,1.015899628400802612e-01,6.572448462247848511e-02,-3.066770434379577637e-01,-2.556339204311370850e-01,7.039165496826171875e-02,-7.655131816864013672e-02,-4.969231784343719482e-02,-1.663370579481124878e-01,-3.389592468738555908e-01,-4.924000799655914307e-01,-2.802658379077911377e-01,-3.654478788375854492e-01,6.537461876869201660e-01,2.115835398435592651e-01,3.772602081298828125e-01,1.131877228617668152e-01,5.593490004539489746e-01,3.195854425430297852e-01,4.874046444892883301e-01,2.922494411468505859e-01,3.512470424175262451e-01,2.035647332668304443e-01,4.398458302021026611e-01,3.614338040351867676e-01,3.241356611251831055e-01,1.946093589067459106e-01,-2.323408424854278564e-01,-1.320450007915496826e-01,-2.597411349415779114e-02,-1.307224631309509277e-01,-1.237562298774719238e-01,-1.995750516653060913e-01,-1.157217845320701599e-02,-1.191940531134605408e-01,-2.836522646248340607e-03,-8.350032567977905273e-02,-1.248368807137012482e-02,-2.288770377635955811e-01,-2.503230571746826172e-01,-2.639232575893402100e-01,-1.475726068019866943e-01,-3.457564711570739746e-01,-2.166263163089752197e-01,-3.287083506584167480e-01,-2.450377494096755981e-01,-3.067750334739685059e-01,-2.657007575035095215e-01,-3.167514801025390625e-01,-2.739014327526092529e-01,-2.447885125875473022e-01,-2.785464227199554443e-01,-3.559895455837249756e-01,-3.317790329456329346e-01,-3.886848688125610352e-01,-2.645132541656494141e-01,-3.569082319736480713e-01,-2.574459910392761230e-01,-3.093063831329345703e-01,-2.969132065773010254e-01,-3.597154021263122559e-01,-3.024125695228576660e-01,-3.507670164108276367e-01,-2.679378390312194824e-01,-3.578616082668304443e-01,-2.981430590152740479e-01,-2.975707054138183594e-01,-3.295809626579284668e-01,-2.999225258827209473e-01,-3.019836246967315674e-01,-4.297843277454376221e-01,-3.482153713703155518e-01,-3.038822114467620850e-01
4.242843687534332275e-01,1.000000000000000000e+00,4.942918419837951660e-01,5.933964252471923828e-01,2.750278636813163757e-02,1.243260353803634644e-01,1.360568255186080933e-01,3.640710115432739258e-01,-2.802693545818328857e-01,1.240420807152986526e-02,-2.034717500209808350e-01,-3.663115203380584717e-02,-3.464654088020324707e-01,-2.153356820344924927e-01,-3.252807557582855225e-01,-3.919007778167724609e-01,-1.631477624177932739e-01,-8.526402711868286133e-02,5.599452853202819824e-01,6.236967444419860840e-01,-1.025238186120986938e-01,-2.038685530424118042e-01,3.081141114234924316e-01,3.170098364353179932e-01,1.657322049140930176e-01,1.329278200864791870e-01,8.742088824510574341e-02,-9.134064614772796631e-02,-3.700407445430755615e-01,-2.788498103618621826e-01,2.787032909691333771e-02,1.570392772555351257e-02,2.777382731437683105e-01,2.626929879188537598e-01,-2.993387579917907715e-01,-2.863622009754180908e-01,-3.997430503368377686e-01,-4.075566232204437256e-01,-3.612261116504669189e-01,-3.750331103801727295e-01,-3.708197772502899170e-01,-3.842269182205200195e-01,-3.911941349506378174e-01,-3.653319478034973145e-01,-2.365244179964065552e-01,-1.643167436122894287e-01,-3.738443851470947266e-01,-3.729432523250579834e-01,-1.549874842166900635e-01,-4.341164231300354004e-02,-3.362770080566406250e-01,-2.136804163455963135e-01,-3.445432782173156738e-01,-3.543345034122467041e-01,-3.603696823120117188e-01,-3.141262233257293701e-01,5.253834128379821777e-01,7.083278894424438477e-01,5.861946940422058105e-01,5.931775569915771484e-01,4.607196152210235596e-01,6.938019990921020508e-01,-3.153017535805702209e-02,1.677028536796569824e-01,3.566031530499458313e-02,2.065207809209823608e-01,3.378648161888122559e-01,1.766869872808456421e-01,5.652310848236083984e-01,4.980788528919219971e-01,-5.045292973518371582e-01,-3.987853527069091797e-01,-4.006464481353759766e-01,-3.476034998893737793e-01,-3.854967057704925537e-01,-3.711720407009124756e-01,-4.062723219394683838e-01,-4.012037813663482666e-01,-1.248100101947784424e-01,-3.025353550910949707e-01,-3.068817853927612305e-01,-2.663003802299499512e-01,-3.892524540424346924e-01,-3.267209827899932861e-01,-3.930222094058990479e-01,-3.741409480571746826e-01,-2.947000265121459961e-01,-2.991546690464019775e-01,-3.142573833465576172e-01,-2.313188612461090088e-01,-3.462866246700286865e-01,-2.702817618846893311e-01,-3.296914994716644287e-01,-1.977009773254394531e-01,-2.929109632968902588e-01,-3.296417593955993652e-01,-3.659554123878479004e-01,-3.590345680713653564e-01,-3.304491043090820312e-01,-3.506079018115997314e-01,-3.269522488117218018e-01,-2.021243721246719360e-01,-2.945930063724517822e-01,-2.715953886508941650e-01,-2.650249004364013672e-01,-2.658134698867797852e-01,-2.885116636753082275e-01,-2.411193400621414185e-01,-2.337868064641952515e-01,-3.703535795211791992e-01,-4.680853784084320068e-01,-3.917357623577117920e-01,-3.714044988155364990e-01,-3.616475164890289307e-01,-2.846871614456176758e-01,-3.328220844268798828e-01
5.738305449485778809e-01,4.942918419837951660e-01,1.000000000000000000e+00,7.371005415916442871e-01,1.193043589591979980e-01,3.019855022430419922e-01,5.909757614135742188e-01,5.720345377922058105e-01,-2.132697403430938721e-01,3.191265836358070374e-02,2.664630115032196045e-01,1.940545290708541870e-01,8.437994867563247681e-02,9.761835634708404541e-02,-3.346162438392639160e-01,-3.528044223785400391e-01,1.635910719633102417e-01,6.357418745756149292e-02,5.358873605728149414e-01,4.998375773429870605e-01,-1.400626897811889648e-01,-2.331180125474929810e-01,7.377911806106567383e-01,6.735079884529113770e-01,3.011164069175720215e-01,2.965383231639862061e-01,1.348872929811477661e-01,-1.457547545433044434e-01,-1.154979094862937927e-01,-1.253058165311813354e-01,3.505252897739410400e-01,3.920252025127410889e-01,5.366809368133544922e-01,5.245345234870910645e-01,-6.969843059778213501e-02,-3.165480494499206543e-02,-4.300151765346527100e-01,-4.708342254161834717e-01,-5.508681535720825195e-01,-5.611819028854370117e-01,-4.034184813499450684e-01,-4.612922966480255127e-01,-3.709416389465332031e-01,-3.353515565395355225e-01,-1.293292939662933350e-01,-9.915653616189956665e-02,-4.656024575233459473e-01,-4.611311852931976318e-01,-1.272520869970321655e-01,-6.351140886545181274e-02,-2.256237566471099854e-01,-1.964913010597229004e-01,-4.294236302375793457e-01,-4.409285783767700195e-01,-4.898272752761840820e-01,-5.163877606391906738e-01,5.294480323791503906e-01,3.272588849067687988e-01,2.316342741250991821e-01,1.071174144744873047e-01,4.273983836174011230e-01,3.324530124664306641e-01,2.841658592224121094e-01,2.637823224067687988e-01,1.283752173185348511e-01,1.414144337177276611e-01,1.864386200904846191e-01,1.607049703598022461e-01,2.303776592016220093e-01,1.762693524360656738e-01,-2.701766788959503174e-01,-1.033933162689208984e-01,-1.548365205526351929e-01,-1.324908286333084106e-01,-2.044596970081329346e-01,-2.675561904907226562e-01,-2.602815926074981689e-01,-2.517035603523254395e-01,1.258918195962905884e-01,-1.454675197601318359e-01,-6.538438051939010620e-02,-2.008495330810546875e-01,-4.186558425426483154e-01,-4.006803035736083984e-01,-2.907319962978363037e-01,-3.967517018318176270e-01,-4.800832271575927734e-01,-5.535836815834045410e-01,-4.687276184558868408e-01,-5.117150545120239258e-01,-5.397459864616394043e-01,-5.031571984291076660e-01,-5.249000191688537598e-01,-3.886558413505554199e-01,-4.143523573875427246e-01,-4.540196359157562256e-01,-5.149196982383728027e-01,-5.314013957977294922e-01,-4.921181499958038330e-01,-5.513014793395996094e-01,-5.512514710426330566e-01,-4.533385932445526123e-01,-5.574129223823547363e-01,-5.597397685050964355e-01,-5.263109803199768066e-01,-5.176975727081298828e-01,-5.187190771102905273e-01,-5.171555876731872559e-01,-3.819461762905120850e-01,-4.030250906944274902e-01,-5.445398688316345215e-01,-5.414708852767944336e-01,-5.625026226043701172e-01,-5.927660465240478516e-01,-5.032899975776672363e-01,-4.807960689067840576e-01
4.696387946605682373e-01,5.933964252471923828e-01,7.371005415916442871e-01,1.000000000000000000e+00,1.038332581520080566e-01,3.537035584449768066e-01,4.203253388404846191e-01,6.226778030395507812e-01,-2.278453707695007324e-01,1.026487350463867188e-01,5.852384865283966064e-02,1.276076287031173706e-01,-8.561819046735763550e-02,4.022721946239471436e-02,-3.758406937122344971e-01,-3.730101287364959717e-01,1.807223889045417309e-03,-5.733953416347503662e-02,5.295953750610351562e-01,5.575631856918334961e-01,-1.292505264282226562e-01,-2.076850235462188721e-01,6.513305306434631348e-01,6.347675323486328125e-01,2.263882458209991455e-01,2.357376366853713989e-01,1.168557330965995789e-01,-1.001592651009559631e-01,-2.076599150896072388e-01,-1.882494240999221802e-01,2.306686043739318848e-01,2.902596592903137207e-01,3.655743300914764404e-01,3.716903030872344971e-01,-2.076355665922164917e-01,-1.573839187622070312e-01,-4.588641226291656494e-01,-5.039965510368347168e-01,-5.281053781509399414e-01,-5.427972078323364258e-01,-4.466395378112792969e-01,-4.977360069751739502e-01,-4.248829483985900879e-01,-4.047031104564666748e-01,-1.790554076433181763e-01,-1.331294924020767212e-01,-5.037310719490051270e-01,-4.780356884002685547e-01,-1.844840496778488159e-01,-1.367505639791488647e-01,-3.023481667041778564e-01,-2.600726187229156494e-01,-4.578320086002349854e-01,-4.900721311569213867e-01,-4.875603318214416504e-01,-4.920278191566467285e-01,4.038048982620239258e-01,3.597442209720611572e-01,3.229988813400268555e-01,2.530620992183685303e-01,3.582487702369689941e-01,4.642740488052368164e-01,1.527372747659683228e-01,2.064852863550186157e-01,8.213282376527786255e-02,1.918507963418960571e-01,1.749444901943206787e-01,1.347088664770126343e-01,2.700811326503753662e-01,2.311144471168518066e-01,-4.271350502967834473e-01,-2.113312631845474243e-01,-2.524993419647216797e-01,-2.212668359279632568e-01,-3.019141852855682373e-01,-3.623168766498565674e-01,-3.253895938396453857e-01,-3.354373574256896973e-01,7.646621670573949814e-03,-2.022023648023605347e-01,-1.652251631021499634e-01,-2.599659264087677002e-01,-4.511175751686096191e-01,-4.114107191562652588e-01,-3.470939099788665771e-01,-4.051283001899719238e-01,-4.417085051536560059e-01,-4.698271453380584717e-01,-4.489198029041290283e-01,-4.412049949169158936e-01,-4.861159622669219971e-01,-4.387584626674652100e-01,-4.265048205852508545e-01,-2.914783358573913574e-01,-3.941975235939025879e-01,-4.404128491878509521e-01,-5.085453391075134277e-01,-5.146085619926452637e-01,-4.778624475002288818e-01,-5.247316956520080566e-01,-4.495728611946105957e-01,-3.803600370883941650e-01,-4.497794210910797119e-01,-4.862443804740905762e-01,-4.410069882869720459e-01,-4.488452374935150146e-01,-4.353463053703308105e-01,-4.411732256412506104e-01,-3.706895411014556885e-01,-4.394870996475219727e-01,-5.408557057380676270e-01,-5.120883584022521973e-01,-4.922056496143341064e-01,-5.323430895805358887e-01,-4.659500122070312500e-01,-4.348137676715850830e-01
-1.926019415259361267e-02,2.750278636813163757e-02,1.193043589591979980e-01,1.038332581520080566e-01,1.000000000000000000e+00,4.952516555786132812e-01,-8.228590339422225952e-02,-1.440738737583160400e-01,2.986068129539489746e-01,3.671647906303405762e-01,-9.666450321674346924e-02,-8.595868945121765137e-02,-8.815106004476547241e-02,-1.073623672127723694e-01,3.176093399524688721e-01,2.529299855232238770e-01,-3.501044353470206261e-03,-4.050386324524879456e-02,9.728077054023742676e-02,1.891825199127197266e-01,2.642210721969604492e-01,2.984842061996459961e-01,1.491045802831649780e-01,2.914187014102935791e-01,4.436118602752685547e-01,4.956893026828765869e-01,6.785728931427001953e-01,5.404943823814392090e-01,-1.195199266076087952e-01,-1.177966669201850891e-01,2.808680534362792969e-01,2.508530616760253906e-01,-3.521734476089477539e-02,-4.121084511280059814e-02,-6.814920157194137573e-02,-6.644953042268753052e-02,8.455649367533624172e-04,-1.669840663671493530e-01,6.610179692506790161e-02,4.094630479812622070e-02,8.012951165437698364e-02,-2.736080624163150787e-02,3.042338043451309204e-02,-1.993293687701225281e-02,-7.453756034374237061e-02,-2.409478090703487396e-02,5.163896456360816956e-02,7.375171780586242676e-02,-1.753405630588531494e-01,-1.066601127386093140e-01,-8.593657612800598145e-02,-1.386774778366088867e-01,4.460282251238822937e-02,8.380112797021865845e-02,9.232533723115921021e-02,7.566511631011962891e-02,6.561529636383056641e-02,9.837299585342407227e-02,1.639265269041061401e-01,1.522731930017471313e-01,1.784558966755867004e-02,9.770076721906661987e-02,-6.054385378956794739e-02,-3.243177011609077454e-02,-4.233566299080848694e-02,-1.634160578250885010e-01,1.494586374610662460e-02,2.805928513407707214e-02,2.059752345085144043e-01,2.465902715921401978e-01,-1.597151905298233032e-01,-2.516599744558334351e-02,-1.172534078359603882e-01,-4.210884124040603638e-02,-1.339567545801401138e-02,-1.303198933601379395e-01,-1.894775032997131348e-01,-1.064504384994506836e-01,-6.724610179662704468e-02,-1.566192358732223511e-01,-2.451345697045326233e-02,-7.467109709978103638e-02,4.238970205187797546e-02,3.431811928749084473e-02,1.196946017444133759e-02,-2.039823681116104126e-02,2.181819081306457520e-01,1.905138492584228516e-01,2.144045233726501465e-01,8.802546560764312744e-02,1.436659991741180420e-01,9.030675143003463745e-02,5.151050537824630737e-02,7.245234400033950806e-02,3.618143126368522644e-02,-1.607327722012996674e-02,8.892549574375152588e-02,4.542291536927223206e-02,9.141918271780014038e-02,1.150205507874488831e-01,8.277976512908935547e-02,1.207029968500137329e-01,8.821152150630950928e-02,8.246469497680664062e-02,1.455892771482467651e-01,1.316907852888107300e-01,8.685193210840225220e-02,1.724235713481903076e-02,8.111937344074249268e-02,4.166656639426946640e-03,2.001556195318698883e-02,7.331764698028564453e-02,1.053696200251579285e-01,1.191616430878639221e-01,7.987309247255325317e-02,4.794269055128097534e-02
1.931823045015335083e-01,1.243260353803634644e-01,3.019855022430419922e-01,3.537035584449768066e-01,4.952516555786132812e-01,1.000000000000000000e+00,1.171743273735046387e-01,1.052147075533866882e-01,6.050709635019302368e-02,4.989591538906097412e-01,-4.956379532814025879e-02,4.729060921818017960e-03,-5.529260262846946716e-02,-1.722844131290912628e-02,9.717196226119995117e-02,4.305273294448852539e-02,-6.575961410999298096e-02,-1.379510313272476196e-01,2.603478431701660156e-01,2.918136715888977051e-01,1.460143476724624634e-01,1.368746310472488403e-01,2.462596148252487183e-01,3.403300642967224121e-01,2.186243832111358643e-01,2.867897450923919678e-01,4.084806144237518311e-01,4.272010624408721924e-01,-1.229408457875251770e-01,-1.247746720910072327e-01,1.343178749084472656e-01,1.993013173341751099e-01,5.287386849522590637e-02,4.888115823268890381e-02,-8.241233974695205688e-02,-6.426074355840682983e-02,-1.575956493616104126e-01,-2.106320410966873169e-01,-1.405936628580093384e-01,-1.494674235582351685e-01,-1.063963696360588074e-01,-2.202092856168746948e-01,-1.582621932029724121e-01,-1.989271789789199829e-01,-1.164047867059707642e-01,-1.080603078007698059e-01,-1.732578724622726440e-01,-1.512842774391174316e-01,-1.721256226301193237e-01,-2.094392180442810059e-01,-1.793560832738876343e-01,-2.110690325498580933e-01,-1.839120835065841675e-01,-1.951440423727035522e-01,-8.789362758398056030e-02,-1.003607511520385742e-01,8.328748494386672974e-02,1.259341742843389511e-02,1.764999628067016602e-01,9.901335835456848145e-02,8.291971683502197266e-02,1.326553076505661011e-01,2.885464206337928772e-02,6.413768976926803589e-03,-1.281607802957296371e-02,-4.633570462465286255e-02,3.679876402020454407e-02,-5.111453938297927380e-04,1.261806935071945190e-01,7.747619599103927612e-02,-2.464551627635955811e-01,-7.248906791210174561e-02,-1.183614730834960938e-01,-9.500672668218612671e-02,-1.561290174722671509e-01,-3.117099106311798096e-01,-1.857431530952453613e-01,-1.681060940027236938e-01,-8.553499728441238403e-02,-1.675624549388885498e-01,-1.101490482687950134e-01,-1.878721117973327637e-01,-1.456681340932846069e-01,-1.269309371709823608e-01,-1.136035025119781494e-01,-1.643509864807128906e-01,3.185582906007766724e-02,1.601534779183566570e-03,-7.611428853124380112e-03,-3.979716822504997253e-02,-6.488667428493499756e-02,-4.640772193670272827e-02,2.289554337039589882e-03,-1.270174328237771988e-02,-8.698783814907073975e-02,-1.641622185707092285e-01,-1.211750358343124390e-01,-1.542614847421646118e-01,-9.812350571155548096e-02,-1.104268580675125122e-01,5.860255565494298935e-03,-1.168356556445360184e-02,-5.391236767172813416e-02,-9.425609558820724487e-02,-6.884728372097015381e-02,-9.875299036502838135e-02,-8.369430154561996460e-02,-1.208311021327972412e-01,-8.671605587005615234e-02,-1.274067163467407227e-01,-1.488532423973083496e-01,-1.211943253874778748e-01,-4.187903180718421936e-02,-1.116078197956085205e-01,-9.797620773315429688e-02,-1.007160469889640808e-01
5.807752013206481934e-01,1.360568255186080933e-01,5.909757614135742188e-01,4.203253388404846191e-01,-8.228590339422225952e-02,1.171743273735046387e-01,1.000000000000000000e+00,5.846203565597534180e-01,-4.833019152283668518e-02,1.320775598287582397e-01,6.546556949615478516e-01,5.448663234710693359e-01,5.853331685066223145e-01,4.407256841659545898e-01,-4.507553949952125549e-02,-6.939981132745742798e-02,5.315560698509216309e-01,3.801387548446655273e-01,2.284162044525146484e-01,1.742943376302719116e-01,-2.120881080627441406e-01,-2.274395227432250977e-01,4.927664101123809814e-01,3.296940326690673828e-01,-8.258937299251556396e-02,-7.474808394908905029e-02,-2.097583264112472534e-01,-1.755949556827545166e-01,2.843047678470611572e-01,1.510269492864608765e-01,1.846964657306671143e-01,2.960731685161590576e-01,6.972580552101135254e-01,7.292041182518005371e-01,4.064078330993652344e-01,4.226853251457214355e-01,-7.811006903648376465e-02,-2.292318642139434814e-01,-2.898067235946655273e-01,-3.229634463787078857e-01,-6.859315186738967896e-02,-2.112141847610473633e-01,8.791046217083930969e-03,2.850794792175292969e-02,2.182240486145019531e-01,1.769795417785644531e-01,-1.423602104187011719e-01,-1.476854532957077026e-01,1.798656731843948364e-01,1.112500727176666260e-01,1.797389239072799683e-01,5.580225214362144470e-02,-1.348471045494079590e-01,-2.792361974716186523e-01,-1.922478079795837402e-01,-2.765777111053466797e-01,4.342092573642730713e-01,-2.879166416823863983e-02,-1.420092284679412842e-01,-3.658398389816284180e-01,3.773505091667175293e-01,-4.675730317831039429e-02,6.328265070915222168e-01,5.028513073921203613e-01,4.196499884128570557e-01,1.489464491605758667e-01,9.944268316030502319e-02,2.212402075529098511e-01,-1.713311672210693359e-01,-1.815843433141708374e-01,1.110748946666717529e-01,2.888351678848266602e-01,3.276545405387878418e-01,2.556279897689819336e-01,1.769279390573501587e-01,1.424140930175781250e-01,1.985087841749191284e-01,1.371810734272003174e-01,3.831448853015899658e-01,2.285185456275939941e-01,3.502408862113952637e-01,1.165052801370620728e-01,-7.384271174669265747e-02,-1.010650917887687683e-01,1.198036149144172668e-01,-1.021557524800300598e-01,-2.827513813972473145e-01,-3.604196012020111084e-01,-2.168223410844802856e-01,-3.227519690990447998e-01,-2.779664695262908936e-01,-3.825639486312866211e-01,-3.584827780723571777e-01,-4.359889626502990723e-01,-1.946293264627456665e-01,-2.489794194698333740e-01,-2.639009952545166016e-01,-3.249395191669464111e-01,-2.059358358383178711e-01,-3.271161615848541260e-01,-3.100654780864715576e-01,-4.663420319557189941e-01,-3.624791502952575684e-01,-4.659362733364105225e-01,-3.401864767074584961e-01,-3.944805264472961426e-01,-3.324428796768188477e-01,-3.978717625141143799e-01,-2.511495351791381836e-01,-1.982358992099761963e-01,-2.706435918807983398e-01,-2.725672125816345215e-01,-3.555020093917846680e-01,-4.220340549945831299e-01,-3.083929121494293213e-01,-2.477063387632369995e-01
2.982707321643829346e-01,3.640710115432739258e-01,5.720345377922058105e-01,6.226778030395507812e-01,-1.440738737583160400e-01,1.052147075533866882e-01,5.846203565597534180e-01,1.000000000000000000e+00,-1.596769392490386963e-01,-3.574709594249725342e-02,4.159352183341979980e-01,5.572565793991088867e-01,2.990220487117767334e-01,5.082047581672668457e-01,-2.246169000864028931e-01,-1.679127365350723267e-01,3.425985276699066162e-01,3.086770772933959961e-01,9.429723769426345825e-02,9.576287120580673218e-02,-1.849032938480377197e-01,-2.120986580848693848e-01,6.178568601608276367e-01,4.868577122688293457e-01,8.756247162818908691e-02,6.957533210515975952e-02,-9.614182263612747192e-02,-2.345970571041107178e-01,1.854655742645263672e-01,1.338805258274078369e-01,3.322004377841949463e-01,4.135617911815643311e-01,4.081998765468597412e-01,4.748711884021759033e-01,1.131394878029823303e-01,1.874944120645523071e-01,-1.611167937517166138e-01,-1.914011389017105103e-01,-3.244186341762542725e-01,-3.280004858970642090e-01,-1.794327795505523682e-01,-2.279541343450546265e-01,-9.076884388923645020e-02,-3.969884291291236877e-02,1.090644821524620056e-01,1.374550014734268188e-01,-1.899708956480026245e-01,-2.157177329063415527e-01,1.558890491724014282e-01,2.204176187515258789e-01,9.746009111404418945e-02,1.380570828914642334e-01,-1.279816925525665283e-01,-2.062387019395828247e-01,-2.419788688421249390e-01,-2.451683282852172852e-01,2.817727327346801758e-01,1.865048557519912720e-01,-3.633590042591094971e-02,-1.103615909814834595e-01,3.016142547130584717e-01,2.011501789093017578e-01,3.486112058162689209e-01,4.934247136116027832e-01,3.213917315006256104e-01,3.675302863121032715e-01,-5.340824369341135025e-03,1.148495972156524658e-01,-1.715193539857864380e-01,-1.478899121284484863e-01,-7.512767612934112549e-02,1.897017806768417358e-01,1.546873897314071655e-01,1.794003248214721680e-01,4.171721637248992920e-02,6.860176473855972290e-02,-5.333683919161558151e-03,5.924080964177846909e-03,3.734100759029388428e-01,1.502297371625900269e-01,1.968625485897064209e-01,1.588716804981231689e-01,-1.569610089063644409e-01,-1.112627536058425903e-01,1.559095829725265503e-02,-3.064599819481372833e-02,-3.778586983680725098e-01,-3.654254972934722900e-01,-2.642870247364044189e-01,-2.612048983573913574e-01,-3.174006044864654541e-01,-3.422134220600128174e-01,-3.454900383949279785e-01,-3.364389240741729736e-01,-2.069073766469955444e-01,-2.331866472959518433e-01,-3.076975941658020020e-01,-3.087086677551269531e-01,-2.474030703306198120e-01,-3.291112780570983887e-01,-3.448224067687988281e-01,-3.668210804462432861e-01,-3.515464365482330322e-01,-3.945443034172058105e-01,-3.354310393333435059e-01,-3.533565998077392578e-01,-3.764176070690155029e-01,-2.960450351238250732e-01,-2.319832444190979004e-01,-2.867141664028167725e-01,-3.537019789218902588e-01,-3.145721554756164551e-01,-3.698408603668212891e-01,-3.806283473968505859e-01,-2.865272462368011475e-01,-2.445500493049621582e-01
-1.009444445371627808e-01,-2.802693545818328857e-01,-2.132697403430938721e-01,-2.278453707695007324e-01,2.986068129539489746e-01,6.050709635019302368e-02,-4.833019152283668518e-02,-1.596769392490386963e-01,1.000000000000000000e+00,2.771708369255065918e-01,1.352886557579040527e-01,8.713462203741073608e-02,2.572273910045623779e-01,1.370702683925628662e-01,4.102788865566253662e-01,3.793470859527587891e-01,1.636487245559692383e-01,7.657352089881896973e-02,-1.673861145973205566e-01,-1.586621701717376709e-01,2.400245517492294312e-02,1.847781538963317871e-01,-1.606284081935882568e-01,-1.289996504783630371e-01,-7.312034070491790771e-02,-2.419446967542171478e-02,7.879404723644256592e-02,2.226451486349105835e-01,1.898608803749084473e-01,9.049917012453079224e-02,5.893603432923555374e-03,5.324183497577905655e-03,-4.268675297498703003e-02,-5.356335267424583435e-02,2.409189492464065552e-01,2.168572098016738892e-01,2.860621213912963867e-01,1.407310217618942261e-01,2.896688580513000488e-01,2.602509856224060059e-01,3.444896340370178223e-01,2.154241204261779785e-01,2.899446785449981689e-01,2.424463480710983276e-01,2.288517504930496216e-01,1.819359958171844482e-01,2.698940932750701904e-01,2.852238714694976807e-01,1.146228536963462830e-01,1.311331801116466522e-02,2.256184071302413940e-01,6.685971468687057495e-02,2.433254271745681763e-01,1.583847403526306152e-01,3.188484311103820801e-01,2.299848645925521851e-01,-1.352413594722747803e-01,-2.317060679197311401e-01,-9.434010088443756104e-02,-1.063018962740898132e-01,-1.189386174082756042e-01,-1.742021441459655762e-01,1.705884486436843872e-01,1.681019179522991180e-02,1.346365660429000854e-01,-4.783899337053298950e-02,2.228985168039798737e-02,4.599218815565109253e-02,-1.428900659084320068e-01,-1.063337624073028564e-01,2.154401838779449463e-01,2.464238405227661133e-01,3.139054775238037109e-01,2.476542145013809204e-01,3.109436929225921631e-01,2.515969574451446533e-01,2.347994297742843628e-01,2.151858061552047729e-01,9.449905157089233398e-02,2.678798735141754150e-01,2.501515448093414307e-01,1.670443415641784668e-01,3.262385129928588867e-01,2.591245770454406738e-01,3.324099481105804443e-01,2.252036184072494507e-01,3.341347277164459229e-01,3.063827455043792725e-01,3.116080462932586670e-01,2.266835421323776245e-01,2.934863269329071045e-01,1.666789501905441284e-01,2.163210809230804443e-01,1.748865246772766113e-01,2.292226105928421021e-01,2.106630206108093262e-01,2.653749287128448486e-01,2.547302842140197754e-01,2.690944373607635498e-01,2.592180073261260986e-01,2.520786523818969727e-01,1.140433400869369507e-01,2.266963124275207520e-01,1.717051267623901367e-01,2.309065014123916626e-01,1.958823204040527344e-01,2.541274130344390869e-01,1.706396937370300293e-01,2.160387486219406128e-01,1.615915000438690186e-01,2.935703694820404053e-01,3.170363903045654297e-01,2.542338073253631592e-01,2.430604696273803711e-01,1.850597411394119263e-01,2.680158317089080811e-01
1.973087042570114136e-01,1.240420807152986526e-02,3.191265836358070374e-02,1.026487350463867188e-01,3.671647906303405762e-01,4.989591538906097412e-01,1.320775598287582397e-01,-3.574709594249725342e-02,2.771708369255065918e-01,1.000000000000000000e+00,-3.897060081362724304e-02,5.815565213561058044e-02,1.266909688711166382e-01,-5.797661840915679932e-03,2.943306565284729004e-01,2.070261389017105103e-01,-9.095384925603866577e-02,-1.504368931055068970e-01,2.396882474422454834e-01,2.573535442352294922e-01,2.022925578057765961e-02,1.151067987084388733e-01,-1.479704082012176514e-01,-1.315004378557205200e-01,-3.248279392719268799e-01,-2.698768973350524902e-01,4.089679569005966187e-02,4.326955378055572510e-01,-7.190506160259246826e-02,-1.009025946259498596e-01,-3.390031754970550537e-01,-2.529937326908111572e-01,1.033618375658988953e-01,1.055321097373962402e-01,1.211922317743301392e-01,5.424972996115684509e-02,2.382984571158885956e-02,-2.122092992067337036e-01,2.511542104184627533e-02,-3.489356115460395813e-02,4.641554132103919983e-02,-1.614249348640441895e-01,-2.706886827945709229e-02,-1.160408109426498413e-01,-4.497421160340309143e-02,-9.220688790082931519e-02,-5.767516046762466431e-02,-3.751784190535545349e-02,-1.316339671611785889e-01,-2.690227925777435303e-01,-8.234304934740066528e-02,-2.563525140285491943e-01,-9.116131812334060669e-02,-2.411388456821441650e-01,6.346675753593444824e-02,-8.044530637562274933e-03,-2.084785327315330505e-02,-1.342754215002059937e-01,8.271520584821701050e-02,-5.792950093746185303e-02,4.308022931218147278e-02,-4.131214693188667297e-02,1.397888660430908203e-01,-5.789911374449729919e-02,3.448517620563507080e-02,-1.991763263940811157e-01,1.098878756165504456e-01,1.543681602925062180e-02,2.439219132065773010e-02,-3.092883899807929993e-02,-1.129154339432716370e-01,-5.437564104795455933e-02,6.842631846666336060e-02,-3.249787166714668274e-02,-1.481059007346630096e-02,-1.490028202533721924e-01,8.329012244939804077e-02,-6.183649599552154541e-02,-1.681268364191055298e-01,1.595137827098369598e-02,-3.886920213699340820e-02,-1.857024878263473511e-01,-1.717509888112545013e-02,-4.008761793375015259e-02,1.106078177690505981e-02,-1.340392976999282837e-01,1.997490376234054565e-01,1.766266077756881714e-01,1.029367670416831970e-01,8.292370289564132690e-02,7.199965417385101318e-02,-8.426751941442489624e-02,6.590866297483444214e-02,-7.222974300384521484e-02,4.109669476747512817e-02,-8.202953636646270752e-02,-1.759521476924419403e-02,-8.243443816900253296e-02,7.937788963317871094e-03,-3.620979934930801392e-02,2.048588395118713379e-01,-9.549158811569213867e-02,6.626330316066741943e-02,-5.820125341415405273e-02,4.084192961454391479e-02,-3.439912572503089905e-02,9.232494235038757324e-02,-7.327171415090560913e-02,-1.669159159064292908e-02,-7.804622501134872437e-02,-3.115930221974849701e-02,2.647896762937307358e-03,2.146780304610729218e-02,-5.977881699800491333e-02,-3.896295651793479919e-02,-1.296381349675357342e-03
2.469778060913085938e-01,-2.034717500209808350e-01,2.664630115032196045e-01,5.852384865283966064e-02,-9.666450321674346924e-02,-4.956379532814025879e-02,6.546556949615478516e-01,4.159352183341979980e-01,1.352886557579040527e-01,-3.897060081362724304e-02,1.000000000000000000e+00,6.641629338264465332e-01,7.690460681915283203e-01,6.682719588279724121e-01,1.907501220703125000e-01,2.314270585775375366e-01,7.510168552398681641e-01,6.167777776718139648e-01,-1.836003065109252930e-01,-2.515355944633483887e-01,-6.557048112154006958e-02,8.168831467628479004e-03,3.451026976108551025e-01,1.877787709236145020e-01,-1.295391749590635300e-02,-4.146961960941553116e-03,-1.686902791261672974e-01,-1.277329176664352417e-01,6.386057138442993164e-01,4.907135069370269775e-01,3.399411439895629883e-01,4.187660217285156250e-01,4.673027396202087402e-01,5.134298205375671387e-01,5.667754411697387695e-01,5.968601107597351074e-01,2.768240571022033691e-01,1.695342808961868286e-01,5.986890196800231934e-02,3.679169714450836182e-02,2.627200186252593994e-01,1.713693886995315552e-01,3.419950008392333984e-01,3.809908032417297363e-01,4.087541997432708740e-01,3.512020111083984375e-01,2.208130657672882080e-01,1.902334988117218018e-01,3.539113700389862061e-01,2.844848632812500000e-01,4.652486145496368408e-01,3.193136453628540039e-01,2.368850708007812500e-01,8.265470713376998901e-02,1.404641121625900269e-01,5.103962123394012451e-02,2.223094999790191650e-01,-1.999692469835281372e-01,-3.756883442401885986e-01,-5.468579530715942383e-01,1.482398808002471924e-01,-3.261270821094512939e-01,5.934579372406005859e-01,5.289875268936157227e-01,4.180444777011871338e-01,1.578439623117446899e-01,-5.336246266961097717e-02,1.490000486373901367e-01,-3.890781998634338379e-01,-3.638884127140045166e-01,4.520674049854278564e-01,5.915799140930175781e-01,6.011050939559936523e-01,5.544420480728149414e-01,4.741589725017547607e-01,4.629721343517303467e-01,4.037934541702270508e-01,4.246307015419006348e-01,6.762639880180358887e-01,5.421003699302673340e-01,6.690275669097900391e-01,4.944524466991424561e-01,2.895151078701019287e-01,2.578205466270446777e-01,4.800023734569549561e-01,2.925158143043518066e-01,-6.078298017382621765e-02,-1.078556254506111145e-01,8.679878711700439453e-02,-4.218507185578346252e-02,2.098605036735534668e-02,-1.184463128447532654e-01,-1.411927491426467896e-01,-2.346844375133514404e-01,7.647190988063812256e-02,8.234122395515441895e-02,8.063366264104843140e-02,1.949099265038967133e-02,1.005575954914093018e-01,7.886213250458240509e-03,-1.200915649533271790e-01,-2.420946508646011353e-01,-1.277268230915069580e-01,-1.985917687416076660e-01,-9.779950976371765137e-02,-1.330622881650924683e-01,-1.057891920208930969e-01,-1.200274080038070679e-01,9.939029114320874214e-04,9.372150152921676636e-02,8.348807692527770996e-02,5.853681266307830811e-02,-6.884502619504928589e-02,-9.616184234619140625e-02,-3.401077818125486374e-03,6.812390685081481934e-02
1.328679770231246948e-01,-3.663115203380584717e-02,1.940545290708541870e-01,1.276076287031173706e-01,-8.595868945121765137e-02,4.729060921818017960e-03,5.448663234710693359e-01,5.572565793991088867e-01,8.713462203741073608e-02,5.815565213561058044e-02,6.641629338264465332e-01,1.000000000000000000e+00,6.576945185661315918e-01,7.717562317848205566e-01,2.127671539783477783e-01,3.046367466449737549e-01,6.793813109397888184e-01,6.807780265808105469e-01,-2.823851108551025391e-01,-2.651706635951995850e-01,-1.268882188014686108e-03,4.821135848760604858e-02,3.148473203182220459e-01,1.675248295068740845e-01,-7.054673880338668823e-02,-5.997854098677635193e-02,-1.358554065227508545e-01,-2.769027836620807648e-02,5.979677438735961914e-01,5.093623399734497070e-01,3.161098361015319824e-01,4.151461720466613770e-01,4.093655645847320557e-01,4.930773377418518066e-01,5.621936917304992676e-01,6.275948882102966309e-01,3.442412912845611572e-01,1.980061382055282593e-01,1.314691901206970215e-01,1.257045120000839233e-01,3.212657272815704346e-01,2.186915427446365356e-01,3.832771480083465576e-01,4.363786280155181885e-01,4.450042545795440674e-01,4.243467450141906738e-01,3.051162958145141602e-01,2.692249715328216553e-01,4.311963021755218506e-01,3.909174203872680664e-01,4.908119738101959229e-01,4.335272610187530518e-01,3.306872546672821045e-01,1.534938961267471313e-01,2.378631383180618286e-01,1.899827122688293457e-01,1.491807103157043457e-01,-1.019678488373756409e-01,-2.850081622600555420e-01,-4.550479352474212646e-01,1.915426403284072876e-01,-1.944514364004135132e-01,5.711112618446350098e-01,6.616818904876708984e-01,4.587065875530242920e-01,3.056495189666748047e-01,-1.513007283210754395e-02,1.945369690656661987e-01,-4.164399206638336182e-01,-3.771315515041351318e-01,3.594575822353363037e-01,5.837833285331726074e-01,5.951571464538574219e-01,6.035172343254089355e-01,4.812729656696319580e-01,4.906359314918518066e-01,4.038184285163879395e-01,4.241147637367248535e-01,6.672348380088806152e-01,5.414219498634338379e-01,6.222804188728332520e-01,5.642204284667968750e-01,3.305440843105316162e-01,3.510520756244659424e-01,4.971015751361846924e-01,4.145827889442443848e-01,1.057649310678243637e-02,2.245519682765007019e-02,1.578108817338943481e-01,1.372193545103073120e-01,1.243597939610481262e-01,-1.543289609253406525e-02,-3.592041879892349243e-02,-2.303749322891235352e-01,1.730549484491348267e-01,1.432220339775085449e-01,1.597083657979965210e-01,1.086838617920875549e-01,2.253013402223587036e-01,1.330559849739074707e-01,2.500723116099834442e-02,-1.979833394289016724e-01,8.995121344923973083e-03,-9.868314862251281738e-02,3.518288582563400269e-02,-1.676837541162967682e-02,-7.902744226157665253e-03,2.849747426807880402e-02,8.714331686496734619e-02,7.280101627111434937e-02,9.874301403760910034e-02,1.461973637342453003e-01,2.204109728336334229e-02,3.111412748694419861e-03,1.343289613723754883e-01,1.821560859680175781e-01
1.401968598365783691e-01,-3.464654088020324707e-01,8.437994867563247681e-02,-8.561819046735763550e-02,-8.815106004476547241e-02,-5.529260262846946716e-02,5.853331685066223145e-01,2.990220487117767334e-01,2.572273910045623779e-01,1.266909688711166382e-01,7.690460681915283203e-01,6.576945185661315918e-01,1.000000000000000000e+00,6.848965883255004883e-01,3.559873700141906738e-01,3.939067423343658447e-01,7.079007029533386230e-01,5.796868205070495605e-01,-2.721785604953765869e-01,-3.257308006286621094e-01,-2.270756289362907410e-02,6.668999046087265015e-02,1.581373959779739380e-01,5.012524779886007309e-03,-2.097070515155792236e-01,-1.884522587060928345e-01,-2.484629303216934204e-01,-3.372308984398841858e-02,6.747127175331115723e-01,5.061433911323547363e-01,1.656646281480789185e-01,2.685135602951049805e-01,3.799700438976287842e-01,4.307361245155334473e-01,6.297256946563720703e-01,6.423699855804443359e-01,3.909069895744323730e-01,2.190322279930114746e-01,1.886955499649047852e-01,1.545037329196929932e-01,3.840754032135009766e-01,2.680117785930633545e-01,4.478755593299865723e-01,4.443641602993011475e-01,4.456720650196075439e-01,3.619987368583679199e-01,3.215903043746948242e-01,2.925448715686798096e-01,3.709824085235595703e-01,2.226284444332122803e-01,5.327280163764953613e-01,3.089086711406707764e-01,3.302764296531677246e-01,1.434518247842788696e-01,2.709183990955352783e-01,1.504202485084533691e-01,5.016368627548217773e-02,-3.586501181125640869e-01,-4.644458293914794922e-01,-6.350156068801879883e-01,5.073355138301849365e-02,-4.514102339744567871e-01,6.125458478927612305e-01,4.346796274185180664e-01,3.960920274257659912e-01,6.582529842853546143e-02,-5.784098431468009949e-02,1.369717270135879517e-01,-4.891262650489807129e-01,-4.485604166984558105e-01,5.180757045745849609e-01,6.331207156181335449e-01,6.997570991516113281e-01,6.328254938125610352e-01,5.610136389732360840e-01,5.488265752792358398e-01,5.211066603660583496e-01,4.853293597698211670e-01,6.106241345405578613e-01,5.857875943183898926e-01,7.054080963134765625e-01,4.985808432102203369e-01,4.085711836814880371e-01,3.531911671161651611e-01,5.837960243225097656e-01,3.739650845527648926e-01,9.391956031322479248e-02,4.886892810463905334e-02,1.952891051769256592e-01,7.951112836599349976e-02,1.254962980747222900e-01,-3.853720426559448242e-02,-2.181904017925262451e-02,-1.926501244306564331e-01,1.627191901206970215e-01,1.509802639484405518e-01,1.888120174407958984e-01,1.090128272771835327e-01,2.168287038803100586e-01,1.129760295152664185e-01,5.456588789820671082e-02,-1.976002156734466553e-01,8.705629035830497742e-03,-1.077345162630081177e-01,2.625634148716926575e-02,-2.684987895190715790e-02,3.319295123219490051e-02,-2.730780281126499176e-02,6.016848981380462646e-02,1.454543769359588623e-01,2.093022614717483521e-01,1.784632652997970581e-01,4.858322441577911377e-02,1.208193507045507431e-02,8.929781615734100342e-02,1.703595221042633057e-01
