1.000000000000000000e+00,4.720672667026519775e-01,3.307633697986602783e-01,4.464527666568756104e-01,-7.727902382612228394e-02,1.021297499537467957e-01,4.504748880863189697e-01,2.593911886215209961e-01,-1.359151303768157959e-01,-4.336851835250854492e-02,3.644408881664276123e-01,4.399540126323699951e-01,1.439380347728729248e-01,3.939850628376007080e-01,-2.155012637376785278e-01,2.629131637513637543e-02,5.083950757980346680e-01,5.057739615440368652e-01,5.716003477573394775e-02,7.112636417150497437e-02,-1.080095693469047546e-01,-1.865139603614807129e-01,3.302280604839324951e-01,3.208763897418975830e-01,1.152180321514606476e-02,1.097614597529172897e-02,6.452630460262298584e-02,7.787501066923141479e-02,7.518099248409271240e-02,1.697197109460830688e-01,3.569454550743103027e-01,2.862252593040466309e-01,1.041398122906684875e-01,1.607503294944763184e-01,2.153107076883316040e-01,1.519912034273147583e-01,1.136129572987556458e-01,-2.219570614397525787e-02,-4.075266420841217041e-02,2.853108011186122894e-02,-1.940487176179885864e-01,-5.752845481038093567e-02,2.283681482076644897e-01,2.576719224452972412e-01,8.579560555517673492e-03,1.227958220988512039e-02,1.593654006719589233e-01,1.954957246780395508e-01,6.486720591783523560e-02,1.924592107534408569e-01,1.927234083414077759e-01,1.512421667575836182e-01,-9.721185266971588135e-02,-1.717206090688705444e-01,5.039468780159950256e-02,1.165802180767059326e-01,5.174022316932678223e-01,3.444257080554962158e-01,6.635196506977081299e-02,-1.041797697544097900e-01,3.492127656936645508e-01,1.721311956644058228e-01,9.439058601856231689e-02,2.093695402145385742e-01,2.702304422855377197e-01,2.103483080863952637e-01,1.978135555982589722e-01,2.058704197406768799e-01,2.438720762729644775e-01,2.819503545761108398e-01,2.959451973438262939e-01,2.754917442798614502e-01,-5.516147986054420471e-02,3.006187826395034790e-02,-1.801737956702709198e-02,-8.238487876951694489e-03,-1.672778427600860596e-01,-2.205574661493301392e-01,2.389282882213592529e-01,4.042919278144836426e-01,4.419519007205963135e-01,4.376162886619567871e-01,-1.715541630983352661e-01,8.623982220888137817e-02,4.493620097637176514e-01,4.278511106967926025e-01,-1.357264965772628784e-01,1.971177943050861359e-02,1.354673951864242554e-01,1.201821714639663696e-01,3.692507743835449219e-02,1.295917630195617676e-01,1.323333978652954102e-01,1.895153075456619263e-01,2.059331685304641724e-01,2.965652346611022949e-01,5.285251140594482422e-02,1.812554448843002319e-01,1.173930093646049500e-01,1.750273257493972778e-01,3.198711872100830078e-01,1.824069619178771973e-01,4.301816523075103760e-01,3.868943154811859131e-01,3.498715460300445557e-01,3.119563758373260498e-01,2.943471670150756836e-01,2.398971021175384521e-01,4.440187662839889526e-02,-1.882932335138320923e-02,1.074095815420150757e-01,7.318782061338424683e-02,-9.358469396829605103e-02,1.726653128862380981e-01,1.417905241250991821e-01,2.655891776084899902e-01
4.720672667026519775e-01,1.000000000000000000e+00,4.274300038814544678e-01,4.744743406772613525e-01,-8.345639705657958984e-02,1.375192105770111084e-01,4.561357796192169189e-01,4.927620887756347656e-01,-9.618370980024337769e-02,2.929771691560745239e-02,1.527979373931884766e-01,2.224604040384292603e-01,-1.763300970196723938e-02,3.404690325260162354e-01,-1.394482851028442383e-01,1.923700273036956787e-01,2.405227422714233398e-01,3.095918893814086914e-01,1.132492870092391968e-01,1.925677508115768433e-01,-4.386766254901885986e-02,8.691979199647903442e-02,2.804479897022247314e-01,2.343658804893493652e-01,-1.198999350890517235e-03,3.788815811276435852e-02,-5.342407524585723877e-02,-5.382930859923362732e-02,-3.317496925592422485e-02,7.193102687597274780e-02,1.202113479375839233e-01,1.563845723867416382e-01,2.167462110519409180e-01,2.354871183633804321e-01,2.300696223974227905e-01,7.667627930641174316e-02,2.051733434200286865e-01,-1.793777197599411011e-02,-1.449829488992691040e-01,-1.161096468567848206e-01,-2.077763229608535767e-01,-1.716391742229461670e-01,3.330534100532531738e-01,3.349445462226867676e-01,1.067317947745323181e-01,1.770149022340774536e-01,2.858560681343078613e-01,2.323823720216751099e-01,1.429891139268875122e-01,2.895925343036651611e-01,1.733171045780181885e-01,2.250084578990936279e-01,-5.745777394622564316e-03,-8.608730137348175049e-02,1.525948941707611084e-01,2.521896958351135254e-01,3.696132004261016846e-01,5.514297485351562500e-01,1.040674969553947449e-01,1.733287572860717773e-01,2.430707961320877075e-01,2.037523537874221802e-01,1.384069323539733887e-01,3.081487715244293213e-01,1.325528025627136230e-01,3.057052791118621826e-01,3.486266732215881348e-01,3.806665837764739990e-01,2.169181257486343384e-01,3.032771050930023193e-01,2.912215590476989746e-01,3.203613162040710449e-01,-1.734795272350311279e-01,-3.012763336300849915e-02,-1.252972483634948730e-01,-1.105664744973182678e-01,-2.015484869480133057e-01,-1.006461530923843384e-01,1.547014415264129639e-01,1.517727226018905640e-01,2.886417806148529053e-01,4.131030738353729248e-01,-1.502403616905212402e-01,1.217007264494895935e-01,2.676911652088165283e-01,3.766048252582550049e-01,-3.569344058632850647e-02,1.326681673526763916e-01,2.385495752096176147e-01,2.588954269886016846e-01,1.498109251260757446e-01,2.288714051246643066e-01,1.322046667337417603e-01,1.866034269332885742e-01,2.089755833148956299e-01,2.428271174430847168e-01,1.528760790824890137e-01,2.759082317352294922e-01,2.026013731956481934e-01,3.241104483604431152e-01,3.284003138542175293e-01,2.096735835075378418e-01,4.838375449180603027e-01,4.507049322128295898e-01,4.088402986526489258e-01,4.332547187805175781e-01,2.378041893243789673e-01,2.263245284557342529e-01,1.397858113050460815e-01,2.739102207124233246e-02,7.967586070299148560e-02,1.551271378993988037e-01,-5.430956929922103882e-02,2.125245779752731323e-01,3.279742300510406494e-01,3.525408804416656494e-01
3.307633697986602783e-01,4.274300038814544678e-01,1.000000000000000000e+00,5.391322970390319824e-01,9.188217669725418091e-02,4.400156065821647644e-02,6.000650525093078613e-01,3.158932030200958252e-01,1.261221021413803101e-01,-1.581317931413650513e-02,1.822358369827270508e-01,7.675514370203018188e-02,1.897266656160354614e-01,1.629632115364074707e-01,1.412405818700790405e-01,6.595043838024139404e-02,1.587015688419342041e-01,1.088748276233673096e-01,-2.204978466033935547e-02,-8.772405795753002167e-03,1.680298298597335815e-01,-2.978525683283805847e-02,5.492923259735107422e-01,4.577296078205108643e-01,2.289009988307952881e-01,1.660270839929580688e-01,-9.498187573626637459e-04,-3.738876199349761009e-03,3.806933015584945679e-02,4.019601270556449890e-02,2.866099178791046143e-01,2.257747501134872437e-01,1.308147013187408447e-01,1.857145428657531738e-01,-3.403814882040023804e-02,-6.592028588056564331e-02,1.184303537011146545e-01,3.486573696136474609e-02,5.854548513889312744e-02,-3.295305743813514709e-02,-4.823345225304365158e-03,-5.711859092116355896e-02,8.068901300430297852e-02,1.197914257645606995e-01,-8.474712818861007690e-02,8.219708502292633057e-02,1.080407500267028809e-01,1.400948017835617065e-01,1.364299505949020386e-01,1.201089322566986084e-01,3.654148802161216736e-02,5.631348118185997009e-02,2.677913568913936615e-02,-7.620310783386230469e-02,1.822946220636367798e-01,5.618862807750701904e-02,3.263529539108276367e-01,2.947023212909698486e-01,1.388145238161087036e-01,1.879010945558547974e-01,1.295678764581680298e-01,1.391156464815139771e-01,1.895186603069305420e-01,1.201331391930580139e-01,-2.568733505904674530e-02,2.112262696027755737e-01,1.141648888587951660e-01,1.603211611509323120e-01,1.069459393620491028e-01,1.272407919168472290e-01,1.722149103879928589e-01,1.167407855391502380e-01,-7.402550429105758667e-02,-3.444581851363182068e-02,-1.328124254941940308e-01,-9.957473725080490112e-02,-1.966694891452789307e-01,-2.461932450532913208e-01,2.248387224972248077e-02,1.320091336965560913e-01,2.827199697494506836e-01,2.190552055835723877e-01,1.226769387722015381e-01,-4.728005453944206238e-02,2.674160301685333252e-01,1.784117519855499268e-01,8.978076279163360596e-02,-1.209968701004981995e-01,2.308498471975326538e-01,1.532271951436996460e-01,1.770016700029373169e-01,1.627062708139419556e-01,4.804147407412528992e-02,1.655953750014305115e-02,1.856575161218643188e-01,1.627352088689804077e-01,1.416755169630050659e-01,1.624909192323684692e-01,1.046567484736442566e-01,1.267269402742385864e-01,1.883075535297393799e-01,2.626333013176918030e-02,2.641485929489135742e-01,2.503671050071716309e-01,2.778550684452056885e-01,2.645405232906341553e-01,9.572262316942214966e-02,6.744370609521865845e-02,1.217740252614021301e-01,9.787910431623458862e-02,1.454201042652130127e-01,8.381797373294830322e-02,-3.066140972077846527e-02,1.282349526882171631e-01,1.878589689731597900e-01,1.576828658580780029e-01
4.464527666568756104e-01,4.744743406772613525e-01,5.391322970390319824e-01,1.000000000000000000e+00,-4.848809167742729187e-02,7.961650192737579346e-02,5.174233913421630859e-01,5.326403379440307617e-01,-8.301296085119247437e-02,-7.066849619150161743e-02,2.439027428627014160e-01,2.935429513454437256e-01,2.417021393775939941e-01,3.866913616657257080e-01,-1.447640359401702881e-01,5.306174606084823608e-02,2.448185831308364868e-01,2.797732949256896973e-01,1.061729192733764648e-01,2.175941467285156250e-01,7.499780505895614624e-03,-5.123793706297874451e-02,4.398044645786285400e-01,5.029037594795227051e-01,6.125451251864433289e-02,4.050033539533615112e-02,-1.427990198135375977e-02,1.979611814022064209e-02,1.616005301475524902e-01,2.355594485998153687e-01,2.220575809478759766e-01,2.817080020904541016e-01,1.052359342575073242e-01,1.570003777742385864e-01,6.439840048551559448e-02,-4.376904573291540146e-03,1.391478031873703003e-01,9.322389960289001465e-02,5.803778395056724548e-02,1.446737498044967651e-01,-2.624388970434665680e-02,-1.111160870641469955e-02,1.682019531726837158e-01,2.485283762216567993e-01,4.236786440014839172e-02,1.384280771017074585e-01,1.400202214717864990e-01,1.684874147176742554e-01,7.016593962907791138e-02,1.137754321098327637e-01,1.066889017820358276e-01,1.316652148962020874e-01,2.023330162046477199e-04,-9.693250060081481934e-03,1.299417316913604736e-01,2.225598990917205811e-01,3.625720739364624023e-01,3.960882425308227539e-01,1.988904625177383423e-01,6.464239209890365601e-02,1.775430291891098022e-01,1.335086971521377563e-01,1.654661148786544800e-01,4.132333695888519287e-01,6.807741522789001465e-02,2.412673979997634888e-01,2.658255994319915771e-01,2.976319789886474609e-01,1.328663676977157593e-01,1.570720076560974121e-01,2.353999763727188110e-01,2.057448178529739380e-01,7.191062718629837036e-02,1.180403903126716614e-01,8.581780642271041870e-02,7.253196090459823608e-02,-2.950032986700534821e-02,-8.455037325620651245e-02,9.387826174497604370e-02,1.538650989532470703e-01,2.958997488021850586e-01,3.089648783206939697e-01,3.651438280940055847e-03,6.750354170799255371e-02,2.612738609313964844e-01,3.146933615207672119e-01,-2.017247118055820465e-02,8.285579085350036621e-02,1.173057779669761658e-01,2.360804826021194458e-01,1.089997962117195129e-01,2.246092557907104492e-01,9.311066567897796631e-02,2.924030274152755737e-02,1.989692598581314087e-01,2.107402086257934570e-01,6.675235927104949951e-02,1.485784947872161865e-01,8.816970884799957275e-02,1.613381505012512207e-01,7.758226245641708374e-02,-1.528738066554069519e-02,1.828028261661529541e-01,2.258179634809494019e-01,1.622251123189926147e-01,1.962566673755645752e-01,4.604149609804153442e-02,4.478988796472549438e-02,1.330542862415313721e-01,1.385424733161926270e-01,1.353599429130554199e-01,1.686767935752868652e-01,6.886409968137741089e-02,1.065394133329391479e-01,1.244533434510231018e-01,9.565814584493637085e-02
-7.727902382612228394e-02,-8.345639705657958984e-02,9.188217669725418091e-02,-4.848809167742729187e-02,1.000000000000000000e+00,6.309099793434143066e-01,1.069996505975723267e-01,-2.150847017765045166e-02,7.904921174049377441e-01,5.644553303718566895e-01,7.872681319713592529e-02,-8.565112203359603882e-02,3.199941813945770264e-01,2.374044153839349747e-03,6.072848439216613770e-01,3.027341365814208984e-01,5.262469127774238586e-02,-7.032178808003664017e-03,2.684523910284042358e-02,-8.635807782411575317e-02,-2.725723013281822205e-02,-1.439939141273498535e-01,1.369472313672304153e-02,-3.439155640080571175e-03,6.275056600570678711e-01,5.002055168151855469e-01,6.853249073028564453e-01,5.915879607200622559e-01,3.134809061884880066e-02,-1.664254814386367798e-01,2.061537951231002808e-01,1.638703793287277222e-01,-1.161546856164932251e-01,-1.290894150733947754e-01,-1.301852762699127197e-01,3.752439841628074646e-02,-1.247718483209609985e-01,-3.289205431938171387e-01,2.723461091518402100e-01,5.156362429261207581e-02,-1.354733258485794067e-01,-1.931959837675094604e-01,-1.028238460421562195e-01,-1.767170280218124390e-01,-3.628585115075111389e-02,-1.320303231477737427e-01,-1.424344927072525024e-01,-1.125118136405944824e-01,-4.881028085947036743e-02,-1.036572530865669250e-01,-1.582713574171066284e-01,-1.590398252010345459e-01,-7.057379186153411865e-02,9.980535507202148438e-02,2.307286560535430908e-01,1.016136854887008667e-01,-6.957449018955230713e-03,6.747427582740783691e-02,2.498604506254196167e-01,3.264570236206054688e-01,9.225758910179138184e-02,2.720783948898315430e-01,-4.450646042823791504e-02,-5.344877764582633972e-02,7.612570654600858688e-03,2.804397791624069214e-02,-7.501004729419946671e-03,1.630423776805400848e-02,1.399203985929489136e-01,1.383580500259995461e-03,-4.045648500323295593e-02,3.311428427696228027e-02,-1.780196577310562134e-01,-2.459579557180404663e-01,-6.373824924230575562e-02,-3.377437219023704529e-02,-3.691150993108749390e-02,-1.009438466280698776e-02,-6.030137464404106140e-02,1.009991839528083801e-01,2.233446016907691956e-02,-1.957703940570354462e-02,5.226486325263977051e-01,1.950832903385162354e-01,1.475930809974670410e-01,1.135285943746566772e-01,3.293013274669647217e-01,7.432538270950317383e-02,3.278352022171020508e-01,2.368854880332946777e-01,2.036001384258270264e-01,1.493725627660751343e-01,1.948672682046890259e-01,1.895468384027481079e-01,-1.245507001876831055e-01,-1.292572617530822754e-01,1.631388813257217407e-01,7.572506368160247803e-02,1.186506673693656921e-01,5.228373408317565918e-02,1.041469499468803406e-01,1.982240080833435059e-01,6.792417168617248535e-02,7.745478302240371704e-02,1.611117273569107056e-01,1.376925259828567505e-01,2.409546077251434326e-01,2.151116132736206055e-01,-1.650128066539764404e-01,9.111347049474716187e-02,1.089284121990203857e-01,5.303541198372840881e-02,3.127289190888404846e-02,-1.335055977106094360e-01,9.468542039394378662e-02,9.151550382375717163e-02
1.021297499537467957e-01,1.375192105770111084e-01,4.400156065821647644e-02,7.961650192737579346e-02,6.309099793434143066e-01,1.000000000000000000e+00,1.369989961385726929e-01,2.010390162467956543e-01,5.083754062652587891e-01,6.616063117980957031e-01,-5.927794147282838821e-03,8.326932042837142944e-02,1.065290346741676331e-01,2.338193506002426147e-01,2.861384749412536621e-01,4.068042337894439697e-01,1.275605559349060059e-01,9.072649478912353516e-02,1.379793137311935425e-02,-3.754059225320816040e-02,-1.488830149173736572e-01,-1.571401506662368774e-01,1.035454794764518738e-01,7.054343819618225098e-02,5.685498118400573730e-01,5.365298986434936523e-01,6.562362313270568848e-01,6.700829267501831055e-01,-2.279188483953475952e-02,-8.264774829149246216e-02,2.419013082981109619e-01,2.625046968460083008e-01,3.004699200391769409e-02,3.059227392077445984e-02,1.940460950136184692e-01,2.723306417465209961e-01,-7.632001489400863647e-02,-3.516395092010498047e-01,1.906718164682388306e-01,3.736361488699913025e-02,-2.415961027145385742e-01,-3.041484951972961426e-01,7.096257060766220093e-02,7.115597277879714966e-02,6.890977919101715088e-02,-2.991180866956710815e-02,2.284847199916839600e-02,9.252813644707202911e-03,2.887934260070323944e-02,3.581101074814796448e-02,-1.319642551243305206e-02,6.629846058785915375e-03,7.084493990987539291e-04,1.455842256546020508e-01,1.438793092966079712e-01,2.226863801479339600e-01,1.201597973704338074e-01,2.160971611738204956e-01,2.493822276592254639e-01,1.581791043281555176e-01,1.769431531429290771e-01,1.718925982713699341e-01,-6.259599328041076660e-02,1.185199543833732605e-01,1.256151795387268066e-01,6.266284734010696411e-02,1.547239422798156738e-01,1.347767412662506104e-01,1.589335352182388306e-01,7.241167128086090088e-02,1.153092011809349060e-01,2.431184202432632446e-01,-1.715527176856994629e-01,-2.210051268339157104e-01,-6.073620915412902832e-02,-8.396991179324686527e-04,-6.071880087256431580e-02,3.376938775181770325e-02,4.594903439283370972e-02,1.599758565425872803e-01,3.847398608922958374e-02,1.002906560897827148e-01,1.283831447362899780e-01,2.913725376129150391e-01,1.753967702388763428e-01,1.906719505786895752e-01,4.474445804953575134e-02,1.468323469161987305e-01,1.985881030559539795e-01,3.062237203121185303e-01,4.927928000688552856e-02,1.514070034027099609e-01,1.377140581607818604e-01,2.925141453742980957e-01,-1.344092488288879395e-01,-2.334428764879703522e-02,2.165500223636627197e-01,2.663088440895080566e-01,8.093923330307006836e-02,9.918949753046035767e-02,1.294275671243667603e-01,2.889645099639892578e-01,1.454480886459350586e-01,1.568531990051269531e-01,2.181006669998168945e-01,2.532329559326171875e-01,2.642270922660827637e-01,3.164007365703582764e-01,-1.570682674646377563e-01,1.776317358016967773e-01,3.000837266445159912e-01,1.370653361082077026e-01,-1.251152306795120239e-01,-1.276362985372543335e-01,2.306008338928222656e-01,2.177006304264068604e-01
4.504748880863189697e-01,4.561357796192169189e-01,6.000650525093078613e-01,5.174233913421630859e-01,1.069996505975723267e-01,1.369989961385726929e-01,1.000000000000000000e+00,5.362055897712707520e-01,1.139876767992973328e-01,6.895938515663146973e-02,3.701402246952056885e-01,2.300435751676559448e-01,4.148975014686584473e-01,3.399792313575744629e-01,4.530521482229232788e-02,8.229239284992218018e-02,2.893819808959960938e-01,2.430062890052795410e-01,8.795854449272155762e-02,1.244985312223434448e-01,3.918725997209548950e-02,5.204036086797714233e-02,4.991590082645416260e-01,4.713280498981475830e-01,1.423549950122833252e-01,1.968752890825271606e-01,1.305467337369918823e-01,1.160965338349342346e-01,1.708759069442749023e-01,8.699915558099746704e-02,3.034513890743255615e-01,3.297552764415740967e-01,2.452445775270462036e-01,2.975843846797943115e-01,4.081717878580093384e-02,-3.449191153049468994e-02,9.241040050983428955e-02,-9.720148891210556030e-02,-2.734659798443317413e-02,-8.811958134174346924e-02,-1.720292866230010986e-01,-2.091204524040222168e-01,2.159413993358612061e-01,2.253436744213104248e-01,-1.272534132003784180e-01,6.317244470119476318e-02,7.091897726058959961e-02,4.177637025713920593e-02,1.081204712390899658e-01,1.711427569389343262e-01,1.158297657966613770e-01,1.211397498846054077e-01,-1.656254939734935760e-02,-6.055855005979537964e-02,2.467476576566696167e-01,1.377990245819091797e-01,5.395426750183105469e-01,3.722479045391082764e-01,2.106109261512756348e-01,1.510710865259170532e-01,2.318797409534454346e-01,6.505504995584487915e-02,3.153941929340362549e-01,2.812726795673370361e-01,1.415284723043441772e-01,1.958409398794174194e-01,1.934045255184173584e-01,2.244455069303512573e-01,1.057651638984680176e-02,2.008668892085552216e-02,2.992460727691650391e-01,2.995917499065399170e-01,-1.373116578906774521e-02,2.321281097829341888e-02,-9.128288179636001587e-02,-3.536206111311912537e-02,-7.635279744863510132e-02,-1.259332746267318726e-01,8.882716298103332520e-02,1.702393442392349243e-01,4.427809119224548340e-01,3.718050122261047363e-01,1.080746576189994812e-01,-3.219845518469810486e-02,4.203779399394989014e-01,3.464315831661224365e-01,1.270442605018615723e-01,-1.347752194851636887e-02,3.266074359416961670e-01,2.450351417064666748e-01,1.894375979900360107e-01,1.766229122877120972e-01,9.602168947458267212e-02,5.073720961809158325e-02,1.952984929084777832e-01,2.127220183610916138e-01,1.923566162586212158e-01,2.621049582958221436e-01,1.423492729663848877e-01,2.274952828884124756e-01,3.035161793231964111e-01,1.434318721294403076e-01,3.839433789253234863e-01,3.683373034000396729e-01,3.521493375301361084e-01,3.179778158664703369e-01,2.559428513050079346e-01,1.895168721675872803e-01,7.529291510581970215e-02,1.198379024863243103e-01,1.655074506998062134e-01,3.939839825034141541e-02,-4.167094454169273376e-02,1.900044083595275879e-01,2.004019320011138916e-01,2.776533067226409912e-01
2.593911886215209961e-01,4.927620887756347656e-01,3.158932030200958252e-01,5.326403379440307617e-01,-2.150847017765045166e-02,2.010390162467956543e-01,5.362055897712707520e-01,1.000000000000000000e+00,-4.126964509487152100e-02,2.531771659851074219e-01,1.958992332220077515e-01,3.861268758773803711e-01,1.770615130662918091e-01,5.725113153457641602e-01,-1.056701987981796265e-01,3.223972916603088379e-01,1.537197381258010864e-01,2.951461374759674072e-01,7.245212793350219727e-02,2.483268231153488159e-01,6.946591287851333618e-02,2.677558958530426025e-01,4.136098027229309082e-01,4.549878239631652832e-01,8.084686100482940674e-02,2.500491440296173096e-01,7.817064970731735229e-02,1.269067227840423584e-01,1.563371270895004272e-01,2.771306335926055908e-01,2.434632778167724609e-01,4.113958477973937988e-01,3.390249907970428467e-01,3.695610463619232178e-01,1.722718626260757446e-01,9.936552494764328003e-02,2.363267689943313599e-01,6.154061108827590942e-02,-8.621131628751754761e-02,-1.152206491678953171e-02,-8.949210494756698608e-02,-1.090796589851379395e-01,1.513271331787109375e-01,1.955995708703994751e-01,-2.563497610390186310e-02,1.206030994653701782e-01,9.189874678850173950e-02,6.291323155164718628e-02,5.775049701333045959e-02,1.092265173792839050e-01,7.712227106094360352e-02,7.033561915159225464e-02,4.871363937854766846e-02,1.470601856708526611e-01,9.964359551668167114e-02,3.159974813461303711e-01,2.891704738140106201e-01,4.513457119464874268e-01,3.324077725410461426e-01,1.902498453855514526e-01,1.727002561092376709e-01,1.060779169201850891e-01,1.238192319869995117e-01,4.869488477706909180e-01,5.557926744222640991e-02,2.050055265426635742e-01,3.443063497543334961e-01,3.072232007980346680e-01,-7.317405939102172852e-02,-2.107989741489291191e-03,3.307145833969116211e-01,3.999192416667938232e-01,6.262611597776412964e-02,1.151075959205627441e-01,-1.238309050677344203e-04,9.783538989722728729e-04,1.720090210437774658e-01,1.870063245296478271e-01,1.218895167112350464e-01,9.469805657863616943e-02,2.645111978054046631e-01,4.034149348735809326e-01,-1.022613868117332458e-01,2.351994663476943970e-01,2.154754549264907837e-01,4.156945943832397461e-01,-3.277685493230819702e-02,1.992433667182922363e-01,2.212704420089721680e-01,5.207579731941223145e-01,7.754884660243988037e-02,2.564698159694671631e-01,-2.263833396136760712e-02,1.453484874218702316e-02,1.636965125799179077e-01,2.015005499124526978e-01,1.818467378616333008e-01,3.180097937583923340e-01,2.335906401276588440e-02,2.030137181282043457e-01,7.779697328805923462e-02,4.911091178655624390e-02,1.646987944841384888e-01,1.989858895540237427e-01,1.064692363142967224e-01,1.376593858003616333e-01,3.988114371895790100e-02,1.012780740857124329e-01,1.818784028291702271e-01,1.818397045135498047e-01,1.980305612087249756e-01,3.615450114011764526e-02,-5.920401960611343384e-02,1.149226129055023193e-01,1.701857447624206543e-01,2.434643507003784180e-01
-1.359151303768157959e-01,-9.618370980024337769e-02,1.261221021413803101e-01,-8.301296085119247437e-02,7.904921174049377441e-01,5.083754062652587891e-01,1.139876767992973328e-01,-4.126964509487152100e-02,1.000000000000000000e+00,5.438240170478820801e-01,4.499058797955513000e-02,-1.427844613790512085e-01,2.605729997158050537e-01,-8.256956189870834351e-02,6.701326370239257812e-01,2.863081395626068115e-01,-1.478205714374780655e-02,-1.000343486666679382e-01,8.714371360838413239e-03,-9.594386816024780273e-02,5.840085446834564209e-03,-1.614024490118026733e-01,-1.587145961821079254e-02,-4.813038930296897888e-02,6.309942603111267090e-01,5.173980593681335449e-01,6.032527089118957520e-01,5.488121509552001953e-01,-3.306756168603897095e-02,-2.052306532859802246e-01,1.426464617252349854e-01,5.222821608185768127e-02,-1.496756225824356079e-01,-1.702737808227539062e-01,-1.677500903606414795e-01,-3.450024873018264771e-02,-1.586156487464904785e-01,-3.675752580165863037e-01,2.189537584781646729e-01,-1.656774803996086121e-02,-1.962722390890121460e-01,-1.905554682016372681e-01,-1.149466484785079956e-01,-1.917754560708999634e-01,-5.913916602730751038e-02,-1.027774810791015625e-01,-1.564464718103408813e-01,-1.173881515860557556e-01,2.722232835367321968e-03,-1.249240860342979431e-01,-2.059122025966644287e-01,-1.935854703187942505e-01,-4.644576832652091980e-02,1.676274836063385010e-01,3.046766221523284912e-01,1.280013471841812134e-01,-2.373057790100574493e-02,5.615455657243728638e-02,2.611361443996429443e-01,3.818896412849426270e-01,6.647066771984100342e-02,2.931829690933227539e-01,-1.791604049503803253e-02,-6.413600593805313110e-02,-7.436212152242660522e-02,7.341936230659484863e-02,-4.564112983644008636e-03,4.309640079736709595e-02,1.665079891681671143e-01,-2.147748600691556931e-03,-7.174172438681125641e-03,4.438609257340431213e-02,-2.928853034973144531e-01,-2.773367762565612793e-01,-1.855972260236740112e-01,-7.685578614473342896e-02,-6.096390634775161743e-02,-2.685703337192535400e-02,-3.185163065791130066e-02,1.062387321144342422e-02,-3.680521249771118164e-02,-9.776890277862548828e-02,5.170216560363769531e-01,1.542829275131225586e-01,1.213496327400207520e-01,8.418399095535278320e-02,3.151078224182128906e-01,-1.569847390055656433e-02,3.847205340862274170e-01,2.344135940074920654e-01,2.516523599624633789e-01,2.088584154844284058e-01,1.836503446102142334e-01,1.727125495672225952e-01,-1.376669257879257202e-01,-1.297295838594436646e-01,2.211809754371643066e-01,5.883468315005302429e-02,1.461530774831771851e-01,6.491463631391525269e-02,9.951555728912353516e-02,1.481095701456069946e-01,5.513957142829895020e-02,3.508659824728965759e-02,1.673309803009033203e-01,1.250266134738922119e-01,2.260069847106933594e-01,1.990386843681335449e-01,-1.352897584438323975e-01,9.260807931423187256e-02,9.888499975204467773e-02,6.379794329404830933e-02,5.036379024386405945e-02,-9.760525822639465332e-02,1.211770847439765930e-01,9.460107982158660889e-02
-4.336851835250854492e-02,2.929771691560745239e-02,-1.581317931413650513e-02,-7.066849619150161743e-02,5.644553303718566895e-01,6.616063117980957031e-01,6.895938515663146973e-02,2.531771659851074219e-01,5.438240170478820801e-01,1.000000000000000000e+00,-9.264014661312103271e-02,1.122841387987136841e-01,-5.727908387780189514e-02,2.049003988504409790e-01,3.434499502182006836e-01,5.044504404067993164e-01,-3.406289219856262207e-02,7.275386247783899307e-03,-5.018449947237968445e-02,-1.055140718817710876e-01,4.262706264853477478e-02,2.148567140102386475e-02,4.219018295407295227e-02,2.422738634049892426e-02,5.042089819908142090e-01,6.241920590400695801e-01,5.694157481193542480e-01,6.313502192497253418e-01,-1.738834232091903687e-01,-4.624501988291740417e-02,1.697972118854522705e-01,1.568032801151275635e-01,1.737123131752014160e-01,1.489790230989456177e-01,1.607887893915176392e-01,2.660491168498992920e-01,-4.489187896251678467e-02,-2.789654433727264404e-01,6.350492686033248901e-02,-7.230176590383052826e-03,-1.278112083673477173e-01,-1.632917672395706177e-01,-1.354778856039047241e-01,-1.464121788740158081e-01,-1.262800842523574829e-01,-1.687778085470199585e-01,-1.579126417636871338e-01,-1.426874250173568726e-01,-8.760187029838562012e-02,-1.568583846092224121e-01,-2.043037265539169312e-01,-1.937554627656936646e-01,-1.277692466974258423e-01,1.199758574366569519e-01,-1.417024992406368256e-02,1.428202390670776367e-01,-6.787179410457611084e-02,9.828505665063858032e-02,3.697785735130310059e-01,1.954167187213897705e-01,1.003265827894210815e-01,1.999657899141311646e-01,-2.329069077968597412e-01,6.068387627601623535e-02,-4.481981322169303894e-02,2.750920690596103668e-02,9.645558893680572510e-02,4.656003788113594055e-02,-5.659808218479156494e-02,-6.882893294095993042e-02,8.752607554197311401e-02,2.156958281993865967e-01,-2.295927405357360840e-01,-2.029815614223480225e-01,-1.410883516073226929e-01,-9.694685786962509155e-02,-2.100358717143535614e-02,7.432793825864791870e-02,-3.499213606119155884e-02,7.075411081314086914e-02,-1.040392816066741943e-01,4.971831291913986206e-02,7.264286279678344727e-02,3.261004388332366943e-01,-1.491096429526805878e-02,1.517530828714370728e-01,1.045326353050768375e-03,1.150951534509658813e-01,1.261609196662902832e-01,3.977763056755065918e-01,-7.614476978778839111e-02,1.352619826793670654e-01,-7.176345586776733398e-02,9.242128580808639526e-02,-1.904375106096267700e-01,-1.039511561393737793e-01,1.575689464807510376e-01,1.730780601501464844e-01,-6.456166505813598633e-02,-1.620111055672168732e-02,2.848333865404129028e-02,1.027798056602478027e-01,-1.219411194324493408e-02,2.145506814122200012e-02,1.296618580818176270e-01,1.172195300459861755e-01,1.551502496004104614e-01,1.932865977287292480e-01,-1.341767758131027222e-01,1.133061721920967102e-01,2.780236303806304932e-01,2.964166924357414246e-02,-2.325899749994277954e-01,-1.937532424926757812e-01,1.581375747919082642e-01,2.397677302360534668e-01
3.644408881664276123e-01,1.527979373931884766e-01,1.822358369827270508e-01,2.439027428627014160e-01,7.872681319713592529e-02,-5.927794147282838821e-03,3.701402246952056885e-01,1.958992332220077515e-01,4.499058797955513000e-02,-9.264014661312103271e-02,1.000000000000000000e+00,4.763992130756378174e-01,5.893958806991577148e-01,3.688292801380157471e-01,2.273908108472824097e-01,2.935094535350799561e-01,6.904602646827697754e-01,5.579000711441040039e-01,6.810554116964340210e-02,1.108555495738983154e-01,2.122416049242019653e-01,-1.734833419322967529e-02,1.018501743674278259e-01,1.644264012575149536e-01,1.469258870929479599e-02,-1.525839604437351227e-02,2.237257547676563263e-02,-7.999216020107269287e-02,5.728371143341064453e-01,2.822969257831573486e-01,2.518608868122100830e-01,2.425503432750701904e-01,5.774173885583877563e-03,6.459401547908782959e-02,1.934752427041530609e-02,-7.625555992126464844e-02,1.985971629619598389e-01,7.513611018657684326e-02,8.595924079418182373e-02,7.408096641302108765e-02,-3.018472110852599144e-03,-5.663822963833808899e-02,2.661055028438568115e-01,1.806896328926086426e-01,3.806365886703133583e-03,8.334042131900787354e-02,2.567173838615417480e-01,2.340384870767593384e-01,1.467745453119277954e-01,1.135418936610221863e-01,1.635639369487762451e-01,7.925418019294738770e-02,-5.061301589012145996e-02,-1.920093744993209839e-01,2.121738046407699585e-01,2.177108079195022583e-01,2.660602033138275146e-01,1.907266974449157715e-01,-9.061552584171295166e-02,5.298436433076858521e-02,6.565252691507339478e-02,1.741109043359756470e-01,3.020629584789276123e-01,5.685923993587493896e-02,5.817190557718276978e-02,7.007875293493270874e-02,6.715998053550720215e-02,2.025379836559295654e-01,1.539477556943893433e-01,5.716383829712867737e-02,3.663622736930847168e-01,3.196540176868438721e-01,2.923779487609863281e-01,2.134602367877960205e-01,1.786104291677474976e-01,1.339092850685119629e-01,2.357510328292846680e-01,1.094190180301666260e-01,3.427662551403045654e-01,4.508517086505889893e-01,5.966451168060302734e-01,4.362183809280395508e-01,3.181250393390655518e-01,1.826239526271820068e-01,5.681285858154296875e-01,4.112662672996520996e-01,5.030329525470733643e-02,-3.607169911265373230e-02,3.857035934925079346e-01,1.239760890603065491e-01,2.945085167884826660e-01,1.787581741809844971e-01,2.578107416629791260e-01,1.594666391611099243e-01,3.664701282978057861e-01,3.456968367099761963e-01,1.321389432996511459e-02,1.486874818801879883e-01,3.023514151573181152e-01,2.592893540859222412e-01,2.022897601127624512e-01,7.830033451318740845e-02,2.490208894014358521e-01,2.344759404659271240e-01,1.849743127822875977e-01,1.769860982894897461e-01,2.431641668081283569e-01,2.258423864841461182e-01,1.777102649211883545e-01,6.257046759128570557e-02,-1.771524250507354736e-01,2.147813439369201660e-01,1.715046167373657227e-01,2.663944363594055176e-01,4.727639257907867432e-03,1.049601659178733826e-01
4.399540126323699951e-01,2.224604040384292603e-01,7.675514370203018188e-02,2.935429513454437256e-01,-8.565112203359603882e-02,8.326932042837142944e-02,2.300435751676559448e-01,3.861268758773803711e-01,-1.427844613790512085e-01,1.122841387987136841e-01,4.763992130756378174e-01,1.000000000000000000e+00,2.108383476734161377e-01,6.197559237480163574e-01,-1.162564083933830261e-01,2.967088818550109863e-01,4.161804616451263428e-01,6.399819254875183105e-01,-4.231899976730346680e-02,1.644438132643699646e-02,8.035676926374435425e-02,8.294842392206192017e-02,1.399037837982177734e-01,2.281811982393264771e-01,-1.786524802446365356e-02,3.871284052729606628e-02,-1.121019013226032257e-02,3.277930989861488342e-02,2.441104799509048462e-01,5.532430410385131836e-01,1.710559427738189697e-01,2.325717657804489136e-01,1.903332471847534180e-01,2.541068792343139648e-01,1.789889931678771973e-01,9.439560770988464355e-02,2.135452181100845337e-01,2.251971662044525146e-01,7.594852894544601440e-02,3.186405599117279053e-01,2.581265941262245178e-02,2.588606178760528564e-01,1.557317525148391724e-01,2.313980162143707275e-01,1.763361319899559021e-02,1.001654658466577530e-02,7.122287154197692871e-02,1.479314118623733521e-01,5.589064955711364746e-02,8.754681050777435303e-02,7.834773510694503784e-02,5.760337784886360168e-02,-1.334999203681945801e-01,-3.264886140823364258e-02,-9.559045732021331787e-02,3.215335905551910400e-01,1.429079622030258179e-01,3.102757930755615234e-01,9.068174660205841064e-02,8.826176635921001434e-03,9.518608450889587402e-02,2.311034947633743286e-01,-7.274679839611053467e-02,2.612623274326324463e-01,-1.767851039767265320e-02,5.386299267411231995e-02,1.480897665023803711e-01,1.609239727258682251e-01,7.429913431406021118e-02,6.471955776214599609e-02,2.923534810543060303e-01,2.664270699024200439e-01,2.129686772823333740e-01,4.095661342144012451e-01,2.419356703758239746e-01,3.002218008041381836e-01,1.873081475496292114e-01,1.252686083316802979e-01,1.579920947551727295e-01,3.052926957607269287e-01,2.989632487297058105e-01,4.739033877849578857e-01,-9.593119472265243530e-02,4.984527230262756348e-01,2.413094043731689453e-01,4.793374538421630859e-01,-2.187322676181793213e-01,1.823948174715042114e-01,4.249236360192298889e-02,3.403018712997436523e-01,-2.394283376634120941e-02,1.953218579292297363e-01,2.138364128768444061e-02,1.078338474035263062e-01,2.000264078378677368e-01,2.462560832500457764e-01,-7.206701673567295074e-03,1.086319088935852051e-01,3.269981592893600464e-02,1.737354546785354614e-01,4.991457611322402954e-02,-2.368622273206710815e-02,6.822261959314346313e-02,7.984460145235061646e-02,1.563890837132930756e-02,5.037758871912956238e-02,5.698448419570922852e-02,9.291017055511474609e-02,1.197855025529861450e-01,7.276588678359985352e-02,7.652543485164642334e-03,1.694331169128417969e-01,3.978928178548812866e-02,1.584867686033248901e-01,-2.908405661582946777e-02,6.913463026285171509e-02
1.439380347728729248e-01,-1.763300970196723938e-02,1.897266656160354614e-01,2.417021393775939941e-01,3.199941813945770264e-01,1.065290346741676331e-01,4.148975014686584473e-01,1.770615130662918091e-01,2.605729997158050537e-01,-5.727908387780189514e-02,5.893958806991577148e-01,2.108383476734161377e-01,1.000000000000000000e+00,2.956439852714538574e-01,3.144111037254333496e-01,7.689289748668670654e-02,3.931075632572174072e-01,3.097040355205535889e-01,1.517599821090698242e-01,1.588726788759231567e-01,4.914427176117897034e-02,-6.503358483314514160e-02,9.249611198902130127e-02,1.937255412340164185e-01,1.522915363311767578e-01,6.603720784187316895e-02,2.199700623750686646e-01,1.193073913455009460e-01,5.406562089920043945e-01,2.094055861234664917e-01,2.801476418972015381e-01,3.567390143871307373e-01,-2.294986546039581299e-01,-1.790937036275863647e-01,-1.800043135881423950e-01,-1.654608249664306641e-01,4.463239107280969620e-03,-5.960288457572460175e-03,1.920949071645736694e-01,8.961120247840881348e-02,-2.590449340641498566e-02,-1.089055836200714111e-01,1.188779026269912720e-01,1.401902176439762115e-02,3.923306986689567566e-02,5.376546457409858704e-02,4.294348508119583130e-02,4.563843086361885071e-02,7.012394815683364868e-02,7.033547759056091309e-02,1.288246959447860718e-01,3.773463517427444458e-02,3.861978277564048767e-02,-2.001832239329814911e-02,3.339751958847045898e-01,1.701494902372360229e-01,2.482823431491851807e-01,1.576351970434188843e-01,9.421059489250183105e-02,1.943985819816589355e-01,1.224530488252639771e-01,1.829792112112045288e-01,2.542388439178466797e-01,7.260012626647949219e-02,9.973775595426559448e-02,8.901251107454299927e-02,6.840380281209945679e-02,1.295574009418487549e-01,1.989618092775344849e-01,4.219229146838188171e-02,1.533519774675369263e-01,1.297631710767745972e-01,2.659735381603240967e-01,1.494006663560867310e-01,2.076037824153900146e-01,1.544346958398818970e-01,1.951055079698562622e-01,1.338592022657394409e-01,1.175713688135147095e-01,2.178526222705841064e-01,4.464610517024993896e-01,2.145080864429473877e-01,5.115807056427001953e-01,9.282407164573669434e-02,4.411239624023437500e-01,2.691844999790191650e-01,2.658615112304687500e-01,4.367887228727340698e-02,3.941816091537475586e-01,1.400828063488006592e-01,3.038004040718078613e-01,1.620263755321502686e-01,1.887435168027877808e-01,5.515917018055915833e-02,1.373848617076873779e-01,5.510661751031875610e-02,3.072418272495269775e-02,6.445153057575225830e-02,2.337613552808761597e-01,2.242729067802429199e-01,8.764459937810897827e-02,6.086898595094680786e-02,1.471013575792312622e-01,1.156389638781547546e-01,1.546773463487625122e-01,1.306737065315246582e-01,2.077453881502151489e-01,1.369677633047103882e-01,2.037797681987285614e-02,5.164211243391036987e-02,-1.100293472409248352e-01,5.884817242622375488e-02,1.998146623373031616e-01,4.641706869006156921e-02,-2.843453921377658844e-02,-3.687610104680061340e-02
