1.000000000000000000e+00,3.833553791046142578e-01,3.960664570331573486e-01,2.240710556507110596e-01,6.156583502888679504e-02,-1.086027249693870544e-01,6.040108799934387207e-01,3.571245372295379639e-01,-3.879028558731079102e-02,-1.393803060054779053e-01,5.801351666450500488e-01,2.609902024269104004e-01,4.597820937633514404e-01,1.593955010175704956e-01,9.968990832567214966e-02,-2.313049435615539551e-01,4.970576465129852295e-01,1.942082941532135010e-01,2.628035247325897217e-01,2.071702182292938232e-01,-2.006421051919460297e-02,-6.706795096397399902e-02,1.534384489059448242e-01,-2.633373485878109932e-03,-5.736744776368141174e-02,-7.770362496376037598e-02,1.328984391875565052e-03,-4.631887376308441162e-02,3.175306618213653564e-01,-1.926469802856445312e-02,1.254470348358154297e-01,1.518962383270263672e-01,2.412052154541015625e-01,2.334992289543151855e-01,3.470799326896667480e-02,7.532485574483871460e-02,7.768317312002182007e-02,-8.742079138755798340e-02,1.519327610731124878e-01,-6.514684855937957764e-02,2.748078666627407074e-02,7.876923307776451111e-03,-1.452253460884094238e-01,-2.436022460460662842e-01,-1.240001916885375977e-01,-1.540805697441101074e-01,-6.785076111555099487e-02,-1.412274092435836792e-01,-1.666441373527050018e-02,-1.210333555936813354e-01,-4.723526909947395325e-02,-1.956204473972320557e-01,-2.010103873908519745e-02,-1.954829692840576172e-01,2.468533441424369812e-02,-2.540566921234130859e-01,5.275511741638183594e-01,2.610847949981689453e-01,4.110623896121978760e-01,2.482556551694869995e-01,3.739928007125854492e-01,1.160269007086753845e-01,5.475499629974365234e-01,1.756290793418884277e-01,1.680586636066436768e-01,-1.895936578512191772e-01,1.497795879840850830e-01,1.922127753496170044e-01,1.622717827558517456e-01,2.266765534877777100e-01,2.577466368675231934e-01,1.539291739463806152e-01,3.173232078552246094e-01,7.162087410688400269e-02,1.859721541404724121e-01,6.289725005626678467e-02,4.087797403335571289e-01,2.816319763660430908e-01,3.013570606708526611e-01,1.117153316736221313e-01,4.751890301704406738e-01,7.516579329967498779e-02,2.300209254026412964e-01,-2.012472599744796753e-01,2.754200696945190430e-01,-1.432467848062515259e-01,2.652539908885955811e-01,-8.282344788312911987e-02,2.116793394088745117e-01,-1.900044083595275879e-01,4.851545765995979309e-02,-1.836564987897872925e-01,1.148279309272766113e-01,-9.478301554918289185e-02,7.867302745580673218e-02,-7.790501229465007782e-03,1.050424054265022278e-01,1.638202369213104248e-02,-1.104493513703346252e-01,-2.327800393104553223e-01,-1.302039902657270432e-02,3.317352756857872009e-02,2.051294445991516113e-01,-4.575942084193229675e-02,-3.606748208403587341e-02,-1.496032625436782837e-01,6.869439966976642609e-04,-7.292290776968002319e-02,1.672711521387100220e-01,1.556970924139022827e-01,1.464294642210006714e-01,1.776662841439247131e-02,-9.061400592327117920e-02,-2.208855375647544861e-02,-9.905064105987548828e-02,-8.369729667901992798e-02
3.833553791046142578e-01,1.000000000000000000e+00,2.696377635002136230e-01,2.995889782905578613e-01,-1.836391165852546692e-02,4.826318472623825073e-02,3.780570924282073975e-01,6.074272394180297852e-01,-1.046160086989402771e-01,1.647890061140060425e-01,2.874985039234161377e-01,6.304453611373901367e-01,9.863725304603576660e-02,5.303952097892761230e-01,-8.048093318939208984e-02,1.812898963689804077e-01,2.748341560363769531e-01,6.069574952125549316e-01,3.291282653808593750e-01,3.919921219348907471e-01,4.612177982926368713e-02,1.670810878276824951e-01,2.180438637733459473e-01,2.012753188610076904e-01,-8.144666999578475952e-02,3.806142369285225868e-03,2.438426017761230469e-02,3.378643887117505074e-03,1.837689578533172607e-01,4.057657718658447266e-01,2.094144523143768311e-01,2.585516273975372314e-01,2.259557396173477173e-01,1.990569531917572021e-01,-6.652172654867172241e-03,8.220202475786209106e-02,1.440401747822761536e-02,3.331356644630432129e-01,-2.132355794310569763e-02,2.117454558610916138e-01,-5.589959397912025452e-02,2.032439112663269043e-01,-4.351449606474488974e-04,1.200418993830680847e-01,7.376682758331298828e-02,-8.920836448669433594e-02,2.844893559813499451e-02,1.893165260553359985e-01,-7.812997698783874512e-02,1.091818735003471375e-01,-1.855053752660751343e-01,2.124077677726745605e-01,-6.396000832319259644e-02,2.124872654676437378e-01,-1.632358580827713013e-01,3.036812841892242432e-01,6.433626264333724976e-02,6.841028928756713867e-01,1.715888082981109619e-01,3.795349597930908203e-01,-9.394763410091400146e-02,4.417870342731475830e-01,-1.209182105958461761e-02,5.283385515213012695e-01,-1.692458838224411011e-01,3.387147486209869385e-01,2.309293895959854126e-01,3.072223365306854248e-01,2.787333130836486816e-01,3.732632398605346680e-01,2.378687560558319092e-01,3.092712759971618652e-01,1.452149152755737305e-01,3.653173148632049561e-01,1.333327889442443848e-01,1.860991865396499634e-01,3.329648077487945557e-01,4.677162170410156250e-01,8.115458488464355469e-02,3.046340048313140869e-01,1.932746917009353638e-02,5.934296250343322754e-01,-1.088308095932006836e-01,2.629101574420928955e-01,-9.851530194282531738e-02,3.944286406040191650e-01,-8.415083587169647217e-02,2.485179156064987183e-01,-2.791175618767738342e-02,4.081561565399169922e-01,-9.035452455282211304e-02,2.788497805595397949e-01,9.191221743822097778e-02,3.243961930274963379e-01,6.850841641426086426e-02,8.649905025959014893e-02,7.449904829263687134e-02,2.930089831352233887e-01,-2.864264883100986481e-02,2.591778337955474854e-01,-8.478251844644546509e-02,2.070754319429397583e-01,-1.503750588744878769e-02,2.161614596843719482e-01,2.054101601243019104e-02,5.330961197614669800e-02,-1.646311022341251373e-02,1.501041501760482788e-01,7.933120429515838623e-02,4.382235556840896606e-02,1.085351333022117615e-01,9.220100939273834229e-02,4.738551378250122070e-02,1.497403085231781006e-01,1.426749825477600098e-01,9.979304671287536621e-02
3.960664570331573486e-01,2.696377635002136230e-01,1.000000000000000000e+00,6.576639413833618164e-01,1.707430332899093628e-01,9.172134101390838623e-02,6.588680744171142578e-01,5.555293560028076172e-01,1.711429357528686523e-01,1.287707835435867310e-01,4.397375583648681641e-01,3.795636296272277832e-01,4.992984235286712646e-01,4.434948265552520752e-01,3.252322971820831299e-01,2.223027497529983521e-01,2.539165914058685303e-01,2.659961581230163574e-01,1.638079136610031128e-01,1.594215631484985352e-02,2.956039905548095703e-01,2.164437174797058105e-01,6.609521508216857910e-01,5.616447925567626953e-01,8.181097358465194702e-02,1.207360327243804932e-01,1.533586978912353516e-01,5.693294480443000793e-02,4.070153832435607910e-01,3.357882201671600342e-01,5.321785807609558105e-01,5.679700970649719238e-01,3.496842086315155029e-02,4.493112489581108093e-02,-9.854608215391635895e-03,4.919780790805816650e-02,1.138722375035285950e-01,2.098209597170352936e-02,2.132308036088943481e-01,-2.006523124873638153e-02,9.115635603666305542e-02,7.484325766563415527e-02,1.368223577737808228e-01,1.110659763216972351e-01,1.689885705709457397e-01,-2.151219919323921204e-02,1.094873547554016113e-01,9.411502629518508911e-02,2.088878899812698364e-01,7.739040255546569824e-02,1.668719798326492310e-01,1.610989719629287720e-01,8.427814394235610962e-02,1.013179644942283630e-01,1.424464881420135498e-01,7.085308432579040527e-02,1.000527217984199524e-01,1.192674413323402405e-01,-5.810464266687631607e-03,3.923935443162918091e-02,1.151937246322631836e-01,2.505356445908546448e-02,1.532130539417266846e-01,1.451564431190490723e-01,2.275277972221374512e-01,6.149433180689811707e-02,-1.490736007690429688e-01,1.929401606321334839e-02,-1.737245619297027588e-01,-9.743975847959518433e-02,5.000665187835693359e-01,4.746504426002502441e-01,4.160510301589965820e-01,3.342607915401458740e-01,3.416714966297149658e-01,1.564677655696868896e-01,2.736909389495849609e-01,3.778001070022583008e-01,1.371196806430816650e-01,1.135642454028129578e-01,2.432216852903366089e-01,2.078697979450225830e-01,2.636657953262329102e-01,1.119329929351806641e-01,1.618969291448593140e-01,8.049739897251129150e-02,2.424263507127761841e-01,1.997619271278381348e-01,2.099176943302154541e-01,2.850697375833988190e-02,1.088033691048622131e-01,3.815008699893951416e-02,1.889510750770568848e-01,1.516333818435668945e-01,3.008721172809600830e-01,2.244150079786777496e-02,3.092882931232452393e-01,5.433742329478263855e-02,3.390278667211532593e-02,1.137097403407096863e-01,1.102891713380813599e-01,1.387535482645034790e-01,1.652327924966812134e-01,1.883619129657745361e-01,1.642547398805618286e-01,1.744922548532485962e-01,9.163990616798400879e-03,1.300394982099533081e-01,2.339419424533843994e-01,1.152706965804100037e-01,1.232815012335777283e-01,-6.202890351414680481e-02,6.678272038698196411e-02,2.139968276023864746e-01,1.460995376110076904e-01,1.679198145866394043e-01
2.240710556507110596e-01,2.995889782905578613e-01,6.576639413833618164e-01,1.000000000000000000e+00,2.280734330415725708e-01,2.761676907539367676e-01,4.971709847450256348e-01,6.191299557685852051e-01,1.835138201713562012e-01,2.965140342712402344e-01,2.994695603847503662e-01,4.491853713989257812e-01,3.570373356342315674e-01,5.475291609764099121e-01,2.813164293766021729e-01,4.214473962783813477e-01,1.681271046400070190e-01,3.819196224212646484e-01,2.247503697872161865e-01,9.031837433576583862e-02,4.251953661441802979e-01,3.386579155921936035e-01,6.888819932937622070e-01,7.097145915031433105e-01,2.156062871217727661e-01,2.716104388236999512e-01,3.188470304012298584e-01,2.470596283674240112e-01,3.890598118305206299e-01,4.795950055122375488e-01,5.786051750183105469e-01,6.522974967956542969e-01,-7.644166052341461182e-02,-3.948473557829856873e-02,-4.714603349566459656e-02,3.619721904397010803e-02,1.608863025903701782e-01,1.850441098213195801e-01,1.989074349403381348e-01,1.633845418691635132e-01,1.075085699558258057e-01,1.428950428962707520e-01,2.015968114137649536e-01,2.063015252351760864e-01,2.306216955184936523e-01,9.459275752305984497e-03,1.604426205158233643e-01,2.106566578149795532e-01,1.319258958101272583e-01,1.364596933126449585e-01,1.006127595901489258e-01,2.572624683380126953e-01,8.142121136188507080e-02,2.331006973981857300e-01,3.734489530324935913e-02,2.460429221391677856e-01,-8.902539312839508057e-02,2.437465488910675049e-01,-7.356425374746322632e-02,2.270474471151828766e-02,-2.447852119803428650e-02,-4.368553310632705688e-02,-4.861008375883102417e-02,2.989466488361358643e-01,7.149763405323028564e-02,1.507782787084579468e-01,-1.217440515756607056e-01,8.185465633869171143e-02,-1.926508992910385132e-01,-7.238341867923736572e-02,5.166981816291809082e-01,6.021152734756469727e-01,3.410650491714477539e-01,4.018817245960235596e-01,3.122920691967010498e-01,1.887577176094055176e-01,2.864000797271728516e-01,4.941771626472473145e-01,7.461117208003997803e-02,1.624377220869064331e-01,1.101367548108100891e-01,3.900448679924011230e-01,1.207673251628875732e-01,3.492207527160644531e-01,1.598334126174449921e-02,2.597074508666992188e-01,7.761199492961168289e-03,2.270184010267257690e-01,5.432943999767303467e-02,2.470194250345230103e-01,-2.375175617635250092e-02,1.831240803003311157e-01,1.045734062790870667e-01,2.244009524583816528e-01,2.653090655803680420e-01,3.531979396939277649e-02,2.635666131973266602e-01,1.718871742486953735e-01,1.900531165301799774e-02,2.568598389625549316e-01,4.508410021662712097e-02,1.629259735345840454e-01,-7.607126981019973755e-02,2.448154985904693604e-01,1.961957961320877075e-01,2.028099447488784790e-01,5.719777941703796387e-02,2.829749584197998047e-01,2.048980742692947388e-01,7.761269062757492065e-02,1.089879274368286133e-01,-3.321504918858408928e-03,1.022627800703048706e-01,2.241098880767822266e-01,2.294012457132339478e-01,2.115892022848129272e-01
6.156583502888679504e-02,-1.836391165852546692e-02,1.707430332899093628e-01,2.280734330415725708e-01,1.000000000000000000e+00,7.369377613067626953e-01,2.772568762302398682e-01,1.803600490093231201e-01,7.770572304725646973e-01,5.190374851226806641e-01,2.606265246868133545e-01,1.756280064582824707e-01,3.819304704666137695e-01,3.807385861873626709e-01,6.682864427566528320e-01,4.513163864612579346e-01,1.112538054585456848e-01,4.212112352252006531e-02,6.020391359925270081e-02,7.306307554244995117e-02,4.641848504543304443e-01,5.225861668586730957e-01,2.276601791381835938e-01,2.971365451812744141e-01,6.547579765319824219e-01,7.405186891555786133e-01,7.574414014816284180e-01,7.590655088424682617e-01,4.028906524181365967e-01,3.322955667972564697e-01,4.595006704330444336e-01,3.709269464015960693e-01,-1.876463890075683594e-01,-2.107809484004974365e-01,-2.166419923305511475e-01,-1.448784619569778442e-01,3.308890163898468018e-01,1.002761870622634888e-01,4.074889123439788818e-01,1.855046600103378296e-01,5.110855698585510254e-01,5.451678037643432617e-01,9.432078152894973755e-02,-4.348924383521080017e-02,1.512003242969512939e-01,-8.470817655324935913e-02,1.247423291206359863e-01,2.082611061632633209e-02,1.697420030832290649e-01,7.469607144594192505e-02,2.516655623912811279e-01,4.208801314234733582e-02,3.432513773441314697e-01,1.256078332662582397e-01,4.546841084957122803e-01,2.929805219173431396e-01,7.793546468019485474e-02,-1.626130938529968262e-01,-1.033535897731781006e-01,-3.231799006462097168e-01,7.252962887287139893e-02,-1.002224683761596680e-01,2.726775780320167542e-02,-2.835115194320678711e-01,1.762902140617370605e-01,-2.358909547328948975e-01,-2.882194221019744873e-01,-2.382774949073791504e-01,-2.071884870529174805e-01,-1.710902154445648193e-01,3.750001788139343262e-01,3.295572996139526367e-01,4.035687446594238281e-01,3.347047269344329834e-01,4.412878155708312988e-01,3.478461205959320068e-01,1.940892338752746582e-01,1.049104332923889160e-01,1.356630027294158936e-01,-5.386042594909667969e-02,3.141553103923797607e-01,5.628728866577148438e-02,6.052337288856506348e-01,4.415166974067687988e-01,2.541868090629577637e-01,-1.018924638628959656e-02,4.173613786697387695e-01,2.092548608779907227e-01,4.708119928836822510e-01,9.759358316659927368e-02,2.024467140436172485e-01,1.236048936843872070e-01,1.401030421257019043e-01,-6.487933546304702759e-02,1.519095897674560547e-01,3.486796841025352478e-02,3.019255101680755615e-01,1.603107005357742310e-01,2.168771177530288696e-01,3.770889714360237122e-02,2.229099571704864502e-01,-6.251538544893264771e-02,3.272581472992897034e-02,-4.529869928956031799e-02,2.243351191282272339e-01,1.891583949327468872e-01,2.194502949714660645e-01,1.388921886682510376e-01,1.965614221990108490e-02,6.709305942058563232e-02,1.367478370666503906e-01,2.420630902051925659e-01,1.130934655666351318e-01,-3.589940443634986877e-02,6.988085061311721802e-02,1.504126936197280884e-01
-1.086027249693870544e-01,4.826318472623825073e-02,9.172134101390838623e-02,2.761676907539367676e-01,7.369377613067626953e-01,1.000000000000000000e+00,1.442644000053405762e-01,2.253762185573577881e-01,6.622910499572753906e-01,7.654784321784973145e-01,5.058707296848297119e-02,2.472636848688125610e-01,1.265822052955627441e-01,4.770526885986328125e-01,4.771630764007568359e-01,6.393290758132934570e-01,-1.938353106379508972e-02,1.722215414047241211e-01,5.625692009925842285e-02,1.102596223354339600e-01,4.839425683021545410e-01,5.543888807296752930e-01,2.989626824855804443e-01,3.971306085586547852e-01,7.105463147163391113e-01,7.981266379356384277e-01,7.907497882843017578e-01,8.344946503639221191e-01,2.913586199283599854e-01,4.611022770404815674e-01,4.649180769920349121e-01,4.150814712047576904e-01,-1.751155704259872437e-01,-1.876428723335266113e-01,-1.102790012955665588e-01,-7.465775590389966965e-03,3.049853146076202393e-01,2.773362696170806885e-01,3.493233323097229004e-01,3.389960527420043945e-01,4.336672127246856689e-01,5.324109792709350586e-01,1.165820360183715820e-01,8.827623724937438965e-02,1.968127787113189697e-01,-1.183031778782606125e-02,1.609112173318862915e-01,1.737418174743652344e-01,1.518324464559555054e-01,1.828980147838592529e-01,1.857548803091049194e-01,1.314559727907180786e-01,2.826215326786041260e-01,2.375737875699996948e-01,3.867155015468597412e-01,5.172064900398254395e-01,-7.137294858694076538e-02,-5.158148333430290222e-02,-1.472552418708801270e-01,-2.694506645202636719e-01,3.808288648724555969e-02,-4.706090316176414490e-02,-1.290637850761413574e-01,-1.470365375280380249e-01,7.424389570951461792e-02,-1.338213384151458740e-01,-2.274567037820816040e-01,-2.000376880168914795e-01,-1.989339888095855713e-01,-1.752040535211563110e-01,3.464953005313873291e-01,3.996413052082061768e-01,3.019153475761413574e-01,3.795733749866485596e-01,4.013330638408660889e-01,3.649551570415496826e-01,1.091975495219230652e-01,1.636370718479156494e-01,7.482030242681503296e-02,2.302878350019454956e-02,1.173063591122627258e-01,2.725530564785003662e-01,3.799903392791748047e-01,6.503946185111999512e-01,6.666804850101470947e-02,1.956550776958465576e-01,2.099013179540634155e-01,3.701359331607818604e-01,2.586147785186767578e-01,3.428729772567749023e-01,1.443716287612915039e-01,3.890739381313323975e-01,9.359571337699890137e-02,1.354354619979858398e-01,1.499763131141662598e-01,6.150174513459205627e-02,3.463377654552459717e-01,2.584805190563201904e-01,2.634476721286773682e-01,2.801502943038940430e-01,2.152521908283233643e-01,9.920226782560348511e-02,-8.671018481254577637e-02,1.197075247764587402e-01,2.992327809333801270e-01,3.198446333408355713e-01,1.990956068038940430e-01,2.475603669881820679e-01,4.705930128693580627e-02,1.069111749529838562e-01,2.449801564216613770e-01,3.802245259284973145e-01,2.076378166675567627e-01,8.322747796773910522e-02,1.949251294136047363e-01,2.432460933923721313e-01
6.040108799934387207e-01,3.780570924282073975e-01,6.588680744171142578e-01,4.971709847450256348e-01,2.772568762302398682e-01,1.442644000053405762e-01,1.000000000000000000e+00,6.952030658721923828e-01,2.705720365047454834e-01,2.083912044763565063e-01,6.732640266418457031e-01,5.133439898490905762e-01,6.939035058021545410e-01,5.153678655624389648e-01,3.491989076137542725e-01,1.655958145856857300e-01,4.110641777515411377e-01,3.898635506629943848e-01,2.005988359451293945e-01,1.754856556653976440e-01,2.916001677513122559e-01,2.775448858737945557e-01,3.799940049648284912e-01,2.997187972068786621e-01,6.023093685507774353e-02,2.044964283704757690e-01,1.763459146022796631e-01,1.530795842409133911e-01,5.789518356323242188e-01,4.106161594390869141e-01,5.389944314956665039e-01,5.490102767944335938e-01,1.178173348307609558e-01,1.142278015613555908e-01,-4.089029878377914429e-02,1.632168889045715332e-02,1.748455464839935303e-01,9.846906363964080811e-02,2.027017772197723389e-01,1.641995087265968323e-02,1.516472697257995605e-01,1.807713210582733154e-01,1.285519450902938843e-01,-1.036750036291778088e-03,2.331275939941406250e-01,9.493730962276458740e-03,6.080235168337821960e-02,3.577856346964836121e-02,2.628482580184936523e-01,9.990102797746658325e-02,1.548334211111068726e-01,5.577562376856803894e-02,1.399987488985061646e-01,1.805293560028076172e-02,1.007436066865921021e-01,-3.818754479289054871e-02,2.394288778305053711e-01,1.093281954526901245e-01,3.181402757763862610e-02,-9.250277280807495117e-02,1.130335852503776550e-01,-4.418964381329715252e-04,2.191076874732971191e-01,4.866162315011024475e-02,2.111730724573135376e-01,-5.001706629991531372e-02,-1.636425852775573730e-01,-4.625225812196731567e-02,-1.454788148403167725e-01,-4.526514187455177307e-02,6.026080250740051270e-01,5.261880159378051758e-01,5.869840383529663086e-01,4.793581068515777588e-01,4.614601135253906250e-01,2.922204434871673584e-01,4.458640515804290771e-01,3.622737228870391846e-01,2.924525737762451172e-01,2.191561609506607056e-01,3.886174261569976807e-01,2.126040905714035034e-01,3.063957393169403076e-01,9.298505634069442749e-02,2.108579725027084351e-01,-1.969756744801998138e-02,2.922993302345275879e-01,1.653966903686523438e-01,3.219826519489288330e-01,-2.005222067236900330e-02,-6.699111778289079666e-03,-7.874728739261627197e-02,1.019279956817626953e-01,2.416219562292098999e-02,1.304643154144287109e-01,5.559312924742698669e-02,1.824156939983367920e-01,1.273787766695022583e-02,-5.569599196314811707e-02,-4.819519445300102234e-02,1.044225245714187622e-01,6.838544458150863647e-02,1.441762894392013550e-01,9.077507257461547852e-02,1.285148411989212036e-01,7.371947169303894043e-02,3.356723114848136902e-02,3.490493819117546082e-02,1.207267418503761292e-01,9.320256859064102173e-02,9.265532344579696655e-02,-5.353151634335517883e-02,-5.962139368057250977e-02,5.700756981968879700e-02,1.078162491321563721e-01,8.763723820447921753e-02
3.571245372295379639e-01,6.074272394180297852e-01,5.555293560028076172e-01,6.191299557685852051e-01,1.803600490093231201e-01,2.253762185573577881e-01,6.952030658721923828e-01,1.000000000000000000e+00,1.052044034004211426e-01,3.592123985290527344e-01,4.136238694190979004e-01,7.228603959083557129e-01,3.792667388916015625e-01,7.478945851325988770e-01,1.301711946725845337e-01,3.643499612808227539e-01,2.118993103504180908e-01,6.476820111274719238e-01,1.620415896177291870e-01,1.880351901054382324e-01,2.937754094600677490e-01,3.466379046440124512e-01,4.254437386989593506e-01,4.512479007244110107e-01,5.801448971033096313e-02,2.240999937057495117e-01,1.568432301282882690e-01,1.741228848695755005e-01,4.382828176021575928e-01,6.454424858093261719e-01,5.628178119659423828e-01,6.172299385070800781e-01,1.380867063999176025e-01,1.416334509849548340e-01,3.677144274115562439e-02,9.999553859233856201e-02,9.910032898187637329e-02,3.462346494197845459e-01,6.193653121590614319e-02,2.621809542179107666e-01,6.885468959808349609e-02,2.881960868835449219e-01,1.153134256601333618e-01,1.591870337724685669e-01,2.593459784984588623e-01,1.076716482639312744e-01,8.038689382374286652e-03,1.484660953283309937e-01,1.972336471080780029e-01,2.306182533502578735e-01,4.984367173165082932e-03,2.535253465175628662e-01,-2.494453079998493195e-02,1.889358162879943848e-01,-1.353753805160522461e-01,2.725079953670501709e-01,-8.427912741899490356e-02,4.221906065940856934e-01,4.392776265740394592e-02,9.312047064304351807e-02,-1.237980648875236511e-01,2.182288914918899536e-01,-1.361161768436431885e-01,3.299626111984252930e-01,-6.898427009582519531e-02,2.417545467615127563e-01,-8.084884285926818848e-02,4.790580272674560547e-02,-1.127529144287109375e-01,3.608153760433197021e-02,5.935243368148803711e-01,6.401313543319702148e-01,4.499544799327850342e-01,6.286761164665222168e-01,3.760032057762145996e-01,3.875104188919067383e-01,4.076125621795654297e-01,4.999240338802337646e-01,1.172842830419540405e-01,3.530818819999694824e-01,4.012909904122352600e-02,5.582801103591918945e-01,-6.780897267162799835e-03,3.606858849525451660e-01,-1.088410317897796631e-01,2.812298834323883057e-01,3.762520477175712585e-02,3.613502979278564453e-01,1.325479988008737564e-02,3.123846948146820068e-01,-2.401375174522399902e-01,1.437012851238250732e-01,-8.427945524454116821e-02,1.921272575855255127e-01,3.953985869884490967e-02,2.704710699617862701e-02,6.650491803884506226e-02,1.425326913595199585e-01,-1.592087149620056152e-01,1.431771963834762573e-01,-7.576496154069900513e-02,1.595121324062347412e-01,-7.067897170782089233e-02,1.916378438472747803e-01,8.272435516119003296e-02,1.206610053777694702e-01,-1.721739768981933594e-02,1.893019527196884155e-01,9.023857861757278442e-02,-9.226187132298946381e-03,6.437338888645172119e-02,-1.784877292811870575e-02,-6.444920599460601807e-02,5.024702474474906921e-02,1.363160610198974609e-01,1.027863323688507080e-01
-3.879028558731079102e-02,-1.046160086989402771e-01,1.711429357528686523e-01,1.835138201713562012e-01,7.770572304725646973e-01,6.622910499572753906e-01,2.705720365047454834e-01,1.052044034004211426e-01,1.000000000000000000e+00,5.272790193557739258e-01,2.494270801544189453e-01,1.511322706937789917e-01,4.072945117950439453e-01,3.044544756412506104e-01,7.854602932929992676e-01,5.228478312492370605e-01,1.254005581140518188e-01,4.879053309559822083e-02,6.644362956285476685e-02,5.990757048130035400e-02,5.507631301879882812e-01,5.968890190124511719e-01,1.992771625518798828e-01,2.606105208396911621e-01,5.298902988433837891e-01,6.979873776435852051e-01,6.337707638740539551e-01,6.445508003234863281e-01,4.730715453624725342e-01,3.692686855792999268e-01,4.675814211368560791e-01,3.782835006713867188e-01,-1.689010858535766602e-01,-2.035990208387374878e-01,-2.600735425949096680e-01,-1.878051608800888062e-01,4.109197258949279785e-01,1.136705130338668823e-01,4.479371905326843262e-01,1.453568339347839355e-01,5.435835719108581543e-01,4.580613076686859131e-01,1.950761228799819946e-01,3.813486173748970032e-02,2.806164622306823730e-01,-8.231229148805141449e-03,2.547968924045562744e-01,1.381500214338302612e-01,2.665070295333862305e-01,1.207456514239311218e-01,3.473054766654968262e-01,9.482358396053314209e-02,4.483132362365722656e-01,1.496732681989669800e-01,5.394896864891052246e-01,2.721618413925170898e-01,9.133749455213546753e-02,-2.704177796840667725e-01,-2.506634593009948730e-01,-4.984556436538696289e-01,7.506077736616134644e-02,-1.961109340190887451e-01,-1.467045117169618607e-02,-3.511221408843994141e-01,2.806222736835479736e-01,-2.117621600627899170e-01,-2.998471856117248535e-01,-2.865880429744720459e-01,-2.201444506645202637e-01,-2.904686629772186279e-01,3.687909543514251709e-01,3.251933157444000244e-01,4.569362103939056396e-01,3.543331325054168701e-01,4.512186348438262939e-01,3.046052157878875732e-01,1.347088962793350220e-01,3.915726765990257263e-02,1.742151826620101929e-01,-3.150751814246177673e-03,3.359249532222747803e-01,-1.025358773767948151e-02,6.305826902389526367e-01,4.233140647411346436e-01,3.675714135169982910e-01,2.853311225771903992e-02,3.932886421680450439e-01,2.084821164608001709e-01,5.977973937988281250e-01,1.125898137688636780e-01,3.252455592155456543e-01,1.420495510101318359e-01,2.512081563472747803e-01,2.384504117071628571e-02,2.704824507236480713e-01,1.196278408169746399e-01,4.032515585422515869e-01,1.424387246370315552e-01,3.789176344871520996e-01,1.688404083251953125e-01,4.115282595157623291e-01,-3.864464908838272095e-02,1.382283270359039307e-01,1.033244654536247253e-01,3.618803918361663818e-01,3.253462612628936768e-01,2.331609874963760376e-01,1.747913062572479248e-01,8.277284353971481323e-02,8.402013033628463745e-02,9.088426828384399414e-02,1.278431117534637451e-01,1.992193013429641724e-01,1.460949778556823730e-01,2.621276080608367920e-01,3.227432966232299805e-01
-1.393803060054779053e-01,1.647890061140060425e-01,1.287707835435867310e-01,2.965140342712402344e-01,5.190374851226806641e-01,7.654784321784973145e-01,2.083912044763565063e-01,3.592123985290527344e-01,5.272790193557739258e-01,1.000000000000000000e+00,9.336206316947937012e-02,4.018268585205078125e-01,9.339175373315811157e-02,5.291567444801330566e-01,3.496536314487457275e-01,6.742635369300842285e-01,2.385817700996994972e-03,3.924559652805328369e-01,8.812970668077468872e-02,1.472704410552978516e-01,4.286804199218750000e-01,4.964707493782043457e-01,2.605220079421997070e-01,3.512311279773712158e-01,5.252473354339599609e-01,6.652490496635437012e-01,5.937078595161437988e-01,6.338155269622802734e-01,2.724504172801971436e-01,5.773218274116516113e-01,4.326504468917846680e-01,4.136566519737243652e-01,-1.065174490213394165e-01,-1.254652440547943115e-01,-7.303424924612045288e-02,4.901431035250425339e-03,2.507645785808563232e-01,3.986376225948333740e-01,2.103119492530822754e-01,3.913221359252929688e-01,2.881816923618316650e-01,4.443835020065307617e-01,1.482151150703430176e-01,1.803872287273406982e-01,2.716527879238128662e-01,2.117388322949409485e-02,1.735794991254806519e-01,2.676945924758911133e-01,2.014971524477005005e-01,2.584044635295867920e-01,1.803980320692062378e-01,2.595303356647491455e-01,2.107009589672088623e-01,2.698770463466644287e-01,2.632059752941131592e-01,5.483733415603637695e-01,-9.202618896961212158e-02,6.548482179641723633e-02,-1.673140674829483032e-01,-2.032515406608581543e-01,2.702967450022697449e-02,5.740085616707801819e-02,-2.157453745603561401e-01,-2.806629613041877747e-02,6.052280217409133911e-02,4.759249463677406311e-02,-1.990557163953781128e-01,-1.903534233570098877e-01,-2.055338025093078613e-01,-1.681844592094421387e-01,3.640443682670593262e-01,4.605841338634490967e-01,2.942222654819488525e-01,4.989081919193267822e-01,3.929353654384613037e-01,4.469499588012695312e-01,1.298837959766387939e-01,2.294583916664123535e-01,8.980004489421844482e-02,1.818981170654296875e-01,4.055474698543548584e-02,4.285409748554229736e-01,2.081697732210159302e-01,6.868171095848083496e-01,3.268184140324592590e-02,3.562592864036560059e-01,7.201231271028518677e-02,5.166241526603698730e-01,2.218580096960067749e-01,5.026060938835144043e-01,4.126881062984466553e-02,4.136413037776947021e-01,7.768843322992324829e-02,2.991491854190826416e-01,7.763729244470596313e-02,8.746954798698425293e-02,2.654524445533752441e-01,2.491336911916732788e-01,2.220178395509719849e-01,3.602281510829925537e-01,2.456590980291366577e-01,1.563939452171325684e-01,-1.448189723305404186e-04,3.005304038524627686e-01,3.372746407985687256e-01,3.962936699390411377e-01,1.656878292560577393e-01,2.573677897453308105e-01,2.846542932093143463e-02,3.756817802786827087e-02,1.578669548034667969e-01,2.545968294143676758e-01,1.518079489469528198e-01,1.918658316135406494e-01,3.231629729270935059e-01,2.807086408138275146e-01
5.801351666450500488e-01,2.874985039234161377e-01,4.397375583648681641e-01,2.994695603847503662e-01,2.606265246868133545e-01,5.058707296848297119e-02,6.732640266418457031e-01,4.136238694190979004e-01,2.494270801544189453e-01,9.336206316947937012e-02,1.000000000000000000e+00,4.661954343318939209e-01,7.134457826614379883e-01,3.511511385440826416e-01,3.694064319133758545e-01,4.394643753767013550e-02,6.914724111557006836e-01,3.180275261402130127e-01,1.923235207796096802e-01,1.898749172687530518e-01,2.432212978601455688e-01,2.254281938076019287e-01,1.668290495872497559e-01,9.743741899728775024e-02,-3.413419425487518311e-02,1.189657151699066162e-01,1.357769966125488281e-01,9.975457936525344849e-02,6.215099692344665527e-01,2.763448059558868408e-01,3.256528675556182861e-01,3.136492371559143066e-01,1.602516770362854004e-01,1.595090627670288086e-01,-1.129056662321090698e-01,-8.812680840492248535e-02,2.883262336254119873e-01,5.861553922295570374e-02,2.686172127723693848e-01,1.404868531972169876e-02,1.801904290914535522e-01,1.164781004190444946e-01,1.125359684228897095e-01,-1.728294976055622101e-02,2.153774350881576538e-01,-3.497111378237605095e-03,4.281919449567794800e-02,-5.041668191552162170e-02,2.704989314079284668e-01,1.025289222598075867e-01,2.310903966426849365e-01,4.911678284406661987e-02,1.410965621471405029e-01,-1.193356066942214966e-01,1.260851919651031494e-01,-1.759061515331268311e-01,4.060291349887847900e-01,6.604242324829101562e-02,1.485620588064193726e-01,-1.428775489330291748e-02,2.348222583532333374e-01,1.402104273438453674e-03,3.505330979824066162e-01,5.263812467455863953e-02,3.139209449291229248e-01,-5.851463600993156433e-02,1.714379526674747467e-02,6.346039474010467529e-02,8.805560646578669548e-04,3.988104313611984253e-02,3.658992052078247070e-01,3.204554319381713867e-01,5.288794040679931641e-01,2.799846231937408447e-01,3.640054166316986084e-01,1.719553768634796143e-01,4.277076125144958496e-01,2.689581215381622314e-01,4.614711999893188477e-01,2.109292894601821899e-01,6.385544538497924805e-01,1.210489645600318909e-01,3.788832724094390869e-01,2.686952985823154449e-02,4.727018773555755615e-01,9.135791100561618805e-03,2.347739636898040771e-01,2.499217912554740906e-02,4.544746279716491699e-01,-3.470876067876815796e-02,3.332019597291946411e-02,-1.935684531927108765e-01,1.488094925880432129e-01,-4.446918517351150513e-02,1.850775182247161865e-01,8.789811283349990845e-02,1.363185793161392212e-01,-1.807035319507122040e-02,2.220655325800180435e-03,-1.556148082017898560e-01,1.244195103645324707e-01,-3.499687835574150085e-02,2.765282392501831055e-01,8.495083451271057129e-02,2.174502015113830566e-01,4.188029095530509949e-02,1.674460172653198242e-01,4.541808366775512695e-02,9.828904271125793457e-02,9.464689344167709351e-02,-1.160551235079765320e-01,-2.007231116294860840e-01,-1.118258535861968994e-01,3.136350214481353760e-02,9.615044295787811279e-02,8.944255113601684570e-02
2.609902024269104004e-01,6.304453611373901367e-01,3.795636296272277832e-01,4.491853713989257812e-01,1.756280064582824707e-01,2.472636848688125610e-01,5.133439898490905762e-01,7.228603959083557129e-01,1.511322706937789917e-01,4.018268585205078125e-01,4.661954343318939209e-01,1.000000000000000000e+00,3.170455694198608398e-01,7.316755652427673340e-01,1.539466530084609985e-01,3.952383399009704590e-01,3.405689597129821777e-01,7.098330259323120117e-01,7.720891386270523071e-02,2.086842954158782959e-01,3.037935197353363037e-01,4.396119415760040283e-01,3.089517951011657715e-01,3.576242029666900635e-01,1.620917953550815582e-02,2.367710471153259277e-01,1.520289033651351929e-01,1.809881329536437988e-01,4.119145870208740234e-01,6.611942648887634277e-01,5.190233588218688965e-01,5.447419881820678711e-01,3.253999650478363037e-01,3.045610785484313965e-01,-4.896121099591255188e-02,-6.190695799887180328e-03,1.361397951841354370e-01,4.022389054298400879e-01,7.453719526529312134e-02,2.296942025423049927e-01,4.035372287034988403e-02,2.792420685291290283e-01,1.370470821857452393e-01,2.274260073900222778e-01,2.585994899272918701e-01,1.132520586252212524e-01,2.942840941250324249e-02,1.937714964151382446e-01,1.834746599197387695e-01,2.756148576736450195e-01,9.181760833598673344e-04,2.736257612705230713e-01,-2.065016701817512512e-02,1.566029638051986694e-01,-5.308458581566810608e-02,3.083845674991607666e-01,-9.982449561357498169e-02,4.087003767490386963e-01,6.912810727953910828e-03,7.813235372304916382e-02,-1.707194894552230835e-01,2.561388909816741943e-01,-1.847173124551773071e-01,3.266618549823760986e-01,-9.746881574392318726e-02,2.514477074146270752e-01,5.145689472556114197e-02,7.556124776601791382e-02,-1.551963295787572861e-02,2.088575623929500580e-02,4.579213261604309082e-01,5.240875482559204102e-01,3.650915324687957764e-01,5.515245795249938965e-01,3.321021795272827148e-01,3.623583614826202393e-01,2.967445850372314453e-01,4.056410789489746094e-01,1.775708198547363281e-01,4.206155836582183838e-01,1.525144726037979126e-01,6.291740536689758301e-01,1.579722762107849121e-02,4.185187816619873047e-01,3.398240730166435242e-02,4.431346654891967773e-01,-1.568277552723884583e-02,3.724646866321563721e-01,1.438644826412200928e-01,4.600794017314910889e-01,-1.620010882616043091e-01,1.873120218515396118e-01,-2.181010087952017784e-03,2.402971833944320679e-01,7.585418224334716797e-02,8.270095288753509521e-02,1.029659658670425415e-01,2.068792432546615601e-01,-2.159898541867733002e-02,2.265138626098632812e-01,3.346347482874989510e-03,1.169856041669845581e-01,4.048822075128555298e-02,2.602051198482513428e-01,1.945473551750183105e-01,2.048901468515396118e-01,9.646362811326980591e-02,2.933872640132904053e-01,5.167552456259727478e-02,-2.268027141690254211e-02,-2.621635608375072479e-02,-3.182598948478698730e-02,-3.689281269907951355e-02,1.526470780372619629e-01,2.386849969625473022e-01,2.374296337366104126e-01
4.597820937633514404e-01,9.863725304603576660e-02,4.992984235286712646e-01,3.570373356342315674e-01,3.819304704666137695e-01,1.265822052955627441e-01,6.939035058021545410e-01,3.792667388916015625e-01,4.072945117950439453e-01,9.339175373315811157e-02,7.134457826614379883e-01,3.170455694198608398e-01,1.000000000000000000e+00,3.229302465915679932e-01,5.504527688026428223e-01,9.197358042001724243e-02,4.898031949996948242e-01,1.476777642965316772e-01,8.086711913347244263e-02,-6.394203286617994308e-03,3.160336017608642578e-01,3.103233277797698975e-01,2.615115642547607422e-01,2.189608663320541382e-01,9.421078115701675415e-02,2.431771010160446167e-01,2.131229639053344727e-01,1.767634302377700806e-01,6.387235522270202637e-01,2.500229477882385254e-01,4.550428092479705811e-01,4.324943423271179199e-01,1.298747118562459946e-02,1.963949203491210938e-02,-1.053568571805953979e-01,-1.055416762828826904e-01,2.450585663318634033e-01,-4.646108299493789673e-02,3.102024793624877930e-01,-1.404869742691516876e-02,2.952596247196197510e-01,1.290027648210525513e-01,1.637922823429107666e-01,-3.704878315329551697e-02,2.584095001220703125e-01,-3.484582155942916870e-02,6.113030388951301575e-02,-8.236210793256759644e-02,3.182564973831176758e-01,7.499597966670989990e-02,2.966552078723907471e-01,8.638394065201282501e-03,2.418192625045776367e-01,-1.035870090126991272e-01,3.066091239452362061e-01,-1.657560318708419800e-01,3.611282706260681152e-01,-9.419766068458557129e-02,1.059743836522102356e-01,-1.730695068836212158e-01,2.471867650747299194e-01,-1.386829465627670288e-01,3.493990302085876465e-01,-3.267116472125053406e-02,3.790413439273834229e-01,-1.293964087963104248e-01,-9.851968288421630859e-02,-8.590688556432723999e-02,-1.107471361756324768e-01,-9.954672306776046753e-02,4.743516147136688232e-01,3.704110085964202881e-01,5.689042806625366211e-01,3.008916974067687988e-01,4.667739272117614746e-01,2.307993471622467041e-01,3.309296667575836182e-01,1.580996960401535034e-01,3.253797590732574463e-01,4.373386874794960022e-02,5.943644642829895020e-01,-3.434771671891212463e-02,5.426411032676696777e-01,2.552755177021026611e-02,4.480628073215484619e-01,-1.492302119731903076e-01,4.435833096504211426e-01,4.624420776963233948e-02,5.013716220855712891e-01,-2.062354683876037598e-01,9.116411209106445312e-02,-2.752367556095123291e-01,1.288916319608688354e-01,-1.233021616935729980e-01,2.088956236839294434e-01,1.444347649812698364e-01,1.567612439393997192e-01,-9.607995301485061646e-02,1.051227655261754990e-02,-1.905093193054199219e-01,1.917482018470764160e-01,-4.522393271327018738e-02,2.636823654174804688e-01,8.802640438079833984e-02,1.782889962196350098e-01,5.785848945379257202e-02,9.716996550559997559e-02,2.378872595727443695e-02,1.179970055818557739e-01,1.699123084545135498e-01,-8.489862084388732910e-02,-1.632510870695114136e-01,-1.062704622745513916e-01,2.737685479223728180e-02,1.027964875102043152e-01,8.163326233625411987e-02
