1.000000000000000000e+00,5.419571995735168457e-01,4.009574055671691895e-01,3.150356113910675049e-01,9.296581894159317017e-02,7.525333762168884277e-02,5.153858065605163574e-01,4.321680068969726562e-01,2.167452126741409302e-01,1.557901203632354736e-01,2.633806169033050537e-01,2.082034498453140259e-01,2.639557719230651855e-01,1.078338250517845154e-01,1.210829913616180420e-01,-1.058798935264348984e-02,2.690468728542327881e-01,2.605458796024322510e-01,5.330822467803955078e-01,5.545802712440490723e-01,2.460161745548248291e-01,1.157728433609008789e-01,8.446315675973892212e-02,2.009137719869613647e-02,1.399816423654556274e-01,3.549353405833244324e-02,2.941084466874599457e-02,3.923952579498291016e-02,1.405914574861526489e-01,1.010065302252769470e-01,1.420200169086456299e-01,9.957798570394515991e-02,5.273478031158447266e-01,5.518937110900878906e-01,3.466492593288421631e-01,3.157138526439666748e-01,2.812018692493438721e-01,2.455218136310577393e-01,1.527511924505233765e-01,9.261599183082580566e-02,1.132881343364715576e-01,2.374399825930595398e-02,3.471409678459167480e-01,2.709048688411712646e-01,3.952059149742126465e-01,3.580514788627624512e-01,3.278714716434478760e-01,1.955138593912124634e-01,3.486723005771636963e-01,3.116651177406311035e-01,2.638511955738067627e-01,2.108190357685089111e-01,2.593192756175994873e-01,2.053868323564529419e-01,1.814782023429870605e-01,5.843680351972579956e-02,6.825907826423645020e-01,5.212179422378540039e-01,4.246916174888610840e-01,5.150343179702758789e-01,6.156669259071350098e-01,4.841931760311126709e-01,5.841389894485473633e-01,4.862743914127349854e-01,4.694193303585052490e-01,4.074538946151733398e-01,5.529046058654785156e-01,5.739760398864746094e-01,5.644633173942565918e-01,5.009993314743041992e-01,2.901166677474975586e-01,3.394865989685058594e-01,1.274616122245788574e-01,1.460465341806411743e-01,2.551838755607604980e-01,1.942898035049438477e-01,3.892339468002319336e-01,3.653095960617065430e-01,2.283276021480560303e-01,-2.671221829950809479e-02,3.937052786350250244e-01,1.447236984968185425e-01,2.228444665670394897e-01,1.128330752253532410e-01,3.846293389797210693e-01,8.731383830308914185e-02,3.826365470886230469e-01,2.621860504150390625e-01,3.248562216758728027e-01,7.270505651831626892e-03,2.589472830295562744e-01,8.161916583776473999e-02,2.957572937011718750e-01,1.911226809024810791e-01,1.106861010193824768e-01,1.021574363112449646e-01,1.904191970825195312e-01,1.074194237589836121e-01,1.420006901025772095e-01,-5.678308010101318359e-02,1.428587138652801514e-01,3.407423496246337891e-01,3.006910383701324463e-01,1.958666890859603882e-01,-3.451065346598625183e-02,4.234329238533973694e-02,1.384978145360946655e-01,-8.970052748918533325e-02,1.234482154250144958e-01,2.028664052486419678e-01,2.271924465894699097e-01,2.232408225536346436e-01,3.093414306640625000e-01,1.617533862590789795e-01,1.512303352355957031e-01,1.349124163389205933e-01
5.419571995735168457e-01,1.000000000000000000e+00,3.032512068748474121e-01,1.526082456111907959e-01,7.264146953821182251e-02,2.400673478841781616e-01,3.529773950576782227e-01,4.710364043712615967e-01,1.972945481538772583e-01,3.328767120838165283e-01,3.239786624908447266e-02,2.442382127046585083e-01,1.231043878942728043e-02,2.458867728710174561e-01,5.890373140573501587e-02,1.663606017827987671e-01,2.648127079010009766e-02,2.650213539600372314e-01,3.077473938465118408e-01,3.351766467094421387e-01,4.387498646974563599e-02,-2.420867234468460083e-02,3.033489361405372620e-02,-2.475652657449245453e-02,4.787496104836463928e-02,2.595095708966255188e-02,-2.085289359092712402e-02,5.358987674117088318e-02,-3.607166558504104614e-02,9.779751300811767578e-02,2.952049113810062408e-02,-9.934429079294204712e-03,3.434876203536987305e-01,3.734455406665802002e-01,1.972504258155822754e-01,2.381177097558975220e-01,7.504931092262268066e-02,2.397452108561992645e-02,8.583982475101947784e-03,5.161159485578536987e-02,1.079104691743850708e-01,-2.680231444537639618e-02,1.970410943031311035e-01,2.933838963508605957e-01,4.187315106391906738e-01,5.329201817512512207e-01,4.678153619170188904e-02,1.043347269296646118e-01,4.394859969615936279e-01,5.388456583023071289e-01,1.302405148744583130e-01,3.929759562015533447e-01,-2.039400115609169006e-02,5.342518165707588196e-02,-9.427268058061599731e-02,3.222907707095146179e-02,5.218688845634460449e-01,8.114466667175292969e-01,5.009013414382934570e-01,6.057344675064086914e-01,5.237877964973449707e-01,5.804821848869323730e-01,3.582529127597808838e-01,5.869365930557250977e-01,3.815420567989349365e-01,6.267020106315612793e-01,5.476848483085632324e-01,6.530100107192993164e-01,3.973073065280914307e-01,4.286878705024719238e-01,5.443018302321434021e-02,1.793856471776962280e-01,-8.622470498085021973e-02,3.139212355017662048e-02,1.017419621348381042e-01,3.256862610578536987e-02,1.754575669765472412e-01,1.390985399484634399e-01,4.797876626253128052e-02,4.890613257884979248e-02,4.886589571833610535e-02,2.556878626346588135e-01,1.147862672805786133e-01,2.695503532886505127e-01,-3.786770626902580261e-03,3.113519251346588135e-01,3.142663538455963135e-01,5.013156533241271973e-01,1.008113622665405273e-01,3.326153159141540527e-01,2.978944964706897736e-02,3.379824161529541016e-01,3.007317185401916504e-01,4.309717714786529541e-01,4.115892946720123291e-02,-9.543891064822673798e-03,1.875714026391506195e-02,7.562878727912902832e-02,-1.698490045964717865e-02,6.954301893711090088e-02,1.036040112376213074e-01,5.366760492324829102e-01,2.515963613986968994e-01,3.514491319656372070e-01,-1.833393126726150513e-01,8.867649734020233154e-02,5.800548195838928223e-02,-5.424463748931884766e-02,1.299819946289062500e-01,4.442514106631278992e-02,1.501541733741760254e-01,2.276129275560379028e-01,4.353850483894348145e-01,1.664766073226928711e-01,7.419802993535995483e-02,6.924819201231002808e-02
4.009574055671691895e-01,3.032512068748474121e-01,1.000000000000000000e+00,7.586768269538879395e-01,2.080080658197402954e-01,2.711242437362670898e-01,6.362623572349548340e-01,6.407925486564636230e-01,3.064280450344085693e-01,2.943854928016662598e-01,4.074099957942962646e-01,4.542972743511199951e-01,5.130648612976074219e-01,5.120531916618347168e-01,2.867781221866607666e-01,3.077677786350250244e-01,3.025788068771362305e-01,4.025892019271850586e-01,4.502311050891876221e-01,4.593692421913146973e-01,4.035816490650177002e-01,4.060149192810058594e-01,7.156668305397033691e-01,6.812791824340820312e-01,4.496910274028778076e-01,4.415141344070434570e-01,1.673450469970703125e-01,2.291296124458312988e-01,4.118307530879974365e-01,5.279454588890075684e-01,6.258124113082885742e-01,5.826607942581176758e-01,1.194516345858573914e-01,2.227818220853805542e-01,1.774840354919433594e-01,1.210482418537139893e-01,2.497299909591674805e-01,2.036137133836746216e-01,2.282045632600784302e-01,1.404142677783966064e-01,2.448861002922058105e-01,9.191969782114028931e-02,1.134997606277465820e-01,1.492288559675216675e-01,1.225413382053375244e-01,8.230322599411010742e-02,2.083818912506103516e-01,1.768537312746047974e-01,8.292837440967559814e-02,8.754301071166992188e-02,8.356124907732009888e-02,1.220955327153205872e-01,1.792854964733123779e-01,2.677696347236633301e-01,2.613264024257659912e-01,2.541334927082061768e-01,2.258370220661163330e-01,2.452570796012878418e-01,1.079983338713645935e-01,2.105628401041030884e-01,1.496435850858688354e-01,2.359472513198852539e-01,1.034603640437126160e-01,1.612699776887893677e-01,7.495050877332687378e-02,1.246199607849121094e-01,1.180128231644630432e-01,1.640269905328750610e-01,2.460547983646392822e-01,1.860532909631729126e-01,6.120632886886596680e-01,6.436433792114257812e-01,3.556260466575622559e-01,5.198186039924621582e-01,3.576563894748687744e-01,4.057455360889434814e-01,3.738983571529388428e-01,3.666138648986816406e-01,6.024254113435745239e-02,1.036626026034355164e-01,3.119044005870819092e-01,4.196012616157531738e-01,2.914246916770935059e-01,3.276539742946624756e-01,2.706844210624694824e-01,2.786009907722473145e-01,1.415337175130844116e-01,1.934501528739929199e-01,2.683978676795959473e-01,2.355368435382843018e-01,2.467374354600906372e-01,1.753837764263153076e-01,3.004350662231445312e-01,1.187660172581672668e-01,2.920669317245483398e-01,2.371221333742141724e-01,2.565824389457702637e-01,2.590345144271850586e-01,2.690933048725128174e-01,2.492672502994537354e-01,-2.937373891472816467e-02,1.798695176839828491e-01,1.553768068552017212e-01,1.343477144837379456e-02,-8.353698253631591797e-02,4.912366345524787903e-02,1.090892627835273743e-01,1.575209014117717743e-02,3.962025940418243408e-01,2.454646974802017212e-01,3.789065182209014893e-01,3.628548681735992432e-01,3.956316113471984863e-01,2.599814832210540771e-01,1.121559292078018188e-01,1.490245014429092407e-01
3.150356113910675049e-01,1.526082456111907959e-01,7.586768269538879395e-01,1.000000000000000000e+00,1.501457691192626953e-01,2.107850313186645508e-01,5.529776215553283691e-01,5.878888368606567383e-01,2.468142211437225342e-01,1.997475773096084595e-01,4.448133409023284912e-01,4.770658314228057861e-01,5.125558972358703613e-01,5.003890991210937500e-01,1.891117244958877563e-01,2.947418987751007080e-01,3.168023824691772461e-01,3.698395490646362305e-01,4.193201661109924316e-01,4.770309925079345703e-01,3.547092378139495850e-01,3.695597946643829346e-01,6.168808341026306152e-01,6.463212370872497559e-01,4.736476242542266846e-01,4.661492109298706055e-01,1.695199906826019287e-01,2.056671977043151855e-01,4.341771304607391357e-01,4.821439087390899658e-01,6.001979708671569824e-01,5.719848871231079102e-01,4.190336167812347412e-02,1.148700192570686340e-01,1.054201275110244751e-01,1.567108742892742157e-02,1.938103735446929932e-01,2.048733085393905640e-01,1.897802352905273438e-01,1.215772777795791626e-01,2.055202424526214600e-01,1.143864393234252930e-01,5.650815367698669434e-02,2.645890228450298309e-02,1.551003474742174149e-02,-8.728758245706558228e-02,2.246668189764022827e-01,1.751793622970581055e-01,-1.212365254759788513e-01,-1.012389287352561951e-01,-2.624615654349327087e-02,5.319784861057996750e-03,9.666761755943298340e-02,1.968122124671936035e-01,2.782894670963287354e-01,2.987348437309265137e-01,1.767086051404476166e-02,4.486612230539321899e-02,-1.311056017875671387e-01,-6.940754596143960953e-03,-3.480623289942741394e-02,3.047220595180988312e-02,-3.048855625092983246e-02,7.186398655176162720e-02,-6.402261555194854736e-02,-9.228914976119995117e-03,-9.931251406669616699e-02,-4.264520481228828430e-02,1.257058084011077881e-01,8.343249559402465820e-02,5.702241659164428711e-01,5.489842891693115234e-01,3.945133686065673828e-01,4.909749627113342285e-01,3.386600017547607422e-01,3.679231405258178711e-01,2.421395033597946167e-01,2.565889656543731689e-01,1.200488358736038208e-01,1.382863242179155350e-02,3.056063950061798096e-01,4.244978427886962891e-01,1.949172317981719971e-01,2.525757253170013428e-01,2.557764351367950439e-01,3.199282288551330566e-01,-6.809941679239273071e-02,6.844285409897565842e-03,1.353178918361663818e-01,1.842582076787948608e-01,2.222431600093841553e-01,5.888836458325386047e-02,1.056661978363990784e-01,-8.293126523494720459e-02,2.582678794860839844e-01,1.897062361240386963e-01,2.024750858545303345e-01,1.721376180648803711e-01,2.597397267818450928e-01,2.851201593875885010e-01,-1.858543157577514648e-01,-3.578335419297218323e-02,-1.299374736845493317e-02,-1.106456965208053589e-01,-2.767901681363582611e-02,-6.375634670257568359e-02,3.953958675265312195e-02,5.274149775505065918e-02,3.411192893981933594e-01,2.610188424587249756e-01,3.063202500343322754e-01,2.617954313755035400e-01,1.426610052585601807e-01,1.789064705371856689e-01,1.124282851815223694e-01,1.265430003404617310e-01
9.296581894159317017e-02,7.264146953821182251e-02,2.080080658197402954e-01,1.501457691192626953e-01,1.000000000000000000e+00,6.917387247085571289e-01,1.655287593603134155e-01,-7.462635636329650879e-02,8.073530197143554688e-01,6.024507880210876465e-01,1.249293982982635498e-01,-2.695663459599018097e-02,3.406308889389038086e-01,-6.364972889423370361e-02,8.160077929496765137e-01,4.487418532371520996e-01,1.026295199990272522e-01,-1.030452027916908264e-01,9.431728720664978027e-02,9.394596517086029053e-02,4.845843315124511719e-01,2.733200788497924805e-01,1.575992703437805176e-01,2.284050881862640381e-01,6.074060201644897461e-01,6.590874791145324707e-01,7.612557411193847656e-01,7.877942919731140137e-01,4.327625334262847900e-01,1.096156612038612366e-01,2.560176551342010498e-01,1.252648234367370605e-01,-6.207954511046409607e-02,-7.551214843988418579e-02,-2.809421718120574951e-02,-9.006429463624954224e-02,3.183987140655517578e-01,1.262102276086807251e-01,4.849401414394378662e-01,4.658418893814086914e-01,5.675207972526550293e-01,3.175894916057586670e-01,-1.813243627548217773e-01,-1.370849311351776123e-01,-4.351194202899932861e-02,3.570260480046272278e-02,-7.549071311950683594e-02,-1.896978765726089478e-01,1.588219776749610901e-03,-2.017065882682800293e-02,-2.693672180175781250e-01,-1.617141366004943848e-01,-2.383067160844802856e-01,-1.571137905120849609e-01,1.377945095300674438e-01,-6.272684782743453979e-02,8.295753598213195801e-02,9.868879616260528564e-02,3.350827991962432861e-01,1.484365016222000122e-01,2.635547891259193420e-02,4.030230641365051270e-02,-1.189925745129585266e-01,-1.867050230503082275e-01,-9.507466107606887817e-02,-5.833912640810012817e-02,1.868935078382492065e-01,7.296536862850189209e-02,9.227041155099868774e-02,6.808762997388839722e-02,2.143376320600509644e-01,1.872740983963012695e-01,3.373529016971588135e-01,1.026420891284942627e-01,2.183768451213836670e-01,1.543142050504684448e-01,7.529294490814208984e-02,1.097931638360023499e-01,-3.768458217382431030e-02,2.754363045096397400e-02,1.902897804975509644e-01,-7.825370132923126221e-02,7.770446538925170898e-01,3.198677003383636475e-01,3.085150718688964844e-01,-7.605449110269546509e-02,4.437800943851470947e-01,3.006981909275054932e-01,5.505136251449584961e-01,9.480378776788711548e-02,1.491142809391021729e-01,2.874821424484252930e-01,2.034181654453277588e-01,2.030344605445861816e-01,1.947995126247406006e-01,1.004904732108116150e-01,2.522641420364379883e-01,3.385654464364051819e-02,1.707879155874252319e-01,9.703575074672698975e-02,3.067274689674377441e-01,3.342006728053092957e-02,3.694469332695007324e-01,8.220861107110977173e-02,2.444529980421066284e-01,2.299401164054870605e-01,2.812542021274566650e-01,1.350696682929992676e-01,1.466879546642303467e-01,5.471624433994293213e-02,-4.915227647870779037e-03,2.080532349646091461e-02,1.709323227405548096e-01,4.483772814273834229e-01,4.161364436149597168e-01,2.536936998367309570e-01
7.525333762168884277e-02,2.400673478841781616e-01,2.711242437362670898e-01,2.107850313186645508e-01,6.917387247085571289e-01,1.000000000000000000e+00,7.797338813543319702e-02,1.121191605925559998e-01,6.424039602279663086e-01,8.055515289306640625e-01,-6.224348023533821106e-02,4.716916754841804504e-02,9.417251497507095337e-02,2.481723129749298096e-01,5.872770547866821289e-01,7.475141882896423340e-01,-5.328710004687309265e-02,9.151747077703475952e-02,1.934983581304550171e-01,1.736443489789962769e-01,3.972027301788330078e-01,3.937510251998901367e-01,1.964577585458755493e-01,2.953607141971588135e-01,5.642772316932678223e-01,6.821261644363403320e-01,6.704115271568298340e-01,7.715510129928588867e-01,2.586452066898345947e-01,3.581728935241699219e-01,3.288749158382415771e-01,2.261853218078613281e-01,-5.414849147200584412e-02,-6.659138947725296021e-02,-3.141657263040542603e-02,-4.134671390056610107e-02,2.038449645042419434e-01,2.313991189002990723e-01,3.131077587604522705e-01,5.211450457572937012e-01,3.796709477901458740e-01,4.127474725246429443e-01,-2.085310518741607666e-01,-1.633898168802261353e-01,-4.066009074449539185e-02,4.351390525698661804e-02,-1.118433475494384766e-01,-7.272996753454208374e-02,-1.523572299629449844e-02,4.692181199789047241e-02,-2.863671779632568359e-01,-1.718559563159942627e-01,-1.558190733194351196e-01,-3.055847808718681335e-02,3.576042875647544861e-02,1.784693300724029541e-01,4.662860184907913208e-02,2.088014334440231323e-01,2.947719395160675049e-01,2.486264258623123169e-01,4.618560150265693665e-02,1.091738045215606689e-01,-2.386045902967453003e-01,-6.876916741020977497e-04,-1.136574968695640564e-01,4.522150009870529175e-02,1.668704748153686523e-01,1.306662708520889282e-01,1.312846690416336060e-01,1.767061501741409302e-01,2.799209654331207275e-01,2.775375545024871826e-01,2.502627372741699219e-01,2.896078526973724365e-01,3.055519461631774902e-01,2.693242430686950684e-01,1.413867175579071045e-01,1.478056311607360840e-01,-5.904404446482658386e-02,1.199237778782844543e-01,-2.355758473277091980e-02,1.466713845729827881e-01,5.675001144409179688e-01,7.051034569740295410e-01,9.135018102824687958e-03,1.424462199211120605e-01,3.011167645454406738e-01,5.844736695289611816e-01,3.673925697803497314e-01,4.354479908943176270e-01,1.340584009885787964e-01,4.424154758453369141e-01,2.145291566848754883e-01,3.095669150352478027e-01,1.444702893495559692e-01,1.104782670736312866e-01,1.651525646448135376e-01,1.553218811750411987e-01,1.383440196514129639e-01,1.992060393095016479e-01,1.645617783069610596e-01,2.484922856092453003e-01,2.975970804691314697e-01,2.482057660818099976e-01,1.499732434749603271e-01,2.793644070625305176e-01,2.832697033882141113e-01,2.278846502304077148e-01,2.368561774492263794e-01,1.114770546555519104e-01,1.327819079160690308e-01,1.838948577642440796e-01,3.159988224506378174e-01,4.538955688476562500e-01,4.115504026412963867e-01,3.485893905162811279e-01
5.153858065605163574e-01,3.529773950576782227e-01,6.362623572349548340e-01,5.529776215553283691e-01,1.655287593603134155e-01,7.797338813543319702e-02,1.000000000000000000e+00,7.103894352912902832e-01,2.368581146001815796e-01,1.343750506639480591e-01,6.017689108848571777e-01,5.885391235351562500e-01,6.113047003746032715e-01,4.861355423927307129e-01,1.695685237646102905e-01,1.121719628572463989e-01,4.822809994220733643e-01,4.665658473968505859e-01,1.248413249850273132e-01,2.264753729104995728e-01,2.591116130352020264e-01,1.770246922969818115e-01,4.961718022823333740e-01,4.489408135414123535e-01,3.268581926822662354e-01,2.686109840869903564e-01,8.934563398361206055e-02,7.096266746520996094e-02,4.199748039245605469e-01,4.244313240051269531e-01,4.640741944313049316e-01,3.947890400886535645e-01,3.527683615684509277e-01,4.286551177501678467e-01,1.904893070459365845e-01,1.517587006092071533e-01,2.766982614994049072e-01,2.347216308116912842e-01,2.189165055751800537e-01,1.404815614223480225e-01,1.887389272451400757e-01,6.095922365784645081e-02,1.006150096654891968e-01,2.489326596260070801e-01,1.566329449415206909e-01,1.518898308277130127e-01,2.703307271003723145e-01,1.984576731920242310e-01,1.100693568587303162e-01,1.047031134366989136e-01,1.301251053810119629e-01,1.942943036556243896e-01,1.166036501526832581e-01,1.278557181358337402e-01,1.958138793706893921e-01,1.005800962448120117e-01,3.860200047492980957e-01,3.493987321853637695e-01,1.281858831644058228e-01,1.138479039072990417e-01,2.069617360830307007e-01,2.277919650077819824e-01,4.097985327243804932e-01,2.590677142143249512e-01,1.489052325487136841e-01,1.281180530786514282e-01,1.979693025350570679e-01,2.224604785442352295e-01,1.848296970129013062e-01,1.626062989234924316e-01,4.449058771133422852e-01,4.593937993049621582e-01,2.783472836017608643e-01,3.292353451251983643e-01,1.738640964031219482e-01,2.384174019098281860e-01,2.730860412120819092e-01,3.820959329605102539e-01,2.301050871610641479e-01,1.872265934944152832e-01,5.030396580696105957e-01,4.282008707523345947e-01,2.009869515895843506e-01,1.517949700355529785e-01,4.450727105140686035e-01,2.603180706501007080e-01,1.793346107006072998e-01,6.428183615207672119e-02,2.345601767301559448e-01,1.273595392704010010e-01,1.861231923103332520e-01,9.850336611270904541e-02,1.584753990173339844e-01,-2.393754431977868080e-03,2.810524106025695801e-01,2.660619616508483887e-01,2.305033802986145020e-01,1.976119428873062134e-01,1.661757975816726685e-01,8.303136378526687622e-02,3.210347890853881836e-02,6.584600359201431274e-02,1.131924465298652649e-01,-5.904937535524368286e-02,-1.819110810756683350e-01,-7.108756899833679199e-02,1.427569543011486530e-03,-1.392576396465301514e-01,3.232538998126983643e-01,1.820426732301712036e-01,2.753058373928070068e-01,2.435957789421081543e-01,2.932526171207427979e-01,1.683970987796783447e-01,4.952109605073928833e-02,1.039817705750465393e-01
4.321680068969726562e-01,4.710364043712615967e-01,6.407925486564636230e-01,5.878888368606567383e-01,-7.462635636329650879e-02,1.121191605925559998e-01,7.103894352912902832e-01,1.000000000000000000e+00,7.637251913547515869e-02,1.689564287662506104e-01,4.007040560245513916e-01,6.723322868347167969e-01,3.968985080718994141e-01,7.032347321510314941e-01,-2.064546756446361542e-02,2.518250048160552979e-01,3.021633028984069824e-01,6.069445013999938965e-01,2.200813740491867065e-01,2.592306733131408691e-01,1.175171583890914917e-01,1.534933894872665405e-01,4.940993487834930420e-01,4.917771518230438232e-01,2.243584394454956055e-01,1.845084577798843384e-01,-4.292115569114685059e-02,-9.596365853212773800e-04,1.782498657703399658e-01,5.357741713523864746e-01,4.541663825511932373e-01,4.225557446479797363e-01,4.230035543441772461e-01,4.896728098392486572e-01,1.612365841865539551e-01,1.066207736730575562e-01,5.110015720129013062e-02,1.891033798456192017e-01,-3.488106653094291687e-02,4.483292624354362488e-02,1.204593293368816376e-02,2.848083153367042542e-02,7.037321478128433228e-02,1.828220188617706299e-01,1.117501705884933472e-01,1.334662884473800659e-01,1.594296395778656006e-01,2.197079062461853027e-01,6.275675445795059204e-02,1.486561596393585205e-01,1.058803349733352661e-01,2.302479296922683716e-01,1.255355328321456909e-01,2.083354890346527100e-01,1.097162663936614990e-01,2.962140738964080811e-01,2.659270763397216797e-01,3.896256983280181885e-01,-2.570752985775470734e-03,1.565289497375488281e-01,1.999589204788208008e-01,3.253098130226135254e-01,2.800949513912200928e-01,4.877690970897674561e-01,1.133963093161582947e-01,2.604954838752746582e-01,1.228879243135452271e-01,2.330461293458938599e-01,9.267000854015350342e-02,1.373102366924285889e-01,4.419538378715515137e-01,4.985518455505371094e-01,1.156149730086326599e-01,4.036777317523956299e-01,1.920108944177627563e-01,2.993724048137664795e-01,2.517476379871368408e-01,2.881091535091400146e-01,2.102575451135635376e-01,1.348665505647659302e-01,2.338220328092575073e-01,5.480136871337890625e-01,1.087249815464019775e-02,3.405805826187133789e-01,1.251628398895263672e-01,3.998126685619354248e-01,3.497697412967681885e-02,2.214849144220352173e-01,2.157905884087085724e-02,3.217732310295104980e-01,1.254547983407974243e-01,1.623034924268722534e-01,1.331521719694137573e-01,4.620628803968429565e-02,1.446236222982406616e-01,1.696075648069381714e-01,3.782277554273605347e-02,1.629587858915328979e-01,9.948943555355072021e-02,1.434269547462463379e-01,-1.808403581380844116e-01,2.287274450063705444e-01,1.199352205730974674e-03,2.370660565793514252e-02,-2.268790304660797119e-01,-5.132757872343063354e-02,-1.032643578946590424e-02,-4.180191457271575928e-02,2.809811532497406006e-01,1.086386293172836304e-01,2.644136846065521240e-01,2.463655769824981689e-01,2.843791246414184570e-01,1.031090393662452698e-01,2.231696434319019318e-02,1.100613027811050415e-01
2.167452126741409302e-01,1.972945481538772583e-01,3.064280450344085693e-01,2.468142211437225342e-01,8.073530197143554688e-01,6.424039602279663086e-01,2.368581146001815796e-01,7.637251913547515869e-02,1.000000000000000000e+00,6.509039402008056641e-01,1.638413816690444946e-01,4.831411316990852356e-02,3.526009321212768555e-01,1.330881193280220032e-02,7.987929582595825195e-01,4.559043645858764648e-01,1.369747370481491089e-01,-1.538104005157947540e-02,1.670311987400054932e-01,1.755087077617645264e-01,4.471028447151184082e-01,3.140222430229187012e-01,2.369809299707412720e-01,2.454551160335540771e-01,5.407229065895080566e-01,5.653092861175537109e-01,6.357134580612182617e-01,6.936726570129394531e-01,3.475905656814575195e-01,1.459408849477767944e-01,3.050470650196075439e-01,1.876735091209411621e-01,2.972228825092315674e-02,4.250933998264372349e-04,2.722849510610103607e-02,-9.199912846088409424e-02,2.775751352310180664e-01,1.031682789325714111e-01,4.170214235782623291e-01,4.098372161388397217e-01,5.032513737678527832e-01,2.708253562450408936e-01,-8.570445328950881958e-02,-4.057385027408599854e-02,4.668465629220008850e-02,1.222917884588241577e-01,-7.290493696928024292e-02,-2.326862215995788574e-01,7.103969156742095947e-02,6.172530353069305420e-02,-1.750324517488479614e-01,-5.478419363498687744e-02,-2.415818572044372559e-01,-1.548724174499511719e-01,1.783016324043273926e-01,2.260351367294788361e-02,1.286480128765106201e-01,2.011337429285049438e-01,3.126798570156097412e-01,2.574235200881958008e-01,1.442318111658096313e-01,2.034684717655181885e-01,2.439890289679169655e-03,1.650581881403923035e-02,4.091372713446617126e-03,1.225692033767700195e-01,2.319207191467285156e-01,1.743711680173873901e-01,1.375499516725540161e-01,8.091785013675689697e-02,2.590314149856567383e-01,2.560908794403076172e-01,2.607435286045074463e-01,2.033016532659530640e-01,2.338167428970336914e-01,1.937139630317687988e-01,1.335016787052154541e-01,1.079330742359161377e-01,-1.917728595435619354e-02,-2.988420054316520691e-02,1.859786212444305420e-01,-2.660111151635646820e-02,6.954884529113769531e-01,3.712823688983917236e-01,3.044153153896331787e-01,6.788753904402256012e-03,4.393512606620788574e-01,3.090943992137908936e-01,5.577603578567504883e-01,1.403127610683441162e-01,2.454884052276611328e-01,3.409045636653900146e-01,3.120367527008056641e-01,3.175137042999267578e-01,2.677846252918243408e-01,1.445150971412658691e-01,2.270955294370651245e-01,7.239017635583877563e-02,1.678154170513153076e-01,1.608849912881851196e-01,2.177066504955291748e-01,1.746900528669357300e-01,3.920817971229553223e-01,1.387636512517929077e-01,1.877711117267608643e-01,2.591245770454406738e-01,3.059350550174713135e-01,1.012193635106086731e-01,2.231971770524978638e-01,1.092664673924446106e-01,-1.685780589468777180e-03,4.569644480943679810e-02,2.605628669261932373e-01,4.605689942836761475e-01,3.850917816162109375e-01,2.789292633533477783e-01
1.557901203632354736e-01,3.328767120838165283e-01,2.943854928016662598e-01,1.997475773096084595e-01,6.024507880210876465e-01,8.055515289306640625e-01,1.343750506639480591e-01,1.689564287662506104e-01,6.509039402008056641e-01,1.000000000000000000e+00,-6.425455212593078613e-02,7.608719915151596069e-02,1.095285192131996155e-01,2.823514342308044434e-01,5.492057800292968750e-01,7.107872366905212402e-01,-4.854829236865043640e-02,1.504218876361846924e-01,1.991321444511413574e-01,2.060942798852920532e-01,3.973186910152435303e-01,3.478121459484100342e-01,1.713736653327941895e-01,2.153109014034271240e-01,4.897775053977966309e-01,5.597375631332397461e-01,4.877477288246154785e-01,6.185615062713623047e-01,1.814633905887603760e-01,3.262671232223510742e-01,2.662518918514251709e-01,1.731643527746200562e-01,1.509236730635166168e-02,1.550082676112651825e-02,6.804191041737794876e-03,6.360084284096956253e-03,2.094836533069610596e-01,1.661735475063323975e-01,2.946445047855377197e-01,4.544506669044494629e-01,3.483287394046783447e-01,3.307119905948638916e-01,-1.607033610343933105e-01,-7.001762092113494873e-02,6.999147683382034302e-02,1.713287979364395142e-01,-8.833699673414230347e-02,-9.888628125190734863e-02,9.526836127042770386e-02,1.536327153444290161e-01,-2.101700603961944580e-01,2.228408819064497948e-03,-1.781627535820007324e-01,-5.090123042464256287e-02,4.590922594070434570e-02,1.760809868574142456e-01,1.197895184159278870e-01,3.462990820407867432e-01,3.677029609680175781e-01,3.587787449359893799e-01,1.975570917129516602e-01,2.927370965480804443e-01,-9.515406936407089233e-02,1.446207910776138306e-01,-2.316124550998210907e-02,1.956179738044738770e-01,2.899347543716430664e-01,2.701046466827392578e-01,2.273239344358444214e-01,2.633230984210968018e-01,2.538575232028961182e-01,3.045775890350341797e-01,1.698512434959411621e-01,2.593005895614624023e-01,2.332591265439987183e-01,2.087088525295257568e-01,1.443643420934677124e-01,1.106939390301704407e-01,1.302620628848671913e-03,7.703681010752916336e-03,-4.648819565773010254e-02,1.291315704584121704e-01,5.043824911117553711e-01,6.930772662162780762e-01,-2.735479548573493958e-02,1.540329903364181519e-01,4.078077673912048340e-01,5.912262797355651855e-01,3.563029468059539795e-01,4.743366241455078125e-01,1.466916948556900024e-01,5.132768154144287109e-01,2.738055586814880371e-01,4.058386683464050293e-01,1.367482393980026245e-01,1.001838967204093933e-01,1.203478425741195679e-01,9.976493567228317261e-02,5.208531394600868225e-02,1.730768978595733643e-01,2.180993109941482544e-01,3.589712381362915039e-01,3.502135872840881348e-01,3.338992595672607422e-01,1.233967989683151245e-01,3.254042267799377441e-01,3.070116341114044189e-01,1.888090223073959351e-01,1.641775667667388916e-01,9.418227709829807281e-03,1.442550960928201675e-02,1.170202046632766724e-01,3.349228799343109131e-01,4.326603710651397705e-01,3.499176502227783203e-01,2.870645821094512939e-01
2.633806169033050537e-01,3.239786624908447266e-02,4.074099957942962646e-01,4.448133409023284912e-01,1.249293982982635498e-01,-6.224348023533821106e-02,6.017689108848571777e-01,4.007040560245513916e-01,1.638413816690444946e-01,-6.425455212593078613e-02,1.000000000000000000e+00,5.862167477607727051e-01,7.724617123603820801e-01,3.213634788990020752e-01,2.494174689054489136e-01,4.538954049348831177e-02,7.652656435966491699e-01,4.500273168087005615e-01,-1.487075909972190857e-02,1.882162317633628845e-02,2.041210681200027466e-01,1.376226097345352173e-01,3.928180336952209473e-01,4.190860092639923096e-01,1.245878413319587708e-01,1.507032215595245361e-01,6.820965092629194260e-03,-3.963779890909790993e-04,6.220247149467468262e-01,3.988082110881805420e-01,4.897539615631103516e-01,4.790196716785430908e-01,2.635211944580078125e-01,3.337010145187377930e-01,1.136243417859077454e-01,-2.733439393341541290e-02,3.093375861644744873e-01,1.410179436206817627e-01,2.520313262939453125e-01,3.972102329134941101e-02,9.517606347799301147e-02,2.136109583079814911e-02,1.408754438161849976e-01,1.879685223102569580e-01,6.106561794877052307e-02,-8.324533700942993164e-03,3.118771612644195557e-01,1.524945199489593506e-01,2.714733406901359558e-02,-4.724989458918571472e-02,2.006262093782424927e-01,9.477164596319198608e-02,8.337664604187011719e-02,-4.708271473646163940e-02,2.874155044555664062e-01,6.917544454336166382e-02,1.553451418876647949e-01,-1.342760305851697922e-02,-7.923702150583267212e-02,-2.247277498245239258e-01,-4.490681737661361694e-02,-7.412391155958175659e-02,1.782781332731246948e-01,-1.255073845386505127e-01,5.172141268849372864e-02,-1.353784650564193726e-01,-5.376786738634109497e-02,-7.195359468460083008e-02,5.846677813678979874e-03,-4.369346052408218384e-02,4.641721546649932861e-01,4.039623439311981201e-01,4.604168534278869629e-01,3.077811896800994873e-01,3.192795515060424805e-01,2.725048363208770752e-01,2.616125941276550293e-01,3.229267597198486328e-01,4.076902866363525391e-01,3.259109556674957275e-01,6.071891784667968750e-01,2.391939461231231689e-01,1.662364453077316284e-01,-9.086377918720245361e-02,5.233463644981384277e-01,1.266475319862365723e-01,-4.391054436564445496e-02,-2.498851716518402100e-01,2.184466570615768433e-01,-5.178075656294822693e-02,2.039868235588073730e-01,-7.901188731193542480e-02,1.170908212661743164e-01,-1.175536066293716431e-01,3.711169064044952393e-01,2.327569872140884399e-01,2.986552715301513672e-01,1.764800548553466797e-01,1.898780912160873413e-01,6.742689758539199829e-02,1.742018386721611023e-02,-1.993970721960067749e-01,4.296572133898735046e-02,-2.184081077575683594e-01,-1.434301733970642090e-01,-2.232842892408370972e-01,6.677038967609405518e-03,-1.329437047243118286e-01,2.817375659942626953e-01,3.087582886219024658e-01,1.925314515829086304e-01,6.103763356804847717e-02,1.255753636360168457e-01,1.896932572126388550e-01,1.521697826683521271e-02,1.447263639420270920e-02
2.082034498453140259e-01,2.442382127046585083e-01,4.542972743511199951e-01,4.770658314228057861e-01,-2.695663459599018097e-02,4.716916754841804504e-02,5.885391235351562500e-01,6.723322868347167969e-01,4.831411316990852356e-02,7.608719915151596069e-02,5.862167477607727051e-01,1.000000000000000000e+00,4.612636268138885498e-01,6.819616556167602539e-01,8.499712683260440826e-03,2.492495924234390259e-01,4.024442732334136963e-01,6.438959836959838867e-01,5.541262403130531311e-02,9.693296253681182861e-02,1.234886124730110168e-01,2.362189739942550659e-01,4.111132025718688965e-01,4.274184107780456543e-01,2.551417946815490723e-01,2.574076056480407715e-01,1.405090093612670898e-02,2.848843112587928772e-02,2.671203315258026123e-01,5.632483363151550293e-01,4.988643527030944824e-01,4.910566508769989014e-01,3.204443454742431641e-01,4.246837496757507324e-01,2.019396126270294189e-01,1.558842808008193970e-01,1.248851194977760315e-01,2.154205441474914551e-01,9.749076515436172485e-02,1.453585177659988403e-01,3.628407418727874756e-02,1.523476392030715942e-01,9.786048904061317444e-03,2.250129878520965576e-01,-6.133587285876274109e-02,-1.713242940604686737e-02,2.027809768915176392e-01,2.581762373447418213e-01,-1.240790337324142456e-01,-1.177168823778629303e-02,3.624628856778144836e-02,1.527508050203323364e-01,5.745369940996170044e-02,1.132949888706207275e-01,1.221173107624053955e-01,2.960294485092163086e-01,2.175626344978809357e-03,1.752309054136276245e-01,-1.460495293140411377e-01,-9.467864781618118286e-02,-1.501885652542114258e-01,-1.654612086713314056e-02,7.058706134557723999e-02,1.796215176582336426e-01,-8.429484069347381592e-02,1.127138361334800720e-02,-9.286729246377944946e-02,-2.121231891214847565e-02,7.011496275663375854e-02,5.586130917072296143e-02,4.403356015682220459e-01,4.401636421680450439e-01,1.968990266323089600e-01,3.905645608901977539e-01,1.618234217166900635e-01,2.360868602991104126e-01,1.612317264080047607e-01,2.525727748870849609e-01,1.979302465915679932e-01,2.697326540946960449e-01,2.888460159301757812e-01,5.859119296073913574e-01,-2.025515958666801453e-02,2.513061463832855225e-01,1.753214746713638306e-01,5.009678006172180176e-01,-1.529876887798309326e-01,-2.967729233205318451e-02,-2.406946569681167603e-02,2.925639450550079346e-01,5.082749575376510620e-02,9.355498105287551880e-02,-3.971356898546218872e-02,-9.727439284324645996e-02,1.744444519281387329e-01,2.240881472826004028e-01,1.209752857685089111e-01,2.200333774089813232e-01,1.473640501499176025e-01,2.930476367473602295e-01,-2.224142700433731079e-01,-1.138206869363784790e-01,-1.577096283435821533e-01,-1.929768621921539307e-01,-1.446813493967056274e-01,-1.536402404308319092e-01,-1.886616088449954987e-02,4.694571718573570251e-02,2.754201292991638184e-01,1.486392021179199219e-01,2.102782577276229858e-01,1.997314393520355225e-01,2.093482315540313721e-01,1.569106429815292358e-01,7.235545665025711060e-02,1.293115019798278809e-01
2.639557719230651855e-01,1.231043878942728043e-02,5.130648612976074219e-01,5.125558972358703613e-01,3.406308889389038086e-01,9.417251497507095337e-02,6.113047003746032715e-01,3.968985080718994141e-01,3.526009321212768555e-01,1.095285192131996155e-01,7.724617123603820801e-01,4.612636268138885498e-01,1.000000000000000000e+00,3.184870481491088867e-01,4.487644731998443604e-01,1.438871175050735474e-01,6.706745624542236328e-01,3.472208380699157715e-01,5.302823334932327271e-02,1.273907870054244995e-01,4.220549166202545166e-01,2.083749473094940186e-01,4.635212719440460205e-01,5.030287504196166992e-01,3.443962037563323975e-01,3.566595613956451416e-01,1.925121843814849854e-01,2.201987951993942261e-01,6.945047974586486816e-01,4.191332161426544189e-01,5.825672149658203125e-01,5.603726506233215332e-01,1.687937527894973755e-01,2.415045648813247681e-01,1.212718188762664795e-01,-8.352061733603477478e-03,3.879320621490478516e-01,1.512873768806457520e-01,3.810511827468872070e-01,1.740514039993286133e-01,2.961746454238891602e-01,8.910907804965972900e-02,9.938655048608779907e-02,6.721475720405578613e-02,8.307009190320968628e-02,2.421494387090206146e-02,2.575620412826538086e-01,7.462297379970550537e-02,4.876736924052238464e-02,-3.916160389780998230e-02,1.008637174963951111e-01,9.276340156793594360e-02,6.694761663675308228e-02,1.224762015044689178e-02,4.028346836566925049e-01,1.187601462006568909e-01,1.727875322103500366e-01,1.691795699298381805e-02,2.923499420285224915e-02,-9.620804339647293091e-02,1.959637552499771118e-02,1.110145449638366699e-02,1.694403290748596191e-01,-1.051540151238441467e-01,3.117723949253559113e-02,-9.066505730152130127e-02,2.794149145483970642e-02,-1.608765497803688049e-02,6.744799762964248657e-02,2.722141146659851074e-02,5.586188435554504395e-01,5.047767162322998047e-01,5.073425769805908203e-01,3.489544987678527832e-01,3.630579113960266113e-01,3.278137147426605225e-01,2.431796491146087646e-01,2.822939753532409668e-01,3.601799905300140381e-01,1.521059572696685791e-01,6.114658117294311523e-01,1.728117763996124268e-01,4.114286899566650391e-01,2.487524971365928650e-02,5.771614313125610352e-01,7.629678398370742798e-02,1.086236536502838135e-01,-1.442376375198364258e-01,4.012874662876129150e-01,-7.758837193250656128e-03,2.881167232990264893e-01,-1.629586331546306610e-02,1.605515480041503906e-01,-4.064435139298439026e-02,4.179661273956298828e-01,2.525508701801300049e-01,3.808467686176300049e-01,2.336055189371109009e-01,2.717592716217041016e-01,1.009034737944602966e-01,4.757896065711975098e-02,-1.448234468698501587e-01,1.277363300323486328e-01,-1.858409196138381958e-01,-7.644969969987869263e-03,-7.996670156717300415e-02,8.532129973173141479e-02,-1.199156343936920166e-01,3.167063295841217041e-01,3.065947294235229492e-01,1.832571625709533691e-01,5.955059453845024109e-02,1.356219202280044556e-01,2.419178932905197144e-01,1.661925613880157471e-01,1.204108670353889465e-01
