1.000000000000000000e+00,3.912115991115570068e-01,3.102102577686309814e-01,2.999460399150848389e-01,1.108289137482643127e-02,-1.991493627429008484e-02,2.910270392894744873e-01,2.974244058132171631e-01,1.763790696859359741e-01,6.239042058587074280e-02,4.969404041767120361e-01,2.881499826908111572e-01,2.238859981298446655e-01,1.104407832026481628e-01,1.059065386652946472e-01,7.274471223354339600e-02,2.728953659534454346e-01,2.602334618568420410e-01,3.494983911514282227e-01,2.792091965675354004e-01,3.422781452536582947e-02,-1.087343879044055939e-02,1.050896719098091125e-01,1.314845383167266846e-01,4.041069746017456055e-02,1.015362367033958435e-01,2.684246189892292023e-02,3.560487553477287292e-02,2.323678582906723022e-01,2.947729527950286865e-01,2.436898350715637207e-01,5.748234689235687256e-02,3.415159285068511963e-01,2.613226175308227539e-01,2.586420476436614990e-01,2.914630472660064697e-01,1.685821712017059326e-01,9.201429784297943115e-02,2.296457588672637939e-01,1.760294139385223389e-01,1.162011772394180298e-01,1.100316047668457031e-01,2.994499206542968750e-01,2.422341555356979370e-01,2.749628722667694092e-01,1.892118901014328003e-01,3.383205533027648926e-01,2.667574584484100342e-01,3.186637759208679199e-01,3.013200461864471436e-01,3.413245677947998047e-01,2.692794501781463623e-01,3.183837831020355225e-01,1.180586367845535278e-01,2.035291939973831177e-01,1.417338550090789795e-01,5.743441581726074219e-01,3.740059435367584229e-01,1.903686970472335815e-01,2.255441397428512573e-01,4.786685407161712646e-01,1.924295276403427124e-01,1.947015374898910522e-01,9.901360422372817993e-02,1.509060412645339966e-01,1.883924156427383423e-01,2.972266376018524170e-01,2.619121372699737549e-01,5.358741283416748047e-01,1.886706948280334473e-01,2.697528600692749023e-01,2.037656605243682861e-01,2.753702998161315918e-01,2.103302776813507080e-01,4.073963686823844910e-02,2.013762295246124268e-01,2.922554016113281250e-01,2.996176481246948242e-01,5.031587183475494385e-02,1.535304486751556396e-01,2.221110910177230835e-01,2.039277404546737671e-01,2.964272201061248779e-01,2.907607257366180420e-01,1.901109367609024048e-01,8.564954251050949097e-02,2.924640178680419922e-01,3.114446997642517090e-01,1.385195255279541016e-01,1.197066605091094971e-01,2.348502725362777710e-01,1.892566829919815063e-01,2.504979670047760010e-01,2.489228099584579468e-01,2.566657066345214844e-01,2.102740705013275146e-01,2.619050741195678711e-01,2.469313591718673706e-01,2.712784707546234131e-01,2.000820487737655640e-01,2.694242596626281738e-01,2.021338194608688354e-01,3.504755496978759766e-01,2.649058103561401367e-01,2.663750648498535156e-01,1.258391141891479492e-01,8.755604177713394165e-02,1.187942922115325928e-01,1.884770542383193970e-01,2.474507093429565430e-01,2.088456898927688599e-01,2.465457022190093994e-01,2.228385359048843384e-01,2.024312913417816162e-01,7.109695672988891602e-02,-5.624030251055955887e-03
3.912115991115570068e-01,1.000000000000000000e+00,3.282311856746673584e-01,3.548026680946350098e-01,9.232940524816513062e-02,6.848458945751190186e-02,2.078923434019088745e-01,3.144876658916473389e-01,3.473483622074127197e-01,2.831234037876129150e-01,1.275060772895812988e-01,2.405540049076080322e-01,6.840705126523971558e-02,1.947254836559295654e-01,3.468303754925727844e-02,-2.466196380555629730e-02,4.415480419993400574e-02,2.281661778688430786e-01,1.490236073732376099e-01,3.749893009662628174e-01,9.392604231834411621e-02,3.870464116334915161e-02,4.083164781332015991e-02,1.522764861583709717e-01,2.375528216361999512e-01,2.358461320400238037e-01,1.835484951734542847e-01,1.456522643566131592e-01,9.592179208993911743e-02,8.341080695390701294e-02,1.697182506322860718e-01,1.338028758764266968e-01,2.696152329444885254e-01,3.957946300506591797e-01,9.407832473516464233e-02,1.332916170358657837e-01,-3.645604476332664490e-02,5.052200704813003540e-02,3.759278729557991028e-02,-4.288233350962400436e-03,1.260639913380146027e-02,1.068345010280609131e-01,1.198103278875350952e-01,3.505377769470214844e-01,1.716146022081375122e-01,3.043769001960754395e-01,1.982864886522293091e-01,2.733938992023468018e-01,2.078127264976501465e-01,4.890071153640747070e-01,2.435472160577774048e-01,5.553906559944152832e-01,1.837575733661651611e-01,4.039646685123443604e-01,-1.410385128110647202e-02,2.578938566148281097e-02,3.383238017559051514e-01,6.534221172332763672e-01,2.469743937253952026e-01,3.345366120338439941e-01,3.617622554302215576e-01,3.794668316841125488e-01,-7.546543329954147339e-02,3.662494942545890808e-02,1.744273602962493896e-01,3.843508362770080566e-01,2.265254706144332886e-01,3.186863064765930176e-01,3.117254972457885742e-01,4.075375199317932129e-01,1.139613147825002670e-02,4.893577843904495239e-02,5.569204315543174744e-02,1.869438886642456055e-01,5.083916708827018738e-03,7.701586931943893433e-02,8.963464945554733276e-02,1.713338494300842285e-01,-8.586040139198303223e-02,4.723434150218963623e-02,-1.504029205534607172e-04,2.102016061544418335e-01,1.740906536579132080e-01,2.034402489662170410e-01,-2.637075819075107574e-02,2.189663648605346680e-01,2.731461226940155029e-01,2.890163958072662354e-01,-1.272370815277099609e-01,1.870564520359039307e-01,-3.454494848847389221e-02,1.942523121833801270e-01,2.082449942827224731e-02,3.210753798484802246e-01,7.222425192594528198e-02,5.219408869743347168e-02,7.003431767225265503e-02,2.409721724689006805e-02,2.071068063378334045e-02,9.806203842163085938e-02,-4.073225427418947220e-03,2.893245220184326172e-01,1.806997358798980713e-01,3.660109937191009521e-01,1.061553210020065308e-01,1.948978006839752197e-01,-9.545100480318069458e-02,-8.782011456787586212e-03,4.285931214690208435e-02,3.161458298563957214e-02,7.713758945465087891e-02,1.082483306527137756e-01,1.127403452992439270e-01,9.575616568326950073e-02,-3.937887400388717651e-02,-1.566111147403717041e-01
3.102102577686309814e-01,3.282311856746673584e-01,1.000000000000000000e+00,6.673617362976074219e-01,1.197225227952003479e-01,1.567943952977657318e-02,6.739941835403442383e-01,6.073457002639770508e-01,4.142546057701110840e-01,1.838801354169845581e-01,3.682954013347625732e-01,1.771783530712127686e-01,3.064927458763122559e-01,2.825621366500854492e-01,-7.125253975391387939e-02,-1.767527163028717041e-01,3.050572872161865234e-01,3.326593935489654541e-01,4.635057449340820312e-01,4.852768182754516602e-01,-2.137395087629556656e-03,-2.107372693717479706e-02,4.441829323768615723e-01,4.901925027370452881e-01,2.046842724084854126e-01,2.339110374450683594e-01,8.579310774803161621e-02,4.144011531025171280e-03,2.847298979759216309e-01,3.720068931579589844e-01,3.794568181037902832e-01,2.275018841028213501e-01,3.094033896923065186e-01,3.440827131271362305e-01,2.525665163993835449e-01,2.791500091552734375e-01,1.000521406531333923e-01,4.765160754323005676e-02,1.372033506631851196e-01,8.968626707792282104e-02,1.366047710180282593e-01,6.013007462024688721e-02,9.641165286302566528e-02,2.121311128139495850e-01,1.208635196089744568e-01,1.884637773036956787e-01,1.562683135271072388e-01,2.532390356063842773e-01,8.116260170936584473e-02,2.892413437366485596e-01,3.472397103905677795e-02,2.758833765983581543e-01,3.381712362170219421e-02,1.186816021800041199e-01,3.695786581374704838e-04,-2.547955373302102089e-03,3.551218211650848389e-01,2.907620966434478760e-01,2.433359920978546143e-01,2.035237401723861694e-01,3.189291357994079590e-01,1.573484539985656738e-01,5.203656107187271118e-02,6.034583225846290588e-02,1.980329900979995728e-01,3.125827908515930176e-01,2.752352058887481689e-01,3.540087640285491943e-01,3.266726732254028320e-01,2.541767954826354980e-01,2.023856788873672485e-01,2.159487009048461914e-01,3.270879685878753662e-01,2.153971642255783081e-01,1.227909177541732788e-01,1.331879198551177979e-01,2.463492155075073242e-01,2.153163999319076538e-01,1.750884950160980225e-01,2.179194539785385132e-01,1.833041608333587646e-01,3.383944630622863770e-01,2.781199514865875244e-01,1.030216440558433533e-01,1.043522581458091736e-01,1.307457983493804932e-01,2.559261023998260498e-01,1.382627934217453003e-01,-4.575161729007959366e-03,9.125514328479766846e-02,-3.634968400001525879e-02,1.885935664176940918e-01,4.680779203772544861e-02,3.197166621685028076e-01,1.456479132175445557e-01,1.058921813964843750e-01,1.071680262684822083e-01,8.730487525463104248e-02,5.301969125866889954e-02,1.077722162008285522e-01,3.284230828285217285e-02,2.339469492435455322e-01,1.059807837009429932e-01,2.264722138643264771e-01,1.478242576122283936e-01,1.762901544570922852e-01,5.273249745368957520e-02,1.012647598981857300e-01,1.771355867385864258e-01,1.904675066471099854e-01,1.507042944431304932e-01,1.632448285818099976e-01,2.287019789218902588e-01,1.924516409635543823e-01,-6.570817437022924423e-03,6.147388834506273270e-03
2.999460399150848389e-01,3.548026680946350098e-01,6.673617362976074219e-01,1.000000000000000000e+00,5.763223767280578613e-02,6.662671267986297607e-02,5.544724464416503906e-01,6.356330513954162598e-01,2.819637358188629150e-01,3.059720098972320557e-01,3.299920260906219482e-01,2.010642588138580322e-01,1.823159754276275635e-01,2.566695511341094971e-01,-1.978053599596023560e-01,-1.909584254026412964e-01,1.684815585613250732e-01,3.032769560813903809e-01,3.762125372886657715e-01,6.002352237701416016e-01,-1.084783896803855896e-01,-1.227322369813919067e-01,3.398832678794860840e-01,5.223507881164550781e-01,1.797156184911727905e-01,2.134315073490142822e-01,2.692011557519435883e-02,-1.568566448986530304e-02,1.009230688214302063e-01,2.604641318321228027e-01,2.295613437891006470e-01,1.450761407613754272e-01,2.255573570728302002e-01,3.063488006591796875e-01,1.309049576520919800e-01,1.677335202693939209e-01,-8.536159247159957886e-02,-5.707192420959472656e-02,-9.462820366024971008e-03,-5.749311298131942749e-02,-1.977266184985637665e-02,-5.204917490482330322e-02,8.354355394840240479e-02,2.035233229398727417e-01,1.107626184821128845e-01,2.228188067674636841e-01,2.271052636206150055e-02,8.112878352403640747e-02,9.609174728393554688e-02,3.039832413196563721e-01,1.322623193264007568e-01,2.913969457149505615e-01,7.094467431306838989e-02,5.410408973693847656e-02,-9.883258491754531860e-02,-1.360189765691757202e-01,3.327580392360687256e-01,3.164418935775756836e-01,2.670840620994567871e-01,2.148273885250091553e-01,3.333999812602996826e-01,2.434638142585754395e-01,2.842486836016178131e-02,8.798056282103061676e-03,2.865140736103057861e-01,3.704100847244262695e-01,1.711319535970687866e-01,3.458324968814849854e-01,3.325301110744476318e-01,3.257733881473541260e-01,4.589715227484703064e-02,3.443514555692672729e-02,1.202399209141731262e-01,9.069822728633880615e-02,2.775127440690994263e-02,1.307887607254087925e-03,3.919156640768051147e-02,2.696755155920982361e-02,9.207791090011596680e-02,1.287966668605804443e-01,8.730660378932952881e-02,3.097848296165466309e-01,2.673739790916442871e-01,-4.209418222308158875e-02,3.786569833755493164e-02,4.070935398340225220e-02,1.299407780170440674e-01,1.185690537095069885e-01,-9.893587231636047363e-02,2.481946721673011780e-04,-5.920623615384101868e-02,1.412463337182998657e-01,1.674618199467658997e-02,3.035564422607421875e-01,2.082625031471252441e-02,-5.349713936448097229e-02,-8.671916276216506958e-02,-1.193717047572135925e-01,-8.379170298576354980e-02,-1.252989377826452255e-02,6.488032173365354538e-03,2.647443711757659912e-01,8.477417379617691040e-02,2.050731927156448364e-01,1.709107123315334320e-02,8.721917867660522461e-02,-1.458485983312129974e-02,8.879421278834342957e-03,3.563869372010231018e-02,5.887121893465518951e-03,-4.558726027607917786e-02,2.857908979058265686e-02,2.547036111354827881e-02,8.612462878227233887e-02,-5.113038420677185059e-02,-6.589811295270919800e-02
1.108289137482643127e-02,9.232940524816513062e-02,1.197225227952003479e-01,5.763223767280578613e-02,1.000000000000000000e+00,5.928322076797485352e-01,2.122415453195571899e-01,1.224548146128654480e-01,3.546001017093658447e-01,1.061583235859870911e-01,-1.909218542277812958e-02,2.879341691732406616e-02,9.958036988973617554e-02,1.057673469185829163e-01,4.197732508182525635e-01,2.759588956832885742e-01,1.559496372938156128e-01,1.546793431043624878e-01,7.373191416263580322e-02,2.146388776600360870e-02,1.566334068775177002e-01,2.338494360446929932e-01,1.340181082487106323e-01,1.897302120923995972e-01,2.695013284683227539e-01,3.026160001754760742e-01,5.037983655929565430e-01,4.503932595252990723e-01,2.791301310062408447e-01,2.352626770734786987e-01,2.196342051029205322e-01,2.617722153663635254e-01,1.573736220598220825e-01,1.301887184381484985e-01,7.367157936096191406e-02,3.491514548659324646e-02,8.373422920703887939e-02,-2.046057581901550293e-02,2.059757262468338013e-01,2.230654060840606689e-01,1.559754014015197754e-01,2.237321585416793823e-01,1.299567967653274536e-01,1.255308836698532104e-01,1.566255837678909302e-01,9.987328946590423584e-02,1.268888413906097412e-01,1.174592450261116028e-01,1.356985867023468018e-01,1.465555429458618164e-01,6.545545905828475952e-02,1.795997470617294312e-01,2.673188038170337677e-02,1.557964235544204712e-01,1.090016141533851624e-01,2.580122947692871094e-01,8.480083942413330078e-02,1.214570775628089905e-01,2.065109461545944214e-01,1.943937242031097412e-01,1.284546852111816406e-01,1.487190276384353638e-01,-6.928017828613519669e-03,1.806431412696838379e-01,1.476775556802749634e-01,1.630964577198028564e-01,2.257232964038848877e-01,1.602502614259719849e-01,1.216459944844245911e-01,6.165168061852455139e-02,1.569625288248062134e-01,2.107323557138442993e-01,1.610944569110870361e-01,2.458073049783706665e-01,7.738788425922393799e-02,1.787429302930831909e-01,7.021902501583099365e-02,1.143189668655395508e-01,2.310260832309722900e-01,3.062301576137542725e-01,1.851952970027923584e-01,1.558218449354171753e-01,-1.205320060253143311e-01,3.423704579472541809e-02,9.879844635725021362e-02,1.255783140659332275e-01,1.051994413137435913e-01,8.757028728723526001e-03,2.010862231254577637e-01,2.159168571233749390e-01,-2.348331362009048462e-02,-2.974115498363971710e-02,1.027785986661911011e-02,-1.076138205826282501e-02,8.710055053234100342e-02,1.179370358586311340e-01,1.349801272153854370e-01,1.079250499606132507e-01,4.341885074973106384e-02,-2.464631572365760803e-03,3.528981655836105347e-02,-2.720003481954336166e-03,-6.421177834272384644e-02,-2.018217556178569794e-02,1.021736413240432739e-01,1.681151539087295532e-01,1.088156178593635559e-01,1.075797453522682190e-01,1.172171756625175476e-01,1.016809418797492981e-01,1.175750717520713806e-01,4.139114171266555786e-03,6.960439682006835938e-02,1.174017339944839478e-01,1.392825096845626831e-01,4.489613696932792664e-02
-1.991493627429008484e-02,6.848458945751190186e-02,1.567943952977657318e-02,6.662671267986297607e-02,5.928322076797485352e-01,1.000000000000000000e+00,1.022132262587547302e-01,8.008388429880142212e-02,1.308768540620803833e-01,2.023600488901138306e-01,2.300339378416538239e-02,6.824305653572082520e-02,1.577010378241539001e-03,8.591105043888092041e-02,2.550221085548400879e-01,2.709556519985198975e-01,4.360364377498626709e-02,4.611930996179580688e-02,-3.685463219881057739e-02,3.686978481709957123e-03,4.362120106816291809e-02,3.919808194041252136e-02,1.335946004837751389e-02,1.305003613233566284e-01,1.339579671621322632e-01,2.718622982501983643e-01,3.532365858554840088e-01,4.697732031345367432e-01,6.861771643161773682e-02,3.267216682434082031e-02,4.884025454521179199e-02,1.217727586627006531e-01,4.343805462121963501e-02,4.874676093459129333e-02,-3.325285390019416809e-02,-6.959848850965499878e-02,-5.506199598312377930e-02,-1.981444656848907471e-02,2.894516289234161377e-02,7.033786922693252563e-02,-5.192928388714790344e-02,1.908757351338863373e-02,1.150245815515518188e-01,1.373692303895950317e-01,8.296547085046768188e-02,7.199750095605850220e-02,1.531258225440979004e-02,-2.391839772462844849e-02,1.079914644360542297e-01,7.960838079452514648e-02,1.465936154127120972e-01,1.101901307702064514e-01,6.472478806972503662e-02,1.016034260392189026e-01,6.331902742385864258e-02,1.453831642866134644e-01,3.548432886600494385e-02,5.389807745814323425e-02,1.369410157203674316e-01,9.368265420198440552e-02,1.273370832204818726e-01,1.175915598869323730e-01,4.105281457304954529e-02,6.211102381348609924e-02,1.979764848947525024e-01,8.666410297155380249e-02,8.125289529561996460e-02,9.095267206430435181e-02,-4.075410775840282440e-03,7.144713774323463440e-03,-2.185489796102046967e-02,2.403095923364162445e-02,-6.790359318256378174e-02,3.698481246829032898e-02,-3.131138626486063004e-03,-3.113264404237270355e-02,-9.243529289960861206e-02,-4.596673697233200073e-02,7.816509157419204712e-02,1.389290988445281982e-01,1.104773432016372681e-01,4.146880470216274261e-03,-7.264190167188644409e-02,-5.863700807094573975e-02,3.829979896545410156e-02,5.245535820722579956e-02,4.508922621607780457e-02,3.041437454521656036e-02,1.107749789953231812e-01,1.407915353775024414e-01,2.892898395657539368e-02,1.358492486178874969e-02,6.376890931278467178e-03,4.376885481178760529e-04,-4.425295442342758179e-02,-2.665795385837554932e-02,-6.284559518098831177e-02,-6.309573352336883545e-02,-4.834173619747161865e-02,-5.275812745094299316e-02,-4.952145740389823914e-03,-4.562386777251958847e-03,-9.068431705236434937e-02,-6.031454727053642273e-02,-4.814109578728675842e-02,7.352438289672136307e-03,5.349615961313247681e-02,7.124241441488265991e-03,6.230876781046390533e-03,-3.406424075365066528e-02,-2.996285259723663330e-02,-1.185655295848846436e-01,-7.790328562259674072e-02,5.842869170010089874e-03,7.804328203201293945e-02,-1.086868997663259506e-02
2.910270392894744873e-01,2.078923434019088745e-01,6.739941835403442383e-01,5.544724464416503906e-01,2.122415453195571899e-01,1.022132262587547302e-01,1.000000000000000000e+00,5.377137660980224609e-01,4.239403605461120605e-01,1.302681416273117065e-01,4.192439317703247070e-01,1.966895908117294312e-01,4.311340153217315674e-01,2.935050427913665771e-01,5.338070541620254517e-02,-1.165523007512092590e-01,4.001221060752868652e-01,2.963210344314575195e-01,4.151046872138977051e-01,3.790692090988159180e-01,3.578120470046997070e-02,-1.249599643051624298e-02,3.901494741439819336e-01,4.467322528362274170e-01,1.938258856534957886e-01,2.184717208147048950e-01,1.299244463443756104e-01,5.638605356216430664e-02,4.363996386528015137e-01,3.761968612670898438e-01,4.018135964870452881e-01,2.928013503551483154e-01,3.050901889801025391e-01,3.081656098365783691e-01,2.051475048065185547e-01,2.444907575845718384e-01,2.288872450590133667e-01,1.276078820228576660e-01,2.169475108385086060e-01,1.967934668064117432e-01,2.031773775815963745e-01,1.362856030464172363e-01,4.000511765480041504e-02,1.063821986317634583e-01,8.854917436838150024e-02,6.848287582397460938e-02,1.590918898582458496e-01,2.025231271982192993e-01,6.640950590372085571e-02,1.814344227313995361e-01,-3.984261304140090942e-03,1.813210994005203247e-01,-1.046512834727764130e-02,1.270121783018112183e-01,1.136824563145637512e-01,9.452522546052932739e-02,3.563069403171539307e-01,1.764917969703674316e-01,1.932286471128463745e-01,1.608049869537353516e-01,2.633446156978607178e-01,1.408422291278839111e-01,1.038248091936111450e-01,9.298621863126754761e-02,1.874952912330627441e-01,2.308441996574401855e-01,2.677432298660278320e-01,2.992823719978332520e-01,2.786303758621215820e-01,1.818367391824722290e-01,2.543896436691284180e-01,2.565289437770843506e-01,3.677955865859985352e-01,2.516266405582427979e-01,1.039537563920021057e-01,1.425800323486328125e-01,2.704101800918579102e-01,2.379253208637237549e-01,1.737610399723052979e-01,1.924569755792617798e-01,2.304006963968276978e-01,2.867510616779327393e-01,1.526937186717987061e-01,9.432977437973022461e-02,1.881011575460433960e-01,1.627425849437713623e-01,2.489155977964401245e-01,1.200501844286918640e-01,1.436221450567245483e-01,1.438461542129516602e-01,4.432947188615798950e-02,1.701428890228271484e-01,1.337211132049560547e-01,2.508748173713684082e-01,1.643414944410324097e-01,1.346767246723175049e-01,1.376266628503799438e-01,1.366966068744659424e-01,1.233349964022636414e-01,1.675950139760971069e-01,1.089610904455184937e-01,1.832406371831893921e-01,9.256096929311752319e-02,1.622106134891510010e-01,2.453287243843078613e-01,1.819882690906524658e-01,1.991637051105499268e-01,2.263578474521636963e-01,1.670867204666137695e-01,2.163414061069488525e-01,1.544497907161712646e-01,1.201811879873275757e-01,2.250396311283111572e-01,1.550116837024688721e-01,6.624861061573028564e-02,1.094351634383201599e-01
2.974244058132171631e-01,3.144876658916473389e-01,6.073457002639770508e-01,6.356330513954162598e-01,1.224548146128654480e-01,8.008388429880142212e-02,5.377137660980224609e-01,1.000000000000000000e+00,2.680720388889312744e-01,2.272422015666961670e-01,2.636801600456237793e-01,1.727485358715057373e-01,2.994572818279266357e-01,4.160029590129852295e-01,-7.255866378545761108e-02,-1.081733927130699158e-01,1.800010651350021362e-01,3.331136703491210938e-01,4.742121994495391846e-01,5.117065906524658203e-01,-1.085197925567626953e-01,-1.207349672913551331e-01,5.511906743049621582e-01,5.435234904289245605e-01,1.682030111551284790e-01,1.931232959032058716e-01,4.802193120121955872e-02,5.968283396214246750e-03,1.935429126024246216e-01,3.489289283752441406e-01,2.796359956264495850e-01,2.579917013645172119e-01,2.497500330209732056e-01,3.950445055961608887e-01,1.249142736196517944e-01,1.947135329246520996e-01,3.610944747924804688e-02,5.562290921807289124e-02,1.380202472209930420e-01,1.042805314064025879e-01,1.245681568980216980e-01,-1.850584987550973892e-03,8.591539226472377777e-03,9.595441073179244995e-02,2.580630593001842499e-02,5.933072045445442200e-02,1.141304224729537964e-01,1.837224364280700684e-01,1.303017605096101761e-02,1.734229177236557007e-01,2.069038152694702148e-02,1.773845553398132324e-01,2.446340024471282959e-02,9.972470253705978394e-02,4.137589409947395325e-02,4.738081991672515869e-02,2.147726714611053467e-01,1.491845399141311646e-01,9.604772180318832397e-02,1.067251265048980713e-01,1.794727742671966553e-01,6.829107552766799927e-02,-1.079398468136787415e-01,-1.384090930223464966e-01,6.751402467489242554e-02,1.692929267883300781e-01,1.105233728885650635e-01,2.953285276889801025e-01,3.167317211627960205e-01,3.926913142204284668e-01,1.997786015272140503e-01,1.933073997497558594e-01,2.420705258846282959e-01,2.446944266557693481e-01,7.831112295389175415e-02,1.525682061910629272e-01,1.832803934812545776e-01,1.830209642648696899e-01,2.016680240631103516e-01,1.898473352193832397e-01,1.585502177476882935e-01,3.287837207317352295e-01,2.487447559833526611e-01,4.080210253596305847e-02,9.667155146598815918e-02,7.262837141752243042e-02,1.355171352624893188e-01,1.008799970149993896e-01,-1.682834327220916748e-02,5.370477959513664246e-02,-2.612077631056308746e-02,1.107718646526336670e-01,7.987517118453979492e-02,2.379937171936035156e-01,8.655214309692382812e-02,2.872927114367485046e-02,9.751250594854354858e-02,5.464489571750164032e-03,7.395615428686141968e-02,1.163870617747306824e-01,6.064641848206520081e-02,2.383632212877273560e-01,1.816560924053192139e-01,3.234920799732208252e-01,1.883846372365951538e-01,2.378715127706527710e-01,1.844079978764057159e-02,8.252099156379699707e-02,1.135345101356506348e-01,1.077791824936866760e-01,7.135207206010818481e-02,9.728107601404190063e-02,1.524461805820465088e-01,1.990086436271667480e-01,9.237412363290786743e-02,1.052261441946029663e-01
1.763790696859359741e-01,3.473483622074127197e-01,4.142546057701110840e-01,2.819637358188629150e-01,3.546001017093658447e-01,1.308768540620803833e-01,4.239403605461120605e-01,2.680720388889312744e-01,1.000000000000000000e+00,2.160972207784652710e-01,1.700023114681243896e-01,6.501252204179763794e-02,3.145004510879516602e-01,1.150578185915946960e-01,2.466682195663452148e-01,-2.501718327403068542e-02,3.133416175842285156e-01,2.957043349742889404e-01,2.332478314638137817e-01,2.272920310497283936e-01,1.996610015630722046e-01,1.718329638242721558e-01,2.233512699604034424e-01,3.157248198986053467e-01,4.280270040035247803e-01,3.755642771720886230e-01,3.539886772632598877e-01,2.192251235246658325e-01,4.694852530956268311e-01,3.396493196487426758e-01,4.214856922626495361e-01,4.076812863349914551e-01,3.484156429767608643e-01,3.971222043037414551e-01,2.570701837539672852e-01,2.388261109590530396e-01,2.332669049501419067e-01,7.693272083997726440e-02,2.241993099451065063e-01,1.745882183313369751e-01,2.411531507968902588e-01,2.341524213552474976e-01,8.579486608505249023e-02,2.020523250102996826e-01,1.878844350576400757e-01,1.990797370672225952e-01,2.656870186328887939e-01,3.390277326107025146e-01,1.557852625846862793e-01,3.367800414562225342e-01,3.660053759813308716e-02,3.392191827297210693e-01,6.280098855495452881e-02,2.720579504966735840e-01,9.869131445884704590e-02,1.444527208805084229e-01,3.200751543045043945e-01,3.410946130752563477e-01,2.570413649082183838e-01,2.654548883438110352e-01,2.675293982028961182e-01,2.519339323043823242e-01,3.173561394214630127e-02,1.848035603761672974e-01,1.560578793287277222e-01,3.202913105487823486e-01,3.582930266857147217e-01,3.103965818881988525e-01,2.773707509040832520e-01,2.758579850196838379e-01,2.759650945663452148e-01,3.272082209587097168e-01,3.389635086059570312e-01,3.401556909084320068e-01,1.445470601320266724e-01,2.136287242174148560e-01,2.636463940143585205e-01,2.921416759490966797e-01,1.543906331062316895e-01,2.631980180740356445e-01,1.646827161312103271e-01,2.965418696403503418e-01,1.491179969161748886e-02,1.580780744552612305e-01,8.472821861505508423e-02,2.267234474420547485e-01,3.062163889408111572e-01,1.313313096761703491e-01,8.352907747030258179e-02,1.902404129505157471e-01,-2.516545914113521576e-02,1.337792426347732544e-01,6.184519827365875244e-02,1.958635002374649048e-01,2.590614259243011475e-01,2.677958607673645020e-01,2.574658393859863281e-01,2.536073625087738037e-01,1.675941497087478638e-01,1.631833761930465698e-01,3.094152547419071198e-02,1.572805792093276978e-01,1.091949641704559326e-01,2.239172011613845825e-01,2.579410970211029053e-01,2.385882884263992310e-01,1.197622343897819519e-01,1.950922608375549316e-01,2.286239862442016602e-01,2.581556141376495361e-01,2.443710118532180786e-01,1.780136823654174805e-01,2.589693069458007812e-01,1.372494995594024658e-01,8.217882364988327026e-02,3.688667714595794678e-02
6.239042058587074280e-02,2.831234037876129150e-01,1.838801354169845581e-01,3.059720098972320557e-01,1.061583235859870911e-01,2.023600488901138306e-01,1.302681416273117065e-01,2.272422015666961670e-01,2.160972207784652710e-01,1.000000000000000000e+00,8.886849135160446167e-02,1.857744157314300537e-01,3.436813503503799438e-02,3.817381709814071655e-02,-5.391336232423782349e-02,4.841799661517143250e-02,-9.760895371437072754e-02,4.983529821038246155e-02,-2.356388978660106659e-02,3.222400844097137451e-01,1.748560220003128052e-01,1.736262589693069458e-01,-4.079485684633255005e-02,1.642008125782012939e-01,4.088235497474670410e-01,4.644792973995208740e-01,2.756684720516204834e-01,2.882126867771148682e-01,5.525809526443481445e-02,-1.334669161587953568e-02,2.323570251464843750e-01,3.168791532516479492e-01,2.144831120967864990e-01,2.898412048816680908e-01,1.010587513446807861e-01,3.771439939737319946e-02,-7.017391920089721680e-02,1.058745384216308594e-01,-5.076378583908081055e-02,-1.478136181831359863e-01,2.272596396505832672e-02,1.908277273178100586e-01,9.457866847515106201e-02,1.922511011362075806e-01,4.996226355433464050e-02,1.750213801860809326e-01,4.174671694636344910e-02,6.803914904594421387e-02,8.431661874055862427e-02,1.730642020702362061e-01,1.374101042747497559e-01,1.777080893516540527e-01,6.065389141440391541e-02,9.223120659589767456e-02,-8.896116912364959717e-02,-1.062545925378799438e-01,1.939306259155273438e-01,2.116590887308120728e-01,2.002006918191909790e-01,7.754262536764144897e-02,2.074275463819503784e-01,1.261562407016754150e-01,4.160559549927711487e-02,5.928183905780315399e-03,1.600780636072158813e-01,1.539797335863113403e-01,8.233704417943954468e-02,2.055998146533966064e-01,1.099965646862983704e-01,2.487082779407501221e-01,-3.770754113793373108e-02,6.302508711814880371e-02,-3.137937560677528381e-02,1.780220717191696167e-01,6.289908289909362793e-02,4.989415034651756287e-02,-9.555774927139282227e-02,-1.097063720226287842e-02,-1.577511280775070190e-01,-4.418492317199707031e-03,-9.179026633501052856e-02,1.115812659263610840e-01,-1.027553379535675049e-01,-3.252616226673126221e-01,-1.654150187969207764e-01,-4.016470629721879959e-03,7.147193700075149536e-02,5.185711011290550232e-02,-2.206651270389556885e-01,-2.690361998975276947e-02,-7.029091566801071167e-02,7.359812408685684204e-02,-1.237600818276405334e-01,1.664531081914901733e-01,6.897460669279098511e-02,2.843562699854373932e-02,-1.629330776631832123e-02,-4.133531078696250916e-02,-7.557446509599685669e-02,-2.969570644199848175e-02,-8.520849794149398804e-02,1.198144108057022095e-01,9.857621043920516968e-02,2.096113711595535278e-01,-1.649671494960784912e-01,5.222699791193008423e-02,-1.046494394540786743e-01,-6.021806597709655762e-02,6.754866242408752441e-02,2.290573343634605408e-02,9.745636582374572754e-02,2.259949035942554474e-02,-5.290139466524124146e-02,-5.323601886630058289e-03,-1.804874688386917114e-01,-1.587665975093841553e-01
4.969404041767120361e-01,1.275060772895812988e-01,3.682954013347625732e-01,3.299920260906219482e-01,-1.909218542277812958e-02,2.300339378416538239e-02,4.192439317703247070e-01,2.636801600456237793e-01,1.700023114681243896e-01,8.886849135160446167e-02,1.000000000000000000e+00,4.381620585918426514e-01,3.818454146385192871e-01,1.585017740726470947e-01,-2.830937504768371582e-02,-1.037393361330032349e-01,4.302344024181365967e-01,3.072857558727264404e-01,2.681044936180114746e-01,2.172069847583770752e-01,-1.584798656404018402e-02,-7.059211283922195435e-02,1.092261299490928650e-01,1.753437519073486328e-01,-3.486921638250350952e-02,4.448295757174491882e-02,-5.700546130537986755e-02,-4.286555573344230652e-02,2.823956906795501709e-01,2.978352904319763184e-01,2.411001473665237427e-01,1.038738414645195007e-01,1.637310087680816650e-01,9.874404966831207275e-02,1.536886692047119141e-01,1.868343204259872437e-01,1.817970722913742065e-01,1.757041066884994507e-01,2.012837529182434082e-01,1.355652958154678345e-01,3.963832184672355652e-02,5.120661482214927673e-02,1.217904463410377502e-01,6.997624039649963379e-02,1.376017481088638306e-01,6.225591152906417847e-02,1.936472058296203613e-01,1.048451289534568787e-01,1.163931414484977722e-01,1.290259957313537598e-01,1.396395862102508545e-01,5.393464863300323486e-02,1.850196123123168945e-01,-5.124496668577194214e-02,2.488085478544235229e-01,1.055097877979278564e-01,5.271170139312744141e-01,1.536491215229034424e-01,9.485629200935363770e-02,1.116122752428054810e-01,3.823452293872833252e-01,1.364910900592803955e-01,3.591591715812683105e-01,1.485565155744552612e-01,1.415911018848419189e-01,1.383919268846511841e-01,1.499466150999069214e-01,1.908646672964096069e-01,3.213772177696228027e-01,6.520594656467437744e-02,2.194476723670959473e-01,1.636192649602890015e-01,2.293299883604049683e-01,1.455726772546768188e-01,5.003434419631958008e-02,7.567838579416275024e-02,2.092928290367126465e-01,1.979992389678955078e-01,2.597368322312831879e-02,1.521891653537750244e-01,3.092158734798431396e-01,2.497989237308502197e-01,3.093649148941040039e-01,1.008581295609474182e-01,2.683431804180145264e-01,4.004288092255592346e-02,2.970740199089050293e-01,1.577672660350799561e-01,2.165304422378540039e-01,7.831740379333496094e-02,3.628086447715759277e-01,2.285156846046447754e-01,3.376302123069763184e-01,2.445898503065109253e-01,1.494297534227371216e-01,1.272021830081939697e-01,1.386862695217132568e-01,1.579768806695938110e-01,2.307193577289581299e-01,1.854446530342102051e-01,3.232710063457489014e-01,1.849921494722366333e-01,3.633914887905120850e-01,1.893131881952285767e-01,1.700265556573867798e-01,6.869433820247650146e-02,2.408172786235809326e-01,1.405449509620666504e-01,1.009731739759445190e-01,1.638204902410507202e-01,1.330867558717727661e-01,1.760841757059097290e-01,1.295932680368423462e-01,1.181004792451858521e-01,7.086978852748870850e-02,4.883857071399688721e-02
2.881499826908111572e-01,2.405540049076080322e-01,1.771783530712127686e-01,2.010642588138580322e-01,2.879341691732406616e-02,6.824305653572082520e-02,1.966895908117294312e-01,1.727485358715057373e-01,6.501252204179763794e-02,1.857744157314300537e-01,4.381620585918426514e-01,1.000000000000000000e+00,3.023325502872467041e-01,3.923543691635131836e-01,1.107483655214309692e-01,1.365845799446105957e-01,2.683584690093994141e-01,3.592346906661987305e-01,1.927427202463150024e-01,2.440658062696456909e-01,6.323361396789550781e-02,1.078935340046882629e-01,5.533658433705568314e-03,1.615777164697647095e-01,-5.733086541295051575e-02,-2.609716542065143585e-02,8.089812099933624268e-02,7.559689879417419434e-02,2.288526743650436401e-01,2.944783270359039307e-01,2.384107261896133423e-01,2.085330337285995483e-01,7.861947268247604370e-02,8.346440643072128296e-02,1.740794815123081207e-02,1.302283257246017456e-01,2.216329276561737061e-01,3.340866863727569580e-01,2.258618772029876709e-01,2.230754494667053223e-01,1.276223063468933105e-01,1.839636564254760742e-01,-1.739061251282691956e-02,3.515492379665374756e-02,7.168284058570861816e-02,3.921210393309593201e-02,8.043840527534484863e-02,1.316692531108856201e-01,-5.363255739212036133e-02,5.763515830039978027e-02,-5.779644846916198730e-02,1.279961876571178436e-02,-1.362803112715482712e-02,1.470122635364532471e-01,2.660429477691650391e-01,3.446424007415771484e-01,2.382427603006362915e-01,2.297642379999160767e-01,6.388311088085174561e-02,1.784230768680572510e-01,1.287662684917449951e-01,1.574899405241012573e-01,2.297844439744949341e-01,2.252764850854873657e-01,6.659408658742904663e-02,1.209295317530632019e-01,1.050141155719757080e-01,2.140451669692993164e-01,2.089632451534271240e-01,1.459430158138275146e-01,2.741983532905578613e-01,2.126360237598419189e-01,2.083490639925003052e-01,3.083685338497161865e-01,6.323461234569549561e-02,1.939098089933395386e-01,1.607287079095840454e-01,2.297165244817733765e-01,-2.297446690499782562e-02,1.226967945694923401e-01,2.281642556190490723e-01,3.799337148666381836e-01,1.210368722677230835e-01,9.546399861574172974e-02,2.900006473064422607e-01,2.919543683528900146e-01,8.163278549909591675e-02,1.079751700162887573e-01,1.555643677711486816e-01,4.069619774818420410e-01,2.930344641208648682e-01,3.615128695964813232e-01,1.976279765367507935e-01,3.190302550792694092e-01,7.975569367408752441e-02,1.180909648537635803e-01,1.561155617237091064e-01,1.772914230823516846e-01,2.236777096986770630e-01,3.025129437446594238e-01,1.601873189210891724e-01,2.204728424549102783e-01,2.549092173576354980e-01,2.156315892934799194e-01,5.979146808385848999e-02,1.403109282255172729e-01,2.903443276882171631e-01,2.920317947864532471e-01,1.415206119418144226e-02,8.396162092685699463e-02,1.680651158094406128e-01,2.075923830270767212e-01,1.176461726427078247e-01,4.987171292304992676e-02,9.779593348503112793e-02,8.658428490161895752e-02
2.238859981298446655e-01,6.840705126523971558e-02,3.064927458763122559e-01,1.823159754276275635e-01,9.958036988973617554e-02,1.577010378241539001e-03,4.311340153217315674e-01,2.994572818279266357e-01,3.145004510879516602e-01,3.436813503503799438e-02,3.818454146385192871e-01,3.023325502872467041e-01,1.000000000000000000e+00,4.173073470592498779e-01,2.309317588806152344e-01,-5.236699804663658142e-02,5.148618817329406738e-01,3.910113275051116943e-01,4.461707472801208496e-01,2.191128432750701904e-01,1.057485491037368774e-01,3.695566579699516296e-02,3.880489766597747803e-01,3.920922875404357910e-01,1.529372856020927429e-02,3.497987985610961914e-02,9.019858390092849731e-02,-3.033749060705304146e-03,5.084599256515502930e-01,3.778575062751770020e-01,3.396085202693939209e-01,3.885180056095123291e-01,2.627052664756774902e-01,2.818410992622375488e-01,1.340759247541427612e-01,2.665662765502929688e-01,4.425182938575744629e-01,3.929583728313446045e-01,4.458986222743988037e-01,3.884673118591308594e-01,3.726817071437835693e-01,1.909519582986831665e-01,-8.364087343215942383e-02,-3.930904716253280640e-02,7.625320553779602051e-02,-8.042658865451812744e-02,2.511622309684753418e-01,2.542597353458404541e-01,-1.138520985841751099e-02,-2.953794226050376892e-02,-1.594174057245254517e-01,-4.779548570513725281e-02,1.107148081064224243e-02,1.623420864343643188e-01,3.701371252536773682e-01,3.543093502521514893e-01,3.201546370983123779e-01,4.789235815405845642e-02,9.334322065114974976e-02,1.632862687110900879e-01,1.012600287795066833e-01,8.628774434328079224e-02,2.579895853996276855e-01,1.747118830680847168e-01,1.270065270364284515e-02,1.020618081092834473e-01,2.422654032707214355e-01,2.887797057628631592e-01,2.297262549400329590e-01,2.481410503387451172e-01,4.249933063983917236e-01,3.568810224533081055e-01,4.042868614196777344e-01,3.780347406864166260e-01,1.462649554014205933e-01,3.155927956104278564e-01,3.229085206985473633e-01,3.368834555149078369e-01,1.465374529361724854e-01,2.303466647863388062e-01,4.050105214118957520e-01,4.487195611000061035e-01,5.838218331336975098e-02,7.438918203115463257e-02,3.884200155735015869e-01,3.092301487922668457e-01,2.723247408866882324e-01,-4.985095560550689697e-02,4.130786657333374023e-01,3.151067495346069336e-01,2.996757328510284424e-01,2.799446582794189453e-01,3.787337243556976318e-01,2.170988917350769043e-01,1.672364324331283569e-01,2.215980738401412964e-01,2.971876859664916992e-01,2.683491408824920654e-01,3.639228641986846924e-01,3.886097967624664307e-01,2.228560298681259155e-01,7.686556875705718994e-02,2.800598144531250000e-01,1.895363628864288330e-01,3.340842425823211670e-01,3.575019538402557373e-01,3.543712198734283447e-01,4.208565950393676758e-01,1.511711478233337402e-01,2.015758454799652100e-01,2.627266943454742432e-01,2.450271695852279663e-01,3.970724046230316162e-01,7.343098521232604980e-02,1.960680484771728516e-01,3.205319046974182129e-01
