1.000000000000000000e+00,6.584257483482360840e-01,5.870518088340759277e-01,5.847530364990234375e-01,9.146143496036529541e-02,1.994750201702117920e-01,5.530037879943847656e-01,4.859735667705535889e-01,1.496849954128265381e-01,1.054096370935440063e-01,4.002787768840789795e-01,2.086859494447708130e-01,2.732751965522766113e-01,1.225066632032394409e-01,8.787947893142700195e-02,1.562602519989013672e-01,1.681509613990783691e-01,1.760079711675643921e-01,5.663018822669982910e-01,5.748141407966613770e-01,6.463332474231719971e-02,1.460330933332443237e-01,3.453562855720520020e-01,3.328488469123840332e-01,7.772911339998245239e-02,1.110284179449081421e-01,9.042170643806457520e-02,1.160887926816940308e-01,7.157518714666366577e-02,5.901496484875679016e-02,1.855256259441375732e-01,1.355731040239334106e-01,4.555764496326446533e-01,4.358161687850952148e-01,-1.281546950340270996e-01,-3.194629400968551636e-02,-1.483857184648513794e-01,5.658235773444175720e-02,3.314382582902908325e-02,5.025917198508977890e-03,-3.558673337101936340e-02,1.642419099807739258e-01,4.035769104957580566e-01,3.605518937110900879e-01,3.363775610923767090e-01,3.377564549446105957e-01,2.563847005367279053e-01,3.655392825603485107e-01,4.271057844161987305e-01,3.275814056396484375e-01,3.625026941299438477e-01,3.534117341041564941e-01,1.543935835361480713e-01,1.435049325227737427e-01,2.175171226263046265e-01,2.712522149085998535e-01,6.602651476860046387e-01,5.909803509712219238e-01,7.109801769256591797e-01,5.797669887542724609e-01,5.781387090682983398e-01,4.825980663299560547e-01,4.306761026382446289e-01,3.488905429840087891e-01,3.346542641520500183e-02,2.413133382797241211e-01,4.255889058113098145e-01,3.242222964763641357e-01,4.797250628471374512e-01,2.946107983589172363e-01,1.146004572510719299e-01,8.577480167150497437e-02,9.101077914237976074e-02,2.895210497081279755e-02,1.459350138902664185e-01,-8.507465012371540070e-03,2.249456197023391724e-01,1.556127816438674927e-01,5.703919753432273865e-02,5.727571621537208557e-02,1.250221431255340576e-01,1.773922592401504517e-01,2.444820292294025421e-02,1.760168522596359253e-01,6.778103113174438477e-02,1.364939808845520020e-01,1.139390990138053894e-01,3.748250752687454224e-02,1.860439032316207886e-01,3.235352039337158203e-01,3.084269165992736816e-01,2.915578782558441162e-01,1.159748360514640808e-01,2.696899175643920898e-01,2.084414288401603699e-02,7.901947945356369019e-02,1.701797395944595337e-01,2.502982616424560547e-01,3.332096040248870850e-01,4.324498772621154785e-01,7.970749586820602417e-02,1.778300255537033081e-01,1.723629534244537354e-01,2.125456780195236206e-01,1.856780350208282471e-01,2.317864298820495605e-01,9.109415113925933838e-02,1.257757693529129028e-01,1.121934503316879272e-01,1.636582165956497192e-01,2.278990447521209717e-01,1.884106844663619995e-01,1.914589703083038330e-01,2.190685570240020752e-01,1.600319594144821167e-01,-1.269268691539764404e-01
6.584257483482360840e-01,1.000000000000000000e+00,4.685257971286773682e-01,6.877332925796508789e-01,-5.806273221969604492e-02,2.619349658489227295e-01,3.575165569782257080e-01,5.640202760696411133e-01,-5.211537331342697144e-02,3.332934975624084473e-01,1.791042387485504150e-01,4.141766130924224854e-01,-2.627784200012683868e-02,2.550108730792999268e-01,-4.992018267512321472e-02,3.552342057228088379e-01,1.364982724189758301e-01,3.537119328975677490e-01,5.499703288078308105e-01,6.977190971374511719e-01,1.175553202629089355e-01,1.640477925539016724e-01,3.091982305049896240e-01,3.077516853809356689e-01,-4.560201242566108704e-02,8.820576220750808716e-02,3.216488659381866455e-02,4.719445854425430298e-02,5.210753157734870911e-02,1.361498832702636719e-01,-5.541722476482391357e-02,3.103110194206237793e-02,4.273207783699035645e-01,5.244297981262207031e-01,-1.650346256792545319e-02,-5.367125413613393903e-05,-1.086602061986923218e-01,1.192950010299682617e-01,3.453775495290756226e-02,8.616839349269866943e-02,-9.503017365932464600e-02,1.316707283258438110e-01,3.406819701194763184e-01,3.939206898212432861e-01,2.692209780216217041e-01,3.558122217655181885e-01,1.894828379154205322e-01,3.496900796890258789e-01,2.849008142948150635e-01,3.644023537635803223e-01,1.895739585161209106e-01,4.233990013599395752e-01,1.568617671728134155e-01,1.394029110670089722e-01,7.258877158164978027e-02,4.174127280712127686e-01,6.760300993919372559e-01,8.064914345741271973e-01,5.328081846237182617e-01,6.712520718574523926e-01,3.377291560173034668e-01,5.710029006004333496e-01,2.400499135255813599e-01,4.445090591907501221e-01,-1.365880966186523438e-01,3.562296330928802490e-01,3.335960209369659424e-01,3.908674120903015137e-01,4.651213288307189941e-01,2.528613209724426270e-01,5.055491253733634949e-02,7.772924751043319702e-02,1.100252121686935425e-01,1.087073236703872681e-01,1.796423941850662231e-01,1.011849865317344666e-01,2.207434922456741333e-01,2.509783506393432617e-01,3.934402391314506531e-02,9.981643408536911011e-02,2.971221879124641418e-02,2.431265264749526978e-01,-1.128666773438453674e-01,1.843898892402648926e-01,3.328888677060604095e-03,3.783531785011291504e-01,1.268509626388549805e-01,1.777105480432510376e-01,-1.242659017443656921e-01,3.675264120101928711e-01,2.770634591579437256e-01,3.077371120452880859e-01,1.564736664295196533e-01,3.354740738868713379e-01,-1.302622538059949875e-02,5.656931549310684204e-02,1.452468931674957275e-01,3.933369219303131104e-01,2.611811459064483643e-01,4.787912964820861816e-01,1.181182339787483215e-01,3.091906309127807617e-01,2.994387745857238770e-01,4.180637896060943604e-01,3.595602810382843018e-01,4.090742170810699463e-01,-1.434404170140624046e-03,9.218145161867141724e-02,1.196703687310218811e-01,1.186755299568176270e-01,3.240204453468322754e-01,2.295258641242980957e-01,3.094598054885864258e-01,3.455607295036315918e-01,2.515044212341308594e-01,-1.758495159447193146e-02
5.870518088340759277e-01,4.685257971286773682e-01,1.000000000000000000e+00,7.053040266036987305e-01,2.920408546924591064e-01,2.454116344451904297e-01,8.235738277435302734e-01,5.352088212966918945e-01,3.789719045162200928e-01,3.132857009768486023e-02,1.108634620904922485e-01,-1.776922307908535004e-02,4.206361770629882812e-01,-8.796550333499908447e-02,2.165404707193374634e-01,4.558641463518142700e-02,-9.041000157594680786e-02,-2.069957256317138672e-01,4.801065623760223389e-01,4.064168035984039307e-01,1.433565169572830200e-01,1.873477399349212646e-01,7.226487398147583008e-01,6.935145854949951172e-01,2.670437693595886230e-01,6.485198438167572021e-02,2.534226477146148682e-01,1.051590442657470703e-01,-7.656155526638031006e-02,-1.333870142698287964e-01,2.442412227392196655e-01,2.105612009763717651e-01,3.277651965618133545e-01,2.956163585186004639e-01,-1.969120204448699951e-01,-2.014396041631698608e-01,-1.796840727329254150e-01,-6.233106832951307297e-03,3.292058780789375305e-02,-7.149638980627059937e-02,-7.480835076421499252e-03,-2.180991880595684052e-02,1.557308882474899292e-01,2.419149689376354218e-02,9.250869601964950562e-02,6.686360388994216919e-02,-3.094368427991867065e-02,1.036729216575622559e-01,2.881993353366851807e-01,1.530484706163406372e-01,3.877294659614562988e-01,2.058994174003601074e-01,1.530057936906814575e-01,7.398143410682678223e-02,2.772728353738784790e-02,6.239905022084712982e-03,5.636689662933349609e-01,3.854238986968994141e-01,5.145071148872375488e-01,3.634913861751556396e-01,5.290056467056274414e-01,2.239763438701629639e-01,1.303759217262268066e-01,-5.564631521701812744e-02,4.123140573501586914e-01,8.064800500869750977e-02,3.913759887218475342e-01,1.263533383607864380e-01,3.981907069683074951e-01,3.877897858619689941e-01,9.223614633083343506e-02,-3.745878487825393677e-02,-1.185989901423454285e-01,-2.849104106426239014e-01,2.239011600613594055e-02,-2.329462319612503052e-01,-8.862712979316711426e-02,-1.673202067613601685e-01,2.077143639326095581e-02,-1.205565705895423889e-01,6.964676827192306519e-02,-6.971378624439239502e-02,1.351258903741836548e-02,-1.367164030671119690e-02,2.058302611112594604e-01,4.457085207104682922e-02,7.719768583774566650e-02,1.794834621250629425e-02,3.659037053585052490e-01,2.465711086988449097e-01,1.701821982860565186e-01,1.226820871233940125e-01,1.809139847755432129e-01,1.647892892360687256e-01,-3.941598534584045410e-02,1.085906475782394409e-02,4.594467207789421082e-02,1.382558327168226242e-02,-3.144098818302154541e-02,1.256483942270278931e-01,1.343685835599899292e-01,1.679035276174545288e-01,-4.342210665345191956e-02,2.339787036180496216e-02,1.700593978166580200e-01,1.247661560773849487e-01,1.394891142845153809e-01,1.115443259477615356e-01,1.309139877557754517e-01,8.475919812917709351e-02,-3.946650400757789612e-02,-1.331108957529067993e-01,6.364282686263322830e-03,6.464148312807083130e-02,1.207657437771558762e-02,-1.912709511816501617e-02
5.847530364990234375e-01,6.877332925796508789e-01,7.053040266036987305e-01,1.000000000000000000e+00,2.028841674327850342e-01,3.739754855632781982e-01,6.104322671890258789e-01,7.425682544708251953e-01,2.648476660251617432e-01,3.183289468288421631e-01,5.576363950967788696e-02,2.750078737735748291e-01,1.458362638950347900e-01,1.263513267040252686e-01,9.374379366636276245e-02,2.716669738292694092e-01,3.066380508244037628e-02,5.101649090647697449e-02,5.038781762123107910e-01,6.506238579750061035e-01,1.842629015445709229e-01,2.265311032533645630e-01,6.188724637031555176e-01,6.401939988136291504e-01,1.369260549545288086e-01,1.429297626018524170e-01,1.772603690624237061e-01,8.586824685335159302e-02,-1.445229724049568176e-02,-5.993081722408533096e-03,7.530257850885391235e-02,2.240950465202331543e-01,4.454705119132995605e-01,5.328938364982604980e-01,-6.007606163620948792e-02,-4.375628009438514709e-02,-1.112525537610054016e-01,2.025649696588516235e-02,7.292985916137695312e-02,4.694516584277153015e-02,1.862640120089054108e-02,1.210736343637108803e-03,2.436988204717636108e-01,1.731927543878555298e-01,1.762584447860717773e-01,2.183937430381774902e-01,5.842159315943717957e-02,2.123446911573410034e-01,2.712882757186889648e-01,2.631483674049377441e-01,3.129514455795288086e-01,3.745955526828765869e-01,1.167814657092094421e-01,3.035983070731163025e-02,5.685598403215408325e-02,1.795462369918823242e-01,6.509159803390502930e-01,6.024835109710693359e-01,5.562128424644470215e-01,6.016766428947448730e-01,4.608933925628662109e-01,4.835868477821350098e-01,1.910345852375030518e-01,2.153980582952499390e-01,2.105470299720764160e-01,4.101163446903228760e-01,4.454974830150604248e-01,3.727935552597045898e-01,4.952481389045715332e-01,3.800323903560638428e-01,2.316072210669517517e-02,-1.309203449636697769e-02,1.203034818172454834e-02,-1.345548033714294434e-01,5.499448999762535095e-02,-8.680012077093124390e-02,3.029798623174428940e-03,2.156462706625461578e-02,6.616403907537460327e-02,-5.020497366786003113e-02,7.162156701087951660e-02,3.803096711635589600e-02,-5.267661809921264648e-02,2.084732986986637115e-02,1.369645893573760986e-01,3.198274075984954834e-01,2.031526714563369751e-01,1.146563664078712463e-01,1.673540621995925903e-01,3.886621296405792236e-01,2.381957322359085083e-01,2.380789518356323242e-01,2.625173628330230713e-01,2.624048590660095215e-01,-4.364702850580215454e-02,1.743034645915031433e-02,6.785950064659118652e-02,1.916656792163848877e-01,1.074561253190040588e-01,2.749126255512237549e-01,1.627933531999588013e-01,2.562258243560791016e-01,1.214393675327301025e-01,2.421575039625167847e-01,3.489600121974945068e-01,3.368913233280181885e-01,3.489845618605613708e-02,4.952889680862426758e-02,1.595790982246398926e-01,1.582697927951812744e-01,1.529249101877212524e-01,4.263891279697418213e-02,1.729677319526672363e-01,2.291387170553207397e-01,1.807199418544769287e-01,1.018086075782775879e-02
9.146143496036529541e-02,-5.806273221969604492e-02,2.920408546924591064e-01,2.028841674327850342e-01,1.000000000000000000e+00,4.988576769828796387e-01,3.373790979385375977e-01,2.378400713205337524e-01,6.644933819770812988e-01,2.618798613548278809e-01,1.853994280099868774e-01,-2.307639643549919128e-02,3.307993113994598389e-01,-7.401795126497745514e-03,5.823859572410583496e-01,1.434058696031570435e-01,8.153948932886123657e-02,-2.407000511884689331e-01,1.483607105910778046e-02,-2.193029224872589111e-02,4.243018031120300293e-01,3.996856808662414551e-01,3.730994462966918945e-01,3.816455602645874023e-01,5.602439045906066895e-01,3.485144078731536865e-01,4.151608943939208984e-01,3.653522729873657227e-01,2.847037091851234436e-02,-1.416100114583969116e-01,2.318312376737594604e-01,2.042022347450256348e-01,2.678879797458648682e-01,1.350238472223281860e-01,-1.639224290847778320e-01,-1.614851802587509155e-01,2.226446270942687988e-01,-1.416949331760406494e-01,1.207206994295120239e-01,4.698748886585235596e-02,2.947133183479309082e-01,-2.041084915399551392e-01,9.123393893241882324e-02,-3.528404608368873596e-02,1.378579437732696533e-01,9.645456075668334961e-02,1.498616784811019897e-01,-8.141142316162586212e-03,2.653869986534118652e-01,1.623360663652420044e-01,3.582949042320251465e-01,1.725367009639739990e-01,-5.465750768780708313e-02,1.539592351764440536e-02,1.428094804286956787e-01,-2.156787663698196411e-01,7.188114523887634277e-02,-1.264280229806900024e-01,2.381544709205627441e-01,7.459898293018341064e-02,3.046652674674987793e-01,-7.880749553442001343e-02,5.438483506441116333e-02,-1.933757066726684570e-01,3.708147108554840088e-01,7.176618278026580811e-02,3.332104980945587158e-01,2.276425957679748535e-01,2.209118604660034180e-01,3.083997666835784912e-01,1.257093250751495361e-01,-6.900905072689056396e-02,-9.571672230958938599e-02,-3.051372170448303223e-01,-2.734262379817664623e-04,-2.961566746234893799e-01,-1.912395358085632324e-01,-2.899758219718933105e-01,2.220611833035945892e-02,-8.358806371688842773e-02,2.097292840480804443e-01,-2.444415986537933350e-01,1.176800578832626343e-01,-1.732983738183975220e-01,2.026068121194839478e-01,-4.193020612001419067e-02,1.732233017683029175e-01,-9.546372294425964355e-02,4.902133643627166748e-01,6.364297866821289062e-02,5.167397111654281616e-02,7.816058583557605743e-03,1.807736009359359741e-01,-2.921100147068500519e-02,9.113989770412445068e-02,7.592477835714817047e-03,2.712395600974559784e-02,-9.164427220821380615e-02,1.535315811634063721e-02,-4.604635760188102722e-02,6.176779046654701233e-02,4.726011306047439575e-02,-1.143104732036590576e-01,-2.736939676105976105e-02,8.497422188520431519e-02,9.208386391401290894e-02,2.521943151950836182e-01,7.926262915134429932e-02,1.644546836614608765e-01,1.160179451107978821e-01,2.998787537217140198e-02,3.489004448056221008e-03,-1.683007031679153442e-01,-7.382100075483322144e-02,-8.274676650762557983e-02,2.191043049097061157e-01
1.994750201702117920e-01,2.619349658489227295e-01,2.454116344451904297e-01,3.739754855632781982e-01,4.988576769828796387e-01,1.000000000000000000e+00,1.786120235919952393e-01,3.788318932056427002e-01,3.372475802898406982e-01,5.311942100524902344e-01,8.963306248188018799e-02,1.877963691949844360e-01,1.033009216189384460e-02,1.855995506048202515e-01,2.961549758911132812e-01,5.059085488319396973e-01,1.248364001512527466e-01,-2.871923521161079407e-02,1.928997933864593506e-01,2.841381132602691650e-01,2.319657355546951294e-01,3.169671297073364258e-01,3.127044737339019775e-01,3.863887488842010498e-01,3.250630199909210205e-01,3.665532469749450684e-01,3.132573664188385010e-01,3.430281281471252441e-01,6.186655908823013306e-02,1.401507668197154999e-02,7.538603246212005615e-02,1.432348340749740601e-01,3.085953295230865479e-01,3.217452168464660645e-01,-3.966435045003890991e-02,-1.146739572286605835e-01,1.431535184383392334e-01,8.378718048334121704e-02,1.966255158185958862e-01,1.976619958877563477e-01,2.311492115259170532e-01,6.503850221633911133e-02,1.363469958305358887e-01,1.442587524652481079e-01,1.902830153703689575e-01,2.612015902996063232e-01,2.376397997140884399e-01,9.080167859792709351e-02,2.689814269542694092e-01,3.624058067798614502e-01,2.451392412185668945e-01,3.574037253856658936e-01,1.115182414650917053e-02,-9.422866627573966980e-03,1.569555550813674927e-01,6.242663785815238953e-02,2.547138929367065430e-01,1.956550478935241699e-01,3.293728232383728027e-01,3.847072720527648926e-01,2.373707145452499390e-01,2.076289951801300049e-01,7.874267548322677612e-02,1.498243063688278198e-01,6.214760616421699524e-02,3.008520007133483887e-01,2.669713199138641357e-01,3.970189392566680908e-01,1.954001337289810181e-01,1.301221996545791626e-01,3.817168250679969788e-02,-5.804575607180595398e-02,-5.798017606139183044e-02,-1.353275626897811890e-01,2.048166282474994659e-02,-1.396730244159698486e-01,-8.597435057163238525e-02,-7.562138140201568604e-02,8.156345039606094360e-02,-7.671283185482025146e-02,1.510773003101348877e-01,-9.215100854635238647e-02,1.002109348773956299e-01,1.667576432228088379e-01,1.045899614691734314e-01,2.055520713329315186e-01,1.142666414380073547e-01,9.180487692356109619e-02,1.595274358987808228e-01,1.940437555313110352e-01,2.246272861957550049e-01,1.622759252786636353e-01,2.210613936185836792e-01,9.461242705583572388e-02,4.305715486407279968e-02,2.847547511919401586e-05,7.321620732545852661e-02,1.035590749233961105e-02,1.722976714372634888e-01,1.926268786191940308e-01,-3.394743055105209351e-02,1.775549724698066711e-02,-5.972547456622123718e-03,1.009335741400718689e-01,2.621535360813140869e-01,2.377985566854476929e-01,9.116966277360916138e-02,4.110208153724670410e-02,2.825875580310821533e-02,-6.823068857192993164e-02,1.582720726728439331e-01,1.355882138013839722e-01,-2.820171415805816650e-02,2.906434983015060425e-02,9.646864980459213257e-02,1.603507995605468750e-01
5.530037879943847656e-01,3.575165569782257080e-01,8.235738277435302734e-01,6.104322671890258789e-01,3.373790979385375977e-01,1.786120235919952393e-01,1.000000000000000000e+00,5.510475635528564453e-01,4.940965473651885986e-01,-4.198700934648513794e-02,2.449022978544235229e-01,2.274448424577713013e-02,5.441969633102416992e-01,-5.603946372866630554e-02,2.455957382917404175e-01,-5.897923931479454041e-02,-3.551323339343070984e-02,-1.832937300205230713e-01,3.817102313041687012e-01,2.994288206100463867e-01,1.054850295186042786e-01,1.524339467287063599e-01,6.614921092987060547e-01,6.326338052749633789e-01,3.140982687473297119e-01,1.449934095144271851e-01,1.828574836254119873e-01,8.967949450016021729e-02,-7.289674878120422363e-02,-1.569332033395767212e-01,3.571521043777465820e-01,3.049944937229156494e-01,4.421443343162536621e-01,3.387704789638519287e-01,-1.801721602678298950e-01,-1.461379677057266235e-01,-1.465169638395309448e-01,-5.893799290060997009e-02,-1.781590469181537628e-02,-8.538062125444412231e-02,3.755200654268264771e-02,-6.222398206591606140e-02,1.874156445264816284e-01,3.728457912802696228e-02,1.468597203493118286e-01,8.538568764925003052e-02,1.393019966781139374e-02,1.050156056880950928e-01,3.197425603866577148e-01,1.376551538705825806e-01,4.447240233421325684e-01,1.961096674203872681e-01,1.084407716989517212e-01,6.007223576307296753e-02,4.406424611806869507e-02,-8.365289866924285889e-02,5.188573598861694336e-01,2.534270286560058594e-01,5.188030600547790527e-01,2.883564829826354980e-01,6.087337732315063477e-01,1.902588903903961182e-01,2.227209657430648804e-01,-7.798384875059127808e-02,5.024099946022033691e-01,1.120711714029312134e-01,4.880507588386535645e-01,1.891206204891204834e-01,4.430102705955505371e-01,4.408645927906036377e-01,1.552677005529403687e-01,2.395181730389595032e-02,-1.581003516912460327e-02,-2.726180553436279297e-01,5.823127180337905884e-02,-2.121842950582504272e-01,-2.877967059612274170e-02,-1.605421155691146851e-01,-8.640313521027565002e-03,-1.146113127470016479e-01,7.771748304367065430e-02,-8.182186633348464966e-02,-1.584715582430362701e-02,-6.094018742442131042e-02,1.976243257522583008e-01,-1.765151321887969971e-02,4.637704044580459595e-02,-8.442953974008560181e-02,4.426451027393341064e-01,1.676373034715652466e-01,1.548070311546325684e-01,8.768276125192642212e-02,1.343662887811660767e-01,9.365597367286682129e-02,-8.177880942821502686e-02,-6.318407505750656128e-02,-3.903411794453859329e-03,-5.583485588431358337e-02,-8.588091470301151276e-03,8.063909411430358887e-02,1.477414518594741821e-01,1.150218918919563293e-01,-6.093948334455490112e-02,-6.127374991774559021e-02,1.129883974790573120e-01,5.129683390259742737e-02,1.629214137792587280e-01,9.347824007272720337e-02,1.296826750040054321e-01,5.614829063415527344e-02,-6.175057217478752136e-02,-1.571599543094635010e-01,-3.167282324284315109e-03,6.311021279543638229e-03,-3.726668655872344971e-02,-1.393862441182136536e-02
4.859735667705535889e-01,5.640202760696411133e-01,5.352088212966918945e-01,7.425682544708251953e-01,2.378400713205337524e-01,3.788318932056427002e-01,5.510475635528564453e-01,1.000000000000000000e+00,3.048953413963317871e-01,4.270232021808624268e-01,1.619528681039810181e-01,4.543923735618591309e-01,1.120980754494667053e-01,2.782721817493438721e-01,1.861184835433959961e-02,3.024232089519500732e-01,1.222077682614326477e-01,1.350509226322174072e-01,4.098063111305236816e-01,5.660365223884582520e-01,7.919713109731674194e-02,8.911937475204467773e-02,4.839154779911041260e-01,4.652267694473266602e-01,1.836864948272705078e-01,2.864845097064971924e-01,8.820991218090057373e-02,2.581682614982128143e-02,4.520906880497932434e-02,6.096175685524940491e-02,1.961307674646377563e-01,3.400684595108032227e-01,5.256715416908264160e-01,6.225180029869079590e-01,-1.296855881810188293e-02,2.838381752371788025e-02,-7.769618183374404907e-02,7.552474737167358398e-03,7.074885070323944092e-02,1.264856606721878052e-01,4.550714790821075439e-02,2.426447533071041107e-02,1.914648860692977905e-01,1.395964771509170532e-01,1.744012385606765747e-01,1.828227192163467407e-01,4.981465265154838562e-02,1.322557479143142700e-01,2.299543917179107666e-01,2.045954614877700806e-01,2.734642326831817627e-01,3.238595426082611084e-01,8.623024076223373413e-02,-8.933982253074645996e-02,9.994043409824371338e-02,9.780326485633850098e-02,5.081956386566162109e-01,4.565975666046142578e-01,4.750113189220428467e-01,5.152871608734130859e-01,4.675298333168029785e-01,5.129684805870056152e-01,2.510934472084045410e-01,2.717731893062591553e-01,1.889757066965103149e-01,5.532193183898925781e-01,4.712174832820892334e-01,4.816290736198425293e-01,4.471383392810821533e-01,3.281878530979156494e-01,7.944680750370025635e-02,7.129194587469100952e-02,1.023535728454589844e-01,-1.667176373302936554e-02,4.294559732079505920e-02,-7.929206639528274536e-02,9.414046257734298706e-02,7.657901942729949951e-02,7.799910753965377808e-02,-6.987284123897552490e-02,1.147316172719001770e-01,1.061641126871109009e-01,-9.103537350893020630e-02,8.803459256887435913e-02,2.033866941928863525e-02,2.779819369316101074e-01,1.693243682384490967e-01,1.166819483041763306e-01,1.647323668003082275e-01,3.799420893192291260e-01,2.080595642328262329e-01,2.237429469823837280e-01,1.896435022354125977e-01,2.282574176788330078e-01,-1.699317432940006256e-02,6.803817115724086761e-03,3.471696004271507263e-02,1.249561458826065063e-01,6.249765679240226746e-02,1.756726801395416260e-01,1.669169515371322632e-01,2.103228420019149780e-01,6.423582136631011963e-02,1.975569874048233032e-01,2.360895574092864990e-01,2.207200825214385986e-01,1.499376143328845501e-03,6.623248010873794556e-02,1.787092834711074829e-01,9.727305918931961060e-02,1.017726287245750427e-01,5.224148556590080261e-02,1.091174557805061340e-01,1.345405876636505127e-01,9.797368943691253662e-02,2.677718177437782288e-02
1.496849954128265381e-01,-5.211537331342697144e-02,3.789719045162200928e-01,2.648476660251617432e-01,6.644933819770812988e-01,3.372475802898406982e-01,4.940965473651885986e-01,3.048953413963317871e-01,1.000000000000000000e+00,1.966722905635833740e-01,2.588598430156707764e-01,-4.558580461889505386e-03,5.277863740921020508e-01,-4.310294520109891891e-03,4.697830677032470703e-01,1.331527344882488251e-02,5.041755363345146179e-02,-1.685466468334197998e-01,7.577800005674362183e-02,9.773457422852516174e-03,1.544619500637054443e-01,1.311811804771423340e-01,4.444319903850555420e-01,4.447597563266754150e-01,5.033690929412841797e-01,3.360272943973541260e-01,2.474291473627090454e-01,1.844896376132965088e-01,-7.151800394058227539e-02,-1.648509502410888672e-01,3.471363782882690430e-01,3.136593103408813477e-01,2.775216996669769287e-01,1.798679083585739136e-01,-7.703895866870880127e-02,-1.276986859738826752e-02,7.907895743846893311e-02,-8.557862043380737305e-02,2.528329566121101379e-02,-6.516547291539609432e-04,1.849990040063858032e-01,-1.088924854993820190e-01,1.436189711093902588e-01,7.102237083017826080e-03,2.086592465639114380e-01,1.143710985779762268e-01,1.101293489336967468e-01,2.885993570089340210e-02,3.184982538223266602e-01,1.445960849523544312e-01,4.051492512226104736e-01,1.784892380237579346e-01,3.139194333925843239e-03,5.601573735475540161e-02,1.063459441065788269e-01,-2.063826471567153931e-01,1.319172084331512451e-01,-8.957778662443161011e-02,2.581851482391357422e-01,3.761736676096916199e-02,3.862366080284118652e-01,-3.788347542285919189e-02,1.410828381776809692e-01,-1.740207225084304810e-01,5.236113667488098145e-01,1.513424366712570190e-01,3.832060694694519043e-01,1.892557740211486816e-01,2.379831671714782715e-01,3.142558336257934570e-01,1.300296932458877563e-01,-6.547918543219566345e-03,-5.261670425534248352e-02,-2.346815615892410278e-01,-4.465914517641067505e-02,-2.223809361457824707e-01,-1.125177666544914246e-01,-1.935677528381347656e-01,1.613948307931423187e-02,-1.690219342708587646e-02,1.557072699069976807e-01,-1.201292797923088074e-01,3.845858573913574219e-02,-1.047852486371994019e-01,2.826120257377624512e-01,6.454835832118988037e-02,1.948078572750091553e-01,-8.017583191394805908e-02,4.867359697818756104e-01,4.195390641689300537e-02,1.198979765176773071e-01,9.241601824760437012e-02,2.068408727645874023e-01,1.252009999006986618e-02,-6.710347533226013184e-02,-1.087329983711242676e-01,-2.386914007365703583e-02,-6.495589017868041992e-02,-3.649129299446940422e-03,1.906072162091732025e-02,4.015229642391204834e-02,5.682930722832679749e-02,-3.705302998423576355e-02,-8.778572082519531250e-02,1.546424776315689087e-01,1.165691614151000977e-01,2.481971234083175659e-01,1.013214811682701111e-01,9.724402427673339844e-02,1.066002100706100464e-01,-2.105466276407241821e-02,-5.819606408476829529e-02,-6.040743365883827209e-02,-3.602865710854530334e-02,2.119719050824642181e-03,1.519673466682434082e-01
1.054096370935440063e-01,3.332934975624084473e-01,3.132857009768486023e-02,3.183289468288421631e-01,2.618798613548278809e-01,5.311942100524902344e-01,-4.198700934648513794e-02,4.270232021808624268e-01,1.966722905635833740e-01,1.000000000000000000e+00,4.912387207150459290e-02,3.383733332157135010e-01,-1.930438429117202759e-01,2.948811054229736328e-01,4.556268081068992615e-02,5.960470438003540039e-01,1.065404564142227173e-01,2.902425229549407959e-01,2.807178497314453125e-01,3.432353734970092773e-01,1.846127025783061981e-02,4.108764603734016418e-02,1.449671685695648193e-01,8.064456284046173096e-02,2.124990373849868774e-01,3.720658123493194580e-01,1.434811353683471680e-01,1.256207078695297241e-01,-2.737901546061038971e-02,6.201592832803726196e-02,-4.207665100693702698e-02,1.171988099813461304e-01,2.450140267610549927e-01,3.818849921226501465e-01,1.576168537139892578e-01,1.643790900707244873e-01,-2.914621029049158096e-03,1.403393447399139404e-01,1.547043472528457642e-01,2.199138700962066650e-01,-1.006117183715105057e-02,7.243343442678451538e-02,1.941720992326736450e-01,3.085253834724426270e-01,2.449860572814941406e-01,3.127959966659545898e-01,1.786324679851531982e-01,1.678080707788467407e-01,2.336007952690124512e-01,3.412232398986816406e-01,1.137312501668930054e-01,3.621756136417388916e-01,1.140846312046051025e-01,3.086439333856105804e-02,1.031231433153152466e-01,2.470707744359970093e-01,1.098864451050758362e-01,3.192316889762878418e-01,8.585220575332641602e-02,3.167387247085571289e-01,-3.464730456471443176e-02,2.518602907657623291e-01,-3.789154812693595886e-02,2.755354046821594238e-01,-1.793669015169143677e-01,3.943321108818054199e-01,1.496998071670532227e-01,3.940612077713012695e-01,7.331740856170654297e-02,3.847337514162063599e-02,1.405964326113462448e-02,1.079853028059005737e-01,8.038870245218276978e-02,1.320987790822982788e-01,4.696850851178169250e-02,2.779252827167510986e-02,1.527813971042633057e-01,2.276230305433273315e-01,6.099361181259155273e-02,3.063322789967060089e-02,6.339038908481597900e-02,1.117640882730484009e-01,-7.294928282499313354e-02,1.779994815587997437e-01,8.053538948297500610e-02,4.093462228775024414e-01,2.993117570877075195e-01,2.755916416645050049e-01,-1.172852590680122375e-01,3.264260590076446533e-01,2.971532642841339111e-01,3.293232023715972900e-01,3.017503321170806885e-01,2.672732770442962646e-01,-3.750105574727058411e-02,-5.289847776293754578e-02,4.223128035664558411e-02,2.340364009141921997e-01,1.857570558786392212e-01,2.939636111259460449e-01,-9.101977944374084473e-02,1.853796541690826416e-01,1.214552894234657288e-01,3.105526566505432129e-01,3.465696871280670166e-01,3.823938369750976562e-01,1.694754138588905334e-02,1.081657186150550842e-01,-2.420741133391857147e-02,1.559815835207700729e-02,2.685489058494567871e-01,2.700695991516113281e-01,2.021286338567733765e-01,2.375829815864562988e-01,2.794153392314910889e-01,2.319932132959365845e-01
4.002787768840789795e-01,1.791042387485504150e-01,1.108634620904922485e-01,5.576363950967788696e-02,1.853994280099868774e-01,8.963306248188018799e-02,2.449022978544235229e-01,1.619528681039810181e-01,2.588598430156707764e-01,4.912387207150459290e-02,1.000000000000000000e+00,2.875351905822753906e-01,4.342612922191619873e-01,2.945355176925659180e-01,2.046397179365158081e-01,9.357799589633941650e-02,3.921939432621002197e-01,2.380905300378799438e-01,2.478363364934921265e-01,1.318728476762771606e-01,2.197339944541454315e-02,3.309835121035575867e-02,5.184501409530639648e-02,-3.946595638990402222e-02,2.164157480001449585e-01,2.742530405521392822e-01,9.058752655982971191e-02,1.047990620136260986e-01,2.504691183567047119e-01,1.998512595891952515e-01,3.537918329238891602e-01,2.035195529460906982e-01,3.903022110462188721e-01,2.815037965774536133e-01,-4.148653522133827209e-02,5.543597787618637085e-02,6.606514099985361099e-03,3.879227861762046814e-02,6.751508265733718872e-02,1.122277528047561646e-01,4.266274720430374146e-02,1.376751214265823364e-01,2.914924025535583496e-01,2.711650133132934570e-01,3.206079602241516113e-01,2.435550838708877563e-01,2.435990720987319946e-01,1.806581020355224609e-01,2.719584107398986816e-01,1.421361565589904785e-01,1.995637863874435425e-01,1.604256629943847656e-01,3.265700489282608032e-02,1.827799528837203979e-02,1.181588247418403625e-01,8.295354247093200684e-02,2.395036816596984863e-01,1.472768038511276245e-01,3.489848971366882324e-01,1.662458032369613647e-01,3.894448876380920410e-01,2.055672556161880493e-01,4.735774993896484375e-01,2.382977604866027832e-01,3.576956316828727722e-02,1.500919312238693237e-01,3.255402445793151855e-01,2.927255928516387939e-01,2.185327708721160889e-01,1.484169960021972656e-01,2.542391717433929443e-01,2.159362733364105225e-01,1.907493174076080322e-01,7.259207963943481445e-02,4.972759634256362915e-02,5.202862247824668884e-02,2.947932481765747070e-01,1.458178758621215820e-01,6.973738968372344971e-02,1.807407885789871216e-01,1.699864417314529419e-01,1.413608342409133911e-01,7.975576817989349365e-02,1.470821499824523926e-01,5.451127886772155762e-02,3.462177515029907227e-02,7.358801364898681641e-02,-6.444184575229883194e-03,7.463859021663665771e-02,5.208690464496612549e-02,1.611880958080291748e-01,1.732588112354278564e-01,-1.617250405251979828e-02,1.414492726325988770e-02,1.820840984582901001e-01,1.100273877382278442e-01,2.019087374210357666e-01,1.675990968942642212e-01,1.672820150852203369e-01,1.975644528865814209e-01,-4.157246276736259460e-02,1.824829913675785065e-02,1.178947836160659790e-01,9.826866537332534790e-02,-4.017975181341171265e-02,3.426547162234783173e-03,1.079121381044387817e-01,5.547086521983146667e-02,1.088654771447181702e-01,1.136554107069969177e-01,2.620108723640441895e-01,1.938674598932266235e-01,7.372511923313140869e-02,8.293694816529750824e-03,-8.289384841918945312e-02,-2.703732997179031372e-02
2.086859494447708130e-01,4.141766130924224854e-01,-1.776922307908535004e-02,2.750078737735748291e-01,-2.307639643549919128e-02,1.877963691949844360e-01,2.274448424577713013e-02,4.543923735618591309e-01,-4.558580461889505386e-03,3.383733332157135010e-01,2.875351905822753906e-01,1.000000000000000000e+00,-5.427723005414009094e-02,6.119496822357177734e-01,-9.557951241731643677e-02,3.606419861316680908e-01,2.947303056716918945e-01,3.784425854682922363e-01,1.537163257598876953e-01,3.614861071109771729e-01,9.610463678836822510e-02,9.921293705701828003e-02,-1.286990847438573837e-02,-2.723784185945987701e-02,-9.313090890645980835e-02,1.395025253295898438e-01,-6.752108037471771240e-02,-3.233417123556137085e-02,1.573298722505569458e-01,2.156211286783218384e-01,-2.879519760608673096e-02,9.981936216354370117e-02,3.775220811367034912e-01,4.761681854724884033e-01,7.970740646123886108e-02,6.407256424427032471e-02,3.997054696083068848e-02,8.324347436428070068e-02,8.176732808351516724e-02,1.662384122610092163e-01,8.594579994678497314e-02,1.020753756165504456e-01,1.912478953599929810e-01,2.482869476079940796e-01,2.253898233175277710e-01,2.815320491790771484e-01,1.708644926548004150e-01,1.592319011688232422e-01,1.384206712245941162e-01,1.701281517744064331e-01,4.306126013398170471e-02,2.428345531225204468e-01,-7.174752652645111084e-02,-7.849916815757751465e-02,3.073569945991039276e-02,2.221602052450180054e-01,2.925284206867218018e-01,3.222959041595458984e-01,2.798593342304229736e-01,3.826729953289031982e-01,2.471256107091903687e-01,4.189092516899108887e-01,3.376353681087493896e-01,4.051199257373809814e-01,-1.042105555534362793e-01,4.561741054058074951e-01,2.517735958099365234e-01,4.261401295661926270e-01,2.648561596870422363e-01,1.002196446061134338e-01,8.602803200483322144e-02,6.926654279232025146e-02,2.565578818321228027e-01,1.848173141479492188e-01,1.188273653388023376e-01,1.811494082212448120e-01,2.369362711906433105e-01,2.178215235471725464e-01,5.500966683030128479e-02,4.370907321572303772e-02,3.184402361512184143e-02,1.079529747366905212e-01,-8.062014728784561157e-02,1.448388993740081787e-01,-8.497226238250732422e-02,3.244129717350006104e-01,1.120025366544723511e-01,1.768821328878402710e-01,-2.034678161144256592e-01,2.357453852891921997e-01,1.076831966638565063e-01,1.493666023015975952e-01,4.675506427884101868e-02,1.137325391173362732e-01,2.353718876838684082e-02,3.133209794759750366e-02,6.915829330682754517e-02,2.411093264818191528e-01,1.244838684797286987e-01,2.377149909734725952e-01,6.373291462659835815e-02,1.827117949724197388e-01,1.984398365020751953e-01,3.284790515899658203e-01,2.061273753643035889e-01,2.557403445243835449e-01,-7.409451156854629517e-02,-5.087615549564361572e-02,1.076847389340400696e-01,9.085072576999664307e-02,2.613112032413482666e-01,2.163679152727127075e-01,1.600984185934066772e-01,1.619493514299392700e-01,9.670381247997283936e-02,-3.246591985225677490e-02
2.732751965522766113e-01,-2.627784200012683868e-02,4.206361770629882812e-01,1.458362638950347900e-01,3.307993113994598389e-01,1.033009216189384460e-02,5.441969633102416992e-01,1.120980754494667053e-01,5.277863740921020508e-01,-1.930438429117202759e-01,4.342612922191619873e-01,-5.427723005414009094e-02,1.000000000000000000e+00,2.425036020576953888e-02,3.921463787555694580e-01,-1.792711168527603149e-01,2.279017306864261627e-02,-1.663775295019149780e-01,2.169883996248245239e-01,-6.525083631277084351e-02,-2.393642906099557877e-03,2.633206732571125031e-02,3.973242640495300293e-01,3.264963626861572266e-01,3.081151247024536133e-01,7.075768709182739258e-02,1.943290829658508301e-01,9.252399951219558716e-02,-1.261053490452468395e-03,-9.681468456983566284e-02,3.598262667655944824e-01,2.480084747076034546e-01,2.143973708152770996e-01,7.388361543416976929e-02,5.267169792205095291e-03,-4.448158666491508484e-03,-4.425265267491340637e-02,-4.696115478873252869e-02,5.104343220591545105e-02,-1.475493796169757843e-02,9.860140830278396606e-02,-1.424678862094879150e-01,1.660567671060562134e-01,-3.373539366293698549e-04,1.683653146028518677e-01,4.942034557461738586e-02,8.256692439317703247e-02,4.517604783177375793e-02,2.973853647708892822e-01,4.865070059895515442e-02,4.505577385425567627e-01,7.812634855508804321e-02,4.516443237662315369e-03,4.909252747893333435e-02,7.246247678995132446e-02,-1.881867498159408569e-01,2.181653678417205811e-01,-7.359692454338073730e-02,2.429782003164291382e-01,-6.837517768144607544e-02,4.154109358787536621e-01,-1.222318336367607117e-01,1.798030436038970947e-01,-2.556798756122589111e-01,5.352476835250854492e-01,-6.999978423118591309e-02,3.295935690402984619e-01,-8.088325150310993195e-03,2.095002382993698120e-01,2.762973606586456299e-01,1.405474394559860229e-01,5.030234344303607941e-03,-5.068449676036834717e-02,-2.390257418155670166e-01,-5.413833539932966232e-03,-1.819249838590621948e-01,-8.725907653570175171e-03,-1.999516487121582031e-01,4.508170858025550842e-02,1.018920093774795532e-01,1.447601169347763062e-01,-8.160214126110076904e-02,1.461622714996337891e-01,-7.565153390169143677e-02,4.321893751621246338e-01,-2.149382419884204865e-02,2.705664560198783875e-02,-7.788409292697906494e-02,4.064154922962188721e-01,-4.123818501830101013e-02,3.033508919179439545e-02,-2.744930982589721680e-02,7.641513645648956299e-02,-5.571909248828887939e-02,6.684564054012298584e-02,5.192084982991218567e-02,9.231024235486984253e-02,-4.510118812322616577e-02,-1.039786171168088913e-02,-1.531017851084470749e-02,1.103810742497444153e-01,2.169036678969860077e-02,-8.238403499126434326e-02,-1.480587869882583618e-01,9.427005425095558167e-03,-7.659985218197107315e-03,3.015650510787963867e-01,9.248003363609313965e-02,1.467473655939102173e-01,1.180935725569725037e-01,-3.767891973257064819e-02,-1.052541658282279968e-01,-1.197014972567558289e-01,-4.379193857312202454e-02,-1.036434844136238098e-01,9.293372742831707001e-03
