1.000000000000000000e+00,6.507305502891540527e-01,2.505273222923278809e-01,3.780110478401184082e-01,2.528429329395294189e-01,4.214943349361419678e-01,5.136287212371826172e-01,4.259880185127258301e-01,2.260942012071609497e-02,1.300149410963058472e-01,1.242286935448646545e-01,3.170563578605651855e-01,1.519417017698287964e-01,2.636525630950927734e-01,3.647034615278244019e-02,5.211712792515754700e-02,2.795899510383605957e-01,2.496144920587539673e-01,1.829953193664550781e-01,1.908743977546691895e-01,5.740804225206375122e-02,1.356592029333114624e-01,1.907973885536193848e-01,3.008386194705963135e-01,3.621563315391540527e-01,4.995186030864715576e-01,2.953517138957977295e-01,3.593325316905975342e-01,2.581479251384735107e-01,3.699251636862754822e-02,3.599645793437957764e-01,3.668006658554077148e-01,2.489406764507293701e-01,3.255531489849090576e-01,2.258567214012145996e-01,2.630783617496490479e-01,3.767150938510894775e-01,2.516511380672454834e-01,3.174365460872650146e-01,3.782816529273986816e-01,3.235026001930236816e-01,1.033135727047920227e-01,3.172607421875000000e-01,2.433461546897888184e-01,2.643565237522125244e-01,2.506658732891082764e-01,3.430294692516326904e-01,3.373195230960845947e-01,3.622321784496307373e-01,3.354461789131164551e-01,2.888301610946655273e-01,1.750739812850952148e-01,3.658897280693054199e-01,3.056703507900238037e-01,2.348037213087081909e-01,3.287375271320343018e-01,6.718891859054565430e-01,5.421887040138244629e-01,4.433411955833435059e-01,3.394552767276763916e-01,4.884820878505706787e-01,2.962790429592132568e-01,4.620559215545654297e-01,3.608848452568054199e-01,3.902797400951385498e-01,3.588483333587646484e-01,4.634482264518737793e-01,3.985748589038848877e-01,2.202913910150527954e-01,3.300003111362457275e-01,2.331276834011077881e-01,2.979067564010620117e-01,1.080334037542343140e-01,-1.074222009629011154e-02,1.480182558298110962e-01,1.914929002523422241e-01,3.332752883434295654e-01,3.569171428680419922e-01,3.460389077663421631e-01,2.435245513916015625e-01,2.449300587177276611e-01,3.090748190879821777e-01,1.994878500699996948e-01,2.149652838706970215e-01,1.981584578752517700e-01,1.690754741430282593e-01,1.861788332462310791e-01,2.908665835857391357e-01,1.393194496631622314e-01,2.233223170042037964e-01,2.727664411067962646e-01,2.505068778991699219e-01,1.580388098955154419e-01,1.944771409034729004e-01,2.060679942369461060e-01,2.064328491687774658e-01,3.797097802162170410e-01,4.483015835285186768e-01,2.335103899240493774e-01,2.395937591791152954e-01,1.436384171247482300e-01,2.047353796660900116e-02,1.614702492952346802e-01,1.540789306163787842e-01,2.211967259645462036e-01,3.028001785278320312e-01,2.887781560420989990e-01,1.604330837726593018e-01,2.796284854412078857e-01,4.072102606296539307e-01,4.526894986629486084e-01,3.863532245159149170e-01,1.586763113737106323e-01,1.614630520343780518e-01,2.441807650029659271e-02,2.179952859878540039e-01
6.507305502891540527e-01,1.000000000000000000e+00,7.208701223134994507e-02,3.739508092403411865e-01,1.977094709873199463e-01,5.084692835807800293e-01,3.376588523387908936e-01,4.963639378547668457e-01,-5.315017327666282654e-02,8.849132061004638672e-02,-1.144843995571136475e-01,3.367908298969268799e-01,-4.492733627557754517e-02,4.028093516826629639e-01,-1.110607981681823730e-01,1.568639576435089111e-01,3.043038025498390198e-02,1.909705698490142822e-01,1.452082246541976929e-01,2.427472025156021118e-01,1.540322601795196533e-01,2.040355950593948364e-01,6.273437291383743286e-02,2.150011062622070312e-01,3.834536075592041016e-01,4.670180380344390869e-01,3.672427833080291748e-01,4.286923706531524658e-01,6.738694012165069580e-02,1.279135048389434814e-01,2.957832515239715576e-01,3.388585150241851807e-01,2.270433604717254639e-01,3.002261221408843994e-01,2.465628087520599365e-01,2.656585574150085449e-01,3.167920410633087158e-01,3.394553959369659424e-01,1.833434253931045532e-01,4.494552612304687500e-01,3.076297342777252197e-01,1.944294869899749756e-01,3.762917816638946533e-01,2.872776985168457031e-01,3.681265413761138916e-01,3.683736324310302734e-01,3.279632329940795898e-01,3.604586124420166016e-01,3.953703641891479492e-01,3.364791274070739746e-01,2.538652122020721436e-01,1.112827584147453308e-01,2.994520068168640137e-01,3.654138445854187012e-01,1.365566402673721313e-01,4.257771670818328857e-01,4.938639998435974121e-01,6.570735573768615723e-01,5.235481262207031250e-01,4.400546550750732422e-01,4.935311675071716309e-01,3.383029103279113770e-01,2.935200929641723633e-01,4.750054180622100830e-01,3.226889669895172119e-01,4.433448314666748047e-01,5.562447905540466309e-01,5.382879376411437988e-01,1.984697580337524414e-01,3.237431645393371582e-01,2.769718766212463379e-01,4.030385613441467285e-01,1.556623578071594238e-01,5.654035136103630066e-02,2.381962388753890991e-01,2.536914646625518799e-01,3.490070104598999023e-01,3.982756435871124268e-01,2.111877501010894775e-01,2.791342139244079590e-01,4.615500941872596741e-02,3.134686350822448730e-01,5.023152381181716919e-02,3.157072067260742188e-01,-5.209716036915779114e-03,1.492273807525634766e-01,1.420706957578659058e-01,3.844081461429595947e-01,-3.411329537630081177e-02,2.230459302663803101e-01,1.413699239492416382e-01,2.133950591087341309e-01,1.150265634059906006e-01,1.851097792387008667e-01,1.421259492635726929e-01,9.109146147966384888e-02,3.895075321197509766e-01,4.459167420864105225e-01,1.603600382804870605e-01,2.334610968828201294e-01,7.359582185745239258e-02,-1.591902598738670349e-02,8.611076325178146362e-02,7.504309713840484619e-02,1.278319805860519409e-01,2.244660407304763794e-01,2.528558075428009033e-01,1.315512806177139282e-01,2.621382176876068115e-01,4.113838970661163330e-01,5.262206196784973145e-01,4.453259408473968506e-01,1.862145960330963135e-01,1.809188723564147949e-01,4.647071659564971924e-02,3.047629296779632568e-01
2.505273222923278809e-01,7.208701223134994507e-02,1.000000000000000000e+00,3.431568145751953125e-01,2.694446146488189697e-01,6.429588794708251953e-02,6.133912801742553711e-01,3.853788077831268311e-01,1.756242066621780396e-01,-3.666340932250022888e-02,3.110839128494262695e-01,1.372319161891937256e-01,4.023061692714691162e-01,1.749242842197418213e-01,3.286532759666442871e-01,6.661859899759292603e-02,3.754163682460784912e-01,1.570340543985366821e-01,1.211807131767272949e-01,9.267680346965789795e-02,-1.583623439073562622e-01,-1.182074248790740967e-01,6.262280344963073730e-01,5.516933202743530273e-01,2.975922226905822754e-01,3.462132811546325684e-01,-2.412236295640468597e-03,-4.194029048085212708e-02,2.643185555934906006e-01,5.539342388510704041e-02,5.177752375602722168e-01,4.216916859149932861e-01,7.203827053308486938e-02,1.289169043302536011e-01,-1.861832439899444580e-01,-2.293604761362075806e-01,-2.147256396710872650e-02,-6.675061583518981934e-02,1.987133622169494629e-01,1.999007165431976318e-01,1.011745110154151917e-01,-1.888459622859954834e-01,-1.080204844474792480e-01,1.027850061655044556e-01,-1.212208345532417297e-01,-5.771586671471595764e-02,1.204238831996917725e-01,1.316495835781097412e-01,8.953651040792465210e-02,8.259314298629760742e-02,3.044677674770355225e-01,2.084254920482635498e-01,2.906843721866607666e-01,1.156024932861328125e-01,2.565430998802185059e-01,2.317970246076583862e-01,2.576851844787597656e-01,4.525377228856086731e-02,-6.286055594682693481e-02,-6.175252795219421387e-02,-8.422961831092834473e-02,-1.651567965745925903e-01,2.274840176105499268e-01,-3.253174945712089539e-03,1.130053102970123291e-01,-1.040523648262023926e-01,-9.064688533544540405e-02,-1.705621629953384399e-01,-8.038252592086791992e-02,-7.213059812784194946e-02,7.902396470308303833e-02,1.719572022557258606e-02,-2.454347163438796997e-01,2.662282288074493408e-01,-1.722229272127151489e-01,1.140888556838035583e-01,1.640113629400730133e-02,4.737650230526924133e-02,1.766889691352844238e-01,1.873083114624023438e-01,4.081917703151702881e-01,1.972521245479583740e-01,3.637633621692657471e-01,5.240136012434959412e-02,4.188234508037567139e-01,2.147360146045684814e-01,1.984237730503082275e-01,1.274206023663282394e-02,4.158672094345092773e-01,2.951314449310302734e-01,4.421815574169158936e-01,3.173651695251464844e-01,1.829728037118911743e-01,1.148831173777580261e-01,4.102372229099273682e-01,5.364591479301452637e-01,4.100673645734786987e-02,3.625026643276214600e-01,2.344668358564376831e-01,1.287103593349456787e-01,2.402767241001129150e-01,1.992125362157821655e-01,3.202317953109741211e-01,2.931534945964813232e-01,2.821278274059295654e-01,2.980888783931732178e-01,3.047642409801483154e-01,1.473510265350341797e-01,4.244876503944396973e-01,1.953581571578979492e-01,3.949197754263877869e-02,1.696138083934783936e-02,8.921691775321960449e-02,-3.429788351058959961e-02,-1.066605895757675171e-01,-1.956172883510589600e-01
3.780110478401184082e-01,3.739508092403411865e-01,3.431568145751953125e-01,1.000000000000000000e+00,-2.703937352634966373e-04,2.427242845296859741e-01,2.876116335391998291e-01,3.609659671783447266e-01,-1.240470036864280701e-01,-4.739331454038619995e-02,-1.209395080804824829e-01,1.047123298048973083e-01,-9.068089537322521210e-03,1.849298179149627686e-01,-7.100611180067062378e-02,6.000988930463790894e-02,-1.566813886165618896e-02,3.736981889232993126e-03,6.391277909278869629e-01,6.254495382308959961e-01,-8.770406246185302734e-02,-3.427479043602943420e-02,3.544892668724060059e-01,3.941355049610137939e-01,2.782734632492065430e-01,3.582239151000976562e-01,7.160831987857818604e-02,9.669042378664016724e-02,2.506317757070064545e-02,1.633047498762607574e-02,4.399046599864959717e-01,3.940743803977966309e-01,1.381624490022659302e-01,2.726135253906250000e-01,3.034415096044540405e-02,2.571911364793777466e-02,2.088618837296962738e-02,3.677704930305480957e-02,9.014315903186798096e-03,2.529678642749786377e-01,1.362592130899429321e-01,-2.781660109758377075e-02,7.583021372556686401e-02,9.663140028715133667e-02,1.395381838083267212e-01,1.039390563964843750e-01,1.540914475917816162e-01,1.551879495382308960e-01,1.799986958503723145e-01,1.104754656553268433e-01,1.787464022636413574e-01,1.032305648550391197e-03,2.944819927215576172e-01,2.762009799480438232e-01,9.877592325210571289e-02,2.745125591754913330e-01,1.694760471582412720e-01,1.988272964954376221e-01,2.020434439182281494e-01,1.209684237837791443e-01,8.968131244182586670e-02,6.062595173716545105e-02,-4.518039524555206299e-02,1.825686395168304443e-01,3.045772947371006012e-02,8.149599283933639526e-02,2.364051043987274170e-01,1.837720274925231934e-01,4.291683137416839600e-01,3.718050420284271240e-01,1.123632267117500305e-01,1.733824908733367920e-01,-1.322679966688156128e-01,1.606326103210449219e-01,-1.062650084495544434e-01,1.018429547548294067e-01,1.826511025428771973e-01,1.850856095552444458e-01,6.143046193756163120e-04,9.663537889719009399e-02,-3.397298743948340416e-03,5.788810085505247116e-03,1.147501394152641296e-01,2.030953317880630493e-01,1.914001069962978363e-02,4.857858642935752869e-03,1.313357949256896973e-01,2.228320240974426270e-01,9.560088068246841431e-02,1.837033480405807495e-01,2.254346013069152832e-01,2.598704993724822998e-01,8.655230700969696045e-02,2.115079462528228760e-01,2.234309762716293335e-01,3.009710907936096191e-01,1.420175731182098389e-01,3.906141221523284912e-01,1.027927473187446594e-01,5.623457208275794983e-02,8.490694314241409302e-02,1.475615948438644409e-01,2.079714834690093994e-01,1.747429668903350830e-01,1.027096584439277649e-01,3.848871588706970215e-02,1.512853354215621948e-01,-3.584508970379829407e-02,3.790669143199920654e-01,3.246507346630096436e-01,2.719220221042633057e-01,2.037398219108581543e-01,1.362032294273376465e-01,5.591362714767456055e-02,-8.875995129346847534e-02,8.763457648456096649e-03
2.528429329395294189e-01,1.977094709873199463e-01,2.694446146488189697e-01,-2.703937352634966373e-04,1.000000000000000000e+00,3.997261822223663330e-01,4.183020591735839844e-01,1.941892206668853760e-01,6.197357177734375000e-01,3.208482563495635986e-01,2.309504747390747070e-01,1.001313030719757080e-01,3.144893348217010498e-01,1.805115640163421631e-01,4.791636466979980469e-01,2.661468386650085449e-01,1.331036984920501709e-01,1.297610700130462646e-01,1.820893771946430206e-02,1.753786019980907440e-02,1.156942397356033325e-01,6.153684109449386597e-02,-1.133181992918252945e-02,1.433446072041988373e-02,5.595876574516296387e-01,3.844043016433715820e-01,5.285382270812988281e-01,3.321021199226379395e-01,2.008960694074630737e-01,7.362738996744155884e-02,3.965720534324645996e-02,3.343010321259498596e-03,-2.729068137705326080e-02,-8.587510138750076294e-02,-3.054235577583312988e-01,-2.539620399475097656e-01,-3.330249339342117310e-02,5.925110355019569397e-02,2.608296871185302734e-01,2.272569686174392700e-01,2.371471524238586426e-01,2.251489609479904175e-01,-1.783919632434844971e-01,-2.927080355584621429e-02,-1.113044172525405884e-01,2.721752040088176727e-03,-1.330468151718378067e-02,9.482303261756896973e-02,4.375085234642028809e-02,1.078705117106437683e-01,6.413149647414684296e-03,7.745721936225891113e-02,2.346922606229782104e-01,2.252694964408874512e-01,2.114323377609252930e-01,2.853614985942840576e-01,3.830406963825225830e-01,2.920643389225006104e-01,4.528204351663589478e-02,3.358140289783477783e-01,8.144341409206390381e-02,9.224958717823028564e-02,3.040453195571899414e-01,1.825459152460098267e-01,1.233621016144752502e-01,5.496414005756378174e-02,-7.978660613298416138e-02,-4.341813921928405762e-02,1.104245409369468689e-01,1.039775758981704712e-01,-5.237944796681404114e-02,-1.689496189355850220e-01,6.860691308975219727e-02,-8.582440018653869629e-02,2.745447307825088501e-02,-1.732955724000930786e-01,-1.749355643987655640e-01,-9.581413865089416504e-02,1.446538120508193970e-01,2.037015855312347412e-01,2.456382960081100464e-01,2.883479595184326172e-01,5.232608318328857422e-01,2.501380443572998047e-01,2.349053174257278442e-01,3.078782558441162109e-01,4.120488166809082031e-01,2.548543214797973633e-01,3.590102493762969971e-01,4.395428299903869629e-01,2.695259749889373779e-01,3.712060749530792236e-01,5.473593622446060181e-02,1.336664408445358276e-01,1.168035808950662613e-02,-6.160596013069152832e-02,2.030466198921203613e-01,1.096619069576263428e-01,4.390854015946388245e-02,1.784177422523498535e-01,1.791915744543075562e-01,4.043911397457122803e-02,1.243961825966835022e-01,1.298544406890869141e-01,4.727789759635925293e-02,3.699885010719299316e-01,1.114033460617065430e-01,3.495946228504180908e-01,3.166215866804122925e-02,7.729465514421463013e-02,6.471787393093109131e-02,1.029448285698890686e-01,8.195976167917251587e-02,9.698724746704101562e-02,1.182359084486961365e-01,2.023702859878540039e-01
4.214943349361419678e-01,5.084692835807800293e-01,6.429588794708251953e-02,2.427242845296859741e-01,3.997261822223663330e-01,1.000000000000000000e+00,2.187333554029464722e-01,5.134872794151306152e-01,1.939610950648784637e-02,4.690034389495849609e-01,-1.813418418169021606e-01,2.896742224693298340e-01,-1.119810640811920166e-01,5.453178882598876953e-01,-9.255620837211608887e-02,3.057897090911865234e-01,-5.167140811681747437e-02,1.069441214203834534e-01,1.365286763757467270e-02,1.154004111886024475e-01,1.435159742832183838e-01,2.057810723781585693e-01,4.038207605481147766e-02,2.365277856588363647e-01,6.023073792457580566e-01,5.492950081825256348e-01,6.718245148658752441e-01,6.975551843643188477e-01,6.883559282869100571e-03,1.537111550569534302e-01,2.313631474971771240e-01,2.759018838405609131e-01,6.149687245488166809e-02,1.447782367467880249e-01,1.146990582346916199e-01,2.353635877370834351e-01,1.900561451911926270e-01,2.623008787631988525e-01,1.251562386751174927e-01,3.859567642211914062e-01,2.799004912376403809e-01,3.054498136043548584e-01,2.824752628803253174e-01,1.921899467706680298e-01,3.007436394691467285e-01,3.618805706501007080e-01,1.623210459947586060e-01,3.229127228260040283e-01,2.621781826019287109e-01,2.236547619104385376e-01,8.461166918277740479e-02,2.924097701907157898e-03,3.549283444881439209e-01,4.969360232353210449e-01,9.881329536437988281e-02,4.613032341003417969e-01,3.842828571796417236e-01,5.943769216537475586e-01,5.966718196868896484e-01,5.511046648025512695e-01,4.456835091114044189e-01,3.599949479103088379e-01,2.319255769252777100e-01,5.178793668746948242e-01,1.400516778230667114e-01,3.066528737545013428e-01,4.961931705474853516e-01,4.997560083866119385e-01,1.891042441129684448e-01,3.016453683376312256e-01,2.032660245895385742e-01,2.777118384838104248e-01,1.866219937801361084e-01,2.079155668616294861e-02,2.554853856563568115e-01,1.318089216947555542e-01,2.413901686668395996e-01,3.362590968608856201e-01,1.215649992227554321e-01,1.673604995012283325e-01,-9.165083616971969604e-02,2.710435986518859863e-01,8.174412697553634644e-02,5.196160078048706055e-01,-1.038096100091934204e-01,4.836054146289825439e-02,2.104347497224807739e-01,6.369504332542419434e-01,-1.034628227353096008e-01,3.134284913539886475e-01,6.056213006377220154e-02,3.574323058128356934e-01,-4.223804175853729248e-02,3.244866728782653809e-01,-4.881039261817932129e-02,-9.916429221630096436e-02,3.873680233955383301e-01,3.687809705734252930e-01,2.682570181787014008e-02,2.353369146585464478e-01,-1.483985334634780884e-01,-7.552646100521087646e-02,-8.700509369373321533e-02,-1.986538060009479523e-02,-1.208961829543113708e-01,1.956354826688766479e-01,1.487709432840347290e-01,1.940305829048156738e-01,1.593619734048843384e-01,3.812312185764312744e-01,5.307812690734863281e-01,4.900337755680084229e-01,2.553274929523468018e-01,1.522451043128967285e-01,4.255147650837898254e-02,4.170369505882263184e-01
5.136287212371826172e-01,3.376588523387908936e-01,6.133912801742553711e-01,2.876116335391998291e-01,4.183020591735839844e-01,2.187333554029464722e-01,1.000000000000000000e+00,5.565854310989379883e-01,2.423412203788757324e-01,4.578438028693199158e-02,4.467289447784423828e-01,3.590156435966491699e-01,5.094392299652099609e-01,2.994256615638732910e-01,3.188239037990570068e-01,1.134502291679382324e-01,4.532715082168579102e-01,3.088726997375488281e-01,2.037345990538597107e-02,4.968038201332092285e-02,-1.473827008157968521e-02,4.856655746698379517e-02,3.864347934722900391e-01,3.844370841979980469e-01,4.014420509338378906e-01,4.596851766109466553e-01,1.771115511655807495e-01,2.064966112375259399e-01,3.516635596752166748e-01,1.340889632701873779e-01,4.036169052124023438e-01,3.052839338779449463e-01,1.440543383359909058e-01,1.678575277328491211e-01,-3.442218899726867676e-02,-2.315089851617813110e-02,1.873135417699813843e-01,9.716608375310897827e-02,3.299705982208251953e-01,3.409860730171203613e-01,2.892069518566131592e-01,-1.691596582531929016e-02,5.661197006702423096e-02,1.503009200096130371e-01,3.791238740086555481e-02,7.050867378711700439e-02,2.095941603183746338e-01,2.468769699335098267e-01,2.081129103899002075e-01,2.597320675849914551e-01,2.453483045101165771e-01,2.379973530769348145e-01,3.134559094905853271e-01,2.123527675867080688e-01,2.554214000701904297e-01,3.584865331649780273e-01,5.387674570083618164e-01,3.036811351776123047e-01,1.194208562374114990e-01,1.546088755130767822e-01,1.932125091552734375e-01,3.443964570760726929e-02,4.467350542545318604e-01,1.989035010337829590e-01,2.302497327327728271e-01,1.337766796350479126e-01,1.153733283281326294e-01,4.177301749587059021e-02,-1.065904796123504639e-01,2.486180746927857399e-03,1.418364793062210083e-01,1.070195809006690979e-01,-5.122865736484527588e-02,1.377339512109756470e-01,3.059387020766735077e-02,1.025485172867774963e-01,1.097062006592750549e-01,1.591294556856155396e-01,3.696917593479156494e-01,3.373682796955108643e-01,4.649595618247985840e-01,3.587228357791900635e-01,3.840058147907257080e-01,1.293325871229171753e-01,4.100461602210998535e-01,3.452914655208587646e-01,1.571763306856155396e-01,7.903137058019638062e-02,3.407880365848541260e-01,3.611774742603302002e-01,3.480338454246520996e-01,3.130500614643096924e-01,6.904013454914093018e-02,6.953094154596328735e-02,3.276467323303222656e-01,3.824495375156402588e-01,1.965763419866561890e-01,4.015061259269714355e-01,2.162817865610122681e-01,3.062214553356170654e-01,1.977916806936264038e-01,4.191574081778526306e-02,2.108443826436996460e-01,2.120830714702606201e-01,2.759343981742858887e-01,4.350959360599517822e-01,3.033639788627624512e-01,2.611097097396850586e-01,3.359228670597076416e-01,2.280257344245910645e-01,1.955663561820983887e-01,1.781312376260757446e-01,1.456448137760162354e-01,9.504091739654541016e-02,2.245108596980571747e-02,6.910943984985351562e-02
4.259880185127258301e-01,4.963639378547668457e-01,3.853788077831268311e-01,3.609659671783447266e-01,1.941892206668853760e-01,5.134872794151306152e-01,5.565854310989379883e-01,1.000000000000000000e+00,-1.540834456682205200e-01,1.522842049598693848e-01,4.162477329373359680e-02,5.104481577873229980e-01,9.646186232566833496e-02,6.347482800483703613e-01,-8.997146785259246826e-02,2.554446756839752197e-01,1.333649754524230957e-01,2.818168401718139648e-01,-7.013346999883651733e-02,7.277616858482360840e-02,8.077115565538406372e-02,1.229646056890487671e-01,3.245004117488861084e-01,4.279445111751556396e-01,4.335512816905975342e-01,4.377480149269104004e-01,3.424122035503387451e-01,4.244284927845001221e-01,5.777593702077865601e-02,2.160963267087936401e-01,4.147783219814300537e-01,3.810691237449645996e-01,1.440677791833877563e-01,2.428999245166778564e-01,1.748709976673126221e-01,2.305288761854171753e-01,2.085865437984466553e-01,2.449609339237213135e-01,1.366867572069168091e-01,4.684393107891082764e-01,2.728611528873443604e-01,1.604055464267730713e-01,2.235056608915328979e-01,2.084679901599884033e-01,1.876676380634307861e-01,2.444058358669281006e-01,1.900127083063125610e-01,3.351108133792877197e-01,2.642310261726379395e-01,2.762981057167053223e-01,2.636306285858154297e-01,1.645641922950744629e-01,3.977801799774169922e-01,4.600225985050201416e-01,8.987490832805633545e-02,5.725115537643432617e-01,3.653692305088043213e-01,4.639788866043090820e-01,3.822618722915649414e-01,3.229760825634002686e-01,3.397421538829803467e-01,1.432159990072250366e-01,3.392946124076843262e-01,4.866105020046234131e-01,1.588189154863357544e-01,2.606341242790222168e-01,3.567427694797515869e-01,3.341773450374603271e-01,-8.816572278738021851e-02,1.057479605078697205e-01,2.296768128871917725e-01,3.117546737194061279e-01,7.594544440507888794e-02,2.159096151590347290e-01,2.056289166212081909e-01,2.374508380889892578e-01,2.505271434783935547e-01,3.242864906787872314e-01,1.823072731494903564e-01,3.042076230049133301e-01,1.051558032631874084e-01,3.495849967002868652e-01,4.115252196788787842e-02,4.394889771938323975e-01,4.263243451714515686e-02,1.888030171394348145e-01,8.664371073246002197e-02,3.843579590320587158e-01,-5.326617509126663208e-02,3.425126075744628906e-01,1.353547424077987671e-01,3.641001284122467041e-01,-7.476603984832763672e-02,1.679694205522537231e-01,2.029802352190017700e-01,2.185547500848770142e-01,2.301850169897079468e-01,4.911074042320251465e-01,1.277238726615905762e-01,3.716961443424224854e-01,-1.346417367458343506e-01,-1.282011568546295166e-01,-1.087521836161613464e-01,-4.776928573846817017e-02,-3.600751981139183044e-02,1.711280047893524170e-01,1.926567554473876953e-01,1.465021818876266479e-01,3.646639585494995117e-01,3.810660839080810547e-01,4.653071463108062744e-01,4.370127618312835693e-01,2.973480522632598877e-01,3.209092840552330017e-02,-8.371522277593612671e-02,2.133868187665939331e-01
2.260942012071609497e-02,-5.315017327666282654e-02,1.756242066621780396e-01,-1.240470036864280701e-01,6.197357177734375000e-01,1.939610950648784637e-02,2.423412203788757324e-01,-1.540834456682205200e-01,1.000000000000000000e+00,2.671728432178497314e-01,3.132701814174652100e-01,1.104685477912425995e-02,3.595817983150482178e-01,-8.686374872922897339e-02,6.632210612297058105e-01,2.875678837299346924e-01,1.429590731859207153e-01,1.207204461097717285e-01,7.961077243089675903e-02,3.764099627733230591e-02,1.706364899873733521e-01,6.607033312320709229e-02,-1.586698740720748901e-01,-2.096439749002456665e-01,2.400681674480438232e-01,1.745889633893966675e-01,2.309572547674179077e-01,4.711770452558994293e-03,2.218633890151977539e-01,6.611184030771255493e-02,-1.401942372322082520e-01,-1.888471990823745728e-01,-5.509487539529800415e-02,-2.075534611940383911e-01,-4.177463054656982422e-01,-4.481043219566345215e-01,-1.448166668415069580e-01,-1.884560845792293549e-02,2.622127830982208252e-01,9.267161367461085320e-04,1.121764853596687317e-01,3.467797115445137024e-02,-3.417752981185913086e-01,-1.184990555047988892e-01,-2.941614687442779541e-01,-1.915114820003509521e-01,-9.812038391828536987e-02,-1.016867458820343018e-01,-9.967243671417236328e-02,-7.759736385196447372e-03,-9.349806606769561768e-02,5.136835947632789612e-02,-1.544440090656280518e-01,-1.610267758369445801e-01,1.702309846878051758e-01,5.950333550572395325e-02,1.811732202768325806e-01,7.560161501169204712e-02,-2.895916998386383057e-01,9.095153771340847015e-03,-1.597142666578292847e-01,-8.524516597390174866e-03,1.085594445466995239e-01,-1.451711803674697876e-01,1.153414621949195862e-01,-1.190434023737907410e-01,-3.408730328083038330e-01,-2.957470715045928955e-01,4.070017114281654358e-02,-2.393265441060066223e-02,-1.300829350948333740e-01,-3.099178671836853027e-01,-4.252882674336433411e-02,-1.625134646892547607e-01,-1.276306957006454468e-01,-2.731768488883972168e-01,-3.064174056053161621e-01,-2.651013135910034180e-01,9.540539234876632690e-02,1.383409351110458374e-01,2.833894789218902588e-01,2.103013247251510620e-01,5.335938930511474609e-01,3.237370401620864868e-02,2.865640223026275635e-01,3.837963044643402100e-01,3.219070434570312500e-01,-6.975611299276351929e-02,5.062348842620849609e-01,4.552689492702484131e-01,2.316679656505584717e-01,2.421673983335494995e-01,1.978751718997955322e-01,1.080521121621131897e-01,4.123970866203308105e-02,-8.632927201688289642e-03,-8.703875355422496796e-03,-1.639297008514404297e-01,2.633375860750675201e-02,8.188506960868835449e-02,4.403926134109497070e-01,2.911011278629302979e-01,3.543199002742767334e-01,3.469546735286712646e-01,2.152225524187088013e-01,3.574467301368713379e-01,6.215034052729606628e-02,3.239926695823669434e-01,-9.307295829057693481e-02,-2.399709820747375488e-01,-3.314465582370758057e-01,-2.680478096008300781e-01,-1.185787543654441833e-01,7.425300776958465576e-02,2.363584637641906738e-01,9.215250611305236816e-03
1.300149410963058472e-01,8.849132061004638672e-02,-3.666340932250022888e-02,-4.739331454038619995e-02,3.208482563495635986e-01,4.690034389495849609e-01,4.578438028693199158e-02,1.522842049598693848e-01,2.671728432178497314e-01,1.000000000000000000e+00,1.608856171369552612e-01,2.836136817932128906e-01,5.983600020408630371e-02,3.263850808143615723e-01,1.769448816776275635e-01,5.165085196495056152e-01,1.060855761170387268e-01,2.719913423061370850e-01,-6.938107311725616455e-02,-9.972028434276580811e-03,2.114075422286987305e-01,1.954288631677627563e-01,-2.006859034299850464e-01,-1.745031923055648804e-01,2.721727192401885986e-01,2.199472039937973022e-01,4.329857528209686279e-01,3.473770916461944580e-01,2.839375734329223633e-01,3.295655250549316406e-01,-1.263632476329803467e-01,-1.336909234523773193e-01,-3.084470145404338837e-02,-4.282360523939132690e-02,8.432076871395111084e-02,1.404142826795578003e-01,2.209362685680389404e-01,2.887958288192749023e-01,2.141006886959075928e-01,1.464222818613052368e-01,7.114011049270629883e-02,6.765260547399520874e-02,1.228762418031692505e-01,5.508667603135108948e-02,4.701833799481391907e-02,1.329179555177688599e-01,1.059866845607757568e-01,6.449005007743835449e-02,3.846848383545875549e-02,4.268204420804977417e-02,-8.700119704008102417e-02,-6.825827807188034058e-02,-1.130508538335561752e-02,-5.350037664175033569e-02,1.891291439533233643e-01,2.042770981788635254e-01,2.510955333709716797e-01,2.708951532840728760e-01,1.284833848476409912e-01,1.918389052152633667e-01,2.031857520341873169e-01,8.170137554407119751e-02,9.573067724704742432e-02,-1.323522441089153290e-02,5.604037642478942871e-02,3.806746378540992737e-02,2.060534954071044922e-01,2.636638879776000977e-01,1.064876839518547058e-01,2.343057990074157715e-01,1.934416443109512329e-01,2.316798716783523560e-01,2.193597257137298584e-01,-8.561280556023120880e-03,2.423994839191436768e-01,1.177686676383018494e-01,2.493469268083572388e-01,2.911075949668884277e-01,1.068620160222053528e-01,1.647781580686569214e-01,8.192905783653259277e-02,2.304406315088272095e-01,1.875699311494827271e-02,3.681410253047943115e-01,6.541761755943298340e-02,1.622723489999771118e-01,3.298995643854141235e-02,2.532182931900024414e-01,1.346514374017715454e-01,3.522589206695556641e-01,8.589773625135421753e-02,1.592650264501571655e-01,1.516728848218917847e-01,2.671806216239929199e-01,3.038475289940834045e-02,-1.032624468207359314e-01,1.884874254465103149e-01,-3.932020068168640137e-02,1.664614528417587280e-01,2.504926025867462158e-01,8.251039683818817139e-02,1.001130118966102600e-01,4.539737477898597717e-02,1.228063702583312988e-01,4.264219105243682861e-02,2.186469882726669312e-01,1.362116485834121704e-01,2.519462108612060547e-01,-9.367077052593231201e-02,-7.450142502784729004e-02,-4.277706830180250108e-05,2.514908835291862488e-02,1.683083325624465942e-01,2.134730964899063110e-01,1.953434348106384277e-01,2.962002158164978027e-01
1.242286935448646545e-01,-1.144843995571136475e-01,3.110839128494262695e-01,-1.209395080804824829e-01,2.309504747390747070e-01,-1.813418418169021606e-01,4.467289447784423828e-01,4.162477329373359680e-02,3.132701814174652100e-01,1.608856171369552612e-01,1.000000000000000000e+00,2.961210310459136963e-01,6.834712624549865723e-01,3.316773101687431335e-02,4.550030529499053955e-01,1.739478409290313721e-01,6.245412826538085938e-01,4.926427006721496582e-01,-1.128087043762207031e-01,-1.063917130231857300e-01,-5.417779553681612015e-03,4.292211961001157761e-03,1.049616336822509766e-01,-1.984667032957077026e-02,-2.084542065858840942e-03,1.352339684963226318e-01,-1.016027182340621948e-01,-7.092106342315673828e-02,5.534570217132568359e-01,3.061946034431457520e-01,-2.456297725439071655e-02,-1.216612905263900757e-01,2.096147835254669189e-02,9.412859566509723663e-03,-2.557653747498989105e-02,-6.425376981496810913e-02,2.146189510822296143e-01,8.723675459623336792e-02,3.236229419708251953e-01,6.849262863397598267e-02,3.397767618298530579e-02,-2.048574835062026978e-01,-1.624976098537445068e-02,6.943655759096145630e-02,-1.400330811738967896e-01,-1.366898715496063232e-01,1.624363362789154053e-01,2.471784316003322601e-02,-9.834790602326393127e-03,3.374371677637100220e-02,7.204601168632507324e-02,1.764060407876968384e-01,-4.981428384780883789e-02,-3.003196716308593750e-01,3.327186107635498047e-01,-1.805440639145672321e-03,3.001015782356262207e-01,-1.221938952803611755e-01,-2.561283111572265625e-01,-2.176429331302642822e-01,-4.466209933161735535e-02,-2.206907123327255249e-01,2.991965413093566895e-01,-2.800755500793457031e-01,1.572370678186416626e-01,-1.119815558195114136e-01,-1.096878871321678162e-01,-1.667316555976867676e-01,-1.787189543247222900e-01,-1.274584978818893433e-01,1.028709337115287781e-01,6.405851244926452637e-02,-1.181417051702737808e-02,1.951356381177902222e-01,5.577525869011878967e-02,1.287976652383804321e-01,1.105912625789642334e-01,1.136342734098434448e-01,3.607008457183837891e-01,2.860480248928070068e-01,6.251162886619567871e-01,3.091504871845245361e-01,2.695666253566741943e-01,-7.501447945833206177e-02,5.646703243255615234e-01,4.101104140281677246e-01,-1.066317185759544373e-01,-3.008137345314025879e-01,4.661300182342529297e-01,2.073709517717361450e-01,2.911368310451507568e-01,-1.794793643057346344e-02,1.882543265819549561e-01,-1.322489827871322632e-01,2.488064765930175781e-01,2.776993811130523682e-01,-7.907721446827054024e-04,-3.475124761462211609e-02,3.321008980274200439e-01,2.024992704391479492e-01,3.142741620540618896e-01,7.329149544239044189e-02,2.373336106538772583e-01,1.975795924663543701e-01,3.657891750335693359e-01,3.486595749855041504e-01,2.620643675327301025e-01,2.490533739328384399e-01,5.539206322282552719e-03,-2.063897550106048584e-01,-2.768237292766571045e-01,-2.627292871475219727e-01,3.828120976686477661e-02,5.285223200917243958e-02,1.115446165204048157e-01,-1.125628426671028137e-01
3.170563578605651855e-01,3.367908298969268799e-01,1.372319161891937256e-01,1.047123298048973083e-01,1.001313030719757080e-01,2.896742224693298340e-01,3.590156435966491699e-01,5.104481577873229980e-01,1.104685477912425995e-02,2.836136817932128906e-01,2.961210310459136963e-01,1.000000000000000000e+00,1.880726218223571777e-01,5.512979626655578613e-01,5.728582292795181274e-02,2.688165009021759033e-01,2.894358336925506592e-01,6.070291996002197266e-01,-1.166699081659317017e-01,3.285998851060867310e-02,2.227516919374465942e-01,2.789996862411499023e-01,9.909337759017944336e-02,1.344488263130187988e-01,2.108768224716186523e-01,3.054934144020080566e-01,2.252776175737380981e-01,2.895497977733612061e-01,1.666529327630996704e-01,3.246038854122161865e-01,1.921819597482681274e-01,1.852638125419616699e-01,2.006406784057617188e-01,2.693410813808441162e-01,2.962230145931243896e-01,2.825585901737213135e-01,2.556753456592559814e-01,2.694664597511291504e-01,1.914673000574111938e-01,3.115482926368713379e-01,1.679328829050064087e-01,2.040837332606315613e-02,3.276010751724243164e-01,2.683380246162414551e-01,1.773315370082855225e-01,2.120383679866790771e-01,2.952824532985687256e-01,2.594960927963256836e-01,2.544953227043151855e-01,1.734292507171630859e-01,1.895741522312164307e-01,9.237105399370193481e-02,5.159201472997665405e-02,-2.340466482564806938e-03,5.681956186890602112e-02,2.846161723136901855e-01,3.846364021301269531e-01,3.387325108051300049e-01,2.468704730272293091e-01,8.672335743904113770e-02,2.605941891670227051e-01,-2.615287201479077339e-03,2.920842468738555908e-01,1.274815052747726440e-01,1.740587055683135986e-01,1.140611395239830017e-01,3.298583030700683594e-01,2.967926561832427979e-01,-1.750724315643310547e-01,-3.324352204799652100e-03,2.476792037487030029e-01,3.042398393154144287e-01,6.829669326543807983e-02,2.357525676488876343e-01,2.474949806928634644e-01,2.771926522254943848e-01,2.438053041696548462e-01,2.961131334304809570e-01,1.961057484149932861e-01,3.758466839790344238e-01,2.903921604156494141e-01,5.389252901077270508e-01,-4.138683155179023743e-02,2.620643675327301025e-01,2.144666314125061035e-01,3.879738152027130127e-01,-1.349428743124008179e-01,8.354737609624862671e-02,5.385243147611618042e-02,3.619327545166015625e-01,3.975576162338256836e-02,6.957975029945373535e-02,5.862215906381607056e-02,1.154854074120521545e-01,1.709303855895996094e-01,2.053333371877670288e-01,8.637206256389617920e-02,2.389316856861114502e-01,1.472775489091873169e-01,2.597389221191406250e-01,2.311628311872482300e-02,1.745405048131942749e-02,1.887551508843898773e-02,9.755598753690719604e-02,1.565821021795272827e-01,2.009557932615280151e-01,2.297464758157730103e-01,1.818764209747314453e-01,1.145852953195571899e-01,6.722015142440795898e-02,1.832393109798431396e-01,1.214393451809883118e-01,1.214914768934249878e-01,5.450242012739181519e-02,4.779752343893051147e-02,1.139797642827033997e-01
1.519417017698287964e-01,-4.492733627557754517e-02,4.023061692714691162e-01,-9.068089537322521210e-03,3.144893348217010498e-01,-1.119810640811920166e-01,5.094392299652099609e-01,9.646186232566833496e-02,3.595817983150482178e-01,5.983600020408630371e-02,6.834712624549865723e-01,1.880726218223571777e-01,1.000000000000000000e+00,1.379365772008895874e-01,4.774749577045440674e-01,1.510324031114578247e-01,5.008900165557861328e-01,3.636790812015533447e-01,-2.727485634386539459e-02,-4.903314262628555298e-02,2.279272116720676422e-02,7.669291645288467407e-02,1.222217604517936707e-01,5.444631725549697876e-02,7.523138821125030518e-02,2.522658109664916992e-01,-3.292277082800865173e-02,1.404721941798925400e-02,5.851178765296936035e-01,2.998083531856536865e-01,7.837148010730743408e-02,2.326449751853942871e-02,1.011510118842124939e-01,6.044415384531021118e-02,-7.134392857551574707e-02,-1.055242046713829041e-01,2.240985482931137085e-01,1.290354430675506592e-01,3.247424662113189697e-01,1.079431772232055664e-01,1.063917800784111023e-01,-1.256920695304870605e-01,-9.650778770446777344e-02,6.519351154565811157e-02,-1.310375332832336426e-01,-9.892260283231735229e-02,1.124775186181068420e-01,2.717744559049606323e-02,2.415707521140575409e-02,6.536673754453659058e-02,4.987123608589172363e-02,1.635984480381011963e-01,3.612244501709938049e-02,-1.420374810695648193e-01,4.257038235664367676e-01,1.158624663949012756e-01,3.149323463439941406e-01,-2.148251235485076904e-02,-2.242074906826019287e-01,-1.227052584290504456e-01,-8.728552609682083130e-02,-1.156874522566795349e-01,2.857358157634735107e-01,-1.878927797079086304e-01,8.793774247169494629e-02,-1.128593459725379944e-01,-1.012333333492279053e-01,-1.424896866083145142e-01,-6.150926277041435242e-02,-2.572621032595634460e-02,1.611440181732177734e-01,3.889065235853195190e-02,-1.808150485157966614e-02,1.562278270721435547e-01,-5.182519555091857910e-03,7.071414589881896973e-02,9.498282521963119507e-02,7.552347332239151001e-02,3.146228492259979248e-01,2.197691947221755981e-01,5.877647995948791504e-01,2.599371075630187988e-01,4.109774529933929443e-01,-1.208986900746822357e-02,5.912826657295227051e-01,4.204646944999694824e-01,1.613217405974864960e-02,-1.546839177608489990e-01,5.773271918296813965e-01,3.341414630413055420e-01,3.785821795463562012e-01,1.729234308004379272e-01,1.718562990427017212e-01,-1.454950869083404541e-02,2.270012497901916504e-01,2.583960294723510742e-01,9.238952398300170898e-02,2.580400928854942322e-02,3.471562266349792480e-01,2.384468764066696167e-01,3.294456899166107178e-01,1.176096126437187195e-01,2.998781800270080566e-01,2.491686791181564331e-01,3.438870608806610107e-01,3.846168220043182373e-01,3.069553077220916748e-01,2.859241366386413574e-01,1.238447427749633789e-01,-6.265568733215332031e-02,-2.021994143724441528e-01,-2.154463827610015869e-01,-1.301140896975994110e-02,9.101767838001251221e-02,1.648086458444595337e-01,2.502881176769733429e-02
