1.000000000000000000e+00,7.244230508804321289e-01,6.801407337188720703e-01,5.577818155288696289e-01,-2.933205477893352509e-02,-5.704946443438529968e-02,6.572804450988769531e-01,4.747509658336639404e-01,-1.887928843498229980e-01,-5.138399824500083923e-02,3.715375959873199463e-01,3.518909513950347900e-01,3.329726159572601318e-01,2.185887843370437622e-01,-2.263478785753250122e-01,-1.439198553562164307e-01,7.325957715511322021e-02,1.306417286396026611e-01,6.124072670936584473e-01,6.447982788085937500e-01,-1.193385720252990723e-01,-2.405905872583389282e-01,4.910547435283660889e-01,4.829718172550201416e-01,-2.071807235479354858e-01,-1.530878692865371704e-01,2.452987991273403168e-02,3.189493715763092041e-02,-1.339471042156219482e-01,-1.741928309202194214e-01,1.237918287515640259e-01,1.935683637857437134e-01,6.083040833473205566e-01,5.615875720977783203e-01,7.203683257102966309e-02,3.468482941389083862e-02,-3.352399170398712158e-01,-2.228767871856689453e-01,-2.306465804576873779e-01,-3.010499179363250732e-01,-2.787596285343170166e-01,-2.199020534753799438e-01,-2.810559868812561035e-01,-1.966394335031509399e-01,1.193916276097297668e-01,1.431770473718643188e-01,-2.477027624845504761e-01,-2.854028642177581787e-01,2.201617956161499023e-01,3.257531523704528809e-01,6.642664223909378052e-02,1.215824410319328308e-01,-2.498047351837158203e-01,-1.791070252656936646e-01,-2.329547256231307983e-01,-2.540191411972045898e-01,8.000337481498718262e-01,6.856053471565246582e-01,6.365382671356201172e-01,6.759034991264343262e-01,7.369814515113830566e-01,4.905357360839843750e-01,4.309575855731964111e-01,3.802044093608856201e-01,4.485969245433807373e-01,4.117865264415740967e-01,5.270094275474548340e-01,3.768574297428131104e-01,4.988499283790588379e-01,3.713397085666656494e-01,-1.827909946441650391e-01,-1.309410333633422852e-01,-1.214946731925010681e-01,-7.899183034896850586e-02,-1.458936482667922974e-01,-1.786388009786605835e-01,-1.370452344417572021e-01,-1.506609171628952026e-01,-8.013955503702163696e-02,-4.967539571225643158e-04,-8.765853941440582275e-02,-8.497054129838943481e-02,-3.392202556133270264e-01,-3.191362619400024414e-01,-1.764177680015563965e-01,-1.170472428202629089e-01,-1.945738047361373901e-01,-1.760632991790771484e-01,-8.606142550706863403e-02,1.645732112228870392e-02,-1.971425712108612061e-01,-2.926574051380157471e-01,-2.477959692478179932e-01,-2.138021886348724365e-01,-3.480155169963836670e-01,-3.123545348644256592e-01,-3.770093023777008057e-01,-3.780170083045959473e-01,-3.454146385192871094e-01,-2.965740561485290527e-01,-8.806882053613662720e-02,-1.754496246576309204e-02,-1.137303654104471207e-03,-2.667415887117385864e-02,-2.725960016250610352e-01,-2.650766670703887939e-01,-7.104671746492385864e-02,-8.353065699338912964e-02,-2.557824552059173584e-02,-2.568444311618804932e-01,-3.488812148571014404e-01,-3.838721513748168945e-01,-3.913901448249816895e-01,-3.109198808670043945e-01,-4.000750184059143066e-01,-1.636993885040283203e-01
7.244230508804321289e-01,1.000000000000000000e+00,4.128722250461578369e-01,3.790411651134490967e-01,-1.135272998362779617e-02,-1.076669022440910339e-01,3.906267583370208740e-01,3.205298185348510742e-01,-1.632670015096664429e-01,-1.329112052917480469e-01,2.397168576717376709e-01,4.037023186683654785e-01,2.153417915105819702e-01,1.936424076557159424e-01,-1.728026419878005981e-01,-1.671401858329772949e-01,5.017353966832160950e-02,3.621308207511901855e-01,5.520283579826354980e-01,5.933940410614013672e-01,1.209483202546834946e-02,-1.312078535556793213e-01,2.517459988594055176e-01,2.662125229835510254e-01,-2.164760231971740723e-01,-2.346069067716598511e-01,5.970310419797897339e-02,6.921575963497161865e-02,-1.020576357841491699e-01,9.982230141758918762e-03,2.367631345987319946e-02,3.735193982720375061e-02,4.115596413612365723e-01,3.746092617511749268e-01,2.972784265875816345e-02,4.068836197257041931e-02,-2.427773922681808472e-01,-3.068867325782775879e-02,-1.104556620121002197e-01,-1.538418531417846680e-01,-1.371194869279861450e-01,-1.155937463045120239e-02,-1.105333417654037476e-01,1.339438185095787048e-02,1.095576658844947815e-01,2.306046932935714722e-01,-1.346943061798810959e-02,-5.975008383393287659e-02,2.293941378593444824e-01,3.718731701374053955e-01,1.297709494829177856e-01,2.320229113101959229e-01,1.020291168242692947e-02,1.009316444396972656e-01,-4.800255224108695984e-02,-1.504937186837196350e-02,7.424135208129882812e-01,8.423429131507873535e-01,5.990344882011413574e-01,6.806495189666748047e-01,5.256164073944091797e-01,4.677975177764892578e-01,2.686131894588470459e-01,4.279653728008270264e-01,2.396582812070846558e-01,3.896808922290802002e-01,4.318598508834838867e-01,3.486344516277313232e-01,5.262424349784851074e-01,4.478558301925659180e-01,-1.823377013206481934e-01,-1.587733775377273560e-01,-1.164002940058708191e-01,-5.175750702619552612e-03,-1.942987889051437378e-01,-8.737744390964508057e-02,-2.076909095048904419e-01,-1.797581017017364502e-01,-1.492831856012344360e-02,1.554348021745681763e-01,-5.660841614007949829e-02,7.391448318958282471e-02,-2.313268333673477173e-01,-2.405896037817001343e-01,-9.611393511295318604e-02,1.654162704944610596e-01,-1.325962394475936890e-01,2.431766875088214874e-02,2.536108950152993202e-04,3.135785758495330811e-01,2.186521701514720917e-02,-1.399268954992294312e-01,-9.090581536293029785e-02,-1.140388175845146179e-01,-3.075184524059295654e-01,-2.783670425415039062e-01,-2.133621573448181152e-01,-2.303412854671478271e-01,-1.374618113040924072e-01,-7.915684580802917480e-02,7.447586208581924438e-02,6.261458247900009155e-02,1.482733786106109619e-01,4.848851636052131653e-02,-1.044414266943931580e-01,-1.628099232912063599e-01,-8.199889212846755981e-02,-1.195062026381492615e-01,7.615825533866882324e-02,-1.857219934463500977e-01,-2.854501008987426758e-01,-2.233764380216598511e-01,-2.078741341829299927e-01,-1.380769759416580200e-01,-2.556423246860504150e-01,-9.660310298204421997e-02
6.801407337188720703e-01,4.128722250461578369e-01,1.000000000000000000e+00,7.169754505157470703e-01,-8.980986475944519043e-02,-7.849121093750000000e-02,8.676427006721496582e-01,6.146378517150878906e-01,-1.400317847728729248e-01,1.406950317323207855e-02,4.485470056533813477e-01,4.127011895179748535e-01,4.814559221267700195e-01,3.711703121662139893e-01,-1.280581206083297729e-01,-2.599130198359489441e-02,1.379388719797134399e-01,1.485697776079177856e-01,5.051143169403076172e-01,4.691350758075714111e-01,-1.301942169666290283e-01,-1.850964426994323730e-01,8.130165934562683105e-01,7.520962953567504883e-01,1.006766036152839661e-02,8.505324274301528931e-02,-1.568743139505386353e-01,-1.425006091594696045e-01,6.087126582860946655e-02,-6.095223501324653625e-02,4.354011714458465576e-01,4.620970785617828369e-01,6.256474256515502930e-01,6.336626410484313965e-01,2.549843490123748779e-01,1.480111926794052124e-01,-1.769879460334777832e-01,-1.777549982070922852e-01,-2.515224218368530273e-01,-2.808482646942138672e-01,-2.107205390930175781e-01,-2.117859721183776855e-01,-2.792923152446746826e-01,-2.373808771371841431e-01,2.031420469284057617e-01,8.104092627763748169e-02,-3.422131240367889404e-01,-3.676129281520843506e-01,1.778260916471481323e-01,2.618064880371093750e-01,4.895146936178207397e-02,1.800068467855453491e-01,-3.697086274623870850e-01,-3.040279746055603027e-01,-2.918332219123840332e-01,-3.102850317955017090e-01,4.575327634811401367e-01,3.083984255790710449e-01,3.204896152019500732e-01,4.076272845268249512e-01,4.982171654701232910e-01,4.305822849273681641e-01,3.985815644264221191e-01,4.296339452266693115e-01,5.031237006187438965e-01,4.010095298290252686e-01,4.087357223033905029e-01,2.064572423696517944e-01,1.808299720287322998e-01,9.349297732114791870e-02,8.141126483678817749e-02,1.789417415857315063e-01,1.361242234706878662e-01,1.699629575014114380e-01,3.489134460687637329e-02,6.075344514101743698e-03,1.890393942594528198e-01,1.703246533870697021e-01,1.063674967736005783e-02,3.254737704992294312e-02,-2.597535774111747742e-02,2.121548168361186981e-02,-2.280181348323822021e-01,-1.779603809118270874e-01,-9.564634412527084351e-02,-1.444046944379806519e-01,-1.194893717765808105e-01,-1.692939847707748413e-01,-2.206853777170181274e-01,-1.906952708959579468e-01,-3.597407341003417969e-01,-2.783485054969787598e-01,-2.617457211017608643e-01,-2.056495696306228638e-01,-3.257891833782196045e-01,-3.165939450263977051e-01,-4.017809331417083740e-01,-3.356163799762725830e-01,-3.362746834754943848e-01,-3.929406404495239258e-01,-6.673674285411834717e-02,-4.147569835186004639e-02,2.519408799707889557e-02,8.583308197557926178e-03,-2.807544469833374023e-01,-3.026992082595825195e-01,3.456298261880874634e-02,1.044820062816143036e-02,-5.134575068950653076e-02,-2.397179901599884033e-01,-2.815832495689392090e-01,-3.424744307994842529e-01,-4.207558631896972656e-01,-3.129740357398986816e-01,-3.333567678928375244e-01,-1.936245560646057129e-01
5.577818155288696289e-01,3.790411651134490967e-01,7.169754505157470703e-01,1.000000000000000000e+00,-2.591834962368011475e-02,3.077619671821594238e-01,6.928679943084716797e-01,8.646584749221801758e-01,-2.368405908346176147e-01,4.619295597076416016e-01,2.412528246641159058e-01,4.148261249065399170e-01,3.178960084915161133e-01,6.332291960716247559e-01,-2.296999692916870117e-01,3.673189282417297363e-01,-5.793998762965202332e-02,6.379282474517822266e-02,3.936196863651275635e-01,4.680521488189697266e-01,-1.227397769689559937e-01,-1.105264574289321899e-01,7.158902883529663086e-01,8.594036102294921875e-01,8.741973340511322021e-02,4.264089167118072510e-01,-5.255018547177314758e-02,9.187448769807815552e-02,-6.611284613609313965e-02,-7.298801094293594360e-02,4.430697858333587646e-01,6.415297389030456543e-01,3.855475187301635742e-01,4.133168756961822510e-01,-4.826567322015762329e-02,-1.313204765319824219e-01,-2.676144540309906006e-01,-4.664608240127563477e-01,-2.828758656978607178e-01,-4.487321376800537109e-01,-1.787776350975036621e-01,-3.382397294044494629e-01,-3.180345892906188965e-01,-2.927275002002716064e-01,9.381831437349319458e-02,1.413280665874481201e-01,-3.567888736724853516e-01,-3.642185926437377930e-01,2.326630651950836182e-01,2.472110241651535034e-01,4.602970089763402939e-03,1.243303567171096802e-01,-4.047588109970092773e-01,-2.947625815868377686e-01,-3.059573471546173096e-01,-4.667258560657501221e-01,3.576926887035369873e-01,2.787072956562042236e-01,4.019371271133422852e-01,4.872667491436004639e-01,4.157639443874359131e-01,4.863925874233245850e-01,2.864167392253875732e-01,3.823339939117431641e-01,3.017454743385314941e-01,3.858321309089660645e-01,3.649911582469940186e-01,2.449437379837036133e-01,1.913374215364456177e-01,1.199947446584701538e-01,-1.133514381945133209e-02,1.615558862686157227e-01,4.276337847113609314e-02,3.182593360543251038e-02,7.513650227338075638e-03,-1.929121911525726318e-01,1.087054014205932617e-01,2.199254035949707031e-01,-5.859762430191040039e-02,3.153728554025292397e-03,-2.145716845989227295e-01,-1.223612353205680847e-01,-2.048114389181137085e-01,-1.467930227518081665e-01,-2.553733587265014648e-01,-2.578566074371337891e-01,-9.723422676324844360e-02,-1.209885105490684509e-01,-2.073981761932373047e-01,-3.146571218967437744e-01,-3.013070821762084961e-01,-3.584727644920349121e-01,-2.169208824634552002e-01,-2.574708759784698486e-01,-3.341681063175201416e-01,-3.178357779979705811e-01,-4.221521019935607910e-01,-4.225833714008331299e-01,-3.017380237579345703e-01,-4.093178510665893555e-01,-3.860039263963699341e-02,-4.942087456583976746e-02,3.918401151895523071e-02,-4.792239516973495483e-02,-3.269976079463958740e-01,-3.289005458354949951e-01,3.782001882791519165e-02,-2.916382066905498505e-02,2.699417807161808014e-02,-3.497473597526550293e-01,-3.830611109733581543e-01,-4.055346250534057617e-01,-4.599336087703704834e-01,-3.498938381671905518e-01,-3.267633914947509766e-01,-1.167285814881324768e-01
-2.933205477893352509e-02,-1.135272998362779617e-02,-8.980986475944519043e-02,-2.591834962368011475e-02,1.000000000000000000e+00,5.358865857124328613e-01,-7.809030264616012573e-02,3.514497354626655579e-02,7.483563423156738281e-01,3.339712321758270264e-01,2.079275846481323242e-01,2.108769863843917847e-01,2.111678719520568848e-01,2.616573870182037354e-01,5.780491828918457031e-01,4.314707815647125244e-01,2.528980970382690430e-01,1.570478081703186035e-01,-8.408943563699722290e-02,-3.359222412109375000e-02,3.393759131431579590e-01,4.707631766796112061e-01,6.187701970338821411e-02,3.784053027629852295e-03,5.015829205513000488e-01,4.164285063743591309e-01,6.401751637458801270e-01,5.691972374916076660e-01,3.189012706279754639e-01,2.871198058128356934e-01,3.079159557819366455e-01,2.843550145626068115e-01,3.334913402795791626e-02,4.293830320239067078e-02,5.093529820442199707e-02,5.090858042240142822e-02,2.921191453933715820e-01,1.288402378559112549e-01,4.659287631511688232e-01,3.163907825946807861e-01,3.947688043117523193e-01,3.289434611797332764e-01,1.451464444398880005e-01,9.046858549118041992e-02,7.104659825563430786e-02,-1.924794726073741913e-02,1.442502737045288086e-01,1.374836564064025879e-01,-1.007748618721961975e-01,-9.034287184476852417e-02,3.652535751461982727e-02,-5.658763460814952850e-03,1.549840569496154785e-01,2.275938242673873901e-01,4.356327354907989502e-01,2.806819975376129150e-01,3.352096304297447205e-02,2.985939756035804749e-02,-3.850733488798141479e-02,-3.956212848424911499e-02,3.215098381042480469e-02,-3.087862022221088409e-02,8.745433390140533447e-02,1.437650993466377258e-02,4.849237576127052307e-02,-1.811340153217315674e-01,3.222865983843803406e-02,5.083443596959114075e-02,4.727148637175559998e-02,6.151705980300903320e-02,1.805137097835540771e-01,2.338275015354156494e-01,2.747842371463775635e-01,2.909398674964904785e-01,3.109316825866699219e-01,2.019420415163040161e-01,1.100702062249183655e-01,7.144757360219955444e-02,1.878979504108428955e-01,1.121958047151565552e-01,2.372354418039321899e-01,2.006151825189590454e-01,2.592383623123168945e-01,1.343933045864105225e-01,3.604425191879272461e-01,2.295559942722320557e-01,3.658147156238555908e-01,4.087760150432586670e-01,5.308558344841003418e-01,1.965889632701873779e-01,1.296736747026443481e-01,9.981111437082290649e-02,1.700021773576736450e-01,2.263378947973251343e-01,5.975263565778732300e-02,-3.620276460424065590e-03,2.008095532655715942e-01,1.012056693434715271e-01,1.946115195751190186e-01,1.517913490533828735e-01,-7.044757902622222900e-02,-1.218210763909155503e-05,-2.118612080812454224e-01,-1.439734250307083130e-01,6.369334459304809570e-02,-5.600564181804656982e-02,-1.930272579193115234e-01,-2.525562644004821777e-01,5.709290504455566406e-02,5.282535031437873840e-02,1.334103643894195557e-01,1.925532519817352295e-01,2.751344740390777588e-01,1.715764999389648438e-01,9.880957007408142090e-02,-5.090744420886039734e-02
-5.704946443438529968e-02,-1.076669022440910339e-01,-7.849121093750000000e-02,3.077619671821594238e-01,5.358865857124328613e-01,1.000000000000000000e+00,-8.103319257497787476e-02,3.961956799030303955e-01,3.287829458713531494e-01,8.493941426277160645e-01,-3.410348296165466309e-02,5.320575833320617676e-02,-5.418397951871156693e-03,4.641349315643310547e-01,1.419866085052490234e-01,8.009601831436157227e-01,-6.568094342947006226e-02,-1.377065628767013550e-01,-8.769264817237854004e-02,3.081702379859052598e-05,2.067789733409881592e-01,3.031955957412719727e-01,8.936915546655654907e-02,2.317060232162475586e-01,4.558349847793579102e-01,7.274770140647888184e-01,4.862955510616302490e-01,6.419091820716857910e-01,-7.921116426587104797e-03,3.432433679699897766e-02,2.984478175640106201e-01,4.754421710968017578e-01,-1.067378371953964233e-01,-1.087566614151000977e-01,-3.535150289535522461e-01,-3.451740145683288574e-01,-5.733193457126617432e-02,-4.583096802234649658e-01,1.148492172360420227e-01,-1.682662516832351685e-01,5.762001872062683105e-02,-1.815244406461715698e-01,-5.872273817658424377e-02,-1.803222596645355225e-01,-9.116872400045394897e-02,-7.828297466039657593e-02,-6.532768160104751587e-02,-3.489607572555541992e-02,-6.526614725589752197e-02,-1.100441589951515198e-01,-1.639953404664993286e-01,-1.750604212284088135e-01,-9.846075624227523804e-02,3.421765938401222229e-02,6.934411823749542236e-02,-1.212763190269470215e-01,-5.846434459090232849e-02,-8.856004476547241211e-02,-1.983637735247612000e-02,-7.895345799624919891e-03,-4.040753841400146484e-02,-8.238443173468112946e-03,-4.770550131797790527e-02,-1.199667155742645264e-01,-1.409875303506851196e-01,-1.718817204236984253e-01,-7.956054061651229858e-02,-7.873286306858062744e-02,-2.611456625163555145e-02,-4.129531607031822205e-02,-1.246856059879064560e-03,1.372669637203216553e-01,-1.794157363474369049e-02,-9.815058112144470215e-02,1.130531057715415955e-01,-1.949677169322967529e-01,-3.629394248127937317e-02,5.469826981425285339e-02,-1.383756101131439209e-02,-5.497169867157936096e-02,-1.452882438898086548e-01,-1.658324748277664185e-01,3.977342694997787476e-02,-1.320114731788635254e-02,-1.108125597238540649e-01,-2.091048061847686768e-01,7.482032477855682373e-02,1.073211506009101868e-01,1.815942525863647461e-01,-1.449464857578277588e-01,3.138641268014907837e-02,-9.873324632644653320e-02,1.592139340937137604e-02,1.473840884864330292e-02,-1.836491748690605164e-02,-5.778198689222335815e-02,-2.374801225960254669e-02,-1.278236061334609985e-01,-1.961983926594257355e-02,-7.876976579427719116e-02,-1.196733489632606506e-01,-1.547524891793727875e-02,-2.566213309764862061e-01,-2.550732195377349854e-01,-1.470293700695037842e-01,-1.700996905565261841e-01,-1.479527205228805542e-01,-1.795132756233215332e-01,1.283723711967468262e-01,-1.598621159791946411e-01,-7.077153027057647705e-02,-6.168854236602783203e-02,4.788881912827491760e-02,-6.919601559638977051e-02,-4.513520747423171997e-02,5.610603839159011841e-02
6.572804450988769531e-01,3.906267583370208740e-01,8.676427006721496582e-01,6.928679943084716797e-01,-7.809030264616012573e-02,-8.103319257497787476e-02,1.000000000000000000e+00,6.629634499549865723e-01,-1.471381038427352905e-01,2.047096006572246552e-02,5.391436219215393066e-01,4.877125024795532227e-01,6.014415025711059570e-01,4.377366304397583008e-01,-9.049306064844131470e-02,-2.777684666216373444e-02,2.282807379961013794e-01,2.023562788963317871e-01,3.980593681335449219e-01,3.507814705371856689e-01,-1.325767636299133301e-01,-1.725628077983856201e-01,8.080434203147888184e-01,7.495702505111694336e-01,-3.103823401033878326e-02,7.526698708534240723e-02,-1.820123940706253052e-01,-1.552275866270065308e-01,1.416799277067184448e-01,-1.183365937322378159e-02,4.940596818923950195e-01,5.185042023658752441e-01,6.583247184753417969e-01,6.778095364570617676e-01,2.721718847751617432e-01,1.435151845216751099e-01,-1.602426171302795410e-01,-1.619133055210113525e-01,-2.830128371715545654e-01,-2.736654281616210938e-01,-1.798049360513687134e-01,-1.637565642595291138e-01,-2.304701358079910278e-01,-1.741829812526702881e-01,2.878455817699432373e-01,1.822891682386398315e-01,-3.213617801666259766e-01,-3.509351611137390137e-01,2.780307531356811523e-01,3.277963399887084961e-01,1.595315039157867432e-01,2.549341917037963867e-01,-3.491224050521850586e-01,-3.074193894863128662e-01,-3.119653165340423584e-01,-3.407554626464843750e-01,4.548584818840026855e-01,2.852549850940704346e-01,3.096215724945068359e-01,3.829601109027862549e-01,5.752363204956054688e-01,4.948676824569702148e-01,4.965243637561798096e-01,5.164365768432617188e-01,5.499599575996398926e-01,4.587678611278533936e-01,4.052542746067047119e-01,2.444427907466888428e-01,6.881110370159149170e-02,3.386281803250312805e-02,1.374194175004959106e-01,2.392125874757766724e-01,2.039802968502044678e-01,2.276520729064941406e-01,7.725134491920471191e-02,2.529305033385753632e-02,2.506174445152282715e-01,2.298614531755447388e-01,5.280246585607528687e-02,6.837812811136245728e-02,6.746493279933929443e-02,4.245775938034057617e-02,-2.380751073360443115e-01,-2.092196792364120483e-01,-4.694365337491035461e-02,-1.089471355080604553e-01,-1.241695359349250793e-01,-2.059773504734039307e-01,-2.773194313049316406e-01,-2.281413972377777100e-01,-3.887109756469726562e-01,-3.611437082290649414e-01,-3.129101991653442383e-01,-2.779929935932159424e-01,-3.584093749523162842e-01,-3.340360820293426514e-01,-4.241259098052978516e-01,-3.792809844017028809e-01,-3.592353165149688721e-01,-3.918130993843078613e-01,-1.115417927503585815e-01,-8.492649346590042114e-02,6.741258781403303146e-03,-4.029100015759468079e-02,-3.452931344509124756e-01,-3.760731220245361328e-01,3.692956408485770226e-03,-1.675470545887947083e-02,-6.688743084669113159e-02,-2.716979384422302246e-01,-3.055654466152191162e-01,-3.682432770729064941e-01,-4.519436955451965332e-01,-3.622848987579345703e-01,-3.875664472579956055e-01,-2.163974940776824951e-01
4.747509658336639404e-01,3.205298185348510742e-01,6.146378517150878906e-01,8.646584749221801758e-01,3.514497354626655579e-02,3.961956799030303955e-01,6.629634499549865723e-01,1.000000000000000000e+00,-1.636577695608139038e-01,5.548413991928100586e-01,3.299399912357330322e-01,4.959216117858886719e-01,4.057831168174743652e-01,7.416436076164245605e-01,-1.515973657369613647e-01,4.586657583713531494e-01,3.736316040158271790e-02,1.105992123484611511e-01,2.188987731933593750e-01,3.223477303981781006e-01,-9.890367090702056885e-02,-6.345652788877487183e-02,6.768084764480590820e-01,8.260571956634521484e-01,7.567092776298522949e-02,4.865542650222778320e-01,-4.169579222798347473e-02,1.076958477497100830e-01,2.523483149707317352e-02,7.432595361024141312e-03,5.216050148010253906e-01,7.295204401016235352e-01,3.755725324153900146e-01,4.122642278671264648e-01,-9.417533874511718750e-02,-2.076418250799179077e-01,-2.351294159889221191e-01,-4.642651379108428955e-01,-2.719199657440185547e-01,-4.444170594215393066e-01,-1.499095559120178223e-01,-3.286783695220947266e-01,-2.234485149383544922e-01,-2.135511785745620728e-01,1.596125364303588867e-01,2.355320304632186890e-01,-2.916556000709533691e-01,-2.850281894207000732e-01,3.201903104782104492e-01,3.096377849578857422e-01,9.025099873542785645e-02,1.956593245267868042e-01,-3.467657864093780518e-01,-2.179398834705352783e-01,-2.722480595111846924e-01,-4.741385281085968018e-01,3.070728182792663574e-01,2.332248985767364502e-01,3.642618358135223389e-01,4.223334789276123047e-01,4.434345960617065430e-01,5.037230849266052246e-01,3.568430244922637939e-01,4.349846839904785156e-01,2.990689575672149658e-01,3.637433946132659912e-01,3.065178096294403076e-01,2.414060533046722412e-01,5.532069876790046692e-02,3.759096190333366394e-02,7.407117635011672974e-02,2.496168464422225952e-01,1.049313396215438843e-01,7.210586965084075928e-02,5.217140540480613708e-02,-1.916976124048233032e-01,1.454207152128219604e-01,2.734747827053070068e-01,-1.304275915026664734e-02,4.097739979624748230e-02,-1.268340945243835449e-01,-7.351920753717422485e-02,-2.079886049032211304e-01,-1.701172441244125366e-01,-2.080834209918975830e-01,-2.307360470294952393e-01,-1.059689819812774658e-01,-1.342608928680419922e-01,-2.248321324586868286e-01,-3.747749328613281250e-01,-2.621150016784667969e-01,-4.159225523471832275e-01,-2.815815210342407227e-01,-3.211828172206878662e-01,-3.229466974735260010e-01,-3.061089515686035156e-01,-3.916359245777130127e-01,-4.269954562187194824e-01,-2.771046757698059082e-01,-3.671056628227233887e-01,-1.298761665821075439e-01,-9.043990820646286011e-02,-3.962324187159538269e-02,-1.256963759660720825e-01,-3.739288151264190674e-01,-3.725350797176361084e-01,-1.858212053775787354e-02,-7.856240123510360718e-02,3.376124426722526550e-02,-3.440845608711242676e-01,-3.590995371341705322e-01,-3.970850110054016113e-01,-4.401946663856506348e-01,-3.869860768318176270e-01,-3.526154756546020508e-01,-9.664254635572433472e-02
-1.887928843498229980e-01,-1.632670015096664429e-01,-1.400317847728729248e-01,-2.368405908346176147e-01,7.483563423156738281e-01,3.287829458713531494e-01,-1.471381038427352905e-01,-1.636577695608139038e-01,1.000000000000000000e+00,1.202281415462493896e-01,2.728673815727233887e-01,2.005577087402343750e-01,2.515879869461059570e-01,1.100738793611526489e-01,7.145603895187377930e-01,2.718173563480377197e-01,3.215808272361755371e-01,1.830736547708511353e-01,-2.214854210615158081e-01,-1.661677956581115723e-01,3.728783130645751953e-01,4.689816534519195557e-01,1.395082194358110428e-02,-1.442388296127319336e-01,4.923768341541290283e-01,2.783699035644531250e-01,4.604592323303222656e-01,3.125208318233489990e-01,4.211319983005523682e-01,3.560547828674316406e-01,2.761860489845275879e-01,1.344870924949645996e-01,6.196008529514074326e-03,4.483043029904365540e-02,1.525926291942596436e-01,1.407175511121749878e-01,4.164742231369018555e-01,3.214902579784393311e-01,4.485333263874053955e-01,4.061258435249328613e-01,4.138320982456207275e-01,4.188123941421508789e-01,2.226281464099884033e-01,1.460889279842376709e-01,1.099288538098335266e-01,-1.077903956174850464e-01,1.982620507478713989e-01,1.872761994600296021e-01,-2.024249881505966187e-01,-1.947166174650192261e-01,3.023503907024860382e-02,-5.225270986557006836e-02,2.196908444166183472e-01,1.984401643276214600e-01,4.917581677436828613e-01,3.875968456268310547e-01,-8.504188060760498047e-02,-1.230668500065803528e-01,-2.174435406923294067e-01,-2.551968693733215332e-01,-7.615189254283905029e-02,-1.687580794095993042e-01,9.631749242544174194e-02,-3.250878304243087769e-02,6.569634377956390381e-02,-3.020344078540802002e-01,-9.159693121910095215e-02,-7.623124122619628906e-02,-6.720723956823348999e-02,-6.705655157566070557e-02,2.517518997192382812e-01,2.839407920837402344e-01,3.227387368679046631e-01,3.597496449947357178e-01,3.515856564044952393e-01,3.439936935901641846e-01,1.800699979066848755e-01,7.325666397809982300e-02,2.229828834533691406e-01,1.024159789085388184e-01,3.549916148185729980e-01,3.428718447685241699e-01,3.084957301616668701e-01,2.268937528133392334e-01,4.972294270992279053e-01,2.963761687278747559e-01,3.925176560878753662e-01,4.246512651443481445e-01,5.177881121635437012e-01,1.828552484512329102e-01,1.595163196325302124e-01,2.483921200037002563e-01,2.194579988718032837e-01,3.135123848915100098e-01,1.497361063957214355e-01,5.529620870947837830e-02,2.418532669544219971e-01,1.963036954402923584e-01,2.476310580968856812e-01,2.144616544246673584e-01,-2.871909178793430328e-02,1.942429877817630768e-02,-1.880446970462799072e-01,-9.245949983596801758e-02,1.648288518190383911e-01,5.487676709890365601e-02,-1.769265979528427124e-01,-2.165445685386657715e-01,3.941572457551956177e-02,1.516770571470260620e-01,2.294520437717437744e-01,3.301576972007751465e-01,4.129337966442108154e-01,2.290704399347305298e-01,1.949605047702789307e-01,-4.332466796040534973e-02
-5.138399824500083923e-02,-1.329112052917480469e-01,1.406950317323207855e-02,4.619295597076416016e-01,3.339712321758270264e-01,8.493941426277160645e-01,2.047096006572246552e-02,5.548413991928100586e-01,1.202281415462493896e-01,1.000000000000000000e+00,-3.121821582317352295e-02,6.158206984400749207e-02,2.759595960378646851e-02,5.859691500663757324e-01,2.742477692663669586e-02,8.376485705375671387e-01,-1.095346808433532715e-01,-1.520669311285018921e-01,-1.073406934738159180e-01,-1.298144832253456116e-02,1.158498749136924744e-01,1.950151622295379639e-01,1.777070015668869019e-01,3.822661340236663818e-01,4.060828983783721924e-01,7.968304753303527832e-01,2.724899947643280029e-01,4.701078832149505615e-01,-1.494689565151929855e-02,2.472109533846378326e-02,3.461542427539825439e-01,5.813294649124145508e-01,-1.232625469565391541e-01,-1.170173808932304382e-01,-3.886880576610565186e-01,-4.146058261394500732e-01,-8.255252987146377563e-02,-5.389894843101501465e-01,-4.666963592171669006e-03,-2.950862646102905273e-01,2.242271788418292999e-02,-3.015209734439849854e-01,-8.373251557350158691e-02,-1.948462873697280884e-01,-8.142533898353576660e-02,-8.951291441917419434e-03,-1.161587387323379517e-01,-6.956966966390609741e-02,3.526895865797996521e-02,-2.440311573445796967e-02,-1.076345220208168030e-01,-9.797560423612594604e-02,-1.674274653196334839e-01,-1.821617223322391510e-02,-4.245309159159660339e-02,-2.787024378776550293e-01,-1.067541241645812988e-01,-1.505563259124755859e-01,-5.523886531591415405e-03,-1.040116325020790100e-02,-4.040994122624397278e-02,3.305635647848248482e-03,-2.277266979217529297e-02,-8.538076281547546387e-02,-1.372025758028030396e-01,-9.947080910205841064e-02,-6.934422999620437622e-02,-6.050838530063629150e-02,-9.503513574600219727e-02,-6.289023905992507935e-02,2.767084538936614990e-02,1.821341514587402344e-01,3.237771335989236832e-03,-9.709097445011138916e-02,1.007645800709724426e-01,-2.458350509405136108e-01,1.881201192736625671e-02,1.536920070648193359e-01,-2.159471623599529266e-02,-6.731587648391723633e-02,-1.733690649271011353e-01,-1.801695525646209717e-01,7.320724893361330032e-03,-1.100813224911689758e-02,-1.688518226146697998e-01,-2.976338863372802734e-01,4.534939769655466080e-03,1.400752272456884384e-02,6.397653836756944656e-03,-3.403778374195098877e-01,-4.362903907895088196e-02,-1.692406982183456421e-01,-8.139932900667190552e-02,-8.895090967416763306e-02,-2.043780311942100525e-02,-5.931631848216056824e-02,-8.953763544559478760e-02,-1.809007972478866577e-01,-5.412945151329040527e-02,-1.418967396020889282e-01,-1.275299936532974243e-01,-3.437230736017227173e-02,-1.966281831264495850e-01,-2.121001034975051880e-01,-1.944733411073684692e-01,-1.885957717895507812e-01,-6.035835668444633484e-02,-9.308616071939468384e-02,9.260798245668411255e-02,-2.015544921159744263e-01,-1.017710193991661072e-01,-1.292532682418823242e-01,-6.664641946554183960e-02,-1.407384276390075684e-01,-6.921780109405517578e-02,6.459371000528335571e-02
3.715375959873199463e-01,2.397168576717376709e-01,4.485470056533813477e-01,2.412528246641159058e-01,2.079275846481323242e-01,-3.410348296165466309e-02,5.391436219215393066e-01,3.299399912357330322e-01,2.728673815727233887e-01,-3.121821582317352295e-02,1.000000000000000000e+00,6.136543750762939453e-01,8.368206620216369629e-01,4.915016591548919678e-01,4.053701460361480713e-01,4.703317210078239441e-02,6.404398679733276367e-01,4.509640932083129883e-01,-7.112854719161987305e-02,-5.114383250474929810e-02,1.993747800588607788e-02,8.183640986680984497e-02,4.985667765140533447e-01,3.645793795585632324e-01,1.226664483547210693e-01,9.888627380132675171e-02,-3.306269645690917969e-02,-1.122987940907478333e-01,5.216895341873168945e-01,3.452040255069732666e-01,5.595793724060058594e-01,4.847322702407836914e-01,5.241093635559082031e-01,5.329470634460449219e-01,4.203405082225799561e-01,2.402633875608444214e-01,1.992466449737548828e-01,1.988388150930404663e-01,7.430477999150753021e-03,7.167647778987884521e-02,6.942139565944671631e-02,1.347848325967788696e-01,1.999585926532745361e-01,2.238419651985168457e-01,4.957841038703918457e-01,3.404800593852996826e-01,8.596461266279220581e-02,4.007547348737716675e-02,3.573399782180786133e-01,4.171511530876159668e-01,4.293578863143920898e-01,4.525645375251770020e-01,2.359684184193611145e-02,6.092909723520278931e-02,7.099866122007369995e-02,9.318342432379722595e-03,3.381517231464385986e-01,1.902810186147689819e-01,6.744437664747238159e-02,3.343303129076957703e-02,4.358129501342773438e-01,1.835684329271316528e-01,5.784459710121154785e-01,4.218894839286804199e-01,4.936714768409729004e-01,2.311721444129943848e-01,2.322666198015213013e-01,1.565075665712356567e-01,-1.686128079891204834e-01,-1.469982117414474487e-01,4.198465645313262939e-01,4.637219011783599854e-01,4.341673851013183594e-01,4.577158093452453613e-01,2.499507814645767212e-01,2.580552399158477783e-01,3.171720206737518311e-01,2.337212860584259033e-01,2.397238463163375854e-01,2.298774123191833496e-01,4.445620477199554443e-01,4.433984160423278809e-01,-1.212035771459341049e-02,-4.834856465458869934e-02,3.528575897216796875e-01,2.194868028163909912e-01,2.654801309108734131e-02,3.708181157708168030e-02,-1.325275897979736328e-01,-1.480088680982589722e-01,-1.227840855717658997e-01,-2.174393981695175171e-01,-2.734803557395935059e-01,-2.260647416114807129e-01,-1.711283177137374878e-01,-1.793666779994964600e-01,-1.119150966405868530e-01,-1.250535845756530762e-01,-1.083055660128593445e-01,-7.628396153450012207e-02,-3.106594085693359375e-01,-1.905565559864044189e-01,-2.088944911956787109e-01,-1.800791472196578979e-01,-1.947117894887924194e-01,-2.905913889408111572e-01,-1.988632529973983765e-01,-1.777556091547012329e-01,-9.369494765996932983e-02,-1.105980575084686279e-01,-1.568373851478099823e-02,-9.152054041624069214e-02,-8.626959472894668579e-02,-2.294807732105255127e-01,-2.478130757808685303e-01,-1.796663254499435425e-01
3.518909513950347900e-01,4.037023186683654785e-01,4.127011895179748535e-01,4.148261249065399170e-01,2.108769863843917847e-01,5.320575833320617676e-02,4.877125024795532227e-01,4.959216117858886719e-01,2.005577087402343750e-01,6.158206984400749207e-02,6.136543750762939453e-01,1.000000000000000000e+00,6.476344466209411621e-01,6.216365694999694824e-01,2.823020219802856445e-01,1.500117778778076172e-01,4.224960505962371826e-01,5.961908102035522461e-01,8.648354560136795044e-02,1.834529638290405273e-01,1.395040601491928101e-01,1.464646011590957642e-01,5.363557338714599609e-01,4.813250303268432617e-01,1.006041616201400757e-01,1.592562347650527954e-01,2.872003801167011261e-02,-8.832975872792303562e-04,4.056708812713623047e-01,4.864627718925476074e-01,5.342434644699096680e-01,4.968555271625518799e-01,4.194783568382263184e-01,4.736543893814086914e-01,2.601508498191833496e-01,1.462565958499908447e-01,7.664109021425247192e-02,1.389345526695251465e-01,-2.872322127223014832e-02,2.259763889014720917e-02,1.338196098804473877e-01,2.025413215160369873e-01,3.947686776518821716e-02,1.000010147690773010e-01,3.333342671394348145e-01,3.251899778842926025e-01,1.659326720982789993e-03,-1.695128157734870911e-02,2.734658122062683105e-01,3.271920680999755859e-01,2.780080735683441162e-01,3.729406893253326416e-01,-3.158953040838241577e-02,1.416045473888516426e-03,5.123588442802429199e-02,-3.782495483756065369e-02,3.474892973899841309e-01,3.350656032562255859e-01,2.523280680179595947e-01,2.451319396495819092e-01,4.173215925693511963e-01,4.287327229976654053e-01,5.135018229484558105e-01,6.332958936691284180e-01,4.247932732105255127e-01,3.247619569301605225e-01,2.617478668689727783e-01,2.614333927631378174e-01,4.215290024876594543e-02,-4.475278034806251526e-02,2.745260894298553467e-01,3.956033885478973389e-01,3.281841874122619629e-01,4.302909970283508301e-01,1.038637980818748474e-01,1.741002947092056274e-01,2.492881864309310913e-01,2.795250415802001953e-01,2.481070607900619507e-01,3.229043483734130859e-01,2.703363895416259766e-01,3.880208134651184082e-01,-2.503656083717942238e-03,-1.779875531792640686e-02,2.285650372505187988e-01,2.933065891265869141e-01,5.038065090775489807e-02,1.567382067441940308e-01,-7.274473458528518677e-02,-3.733807057142257690e-02,-9.442993998527526855e-02,-1.560677587985992432e-01,-8.953527361154556274e-02,-1.260412037372589111e-01,-1.696129590272903442e-01,-1.436553597450256348e-01,-1.144886910915374756e-01,-1.507394611835479736e-01,-8.987507224082946777e-02,-1.145888864994049072e-01,-7.653327286243438721e-02,-1.086881086230278015e-01,-1.630179211497306824e-02,-8.933845162391662598e-02,-2.043904811143875122e-01,-2.781247794628143311e-01,-1.747272461652755737e-01,-3.100882172584533691e-01,1.120828464627265930e-01,-1.553892195224761963e-01,-1.858614236116409302e-01,-1.139092370867729187e-01,-1.476223766803741455e-01,-1.608639508485794067e-01,-2.051720172166824341e-01,-1.147960722446441650e-01
3.329726159572601318e-01,2.153417915105819702e-01,4.814559221267700195e-01,3.178960084915161133e-01,2.111678719520568848e-01,-5.418397951871156693e-03,6.014415025711059570e-01,4.057831168174743652e-01,2.515879869461059570e-01,2.759595960378646851e-02,8.368206620216369629e-01,6.476344466209411621e-01,1.000000000000000000e+00,5.760703086853027344e-01,3.991690874099731445e-01,9.042362868785858154e-02,5.999140739440917969e-01,5.036036372184753418e-01,-7.120398432016372681e-02,-6.316626816987991333e-02,6.775985658168792725e-02,1.116274520754814148e-01,5.623359680175781250e-01,4.667231142520904541e-01,2.368080317974090576e-01,2.027963101863861084e-01,-3.549991548061370850e-02,-7.759548723697662354e-02,5.377853512763977051e-01,3.915164768695831299e-01,6.489287614822387695e-01,5.528646111488342285e-01,4.361964762210845947e-01,4.793165624141693115e-01,4.062875211238861084e-01,2.461474835872650146e-01,2.084682434797286987e-01,1.962759792804718018e-01,-2.121720276772975922e-02,7.552491873502731323e-02,1.344406157732009888e-01,1.789633780717849731e-01,1.613486111164093018e-01,1.836744993925094604e-01,4.650886952877044678e-01,3.238229155540466309e-01,2.611862868070602417e-02,-1.325537357479333878e-02,3.300904333591461182e-01,3.659768700599670410e-01,4.162241816520690918e-01,4.407779872417449951e-01,-1.068026758730411530e-02,1.421439275145530701e-02,5.811587721109390259e-02,-2.892191521823406219e-02,3.141428530216217041e-01,1.523145437240600586e-01,5.889996513724327087e-02,1.402190513908863068e-02,3.863330185413360596e-01,1.807145327329635620e-01,5.754554271697998047e-01,4.351090788841247559e-01,4.833396375179290771e-01,2.467504441738128662e-01,2.274954020977020264e-01,1.625668853521347046e-01,-2.068353891372680664e-01,-1.335849314928054810e-01,4.076817035675048828e-01,4.974546134471893311e-01,4.704049527645111084e-01,5.262712836265563965e-01,2.795901000499725342e-01,2.879709303379058838e-01,4.003173708915710449e-01,3.373580574989318848e-01,2.983948886394500732e-01,2.844842970371246338e-01,4.465477466583251953e-01,4.406648874282836914e-01,4.607410356402397156e-02,1.227207295596599579e-02,3.951953053474426270e-01,2.114101499319076538e-01,7.595978677272796631e-02,9.636121988296508789e-02,-1.434604674577713013e-01,-1.985638290643692017e-01,-1.534464508295059204e-01,-2.281894534826278687e-01,-2.471914142370223999e-01,-2.254384011030197144e-01,-2.126636952161788940e-01,-2.024033069610595703e-01,-1.493844985961914062e-01,-1.669703274965286255e-01,-9.790971130132675171e-02,-8.700621873140335083e-02,-2.379757910966873169e-01,-1.754076033830642700e-01,-1.653281748294830322e-01,-1.566673964262008667e-01,-2.434208989143371582e-01,-3.382613360881805420e-01,-1.869106888771057129e-01,-1.778090298175811768e-01,-6.208964064717292786e-02,-1.683050543069839478e-01,-6.158452481031417847e-02,-9.879235178232192993e-02,-1.128428429365158081e-01,-2.101526111364364624e-01,-2.587899267673492432e-01,-1.781108528375625610e-01
