1.000000000000000000e+00,4.979713559150695801e-01,-2.429080158472061157e-01,3.111843168735504150e-01,-2.168793529272079468e-01,-2.572139799594879150e-01,-2.091099321842193604e-01,3.657814860343933105e-01,-2.867310643196105957e-01,-2.057050168514251709e-01,2.194566279649734497e-01,2.441639900207519531e-01,-2.159635722637176514e-01,1.275286525487899780e-01,-1.979769170284271240e-01,-1.276393830776214600e-01,3.114492595195770264e-01,1.838100105524063110e-01,1.179797351360321045e-01,9.121021628379821777e-02,1.573983281850814819e-01,8.584433048963546753e-02,-1.811124533414840698e-01,-2.422287128865718842e-02,-8.058816194534301758e-02,5.719701945781707764e-02,-8.156824856996536255e-02,-4.523208364844322205e-02,9.757409989833831787e-02,1.790242344141006470e-01,1.261748746037483215e-02,1.157387271523475647e-01,1.507356911897659302e-01,1.900421231985092163e-01,2.151928544044494629e-01,1.520090848207473755e-01,2.044543437659740448e-02,-9.702613204717636108e-02,1.966436766088008881e-02,-1.128525361418724060e-01,8.430075645446777344e-02,2.627547457814216614e-02,5.783056840300559998e-02,9.961571544408798218e-02,-1.883901469409465790e-02,7.428517937660217285e-02,-1.154588013887405396e-01,-7.563552260398864746e-02,-6.610661000013351440e-02,-2.692064829170703888e-02,-1.025783419609069824e-01,-1.565844267606735229e-01,-1.261762678623199463e-01,-2.273781597614288330e-01,1.716642677783966064e-01,-8.786729723215103149e-02,5.320410132408142090e-01,3.760689198970794678e-01,2.380618900060653687e-01,2.861204445362091064e-01,4.040652215480804443e-01,4.883700981736183167e-02,-5.257715936750173569e-03,3.316731750965118408e-02,1.540920436382293701e-01,7.322388887405395508e-02,2.504466772079467773e-01,1.994953602552413940e-01,1.356804370880126953e-01,1.585323810577392578e-01,1.322486400604248047e-01,1.086855083703994751e-01,6.121922656893730164e-02,1.253961622714996338e-01,2.477732859551906586e-02,7.366812229156494141e-02,2.407177090644836426e-01,1.262051165103912354e-01,1.664598882198333740e-01,1.342564672231674194e-01,1.683582961559295654e-01,7.325982302427291870e-02,-7.304546982049942017e-02,-1.145509034395217896e-01,-1.955169811844825745e-02,-9.364478290081024170e-02,2.300113886594772339e-01,1.338026486337184906e-02,2.683909982442855835e-02,-7.609274983406066895e-02,-8.236723393201828003e-02,-7.247331738471984863e-02,4.079211503267288208e-02,5.802893638610839844e-02,1.656818538904190063e-01,-8.911833912134170532e-02,2.252947241067886353e-01,1.402821838855743408e-01,-1.217619329690933228e-01,-3.670608997344970703e-02,5.148565396666526794e-02,2.522503491491079330e-03,1.304246038198471069e-01,8.807863295078277588e-02,1.200826913118362427e-01,1.313350051641464233e-01,1.903185546398162842e-01,1.456930935382843018e-01,4.060987383127212524e-02,3.673556074500083923e-02,2.079558968544006348e-01,-4.606625065207481384e-02,-9.880601614713668823e-02,-1.985895633697509766e-02,-4.462138563394546509e-02,8.506882190704345703e-02
4.979713559150695801e-01,1.000000000000000000e+00,-5.858388170599937439e-02,3.166345357894897461e-01,-2.824676632881164551e-01,-1.300368160009384155e-01,2.860056981444358826e-02,5.363597869873046875e-01,-3.304271996021270752e-01,-8.893245458602905273e-02,1.319535374641418457e-01,4.849559366703033447e-01,-5.183251108974218369e-03,3.078907132148742676e-01,-2.720341682434082031e-01,-8.404406905174255371e-02,3.360652625560760498e-01,3.204495608806610107e-01,2.522091865539550781e-01,2.290396541357040405e-01,2.043900191783905029e-01,1.785915642976760864e-01,-1.236565932631492615e-01,1.610638806596398354e-03,-9.865758568048477173e-02,7.675765454769134521e-02,-6.300831586122512817e-02,1.243124902248382568e-01,1.986631304025650024e-01,2.260272204875946045e-01,1.338131725788116455e-01,2.309063971042633057e-01,1.848210394382476807e-01,2.631141245365142822e-01,1.904632449150085449e-01,1.271868497133255005e-01,1.254830509424209595e-01,-6.800437811762094498e-03,6.146778538823127747e-02,-3.926717862486839294e-02,-2.529492415487766266e-02,1.489570587873458862e-01,1.502360850572586060e-01,9.369264543056488037e-02,4.326295852661132812e-02,1.293053179979324341e-01,-1.672117598354816437e-02,-3.801862895488739014e-02,2.440199442207813263e-02,2.248667366802692413e-02,-5.884972214698791504e-02,-1.638824790716171265e-01,-1.408660560846328735e-01,-1.636276245117187500e-01,7.796288467943668365e-03,-5.833892524242401123e-02,3.468441367149353027e-01,5.618206858634948730e-01,1.558312624692916870e-01,2.275246977806091309e-01,2.621960639953613281e-01,-2.269285731017589569e-02,-1.122758090496063232e-01,1.168060675263404846e-01,5.666297394782304764e-03,5.036054551601409912e-02,2.564209997653961182e-01,1.633675098419189453e-01,2.104988843202590942e-01,1.727801859378814697e-01,2.509232461452484131e-01,1.843303442001342773e-01,1.921283900737762451e-01,2.936545908451080322e-01,1.415514349937438965e-01,2.063837945461273193e-01,1.898311078548431396e-01,2.047023624181747437e-01,2.970976531505584717e-01,2.925802469253540039e-01,1.432726234197616577e-01,2.855252027511596680e-01,-2.732259035110473633e-01,-4.510767757892608643e-02,-8.986924774944782257e-03,9.759449958801269531e-02,-3.105835244059562683e-02,2.725994214415550232e-02,-2.717942232266068459e-03,2.254068851470947266e-02,-2.154427319765090942e-01,-1.893716007471084595e-01,-1.178545281291007996e-01,-4.432637244462966919e-02,7.421388477087020874e-02,-1.366443037986755371e-01,2.099864333868026733e-01,1.598677784204483032e-01,-1.926000565290451050e-01,-1.486428380012512207e-01,8.520528674125671387e-02,-4.811922833323478699e-02,1.951593160629272461e-01,1.031490042805671692e-01,1.788408756256103516e-01,1.530384421348571777e-01,2.045938521623611450e-01,1.186325773596763611e-01,-8.464070409536361694e-02,-7.997238636016845703e-02,8.413765579462051392e-02,-7.107172906398773193e-02,-1.642878502607345581e-01,-1.203170344233512878e-01,-1.286475658416748047e-01,-1.274156477302312851e-02
-2.429080158472061157e-01,-5.858388170599937439e-02,1.000000000000000000e+00,2.459751814603805542e-01,2.011059820652008057e-01,1.681248657405376434e-02,7.472561597824096680e-01,-4.651735071092844009e-03,2.142595201730728149e-01,9.442945569753646851e-02,1.876642704010009766e-01,-1.691940128803253174e-01,6.760852336883544922e-01,-1.298920214176177979e-01,3.244270384311676025e-01,1.444190740585327148e-02,-1.658962965011596680e-01,-1.114174872636795044e-01,-1.352415382862091064e-01,-1.782913506031036377e-01,7.707898318767547607e-02,1.183711923658847809e-02,6.353462934494018555e-01,4.873026907444000244e-01,1.263972222805023193e-01,4.168629180639982224e-03,1.516497284173965454e-01,8.062940090894699097e-03,2.504372298717498779e-01,-1.312773525714874268e-01,4.916157424449920654e-01,4.372209012508392334e-01,-4.103568382561206818e-03,3.550786897540092468e-02,-1.666710972785949707e-01,-1.951868832111358643e-01,1.884257644414901733e-01,-3.691836446523666382e-02,2.198086678981781006e-02,-5.183060094714164734e-02,-4.493867605924606323e-02,-1.231387704610824585e-01,-1.008664518594741821e-01,-1.597127020359039307e-01,-1.375986784696578979e-01,-8.766967803239822388e-02,9.631664492189884186e-03,-8.233744651079177856e-02,3.351143375039100647e-02,8.053827285766601562e-02,1.598506569862365723e-01,1.597027629613876343e-01,8.046456426382064819e-02,8.593365550041198730e-03,-7.202883809804916382e-02,-1.995545327663421631e-01,-2.357067316770553589e-01,-1.693152338266372681e-01,-1.216822937130928040e-01,4.113022983074188232e-02,-4.492921009659767151e-02,-5.393058806657791138e-02,2.163735032081604004e-01,-7.510704547166824341e-02,1.392625272274017334e-01,9.221424907445907593e-02,-8.944097161293029785e-02,-4.956700652837753296e-02,-1.515777409076690674e-01,-1.249355226755142212e-01,1.486952602863311768e-01,6.178459152579307556e-02,-3.501169150695204735e-03,-1.051701232790946960e-01,-1.402311143465340137e-03,-4.635675624012947083e-02,-1.320544332265853882e-01,-8.138258010149002075e-02,8.875697851181030273e-02,-5.208836868405342102e-02,7.214608043432235718e-02,-1.797804385423660278e-01,1.807325631380081177e-01,-1.240273416042327881e-01,1.897791326045989990e-01,-1.330418884754180908e-01,5.993082746863365173e-02,-1.096301153302192688e-01,8.661948889493942261e-02,-2.023916691541671753e-01,-8.657967671751976013e-03,-1.443485915660858154e-01,5.248331930488348007e-03,-3.809691965579986572e-02,-1.148810461163520813e-01,2.782937884330749512e-02,-2.278823107481002808e-01,-2.211411446332931519e-01,-6.608131527900695801e-02,-1.989051848649978638e-01,1.476706415414810181e-01,-2.571357600390911102e-02,8.331152051687240601e-02,-1.444568391889333725e-02,-6.986279785633087158e-02,-7.850730419158935547e-02,-1.195414662361145020e-01,-1.496684551239013672e-01,-1.498692035675048828e-01,1.194376591593027115e-02,-2.481844127178192139e-01,3.145939484238624573e-02,-1.299470430240035057e-03,7.643104344606399536e-02,4.189624264836311340e-02,-9.921960532665252686e-02
3.111843168735504150e-01,3.166345357894897461e-01,2.459751814603805542e-01,1.000000000000000000e+00,-2.038812339305877686e-01,1.182286441326141357e-02,2.371294349431991577e-01,5.669727921485900879e-01,-2.800742685794830322e-01,-1.714498363435268402e-02,1.831351071596145630e-01,2.098394185304641724e-01,1.656389385461807251e-01,2.141464948654174805e-01,-1.369987428188323975e-01,-1.111371368169784546e-01,8.062954246997833252e-02,1.590642184019088745e-01,-5.394224543124437332e-03,-2.278346195816993713e-02,6.638467777520418167e-03,-2.822806127369403839e-02,1.890775859355926514e-01,3.795092105865478516e-01,-1.922774910926818848e-01,8.736651390790939331e-03,-1.151552274823188782e-01,2.248896472156047821e-02,7.474502921104431152e-02,6.111463159322738647e-02,1.799132078886032104e-01,4.009001553058624268e-01,-4.156237840652465820e-02,8.172893524169921875e-02,1.999961584806442261e-02,4.994154442101716995e-03,-6.104062125086784363e-02,-6.803192943334579468e-02,-4.572904855012893677e-02,3.777219913899898529e-03,6.358540058135986328e-02,-4.993088543415069580e-02,-9.129865467548370361e-02,-1.163669601082801819e-01,-3.622468188405036926e-02,1.332799531519412994e-02,-2.066826969385147095e-01,-1.112472563982009888e-01,-4.121246561408042908e-02,2.111554145812988281e-02,2.473057480528950691e-03,-9.247567504644393921e-02,-1.177576258778572083e-01,-1.589599624276161194e-02,-1.444816887378692627e-01,-6.050508096814155579e-02,1.621166318655014038e-01,1.967415362596511841e-01,1.949578523635864258e-01,6.695795804262161255e-02,2.782407104969024658e-01,-3.284462541341781616e-02,1.558870971202850342e-01,2.817008197307586670e-01,2.349762767553329468e-01,2.284603416919708252e-01,3.341250866651535034e-02,2.853480353951454163e-02,-1.462630331516265869e-01,-8.302176371216773987e-03,1.659391969442367554e-01,1.569723039865493774e-01,-5.933812260627746582e-02,9.874467505142092705e-04,-9.680344909429550171e-02,-6.126621738076210022e-02,2.504146099090576172e-02,3.421575948596000671e-02,3.173683956265449524e-02,1.456144601106643677e-01,7.139667868614196777e-02,-2.166889980435371399e-02,-7.482128590345382690e-02,5.943122506141662598e-02,-5.153568461537361145e-02,-1.108715310692787170e-01,1.179834306240081787e-01,1.297100782394409180e-01,-1.794436722993850708e-01,-1.662040501832962036e-01,-2.252637445926666260e-01,-6.339812278747558594e-02,-1.283681541681289673e-01,-1.283928472548723221e-02,-2.175934761762619019e-01,-2.193447798490524292e-01,-2.384753525257110596e-01,-1.931442469358444214e-01,-3.001875579357147217e-01,-1.961354613304138184e-01,-3.553463518619537354e-02,3.416803851723670959e-02,2.079583890736103058e-02,2.392911724746227264e-02,-7.338803261518478394e-02,6.315208971500396729e-02,-1.028650477528572083e-01,4.240999370813369751e-02,-1.447881162166595459e-01,-8.350953459739685059e-02,-8.441790193319320679e-02,-1.126812398433685303e-01,-2.056389003992080688e-01,-1.189607009291648865e-01,-4.255305603146553040e-02,1.028293557465076447e-02
-2.168793529272079468e-01,-2.824676632881164551e-01,2.011059820652008057e-01,-2.038812339305877686e-01,1.000000000000000000e+00,3.598978221416473389e-01,2.161740325391292572e-02,-3.360076546669006348e-01,7.567304372787475586e-01,3.794792592525482178e-01,9.737346321344375610e-02,-2.846663594245910645e-01,1.045989468693733215e-01,-1.237586811184883118e-01,5.668321847915649414e-01,3.771378099918365479e-01,-4.919267259538173676e-03,-5.717071145772933960e-02,-9.143383055925369263e-02,-1.264638751745223999e-01,-6.055476889014244080e-02,-8.907996118068695068e-02,2.795636355876922607e-01,1.593527048826217651e-01,5.922312140464782715e-01,1.830022782087326050e-01,4.048217833042144775e-01,5.858883634209632874e-02,-1.072979345917701721e-02,-1.313997656106948853e-01,1.699930876493453979e-01,-2.751430124044418335e-02,-1.313690245151519775e-01,-2.201603949069976807e-01,-3.466198444366455078e-01,-2.064129114151000977e-01,5.212437361478805542e-02,7.075000554323196411e-02,-6.342876702547073364e-02,3.920037671923637390e-02,6.533637642860412598e-02,-9.310992062091827393e-02,-2.434976547956466675e-01,-2.030942291021347046e-01,-2.035326361656188965e-01,-3.360342979431152344e-01,1.123913936316967010e-02,-7.452167570590972900e-02,8.500552177429199219e-02,-1.659575104713439941e-01,-6.833199411630630493e-02,3.649339452385902405e-02,2.772938087582588196e-02,3.451829031109809875e-02,2.350906655192375183e-02,-7.721321284770965576e-02,5.855218321084976196e-02,-2.246873080730438232e-01,-3.840540051460266113e-01,-8.420872688293457031e-02,-1.679438054561614990e-01,-1.462023612111806870e-02,2.503759860992431641e-01,-1.436288654804229736e-01,-2.180106341838836670e-01,-1.013231873512268066e-01,-2.317528575658798218e-01,-1.467834711074829102e-01,7.121383212506771088e-03,-7.686436176300048828e-02,-2.151415050029754639e-01,-1.716672033071517944e-01,-8.604544401168823242e-02,-1.989545822143554688e-01,-3.956734016537666321e-02,-1.566044539213180542e-01,-1.501013189554214478e-01,-1.898502558469772339e-01,-1.116602048277854919e-01,-7.844717800617218018e-02,1.371903568506240845e-01,-1.035551801323890686e-01,4.435935020446777344e-01,-5.982883274555206299e-03,1.495285779237747192e-01,3.627071902155876160e-02,7.510501891374588013e-02,-1.972128897905349731e-01,2.212368994951248169e-01,-1.668784953653812408e-02,1.149292439222335815e-01,-9.880769252777099609e-02,-4.181007295846939087e-02,-1.872478127479553223e-01,1.008362043648958206e-02,2.006597816944122314e-01,-6.252245977520942688e-03,-7.677938044071197510e-02,6.056167930364608765e-02,-6.131644826382398605e-03,-4.033464565873146057e-02,-1.848090142011642456e-01,-1.225323677062988281e-01,-9.080291539430618286e-02,-1.219217330217361450e-01,-1.999356597661972046e-01,-4.325060546398162842e-02,-1.567841023206710815e-01,1.202340722084045410e-01,1.198076531291007996e-01,-6.023871526122093201e-02,-1.883810572326183319e-02,3.855302929878234863e-02,1.126396059989929199e-01,2.077348902821540833e-02,-6.587619334459304810e-02
-2.572139799594879150e-01,-1.300368160009384155e-01,1.681248657405376434e-02,1.182286441326141357e-02,3.598978221416473389e-01,1.000000000000000000e+00,-3.144590184092521667e-02,7.673233747482299805e-02,2.958461046218872070e-01,5.590255260467529297e-01,-1.844751685857772827e-01,-5.582018941640853882e-02,-3.653650358319282532e-02,2.078638821840286255e-01,1.472003906965255737e-01,3.928038179874420166e-01,-1.063213348388671875e-01,-4.703281819820404053e-02,-3.132991865277290344e-02,-3.713931888341903687e-02,-6.968136876821517944e-02,6.213105842471122742e-02,1.930275582708418369e-03,5.434092599898576736e-03,2.406951338052749634e-01,3.129885196685791016e-01,1.424131244421005249e-01,3.360081315040588379e-01,-1.805213391780853271e-01,-4.601654782891273499e-02,-5.819924920797348022e-02,-7.784990221261978149e-02,-7.519081979990005493e-02,-1.139823198318481445e-01,-2.334795296192169189e-01,-8.311180770397186279e-02,-5.834993440657854080e-03,-4.170112311840057373e-03,-8.340781927108764648e-02,1.292189061641693115e-01,-8.974748197942972183e-04,2.220065332949161530e-02,-2.484994381666183472e-01,-2.126644104719161987e-01,-8.866914361715316772e-02,-2.361216247081756592e-01,-1.379525363445281982e-01,1.476039178669452667e-02,1.899560242891311646e-01,-1.232481077313423157e-01,-7.145665585994720459e-02,-5.900451540946960449e-02,-7.584324479103088379e-02,3.198590874671936035e-01,-8.426307141780853271e-02,2.584914267063140869e-01,-3.119211457669734955e-02,-2.750987373292446136e-02,-1.166901439428329468e-01,-2.448503375053405762e-01,-7.721986621618270874e-02,-7.985649257898330688e-02,1.188004910945892334e-01,2.943270504474639893e-01,-1.696636676788330078e-01,5.000634491443634033e-02,-1.662202924489974976e-01,-1.854370683431625366e-01,-7.608886063098907471e-02,-1.321710795164108276e-01,-1.510620415210723877e-01,1.554729323834180832e-02,-1.508473455905914307e-01,-1.350354701280593872e-01,-1.653663665056228638e-01,-1.186106130480766296e-01,-2.618125975131988525e-01,-2.009697705507278442e-01,-1.780265420675277710e-01,-1.175208836793899536e-01,-2.268447913229465485e-02,-1.544026657938957214e-02,3.955272212624549866e-02,4.340247511863708496e-01,-1.613604575395584106e-01,1.321504712104797363e-01,-1.146433576941490173e-01,2.695527076721191406e-01,-1.731335371732711792e-01,1.663049459457397461e-01,-3.883835673332214355e-02,1.383029520511627197e-01,-1.583515256643295288e-01,-8.790690451860427856e-02,-1.452329605817794800e-01,4.932337254285812378e-02,-1.727303713560104370e-01,2.936832793056964874e-02,-7.884850353002548218e-02,8.026602864265441895e-02,-2.137562036514282227e-01,-8.900900930166244507e-02,-2.527633905410766602e-01,-1.240679845213890076e-01,-1.588273644447326660e-01,-6.845703721046447754e-02,-4.250280559062957764e-02,3.287284402176737785e-03,1.735662370920181274e-01,1.301869899034500122e-01,-3.033985197544097900e-02,2.707217354327440262e-03,-9.389673918485641479e-02,-1.082796156406402588e-01,-1.119493171572685242e-01,-5.072792991995811462e-02
-2.091099321842193604e-01,2.860056981444358826e-02,7.472561597824096680e-01,2.371294349431991577e-01,2.161740325391292572e-02,-3.144590184092521667e-02,1.000000000000000000e+00,1.084565371274948120e-01,7.046627253293991089e-02,-2.652656286954879761e-02,2.123811095952987671e-01,-4.916422814130783081e-02,7.753319144248962402e-01,-6.961728632450103760e-02,2.574586272239685059e-01,-9.026560932397842407e-02,-1.381053328514099121e-01,-7.574069499969482422e-02,3.697321191430091858e-02,1.762382872402667999e-02,1.646915376186370850e-01,1.108189374208450317e-01,4.277247786521911621e-01,3.031425476074218750e-01,-5.426915362477302551e-03,-3.457363322377204895e-02,1.436336040496826172e-01,9.201790392398834229e-02,3.354141116142272949e-01,-5.808515474200248718e-02,4.911410510540008545e-01,4.601813852787017822e-01,4.640328139066696167e-02,1.031784489750862122e-01,-1.299631744623184204e-01,-1.936430782079696655e-01,2.069144695997238159e-01,-5.289406329393386841e-02,7.603958994150161743e-02,-3.751747310161590576e-02,-6.951718777418136597e-02,1.025660708546638489e-02,-1.299743633717298508e-02,-9.249462932348251343e-02,-1.420996934175491333e-01,-2.221383154392242432e-02,-3.406358882784843445e-02,-1.078326255083084106e-01,-7.402672618627548218e-02,5.928609520196914673e-02,1.108370646834373474e-01,8.943988382816314697e-02,1.807298325002193451e-02,-4.566437378525733948e-02,-8.063976466655731201e-02,-1.671162992715835571e-01,-2.306088209152221680e-01,-2.142797969281673431e-02,-5.021673068404197693e-02,7.087659835815429688e-02,-7.358215004205703735e-02,2.803879976272583008e-02,-3.044758178293704987e-02,-1.013484448194503784e-01,1.470066308975219727e-01,-9.722653776407241821e-03,-1.136113479733467102e-01,-7.548876851797103882e-02,-7.602433115243911743e-02,-5.285638943314552307e-02,3.058229088783264160e-01,1.351241767406463623e-01,1.256150305271148682e-01,4.708414152264595032e-02,9.204089641571044922e-02,9.230627119541168213e-02,-7.293324917554855347e-02,6.309534609317779541e-02,2.206510901451110840e-01,-3.242526203393936157e-03,1.119098378694616258e-04,-1.030882969498634338e-01,9.422665089368820190e-02,-1.171584278345108032e-01,1.157430857419967651e-01,-1.379519104957580566e-01,-2.875813748687505722e-03,-8.494333922863006592e-02,3.182772547006607056e-02,-1.782755106687545776e-01,-5.607994273304939270e-02,-1.274488568305969238e-01,1.495139766484498978e-02,-1.851413026452064514e-02,-6.397364288568496704e-02,-2.683448977768421173e-02,-1.653083264827728271e-01,-1.574439108371734619e-01,-1.168305575847625732e-01,-1.736460179090499878e-01,1.590173840522766113e-01,1.162928063422441483e-03,1.114694029092788696e-01,1.613885164260864258e-02,-5.030953511595726013e-02,-6.703375279903411865e-02,-7.532435655593872070e-02,-1.071696951985359192e-01,-1.163787096738815308e-01,-2.296007238328456879e-02,-2.269561141729354858e-01,-4.117932170629501343e-02,-7.755503803491592407e-02,-2.843432128429412842e-02,-5.617395043373107910e-02,-1.137380078434944153e-01
3.657814860343933105e-01,5.363597869873046875e-01,-4.651735071092844009e-03,5.669727921485900879e-01,-3.360076546669006348e-01,7.673233747482299805e-02,1.084565371274948120e-01,1.000000000000000000e+00,-3.787387013435363770e-01,-6.447856128215789795e-02,5.824534222483634949e-02,4.780878126621246338e-01,1.692355610430240631e-02,4.968685209751129150e-01,-3.354862630367279053e-01,-1.265405863523483276e-01,1.993408352136611938e-01,2.527586221694946289e-01,1.648603677749633789e-01,1.552661955356597900e-01,4.228315874934196472e-02,1.564744859933853149e-01,-1.680868119001388550e-02,1.744057387113571167e-01,-1.906692236661911011e-01,1.430913507938385010e-01,-1.159501299262046814e-01,2.298333197832107544e-01,4.856451880186796188e-03,1.194509789347648621e-01,9.150578826665878296e-02,2.966125011444091797e-01,6.598407030105590820e-02,1.695345640182495117e-01,1.576048135757446289e-02,-1.797286421060562134e-02,-9.441412240266799927e-02,-1.995611041784286499e-01,-1.243501380085945129e-01,-1.555048078298568726e-01,-1.517361700534820557e-01,3.113226033747196198e-02,-1.291260402649641037e-02,-2.226168662309646606e-02,2.650433778762817383e-02,7.758613675832748413e-02,-2.043896317481994629e-01,-9.307474642992019653e-02,2.762459591031074524e-02,1.529048103839159012e-02,-2.678810991346836090e-02,-1.527130156755447388e-01,-1.870642900466918945e-01,-5.444844136945903301e-04,-1.571550965309143066e-01,5.157120525836944580e-02,2.621235251426696777e-01,4.051679670810699463e-01,2.686409354209899902e-01,1.051348000764846802e-01,3.075460791587829590e-01,3.390964120626449585e-02,-4.532580450177192688e-02,3.856489062309265137e-01,1.083565205335617065e-01,1.192175671458244324e-01,1.208883076906204224e-01,8.944009244441986084e-02,-4.588650166988372803e-02,3.639925643801689148e-02,2.484889328479766846e-01,3.315452933311462402e-01,9.362167678773403168e-03,2.171237170696258545e-01,-4.179194942116737366e-02,7.475960254669189453e-02,2.174108289182186127e-02,9.061367809772491455e-02,1.341217756271362305e-01,1.303640902042388916e-01,1.358487904071807861e-01,2.639324665069580078e-01,-3.194269239902496338e-01,2.032058835029602051e-01,-1.329603493213653564e-01,8.027128875255584717e-02,-7.083289325237274170e-02,2.300815284252166748e-01,-2.256717979907989502e-01,5.567703023552894592e-02,-3.120123744010925293e-01,-4.172814264893531799e-02,-2.433898746967315674e-01,-1.944769173860549927e-02,-1.781437098979949951e-01,-2.784450650215148926e-01,-1.144040301442146301e-01,6.091828644275665283e-02,-3.355134427547454834e-01,-1.053735539317131042e-01,-1.236710548400878906e-01,1.613571192137897015e-03,-1.260248478502035141e-02,3.848792612552642822e-02,5.897890403866767883e-02,1.542784422636032104e-01,9.493663161993026733e-02,2.139785289764404297e-01,-1.032217890024185181e-01,-1.096494048833847046e-01,1.517456024885177612e-02,-1.121565401554107666e-01,-3.429937958717346191e-01,-2.874238789081573486e-01,-2.148218452930450439e-01,-2.086124382913112640e-02
-2.867310643196105957e-01,-3.304271996021270752e-01,2.142595201730728149e-01,-2.800742685794830322e-01,7.567304372787475586e-01,2.958461046218872070e-01,7.046627253293991089e-02,-3.787387013435363770e-01,1.000000000000000000e+00,3.931955695152282715e-01,9.753705561161041260e-02,-2.895665764808654785e-01,1.694684922695159912e-01,-1.421932131052017212e-01,6.306197643280029297e-01,4.033895730972290039e-01,-3.177706152200698853e-02,-9.329860657453536987e-02,-7.160372287034988403e-02,-9.327121078968048096e-02,7.182203698903322220e-04,-4.478048160672187805e-02,2.346486449241638184e-01,6.625891476869583130e-02,5.826084017753601074e-01,1.489317417144775391e-01,3.379625082015991211e-01,-5.933113861829042435e-03,9.047396481037139893e-03,-1.167285442352294922e-01,1.263828575611114502e-01,-8.238884806632995605e-02,-1.301364451646804810e-01,-2.312419712543487549e-01,-3.614258766174316406e-01,-2.368172556161880493e-01,5.463695526123046875e-02,7.584149390459060669e-02,-1.194920986890792847e-01,-6.677273660898208618e-02,2.428822405636310577e-02,-1.275573223829269409e-01,-2.189851254224777222e-01,-1.819722205400466919e-01,-1.766448467969894409e-01,-3.225612342357635498e-01,3.916803002357482910e-02,-8.658161759376525879e-02,8.326295018196105957e-02,-1.755469292402267456e-01,-5.850858613848686218e-02,4.494236037135124207e-02,3.535210853442549706e-03,-2.632730640470981598e-03,2.983596175909042358e-02,-8.705735951662063599e-02,-4.335440695285797119e-02,-2.849728465080261230e-01,-4.107296764850616455e-01,-1.436024010181427002e-01,-2.692939639091491699e-01,-4.207576066255569458e-02,2.178567945957183838e-01,-1.743040978908538818e-01,-2.395367920398712158e-01,-1.523425132036209106e-01,-2.566175460815429688e-01,-1.666032969951629639e-01,3.541786596179008484e-02,-6.051719561219215393e-02,-2.275587916374206543e-01,-2.082433700561523438e-01,-5.994928628206253052e-02,-1.809316873550415039e-01,-4.318285733461380005e-02,-1.753605306148529053e-01,-1.479825526475906372e-01,-1.671375036239624023e-01,-1.005131974816322327e-01,-1.105339974164962769e-01,1.106477528810501099e-01,-9.703147411346435547e-02,4.272804856300354004e-01,-5.529316142201423645e-02,1.557988226413726807e-01,2.800505235791206360e-02,4.958469420671463013e-02,-2.343740016222000122e-01,2.152141779661178589e-01,-7.047241088002920151e-04,1.092723160982131958e-01,-1.028717532753944397e-01,2.430555038154125214e-02,-1.252737045288085938e-01,1.216933038085699081e-02,1.766079068183898926e-01,-1.962727122008800507e-02,-8.045432716608047485e-02,9.844611585140228271e-02,-9.618405601941049099e-04,6.020646542310714722e-02,-1.252942979335784912e-01,-8.167400211095809937e-02,-7.535331696271896362e-02,-1.272965073585510254e-01,-1.695521324872970581e-01,-2.197511307895183563e-02,-1.360627859830856323e-01,5.076763406395912170e-02,8.263657242059707642e-02,-1.066995859146118164e-01,-1.436755806207656860e-02,5.877197161316871643e-02,1.623044013977050781e-01,6.182102113962173462e-02,-1.156751662492752075e-01
-2.057050168514251709e-01,-8.893245458602905273e-02,9.442945569753646851e-02,-1.714498363435268402e-02,3.794792592525482178e-01,5.590255260467529297e-01,-2.652656286954879761e-02,-6.447856128215789795e-02,3.931955695152282715e-01,1.000000000000000000e+00,-6.801899522542953491e-02,-5.679345503449440002e-02,-7.055168505758047104e-03,2.710804902017116547e-02,2.274515777826309204e-01,5.702533721923828125e-01,-8.585447072982788086e-02,-3.249558061361312866e-02,-1.417451202869415283e-01,-1.591961085796356201e-01,1.259110774844884872e-02,9.766119718551635742e-02,9.311719983816146851e-02,6.306793540716171265e-02,3.719676434993743896e-01,2.093751430511474609e-01,2.253202348947525024e-01,1.639667749404907227e-01,-4.895524680614471436e-02,2.989306859672069550e-02,1.671177800744771957e-03,-3.181591629981994629e-02,-1.023434922099113464e-01,-1.414261907339096069e-01,-1.803505718708038330e-01,-9.716708958148956299e-02,1.049276962876319885e-01,1.387988775968551636e-01,-1.252950429916381836e-01,6.864468008279800415e-02,9.453141689300537109e-02,-6.008305773138999939e-02,-2.708237469196319580e-01,-2.705392837524414062e-01,-1.650481224060058594e-01,-3.168696761131286621e-01,-1.313200891017913818e-01,-1.207213252782821655e-01,1.634424328804016113e-01,-1.292379051446914673e-01,-1.036969348788261414e-01,-3.803536668419837952e-02,-1.767481118440628052e-01,4.910071566700935364e-02,-4.895593971014022827e-02,6.901879608631134033e-02,-2.654381655156612396e-02,-1.664257049560546875e-01,-2.668523192405700684e-01,-2.102666795253753662e-01,-7.516790181398391724e-02,-1.885897070169448853e-01,2.081150263547897339e-01,8.967549353837966919e-02,-1.882741600275039673e-01,3.025799430906772614e-02,-1.631355881690979004e-01,-2.274349480867385864e-01,-1.029273197054862976e-01,-1.351363509893417358e-01,-2.254962474107742310e-01,-9.657378494739532471e-02,-1.334406286478042603e-01,-1.742785871028900146e-01,-1.217422112822532654e-01,-1.940880119800567627e-01,-1.554796248674392700e-01,-1.778944581747055054e-01,-1.005926728248596191e-01,-1.987220533192157745e-02,-4.926444962620735168e-02,-7.879827916622161865e-02,1.025666519999504089e-01,1.907653063535690308e-01,-4.322870820760726929e-02,6.334657222032546997e-02,8.896362967789173126e-03,9.053379297256469727e-02,-2.739797718822956085e-02,7.677434384822845459e-02,-9.633559733629226685e-02,-4.531653970479965210e-02,-1.503119915723800659e-01,-7.883743196725845337e-02,-9.993115812540054321e-02,1.245955973863601685e-01,-1.335464715957641602e-01,-3.122821263968944550e-02,-4.139782115817070007e-02,-2.664862386882305145e-02,-5.709122866392135620e-02,-8.631577342748641968e-02,-1.278599500656127930e-01,-8.473160117864608765e-02,-1.355973929166793823e-01,-2.051570266485214233e-02,1.703981682658195496e-02,2.540096081793308258e-02,5.447000637650489807e-02,4.658047109842300415e-02,-1.692242473363876343e-01,-8.283321559429168701e-02,-5.122853815555572510e-02,1.088916137814521790e-02,-2.587906643748283386e-02,-1.105672270059585571e-01
2.194566279649734497e-01,1.319535374641418457e-01,1.876642704010009766e-01,1.831351071596145630e-01,9.737346321344375610e-02,-1.844751685857772827e-01,2.123811095952987671e-01,5.824534222483634949e-02,9.753705561161041260e-02,-6.801899522542953491e-02,1.000000000000000000e+00,1.290916949510574341e-01,3.914612829685211182e-01,1.964896917343139648e-02,3.718037009239196777e-01,9.397993981838226318e-02,4.143748283386230469e-01,2.159753739833831787e-01,3.689645789563655853e-03,4.400183912366628647e-03,3.034806847572326660e-01,1.403612494468688965e-01,5.805144831538200378e-02,7.911762595176696777e-02,-7.366290781646966934e-03,-1.389020234346389771e-01,1.451937854290008545e-01,-1.006159558892250061e-02,4.327983260154724121e-01,2.279014438390731812e-01,3.123114705085754395e-01,3.270563483238220215e-01,1.344901025295257568e-01,9.040024131536483765e-02,-2.105659618973731995e-02,-7.722360640764236450e-02,1.536113321781158447e-01,-6.829614937305450439e-02,1.358150690793991089e-01,-1.206953376531600952e-01,1.836823523044586182e-01,-1.753252595663070679e-01,1.295572798699140549e-02,-3.773748129606246948e-02,-1.535879969596862793e-01,-5.686753988265991211e-02,-1.005621850490570068e-01,-2.095555365085601807e-01,-1.729512661695480347e-01,-1.183951422572135925e-01,-1.009922623634338379e-01,-1.428015977144241333e-01,-1.696251481771469116e-01,-3.041257858276367188e-01,1.913893595337867737e-02,-2.128928601741790771e-01,1.340881735086441040e-01,-4.307672381401062012e-02,-4.095822945237159729e-02,1.523814052343368530e-01,-2.228796947747468948e-03,9.112832695245742798e-02,1.191096529364585876e-01,-1.801579445600509644e-01,1.273035407066345215e-01,-5.401964858174324036e-02,1.662195101380348206e-02,6.781315058469772339e-02,-4.858973249793052673e-02,3.589062765240669250e-02,1.810893118381500244e-01,5.935091897845268250e-02,1.912194341421127319e-01,9.072557836771011353e-02,1.901098191738128662e-01,5.750748515129089355e-02,1.395842432975769043e-01,7.865662127733230591e-02,2.253981977701187134e-01,1.826649755239486694e-01,3.308071196079254150e-01,3.980370983481407166e-02,3.658129572868347168e-01,-1.674526631832122803e-01,3.311808705329895020e-01,-1.982653979212045670e-03,8.136613667011260986e-02,-3.458750844001770020e-01,3.485149145126342773e-01,-1.068269610404968262e-01,7.738077640533447266e-02,-1.597973555326461792e-01,5.709214508533477783e-02,-1.167737841606140137e-01,1.504541337490081787e-01,1.777790635824203491e-01,-6.615538895130157471e-02,-1.295198798179626465e-01,-3.485628589987754822e-02,-8.168207108974456787e-02,2.450807839632034302e-01,-2.721317671239376068e-02,2.167938947677612305e-01,7.850611209869384766e-02,7.752051949501037598e-02,-1.667355559766292572e-02,6.482253223657608032e-02,-1.696016825735569000e-02,-1.114124315790832043e-03,-2.246634066104888916e-01,-3.381603956222534180e-01,-2.466049194335937500e-01,-2.708617039024829865e-02,6.920152157545089722e-02,2.156391739845275879e-02,-1.610612682998180389e-02
2.441639900207519531e-01,4.849559366703033447e-01,-1.691940128803253174e-01,2.098394185304641724e-01,-2.846663594245910645e-01,-5.582018941640853882e-02,-4.916422814130783081e-02,4.780878126621246338e-01,-2.895665764808654785e-01,-5.679345503449440002e-02,1.290916949510574341e-01,1.000000000000000000e+00,-3.939462825655937195e-02,5.688370466232299805e-01,-3.287248611450195312e-01,-1.412636041641235352e-01,2.039921730756759644e-01,4.052612781524658203e-01,1.843409985303878784e-01,2.061981558799743652e-01,8.079998195171356201e-02,1.439008712768554688e-01,-1.566986590623855591e-01,2.005070913583040237e-03,-1.060883551836013794e-01,1.096486076712608337e-01,-1.852164790034294128e-02,2.294531464576721191e-01,5.992182344198226929e-02,2.369038313627243042e-01,7.867244631052017212e-02,2.046029120683670044e-01,1.607267111539840698e-01,1.874427646398544312e-01,4.667970910668373108e-02,-1.897608116269111633e-02,-1.890677399933338165e-02,3.279728069901466370e-02,-4.109739139676094055e-02,-2.932448312640190125e-02,-4.186758026480674744e-02,1.122595518827438354e-01,1.195941641926765442e-01,1.775530725717544556e-02,2.292698808014392853e-02,4.669442772865295410e-02,-1.320969313383102417e-01,-1.239328831434249878e-01,-1.060439739376306534e-02,-4.242464154958724976e-02,-8.770152181386947632e-02,-2.037879675626754761e-01,-2.334225922822952271e-01,-1.584316939115524292e-01,-1.880623549222946167e-01,-2.152438834309577942e-02,6.766760349273681641e-02,2.185668945312500000e-01,6.750635802745819092e-02,-3.168866783380508423e-02,3.135892748832702637e-02,-1.046283617615699768e-01,-2.166829407215118408e-01,1.396311372518539429e-01,9.944055229425430298e-03,-1.365690380334854126e-01,4.164548218250274658e-02,-7.067374885082244873e-02,1.398686226457357407e-02,-3.987396508455276489e-02,1.092639565467834473e-01,8.294036984443664551e-02,1.695171743631362915e-01,2.528449296951293945e-01,8.228927105665206909e-02,1.814258247613906860e-01,1.001285985112190247e-01,2.125024348497390747e-01,2.009199708700180054e-01,2.682496607303619385e-01,-3.738121828064322472e-03,4.760439693927764893e-01,-2.981240451335906982e-01,1.602235883474349976e-01,-1.516394168138504028e-01,1.992948055267333984e-01,-9.313802421092987061e-02,1.609556674957275391e-01,-1.323977857828140259e-01,1.463031321763992310e-01,-3.226827383041381836e-01,-1.799823790788650513e-01,-2.805085182189941406e-01,-1.487989723682403564e-01,-4.663546755909919739e-02,-1.996441632509231567e-01,5.034038797020912170e-02,3.859371319413185120e-02,-3.531270921230316162e-01,-1.820214092731475830e-01,-1.404809206724166870e-01,-1.574618220329284668e-01,-2.481211721897125244e-02,-8.306675404310226440e-02,6.499437242746353149e-02,6.601434201002120972e-02,7.778505235910415649e-02,1.120031476020812988e-01,-1.084101796150207520e-01,-1.881085634231567383e-01,-1.428301446139812469e-02,-2.064874917268753052e-01,-3.578522801399230957e-01,-2.979240715503692627e-01,-2.854548394680023193e-01,-5.737609788775444031e-02
-2.159635722637176514e-01,-5.183251108974218369e-03,6.760852336883544922e-01,1.656389385461807251e-01,1.045989468693733215e-01,-3.653650358319282532e-02,7.753319144248962402e-01,1.692355610430240631e-02,1.694684922695159912e-01,-7.055168505758047104e-03,3.914612829685211182e-01,-3.939462825655937195e-02,1.000000000000000000e+00,-4.383054003119468689e-02,4.155735671520233154e-01,9.378376998938620090e-04,-1.829673349857330322e-02,-3.748897835612297058e-02,3.820107504725456238e-02,4.262304306030273438e-02,2.342299818992614746e-01,1.328125596046447754e-01,3.697216510772705078e-01,2.408729493618011475e-01,5.347411334514617920e-02,-4.457177966833114624e-02,2.147741168737411499e-01,8.623047173023223877e-02,4.411974251270294189e-01,1.817492581903934479e-02,4.890818595886230469e-01,4.300055503845214844e-01,2.282301709055900574e-02,4.849299415946006775e-02,-1.788947284221649170e-01,-2.264487296342849731e-01,2.075640261173248291e-01,-6.269185245037078857e-02,1.068165153264999390e-01,-6.785188615322113037e-02,-2.353255636990070343e-02,-4.096130654215812683e-02,-3.086489439010620117e-02,-1.182644292712211609e-01,-1.922297775745391846e-01,-8.814805746078491211e-02,-3.356776386499404907e-02,-1.190187558531761169e-01,-1.220785826444625854e-01,-5.177084356546401978e-02,1.846373453736305237e-02,3.555287048220634460e-02,-6.100343540310859680e-03,-8.080948144197463989e-02,-8.585394173860549927e-02,-2.088402062654495239e-01,-2.173261344432830811e-01,-6.395681202411651611e-02,-1.120234280824661255e-01,4.495598375797271729e-02,-1.763578504323959351e-01,4.507188498973846436e-02,-2.544530667364597321e-02,-1.952116191387176514e-01,8.003399521112442017e-02,-8.206123858690261841e-02,-1.810605227947235107e-01,-1.384820491075515747e-01,-4.144247993826866150e-02,-1.805430464446544647e-02,2.890078127384185791e-01,9.045127034187316895e-02,1.926384568214416504e-01,6.358416378498077393e-02,1.504445075988769531e-01,9.387279301881790161e-02,-4.667090252041816711e-02,7.052404433488845825e-02,2.421195507049560547e-01,9.095893241465091705e-03,8.750317990779876709e-02,-7.936907559633255005e-02,2.423938214778900146e-01,-1.365576535463333130e-01,2.384119331836700439e-01,-5.217524990439414978e-02,-4.877948015928268433e-02,-2.176278531551361084e-01,1.915362179279327393e-01,-1.367868930101394653e-01,-2.705126302316784859e-03,-1.205647811293601990e-01,4.073727503418922424e-02,-2.541213668882846832e-02,2.020865678787231445e-02,4.830890148878097534e-02,-1.333909481763839722e-01,-1.738130301237106323e-01,-6.176057457923889160e-02,-1.274574548006057739e-01,2.368741333484649658e-01,3.138279169797897339e-02,1.676089018583297729e-01,5.764109641313552856e-02,-1.963759958744049072e-02,-6.479765474796295166e-02,-7.387479394674301147e-02,-1.354978978633880615e-01,-1.300437748432159424e-01,-1.031767055392265320e-01,-2.968294620513916016e-01,-1.045763492584228516e-01,-2.639195322990417480e-02,4.454205185174942017e-02,-2.532971650362014771e-02,-1.001669764518737793e-01
