1.000000000000000000e+00,4.114832878112792969e-01,3.163795173168182373e-01,-7.848409563302993774e-02,8.337907493114471436e-02,-1.844040155410766602e-01,3.294107019901275635e-01,3.993560746312141418e-02,1.155791953206062317e-01,-7.906518131494522095e-02,6.043213009834289551e-01,2.172190099954605103e-01,5.769498944282531738e-01,2.624201774597167969e-01,2.889300584793090820e-01,6.329425424337387085e-02,3.080101013183593750e-01,9.227829426527023315e-02,3.875094950199127197e-01,6.057373806834220886e-02,-6.127558648586273193e-02,-2.371192537248134613e-02,1.907044649124145508e-01,9.611220657825469971e-02,6.111080758273601532e-03,-1.132510602474212646e-01,1.645743846893310547e-01,2.292074114084243774e-01,3.189212977886199951e-01,-9.919874370098114014e-03,-6.734687089920043945e-02,-6.359274685382843018e-02,1.568268090486526489e-01,3.709733486175537109e-02,-8.663268759846687317e-03,-1.562599390745162964e-01,2.059140615165233612e-02,1.745797879993915558e-02,1.229925602674484253e-01,2.638108469545841217e-02,1.173055022954940796e-01,3.190838033333420753e-03,-1.853741705417633057e-01,-3.753210604190826416e-02,-3.383774459362030029e-01,-3.759126663208007812e-01,1.008582487702369690e-01,2.903350442647933960e-02,1.698449254035949707e-01,5.045316368341445923e-02,1.876143664121627808e-01,2.108520865440368652e-01,2.715928256511688232e-01,3.547725081443786621e-01,1.491013020277023315e-01,2.267548888921737671e-01,6.110896468162536621e-01,3.435803353786468506e-01,3.658899366855621338e-01,2.080471664667129517e-01,3.904720544815063477e-01,4.941699653863906860e-02,2.246749997138977051e-01,1.607439965009689331e-01,-1.594521664083003998e-02,7.239659875631332397e-02,7.535296678543090820e-02,-1.599623709917068481e-01,8.640814572572708130e-02,-2.127387747168540955e-02,5.834235623478889465e-02,-6.071817874908447266e-02,1.603184193372726440e-01,1.810915395617485046e-02,2.113749682903289795e-01,2.238664031028747559e-02,2.529349327087402344e-01,6.621136516332626343e-02,2.468804717063903809e-01,2.283192873001098633e-01,-5.579997226595878601e-02,-9.526402503252029419e-02,6.525290757417678833e-02,-1.318102777004241943e-01,2.371656894683837891e-01,1.057836487889289856e-01,2.233481593430042267e-02,8.379755169153213501e-02,1.520768851041793823e-01,3.703209012746810913e-02,-3.875687345862388611e-02,-1.570831984281539917e-01,-9.042366594076156616e-02,1.113147102296352386e-02,-5.908011924475431442e-03,9.507028758525848389e-02,4.647471010684967041e-02,1.492166668176651001e-01,1.081844046711921692e-01,1.469663083553314209e-01,-1.854775100946426392e-01,3.382455930113792419e-02,6.552088260650634766e-02,9.866926074028015137e-02,1.484579443931579590e-01,1.155198663473129272e-01,1.391681432723999023e-01,-2.707490324974060059e-01,-1.321913450956344604e-01,-1.235248818993568420e-01,-6.252661347389221191e-02,-8.765945583581924438e-02,1.535437162965536118e-02,7.444670796394348145e-02,6.345506757497787476e-02,3.013761714100837708e-02
4.114832878112792969e-01,1.000000000000000000e+00,3.383174166083335876e-02,6.011630222201347351e-02,-3.357255458831787109e-02,5.259096249938011169e-02,1.585703492164611816e-01,1.220447570085525513e-01,2.815158963203430176e-01,1.154595166444778442e-01,3.008371889591217041e-01,3.329857289791107178e-01,2.624025642871856689e-01,1.937930285930633545e-01,2.006875127553939819e-01,1.263709068298339844e-01,1.921405643224716187e-01,1.890109181404113770e-01,4.249621629714965820e-01,4.631364643573760986e-01,-7.152139395475387573e-02,1.908144541084766388e-02,7.515313569456338882e-03,6.871555745601654053e-02,4.937252774834632874e-02,1.563987322151660919e-02,-1.669774018228054047e-02,8.896569907665252686e-02,2.833024561405181885e-01,8.082284778356552124e-02,7.860428094863891602e-02,1.218365654349327087e-01,2.224920690059661865e-01,1.252036094665527344e-01,-7.994975894689559937e-02,-1.480132490396499634e-01,2.098144590854644775e-01,1.009901091456413269e-01,1.639484167098999023e-01,1.478157043457031250e-01,1.806854158639907837e-01,5.563430953770875931e-03,-8.039964735507965088e-02,-5.522460211068391800e-03,-8.709327131509780884e-02,-1.194144561886787415e-01,1.394539922475814819e-01,3.550296276807785034e-02,5.924184620380401611e-02,4.823982715606689453e-02,-4.874626919627189636e-02,9.288606792688369751e-02,2.508369684219360352e-01,3.045960664749145508e-01,2.071672379970550537e-01,2.512603700160980225e-01,4.308513998985290527e-01,5.960598587989807129e-01,4.019020199775695801e-01,4.379134476184844971e-01,3.265622556209564209e-01,4.775212407112121582e-01,1.465991139411926270e-01,3.664576709270477295e-01,4.008530173450708389e-03,1.343044638633728027e-01,1.920174360275268555e-01,-9.303933382034301758e-02,4.245189130306243896e-01,3.449997305870056152e-01,1.653333008289337158e-01,9.381290525197982788e-02,1.012231409549713135e-01,-2.090452983975410461e-02,9.695305675268173218e-02,1.102303341031074524e-01,2.324617058038711548e-01,2.271792739629745483e-01,1.674751490354537964e-01,1.598774790763854980e-01,6.526101380586624146e-03,1.673262007534503937e-02,1.334949284791946411e-01,8.292130194604396820e-03,1.232991069555282593e-01,1.574002504348754883e-01,1.878334134817123413e-01,2.443213313817977905e-01,-3.460510075092315674e-02,1.396936476230621338e-01,1.724085062742233276e-01,1.595462411642074585e-01,1.372862886637449265e-02,1.386462599039077759e-01,4.351462796330451965e-02,7.433250546455383301e-02,1.533639281988143921e-01,1.853682696819305420e-01,3.860540986061096191e-01,3.244968056678771973e-01,-1.166653260588645935e-01,-6.673613097518682480e-03,5.153828859329223633e-02,2.322964370250701904e-03,1.243339329957962036e-01,7.191500812768936157e-02,6.478777527809143066e-02,5.147523805499076843e-02,5.679385364055633545e-02,1.035684272646903992e-01,1.269810050725936890e-01,1.770021915435791016e-01,2.784789502620697021e-01,1.177012473344802856e-01,1.521374098956584930e-03,-1.755714043974876404e-02
3.163795173168182373e-01,3.383174166083335876e-02,1.000000000000000000e+00,3.540843725204467773e-01,1.225186735391616821e-01,-2.516088783740997314e-01,6.200746297836303711e-01,-8.050761185586452484e-03,8.096659928560256958e-02,-3.312015831470489502e-01,3.574684262275695801e-01,-5.073317885398864746e-02,3.566895127296447754e-01,4.792011901736259460e-02,1.673842370510101318e-01,1.556121092289686203e-02,1.154740690253674984e-03,3.693835064768791199e-02,4.106851518154144287e-01,1.911882311105728149e-01,1.258652377873659134e-02,2.156419605016708374e-01,6.370528340339660645e-01,5.732038617134094238e-01,3.661127388477325439e-01,2.215056866407394409e-01,2.883118391036987305e-01,1.040166337043046951e-02,2.297466099262237549e-01,5.006692931056022644e-02,4.399785995483398438e-01,3.981859087944030762e-01,1.709349304437637329e-01,7.834104448556900024e-02,3.901501893997192383e-01,3.470315337181091309e-01,8.085193485021591187e-02,2.318433672189712524e-01,1.755411028861999512e-01,9.740639477968215942e-02,1.312459111213684082e-01,-5.175989866256713867e-02,3.571084141731262207e-02,-7.376021146774291992e-02,-1.917022317647933960e-01,-2.266018837690353394e-01,7.515117526054382324e-02,1.940181255340576172e-01,-3.294240534305572510e-01,-3.954971730709075928e-01,-5.029785633087158203e-02,-1.461551934480667114e-01,-1.328365318477153778e-02,2.788573205471038818e-01,4.793684184551239014e-02,3.609615564346313477e-02,3.293637335300445557e-01,1.664806455373764038e-01,-9.921503812074661255e-02,-2.569153308868408203e-01,-1.807691752910614014e-01,-1.147076562047004700e-01,-1.607420444488525391e-01,-1.979829370975494385e-01,2.372429072856903076e-01,2.734251320362091064e-01,7.439415436238050461e-03,-1.285425126552581787e-01,-2.436438202857971191e-02,-7.629849761724472046e-02,3.889959454536437988e-01,2.744515240192413330e-01,3.166329562664031982e-01,2.287559509277343750e-01,2.738790214061737061e-01,1.211107745766639709e-01,1.473251432180404663e-01,8.571328222751617432e-02,2.232142351567745209e-02,1.191999018192291260e-02,-2.062042504549026489e-01,-9.231486916542053223e-02,1.292920410633087158e-01,-1.425053179264068604e-01,1.111308932304382324e-01,1.278321444988250732e-01,-2.814546786248683929e-02,-6.856396049261093140e-02,-7.213158905506134033e-02,-1.866565346717834473e-01,-2.140764296054840088e-01,-2.845353186130523682e-01,-1.567048579454421997e-02,1.348727196455001831e-01,4.766099527478218079e-02,1.492830514907836914e-01,1.636712066829204559e-02,1.134592518210411072e-01,-1.827976852655410767e-01,-7.892465591430664062e-02,1.709473729133605957e-01,3.602520227432250977e-01,2.630634009838104248e-01,3.310951888561248779e-01,3.199773728847503662e-01,3.024384975433349609e-01,8.765451610088348389e-02,-1.512686163187026978e-01,-1.737247556447982788e-01,-4.190280288457870483e-02,1.337411254644393921e-01,1.636943407356739044e-02,3.625141456723213196e-02,5.184923112392425537e-02,1.261668205261230469e-01,1.535810977220535278e-01
-7.848409563302993774e-02,6.011630222201347351e-02,3.540843725204467773e-01,1.000000000000000000e+00,-2.337668836116790771e-01,5.916097015142440796e-02,4.062944352626800537e-01,5.982744097709655762e-01,-2.211090773344039917e-01,-1.431465595960617065e-01,-6.082971021533012390e-02,2.711840867996215820e-01,-3.950742632150650024e-02,2.065648734569549561e-01,-1.761118322610855103e-01,-1.011195778846740723e-01,-9.261475875973701477e-03,2.714046239852905273e-01,-7.419753819704055786e-03,2.731685042381286621e-01,-1.245808452367782593e-01,1.169439554214477539e-01,1.264958530664443970e-01,5.145359635353088379e-01,-7.985265552997589111e-02,5.986962094902992249e-02,-2.026298940181732178e-01,-2.821378111839294434e-01,2.369769215583801270e-01,3.020171225070953369e-01,3.136864900588989258e-01,5.505240559577941895e-01,1.846994310617446899e-01,2.858940660953521729e-01,1.110088974237442017e-01,1.179428026080131531e-01,-1.154262274503707886e-01,4.929543659090995789e-02,-1.424213498830795288e-02,-5.701972916722297668e-02,-8.503914624452590942e-02,-1.361790150403976440e-01,5.343758687376976013e-02,1.262789219617843628e-01,-9.976059198379516602e-02,4.056796059012413025e-02,5.758153740316629410e-03,1.769481301307678223e-01,-2.571630775928497314e-01,-3.860119730234146118e-02,-1.571336388587951660e-01,5.855287611484527588e-02,-7.120097428560256958e-02,2.023270875215530396e-01,3.859234973788261414e-02,2.117968164384365082e-02,1.506031304597854614e-01,3.911828994750976562e-02,-2.820180729031562805e-02,2.774557098746299744e-02,-1.797945648431777954e-01,1.409943699836730957e-01,8.914785459637641907e-03,3.788860514760017395e-02,3.598653376102447510e-01,3.284107446670532227e-01,4.266149923205375671e-02,-3.460104577243328094e-03,1.177094727754592896e-01,-3.677614033222198486e-02,1.545674204826354980e-01,2.523297071456909180e-01,2.896836698055267334e-01,2.917175292968750000e-01,2.576844394207000732e-01,1.979481577873229980e-01,-3.145980462431907654e-02,9.557186812162399292e-02,-1.688900887966156006e-01,-3.249125182628631592e-02,-6.516096740961074829e-02,3.145161317661404610e-03,-1.255917698144912720e-01,-1.925145387649536133e-01,-8.172105997800827026e-02,1.782564818859100342e-01,-2.238249927759170532e-01,-1.794182509183883667e-01,-2.360293418169021606e-01,-8.666561543941497803e-02,-2.343791872262954712e-01,-3.050219714641571045e-01,-7.252570986747741699e-02,-4.065722599625587463e-02,-7.487072050571441650e-02,-4.227517638355493546e-03,-6.666301051154732704e-04,7.070651650428771973e-02,-1.404148340225219727e-01,-8.159458637237548828e-02,1.977034062147140503e-01,2.395291626453399658e-01,2.912194728851318359e-01,2.933214604854583740e-01,2.105692178010940552e-01,2.465815842151641846e-01,1.291078282520174980e-03,-3.388467431068420410e-02,-4.875203967094421387e-02,-2.437494136393070221e-02,5.128414928913116455e-02,-1.532758623361587524e-01,-6.672427058219909668e-02,7.154677808284759521e-02,1.259088665246963501e-01,1.499465554952621460e-01
8.337907493114471436e-02,-3.357255458831787109e-02,1.225186735391616821e-01,-2.337668836116790771e-01,1.000000000000000000e+00,1.966426372528076172e-01,-6.830332428216934204e-02,-3.701657652854919434e-01,4.508053660392761230e-01,1.027510762214660645e-01,1.403498500585556030e-01,-1.481838822364807129e-01,9.538148343563079834e-02,-1.853157281875610352e-01,4.372966885566711426e-01,2.331727445125579834e-01,-1.183232739567756653e-01,-3.229099512100219727e-01,2.768825292587280273e-01,-1.299779489636421204e-02,3.334004282951354980e-01,2.038962990045547485e-01,2.189052999019622803e-01,-1.421588100492954254e-02,3.848029077053070068e-01,3.026500642299652100e-01,3.356254100799560547e-01,4.239370822906494141e-01,-6.637800484895706177e-02,-1.726278364658355713e-01,1.092729866504669189e-01,-1.003425717353820801e-01,-1.684306263923645020e-01,-1.748498678207397461e-01,1.148848384618759155e-01,1.614973247051239014e-01,1.890534609556198120e-01,-7.217802107334136963e-02,5.429094657301902771e-02,2.170566469430923462e-02,1.016286388039588928e-01,-2.968385629355907440e-02,-4.400035366415977478e-02,-7.865499705076217651e-02,2.530596591532230377e-02,-8.910982310771942139e-02,3.260238468647003174e-02,-8.562434464693069458e-02,2.002712525427341461e-02,-2.196518778800964355e-01,6.737175583839416504e-02,-1.299951523542404175e-01,7.528355717658996582e-02,-1.534380763769149780e-01,7.122863829135894775e-02,-6.532454490661621094e-02,-2.213636599481105804e-02,-1.029101833701133728e-01,-1.883158385753631592e-01,-2.264093011617660522e-01,-9.691331535577774048e-02,-2.211812436580657959e-01,-5.634739529341459274e-03,-3.047566711902618408e-01,-1.384503692388534546e-01,-1.330381035804748535e-01,-9.793628007173538208e-02,-3.345403075218200684e-02,-6.695738434791564941e-02,-6.731438636779785156e-02,1.449513733386993408e-01,-5.037365108728408813e-02,-3.097759746015071869e-02,-1.207745298743247986e-01,-6.497617345303297043e-03,6.074414774775505066e-02,9.379851818084716797e-02,-6.187240034341812134e-02,5.446605756878852844e-02,-8.724299818277359009e-02,7.911706343293190002e-03,-1.034327000379562378e-01,1.753237694501876831e-01,-1.345761865377426147e-02,7.010619342327117920e-02,-2.166164964437484741e-01,1.516635715961456299e-01,8.940605074167251587e-02,1.592176407575607300e-01,-2.743466012179851532e-02,-6.619076430797576904e-02,2.416774816811084747e-02,-1.004929989576339722e-01,1.418588496744632721e-02,9.818231314420700073e-02,6.969925761222839355e-02,7.888692617416381836e-02,-4.249464720487594604e-02,6.926896423101425171e-02,-1.024819631129503250e-02,-5.900670588016510010e-02,-8.642136305570602417e-02,-3.321762755513191223e-02,-1.709074378013610840e-01,2.595721371471881866e-02,-8.024448901414871216e-02,5.186468735337257385e-02,3.601621137931942940e-03,5.167230218648910522e-02,2.671368047595024109e-02,3.808920457959175110e-02,1.027735769748687744e-01,1.834829151630401611e-01,8.437828160822391510e-03,-1.882674172520637512e-02,-1.569593399763107300e-01
-1.844040155410766602e-01,5.259096249938011169e-02,-2.516088783740997314e-01,5.916097015142440796e-02,1.966426372528076172e-01,1.000000000000000000e+00,-2.715359628200531006e-01,1.549086570739746094e-01,1.261929273605346680e-01,4.920528531074523926e-01,-1.026659607887268066e-01,2.452974766492843628e-01,-1.804807484149932861e-01,1.757514178752899170e-01,1.239637956023216248e-01,2.119222283363342285e-01,1.325301378965377808e-01,-6.651034951210021973e-02,-5.411358550190925598e-02,8.875674754381179810e-02,1.966763436794281006e-01,2.730189859867095947e-01,-1.981140822172164917e-01,-5.605033366009593010e-04,-9.525993466377258301e-02,1.494368016719818115e-01,5.741007160395383835e-03,3.336562216281890869e-01,2.233533002436161041e-02,5.134759843349456787e-02,-1.179337128996849060e-02,-1.510453782975673676e-02,-4.492885991930961609e-02,1.324306577444076538e-01,-1.448462009429931641e-01,-1.137366145849227905e-01,2.166659384965896606e-01,-1.910388469696044922e-01,1.293378323316574097e-01,3.968471195548772812e-03,1.987143754959106445e-01,-1.137274205684661865e-01,5.387357249855995178e-02,1.273119896650314331e-01,2.040158212184906006e-01,2.579340934753417969e-01,4.890267923474311829e-02,-2.640816196799278259e-02,1.317364871501922607e-01,2.053079158067703247e-01,2.756944112479686737e-02,2.750049531459808350e-02,1.484031826257705688e-01,2.245291508734226227e-02,1.085816025733947754e-01,1.040639877319335938e-01,-7.962764799594879150e-02,-1.033498719334602356e-01,5.242521688342094421e-02,1.511875689029693604e-01,5.032457411289215088e-02,1.935965418815612793e-01,1.275448799133300781e-01,1.010765880346298218e-01,-6.347110867500305176e-02,-1.636488013900816441e-03,2.828421257436275482e-02,5.975093320012092590e-02,4.852623865008354187e-02,4.300167039036750793e-02,-1.415933817625045776e-01,-8.128404617309570312e-02,-4.403713345527648926e-02,-4.908278211951255798e-02,-6.530838459730148315e-02,3.758509457111358643e-02,-9.907458722591400146e-02,-3.770520538091659546e-02,1.944973021745681763e-01,1.297059357166290283e-01,1.563064157962799072e-01,5.769770592451095581e-02,1.414411514997482300e-01,-2.540529891848564148e-02,1.171526461839675903e-01,5.148437991738319397e-02,1.960903704166412354e-01,1.608250737190246582e-01,1.172192096710205078e-01,2.126635611057281494e-01,1.566730290651321411e-01,1.285434365272521973e-01,1.731170574203133583e-03,-5.387338623404502869e-02,3.426295518875122070e-02,1.129497680813074112e-02,1.058015748858451843e-01,-1.740155182778835297e-02,1.436476260423660278e-01,9.063995629549026489e-02,-1.104659140110015869e-01,-1.831751465797424316e-01,-1.799396425485610962e-01,-2.285208106040954590e-01,-1.479561030864715576e-01,-1.490399837493896484e-01,-4.043710231781005859e-02,7.529641687870025635e-02,1.980881788767874241e-04,6.559772789478302002e-02,-5.778055265545845032e-02,1.276031285524368286e-01,6.032114103436470032e-02,1.697313934564590454e-01,1.236427575349807739e-01,-4.799884930253028870e-02
3.294107019901275635e-01,1.585703492164611816e-01,6.200746297836303711e-01,4.062944352626800537e-01,-6.830332428216934204e-02,-2.715359628200531006e-01,1.000000000000000000e+00,2.082534730434417725e-01,3.369242418557405472e-03,-4.066238403320312500e-01,3.053331375122070312e-01,1.018235608935356140e-01,3.917154371738433838e-01,1.063154488801956177e-01,-5.255651194602251053e-03,-1.083380058407783508e-01,1.676089018583297729e-01,2.630834281444549561e-01,2.993054986000061035e-01,2.153895348310470581e-01,-2.107699960470199585e-01,3.155319765210151672e-02,3.678788244724273682e-01,4.058602750301361084e-01,7.097506523132324219e-02,-3.055533953011035919e-02,-1.901599764823913574e-02,-2.173380404710769653e-01,3.433943390846252441e-01,1.939141750335693359e-01,3.190036714076995850e-01,3.832929730415344238e-01,2.546475231647491455e-01,1.579332053661346436e-01,2.432832568883895874e-01,1.456114053726196289e-01,7.773444987833499908e-03,2.750030457973480225e-01,1.330084055662155151e-01,9.645015001296997070e-02,7.789874076843261719e-02,-3.483835607767105103e-02,-2.359431795775890350e-02,-8.966072648763656616e-02,-2.608401179313659668e-01,-2.556148767471313477e-01,-8.551646023988723755e-03,1.466801464557647705e-01,-3.602619469165802002e-01,-3.348721563816070557e-01,-2.567160725593566895e-01,-1.711326837539672852e-01,-5.995973944664001465e-02,3.034491539001464844e-01,4.930099099874496460e-02,-1.618346432223916054e-03,3.358391523361206055e-01,1.994907110929489136e-01,-1.159203518182039261e-02,-1.725654602050781250e-01,-6.239482760429382324e-02,1.962087862193584442e-02,-1.171361282467842102e-01,-4.891510680317878723e-02,3.043996095657348633e-01,1.785144209861755371e-01,-1.286317035555839539e-02,-1.652858555316925049e-01,1.192215234041213989e-01,-3.128258883953094482e-02,3.328952491283416748e-01,3.210530281066894531e-01,3.740017116069793701e-01,3.716118335723876953e-01,3.450197875499725342e-01,2.061850279569625854e-01,2.590215206146240234e-01,1.987985670566558838e-01,4.229699075222015381e-02,1.258848756551742554e-01,-2.082238942384719849e-01,-6.137469038367271423e-02,3.098578006029129028e-02,-7.918668538331985474e-02,7.859995588660240173e-03,8.144909888505935669e-02,-2.129292786121368408e-01,-1.517777889966964722e-01,-2.250611037015914917e-01,-3.152287602424621582e-01,-1.912270337343215942e-01,-2.773446440696716309e-01,-8.605395443737506866e-03,1.561259776353836060e-01,7.426383346319198608e-02,1.575299352407455444e-01,-1.221172604709863663e-02,1.115125566720962524e-01,-1.658770889043807983e-01,-9.764280915260314941e-02,1.531239598989486694e-01,2.434100359678268433e-01,3.190178275108337402e-01,3.754059076309204102e-01,3.221516311168670654e-01,3.181552290916442871e-01,1.819489300251007080e-01,-9.527365118265151978e-02,-1.349186003208160400e-01,3.513560816645622253e-02,1.660401821136474609e-01,4.051323980093002319e-02,2.702484093606472015e-02,5.477124080061912537e-02,8.831762522459030151e-02,1.868754178285598755e-01
3.993560746312141418e-02,1.220447570085525513e-01,-8.050761185586452484e-03,5.982744097709655762e-01,-3.701657652854919434e-01,1.549086570739746094e-01,2.082534730434417725e-01,1.000000000000000000e+00,-2.791409492492675781e-01,-2.259239088743925095e-03,-3.447911888360977173e-02,4.796970784664154053e-01,1.751877181231975555e-02,4.380042254924774170e-01,-2.763290107250213623e-01,-3.169926106929779053e-01,2.189440578222274780e-01,4.518309533596038818e-01,-1.487990915775299072e-01,6.624024361371994019e-02,-3.289974331855773926e-01,-9.331344813108444214e-02,-2.515597343444824219e-01,1.741011291742324829e-01,-4.961732327938079834e-01,-3.056978583335876465e-01,-4.435225427150726318e-01,-2.811995744705200195e-01,2.003925889730453491e-01,2.250570356845855713e-01,-5.616827309131622314e-02,2.176909744739532471e-01,1.071671396493911743e-01,2.870618402957916260e-01,-2.270216047763824463e-01,-2.814548909664154053e-01,-1.683265566825866699e-01,-6.300193071365356445e-02,4.668978601694107056e-02,-2.281709760427474976e-02,-7.067468762397766113e-02,-1.410981267690658569e-01,-9.406401659362018108e-04,2.280362546443939209e-01,-1.028463169932365417e-01,6.063438579440116882e-02,-4.032567888498306274e-02,5.526166409254074097e-02,3.361779078841209412e-02,3.021648526191711426e-01,-7.406557351350784302e-02,2.987899482250213623e-01,3.776331245899200439e-02,2.116767466068267822e-01,1.380974352359771729e-01,1.020208597183227539e-01,1.627500653266906738e-01,-1.028252393007278442e-02,1.975077837705612183e-01,2.866432070732116699e-01,1.086457073688507080e-01,3.035102486610412598e-01,1.374749690294265747e-01,2.613730728626251221e-01,2.086675763130187988e-01,2.885505855083465576e-01,1.401318162679672241e-01,5.880984663963317871e-02,9.047404676675796509e-02,-4.742905125021934509e-02,-7.477284222841262817e-02,3.927917405962944031e-02,1.611646115779876709e-01,1.940952986478805542e-01,2.152901440858840942e-01,1.590069085359573364e-01,-1.866430975496768951e-02,8.263656497001647949e-02,-2.462329156696796417e-02,1.625948250293731689e-01,-4.451638460159301758e-02,-9.642519988119602203e-03,-2.632717192173004150e-01,-2.218699306249618530e-01,-9.634984284639358521e-02,9.262839704751968384e-02,-2.814642488956451416e-01,-1.772694885730743408e-01,-7.028385996818542480e-02,4.409489035606384277e-02,-9.120282530784606934e-02,-2.382280826568603516e-01,-2.794671617448329926e-02,-1.215414032340049744e-01,-1.859399974346160889e-01,-9.229492396116256714e-02,-5.461161211133003235e-02,1.037625502794981003e-02,-1.418799813836812973e-02,4.843977838754653931e-02,8.503732085227966309e-02,6.260293722152709961e-02,1.815704852342605591e-01,1.922851502895355225e-01,1.295695304870605469e-01,1.643051952123641968e-01,4.431974142789840698e-02,-6.798059493303298950e-02,-9.317862242460250854e-02,-1.687755882740020752e-01,-1.765668839216232300e-01,-1.288690268993377686e-01,-1.108884438872337341e-01,3.989397734403610229e-02,6.690318137407302856e-02,1.200731024146080017e-01
1.155791953206062317e-01,2.815158963203430176e-01,8.096659928560256958e-02,-2.211090773344039917e-01,4.508053660392761230e-01,1.261929273605346680e-01,3.369242418557405472e-03,-2.791409492492675781e-01,1.000000000000000000e+00,3.672026097774505615e-01,1.792701035737991333e-01,-9.243935346603393555e-02,1.495799422264099121e-01,-1.146447658538818359e-01,5.774633884429931641e-01,2.194156795740127563e-01,-7.148683816194534302e-02,-1.612298190593719482e-01,4.543748497962951660e-01,2.952293753623962402e-01,2.595634162425994873e-01,1.397010684013366699e-01,1.728699505329132080e-01,-3.724787011742591858e-02,4.263212978839874268e-01,3.019973337650299072e-01,2.470514625310897827e-01,3.444612026214599609e-01,1.536945695988833904e-03,-1.738121509552001953e-01,2.139745056629180908e-01,-5.785877630114555359e-02,4.097929596900939941e-02,-5.232620611786842346e-02,2.622040547430515289e-02,7.275324314832687378e-02,2.837187051773071289e-01,8.899836987257003784e-02,1.119774878025054932e-01,2.067972719669342041e-01,1.761301010847091675e-01,4.072837531566619873e-02,-4.891463741660118103e-02,-1.390473395586013794e-01,-2.233423665165901184e-02,-1.055944859981536865e-01,1.490647345781326294e-01,5.617910251021385193e-02,-6.067673116922378540e-02,-2.660466432571411133e-01,-1.274406909942626953e-01,-2.784165740013122559e-01,-2.561653591692447662e-02,-7.859096676111221313e-02,4.780268669128417969e-02,9.268575906753540039e-02,8.570737391710281372e-02,2.631544470787048340e-01,-1.116458550095558167e-01,-5.297934636473655701e-02,7.591397315263748169e-02,1.290731579065322876e-01,-1.530792564153671265e-01,-8.680523186922073364e-02,-4.941814020276069641e-02,8.349117822945117950e-03,1.646421663463115692e-02,-7.766523212194442749e-02,2.015909552574157715e-01,9.184819459915161133e-02,2.273485511541366577e-01,6.172138080000877380e-02,6.492227315902709961e-02,-1.141210049390792847e-01,-6.166259944438934326e-02,4.517858102917671204e-02,2.644032239913940430e-01,1.744803935289382935e-01,1.866225600242614746e-01,6.135000661015510559e-02,1.509274169802665710e-02,-4.007299989461898804e-02,2.300238162279129028e-01,9.629449341446161270e-04,-3.955016378313302994e-03,-1.539412885904312134e-01,3.460831344127655029e-01,3.150647282600402832e-01,2.347472310066223145e-02,2.730654738843441010e-02,1.572289317846298218e-01,1.800499260425567627e-01,-1.099301055073738098e-01,6.760700792074203491e-02,-3.239786997437477112e-02,6.930716335773468018e-02,1.051165312528610229e-01,3.281950205564498901e-02,2.480852305889129639e-01,1.276263892650604248e-01,-1.514369100332260132e-01,-1.617778390645980835e-01,-1.027320846915245056e-01,-3.064149916172027588e-01,-4.015051946043968201e-02,-1.865679919719696045e-01,-3.162016347050666809e-02,4.528468474745750427e-02,3.485710173845291138e-02,1.267904192209243774e-01,2.214617878198623657e-01,2.414595186710357666e-01,2.982351779937744141e-01,6.673924624919891357e-02,-1.007550731301307678e-01,-2.527392208576202393e-01
-7.906518131494522095e-02,1.154595166444778442e-01,-3.312015831470489502e-01,-1.431465595960617065e-01,1.027510762214660645e-01,4.920528531074523926e-01,-4.066238403320312500e-01,-2.259239088743925095e-03,3.672026097774505615e-01,1.000000000000000000e+00,-9.765853732824325562e-02,6.480039656162261963e-02,-2.458338290452957153e-01,-3.447195515036582947e-02,3.071554303169250488e-01,3.274326026439666748e-01,-4.171078652143478394e-02,-1.573022007942199707e-01,-4.137558117508888245e-02,1.474661678075790405e-01,3.508383035659790039e-01,1.303803771734237671e-01,-1.256326884031295776e-01,-1.920460909605026245e-01,8.927737176418304443e-02,2.379259467124938965e-01,1.629923582077026367e-01,3.552152216434478760e-01,-2.021990567445755005e-01,-9.439517557621002197e-02,-6.579276174306869507e-02,-2.344196587800979614e-01,-2.001620084047317505e-02,2.182918973267078400e-02,-1.251949667930603027e-01,-6.722474843263626099e-02,1.270320266485214233e-01,-1.471812874078750610e-01,-5.008870735764503479e-02,-8.204052597284317017e-02,-1.224430371075868607e-02,5.418153107166290283e-02,-8.696305751800537109e-02,-1.188277006149291992e-01,7.438473403453826904e-02,1.249870434403419495e-01,6.793860346078872681e-02,-5.625161156058311462e-02,1.523244082927703857e-01,1.035738661885261536e-01,1.669527962803840637e-02,-1.259704977273941040e-01,-6.643363088369369507e-02,-1.273340731859207153e-01,-1.108459830284118652e-01,7.693458348512649536e-02,-1.250626742839813232e-01,6.372789293527603149e-02,-6.356576830148696899e-02,1.264410316944122314e-01,1.248604506254196167e-01,1.704208850860595703e-01,3.847586363554000854e-02,1.070374473929405212e-01,-1.053255870938301086e-01,-4.491280019283294678e-02,-2.709951624274253845e-02,1.169364713132381439e-02,-1.346291787922382355e-02,5.983690544962882996e-02,-1.409951299428939819e-01,-1.824744939804077148e-01,-2.219097018241882324e-01,-2.279857844114303589e-01,-3.150829076766967773e-01,-1.661835908889770508e-01,-9.085163474082946777e-02,-2.377122454345226288e-02,1.036999523639678955e-01,1.236120462417602539e-01,2.330605238676071167e-01,1.203321143984794617e-01,1.618843674659729004e-01,1.775730401277542114e-02,1.767677813768386841e-02,-5.821410566568374634e-02,3.709918260574340820e-01,3.810463845729827881e-01,2.097954601049423218e-01,3.091329038143157959e-01,3.344844281673431396e-01,3.254735171794891357e-01,-6.171841919422149658e-02,-5.862924084067344666e-02,-6.090597808361053467e-02,-3.788986429572105408e-02,2.970556169748306274e-02,-1.828311383724212646e-01,1.823550760746002197e-01,2.842892706394195557e-02,-2.721008658409118652e-01,-3.227660059928894043e-01,-3.245805501937866211e-01,-4.744732081890106201e-01,-3.204261958599090576e-01,-3.367628157138824463e-01,-1.506202816963195801e-01,-1.911089383065700531e-02,7.695829868316650391e-02,1.127053424715995789e-01,4.212347045540809631e-02,-2.782490663230419159e-02,1.432627439498901367e-01,1.895267516374588013e-01,9.792405366897583008e-02,-1.138297617435455322e-01
6.043213009834289551e-01,3.008371889591217041e-01,3.574684262275695801e-01,-6.082971021533012390e-02,1.403498500585556030e-01,-1.026659607887268066e-01,3.053331375122070312e-01,-3.447911888360977173e-02,1.792701035737991333e-01,-9.765853732824325562e-02,1.000000000000000000e+00,2.067720592021942139e-01,5.744250416755676270e-01,3.383079469203948975e-01,3.155264258384704590e-01,5.202033743262290955e-02,3.852840960025787354e-01,1.265057474374771118e-01,4.340322017669677734e-01,8.911238610744476318e-02,-6.745851784944534302e-02,5.164570361375808716e-02,2.585492134094238281e-01,1.727343499660491943e-01,3.358950465917587280e-02,-7.273206114768981934e-02,1.291861087083816528e-01,1.959707140922546387e-01,3.370494842529296875e-01,-4.352956637740135193e-02,4.250785335898399353e-02,6.152427941560745239e-02,1.610707044601440430e-01,6.007620692253112793e-02,1.209556758403778076e-01,-9.599728509783744812e-03,1.978275924921035767e-01,1.289771050214767456e-01,2.101718336343765259e-01,9.464770555496215820e-02,2.367555648088455200e-01,-5.150623619556427002e-02,-6.554387509822845459e-02,-1.730504259467124939e-02,-1.490706354379653931e-01,-2.307748645544052124e-01,1.837221682071685791e-01,1.532397121191024780e-01,8.910886943340301514e-02,-4.216970875859260559e-02,1.556322127580642700e-01,7.515233010053634644e-02,2.644130289554595947e-01,3.735362887382507324e-01,2.198554575443267822e-01,1.781886965036392212e-01,5.449982881546020508e-01,2.565452456474304199e-01,2.185858041048049927e-01,3.689188510179519653e-02,2.372619658708572388e-01,1.855588704347610474e-02,1.364936530590057373e-01,4.441372677683830261e-02,-2.781428396701812744e-03,6.894104927778244019e-02,8.002194017171859741e-02,-1.469742655754089355e-01,4.689056426286697388e-02,-8.346056193113327026e-02,2.849775552749633789e-01,8.997526019811630249e-02,2.554678916931152344e-01,1.070271655917167664e-01,2.499363273382186890e-01,5.676954612135887146e-02,3.669064044952392578e-01,1.861540973186492920e-01,3.079434931278228760e-01,2.683443725109100342e-01,-1.403351873159408569e-01,-1.586379557847976685e-01,1.578166484832763672e-01,-1.070056483149528503e-01,1.896578073501586914e-01,5.116333067417144775e-02,7.756156474351882935e-02,5.305645242333412170e-02,1.019437909126281738e-01,-3.098936378955841064e-02,-5.071030929684638977e-03,-8.455095440149307251e-02,-2.484534680843353271e-02,8.382204920053482056e-02,-1.379637569189071655e-01,-4.414593800902366638e-02,3.799585253000259399e-02,1.259104758501052856e-01,1.616273224353790283e-01,1.705615669488906860e-01,-1.039245426654815674e-01,1.645631194114685059e-01,3.919083625078201294e-02,1.483832001686096191e-01,1.221397519111633301e-01,1.108891591429710388e-01,9.769967943429946899e-02,-2.394677847623825073e-01,-2.394714057445526123e-01,-1.432521492242813110e-01,4.927892703562974930e-03,7.791564613580703735e-02,6.540471315383911133e-02,5.992783606052398682e-02,-7.163557223975658417e-03,-1.743211597204208374e-02
2.172190099954605103e-01,3.329857289791107178e-01,-5.073317885398864746e-02,2.711840867996215820e-01,-1.481838822364807129e-01,2.452974766492843628e-01,1.018235608935356140e-01,4.796970784664154053e-01,-9.243935346603393555e-02,6.480039656162261963e-02,2.067720592021942139e-01,1.000000000000000000e+00,1.602390855550765991e-01,6.032329797744750977e-01,-4.073761776089668274e-02,3.326913341879844666e-03,4.322566688060760498e-01,4.082025289535522461e-01,8.173693716526031494e-02,1.775222420692443848e-01,-1.925015896558761597e-01,1.066319718956947327e-01,-1.364301443099975586e-01,2.006459087133407593e-01,-3.178150355815887451e-01,-1.583631485700607300e-01,-1.675525009632110596e-01,1.822436973452568054e-02,3.357995152473449707e-01,2.631860077381134033e-01,6.418085098266601562e-02,2.533040940761566162e-01,2.766204774379730225e-01,4.064387679100036621e-01,-5.232214555144309998e-02,-1.938763111829757690e-01,2.202059701085090637e-02,-5.653555318713188171e-02,6.261282414197921753e-02,4.455691948533058167e-02,1.215334758162498474e-01,-7.227000594139099121e-02,-8.141606301069259644e-02,1.963773667812347412e-01,-9.653887711465358734e-03,7.599770277738571167e-02,5.776253715157508850e-02,6.430125236511230469e-02,1.138345152139663696e-01,3.054290711879730225e-01,5.767966061830520630e-02,3.068451285362243652e-01,2.129185199737548828e-01,3.048377335071563721e-01,2.017306387424468994e-01,2.454220205545425415e-01,3.024252355098724365e-01,1.878704726696014404e-01,3.582465946674346924e-01,3.730528652667999268e-01,3.848320841789245605e-01,3.501635193824768066e-01,2.282458841800689697e-01,4.290220141410827637e-01,1.247268021106719971e-01,2.712774574756622314e-01,1.949835568666458130e-01,5.633351579308509827e-02,1.855717301368713379e-01,-4.083537310361862183e-02,-2.885466627776622772e-02,1.405572798103094101e-02,2.141402065753936768e-01,2.205248475074768066e-01,2.195280641317367554e-01,2.477816641330718994e-01,1.382799297571182251e-01,1.510221064090728760e-01,2.225015461444854736e-01,3.098758757114410400e-01,2.214404754340648651e-02,-4.804770648479461670e-02,-8.480235934257507324e-02,-1.571227014064788818e-01,8.423859626054763794e-02,1.925614327192306519e-01,-5.282075330615043640e-02,7.668640464544296265e-02,2.179255895316600800e-02,1.996853947639465332e-01,2.439502626657485962e-02,-8.306368440389633179e-02,-7.347621768712997437e-02,-1.411487013101577759e-01,-8.217649161815643311e-02,-4.709291458129882812e-02,6.347146630287170410e-02,9.711869060993194580e-03,2.650977671146392822e-01,2.435085177421569824e-01,-1.251664906740188599e-01,3.303059609606862068e-03,-2.353363670408725739e-03,5.004101246595382690e-02,5.448914691805839539e-02,6.472244858741760254e-02,7.224416732788085938e-02,-9.116232395172119141e-02,-7.004495710134506226e-02,-6.730163842439651489e-02,-1.612543463706970215e-01,-4.936934635043144226e-02,1.656717807054519653e-02,1.049863323569297791e-01,8.155675977468490601e-02,-4.374915361404418945e-02
5.769498944282531738e-01,2.624025642871856689e-01,3.566895127296447754e-01,-3.950742632150650024e-02,9.538148343563079834e-02,-1.804807484149932861e-01,3.917154371738433838e-01,1.751877181231975555e-02,1.495799422264099121e-01,-2.458338290452957153e-01,5.744250416755676270e-01,1.602390855550765991e-01,1.000000000000000000e+00,3.267662525177001953e-01,2.310723215341567993e-01,3.720363974571228027e-02,3.533053994178771973e-01,1.413992196321487427e-01,3.738651275634765625e-01,7.874304056167602539e-02,-7.272097468376159668e-02,-1.809348701499402523e-03,2.084995061159133911e-01,1.322646290063858032e-01,3.626421838998794556e-02,-1.397538334131240845e-01,3.498854115605354309e-02,7.640451192855834961e-02,3.986983895301818848e-01,7.258183509111404419e-02,4.959841072559356689e-02,4.942170158028602600e-02,2.073443233966827393e-01,1.288119256496429443e-01,-2.690483629703521729e-02,-1.015332713723182678e-01,1.440477967262268066e-01,4.312139376997947693e-02,1.686392277479171753e-01,1.700640618801116943e-01,2.517754137516021729e-01,-2.083092555403709412e-02,-9.184265136718750000e-02,-3.228010982275009155e-02,-1.982849687337875366e-01,-3.216105401515960693e-01,1.407852768898010254e-01,5.618148297071456909e-02,5.244731530547142029e-02,-8.558704704046249390e-02,5.835151299834251404e-02,8.077290654182434082e-02,2.502284348011016846e-01,3.373238444328308105e-01,1.868707537651062012e-01,1.367582827806472778e-01,4.727945625782012939e-01,1.935471743345260620e-01,2.397550195455551147e-01,5.342680960893630981e-02,2.480481714010238647e-01,4.063608124852180481e-02,1.396042555570602417e-01,4.989093914628028870e-02,-2.005165070295333862e-02,4.786017537117004395e-02,-2.176829986274242401e-02,-2.219340652227401733e-01,7.621938735246658325e-02,-9.682196378707885742e-02,2.099783718585968018e-01,1.151632666587829590e-01,2.900441586971282959e-01,1.085202395915985107e-01,2.727239131927490234e-01,1.762209683656692505e-01,3.303039669990539551e-01,1.559060811996459961e-01,3.237760066986083984e-01,1.765233278274536133e-01,-4.706730134785175323e-03,-5.776907783001661301e-04,1.151819154620170593e-01,-5.761905387043952942e-02,1.878443956375122070e-01,5.314736068248748779e-02,-3.847057372331619263e-02,5.175273399800062180e-03,4.520618170499801636e-02,-1.195232868194580078e-01,-1.195979416370391846e-01,-1.677538901567459106e-01,-7.835230231285095215e-02,2.394680341240018606e-04,2.812622580677270889e-03,7.283207029104232788e-02,5.672877654433250427e-02,1.961438059806823730e-01,1.120685636997222900e-01,1.855619996786117554e-01,-3.707624971866607666e-02,1.385999619960784912e-01,1.063721776008605957e-01,1.283314377069473267e-01,1.204539984464645386e-01,1.381926089525222778e-01,7.284957170486450195e-02,-8.036287128925323486e-02,-1.254129111766815186e-01,-1.146136894822120667e-01,-3.580470010638237000e-02,3.083131276071071625e-02,-1.468269270844757557e-03,4.630247130990028381e-02,-1.787993311882019043e-02,-4.403230547904968262e-02
