1.000000000000000000e+00,4.379365444183349609e-01,3.398032784461975098e-01,3.032046854496002197e-01,9.884647279977798462e-02,1.517332345247268677e-01,3.194402754306793213e-01,2.024313807487487793e-01,8.421563357114791870e-02,1.255734711885452271e-01,4.084986150264739990e-01,2.406273931264877319e-01,2.666896283626556396e-01,2.494528740644454956e-01,9.678658097982406616e-02,2.692801952362060547e-01,1.778806895017623901e-01,2.225231230258941650e-01,4.070963561534881592e-01,3.738678395748138428e-01,-5.195783078670501709e-02,-5.614084750413894653e-02,9.955204278230667114e-02,1.712463200092315674e-01,7.125782966613769531e-02,1.010187640786170959e-01,2.900915034115314484e-02,1.157220602035522461e-01,1.805276125669479370e-01,1.681434512138366699e-01,1.967393420636653900e-02,1.565216034650802612e-01,1.670581698417663574e-01,1.941869258880615234e-01,1.075934842228889465e-01,6.488771736621856689e-02,4.587998986244201660e-02,-2.384067140519618988e-02,1.389310210943222046e-01,1.186604499816894531e-01,6.168669834733009338e-02,5.753539502620697021e-02,7.221030443906784058e-02,1.328820437192916870e-01,-1.474773231893777847e-02,5.844242870807647705e-02,6.334486603736877441e-02,3.142088651657104492e-02,-2.294338680803775787e-02,1.984691247344017029e-02,1.141801178455352783e-01,3.553626313805580139e-02,-1.183525472879409790e-02,-9.793858230113983154e-02,8.925435692071914673e-02,1.560772508382797241e-01,5.187600255012512207e-01,3.860929310321807861e-01,1.882974654436111450e-01,1.624604314565658569e-01,3.065761923789978027e-01,2.039074301719665527e-01,3.358400166034698486e-01,2.924602925777435303e-01,1.778807193040847778e-01,1.845950037240982056e-01,9.663297981023788452e-02,-3.201647847890853882e-02,1.462600231170654297e-01,7.098938524723052979e-02,8.174300938844680786e-02,1.089486405253410339e-01,2.420989722013473511e-01,2.444692701101303101e-01,1.813190281391143799e-01,2.019519954919815063e-01,2.044498771429061890e-01,6.482160091400146484e-02,1.783298403024673462e-01,1.287343800067901611e-01,2.355701178312301636e-01,2.223529219627380371e-01,1.149322614073753357e-01,-7.071276009082794189e-02,1.787731200456619263e-01,2.582013607025146484e-01,4.509942606091499329e-02,7.692593336105346680e-02,1.743059307336807251e-01,9.702746570110321045e-02,-1.393445432186126709e-01,-1.684054359793663025e-02,1.927653700113296509e-02,5.837105959653854370e-02,8.233992755413055420e-02,5.432330537587404251e-03,8.391778916120529175e-02,1.171634942293167114e-01,1.518553346395492554e-01,1.650100350379943848e-01,8.307795971632003784e-02,1.232314184308052063e-01,1.643904298543930054e-01,1.215707212686538696e-01,2.324707359075546265e-01,1.373906582593917847e-01,3.166519105434417725e-02,-1.070278044790029526e-02,9.343538433313369751e-02,-5.110586062073707581e-02,-8.548606187105178833e-02,1.107315048575401306e-01,1.199004277586936951e-01,1.769422143697738647e-01,1.682862341403961182e-01,6.403098255395889282e-02
4.379365444183349609e-01,1.000000000000000000e+00,-7.441047579050064087e-02,5.567522346973419189e-02,-3.936971351504325867e-02,-5.145347677171230316e-04,1.776349730789661407e-03,1.281168460845947266e-01,-1.394250690937042236e-01,2.238304726779460907e-02,6.152803450822830200e-02,2.087970077991485596e-01,9.175033867359161377e-02,2.540131509304046631e-01,-1.159717664122581482e-01,8.588587492704391479e-02,1.907507777214050293e-01,4.177093207836151123e-01,3.393239900469779968e-02,2.570281624794006348e-01,-1.195655912160873413e-01,-4.693209007382392883e-02,-2.678898572921752930e-01,-1.100810691714286804e-01,-1.984259486198425293e-01,-1.523172855377197266e-01,-1.935951113700866699e-01,-9.994301199913024902e-02,1.428679078817367554e-01,1.857280731201171875e-01,-1.072773486375808716e-01,-1.313482075929641724e-01,2.254389971494674683e-01,2.122848331928253174e-01,-1.394517421722412109e-01,-1.166291311383247375e-01,1.355329304933547974e-01,3.450546041131019592e-02,5.260754004120826721e-02,1.525693014264106750e-02,2.847746200859546661e-02,1.661134064197540283e-01,4.781568422913551331e-02,9.487087279558181763e-02,1.642835438251495361e-01,2.557610869407653809e-01,7.720395177602767944e-02,8.498165756464004517e-02,1.606281697750091553e-01,1.614255905151367188e-01,-2.192829363048076630e-02,-9.224182367324829102e-02,7.074644416570663452e-02,-1.429816931486129761e-01,1.229916810989379883e-01,7.494773715734481812e-02,6.555342078208923340e-01,5.917775630950927734e-01,3.658074736595153809e-01,2.216082215309143066e-01,4.243028461933135986e-01,2.335656732320785522e-01,4.996461570262908936e-01,4.214293956756591797e-01,-1.020176559686660767e-01,-9.997729212045669556e-02,1.225143373012542725e-01,8.652939647436141968e-02,4.102639555931091309e-01,1.854623705148696899e-01,1.128038018941879272e-01,1.377878338098526001e-01,1.290238648653030396e-01,1.192607805132865906e-01,2.278799749910831451e-02,2.769563719630241394e-02,-5.423393845558166504e-02,-8.832216262817382812e-02,1.580664664506912231e-01,2.609595656394958496e-01,3.790461122989654541e-01,3.518277704715728760e-01,-4.865107685327529907e-02,6.171704456210136414e-02,3.074821531772613525e-01,2.172968685626983643e-01,5.873045325279235840e-02,1.443409174680709839e-01,7.964099757373332977e-03,-6.423099897801876068e-03,-8.551655709743499756e-02,-1.880141645669937134e-01,-1.234794184565544128e-01,-1.598330736160278320e-01,1.388857960700988770e-01,3.619413077831268311e-02,1.424581408500671387e-01,1.864700913429260254e-01,1.341616064310073853e-01,6.484144926071166992e-02,3.493260592222213745e-02,-5.392932146787643433e-02,1.081771850585937500e-01,2.120373770594596863e-02,2.710999175906181335e-02,-5.034460499882698059e-02,-7.569950819015502930e-02,-2.257627248764038086e-02,-4.957875609397888184e-02,-2.972383424639701843e-02,-1.177644804120063782e-01,6.491415202617645264e-02,-1.056419238448143005e-01,2.563801966607570648e-02,-5.706793069839477539e-02,-1.258489303290843964e-02
3.398032784461975098e-01,-7.441047579050064087e-02,1.000000000000000000e+00,4.404896795749664307e-01,6.023615598678588867e-02,2.327985595911741257e-03,5.569016933441162109e-01,1.186086460947990417e-01,1.905213594436645508e-01,-1.200396101921796799e-02,2.071621268987655640e-01,-3.152344748377799988e-02,4.673632979393005371e-02,-5.570694804191589355e-02,1.823395639657974243e-01,1.471389085054397583e-01,1.577762328088283539e-02,2.899381704628467560e-02,4.356597065925598145e-01,2.064659744501113892e-01,1.262013614177703857e-01,-5.659300461411476135e-02,6.283447742462158203e-01,4.144267141819000244e-01,2.222783863544464111e-01,2.371910810470581055e-01,1.540616005659103394e-01,6.136529147624969482e-02,5.941745266318321228e-02,2.705324813723564148e-02,3.534094095230102539e-01,3.761071562767028809e-01,9.240859001874923706e-02,1.104208305478096008e-01,1.894404590129852295e-01,1.177550777792930603e-01,-2.658369205892086029e-02,-1.323177106678485870e-02,8.401709794998168945e-02,1.062825843691825867e-01,9.039916098117828369e-02,-1.588005758821964264e-02,1.615470647811889648e-01,1.474465131759643555e-01,3.978754580020904541e-02,-2.819828921929001808e-03,1.002509519457817078e-01,3.478473424911499023e-02,-1.073774620890617371e-01,-8.261436969041824341e-02,1.862039566040039062e-01,1.015603095293045044e-01,-1.306040585041046143e-01,5.655921995639801025e-02,-5.743480101227760315e-02,-1.241630408912897110e-02,3.439877927303314209e-02,-8.157987892627716064e-02,-1.680693775415420532e-01,-1.162118241190910339e-01,-1.480798125267028809e-01,-1.106057092547416687e-01,-1.142595484852790833e-01,-7.457301765680313110e-02,2.809454500675201416e-01,1.594685614109039307e-01,-8.711767196655273438e-02,-1.506933867931365967e-01,-2.853415906429290771e-01,-2.331151813268661499e-01,6.099187210202217102e-02,7.016051560640335083e-02,1.548038125038146973e-01,7.309588789939880371e-02,2.667918801307678223e-01,7.418014109134674072e-02,1.789134293794631958e-01,8.030830323696136475e-02,6.516746431589126587e-02,1.517858356237411499e-02,1.403437834233045578e-02,-4.485939070582389832e-02,2.679686248302459717e-01,2.963611669838428497e-02,6.898472458124160767e-02,3.934540599584579468e-02,2.748542279005050659e-02,-5.446757003664970398e-02,1.520503610372543335e-01,1.585324481129646301e-02,-7.890313118696212769e-02,-3.985216841101646423e-02,1.394521892070770264e-01,2.902350127696990967e-01,-1.620744727551937103e-02,-4.900337196886539459e-03,-2.335699833929538727e-02,-7.446341216564178467e-02,4.648589715361595154e-02,6.410544365644454956e-02,1.367678940296173096e-01,3.544588685035705566e-01,1.333115994930267334e-01,2.288403511047363281e-01,2.066035866737365723e-01,2.377090305089950562e-01,6.425361335277557373e-02,1.294107139110565186e-01,1.637633591890335083e-01,-1.112993061542510986e-01,-3.920991718769073486e-02,6.834831088781356812e-02,2.096371799707412720e-01,2.444651722908020020e-01,1.428354829549789429e-01,4.890054836869239807e-02
3.032046854496002197e-01,5.567522346973419189e-02,4.404896795749664307e-01,1.000000000000000000e+00,8.288752287626266479e-02,2.213299870491027832e-01,3.883947134017944336e-01,4.866427779197692871e-01,1.200651079416275024e-01,1.985658407211303711e-01,9.827412664890289307e-02,1.031746268272399902e-01,-2.582164295017719269e-02,3.489974513649940491e-02,-1.546781212091445923e-01,2.317194342613220215e-01,-2.882077172398567200e-02,2.778679132461547852e-02,3.061122000217437744e-01,4.109717309474945068e-01,-4.357703775167465210e-02,-4.805810377001762390e-02,3.170970678329467773e-01,6.156939268112182617e-01,-4.932709783315658569e-02,1.602843850851058960e-01,6.107484176754951477e-02,1.264374256134033203e-01,-2.012541145086288452e-02,1.327966600656509399e-01,2.288132309913635254e-01,4.150999188423156738e-01,1.541984975337982178e-01,2.945829033851623535e-01,1.001258715987205505e-01,1.092866063117980957e-01,-1.468352377414703369e-01,1.318604778498411179e-02,-1.831392943859100342e-02,1.836656592786312103e-02,-9.444656968116760254e-02,-8.112729340791702271e-02,-1.565703563392162323e-02,3.984482027590274811e-03,-1.013861522078514099e-01,-5.681921541690826416e-02,9.598285891115665436e-03,-4.151945188641548157e-02,-8.119112998247146606e-02,-5.808113142848014832e-02,3.237862512469291687e-02,5.037282034754753113e-02,-7.327436655759811401e-02,3.959163650870323181e-02,-8.803505450487136841e-02,3.238055482506752014e-02,7.774513959884643555e-02,-2.471664547920227051e-02,2.970641665160655975e-02,4.776776768267154694e-03,-4.504746571183204651e-02,1.049549058079719543e-01,-4.019925370812416077e-02,5.435184761881828308e-02,1.660509854555130005e-01,3.875530064105987549e-01,-1.591537497006356716e-03,-5.913246795535087585e-02,-1.318928152322769165e-01,-1.754452437162399292e-01,2.069753967225551605e-02,6.416555494070053101e-02,3.376123029738664627e-03,1.838717050850391388e-02,1.053373739123344421e-01,4.808575287461280823e-02,4.518345743417739868e-02,9.088552743196487427e-02,1.101693585515022278e-01,7.928445935249328613e-02,-1.685301773250102997e-02,-3.210274130105972290e-02,8.724696934223175049e-02,9.910071268677711487e-03,-1.086365208029747009e-01,1.655068248510360718e-01,-1.310522407293319702e-01,-2.936344221234321594e-02,-5.131577327847480774e-02,9.963771700859069824e-02,-1.967972069978713989e-01,-1.726945936679840088e-01,2.044155299663543701e-01,3.830051049590110779e-02,1.080218404531478882e-01,6.764560192823410034e-02,-2.244859375059604645e-02,2.359745791181921959e-03,5.889469757676124573e-03,2.682928182184696198e-02,1.975444406270980835e-01,2.151295244693756104e-01,7.247747480869293213e-02,1.868976354598999023e-01,1.115399152040481567e-01,8.356612920761108398e-02,-4.923246800899505615e-02,8.190231025218963623e-02,-2.186345309019088745e-02,-4.497451707720756531e-02,-1.938386410474777222e-01,-7.030272483825683594e-02,2.314714342355728149e-02,9.606274217367172241e-02,1.352368146181106567e-01,1.210156157612800598e-01
9.884647279977798462e-02,-3.936971351504325867e-02,6.023615598678588867e-02,8.288752287626266479e-02,1.000000000000000000e+00,6.182997822761535645e-01,1.294082850217819214e-01,1.733939051628112793e-01,4.453147649765014648e-01,4.463338255882263184e-01,5.854877457022666931e-02,8.783850818872451782e-02,2.097567766904830933e-01,2.030951082706451416e-01,1.710578650236129761e-01,3.072975873947143555e-01,8.216240257024765015e-02,-2.463225461542606354e-02,2.585175074636936188e-02,-3.737502172589302063e-02,1.271330714225769043e-01,3.321791291236877441e-01,-6.055037491023540497e-03,-6.579606980085372925e-02,-1.994000375270843506e-02,-4.376711323857307434e-02,3.427411913871765137e-01,4.381209313869476318e-01,-9.969558566808700562e-02,-3.236757218837738037e-02,5.431739985942840576e-02,1.246989667415618896e-01,1.216231510043144226e-01,1.549664139747619629e-01,-2.508250437676906586e-02,6.033114623278379440e-03,1.245914101600646973e-01,-2.998492494225502014e-02,2.037042677402496338e-01,4.732568562030792236e-02,2.054471522569656372e-01,1.116515845060348511e-01,2.908396348357200623e-02,-2.887234836816787720e-02,5.120972637087106705e-03,8.090894669294357300e-03,7.567123323678970337e-02,-6.463901698589324951e-02,2.468878217041492462e-02,-2.088063210248947144e-02,-4.456494003534317017e-02,-2.220536768436431885e-01,-7.787573337554931641e-02,-8.402130752801895142e-02,7.865644991397857666e-02,-1.211840007454156876e-02,-2.690871618688106537e-02,-5.729683861136436462e-02,1.794194057583808899e-02,-1.225270330905914307e-01,1.052554994821548462e-01,1.142174676060676575e-01,4.999311640858650208e-02,-4.476282047107815742e-04,2.142475843429565430e-01,7.670260965824127197e-02,-9.202836081385612488e-03,-8.089762926101684570e-02,-4.950384050607681274e-02,-8.881489932537078857e-02,1.385755836963653564e-02,9.708712249994277954e-02,5.028358846902847290e-02,1.299221534281969070e-02,5.099681764841079712e-02,1.036738827824592590e-01,3.746031969785690308e-02,-6.321668159216642380e-03,4.022412374615669250e-02,-3.335230797529220581e-02,4.876993596553802490e-03,-4.618040844798088074e-02,1.514548808336257935e-01,3.123110905289649963e-02,-1.122767757624387741e-02,-1.111994236707687378e-01,7.356347143650054932e-02,2.958192303776741028e-02,6.064071878790855408e-02,2.965238876640796661e-03,-1.545447409152984619e-01,-8.174788206815719604e-02,6.594482064247131348e-02,-1.031871791929006577e-02,-1.091698091477155685e-02,-3.432043269276618958e-02,-6.732849776744842529e-02,-3.948097676038742065e-02,-6.047666072845458984e-02,-2.316332608461380005e-02,1.088354960083961487e-01,1.598568819463253021e-02,2.073537707328796387e-01,9.379730373620986938e-02,1.393543481826782227e-01,1.758298650383949280e-02,7.553310692310333252e-02,-1.058022840879857540e-03,-8.068459108471870422e-03,-1.405044645071029663e-01,-7.547841221094131470e-02,-3.533779457211494446e-02,1.141218990087509155e-01,7.348124682903289795e-02,1.126461774110794067e-01,-4.599121958017349243e-02
1.517332345247268677e-01,-5.145347677171230316e-04,2.327985595911741257e-03,2.213299870491027832e-01,6.182997822761535645e-01,1.000000000000000000e+00,1.511999219655990601e-01,3.813429176807403564e-01,3.039554655551910400e-01,4.799202084541320801e-01,1.261584460735321045e-01,2.411608099937438965e-01,3.281165957450866699e-01,3.673161566257476807e-01,1.158006489276885986e-01,4.616673588752746582e-01,9.373978525400161743e-02,-2.838535606861114502e-02,4.901966080069541931e-03,5.190388858318328857e-02,2.180379629135131836e-02,2.538649737834930420e-01,-1.440380886197090149e-02,7.421465963125228882e-02,-8.426448702812194824e-02,-2.881267666816711426e-02,2.384191900491714478e-01,5.727761387825012207e-01,-3.916354104876518250e-02,4.335905984044075012e-02,3.702345129568129778e-04,1.064006462693214417e-01,1.415305733680725098e-01,2.320846617221832275e-01,-2.738027600571513176e-03,5.534115806221961975e-02,6.959565728902816772e-02,7.040107250213623047e-02,1.808663010597229004e-01,6.662698835134506226e-02,1.421292275190353394e-01,1.995968669652938843e-01,-1.148166880011558533e-01,-1.217755600810050964e-01,-8.752414584159851074e-02,-7.143869996070861816e-02,-1.363327354192733765e-02,-1.741591989994049072e-01,-3.106729872524738312e-02,-5.731111392378807068e-02,-8.126590400934219360e-02,-1.915773749351501465e-01,-1.023365780711174011e-01,-1.207121834158897400e-01,6.052388623356819153e-02,1.144793629646301270e-02,4.493473470211029053e-02,-5.234234780073165894e-02,1.140529513359069824e-01,-3.643027693033218384e-02,1.700201779603958130e-01,2.478338629007339478e-01,1.013196930289268494e-01,1.111626476049423218e-01,2.349350452423095703e-01,2.471976727247238159e-01,2.387550100684165955e-02,-9.321429580450057983e-02,1.368125900626182556e-03,-5.680526793003082275e-02,-3.649280220270156860e-02,6.092490162700414658e-03,7.435822486877441406e-02,-1.085409615188837051e-02,7.831254601478576660e-02,9.447930008172988892e-02,2.525679022073745728e-02,1.212501898407936096e-02,4.873530194163322449e-02,-4.068847373127937317e-02,4.476047307252883911e-02,-2.271312661468982697e-02,1.108074560761451721e-01,8.100526779890060425e-02,-1.168856211006641388e-02,3.485489264130592346e-02,3.936332091689109802e-02,1.057797893881797791e-01,1.283794790506362915e-01,6.646025180816650391e-02,-1.865130066871643066e-01,-1.476546823978424072e-01,3.501105308532714844e-02,-1.175953298807144165e-01,4.679183289408683777e-02,3.915774170309305191e-03,-4.543490707874298096e-02,-3.983262926340103149e-02,-9.276154637336730957e-02,-2.265352942049503326e-02,1.012970805168151855e-01,-1.029537618160247803e-01,1.891616731882095337e-01,3.016712726093828678e-04,1.927162706851959229e-01,1.027060952037572861e-02,9.813844412565231323e-02,-9.532538242638111115e-03,2.049444243311882019e-02,-1.404710412025451660e-01,-2.001919597387313843e-01,-8.307201415300369263e-02,7.498905062675476074e-02,7.142480462789535522e-02,9.383410215377807617e-02,5.971315875649452209e-02
3.194402754306793213e-01,1.776349730789661407e-03,5.569016933441162109e-01,3.883947134017944336e-01,1.294082850217819214e-01,1.511999219655990601e-01,1.000000000000000000e+00,4.842570126056671143e-01,2.638368904590606689e-01,1.258715987205505371e-01,2.276765853166580200e-01,9.000104665756225586e-02,3.837530016899108887e-01,1.980651766061782837e-01,1.533341258764266968e-01,1.906512826681137085e-01,1.487113442271947861e-02,-1.031606458127498627e-03,3.852709233760833740e-01,1.613139212131500244e-01,1.239591538906097412e-01,-3.177470713853836060e-02,4.070532917976379395e-01,1.644252389669418335e-01,9.587961435317993164e-02,1.749879270792007446e-01,4.649604111909866333e-02,1.911863125860691071e-02,9.008277207612991333e-02,1.108733788132667542e-01,4.345247149467468262e-01,4.445711672306060791e-01,2.672433853149414062e-01,2.796526551246643066e-01,2.196112275123596191e-01,1.958325058221817017e-01,1.502401777543127537e-03,-5.562114715576171875e-02,4.591038823127746582e-02,3.208791837096214294e-02,9.695781022310256958e-02,-2.792584476992487907e-03,1.684583723545074463e-01,1.653073430061340332e-01,2.488977275788784027e-02,-7.576946914196014404e-02,9.679019451141357422e-02,2.162238815799355507e-03,-1.100510805845260620e-01,-1.278377175331115723e-01,1.183103844523429871e-01,4.037302359938621521e-02,-1.504042446613311768e-01,4.249200224876403809e-02,-5.633789300918579102e-02,-1.771220117807388306e-01,-1.598015613853931427e-02,-1.547960937023162842e-01,-1.374091207981109619e-01,-1.334444433450698853e-01,3.179149469360709190e-03,1.480333805084228516e-01,-5.450060218572616577e-02,2.352053299546241760e-02,2.766506373882293701e-01,1.768887788057327271e-01,-1.442719809710979462e-02,-1.834992319345474243e-01,-2.967084050178527832e-01,-3.282224833965301514e-01,1.530655771493911743e-01,1.735736131668090820e-01,1.754992306232452393e-01,1.791183203458786011e-01,2.448858022689819336e-01,1.256565600633621216e-01,2.912774085998535156e-01,2.323702871799468994e-01,6.040599197149276733e-02,-3.431345894932746887e-02,9.133058041334152222e-02,-5.634018778800964355e-02,2.207102924585342407e-01,1.333040837198495865e-02,4.739004373550415039e-02,-5.503439530730247498e-02,4.016955196857452393e-02,-1.383246630430221558e-01,9.232283383607864380e-02,-2.061782479286193848e-01,-2.548926696181297302e-02,-1.480068266391754150e-02,2.320056110620498657e-01,2.603050172328948975e-01,-9.744937531650066376e-03,-3.461331501603126526e-02,-9.061951935291290283e-02,-1.428062766790390015e-01,6.272363662719726562e-02,5.364113673567771912e-02,2.445669323205947876e-01,3.053452074527740479e-01,2.246489971876144409e-01,2.185089439153671265e-01,1.961331814527511597e-01,2.099062353372573853e-01,1.096554771065711975e-01,1.507840752601623535e-01,8.907148241996765137e-02,-1.470951884984970093e-01,4.272004123777151108e-03,7.601877301931381226e-02,2.758522927761077881e-01,2.384251803159713745e-01,1.469184160232543945e-01,-3.367821127176284790e-02
2.024313807487487793e-01,1.281168460845947266e-01,1.186086460947990417e-01,4.866427779197692871e-01,1.733939051628112793e-01,3.813429176807403564e-01,4.842570126056671143e-01,1.000000000000000000e+00,1.709007471799850464e-01,3.193220496177673340e-01,2.015458494424819946e-01,3.955027759075164795e-01,3.808471262454986572e-01,4.798768162727355957e-01,-5.053155124187469482e-02,3.518893122673034668e-01,1.115158572793006897e-01,1.158560886979103088e-01,2.149059474468231201e-01,3.132248520851135254e-01,-8.674100786447525024e-02,-2.242315001785755157e-02,3.891936317086219788e-02,2.463619709014892578e-01,-1.991978287696838379e-01,9.970137849450111389e-03,-7.603346556425094604e-02,1.601042151451110840e-01,8.350295573472976685e-02,2.099452167749404907e-01,2.215517312288284302e-01,3.361002802848815918e-01,3.071584701538085938e-01,4.402814209461212158e-01,1.141967773437500000e-01,1.609757393598556519e-01,-5.687826871871948242e-02,-5.031863972544670105e-02,-1.840284280478954315e-02,-2.214410714805126190e-02,1.167341717518866062e-03,5.107670649886131287e-02,-6.431286782026290894e-02,-4.044653102755546570e-02,-8.450710773468017578e-02,-1.303542554378509521e-01,-4.619522392749786377e-02,-1.334934830665588379e-01,-6.893754005432128906e-02,-1.118806749582290649e-01,-3.482083976268768311e-02,-8.896706625819206238e-03,-5.499432235956192017e-02,6.073240190744400024e-02,-1.298594325780868530e-01,-8.180297911167144775e-02,1.440367288887500763e-02,-1.222269907593727112e-01,7.387646287679672241e-02,-5.240261182188987732e-02,1.816954612731933594e-01,3.319469094276428223e-01,1.140254512429237366e-01,1.785634905099868774e-01,2.980741262435913086e-01,3.828386664390563965e-01,3.708134219050407410e-02,-7.680666446685791016e-02,-1.271536350250244141e-01,-1.504950374364852905e-01,2.534922678023576736e-04,8.944664150476455688e-03,8.990855515003204346e-02,1.462220251560211182e-01,1.525210291147232056e-01,8.153744786977767944e-02,2.320213764905929565e-01,2.824370563030242920e-01,1.461359262466430664e-01,1.816268078982830048e-03,6.046873331069946289e-02,-4.901622235774993896e-02,6.249994412064552307e-02,-8.398666046559810638e-03,-9.247928857803344727e-02,1.587729714810848236e-02,-9.310606867074966431e-02,1.673282589763402939e-03,-1.049161106348037720e-01,-6.223982945084571838e-02,-1.540745347738265991e-01,-1.547424942255020142e-01,1.447989791631698608e-01,-1.220642998814582825e-01,5.756565928459167480e-02,-9.742592461407184601e-03,-9.780148416757583618e-02,-1.079824715852737427e-01,3.131519770249724388e-03,-3.176524117588996887e-02,1.247967705130577087e-01,1.795510202646255493e-02,1.580888926982879639e-01,1.074143573641777039e-01,1.302153021097183228e-01,6.367178261280059814e-02,7.261352613568305969e-03,5.685682594776153564e-02,-8.736001700162887573e-02,-7.350647449493408203e-02,-1.601096093654632568e-01,-1.372715681791305542e-01,8.932486176490783691e-02,1.033886894583702087e-01,8.780885487794876099e-02,4.366574063897132874e-02
8.421563357114791870e-02,-1.394250690937042236e-01,1.905213594436645508e-01,1.200651079416275024e-01,4.453147649765014648e-01,3.039554655551910400e-01,2.638368904590606689e-01,1.709007471799850464e-01,1.000000000000000000e+00,5.621843338012695312e-01,6.980888545513153076e-02,-5.359057104215025902e-04,1.354494839906692505e-01,8.243437856435775757e-02,3.159112334251403809e-01,2.519444525241851807e-01,-8.641090989112854004e-02,-8.537790924310684204e-02,1.856585443019866943e-01,-2.682225033640861511e-02,9.603481739759445190e-02,1.585476472973823547e-02,2.765209078788757324e-01,2.960311993956565857e-02,2.814376354217529297e-01,2.647423744201660156e-01,2.182585895061492920e-01,1.880361437797546387e-01,2.835641242563724518e-02,1.004060357809066772e-01,2.114327996969223022e-01,2.432711273431777954e-01,-1.061225868761539459e-02,2.532088756561279297e-02,5.618542432785034180e-02,2.692680247128009796e-02,-5.356035381555557251e-02,-1.176108792424201965e-01,-6.192311178892850876e-03,-3.661586716771125793e-02,2.805757895112037659e-02,-8.756046742200851440e-02,8.594197779893875122e-02,8.970805257558822632e-02,-1.090972125530242920e-01,-1.782852858304977417e-01,-4.381522908806800842e-02,-8.978047966957092285e-02,-2.124655097723007202e-01,-2.142398506402969360e-01,8.710049092769622803e-03,-1.091961115598678589e-01,-2.776921689510345459e-01,3.085715323686599731e-02,-2.965135686099529266e-02,-4.994723945856094360e-03,-1.327694207429885864e-01,-1.239854767918586731e-01,-2.125566601753234863e-01,-2.217272222042083740e-01,-3.463571146130561829e-02,6.050351075828075409e-04,-1.469915062189102173e-01,-1.226996034383773804e-01,2.262548059225082397e-01,9.565957635641098022e-02,-1.814301013946533203e-01,-2.861004769802093506e-01,-2.618585228919982910e-01,-2.752279639244079590e-01,-5.145591869950294495e-02,-1.416012365370988846e-02,8.102744817733764648e-02,1.857838183641433716e-01,1.038536205887794495e-01,6.654529273509979248e-02,3.492165729403495789e-02,1.087462902069091797e-02,-8.263102918863296509e-02,-4.582183063030242920e-02,-1.748977601528167725e-02,8.874017745256423950e-03,7.347863167524337769e-02,-1.079292073845863342e-01,-2.519094944000244141e-02,-1.368265599012374878e-01,6.749723106622695923e-03,8.281059563159942627e-03,1.154247149825096130e-01,-6.352363526821136475e-02,3.507884964346885681e-02,4.739949479699134827e-02,2.533387243747711182e-01,2.157584130764007568e-01,4.372023791074752808e-02,9.160518646240234375e-03,2.314830198884010315e-02,7.770831882953643799e-02,9.725558012723922729e-02,1.319003105163574219e-01,1.303064674139022827e-01,2.040127962827682495e-01,1.908116191625595093e-01,1.824662685394287109e-01,1.286283284425735474e-01,1.615902483463287354e-01,5.695290863513946533e-02,2.843260578811168671e-02,8.367065340280532837e-02,5.310054495930671692e-02,1.104512885212898254e-01,1.085435301065444946e-01,2.058859020471572876e-01,1.299693584442138672e-01,1.635556370019912720e-01,-2.850815653800964355e-02
1.255734711885452271e-01,2.238304726779460907e-02,-1.200396101921796799e-02,1.985658407211303711e-01,4.463338255882263184e-01,4.799202084541320801e-01,1.258715987205505371e-01,3.193220496177673340e-01,5.621843338012695312e-01,1.000000000000000000e+00,1.185973361134529114e-01,1.335890293121337891e-01,1.573301851749420166e-01,2.733208537101745605e-01,2.244178801774978638e-01,3.747986853122711182e-01,3.033789992332458496e-02,-4.523172229528427124e-02,1.181218922138214111e-01,5.920820869505405426e-03,1.416271179914474487e-02,5.792448669672012329e-02,1.311760842800140381e-01,6.637838482856750488e-02,1.595893204212188721e-01,1.494776010513305664e-01,2.071000188589096069e-01,3.141751885414123535e-01,8.984722197055816650e-02,1.562240123748779297e-01,8.296364545822143555e-02,1.964167356491088867e-01,-3.674833476543426514e-02,4.521295055747032166e-02,-3.480663895606994629e-02,3.657646849751472473e-02,1.940049603581428528e-02,-1.186526790261268616e-01,2.869072742760181427e-02,-1.020586937665939331e-01,8.501824736595153809e-02,-1.126527693122625351e-02,1.414230093359947205e-02,5.962853133678436279e-02,-8.919312059879302979e-02,-1.377500295639038086e-01,-2.874423377215862274e-02,-6.855325400829315186e-02,-1.519401073455810547e-01,-1.416183710098266602e-01,-1.048997193574905396e-01,-1.826362013816833496e-01,-3.390455543994903564e-01,-9.549061208963394165e-02,-1.632244884967803955e-02,1.980175822973251343e-02,5.357417836785316467e-02,2.703141793608665466e-02,-1.069923713803291321e-01,-1.217836886644363403e-01,3.107339516282081604e-02,1.401575803756713867e-01,4.409317334648221731e-04,4.752109199762344360e-02,1.877546906471252441e-01,2.347841709852218628e-01,-1.849280893802642822e-01,-2.772096991539001465e-01,-5.662607774138450623e-02,-1.736144274473190308e-01,-5.970637872815132141e-02,-4.328763484954833984e-02,9.749435633420944214e-02,1.630384176969528198e-01,8.043490350246429443e-02,8.288037776947021484e-02,3.037100844085216522e-02,3.481723740696907043e-02,-5.157474428415298462e-02,-3.666479513049125671e-02,3.150751069188117981e-02,4.283130913972854614e-02,-4.299302399158477783e-02,-1.103684902191162109e-01,-6.749603897333145142e-02,-1.014345735311508179e-01,-7.961640134453773499e-03,1.394381374120712280e-02,7.811802625656127930e-02,-3.127587586641311646e-02,-9.118441492319107056e-02,-1.483053714036941528e-01,1.335483044385910034e-01,-7.474708557128906250e-02,5.927141755819320679e-02,5.437297280877828598e-03,5.236349254846572876e-02,8.056172728538513184e-02,1.275863051414489746e-01,1.154703199863433838e-01,5.942578241229057312e-02,-1.151008158922195435e-02,1.644848138093948364e-01,7.728667557239532471e-02,1.398453414440155029e-01,8.570854365825653076e-02,4.559157788753509521e-02,-7.653436809778213501e-02,3.042932227253913879e-02,2.903138473629951477e-02,-1.625584438443183899e-02,-3.704017028212547302e-02,4.248094931244850159e-02,-1.669703796505928040e-02,1.334067583084106445e-01,3.101137466728687286e-02
4.084986150264739990e-01,6.152803450822830200e-02,2.071621268987655640e-01,9.827412664890289307e-02,5.854877457022666931e-02,1.261584460735321045e-01,2.276765853166580200e-01,2.015458494424819946e-01,6.980888545513153076e-02,1.185973361134529114e-01,1.000000000000000000e+00,1.945199519395828247e-01,4.476919174194335938e-01,1.990274488925933838e-01,2.692075371742248535e-01,1.135854050517082214e-01,3.995287716388702393e-01,1.513905972242355347e-01,2.266480922698974609e-01,3.928752243518829346e-02,-3.352057188749313354e-02,-2.589044347405433655e-02,1.484966874122619629e-01,8.278916776180267334e-02,8.862348645925521851e-02,-2.185039222240447998e-02,1.374513953924179077e-01,1.260126680135726929e-01,3.073910772800445557e-01,1.179568096995353699e-01,4.793939180672168732e-03,6.509967893362045288e-02,9.698670357465744019e-02,1.009503528475761414e-01,3.203018903732299805e-01,2.241047769784927368e-01,9.898938983678817749e-02,5.169640854001045227e-02,1.770352572202682495e-01,1.324212700128555298e-01,1.712596565485000610e-01,1.171562373638153076e-01,5.203046277165412903e-02,1.008957847952842712e-01,-7.737365551292896271e-03,2.867702022194862366e-02,1.308553069829940796e-01,1.572673618793487549e-01,1.028024312108755112e-02,1.147114038467407227e-01,1.845568269491195679e-01,1.954963058233261108e-01,-9.643579833209514618e-03,1.601829081773757935e-01,2.517463581170886755e-04,2.177284210920333862e-01,1.234749257564544678e-01,-2.000726573169231415e-02,2.132969163358211517e-02,-3.457357361912727356e-02,1.065930426120758057e-01,1.148784682154655457e-01,1.515180766582489014e-01,1.168572604656219482e-01,3.157887160778045654e-01,3.618287146091461182e-01,1.241338625550270081e-02,-1.083630099892616272e-01,-1.355414241552352905e-01,-6.462586671113967896e-02,-1.252799108624458313e-02,-9.659101814031600952e-02,1.919122934341430664e-01,2.124258726835250854e-01,1.414612233638763428e-01,1.421973854303359985e-01,3.920486271381378174e-01,3.363218009471893311e-01,1.238420605659484863e-01,3.870392590761184692e-02,5.936776474118232727e-02,1.167252287268638611e-01,1.453242450952529907e-01,-1.572916209697723389e-01,3.269717469811439514e-02,4.043368995189666748e-02,-4.724659398198127747e-02,-7.932981848716735840e-02,2.414433211088180542e-01,1.651924401521682739e-01,-2.341453358530998230e-02,4.911327362060546875e-02,5.147762596607208252e-02,1.323022972792387009e-02,6.653951853513717651e-02,4.878808185458183289e-02,1.209640130400657654e-01,1.528216600418090820e-01,2.218601405620574951e-01,2.486847490072250366e-01,-2.537405584007501602e-03,7.760044932365417480e-02,1.293972134590148926e-01,3.317519277334213257e-02,2.449973374605178833e-01,2.124931961297988892e-01,-2.132573537528514862e-02,1.654810272157192230e-02,2.663265913724899292e-02,5.125837028026580811e-02,1.059624329209327698e-01,1.105024889111518860e-01,2.206099182367324829e-01,1.045683920383453369e-01,1.664626002311706543e-01,7.420430332422256470e-02
2.406273931264877319e-01,2.087970077991485596e-01,-3.152344748377799988e-02,1.031746268272399902e-01,8.783850818872451782e-02,2.411608099937438965e-01,9.000104665756225586e-02,3.955027759075164795e-01,-5.359057104215025902e-04,1.335890293121337891e-01,1.945199519395828247e-01,1.000000000000000000e+00,3.518490195274353027e-01,5.700274705886840820e-01,6.378358602523803711e-02,4.120497405529022217e-01,1.380832493305206299e-01,1.953600794076919556e-01,6.305882334709167480e-02,1.044680252671241760e-01,-1.031555384397506714e-01,-1.034534126520156860e-01,-1.191161423921585083e-01,7.646481692790985107e-02,-1.419358402490615845e-01,-6.297306716442108154e-02,-1.203021183609962463e-01,8.095538616180419922e-02,9.535447508096694946e-02,1.689939200878143311e-01,-5.604602769017219543e-02,2.823367528617382050e-02,1.148515716195106506e-01,1.716769784688949585e-01,-2.828960679471492767e-02,7.893761619925498962e-03,-1.145063638687133789e-01,-1.072405353188514709e-01,-1.162541937083005905e-02,-6.895773857831954956e-02,-5.419022217392921448e-02,4.175350069999694824e-02,-2.106185704469680786e-01,-2.149956375360488892e-01,-1.398954540491104126e-01,-1.624180078506469727e-01,-2.074692547321319580e-01,-3.094205856323242188e-01,-4.966694861650466919e-02,-1.526452749967575073e-01,-3.730173036456108093e-02,-1.238438934087753296e-01,1.610039174556732178e-02,-6.013648211956024170e-02,4.893022403120994568e-02,6.372794974595308304e-03,1.099183708429336548e-01,3.635155782103538513e-02,8.838526904582977295e-02,-5.546222627162933350e-02,2.564638257026672363e-01,2.469264864921569824e-01,3.286080062389373779e-01,1.840777546167373657e-01,3.193580210208892822e-01,1.503379195928573608e-01,-1.779508404433727264e-02,-2.165953814983367920e-02,-2.956056036055088043e-02,2.417806535959243774e-02,-1.046681702136993408e-01,-2.406875044107437134e-02,1.127593219280242920e-01,5.314717441797256470e-02,1.210737526416778564e-01,-5.577463191002607346e-03,6.992530077695846558e-02,-1.240355893969535828e-02,7.287096977233886719e-02,-6.856732070446014404e-02,6.372811645269393921e-02,-7.890111207962036133e-02,1.981719955801963806e-02,7.061616331338882446e-02,3.248404245823621750e-03,9.499506652355194092e-02,-9.266843646764755249e-02,2.423964887857437134e-01,2.195117995142936707e-03,8.465453982353210449e-02,-9.281836450099945068e-02,-1.168047785758972168e-01,-2.081870473921298981e-02,-2.082046717405319214e-01,4.429648071527481079e-02,9.150914265774190426e-04,4.094259347766637802e-03,-4.869895800948143005e-02,-5.322445929050445557e-02,-8.340831845998764038e-02,-6.490412354469299316e-02,-1.288051605224609375e-01,3.421795740723609924e-02,-4.134818166494369507e-02,1.290999203920364380e-01,8.886335417628288269e-03,5.296736024320125580e-03,-6.951315328478813171e-03,-9.601837396621704102e-02,-9.658906608819961548e-02,-1.581605076789855957e-01,-1.437883377075195312e-01,3.073907457292079926e-02,-3.524615243077278137e-02,-4.126456100493669510e-03,1.292981803417205811e-01
2.666896283626556396e-01,9.175033867359161377e-02,4.673632979393005371e-02,-2.582164295017719269e-02,2.097567766904830933e-01,3.281165957450866699e-01,3.837530016899108887e-01,3.808471262454986572e-01,1.354494839906692505e-01,1.573301851749420166e-01,4.476919174194335938e-01,3.518490195274353027e-01,1.000000000000000000e+00,5.084455013275146484e-01,3.733126521110534668e-01,3.169007003307342529e-01,2.689544260501861572e-01,5.396995320916175842e-02,5.776031687855720520e-02,-7.863610982894897461e-02,5.551668256521224976e-02,7.963296025991439819e-02,1.231295405887067318e-03,-1.599105745553970337e-01,-3.627121075987815857e-02,-7.221200503408908844e-03,8.938769251108169556e-02,1.524702310562133789e-01,1.450041979551315308e-01,9.243379533290863037e-02,8.307503163814544678e-02,7.084153592586517334e-02,1.589070707559585571e-01,1.481828689575195312e-01,5.826171115040779114e-02,1.234530434012413025e-01,6.481570750474929810e-02,-9.345017373561859131e-02,8.195054531097412109e-02,-7.651692721992731094e-03,1.263919919729232788e-01,1.174615100026130676e-01,-6.602553278207778931e-02,-6.552287936210632324e-02,-8.854925632476806641e-02,-1.733530461788177490e-01,-5.837248638272285461e-02,-1.535860598087310791e-01,-1.062612310051918030e-01,-1.427970826625823975e-01,-5.764462053775787354e-02,-8.879177272319793701e-02,-7.074730843305587769e-02,-3.125127404928207397e-02,4.405502602458000183e-02,-1.099536567926406860e-01,5.158222466707229614e-02,-1.167849078774452209e-01,6.994283944368362427e-02,-1.456806957721710205e-01,3.641189932823181152e-01,3.403831720352172852e-01,2.743476629257202148e-01,1.894318014383316040e-01,3.118084967136383057e-01,1.961153447628021240e-01,3.785988548770546913e-03,-1.941510885953903198e-01,-9.575112164020538330e-02,-1.234517619013786316e-01,3.699801629409193993e-03,2.779560908675193787e-02,1.170859262347221375e-01,1.571338027715682983e-01,8.846610039472579956e-02,4.180334508419036865e-02,2.567655444145202637e-01,1.795470416545867920e-01,6.056365743279457092e-02,-2.087372727692127228e-02,1.453671753406524658e-01,-5.508303176611661911e-03,1.477455943822860718e-01,4.633971676230430603e-02,-1.169582549482584000e-02,-8.171092718839645386e-02,2.637926116585731506e-02,9.899390861392021179e-03,2.172452062368392944e-01,-5.626345053315162659e-02,-4.156476631760597229e-02,-6.259438395500183105e-02,4.719335585832595825e-02,1.027878560125827789e-02,-2.142594661563634872e-03,-5.174976214766502380e-02,-5.427425354719161987e-02,-1.072171702980995178e-01,-2.957759425044059753e-02,-6.746852397918701172e-02,1.210730597376823425e-01,6.159482058137655258e-03,1.226808652281761169e-01,9.234276600182056427e-03,1.872130185365676880e-01,1.325507462024688721e-01,8.762930333614349365e-02,6.574357300996780396e-02,-2.495552413165569305e-02,-1.199267730116844177e-01,-4.874733462929725647e-02,-4.265168309211730957e-02,1.680269986391067505e-01,1.001527830958366394e-01,6.545578688383102417e-02,-4.389936104416847229e-02
