1.000000000000000000e+00,3.859519958496093750e-01,3.422123491764068604e-01,4.228722155094146729e-01,1.243616361171007156e-02,7.217094767838716507e-03,3.805337250232696533e-01,3.923211693763732910e-01,7.557062059640884399e-02,9.958729147911071777e-02,4.660319983959197998e-01,4.088920056819915771e-01,3.805953264236450195e-01,3.319000303745269775e-01,1.021793112158775330e-01,6.086499989032745361e-02,2.889476120471954346e-01,7.604280114173889160e-02,7.142002880573272705e-02,2.681373655796051025e-01,1.205144822597503662e-01,-9.972910583019256592e-02,2.886684797704219818e-02,1.357873231172561646e-01,7.525681704282760620e-02,-7.209537178277969360e-02,-1.281169354915618896e-01,5.968235060572624207e-02,4.214815497398376465e-01,3.731591999530792236e-01,7.741980254650115967e-03,1.339228153228759766e-01,3.428912758827209473e-01,2.912980318069458008e-01,7.985456287860870361e-02,9.184970706701278687e-02,9.091687388718128204e-03,-1.081182509660720825e-01,5.172445904463529587e-03,-6.783396750688552856e-02,1.796065866947174072e-01,1.215489581227302551e-01,-5.400688573718070984e-02,1.435065567493438721e-01,-1.036393791437149048e-01,3.101749904453754425e-02,3.912206739187240601e-03,-2.667197957634925842e-02,-4.076104611158370972e-02,-6.442940980195999146e-02,1.033260524272918701e-01,-1.108467727899551392e-01,2.359148859977722168e-01,1.142769828438758850e-01,1.559806019067764282e-01,4.298334941267967224e-02,3.931467533111572266e-01,1.286076605319976807e-01,1.247652843594551086e-01,1.018922552466392517e-01,6.083162501454353333e-02,8.155539631843566895e-02,2.010241299867630005e-01,-6.845876108855009079e-03,4.412022233009338379e-02,1.150328069925308228e-01,2.097700983285903931e-01,1.442525833845138550e-01,5.014864206314086914e-01,3.336098790168762207e-01,1.916130036115646362e-01,2.094707936048507690e-01,1.512406170368194580e-01,2.029595822095870972e-01,-1.504375636577606201e-01,-1.210054978728294373e-01,3.093992359936237335e-02,3.956548124551773071e-02,-5.630495026707649231e-02,1.037703230977058411e-01,3.414277732372283936e-02,-3.178350627422332764e-02,1.867536157369613647e-01,3.142551705241203308e-02,2.951896516606211662e-03,-1.165731251239776611e-01,6.586941331624984741e-02,-5.834456160664558411e-02,5.856926087290048599e-03,-2.865639142692089081e-02,-8.440753445029258728e-03,-1.562718152999877930e-01,-1.035260036587715149e-01,-1.216762512922286987e-01,-5.555696412920951843e-02,1.444062869995832443e-02,-7.287289947271347046e-02,-2.159875072538852692e-02,-7.351314276456832886e-02,-1.330093443393707275e-01,-1.429484691470861435e-02,-2.002395689487457275e-01,-1.819578707218170166e-01,-2.515566945075988770e-01,-1.633898019790649414e-01,-1.348995268344879150e-01,-1.690546125173568726e-01,-1.246155127882957458e-01,-1.006046235561370850e-01,-1.394815593957901001e-01,1.009243130683898926e-01,-1.826402246952056885e-01,-1.305018514394760132e-01,-2.480813711881637573e-01,-1.430152803659439087e-01,-1.913153529167175293e-01
3.859519958496093750e-01,1.000000000000000000e+00,4.023313522338867188e-01,2.757124900817871094e-01,1.558964103460311890e-01,1.546259373426437378e-01,2.743915021419525146e-01,2.517794370651245117e-01,3.220758736133575439e-01,3.845638334751129150e-01,3.619292974472045898e-01,4.255302846431732178e-01,4.148915708065032959e-01,4.460792541503906250e-01,3.099279999732971191e-01,3.425655364990234375e-01,3.863504827022552490e-01,5.182985067367553711e-01,6.389355659484863281e-02,4.873829707503318787e-02,2.406405061483383179e-01,9.019181132316589355e-02,3.200263679027557373e-01,2.852523326873779297e-01,3.087439239025115967e-01,1.815918534994125366e-01,3.524291142821311951e-02,2.439348101615905762e-01,3.385069668292999268e-01,5.274593830108642578e-01,2.632692754268646240e-01,3.079441785812377930e-01,4.000045359134674072e-01,4.212726056575775146e-01,-7.839824073016643524e-03,3.067737817764282227e-02,2.845336496829986572e-01,1.646106392145156860e-01,1.455855816602706909e-01,1.672168523073196411e-01,3.813491463661193848e-01,3.428353369235992432e-01,2.392218410968780518e-01,3.316272199153900146e-01,1.069958582520484924e-01,1.911490112543106079e-01,2.388755977153778076e-01,2.521611452102661133e-01,3.357747104018926620e-03,1.923134177923202515e-02,1.617072820663452148e-01,2.334622144699096680e-01,2.212122529745101929e-01,1.014747321605682373e-01,3.107579052448272705e-01,2.387131452560424805e-01,5.143766999244689941e-01,5.569257140159606934e-01,1.316939759999513626e-02,3.792483359575271606e-03,-2.110704593360424042e-02,2.139691263437271118e-02,9.655164927244186401e-02,1.530371457338333130e-01,1.752280294895172119e-01,9.837805479764938354e-02,1.443068981170654297e-01,1.393512040376663208e-01,1.127502322196960449e-02,1.814411878585815430e-01,3.391001224517822266e-01,4.023752510547637939e-01,2.175588607788085938e-01,4.053609371185302734e-01,-1.204871851950883865e-02,5.297463014721870422e-02,1.167366057634353638e-01,2.058900445699691772e-01,3.263351917266845703e-01,4.637184143066406250e-01,3.525830805301666260e-01,4.672843217849731445e-01,1.207211613655090332e-01,1.990922987461090088e-01,4.222997426986694336e-01,4.414722025394439697e-01,1.820623129606246948e-01,2.694968581199645996e-01,3.535246849060058594e-01,3.003495633602142334e-01,1.400547027587890625e-01,9.396353363990783691e-02,4.739240929484367371e-02,5.760305002331733704e-02,-1.382985990494489670e-02,1.653351634740829468e-01,6.198417395353317261e-02,1.771998852491378784e-01,2.174163982272148132e-02,4.171549901366233826e-02,1.221785601228475571e-02,4.667113348841667175e-02,-2.019808441400527954e-01,-1.971775293350219727e-01,-1.640628278255462646e-01,-2.221978642046451569e-02,-2.174473553895950317e-01,7.308382540941238403e-02,3.980473056435585022e-02,-3.287366777658462524e-02,1.521859169006347656e-01,5.187592655420303345e-02,8.454641699790954590e-02,6.782227754592895508e-02,3.308121487498283386e-02,-1.381057053804397583e-01
3.422123491764068604e-01,4.023313522338867188e-01,1.000000000000000000e+00,7.807949185371398926e-01,3.583655357360839844e-01,2.129893600940704346e-01,7.125748395919799805e-01,6.622008085250854492e-01,4.192482233047485352e-01,4.105563461780548096e-01,3.998054862022399902e-01,5.161176323890686035e-01,4.098404645919799805e-01,5.041989088058471680e-01,3.457435369491577148e-01,3.400642871856689453e-01,3.177944719791412354e-01,2.266769260168075562e-01,2.584988474845886230e-01,3.150731325149536133e-01,3.310508430004119873e-01,1.109010130167007446e-01,6.206482052803039551e-01,6.721196770668029785e-01,4.635890424251556396e-01,3.439532816410064697e-01,2.124900519847869873e-01,3.388466536998748779e-01,5.467138886451721191e-01,5.597794055938720703e-01,5.057824850082397461e-01,5.515266656875610352e-01,5.087718367576599121e-01,5.272842049598693848e-01,5.953463912010192871e-02,6.135671585798263550e-02,2.108837813138961792e-01,1.895497292280197144e-01,2.207936048507690430e-01,2.511540651321411133e-01,4.073325693607330322e-01,3.307664394378662109e-01,-8.522874861955642700e-02,8.504739403724670410e-02,-1.208675354719161987e-01,-3.996574133634567261e-02,8.727864921092987061e-02,8.010824769735336304e-02,-1.632517427206039429e-01,-1.935505568981170654e-01,-1.346386820077896118e-01,-1.890996545553207397e-01,5.154151096940040588e-02,-6.329555064439773560e-02,2.993468642234802246e-01,2.555842995643615723e-01,1.216487586498260498e-01,6.284696608781814575e-02,-8.064358681440353394e-02,-5.204581469297409058e-02,-7.820060849189758301e-02,-2.034025453031063080e-02,2.053234493359923363e-03,5.524519085884094238e-02,-6.705093197524547577e-03,-4.224564507603645325e-02,1.313601434230804443e-02,2.576507814228534698e-02,1.877843588590621948e-01,1.881597787141799927e-01,4.522794783115386963e-01,4.969190359115600586e-01,3.490216732025146484e-01,4.961630105972290039e-01,1.475612819194793701e-01,1.823429763317108154e-01,1.882852464914321899e-01,2.825309336185455322e-01,1.043217480182647705e-01,1.614620387554168701e-01,1.512014269828796387e-01,1.211608499288558960e-01,2.741616070270538330e-01,2.090384513139724731e-01,3.065270185470581055e-02,7.626345008611679077e-02,8.481585979461669922e-02,1.421563327312469482e-01,1.133762076497077942e-01,7.758751511573791504e-02,3.200640901923179626e-02,-1.110682263970375061e-01,-1.326612681150436401e-01,-2.022926360368728638e-01,-2.132746577262878418e-02,1.415881216526031494e-01,-1.283721439540386200e-02,2.002964168787002563e-02,-1.249238476157188416e-02,-5.028594285249710083e-02,-9.500178694725036621e-02,-2.262620925903320312e-01,-2.307095527648925781e-01,-2.638540863990783691e-01,-1.881408095359802246e-01,-7.491528987884521484e-02,-1.772524416446685791e-01,2.339376695454120636e-02,7.327759265899658203e-02,-5.754720419645309448e-02,6.228830292820930481e-02,-7.281213998794555664e-02,-1.556218862533569336e-01,-3.409174829721450806e-02,-5.974934622645378113e-02,-2.673243544995784760e-02
4.228722155094146729e-01,2.757124900817871094e-01,7.807949185371398926e-01,1.000000000000000000e+00,2.862353324890136719e-01,1.425942480564117432e-01,7.268324494361877441e-01,7.545188665390014648e-01,3.993365764617919922e-01,3.835188746452331543e-01,4.339794218540191650e-01,5.712694525718688965e-01,4.415599405765533447e-01,5.508387088775634766e-01,3.000645339488983154e-01,3.013310730457305908e-01,3.668606281280517578e-01,1.148583590984344482e-01,1.917769312858581543e-01,3.641965389251708984e-01,3.312430381774902344e-01,1.003245189785957336e-01,5.671858787536621094e-01,7.008059024810791016e-01,3.990578055381774902e-01,3.192153573036193848e-01,1.218456998467445374e-01,2.519748806953430176e-01,6.006072163581848145e-01,5.791479945182800293e-01,4.825643301010131836e-01,5.606769919395446777e-01,4.920959770679473877e-01,5.156382322311401367e-01,6.334608048200607300e-02,8.175208419561386108e-02,1.618535518646240234e-01,1.617997139692306519e-01,1.416884660720825195e-01,1.344778239727020264e-01,3.927484452724456787e-01,3.182439804077148438e-01,-1.626153588294982910e-01,3.150182589888572693e-02,-1.635673046112060547e-01,-5.005722492933273315e-02,5.177594348788261414e-02,3.719941526651382446e-02,-1.637489944696426392e-01,-1.670324951410293579e-01,-1.411379128694534302e-01,-2.210657298564910889e-01,5.004013329744338989e-02,-1.981263607740402222e-02,2.764233946800231934e-01,2.028113156557083130e-01,6.842557340860366821e-02,-2.776045724749565125e-02,-9.082149714231491089e-02,-8.512387983500957489e-03,-6.649590283632278442e-02,2.130223438143730164e-02,4.770944267511367798e-02,5.067294463515281677e-02,-1.369125097990036011e-01,-5.907882750034332275e-02,5.209843162447214127e-03,3.130016848444938660e-02,2.755964100360870361e-01,2.364307790994644165e-01,4.128595292568206787e-01,4.476808309555053711e-01,2.831260561943054199e-01,4.757231473922729492e-01,1.033300831913948059e-01,1.111368313431739807e-01,2.244804203510284424e-01,3.048840761184692383e-01,5.121977627277374268e-02,9.979727119207382202e-02,8.971843868494033813e-02,-3.960189875215291977e-03,2.826288342475891113e-01,1.852261424064636230e-01,-8.559910207986831665e-02,-1.574331335723400116e-02,5.125642940402030945e-02,1.052579134702682495e-01,4.654793068766593933e-02,3.082569129765033722e-02,3.480216488242149353e-02,-7.649001479148864746e-02,-8.937346190214157104e-02,-1.621108949184417725e-01,-1.906555518507957458e-02,7.957265526056289673e-02,-4.917547479271888733e-02,-1.646324992179870605e-02,3.736581653356552124e-02,2.354975044727325439e-02,-9.432676434516906738e-02,-2.176181375980377197e-01,-1.700308769941329956e-01,-2.139967083930969238e-01,-1.954439133405685425e-01,-8.222159743309020996e-02,-1.523990929126739502e-01,-3.351840749382972717e-02,2.779167331755161285e-02,-1.324344724416732788e-01,9.122236073017120361e-02,-1.817828789353370667e-02,-1.631595641374588013e-01,-6.111209094524383545e-02,2.032754942774772644e-02,-4.144619032740592957e-02
1.243616361171007156e-02,1.558964103460311890e-01,3.583655357360839844e-01,2.862353324890136719e-01,1.000000000000000000e+00,7.361916303634643555e-01,1.897308975458145142e-01,2.773527204990386963e-01,4.792931079864501953e-01,4.253670871257781982e-01,1.597025543451309204e-01,2.373957335948944092e-01,1.520578414201736450e-01,2.141695320606231689e-01,4.274614155292510986e-01,4.320781230926513672e-01,5.789417400956153870e-02,1.488775312900543213e-01,2.441764175891876221e-01,1.675371825695037842e-01,1.960911601781845093e-01,2.080231457948684692e-01,4.985492527484893799e-01,3.479302823543548584e-01,4.510106146335601807e-01,4.402281045913696289e-01,6.478793621063232422e-01,5.591706037521362305e-01,2.740817368030548096e-01,3.034402430057525635e-01,4.318383336067199707e-01,3.943839371204376221e-01,2.775319218635559082e-01,2.960677146911621094e-01,-4.344945773482322693e-02,-3.491697087883949280e-02,2.446343749761581421e-01,2.421202510595321655e-01,2.791504859924316406e-01,4.121356308460235596e-01,2.624391913414001465e-01,2.122323960065841675e-01,-1.044139191508293152e-01,-5.214348807930946350e-02,-4.284819215536117554e-02,-4.629791155457496643e-02,7.764219492673873901e-02,4.232286289334297180e-02,-2.882259141188114882e-04,-9.743332117795944214e-02,-1.197425052523612976e-01,-1.587552130222320557e-01,-1.224933713674545288e-01,-1.364381462335586548e-01,1.466379463672637939e-01,3.185258805751800537e-01,-6.050290912389755249e-02,-1.205947324633598328e-01,-1.348483860492706299e-01,-4.489679262042045593e-02,-1.468500941991806030e-01,-1.159775927662849426e-01,-9.818533807992935181e-02,-3.441600594669580460e-03,-1.101446077227592468e-01,8.699053898453712463e-03,5.561784282326698303e-02,5.065152794122695923e-02,5.330992490053176880e-02,1.368930935859680176e-01,3.666732907295227051e-01,3.908128142356872559e-01,3.911933004856109619e-01,3.732823729515075684e-01,2.727522850036621094e-01,2.417213618755340576e-01,3.899844735860824585e-02,1.150857135653495789e-01,6.524787843227386475e-02,5.207770736888051033e-04,5.215815454721450806e-02,4.433583095669746399e-02,1.636651158332824707e-01,9.504480659961700439e-02,2.198226191103458405e-02,6.076536700129508972e-02,7.274659723043441772e-02,1.580481976270675659e-01,1.257450431585311890e-01,6.578394770622253418e-02,-1.743753254413604736e-02,-1.409657299518585205e-01,-1.181458458304405212e-01,-2.020250111818313599e-01,5.318331718444824219e-02,8.956813812255859375e-02,-9.954325109720230103e-02,1.797452941536903381e-02,2.385166659951210022e-02,-6.311935186386108398e-02,-1.419992595911026001e-01,-1.953170448541641235e-01,-1.210468485951423645e-01,-1.726568937301635742e-01,-1.033662185072898865e-01,1.853861100971698761e-02,-1.466410816647112370e-03,-2.386361127719283104e-03,8.343355357646942139e-02,7.515328377485275269e-02,-1.865444034337997437e-01,-1.444620937108993530e-01,-1.958131641149520874e-01,6.885837018489837646e-02,7.198646198958158493e-03,1.971743404865264893e-01
7.217094767838716507e-03,1.546259373426437378e-01,2.129893600940704346e-01,1.425942480564117432e-01,7.361916303634643555e-01,1.000000000000000000e+00,1.102293729782104492e-01,1.604785770177841187e-01,2.963815629482269287e-01,3.317449986934661865e-01,1.477772742509841919e-01,1.841486245393753052e-01,9.419354796409606934e-02,1.870804429054260254e-01,2.963733971118927002e-01,3.964351117610931396e-01,-1.600497518666088581e-03,1.593841165304183960e-01,1.658036112785339355e-01,1.259967535734176636e-01,1.350754350423812866e-01,1.148564070463180542e-01,3.185774683952331543e-01,1.795658916234970093e-01,3.708690702915191650e-01,3.922527134418487549e-01,5.594947338104248047e-01,5.661652088165283203e-01,1.108177602291107178e-01,2.122892290353775024e-01,2.334916293621063232e-01,2.385690957307815552e-01,1.280649602413177490e-01,1.681517809629440308e-01,-1.155890375375747681e-01,-9.883613884449005127e-02,1.283092796802520752e-01,8.108491450548171997e-02,1.766009330749511719e-01,2.822808921337127686e-01,1.070500463247299194e-01,1.038566827774047852e-01,-1.256136894226074219e-01,-1.512705832719802856e-01,-5.606361851096153259e-02,-7.659679651260375977e-02,-7.294974755495786667e-03,-7.722711563110351562e-02,-4.440219700336456299e-02,-1.277818381786346436e-01,-1.004580184817314148e-01,-1.411911398172378540e-01,-1.054596528410911560e-01,-1.689277589321136475e-01,5.708296969532966614e-02,1.996321976184844971e-01,-8.176465518772602081e-03,-5.903446581214666367e-03,-1.106737703084945679e-01,-3.512902930378913879e-02,-9.261458367109298706e-02,-2.400294877588748932e-02,-1.208726614713668823e-01,1.302701979875564575e-02,-5.962887778878211975e-02,9.963600896298885345e-03,-3.902130946516990662e-02,-5.011359229683876038e-02,2.743297629058361053e-02,1.041781827807426453e-01,1.989891529083251953e-01,2.408360540866851807e-01,2.450117915868759155e-01,2.199586778879165649e-01,1.539838612079620361e-01,1.516472995281219482e-01,-5.762936174869537354e-02,-3.764061490073800087e-03,6.287802755832672119e-02,3.083443641662597656e-02,4.280069097876548767e-02,1.233416870236396790e-01,1.111379563808441162e-01,5.633975937962532043e-02,9.085991978645324707e-02,5.784338340163230896e-02,8.499136567115783691e-02,1.273805052042007446e-01,1.480530947446823120e-01,6.364724040031433105e-02,-1.655487902462482452e-02,-1.499047130346298218e-01,-9.701506793498992920e-02,-1.967801004648208618e-01,-1.317362487316131592e-02,4.531963262706995010e-03,-1.464336812496185303e-01,-4.117285832762718201e-02,-1.251988578587770462e-02,-1.471567600965499878e-01,-9.988816082477569580e-02,-1.407170146703720093e-01,-8.481973409652709961e-02,-1.383507400751113892e-01,-1.455906033515930176e-01,-3.046198748052120209e-02,-6.391692161560058594e-02,-6.219875812530517578e-02,2.728075534105300903e-02,4.215697571635246277e-02,-2.490787059068679810e-01,-1.926296651363372803e-01,-2.096051722764968872e-01,-1.725983619689941406e-02,-1.073449775576591492e-01,1.697323322296142578e-01
3.805337250232696533e-01,2.743915021419525146e-01,7.125748395919799805e-01,7.268324494361877441e-01,1.897308975458145142e-01,1.102293729782104492e-01,1.000000000000000000e+00,7.729345560073852539e-01,2.774910032749176025e-01,2.659937739372253418e-01,5.274685621261596680e-01,5.973584651947021484e-01,6.242327094078063965e-01,6.471108794212341309e-01,2.869674265384674072e-01,2.151355445384979248e-01,2.687908113002777100e-01,1.444899290800094604e-01,1.132911071181297302e-02,2.105549573898315430e-01,3.099670708179473877e-01,1.433197259902954102e-01,4.693438112735748291e-01,5.435162186622619629e-01,3.870447874069213867e-01,3.350069522857666016e-01,1.327430605888366699e-01,1.930920183658599854e-01,5.776495337486267090e-01,5.526616573333740234e-01,4.771679043769836426e-01,5.442642569541931152e-01,2.594499886035919189e-01,2.712644934654235840e-01,-3.811143338680267334e-02,-2.807397954165935516e-02,1.877466440200805664e-01,1.764947921037673950e-01,1.878635883331298828e-01,1.620542109012603760e-01,3.411374092102050781e-01,3.090255260467529297e-01,-2.016075402498245239e-01,-3.179245814681053162e-02,-1.855112612247467041e-01,-7.476140558719635010e-02,-5.696834996342658997e-02,-2.571539022028446198e-02,-2.448015958070755005e-01,-2.632876038551330566e-01,-2.445269227027893066e-01,-2.497582435607910156e-01,-4.238087311387062073e-02,-1.560846716165542603e-01,2.295514047145843506e-01,1.883683502674102783e-01,2.476703561842441559e-02,-4.214596375823020935e-02,-1.720485836267471313e-01,-1.732664704322814941e-01,-1.646454334259033203e-01,-5.452762171626091003e-02,-6.835092604160308838e-02,-1.032351423054933548e-02,-1.570620536804199219e-01,-1.975286900997161865e-01,-1.605386584997177124e-01,-1.544007509946823120e-01,1.308571547269821167e-01,2.938954718410968781e-02,3.555933535099029541e-01,4.020407795906066895e-01,2.285595685243606567e-01,4.779569804668426514e-01,1.766235679388046265e-01,1.791403442621231079e-01,1.754683852195739746e-01,2.519518136978149414e-01,3.634635359048843384e-02,2.822618000209331512e-02,6.245701014995574951e-02,-3.825655952095985413e-02,3.005802035331726074e-01,2.225181311368942261e-01,-1.195222288370132446e-01,-2.614101395010948181e-02,8.270409703254699707e-02,1.476490050554275513e-01,5.386002361774444580e-02,1.165635660290718079e-01,-7.221119105815887451e-02,-9.898310899734497070e-02,-2.197936475276947021e-01,-1.822042912244796753e-01,-5.519089289009571075e-03,7.448103278875350952e-02,2.673289552330970764e-02,1.185101363807916641e-02,-5.135484039783477783e-02,1.280033757211640477e-04,-1.493136733770370483e-01,-1.781338751316070557e-01,-2.375993877649307251e-01,-1.987746804952621460e-01,-1.565061807632446289e-01,-4.890284687280654907e-02,-2.027335166931152344e-01,6.370237469673156738e-02,5.365420877933502197e-02,-9.439215809106826782e-02,8.559790253639221191e-02,-6.671534478664398193e-02,-1.604468226432800293e-01,1.400075573474168777e-02,3.932556137442588806e-02,2.174531854689121246e-02
3.923211693763732910e-01,2.517794370651245117e-01,6.622008085250854492e-01,7.545188665390014648e-01,2.773527204990386963e-01,1.604785770177841187e-01,7.729345560073852539e-01,1.000000000000000000e+00,3.689899742603302002e-01,3.514068722724914551e-01,4.470274150371551514e-01,5.837422609329223633e-01,5.489572882652282715e-01,6.870170831680297852e-01,3.174077570438385010e-01,3.410959839820861816e-01,2.167588770389556885e-01,8.415070176124572754e-02,-8.464623242616653442e-04,1.708953380584716797e-01,2.941645681858062744e-01,1.324224025011062622e-01,5.133614540100097656e-01,5.961093306541442871e-01,4.395231008529663086e-01,3.685125112533569336e-01,2.327229082584381104e-01,2.357311546802520752e-01,5.660452246665954590e-01,5.316774845123291016e-01,5.308132171630859375e-01,5.853142142295837402e-01,2.802477777004241943e-01,2.480116337537765503e-01,-4.217501729726791382e-03,-1.805772073566913605e-02,2.186356037855148315e-01,1.925268322229385376e-01,1.291235983371734619e-01,1.688428968191146851e-01,3.052946627140045166e-01,2.730229794979095459e-01,-2.378976792097091675e-01,-8.881514519453048706e-02,-2.015908360481262207e-01,-1.215031221508979797e-01,-2.027780562639236450e-02,-3.211658075451850891e-02,-2.464366853237152100e-01,-2.466259300708770752e-01,-2.208969444036483765e-01,-2.640156447887420654e-01,1.815053261816501617e-02,-1.431089341640472412e-01,1.586133837699890137e-01,1.845971196889877319e-01,3.506945446133613586e-02,-7.525108009576797485e-02,-2.398846298456192017e-01,-2.336513847112655640e-01,-1.450411230325698853e-01,-9.200411289930343628e-02,-4.971655830740928650e-02,1.518460083752870560e-02,-2.062485814094543457e-01,-2.478259801864624023e-01,-1.602618992328643799e-01,-1.455589532852172852e-01,1.512071043252944946e-01,3.823260962963104248e-02,3.406749069690704346e-01,3.802454173564910889e-01,2.012963891029357910e-01,4.820728302001953125e-01,1.744691729545593262e-01,1.717097759246826172e-01,1.997462362051010132e-01,2.671426236629486084e-01,-2.416815422475337982e-02,-1.013595387339591980e-01,-6.689737085253000259e-03,-8.638115227222442627e-02,3.053487837314605713e-01,1.700064539909362793e-01,-1.109707280993461609e-01,-1.922460831701755524e-02,4.325450584292411804e-02,1.108478605747222900e-01,3.681972622871398926e-02,-1.100258901715278625e-02,-2.619298174977302551e-02,-1.515028029680252075e-01,-1.863845288753509521e-01,-2.481724917888641357e-01,-2.145173959434032440e-02,6.355054676532745361e-02,-5.625772103667259216e-02,-1.206872798502445221e-02,-1.446431316435337067e-02,-4.695799946784973145e-02,-1.064878553152084351e-01,-2.292762547731399536e-01,-1.707413494586944580e-01,-2.047528028488159180e-01,-2.268797606229782104e-01,-1.360828280448913574e-01,-2.275135368108749390e-01,-1.308136712759733200e-02,6.263906508684158325e-02,-1.852432265877723694e-02,1.448842958780005574e-04,-4.371927678585052490e-02,-1.916532218456268311e-01,4.093688726425170898e-02,7.721734791994094849e-02,9.802317619323730469e-02
7.557062059640884399e-02,3.220758736133575439e-01,4.192482233047485352e-01,3.993365764617919922e-01,4.792931079864501953e-01,2.963815629482269287e-01,2.774910032749176025e-01,3.689899742603302002e-01,1.000000000000000000e+00,7.614773511886596680e-01,1.295622289180755615e-01,2.688122391700744629e-01,4.111933708190917969e-01,3.654859364032745361e-01,7.490637898445129395e-01,6.722334027290344238e-01,2.552643716335296631e-01,1.025495901703834534e-01,3.479001820087432861e-01,2.766453325748443604e-01,3.896699845790863037e-01,3.424450755119323730e-01,6.642494201660156250e-01,5.010157823562622070e-01,5.372988581657409668e-01,4.458864927291870117e-01,4.330098927021026611e-01,3.410731554031372070e-01,4.717066586017608643e-01,4.555235207080841064e-01,6.557486057281494141e-01,6.384896039962768555e-01,4.555183947086334229e-01,4.603947401046752930e-01,1.503317803144454956e-01,1.038714051246643066e-01,3.711442649364471436e-01,3.118978142738342285e-01,3.174924254417419434e-01,2.618181407451629639e-01,4.373386800289154053e-01,1.841941177845001221e-01,2.364110574126243591e-02,9.370194375514984131e-02,7.310190796852111816e-02,1.218990311026573181e-01,3.401506543159484863e-01,3.118623495101928711e-01,1.541894227266311646e-01,8.685010671615600586e-02,3.193065151572227478e-02,5.444902181625366211e-02,5.049400031566619873e-02,9.912930428981781006e-02,2.756348252296447754e-01,3.007247447967529297e-01,1.028198078274726868e-01,-2.497852034866809845e-02,-8.287023752927780151e-02,-1.765281334519386292e-02,3.231549263000488281e-02,-5.358006339520215988e-03,1.328106522560119629e-01,1.632768660783767700e-01,-8.373386412858963013e-02,-8.740531629882752895e-04,1.238564774394035339e-01,1.332723796367645264e-01,1.072986423969268799e-01,2.607914209365844727e-01,5.260099768638610840e-01,5.107852220535278320e-01,3.223681151866912842e-01,5.268157124519348145e-01,3.219479322433471680e-01,3.564759194850921631e-01,3.582530915737152100e-01,4.668842256069183350e-01,1.532340049743652344e-01,5.679658800363540649e-02,1.032576337456703186e-01,1.738101802766323090e-02,1.189596056938171387e-01,6.216394156217575073e-02,1.227078214287757874e-02,1.464961469173431396e-01,-5.092757567763328552e-02,7.399591803550720215e-02,1.575693935155868530e-01,2.115476876497268677e-02,2.259008288383483887e-01,6.458498537540435791e-02,6.264546513557434082e-02,-3.031097911298274994e-02,1.546210348606109619e-01,3.013849854469299316e-01,1.634978502988815308e-01,1.976706832647323608e-01,1.867712736129760742e-01,1.076475977897644043e-01,-1.433868557214736938e-01,-2.839557230472564697e-01,-1.246521845459938049e-01,-2.801623046398162842e-01,-1.364082247018814087e-01,-4.363219067454338074e-02,6.011755904182791710e-04,-3.145126625895500183e-02,2.338111847639083862e-01,1.726450771093368530e-01,1.469918340444564819e-01,2.439489662647247314e-01,9.999679028987884521e-02,3.219146728515625000e-01,3.060026764869689941e-01,-7.494923472404479980e-02
9.958729147911071777e-02,3.845638334751129150e-01,4.105563461780548096e-01,3.835188746452331543e-01,4.253670871257781982e-01,3.317449986934661865e-01,2.659937739372253418e-01,3.514068722724914551e-01,7.614773511886596680e-01,1.000000000000000000e+00,2.267444282770156860e-01,3.323059678077697754e-01,3.859278857707977295e-01,4.475605189800262451e-01,6.657121777534484863e-01,7.288398146629333496e-01,2.822767496109008789e-01,1.932061463594436646e-01,2.256561368703842163e-01,1.862164437770843506e-01,4.167512953281402588e-01,3.021375238895416260e-01,6.017564535140991211e-01,4.515545368194580078e-01,4.764879941940307617e-01,3.994621038436889648e-01,3.171742260456085205e-01,2.852959334850311279e-01,4.233677983283996582e-01,4.868854582309722900e-01,5.318182110786437988e-01,5.584771633148193359e-01,3.820848762989044189e-01,3.931873142719268799e-01,5.335910711437463760e-03,-1.069100853055715561e-02,3.128287196159362793e-01,2.214731127023696899e-01,2.417314350605010986e-01,2.185277789831161499e-01,4.106317460536956787e-01,1.710943877696990967e-01,-1.961714960634708405e-02,3.117379918694496155e-02,3.539587371051311493e-03,7.819228619337081909e-02,2.136449068784713745e-01,2.071138173341751099e-01,1.205131560564041138e-01,6.269314140081405640e-02,7.475138455629348755e-02,1.011027768254280090e-01,5.789721384644508362e-02,9.368517994880676270e-02,2.444290816783905029e-01,2.526832222938537598e-01,1.513489484786987305e-01,8.627176284790039062e-02,1.813182793557643890e-02,7.213310897350311279e-02,4.470487311482429504e-02,5.075048189610242844e-03,6.039764359593391418e-02,6.317880749702453613e-02,1.766905374825000763e-02,1.502287946641445160e-02,9.242125600576400757e-02,6.246991455554962158e-02,1.049462184309959412e-01,2.127197533845901489e-01,4.416737854480743408e-01,4.665171205997467041e-01,2.756146490573883057e-01,4.682898819446563721e-01,2.132797390222549438e-01,2.922757565975189209e-01,2.698784470558166504e-01,4.045213460922241211e-01,1.426104754209518433e-01,9.261526167392730713e-02,1.032929196953773499e-01,1.183494701981544495e-01,1.252054870128631592e-01,3.616109862923622131e-02,7.166976481676101685e-02,1.965274512767791748e-01,1.188151910901069641e-02,1.750874072313308716e-01,2.138883173465728760e-01,7.182679325342178345e-02,1.904272437095642090e-01,5.631083250045776367e-02,3.146973624825477600e-02,-2.852953411638736725e-02,1.008376702666282654e-01,2.170346677303314209e-01,2.430022135376930237e-02,7.566143572330474854e-02,1.143311485648155212e-01,6.027308478951454163e-02,-7.921459525823593140e-02,-2.148919552564620972e-01,-1.569683551788330078e-01,-3.234875202178955078e-01,-5.195066332817077637e-02,-2.174870297312736511e-02,-4.515524581074714661e-02,-3.556565567851066589e-02,2.000470459461212158e-01,4.619880393147468567e-02,8.283545263111591339e-03,7.836678624153137207e-02,-2.436427585780620575e-02,2.039717286825180054e-01,2.373604178428649902e-01,-4.216398298740386963e-02
4.660319983959197998e-01,3.619292974472045898e-01,3.998054862022399902e-01,4.339794218540191650e-01,1.597025543451309204e-01,1.477772742509841919e-01,5.274685621261596680e-01,4.470274150371551514e-01,1.295622289180755615e-01,2.267444282770156860e-01,1.000000000000000000e+00,7.459463477134704590e-01,6.308990716934204102e-01,6.171350479125976562e-01,1.832659542560577393e-01,1.789199709892272949e-01,4.925369620323181152e-01,4.270366728305816650e-01,-7.284592092037200928e-02,6.960634142160415649e-02,2.938918471336364746e-01,1.681416109204292297e-02,2.744619846343994141e-01,2.706014513969421387e-01,2.109117507934570312e-01,9.798132628202438354e-02,-1.452407799661159515e-02,9.141207486391067505e-02,5.485886931419372559e-01,6.006672382354736328e-01,2.599204182624816895e-01,3.784810006618499756e-01,1.740878224372863770e-01,2.040641009807586670e-01,-1.450359076261520386e-01,-9.026123583316802979e-02,1.811497360467910767e-01,1.225713416934013367e-01,1.179757118225097656e-01,1.287403851747512817e-01,3.465751409530639648e-01,2.906430661678314209e-01,-1.413656771183013916e-01,-5.514628812670707703e-02,-1.596770286560058594e-01,-4.461745917797088623e-02,-9.895404428243637085e-02,-9.543674439191818237e-02,-8.572880178689956665e-02,-1.637530922889709473e-01,-8.873497694730758667e-02,-1.248807311058044434e-01,-6.442216038703918457e-02,-8.423287421464920044e-02,3.308167457580566406e-01,2.504968643188476562e-01,1.231014654040336609e-01,1.199525669217109680e-01,6.955654174089431763e-02,4.211916774511337280e-02,5.902086943387985229e-02,9.436201304197311401e-02,1.305521726608276367e-01,4.403996095061302185e-02,6.509099155664443970e-02,-1.652763783931732178e-02,-6.092055141925811768e-02,-1.299061179161071777e-01,1.169793531298637390e-01,-1.559829455800354481e-03,3.632912933826446533e-01,4.095689356327056885e-01,3.546924293041229248e-01,3.907651603221893311e-01,4.964793846011161804e-02,8.692754060029983521e-02,3.046487271785736084e-02,5.595337226986885071e-02,1.466473639011383057e-01,2.646886110305786133e-01,3.426902294158935547e-01,2.131054848432540894e-01,5.087530612945556641e-01,2.900157868862152100e-01,1.627118885517120361e-01,1.136044263839721680e-01,3.898903429508209229e-01,2.979538142681121826e-01,2.800471782684326172e-01,2.564515769481658936e-01,1.123735401779413223e-02,-6.771548837423324585e-02,-1.649083495140075684e-01,-2.058897316455841064e-01,-4.735446069389581680e-03,2.194011583924293518e-02,-4.480242729187011719e-02,-5.320775508880615234e-02,-3.120831912383437157e-03,1.032427791506052017e-02,1.521919015794992447e-02,-8.680333942174911499e-02,-8.881989866495132446e-02,-1.066417545080184937e-01,-3.632370755076408386e-02,-1.909043081104755402e-02,-3.998813778162002563e-02,1.060001179575920105e-01,-2.270584739744663239e-02,-1.887929588556289673e-01,3.267245367169380188e-02,-2.326372861862182617e-01,-2.052761614322662354e-01,-1.403734534978866577e-01,-7.758097350597381592e-02,5.586672574281692505e-02
4.088920056819915771e-01,4.255302846431732178e-01,5.161176323890686035e-01,5.712694525718688965e-01,2.373957335948944092e-01,1.841486245393753052e-01,5.973584651947021484e-01,5.837422609329223633e-01,2.688122391700744629e-01,3.323059678077697754e-01,7.459463477134704590e-01,1.000000000000000000e+00,5.693469643592834473e-01,7.221966981887817383e-01,2.171829044818878174e-01,3.111397325992584229e-01,4.801456034183502197e-01,4.451841711997985840e-01,-3.364682570099830627e-02,1.277248412370681763e-01,3.322412669658660889e-01,6.091715022921562195e-02,3.778901100158691406e-01,3.627565503120422363e-01,3.221114575862884521e-01,1.934426873922348022e-01,5.408437922596931458e-02,1.074453666806221008e-01,5.769747495651245117e-01,7.148839831352233887e-01,3.823899626731872559e-01,4.736481010913848877e-01,2.301811575889587402e-01,2.689478695392608643e-01,-6.792175769805908203e-02,6.836930406279861927e-04,1.981368362903594971e-01,1.522135585546493530e-01,1.030106842517852783e-01,1.388608813285827637e-01,3.670322299003601074e-01,3.694416284561157227e-01,-1.031595095992088318e-01,2.345299348235130310e-02,-1.515806019306182861e-01,-1.230463385581970215e-03,-1.025837846100330353e-02,-1.247591921128332615e-03,-6.131325662136077881e-02,-9.691827744245529175e-02,-1.169809848070144653e-01,-1.437703818082809448e-01,-4.076348245143890381e-02,-7.210879027843475342e-02,3.637730479240417480e-01,2.922533154487609863e-01,4.581480845808982849e-02,1.446343511343002319e-01,-6.161602679640054703e-03,1.033955514430999756e-01,-1.426664553582668304e-02,1.839128881692886353e-01,4.446228593587875366e-02,1.845877617597579956e-01,-3.924780711531639099e-02,7.000168785452842712e-03,-1.989338733255863190e-02,-6.100253015756607056e-02,1.883023083209991455e-01,9.305318444967269897e-02,4.084651470184326172e-01,4.824155569076538086e-01,3.389519155025482178e-01,4.902881383895874023e-01,9.070270508527755737e-02,1.058343127369880676e-01,9.314856678247451782e-02,1.342041194438934326e-01,1.587454825639724731e-01,2.539547085762023926e-01,2.648544311523437500e-01,2.032382190227508545e-01,5.092287659645080566e-01,3.820752501487731934e-01,9.398559480905532837e-02,1.586663573980331421e-01,3.530901074409484863e-01,3.840104639530181885e-01,2.207539528608322144e-01,1.828102469444274902e-01,3.173225000500679016e-02,-4.949580132961273193e-02,-1.430839896202087402e-01,-1.999262124300003052e-01,1.564097404479980469e-02,5.565708130598068237e-02,-1.435670722275972366e-02,2.198326215147972107e-02,4.469782114028930664e-03,4.896315559744834900e-02,-3.387020155787467957e-02,-3.433243557810783386e-02,-6.489214301109313965e-02,-7.408325094729661942e-03,-1.187963709235191345e-01,-2.576229162514209747e-02,-6.658535450696945190e-02,1.762343198060989380e-01,5.142688285559415817e-03,-1.503008008003234863e-01,1.064058914780616760e-01,-1.349878609180450439e-01,-1.984420716762542725e-01,-9.948547929525375366e-02,-2.754756994545459747e-02,3.596543893218040466e-02
3.805953264236450195e-01,4.148915708065032959e-01,4.098404645919799805e-01,4.415599405765533447e-01,1.520578414201736450e-01,9.419354796409606934e-02,6.242327094078063965e-01,5.489572882652282715e-01,4.111933708190917969e-01,3.859278857707977295e-01,6.308990716934204102e-01,5.693469643592834473e-01,1.000000000000000000e+00,7.065434455871582031e-01,4.484429061412811279e-01,3.439506292343139648e-01,3.846170902252197266e-01,2.233058214187622070e-01,-1.225997507572174072e-01,1.103360485285520554e-02,4.036120772361755371e-01,2.980955839157104492e-01,4.037754237651824951e-01,4.091580808162689209e-01,3.938670754432678223e-01,3.422415554523468018e-01,1.251855045557022095e-01,1.420243829488754272e-01,6.100730299949645996e-01,5.881010890007019043e-01,4.905130863189697266e-01,5.453429818153381348e-01,1.783548891544342041e-01,1.742001920938491821e-01,-5.590952932834625244e-02,-4.939886555075645447e-02,3.235438168048858643e-01,2.620344460010528564e-01,2.504580616950988770e-01,1.358758211135864258e-01,4.004160165786743164e-01,2.972851693630218506e-01,-8.562082052230834961e-02,1.879835501313209534e-02,-4.922220855951309204e-02,6.484282761812210083e-02,6.090057641267776489e-02,1.136927232146263123e-01,-6.689166277647018433e-02,-9.902901947498321533e-02,-4.081952571868896484e-02,-4.055831581354141235e-03,1.328601501882076263e-02,-4.723778739571571350e-02,2.424671649932861328e-01,2.194532155990600586e-01,2.005646377801895142e-01,4.959287121891975403e-02,-1.468399614095687866e-01,-1.828969717025756836e-01,-8.137028664350509644e-02,-9.923239238560199738e-03,4.736761748790740967e-02,3.883220255374908447e-02,-4.905010014772415161e-02,-1.341441571712493896e-01,-1.540241241455078125e-01,-1.838303059339523315e-01,-3.073521144688129425e-02,-3.668709471821784973e-02,4.060388207435607910e-01,4.057100713253021240e-01,2.292298972606658936e-01,5.026608705520629883e-01,2.202408909797668457e-01,2.731872498989105225e-01,2.006900459527969360e-01,2.662563025951385498e-01,1.633514761924743652e-01,1.496997773647308350e-01,1.814593821763992310e-01,7.182629406452178955e-02,3.377591073513031006e-01,1.752032637596130371e-01,6.859151273965835571e-02,1.444649845361709595e-01,1.536922752857208252e-01,1.142358779907226562e-01,1.694044023752212524e-01,1.480464637279510498e-01,5.544682964682579041e-02,2.270319499075412750e-02,-1.024536937475204468e-01,-7.009521126747131348e-02,1.045757234096527100e-01,1.853824555873870850e-01,1.560029834508895874e-01,1.063133925199508667e-01,3.091016970574855804e-02,1.190260574221611023e-01,-1.016508266329765320e-01,-1.728847771883010864e-01,-2.039352953433990479e-01,-2.345939576625823975e-01,-1.557391434907913208e-01,-6.032165512442588806e-02,-1.248594000935554504e-01,8.737272769212722778e-02,9.936139732599258423e-02,5.029432103037834167e-02,1.923279911279678345e-01,6.574222445487976074e-02,2.156727947294712067e-03,1.349447369575500488e-01,1.789497733116149902e-01,-1.088148728013038635e-01
