1.000000000000000000e+00,3.730086684226989746e-01,8.440891653299331665e-02,1.846496015787124634e-02,-8.757481724023818970e-02,-1.174200773239135742e-01,3.639431893825531006e-01,9.812238812446594238e-02,4.093711078166961670e-02,1.400995403528213501e-01,4.822743535041809082e-01,1.439994871616363525e-01,4.537357985973358154e-01,1.094386652112007141e-01,6.252504140138626099e-02,-4.916054755449295044e-02,2.662727534770965576e-01,-1.272695045918226242e-02,-1.738146692514419556e-01,-4.398754984140396118e-02,-9.892697632312774658e-02,-9.168971329927444458e-02,-1.500071734189987183e-01,-1.008583530783653259e-01,-8.014804869890213013e-02,-9.935396909713745117e-02,-1.743644028902053833e-01,-1.414543390274047852e-01,1.001429632306098938e-01,6.038163974881172180e-02,-1.488272398710250854e-01,-2.312129735946655273e-01,-2.114638686180114746e-02,-1.125929802656173706e-01,-1.290746629238128662e-01,-8.620915561914443970e-02,2.201812714338302612e-01,2.439725697040557861e-01,-3.643516078591346741e-02,2.919955849647521973e-01,2.188364714384078979e-01,1.343310028314590454e-01,5.835779756307601929e-02,1.944600343704223633e-01,1.722465604543685913e-01,1.427140086889266968e-01,1.940026730298995972e-01,1.437796056270599365e-01,1.833760589361190796e-01,1.703300923109054565e-01,2.720979154109954834e-01,1.173745319247245789e-01,2.730585038661956787e-01,1.309824138879776001e-01,-3.311902657151222229e-02,6.517294049263000488e-02,5.830225348472595215e-01,9.437736123800277710e-02,3.731418251991271973e-01,2.291261702775955200e-01,3.077090382575988770e-01,1.541261970996856689e-01,2.300814837217330933e-01,-1.383495628833770752e-01,3.582911789417266846e-01,9.583742916584014893e-02,2.996828556060791016e-01,1.921065747737884521e-01,4.782106876373291016e-01,1.907454431056976318e-01,-2.304586470127105713e-01,-2.710587978363037109e-01,6.578455865383148193e-02,-2.777840010821819305e-02,-4.839030653238296509e-02,-2.093947529792785645e-01,-1.267380416393280029e-01,-2.000453919172286987e-01,1.765577346086502075e-01,-8.195117115974426270e-02,2.417306005954742432e-01,-7.054096460342407227e-02,1.125377565622329712e-01,-9.262992441654205322e-02,3.848537504673004150e-01,1.330079287290573120e-01,-5.031135678291320801e-02,-1.795813143253326416e-01,1.847864389419555664e-01,1.274070888757705688e-01,2.171358466148376465e-01,7.857596129179000854e-02,3.119896054267883301e-01,1.402903795242309570e-01,-6.190386041998863220e-02,-7.725226134061813354e-02,5.163155123591423035e-02,8.961563929915428162e-03,2.159775197505950928e-01,4.817162454128265381e-02,8.479298651218414307e-02,3.579995827749371529e-03,-4.569451138377189636e-02,-2.042223513126373291e-01,5.230803415179252625e-02,6.010928377509117126e-02,-1.126470342278480530e-01,-1.613529920578002930e-01,5.295094847679138184e-02,-5.740512534976005554e-02,-1.228913385421037674e-02,1.668479479849338531e-02,2.847516536712646484e-02,6.531508266925811768e-02,-1.135525330901145935e-01,-1.163701862096786499e-01
3.730086684226989746e-01,1.000000000000000000e+00,-1.018072068691253662e-01,1.789974048733711243e-02,7.212880998849868774e-02,5.710778757929801941e-02,-6.539245694875717163e-02,3.566949069499969482e-02,1.596806943416595459e-01,2.367995679378509521e-01,1.715611219406127930e-01,3.610014617443084717e-01,6.892500072717666626e-02,2.134939581155776978e-01,9.886188060045242310e-02,1.129238232970237732e-01,2.350150048732757568e-01,4.411169588565826416e-01,-1.797397732734680176e-01,1.031615510582923889e-01,1.019864007830619812e-01,5.357063561677932739e-02,-1.290741413831710815e-01,-4.521507024765014648e-02,1.138665080070495605e-01,7.225368916988372803e-02,1.079149022698402405e-01,7.381837815046310425e-02,2.747254073619842529e-02,1.619706153869628906e-01,-8.699078857898712158e-02,-1.096106022596359253e-01,5.046301707625389099e-02,8.542966097593307495e-02,-6.087009236216545105e-02,-2.025017514824867249e-02,8.358340710401535034e-02,1.444013565778732300e-01,1.246946528553962708e-01,1.702235192060470581e-01,1.770270913839340210e-01,1.305536925792694092e-01,1.660129874944686890e-01,2.255477458238601685e-01,1.323996633291244507e-01,2.071907371282577515e-01,6.912530958652496338e-02,2.746175825595855713e-01,1.047050580382347107e-01,3.588885664939880371e-01,2.578831613063812256e-01,4.308725595474243164e-01,2.401460260152816772e-01,3.554730117321014404e-01,-4.897156264632940292e-03,4.266373068094253540e-02,3.776734173297882080e-01,6.031661629676818848e-01,2.930469512939453125e-01,2.983545958995819092e-01,3.006162345409393311e-01,4.727714955806732178e-01,1.746798157691955566e-01,4.139379858970642090e-01,2.862365841865539551e-01,2.459398657083511353e-01,2.598030269145965576e-01,2.261961698532104492e-01,2.414350211620330811e-01,2.454177439212799072e-01,-1.772337853908538818e-01,-1.836431920528411865e-01,1.028667837381362915e-01,7.335246354341506958e-02,1.837503723800182343e-02,-4.058815166354179382e-02,-1.150060631334781647e-02,5.565859377384185791e-02,8.939927816390991211e-02,5.429895967245101929e-02,1.913903206586837769e-01,3.462136387825012207e-01,-2.020850218832492828e-02,9.010895341634750366e-02,2.040957808494567871e-01,4.161927402019500732e-01,-5.604606866836547852e-02,3.628246486186981201e-02,5.210486426949501038e-02,3.612943589687347412e-01,8.938292413949966431e-02,3.484290540218353271e-01,2.496251016855239868e-01,3.863531649112701416e-01,-2.713162824511528015e-02,7.845304906368255615e-02,4.404465667903423309e-03,1.404480934143066406e-01,3.725888952612876892e-02,2.111035436391830444e-01,3.802347928285598755e-02,3.575722277164459229e-01,-7.891684770584106445e-02,-1.168101467192173004e-02,4.365273937582969666e-02,1.217431426048278809e-01,-1.082864683121442795e-02,1.197484321892261505e-02,-5.388274043798446655e-02,-9.180788695812225342e-02,1.582856103777885437e-02,1.456295847892761230e-01,2.706203162670135498e-01,1.393346041440963745e-01,-3.636569157242774963e-02,-1.412025988101959229e-01
8.440891653299331665e-02,-1.018072068691253662e-01,1.000000000000000000e+00,6.522051692008972168e-01,-1.317680180072784424e-01,-1.440808475017547607e-01,5.271795392036437988e-01,4.884521067142486572e-01,-2.030837386846542358e-01,-1.660496294498443604e-01,6.063510477542877197e-02,8.441163599491119385e-02,1.649145036935806274e-01,-1.014253776520490646e-02,-1.342920362949371338e-01,-1.323631405830383301e-01,1.253689229488372803e-01,-5.161495134234428406e-02,2.825048565864562988e-01,-7.019385695457458496e-02,-1.224721074104309082e-01,-8.561488240957260132e-02,3.404978513717651367e-01,4.848701655864715576e-01,1.441437657922506332e-02,2.368573658168315887e-02,-1.272614151239395142e-01,-7.610180974006652832e-02,1.595426499843597412e-01,1.003347262740135193e-01,1.044991910457611084e-01,2.255214005708694458e-01,1.415333747863769531e-01,2.104082703590393066e-01,-2.820970676839351654e-02,2.658125385642051697e-02,-2.371205948293209076e-02,6.037937477231025696e-02,-5.083723366260528564e-02,-2.909849397838115692e-02,8.334186673164367676e-02,1.139339879155158997e-01,8.350288122892379761e-02,1.327717006206512451e-01,6.043419241905212402e-02,9.441564232110977173e-02,1.216043904423713684e-01,6.074530631303787231e-02,4.208464920520782471e-02,-1.585002057254314423e-02,-1.467230767011642456e-01,-6.687156856060028076e-02,6.147568579763174057e-03,-4.475393891334533691e-02,-1.234768480062484741e-01,6.736879050731658936e-02,-6.632353365421295166e-02,-1.352253258228302002e-01,8.986218017525970936e-04,5.502871423959732056e-02,-5.454882606863975525e-02,5.832342896610498428e-03,6.058310717344284058e-02,-6.015560030937194824e-02,9.153357148170471191e-02,6.846513599157333374e-02,4.028584808111190796e-03,-9.706156700849533081e-02,-1.099587082862854004e-01,-1.950644403696060181e-01,-1.710981316864490509e-02,-1.418048981577157974e-02,3.600800782442092896e-02,4.114267602562904358e-02,-1.817874163389205933e-01,-6.449168920516967773e-02,3.455106541514396667e-02,-3.798709250986576080e-03,-2.083656378090381622e-03,-3.672709688544273376e-02,8.435279875993728638e-02,6.079946644604206085e-03,4.069529101252555847e-02,2.096487209200859070e-02,1.454159021377563477e-01,5.101639404892921448e-02,4.471035301685333252e-02,-9.037482552230358124e-03,4.651839658617973328e-02,4.926341399550437927e-02,8.424844592809677124e-02,3.715893998742103577e-02,2.204386889934539795e-02,1.000838913023471832e-02,-8.099967986345291138e-02,-4.276736080646514893e-02,2.273278497159481049e-02,6.329040974378585815e-02,1.385026723146438599e-01,6.111341714859008789e-02,-3.872382640838623047e-02,7.385789602994918823e-02,4.972386732697486877e-02,4.979157820343971252e-02,-1.037537530064582825e-01,-8.486025780439376831e-02,-2.028992585837841034e-02,-6.158038601279258728e-02,4.364039748907089233e-02,6.920112669467926025e-02,5.600350722670555115e-02,-7.860136032104492188e-02,-7.007575128227472305e-03,-6.184034049510955811e-02,-4.504875466227531433e-02,1.174217835068702698e-01
1.846496015787124634e-02,1.789974048733711243e-02,6.522051692008972168e-01,1.000000000000000000e+00,-5.339754000306129456e-02,-1.493723969906568527e-02,1.759497374296188354e-01,5.707939267158508301e-01,-2.179024964570999146e-01,-7.204074412584304810e-02,-7.055936008691787720e-02,1.454861015081405640e-01,-1.395352631807327271e-01,8.680181927047669888e-04,-9.666690230369567871e-02,-3.205058351159095764e-02,6.008664146065711975e-02,1.793761551380157471e-02,3.625377118587493896e-01,1.971688717603683472e-01,2.404617611318826675e-03,8.583136834204196930e-03,3.109446167945861816e-01,5.993472337722778320e-01,2.174676023423671722e-02,5.872441083192825317e-02,1.273768208920955658e-02,1.750994659960269928e-02,1.506929695606231689e-01,2.003055363893508911e-01,6.401739269495010376e-02,2.906496524810791016e-01,2.906233072280883789e-01,3.496852219104766846e-01,-3.539446974173188210e-03,1.582410000264644623e-02,-7.603444159030914307e-02,1.124951243400573730e-01,4.633715376257896423e-02,-6.340914871543645859e-03,7.703142613172531128e-02,1.256477087736129761e-01,7.311253994703292847e-02,1.080100163817405701e-01,-1.906917430460453033e-02,1.019783876836299896e-02,4.669247195124626160e-03,-5.403687059879302979e-02,-2.707416750490665436e-02,-5.749361217021942139e-02,-1.758796274662017822e-01,-1.116076782345771790e-01,2.248270437121391296e-02,-8.330413699150085449e-02,-3.103996859863400459e-03,-1.292929612100124359e-02,-1.875334233045578003e-01,-1.403253227472305298e-01,-1.561202108860015869e-01,-1.121504008769989014e-01,-1.630017459392547607e-01,-3.376068547368049622e-02,-9.161213785409927368e-02,6.394647993147373199e-03,-8.570419996976852417e-02,-9.079231321811676025e-02,-1.217932403087615967e-01,-1.630766540765762329e-01,-5.250250920653343201e-02,-4.523814097046852112e-02,1.402710229158401489e-01,1.294570714235305786e-01,9.404908120632171631e-02,1.153798401355743408e-01,-4.863149300217628479e-02,3.253544121980667114e-02,8.051104098558425903e-02,6.437838822603225708e-02,1.056936196982860565e-02,3.476194664835929871e-02,-4.816689714789390564e-02,3.795339167118072510e-02,7.746296003460884094e-03,6.289226561784744263e-02,-4.717368260025978088e-02,-1.949423551559448242e-02,2.036026120185852051e-02,2.861238270998001099e-02,-5.424675345420837402e-02,-5.885939113795757294e-03,-5.750976130366325378e-02,-7.751107215881347656e-02,-4.733203351497650146e-02,-7.307282835245132446e-02,-5.349256470799446106e-02,-5.817361548542976379e-02,4.195956140756607056e-02,-9.427991695702075958e-03,-5.415946245193481445e-03,-7.356087118387222290e-02,-8.746018633246421814e-03,3.231652081012725830e-02,-5.811359267681837082e-03,2.295747771859169006e-02,-8.945541083812713623e-02,-9.583869576454162598e-02,3.744143620133399963e-02,-4.493749886751174927e-02,-6.758161634206771851e-02,2.685853652656078339e-02,6.853298749774694443e-03,-7.971856743097305298e-02,-5.181010067462921143e-02,-6.437844038009643555e-02,-5.784910544753074646e-02,4.480868950486183167e-02
-8.757481724023818970e-02,7.212880998849868774e-02,-1.317680180072784424e-01,-5.339754000306129456e-02,1.000000000000000000e+00,7.422360181808471680e-01,-1.423904150724411011e-01,-8.789237588644027710e-02,3.425198197364807129e-01,2.162457704544067383e-01,8.088698983192443848e-02,1.329573392868041992e-01,-3.184055164456367493e-02,1.579508632421493530e-01,4.166648685932159424e-01,3.487281501293182373e-01,-1.762809231877326965e-02,8.002137392759323120e-02,2.992149442434310913e-03,5.927883088588714600e-02,2.106204330921173096e-01,2.399869561195373535e-01,7.855948060750961304e-03,8.002058416604995728e-02,2.941279113292694092e-01,3.101708590984344482e-01,5.839477181434631348e-01,6.518635749816894531e-01,1.377180218696594238e-01,9.663654118776321411e-02,3.027613162994384766e-01,2.826849222183227539e-01,7.058601081371307373e-02,1.498873233795166016e-01,1.421479731798171997e-01,8.345077186822891235e-02,-6.033555138856172562e-03,-1.821839623153209686e-02,1.286663562059402466e-01,5.361308157444000244e-02,-1.093887463212013245e-01,-2.913410775363445282e-02,7.531137764453887939e-02,8.234401792287826538e-02,-2.650023251771926880e-02,6.259508430957794189e-02,-3.596973046660423279e-02,2.516622282564640045e-02,2.133196219801902771e-02,1.579709202051162720e-01,5.148730054497718811e-02,1.176261305809020996e-01,-8.077219128608703613e-03,1.106445938348770142e-01,8.654715865850448608e-02,1.478257030248641968e-01,4.669291153550148010e-02,1.849561929702758789e-01,-1.216409280896186829e-01,1.227898336946964264e-02,1.193165872246026993e-02,1.313382536172866821e-01,-5.601751804351806641e-02,1.648740619421005249e-01,-1.243081688880920410e-01,-3.853688715025782585e-03,-1.765312552452087402e-01,-1.361669152975082397e-01,-6.277342140674591064e-02,-3.314022719860076904e-02,2.008080035448074341e-01,1.863820850849151611e-01,1.530007272958755493e-01,1.463273465633392334e-01,2.121218293905258179e-01,2.195825278759002686e-01,4.584751650691032410e-02,1.615819036960601807e-01,-5.404861271381378174e-02,5.577106773853302002e-02,-1.530660986900329590e-01,3.964899107813835144e-02,5.140971858054399490e-03,1.318259686231613159e-01,-1.437749415636062622e-01,-8.932407014071941376e-03,6.547757983207702637e-02,1.046798899769783020e-01,-7.840307801961898804e-02,4.392275214195251465e-02,-5.776599049568176270e-02,4.794557020068168640e-02,-1.351295504719018936e-02,5.852568894624710083e-02,-1.847792975604534149e-02,3.173538669943809509e-02,-9.022319689393043518e-03,-8.270852267742156982e-02,-1.354152113199234009e-01,-2.158386446535587311e-02,-1.443874370306730270e-02,5.276180803775787354e-02,-1.013378724455833435e-01,5.204549059271812439e-02,-2.124290168285369873e-02,2.126182429492473602e-02,-6.755407899618148804e-02,-4.099616035819053650e-02,-1.036270633339881897e-01,-6.926131248474121094e-02,2.960612066090106964e-02,1.104418337345123291e-01,1.054091528058052063e-01,8.703044056892395020e-02,2.347582280635833740e-01,1.527159959077835083e-01
-1.174200773239135742e-01,5.710778757929801941e-02,-1.440808475017547607e-01,-1.493723969906568527e-02,7.422360181808471680e-01,1.000000000000000000e+00,-2.345887571573257446e-01,2.178014256060123444e-02,3.737865388393402100e-01,4.874989688396453857e-01,2.973383478820323944e-02,1.718676686286926270e-01,-6.346699595451354980e-02,2.342218607664108276e-01,4.572912752628326416e-01,5.366117358207702637e-01,-1.205511987209320068e-01,4.952640738338232040e-03,6.250426918268203735e-02,1.027202084660530090e-01,2.567793428897857666e-01,2.666078209877014160e-01,1.275201439857482910e-01,6.614255905151367188e-02,3.459925651550292969e-01,3.687532842159271240e-01,5.892285704612731934e-01,7.013261318206787109e-01,1.382592767477035522e-01,1.124976500868797302e-01,3.583816885948181152e-01,3.723193705081939697e-01,1.434285342693328857e-01,1.843645125627517700e-01,1.047722846269607544e-01,6.901542842388153076e-02,-3.328497707843780518e-02,-3.424425050616264343e-02,1.016220822930335999e-01,2.533894777297973633e-02,-8.852239698171615601e-02,-3.808594495058059692e-02,1.075244396924972534e-01,9.486825764179229736e-02,2.745544910430908203e-02,1.986736617982387543e-02,-2.455342561006546021e-02,4.551399871706962585e-02,5.566056817770004272e-02,1.189283877611160278e-01,9.353535622358322144e-02,1.250420808792114258e-01,7.181446067988872528e-03,1.725670546293258667e-01,7.989940792322158813e-02,1.259256750345230103e-01,-2.314445748925209045e-02,1.578211784362792969e-01,-1.167099550366401672e-01,4.327354580163955688e-02,1.656742650084197521e-03,1.306560337543487549e-01,-4.924542829394340515e-02,1.752580255270004272e-01,-1.296979188919067383e-01,-1.410600543022155762e-02,-1.476914435625076294e-01,-7.424136996269226074e-02,8.997739292681217194e-03,5.159884318709373474e-02,2.801197767257690430e-01,2.460351884365081787e-01,1.327022016048431396e-01,1.711877286434173584e-01,1.904067695140838623e-01,2.512904703617095947e-01,1.830858290195465088e-01,2.677044868469238281e-01,-1.032192707061767578e-01,3.595904633402824402e-02,-2.481547296047210693e-01,-3.038423880934715271e-02,-8.968060463666915894e-02,4.294146969914436340e-02,-2.254813015460968018e-01,-8.101087808609008789e-02,-7.372752577066421509e-02,-3.261469677090644836e-02,-1.258731782436370850e-01,8.149717003107070923e-03,-6.657605618238449097e-02,7.230030745267868042e-02,-4.661330208182334900e-02,7.684806734323501587e-02,4.119820520281791687e-02,5.620492994785308838e-02,7.667825371026992798e-02,-4.832117632031440735e-02,-8.011010289192199707e-02,1.203511003404855728e-02,-1.102493554353713989e-01,-3.327485918998718262e-02,-2.498694658279418945e-01,-1.358631700277328491e-01,-4.086704552173614502e-02,-4.921811819076538086e-02,-8.494023233652114868e-02,-1.126494482159614563e-01,-5.582557059824466705e-03,6.894677877426147461e-02,8.485633134841918945e-02,1.516912132501602173e-01,1.254381984472274780e-01,2.566331252455711365e-02,2.117220163345336914e-01,1.578611433506011963e-01
3.639431893825531006e-01,-6.539245694875717163e-02,5.271795392036437988e-01,1.759497374296188354e-01,-1.423904150724411011e-01,-2.345887571573257446e-01,1.000000000000000000e+00,3.752543628215789795e-01,-1.180903613567352295e-01,-1.573363989591598511e-01,4.203097522258758545e-01,1.524292677640914917e-01,5.998502969741821289e-01,1.985532343387603760e-01,-4.693713854067027569e-04,-1.089436113834381104e-01,2.001768499612808228e-01,-8.374050259590148926e-02,-5.075690150260925293e-02,-2.521560490131378174e-01,-1.257564872503280640e-01,-8.480183035135269165e-02,5.154177546501159668e-02,6.592084467411041260e-02,-2.715894766151905060e-02,-8.114373683929443359e-02,-2.305494695901870728e-01,-1.494077593088150024e-01,2.105093151330947876e-01,1.574430763721466064e-01,2.742026234045624733e-03,-6.284290552139282227e-02,-1.586731374263763428e-01,-1.215301007032394409e-01,-5.799017846584320068e-02,2.168645896017551422e-02,3.932295739650726318e-02,8.270639926195144653e-02,-4.396525770425796509e-02,1.095060333609580994e-01,1.627752482891082764e-01,1.228018626570701599e-01,7.412499189376831055e-02,1.702482998371124268e-01,1.623944640159606934e-01,1.659061312675476074e-01,1.217505037784576416e-01,3.799395263195037842e-02,1.101625934243202209e-01,6.239850074052810669e-02,-7.836174964904785156e-02,-6.611806154251098633e-02,3.213096410036087036e-02,-6.629320234060287476e-02,-9.893582016229629517e-02,1.328059434890747070e-01,6.328249722719192505e-02,-2.000921666622161865e-01,1.900012195110321045e-01,1.435183882713317871e-01,-1.642668060958385468e-02,-3.690925985574722290e-02,5.715346336364746094e-02,-1.886731535196304321e-01,2.280018180608749390e-01,9.234162420034408569e-02,1.700978875160217285e-01,6.723632663488388062e-02,-1.455871481448411942e-02,-2.281666100025177002e-01,-1.327564120292663574e-01,-1.505063921213150024e-01,4.110235720872879028e-02,8.656331337988376617e-03,-1.263455897569656372e-01,-1.100938394665718079e-01,-1.144587025046348572e-01,-2.185748368501663208e-01,-1.863247342407703400e-02,-9.801785647869110107e-02,1.248305663466453552e-01,-6.323894113302230835e-02,2.430149763822555542e-01,9.291635453701019287e-02,3.240338861942291260e-01,9.275737404823303223e-02,1.822663545608520508e-01,5.314724519848823547e-02,1.905315816402435303e-01,9.146339446306228638e-02,1.188939288258552551e-01,3.659164160490036011e-02,4.462444037199020386e-02,5.550778936594724655e-03,-9.170319885015487671e-02,-1.256615072488784790e-01,-1.286115497350692749e-01,-5.766465514898300171e-02,1.354563832283020020e-01,8.357565104961395264e-02,-4.253292083740234375e-02,3.133783861994743347e-02,4.215009883046150208e-02,6.367024779319763184e-02,-8.396053314208984375e-02,-3.131477534770965576e-02,-3.859821334481239319e-02,-4.998112097382545471e-02,6.884713470935821533e-02,4.319875314831733704e-02,-8.874782919883728027e-02,-1.214108392596244812e-01,-7.951373606920242310e-02,-1.115062609314918518e-01,-1.041469499468803406e-01,3.562781214714050293e-02
9.812238812446594238e-02,3.566949069499969482e-02,4.884521067142486572e-01,5.707939267158508301e-01,-8.789237588644027710e-02,2.178014256060123444e-02,3.752543628215789795e-01,1.000000000000000000e+00,-1.433316618204116821e-01,1.741077750921249390e-01,5.170521512627601624e-02,3.681277632713317871e-01,2.066574990749359131e-01,4.238125979900360107e-01,-2.401832491159439087e-03,2.137362211942672729e-01,8.802439272403717041e-02,1.080076992511749268e-01,2.451833337545394897e-01,3.590735048055648804e-02,1.756773516535758972e-02,-1.959677971899509430e-02,2.588447928428649902e-01,2.244459092617034912e-01,8.092818409204483032e-02,5.570383742451667786e-02,-1.889738067984580994e-02,6.932033598423004150e-02,2.823701202869415283e-01,4.691507816314697266e-01,1.603500396013259888e-01,2.091725021600723267e-01,1.669826656579971313e-01,1.868275851011276245e-01,1.074746400117874146e-01,1.462138891220092773e-01,1.256318762898445129e-02,1.086883619427680969e-01,8.658882230520248413e-02,4.928776621818542480e-02,1.508706808090209961e-01,1.582480818033218384e-01,1.026517003774642944e-01,1.482571065425872803e-01,7.972320169210433960e-02,4.018685221672058105e-02,-1.684060692787170410e-02,-7.270329445600509644e-02,3.686363250017166138e-02,-5.636663734912872314e-02,-1.721883565187454224e-01,-1.418843120336532593e-01,-2.340161241590976715e-02,-8.389648795127868652e-02,1.840509288012981415e-02,-1.604189863428473473e-03,-2.292601764202117920e-01,-1.505607217550277710e-01,-8.728420734405517578e-02,-3.892907127737998962e-02,-2.246264219284057617e-01,-7.637658715248107910e-02,-1.653410792350769043e-01,-5.181714519858360291e-02,-8.539944887161254883e-02,-5.486140493303537369e-03,-3.948339074850082397e-02,-7.913719117641448975e-02,5.914983805269002914e-03,-1.562282294034957886e-01,2.226124256849288940e-01,1.950632929801940918e-01,1.197792515158653259e-01,1.642914861440658569e-01,-5.191208422183990479e-02,4.852237179875373840e-02,9.673952311277389526e-02,3.183623030781745911e-02,-3.910234570503234863e-02,-7.123952731490135193e-03,-1.015376672148704529e-01,7.245430350303649902e-02,1.877001076936721802e-01,2.175624072551727295e-01,-1.776607520878314972e-02,3.498781472444534302e-02,9.953943639993667603e-02,6.419032812118530273e-02,1.825728081166744232e-02,7.887268438935279846e-03,-6.334739178419113159e-02,-8.805493265390396118e-02,-1.227911859750747681e-01,-1.096149086952209473e-01,-4.805269464850425720e-02,-6.824383884668350220e-02,-5.853328388184309006e-03,-7.483779639005661011e-02,-4.053978621959686279e-02,-8.209240436553955078e-02,-1.441074907779693604e-01,-1.107733547687530518e-01,-9.171243757009506226e-02,-3.884039819240570068e-02,-4.869384318590164185e-02,-2.523568272590637207e-02,-1.336825545877218246e-02,-1.126004308462142944e-01,9.088543802499771118e-02,1.564657986164093018e-01,-3.519962728023529053e-02,-8.534664660692214966e-02,-1.002689599990844727e-01,-5.959634855389595032e-02,1.962214335799217224e-02,2.475917898118495941e-02
4.093711078166961670e-02,1.596806943416595459e-01,-2.030837386846542358e-01,-2.179024964570999146e-01,3.425198197364807129e-01,3.737865388393402100e-01,-1.180903613567352295e-01,-1.433316618204116821e-01,1.000000000000000000e+00,4.356602728366851807e-01,1.251197457313537598e-01,2.059712111949920654e-01,1.099439561367034912e-01,2.656344771385192871e-01,5.621785521507263184e-01,4.148505628108978271e-01,1.310274098068475723e-02,3.525419905781745911e-02,-1.170495003461837769e-01,6.148700788617134094e-02,8.744196593761444092e-02,7.577876001596450806e-02,2.799868583679199219e-02,1.028605625033378601e-01,3.665928840637207031e-01,4.529165923595428467e-01,3.497711718082427979e-01,3.379105627536773682e-01,1.189558282494544983e-01,1.108961775898933411e-01,3.031552135944366455e-01,2.612473368644714355e-01,1.088388413190841675e-01,1.479537189006805420e-01,1.381815522909164429e-01,1.407378613948822021e-01,2.483946084976196289e-01,1.080071106553077698e-01,1.411400884389877319e-01,1.682192832231521606e-01,1.106842607259750366e-01,3.826033696532249451e-02,2.088806033134460449e-01,3.027525544166564941e-01,1.920251399278640747e-01,1.884035766124725342e-01,1.377144902944564819e-01,2.554777562618255615e-01,1.736392825841903687e-01,2.997190952301025391e-01,2.468321919441223145e-01,2.726785242557525635e-01,9.489446133375167847e-02,3.666261732578277588e-01,9.348786622285842896e-02,2.334228903055191040e-02,2.377178221940994263e-01,3.095189630985260010e-01,5.582473427057266235e-02,2.600265443325042725e-01,1.755611896514892578e-01,2.539215385913848877e-01,9.791158884763717651e-02,1.938388049602508545e-01,2.100458927452564240e-02,1.706782132387161255e-01,9.227356314659118652e-02,1.338199973106384277e-01,1.535535007715225220e-01,1.121783852577209473e-01,1.229448094964027405e-01,3.892734646797180176e-02,2.004666626453399658e-01,1.186329796910285950e-01,1.147494539618492126e-01,1.327344328165054321e-01,2.339535504579544067e-01,3.074440360069274902e-01,3.990977630019187927e-02,-1.885273307561874390e-02,-2.234368771314620972e-02,-1.908998470753431320e-03,-1.886109709739685059e-01,5.760525912046432495e-02,-4.144906252622604370e-02,4.976343363523483276e-02,-2.110385000705718994e-01,-6.531990319490432739e-02,-4.224612936377525330e-02,5.341311916708946228e-02,3.112997114658355713e-02,1.997737288475036621e-01,1.252744644880294800e-01,2.555183470249176025e-01,1.342775374650955200e-01,1.726478338241577148e-01,2.542176246643066406e-01,1.689594388008117676e-01,2.467728592455387115e-02,7.482332736253738403e-02,7.570163143100216985e-05,1.123694237321615219e-02,-2.227291315793991089e-01,-1.520660370588302612e-01,-2.640242874622344971e-02,-2.648489736020565033e-02,-1.501182764768600464e-01,-1.751644015312194824e-01,1.466265022754669189e-01,1.288288086652755737e-01,1.565717756748199463e-01,1.894057095050811768e-01,1.746962219476699829e-01,1.731147766113281250e-01,2.357477843761444092e-01,2.527236007153987885e-02
1.400995403528213501e-01,2.367995679378509521e-01,-1.660496294498443604e-01,-7.204074412584304810e-02,2.162457704544067383e-01,4.874989688396453857e-01,-1.573363989591598511e-01,1.741077750921249390e-01,4.356602728366851807e-01,1.000000000000000000e+00,1.657416224479675293e-01,2.832688689231872559e-01,1.400757431983947754e-01,3.930706679821014404e-01,4.219495356082916260e-01,6.448616385459899902e-01,3.568087238818407059e-03,1.272193193435668945e-01,4.793452471494674683e-02,1.434684395790100098e-01,1.255549937486648560e-01,7.368373125791549683e-02,1.777280569076538086e-01,-1.328875124454498291e-01,2.515145838260650635e-01,2.316417396068572998e-01,3.219446837902069092e-01,4.422416388988494873e-01,1.502351760864257812e-01,2.036699503660202026e-01,2.067961096763610840e-01,1.893343627452850342e-01,1.289392113685607910e-01,1.238796561956405640e-01,1.392588466405868530e-01,1.158646121621131897e-01,1.802236884832382202e-01,1.278561800718307495e-01,5.216024816036224365e-02,1.345241963863372803e-01,9.472641348838806152e-02,4.064171109348535538e-03,3.838714659214019775e-01,3.340046703815460205e-01,3.634222149848937988e-01,2.524502277374267578e-01,1.923111081123352051e-01,1.951408684253692627e-01,3.700701594352722168e-01,3.341800868511199951e-01,4.303950667381286621e-01,3.351817429065704346e-01,3.343275785446166992e-01,4.605461061000823975e-01,8.427258580923080444e-02,6.452548503875732422e-02,1.966302990913391113e-01,2.698525786399841309e-01,2.234339118003845215e-01,2.570497989654541016e-01,1.558678746223449707e-01,2.016702890396118164e-01,8.520522713661193848e-02,1.421669274568557739e-01,1.311041712760925293e-01,9.638652950525283813e-02,1.625062376260757446e-01,1.762614548206329346e-01,1.736193150281906128e-01,1.139062717556953430e-01,1.383841186761856079e-01,8.309876173734664917e-02,4.517066106200218201e-02,1.273317188024520874e-01,1.073841229081153870e-01,1.483835577964782715e-01,1.618711650371551514e-01,1.843428462743759155e-01,1.775065809488296509e-02,2.305298810824751854e-03,-6.872524507343769073e-03,7.746752351522445679e-03,-8.703954517841339111e-02,-8.575772494077682495e-02,4.489669576287269592e-02,6.527493894100189209e-02,-2.150470465421676636e-01,-2.168602645397186279e-01,4.925415664911270142e-02,8.964600414037704468e-02,1.857104152441024780e-01,2.254515588283538818e-01,2.084921151399612427e-01,2.545174062252044678e-01,8.747135289013385773e-04,-2.568040741607546806e-03,1.369837522506713867e-01,4.078875295817852020e-03,5.834751948714256287e-02,7.822578772902488708e-03,-6.085967645049095154e-02,-1.028874441981315613e-01,-3.345203399658203125e-01,-3.758956789970397949e-01,-3.694671764969825745e-02,-6.153505668044090271e-02,-2.077901214361190796e-01,-2.504913806915283203e-01,2.850919775664806366e-02,5.657893419265747070e-02,-2.849659882485866547e-02,1.723800152540206909e-01,1.962932646274566650e-01,1.182831451296806335e-01,1.041383817791938782e-01,-1.434762775897979736e-01
4.822743535041809082e-01,1.715611219406127930e-01,6.063510477542877197e-02,-7.055936008691787720e-02,8.088698983192443848e-02,2.973383478820323944e-02,4.203097522258758545e-01,5.170521512627601624e-02,1.251197457313537598e-01,1.657416224479675293e-01,1.000000000000000000e+00,4.150899350643157959e-01,6.136519312858581543e-01,3.160901665687561035e-01,3.159886300563812256e-01,1.484359502792358398e-01,3.006969690322875977e-01,-3.654836118221282959e-02,-1.351328939199447632e-01,-4.509397223591804504e-02,1.419306360185146332e-02,2.678111754357814789e-02,5.376952234655618668e-03,-6.023143231868743896e-02,1.479741930961608887e-01,2.353217452764511108e-02,4.612269625067710876e-02,7.913447916507720947e-02,3.869812190532684326e-01,1.628556847572326660e-01,5.176375433802604675e-02,-3.408956527709960938e-02,-7.140972465276718140e-02,-8.333958685398101807e-02,-5.759068764746189117e-03,3.005035035312175751e-02,2.162437587976455688e-01,1.335097849369049072e-01,7.353634387254714966e-02,2.191863209009170532e-01,3.328798711299896240e-01,1.627702564001083374e-01,1.138752922415733337e-01,1.978746950626373291e-01,1.815125048160552979e-01,2.419343590736389160e-01,8.952520787715911865e-02,1.086275205016136169e-01,2.042126655578613281e-01,3.003441691398620605e-01,1.849956661462783813e-01,1.177107617259025574e-01,2.030451148748397827e-01,1.259786188602447510e-01,3.231945261359214783e-02,1.403632909059524536e-01,3.288716673851013184e-01,3.304355964064598083e-02,2.840161323547363281e-01,1.948548704385757446e-01,2.652521133422851562e-01,1.953823715448379517e-01,2.230454385280609131e-01,-6.345903128385543823e-02,3.162078857421875000e-01,9.379051625728607178e-02,1.481142789125442505e-01,1.733916103839874268e-01,1.427034437656402588e-01,3.256080672144889832e-02,-4.757107049226760864e-02,-1.051983237266540527e-01,2.299932986497879028e-01,1.015364080667495728e-01,1.195961907505989075e-01,6.453435868024826050e-02,5.673094466328620911e-02,-3.632901469245553017e-03,1.272473633289337158e-01,-1.592874377965927124e-01,1.972152739763259888e-01,-1.202830821275711060e-01,3.853118717670440674e-01,1.644551306962966919e-01,3.977806270122528076e-01,6.069650501012802124e-02,2.207804620265960693e-01,1.028710231184959412e-01,2.570589482784271240e-01,1.312971413135528564e-01,2.027647942304611206e-01,1.062040701508522034e-01,1.732585877180099487e-01,1.288249045610427856e-01,-3.417783603072166443e-02,-2.538641914725303650e-02,-6.804400123655796051e-03,-4.390258342027664185e-02,1.167057380080223083e-01,1.026309654116630554e-01,5.958335474133491516e-02,4.147623851895332336e-02,5.744657292962074280e-02,-3.563636541366577148e-02,1.014178544282913208e-01,1.003232002258300781e-01,1.239277943968772888e-01,5.138835869729518890e-03,-7.605922222137451172e-02,-2.005265839397907257e-02,-5.532022193074226379e-02,3.480741009116172791e-02,6.633307039737701416e-02,-8.902518078684806824e-03,-4.448854923248291016e-02,-3.466111840680241585e-03
1.439994871616363525e-01,3.610014617443084717e-01,8.441163599491119385e-02,1.454861015081405640e-01,1.329573392868041992e-01,1.718676686286926270e-01,1.524292677640914917e-01,3.681277632713317871e-01,2.059712111949920654e-01,2.832688689231872559e-01,4.150899350643157959e-01,1.000000000000000000e+00,3.137140870094299316e-01,6.251436471939086914e-01,2.869858443737030029e-01,3.542674183845520020e-01,1.566818058490753174e-01,3.265637159347534180e-01,-1.712652482092380524e-02,1.362210065126419067e-01,6.811321526765823364e-02,6.138811632990837097e-02,3.660536929965019226e-02,8.003798127174377441e-02,3.056664466857910156e-01,2.758393585681915283e-01,2.255574762821197510e-01,2.869009375572204590e-01,2.900817990303039551e-01,5.285521745681762695e-01,2.096336483955383301e-01,1.872996389865875244e-01,9.223397821187973022e-02,1.387263834476470947e-01,1.677293628454208374e-01,2.089249193668365479e-01,1.505190730094909668e-01,1.196790337562561035e-01,1.854801326990127563e-01,2.082154154777526855e-01,3.503366410732269287e-01,2.874211370944976807e-01,2.427978664636611938e-01,3.132661581039428711e-01,1.488598436117172241e-01,2.264998704195022583e-01,-1.356974709779024124e-03,9.378885477781295776e-02,1.262147724628448486e-01,3.192949593067169189e-01,3.548863530158996582e-02,1.426984816789627075e-01,1.186108514666557312e-01,1.223725527524948120e-01,5.195800215005874634e-03,8.757241070270538330e-02,-7.279998622834682465e-03,1.455808579921722412e-01,1.186758130788803101e-01,1.859396398067474365e-01,1.061460003256797791e-02,2.990549802780151367e-01,-8.638278394937515259e-02,2.130914479494094849e-01,9.522341191768646240e-02,2.429979592561721802e-01,1.205836310982704163e-01,1.605075150728225708e-01,3.322210162878036499e-02,-9.683929383754730225e-02,8.655970543622970581e-02,6.827074289321899414e-02,2.954770922660827637e-01,3.080537915229797363e-01,1.230396628379821777e-01,1.760765761137008667e-01,1.879706978797912598e-01,2.111718505620956421e-01,-9.546625427901744843e-03,-7.753372192382812500e-02,5.586892366409301758e-02,2.186654210090637207e-01,2.568719983100891113e-01,4.818808436393737793e-01,1.566062420606613159e-01,3.075123131275177002e-01,1.867485642433166504e-01,2.910526990890502930e-01,9.990379214286804199e-02,2.690497040748596191e-01,4.577220883220434189e-03,1.275825798511505127e-01,-3.423720970749855042e-02,9.982874989509582520e-02,-6.355334073305130005e-02,-6.196662038564682007e-02,-9.823161177337169647e-03,-8.517235517501831055e-02,-7.860016822814941406e-02,7.856176793575286865e-02,-9.392382204532623291e-02,1.017585322260856628e-01,-7.366218417882919312e-02,3.919460624456405640e-02,2.394118160009384155e-02,1.058022081851959229e-01,8.275675773620605469e-02,2.259635133668780327e-03,-9.787796437740325928e-02,5.572017398662865162e-04,-2.872581966221332550e-02,3.971761465072631836e-02,1.040666699409484863e-01,2.475970797240734100e-02,5.410583689808845520e-02,2.865287289023399353e-02
4.537357985973358154e-01,6.892500072717666626e-02,1.649145036935806274e-01,-1.395352631807327271e-01,-3.184055164456367493e-02,-6.346699595451354980e-02,5.998502969741821289e-01,2.066574990749359131e-01,1.099439561367034912e-01,1.400757431983947754e-01,6.136519312858581543e-01,3.137140870094299316e-01,1.000000000000000000e+00,4.660635590553283691e-01,3.029660284519195557e-01,1.914471387863159180e-01,2.217620611190795898e-01,-7.547631114721298218e-02,-2.602564096450805664e-01,-2.472359240055084229e-01,-9.872718155384063721e-02,-3.550369292497634888e-02,1.191257685422897339e-02,-1.311196237802505493e-01,4.436378926038742065e-02,-3.404397144913673401e-02,-1.077668592333793640e-01,-2.299149706959724426e-02,2.879047691822052002e-01,2.220433354377746582e-01,1.005069352686405182e-02,-9.562337398529052734e-02,-2.896212339401245117e-01,-2.489491552114486694e-01,-1.043792143464088440e-01,-4.135097935795783997e-02,1.431295126676559448e-01,3.294869139790534973e-02,-7.800994068384170532e-02,1.428180187940597534e-01,2.396838217973709106e-01,9.685858339071273804e-02,7.873552292585372925e-02,1.785340756177902222e-01,2.080661803483963013e-01,2.051253616809844971e-01,9.430642426013946533e-02,5.322688445448875427e-02,2.069276422262191772e-01,2.388472855091094971e-01,1.586263179779052734e-01,1.329930275678634644e-01,1.214442327618598938e-01,1.189835593104362488e-01,-1.335773020982742310e-01,7.535216957330703735e-02,2.019549608230590820e-01,-6.888412684202194214e-02,3.612424731254577637e-01,2.808310985565185547e-01,7.891092449426651001e-02,7.874445617198944092e-02,5.247530713677406311e-02,-2.890789508819580078e-01,3.557462096214294434e-01,1.598225533962249756e-01,2.140606194734573364e-01,1.639984697103500366e-01,7.694191485643386841e-02,-1.082598716020584106e-01,-1.017834767699241638e-01,-1.188610717654228210e-01,1.143080554902553558e-02,-2.906792052090167999e-02,3.196826204657554626e-02,-3.024808131158351898e-02,-1.640373617410659790e-01,-2.304376512765884399e-01,-4.533770307898521423e-02,-2.054338455200195312e-01,1.346490681171417236e-01,-1.613951325416564941e-01,3.453870415687561035e-01,1.769503951072692871e-01,4.071747064590454102e-01,8.324126154184341431e-02,1.572523117065429688e-01,6.516870111227035522e-02,1.415154188871383667e-01,6.254025548696517944e-02,1.078974381089210510e-01,5.324755981564521790e-02,1.144403442740440369e-01,1.065271273255348206e-01,-1.120615527033805847e-01,-2.201567590236663818e-01,-8.835722506046295166e-02,-1.734811663627624512e-01,7.534181326627731323e-02,-2.347189188003540039e-02,-7.606974989175796509e-02,-7.504037022590637207e-02,-9.727296233177185059e-02,-1.965207010507583618e-01,5.678459629416465759e-02,8.717784285545349121e-02,-1.248088330030441284e-01,-2.261520773172378540e-01,-2.341137081384658813e-02,-5.540959909558296204e-02,-6.698201596736907959e-02,-9.132216125726699829e-02,-2.664454281330108643e-02,7.231631316244602203e-03,-3.883949294686317444e-02,-3.571356460452079773e-02
