1.000000000000000000e+00,7.046728730201721191e-01,3.844482898712158203e-01,4.080439805984497070e-01,-2.334803938865661621e-01,-2.416431456804275513e-01,2.621925473213195801e-01,2.579638659954071045e-01,-3.488775715231895447e-02,2.955790981650352478e-02,3.885631263256072998e-01,2.270644307136535645e-01,3.077645301818847656e-01,2.680103294551372528e-02,1.465181708335876465e-01,2.344253063201904297e-01,6.567043066024780273e-01,4.632278680801391602e-01,5.434995889663696289e-01,4.163613319396972656e-01,2.539919316768646240e-02,1.042334642261266708e-02,1.609631441533565521e-02,7.322645187377929688e-02,-7.840427011251449585e-02,-1.266958117485046387e-01,-2.877253592014312744e-01,-2.177117317914962769e-01,4.879023432731628418e-01,3.306296169757843018e-01,1.406001746654510498e-01,1.567529439926147461e-01,6.497317552566528320e-01,4.997699856758117676e-01,4.833497405052185059e-01,3.110918998718261719e-01,3.927438557147979736e-01,4.053004980087280273e-01,2.106045484542846680e-01,2.255033254623413086e-01,1.456487327814102173e-01,2.652381956577301025e-01,1.560953259468078613e-01,8.081211149692535400e-02,1.215820685029029846e-01,1.523432135581970215e-01,2.242991626262664795e-01,1.089511290192604065e-01,2.726555168628692627e-01,2.722974121570587158e-01,3.657198846340179443e-01,2.362717092037200928e-01,3.162704706192016602e-01,3.823633119463920593e-02,3.220816552639007568e-01,1.096936687827110291e-01,7.704362273216247559e-01,6.230689287185668945e-01,3.143287897109985352e-01,2.590524554252624512e-01,5.375267863273620605e-01,3.605777919292449951e-01,4.544157981872558594e-01,2.994935512542724609e-01,2.908030450344085693e-01,2.314517199993133545e-01,3.065501749515533447e-01,2.157651931047439575e-01,6.389781832695007324e-01,4.116922616958618164e-01,1.849275231361389160e-01,8.388612419366836548e-02,1.751004606485366821e-01,3.056665956974029541e-01,1.115184053778648376e-01,1.995347887277603149e-01,5.257788896560668945e-01,5.095548033714294434e-01,3.389081954956054688e-01,2.233143150806427002e-01,5.305352210998535156e-01,5.077822208404541016e-01,2.248626500368118286e-01,2.680176198482513428e-01,4.980778396129608154e-01,3.517718315124511719e-01,5.813824757933616638e-02,6.109609827399253845e-02,4.814241528511047363e-01,2.236847281455993652e-01,3.394359648227691650e-01,9.685322642326354980e-02,1.884171068668365479e-01,1.974423974752426147e-02,2.674630582332611084e-01,4.726073145866394043e-01,2.312045991420745850e-01,2.900592088699340820e-01,3.128655850887298584e-01,2.720439434051513672e-01,2.976607084274291992e-01,-5.972965154796838760e-03,2.420399636030197144e-01,1.979238986968994141e-01,3.249211907386779785e-01,3.063561916351318359e-01,2.694072425365447998e-01,2.545206248760223389e-01,2.538473606109619141e-01,1.943331658840179443e-01,7.536778599023818970e-02,2.859865315258502960e-02,8.192627876996994019e-02,2.056668698787689209e-01,1.406151503324508667e-01,1.682855039834976196e-01
7.046728730201721191e-01,1.000000000000000000e+00,4.105776250362396240e-01,5.003734827041625977e-01,-1.965377181768417358e-01,-1.670879572629928589e-01,2.856184840202331543e-01,4.216756820678710938e-01,-6.810473650693893433e-02,1.880462653934955597e-02,1.578425318002700806e-01,3.226460814476013184e-01,1.634512096643447876e-01,1.455469876527786255e-01,6.645788252353668213e-02,1.751231700181961060e-01,3.946737647056579590e-01,5.911704897880554199e-01,5.131273269653320312e-01,5.174180865287780762e-01,-4.475158080458641052e-02,-2.128015458583831787e-02,1.009073778986930847e-01,1.390980333089828491e-01,-7.079140096902847290e-02,-1.099327057600021362e-01,-2.757998704910278320e-01,-1.850298345088958740e-01,2.549777030944824219e-01,3.121432065963745117e-01,4.271599650382995605e-02,8.119951188564300537e-02,6.342167854309082031e-01,5.387438535690307617e-01,3.129187524318695068e-01,1.464166045188903809e-01,2.561006546020507812e-01,3.828244805335998535e-01,1.044317781925201416e-01,1.678631454706192017e-01,9.059606492519378662e-02,1.910397112369537354e-01,4.602144286036491394e-02,1.892873346805572510e-01,4.369394481182098389e-02,1.323546618223190308e-01,9.445115178823471069e-02,1.438734382390975952e-01,1.486324220895767212e-01,3.242366611957550049e-01,2.869105339050292969e-01,4.559018611907958984e-01,1.859624832868576050e-01,2.869216799736022949e-01,9.268110990524291992e-02,1.092271208763122559e-01,6.233674287796020508e-01,8.099938035011291504e-01,3.414410054683685303e-01,4.474213719367980957e-01,4.315284788608551025e-01,5.554045438766479492e-01,2.135494947433471680e-01,4.546455442905426025e-01,3.138025999069213867e-01,4.830589592456817627e-01,3.209024667739868164e-01,3.136201202869415283e-01,6.433108448982238770e-01,5.626865625381469727e-01,5.035368725657463074e-02,4.281767830252647400e-02,1.306246668100357056e-01,2.494721114635467529e-01,4.225613921880722046e-02,1.732750236988067627e-01,4.397357404232025146e-01,4.573822617530822754e-01,2.187598794698715210e-01,2.248161286115646362e-01,3.014751672744750977e-01,6.441566348075866699e-01,6.945940852165222168e-02,1.996968090534210205e-01,2.948807775974273682e-01,5.644056200981140137e-01,8.216333575546741486e-03,-6.709758192300796509e-03,2.463802546262741089e-01,4.149302840232849121e-01,2.078193873167037964e-01,3.279651701450347900e-01,1.420182436704635620e-01,2.572061717510223389e-01,8.657270669937133789e-02,3.577115833759307861e-01,6.319326907396316528e-02,1.840839236974716187e-01,2.228544503450393677e-01,3.224390745162963867e-01,2.107660621404647827e-01,1.762623339891433716e-01,1.812606751918792725e-01,2.112008035182952881e-01,2.976229190826416016e-01,3.158917129039764404e-01,2.436771839857101440e-01,2.966333031654357910e-01,1.243636757135391235e-01,6.196678057312965393e-02,-1.470924913883209229e-02,3.766974061727523804e-02,9.197579324245452881e-02,1.341951638460159302e-01,1.254365146160125732e-01,1.190062239766120911e-01
3.844482898712158203e-01,4.105776250362396240e-01,1.000000000000000000e+00,7.513844966888427734e-01,-2.123517543077468872e-02,-1.141238436102867126e-01,7.103583812713623047e-01,7.150380015373229980e-01,3.947959542274475098e-01,4.042406976222991943e-01,4.017387628555297852e-01,3.901434540748596191e-01,5.395933985710144043e-01,4.167258441448211670e-01,2.803175151348114014e-01,2.973130643367767334e-01,2.252091616392135620e-01,4.335666596889495850e-01,5.764432549476623535e-01,5.194152593612670898e-01,2.294854521751403809e-01,2.304887920618057251e-01,6.232780218124389648e-01,5.686341524124145508e-01,2.920983135700225830e-01,1.491574347019195557e-01,-6.839182227849960327e-02,-2.067748829722404480e-02,4.329520165920257568e-01,4.648907482624053955e-01,5.291860103607177734e-01,5.390244126319885254e-01,5.501421093940734863e-01,5.435197949409484863e-01,4.055226594209671021e-02,2.747813239693641663e-02,2.348906546831130981e-01,1.920397281646728516e-01,2.826555967330932617e-01,1.155660822987556458e-01,2.727015316486358643e-01,2.599595785140991211e-01,1.256329007446765900e-02,-1.116468105465173721e-02,1.160844564437866211e-01,4.764445498585700989e-02,-4.796941578388214111e-02,-2.268217504024505615e-03,1.237640082836151123e-01,1.549761891365051270e-01,1.376563757658004761e-01,2.764948010444641113e-01,2.065140567719936371e-02,1.900749057531356812e-01,8.783844858407974243e-02,-4.632199183106422424e-02,3.220418095588684082e-01,3.418931365013122559e-01,1.680683493614196777e-01,3.045102357864379883e-01,1.729940176010131836e-01,2.413774579763412476e-01,1.143926382064819336e-01,1.053937152028083801e-01,3.469703197479248047e-01,2.687102854251861572e-01,2.485862076282501221e-01,2.011499702930450439e-01,3.520262241363525391e-01,4.196202754974365234e-01,3.289817571640014648e-01,3.432540297508239746e-01,4.320271909236907959e-01,3.974833488464355469e-01,2.134434133768081665e-01,2.720986306667327881e-01,3.972778916358947754e-01,3.476064801216125488e-01,3.203020617365837097e-02,1.030960530042648315e-01,2.435313463211059570e-01,3.565277159214019775e-01,3.125583231449127197e-01,2.836671471595764160e-01,2.193575799465179443e-01,2.654159963130950928e-01,2.953090965747833252e-01,1.759176552295684814e-01,1.456296592950820923e-01,1.476060599088668823e-01,-3.684222325682640076e-02,1.121575534343719482e-01,-3.729379549622535706e-02,1.074376851320266724e-01,1.016954481601715088e-01,1.890348792076110840e-01,-9.354954585433006287e-03,4.353512078523635864e-02,-5.319741740822792053e-02,1.289017051458358765e-01,-9.512306004762649536e-02,-2.295347116887569427e-02,-8.758120983839035034e-02,-3.861432150006294250e-02,2.386019565165042877e-02,-3.623612225055694580e-03,7.291728258132934570e-02,1.388055384159088135e-01,1.158928424119949341e-01,1.289918273687362671e-01,-1.481869909912347794e-02,3.038372844457626343e-02,6.049471348524093628e-02,3.525167703628540039e-02,9.034045785665512085e-02,-8.457001298666000366e-02
4.080439805984497070e-01,5.003734827041625977e-01,7.513844966888427734e-01,1.000000000000000000e+00,-3.658817335963249207e-02,-8.210490643978118896e-02,6.900424361228942871e-01,8.309577703475952148e-01,2.286332100629806519e-01,4.688378572463989258e-01,3.917692899703979492e-01,5.540993213653564453e-01,4.822096824645996094e-01,5.650861859321594238e-01,2.805180549621582031e-01,3.210841119289398193e-01,2.439080029726028442e-01,5.123961567878723145e-01,5.773742794990539551e-01,6.883951425552368164e-01,1.587540209293365479e-01,2.202644050121307373e-01,4.642505049705505371e-01,6.552480459213256836e-01,1.664855927228927612e-01,2.952194213867187500e-02,-6.580531597137451172e-02,-3.884970024228096008e-02,3.790808320045471191e-01,5.352000594139099121e-01,3.867166936397552490e-01,4.685662388801574707e-01,6.009383797645568848e-01,6.642681956291198730e-01,6.736025214195251465e-02,1.348708942532539368e-02,3.352325856685638428e-01,3.554306030273437500e-01,2.995430827140808105e-01,1.536095142364501953e-01,2.459813207387924194e-01,3.972903788089752197e-01,-1.932525821030139923e-02,-2.536203898489475250e-02,1.476169824600219727e-01,1.102833747863769531e-01,-1.256434023380279541e-01,4.464605078101158142e-02,1.706324666738510132e-01,2.189607173204421997e-01,1.129478216171264648e-01,3.329530656337738037e-01,-3.068075701594352722e-02,2.438841760158538818e-01,1.554586738348007202e-02,6.716884672641754150e-02,3.813616931438446045e-01,4.243420064449310303e-01,1.366215944290161133e-01,3.046103715896606445e-01,1.648144423961639404e-01,2.941530942916870117e-01,1.880312860012054443e-01,2.808786034584045410e-01,2.427818775177001953e-01,2.997453808784484863e-01,2.386060953140258789e-01,2.632238864898681641e-01,4.299518167972564697e-01,5.154793262481689453e-01,2.651581764221191406e-01,3.620322644710540771e-01,3.704589605331420898e-01,4.434352815151214600e-01,2.252087146043777466e-01,3.119913935661315918e-01,4.210805892944335938e-01,4.196664988994598389e-01,1.647902093827724457e-02,8.798088133335113525e-02,1.754336059093475342e-01,4.954022765159606934e-01,1.899827718734741211e-01,2.336747348308563232e-01,1.719348132610321045e-01,4.092374742031097412e-01,2.589780390262603760e-01,1.898326575756072998e-01,7.589022070169448853e-02,3.001295328140258789e-01,-3.310816362500190735e-02,2.601436376571655273e-01,-8.832202851772308350e-02,2.007275223731994629e-01,1.242134049534797668e-01,2.777094841003417969e-01,7.127192616462707520e-02,1.038957312703132629e-01,2.181802876293659210e-02,2.262166887521743774e-01,-6.648778915405273438e-02,7.155663520097732544e-02,1.607530005276203156e-02,9.409031271934509277e-02,1.588265299797058105e-01,1.227191984653472900e-01,1.965362429618835449e-01,2.556377053260803223e-01,7.523941993713378906e-02,5.251174047589302063e-02,-5.304473917931318283e-03,7.360793650150299072e-02,1.194151490926742554e-02,1.148360371589660645e-01,1.466209292411804199e-01,-3.996640443801879883e-02
-2.334803938865661621e-01,-1.965377181768417358e-01,-2.123517543077468872e-02,-3.658817335963249207e-02,1.000000000000000000e+00,8.365987539291381836e-01,6.381509453058242798e-02,9.624489583075046539e-03,1.606533974409103394e-01,1.345023810863494873e-01,9.817469865083694458e-02,1.628988981246948242e-01,2.054443210363388062e-02,1.178720220923423767e-01,-3.835120797157287598e-02,-1.308715045452117920e-01,-1.231540739536285400e-01,-1.402362734079360962e-01,-6.815243512392044067e-02,-8.194231986999511719e-02,1.033553108572959900e-01,4.543492570519447327e-02,1.672128401696681976e-02,3.627798706293106079e-02,4.208849668502807617e-01,4.329930245876312256e-01,7.809040546417236328e-01,7.235335707664489746e-01,8.872803300619125366e-02,-4.765602201223373413e-02,2.394649982452392578e-01,1.008986905217170715e-01,-1.425190120935440063e-01,-8.922460675239562988e-02,-1.856071799993515015e-01,3.390867030248045921e-03,-1.160164400935173035e-01,-2.608116865158081055e-01,-6.888220459222793579e-02,-1.990973502397537231e-01,1.825401186943054199e-01,2.480482496321201324e-02,-1.845137923955917358e-01,-2.002993077039718628e-01,-1.298985183238983154e-01,-1.538102179765701294e-01,-1.583901196718215942e-01,-1.034182459115982056e-01,-2.062458992004394531e-01,-2.184838950634002686e-01,-2.362513989210128784e-01,-1.736961603164672852e-01,-1.664884239435195923e-01,-1.028509885072708130e-01,-2.407451719045639038e-01,-2.489349395036697388e-01,-2.707450091838836670e-01,-2.186716794967651367e-01,-1.896405667066574097e-01,-1.986626386642456055e-01,-2.338839620351791382e-01,-1.233782321214675903e-01,-1.795780956745147705e-01,-1.546706557273864746e-01,-1.904008984565734863e-01,-1.083422154188156128e-01,-1.323101222515106201e-01,-7.464676350355148315e-02,-1.811005920171737671e-01,-1.179490983486175537e-01,8.391303569078445435e-02,1.480656266212463379e-01,1.625837832689285278e-01,7.943248003721237183e-02,3.723783418536186218e-02,1.882753707468509674e-02,-2.364156395196914673e-01,-2.559524476528167725e-01,-1.892241239547729492e-01,-1.506016105413436890e-01,-2.656762003898620605e-01,-1.640320420265197754e-01,1.126401796936988831e-01,-1.445373594760894775e-01,-2.344028055667877197e-01,-1.771139800548553467e-01,8.056983351707458496e-03,-4.254681617021560669e-02,-2.651104927062988281e-01,-2.348164319992065430e-01,-2.163999229669570923e-01,-1.439301222562789917e-01,-1.418319195508956909e-01,-8.570825308561325073e-02,-2.324771583080291748e-01,-2.525621652603149414e-01,-1.431305706501007080e-01,-1.807598322629928589e-01,-2.041095644235610962e-01,-1.341214925050735474e-01,-2.327045053243637085e-01,-1.155960112810134888e-01,-2.262466251850128174e-01,-1.881714314222335815e-01,-3.437164723873138428e-01,-2.518974244594573975e-01,-2.254832983016967773e-01,-2.449733763933181763e-01,-2.108854949474334717e-01,-1.234545558691024780e-01,-1.333436556160449982e-02,1.047922391444444656e-02,-7.928323745727539062e-02,-2.084657549858093262e-01,-2.320106774568557739e-01,-1.278173625469207764e-01
-2.416431456804275513e-01,-1.670879572629928589e-01,-1.141238436102867126e-01,-8.210490643978118896e-02,8.365987539291381836e-01,1.000000000000000000e+00,2.380419708788394928e-02,-3.007753193378448486e-02,-9.401748888194561005e-03,3.589538484811782837e-02,2.071530185639858246e-02,1.335900276899337769e-01,-4.023144394159317017e-02,1.078846752643585205e-01,-1.544429063796997070e-01,-1.943705081939697266e-01,-1.412024497985839844e-01,-1.632513850927352905e-01,-7.906091213226318359e-02,-7.945422828197479248e-02,6.795609369874000549e-04,-4.528658092021942139e-02,-4.939657822251319885e-02,-4.779219999909400940e-02,3.089894652366638184e-01,3.627105057239532471e-01,7.591337561607360840e-01,7.559643983840942383e-01,-1.533402316272258759e-02,-1.326114535331726074e-01,1.074224859476089478e-01,-4.255236312747001648e-02,-1.730448007583618164e-01,-1.201446726918220520e-01,-1.938912570476531982e-01,-2.795406803488731384e-02,-1.715643107891082764e-01,-2.893409430980682373e-01,-1.576043665409088135e-01,-2.522963285446166992e-01,9.965982288122177124e-02,-2.480949833989143372e-02,-2.320855110883712769e-01,-2.116411328315734863e-01,-1.917278021574020386e-01,-1.950066238641738892e-01,-1.898301690816879272e-01,-1.464875936508178711e-01,-2.453080564737319946e-01,-2.263030409812927246e-01,-2.523118555545806885e-01,-1.895490884780883789e-01,-1.786359995603561401e-01,-1.137830838561058044e-01,-3.161765336990356445e-01,-2.613043487071990967e-01,-2.721637189388275146e-01,-1.881608963012695312e-01,-2.296667844057083130e-01,-2.361673265695571899e-01,-2.495608627796173096e-01,-1.034851074218750000e-01,-2.196676731109619141e-01,-1.334424465894699097e-01,-2.409157305955886841e-01,-1.142324954271316528e-01,-1.801107823848724365e-01,-1.141003072261810303e-01,-1.518158465623855591e-01,-9.766797721385955811e-02,-9.120913222432136536e-03,5.713418498635292053e-02,3.820343315601348877e-02,3.567055240273475647e-02,-5.760191008448600769e-02,-5.504802614450454712e-02,-3.057726621627807617e-01,-3.217590153217315674e-01,-1.852076500654220581e-01,-1.538973152637481689e-01,-3.025842308998107910e-01,-1.824313551187515259e-01,1.046283869072794914e-03,-2.027999758720397949e-01,-2.793213725090026855e-01,-1.993853002786636353e-01,-1.100829169154167175e-01,-1.174787357449531555e-01,-2.767749726772308350e-01,-2.212016880512237549e-01,-1.791627258062362671e-01,-1.451111286878585815e-01,-1.013177186250686646e-01,-9.658978134393692017e-02,-3.249940872192382812e-01,-2.868064045906066895e-01,-1.973570436239242554e-01,-2.193621546030044556e-01,-1.670050323009490967e-01,-1.296873092651367188e-01,-1.516971588134765625e-01,-1.086185798048973083e-01,-1.361049413681030273e-01,-1.335919946432113647e-01,-2.827626168727874756e-01,-1.924770772457122803e-01,-1.346739083528518677e-01,-2.191456258296966553e-01,-2.935310304164886475e-01,-2.202900648117065430e-01,-8.254094421863555908e-02,-1.861508376896381378e-02,-1.391098201274871826e-01,-2.407680749893188477e-01,-2.749485969543457031e-01,-1.287904679775238037e-01
2.621925473213195801e-01,2.856184840202331543e-01,7.103583812713623047e-01,6.900424361228942871e-01,6.381509453058242798e-02,2.380419708788394928e-02,1.000000000000000000e+00,7.504906654357910156e-01,2.224213480949401855e-01,3.134483098983764648e-01,5.567475557327270508e-01,5.192686319351196289e-01,6.977704763412475586e-01,6.575632095336914062e-01,1.600839197635650635e-01,7.413570582866668701e-02,2.266157269477844238e-01,3.465952277183532715e-01,5.554129481315612793e-01,6.098257303237915039e-01,1.445093750953674316e-01,2.222267538309097290e-01,5.749279856681823730e-01,5.817229747772216797e-01,2.821881473064422607e-01,1.809981763362884521e-01,8.948122709989547729e-02,1.399822086095809937e-01,4.053446650505065918e-01,3.380355834960937500e-01,4.244793057441711426e-01,3.769230544567108154e-01,4.769918918609619141e-01,5.735678672790527344e-01,-8.813801407814025879e-02,-6.181857734918594360e-02,2.150411605834960938e-01,1.122483536601066589e-01,2.021189033985137939e-01,-1.538948900997638702e-02,3.115006685256958008e-01,2.882411777973175049e-01,-1.865550428628921509e-01,-2.303113192319869995e-01,3.315918380394577980e-03,-7.671574503183364868e-02,-2.719497680664062500e-01,-1.718950867652893066e-01,3.421595087274909019e-03,9.696810692548751831e-02,-3.565185517072677612e-02,1.225734874606132507e-01,-1.402970999479293823e-01,-2.737518772482872009e-02,-1.596641689538955688e-01,-1.272778064012527466e-01,2.713217437267303467e-01,1.853349953889846802e-01,-7.821327447891235352e-02,7.847536355257034302e-02,1.272140722721815109e-02,9.425059705972671509e-02,7.945575565099716187e-02,2.090118266642093658e-02,1.666959375143051147e-01,6.434342265129089355e-02,9.795635193586349487e-02,1.299364864826202393e-01,3.354130983352661133e-01,5.110612511634826660e-01,2.838528156280517578e-01,3.620856106281280518e-01,3.439721465110778809e-01,4.301381409168243408e-01,2.300531119108200073e-01,3.038856089115142822e-01,2.572441995143890381e-01,2.262676209211349487e-01,-3.017244115471839905e-02,-3.687873482704162598e-02,1.617273688316345215e-01,2.520742714405059814e-01,2.677006423473358154e-01,1.667562276124954224e-01,9.655981510877609253e-02,9.368444234132766724e-02,2.121627330780029297e-01,1.557993739843368530e-01,-2.403016574680805206e-02,3.495457395911216736e-02,-7.936080545186996460e-02,-1.637805998325347900e-02,-9.517042338848114014e-02,-1.454661600291728973e-02,-2.481263503432273865e-02,1.047863811254501343e-01,-8.928029239177703857e-02,-8.365277945995330811e-02,-9.620621055364608765e-02,-1.491566421464085579e-03,-8.035227656364440918e-02,-1.712912917137145996e-01,-2.309971489012241364e-02,8.268402889370918274e-03,1.007875241339206696e-02,-1.918424107134342194e-02,1.186387687921524048e-01,7.068067044019699097e-02,-5.213780328631401062e-02,-2.881101565435528755e-03,-1.030459329485893250e-01,-3.358689695596694946e-02,-1.328573226928710938e-01,-2.509786374866962433e-02,-2.489402191713452339e-03,-1.257787793874740601e-01
2.579638659954071045e-01,4.216756820678710938e-01,7.150380015373229980e-01,8.309577703475952148e-01,9.624489583075046539e-03,-3.007753193378448486e-02,7.504906654357910156e-01,1.000000000000000000e+00,2.186608016490936279e-01,4.819647669792175293e-01,4.051159024238586426e-01,6.185486912727355957e-01,5.499657392501831055e-01,7.195690870285034180e-01,2.633945643901824951e-01,3.156665861606597900e-01,1.731259077787399292e-01,5.040012001991271973e-01,4.862213730812072754e-01,6.687266230583190918e-01,1.864230036735534668e-01,3.080124855041503906e-01,5.602356791496276855e-01,6.941796541213989258e-01,2.142902165651321411e-01,9.223705530166625977e-02,1.773674041032791138e-02,2.284337207674980164e-02,3.390442430973052979e-01,5.092368721961975098e-01,4.019030034542083740e-01,4.780161380767822266e-01,5.277656316757202148e-01,6.552559137344360352e-01,-7.424655556678771973e-02,-9.636092185974121094e-02,2.921321094036102295e-01,2.990744411945343018e-01,2.817618846893310547e-01,1.333204060792922974e-01,2.759619653224945068e-01,4.117628931999206543e-01,-1.266642212867736816e-01,-9.114596247673034668e-02,5.858414992690086365e-02,3.027298301458358765e-02,-2.429696768522262573e-01,-4.011704400181770325e-02,7.992201298475265503e-02,1.740191429853439331e-01,1.242167782038450241e-02,2.968731820583343506e-01,-1.516395509243011475e-01,2.032191306352615356e-01,-1.064817905426025391e-01,-1.767160603776574135e-03,2.367289364337921143e-01,3.081215023994445801e-01,1.065164804458618164e-02,2.222544997930526733e-01,-5.396996159106492996e-03,1.860319525003433228e-01,4.916249960660934448e-02,1.489016413688659668e-01,1.741451174020767212e-01,2.358019202947616577e-01,1.146919205784797668e-01,1.779390424489974976e-01,3.256285786628723145e-01,5.145108103752136230e-01,2.411509752273559570e-01,3.861089050769805908e-01,4.085994362831115723e-01,4.428631067276000977e-01,2.534349858760833740e-01,3.486077189445495605e-01,3.333658874034881592e-01,3.488215804100036621e-01,-6.321592628955841064e-02,1.171667594462633133e-02,9.518710523843765259e-02,4.234718978404998779e-01,2.341890037059783936e-01,2.409332841634750366e-01,6.780711561441421509e-02,3.308193087577819824e-01,3.173481225967407227e-01,2.538356184959411621e-01,-5.149333178997039795e-02,2.787216007709503174e-01,-1.405726969242095947e-01,1.948935836553573608e-01,-1.477790176868438721e-01,1.783296316862106323e-01,5.342303961515426636e-02,1.711625903844833374e-01,-5.484154447913169861e-03,1.781624928116798401e-02,-8.095838129520416260e-02,1.152602434158325195e-01,-1.179129108786582947e-01,3.340296447277069092e-02,-2.639911510050296783e-02,7.021856307983398438e-02,8.615931123495101929e-02,4.619843885302543640e-02,1.630695164203643799e-01,1.866703480482101440e-01,2.718536555767059326e-02,1.046957820653915405e-02,-6.350033730268478394e-02,1.606530882418155670e-02,-7.215288281440734863e-02,3.494065254926681519e-02,8.706036210060119629e-02,-5.613655224442481995e-02
-3.488775715231895447e-02,-6.810473650693893433e-02,3.947959542274475098e-01,2.286332100629806519e-01,1.606533974409103394e-01,-9.401748888194561005e-03,2.224213480949401855e-01,2.186608016490936279e-01,1.000000000000000000e+00,4.972344040870666504e-01,1.905196607112884521e-01,7.508950680494308472e-02,3.532978594303131104e-01,1.667082011699676514e-01,5.800477862358093262e-01,3.534095585346221924e-01,-5.292906239628791809e-02,7.446502149105072021e-02,4.075143113732337952e-02,5.839430913329124451e-02,3.106072545051574707e-01,2.434117496013641357e-01,2.396142482757568359e-01,4.427396357059478760e-01,3.496698737144470215e-01,2.020917832851409912e-01,6.623399257659912109e-02,2.141731604933738708e-02,3.109592497348785400e-01,3.469818234443664551e-01,5.693925023078918457e-01,5.961023569107055664e-01,1.739472597837448120e-01,1.858447492122650146e-01,5.322279781103134155e-02,1.554829627275466919e-01,8.838271349668502808e-02,4.839235171675682068e-02,2.292817533016204834e-01,9.787953644990921021e-02,2.106870710849761963e-01,1.110234484076499939e-01,1.811393797397613525e-01,9.300575405359268188e-02,1.881779581308364868e-01,1.527450829744338989e-01,6.154153868556022644e-02,1.238432526588439941e-01,1.830209195613861084e-01,1.666127294301986694e-01,7.894743233919143677e-02,1.754481494426727295e-01,-8.319899439811706543e-03,1.624795496463775635e-01,1.035214364528656006e-01,3.608747944235801697e-02,-1.727794855833053589e-02,-3.871934860944747925e-02,1.142417937517166138e-01,1.450049877166748047e-01,1.842753216624259949e-02,-1.635839045047760010e-02,1.395609509199857712e-02,-3.620677813887596130e-02,1.598175764083862305e-01,1.016314402222633362e-01,1.155606061220169067e-01,1.084349378943443298e-01,-2.669838815927505493e-02,5.073102936148643494e-02,2.802664339542388916e-01,2.838230133056640625e-01,3.585562109947204590e-01,1.314720064401626587e-01,2.181735485792160034e-01,1.962507665157318115e-01,1.880137026309967041e-01,1.584129482507705688e-01,6.555058807134628296e-02,1.123296469449996948e-01,6.748004257678985596e-02,6.569788604974746704e-02,3.666952252388000488e-01,2.500258386135101318e-01,5.214728787541389465e-02,7.226726412773132324e-02,4.468654096126556396e-01,2.797155976295471191e-01,-1.323448494076728821e-03,1.819758303463459015e-02,-2.029389292001724243e-01,6.257136911153793335e-02,-2.026245146989822388e-01,7.070520520210266113e-02,2.162730544805526733e-01,4.689553007483482361e-02,1.490059792995452881e-01,1.134359389543533325e-01,-1.638870388269424438e-01,-1.648215949535369873e-02,-2.772533893585205078e-01,2.852666191756725311e-02,-2.656489014625549316e-01,-1.737959831953048706e-01,-1.370336264371871948e-01,-1.692715436220169067e-01,-1.516495794057846069e-01,-1.101885642856359482e-02,2.449470162391662598e-01,2.756440639495849609e-01,2.160871177911758423e-01,4.231712222099304199e-02,1.161216422915458679e-01,4.039912018924951553e-03,7.636334002017974854e-02,-4.502551257610321045e-02
2.955790981650352478e-02,1.880462653934955597e-02,4.042406976222991943e-01,4.688378572463989258e-01,1.345023810863494873e-01,3.589538484811782837e-02,3.134483098983764648e-01,4.819647669792175293e-01,4.972344040870666504e-01,1.000000000000000000e+00,2.756666541099548340e-01,3.492484092712402344e-01,3.401344418525695801e-01,4.427419304847717285e-01,3.936467170715332031e-01,5.393272042274475098e-01,6.973896920680999756e-02,1.711563766002655029e-01,6.506621092557907104e-02,1.815915852785110474e-01,1.866226196289062500e-01,2.780288755893707275e-01,2.400366365909576416e-01,5.485827326774597168e-01,3.158252537250518799e-01,1.910983324050903320e-01,1.218048036098480225e-01,5.917983874678611755e-02,2.965037226676940918e-01,4.181683361530303955e-01,5.115541815757751465e-01,6.291081309318542480e-01,1.826086342334747314e-01,2.870804965496063232e-01,2.390211261808872223e-02,4.796785861253738403e-02,2.137795537710189819e-01,1.958808004856109619e-01,2.649744153022766113e-01,1.260902285575866699e-01,2.100881487131118774e-01,3.336670994758605957e-01,1.814416348934173584e-01,1.527202408760786057e-02,2.745410203933715820e-01,2.416754812002182007e-01,-3.668854013085365295e-03,8.010690659284591675e-02,3.108384013175964355e-01,2.011082470417022705e-01,1.468724012374877930e-01,2.171142548322677612e-01,5.227873846888542175e-02,2.198425829410552979e-01,2.599282376468181610e-02,6.762121617794036865e-02,4.874112084507942200e-02,1.710123196244239807e-02,1.174369901418685913e-01,9.949045628309249878e-02,3.464539721608161926e-02,1.548525411635637283e-02,1.194800809025764465e-01,5.597931519150733948e-02,1.376108080148696899e-01,8.427454531192779541e-02,7.115548849105834961e-02,7.211716473102569580e-02,4.050419479608535767e-02,6.468020379543304443e-02,2.313207387924194336e-01,3.728678524494171143e-01,3.000141978263854980e-01,2.297487556934356689e-01,2.088500261306762695e-01,1.633812189102172852e-01,1.731048673391342163e-01,1.884070783853530884e-01,-3.949156031012535095e-02,-4.618427902460098267e-02,5.966622009873390198e-02,1.528839617967605591e-01,2.507953941822052002e-01,1.989299505949020386e-01,7.768457382917404175e-02,1.886195987462997437e-01,3.565555512905120850e-01,3.148322403430938721e-01,5.233110859990119934e-02,1.893050223588943481e-01,-7.183460891246795654e-02,1.992698758840560913e-01,-5.730166286230087280e-02,2.045282423496246338e-01,2.678269445896148682e-01,1.623505204916000366e-01,2.072863876819610596e-01,1.434935480356216431e-01,-3.624013438820838928e-02,1.022259518504142761e-01,-1.042397171258926392e-01,1.424837857484817505e-01,-4.454685747623443604e-02,5.373026710003614426e-03,9.828452765941619873e-02,4.802092537283897400e-02,8.605831861495971680e-02,1.116287633776664734e-01,1.841159611940383911e-01,1.537847667932510376e-01,1.122494116425514221e-01,1.631542295217514038e-01,1.115945279598236084e-01,2.093726992607116699e-01,1.965140104293823242e-01,3.033486939966678619e-02
3.885631263256072998e-01,1.578425318002700806e-01,4.017387628555297852e-01,3.917692899703979492e-01,9.817469865083694458e-02,2.071530185639858246e-02,5.567475557327270508e-01,4.051159024238586426e-01,1.905196607112884521e-01,2.756666541099548340e-01,1.000000000000000000e+00,5.979697108268737793e-01,6.829649806022644043e-01,4.825613200664520264e-01,1.821521073579788208e-01,1.213390752673149109e-01,4.358902275562286377e-01,2.304208874702453613e-01,3.371971845626831055e-01,2.897420525550842285e-01,2.691200971603393555e-01,2.386782169342041016e-01,1.955472677946090698e-01,3.046483695507049561e-01,2.349212616682052612e-01,1.545057594776153564e-01,1.217388659715652466e-01,1.354283094406127930e-01,6.122482419013977051e-01,3.338331878185272217e-01,4.696685671806335449e-01,3.652399778366088867e-01,3.744006156921386719e-01,3.891976177692413330e-01,9.258069843053817749e-02,1.151621788740158081e-01,3.269310891628265381e-01,1.662366390228271484e-01,3.076756298542022705e-01,6.633438169956207275e-02,5.028034448623657227e-01,4.279979765415191650e-01,-1.411857735365629196e-02,-2.198258787393569946e-01,4.641107097268104553e-02,-5.673809722065925598e-02,5.915307905524969101e-03,-1.012281924486160278e-01,4.984703660011291504e-02,-9.423108771443367004e-03,2.155521512031555176e-02,-9.460606426000595093e-02,2.512300014495849609e-02,-1.902025043964385986e-01,4.814078658819198608e-02,-4.768255725502967834e-02,3.633274435997009277e-01,3.298998996615409851e-02,-4.769004136323928833e-02,-8.192338794469833374e-02,1.403991281986236572e-01,-4.371029511094093323e-02,3.383304178714752197e-01,1.111492514610290527e-02,7.271380722522735596e-02,-1.552139222621917725e-01,1.017274260520935059e-01,8.114372193813323975e-02,2.561948001384735107e-01,2.395230084657669067e-01,3.375196754932403564e-01,3.798238337039947510e-01,4.129810035228729248e-01,4.420899152755737305e-01,3.322330713272094727e-01,2.873988747596740723e-01,2.599184215068817139e-01,2.214998155832290649e-01,7.254168391227722168e-02,-5.280106142163276672e-02,3.454042375087738037e-01,1.640582978725433350e-01,4.679743647575378418e-01,2.250286936759948730e-01,2.749329507350921631e-01,2.871321048587560654e-03,2.662719488143920898e-01,2.513183355331420898e-01,2.126817256212234497e-01,-2.985373698174953461e-02,1.129143387079238892e-01,-1.273729056119918823e-01,7.029522210359573364e-03,-1.653507798910140991e-01,7.552914321422576904e-02,1.343175023794174194e-01,9.266740828752517700e-02,3.768889605998992920e-02,3.040552325546741486e-02,-3.843425214290618896e-02,6.921302527189254761e-03,-2.024719268083572388e-01,-1.171898748725652695e-02,-3.550378233194351196e-02,6.833875086158514023e-03,-2.613557688891887665e-02,1.024898067116737366e-01,5.245832353830337524e-02,3.741696104407310486e-02,1.053313463926315308e-01,6.394132226705551147e-02,8.487755060195922852e-02,-4.064181819558143616e-02,5.858191102743148804e-02,-2.100034058094024658e-02,-2.579974755644798279e-02
2.270644307136535645e-01,3.226460814476013184e-01,3.901434540748596191e-01,5.540993213653564453e-01,1.628988981246948242e-01,1.335900276899337769e-01,5.192686319351196289e-01,6.185486912727355957e-01,7.508950680494308472e-02,3.492484092712402344e-01,5.979697108268737793e-01,1.000000000000000000e+00,4.713082611560821533e-01,6.673939824104309082e-01,1.520659029483795166e-01,1.833342164754867554e-01,2.282772511243820190e-01,4.405980706214904785e-01,2.938657104969024658e-01,4.078645408153533936e-01,1.595180481672286987e-01,2.929467260837554932e-01,2.491710782051086426e-01,4.173811376094818115e-01,2.532329857349395752e-01,1.838872432708740234e-01,1.433642059564590454e-01,1.881439983844757080e-01,4.021273255348205566e-01,4.600377082824707031e-01,4.275612235069274902e-01,3.830941617488861084e-01,3.703483045101165771e-01,4.778487682342529297e-01,-2.575913444161415100e-02,1.210060436278581619e-02,2.544254660606384277e-01,3.144252598285675049e-01,2.988784909248352051e-01,1.129237264394760132e-01,4.680000245571136475e-01,5.596584677696228027e-01,-1.690005511045455933e-01,-1.754877418279647827e-01,-4.613912478089332581e-02,-7.378764450550079346e-02,-1.954465508460998535e-01,-4.274381324648857117e-02,-6.661227345466613770e-02,-1.842358335852622986e-02,-1.024776026606559753e-01,7.065483927726745605e-02,-1.456915438175201416e-01,6.150354444980621338e-02,-1.047105863690376282e-01,6.960425525903701782e-02,1.578172296285629272e-01,1.750872880220413208e-01,-7.133997231721878052e-02,3.838904574513435364e-02,-1.919491589069366455e-02,9.371881932020187378e-02,1.268164813518524170e-01,2.172706574201583862e-01,-4.748593084514141083e-03,7.648546248674392700e-02,3.101570717990398407e-02,1.133595779538154602e-01,1.818864345550537109e-01,2.428408265113830566e-01,2.923932671546936035e-01,4.970152676105499268e-01,4.384713172912597656e-01,5.552241206169128418e-01,3.312656283378601074e-01,3.503388464450836182e-01,2.330678999423980713e-01,2.611244320869445801e-01,-4.335021972656250000e-02,-1.767186820507049561e-02,6.418132036924362183e-02,3.937156498432159424e-01,3.228833079338073730e-01,2.015320658683776855e-01,4.011704400181770325e-02,2.895943522453308105e-01,2.094404995441436768e-01,2.206029295921325684e-01,-3.870902955532073975e-02,2.616993784904479980e-01,-8.421432971954345703e-02,1.270505487918853760e-01,-1.172322779893875122e-01,7.516161352396011353e-02,-1.724491640925407410e-02,1.210046261548995972e-01,3.322599828243255615e-02,2.519663423299789429e-02,-2.753044292330741882e-02,9.697744250297546387e-02,-9.238611161708831787e-02,-5.497517995536327362e-03,-2.262257225811481476e-02,1.228867750614881516e-02,7.977389544248580933e-02,7.625520974397659302e-02,1.930850297212600708e-01,2.718091011047363281e-01,-5.082068219780921936e-02,-4.256112128496170044e-02,2.084027230739593506e-02,9.393572062253952026e-02,-5.795641615986824036e-02,4.828325659036636353e-02,5.129212886095046997e-02,8.203111588954925537e-03
3.077645301818847656e-01,1.634512096643447876e-01,5.395933985710144043e-01,4.822096824645996094e-01,2.054443210363388062e-02,-4.023144394159317017e-02,6.977704763412475586e-01,5.499657392501831055e-01,3.532978594303131104e-01,3.401344418525695801e-01,6.829649806022644043e-01,4.713082611560821533e-01,1.000000000000000000e+00,6.168380975723266602e-01,4.284300208091735840e-01,2.902978658676147461e-01,3.616878688335418701e-01,2.228734046220779419e-01,3.580769300460815430e-01,4.340577423572540283e-01,2.135669142007827759e-01,2.979430556297302246e-01,4.086505174636840820e-01,5.316447019577026367e-01,1.430436074733734131e-01,6.600508000701665878e-03,1.635264232754707336e-02,2.090469375252723694e-02,5.295029282569885254e-01,3.664934039115905762e-01,4.382809996604919434e-01,4.456232190132141113e-01,4.162515699863433838e-01,4.860025346279144287e-01,1.319854636676609516e-03,-4.881784319877624512e-03,2.603920102119445801e-01,1.188225820660591125e-01,2.916025519371032715e-01,8.813600242137908936e-02,3.090212047100067139e-01,3.842105865478515625e-01,-6.897678226232528687e-02,-2.229095250368118286e-01,6.030672416090965271e-02,-1.455016713589429855e-02,-1.753204762935638428e-01,-1.722609400749206543e-01,1.500912457704544067e-01,1.713828295469284058e-01,8.941914886236190796e-02,7.111591845750808716e-02,-4.620789084583520889e-03,-1.366180032491683960e-01,1.239074394106864929e-02,-9.612116217613220215e-02,3.572234809398651123e-01,8.756001293659210205e-02,-7.719431817531585693e-02,1.513174269348382950e-02,9.711298346519470215e-02,-7.980152033269405365e-03,2.767131626605987549e-01,-3.994219377636909485e-02,1.701435893774032593e-01,-5.730520933866500854e-02,1.516508962959051132e-02,1.443056669086217880e-02,3.169309496879577637e-01,4.029698073863983154e-01,2.513197958469390869e-01,2.944217324256896973e-01,3.343825340270996094e-01,3.331980407238006592e-01,2.631880044937133789e-01,3.188078403472900391e-01,2.410329133272171021e-01,2.294759154319763184e-01,5.014591664075851440e-02,-5.259941890835762024e-02,3.228531777858734131e-01,1.460836976766586304e-01,4.839819371700286865e-01,3.709720075130462646e-01,2.342013567686080933e-01,-1.200288906693458557e-02,4.208273291587829590e-01,3.794273436069488525e-01,1.447715908288955688e-01,-4.374170675873756409e-02,1.931933686137199402e-02,-1.424293667078018188e-01,-7.918614894151687622e-02,-1.679007709026336670e-01,4.379184171557426453e-02,9.308856725692749023e-02,-2.988913329318165779e-03,-6.450061500072479248e-02,-5.505144968628883362e-02,-1.304650306701660156e-01,-1.530633959919214249e-02,-2.480463385581970215e-01,-1.843378064222633839e-03,-2.594540826976299286e-02,1.295494008809328079e-02,-7.602918893098831177e-02,1.923061609268188477e-01,7.436433434486389160e-02,2.576382644474506378e-02,4.323386028409004211e-02,-9.499476850032806396e-02,-1.109427586197853088e-01,-2.000348120927810669e-01,-1.837514713406562805e-02,-9.348803199827671051e-03,-5.451216921210289001e-02
