1.000000000000000000e+00,4.939160645008087158e-01,4.188422560691833496e-01,2.542711198329925537e-01,1.360034942626953125e-01,9.442813694477081299e-02,5.359824895858764648e-01,2.385936379432678223e-01,1.691427826881408691e-01,9.783704578876495361e-02,5.684331059455871582e-01,1.516939103603363037e-01,5.626937150955200195e-01,1.768060773611068726e-01,3.928809985518455505e-02,4.315035417675971985e-02,4.858621656894683838e-01,3.308932483196258545e-01,5.409770607948303223e-01,5.345039367675781250e-01,-6.056964769959449768e-02,-9.852259419858455658e-03,9.780028462409973145e-02,1.371909379959106445e-01,-7.105918973684310913e-02,-1.584834791719913483e-02,-9.059763699769973755e-02,-6.335379183292388916e-02,2.782560288906097412e-01,2.237947583198547363e-01,-5.242178589105606079e-02,-3.469374030828475952e-02,1.874089837074279785e-01,1.953805088996887207e-01,-3.423080742359161377e-01,-1.952255815267562866e-01,-6.428471952676773071e-02,-1.992642506957054138e-02,-2.591242082417011261e-02,-5.759148299694061279e-02,7.757911086082458496e-02,9.985911846160888672e-02,-1.556071192026138306e-01,-2.052511423826217651e-01,2.258794605731964111e-01,5.588956642895936966e-03,-2.088328450918197632e-01,-2.609662413597106934e-01,8.301240950822830200e-02,-4.019203409552574158e-02,-9.901482611894607544e-03,5.381275434046983719e-03,-1.215132549405097961e-01,-1.209647804498672485e-01,-1.522784084081649780e-01,-2.364828437566757202e-01,6.666769981384277344e-01,4.966995418071746826e-01,3.464786708354949951e-01,4.102688133716583252e-01,5.312826037406921387e-01,2.590321898460388184e-01,4.608831405639648438e-01,3.287193179130554199e-01,-1.414336413145065308e-01,-1.394350826740264893e-01,-1.006246358156204224e-01,-8.644587546586990356e-02,3.671949803829193115e-01,3.532814383506774902e-01,1.383077055215835571e-01,2.035206705331802368e-01,3.335608243942260742e-01,1.926804333925247192e-01,3.411106169223785400e-01,1.506243944168090820e-01,1.284963339567184448e-01,1.941810250282287598e-01,1.751061081886291504e-01,1.709597408771514893e-01,2.981706261634826660e-01,2.524726688861846924e-01,-4.771460965275764465e-02,1.502409428358078003e-01,1.728274375200271606e-01,-1.351025700569152832e-01,-1.028935536742210388e-01,-1.326107792556285858e-02,1.535875052213668823e-01,-1.665736287832260132e-01,1.262946724891662598e-01,1.233464628458023071e-01,-1.438018679618835449e-02,-1.087513342499732971e-01,4.366632085293531418e-03,-2.512867003679275513e-02,-1.006923019886016846e-01,-2.087467461824417114e-01,1.814372278749942780e-02,-1.393270790576934814e-01,-3.200761601328849792e-02,-6.672824919223785400e-02,2.249510213732719421e-02,-1.943315938115119934e-02,-1.336289793252944946e-01,-1.410631239414215088e-01,-1.825300157070159912e-01,-1.915262490510940552e-01,-1.811798848211765289e-02,-2.467273175716400146e-02,-5.455645546317100525e-02,1.298046298325061798e-02,4.699327424168586731e-02,1.102385520935058594e-01,-1.637628078460693359e-01,-4.943632334470748901e-02
4.939160645008087158e-01,1.000000000000000000e+00,2.834866642951965332e-01,3.728141486644744873e-01,3.616272285580635071e-02,7.024057954549789429e-02,2.596971392631530762e-01,3.757151365280151367e-01,-5.291273817420005798e-02,8.415598422288894653e-02,1.544681191444396973e-01,4.199846982955932617e-01,1.392976045608520508e-01,2.300452142953872681e-01,-2.341279983520507812e-01,5.597741901874542236e-02,4.087890684604644775e-01,5.847314000129699707e-01,6.189041733741760254e-01,6.743367314338684082e-01,-1.130623668432235718e-01,-5.437316372990608215e-02,8.154410123825073242e-02,1.566394567489624023e-01,-6.590471416711807251e-02,-5.458469502627849579e-03,-1.015809625387191772e-01,-4.508303105831146240e-02,1.133069321513175964e-01,3.222362995147705078e-01,-5.827592313289642334e-02,-2.402091957628726959e-02,2.181660979986190796e-01,2.171645611524581909e-01,-3.173109591007232666e-01,-2.548148632049560547e-01,-1.736840754747390747e-01,-6.146078184247016907e-02,-1.883566230535507202e-01,-8.546701818704605103e-02,-2.174864709377288818e-02,3.914368152618408203e-02,-2.889602184295654297e-01,-2.946902215480804443e-01,7.410278078168630600e-03,-1.522839218378067017e-01,-3.375690579414367676e-01,-3.324876725673675537e-01,-7.545453310012817383e-02,-1.081023737788200378e-01,-1.583716124296188354e-01,-1.089130342006683350e-02,-1.826395839452743530e-01,-5.150685831904411316e-02,-3.031083941459655762e-01,-2.381664365530014038e-01,5.761936306953430176e-01,7.927541732788085938e-01,1.979494392871856689e-01,5.076041221618652344e-01,2.879757881164550781e-01,4.186197519302368164e-01,3.724942505359649658e-01,5.745575428009033203e-01,-2.489772886037826538e-01,2.677168883383274078e-02,-1.329774558544158936e-01,-6.439737230539321899e-02,6.162850856781005859e-01,4.604789018630981445e-01,-1.058910563588142395e-01,-4.962108284235000610e-02,1.518367230892181396e-02,9.538189321756362915e-02,8.602969348430633545e-02,-4.751006886363029480e-02,-5.790669843554496765e-02,7.689675688743591309e-02,2.389925718307495117e-01,2.990376353263854980e-01,4.207391440868377686e-01,5.560700297355651855e-01,-1.587297022342681885e-01,2.171552032232284546e-01,1.376189589500427246e-01,2.122199535369873047e-01,-1.565217822790145874e-01,1.562608219683170319e-02,-8.000173419713973999e-02,2.004793882369995117e-01,2.857575193047523499e-02,1.184130460023880005e-01,-4.257672652602195740e-02,-9.504106640815734863e-02,-7.924033701419830322e-02,-8.432869613170623779e-02,-1.990497708320617676e-01,-2.012181580066680908e-01,-1.614447385072708130e-01,-2.019965350627899170e-01,2.142500504851341248e-02,6.945635378360748291e-02,3.581442311406135559e-02,1.443333551287651062e-02,-1.978035122156143188e-01,-2.388378679752349854e-01,-1.424557268619537354e-01,-2.360242158174514771e-01,4.261512309312820435e-02,-1.937116235494613647e-01,-2.030113339424133301e-01,-1.636040210723876953e-01,-1.013589203357696533e-01,6.117067113518714905e-02,-2.504767775535583496e-01,-4.326972365379333496e-02
4.188422560691833496e-01,2.834866642951965332e-01,1.000000000000000000e+00,6.129608154296875000e-01,1.442654430866241455e-01,-3.925362229347229004e-02,6.732468605041503906e-01,3.496989607810974121e-01,-2.631914056837558746e-02,-1.167658120393753052e-01,2.627127468585968018e-01,1.795260459184646606e-01,2.465545237064361572e-01,1.051378548145294189e-01,1.079483330249786377e-02,-1.025160700082778931e-01,8.424830436706542969e-02,5.302803590893745422e-02,2.920713126659393311e-01,3.422575891017913818e-01,2.701351977884769440e-02,2.375618554651737213e-02,7.053411602973937988e-01,6.919316649436950684e-01,3.835698664188385010e-01,2.232238203287124634e-01,-7.867358624935150146e-02,-8.793693780899047852e-02,2.099253237247467041e-02,-3.968831524252891541e-02,2.400122135877609253e-01,1.791544258594512939e-01,1.390884220600128174e-01,2.247798889875411987e-01,7.277501374483108521e-02,9.922388195991516113e-02,-3.020097017288208008e-01,-6.922417134046554565e-02,-2.655833363533020020e-01,-1.677110493183135986e-01,-7.955902814865112305e-02,-5.681433528661727905e-02,9.133677184581756592e-02,-9.212974458932876587e-03,2.332004755735397339e-01,9.280712902545928955e-02,-9.519682079553604126e-02,-1.758841872215270996e-01,2.159072756767272949e-01,6.231407448649406433e-02,1.024823412299156189e-01,9.784254431724548340e-02,-1.444933116436004639e-01,-1.630723327398300171e-01,-2.644237577915191650e-01,-2.499783039093017578e-01,2.417661398649215698e-01,1.975744068622589111e-01,4.197407066822052002e-01,3.347147703170776367e-01,2.261886894702911377e-01,1.709638088941574097e-01,1.822661012411117554e-01,1.555894315242767334e-01,2.848129570484161377e-01,2.497176229953765869e-01,2.156793177127838135e-01,1.508125513792037964e-01,1.325672715902328491e-01,2.389477789402008057e-01,-3.063073381781578064e-02,4.183647409081459045e-02,2.010760009288787842e-01,5.565841495990753174e-02,2.257186025381088257e-01,1.244124695658683777e-01,8.502864092588424683e-02,8.878169208765029907e-02,-4.702796041965484619e-02,2.079366706311702728e-02,5.582692567259073257e-03,1.128719970583915710e-01,-2.231546044349670410e-01,-1.562868617475032806e-02,1.523840874433517456e-01,2.764323167502880096e-02,8.777718991041183472e-03,-1.265455782413482666e-01,-2.436398342251777649e-02,-2.197517603635787964e-01,-1.142322644591331482e-01,-9.130085259675979614e-02,1.488306466490030289e-02,-6.170039996504783630e-02,-1.813406050205230713e-01,-1.957629173994064331e-01,-3.760181069374084473e-01,-3.081819117069244385e-01,-8.514631539583206177e-02,-2.326567322015762329e-01,-9.770825505256652832e-02,-3.547585383057594299e-02,-1.611320525407791138e-01,-2.852006852626800537e-01,-2.292068749666213989e-01,-2.118683755397796631e-01,-9.851041436195373535e-02,-1.152688041329383850e-01,-8.705906569957733154e-02,-2.066924721002578735e-01,-3.226264119148254395e-01,-2.181026190519332886e-01,-1.849667727947235107e-01,-1.035714596509933472e-01,-2.480468600988388062e-01,-2.094051092863082886e-01
2.542711198329925537e-01,3.728141486644744873e-01,6.129608154296875000e-01,1.000000000000000000e+00,1.247984096407890320e-01,3.210194706916809082e-01,3.523565530776977539e-01,7.583827376365661621e-01,-1.517870724201202393e-01,2.547343969345092773e-01,1.029170826077461243e-01,4.573252201080322266e-01,-4.198074748273938894e-05,5.325118303298950195e-01,-1.119949743151664734e-01,2.682973146438598633e-01,2.531266212463378906e-02,9.192113578319549561e-02,2.484255880117416382e-01,2.601896822452545166e-01,1.923985928297042847e-01,3.249430060386657715e-01,5.651735067367553711e-01,7.512129545211791992e-01,4.216518998146057129e-01,4.919881522655487061e-01,1.228601336479187012e-01,2.091766595840454102e-01,2.360920235514640808e-02,1.638424247503280640e-01,4.451327323913574219e-01,5.431906580924987793e-01,4.711190704256296158e-03,1.212592944502830505e-01,-6.884822249412536621e-02,-1.096709296107292175e-01,-3.672486543655395508e-01,-3.255349695682525635e-01,-3.271130323410034180e-01,-2.904826700687408447e-01,-1.516121029853820801e-01,-4.691510275006294250e-02,-1.403055489063262939e-01,-1.030038818717002869e-01,4.701434448361396790e-02,2.411662414669990540e-02,-1.242941468954086304e-01,-1.844331920146942139e-01,1.229909732937812805e-01,1.573109775781631470e-01,1.091435477137565613e-01,1.931008994579315186e-01,5.891669169068336487e-02,5.326113849878311157e-02,-1.275683194398880005e-01,-2.173446565866470337e-01,2.162115126848220825e-01,2.958818972110748291e-01,3.269871473312377930e-01,4.222501814365386963e-01,9.059643745422363281e-02,2.359587401151657104e-01,1.177791655063629150e-01,1.636914163827896118e-01,1.109630241990089417e-01,2.595773935317993164e-01,8.893042057752609253e-02,1.017809286713600159e-01,2.170560956001281738e-01,2.510313689708709717e-01,-1.427153348922729492e-01,1.744783967733383179e-01,1.973149180412292480e-01,1.853426247835159302e-01,2.261452823877334595e-01,1.824900358915328979e-01,-2.920298650860786438e-02,4.688009619712829590e-02,-9.668578207492828369e-02,2.027248032391071320e-02,1.841213181614875793e-02,2.195191681385040283e-01,-2.628475427627563477e-01,2.825552821159362793e-01,1.663951873779296875e-01,1.728573888540267944e-01,-4.490322619676589966e-02,2.011949419975280762e-01,-3.771609812974929810e-02,-5.714111775159835815e-02,-2.037648707628250122e-01,-2.103129476308822632e-01,-2.117867022752761841e-01,-2.867896258831024170e-01,-1.991660147905349731e-01,-2.673959136009216309e-01,-4.841429591178894043e-01,-4.559879302978515625e-01,-1.559050232172012329e-01,-3.224883079528808594e-01,-1.241026222705841064e-01,-2.392857372760772705e-01,-2.109429538249969482e-01,-3.532961308956146240e-01,-3.585866093635559082e-01,-4.239325225353240967e-01,-1.784404516220092773e-01,-3.327819705009460449e-01,-1.649358868598937988e-01,-3.952212035655975342e-01,-4.975562095642089844e-01,-4.396255016326904297e-01,-4.281353950500488281e-01,-1.613274961709976196e-01,-4.012900292873382568e-01,-3.137113153934478760e-01
1.360034942626953125e-01,3.616272285580635071e-02,1.442654430866241455e-01,1.247984096407890320e-01,1.000000000000000000e+00,5.098288059234619141e-01,8.496782183647155762e-02,1.121459752321243286e-01,6.096446514129638672e-01,4.731675684452056885e-01,1.039664447307586670e-01,1.357136815786361694e-01,2.830297648906707764e-01,2.499763965606689453e-01,3.855257630348205566e-01,4.304807782173156738e-01,1.721343398094177246e-01,1.576991677284240723e-01,4.489710554480552673e-02,8.170877397060394287e-02,1.227696761488914490e-01,2.488811463117599487e-01,1.077693626284599304e-01,1.568522304296493530e-01,3.353854417800903320e-01,3.962939977645874023e-01,5.498030781745910645e-01,5.077083110809326172e-01,5.703175067901611328e-02,3.758234679698944092e-01,2.177234888076782227e-01,2.005827277898788452e-01,-1.200431510806083679e-01,-6.459123641252517700e-02,-2.176110297441482544e-01,-2.251692861318588257e-01,-5.366966873407363892e-02,-3.192660212516784668e-01,5.048983264714479446e-03,-2.160251438617706299e-01,6.090753246098756790e-03,-6.191539019346237183e-02,-2.468414753675460815e-01,-2.264558970928192139e-01,-5.351858958601951599e-02,-1.456167697906494141e-01,-2.493682801723480225e-01,-2.503114044666290283e-01,-1.365684270858764648e-01,-1.456191986799240112e-01,-1.054016575217247009e-01,-8.390254527330398560e-02,3.770278999581933022e-03,-6.298775319010019302e-03,-2.075741812586784363e-02,-1.722633689641952515e-01,1.690567582845687866e-01,1.002352684736251831e-02,5.336481612175703049e-03,-1.039303019642829895e-01,1.256765872240066528e-01,-1.841556131839752197e-01,2.070864886045455933e-01,-2.897931262850761414e-02,-7.334590703248977661e-02,-2.891065478324890137e-01,-2.601855695247650146e-01,-2.383588254451751709e-01,-6.453730165958404541e-02,5.612447112798690796e-02,-9.311234951019287109e-02,2.271560020744800568e-02,3.247456252574920654e-02,1.366356313228607178e-01,1.691942214965820312e-01,1.375388950109481812e-01,-1.540881693363189697e-01,-1.873702704906463623e-01,1.298283338546752930e-01,9.945730119943618774e-02,1.842409223318099976e-01,1.188847348093986511e-01,-7.521998882293701172e-02,2.854742109775543213e-01,2.659659683704376221e-01,-6.581240147352218628e-02,1.140103563666343689e-01,2.495053857564926147e-01,4.070270955562591553e-01,6.045277789235115051e-02,-2.037416249513626099e-01,6.699930876493453979e-03,-8.454108238220214844e-02,-2.441006340086460114e-02,-1.620643287897109985e-01,-1.751248240470886230e-01,-1.864953637123107910e-01,-3.265460729598999023e-01,-2.160151898860931396e-01,-3.013339638710021973e-01,-3.311284780502319336e-01,-1.646587699651718140e-01,-2.998647391796112061e-01,-2.146040201187133789e-01,-2.154690474271774292e-01,-1.683644503355026245e-01,-3.594002425670623779e-01,-3.854142427444458008e-01,-2.762410044670104980e-01,-2.314372956752777100e-01,-1.731806993484497070e-01,-2.408767640590667725e-01,-2.236397564411163330e-01,-9.143377840518951416e-02,-2.265679836273193359e-01,-1.638417989015579224e-01
9.442813694477081299e-02,7.024057954549789429e-02,-3.925362229347229004e-02,3.210194706916809082e-01,5.098288059234619141e-01,1.000000000000000000e+00,-8.352702111005783081e-02,4.693972468376159668e-01,2.374233603477478027e-01,8.633433580398559570e-01,7.969466596841812134e-02,2.572044432163238525e-01,1.054519861936569214e-01,6.891432404518127441e-01,1.892234981060028076e-01,8.436017036437988281e-01,1.628307998180389404e-01,1.465965360403060913e-01,6.906684488058090210e-02,2.276090718805789948e-02,3.896680474281311035e-01,6.320605278015136719e-01,-6.566455215215682983e-02,1.433547437191009521e-01,3.764898478984832764e-01,6.997572779655456543e-01,6.104370951652526855e-01,7.349286675453186035e-01,1.267671883106231689e-01,4.483090043067932129e-01,3.615528941154479980e-01,4.821763038635253906e-01,-1.835486888885498047e-01,-1.831116229295730591e-01,-2.765388786792755127e-01,-3.741223514080047607e-01,-5.082078278064727783e-02,-5.632934570312500000e-01,-5.431401543319225311e-03,-2.832435667514801025e-01,4.689946398138999939e-02,8.140562474727630615e-02,-3.233629763126373291e-01,-1.802593767642974854e-01,-8.397901058197021484e-02,-7.984721660614013672e-02,-1.480254828929901123e-01,-1.509660482406616211e-01,-4.573511332273483276e-02,1.007813140749931335e-01,1.073914840817451477e-01,1.711075454950332642e-01,2.543420195579528809e-01,2.284662723541259766e-01,1.773493289947509766e-01,-1.627406477928161621e-01,1.899755001068115234e-01,9.925783425569534302e-02,1.633868217468261719e-01,1.051314175128936768e-01,8.814582973718643188e-02,-1.995542049407958984e-01,1.959926635026931763e-01,-5.981417372822761536e-02,-1.767694354057312012e-01,-2.807335555553436279e-01,-1.426255404949188232e-01,-1.369979828596115112e-01,1.021501272916793823e-01,1.602895110845565796e-01,-1.455739438533782959e-01,2.684316933155059814e-01,1.495781540870666504e-01,3.278395533561706543e-01,2.191651165485382080e-01,2.848839163780212402e-01,-1.319487839937210083e-01,-8.456696569919586182e-02,2.057874761521816254e-02,5.814290419220924377e-02,1.693062037229537964e-01,1.736326813697814941e-01,-1.007697135210037231e-01,6.527202725410461426e-01,3.415140211582183838e-01,-1.016806624829769135e-02,1.093803672119975090e-03,6.284595727920532227e-01,3.108737468719482422e-01,2.600470371544361115e-02,-2.592764496803283691e-01,-1.912567615509033203e-01,-3.881441056728363037e-01,-3.039719760417938232e-01,-8.543438464403152466e-02,-2.424931973218917847e-01,-3.127364218235015869e-01,-4.915031492710113525e-01,-2.017347216606140137e-01,-3.154080808162689209e-01,-3.492197692394256592e-01,-3.766601383686065674e-01,-2.771022915840148926e-01,-3.053926229476928711e-01,-3.603217303752899170e-01,-4.445301890373229980e-01,-3.524096608161926270e-01,-5.249549150466918945e-01,-4.110112488269805908e-01,-3.784716725349426270e-01,-3.214908540248870850e-01,-4.070514440536499023e-01,-4.165605902671813965e-01,-1.337906420230865479e-01,-3.620240390300750732e-01,-3.334602117538452148e-01
5.359824895858764648e-01,2.596971392631530762e-01,6.732468605041503906e-01,3.523565530776977539e-01,8.496782183647155762e-02,-8.352702111005783081e-02,1.000000000000000000e+00,2.724065482616424561e-01,1.223973110318183899e-01,-1.494515538215637207e-01,4.065108895301818848e-01,1.475831717252731323e-01,5.357706546783447266e-01,3.426075726747512817e-02,-7.656136900186538696e-02,-1.820150315761566162e-01,3.233612179756164551e-01,1.955753415822982788e-01,3.051578998565673828e-01,3.967408239841461182e-01,-9.262922406196594238e-02,-9.250273555517196655e-02,3.638509809970855713e-01,3.652554452419281006e-01,1.688267141580581665e-01,3.810492902994155884e-02,-2.537328600883483887e-01,-2.334195077419281006e-01,2.299928814172744751e-01,7.314229756593704224e-02,1.682072728872299194e-01,8.411839604377746582e-02,2.152934819459915161e-01,3.166638016700744629e-01,-6.683653593063354492e-02,6.592527776956558228e-02,-1.509598195552825928e-01,-3.634895896539092064e-03,-9.541517496109008789e-02,-5.091838166117668152e-02,7.374463975429534912e-02,4.040665552020072937e-02,8.883670717477798462e-02,1.053246669471263885e-02,3.320635557174682617e-01,1.182740703225135803e-01,-1.116820201277732849e-01,-1.957628577947616577e-01,2.163522243499755859e-01,-2.009969204664230347e-03,3.588549420237541199e-02,-5.630319472402334213e-03,-2.458244115114212036e-01,-2.547562122344970703e-01,-2.684476673603057861e-01,-2.708374261856079102e-01,2.813916206359863281e-01,1.468062996864318848e-01,4.213379323482513428e-01,3.352530300617218018e-01,4.924409091472625732e-01,2.948276996612548828e-01,4.258578121662139893e-01,3.264387845993041992e-01,1.169572994112968445e-01,1.366287469863891602e-01,1.741908341646194458e-01,1.564217954874038696e-01,5.751664564013481140e-02,1.994627267122268677e-01,1.381076723337173462e-01,9.588963538408279419e-02,2.806150019168853760e-01,1.636488437652587891e-01,2.646311819553375244e-01,1.701759845018386841e-01,2.558081448078155518e-01,2.609694004058837891e-01,1.073752418160438538e-01,6.972455978393554688e-02,1.730213314294815063e-01,6.913709640502929688e-02,-1.104375496506690979e-01,-1.248033344745635986e-01,9.000810235738754272e-02,-1.857756823301315308e-01,-1.035882309079170227e-01,-2.766347825527191162e-01,6.579853594303131104e-03,-3.117916584014892578e-01,-5.920936167240142822e-02,-1.466160919517278671e-02,-1.626542769372463226e-02,-1.234616488218307495e-01,-8.201887458562850952e-02,-1.094510778784751892e-01,-1.834404468536376953e-01,-1.146838515996932983e-01,2.246665768325328827e-02,-7.002209872007369995e-02,-1.630327291786670685e-02,1.353801693767309189e-02,-7.117581088095903397e-03,-1.054424345493316650e-01,-1.404252350330352783e-01,-1.397677809000015259e-01,-1.009072363376617432e-01,2.733757719397544861e-03,-1.499582380056381226e-01,-9.117753803730010986e-02,-1.224021837115287781e-01,-6.968183815479278564e-02,2.318247593939304352e-02,4.545099288225173950e-02,-1.532777994871139526e-01,-1.589079797267913818e-01
2.385936379432678223e-01,3.757151365280151367e-01,3.496989607810974121e-01,7.583827376365661621e-01,1.121459752321243286e-01,4.693972468376159668e-01,2.724065482616424561e-01,1.000000000000000000e+00,-1.412375271320343018e-01,4.119986593723297119e-01,1.459300667047500610e-01,6.054159998893737793e-01,9.883514046669006348e-02,7.234861254692077637e-01,-2.036136835813522339e-01,3.987286388874053955e-01,1.578347086906433105e-01,1.898386627435684204e-01,2.443313300609588623e-01,2.441171705722808838e-01,2.003074586391448975e-01,3.859736919403076172e-01,2.507205605506896973e-01,4.987376034259796143e-01,2.942987978458404541e-01,4.801132380962371826e-01,1.408500671386718750e-01,2.637062668800354004e-01,1.354684829711914062e-01,3.078570663928985596e-01,3.920798003673553467e-01,5.522531867027282715e-01,-5.051844194531440735e-02,5.423179641366004944e-02,-2.663215398788452148e-01,-2.887358665466308594e-01,-3.358524143695831299e-01,-4.459429681301116943e-01,-2.981424033641815186e-01,-3.184966742992401123e-01,-1.224298477172851562e-01,2.624344639480113983e-02,-2.635953426361083984e-01,-1.490064263343811035e-01,-2.550012059509754181e-02,6.344142602756619453e-04,-1.583924740552902222e-01,-2.113807648420333862e-01,5.206865444779396057e-02,1.361195743083953857e-01,5.264355614781379700e-02,1.697101742029190063e-01,9.374745190143585205e-02,1.078805103898048401e-01,-7.702084630727767944e-02,-2.222708612680435181e-01,1.804656535387039185e-01,2.796086966991424561e-01,2.950124442577362061e-01,4.248131215572357178e-01,2.083683609962463379e-01,2.803817391395568848e-01,2.623586654663085938e-01,2.748321890830993652e-01,-1.267531365156173706e-01,1.204992681741714478e-01,-1.640246249735355377e-02,1.933569088578224182e-02,1.645253002643585205e-01,1.899779587984085083e-01,-1.190427020192146301e-01,2.806414961814880371e-01,2.612901926040649414e-01,3.519631326198577881e-01,2.616072595119476318e-01,2.706101834774017334e-01,-1.087042316794395447e-02,1.180678755044937134e-01,-1.037679985165596008e-02,5.617292597889900208e-02,1.365267038345336914e-01,2.682691514492034912e-01,-2.079811394214630127e-01,3.541546761989593506e-01,1.130481660366058350e-01,8.810558915138244629e-02,-1.730420440435409546e-01,2.656498253345489502e-01,-6.370658986270427704e-03,-2.714112028479576111e-02,-2.398746162652969360e-01,-2.498790025711059570e-01,-3.498450517654418945e-01,-3.964939713478088379e-01,-1.689996272325515747e-01,-2.693256139755249023e-01,-4.593158662319183350e-01,-4.173916280269622803e-01,-1.495106816291809082e-01,-2.675198018550872803e-01,-1.490349173545837402e-01,-2.738685011863708496e-01,-1.696763783693313599e-01,-2.779472172260284424e-01,-4.008933305740356445e-01,-4.874386489391326904e-01,-1.967779248952865601e-01,-3.670660853385925293e-01,-2.278475016355514526e-01,-4.003221988677978516e-01,-4.667584002017974854e-01,-4.568716287612915039e-01,-4.395145475864410400e-01,-1.433523297309875488e-01,-4.512058496475219727e-01,-3.253172039985656738e-01
1.691427826881408691e-01,-5.291273817420005798e-02,-2.631914056837558746e-02,-1.517870724201202393e-01,6.096446514129638672e-01,2.374233603477478027e-01,1.223973110318183899e-01,-1.412375271320343018e-01,1.000000000000000000e+00,2.769128084182739258e-01,8.923283219337463379e-02,-7.746900618076324463e-02,4.457264244556427002e-01,-1.754960604012012482e-02,4.550297260284423828e-01,2.199164628982543945e-01,7.038838416337966919e-02,5.587709695100784302e-02,4.477883130311965942e-02,6.962402909994125366e-02,-1.552690565586090088e-02,1.221843063831329346e-01,-5.728964135050773621e-02,-4.781655594706535339e-02,-7.542993128299713135e-02,4.801651835441589355e-02,3.317699134349822998e-01,2.829797863960266113e-01,-2.495373785495758057e-02,1.650502234697341919e-01,2.594775334000587463e-02,1.309708226472139359e-02,-1.421284824609756470e-01,-7.834236323833465576e-02,-1.377797573804855347e-01,-5.910034477710723877e-02,1.267606914043426514e-01,-1.096954569220542908e-01,5.877731740474700928e-02,-1.459912359714508057e-01,1.676107197999954224e-02,-1.024142727255821228e-01,-8.610095083713531494e-02,-1.030937805771827698e-01,5.815573781728744507e-02,-1.236243396997451782e-01,-1.341076940298080444e-01,-1.254969686269760132e-01,-1.164030656218528748e-01,-2.256821542978286743e-01,-1.300222724676132202e-01,-2.255355119705200195e-01,-1.337386369705200195e-01,-2.024541795253753662e-01,-8.476467430591583252e-02,-1.595592945814132690e-01,8.639121055603027344e-02,-1.073330342769622803e-01,-1.645384132862091064e-01,-2.825341522693634033e-01,2.677226662635803223e-01,-1.425234675407409668e-01,1.323845684528350830e-01,-1.319092214107513428e-01,-7.594749797135591507e-03,-3.241642117500305176e-01,-3.405213057994842529e-01,-2.656057476997375488e-01,-1.486997455358505249e-01,8.521421253681182861e-02,-4.520042613148689270e-02,-9.848359227180480957e-02,-6.075393408536911011e-02,-1.280388683080673218e-01,6.210095435380935669e-02,-5.814135540276765823e-03,-7.627877593040466309e-02,-1.690390706062316895e-01,-3.359276801347732544e-02,1.160902008414268494e-01,8.664347231388092041e-02,-7.833699136972427368e-02,-5.788080021739006042e-02,3.434254974126815796e-02,1.860859692096710205e-01,-1.660677641630172729e-01,1.457543075084686279e-01,6.678783893585205078e-02,4.284297227859497070e-01,-1.061462797224521637e-02,-6.989774759858846664e-03,9.470805525779724121e-02,7.085106521844863892e-02,1.520196795463562012e-01,-1.371241658926010132e-01,-1.478347480297088623e-01,-2.799787558615207672e-02,-1.642133593559265137e-01,-1.614241003990173340e-01,-1.583943367004394531e-01,-1.396007090806961060e-01,-1.471464429050683975e-02,-2.017179429531097412e-01,-1.180101335048675537e-01,-1.388375312089920044e-01,-7.531271874904632568e-02,-3.412360846996307373e-01,-3.384416699409484863e-01,-1.856252998113632202e-01,-1.093335151672363281e-01,-1.153287943452596664e-02,-5.286533758044242859e-02,-8.000680059194564819e-02,-9.971837699413299561e-02,-1.540997177362442017e-01,-1.265799701213836670e-01
9.783704578876495361e-02,8.415598422288894653e-02,-1.167658120393753052e-01,2.547343969345092773e-01,4.731675684452056885e-01,8.633433580398559570e-01,-1.494515538215637207e-01,4.119986593723297119e-01,2.769128084182739258e-01,1.000000000000000000e+00,3.204352408647537231e-02,2.176591306924819946e-01,7.843355834484100342e-02,6.456471681594848633e-01,2.092156708240509033e-01,8.624973297119140625e-01,1.238685697317123413e-01,1.238361522555351257e-01,9.121166914701461792e-02,2.225399948656558990e-02,3.636418282985687256e-01,6.145558953285217285e-01,-1.445800065994262695e-01,5.514749139547348022e-02,2.571680247783660889e-01,6.160250306129455566e-01,5.637612938880920410e-01,7.027416825294494629e-01,7.148433476686477661e-02,4.231492280960083008e-01,2.835259437561035156e-01,4.190629720687866211e-01,-2.211001366376876831e-01,-2.297179996967315674e-01,-2.980809807777404785e-01,-3.831509947776794434e-01,2.374656964093446732e-03,-5.466117262840270996e-01,1.336331944912672043e-02,-2.777636349201202393e-01,3.833017498254776001e-02,7.734305411577224731e-02,-3.557853400707244873e-01,-2.229719161987304688e-01,-1.109799221158027649e-01,-1.113265603780746460e-01,-1.654904633760452271e-01,-1.542520970106124878e-01,-7.794523984193801880e-02,9.068918973207473755e-02,1.066903248429298401e-01,1.734247505664825439e-01,2.558541297912597656e-01,2.188406735658645630e-01,1.776679605245590210e-01,-1.595112979412078857e-01,1.872073262929916382e-01,1.280446797609329224e-01,1.145409196615219116e-01,9.090942889451980591e-02,1.022135838866233826e-01,-1.782504618167877197e-01,1.653749495744705200e-01,-7.456309348344802856e-02,-1.842716634273529053e-01,-3.012157380580902100e-01,-1.979367434978485107e-01,-1.819288283586502075e-01,1.406073421239852905e-01,2.041031420230865479e-01,-1.670179963111877441e-01,2.307917326688766479e-01,8.553784340620040894e-02,2.748188972473144531e-01,1.718616634607315063e-01,2.128901332616806030e-01,-1.774794161319732666e-01,-1.244371011853218079e-01,-1.321381237357854843e-02,3.959499672055244446e-02,1.442179530858993530e-01,1.500804126262664795e-01,-1.060164123773574829e-01,6.680075526237487793e-01,3.519093692302703857e-01,8.963496424257755280e-03,1.931330189108848572e-03,6.642471551895141602e-01,2.939319908618927002e-01,5.490022525191307068e-02,-2.082203030586242676e-01,-1.599895358085632324e-01,-3.828489184379577637e-01,-2.677480280399322510e-01,-7.977521419525146484e-02,-2.371513396501541138e-01,-2.808168828487396240e-01,-4.837466180324554443e-01,-2.026386559009552002e-01,-3.203051686286926270e-01,-3.229230046272277832e-01,-3.622114360332489014e-01,-2.687987685203552246e-01,-2.815389037132263184e-01,-3.425462245941162109e-01,-4.313818812370300293e-01,-3.541903495788574219e-01,-5.556681156158447266e-01,-3.804875910282135010e-01,-3.669459819793701172e-01,-2.780087292194366455e-01,-3.763416111469268799e-01,-4.019925892353057861e-01,-1.415905803442001343e-01,-3.521739840507507324e-01,-3.133546411991119385e-01
5.684331059455871582e-01,1.544681191444396973e-01,2.627127468585968018e-01,1.029170826077461243e-01,1.039664447307586670e-01,7.969466596841812134e-02,4.065108895301818848e-01,1.459300667047500610e-01,8.923283219337463379e-02,3.204352408647537231e-02,1.000000000000000000e+00,2.555845975875854492e-01,6.373109817504882812e-01,2.478817552328109741e-01,2.758442461490631104e-01,3.171359375119209290e-02,4.750587642192840576e-01,2.582982778549194336e-01,3.506600558757781982e-01,3.061454594135284424e-01,2.052401453256607056e-01,1.165656074881553650e-01,1.302753686904907227e-01,1.164329349994659424e-01,6.886992603540420532e-02,6.203731894493103027e-02,4.566872864961624146e-02,1.938088051974773407e-02,6.150673031806945801e-01,2.883498668670654297e-01,1.128282472491264343e-01,8.703219890594482422e-02,2.929480075836181641e-01,3.196274042129516602e-01,-1.533524394035339355e-01,-6.593775004148483276e-02,7.096271961927413940e-02,1.432833522558212280e-01,2.045315951108932495e-01,2.374645471572875977e-01,2.812656462192535400e-01,2.216111868619918823e-01,4.460781347006559372e-03,1.960099115967750549e-02,1.800353080034255981e-01,4.477277770638465881e-02,4.247967526316642761e-02,-3.031256981194019318e-02,8.450355380773544312e-02,-4.145411029458045959e-02,7.400890439748764038e-02,-4.444636031985282898e-02,7.082555675879120827e-04,-2.266024798154830933e-02,1.082489192485809326e-01,5.430007819086313248e-03,3.208509683609008789e-01,1.400730758905410767e-01,2.271154969930648804e-01,1.427464783191680908e-01,2.527006864547729492e-01,1.209629401564598083e-01,2.671965360641479492e-01,1.727479249238967896e-01,-5.667980760335922241e-02,-2.246676571667194366e-02,6.433364003896713257e-02,6.465393304824829102e-02,8.812724053859710693e-02,8.885140717029571533e-02,4.194806814193725586e-01,5.030628442764282227e-01,6.035026907920837402e-01,3.436976969242095947e-01,5.379655361175537109e-01,4.147633612155914307e-01,3.896053135395050049e-01,4.285520613193511963e-01,1.624340265989303589e-01,2.200847864151000977e-01,2.034463435411453247e-01,2.193779796361923218e-01,2.417262643575668335e-01,1.240563988685607910e-01,2.134575992822647095e-01,-1.036542700603604317e-03,3.379722358658909798e-03,-6.343498360365629196e-03,2.829523682594299316e-01,-6.238597631454467773e-02,1.076298803091049194e-01,6.575915962457656860e-02,4.397728666663169861e-02,-3.045709244906902313e-02,1.773322373628616333e-01,1.572505831718444824e-01,1.087771430611610413e-01,-4.483357444405555725e-02,1.530696749687194824e-01,9.619550406932830811e-02,4.833460971713066101e-02,-7.727157324552536011e-03,9.291307628154754639e-02,-1.850965246558189392e-02,1.053372398018836975e-02,5.443881731480360031e-03,4.661456623580306768e-04,1.657306775450706482e-02,-6.407300382852554321e-02,1.571438610553741455e-01,8.247198164463043213e-02,1.597877144813537598e-01,1.737001240253448486e-01,2.705092728137969971e-01,6.175802648067474365e-02,-8.182003162801265717e-03
1.516939103603363037e-01,4.199846982955932617e-01,1.795260459184646606e-01,4.573252201080322266e-01,1.357136815786361694e-01,2.572044432163238525e-01,1.475831717252731323e-01,6.054159998893737793e-01,-7.746900618076324463e-02,2.176591306924819946e-01,2.555845975875854492e-01,1.000000000000000000e+00,1.513195335865020752e-01,5.711820721626281738e-01,2.749917621258646250e-05,2.524551749229431152e-01,2.347611337900161743e-01,3.590317368507385254e-01,3.136024177074432373e-01,2.958953678607940674e-01,1.955122053623199463e-01,2.404390871524810791e-01,1.737945675849914551e-01,3.054156005382537842e-01,1.541940271854400635e-01,2.369878739118576050e-01,1.324919909238815308e-01,1.648904681205749512e-01,3.389833271503448486e-01,4.450888335704803467e-01,2.498018592596054077e-01,3.219555616378784180e-01,1.747076362371444702e-01,2.509549856185913086e-01,-2.035459578037261963e-01,-2.207856178283691406e-01,-1.201861947774887085e-01,-1.414813548326492310e-01,-9.496953338384628296e-02,-4.159180074930191040e-02,2.707705646753311157e-02,1.144182309508323669e-01,-2.752399742603302002e-01,-2.061382532119750977e-01,-1.859560459852218628e-01,-1.999445259571075439e-01,-1.555064767599105835e-01,-2.118495553731918335e-01,-1.873898655176162720e-01,-1.601451784372329712e-01,-1.341748982667922974e-01,-6.661923974752426147e-02,-1.344875525683164597e-02,6.229375302791595459e-02,-6.785681843757629395e-02,-9.594421088695526123e-02,4.776350036263465881e-02,2.167302817106246948e-01,7.195276021957397461e-02,1.996167302131652832e-01,1.043096259236335754e-01,4.014689326286315918e-01,1.888054609298706055e-01,4.339150190353393555e-01,-6.423434615135192871e-02,2.306421101093292236e-01,-9.315168857574462891e-02,-5.457206442952156067e-02,1.447581201791763306e-01,3.261720389127731323e-02,5.602838471531867981e-02,2.584999203681945801e-01,2.628860771656036377e-01,3.530820310115814209e-01,2.453214377164840698e-01,2.320204973220825195e-01,7.828614860773086548e-02,2.160103917121887207e-01,1.265429705381393433e-01,2.225724458694458008e-01,1.905432045459747314e-01,3.685556948184967041e-01,5.144388973712921143e-02,2.886888682842254639e-01,1.350312381982803345e-01,2.891812920570373535e-01,-9.356018155813217163e-02,2.018613964319229126e-01,4.193405434489250183e-02,2.446213811635971069e-01,-6.421219557523727417e-02,-9.690257161855697632e-02,-1.110199466347694397e-01,-1.643672287464141846e-01,-4.634499922394752502e-02,-9.175946563482284546e-02,-2.014900892972946167e-01,-1.468333005905151367e-01,-9.859596937894821167e-02,-1.032489538192749023e-01,-1.629199460148811340e-02,-5.174849554896354675e-02,-9.039081633090972900e-02,-1.568957567214965820e-01,-2.734661996364593506e-01,-2.954858541488647461e-01,-1.228123754262924194e-01,-1.555799543857574463e-01,-1.148193553090095520e-01,-1.483939439058303833e-01,-2.136714011430740356e-01,-1.971559375524520874e-01,-1.927258223295211792e-01,-1.605748943984508514e-02,-2.423605769872665405e-01,-2.018412500619888306e-01
5.626937150955200195e-01,1.392976045608520508e-01,2.465545237064361572e-01,-4.198074748273938894e-05,2.830297648906707764e-01,1.054519861936569214e-01,5.357706546783447266e-01,9.883514046669006348e-02,4.457264244556427002e-01,7.843355834484100342e-02,6.373109817504882812e-01,1.513195335865020752e-01,1.000000000000000000e+00,1.662674844264984131e-01,2.517420053482055664e-01,1.918251812458038330e-02,4.152134656906127930e-01,2.139852046966552734e-01,2.817517518997192383e-01,2.933762669563293457e-01,-2.283602952957153320e-02,-9.331175126135349274e-03,-2.461205469444394112e-03,1.456375047564506531e-02,-9.196476079523563385e-03,2.752473577857017517e-03,2.976091764867305756e-02,2.759677125141024590e-03,3.661791086196899414e-01,2.332083731889724731e-01,8.786275051534175873e-03,-9.510209783911705017e-03,7.191992551088333130e-02,1.193183586001396179e-01,-2.710984647274017334e-01,-1.144857257604598999e-01,2.731718868017196655e-02,-3.159081190824508667e-02,8.552289754152297974e-02,7.131053600460290909e-03,1.495897769927978516e-01,8.351926505565643311e-02,-1.550106238573789597e-02,-4.810380935668945312e-02,1.844450533390045166e-01,-2.137438021600246429e-02,-8.400666713714599609e-02,-1.521776914596557617e-01,7.895180024206638336e-03,-1.764769852161407471e-01,-9.304492175579071045e-02,-1.937625855207443237e-01,-1.740803122520446777e-01,-2.342910170555114746e-01,-9.413119405508041382e-02,-2.450720369815826416e-01,2.889891564846038818e-01,5.265843868255615234e-02,1.344592571258544922e-01,1.335792336612939835e-02,5.351397991180419922e-01,8.395083993673324585e-02,4.561169147491455078e-01,1.662806123495101929e-01,-1.124132573604583740e-01,-2.024324685335159302e-01,-1.317474395036697388e-01,-1.216032430529594421e-01,-2.753219939768314362e-02,8.801425248384475708e-02,1.924058049917221069e-01,1.774123907089233398e-01,3.165545165538787842e-01,1.603143811225891113e-01,3.354839384555816650e-01,2.233770340681076050e-01,2.070993483066558838e-01,2.183070033788681030e-01,1.343584209680557251e-01,1.325456053018569946e-01,2.384281605482101440e-01,6.087136641144752502e-02,6.428579241037368774e-02,1.523035857826471329e-02,1.349484920501708984e-01,-2.461891621351242065e-01,-8.488888293504714966e-02,-1.152702793478965759e-01,3.391933441162109375e-01,-2.176717221736907959e-01,2.913070470094680786e-02,1.590070128440856934e-02,-5.034415796399116516e-02,-3.927066177129745483e-02,1.184837240725755692e-02,1.037904527038335800e-02,-2.962505258619785309e-02,-1.220196112990379333e-01,-9.742158581502735615e-04,-4.730489104986190796e-02,-9.943169355392456055e-02,-1.754088327288627625e-02,-5.343645438551902771e-02,-4.805153235793113708e-02,-1.465201228857040405e-01,-1.095074117183685303e-01,-1.876287907361984253e-01,-1.191168799996376038e-01,-1.634455174207687378e-01,4.013008903712034225e-03,-5.499570630490779877e-03,1.284918934106826782e-02,8.087123930454254150e-02,8.584389835596084595e-02,-9.614180028438568115e-02,-8.673381060361862183e-02
