1.000000000000000000e+00,5.888960361480712891e-01,4.648268818855285645e-01,2.263807654380798340e-01,1.875708252191543579e-01,2.458065748214721680e-01,3.370831608772277832e-01,1.256919950246810913e-01,8.434686809778213501e-02,-2.093103900551795959e-02,5.834156274795532227e-01,4.318407773971557617e-01,4.170586466789245605e-01,3.703163266181945801e-01,2.940200269222259521e-01,1.274721920490264893e-01,3.776253759860992432e-01,3.016290068626403809e-01,6.202502846717834473e-01,5.525298714637756348e-01,1.216503754258155823e-01,6.912024319171905518e-02,1.425697505474090576e-01,8.205995708703994751e-02,3.235761821269989014e-02,5.352057516574859619e-02,1.152247861027717590e-01,1.337599307298660278e-01,3.226025402545928955e-01,2.484093904495239258e-01,1.348873674869537354e-01,1.318389922380447388e-01,4.277630746364593506e-01,3.554172515869140625e-01,2.876272499561309814e-01,2.031019032001495361e-01,3.514044880867004395e-01,3.365560173988342285e-01,3.970648348331451416e-02,3.717631101608276367e-01,3.097680211067199707e-02,2.752588689327239990e-01,1.472671031951904297e-01,2.132752984762191772e-01,2.170280218124389648e-01,1.888951808214187622e-01,1.957889646291732788e-01,2.100305110216140747e-01,4.141615033149719238e-01,2.738439142704010010e-01,2.192022651433944702e-01,2.397281527519226074e-01,-1.919308677315711975e-02,-1.628457307815551758e-01,3.111658692359924316e-01,3.601603507995605469e-01,6.421677470207214355e-01,5.116104483604431152e-01,5.829876065254211426e-01,5.467690825462341309e-01,6.267600059509277344e-01,4.971764087677001953e-01,4.658531546592712402e-01,3.815960884094238281e-01,2.344344854354858398e-01,2.345680445432662964e-01,4.734922349452972412e-01,5.026244521141052246e-01,4.384711980819702148e-01,3.840621113777160645e-01,1.129704862833023071e-01,1.734565496444702148e-01,2.719900608062744141e-01,2.995183169841766357e-01,2.719270586967468262e-01,2.600018382072448730e-01,3.767815828323364258e-01,2.726942896842956543e-01,1.855551451444625854e-01,5.195146799087524414e-02,1.911345571279525757e-01,7.889962196350097656e-02,8.796310424804687500e-02,1.720551997423171997e-01,1.197920143604278564e-01,6.540612131357192993e-02,3.407728970050811768e-01,2.278261035680770874e-01,2.527362704277038574e-01,4.997440427541732788e-02,-1.978819966316223145e-01,5.237660557031631470e-02,-6.295810639858245850e-02,1.042676419019699097e-01,3.608989715576171875e-02,7.976987212896347046e-02,3.652169555425643921e-02,2.380674183368682861e-01,-9.268234670162200928e-02,2.908983230590820312e-01,-1.592851728200912476e-01,9.343937784433364868e-02,-2.416920615360140800e-03,5.347251519560813904e-02,1.929681003093719482e-02,9.328715503215789795e-02,-4.631399735808372498e-02,3.228038549423217773e-01,-4.080365598201751709e-02,4.811655357480049133e-02,2.128447741270065308e-01,1.982322633266448975e-01,-8.073800802230834961e-02,9.219619631767272949e-02,2.571622468531131744e-02,1.125186383724212646e-01
5.888960361480712891e-01,1.000000000000000000e+00,2.340150177478790283e-01,3.961435854434967041e-01,1.368463039398193359e-01,2.784422934055328369e-01,2.317003756761550903e-01,3.594249486923217773e-01,6.361912190914154053e-02,1.350326836109161377e-01,3.472416698932647705e-01,5.212130546569824219e-01,2.707471251487731934e-01,4.116355776786804199e-01,2.816419303417205811e-01,3.319420218467712402e-01,3.105389773845672607e-01,4.479702711105346680e-01,4.865722656250000000e-01,6.481875181198120117e-01,1.208799774758517742e-03,1.375350356101989746e-01,6.207980215549468994e-02,1.235411390662193298e-01,-4.321510903537273407e-03,1.129915863275527954e-01,9.719058871269226074e-02,1.619495302438735962e-01,2.584948837757110596e-01,4.122561812400817871e-01,1.042381208389997482e-02,1.247597485780715942e-01,4.020065665245056152e-01,4.335823357105255127e-01,1.272004395723342896e-01,9.816946834325790405e-02,3.144890367984771729e-01,3.187696933746337891e-01,2.327256463468074799e-02,3.121010065078735352e-01,8.649268746376037598e-02,2.832775115966796875e-01,7.590100914239883423e-02,1.715347766876220703e-01,1.923666149377822876e-01,1.673272550106048584e-01,1.607482433319091797e-01,1.761251837015151978e-01,2.024031430482864380e-01,2.146275341510772705e-01,6.859947741031646729e-02,7.122076302766799927e-02,-8.166933804750442505e-02,-1.058688536286354065e-01,1.732723861932754517e-01,2.796849906444549561e-01,5.858622789382934570e-01,5.486099720001220703e-01,5.264446139335632324e-01,4.432557821273803711e-01,4.500805437564849854e-01,4.483347833156585693e-01,3.314914405345916748e-01,3.878926038742065430e-01,1.515766233205795288e-01,1.161541119217872620e-01,3.135772943496704102e-01,3.563445210456848145e-01,3.609632253646850586e-01,4.549444317817687988e-01,1.952506452798843384e-01,2.546977400779724121e-01,2.328880429267883301e-01,3.239212632179260254e-01,1.854130029678344727e-01,1.611084789037704468e-01,2.752630710601806641e-01,2.575290203094482422e-01,1.085364967584609985e-01,7.858444750308990479e-02,2.495613694190979004e-01,2.145187109708786011e-01,2.305660694837570190e-01,2.840153276920318604e-01,5.639767274260520935e-02,9.313327074050903320e-02,2.107679545879364014e-01,1.721849292516708374e-01,6.383951753377914429e-02,2.051933668553829193e-02,-2.145031988620758057e-01,1.223384067416191101e-01,-5.873462185263633728e-02,1.579684317111968994e-01,4.624035209417343140e-02,2.995296381413936615e-02,-4.041299968957901001e-02,1.207424923777580261e-01,-9.510423243045806885e-02,2.821421623229980469e-01,-1.455197930335998535e-01,-1.725551113486289978e-02,5.865373834967613220e-02,1.518455706536769867e-02,6.987675279378890991e-02,4.642563313245773315e-02,-4.541976377367973328e-03,2.572509944438934326e-01,-3.576096892356872559e-02,4.690427333116531372e-02,1.556063443422317505e-01,2.441522032022476196e-01,-6.697031110525131226e-02,7.363343983888626099e-02,4.932535812258720398e-02,1.271040588617324829e-01
4.648268818855285645e-01,2.340150177478790283e-01,1.000000000000000000e+00,1.143099814653396606e-01,5.212159156799316406e-01,3.398045301437377930e-01,4.601002037525177002e-01,-9.268217533826828003e-02,4.604604840278625488e-01,5.811539664864540100e-02,3.567050099372863770e-01,1.913762092590332031e-01,4.209023714065551758e-01,1.818046569824218750e-01,4.477993547916412354e-01,-2.122812438756227493e-03,9.740778058767318726e-02,5.575383454561233521e-02,4.902191162109375000e-01,3.799524307250976562e-01,2.566626965999603271e-01,2.262827157974243164e-01,6.840175986289978027e-01,4.963233470916748047e-01,3.652231693267822266e-01,2.956025302410125732e-01,4.963884055614471436e-01,2.813808023929595947e-01,1.333113610744476318e-01,-6.808578968048095703e-02,4.487202465534210205e-01,3.238682150840759277e-01,3.101945221424102783e-01,2.281468957662582397e-01,2.469716668128967285e-01,1.650841832160949707e-01,2.189211994409561157e-01,2.496738135814666748e-01,6.601086258888244629e-02,2.092754244804382324e-01,3.620936349034309387e-02,1.330217272043228149e-01,6.500522047281265259e-02,1.484062075614929199e-01,9.376484900712966919e-02,-1.757324300706386566e-02,3.986327792517840862e-04,5.492548458278179169e-03,1.867874860763549805e-01,1.326761394739151001e-01,3.886118158698081970e-02,1.686103940010070801e-01,-1.790780872106552124e-01,-1.100044324994087219e-01,6.027135998010635376e-02,1.506776958703994751e-01,2.421185225248336792e-01,3.452656269073486328e-01,2.285728603601455688e-01,4.523648321628570557e-01,1.854401379823684692e-01,3.376964628696441650e-01,1.353038102388381958e-01,1.704889535903930664e-01,1.119594573974609375e-01,1.426630765199661255e-01,2.985914349555969238e-01,2.832419276237487793e-01,3.167445659637451172e-01,2.862625420093536377e-01,1.708413362503051758e-01,3.264211714267730713e-01,1.729433238506317139e-01,1.687172204256057739e-01,1.672719419002532959e-01,9.500075876712799072e-02,1.773976832628250122e-01,9.793137013912200928e-02,-5.914666131138801575e-02,-1.965475976467132568e-01,-7.473248243331909180e-02,-1.111797094345092773e-01,1.942463964223861694e-01,1.786018460988998413e-01,1.330967098474502563e-01,5.237557739019393921e-02,2.181819677352905273e-01,3.233165144920349121e-01,1.550860106945037842e-01,6.967671215534210205e-02,-2.500171363353729248e-01,-1.456347107887268066e-01,-2.335296012461185455e-02,-9.387933649122714996e-03,-1.267917156219482422e-01,-1.605457067489624023e-02,-1.158923879265785217e-01,4.316507279872894287e-02,-1.470959335565567017e-01,6.466220319271087646e-02,-1.370853930711746216e-01,7.597927004098892212e-02,-8.918038569390773773e-03,-3.406882518902420998e-03,9.405764937400817871e-02,1.367372274398803711e-01,2.891356125473976135e-02,1.637894660234451294e-01,-8.394454419612884521e-02,-7.219354808330535889e-02,-1.576670259237289429e-02,2.501164563000202179e-02,-1.161314472556114197e-01,3.683568164706230164e-02,-1.262081600725650787e-02,-8.764254301786422729e-02
2.263807654380798340e-01,3.961435854434967041e-01,1.143099814653396606e-01,1.000000000000000000e+00,1.314164698123931885e-01,2.820876836776733398e-01,1.052130535244941711e-01,6.462953090667724609e-01,-2.395049668848514557e-02,3.007853031158447266e-01,6.375358253717422485e-02,3.420528769493103027e-01,9.080788493156433105e-02,3.818439245223999023e-01,1.416427791118621826e-01,2.748908102512359619e-01,-6.031898409128189087e-02,6.193023547530174255e-02,1.339015364646911621e-01,3.097780048847198486e-01,4.110885038971900940e-02,2.317453026771545410e-01,1.036146804690361023e-01,4.185673594474792480e-01,6.061085686087608337e-02,4.239199459552764893e-01,2.051758766174316406e-01,3.372498452663421631e-01,-7.512349635362625122e-02,1.342369019985198975e-01,4.404601082205772400e-02,4.297043681144714355e-01,1.839645951986312866e-01,2.054714858531951904e-01,-7.796133309602737427e-02,6.465699523687362671e-02,4.943272471427917480e-02,8.993879705667495728e-02,-7.951658964157104492e-02,1.114859208464622498e-01,-1.160694509744644165e-01,4.246452078223228455e-02,-1.673970520496368408e-01,-1.361286342144012451e-01,-6.030806899070739746e-02,1.806246000342071056e-04,-8.930405974388122559e-02,-1.124998778104782104e-01,4.247931391000747681e-02,4.769970104098320007e-02,-5.127185583114624023e-02,-1.200520172715187073e-01,-1.033266931772232056e-01,-1.118928194046020508e-01,-1.650839857757091522e-02,5.692740529775619507e-02,2.103555351495742798e-01,3.002779744565486908e-02,2.798544764518737793e-01,1.109039261937141418e-01,1.307954341173171997e-01,6.444910168647766113e-02,1.070769410580396652e-02,-1.324364095926284790e-01,1.799900457262992859e-02,1.310330927371978760e-01,1.214151680469512939e-01,2.489673048257827759e-01,1.134779527783393860e-01,1.326431334018707275e-01,2.128656767308712006e-02,1.903302222490310669e-01,-1.280266046524047852e-01,1.243037581443786621e-01,-1.616343259811401367e-01,1.254358608275651932e-02,-4.579241573810577393e-02,7.429923862218856812e-02,-9.869080781936645508e-02,-1.017697602510452271e-01,-1.081178411841392517e-01,-1.392077952623367310e-01,6.686686724424362183e-02,1.479538977146148682e-01,-1.104958206415176392e-01,7.102691382169723511e-02,-6.970132887363433838e-02,8.493681997060775757e-02,-8.925198018550872803e-02,3.513985499739646912e-02,6.243705749511718750e-03,5.958494171500205994e-02,4.919536039233207703e-02,-4.440827295184135437e-02,-2.025340683758258820e-02,-5.352514982223510742e-02,-1.450144946575164795e-01,-9.913390874862670898e-02,-7.011187076568603516e-02,7.368971593677997589e-03,9.067261219024658203e-02,-1.435960382223129272e-01,1.700251176953315735e-02,-5.259092524647712708e-02,-1.256469730287790298e-02,1.385699585080146790e-02,4.989670123904943466e-03,-9.492897428572177887e-03,-1.653069853782653809e-01,-3.106858581304550171e-02,-1.142849102616310120e-01,-2.417747629806399345e-03,-8.799526095390319824e-02,-4.907702282071113586e-02,-6.914211064577102661e-02,9.050737321376800537e-02
1.875708252191543579e-01,1.368463039398193359e-01,5.212159156799316406e-01,1.314164698123931885e-01,1.000000000000000000e+00,5.595145225524902344e-01,3.863272070884704590e-01,5.743688717484474182e-02,6.814544796943664551e-01,3.460066020488739014e-01,2.317061275243759155e-01,1.146963015198707581e-01,5.020848512649536133e-01,7.405066490173339844e-02,3.901085853576660156e-01,-5.856390111148357391e-03,7.501078397035598755e-02,3.153516352176666260e-02,3.028480708599090576e-01,3.289060592651367188e-01,1.949265450239181519e-01,3.220499455928802490e-01,4.615013301372528076e-01,3.920207917690277100e-01,4.341183304786682129e-01,4.034873247146606445e-01,5.232976675033569336e-01,3.971241414546966553e-01,1.085634678602218628e-01,1.971206255257129669e-02,2.833870649337768555e-01,3.902941942214965820e-01,1.905240118503570557e-01,1.305560767650604248e-01,6.001232564449310303e-02,5.721707269549369812e-02,1.698957532644271851e-01,2.761861833278089762e-04,1.067197769880294800e-01,9.816591441631317139e-02,1.357545554637908936e-01,5.271114781498908997e-02,7.229610532522201538e-02,1.338692158460617065e-01,5.754722282290458679e-02,2.531417459249496460e-02,-5.974529776722192764e-03,-6.180559471249580383e-02,4.040686786174774170e-02,5.400085821747779846e-02,-4.812700673937797546e-02,6.073849648237228394e-02,-3.451776504516601562e-01,-1.251568049192428589e-01,-9.765263646841049194e-02,-1.656583324074745178e-02,9.760081022977828979e-02,2.088155001401901245e-01,8.050037175416946411e-02,2.720732986927032471e-01,2.799837104976177216e-02,2.506174743175506592e-01,7.801227271556854248e-02,1.506014466285705566e-01,-8.368382602930068970e-02,1.854337602853775024e-01,2.136387079954147339e-01,2.165388613939285278e-01,2.653636038303375244e-01,2.659572362899780273e-01,3.214480876922607422e-01,4.221292436122894287e-01,6.367907673120498657e-02,1.440658569335937500e-01,-2.839047927409410477e-03,1.260322928428649902e-01,3.242453560233116150e-02,-1.473486627219244838e-04,-1.364675164222717285e-01,-2.058805227279663086e-01,-6.642124801874160767e-02,2.270048484206199646e-02,2.692185640335083008e-01,1.683959960937500000e-01,7.051815837621688843e-02,7.768523693084716797e-02,1.444473862648010254e-01,4.133826494216918945e-01,7.070501148700714111e-02,1.580756604671478271e-01,-1.396664679050445557e-01,-1.462132632732391357e-01,4.528570454567670822e-03,-4.162828624248504639e-02,-2.090878486633300781e-01,-9.565071016550064087e-02,-1.810089051723480225e-01,-1.562126874923706055e-01,-1.112911850214004517e-01,-2.019652724266052246e-02,-5.164708569645881653e-02,-1.293150037527084351e-01,4.338718578219413757e-02,-1.258242875337600708e-01,1.463026851415634155e-01,1.030529588460922241e-01,5.775746703147888184e-02,-8.188854902982711792e-03,-2.165833562612533569e-01,-1.667492389678955078e-01,-8.820512890815734863e-02,-1.221078820526599884e-02,-1.238103881478309631e-01,9.232768416404724121e-02,2.544639632105827332e-02,4.563824739307165146e-03
2.458065748214721680e-01,2.784422934055328369e-01,3.398045301437377930e-01,2.820876836776733398e-01,5.595145225524902344e-01,1.000000000000000000e+00,3.048852384090423584e-01,1.612908095121383667e-01,3.859587609767913818e-01,3.171814382076263428e-01,2.142471224069595337e-01,1.494533568620681763e-01,3.841036856174468994e-01,1.143391802906990051e-01,3.853063881397247314e-01,2.319806963205337524e-01,9.848441928625106812e-02,9.105218201875686646e-02,3.158797025680541992e-01,3.884682655334472656e-01,2.534461319446563721e-01,3.273667693138122559e-01,2.518193125724792480e-01,3.598447442054748535e-01,2.169856578111648560e-01,4.603231251239776611e-01,4.761633574962615967e-01,5.624821186065673828e-01,7.153599709272384644e-02,9.437917172908782959e-02,9.938248246908187866e-02,2.848179340362548828e-01,2.006088793277740479e-01,1.589144766330718994e-01,-5.551011115312576294e-02,-1.956281252205371857e-02,1.263303905725479126e-01,1.131781488656997681e-01,1.813815385103225708e-01,7.527222484350204468e-02,-1.629460416734218597e-02,1.156482398509979248e-01,-3.919149935245513916e-02,8.523108065128326416e-02,-5.105190351605415344e-02,-4.886000975966453552e-02,-3.978252410888671875e-02,-4.143112152814865112e-02,-3.710179403424263000e-02,-2.172722481191158295e-02,-1.794492155313491821e-01,-1.280516535043716431e-01,-4.068591296672821045e-01,-1.818922907114028931e-01,-3.591154143214225769e-02,9.422528743743896484e-02,2.963212430477142334e-01,3.546392619609832764e-01,1.633346229791641235e-01,2.995393574237823486e-01,2.004488408565521240e-01,2.985835373401641846e-01,1.832127720117568970e-01,2.181248366832733154e-01,-9.022271633148193359e-02,8.995941281318664551e-02,1.564281731843948364e-01,2.456949204206466675e-01,1.731053292751312256e-01,2.949568927288055420e-01,2.533178925514221191e-01,2.849832475185394287e-01,3.462420031428337097e-02,1.850316077470779419e-01,-1.218790188431739807e-02,1.075957715511322021e-01,-2.922663278877735138e-02,3.165248036384582520e-02,-6.792599707841873169e-02,-8.600318431854248047e-02,-5.498320329934358597e-03,7.015847600996494293e-03,2.855943739414215088e-01,2.031119614839553833e-01,-5.050512030720710754e-02,-6.221752241253852844e-02,1.555289477109909058e-01,1.765175908803939819e-01,3.321553766727447510e-02,1.942726969718933105e-01,-9.863261878490447998e-02,-9.523003548383712769e-02,5.656294897198677063e-02,-4.658469930291175842e-02,-1.471948325634002686e-01,-9.600538015365600586e-02,-1.638632863759994507e-01,-9.023059904575347900e-02,-3.345281630754470825e-02,6.985515356063842773e-02,5.933130159974098206e-02,-8.004025369882583618e-02,1.272465437650680542e-01,-2.929746732115745544e-02,1.940532028675079346e-01,1.136066243052482605e-01,1.248388215899467468e-01,-7.831849157810211182e-03,-1.319770514965057373e-01,-6.011039391160011292e-02,-1.264966279268264771e-01,2.957032434642314911e-02,-4.166129231452941895e-02,3.227732703089714050e-02,-3.171586990356445312e-02,5.120895802974700928e-02
3.370831608772277832e-01,2.317003756761550903e-01,4.601002037525177002e-01,1.052130535244941711e-01,3.863272070884704590e-01,3.048852384090423584e-01,1.000000000000000000e+00,9.106823056936264038e-02,4.725676178932189941e-01,2.800968885421752930e-01,2.780446410179138184e-01,6.949042528867721558e-02,5.714685320854187012e-01,9.275356680154800415e-02,2.622955143451690674e-01,4.007182270288467407e-02,1.824475228786468506e-01,1.466186344623565674e-01,4.701432585716247559e-01,4.082091748714447021e-01,1.333996653556823730e-01,1.395543813705444336e-01,2.426873296499252319e-01,1.866871714591979980e-01,1.188940778374671936e-01,1.104563251137733459e-01,3.907360369339585304e-04,-3.818602114915847778e-02,2.010604739189147949e-01,4.914105311036109924e-02,3.127508163452148438e-01,1.862309426069259644e-01,2.322594672441482544e-01,2.865256071090698242e-01,3.868990018963813782e-02,-5.164530500769615173e-02,9.166190773248672485e-02,-1.628403179347515106e-02,2.530820667743682861e-02,-6.683465093374252319e-02,7.588753476738929749e-03,-1.064249202609062195e-01,7.917750626802444458e-03,5.481966212391853333e-02,-3.293441981077194214e-02,-1.132013555616140366e-02,-4.920479655265808105e-02,-7.147262245416641235e-02,-1.375793013721704483e-02,-6.507321447134017944e-02,-1.793063580989837646e-01,-6.232254207134246826e-02,-3.197340369224548340e-01,-1.492689251899719238e-01,-9.402216225862503052e-02,-7.446669042110443115e-02,2.062793821096420288e-01,3.104999363422393799e-01,1.880255937576293945e-01,3.202711939811706543e-01,2.673502564430236816e-01,3.517348766326904297e-01,2.989344596862792969e-01,2.882022559642791748e-01,1.507231444120407104e-01,1.056956946849822998e-01,2.296971678733825684e-01,2.007646411657333374e-01,2.473339438438415527e-01,3.159514665603637695e-01,1.856705844402313232e-01,3.055304884910583496e-01,1.790456175804138184e-01,1.564377397298812866e-01,9.756893664598464966e-02,9.364595264196395874e-02,9.650590270757675171e-02,5.835592746734619141e-02,-6.055845692753791809e-02,-1.716366708278656006e-01,-1.143498625606298447e-02,-5.283058807253837585e-02,1.585796922445297241e-01,3.580627962946891785e-02,-2.048243135213851929e-01,-2.794777452945709229e-01,1.275546252727508545e-01,2.579715102910995483e-02,-4.013078659772872925e-02,-8.306327462196350098e-02,-1.768958121538162231e-01,-1.309444010257720947e-01,-5.884056538343429565e-02,-5.791115760803222656e-02,-1.495704893022775650e-02,-1.053410843014717102e-01,-1.022056043148040771e-01,-1.046498492360115051e-01,-9.117507934570312500e-02,-1.081864535808563232e-02,-2.838002704083919525e-02,-1.379643529653549194e-01,1.612666621804237366e-02,-6.683223694562911987e-02,4.607804492115974426e-02,-2.929001674056053162e-02,-2.010286971926689148e-02,-4.843156202696263790e-04,-1.088207364082336426e-01,-8.209375292062759399e-02,-8.972424268722534180e-02,-6.793595105409622192e-02,-1.353219598531723022e-01,-6.126511842012405396e-02,-1.350165158510208130e-01,2.105010114610195160e-02
1.256919950246810913e-01,3.594249486923217773e-01,-9.268217533826828003e-02,6.462953090667724609e-01,5.743688717484474182e-02,1.612908095121383667e-01,9.106823056936264038e-02,1.000000000000000000e+00,-6.174944341182708740e-02,3.494562804698944092e-01,-8.604056201875209808e-03,3.103310465812683105e-01,1.407457739114761353e-01,4.362012743949890137e-01,3.306606085970997810e-03,2.581689655780792236e-01,-7.140053808689117432e-02,1.544286310672760010e-01,-3.528971597552299500e-02,1.446233987808227539e-01,-1.207157447934150696e-01,1.120106428861618042e-01,-1.167031675577163696e-01,1.220638900995254517e-01,-8.070855587720870972e-02,1.904038935899734497e-01,-5.483043193817138672e-02,1.145339459180831909e-01,-1.470584273338317871e-01,2.533832490444183350e-01,-7.594916224479675293e-02,2.345551550388336182e-01,8.856575936079025269e-02,9.536959230899810791e-02,-1.828923374414443970e-01,-9.514723718166351318e-02,-7.644671201705932617e-02,-4.931218177080154419e-02,-1.660621911287307739e-01,-1.634238101541996002e-02,-1.353673636913299561e-01,8.402157574892044067e-02,-1.485648602247238159e-01,-2.067670822143554688e-01,-7.402826100587844849e-02,-2.613417338579893112e-03,-1.554034650325775146e-01,-1.787114292383193970e-01,-2.273238264024257660e-02,-4.532511532306671143e-02,-4.009902104735374451e-02,-2.250133603811264038e-01,-1.188306510448455811e-01,-1.205278486013412476e-01,-1.183657571673393250e-01,-4.847140610218048096e-02,1.682993918657302856e-01,-2.244347147643566132e-02,2.332786470651626587e-01,-4.904039576649665833e-02,1.771902590990066528e-01,8.675379306077957153e-02,1.001017615199089050e-01,-2.019640989601612091e-02,4.612949490547180176e-02,3.605469688773155212e-02,6.352078169584274292e-02,1.654598712921142578e-01,7.920930534601211548e-02,1.063053458929061890e-01,-2.281893789768218994e-02,8.280330151319503784e-02,-2.100914716720581055e-01,2.149583101272583008e-01,-2.684333622455596924e-01,7.078602910041809082e-02,-1.236966550350189209e-01,1.148879006505012512e-01,-1.325999498367309570e-01,-6.498073786497116089e-02,-3.242618963122367859e-02,-8.723393827676773071e-02,5.211161449551582336e-02,9.144821017980575562e-02,-1.697780638933181763e-01,-2.671723440289497375e-02,-1.203366518020629883e-01,-3.850945085287094116e-02,-7.350428402423858643e-02,-2.995380759239196777e-02,7.312671095132827759e-02,4.778939858078956604e-02,9.878786653280258179e-02,2.847541496157646179e-02,-1.075689960271120071e-02,-4.573922231793403625e-02,-1.820700317621231079e-01,-1.251846551895141602e-01,-8.869143575429916382e-02,-2.508644200861454010e-02,1.336770206689834595e-01,-1.132901534438133240e-01,7.815254479646682739e-02,-1.278424635529518127e-02,-1.749534159898757935e-02,-4.311404190957546234e-03,-4.108113702386617661e-03,-3.289250284433364868e-02,-1.262033432722091675e-01,-3.819162398576736450e-02,-1.350183486938476562e-01,4.852471873164176941e-03,2.074939431622624397e-03,5.365576595067977905e-02,5.169945582747459412e-02,6.076318770647048950e-02
8.434686809778213501e-02,6.361912190914154053e-02,4.604604840278625488e-01,-2.395049668848514557e-02,6.814544796943664551e-01,3.859587609767913818e-01,4.725676178932189941e-01,-6.174944341182708740e-02,1.000000000000000000e+00,4.022027850151062012e-01,2.176382243633270264e-01,7.337558269500732422e-02,4.910942018032073975e-01,2.208959078416228294e-03,3.990285694599151611e-01,1.131979189813137054e-02,1.173660978674888611e-01,4.388530552387237549e-02,2.798637449741363525e-01,2.625676393508911133e-01,1.400401890277862549e-01,1.985930949449539185e-01,4.821437895298004150e-01,3.355112671852111816e-01,2.850368022918701172e-01,2.151039391756057739e-01,3.260538876056671143e-01,1.665813028812408447e-01,1.514449417591094971e-01,-8.198143541812896729e-02,2.554152607917785645e-01,2.701440453529357910e-01,1.025458052754402161e-01,1.274166107177734375e-01,4.597466066479682922e-02,3.509187605232000351e-03,9.182172268629074097e-02,-5.432050675153732300e-02,1.093608886003494263e-01,-6.845900416374206543e-02,1.967267841100692749e-01,-5.161699373275041580e-03,-3.657625243067741394e-02,6.081564351916313171e-02,-4.198507219552993774e-02,-8.014605194330215454e-02,-9.671958535909652710e-02,-1.156359389424324036e-01,-6.130676716566085815e-02,-1.327970158308744431e-02,-1.327011883258819580e-01,6.504303216934204102e-02,-3.345803618431091309e-01,-6.013912335038185120e-02,-9.500633925199508667e-02,-1.068066582083702087e-01,-1.469615194946527481e-02,1.440055519342422485e-01,-4.848559573292732239e-02,1.909980922937393188e-01,-5.938372388482093811e-02,2.382508963346481323e-01,2.743244357407093048e-02,1.296748369932174683e-01,1.456491881981492043e-03,1.956225037574768066e-01,9.631322324275970459e-02,4.069013521075248718e-02,1.101622283458709717e-01,1.570732593536376953e-01,2.518432140350341797e-01,3.269212841987609863e-01,1.549180746078491211e-01,9.819567948579788208e-02,9.581629186868667603e-02,1.264497488737106323e-01,5.134660750627517700e-02,-1.663905754685401917e-02,-1.447162032127380371e-01,-1.796294301748275757e-01,-9.027386456727981567e-02,2.884623967111110687e-02,2.108341902494430542e-01,1.081484928727149963e-01,7.276150584220886230e-02,2.268026769161224365e-02,2.019256949424743652e-01,3.234895169734954834e-01,5.585407465696334839e-02,7.233270257711410522e-02,-2.549241185188293457e-01,-1.709400266408920288e-01,-6.522755324840545654e-02,1.061045099049806595e-02,-1.682052463293075562e-01,-1.228031218051910400e-01,-1.663388758897781372e-01,-2.099659144878387451e-01,-2.119255512952804565e-01,-6.085340678691864014e-02,-1.036171019077301025e-01,-1.004601195454597473e-01,-8.049158379435539246e-03,-1.376589685678482056e-01,5.849193409085273743e-02,2.142718434333801270e-02,1.103004091419279575e-03,5.059921368956565857e-02,-1.852463185787200928e-01,-1.335864365100860596e-01,-9.180139750242233276e-02,-9.774725139141082764e-02,-1.554272621870040894e-01,9.743776172399520874e-03,-1.052132342010736465e-02,-3.708674758672714233e-02
-2.093103900551795959e-02,1.350326836109161377e-01,5.811539664864540100e-02,3.007853031158447266e-01,3.460066020488739014e-01,3.171814382076263428e-01,2.800968885421752930e-01,3.494562804698944092e-01,4.022027850151062012e-01,1.000000000000000000e+00,1.069085225462913513e-01,2.307245880365371704e-01,2.200428843498229980e-01,2.727448344230651855e-01,1.776359081268310547e-01,3.135137856006622314e-01,2.478394657373428345e-02,1.424164026975631714e-01,1.496774554252624512e-01,2.421031445264816284e-01,6.321524828672409058e-02,1.246664896607398987e-01,1.244411170482635498e-01,3.022099435329437256e-01,-4.079478327184915543e-03,2.400413006544113159e-01,-1.345617230981588364e-02,5.453279241919517517e-02,5.829748138785362244e-02,4.679488018155097961e-02,1.569822281599044800e-01,3.971358537673950195e-01,8.416140079498291016e-02,2.116238921880722046e-01,-6.595927476882934570e-02,5.339321494102478027e-02,-4.693863540887832642e-02,-1.863952130079269409e-01,-2.987219393253326416e-02,-9.305281192064285278e-02,1.061245352029800415e-01,-1.461071241647005081e-02,-2.880334854125976562e-01,-1.796972453594207764e-01,-2.474673390388488770e-01,-1.135379746556282043e-01,-1.892042160034179688e-01,-2.326090633869171143e-01,-2.299804091453552246e-01,-1.688660085201263428e-01,-3.006165027618408203e-01,-1.940006464719772339e-01,-3.766008615493774414e-01,-1.618679612874984741e-01,-1.624003499746322632e-01,-1.956148594617843628e-01,-6.063961237668991089e-02,4.648073390126228333e-02,-1.521805226802825928e-01,4.687847197055816650e-02,-1.327734887599945068e-01,1.604303866624832153e-01,-5.705549195408821106e-02,3.676111623644828796e-02,-1.030701175332069397e-01,1.930295079946517944e-01,-1.448370814323425293e-01,-5.717188492417335510e-02,1.599045353941619396e-03,1.459837853908538818e-01,7.958352565765380859e-02,1.646518558263778687e-01,8.789894729852676392e-02,1.436338275671005249e-01,-2.250728569924831390e-02,1.166597157716751099e-01,-6.831963360309600830e-02,4.674633033573627472e-03,-7.018157839775085449e-02,-3.906874358654022217e-02,2.270165272057056427e-02,1.270855665206909180e-01,7.021687924861907959e-02,1.414552330970764160e-01,-1.188251227140426636e-01,2.930621244013309479e-02,1.327851135283708572e-02,1.865409910678863525e-01,-1.719127744436264038e-01,3.873785724863409996e-03,-2.316516488790512085e-01,-2.594220638275146484e-01,-1.787958592176437378e-01,-1.667520999908447266e-01,-3.043770231306552887e-02,-7.495443522930145264e-02,-1.102524474263191223e-01,-2.155006974935531616e-01,-1.883824765682220459e-01,-1.536236107349395752e-01,-7.224455475807189941e-02,-3.295996487140655518e-01,-6.580349057912826538e-02,-1.975803226232528687e-01,-7.753639668226242065e-02,-1.356424838304519653e-01,-5.676604434847831726e-02,-2.880301326513290405e-02,-5.531102791428565979e-02,-3.957696631550788879e-02,-8.221932500600814819e-02,-1.521507203578948975e-01,-2.325395643711090088e-01,-1.468415558338165283e-01,-1.440999358892440796e-01,-1.163610368967056274e-01
5.834156274795532227e-01,3.472416698932647705e-01,3.567050099372863770e-01,6.375358253717422485e-02,2.317061275243759155e-01,2.142471224069595337e-01,2.780446410179138184e-01,-8.604056201875209808e-03,2.176382243633270264e-01,1.069085225462913513e-01,1.000000000000000000e+00,4.578134119510650635e-01,4.577288329601287842e-01,2.486478090286254883e-01,4.772913455963134766e-01,1.581977456808090210e-01,5.952789783477783203e-01,3.396976888179779053e-01,5.705667734146118164e-01,4.720551371574401855e-01,2.562354207038879395e-01,8.089387416839599609e-02,2.859164178371429443e-01,1.413274109363555908e-01,6.151421368122100830e-02,4.608632996678352356e-02,1.277541518211364746e-01,6.486424058675765991e-02,5.856362581253051758e-01,2.300641387701034546e-01,3.291747570037841797e-01,2.909342646598815918e-01,5.169563293457031250e-01,5.017104744911193848e-01,4.902777373790740967e-01,3.782210946083068848e-01,4.218140244483947754e-01,3.107962012290954590e-01,2.505418360233306885e-01,2.976013720035552979e-01,3.546134829521179199e-01,2.285579591989517212e-01,1.414284110069274902e-01,3.028688132762908936e-01,1.931415796279907227e-01,1.484537422657012939e-01,2.585976719856262207e-01,3.164591789245605469e-01,3.029233813285827637e-01,2.372904270887374878e-01,2.667305469512939453e-01,2.616268098354339600e-01,-1.566448045196011662e-04,3.458299441263079643e-03,4.313766956329345703e-01,3.297255337238311768e-01,3.986427485942840576e-01,2.964055240154266357e-01,2.199118733406066895e-01,2.254061549901962280e-01,3.278583288192749023e-01,2.675105929374694824e-01,3.984325230121612549e-01,2.648935914039611816e-01,3.408566117286682129e-01,3.398215770721435547e-01,3.380878567695617676e-01,3.493136465549468994e-01,2.098119109869003296e-01,2.628838717937469482e-01,1.798547655344009399e-01,1.229428946971893311e-01,5.445959568023681641e-01,3.855401575565338135e-01,5.392817258834838867e-01,4.040645062923431396e-01,5.252586603164672852e-01,3.296224176883697510e-01,4.236864745616912842e-01,2.100608199834823608e-01,2.844647169113159180e-01,2.798492610454559326e-01,1.265919804573059082e-01,1.471820026636123657e-01,3.449253141880035400e-01,2.467818111181259155e-01,5.246544480323791504e-01,3.254138529300689697e-01,3.528424501419067383e-01,7.461418956518173218e-02,-2.512163519859313965e-01,-5.050609819591045380e-03,-1.756542176008224487e-01,1.406642347574234009e-01,6.085772439837455750e-02,7.007739692926406860e-02,1.760177463293075562e-01,2.332671880722045898e-01,-9.933988749980926514e-02,3.007211983203887939e-01,-2.777060270309448242e-01,2.069198153913021088e-02,-5.355907976627349854e-02,-1.422467734664678574e-02,9.467444568872451782e-02,1.976775377988815308e-02,-3.970596566796302795e-02,3.726405501365661621e-01,-1.528821652755141258e-03,1.144321113824844360e-01,3.846709132194519043e-01,2.331095188856124878e-01,-3.140243887901306152e-02,-5.525772273540496826e-02,-5.874649062752723694e-02,7.003517448902130127e-02
4.318407773971557617e-01,5.212130546569824219e-01,1.913762092590332031e-01,3.420528769493103027e-01,1.146963015198707581e-01,1.494533568620681763e-01,6.949042528867721558e-02,3.103310465812683105e-01,7.337558269500732422e-02,2.307245880365371704e-01,4.578134119510650635e-01,1.000000000000000000e+00,2.026997804641723633e-01,6.221030354499816895e-01,3.706804513931274414e-01,4.124281704425811768e-01,2.952812314033508301e-01,4.620008468627929688e-01,3.506526350975036621e-01,4.309080541133880615e-01,1.247751936316490173e-01,8.975150436162948608e-02,2.253260314464569092e-01,2.698918879032135010e-01,-1.155351474881172180e-01,1.993312835693359375e-01,7.880324870347976685e-02,1.841204762458801270e-01,2.482928931713104248e-01,3.139966130256652832e-01,8.085256814956665039e-02,2.692135572433471680e-01,3.110022246837615967e-01,4.026834368705749512e-01,3.221823573112487793e-01,3.115950822830200195e-01,3.133810162544250488e-01,3.466828763484954834e-01,5.585866048932075500e-02,2.769758403301239014e-01,1.880445927381515503e-01,2.148921191692352295e-01,-1.772421151399612427e-01,-1.385998213663697243e-03,2.496874704957008362e-02,3.910543024539947510e-02,2.114145830273628235e-02,6.134409084916114807e-02,8.893761783838272095e-02,9.970569610595703125e-02,5.233795940876007080e-02,-1.943025551736354828e-02,-6.986982375383377075e-02,-1.350317299365997314e-01,2.494421452283859253e-01,2.773093581199645996e-01,3.124772906303405762e-01,2.356545329093933105e-01,2.232942134141921997e-01,1.986553519964218140e-01,3.290904164314270020e-01,3.073901534080505371e-01,2.053160816431045532e-01,1.553028225898742676e-01,3.939462602138519287e-01,3.516188263893127441e-01,2.007762491703033447e-01,2.298759371042251587e-01,9.734275937080383301e-02,2.024638354778289795e-01,2.468186244368553162e-02,1.144799590110778809e-01,2.752942442893981934e-01,4.137288331985473633e-01,2.699217200279235840e-01,2.531681358814239502e-01,3.119915425777435303e-01,2.930704057216644287e-01,2.099911719560623169e-01,1.178133189678192139e-01,1.460296064615249634e-01,1.222654432058334351e-01,7.522625476121902466e-02,2.036526352167129517e-01,2.560894191265106201e-01,2.852150499820709229e-01,2.915649116039276123e-01,2.226364314556121826e-01,9.866792708635330200e-02,8.163859695196151733e-02,-2.242560237646102905e-01,2.437421306967735291e-02,-6.279422342777252197e-02,8.464507013559341431e-02,3.904051147401332855e-03,1.060049533843994141e-01,2.636485174298286438e-02,2.363069355487823486e-01,-1.529779136180877686e-01,2.706974446773529053e-01,-1.628860831260681152e-01,8.090022951364517212e-02,3.114790469408035278e-02,5.862426385283470154e-02,-5.331267416477203369e-02,-3.502288460731506348e-02,-1.494448632001876831e-01,3.263372182846069336e-01,5.327770486474037170e-02,1.252503991127014160e-01,2.374586760997772217e-01,1.502844691276550293e-01,-3.697241470217704773e-02,1.237215846776962280e-02,-1.524385157972574234e-02,-4.059170559048652649e-02
4.170586466789245605e-01,2.707471251487731934e-01,4.209023714065551758e-01,9.080788493156433105e-02,5.020848512649536133e-01,3.841036856174468994e-01,5.714685320854187012e-01,1.407457739114761353e-01,4.910942018032073975e-01,2.200428843498229980e-01,4.577288329601287842e-01,2.026997804641723633e-01,1.000000000000000000e+00,3.218913078308105469e-01,3.812408447265625000e-01,4.890085384249687195e-02,3.597486019134521484e-01,2.330592721700668335e-01,3.801541924476623535e-01,3.463755846023559570e-01,1.428119391202926636e-01,1.546272337436676025e-01,2.712344527244567871e-01,1.278109103441238403e-01,2.499169260263442993e-01,1.854141354560852051e-01,2.162379920482635498e-01,1.329401880502700806e-01,2.930378615856170654e-01,1.826962530612945557e-01,2.426520735025405884e-01,2.614997923374176025e-01,2.949913144111633301e-01,2.697650492191314697e-01,1.344198733568191528e-01,4.460918251425027847e-03,2.293333560228347778e-01,9.085373580455780029e-02,1.565303951501846313e-01,8.536150306463241577e-02,1.543667167425155640e-01,1.151574477553367615e-01,6.077281758189201355e-02,1.318248212337493896e-01,5.081874877214431763e-02,3.359029814600944519e-02,7.468905299901962280e-02,4.672847688198089600e-02,1.469551920890808105e-01,6.133519485592842102e-02,5.706126242876052856e-02,9.350487589836120605e-02,-2.041286379098892212e-01,-2.902539260685443878e-02,1.535418927669525146e-01,1.818625777959823608e-01,2.595909833908081055e-01,2.945558726787567139e-01,1.650821268558502197e-01,2.127705365419387817e-01,3.650909662246704102e-01,3.474044203758239746e-01,3.525919020175933838e-01,3.676673769950866699e-01,1.442977041006088257e-01,1.774719804525375366e-01,2.930657565593719482e-01,2.495065331459045410e-01,2.520176470279693604e-01,2.932208776473999023e-01,1.928616017103195190e-01,2.628318071365356445e-01,2.517371773719787598e-01,3.629573583602905273e-01,1.821337938308715820e-01,3.112211525440216064e-01,2.351852357387542725e-01,1.842427998781204224e-01,3.391084447503089905e-02,-2.372769825160503387e-02,9.065002202987670898e-02,9.372935444116592407e-02,1.995333135128021240e-01,1.219710484147071838e-01,3.094140626490116119e-02,-5.407512933015823364e-02,2.938844859600067139e-01,2.423227578401565552e-01,2.610404789447784424e-01,1.394131034612655640e-01,-1.218997687101364136e-01,-3.950342163443565369e-02,4.683843348175287247e-03,1.221743896603584290e-01,-9.216334670782089233e-02,-8.688967674970626831e-02,-1.204698607325553894e-01,-9.603833779692649841e-03,-1.654326915740966797e-01,1.228727251291275024e-01,-2.133365161716938019e-02,2.147328853607177734e-02,1.623770892620086670e-01,7.555828243494033813e-02,2.424376159906387329e-01,1.428605616092681885e-01,6.694220751523971558e-02,1.686629503965377808e-01,-1.623584777116775513e-01,-4.490762948989868164e-02,3.175401687622070312e-02,4.070700332522392273e-02,-8.393797278404235840e-02,3.641365468502044678e-02,-4.728599637746810913e-02,7.073873281478881836e-02
