1.000000000000000000e+00,2.096305638551712036e-01,6.701181530952453613e-01,3.559262454509735107e-01,4.537715017795562744e-01,1.138348653912544250e-01,6.978608965873718262e-01,1.215454563498497009e-01,4.443385601043701172e-01,5.670067667961120605e-02,4.743186235427856445e-01,2.117139101028442383e-01,5.005593895912170410e-01,-1.108354702591896057e-02,4.226965606212615967e-01,-1.777257188223302364e-03,3.738608658313751221e-01,1.187543664127588272e-02,5.672094821929931641e-01,4.702727496623992920e-01,1.002293154597282410e-01,8.109193295240402222e-02,2.290243059396743774e-01,4.856970310211181641e-01,1.520231217145919800e-01,1.849734485149383545e-01,1.244908720254898071e-01,1.353410035371780396e-01,1.508910059928894043e-01,-3.414629027247428894e-02,2.299416214227676392e-01,2.749393284320831299e-01,3.976418077945709229e-01,3.909904360771179199e-01,2.016951739788055420e-01,6.833461672067642212e-02,1.798160970211029053e-01,-2.390990848653018475e-04,1.328578889369964600e-01,-6.374049931764602661e-02,-1.515747010707855225e-01,1.105357520282268524e-02,7.729780673980712891e-02,-7.854381948709487915e-02,4.764473065733909607e-03,-3.200184404850006104e-01,1.203965768218040466e-01,-1.107860654592514038e-01,-7.449352741241455078e-02,-2.585296034812927246e-01,-1.268605589866638184e-01,-2.652415335178375244e-01,1.432724744081497192e-01,-1.596740931272506714e-01,2.315202355384826660e-01,-8.070586621761322021e-02,7.169778347015380859e-01,1.252954751253128052e-01,4.053480327129364014e-01,-6.093057245016098022e-02,5.250778198242187500e-01,2.878083288669586182e-02,4.290750324726104736e-01,-3.986649587750434875e-02,1.321142315864562988e-01,-9.398872405290603638e-02,2.977548837661743164e-01,-5.113030225038528442e-02,4.208487570285797119e-01,1.449969708919525146e-01,9.148074686527252197e-02,1.211353465914726257e-01,2.597083747386932373e-01,6.101412698626518250e-02,2.911086380481719971e-01,1.613414101302623749e-02,2.882441282272338867e-01,1.471718549728393555e-01,-1.957117766141891479e-02,-9.347697347402572632e-02,2.393864244222640991e-01,-6.414852291345596313e-02,6.612419337034225464e-02,-1.586215756833553314e-02,2.661864459514617920e-01,-1.938256621360778809e-01,1.152466237545013428e-01,2.359608374536037445e-02,2.788991332054138184e-01,-2.058772742748260498e-01,2.128636538982391357e-01,8.209548890590667725e-02,3.657828271389007568e-01,8.582355082035064697e-02,-7.201898097991943359e-02,-4.184139147400856018e-02,-3.801759704947471619e-02,-3.652789443731307983e-02,1.269585937261581421e-01,1.035021543502807617e-01,2.985031902790069580e-01,2.376766055822372437e-01,2.279345542192459106e-01,3.249006867408752441e-01,1.496932804584503174e-01,2.194993942975997925e-01,-6.077361758798360825e-03,1.518272608518600464e-01,-5.813755467534065247e-02,-6.429665535688400269e-02,-1.326061971485614777e-02,4.159390181303024292e-02,9.100716561079025269e-02,3.364422023296356201e-01,1.381468027830123901e-01,5.870550498366355896e-02
2.096305638551712036e-01,1.000000000000000000e+00,8.980766683816909790e-02,5.986193418502807617e-01,-2.465940117835998535e-01,1.247593108564615250e-02,-1.801324822008609772e-02,5.434437990188598633e-01,-2.419815808534622192e-01,2.479601837694644928e-02,-4.077402055263519287e-01,3.923546075820922852e-01,-3.966961205005645752e-01,2.537291646003723145e-01,-3.751952350139617920e-01,5.576568469405174255e-02,-3.786711394786834717e-01,4.248173236846923828e-01,4.625367224216461182e-01,1.838807165622711182e-01,-1.415247935801744461e-02,-4.325291514396667480e-02,3.851554095745086670e-01,-1.090276241302490234e-01,-7.107424736022949219e-02,-1.677487939596176147e-01,-7.992685586214065552e-02,-4.835622012615203857e-02,-3.972748517990112305e-01,7.299044728279113770e-02,7.080036215484142303e-03,-6.132419034838676453e-02,4.327969253063201904e-02,-6.751404702663421631e-02,-3.077662587165832520e-01,-2.177710384130477905e-01,-1.846206337213516235e-01,1.927261203527450562e-01,-1.986388862133026123e-01,1.332776099443435669e-01,1.098495423793792725e-01,1.079810857772827148e-01,-3.666289448738098145e-01,-1.191493496298789978e-01,-2.092785388231277466e-01,-2.135211527347564697e-01,-8.167119324207305908e-02,1.432620137929916382e-01,2.218922972679138184e-02,1.529276818037033081e-01,-5.221188813447952271e-02,1.175963953137397766e-01,4.236424714326858521e-02,1.788486689329147339e-01,-3.136669993400573730e-01,3.492183089256286621e-01,4.935559034347534180e-01,8.319704532623291016e-01,5.612002611160278320e-01,6.448585987091064453e-01,2.185314744710922241e-01,6.386974453926086426e-01,-2.938669621944427490e-01,6.372604370117187500e-01,-4.443553388118743896e-01,3.708761036396026611e-01,4.577506184577941895e-01,1.054969131946563721e-01,6.093281507492065430e-01,4.950986206531524658e-01,-6.326267123222351074e-02,-7.547377049922943115e-02,-2.417906820774078369e-01,9.497543424367904663e-02,-1.873018592596054077e-01,9.060657583177089691e-03,-8.472075313329696655e-02,-3.311713784933090210e-02,-3.337914049625396729e-01,7.950905710458755493e-02,-1.474088728427886963e-01,5.300408005714416504e-01,-7.387620955705642700e-02,1.386848241090774536e-01,-3.803760707378387451e-01,4.975701868534088135e-01,-2.113039046525955200e-01,3.090905211865901947e-02,-4.894129037857055664e-01,4.368233978748321533e-01,3.773114383220672607e-01,2.686465978622436523e-01,2.984922528266906738e-01,1.267726570367813110e-01,-5.118115246295928955e-02,-2.564982697367668152e-02,-1.268679797649383545e-01,5.602217838168144226e-02,7.498790323734283447e-02,1.793871819972991943e-01,1.654800176620483398e-01,3.594456613063812256e-02,2.223186641931533813e-01,1.494878083467483521e-01,-3.701634006574749947e-03,1.783366650342941284e-01,-1.131792664527893066e-01,-1.747090965509414673e-01,7.564783841371536255e-02,-5.265226215124130249e-02,1.343922503292560577e-02,2.583905868232250214e-02,-4.007777199149131775e-02,1.760397106409072876e-01,-3.057361021637916565e-02,-1.308300811797380447e-02
6.701181530952453613e-01,8.980766683816909790e-02,1.000000000000000000e+00,4.813991189002990723e-01,5.300939679145812988e-01,2.331220358610153198e-01,8.068529963493347168e-01,1.774685531854629517e-01,5.129711031913757324e-01,1.562777459621429443e-01,5.046329498291015625e-01,1.381060779094696045e-01,5.392199158668518066e-01,4.548778012394905090e-02,3.968864381313323975e-01,9.021314233541488647e-02,3.062293529510498047e-01,-9.970211237668991089e-02,5.774194598197937012e-01,5.288982391357421875e-01,1.008111014962196350e-01,1.116432696580886841e-01,4.754316806793212891e-01,7.069391608238220215e-01,4.058494865894317627e-01,3.295925557613372803e-01,1.813032925128936768e-01,2.176516205072402954e-01,1.783078014850616455e-01,8.546957746148109436e-03,3.973853290081024170e-01,3.944252729415893555e-01,3.420847654342651367e-01,4.620404839515686035e-01,1.859773397445678711e-01,5.610908195376396179e-02,2.694149315357208252e-01,2.342163585126399994e-02,1.803287267684936523e-01,-4.118808358907699585e-02,-1.734466552734375000e-01,-5.899030715227127075e-02,1.791039109230041504e-01,-9.949043393135070801e-02,-2.150599099695682526e-02,-3.310118913650512695e-01,1.449296474456787109e-01,-9.429422020912170410e-02,-2.171026170253753662e-01,-3.209401965141296387e-01,-2.214293032884597778e-01,-3.202315866947174072e-01,-3.769660741090774536e-02,-1.877178102731704712e-01,2.303555756807327271e-01,-4.888871312141418457e-02,4.776906669139862061e-01,4.518842324614524841e-03,1.572731137275695801e-01,-1.604880839586257935e-01,2.818270623683929443e-01,-1.009724289178848267e-01,2.516606450080871582e-01,-1.080880910158157349e-01,7.540499418973922729e-02,-1.118812859058380127e-01,1.229365542531013489e-01,-9.817872941493988037e-02,1.803567111492156982e-01,-6.171129271388053894e-02,3.349575698375701904e-01,3.591024875640869141e-01,2.684371173381805420e-01,7.780992239713668823e-02,2.764258682727813721e-01,5.842106789350509644e-02,3.172329366207122803e-01,2.428558170795440674e-01,-2.226528711616992950e-02,-1.154691800475120544e-01,8.788715302944183350e-02,-2.367355376482009888e-01,-1.690762117505073547e-02,2.514373697340488434e-02,1.758383959531784058e-01,-2.718698084354400635e-01,6.286046653985977173e-02,6.796701997518539429e-02,2.660247385501861572e-01,-2.265092432498931885e-01,1.039399504661560059e-01,2.196888923645019531e-01,3.487913608551025391e-01,3.143327236175537109e-01,7.284990698099136353e-02,1.399477422237396240e-01,1.881824135780334473e-01,1.185284107923507690e-01,2.322420179843902588e-01,1.395099014043807983e-01,1.783956438302993774e-01,4.168669283390045166e-01,8.861391246318817139e-02,3.673184812068939209e-01,1.401417106389999390e-01,2.617645263671875000e-01,1.238667890429496765e-01,2.137851417064666748e-01,-6.819330155849456787e-02,1.192021146416664124e-01,2.335521131753921509e-01,2.777377068996429443e-01,2.880485057830810547e-01,3.819595575332641602e-01,3.464997410774230957e-01,1.320877373218536377e-01
3.559262454509735107e-01,5.986193418502807617e-01,4.813991189002990723e-01,1.000000000000000000e+00,1.315722465515136719e-01,3.918029665946960449e-01,3.202301561832427979e-01,7.311768531799316406e-01,9.151516854763031006e-02,3.654763996601104736e-01,-8.638618886470794678e-02,5.402311682701110840e-01,-7.635198533535003662e-02,4.951048791408538818e-01,-7.917354255914688110e-02,3.613305389881134033e-01,-2.146488130092620850e-01,1.953943371772766113e-01,5.944864153861999512e-01,3.678672313690185547e-01,6.708471477031707764e-02,1.600256711244583130e-01,6.052023768424987793e-01,3.657684624195098877e-01,3.256294727325439453e-01,2.740934789180755615e-01,1.887643039226531982e-01,2.895500659942626953e-01,-2.439967393875122070e-01,1.937128603458404541e-01,3.133559823036193848e-01,3.171706199645996094e-01,3.032078966498374939e-02,6.360749155282974243e-02,-2.810569107532501221e-01,-2.883518040180206299e-01,-9.561096876859664917e-02,-7.319244742393493652e-02,-1.033064201474189758e-01,-2.689622342586517334e-02,5.258409306406974792e-02,8.329457044601440430e-02,-2.157530635595321655e-01,-2.334429472684860229e-01,-2.095843106508255005e-01,-3.039344251155853271e-01,-1.140720248222351074e-01,-9.642697125673294067e-02,-1.147228926420211792e-01,-8.417513221502304077e-02,-1.696716099977493286e-01,-1.005486547946929932e-01,-1.135017201304435730e-01,-2.365888468921184540e-02,-1.716601401567459106e-01,1.868412494659423828e-01,4.469151198863983154e-01,5.134199261665344238e-01,4.706766009330749512e-01,3.666838109493255615e-01,2.878401875495910645e-01,3.974500596523284912e-01,-1.356291770935058594e-01,4.145571887493133545e-01,-2.917747795581817627e-01,2.250999659299850464e-01,2.845690250396728516e-01,-4.952806234359741211e-02,3.586505949497222900e-01,1.239029914140701294e-01,3.826979175209999084e-02,1.230530440807342529e-01,-2.770206425338983536e-03,2.497028559446334839e-01,-2.279859781265258789e-02,1.262768507003784180e-01,-4.582960531115531921e-02,-1.224385201930999756e-01,-3.255760669708251953e-01,1.769493706524372101e-02,-1.778501272201538086e-01,1.681548655033111572e-01,-1.320589333772659302e-01,2.198669463396072388e-01,-2.486406415700912476e-01,1.847874671220779419e-01,-9.000957757234573364e-02,2.764577567577362061e-01,-2.380615621805191040e-01,2.267489433288574219e-01,3.092112541198730469e-01,2.932004928588867188e-01,4.250868856906890869e-01,2.499315887689590454e-01,-1.336096823215484619e-01,-8.123178780078887939e-02,-1.204855144023895264e-01,-3.310499712824821472e-02,1.188237369060516357e-01,5.927463620901107788e-02,2.029367089271545410e-01,1.958467364311218262e-01,1.470474898815155029e-01,1.575933694839477539e-01,1.279070321470499039e-02,1.119078323245048523e-01,-7.753954827785491943e-02,-1.927127093076705933e-01,9.776587598025798798e-03,-1.389735043048858643e-01,-3.706666408106684685e-03,9.368528425693511963e-02,8.210162073373794556e-02,2.013577669858932495e-01,6.141347065567970276e-02,2.596964500844478607e-02
4.537715017795562744e-01,-2.465940117835998535e-01,5.300939679145812988e-01,1.315722465515136719e-01,1.000000000000000000e+00,4.285841882228851318e-01,6.007435321807861328e-01,-8.980914205312728882e-02,7.956750392913818359e-01,3.237518668174743652e-01,6.294771432876586914e-01,5.893749743700027466e-02,6.962342262268066406e-01,2.221406251192092896e-02,7.482275366783142090e-01,2.204463332891464233e-01,5.148768424987792969e-01,-1.734789609909057617e-01,1.935595273971557617e-01,2.286744564771652222e-01,1.471422016620635986e-01,2.697220146656036377e-01,1.116713732481002808e-01,5.788331627845764160e-01,4.694562256336212158e-01,5.097956061363220215e-01,5.082553625106811523e-01,4.991806149482727051e-01,3.872824311256408691e-01,1.221286877989768982e-01,3.366090059280395508e-01,4.182073473930358887e-01,2.339013516902923584e-01,3.260302245616912842e-01,3.705327212810516357e-01,1.547120511531829834e-01,4.483578801155090332e-01,-5.721648409962654114e-02,3.322138786315917969e-01,-2.789255790412425995e-02,-1.306572407484054565e-01,1.134966909885406494e-01,3.285745084285736084e-01,4.099128022789955139e-02,1.833004653453826904e-01,-1.984138041734695435e-01,2.330692559480667114e-01,-1.282237917184829712e-01,-1.315181851387023926e-01,-2.698232531547546387e-01,-1.389517486095428467e-01,-2.999261021614074707e-01,-2.239142172038555145e-02,-2.261052429676055908e-01,3.947049379348754883e-01,-1.929949522018432617e-01,1.948061287403106689e-01,-3.281556367874145508e-01,-1.171365529298782349e-01,-5.292767286300659180e-01,1.227393150329589844e-01,-3.605415821075439453e-01,3.154349923133850098e-01,-3.319275677204132080e-01,2.139527946710586548e-01,-2.440083622932434082e-01,-1.136108487844467163e-01,-2.406936734914779663e-01,-2.044082134962081909e-01,-2.614632248878479004e-01,1.976202428340911865e-01,2.970621287822723389e-01,4.892164468765258789e-01,2.010251432657241821e-01,5.134724378585815430e-01,2.011290639638900757e-01,3.738775253295898438e-01,2.103108912706375122e-01,1.355610340833663940e-01,-7.493709772825241089e-02,2.772926986217498779e-01,-3.005908727645874023e-01,1.593392491340637207e-01,1.146059110760688782e-01,4.498931467533111572e-01,-3.908210992813110352e-01,1.754892915487289429e-01,1.694257557392120361e-01,4.313575029373168945e-01,-4.692787528038024902e-01,-1.440808549523353577e-02,1.548885367810726166e-02,2.853368818759918213e-01,1.572412997484207153e-01,-5.052047222852706909e-02,6.298526376485824585e-02,1.126876622438430786e-01,-6.954528391361236572e-02,1.034532710909843445e-01,2.274892479181289673e-02,1.512000411748886108e-01,3.013919889926910400e-01,-2.066885353997349739e-03,1.932228803634643555e-01,1.283803880214691162e-01,8.560200035572052002e-02,1.473632603883743286e-01,1.657942831516265869e-01,-1.344706565141677856e-01,2.495681634172797203e-03,1.378808170557022095e-01,1.271800547838211060e-01,2.180882841348648071e-01,3.281330168247222900e-01,2.026900500059127808e-01,1.094770058989524841e-01
1.138348653912544250e-01,1.247593108564615250e-02,2.331220358610153198e-01,3.918029665946960449e-01,4.285841882228851318e-01,1.000000000000000000e+00,2.040185928344726562e-01,4.890690743923187256e-01,2.507542669773101807e-01,8.539638519287109375e-01,1.708893626928329468e-01,4.399492144584655762e-01,1.853650361299514771e-01,6.873071193695068359e-01,2.612051069736480713e-01,8.215816617012023926e-01,1.171644702553749084e-01,1.611786521971225739e-02,1.157136708498001099e-01,4.456398636102676392e-02,2.204606533050537109e-01,5.509453415870666504e-01,2.386943250894546509e-01,4.022196233272552490e-01,5.316404700279235840e-01,7.779281735420227051e-01,5.908885598182678223e-01,7.875282168388366699e-01,1.321157366037368774e-01,5.414566993713378906e-01,4.840841889381408691e-01,6.088318824768066406e-01,-7.603474706411361694e-02,8.337172679603099823e-03,-1.563553810119628906e-01,-3.493309020996093750e-01,1.824582517147064209e-01,-3.117550909519195557e-01,1.346175372600555420e-01,5.104167014360427856e-02,1.462084501981735229e-01,3.141750097274780273e-01,-4.311371594667434692e-02,-1.311934292316436768e-01,-5.796533450484275818e-02,-1.516231894493103027e-01,-3.923652321100234985e-02,-1.265584528446197510e-01,-1.322834193706512451e-02,-5.557342618703842163e-02,-7.513783872127532959e-02,-2.233975566923618317e-02,-9.533992409706115723e-02,7.369280606508255005e-02,1.031613051891326904e-01,1.114822551608085632e-01,3.854429721832275391e-02,-5.184721574187278748e-02,-1.490562036633491516e-02,-1.268002241849899292e-01,4.326711967587471008e-02,-5.829909816384315491e-02,1.315401494503021240e-02,1.924092508852481842e-02,-1.280318759381771088e-02,-6.627905368804931641e-02,-6.568481028079986572e-02,-1.822818070650100708e-01,-1.620068401098251343e-01,-1.461048275232315063e-01,8.166067302227020264e-02,3.400534689426422119e-01,3.643552064895629883e-01,6.013528108596801758e-01,3.457823097705841064e-01,2.936163544654846191e-01,7.809215784072875977e-02,-1.274033486843109131e-01,-3.760611638426780701e-02,1.330069154500961304e-01,5.695244297385215759e-02,-8.016573637723922729e-02,6.361396610736846924e-02,5.524616837501525879e-01,3.883283585309982300e-02,-5.060255900025367737e-02,1.886229962110519409e-02,7.398236989974975586e-01,1.493338495492935181e-02,-7.586937397718429565e-02,-1.288764760829508305e-03,8.246526867151260376e-02,1.558991670608520508e-01,8.251059055328369141e-02,-1.155677288770675659e-01,-5.827261880040168762e-02,-5.777809023857116699e-02,-1.587619930505752563e-01,1.585368299856781960e-04,-2.726180106401443481e-02,-1.515463553369045258e-02,3.251757239922881126e-03,-1.449472010135650635e-01,-1.738222539424896240e-01,-1.143395304679870605e-01,-2.184175103902816772e-01,-4.008170962333679199e-02,-2.323232889175415039e-01,-7.831518352031707764e-02,-1.293341517448425293e-01,-6.564189493656158447e-02,3.147222101688385010e-02,6.972546875476837158e-02,4.545722901821136475e-02,-7.737419009208679199e-02,-7.221315987408161163e-03
6.978608965873718262e-01,-1.801324822008609772e-02,8.068529963493347168e-01,3.202301561832427979e-01,6.007435321807861328e-01,2.040185928344726562e-01,1.000000000000000000e+00,5.937790125608444214e-02,5.711628198623657227e-01,1.241590529680252075e-01,6.230846643447875977e-01,7.651288062334060669e-02,6.892355084419250488e-01,-4.486426338553428650e-02,5.220274329185485840e-01,4.311038553714752197e-02,4.192444682121276855e-01,-1.344299614429473877e-01,4.535796642303466797e-01,4.593933224678039551e-01,1.042813509702682495e-01,1.153372973203659058e-01,3.129783570766448975e-01,6.860426068305969238e-01,3.330550193786621094e-01,3.331528007984161377e-01,2.020447701215744019e-01,2.242862582206726074e-01,2.666092216968536377e-01,-3.320432826876640320e-02,3.666438758373260498e-01,4.107019603252410889e-01,3.838079571723937988e-01,4.839871525764465332e-01,3.125472366809844971e-01,1.464938968420028687e-01,3.206049501895904541e-01,-2.411238104104995728e-02,1.871668249368667603e-01,-7.608770579099655151e-02,-2.004471868276596069e-01,-5.041893199086189270e-02,2.834313809871673584e-01,-2.868056856095790863e-02,1.100265756249427795e-01,-2.970350682735443115e-01,2.149153500795364380e-01,-7.394136488437652588e-02,-1.301410347223281860e-01,-2.958193719387054443e-01,-1.552860885858535767e-01,-3.028990924358367920e-01,4.116890579462051392e-02,-1.562776118516921997e-01,3.042588233947753906e-01,-8.649994432926177979e-02,4.678693115711212158e-01,-9.145271033048629761e-02,1.295024305582046509e-01,-2.667782902717590332e-01,3.281495869159698486e-01,-1.544152200222015381e-01,3.505026996135711670e-01,-1.663843095302581787e-01,2.139893770217895508e-01,-1.016616746783256531e-01,1.388839334249496460e-01,-1.009842976927757263e-01,1.269363462924957275e-01,-5.469494313001632690e-02,2.665714025497436523e-01,2.990350723266601562e-01,3.591032028198242188e-01,6.814360618591308594e-02,3.619974851608276367e-01,7.382021099328994751e-02,3.674223721027374268e-01,2.657762765884399414e-01,2.872304804623126984e-02,-1.581547409296035767e-01,1.943931579589843750e-01,-2.470331788063049316e-01,2.168061770498752594e-02,-3.504027845337986946e-03,3.245342373847961426e-01,-3.151162862777709961e-01,4.651740938425064087e-02,4.906895384192466736e-02,3.736250996589660645e-01,-3.157159686088562012e-01,8.130037039518356323e-02,1.330796629190444946e-01,3.192438781261444092e-01,2.520388960838317871e-01,6.207292899489402771e-02,9.552642703056335449e-02,1.502604484558105469e-01,8.045572042465209961e-02,2.390749603509902954e-01,1.245383322238922119e-01,1.559964716434478760e-01,3.880696594715118408e-01,5.871053412556648254e-02,3.542672395706176758e-01,1.462259292602539062e-01,2.372558116912841797e-01,6.710865348577499390e-02,2.043107450008392334e-01,-7.452725619077682495e-02,8.442257344722747803e-02,1.996406763792037964e-01,2.493037879467010498e-01,2.681620717048645020e-01,3.918816745281219482e-01,3.142969012260437012e-01,1.293160766363143921e-01
1.215454563498497009e-01,5.434437990188598633e-01,1.774685531854629517e-01,7.311768531799316406e-01,-8.980914205312728882e-02,4.890690743923187256e-01,5.937790125608444214e-02,1.000000000000000000e+00,-1.885458081960678101e-01,5.083317160606384277e-01,-2.380924373865127563e-01,6.868074536323547363e-01,-2.587230503559112549e-01,7.261983752250671387e-01,-2.300007343292236328e-01,5.521174669265747070e-01,-2.725051641464233398e-01,2.967085838317871094e-01,3.746697306632995605e-01,1.805188953876495361e-01,8.261578530073165894e-02,2.528027892112731934e-01,5.101775527000427246e-01,1.701492220163345337e-01,2.682457268238067627e-01,3.262298703193664551e-01,2.032541334629058838e-01,3.565562367439270020e-01,-2.748678922653198242e-01,3.594586253166198730e-01,3.359272480010986328e-01,3.681202828884124756e-01,-6.949227303266525269e-02,-5.680968239903450012e-02,-4.030237197875976562e-01,-4.154521822929382324e-01,-1.757618039846420288e-01,-1.918436735868453979e-01,-1.506521701812744141e-01,1.508390251547098160e-02,2.040384858846664429e-01,1.888770461082458496e-01,-3.311322629451751709e-01,-2.337571978569030762e-01,-2.648884654045104980e-01,-1.529302299022674561e-01,-2.091806828975677490e-01,-8.529879897832870483e-02,1.442767865955829620e-02,4.461292177438735962e-02,-3.195825591683387756e-02,4.044118151068687439e-02,-7.653903961181640625e-02,1.188295856118202209e-01,-2.175129652023315430e-01,2.548379302024841309e-01,2.803596854209899902e-01,4.769495129585266113e-01,4.210449755191802979e-01,4.308479130268096924e-01,2.596010267734527588e-01,4.257495403289794922e-01,-1.339599937200546265e-01,4.649313092231750488e-01,-1.866542100906372070e-01,2.734492719173431396e-01,2.466152310371398926e-01,2.530464529991149902e-02,2.870435714721679688e-01,1.591752618551254272e-01,-9.081891924142837524e-02,7.152854651212692261e-02,5.083498079329729080e-03,4.102548062801361084e-01,-4.938339442014694214e-02,1.470717489719390869e-01,-1.681968122720718384e-01,-2.838213145732879639e-01,-3.123843371868133545e-01,1.315737962722778320e-01,-1.438834220170974731e-01,2.759149968624114990e-01,-8.584856986999511719e-02,3.886506557464599609e-01,-2.692965567111968994e-01,3.066316843032836914e-01,-7.767481356859207153e-02,4.902393817901611328e-01,-2.793407142162322998e-01,3.944127857685089111e-01,2.208094447851181030e-01,1.772073209285736084e-01,2.165162265300750732e-01,5.794151499867439270e-02,-1.609227359294891357e-01,-1.685798764228820801e-01,-2.238309383392333984e-01,-9.869603812694549561e-02,2.802934683859348297e-02,2.747290182014694437e-06,8.251328766345977783e-02,-3.813653066754341125e-02,5.864767357707023621e-02,-9.359465539455413818e-02,-1.147580370306968689e-01,-8.859738707542419434e-02,-1.851328462362289429e-01,-3.480990231037139893e-01,4.405026510357856750e-02,-2.167239636182785034e-01,-1.601673513650894165e-01,-3.256193175911903381e-02,-4.554656520485877991e-02,-1.841347105801105499e-02,-1.474356055259704590e-01,-9.220048785209655762e-02
4.443385601043701172e-01,-2.419815808534622192e-01,5.129711031913757324e-01,9.151516854763031006e-02,7.956750392913818359e-01,2.507542669773101807e-01,5.711628198623657227e-01,-1.885458081960678101e-01,1.000000000000000000e+00,1.468104571104049683e-01,5.588399767875671387e-01,-8.599268039688467979e-04,6.324388384819030762e-01,-1.309086829423904419e-01,6.956567764282226562e-01,4.001420736312866211e-02,4.573096632957458496e-01,-1.949322074651718140e-01,1.872128248214721680e-01,2.284636646509170532e-01,9.923287481069564819e-02,1.132093891501426697e-01,9.623568505048751831e-02,4.882597923278808594e-01,3.794660270214080811e-01,3.122207224369049072e-01,3.666188120841979980e-01,3.008843064308166504e-01,3.273227810859680176e-01,-1.097756437957286835e-02,2.133941203355789185e-01,2.589353919029235840e-01,2.422582656145095825e-01,2.851334512233734131e-01,3.342892229557037354e-01,1.666556149721145630e-01,3.866595625877380371e-01,1.218163315206766129e-02,2.986638545989990234e-01,-6.171208620071411133e-02,-1.990873813629150391e-01,3.718830645084381104e-02,3.096962869167327881e-01,3.925193473696708679e-02,1.274583190679550171e-01,-1.844213157892227173e-01,2.723318636417388916e-01,-1.161637008190155029e-01,-2.391858249902725220e-01,-3.499742746353149414e-01,-1.812063902616500854e-01,-3.898346722126007080e-01,1.241172011941671371e-02,-3.277446031570434570e-01,3.901464343070983887e-01,-2.334183454513549805e-01,2.078873962163925171e-01,-3.220975100994110107e-01,-1.320262551307678223e-01,-5.671551823616027832e-01,1.022594198584556580e-01,-3.932777941226959229e-01,3.339399397373199463e-01,-3.653520941734313965e-01,1.321916282176971436e-01,-3.304186463356018066e-01,-1.999957412481307983e-01,-2.794569432735443115e-01,-2.044299691915512085e-01,-2.705030739307403564e-01,1.585075408220291138e-01,1.786021590232849121e-01,3.454231619834899902e-01,1.789367757737636566e-02,3.912631273269653320e-01,1.334330737590789795e-01,3.207034468650817871e-01,2.057726681232452393e-01,1.216417625546455383e-01,-1.522554606199264526e-01,2.408068031072616577e-01,-3.367320001125335693e-01,1.182033047080039978e-01,-2.502591535449028015e-02,3.964310586452484131e-01,-4.461211264133453369e-01,1.983624696731567383e-01,-2.999004907906055450e-02,3.735753893852233887e-01,-4.978263676166534424e-01,1.035827323794364929e-01,-7.615941110998392105e-03,3.581269979476928711e-01,1.287299245595932007e-01,-3.001412190496921539e-02,6.923739612102508545e-02,1.449411213397979736e-01,-4.405985772609710693e-02,1.651047468185424805e-01,4.901387542486190796e-02,2.405136972665786743e-01,2.729288935661315918e-01,1.133800670504570007e-01,2.181388735771179199e-01,1.546434611082077026e-01,1.633111387491226196e-01,1.760735958814620972e-01,1.845767945051193237e-01,-1.224899888038635254e-01,6.680028745904564857e-04,1.661545485258102417e-01,1.456896960735321045e-01,2.499214410781860352e-01,3.516094088554382324e-01,2.599988579750061035e-01,1.326254010200500488e-01
5.670067667961120605e-02,2.479601837694644928e-02,1.562777459621429443e-01,3.654763996601104736e-01,3.237518668174743652e-01,8.539638519287109375e-01,1.241590529680252075e-01,5.083317160606384277e-01,1.468104571104049683e-01,1.000000000000000000e+00,9.647811949253082275e-02,4.404519200325012207e-01,1.068995371460914612e-01,7.147127389907836914e-01,1.828221380710601807e-01,8.403889536857604980e-01,7.434921711683273315e-02,3.674816712737083435e-02,7.302162051200866699e-02,2.653035102412104607e-03,2.099696397781372070e-01,5.446649193763732910e-01,1.976654082536697388e-01,3.368352651596069336e-01,4.763853549957275391e-01,7.577039599418640137e-01,5.546380281448364258e-01,7.642019391059875488e-01,1.017653718590736389e-01,5.571696162223815918e-01,4.563066661357879639e-01,5.853826999664306641e-01,-1.355718225240707397e-01,-6.498693674802780151e-02,-2.185983657836914062e-01,-3.924313187599182129e-01,1.351332813501358032e-01,-3.348550498485565186e-01,1.048778071999549866e-01,6.328633427619934082e-02,1.659575551748275757e-01,3.083199262619018555e-01,-8.676699548959732056e-02,-1.339983642101287842e-01,-7.980690151453018188e-02,-1.309209614992141724e-01,-5.846469849348068237e-02,-1.052768975496292114e-01,1.110963802784681320e-02,-3.182882070541381836e-02,-5.537257716059684753e-02,1.744792237877845764e-02,-8.349930495023727417e-02,1.148841902613639832e-01,7.319981604814529419e-02,1.421154886484146118e-01,1.093475520610809326e-02,-2.744740247726440430e-02,-1.150031015276908875e-02,-7.733628898859024048e-02,2.289582416415214539e-02,-2.964923158288002014e-02,-1.863090693950653076e-02,4.815108701586723328e-02,-3.141249716281890869e-02,-4.768812656402587891e-02,-6.121840327978134155e-02,-1.697905063629150391e-01,-1.459783911705017090e-01,-1.169568225741386414e-01,2.991013228893280029e-02,2.937212884426116943e-01,3.235271275043487549e-01,6.079683303833007812e-01,3.064736425876617432e-01,2.741733193397521973e-01,3.372738510370254517e-02,-1.734582632780075073e-01,-4.232667386531829834e-02,1.554403752088546753e-01,4.212365299463272095e-02,-4.108192771673202515e-02,7.470580190420150757e-02,5.702097415924072266e-01,-3.134750062599778175e-03,2.323766238987445831e-03,2.445504255592823029e-02,7.687016725540161133e-01,-2.816615626215934753e-02,-2.125303074717521667e-02,6.863051559776067734e-03,8.107336610555648804e-02,1.224268376827239990e-01,5.795001238584518433e-02,-1.097577437758445740e-01,-7.484009861946105957e-02,-7.576836645603179932e-02,-1.593321114778518677e-01,-5.002557300031185150e-03,-1.949015632271766663e-02,-3.478538244962692261e-02,-4.449776187539100647e-02,-1.507752686738967896e-01,-2.090912461280822754e-01,-1.436704248189926147e-01,-2.403210848569869995e-01,-5.708221718668937683e-02,-2.631150782108306885e-01,-6.510493159294128418e-02,-1.424808204174041748e-01,-1.011535748839378357e-01,8.642336353659629822e-03,4.249497875571250916e-02,4.998994059860706329e-03,-1.012911945581436157e-01,-3.353246487677097321e-03
4.743186235427856445e-01,-4.077402055263519287e-01,5.046329498291015625e-01,-8.638618886470794678e-02,6.294771432876586914e-01,1.708893626928329468e-01,6.230846643447875977e-01,-2.380924373865127563e-01,5.588399767875671387e-01,9.647811949253082275e-02,1.000000000000000000e+00,-5.669972300529479980e-02,7.983993291854858398e-01,-1.088425964117050171e-01,6.512824296951293945e-01,1.228345930576324463e-02,5.866898298263549805e-01,-2.734312713146209717e-01,8.955915272235870361e-02,2.154304981231689453e-01,7.127211242914199829e-02,1.340374648571014404e-01,2.130596525967121124e-02,5.674635171890258789e-01,2.904436886310577393e-01,3.736841976642608643e-01,2.303996235132217407e-01,2.082482129335403442e-01,4.367749392986297607e-01,-4.165446385741233826e-02,2.832044959068298340e-01,3.686560094356536865e-01,3.445266187191009521e-01,4.622617363929748535e-01,4.106663465499877930e-01,2.361465096473693848e-01,3.571803867816925049e-01,-1.015450209379196167e-01,2.402661740779876709e-01,-1.223904713988304138e-01,-2.302919179201126099e-01,-1.088202744722366333e-02,3.719089031219482422e-01,3.006328828632831573e-02,2.077294737100601196e-01,-1.213130727410316467e-01,1.650230735540390015e-01,-1.429783850908279419e-01,1.673224195837974548e-02,-2.074401527643203735e-01,-2.498195320367813110e-02,-2.011932879686355591e-01,7.299346476793289185e-02,-1.432670950889587402e-01,4.225617945194244385e-01,-2.641485929489135742e-01,1.739793419837951660e-01,-4.592821598052978516e-01,-8.891665190458297729e-02,-4.826984405517578125e-01,2.336296141147613525e-01,-3.906193375587463379e-01,5.274631381034851074e-01,-4.194098711013793945e-01,4.603404402732849121e-01,-2.217216938734054565e-01,-1.652736449614167213e-03,-4.091772064566612244e-02,-1.747469156980514526e-01,-2.359089404344558716e-01,2.370499074459075928e-01,2.888995707035064697e-01,4.923591017723083496e-01,7.356098294258117676e-02,4.249529838562011719e-01,1.587255150079727173e-01,3.426190316677093506e-01,2.124823033809661865e-01,1.780933588743209839e-01,-1.302103102207183838e-01,2.805654108524322510e-01,-3.820219039916992188e-01,7.397329062223434448e-02,-4.696749523282051086e-02,5.293613076210021973e-01,-4.397634267807006836e-01,1.038975566625595093e-01,5.368244275450706482e-02,5.803794264793395996e-01,-4.636496007442474365e-01,-1.185990422964096069e-01,-4.353062808513641357e-02,5.802059173583984375e-02,9.175128489732742310e-02,-8.537980727851390839e-03,-2.385544776916503906e-02,6.571831554174423218e-02,-9.040458500385284424e-02,5.481681227684020996e-02,-3.520415350794792175e-02,4.839759320020675659e-03,2.431797683238983154e-01,-1.291181445121765137e-01,1.077137812972068787e-01,2.693656645715236664e-02,-2.024960517883300781e-02,3.888477012515068054e-02,1.887450218200683594e-01,-1.027531549334526062e-01,2.282082848250865936e-02,5.197455361485481262e-02,7.783134281635284424e-02,1.504075527191162109e-01,1.718068271875381470e-01,1.428296267986297607e-01,9.847014397382736206e-02
2.117139101028442383e-01,3.923546075820922852e-01,1.381060779094696045e-01,5.402311682701110840e-01,5.893749743700027466e-02,4.399492144584655762e-01,7.651288062334060669e-02,6.868074536323547363e-01,-8.599268039688467979e-04,4.404519200325012207e-01,-5.669972300529479980e-02,1.000000000000000000e+00,-9.815245866775512695e-02,6.921734809875488281e-01,-1.960997655987739563e-02,4.829502105712890625e-01,2.273361198604106903e-02,4.760720133781433105e-01,2.728085219860076904e-01,1.691711992025375366e-01,1.026839539408683777e-01,2.573140561580657959e-01,4.377386868000030518e-01,1.556112915277481079e-01,3.170380592346191406e-01,3.147583901882171631e-01,2.549505829811096191e-01,3.430845439434051514e-01,-7.968446612358093262e-02,4.377410709857940674e-01,3.558200895786285400e-01,3.736373186111450195e-01,1.616990417242050171e-01,1.128409281373023987e-01,-2.188977301120758057e-01,-2.793369591236114502e-01,-1.411431818269193172e-03,-6.106860563158988953e-02,-4.676260054111480713e-02,1.042586043477058411e-01,1.566249728202819824e-01,2.544278502464294434e-01,-2.583210170269012451e-01,-1.398991942405700684e-01,-2.420638650655746460e-01,-5.010028555989265442e-02,-9.539570659399032593e-02,-3.876036778092384338e-02,2.852319926023483276e-02,-1.330022420734167099e-02,4.234297573566436768e-02,-4.130483139306306839e-03,5.564426258206367493e-02,5.097418650984764099e-02,1.714163832366466522e-02,2.007387280464172363e-01,3.278812766075134277e-01,3.126196265220642090e-01,3.636084794998168945e-01,2.159894406795501709e-01,3.898190855979919434e-01,2.863706648349761963e-01,1.554431468248367310e-01,4.055367112159729004e-01,-1.226963941007852554e-02,1.870507150888442993e-01,2.197455167770385742e-01,8.253581076860427856e-02,2.088944166898727417e-01,1.286496371030807495e-01,-1.114128902554512024e-01,7.571178674697875977e-02,1.636791527271270752e-01,4.826053082942962646e-01,1.001453325152397156e-01,1.769997775554656982e-01,-7.963602244853973389e-02,-1.940370649099349976e-01,-1.029746159911155701e-01,2.654969990253448486e-01,9.708138555288314819e-02,3.301709592342376709e-01,1.299931108951568604e-02,3.495685756206512451e-01,-4.937735944986343384e-02,2.623928487300872803e-01,7.088306546211242676e-02,4.205543100833892822e-01,-1.091114282608032227e-01,3.353570103645324707e-01,2.693835198879241943e-01,4.190725460648536682e-02,2.183472365140914917e-01,-7.523424178361892700e-02,-1.125622615218162537e-01,-1.867230832576751709e-01,-1.962108314037322998e-01,-1.147189363837242126e-01,5.621489882469177246e-02,-1.466602180153131485e-02,1.395965963602066040e-01,-1.584351360797882080e-01,1.047601997852325439e-01,-1.936112940311431885e-01,-7.024855911731719971e-02,-1.032963395118713379e-01,-2.129805684089660645e-01,-3.880265355110168457e-01,3.934092447161674500e-02,-2.096728384494781494e-01,-1.748055517673492432e-01,-6.645610183477401733e-02,-2.692755684256553650e-02,-5.816152319312095642e-03,-2.222779840230941772e-01,-9.160239994525909424e-02
5.005593895912170410e-01,-3.966961205005645752e-01,5.392199158668518066e-01,-7.635198533535003662e-02,6.962342262268066406e-01,1.853650361299514771e-01,6.892355084419250488e-01,-2.587230503559112549e-01,6.324388384819030762e-01,1.068995371460914612e-01,7.983993291854858398e-01,-9.815245866775512695e-02,1.000000000000000000e+00,-1.604413986206054688e-01,6.993973255157470703e-01,5.750514566898345947e-03,6.037703752517700195e-01,-2.638640105724334717e-01,7.862245291471481323e-02,2.222938388586044312e-01,8.940303325653076172e-02,1.393301039934158325e-01,-2.528068423271179199e-02,5.926876664161682129e-01,2.790784537792205811e-01,3.970262110233306885e-01,2.380578517913818359e-01,2.399925589561462402e-01,4.417940378189086914e-01,-5.852383375167846680e-02,2.931090593338012695e-01,4.041832089424133301e-01,3.455239832401275635e-01,4.602918326854705811e-01,4.656434357166290283e-01,2.722561359405517578e-01,4.271225631237030029e-01,-9.789539128541946411e-02,2.524476945400238037e-01,-1.027716845273971558e-01,-2.112331837415695190e-01,-8.642231114208698273e-03,4.464588165283203125e-01,8.196437358856201172e-02,2.966412603855133057e-01,-1.471096277236938477e-01,2.404159307479858398e-01,-9.967950731515884399e-02,2.762038260698318481e-02,-2.038661837577819824e-01,1.871261396445333958e-03,-1.965556740760803223e-01,9.248217195272445679e-02,-1.108336299657821655e-01,4.578631818294525146e-01,-2.231773287057876587e-01,1.960171461105346680e-01,-4.442486763000488281e-01,-1.104623749852180481e-01,-5.348467826843261719e-01,2.236672937870025635e-01,-3.972178399562835693e-01,4.908308386802673340e-01,-4.017456471920013428e-01,4.410573840141296387e-01,-2.172442823648452759e-01,-4.176697693765163422e-03,-9.507258981466293335e-02,-1.614403873682022095e-01,-2.127998024225234985e-01,2.054831236600875854e-01,2.644477784633636475e-01,4.992906153202056885e-01,7.081585377454757690e-02,4.574983119964599609e-01,1.505527794361114502e-01,3.525810837745666504e-01,2.240320444107055664e-01,2.030636221170425415e-01,-1.571683883666992188e-01,3.292203247547149658e-01,-3.471029400825500488e-01,7.707224041223526001e-02,-1.067630294710397720e-02,5.774828195571899414e-01,-4.176742434501647949e-01,7.217842340469360352e-02,5.190114676952362061e-02,6.011972427368164062e-01,-4.721514284610748291e-01,-1.332056075334548950e-01,-1.217329315841197968e-02,7.957725226879119873e-02,1.175486370921134949e-01,-8.556613698601722717e-03,-8.897787192836403847e-04,7.298497855663299561e-02,-5.789338052272796631e-02,1.181724891066551208e-01,1.930550113320350647e-02,-1.039395760744810104e-02,2.822987735271453857e-01,-1.313184052705764771e-01,1.688312590122222900e-01,9.759778529405593872e-02,3.978440165519714355e-02,7.492967694997787476e-02,2.106100767850875854e-01,-1.116127669811248779e-01,1.541954185813665390e-02,8.609282225370407104e-02,1.168847382068634033e-01,1.989562511444091797e-01,2.758012115955352783e-01,1.923182010650634766e-01,1.108571588993072510e-01
