1.000000000000000000e+00,2.838741838932037354e-01,4.660770595073699951e-01,7.094108313322067261e-02,3.046617098152637482e-02,-1.289380490779876709e-01,2.414142042398452759e-01,3.376234695315361023e-02,1.460974961519241333e-01,-1.224174425005912781e-01,5.805239081382751465e-01,2.921325564384460449e-01,2.011720836162567139e-01,5.795376375317573547e-02,9.705852717161178589e-02,-8.254714310169219971e-02,4.862181246280670166e-01,9.034242480993270874e-02,5.269224047660827637e-01,4.220752120018005371e-01,1.016623675823211670e-01,-7.478324323892593384e-02,2.764973938465118408e-01,3.651039674878120422e-02,-7.437815517187118530e-02,-1.279125958681106567e-01,-1.691734790802001953e-02,-1.186654716730117798e-01,2.756251394748687744e-01,1.068881433457136154e-02,-2.838077256456017494e-03,-1.005049794912338257e-01,1.988915950059890747e-01,4.018758609890937805e-02,2.657502191141247749e-03,9.597668051719665527e-02,1.708211451768875122e-01,2.341969013214111328e-01,4.611760750412940979e-02,2.691687345504760742e-01,-2.648806944489479065e-02,1.987810432910919189e-01,1.164792701601982117e-01,-1.500987820327281952e-02,-7.705596089363098145e-02,-7.465510815382003784e-02,8.609075099229812622e-02,1.083096582442522049e-02,1.227442920207977295e-01,-3.822684660553932190e-02,3.376236855983734131e-01,2.677099406719207764e-02,1.900403052568435669e-01,4.245727881789207458e-02,2.416386753320693970e-01,1.616990119218826294e-01,5.060953497886657715e-01,2.957818210124969482e-01,3.602083325386047363e-01,3.431534171104431152e-01,5.305975079536437988e-01,3.674375414848327637e-01,2.038368284702301025e-01,1.329928338527679443e-01,3.498985469341278076e-01,4.228620827198028564e-01,3.456512987613677979e-01,2.210879474878311157e-01,3.954613506793975830e-01,2.903165519237518311e-01,8.082775771617889404e-02,-8.141129463911056519e-02,-2.409248985350131989e-02,-2.548088319599628448e-02,-1.338216811418533325e-01,5.436293315142393112e-03,1.256988048553466797e-01,1.064507588744163513e-01,2.286383807659149170e-01,7.917223870754241943e-02,1.274188458919525146e-01,2.871253788471221924e-01,2.486376762390136719e-01,7.050854712724685669e-02,3.995357155799865723e-01,4.037483930587768555e-01,1.416013538837432861e-01,1.611863821744918823e-02,2.995743751525878906e-01,2.705188691616058350e-01,1.343042105436325073e-01,4.028161764144897461e-01,1.238916665315628052e-01,3.697821497917175293e-01,-2.218085229396820068e-01,-1.936855614185333252e-01,7.579579204320907593e-02,1.854256726801395416e-02,9.388186968863010406e-03,6.686451286077499390e-02,1.821354776620864868e-01,2.502733170986175537e-01,1.372666656970977783e-01,2.702350020408630371e-01,1.173700615763664246e-01,1.483119130134582520e-01,-5.439773574471473694e-02,-3.032306022942066193e-02,3.593759238719940186e-02,-3.012630529701709747e-02,9.988906234502792358e-02,8.337990939617156982e-02,1.272895038127899170e-01,2.633968293666839600e-01,1.512022763490676880e-01,-2.450064942240715027e-02
2.838741838932037354e-01,1.000000000000000000e+00,-4.995050653815269470e-02,-3.588239550590515137e-01,-3.815736174583435059e-01,-4.360255599021911621e-01,-9.911737591028213501e-02,-3.814989626407623291e-01,-2.380641698837280273e-01,-4.240117669105529785e-01,9.327583760023117065e-02,3.379076719284057617e-01,-1.638744473457336426e-01,-3.674234151840209961e-01,-2.107791006565093994e-01,-4.035592973232269287e-01,2.267556488513946533e-01,6.752139329910278320e-01,4.718245267868041992e-01,6.369178891181945801e-01,-6.318704783916473389e-02,-2.550124526023864746e-01,-2.549010217189788818e-01,-4.087987542152404785e-01,-3.546197116374969482e-01,-4.251612722873687744e-01,-3.217098116874694824e-01,-3.904470503330230713e-01,7.051430642604827881e-02,3.608394563198089600e-01,-3.757891356945037842e-01,-4.545153379440307617e-01,2.214334905147552490e-01,3.057110682129859924e-02,-6.111998111009597778e-02,-6.051561981439590454e-02,1.497067064046859741e-01,3.786532878875732422e-01,4.247061908245086670e-02,2.480215877294540405e-01,-8.124155551195144653e-02,2.968445718288421631e-01,1.051299050450325012e-01,-1.135146990418434143e-01,1.346348375082015991e-01,2.103087902069091797e-01,1.949075311422348022e-01,3.545869886875152588e-02,1.789887696504592896e-01,2.483518868684768677e-01,3.423969447612762451e-01,3.313384354114532471e-01,1.140501126646995544e-01,2.909553945064544678e-01,2.595769762992858887e-01,4.144972264766693115e-01,6.511365175247192383e-01,8.163889050483703613e-01,5.543435811996459961e-01,5.288051962852478027e-01,4.370401203632354736e-01,1.868559420108795166e-01,4.611560404300689697e-01,5.065253973007202148e-01,1.259986460208892822e-01,-3.427117690443992615e-02,3.233540058135986328e-01,2.296033948659896851e-01,6.453106999397277832e-01,5.889933109283447266e-01,-1.999276727437973022e-01,-3.159930109977722168e-01,-2.214974611997604370e-01,2.186295986175537109e-01,-6.125133857131004333e-02,5.162172392010688782e-02,1.923465542495250702e-02,3.297338187694549561e-01,2.129213511943817139e-01,5.158759951591491699e-01,3.589909672737121582e-01,5.986227393150329590e-01,8.148680627346038818e-02,-7.652813941240310669e-02,3.228155374526977539e-01,3.226936757564544678e-01,-1.424441933631896973e-01,-2.037321776151657104e-01,-5.845121294260025024e-02,2.794002890586853027e-01,-1.825160086154937744e-01,1.126294732093811035e-01,-1.947689056396484375e-01,3.826022520661354065e-02,-1.801712661981582642e-01,-1.272287368774414062e-01,1.343531310558319092e-01,7.958496361970901489e-02,1.543020084500312805e-02,1.219954788684844971e-01,3.254583850502967834e-02,1.691256910562515259e-01,2.440910190343856812e-01,3.329390883445739746e-01,2.197223752737045288e-01,6.810875982046127319e-02,9.776136279106140137e-02,-2.020213566720485687e-02,1.337138190865516663e-02,-8.263891935348510742e-02,1.403012871742248535e-01,1.832647770643234253e-01,-2.803250588476657867e-02,3.101122975349426270e-01,6.295125186443328857e-02,-7.544207572937011719e-02
4.660770595073699951e-01,-4.995050653815269470e-02,1.000000000000000000e+00,4.224420189857482910e-01,3.996532857418060303e-01,2.912234961986541748e-01,5.343720316886901855e-01,2.772777676582336426e-01,3.147225081920623779e-01,2.881411015987396240e-01,4.834768474102020264e-01,-1.274594515562057495e-01,3.820608258247375488e-01,3.041426241397857666e-01,2.895318865776062012e-01,3.250642716884613037e-01,8.550021797418594360e-02,-2.526553571224212646e-01,2.352784126996994019e-01,8.953683078289031982e-02,1.326920539140701294e-01,1.917214542627334595e-01,7.069713473320007324e-01,5.018234252929687500e-01,4.762862920761108398e-01,3.304423391819000244e-01,4.081578552722930908e-01,3.019604086875915527e-01,4.994052276015281677e-02,-1.921064108610153198e-01,3.594045341014862061e-01,3.194351494312286377e-01,-3.512287139892578125e-02,-1.576461642980575562e-02,7.597305625677108765e-02,-2.661796100437641144e-02,9.639810025691986084e-02,-1.248640790581703186e-01,4.221716895699501038e-02,-2.402718178927898407e-03,8.504136651754379272e-02,-9.770233184099197388e-03,-3.715294599533081055e-02,-8.651211857795715332e-02,-1.832264959812164307e-01,-2.239295989274978638e-01,-9.097525477409362793e-02,-1.133776754140853882e-01,-1.313440650701522827e-01,-1.817479133605957031e-01,1.432453542947769165e-01,-7.108573615550994873e-02,-1.468045450747013092e-02,-2.674958668649196625e-02,-8.079770952463150024e-03,-9.234406799077987671e-02,1.470123231410980225e-01,-5.002714321017265320e-02,-2.598617970943450928e-02,-4.530859738588333130e-02,8.955816924571990967e-02,-1.185461282730102539e-01,-1.836280226707458496e-01,-3.682510256767272949e-01,1.209978014230728149e-01,1.780234575271606445e-01,1.311162263154983521e-01,-7.107095420360565186e-02,1.143511459231376648e-01,7.538548856973648071e-02,3.179515600204467773e-01,1.530084758996963501e-01,1.847872883081436157e-01,-1.186554655432701111e-01,3.583167865872383118e-02,-2.705607376992702484e-02,1.224906882271170616e-03,-1.795269846916198730e-01,-1.112219169735908508e-01,-2.645427286624908447e-01,-1.497203856706619263e-01,-1.529326438903808594e-01,3.660637438297271729e-01,3.069220185279846191e-01,4.066874384880065918e-01,1.564705371856689453e-01,3.583072721958160400e-01,3.136281967163085938e-01,4.100895226001739502e-01,-1.822615414857864380e-02,1.644076704978942871e-01,4.246681630611419678e-01,1.047109812498092651e-01,3.784457147121429443e-01,-1.795536428689956665e-01,-1.852544397115707397e-01,-8.665977045893669128e-03,-1.235665604472160339e-01,-8.469085395336151123e-02,-6.292795389890670776e-02,-1.027085706591606140e-01,-3.310038149356842041e-02,-8.952472358942031860e-02,-5.363736301660537720e-03,-7.613947242498397827e-02,1.377498954534530640e-01,-1.479079574346542358e-01,-1.470523029565811157e-01,-7.944522053003311157e-02,-1.436715871095657349e-01,1.489401608705520630e-02,-4.786356538534164429e-02,1.369110960513353348e-02,1.811309903860092163e-02,6.094714161008596420e-03,-5.807368084788322449e-02
7.094108313322067261e-02,-3.588239550590515137e-01,4.224420189857482910e-01,1.000000000000000000e+00,6.523705124855041504e-01,8.060783743858337402e-01,3.983874619007110596e-01,8.732818365097045898e-01,3.708352148532867432e-01,7.914266586303710938e-01,1.821877658367156982e-01,1.004655957221984863e-01,3.304178118705749512e-01,8.409783840179443359e-01,3.034049570560455322e-01,7.778953313827514648e-01,2.327751927077770233e-02,-5.033808946609497070e-01,-1.061159446835517883e-01,-1.048621907830238342e-01,3.627046942710876465e-01,4.406040310859680176e-01,6.059567928314208984e-01,8.667690753936767578e-01,6.788749098777770996e-01,7.910300493240356445e-01,6.347087621688842773e-01,7.249183058738708496e-01,1.916044652462005615e-01,-5.170083418488502502e-02,6.900020837783813477e-01,8.219803571701049805e-01,-1.794731020927429199e-01,1.787332594394683838e-01,-1.304905563592910767e-01,-2.140695601701736450e-01,-1.100740432739257812e-01,-6.329815387725830078e-01,-2.161179780960083008e-01,-4.631936550140380859e-01,6.887387484312057495e-03,-4.150955975055694580e-01,-2.150522023439407349e-01,-2.743469364941120148e-02,-2.199797481298446655e-01,-2.537955939769744873e-01,-3.379634618759155273e-01,-2.461696714162826538e-01,-1.917631626129150391e-01,-2.027537971735000610e-01,-2.633871436119079590e-01,-2.057154625654220581e-01,-1.605693101882934570e-01,-1.770102828741073608e-01,-3.107863962650299072e-01,-4.196711480617523193e-01,-1.343623995780944824e-01,-3.352320790290832520e-01,-3.316042423248291016e-01,-2.157941609621047974e-01,-1.812635213136672974e-01,-1.166021749377250671e-01,-1.584912985563278198e-01,-3.167749345302581787e-01,-1.031899005174636841e-01,9.330204874277114868e-02,-3.904664516448974609e-01,-4.084736108779907227e-01,-1.946458071470260620e-01,-1.154825687408447266e-01,4.024222791194915771e-01,5.804291963577270508e-01,4.698653519153594971e-01,-1.201260089874267578e-01,1.922239959239959717e-01,-3.436024487018585205e-02,-2.193500548601150513e-01,-5.948608517646789551e-01,-4.880032315850257874e-02,-5.041937232017517090e-01,-1.691291481256484985e-01,-5.220513343811035156e-01,1.218496561050415039e-01,5.727161765098571777e-01,-1.111370772123336792e-01,-1.646577417850494385e-01,3.186133205890655518e-01,5.602488517761230469e-01,1.119009405374526978e-01,-2.059808075428009033e-01,7.683641463518142700e-02,-1.221379172056913376e-02,1.005393341183662415e-01,-1.820099726319313049e-02,-2.517589330673217773e-01,-2.914355993270874023e-01,-3.935008347034454346e-01,-4.363379776477813721e-01,-1.980764716863632202e-01,-3.514172136783599854e-01,-8.777941018342971802e-02,-1.297091245651245117e-01,-1.453491151332855225e-01,-2.345715314149856567e-01,-3.456834256649017334e-01,-3.064755201339721680e-01,-1.819525957107543945e-01,-1.936510354280471802e-01,-1.528818011283874512e-01,-3.357670605182647705e-01,-3.454314768314361572e-01,-2.758606374263763428e-01,-1.019227653741836548e-01,-3.703522682189941406e-01,-2.926250100135803223e-01,-2.642310261726379395e-01
3.046617098152637482e-02,-3.815736174583435059e-01,3.996532857418060303e-01,6.523705124855041504e-01,1.000000000000000000e+00,7.472805976867675781e-01,1.837568581104278564e-01,5.952763557434082031e-01,6.739079356193542480e-01,6.903725862503051758e-01,1.017708107829093933e-01,-1.370850205421447754e-02,1.920268684625625610e-01,6.796497702598571777e-01,4.744700491428375244e-01,7.448688745498657227e-01,8.684694766998291016e-02,-4.879035651683807373e-01,-1.153075546026229858e-01,-1.277993172407150269e-01,3.949916362762451172e-01,7.257477641105651855e-01,6.060355305671691895e-01,6.828153729438781738e-01,7.492051124572753906e-01,7.494054436683654785e-01,8.191381692886352539e-01,8.349753618240356445e-01,5.510675907135009766e-02,3.393602371215820312e-02,6.800416707992553711e-01,6.907224655151367188e-01,4.873069003224372864e-02,2.693321406841278076e-01,7.204601168632507324e-02,-5.539867654442787170e-02,7.988296449184417725e-02,-4.818029403686523438e-01,6.763992458581924438e-02,-2.765095829963684082e-01,-4.696871340274810791e-02,-4.308531880378723145e-01,-9.548236429691314697e-02,2.338356524705886841e-02,-8.100258558988571167e-02,-2.175498902797698975e-01,-2.029198408126831055e-01,-2.074598819017410278e-01,-1.575966775417327881e-01,-1.987387686967849731e-01,-2.925196886062622070e-01,-2.709833979606628418e-01,-2.286578267812728882e-01,-3.494410514831542969e-01,-1.608530580997467041e-01,-4.246372282505035400e-01,-1.741375029087066650e-01,-3.753199577331542969e-01,-3.485209047794342041e-01,-3.674727380275726318e-01,-1.799405515193939209e-01,-2.066612839698791504e-01,-2.160935550928115845e-01,-3.731585443019866943e-01,2.010186202824115753e-02,4.069397971034049988e-02,-2.197500765323638916e-01,-2.661627531051635742e-01,-1.901175677776336670e-01,-1.309978514909744263e-01,5.590595602989196777e-01,5.354107022285461426e-01,4.580379724502563477e-01,-1.777354776859283447e-01,2.885057330131530762e-01,3.051573038101196289e-01,4.585949704051017761e-02,-3.758144080638885498e-01,-4.724034667015075684e-02,-4.861569106578826904e-01,-1.882800757884979248e-01,-5.660163760185241699e-01,2.494015544652938843e-01,4.157348573207855225e-01,-7.120793312788009644e-02,-1.725296378135681152e-01,5.556426048278808594e-01,6.803438067436218262e-01,3.049186766147613525e-01,-1.490525007247924805e-01,1.201345100998878479e-01,1.056909114122390747e-01,1.529011577367782593e-01,1.560538411140441895e-01,-2.180035412311553955e-01,-2.781080901622772217e-01,-2.153957635164260864e-01,-2.561559081077575684e-01,-8.848190307617187500e-03,-1.471415013074874878e-01,-1.214650273323059082e-01,-1.014498770236968994e-01,-2.220231443643569946e-01,-2.227920144796371460e-01,-2.456230521202087402e-01,-1.340552270412445068e-01,-1.779457777738571167e-01,-1.305067092180252075e-01,-9.158070385456085205e-02,-1.962177157402038574e-01,-1.574355661869049072e-01,-7.688571512699127197e-02,7.121620327234268188e-02,-2.458703815937042236e-01,-1.527094244956970215e-01,-1.658194959163665771e-01
-1.289380490779876709e-01,-4.360255599021911621e-01,2.912234961986541748e-01,8.060783743858337402e-01,7.472805976867675781e-01,1.000000000000000000e+00,2.276547104120254517e-01,7.914372682571411133e-01,3.982803225517272949e-01,9.063809514045715332e-01,9.563526511192321777e-02,-6.228199601173400879e-02,2.753924429416656494e-01,8.388172388076782227e-01,4.124454259872436523e-01,8.931552767753601074e-01,-1.430994551628828049e-02,-5.706279873847961426e-01,-2.428282499313354492e-01,-2.486799359321594238e-01,4.186140596866607666e-01,6.087915301322937012e-01,5.024457573890686035e-01,8.131459951400756836e-01,7.886029481887817383e-01,9.077622294425964355e-01,7.564598321914672852e-01,8.586885333061218262e-01,1.873067617416381836e-01,-1.457053422927856445e-02,7.189174294471740723e-01,8.851922750473022461e-01,-1.747854650020599365e-01,1.993931978940963745e-01,-1.065528169274330139e-01,-2.605693936347961426e-01,-5.462487787008285522e-02,-7.030578255653381348e-01,-1.680030077695846558e-01,-5.188075304031372070e-01,1.222729682922363281e-02,-4.672501981258392334e-01,-2.212506681680679321e-01,-2.002534456551074982e-02,-1.741929352283477783e-01,-2.237415760755538940e-01,-3.130045533180236816e-01,-2.158028632402420044e-01,-2.001381069421768188e-01,-1.790452152490615845e-01,-3.567516803741455078e-01,-2.076345533132553101e-01,-2.077228277921676636e-01,-2.237779498100280762e-01,-3.060059845447540283e-01,-4.701649248600006104e-01,-2.233635038137435913e-01,-4.147792756557464600e-01,-4.214571714401245117e-01,-3.487627208232879639e-01,-3.432596921920776367e-01,-3.651065826416015625e-01,-1.764955967664718628e-01,-3.676472008228302002e-01,-2.390399426221847534e-01,-1.630055606365203857e-01,-4.876023232936859131e-01,-5.119313001632690430e-01,-2.817051708698272705e-01,-1.835387051105499268e-01,5.076978802680969238e-01,6.979805231094360352e-01,5.421788692474365234e-01,-7.797676324844360352e-02,2.450031042098999023e-01,-5.593450739979743958e-03,-2.222399711608886719e-01,-6.853634119033813477e-01,-4.969344288110733032e-02,-5.930723547935485840e-01,-1.510751992464065552e-01,-6.511731147766113281e-01,1.651717424392700195e-01,6.183466315269470215e-01,-1.876471191644668579e-01,-3.712709546089172363e-01,3.508792817592620850e-01,6.587908864021301270e-01,5.433152243494987488e-02,-3.442602753639221191e-01,5.876481882296502590e-04,-7.804428786039352417e-02,-2.556321211159229279e-02,-1.238323673605918884e-01,-1.744232326745986938e-01,-2.517515122890472412e-01,-3.545412421226501465e-01,-4.302485287189483643e-01,-1.751920282840728760e-01,-3.285181820392608643e-01,-2.324648201465606689e-01,-2.171695083379745483e-01,-2.295445650815963745e-01,-3.289939761161804199e-01,-4.468304514884948730e-01,-3.556720316410064697e-01,-1.684387475252151489e-01,-2.162009030580520630e-01,-1.226047202944755554e-01,-2.579921185970306396e-01,-3.187516629695892334e-01,-2.402031421661376953e-01,-1.406537294387817383e-01,-4.554739892482757568e-01,-3.749906718730926514e-01,-2.235803306102752686e-01
2.414142042398452759e-01,-9.911737591028213501e-02,5.343720316886901855e-01,3.983874619007110596e-01,1.837568581104278564e-01,2.276547104120254517e-01,1.000000000000000000e+00,3.823819458484649658e-01,1.931402534246444702e-01,2.243936955928802490e-01,3.553043305873870850e-01,1.875231713056564331e-01,6.263042688369750977e-01,2.704012989997863770e-01,2.124092876911163330e-01,2.165652364492416382e-01,5.725778755731880665e-04,-6.654090434312820435e-02,3.069983124732971191e-01,1.285089403390884399e-01,9.224209189414978027e-02,7.507386617362499237e-03,4.384639263153076172e-01,3.980987370014190674e-01,1.951962709426879883e-01,2.147881835699081421e-01,6.608374416828155518e-02,1.173274293541908264e-01,3.155340254306793213e-01,1.282310634851455688e-01,4.127273857593536377e-01,2.946038842201232910e-01,1.409826129674911499e-01,2.490761876106262207e-01,1.996989175677299500e-02,-5.361938104033470154e-02,-1.103627830743789673e-01,-2.266767174005508423e-01,-1.022736057639122009e-01,-1.550597399473190308e-01,1.248675584793090820e-01,3.742452338337898254e-02,-4.391876608133316040e-02,3.350676037371158600e-03,-4.390530288219451904e-02,-7.762608677148818970e-02,-1.682980731129646301e-02,-5.427573993802070618e-02,-1.143773868680000305e-01,-1.599425971508026123e-01,-6.995613873004913330e-02,-6.304715573787689209e-02,1.184752732515335083e-01,4.383999481797218323e-02,-3.342729061841964722e-02,-3.729858249425888062e-02,-1.193476691842079163e-01,-1.029140278697013855e-01,9.149983088718727231e-05,-6.724678725004196167e-02,1.432770639657974243e-01,1.184888407588005066e-01,2.314208634197711945e-02,-4.827390238642692566e-02,3.171801567077636719e-01,8.053513616323471069e-02,1.366698741912841797e-02,-9.738761931657791138e-02,-9.158823639154434204e-02,-3.302837535738945007e-02,2.079706192016601562e-01,1.921693384647369385e-01,2.411063760519027710e-01,1.472035497426986694e-01,1.685626506805419922e-01,-5.567534640431404114e-02,4.055685549974441528e-02,-1.229422688484191895e-01,-1.211070343852043152e-01,-1.745547056198120117e-01,-1.029710248112678528e-01,-1.640271246433258057e-01,1.879422366619110107e-01,2.876753807067871094e-01,1.189807355403900146e-01,-6.720396131277084351e-02,4.099478945136070251e-02,5.717595666646957397e-02,1.254714578390121460e-01,-5.536689981818199158e-02,2.108017951250076294e-01,2.351808845996856689e-01,1.491693109273910522e-01,1.612987369298934937e-01,-1.700983643531799316e-01,-1.786150187253952026e-01,-2.239574678242206573e-02,-7.642950117588043213e-02,1.403341293334960938e-01,5.221107602119445801e-02,1.635765135288238525e-01,1.715561896562576294e-01,1.705105304718017578e-01,1.217243596911430359e-01,-7.314429432153701782e-02,-1.104859262704849243e-01,-1.558701246976852417e-01,-1.432266384363174438e-01,-1.982865482568740845e-02,-9.018123149871826172e-02,4.562826082110404968e-02,4.517716169357299805e-02,1.063947379589080811e-01,3.469446301460266113e-02,2.331991493701934814e-02,-2.297540754079818726e-02
3.376234695315361023e-02,-3.814989626407623291e-01,2.772777676582336426e-01,8.732818365097045898e-01,5.952763557434082031e-01,7.914372682571411133e-01,3.823819458484649658e-01,1.000000000000000000e+00,3.064024746417999268e-01,7.773054838180541992e-01,1.389523595571517944e-01,2.049772888422012329e-01,3.560293316841125488e-01,8.475905656814575195e-01,3.059573471546173096e-01,7.511075139045715332e-01,6.517468392848968506e-02,-4.611162543296813965e-01,-1.063515692949295044e-01,-1.280085742473602295e-01,3.665859997272491455e-01,3.954343199729919434e-01,5.123788714408874512e-01,8.118556737899780273e-01,6.073205471038818359e-01,7.591123580932617188e-01,5.562562942504882812e-01,6.798655390739440918e-01,3.142153918743133545e-01,3.520511090755462646e-02,6.950969696044921875e-01,8.147932291030883789e-01,-1.295067220926284790e-01,2.240442037582397461e-01,-1.233247071504592896e-01,-2.139180600643157959e-01,-1.148225143551826477e-01,-6.360242366790771484e-01,-2.607572376728057861e-01,-4.929386675357818604e-01,1.053351070731878281e-02,-3.894650340080261230e-01,-2.165005356073379517e-01,-5.285776220262050629e-03,-1.760142147541046143e-01,-2.063957899808883667e-01,-3.093427717685699463e-01,-2.030680924654006958e-01,-1.280905306339263916e-01,-1.640947759151458740e-01,-2.935713529586791992e-01,-1.870444566011428833e-01,-9.149499237537384033e-02,-1.544606685638427734e-01,-3.021766841411590576e-01,-4.066972434520721436e-01,-1.731054186820983887e-01,-3.555200397968292236e-01,-2.959564030170440674e-01,-1.699305474758148193e-01,-1.493089348077774048e-01,-4.102147370576858521e-02,-7.595531642436981201e-02,-1.822264343500137329e-01,-7.963273674249649048e-02,4.830694943666458130e-02,-4.268174469470977783e-01,-4.338616132736206055e-01,-2.484376877546310425e-01,-1.597435176372528076e-01,3.808041810989379883e-01,5.782220959663391113e-01,4.799538254737854004e-01,-9.931049495935440063e-02,1.977889090776443481e-01,-7.087495177984237671e-02,-2.270839363336563110e-01,-6.121301054954528809e-01,1.117253862321376801e-02,-4.804363846778869629e-01,-1.203502193093299866e-01,-4.973014593124389648e-01,7.857107371091842651e-02,5.678797960281372070e-01,-2.053484171628952026e-01,-2.406506091356277466e-01,2.248164266347885132e-01,5.050511360168457031e-01,2.962148748338222504e-03,-2.299030870199203491e-01,5.409968644380569458e-02,-8.195998519659042358e-02,5.534444004297256470e-02,-1.050220727920532227e-01,-2.601948976516723633e-01,-3.115897774696350098e-01,-4.175930321216583252e-01,-4.494414329528808594e-01,-1.731920689344406128e-01,-3.469748497009277344e-01,-5.637700483202934265e-02,-1.038259193301200867e-01,-1.234154477715492249e-01,-2.324165850877761841e-01,-4.062732458114624023e-01,-4.096598327159881592e-01,-1.850786507129669189e-01,-2.062007635831832886e-01,-1.190131604671478271e-01,-3.211292624473571777e-01,-3.735333681106567383e-01,-2.690804004669189453e-01,-1.116721630096435547e-01,-4.177256524562835693e-01,-3.307868838310241699e-01,-3.122610151767730713e-01
1.460974961519241333e-01,-2.380641698837280273e-01,3.147225081920623779e-01,3.708352148532867432e-01,6.739079356193542480e-01,3.982803225517272949e-01,1.931402534246444702e-01,3.064024746417999268e-01,1.000000000000000000e+00,3.421846330165863037e-01,2.026802301406860352e-02,6.899593025445938110e-02,1.292728185653686523e-01,3.392255604267120361e-01,4.379262030124664307e-01,3.906721174716949463e-01,1.622961759567260742e-01,-3.059889376163482666e-01,3.125634044408798218e-02,4.109872505068778992e-02,2.958404421806335449e-01,5.265532135963439941e-01,4.677917659282684326e-01,3.761664330959320068e-01,4.338777065277099609e-01,3.775964379310607910e-01,5.014830231666564941e-01,4.921531379222869873e-01,-2.050855942070484161e-02,6.918973475694656372e-02,4.300456643104553223e-01,3.518592715263366699e-01,1.354903429746627808e-01,2.860472202301025391e-01,9.429474174976348877e-02,4.530977085232734680e-02,1.265034377574920654e-01,-1.627688556909561157e-01,1.831525117158889771e-01,-3.846212103962898254e-02,-1.713458150625228882e-01,-3.592660725116729736e-01,-5.163470283150672913e-03,2.553020976483821869e-02,9.743108414113521576e-03,-1.224704980850219727e-01,-9.412286430597305298e-02,-1.899909675121307373e-01,-9.005549550056457520e-02,-1.650787144899368286e-01,-1.847692281007766724e-01,-2.520325183868408203e-01,-1.554295867681503296e-01,-3.317863047122955322e-01,-9.222257882356643677e-03,-2.215335816144943237e-01,-5.567516386508941650e-02,-1.952193975448608398e-01,-8.679781109094619751e-02,-1.513779908418655396e-01,1.004598885774612427e-01,1.274546831846237183e-01,-1.918254643678665161e-01,-2.524585425853729248e-01,1.845915615558624268e-01,2.817007303237915039e-01,2.430601231753826141e-02,4.135204851627349854e-02,-7.071223109960556030e-02,1.781374216079711914e-02,3.567310571670532227e-01,2.355978637933731079e-01,2.610518336296081543e-01,-1.300768405199050903e-01,2.047870904207229614e-01,3.791417181491851807e-01,1.538236588239669800e-01,-7.226277887821197510e-02,4.171610623598098755e-02,-2.733320891857147217e-01,-9.108480811119079590e-02,-3.025659322738647461e-01,1.079837307333946228e-01,1.508454978466033936e-01,3.667741548269987106e-03,5.805709213018417358e-02,4.845553636550903320e-01,4.716948270797729492e-01,4.731394052505493164e-01,1.329119950532913208e-01,2.245301008224487305e-01,1.982051134109497070e-01,3.048616051673889160e-01,2.608766257762908936e-01,-1.182848513126373291e-01,-1.829438656568527222e-01,-7.555441558361053467e-02,-1.938090659677982330e-02,1.323321908712387085e-01,2.816713228821754456e-02,1.826371625065803528e-02,4.329680278897285461e-02,-1.403901278972625732e-01,-2.259843982756137848e-02,-4.041928425431251526e-02,1.682088710367679596e-02,-1.142771318554878235e-01,5.984587222337722778e-02,-6.919477880001068115e-02,-2.116813138127326965e-02,9.192329645156860352e-02,1.295324862003326416e-01,3.139612376689910889e-01,4.866850376129150391e-02,8.682206273078918457e-02,-5.664166808128356934e-02
-1.224174425005912781e-01,-4.240117669105529785e-01,2.881411015987396240e-01,7.914266586303710938e-01,6.903725862503051758e-01,9.063809514045715332e-01,2.243936955928802490e-01,7.773054838180541992e-01,3.421846330165863037e-01,1.000000000000000000e+00,1.137680038809776306e-01,-1.018998697400093079e-01,2.859345078468322754e-01,8.284612298011779785e-01,4.327093064785003662e-01,8.946251273155212402e-01,-3.331873565912246704e-02,-5.746485590934753418e-01,-2.462699264287948608e-01,-2.614569664001464844e-01,4.227896332740783691e-01,5.577615499496459961e-01,4.915990233421325684e-01,8.039508461952209473e-01,7.755381464958190918e-01,8.974945545196533203e-01,7.228497862815856934e-01,8.224982619285583496e-01,2.003364264965057373e-01,-4.930038377642631531e-02,6.865003108978271484e-01,8.794229626655578613e-01,-2.105460166931152344e-01,1.588957160711288452e-01,-1.231681406497955322e-01,-2.721910476684570312e-01,-6.516069918870925903e-02,-6.967880725860595703e-01,-1.884255856275558472e-01,-5.110114812850952148e-01,3.317143023014068604e-02,-4.385032057762145996e-01,-2.299808561801910400e-01,-3.401587530970573425e-02,-2.029703408479690552e-01,-2.339758723974227905e-01,-3.267247080802917480e-01,-2.127856910228729248e-01,-2.189760357141494751e-01,-1.820925325155258179e-01,-3.341590464115142822e-01,-1.961550712585449219e-01,-2.066221535205841064e-01,-1.931739300489425659e-01,-3.049086332321166992e-01,-4.560267925262451172e-01,-2.040653079748153687e-01,-3.910806477069854736e-01,-4.202944338321685791e-01,-3.355315625667572021e-01,-3.486726880073547363e-01,-3.849302530288696289e-01,-1.799110025167465210e-01,-3.760635554790496826e-01,-2.581061422824859619e-01,-1.650867909193038940e-01,-4.923141598701477051e-01,-5.278564095497131348e-01,-2.638013064861297607e-01,-1.754121333360671997e-01,4.862236082553863525e-01,6.984845399856567383e-01,5.361858010292053223e-01,-5.493435636162757874e-02,2.140776067972183228e-01,-8.646850287914276123e-02,-2.534275949001312256e-01,-7.211284637451171875e-01,-4.490146413445472717e-02,-6.005312204360961914e-01,-1.404322534799575806e-01,-6.353541612625122070e-01,1.716860085725784302e-01,6.325106024742126465e-01,-1.606352180242538452e-01,-3.649895191192626953e-01,3.089931011199951172e-01,6.434994935989379883e-01,4.182969778776168823e-02,-3.496870994567871094e-01,-1.590446196496486664e-02,-5.098206549882888794e-02,-5.314533784985542297e-02,-1.268243938684463501e-01,-1.502867639064788818e-01,-2.303465902805328369e-01,-3.480829298496246338e-01,-4.356439411640167236e-01,-2.027756869792938232e-01,-3.522825241088867188e-01,-2.557467520236968994e-01,-2.392561584711074829e-01,-2.237289696931838989e-01,-3.377086222171783447e-01,-4.568351209163665771e-01,-3.588719964027404785e-01,-1.609976291656494141e-01,-2.321744561195373535e-01,-1.104846149682998657e-01,-2.423561811447143555e-01,-3.282078802585601807e-01,-2.675253450870513916e-01,-1.823258697986602783e-01,-4.629386961460113525e-01,-3.784249722957611084e-01,-2.096099853515625000e-01
5.805239081382751465e-01,9.327583760023117065e-02,4.834768474102020264e-01,1.821877658367156982e-01,1.017708107829093933e-01,9.563526511192321777e-02,3.553043305873870850e-01,1.389523595571517944e-01,2.026802301406860352e-02,1.137680038809776306e-01,1.000000000000000000e+00,1.240545362234115601e-01,4.469238519668579102e-01,2.314206063747406006e-01,3.070787787437438965e-01,1.587838530540466309e-01,2.735362052917480469e-01,3.177036531269550323e-03,3.348181247711181641e-01,1.684984713792800903e-01,8.398718386888504028e-02,1.704534888267517090e-02,3.615684211254119873e-01,2.449991405010223389e-01,1.219893842935562134e-01,1.033497974276542664e-01,1.178142204880714417e-01,4.264521971344947815e-02,3.882830739021301270e-01,3.382292762398719788e-02,1.878262758255004883e-01,1.405145227909088135e-01,1.101533025503158569e-01,8.130791038274765015e-02,7.127496600151062012e-02,-2.404293604195117950e-02,2.154506742954254150e-01,5.191403627395629883e-02,6.567572057247161865e-02,1.298918277025222778e-01,1.488849818706512451e-01,2.212071716785430908e-01,1.211008280515670776e-01,7.837820798158645630e-02,-4.152629524469375610e-02,-7.604957558214664459e-03,1.044355705380439758e-01,9.207921475172042847e-02,1.790365390479564667e-02,-4.752209782600402832e-02,1.952034235000610352e-01,-1.893755607306957245e-02,6.274646520614624023e-02,9.968210011720657349e-03,1.861989498138427734e-01,7.589871436357498169e-02,2.128610163927078247e-01,5.493436008691787720e-02,1.064430028200149536e-01,8.137430995702743530e-02,1.599643379449844360e-01,-2.533581480383872986e-02,7.671292126178741455e-02,-4.839040711522102356e-02,2.719417214393615723e-01,1.311236023902893066e-01,1.081456318497657776e-01,5.758374929428100586e-03,1.438265144824981689e-01,8.804193884134292603e-02,2.320108711719512939e-01,1.357537060976028442e-01,1.643171608448028564e-01,1.122522279620170593e-01,3.224224224686622620e-02,-1.338493376970291138e-01,4.937097895890474319e-03,-1.104895919561386108e-01,2.734505198895931244e-02,-2.065015211701393127e-02,6.643187254667282104e-02,1.078763455152511597e-01,4.748291075229644775e-01,3.220274746417999268e-01,4.984757006168365479e-01,2.252773642539978027e-01,1.796345114707946777e-01,1.711609810590744019e-01,3.062138855457305908e-01,5.885254964232444763e-02,1.880392432212829590e-01,3.130820393562316895e-01,1.029815003275871277e-01,2.249729782342910767e-01,-1.880532801151275635e-01,-1.380633115768432617e-01,5.846409872174263000e-02,-6.459587067365646362e-02,-3.310481552034616470e-03,-4.669769853353500366e-02,8.984802663326263428e-02,9.694940596818923950e-02,1.227925568819046021e-01,1.499499529600143433e-01,-8.436643518507480621e-03,1.038196086883544922e-01,-8.231774717569351196e-02,-1.668366193771362305e-01,-5.653680115938186646e-02,-1.379161234945058823e-02,1.149540320038795471e-01,1.003119628876447678e-03,4.559899494051933289e-02,1.259152293205261230e-01,1.257608737796545029e-02,4.540897905826568604e-02
2.921325564384460449e-01,3.379076719284057617e-01,-1.274594515562057495e-01,1.004655957221984863e-01,-1.370850205421447754e-02,-6.228199601173400879e-02,1.875231713056564331e-01,2.049772888422012329e-01,6.899593025445938110e-02,-1.018998697400093079e-01,1.240545362234115601e-01,1.000000000000000000e+00,7.890058308839797974e-02,1.314638257026672363e-01,-4.355503246188163757e-02,-6.526281684637069702e-02,3.655018508434295654e-01,4.047505855560302734e-01,4.300718009471893311e-01,5.065305233001708984e-01,5.247270315885543823e-02,-6.974928826093673706e-02,-3.046408295631408691e-02,-1.881584525108337402e-02,-2.211935073137283325e-01,-1.215199753642082214e-01,-1.537564694881439209e-01,-9.177882969379425049e-02,4.010488986968994141e-01,5.587486028671264648e-01,1.006668731570243835e-01,-6.664361059665679932e-02,3.562615811824798584e-01,3.222884237766265869e-01,-4.582314193248748779e-02,-9.165059775114059448e-03,-3.075765259563922882e-02,1.039272267371416092e-02,-1.164796575903892517e-01,-5.617458373308181763e-02,-1.408577412366867065e-01,-1.059203967452049255e-02,4.013745114207267761e-02,2.760733850300312042e-02,1.397586613893508911e-01,1.008865907788276672e-01,4.046704992651939392e-02,-6.505542248487472534e-02,1.722470521926879883e-01,8.113636821508407593e-02,2.610268257558345795e-02,6.679924577474594116e-02,1.007940247654914856e-01,3.160677477717399597e-02,3.287537023425102234e-02,8.142504096031188965e-02,1.993151754140853882e-01,2.900051176548004150e-01,3.296378254890441895e-01,3.507006764411926270e-01,4.441621899604797363e-01,5.776605010032653809e-01,5.011859536170959473e-01,6.186159849166870117e-01,3.827521502971649170e-01,1.951962113380432129e-01,9.920251369476318359e-02,1.151061952114105225e-01,1.621230989694595337e-01,2.213628590106964111e-01,-1.167591884732246399e-01,-7.077639549970626831e-02,1.914333988679572940e-04,9.849517792463302612e-02,1.397399753332138062e-01,1.678275614976882935e-01,3.523531556129455566e-02,1.051919981837272644e-01,2.575059831142425537e-01,2.845773696899414062e-01,2.130273431539535522e-01,2.647192180156707764e-01,6.307248957455158234e-03,2.996663562953472137e-02,-3.792955726385116577e-02,1.539837419986724854e-01,-7.203570008277893066e-02,-4.471329972147941589e-02,-9.328678250312805176e-02,1.995625346899032593e-01,4.515978216659277678e-04,-1.976890489459037781e-02,1.255420148372650146e-01,-2.031368017196655273e-02,-3.146934211254119873e-01,-3.056799173355102539e-01,-1.658375263214111328e-01,-1.183847263455390930e-01,7.863944768905639648e-02,1.653660647571086884e-02,3.459469974040985107e-01,3.408961594104766846e-01,2.600748538970947266e-01,2.707817554473876953e-01,8.823123574256896973e-02,-1.778406649827957153e-01,-7.039608806371688843e-02,2.206849399954080582e-03,-7.308848947286605835e-02,-2.253563404083251953e-01,-9.301522374153137207e-02,9.838785976171493530e-02,1.705171167850494385e-01,1.032730713486671448e-01,-2.968405000865459442e-02,-2.325364649295806885e-01
2.011720836162567139e-01,-1.638744473457336426e-01,3.820608258247375488e-01,3.304178118705749512e-01,1.920268684625625610e-01,2.753924429416656494e-01,6.263042688369750977e-01,3.560293316841125488e-01,1.292728185653686523e-01,2.859345078468322754e-01,4.469238519668579102e-01,7.890058308839797974e-02,1.000000000000000000e+00,3.740332424640655518e-01,4.464090168476104736e-01,2.691218256950378418e-01,-8.475443720817565918e-02,-8.008994907140731812e-02,1.385344006121158600e-02,-1.008704528212547302e-01,5.247519165277481079e-02,3.217174857854843140e-02,3.739705085754394531e-01,3.373688459396362305e-01,2.395001202821731567e-01,2.757835090160369873e-01,1.545536667108535767e-01,1.676448881626129150e-01,3.034736216068267822e-01,9.954383969306945801e-02,3.325957655906677246e-01,3.268787264823913574e-01,2.295737899839878082e-02,1.609034091234207153e-01,9.748453157953917980e-04,-1.804744601249694824e-01,4.933369159698486328e-02,-1.719816327095031738e-01,-5.295814014971256256e-03,-7.724799960851669312e-02,2.231388837099075317e-01,1.325712800025939941e-01,2.514010481536388397e-02,6.862342357635498047e-02,-1.708593517541885376e-01,-1.311973333358764648e-01,-3.188155218958854675e-02,-1.926854252815246582e-03,-8.899883180856704712e-02,-1.808456629514694214e-01,-7.857208698987960815e-02,-9.319356083869934082e-02,2.322129309177398682e-01,-3.755246475338935852e-02,8.944966644048690796e-02,-1.681719571352005005e-01,-1.166408360004425049e-01,-1.446447223424911499e-01,4.807723313570022583e-02,-1.045159026980400085e-01,2.129639089107513428e-01,-1.573305390775203705e-02,4.910587519407272339e-02,-1.565788835287094116e-01,1.651203632354736328e-01,1.086549088358879089e-01,-2.695112302899360657e-02,-1.672349721193313599e-01,-1.375869363546371460e-01,-1.036282479763031006e-01,2.774355113506317139e-01,2.599462568759918213e-01,2.951813340187072754e-01,2.117591798305511475e-01,2.179978489875793457e-01,-1.048497259616851807e-01,6.196458637714385986e-02,-1.559324711561203003e-01,-7.336968183517456055e-02,-1.183959767222404480e-01,-4.846261069178581238e-02,-1.841455549001693726e-01,1.153070479631423950e-01,3.648835718631744385e-01,1.398004144430160522e-01,-9.418909996747970581e-02,4.071944579482078552e-02,9.508956968784332275e-02,1.631885319948196411e-01,-5.921037495136260986e-02,2.247234284877777100e-01,1.744177043437957764e-01,1.365677267313003540e-01,1.263879537582397461e-01,-1.546214222908020020e-01,-2.153764218091964722e-01,-2.051597274839878082e-02,-1.477812230587005615e-01,1.085051000118255615e-01,-5.442894995212554932e-02,1.627512276172637939e-01,1.109421700239181519e-01,1.002381071448326111e-01,4.947324842214584351e-02,-1.009587869048118591e-01,-2.513333223760128021e-02,-7.610213011503219604e-02,-1.747041195631027222e-01,-9.844280779361724854e-02,-8.291224390268325806e-02,5.204656347632408142e-02,-9.419118613004684448e-02,8.942547440528869629e-02,-3.039293736219406128e-02,-8.431060239672660828e-03,4.072915017604827881e-02
