1.000000000000000000e+00,4.824098944664001465e-01,2.431514412164688110e-01,5.276085436344146729e-02,-5.633643642067909241e-02,-1.949516832828521729e-01,1.897114813327789307e-01,-1.670048339292407036e-03,8.582627028226852417e-02,-2.555845677852630615e-02,3.092860579490661621e-01,-1.631262712180614471e-02,1.310959160327911377e-01,-4.778301343321800232e-03,1.575767844915390015e-01,-4.162957519292831421e-02,1.145012229681015015e-01,1.241540834307670593e-01,5.925472378730773926e-01,5.523632168769836426e-01,-1.400595158338546753e-01,-9.091830998659133911e-02,2.744237780570983887e-01,9.811306372284889221e-03,-5.623659119009971619e-02,-1.099781244993209839e-01,1.254912912845611572e-01,-1.163909304887056351e-02,-5.708645284175872803e-02,-1.036325022578239441e-01,2.406258136034011841e-03,-9.056861698627471924e-02,4.786351621150970459e-01,3.209000527858734131e-01,1.955423653125762939e-01,8.520991355180740356e-02,8.092339336872100830e-02,2.740120701491832733e-02,2.015143185853958130e-01,1.405826658010482788e-01,6.470232456922531128e-02,4.672973975539207458e-02,2.201764881610870361e-01,1.842993646860122681e-01,1.267677247524261475e-01,7.142098993062973022e-02,2.183597236871719360e-01,2.923518121242523193e-01,3.178309202194213867e-01,1.906396150588989258e-01,3.388736844062805176e-01,2.043978869915008545e-01,3.055510520935058594e-01,2.380392104387283325e-01,2.053156346082687378e-01,1.458802968263626099e-01,6.332638263702392578e-01,4.447430372238159180e-01,4.533486962318420410e-01,3.507858812808990479e-01,4.694530069828033447e-01,3.314125835895538330e-01,4.128404259681701660e-01,2.046556621789932251e-01,2.463234066963195801e-01,4.389993101358413696e-02,3.587417304515838623e-01,2.056580632925033569e-01,5.316202640533447266e-01,4.669257402420043945e-01,-1.739269867539405823e-02,-4.866820201277732849e-02,2.040603570640087128e-02,-3.421767055988311768e-02,5.690371245145797729e-02,2.620116621255874634e-02,3.738594800233840942e-02,8.263149857521057129e-02,8.493123203516006470e-02,6.399385631084442139e-02,1.052235886454582214e-01,1.358138918876647949e-01,-1.065280213952064514e-01,2.384936250746250153e-02,3.849795460700988770e-01,2.690475881099700928e-01,1.384703814983367920e-02,3.763027489185333252e-02,1.569726020097732544e-01,1.908863186836242676e-01,6.580709666013717651e-02,1.551298946142196655e-01,1.947517096996307373e-01,2.298682928085327148e-01,-1.311416737735271454e-02,3.438749536871910095e-02,8.376654237508773804e-02,1.121782809495925903e-01,1.575311869382858276e-01,2.944126725196838379e-01,1.887337118387222290e-01,3.178592324256896973e-01,1.496606916189193726e-01,2.723142206668853760e-01,1.032872200012207031e-01,1.278841942548751831e-01,7.751789689064025879e-02,-1.156029701232910156e-01,-6.433795392513275146e-02,2.074226178228855133e-02,2.335675358772277832e-01,7.014720886945724487e-02,7.263822853565216064e-02,5.185488238930702209e-02,-8.114981651306152344e-02,4.799477756023406982e-03
4.824098944664001465e-01,1.000000000000000000e+00,3.414674997329711914e-01,3.347208201885223389e-01,6.790115684270858765e-02,-2.889169007539749146e-02,1.931350380182266235e-01,2.638022005558013916e-01,1.202093902975320816e-02,-1.339336298406124115e-02,2.015061676502227783e-01,2.814657986164093018e-01,1.944287568330764771e-01,1.824259161949157715e-01,8.225670456886291504e-02,1.839402616024017334e-01,4.764530807733535767e-02,3.645290732383728027e-01,4.241344034671783447e-01,5.450026392936706543e-01,-1.007682085037231445e-02,1.631868034601211548e-01,3.512905836105346680e-01,3.044486045837402344e-01,1.336571574211120605e-01,7.081130146980285645e-02,1.623872816562652588e-01,6.217138841748237610e-02,6.609638780355453491e-02,8.300878852605819702e-02,2.036449015140533447e-01,1.883374154567718506e-01,4.663223922252655029e-01,5.443009734153747559e-01,1.487897615879774094e-02,-1.486469618976116180e-02,7.866862416267395020e-02,2.803253708407282829e-03,1.743735671043395996e-01,1.367841213941574097e-01,8.153867721557617188e-02,1.094602569937705994e-01,1.085754483938217163e-01,1.714203953742980957e-01,1.600211858749389648e-01,2.234284579753875732e-01,1.772288084030151367e-01,2.090142965316772461e-01,4.069831073284149170e-01,4.008743464946746826e-01,3.528420925140380859e-01,3.603082299232482910e-01,3.192895650863647461e-01,1.537006646394729614e-01,1.123967319726943970e-01,7.631445676088333130e-02,4.852368533611297607e-01,6.992040276527404785e-01,4.641743302345275879e-01,5.772486329078674316e-01,2.432631552219390869e-01,4.844771325588226318e-01,9.019301831722259521e-02,4.509017765522003174e-01,1.227633375674486160e-02,2.364312261343002319e-01,4.026755392551422119e-01,1.986222118139266968e-01,5.720113515853881836e-01,4.569114446640014648e-01,1.011845991015434265e-01,1.306317448616027832e-01,8.268120139837265015e-02,6.362972408533096313e-02,5.448275431990623474e-02,3.809464350342750549e-02,-7.692934572696685791e-02,2.959607727825641632e-02,9.368549287319183350e-02,2.154712975025177002e-01,6.581660360097885132e-02,3.444462418556213379e-01,1.778349652886390686e-02,2.370765060186386108e-01,3.444930016994476318e-01,4.097577035427093506e-01,-2.083456330001354218e-02,1.120900213718414307e-01,-1.432202290743589401e-02,2.434885650873184204e-01,-5.039600655436515808e-02,-2.520833723247051239e-02,-1.623003371059894562e-02,-4.471046477556228638e-02,-7.712462451308965683e-03,5.178058892488479614e-02,2.390544302761554718e-02,-1.342920935712754726e-03,2.901151590049266815e-02,1.911410689353942871e-01,4.083681106567382812e-02,9.107479453086853027e-02,-8.103223145008087158e-02,-1.539216376841068268e-02,-1.225144788622856140e-01,-7.922274619340896606e-02,6.254998594522476196e-02,-7.504366338253021240e-02,-2.226419310318306088e-04,1.995866559445858002e-02,1.136489361524581909e-01,-1.101432144641876221e-01,-1.236149743199348450e-01,-2.344688959419727325e-02,-1.992435753345489502e-01,-6.425863504409790039e-02
2.431514412164688110e-01,3.414674997329711914e-01,1.000000000000000000e+00,6.567671298980712891e-01,3.666974008083343506e-01,2.156961262226104736e-01,7.142702341079711914e-01,6.149200201034545898e-01,2.889687418937683105e-01,6.147946044802665710e-02,3.393718600273132324e-01,4.109732508659362793e-01,4.779452383518218994e-01,3.513162732124328613e-01,7.990003377199172974e-02,4.996121395379304886e-03,1.565321832895278931e-01,2.715901136398315430e-01,2.980937361717224121e-01,2.965076267719268799e-01,3.933333978056907654e-02,7.755651324987411499e-02,7.165162563323974609e-01,6.188076138496398926e-01,2.747845053672790527e-01,2.725864946842193604e-01,2.737609669566154480e-02,-1.227969825267791748e-01,1.571072936058044434e-01,1.475101411342620850e-01,4.635362923145294189e-01,4.137184917926788330e-01,4.479970335960388184e-01,4.205289781093597412e-01,2.814701795578002930e-01,2.285106182098388672e-01,-8.765316009521484375e-02,-3.432408720254898071e-02,2.249483577907085419e-02,-4.817419871687889099e-02,9.918609866872429848e-04,-9.423625469207763672e-02,1.744980178773403168e-02,7.011143118143081665e-02,1.134891882538795471e-01,1.568174511194229126e-01,6.704705208539962769e-02,7.773339748382568359e-02,2.784661650657653809e-01,2.419356405735015869e-01,2.130142152309417725e-01,2.078888714313507080e-01,4.000239819288253784e-02,-9.945505112409591675e-02,-8.041059225797653198e-02,-1.805523931980133057e-01,1.115246862173080444e-01,1.403283327817916870e-01,3.324240148067474365e-01,1.928118616342544556e-01,3.539669215679168701e-01,1.268862783908843994e-01,2.284812480211257935e-01,2.101249694824218750e-01,4.050508737564086914e-01,3.062217235565185547e-01,3.419615924358367920e-01,2.853549122810363770e-01,7.293254137039184570e-02,1.308406144380569458e-01,3.616650700569152832e-01,3.661427795886993408e-01,2.064142674207687378e-01,2.408496588468551636e-01,2.577215433120727539e-01,1.724343597888946533e-01,2.641344070434570312e-01,3.279180824756622314e-01,1.458971500396728516e-01,1.852436661720275879e-01,1.243950426578521729e-01,2.794905304908752441e-01,-9.418915212154388428e-02,-9.597107023000717163e-02,9.671410918235778809e-02,8.656623959541320801e-02,-1.561688184738159180e-01,-8.883471041917800903e-02,5.329141765832901001e-02,-3.017300972715020180e-03,-3.175967186689376831e-02,1.128507498651742935e-02,3.867375850677490234e-02,-3.613001853227615356e-02,-2.957064472138881683e-02,-1.999100297689437866e-02,-4.374117590487003326e-03,-7.645981758832931519e-02,2.517301589250564575e-02,2.022435143589973450e-02,2.554507553577423096e-02,2.001030594110488892e-01,-5.507703870534896851e-02,9.091813862323760986e-02,-4.429227113723754883e-02,1.472599711269140244e-02,7.938513904809951782e-02,8.146108686923980713e-02,-2.663413248956203461e-02,6.272605806589126587e-02,1.476549059152603149e-01,-7.613024860620498657e-02,-9.767051041126251221e-02,3.211580682545900345e-03,-4.804312810301780701e-02,4.177853465080261230e-02
5.276085436344146729e-02,3.347208201885223389e-01,6.567671298980712891e-01,1.000000000000000000e+00,3.287676274776458740e-01,3.301249146461486816e-01,5.827369689941406250e-01,7.496106028556823730e-01,1.504616886377334595e-01,4.407813772559165955e-02,2.021148055791854858e-01,4.939519762992858887e-01,3.895080685615539551e-01,4.230840504169464111e-01,4.412574693560600281e-02,1.340068578720092773e-01,1.176485642790794373e-01,2.739874422550201416e-01,7.313481718301773071e-02,1.626806259155273438e-01,9.472269564867019653e-02,1.728565841913223267e-01,5.822798013687133789e-01,7.200796008110046387e-01,2.446251213550567627e-01,2.941420078277587891e-01,-3.083039633929729462e-02,-6.066460162401199341e-02,2.447770982980728149e-01,2.941569685935974121e-01,4.580344855785369873e-01,4.705206751823425293e-01,3.212315738201141357e-01,4.164671003818511963e-01,1.271864026784896851e-01,1.654683351516723633e-01,-1.886628866195678711e-01,-6.150284782052040100e-02,-2.700578980147838593e-02,-4.706124216318130493e-02,-1.929286494851112366e-02,-5.690453201532363892e-02,-1.012356802821159363e-01,-1.662683440372347832e-03,4.150928929448127747e-02,1.212101876735687256e-01,-3.510780632495880127e-02,-4.797090590000152588e-02,1.330784410238265991e-01,1.602427214384078979e-01,6.288146227598190308e-02,1.463842093944549561e-01,-1.139742806553840637e-01,-2.360441982746124268e-01,-2.081317752599716187e-01,-2.404049336910247803e-01,-2.997283823788166046e-02,4.999817535281181335e-02,2.427101582288742065e-01,1.313503384590148926e-01,1.856009364128112793e-01,9.825558960437774658e-02,1.117824837565422058e-01,2.310089766979217529e-01,2.090375721454620361e-01,3.092294633388519287e-01,1.880149990320205688e-01,2.024342566728591919e-01,-8.970329165458679199e-02,-9.747807681560516357e-02,3.275444805622100830e-01,3.639962375164031982e-01,1.957663744688034058e-01,2.499180287122726440e-01,2.241448611021041870e-01,1.622729748487472534e-01,1.828208714723587036e-01,2.454033643007278442e-01,8.804403245449066162e-02,1.782317161560058594e-01,1.521965563297271729e-01,2.963418960571289062e-01,-2.293609455227851868e-02,-1.126453373581171036e-02,-4.812460765242576599e-02,4.894425719976425171e-02,-1.492271125316619873e-01,-8.211696892976760864e-02,-8.123961160890758038e-04,-5.388407781720161438e-02,-1.250220239162445068e-01,-1.471417546272277832e-01,-3.133580088615417480e-02,-1.848180592060089111e-01,1.687847264111042023e-02,8.121789246797561646e-02,-6.990087032318115234e-02,-1.161077395081520081e-01,-8.679329603910446167e-02,-1.092109903693199158e-01,1.735679991543292999e-02,3.705307096242904663e-02,-9.816487133502960205e-02,-3.803947940468788147e-02,-1.112565249204635620e-01,-3.932600468397140503e-02,1.069928482174873352e-01,1.208619102835655212e-01,1.823135837912559509e-02,3.799929842352867126e-02,4.759018123149871826e-02,-1.379346251487731934e-01,-1.419215798377990723e-01,-1.557772140949964523e-02,-4.803235828876495361e-02,-4.545915126800537109e-02
-5.633643642067909241e-02,6.790115684270858765e-02,3.666974008083343506e-01,3.287676274776458740e-01,1.000000000000000000e+00,5.503411293029785156e-01,4.730182290077209473e-01,4.029828011989593506e-01,6.141710877418518066e-01,3.086197078227996826e-01,2.119749635457992554e-01,3.573885858058929443e-01,5.435568690299987793e-01,4.120306372642517090e-01,3.747049272060394287e-01,3.626363873481750488e-01,2.917452454566955566e-01,2.907024025917053223e-01,-1.141323149204254150e-01,-8.894398808479309082e-02,1.445914506912231445e-01,1.171602830290794373e-01,3.562683165073394775e-01,3.864454925060272217e-01,6.047720909118652344e-01,6.216816306114196777e-01,2.676213085651397705e-01,2.286235429346561432e-02,4.188215434551239014e-01,3.784292042255401611e-01,4.886666834354400635e-01,4.545317292213439941e-01,1.716086268424987793e-01,1.602832078933715820e-01,1.260614693164825439e-01,1.139065325260162354e-01,-1.412571519613265991e-01,-8.155080676078796387e-02,4.001377150416374207e-02,-7.369355857372283936e-02,1.361608356237411499e-01,-5.287555232644081116e-02,-5.555605143308639526e-02,7.119782269001007080e-02,9.771677106618881226e-02,1.637373566627502441e-01,-1.648242585361003876e-02,-5.328894406557083130e-02,2.790175974369049072e-01,2.642542421817779541e-01,1.452404856681823730e-01,2.318236529827117920e-01,-1.437323391437530518e-01,-1.795269697904586792e-01,-1.158770993351936340e-01,-2.109967917203903198e-01,-7.721605896949768066e-02,-8.781771361827850342e-02,2.046894282102584839e-01,1.009628996253013611e-01,2.326411753892898560e-01,-1.233335118740797043e-02,8.739863336086273193e-02,8.683759719133377075e-02,2.586290836334228516e-01,2.702136933803558350e-01,1.700587272644042969e-01,1.386671662330627441e-01,-8.888328820466995239e-02,-8.309280872344970703e-02,5.592209696769714355e-01,5.521698594093322754e-01,4.951085746288299561e-01,5.000620484352111816e-01,4.585443735122680664e-01,3.767552673816680908e-01,3.199259340763092041e-01,3.434083461761474609e-01,2.535206973552703857e-01,2.815175652503967285e-01,3.196703791618347168e-01,2.919653058052062988e-01,1.614089608192443848e-01,-4.992835596203804016e-02,1.469867974519729614e-01,9.728563576936721802e-02,-2.068991214036941528e-01,-2.122046649456024170e-01,-1.410953253507614136e-01,-1.581013798713684082e-01,-1.284370869398117065e-01,-9.339372068643569946e-02,-1.426007896661758423e-01,-1.863559931516647339e-01,-2.187813222408294678e-01,-1.573816686868667603e-01,-1.964134126901626587e-01,-2.695632576942443848e-01,-4.244013503193855286e-02,-1.454289853572845459e-01,-5.532637611031532288e-02,9.607674181461334229e-02,3.057269565761089325e-02,1.247015371918678284e-01,9.553757309913635254e-02,7.804626226425170898e-02,-2.548030391335487366e-02,9.740229696035385132e-02,-2.108295857906341553e-01,-1.867565065622329712e-01,1.633028872311115265e-02,-1.152635291218757629e-01,-8.329247683286666870e-02,4.043070226907730103e-02,-1.992861740291118622e-02,1.734471693634986877e-02
-1.949516832828521729e-01,-2.889169007539749146e-02,2.156961262226104736e-01,3.301249146461486816e-01,5.503411293029785156e-01,1.000000000000000000e+00,2.998602688312530518e-01,4.190848171710968018e-01,3.315562605857849121e-01,4.841989874839782715e-01,-3.036738373339176178e-02,2.536275684833526611e-01,2.714622020721435547e-01,3.314845561981201172e-01,1.311838775873184204e-01,3.953491747379302979e-01,4.061668366193771362e-02,4.388492554426193237e-02,-2.688702046871185303e-01,-2.298990488052368164e-01,1.930806189775466919e-01,8.292336016893386841e-02,1.521855145692825317e-01,3.181283771991729736e-01,2.901735603809356689e-01,3.989835977554321289e-01,1.266009956598281860e-01,1.504070311784744263e-01,2.738679051399230957e-01,2.230502814054489136e-01,1.933377385139465332e-01,2.797961831092834473e-01,-1.353584975004196167e-02,1.149565801024436951e-01,2.105737570673227310e-03,7.076621800661087036e-02,-1.763670444488525391e-01,-1.732208877801895142e-01,1.069167908281087875e-02,-4.945839196443557739e-02,8.193279057741165161e-02,-8.256531320512294769e-03,-1.472143977880477905e-01,-2.324613183736801147e-02,1.358487363904714584e-02,8.091329783201217651e-02,-1.522458046674728394e-01,-1.534587889909744263e-01,4.869091138243675232e-02,1.272998899221420288e-01,-5.787680670619010925e-02,1.735937893390655518e-01,-3.143788874149322510e-01,-1.862352043390274048e-01,-2.189787179231643677e-01,-1.138815879821777344e-01,-2.817111313343048096e-01,-1.892010867595672607e-01,-5.151760205626487732e-02,-3.698109090328216553e-02,8.213110268115997314e-04,-7.533244788646697998e-02,-1.144383698701858521e-01,8.599127084016799927e-02,9.228856116533279419e-02,3.262241184711456299e-01,-2.063976973295211792e-02,3.547066822648048401e-02,-2.235675305128097534e-01,-2.834926545619964600e-01,3.321044743061065674e-01,3.355683982372283936e-01,2.934087514877319336e-01,2.496896535158157349e-01,2.715317010879516602e-01,2.153411805629730225e-01,2.002042531967163086e-01,1.507163494825363159e-01,2.526947297155857086e-02,-2.974984701722860336e-03,1.035324186086654663e-01,1.022021621465682983e-01,1.503492146730422974e-01,-8.806299418210983276e-02,-7.765460014343261719e-02,-7.071648538112640381e-02,-1.140898317098617554e-01,-1.460027545690536499e-01,-8.357856422662734985e-02,-7.307016104459762573e-02,-8.908864110708236694e-02,-1.535517573356628418e-01,-1.906300894916057587e-02,-1.641696840524673462e-01,-1.381493955850601196e-01,-9.633342921733856201e-02,-1.606544256210327148e-01,-2.227819114923477173e-01,-1.234827563166618347e-01,-2.704505324363708496e-01,7.750315219163894653e-02,-1.402375102043151855e-02,1.053984314203262329e-01,8.723098784685134888e-02,9.981448948383331299e-02,5.563876032829284668e-02,-1.894926093518733978e-02,1.016341298818588257e-01,-1.711910665035247803e-01,-1.290538161993026733e-01,-1.170234661549329758e-02,-7.888815551996231079e-02,-2.168863080441951752e-02,3.285988420248031616e-02,2.272324822843074799e-02,-4.851516801863908768e-03
1.897114813327789307e-01,1.931350380182266235e-01,7.142702341079711914e-01,5.827369689941406250e-01,4.730182290077209473e-01,2.998602688312530518e-01,1.000000000000000000e+00,6.148505806922912598e-01,4.219259321689605713e-01,1.192399859428405762e-01,3.894868195056915283e-01,4.284435212612152100e-01,5.935204625129699707e-01,4.115146994590759277e-01,1.644230633974075317e-01,4.121293872594833374e-02,2.193811982870101929e-01,2.786538004875183105e-01,1.764551699161529541e-01,1.784472018480300903e-01,8.742311969399452209e-03,1.155814714729785919e-02,6.451807618141174316e-01,5.562098622322082520e-01,3.183565139770507812e-01,3.644558489322662354e-01,2.660667710006237030e-02,-1.613912433385848999e-01,2.344289869070053101e-01,2.136327028274536133e-01,4.910795390605926514e-01,4.250904321670532227e-01,4.557849466800689697e-01,3.760612010955810547e-01,2.608263194561004639e-01,2.567811012268066406e-01,-1.591321378946304321e-01,-5.319977551698684692e-02,-5.516413133591413498e-03,-8.644583076238632202e-02,5.074367392808198929e-03,-1.564025878906250000e-01,-1.397712435573339462e-02,2.449371479451656342e-02,1.114163473248481750e-01,1.373614072799682617e-01,-6.018535350449383259e-04,1.076399721205234528e-02,2.732954919338226318e-01,1.973508447408676147e-01,2.030005902051925659e-01,1.832540929317474365e-01,-5.550226941704750061e-02,-1.508726030588150024e-01,-1.004294008016586304e-01,-2.113719135522842407e-01,3.721741586923599243e-02,1.075891964137554169e-02,3.398993015289306641e-01,1.163289621472358704e-01,4.381963610649108887e-01,9.235462546348571777e-02,3.080742657184600830e-01,1.758256852626800537e-01,4.407044649124145508e-01,3.044238984584808350e-01,3.199216425418853760e-01,2.840229570865631104e-01,7.633850909769535065e-03,7.555259764194488525e-02,4.507808089256286621e-01,4.389791488647460938e-01,3.000997006893157959e-01,3.456182479858398438e-01,3.085766136646270752e-01,2.395215034484863281e-01,3.200708329677581787e-01,4.008112549781799316e-01,1.691739261150360107e-01,2.229441106319427490e-01,2.211578488349914551e-01,2.955445051193237305e-01,-6.913934648036956787e-02,-1.460011750459671021e-01,1.016362160444259644e-01,7.677281647920608521e-02,-2.222037464380264282e-01,-1.837888956069946289e-01,5.044084787368774414e-02,-8.272437751293182373e-02,-6.572036445140838623e-02,2.725343033671379089e-02,2.271194197237491608e-02,-4.503804072737693787e-02,-6.549514085054397583e-02,-7.602197676897048950e-02,-7.182012498378753662e-02,-1.177826523780822754e-01,-2.643615938723087311e-02,-3.260980173945426941e-02,-4.226452670991420746e-03,1.589640974998474121e-01,-1.708024740219116211e-02,1.205872669816017151e-01,3.155723586678504944e-02,5.877748504281044006e-02,3.551161661744117737e-02,8.059298992156982422e-02,-5.756185203790664673e-02,-1.621103473007678986e-02,7.205750793218612671e-02,-7.191997766494750977e-02,-8.977472037076950073e-02,1.412917021661996841e-02,-3.166867047548294067e-02,-3.073469363152980804e-02
-1.670048339292407036e-03,2.638022005558013916e-01,6.149200201034545898e-01,7.496106028556823730e-01,4.029828011989593506e-01,4.190848171710968018e-01,6.148505806922912598e-01,1.000000000000000000e+00,1.810934990644454956e-01,1.213233992457389832e-01,2.627059817314147949e-01,5.678645372390747070e-01,4.370421469211578369e-01,5.282592177391052246e-01,2.166301570832729340e-02,1.874984800815582275e-01,1.636932343244552612e-01,2.985249161720275879e-01,-2.025474607944488525e-02,5.047886818647384644e-02,1.075916141271591187e-01,1.725342571735382080e-01,5.425698161125183105e-01,7.064414620399475098e-01,2.596429884433746338e-01,3.303629755973815918e-01,-5.045674368739128113e-02,-4.688137397170066833e-02,3.063693642616271973e-01,3.257235288619995117e-01,4.643460810184478760e-01,5.180517435073852539e-01,3.357289731502532959e-01,4.630481600761413574e-01,1.806767731904983521e-01,2.545611858367919922e-01,-1.857449710369110107e-01,-3.810343891382217407e-02,-3.353414312005043030e-02,-3.254520520567893982e-02,4.927554726600646973e-02,-1.620237529277801514e-02,-1.249888613820075989e-01,-1.505023986101150513e-02,3.407659009099006653e-02,1.501000076532363892e-01,-8.345770090818405151e-02,-7.732038199901580811e-02,1.213882938027381897e-01,2.039461880922317505e-01,3.117329813539981842e-02,1.979489624500274658e-01,-2.044067829847335815e-01,-2.492096573114395142e-01,-2.512413561344146729e-01,-2.503820955753326416e-01,-1.109758615493774414e-01,-4.140345845371484756e-03,1.586028784513473511e-01,1.273603886365890503e-01,1.995710879564285278e-01,1.408546715974807739e-01,1.303486973047256470e-01,2.934879958629608154e-01,2.563982903957366943e-01,4.193114340305328369e-01,1.859923303127288818e-01,2.240300625562667847e-01,-1.314714699983596802e-01,-1.381127089262008667e-01,3.883076012134552002e-01,4.262136220932006836e-01,2.769409716129302979e-01,3.066672384738922119e-01,2.782038152217864990e-01,2.197925150394439697e-01,2.480740845203399658e-01,3.153067231178283691e-01,1.213407292962074280e-01,2.069166898727416992e-01,1.732638031244277954e-01,3.164179921150207520e-01,4.770360141992568970e-02,-2.283567003905773163e-02,-5.006568133831024170e-02,4.600555822253227234e-02,-1.777021437883377075e-01,-1.479393392801284790e-01,-9.593197144567966461e-03,-7.484465092420578003e-02,-9.839338809251785278e-02,-1.510099023580551147e-01,-7.577490527182817459e-03,-2.012200057506561279e-01,-4.203314310871064663e-04,4.278444871306419373e-02,-6.296237558126449585e-02,-1.376746147871017456e-01,-1.062240302562713623e-01,-1.521831601858139038e-01,5.903480574488639832e-02,-3.868267871439456940e-03,-3.466405346989631653e-02,-4.255618527531623840e-02,-5.625282227993011475e-02,-3.443779423832893372e-02,6.015722453594207764e-02,1.244011744856834412e-01,2.125345356762409210e-02,6.439844518899917603e-02,6.930311024188995361e-02,-9.989074617624282837e-02,-9.316216409206390381e-02,4.339310806244611740e-03,-3.930081054568290710e-02,-8.339790254831314087e-02
8.582627028226852417e-02,1.202093902975320816e-02,2.889687418937683105e-01,1.504616886377334595e-01,6.141710877418518066e-01,3.315562605857849121e-01,4.219259321689605713e-01,1.810934990644454956e-01,1.000000000000000000e+00,3.710310459136962891e-01,2.729133963584899902e-01,1.908538192510604858e-01,5.562056303024291992e-01,2.954835891723632812e-01,4.083886742591857910e-01,1.859657168388366699e-01,2.750895917415618896e-01,2.340743243694305420e-01,5.054787918925285339e-02,7.055177539587020874e-02,-1.226890757679939270e-01,-1.590732932090759277e-01,3.227864801883697510e-01,2.125383168458938599e-01,5.736047625541687012e-01,5.679307579994201660e-01,1.783622354269027710e-01,-1.861792057752609253e-01,2.852751314640045166e-01,2.295543402433395386e-01,4.099752902984619141e-01,2.989470660686492920e-01,1.551528722047805786e-01,2.380806580185890198e-02,1.523115634918212891e-01,1.098699718713760376e-01,-2.040380984544754028e-01,-2.115872502326965332e-01,-3.617114201188087463e-02,-2.119339555501937866e-01,-5.399742349982261658e-02,-2.163796424865722656e-01,-2.058144193142652512e-03,4.064455255866050720e-02,7.939710468053817749e-02,7.450559735298156738e-02,4.742719233036041260e-02,-1.244208402931690216e-02,2.755798399448394775e-01,1.601405143737792969e-01,1.928727030754089355e-01,1.499524414539337158e-01,-1.021923348307609558e-01,-1.862131953239440918e-01,-9.533316642045974731e-02,-2.286468744277954102e-01,-1.151043083518743515e-02,-8.486244827508926392e-02,2.085078656673431396e-01,5.311100184917449951e-02,3.113887012004852295e-01,-9.435004740953445435e-02,1.408128738403320312e-01,-9.438974410295486450e-02,3.082260489463806152e-01,1.234210804104804993e-01,1.503663659095764160e-01,1.210923343896865845e-01,1.853486336767673492e-02,2.696979045867919922e-02,5.087674260139465332e-01,4.543216228485107422e-01,4.327491223812103271e-01,4.980917870998382568e-01,3.987379968166351318e-01,4.365883469581604004e-01,2.978115379810333252e-01,3.325954675674438477e-01,2.060900777578353882e-01,2.447104603052139282e-01,2.788668274879455566e-01,1.888967007398605347e-01,-1.697767972946166992e-01,-3.428383469581604004e-01,1.092153489589691162e-01,-9.904777631163597107e-03,-3.476448953151702881e-01,-3.650698959827423096e-01,-2.121729403734207153e-01,-2.763227820396423340e-01,-8.835887908935546875e-02,2.518971217796206474e-03,-3.247599676251411438e-02,-2.604229561984539032e-02,-2.515715658664703369e-01,-2.045150250196456909e-01,-2.189669162034988403e-01,-2.677871882915496826e-01,1.877328194677829742e-02,-9.121982753276824951e-02,4.473503306508064270e-02,2.213662862777709961e-01,9.271362423896789551e-02,2.059309780597686768e-01,1.326860487461090088e-01,1.528582721948623657e-01,1.679947599768638611e-02,8.654991537332534790e-02,-2.607833743095397949e-01,-2.248059064149856567e-01,5.873654037714004517e-02,-1.041737496852874756e-01,1.462699659168720245e-02,9.833141416311264038e-02,-1.149431802332401276e-02,2.706205472350120544e-02
-2.555845677852630615e-02,-1.339336298406124115e-02,6.147946044802665710e-02,4.407813772559165955e-02,3.086197078227996826e-01,4.841989874839782715e-01,1.192399859428405762e-01,1.213233992457389832e-01,3.710310459136962891e-01,1.000000000000000000e+00,4.951750487089157104e-02,1.318011283874511719e-01,2.042578756809234619e-01,2.647825777530670166e-01,-6.849801540374755859e-02,3.707822263240814209e-01,-4.024478420615196228e-02,5.811819434165954590e-02,-9.666013717651367188e-02,-1.538197547197341919e-01,-1.392090618610382080e-01,-2.510534822940826416e-01,2.783458866178989410e-02,1.226270850747823715e-02,2.145359665155410767e-01,2.680115699768066406e-01,-4.164136573672294617e-02,-1.387909054756164551e-01,1.750297993421554565e-01,9.417383372783660889e-02,3.888462856411933899e-02,8.180404454469680786e-02,-1.270689368247985840e-01,9.089832752943038940e-02,6.201306730508804321e-02,1.238420754671096802e-01,-9.291500598192214966e-02,-3.114533126354217529e-01,-7.392207533121109009e-02,-1.822421699762344360e-01,-1.289004534482955933e-01,-2.134696990251541138e-01,1.308875624090433121e-02,2.280840277671813965e-02,1.441714316606521606e-01,1.031961515545845032e-01,-3.006882406771183014e-02,-4.556996375322341919e-02,9.870564192533493042e-02,2.005494982004165649e-01,5.396037921309471130e-02,2.479093819856643677e-01,-2.047582864761352539e-01,-1.260360181331634521e-01,-1.901812702417373657e-01,-9.854578226804733276e-02,-1.621985733509063721e-01,-2.752821310423314571e-04,-3.218213468790054321e-02,8.893735706806182861e-02,4.002202674746513367e-02,1.115468814969062805e-01,-1.285239607095718384e-01,1.944684535264968872e-01,9.762299060821533203e-02,3.942850828170776367e-01,7.694785296916961670e-02,8.822178095579147339e-02,-7.019110769033432007e-02,-1.079798117280006409e-01,2.526000738143920898e-01,2.172181010246276855e-01,2.443459481000900269e-01,1.815435290336608887e-01,2.505876123905181885e-01,2.147584706544876099e-01,1.862956434488296509e-01,1.756221055984497070e-01,6.592673808336257935e-02,-1.230249553918838501e-02,5.119705200195312500e-02,1.584272086620330811e-01,-1.691894680261611938e-01,-3.721300661563873291e-01,-6.604898720979690552e-02,-7.386735081672668457e-02,-2.541019022464752197e-01,-2.802517116069793701e-01,-2.770077288150787354e-01,-1.016181558370590210e-01,1.338083595037460327e-01,5.259769409894943237e-02,1.523496657609939575e-01,6.144822761416435242e-02,-1.595661491155624390e-01,-1.225645542144775391e-01,-1.092654094099998474e-01,-2.479478120803833008e-01,-4.031088575720787048e-02,-1.592594683170318604e-01,2.552165687084197998e-01,1.205829456448554993e-01,2.147349864244461060e-01,2.309103459119796753e-01,1.144347265362739563e-01,6.995461881160736084e-02,-3.461330384016036987e-02,3.661368787288665771e-02,-2.670186758041381836e-01,-1.213206723332405090e-01,-8.318210020661354065e-03,-9.052889049053192139e-02,8.900813758373260498e-02,8.804915100336074829e-02,5.952826514840126038e-02,2.893336303532123566e-02
3.092860579490661621e-01,2.015061676502227783e-01,3.393718600273132324e-01,2.021148055791854858e-01,2.119749635457992554e-01,-3.036738373339176178e-02,3.894868195056915283e-01,2.627059817314147949e-01,2.729133963584899902e-01,4.951750487089157104e-02,1.000000000000000000e+00,4.985017180442810059e-01,5.935944914817810059e-01,5.204368233680725098e-01,4.891517013311386108e-02,4.666919261217117310e-02,5.694470405578613281e-01,5.198011398315429688e-01,1.674689501523971558e-01,1.685442924499511719e-01,-1.515300422906875610e-01,-1.460480503737926483e-02,3.886792361736297607e-01,2.942720949649810791e-01,3.043873906135559082e-01,2.715871036052703857e-01,-1.443508267402648926e-01,-3.239117562770843506e-01,2.750889658927917480e-01,2.311782240867614746e-01,4.219028651714324951e-01,3.249436318874359131e-01,3.115698993206024170e-01,2.626774013042449951e-01,1.875764429569244385e-01,1.972098052501678467e-01,9.853687882423400879e-02,1.475184410810470581e-02,1.019256711006164551e-01,-1.855083182454109192e-02,-9.500769898295402527e-03,-2.049148082733154297e-01,1.230948865413665771e-01,9.383385628461837769e-02,1.705489307641983032e-01,1.526222229003906250e-01,1.698246747255325317e-01,1.357009410858154297e-01,2.922225296497344971e-01,2.356782555580139160e-01,2.834613919258117676e-01,2.170598357915878296e-01,1.364435255527496338e-01,-8.579994738101959229e-02,6.775540113449096680e-02,-1.243628636002540588e-01,2.487294971942901611e-01,1.806512326002120972e-01,3.533833026885986328e-01,2.374682426452636719e-01,4.403621852397918701e-01,2.233381271362304688e-01,4.065153002738952637e-01,2.456305176019668579e-01,2.606476247310638428e-01,2.078005671501159668e-01,3.239705860614776611e-01,2.699788212776184082e-01,1.364256292581558228e-01,1.848317682743072510e-01,3.790646493434906006e-01,3.558911383152008057e-01,4.056070744991302490e-01,3.594533503055572510e-01,3.112073540687561035e-01,2.865362465381622314e-01,2.911654710769653320e-01,3.308661282062530518e-01,3.967037498950958252e-01,3.448370993137359619e-01,2.230262756347656250e-01,3.608059585094451904e-01,-1.847986429929733276e-01,-1.537079811096191406e-01,1.793951988220214844e-01,1.493722498416900635e-01,-2.682098448276519775e-01,-1.666829735040664673e-01,-3.764624148607254028e-02,-6.141480058431625366e-02,2.627483755350112915e-02,7.608217746019363403e-02,9.004051238298416138e-02,4.546713829040527344e-02,6.218991428613662720e-02,-1.835586037486791611e-03,1.112705841660499573e-01,3.961134701967239380e-02,3.826950490474700928e-02,1.459269672632217407e-01,7.951002568006515503e-02,2.462291419506072998e-01,7.766396552324295044e-02,2.512869536876678467e-01,3.116010688245296478e-02,1.577630341053009033e-01,9.791044145822525024e-02,5.878421291708946228e-02,-4.156852886080741882e-02,1.523315757513046265e-01,2.519505620002746582e-01,4.404253885149955750e-02,6.985011976212263107e-03,-7.196181267499923706e-02,-4.060535877943038940e-02,1.055212225764989853e-02
-1.631262712180614471e-02,2.814657986164093018e-01,4.109732508659362793e-01,4.939519762992858887e-01,3.573885858058929443e-01,2.536275684833526611e-01,4.284435212612152100e-01,5.678645372390747070e-01,1.908538192510604858e-01,1.318011283874511719e-01,4.985017180442810059e-01,1.000000000000000000e+00,5.919959545135498047e-01,7.339482307434082031e-01,-4.701995849609375000e-02,2.600682377815246582e-01,4.049160480499267578e-01,6.250436902046203613e-01,-1.257177144289016724e-01,-8.029229007661342621e-03,-3.112591989338397980e-02,1.475690156221389771e-01,4.416151046752929688e-01,6.224719882011413574e-01,4.415670633316040039e-01,4.624002873897552490e-01,-1.574583202600479126e-01,-2.215906381607055664e-01,3.848125636577606201e-01,4.380890727043151855e-01,5.910728573799133301e-01,6.015984416007995605e-01,2.013723403215408325e-01,3.771467506885528564e-01,7.851449400186538696e-02,1.969958543777465820e-01,-4.664934426546096802e-02,-1.004862189292907715e-01,-3.581260144710540771e-02,-1.171749457716941833e-01,-1.348793972283601761e-02,-1.703752577304840088e-01,-2.790028788149356842e-02,5.373731628060340881e-02,1.526928544044494629e-01,2.327911108732223511e-01,4.887504503130912781e-02,-2.473737299442291260e-02,2.029561400413513184e-01,2.836408317089080811e-01,1.057478412985801697e-01,2.561935186386108398e-01,-4.648958146572113037e-02,-2.589221894741058350e-01,-1.344947516918182373e-01,-2.674561142921447754e-01,-6.974531710147857666e-02,1.275292783975601196e-01,1.700548231601715088e-01,2.076905369758605957e-01,1.121015474200248718e-01,2.002932727336883545e-01,2.980562672019004822e-02,3.885048329830169678e-01,9.878978133201599121e-02,3.637193739414215088e-01,1.734839081764221191e-01,1.854487657546997070e-01,-6.141499802470207214e-02,-7.299344241619110107e-02,5.116130113601684570e-01,5.290056467056274414e-01,4.382278919219970703e-01,4.737825393676757812e-01,3.347580134868621826e-01,3.718951344490051270e-01,2.545612752437591553e-01,3.357543051242828369e-01,3.273830413818359375e-01,4.600913226604461670e-01,1.865912079811096191e-01,4.872491359710693359e-01,-5.583609268069267273e-02,-6.715477257966995239e-02,2.625910565257072449e-02,1.530132144689559937e-01,-3.064723908901214600e-01,-1.758638620376586914e-01,-2.168357372283935547e-01,-1.278306692838668823e-01,-7.874204963445663452e-02,-1.526045203208923340e-01,-6.660653650760650635e-02,-2.174385637044906616e-01,4.909499362111091614e-02,1.332750264555215836e-02,-7.382139097899198532e-03,-1.612960100173950195e-01,-1.044755280017852783e-01,-7.622765004634857178e-02,-8.354737423360347748e-03,-2.088769711554050446e-02,-8.612820506095886230e-02,-3.778165578842163086e-02,-9.448546171188354492e-02,-4.638553410768508911e-02,6.292100995779037476e-02,1.267030239105224609e-01,2.381740137934684753e-02,1.440926343202590942e-01,1.287809610366821289e-01,-1.261376440525054932e-01,-8.744435757398605347e-02,-9.038092941045761108e-02,-1.184888631105422974e-01,-7.005438953638076782e-02
1.310959160327911377e-01,1.944287568330764771e-01,4.779452383518218994e-01,3.895080685615539551e-01,5.435568690299987793e-01,2.714622020721435547e-01,5.935204625129699707e-01,4.370421469211578369e-01,5.562056303024291992e-01,2.042578756809234619e-01,5.935944914817810059e-01,5.919959545135498047e-01,1.000000000000000000e+00,6.373135447502136230e-01,1.721258163452148438e-01,2.003923505544662476e-01,4.876597821712493896e-01,6.010074019432067871e-01,1.693685725331306458e-02,1.092093810439109802e-01,-9.603165090084075928e-02,-9.685914032161235809e-03,5.206267833709716797e-01,5.062345862388610840e-01,5.888134837150573730e-01,5.972813963890075684e-01,-2.898672409355640411e-02,-3.067047297954559326e-01,3.996695578098297119e-01,3.982923924922943115e-01,6.533728837966918945e-01,5.715585947036743164e-01,2.916330397129058838e-01,2.700538933277130127e-01,1.887576431035995483e-01,2.214526385068893433e-01,-1.332110911607742310e-01,-1.508898884057998657e-01,-2.070963568985462189e-02,-1.984341442584991455e-01,-6.910772621631622314e-02,-2.854820787906646729e-01,4.253088682889938354e-02,9.379108250141143799e-02,2.047525346279144287e-01,2.172698080539703369e-01,1.170736700296401978e-01,3.741346299648284912e-02,3.689414858818054199e-01,3.080227673053741455e-01,2.862386703491210938e-01,2.810975015163421631e-01,2.565475553274154663e-02,-2.237523347139358521e-01,-6.408986449241638184e-02,-2.925613522529602051e-01,9.149383008480072021e-02,9.231010824441909790e-02,3.654596507549285889e-01,2.223005741834640503e-01,3.716171383857727051e-01,1.252510696649551392e-01,2.361250519752502441e-01,2.110699415206909180e-01,2.764480710029602051e-01,3.016095757484436035e-01,3.154713213443756104e-01,2.691520154476165771e-01,6.113653630018234253e-02,9.025928378105163574e-02,6.537725329399108887e-01,6.296706199645996094e-01,5.242008566856384277e-01,5.904086828231811523e-01,4.141324460506439209e-01,4.713861942291259766e-01,3.964300155639648438e-01,4.905980825424194336e-01,3.746225535869598389e-01,4.386246502399444580e-01,3.237548768520355225e-01,4.883913695812225342e-01,-1.680207997560501099e-01,-2.331057935953140259e-01,1.858211606740951538e-01,1.762339770793914795e-01,-3.798000216484069824e-01,-3.018323779106140137e-01,-1.851113438606262207e-01,-2.210486829280853271e-01,-6.988251954317092896e-02,-4.798845574259757996e-02,-5.024799704551696777e-02,-1.528272628784179688e-01,-7.347358018159866333e-02,-1.212219148874282837e-01,-8.389356732368469238e-02,-2.079717665910720825e-01,1.812151051126420498e-03,-1.448604557663202286e-02,4.515115544199943542e-02,1.397460252046585083e-01,4.428583011031150818e-02,1.635085493326187134e-01,5.505616217851638794e-02,1.090070754289627075e-01,7.251080870628356934e-02,8.569756895303726196e-02,-1.591893881559371948e-01,-4.955216869711875916e-02,1.008673310279846191e-01,-1.286393404006958008e-01,-7.658316195011138916e-02,3.510649129748344421e-02,-1.237703580409288406e-02,-4.572026059031486511e-02
