1.000000000000000000e+00,2.610161900520324707e-01,2.741032838821411133e-01,1.536385416984558105e-01,-4.181849211454391479e-02,-1.354432553052902222e-01,5.551734566688537598e-01,2.672425210475921631e-01,-3.480873256921768188e-02,-2.013866156339645386e-01,6.776221990585327148e-01,2.819213271141052246e-01,5.183706879615783691e-01,1.892311722040176392e-01,1.733966171741485596e-02,-2.343112230300903320e-01,2.171709388494491577e-01,-1.269361376762390137e-01,-2.000812292098999023e-01,1.820058375597000122e-02,3.253905847668647766e-02,-4.024573415517807007e-02,-2.434788970276713371e-03,-2.805021777749061584e-02,-1.719077676534652710e-02,-1.298611909151077271e-01,-1.891261786222457886e-01,-7.547048479318618774e-02,3.678844571113586426e-01,3.268240764737129211e-02,1.702546514570713043e-02,2.761287614703178406e-04,2.177152410149574280e-02,-4.308112710714340210e-02,-1.083329394459724426e-01,-2.170317322015762329e-01,6.117310374975204468e-02,-2.977787330746650696e-02,7.272697985172271729e-04,-3.672524821013212204e-03,5.430366843938827515e-02,2.466016449034214020e-02,-2.342487424612045288e-01,-1.557992249727249146e-01,-3.048353195190429688e-01,-2.127195149660110474e-01,-4.617034271359443665e-02,-1.730036288499832153e-01,-9.379265457391738892e-02,-7.691395282745361328e-02,8.275121450424194336e-02,-9.651079028844833374e-02,-3.950752690434455872e-02,-1.740919351577758789e-01,7.952196523547172546e-03,-2.166553139686584473e-01,4.605143666267395020e-01,-1.117380633950233459e-01,-6.559610366821289062e-02,-1.950874924659729004e-01,-1.068983227014541626e-01,-2.289001196622848511e-01,1.155553534626960754e-01,-2.416685670614242554e-01,-1.467811912298202515e-01,-1.597010046243667603e-01,-2.421843260526657104e-01,-2.639337480068206787e-01,1.272016614675521851e-01,5.585477501153945923e-02,1.756728887557983398e-01,2.096436172723770142e-01,2.713091373443603516e-01,2.347375601530075073e-01,-7.565482705831527710e-02,-8.783812075853347778e-02,-4.835856705904006958e-02,-1.544423550367355347e-01,9.560164995491504669e-03,-3.351672366261482239e-02,7.714635133743286133e-02,-1.737130731344223022e-01,2.146848291158676147e-01,-2.383065968751907349e-02,1.544608920812606812e-01,-1.485278457403182983e-01,1.100353226065635681e-01,-1.092340648174285889e-01,3.533010929822921753e-02,-2.426624745130538940e-01,-3.897266834974288940e-02,-2.363898605108261108e-01,-9.395894408226013184e-02,-2.361428439617156982e-01,5.513074249029159546e-02,7.488050311803817749e-02,5.627564713358879089e-02,1.722952350974082947e-02,-5.208019167184829712e-02,-2.054488658905029297e-01,3.667132556438446045e-02,-1.198230609297752380e-01,-1.271619647741317749e-01,-1.980841606855392456e-01,-2.738839760422706604e-02,-9.688752144575119019e-02,3.735044226050376892e-02,-1.323295235633850098e-01,2.159733474254608154e-01,1.674261689186096191e-01,-1.108113024383783340e-02,-2.890707552433013916e-01,-2.799047231674194336e-01,-1.251955032348632812e-01,-7.472980767488479614e-02,2.011135779321193695e-02
2.610161900520324707e-01,1.000000000000000000e+00,-4.655896127223968506e-02,2.000072747468948364e-01,-7.982082664966583252e-02,1.109388396143913269e-01,4.552775062620639801e-03,4.273923337459564209e-01,-1.522938311100006104e-01,5.078703910112380981e-02,1.802075505256652832e-01,4.668789803981781006e-01,8.571510761976242065e-02,4.110366106033325195e-01,-1.842132210731506348e-01,8.989957720041275024e-02,9.717205911874771118e-02,3.968542516231536865e-01,-1.472914069890975952e-01,-8.951824158430099487e-02,-9.331130236387252808e-02,-6.107844412326812744e-02,7.365317642688751221e-02,1.070082634687423706e-01,1.135071553289890289e-02,7.228620350360870361e-02,-7.238641381263732910e-02,1.761199720203876495e-02,-6.596955657005310059e-02,1.953125745058059692e-01,-5.670036375522613525e-02,2.202465757727622986e-02,1.787261515855789185e-01,9.484544396400451660e-02,-6.379796564579010010e-02,-8.533173054456710815e-02,6.099249795079231262e-02,1.336877644062042236e-01,4.132331535220146179e-02,-1.226398278959095478e-03,7.918941229581832886e-02,2.349925339221954346e-01,1.039397194981575012e-01,2.593907713890075684e-02,-1.626310348510742188e-01,5.089523270726203918e-02,-2.945129014551639557e-02,-9.924164973199367523e-03,-9.077300876379013062e-02,1.639972478151321411e-01,2.103615552186965942e-02,2.476392090320587158e-01,-3.089194893836975098e-01,-1.113557815551757812e-01,-1.336555480957031250e-01,4.890248924493789673e-02,3.276258409023284912e-01,5.501384735107421875e-01,-1.723291128873825073e-01,-3.089849464595317841e-02,-1.806094199419021606e-01,5.433544144034385681e-02,-2.696638405323028564e-01,9.495219588279724121e-02,-3.510905206203460693e-01,-5.033927038311958313e-02,-1.238141059875488281e-01,-7.389869540929794312e-02,2.897896766662597656e-01,2.943382859230041504e-01,-1.287125796079635620e-01,1.208925060927867889e-02,-4.957468807697296143e-02,2.178411334753036499e-01,-1.077344566583633423e-01,7.290684431791305542e-02,-9.815583005547523499e-03,-1.230620685964822769e-02,-1.355578899383544922e-01,2.965250611305236816e-01,-5.967047065496444702e-02,3.058410882949829102e-01,1.231831908226013184e-01,3.573368787765502930e-01,-1.084194406867027283e-01,3.724668025970458984e-01,1.406497955322265625e-01,2.874190509319305420e-01,-4.027646034955978394e-02,2.748857438564300537e-01,-1.323485523462295532e-01,9.488186240196228027e-02,-1.430082321166992188e-02,2.382013201713562012e-01,1.042922511696815491e-01,7.765913009643554688e-02,-1.515457872301340103e-02,4.104474559426307678e-02,-1.161599755287170410e-01,-1.670664921402931213e-02,-1.225387025624513626e-02,2.076121717691421509e-01,1.053613498806953430e-01,1.663518846035003662e-01,8.297466486692428589e-02,2.184123247861862183e-01,-3.099596500396728516e-02,1.180996838957071304e-02,6.220467388629913330e-02,-3.254612535238265991e-02,-4.823880270123481750e-02,-5.376923829317092896e-02,1.743727922439575195e-02,-6.636010948568582535e-03,-1.070607732981443405e-02,-7.036875933408737183e-02
2.741032838821411133e-01,-4.655896127223968506e-02,1.000000000000000000e+00,5.401449203491210938e-01,9.144614450633525848e-03,-2.570169977843761444e-02,5.054424405097961426e-01,2.728748619556427002e-01,1.446473449468612671e-01,-1.274779066443443298e-02,1.633099019527435303e-01,1.117444634437561035e-01,2.148010283708572388e-01,4.099854081869125366e-02,1.148344129323959351e-01,-1.088111847639083862e-02,2.759593725204467773e-02,-7.503722608089447021e-02,1.614326983690261841e-01,2.495057582855224609e-01,1.477043479681015015e-01,1.296344548463821411e-01,4.447204470634460449e-01,3.895796239376068115e-01,3.339907526969909668e-02,1.677623763680458069e-02,1.075467169284820557e-01,8.408913761377334595e-02,2.635568976402282715e-01,9.050817042589187622e-02,2.582704722881317139e-01,2.539093792438507080e-01,1.096393838524818420e-01,2.076801806688308716e-01,1.174399331212043762e-01,4.269349947571754456e-02,7.008989155292510986e-02,-3.187993168830871582e-02,1.488237231969833374e-01,5.618104338645935059e-02,1.070879846811294556e-01,5.210100859403610229e-02,-8.719344437122344971e-02,9.599605947732925415e-02,-9.512197226285934448e-02,-4.430190473794937134e-02,4.060761258006095886e-02,4.786567762494087219e-02,-1.781860738992691040e-02,-7.848735898733139038e-02,-1.891594380140304565e-02,-4.531139507889747620e-02,-3.259755298495292664e-02,-6.147677078843116760e-02,3.567840903997421265e-02,-1.492895036935806274e-01,-1.212580874562263489e-01,-1.533180177211761475e-01,7.058972865343093872e-02,-1.468325704336166382e-01,-1.188990026712417603e-01,-2.405964583158493042e-01,-3.906022757291793823e-02,-1.900848597288131714e-01,-6.458432879298925400e-03,-1.148275062441825867e-01,-1.238798722624778748e-01,-3.149296343326568604e-02,-3.752586841583251953e-01,-1.622536331415176392e-01,1.773619055747985840e-01,2.535203993320465088e-01,2.759776413440704346e-01,1.855122447013854980e-01,9.586487710475921631e-02,1.959261894226074219e-01,1.347306966781616211e-01,9.449493139982223511e-02,8.439815044403076172e-02,-1.605474203824996948e-01,-4.494268074631690979e-02,-2.023881524801254272e-01,1.196366250514984131e-01,-2.625016681849956512e-02,-2.391934767365455627e-02,-1.631849855184555054e-01,7.827688008546829224e-02,-8.917238563299179077e-02,-2.141460217535495758e-02,-1.831894963979721069e-01,-3.898898884654045105e-02,-1.510557234287261963e-01,-1.223081946372985840e-01,-1.671717613935470581e-01,1.594201773405075073e-01,3.436038643121719360e-02,8.322132378816604614e-02,1.726069860160350800e-02,-5.336286127567291260e-02,-1.408359557390213013e-01,-1.114651709794998169e-01,-1.390445083379745483e-01,-2.534573376178741455e-01,-2.610387504100799561e-01,-9.390652924776077271e-02,-1.303486973047256470e-01,-2.760153450071811676e-02,-1.300380080938339233e-01,1.889960318803787231e-01,2.428715825080871582e-01,1.205680742859840393e-01,-1.058841720223426819e-01,-1.251725703477859497e-01,-4.294592887163162231e-02,-6.321783363819122314e-02,-1.265144795179367065e-01
1.536385416984558105e-01,2.000072747468948364e-01,5.401449203491210938e-01,1.000000000000000000e+00,-6.730715185403823853e-02,1.142046302556991577e-01,4.188196063041687012e-01,6.734434962272644043e-01,-6.033940985798835754e-02,1.591614633798599243e-01,1.320704966783523560e-01,4.032592475414276123e-01,6.567555665969848633e-02,3.935269415378570557e-01,-1.107246279716491699e-01,1.860663890838623047e-01,-1.473753619939088821e-02,1.164757683873176575e-01,-3.311359509825706482e-02,2.386307716369628906e-01,1.022151708602905273e-01,1.502270102500915527e-01,3.137135207653045654e-01,4.287676811218261719e-01,5.553768482059240341e-03,6.387332826852798462e-02,1.017453968524932861e-01,1.126125529408454895e-01,1.969273984432220459e-01,3.490440249443054199e-01,1.833989769220352173e-01,2.822572290897369385e-01,4.791486635804176331e-02,2.071046084165573120e-01,-3.113341517746448517e-02,1.975295878946781158e-02,9.957349300384521484e-02,1.412120610475540161e-01,2.190599590539932251e-01,1.529843658208847046e-01,1.447155028581619263e-01,1.747360527515411377e-01,-1.284144967794418335e-01,-2.622889913618564606e-02,-1.686270236968994141e-01,-1.203023120760917664e-01,-1.211214438080787659e-01,-4.726221039891242981e-02,-2.001471817493438721e-01,-1.121696382761001587e-01,-1.761199235916137695e-01,-2.736371196806430817e-02,-2.242888957262039185e-01,-7.295864075422286987e-02,-7.205811887979507446e-02,-2.823120914399623871e-02,-1.653346419334411621e-01,1.255971640348434448e-01,-1.615783721208572388e-01,-1.790336668491363525e-01,-2.707248032093048096e-01,-1.489679664373397827e-01,-1.536744832992553711e-01,-3.460775827988982201e-03,-2.589556574821472168e-01,-1.975971311330795288e-01,-2.734544277191162109e-01,-1.802220344543457031e-01,-3.393196463584899902e-01,-1.131429895758628845e-01,1.286054104566574097e-01,2.533963322639465332e-01,1.860415786504745483e-01,3.776973187923431396e-01,1.515746675431728363e-02,2.087051719427108765e-01,8.881036192178726196e-02,6.663162261247634888e-02,-7.172361016273498535e-02,-9.330719709396362305e-02,-6.681355834007263184e-02,-1.334710046648979187e-02,1.185073852539062500e-01,2.202465683221817017e-01,-1.923712790012359619e-01,-7.289859000593423843e-03,1.598406881093978882e-01,1.627271026372909546e-01,-7.214239984750747681e-02,3.941410407423973083e-02,-1.372118145227432251e-01,-9.853950142860412598e-02,-1.839564740657806396e-01,-1.028581410646438599e-01,1.637544333934783936e-01,-1.237747631967067719e-02,5.257765203714370728e-02,5.645477678626775742e-03,-1.874367296695709229e-01,-1.698621064424514771e-01,-1.736917644739151001e-01,-4.524708539247512817e-02,-1.657754778861999512e-01,-6.858210265636444092e-02,-1.119482666254043579e-01,-5.203935131430625916e-02,3.333869203925132751e-02,1.298477058298885822e-03,1.719375699758529663e-01,2.055156677961349487e-01,3.032106533646583557e-02,-1.552893817424774170e-01,-1.196406111121177673e-01,-3.231266513466835022e-02,-8.270601928234100342e-02,-1.637733131647109985e-01
-4.181849211454391479e-02,-7.982082664966583252e-02,9.144614450633525848e-03,-6.730715185403823853e-02,1.000000000000000000e+00,4.330498576164245605e-01,7.514204084873199463e-02,-4.585219174623489380e-02,2.825332283973693848e-01,-1.374867260456085205e-01,-4.789450019598007202e-02,-4.225893691182136536e-02,1.555573344230651855e-01,-9.090708568692207336e-03,3.926840424537658691e-01,-1.233770251274108887e-01,-1.186349317431449890e-01,-6.409615278244018555e-02,-5.059877876192331314e-03,-6.880248337984085083e-02,1.006323620676994324e-01,1.140668336302042007e-02,2.927196025848388672e-02,6.084681302309036255e-02,4.793051183223724365e-01,4.017967581748962402e-01,5.020813941955566406e-01,5.902309417724609375e-01,5.155880376696586609e-02,2.722469903528690338e-02,1.089606955647468567e-01,5.463725328445434570e-02,-1.331099867820739746e-02,-2.032466046512126923e-02,1.427251379936933517e-02,-2.440726943314075470e-02,-4.849857464432716370e-02,-4.727288708090782166e-02,-6.713807582855224609e-02,-1.207773387432098389e-01,-6.866475194692611694e-02,-1.429403387010097504e-02,-8.099051564931869507e-02,-9.080766141414642334e-02,2.530444413423538208e-02,1.977704651653766632e-02,-1.167321801185607910e-01,-1.596466004848480225e-01,-1.604876480996608734e-02,-2.998739853501319885e-02,-1.050073429942131042e-01,-7.609162479639053345e-02,-8.822117745876312256e-02,-1.853493228554725647e-02,-1.475556641817092896e-01,-2.235641479492187500e-01,-6.330942362546920776e-02,-4.685108363628387451e-02,-6.838494539260864258e-02,-6.669952720403671265e-02,-2.225915901362895966e-02,-3.019567392766475677e-02,-9.628415107727050781e-02,-4.583176970481872559e-02,-6.140531226992607117e-02,-8.220729976892471313e-02,-5.116270855069160461e-02,-3.427733853459358215e-02,-1.334501709789037704e-02,-1.711402833461761475e-02,8.075521327555179596e-03,3.171993046998977661e-02,6.178242340683937073e-02,6.397721916437149048e-02,-1.115217059850692749e-01,-1.584823578596115112e-01,-1.993337646126747131e-02,-3.323363885283470154e-02,7.146072387695312500e-02,3.198118507862091064e-02,-1.856322288513183594e-01,-1.052591353654861450e-01,1.359772533178329468e-01,8.645103126764297485e-02,-1.148529946804046631e-01,-5.410318449139595032e-02,6.373559683561325073e-02,9.425495564937591553e-02,-2.207872271537780762e-01,-9.323759377002716064e-02,-2.050728797912597656e-01,-1.564119756221771240e-01,-1.975410282611846924e-01,-1.453298032283782959e-01,-7.615064084529876709e-02,-4.919436294585466385e-03,-9.798794239759445190e-02,-9.092774987220764160e-02,-2.194602042436599731e-01,-1.837875843048095703e-01,-2.287318557500839233e-01,-1.662779152393341064e-01,-1.851906627416610718e-01,-1.299686729907989502e-01,-1.891439408063888550e-01,-1.490944325923919678e-01,1.245237514376640320e-01,4.447238519787788391e-02,-4.262522608041763306e-02,-1.158027909696102142e-02,-3.118505887687206268e-02,-7.915864884853363037e-02,-1.821415871381759644e-01,-1.991662383079528809e-01,-2.044265568256378174e-01,-2.000894024968147278e-02
-1.354432553052902222e-01,1.109388396143913269e-01,-2.570169977843761444e-02,1.142046302556991577e-01,4.330498576164245605e-01,1.000000000000000000e+00,-5.920866131782531738e-02,1.873321086168289185e-01,1.389085650444030762e-01,4.106769561767578125e-01,-8.961427956819534302e-02,2.127959728240966797e-01,-1.361858472228050232e-02,3.161892592906951904e-01,9.927588701248168945e-02,3.790036439895629883e-01,-2.727270359173417091e-03,1.981759667396545410e-01,-1.115043759346008301e-01,-1.583752036094665527e-01,8.917040377855300903e-02,5.539672449231147766e-02,1.498258113861083984e-01,3.556740656495094299e-02,4.658714830875396729e-01,5.281755924224853516e-01,3.638193309307098389e-01,3.825930058956146240e-01,3.315265849232673645e-02,3.081923425197601318e-01,9.713186323642730713e-02,7.345549762248992920e-02,-8.167389780282974243e-02,-8.917457610368728638e-02,8.237264119088649750e-03,-1.427056267857551575e-02,1.306978166103363037e-01,2.280664443969726562e-01,1.087202951312065125e-01,5.297860875725746155e-02,7.108224928379058838e-02,1.082888841629028320e-01,1.242388784885406494e-01,1.674681007862091064e-01,3.644695878028869629e-02,1.101253107190132141e-01,4.315374419093132019e-02,1.374369412660598755e-01,-1.872208528220653534e-02,1.062417700886726379e-01,2.037763409316539764e-02,1.688455343246459961e-01,-6.527002155780792236e-02,1.047178208827972412e-01,-7.253380864858627319e-02,9.881012886762619019e-02,-4.701561853289604187e-02,2.557791471481323242e-01,7.599792629480361938e-02,1.618674248456954956e-01,1.455817720852792263e-03,1.798583865165710449e-01,-7.431378960609436035e-02,1.263818442821502686e-01,-1.534852571785449982e-02,1.493389308452606201e-01,5.407992005348205566e-02,1.034534573554992676e-01,-4.223398491740226746e-02,4.018085822463035583e-02,-9.596664458513259888e-02,4.646538197994232178e-02,4.156723618507385254e-02,1.252940148115158081e-01,-1.113394945859909058e-01,-9.181433171033859253e-02,6.930194795131683350e-02,4.499762505292892456e-02,7.787138223648071289e-02,2.000806182622909546e-01,2.004240639507770538e-02,1.885860413312911987e-01,2.655414938926696777e-01,2.807141542434692383e-01,-6.268034130334854126e-02,2.244176566600799561e-01,2.255513966083526611e-01,2.510291337966918945e-01,-7.300292700529098511e-02,2.432790249586105347e-01,-9.097468852996826172e-02,7.573796808719635010e-02,-9.770062565803527832e-02,9.124403446912765503e-02,9.717074781656265259e-02,1.345305144786834717e-01,5.001669377088546753e-02,7.552761584520339966e-02,-1.012495681643486023e-01,2.173138223588466644e-02,-1.151145696640014648e-01,2.456895308569073677e-03,-6.550288759171962738e-03,9.335278719663619995e-02,-3.764088731259107590e-03,1.043657884001731873e-01,-9.409707970917224884e-03,1.701060868799686432e-02,5.284998938441276550e-02,6.538062542676925659e-02,1.052258014678955078e-01,1.056742593646049500e-01,8.793266024440526962e-04,-4.209150373935699463e-02,2.188467420637607574e-02,6.955894827842712402e-02
5.551734566688537598e-01,4.552775062620639801e-03,5.054424405097961426e-01,4.188196063041687012e-01,7.514204084873199463e-02,-5.920866131782531738e-02,1.000000000000000000e+00,3.636031448841094971e-01,1.821429580450057983e-01,-2.355009615421295166e-01,5.494884252548217773e-01,1.742010861635208130e-01,6.451143622398376465e-01,1.824988424777984619e-01,2.617789506912231445e-01,-2.447807788848876953e-01,7.758641988039016724e-02,-1.735635846853256226e-01,-3.117221593856811523e-01,-4.999613855034112930e-03,1.548781841993331909e-01,1.241273060441017151e-01,1.059882119297981262e-01,7.293431460857391357e-02,5.994303897023200989e-02,-3.228106722235679626e-02,4.158968478441238403e-02,3.266539797186851501e-02,4.505266845226287842e-01,8.545652776956558228e-02,2.327157855033874512e-01,2.288218289613723755e-01,-1.392815262079238892e-01,-9.838768839836120605e-02,-4.801835492253303528e-02,-1.664084941148757935e-01,8.471959084272384644e-02,-7.507346570491790771e-02,1.056392416357994080e-01,8.277498185634613037e-02,1.672302931547164917e-01,5.485224351286888123e-02,-2.246477901935577393e-01,-9.850973635911941528e-02,-1.501207202672958374e-01,-1.520066410303115845e-01,-7.420133799314498901e-02,-1.394688189029693604e-01,-6.862178444862365723e-02,-1.586274355649948120e-01,-4.883759841322898865e-02,-8.750232309103012085e-02,-1.002502217888832092e-01,-1.485245376825332642e-01,8.462389931082725525e-03,-2.279152721166610718e-01,1.644293516874313354e-01,-1.673181205987930298e-01,-4.052017256617546082e-02,-2.034930437803268433e-01,-1.677621752023696899e-01,-2.608695924282073975e-01,1.420563179999589920e-02,-2.731207609176635742e-01,-1.552684158086776733e-01,-2.079883664846420288e-01,-2.989920377731323242e-01,-2.706961333751678467e-01,-2.463470697402954102e-01,-1.056653857231140137e-01,2.091553956270217896e-01,1.843201518058776855e-01,3.291334807872772217e-01,1.992940008640289307e-01,1.030198708176612854e-01,6.058781221508979797e-02,-1.246085856109857559e-02,-8.973643928766250610e-02,4.832154139876365662e-02,-9.460233151912689209e-02,8.996319957077503204e-03,-3.022509813308715820e-01,1.725289523601531982e-01,-4.924200102686882019e-02,5.596224591135978699e-02,-2.706807255744934082e-01,6.787147372961044312e-02,-1.291804015636444092e-01,-2.110335975885391235e-03,-2.557035684585571289e-01,-1.264603734016418457e-01,-3.190143108367919922e-01,-2.372519522905349731e-01,-2.808370590209960938e-01,1.226999759674072266e-01,8.617210388183593750e-02,5.717449635267257690e-02,2.461390569806098938e-02,-1.083629131317138672e-01,-2.336958199739456177e-01,-1.397641748189926147e-01,-1.706660091876983643e-01,-2.770565450191497803e-01,-2.606420516967773438e-01,-7.617406547069549561e-02,-1.549211889505386353e-01,3.006732463836669922e-02,-1.445606052875518799e-01,2.200566828250885010e-01,1.958488076925277710e-01,5.121944472193717957e-03,-2.155811637639999390e-01,-2.855520546436309814e-01,-1.456833630800247192e-01,-9.551235288381576538e-02,-3.375210985541343689e-02
2.672425210475921631e-01,4.273923337459564209e-01,2.728748619556427002e-01,6.734434962272644043e-01,-4.585219174623489380e-02,1.873321086168289185e-01,3.636031448841094971e-01,1.000000000000000000e+00,-1.416747719049453735e-01,2.324418574571609497e-01,2.656640410423278809e-01,6.165860891342163086e-01,1.772475242614746094e-01,6.626290678977966309e-01,-1.946897506713867188e-01,2.800639271736145020e-01,8.288782089948654175e-02,2.723872661590576172e-01,-2.477348297834396362e-01,-1.014293916523456573e-02,6.666662544012069702e-02,1.037134975194931030e-01,2.047850042581558228e-01,2.354970127344131470e-01,4.521788284182548523e-02,1.087323129177093506e-01,1.007631942629814148e-01,1.847695112228393555e-01,2.534574866294860840e-01,4.758303165435791016e-01,1.502918750047683716e-01,2.879229784011840820e-01,1.281076073646545410e-01,1.650193333625793457e-01,-6.192595139145851135e-02,-5.800965707749128342e-03,1.569947600364685059e-01,2.372026890516281128e-01,2.751829326152801514e-01,1.928382068872451782e-01,1.611187607049942017e-01,2.322893440723419189e-01,-1.175868958234786987e-01,-1.046294569969177246e-01,-2.072185277938842773e-01,-1.195959821343421936e-01,-1.738202720880508423e-01,-1.073295101523399353e-01,-2.736114561557769775e-01,-1.081264019012451172e-01,-1.895714104175567627e-01,-3.666596487164497375e-02,-3.481434881687164307e-01,-1.942911297082901001e-01,-7.268316298723220825e-02,1.414086110889911652e-02,-6.135971099138259888e-02,1.963133364915847778e-01,-2.661938965320587158e-01,-2.063129395246505737e-01,-3.627351522445678711e-01,-1.349834948778152466e-01,-1.003366783261299133e-01,8.721195161342620850e-02,-4.022838771343231201e-01,-1.359236836433410645e-01,-2.478516548871994019e-01,-1.709513068199157715e-01,-9.945913404226303101e-02,-4.316793382167816162e-02,1.165112555027008057e-01,2.673940956592559814e-01,2.602910399436950684e-01,4.688630700111389160e-01,-1.611040346324443817e-02,1.673790365457534790e-01,7.656569778919219971e-02,5.012940987944602966e-02,-1.131992340087890625e-01,1.067795604467391968e-01,-2.992526814341545105e-02,1.435807198286056519e-01,1.950078755617141724e-01,3.017342388629913330e-01,-2.150036692619323730e-01,1.708758622407913208e-01,2.209694087505340576e-01,2.446270585060119629e-01,-7.409302890300750732e-02,1.882434338331222534e-01,-1.874669045209884644e-01,-7.605706155300140381e-02,-1.720984876155853271e-01,-4.247800633311271667e-02,2.242474555969238281e-01,1.054878458380699158e-01,9.549968689680099487e-02,1.041295900940895081e-01,-1.558491438627243042e-01,-1.297149956226348877e-01,-1.177506893873214722e-01,1.017931010574102402e-02,2.217740938067436218e-02,1.068509519100189209e-01,3.740208689123392105e-03,7.092402130365371704e-02,2.529091201722621918e-02,3.812705865129828453e-03,2.292601913213729858e-01,2.238022536039352417e-01,-1.580742932856082916e-02,-1.928604394197463989e-01,-8.540536463260650635e-02,-4.279243294149637222e-03,-2.264327183365821838e-02,-1.393333077430725098e-01
-3.480873256921768188e-02,-1.522938311100006104e-01,1.446473449468612671e-01,-6.033940985798835754e-02,2.825332283973693848e-01,1.389085650444030762e-01,1.821429580450057983e-01,-1.416747719049453735e-01,1.000000000000000000e+00,-1.798566244542598724e-02,1.086151674389839172e-01,-1.220472455024719238e-01,3.980360329151153564e-01,-6.437820941209793091e-02,6.626712083816528320e-01,-2.701497264206409454e-02,4.569730907678604126e-02,4.076150432229042053e-02,7.625646889209747314e-02,2.703635580837726593e-02,1.750030815601348877e-01,1.562433242797851562e-01,1.978670656681060791e-01,1.495642811059951782e-01,1.907793432474136353e-01,2.204428911209106445e-01,3.567277491092681885e-01,1.229763105511665344e-01,2.674809992313385010e-01,-1.472419500350952148e-02,4.424773454666137695e-01,4.098928570747375488e-01,1.074890233576297760e-02,4.256045445799827576e-02,1.544899493455886841e-01,1.829592436552047729e-01,1.772318780422210693e-01,4.038052633404731750e-02,8.887497335672378540e-02,1.817499250173568726e-01,1.248428672552108765e-01,8.906564861536026001e-02,2.308633923530578613e-01,3.155019879341125488e-01,2.744840085506439209e-01,2.455831766128540039e-01,2.410264164209365845e-01,2.847944498062133789e-01,3.051623404026031494e-01,2.099860757589340210e-01,1.565653234720230103e-01,1.983183920383453369e-01,2.366916090250015259e-01,1.928407996892929077e-01,2.577550113201141357e-01,9.589889645576477051e-02,2.037456259131431580e-02,1.078428626060485840e-01,1.571985185146331787e-01,2.115116119384765625e-01,2.054070234298706055e-01,1.718780249357223511e-01,1.635512709617614746e-01,1.386741101741790771e-01,1.452390849590301514e-01,1.282873451709747314e-01,1.717587709426879883e-01,1.647228747606277466e-01,-3.208258375525474548e-02,4.993467405438423157e-02,1.539308577775955200e-01,1.037856191396713257e-01,1.399575024843215942e-01,-4.310497641563415527e-02,1.747623980045318604e-01,8.693826943635940552e-02,1.370927542448043823e-01,1.502296477556228638e-01,1.658273935317993164e-01,9.941340237855911255e-02,1.358108818531036377e-01,5.237833783030509949e-02,1.670441478490829468e-01,-2.947015687823295593e-02,2.003269344568252563e-01,5.037952214479446411e-02,-5.863530561327934265e-02,5.086718499660491943e-02,2.051578164100646973e-01,7.302407920360565186e-02,1.674984246492385864e-01,9.697933495044708252e-02,6.153633818030357361e-02,4.415804147720336914e-02,2.119795605540275574e-02,1.313406527042388916e-01,1.732701361179351807e-01,2.203901857137680054e-01,1.565302610397338867e-01,1.210522055625915527e-01,7.628580927848815918e-02,1.545963063836097717e-02,-2.991469763219356537e-02,-4.860509186983108521e-02,3.273918107151985168e-02,-3.916684165596961975e-02,1.332990378141403198e-01,1.198118701577186584e-01,7.576522231101989746e-02,1.331442147493362427e-01,9.927084296941757202e-02,1.479893475770950317e-01,4.428719729185104370e-02,1.167083680629730225e-01,1.283565312623977661e-01,8.015002310276031494e-02
-2.013866156339645386e-01,5.078703910112380981e-02,-1.274779066443443298e-02,1.591614633798599243e-01,-1.374867260456085205e-01,4.106769561767578125e-01,-2.355009615421295166e-01,2.324418574571609497e-01,-1.798566244542598724e-02,1.000000000000000000e+00,-8.614670485258102417e-02,2.565934360027313232e-01,-2.622457444667816162e-01,3.800745904445648193e-01,-2.501740753650665283e-01,7.432966232299804688e-01,1.966081559658050537e-01,3.216031789779663086e-01,-4.703249782323837280e-03,-8.009961247444152832e-02,1.135379672050476074e-01,1.488525122404098511e-01,1.335461735725402832e-01,-7.419367879629135132e-02,-5.135260149836540222e-02,1.080304235219955444e-01,9.455631673336029053e-02,6.809169054031372070e-02,1.074947044253349304e-01,3.422526419162750244e-01,6.260798871517181396e-02,6.755658984184265137e-02,3.466825187206268311e-02,2.964397706091403961e-02,1.454461086541414261e-02,1.605134606361389160e-01,2.752495408058166504e-01,3.623872995376586914e-01,2.770313918590545654e-01,3.226476907730102539e-01,2.226372510194778442e-01,1.391724050045013428e-01,2.469760328531265259e-01,2.700924277305603027e-01,1.035783439874649048e-01,1.316561847925186157e-01,2.096409052610397339e-01,2.907593250274658203e-01,1.676140539348125458e-02,1.473359763622283936e-01,1.599142253398895264e-01,1.518268138170242310e-01,1.149229556322097778e-01,9.416688978672027588e-02,1.973056495189666748e-01,3.539103269577026367e-01,-5.650117993354797363e-02,2.677838206291198730e-01,1.440502405166625977e-01,2.579392194747924805e-01,8.422941714525222778e-02,2.774835526943206787e-01,2.078099101781845093e-01,2.621423900127410889e-01,1.120517849922180176e-01,2.727744281291961670e-01,1.685803979635238647e-01,2.006349712610244751e-01,-5.923687666654586792e-02,1.537806447595357895e-02,1.736438833177089691e-02,8.332320302724838257e-02,5.504846945405006409e-02,7.621669769287109375e-02,6.081371381878852844e-02,1.022298634052276611e-01,2.088551521301269531e-01,2.307871878147125244e-01,1.204526349902153015e-01,1.529062092304229736e-01,3.372751176357269287e-01,3.282414078712463379e-01,1.560177952051162720e-01,6.464636418968439102e-03,1.595576405525207520e-01,3.075079023838043213e-01,2.194080054759979248e-01,4.929012805223464966e-02,2.553163468837738037e-01,3.688272535800933838e-01,2.036381661891937256e-01,2.342025339603424072e-01,1.615890860557556152e-01,1.435949057340621948e-01,1.755736172199249268e-01,1.971901655197143555e-01,2.292422950267791748e-01,2.682445645332336426e-01,2.006511241197586060e-01,2.243258506059646606e-01,1.964141577482223511e-01,9.004466980695724487e-02,2.413566112518310547e-01,1.679560542106628418e-01,1.927195191383361816e-01,2.100776284933090210e-01,9.066010825335979462e-03,4.848818480968475342e-02,1.609897166490554810e-01,1.673301309347152710e-01,5.009499564766883850e-02,1.480859667062759399e-01,1.632103919982910156e-01,2.040642648935317993e-01,2.382012158632278442e-01,7.782549411058425903e-02
6.776221990585327148e-01,1.802075505256652832e-01,1.633099019527435303e-01,1.320704966783523560e-01,-4.789450019598007202e-02,-8.961427956819534302e-02,5.494884252548217773e-01,2.656640410423278809e-01,1.086151674389839172e-01,-8.614670485258102417e-02,1.000000000000000000e+00,4.035461544990539551e-01,6.443489193916320801e-01,2.945013046264648438e-01,1.678341180086135864e-01,-1.459562182426452637e-01,3.587298095226287842e-01,5.987518653273582458e-02,-3.571346700191497803e-01,-1.184902712702751160e-01,1.601015478372573853e-01,1.269928812980651855e-01,-1.331861037760972977e-02,-4.938649013638496399e-02,-8.466344326734542847e-02,-1.576504558324813843e-01,-5.132578685879707336e-02,-1.177646219730377197e-02,5.245646238327026367e-01,2.042225003242492676e-01,1.166121214628219604e-01,1.029973998665809631e-01,-9.673905372619628906e-02,-1.200424432754516602e-01,-1.461115777492523193e-01,-1.668083518743515015e-01,1.910325586795806885e-01,8.096623420715332031e-02,1.371409893035888672e-01,1.441759914159774780e-01,2.098575085401535034e-01,1.839985251426696777e-01,-1.693114042282104492e-01,-8.561082184314727783e-02,-1.923816204071044922e-01,-1.368664950132369995e-01,-7.557126134634017944e-02,-1.388778388500213623e-01,-9.026815742254257202e-02,-3.270559385418891907e-02,2.979086712002754211e-02,-3.332457691431045532e-02,-4.848035424947738647e-02,-1.419504284858703613e-01,1.469350308179855347e-01,-6.712525337934494019e-02,3.870945572853088379e-01,-9.691087529063224792e-03,-3.157274425029754639e-02,-5.668537691235542297e-02,-7.966289669275283813e-02,-1.063819602131843567e-01,2.514710724353790283e-01,-4.932663962244987488e-02,-1.027346700429916382e-01,-5.639169365167617798e-02,-2.141933590173721313e-01,-2.334113866090774536e-01,1.225427258759737015e-02,-3.013031370937824249e-02,2.574322521686553955e-01,2.736473679542541504e-01,3.363560140132904053e-01,2.455850690603256226e-01,1.182619184255599976e-01,1.715833507478237152e-02,4.425426200032234192e-02,-2.366721257567405701e-02,9.651645272970199585e-02,1.083467900753021240e-01,2.772058546543121338e-01,1.838850975036621094e-02,2.644677758216857910e-01,-7.756665814667940140e-03,2.723665833473205566e-01,-3.619780018925666809e-02,1.178259998559951782e-01,-7.156862318515777588e-02,2.404249012470245361e-01,-7.689712196588516235e-02,-1.189461071044206619e-02,-1.999766677618026733e-01,-1.254343390464782715e-01,-2.256711125373840332e-01,1.225135773420333862e-01,1.772365868091583252e-01,1.192140430212020874e-01,1.105231270194053650e-01,2.367104962468147278e-02,-1.180080547928810120e-01,4.312597587704658508e-02,-1.039845719933509827e-01,-8.845800906419754028e-02,-1.202575787901878357e-01,4.718847200274467468e-02,-1.351170148700475693e-02,1.603716611862182617e-01,-6.221718341112136841e-02,2.722296416759490967e-01,1.623449474573135376e-01,-6.476169824600219727e-02,-2.347906976938247681e-01,-2.668235898017883301e-01,-5.926845967769622803e-02,-2.501922193914651871e-03,2.707336097955703735e-02
2.819213271141052246e-01,4.668789803981781006e-01,1.117444634437561035e-01,4.032592475414276123e-01,-4.225893691182136536e-02,2.127959728240966797e-01,1.742010861635208130e-01,6.165860891342163086e-01,-1.220472455024719238e-01,2.565934360027313232e-01,4.035461544990539551e-01,1.000000000000000000e+00,1.738153696060180664e-01,6.712173819541931152e-01,-1.565274298191070557e-01,2.245095223188400269e-01,2.642313241958618164e-01,5.020315647125244141e-01,-2.415659725666046143e-01,-1.010605841875076294e-01,1.451802551746368408e-01,1.415695995092391968e-01,1.295624822378158569e-01,1.517029702663421631e-01,-5.281059071421623230e-02,6.137701869010925293e-02,5.900364369153976440e-02,1.552756279706954956e-01,2.914356887340545654e-01,5.750756263732910156e-01,7.702455669641494751e-02,1.408176124095916748e-01,3.494514897465705872e-02,6.736491620540618896e-02,-1.636406481266021729e-01,-1.627549529075622559e-02,2.535404562950134277e-01,3.799531161785125732e-01,3.172640502452850342e-01,2.547385096549987793e-01,2.027030289173126221e-01,3.835597038269042969e-01,-8.355246484279632568e-02,-1.693906821310520172e-02,-1.583988070487976074e-01,-2.961705252528190613e-02,-2.127870023250579834e-01,-1.038978248834609985e-01,-2.391874492168426514e-01,1.120629310607910156e-01,-1.670982986688613892e-01,7.362510263919830322e-02,-3.107782006263732910e-01,-9.991544485092163086e-02,1.465298794209957123e-02,1.256761699914932251e-01,-4.927579686045646667e-02,3.039711117744445801e-01,-1.030280515551567078e-01,6.635789573192596436e-02,-3.469356894493103027e-01,7.471341523341834545e-04,-1.874146610498428345e-02,3.072396218776702881e-01,-2.424298673868179321e-01,5.473338067531585693e-02,-1.054153144359588623e-01,-9.447170794010162354e-02,-8.087454736232757568e-02,-4.266505315899848938e-02,1.490151882171630859e-01,3.162225782871246338e-01,2.007786482572555542e-01,4.041409492492675781e-01,2.977651311084628105e-03,9.716682136058807373e-02,5.905656144022941589e-02,3.244346752762794495e-02,-6.350457668304443359e-02,2.440696954727172852e-01,1.706278175115585327e-01,4.320183694362640381e-01,1.926844418048858643e-01,4.082230627536773682e-01,-1.287815626710653305e-02,3.162803053855895996e-01,1.339575946331024170e-01,2.739879488945007324e-01,4.057076573371887207e-02,2.810510396957397461e-01,-2.179356217384338379e-01,-1.085458789020776749e-02,-2.593617141246795654e-01,-5.539169535040855408e-02,2.193550765514373779e-01,2.013212293386459351e-01,8.387009054422378540e-02,1.490165889263153076e-01,-1.128120720386505127e-01,-4.039640724658966064e-02,-1.749600321054458618e-01,-5.815431941300630569e-03,2.367459610104560852e-02,1.624080538749694824e-01,4.017570242285728455e-02,1.529347896575927734e-01,9.538617730140686035e-02,-7.189059630036354065e-03,2.849721610546112061e-01,2.155965417623519897e-01,-7.162298262119293213e-02,-1.508978754281997681e-01,-1.257701665163040161e-01,2.374183759093284607e-02,3.692727908492088318e-02,-1.590709984302520752e-01
5.183706879615783691e-01,8.571510761976242065e-02,2.148010283708572388e-01,6.567555665969848633e-02,1.555573344230651855e-01,-1.361858472228050232e-02,6.451143622398376465e-01,1.772475242614746094e-01,3.980360329151153564e-01,-2.622457444667816162e-01,6.443489193916320801e-01,1.738153696060180664e-01,1.000000000000000000e+00,2.008140534162521362e-01,4.315445721149444580e-01,-2.895193099975585938e-01,1.323858946561813354e-01,-2.818652242422103882e-02,-4.294102787971496582e-01,-1.881593316793441772e-01,1.077814698219299316e-01,4.870565980672836304e-02,6.146709248423576355e-02,-1.684628240764141083e-02,9.927839785814285278e-02,2.086513489484786987e-02,5.063944682478904724e-02,-1.203002687543630600e-02,4.709575176239013672e-01,4.939144104719161987e-02,2.623693346977233887e-01,2.374381870031356812e-01,-2.275834679603576660e-01,-2.225479930639266968e-01,-9.039510041475296021e-02,-1.805936843156814575e-01,6.985982507467269897e-02,-6.509239971637725830e-02,-2.892417460680007935e-02,4.554244875907897949e-02,1.138798221945762634e-01,1.124234944581985474e-01,-1.624180078506469727e-01,-3.506390750408172607e-02,-5.010813847184181213e-02,-4.625703021883964539e-02,-8.939623087644577026e-02,-1.228016540408134460e-01,1.873639598488807678e-02,-2.941410243511199951e-02,-4.742028564214706421e-02,-3.229004889726638794e-02,-7.839247584342956543e-02,-1.242161318659782410e-01,2.278157509863376617e-02,-1.584972292184829712e-01,2.715708911418914795e-01,-3.811922669410705566e-02,-5.279008182696998119e-04,-3.511122241616249084e-02,-5.191041156649589539e-02,-5.577110499143600464e-02,6.148706376552581787e-02,-9.225567430257797241e-02,-7.736025005578994751e-02,-7.865909487009048462e-02,-1.522121280431747437e-01,-1.453756690025329590e-01,-9.334792196750640869e-02,-4.467759653925895691e-02,1.449514776468276978e-01,1.316677033901214600e-01,2.593894898891448975e-01,7.024440914392471313e-02,6.108494848012924194e-02,-5.436822772026062012e-02,-1.568476706743240356e-01,-1.993401348590850830e-01,4.569789767265319824e-02,5.439196527004241943e-02,1.107877567410469055e-01,-8.317385613918304443e-02,2.527751326560974121e-01,-3.739932179450988770e-02,2.009438723325729370e-01,-5.421308800578117371e-02,-1.936733955517411232e-03,-3.151389956474304199e-02,1.013763621449470520e-01,-9.385401010513305664e-02,-9.000949561595916748e-02,-2.352653145790100098e-01,-1.993238478899002075e-01,-2.117682993412017822e-01,-9.074348956346511841e-03,7.576891034841537476e-02,2.360990038141608238e-03,4.000024497509002686e-02,-7.830278575420379639e-02,-1.579956859350204468e-01,-1.181569024920463562e-01,-1.553507149219512939e-01,-2.169749438762664795e-01,-2.354775965213775635e-01,-3.448126837611198425e-02,-1.217218041419982910e-01,5.990080162882804871e-02,-6.186280027031898499e-02,8.458933234214782715e-02,1.067054942250251770e-01,-6.374784559011459351e-02,-2.026072293519973755e-01,-2.522027194499969482e-01,-1.956381499767303467e-01,-9.713734686374664307e-02,-3.335715457797050476e-02
