1.000000000000000000e+00,3.592467606067657471e-01,5.274708867073059082e-01,4.128470718860626221e-01,-2.495899563655257225e-03,4.780771583318710327e-02,4.335060119628906250e-01,3.749926388263702393e-01,1.268046647310256958e-01,1.853539943695068359e-01,4.878415763378143311e-01,2.633230686187744141e-01,4.676198959350585938e-01,3.654801547527313232e-01,2.051979303359985352e-01,1.439197063446044922e-01,2.352709919214248657e-01,8.099001646041870117e-02,4.354425966739654541e-01,4.683270454406738281e-01,2.190689593553543091e-01,2.501284517347812653e-02,3.537697251886129379e-03,1.940276920795440674e-01,1.076522767543792725e-01,5.954739078879356384e-02,8.104962855577468872e-02,1.114726290106773376e-01,4.142872691154479980e-01,2.216683328151702881e-01,1.004033237695693970e-01,1.873294413089752197e-01,4.312127828598022461e-01,3.214187324047088623e-01,2.412354201078414917e-01,2.301837205886840820e-01,1.929544657468795776e-01,9.726608544588088989e-02,1.250266879796981812e-01,2.285197749733924866e-02,2.530116438865661621e-01,1.787960678339004517e-01,1.440005004405975342e-01,-3.635518625378608704e-02,1.211581937968730927e-02,-5.447824299335479736e-02,5.135679244995117188e-02,4.079468920826911926e-02,2.402346581220626831e-01,1.612217426300048828e-01,3.191972374916076660e-01,5.048911273479461670e-02,2.519240081310272217e-01,-8.849582821130752563e-02,7.256872951984405518e-03,-4.596109315752983093e-02,6.476565599441528320e-01,2.635920345783233643e-01,3.295048475265502930e-01,1.934478729963302612e-01,4.705904424190521240e-01,1.983205229043960571e-01,3.257025778293609619e-01,7.947462052106857300e-02,3.420825600624084473e-01,1.121264472603797913e-01,2.164584845304489136e-01,1.846795678138732910e-01,5.870985388755798340e-01,3.144215047359466553e-01,1.256139874458312988e-01,5.780749768018722534e-02,3.269901573657989502e-01,2.944260239601135254e-01,2.842783331871032715e-01,1.395518928766250610e-01,2.808631956577301025e-01,3.297449648380279541e-01,1.452206522226333618e-01,-8.152762800455093384e-02,2.985246181488037109e-01,-3.685287386178970337e-02,4.425217211246490479e-01,2.624293863773345947e-01,2.876276969909667969e-01,7.716925349086523056e-03,2.500973641872406006e-01,1.390200387686491013e-02,-3.284617559984326363e-03,-1.794969886541366577e-01,2.077149003744125366e-01,-3.156414255499839783e-02,2.701480686664581299e-01,-6.567458063364028931e-02,2.329650372266769409e-01,1.790091097354888916e-01,2.081574052572250366e-01,2.625739872455596924e-01,2.108473777770996094e-01,1.585623621940612793e-01,2.450672984123229980e-01,-1.441995352506637573e-01,2.137930840253829956e-01,-1.525100618600845337e-01,2.752698063850402832e-01,3.215636014938354492e-01,3.714697062969207764e-02,9.720131754875183105e-02,3.797138035297393799e-01,-7.191702723503112793e-03,8.445949852466583252e-02,1.339375227689743042e-01,1.978271007537841797e-01,1.952598392963409424e-01,9.918922185897827148e-02,2.775931544601917267e-02
3.592467606067657471e-01,1.000000000000000000e+00,9.607355296611785889e-02,2.076663076877593994e-01,1.509100794792175293e-01,2.699996531009674072e-01,-1.939154043793678284e-02,1.526682823896408081e-01,2.717458009719848633e-01,2.248216271400451660e-01,2.185493111610412598e-01,4.813537597656250000e-01,5.064583197236061096e-02,4.965130090713500977e-01,2.840993106365203857e-01,3.045529425144195557e-01,2.755622863769531250e-01,5.239538550376892090e-01,1.048876792192459106e-01,3.604087233543395996e-01,1.191243678331375122e-01,6.999026983976364136e-02,-7.276745885610580444e-02,2.274616658687591553e-01,1.890793815255165100e-02,3.434034064412117004e-02,2.559329569339752197e-01,3.277004063129425049e-01,2.089851796627044678e-01,3.640740811824798584e-01,6.722141057252883911e-02,8.240502327680587769e-02,4.732662141323089600e-01,5.150064826011657715e-01,2.192441523075103760e-01,2.026028782129287720e-01,1.841382682323455811e-01,2.569364905357360840e-01,3.012337982654571533e-01,2.373520135879516602e-01,1.215649768710136414e-01,1.713022440671920776e-01,3.746856749057769775e-01,1.966453045606613159e-01,1.304101347923278809e-01,2.945263087749481201e-01,3.069515824317932129e-01,3.671380877494812012e-01,3.967219591140747070e-01,4.493651688098907471e-01,5.210198163986206055e-01,5.600285530090332031e-01,4.640411734580993652e-01,2.873488962650299072e-01,1.964623481035232544e-01,2.798000574111938477e-01,5.203938484191894531e-01,7.172278761863708496e-01,3.164876699447631836e-01,3.814267218112945557e-01,4.189854264259338379e-01,4.519740641117095947e-01,1.672966182231903076e-01,4.408328235149383545e-01,2.689514458179473877e-01,2.963085770606994629e-01,2.026603966951370239e-01,2.348459064960479736e-01,4.060087203979492188e-01,4.136220812797546387e-01,-8.749984949827194214e-02,-3.320027887821197510e-02,1.344942152500152588e-01,3.163282573223114014e-01,1.680384874343872070e-01,1.563352793455123901e-01,1.884934306144714355e-01,2.605619728565216064e-01,2.087703496217727661e-01,4.468435794115066528e-02,2.600294053554534912e-01,3.996145725250244141e-01,6.548556685447692871e-02,4.639990329742431641e-01,3.055228590965270996e-01,3.818437457084655762e-01,9.513990581035614014e-02,2.962260246276855469e-01,1.642461568117141724e-01,3.548857569694519043e-01,2.528163492679595947e-01,3.921173810958862305e-01,3.638001382350921631e-01,3.797332048416137695e-01,9.527818113565444946e-02,1.659547239542007446e-01,2.987648248672485352e-01,3.212746381759643555e-01,2.994592487812042236e-01,3.199642896652221680e-01,2.786239981651306152e-01,2.753685712814331055e-01,1.828610897064208984e-01,2.785457670688629150e-01,-3.516909666359424591e-03,1.365659385919570923e-01,-6.537495553493499756e-02,3.420897722244262695e-01,6.058492884039878845e-02,-3.427356854081153870e-02,1.248055323958396912e-01,2.039879113435745239e-01,3.375775218009948730e-01,2.961717247962951660e-01,2.091334611177444458e-01,-7.860261946916580200e-02
5.274708867073059082e-01,9.607355296611785889e-02,1.000000000000000000e+00,6.345816254615783691e-01,-4.482048004865646362e-02,-1.672807335853576660e-02,6.922857165336608887e-01,4.918122291564941406e-01,2.041613012552261353e-01,2.369105815887451172e-01,2.488893568515777588e-01,1.139127612113952637e-01,4.595185816287994385e-01,2.727909088134765625e-01,1.708571910858154297e-01,1.467016190290451050e-01,1.700141429901123047e-01,4.268559068441390991e-02,4.890934228897094727e-01,4.259987473487854004e-01,1.679149717092514038e-01,4.182248562574386597e-02,2.350621521472930908e-01,3.433191180229187012e-01,2.134702056646347046e-01,8.885485678911209106e-02,-1.060068141669034958e-02,-3.182886913418769836e-02,3.810045421123504639e-01,1.652490645647048950e-01,1.411767154932022095e-01,2.687709629535675049e-01,3.016510009765625000e-01,2.803528606891632080e-01,1.769156754016876221e-01,1.636223495006561279e-01,1.552450209856033325e-01,-3.432016819715499878e-02,8.056027442216873169e-02,-9.092134423553943634e-03,1.849525421857833862e-01,1.417075395584106445e-01,8.002506941556930542e-02,-1.884168013930320740e-02,6.397353857755661011e-02,-6.272578239440917969e-02,7.249725610017776489e-02,3.306287899613380432e-02,1.402236521244049072e-01,-4.779081791639328003e-03,1.092161014676094055e-01,-3.610013425350189209e-02,1.864153593778610229e-01,-7.896331697702407837e-02,6.139573454856872559e-02,-3.662044182419776917e-02,3.499040007591247559e-01,1.373299658298492432e-01,3.970015421509742737e-02,-2.004985697567462921e-02,1.476827859878540039e-01,5.411823466420173645e-02,5.542824789881706238e-02,-1.874527186155319214e-01,1.819896399974822998e-01,3.696263581514358521e-02,9.335765242576599121e-02,5.722441896796226501e-02,3.126740455627441406e-01,3.023040294647216797e-02,5.883746221661567688e-02,9.719063341617584229e-02,2.494131773710250854e-01,1.687500774860382080e-01,1.908106654882431030e-01,7.066115736961364746e-02,2.581698596477508545e-01,2.540478110313415527e-01,1.513578295707702637e-01,-4.655108228325843811e-02,1.503092646598815918e-01,-1.342668980360031128e-01,3.435085713863372803e-01,1.008335128426551819e-01,1.406164914369583130e-01,-5.776901543140411377e-02,3.017314076423645020e-01,1.231212541460990906e-02,1.327619701623916626e-02,-1.571579575538635254e-01,1.740853041410446167e-01,-8.328196406364440918e-02,1.736297309398651123e-01,-4.471774026751518250e-02,2.411116063594818115e-01,1.792324632406234741e-01,1.814491003751754761e-01,1.554323136806488037e-01,1.676934063434600830e-01,6.724237650632858276e-02,1.584034264087677002e-01,-3.612747788429260254e-02,2.132169306278228760e-01,-4.317690804600715637e-02,1.321783512830734253e-01,1.657537668943405151e-01,1.197498291730880737e-02,7.764139026403427124e-02,4.277794361114501953e-01,5.421408638358116150e-02,1.801538914442062378e-01,1.813940554857254028e-01,1.480607539415359497e-01,1.228736937046051025e-01,9.738741815090179443e-02,8.189310878515243530e-02
4.128470718860626221e-01,2.076663076877593994e-01,6.345816254615783691e-01,1.000000000000000000e+00,9.536468423902988434e-03,9.600092470645904541e-02,6.194545626640319824e-01,7.371847033500671387e-01,2.062004655599594116e-01,3.117398321628570557e-01,2.733371257781982422e-01,2.638613879680633545e-01,4.323107004165649414e-01,4.352563619613647461e-01,2.483146488666534424e-01,3.493594229221343994e-01,2.431664019823074341e-01,1.862678080797195435e-01,3.801179230213165283e-01,4.422428011894226074e-01,2.497325092554092407e-02,1.251836679875850677e-02,1.922443509101867676e-01,6.085044741630554199e-01,1.356484591960906982e-01,7.774122059345245361e-02,6.218857318162918091e-02,8.572956174612045288e-02,3.476456105709075928e-01,2.279569655656814575e-01,-1.693549379706382751e-02,1.828883290290832520e-01,1.957005858421325684e-01,2.332019358873367310e-01,-1.717277104035019875e-03,-6.416191160678863525e-02,6.269463896751403809e-02,-3.432124108076095581e-02,9.249243140220642090e-02,7.515801116824150085e-03,-5.893139541149139404e-02,-3.206030279397964478e-02,1.016846224665641785e-01,-2.180404029786586761e-02,1.568705737590789795e-01,3.160583972930908203e-02,9.741664677858352661e-02,-6.174595654010772705e-02,2.576302886009216309e-01,8.855990320444107056e-02,1.902733892202377319e-01,3.481850400567054749e-02,2.314546108245849609e-01,-1.758440136909484863e-01,1.730793118476867676e-01,-3.398311138153076172e-02,3.612500131130218506e-01,2.459507435560226440e-01,1.019326448440551758e-01,1.322935968637466431e-01,1.417890042066574097e-01,1.485404819250106812e-01,1.829463690519332886e-01,-2.499302476644515991e-02,2.488921284675598145e-01,1.714874804019927979e-01,1.002845168113708496e-01,4.504519328474998474e-02,2.905583977699279785e-01,9.162362664937973022e-02,-5.489863082766532898e-02,-1.900076121091842651e-02,1.123433485627174377e-01,7.102619856595993042e-02,5.113493651151657104e-02,6.580299139022827148e-02,1.095160245895385742e-01,9.734340012073516846e-02,6.000124663114547729e-02,-7.493366487324237823e-03,1.668411493301391602e-01,9.545548819005489349e-03,1.719362288713455200e-01,1.637189090251922607e-01,1.792382895946502686e-01,5.375053361058235168e-02,3.281581103801727295e-01,5.850134417414665222e-02,1.208086237311363220e-01,-6.326031684875488281e-02,2.790208458900451660e-01,-1.149075552821159363e-01,2.300257235765457153e-01,-4.691344127058982849e-02,1.690337806940078735e-01,1.047846823930740356e-01,9.469521790742874146e-02,-2.008684910833835602e-02,2.084836214780807495e-01,-6.993705034255981445e-02,1.637578308582305908e-01,6.090012378990650177e-03,1.811451315879821777e-01,7.021486014127731323e-02,-5.999393388628959656e-02,-2.710480056703090668e-02,-1.333871483802795410e-02,3.347565233707427979e-02,2.654059529304504395e-01,-1.278464123606681824e-02,7.225396111607551575e-03,3.964057564735412598e-02,9.246874600648880005e-02,2.799379453063011169e-02,5.819530785083770752e-02,8.199170976877212524e-02
-2.495899563655257225e-03,1.509100794792175293e-01,-4.482048004865646362e-02,9.536468423902988434e-03,1.000000000000000000e+00,6.036627888679504395e-01,-8.402753621339797974e-02,-1.410368736833333969e-02,2.465741783380508423e-01,1.518437266349792480e-01,1.069578826427459717e-01,1.668604463338851929e-01,8.146499842405319214e-02,1.048857346177101135e-01,1.838876605033874512e-01,1.496357768774032593e-01,2.858692407608032227e-01,3.035349249839782715e-01,3.630182519555091858e-02,1.060352176427841187e-01,4.662470519542694092e-02,5.004565417766571045e-02,4.703634604811668396e-02,1.124071851372718811e-01,3.871815800666809082e-01,3.453503549098968506e-01,4.280412495136260986e-01,4.416123330593109131e-01,1.822495013475418091e-01,3.104262948036193848e-01,4.577542841434478760e-02,6.519005447626113892e-02,1.599904149770736694e-01,1.823360919952392578e-01,-6.375945359468460083e-02,-8.526281453669071198e-03,2.005295082926750183e-02,2.056111842393875122e-01,2.147208601236343384e-01,2.395177185535430908e-01,1.868084259331226349e-02,1.971264630556106567e-01,6.173822656273841858e-02,7.472559064626693726e-02,8.944596350193023682e-02,1.262362897396087646e-01,1.164256930351257324e-01,1.961230486631393433e-01,5.560888350009918213e-02,1.669937372207641602e-01,1.861396711319684982e-03,9.037239104509353638e-02,-4.651229828596115112e-02,1.322695892304182053e-02,1.578248441219329834e-01,2.665021717548370361e-01,1.696495711803436279e-01,1.259519308805465698e-01,1.218261346220970154e-01,1.397712975740432739e-01,1.816331446170806885e-01,1.469834744930267334e-01,1.822571903467178345e-01,2.463524341583251953e-01,1.124286428093910217e-01,1.253531575202941895e-01,1.293274909257888794e-01,1.214968860149383545e-01,1.092676967382431030e-01,1.071490198373794556e-01,2.082055248320102692e-02,-7.090897765010595322e-03,1.613822430372238159e-01,3.289012908935546875e-01,8.779456466436386108e-02,1.743196398019790649e-01,4.277630522847175598e-02,8.698367327451705933e-02,1.945649236440658569e-01,3.702472150325775146e-01,1.887257397174835205e-01,2.755549550056457520e-01,-1.410581730306148529e-02,1.655975580215454102e-01,2.428368777036666870e-01,2.488710284233093262e-01,5.031030252575874329e-02,2.171245962381362915e-01,1.123259440064430237e-01,2.673836350440979004e-01,5.817809328436851501e-02,1.778963357210159302e-01,1.492705941200256348e-01,2.349141985177993774e-01,1.985062658786773682e-01,2.413004785776138306e-01,2.183640152215957642e-01,1.297732591629028320e-01,2.237387746572494507e-01,2.443624734878540039e-01,2.501918375492095947e-01,2.339271306991577148e-01,2.224132865667343140e-01,2.585800290107727051e-01,1.741962693631649017e-02,7.719945907592773438e-02,1.288037449121475220e-01,1.754377484321594238e-01,8.985278010368347168e-02,1.522940546274185181e-01,-6.739198416471481323e-02,-4.004772007465362549e-02,1.259572952985763550e-01,1.672242283821105957e-01,1.110488474369049072e-01,1.133213117718696594e-01
4.780771583318710327e-02,2.699996531009674072e-01,-1.672807335853576660e-02,9.600092470645904541e-02,6.036627888679504395e-01,1.000000000000000000e+00,-8.672390878200531006e-02,8.585151284933090210e-02,2.228222340345382690e-01,3.536288440227508545e-01,1.749153584241867065e-01,3.039540350437164307e-01,4.931287840008735657e-02,2.826734483242034912e-01,2.643046081066131592e-01,3.481950461864471436e-01,1.450767964124679565e-01,3.661665022373199463e-01,1.441902201622724533e-02,1.730635911226272583e-01,-7.957620918750762939e-02,2.498552575707435608e-02,1.101473812013864517e-02,1.708693206310272217e-01,2.502151727676391602e-01,2.893951535224914551e-01,4.152298569679260254e-01,5.648341774940490723e-01,1.272129267454147339e-01,3.456838130950927734e-01,-4.807760566473007202e-02,-1.094247587025165558e-02,1.500281095504760742e-01,1.710598021745681763e-01,-2.353819459676742554e-02,1.602736301720142365e-02,8.472572267055511475e-02,1.903226524591445923e-01,2.283559441566467285e-01,2.481317818164825439e-01,-9.385802596807479858e-02,1.449403464794158936e-01,1.713260859251022339e-01,1.624655425548553467e-01,1.674556881189346313e-01,2.140334099531173706e-01,2.143156379461288452e-01,1.736869215965270996e-01,2.589835822582244873e-01,2.864702641963958740e-01,1.638505458831787109e-01,2.100138515233993530e-01,1.386438310146331787e-01,-3.150273486971855164e-02,3.017369806766510010e-01,2.934364080429077148e-01,1.911440640687942505e-01,2.847397625446319580e-01,1.638106852769851685e-01,2.926514446735382080e-01,1.550799906253814697e-01,2.529033720493316650e-01,1.486976742744445801e-01,3.237114548683166504e-01,7.086052745580673218e-02,2.475285381078720093e-01,1.556087285280227661e-01,1.361981630325317383e-01,1.633748561143875122e-01,1.843465715646743774e-01,-1.218850836157798767e-01,-1.148141995072364807e-01,3.190251439809799194e-02,2.850725054740905762e-01,6.415510177612304688e-02,1.928894817829132080e-01,3.680165391415357590e-03,4.894871637225151062e-02,5.773328244686126709e-02,2.727997601032257080e-01,1.040767505764961243e-01,3.025802671909332275e-01,-5.429355427622795105e-02,2.235854119062423706e-01,2.691166698932647705e-01,3.029697537422180176e-01,1.429975125938653946e-02,2.070324718952178955e-01,2.044642269611358643e-01,2.787671983242034912e-01,1.991739422082901001e-01,7.892536371946334839e-02,1.514287292957305908e-01,1.437039673328399658e-01,6.757223606109619141e-02,1.549487411975860596e-01,1.583146452903747559e-01,2.970066480338573456e-02,2.282644063234329224e-01,1.153041198849678040e-01,2.298471331596374512e-01,2.232149839401245117e-01,1.502013951539993286e-01,2.485275864601135254e-01,-1.777172237634658813e-01,-1.073876991868019104e-01,3.599363937973976135e-02,1.958252340555191040e-01,4.074867442250251770e-02,1.387134566903114319e-02,-8.060298115015029907e-02,-8.261685818433761597e-02,3.350629284977912903e-02,1.186639890074729919e-01,1.266890615224838257e-01,7.364724576473236084e-02
4.335060119628906250e-01,-1.939154043793678284e-02,6.922857165336608887e-01,6.194545626640319824e-01,-8.402753621339797974e-02,-8.672390878200531006e-02,1.000000000000000000e+00,5.445932149887084961e-01,9.695911407470703125e-02,5.864008888602256775e-02,1.492310613393783569e-01,3.860735520720481873e-02,4.796354770660400391e-01,1.132092773914337158e-01,1.344107836484909058e-01,8.197990804910659790e-02,1.674876958131790161e-01,1.756424270570278168e-02,3.494845628738403320e-01,3.268860578536987305e-01,-9.810612536966800690e-03,-5.287764221429824829e-02,2.815082073211669922e-01,3.308199942111968994e-01,1.777842789888381958e-01,9.122274070978164673e-02,-4.727059975266456604e-02,-4.458570107817649841e-02,3.344799876213073730e-01,6.495051831007003784e-02,5.908231437206268311e-02,1.726271808147430420e-01,1.582739353179931641e-01,1.534336060285568237e-01,1.207863353192806244e-02,3.981645405292510986e-02,5.949810892343521118e-02,-8.345004171133041382e-02,-7.379709929227828979e-02,-6.737568229436874390e-02,7.066605985164642334e-02,-5.803984403610229492e-02,-4.043585434556007385e-02,-1.424238979816436768e-01,-2.123373188078403473e-02,-1.122167482972145081e-01,-5.098969489336013794e-02,-8.714093267917633057e-02,1.316901296377182007e-01,-7.547164708375930786e-02,4.865334555506706238e-02,-9.055548906326293945e-02,6.618153303861618042e-02,-1.701895296573638916e-01,-1.154217217117547989e-02,-9.376651048660278320e-02,2.045170813798904419e-01,-5.661352351307868958e-02,-2.710866555571556091e-02,-8.616409450769424438e-02,3.425403311848640442e-02,-1.147466227412223816e-01,2.723474614322185516e-02,-3.336169719696044922e-01,1.911829560995101929e-01,-3.991482406854629517e-02,-8.159255608916282654e-03,-4.656825587153434753e-02,1.305058896541595459e-01,-9.989972412586212158e-02,6.403032690286636353e-02,1.600309461355209351e-02,1.041558459401130676e-01,7.218935061246156693e-03,6.961067020893096924e-02,-5.946232378482818604e-02,7.193937152624130249e-02,8.488136529922485352e-02,5.630406737327575684e-02,-5.407761409878730774e-02,1.304162144660949707e-01,-1.825300753116607666e-01,1.733982563018798828e-01,3.391735488548874855e-03,2.957710437476634979e-02,-1.611716896295547485e-01,2.589108049869537354e-01,-4.596445709466934204e-02,-1.766525208950042725e-02,-1.877687573432922363e-01,6.753107160329818726e-02,-1.638479083776473999e-01,6.006441265344619751e-02,-6.123344600200653076e-02,1.684677004814147949e-01,1.291565746068954468e-01,1.002252623438835144e-01,6.044767424464225769e-02,8.868128806352615356e-02,-3.260067105293273926e-02,4.873405769467353821e-02,-5.251597240567207336e-02,9.498470276594161987e-02,-5.221708118915557861e-02,1.016246750950813293e-01,1.072440966963768005e-01,5.834009964019060135e-03,1.860670559108257294e-02,2.841296195983886719e-01,8.376393467187881470e-02,4.274938628077507019e-02,7.937710732221603394e-02,9.268934279680252075e-02,-2.394517883658409119e-02,6.237028539180755615e-02,1.196122169494628906e-01
3.749926388263702393e-01,1.526682823896408081e-01,4.918122291564941406e-01,7.371847033500671387e-01,-1.410368736833333969e-02,8.585151284933090210e-02,5.445932149887084961e-01,1.000000000000000000e+00,1.007595136761665344e-01,1.564238667488098145e-01,2.739399671554565430e-01,2.651577591896057129e-01,4.536482989788055420e-01,4.267937242984771729e-01,1.077525317668914795e-01,2.759717702865600586e-01,1.742088496685028076e-01,1.015857607126235962e-01,2.498231977224349976e-01,2.747457325458526611e-01,-6.605227291584014893e-02,-6.087351217865943909e-02,1.841621994972229004e-01,4.728904664516448975e-01,9.700702875852584839e-02,7.045083492994308472e-02,-2.195517346262931824e-02,5.630682036280632019e-02,3.229352533817291260e-01,1.766729205846786499e-01,-1.252321302890777588e-01,3.305099904537200928e-02,6.100046634674072266e-02,1.582765579223632812e-01,-4.239816591143608093e-02,-1.182737424969673157e-01,-7.086632400751113892e-02,-1.245470941066741943e-01,-4.046849906444549561e-02,-6.533578783273696899e-02,-5.266434326767921448e-02,-7.393631339073181152e-02,-3.651526942849159241e-02,-1.576912552118301392e-01,2.789885737001895905e-02,-7.603892683982849121e-02,-8.460466563701629639e-02,-1.331563144922256470e-01,1.292695403099060059e-01,-9.452886879444122314e-03,1.091531142592430115e-01,-6.593421846628189087e-02,1.184602305293083191e-01,-2.090795040130615234e-01,1.958994567394256592e-02,-1.136448159813880920e-01,2.125111818313598633e-01,1.303980052471160889e-01,4.010134562849998474e-02,4.256634414196014404e-02,1.547647714614868164e-01,1.540356781333684921e-02,1.604419797658920288e-01,-6.333056092262268066e-02,2.191971838474273682e-01,3.637040033936500549e-02,3.312600776553153992e-02,-1.234148535877466202e-02,2.202041298151016235e-01,7.309630513191223145e-02,-4.795358330011367798e-02,-3.275336325168609619e-02,7.496350258588790894e-02,4.626340419054031372e-02,3.213535249233245850e-02,-1.524407044053077698e-02,9.307147003710269928e-03,-1.511143054813146591e-02,-7.769253849983215332e-02,-9.891159832477569580e-02,9.098268300294876099e-02,-9.108526259660720825e-02,2.599313855171203613e-01,1.549006700515747070e-01,3.623495250940322876e-02,-6.057578325271606445e-02,2.907743752002716064e-01,-2.002411894500255585e-02,8.248543366789817810e-03,-1.561663299798965454e-01,1.878742575645446777e-01,-1.518154591321945190e-01,1.513643264770507812e-01,-7.023723423480987549e-02,8.359225094318389893e-02,4.702095314860343933e-02,-9.921835735440254211e-03,-1.242645680904388428e-01,1.050781756639480591e-01,-1.217614710330963135e-01,1.775343269109725952e-01,3.554661944508552551e-02,1.790482550859451294e-01,5.370197445154190063e-02,-3.914546221494674683e-02,-2.345029637217521667e-02,-7.857598364353179932e-02,-1.744219660758972168e-02,1.273721307516098022e-01,-1.008873060345649719e-02,5.561538785696029663e-02,1.811281405389308929e-02,-3.788650780916213989e-02,-2.774920500814914703e-02,1.069704592227935791e-01,1.300100088119506836e-01
1.268046647310256958e-01,2.717458009719848633e-01,2.041613012552261353e-01,2.062004655599594116e-01,2.465741783380508423e-01,2.228222340345382690e-01,9.695911407470703125e-02,1.007595136761665344e-01,1.000000000000000000e+00,5.512842535972595215e-01,1.479240655899047852e-01,1.896751224994659424e-01,2.155354917049407959e-01,3.258131146430969238e-01,5.394618511199951172e-01,4.380088150501251221e-01,2.257323265075683594e-01,2.335244566202163696e-01,8.362016826868057251e-02,2.655505537986755371e-01,1.176602020859718323e-01,2.333082072436809540e-02,1.170393675565719604e-01,3.163894116878509521e-01,2.918619215488433838e-01,2.609380781650543213e-01,3.002058565616607666e-01,2.755850851535797119e-01,2.860021293163299561e-01,3.727393150329589844e-01,8.427365869283676147e-02,2.051283717155456543e-01,2.893098592758178711e-01,3.060400187969207764e-01,9.385909140110015869e-02,1.135940253734588623e-01,1.599260121583938599e-01,1.971442997455596924e-01,2.653616368770599365e-01,1.433334797620773315e-01,-3.950369358062744141e-02,6.741169840097427368e-02,2.042247653007507324e-01,1.932047307491302490e-01,1.580397337675094604e-01,2.413511723279953003e-01,2.395301014184951782e-01,3.073293566703796387e-01,2.579693198204040527e-01,3.293141424655914307e-01,2.550110220909118652e-01,3.068292737007141113e-01,1.721120327711105347e-01,2.704482674598693848e-01,1.819329857826232910e-01,1.823958307504653931e-01,2.816078066825866699e-01,3.341455161571502686e-01,1.937945932149887085e-01,2.268557101488113403e-01,2.391452044248580933e-01,2.648397386074066162e-01,1.266817450523376465e-01,2.074320614337921143e-01,1.869508624076843262e-01,2.259564399719238281e-01,1.458490341901779175e-01,1.276690810918807983e-01,1.684181988239288330e-01,2.668206393718719482e-01,-1.040879786014556885e-01,2.194418944418430328e-02,1.775926202535629272e-01,2.573948502540588379e-01,1.185934022068977356e-01,9.601311385631561279e-02,1.054737642407417297e-01,1.845553517341613770e-01,2.376835495233535767e-01,1.550408005714416504e-01,1.920719891786575317e-01,2.323148250579833984e-01,-3.855518996715545654e-02,3.026142418384552002e-01,2.184092104434967041e-01,2.081910073757171631e-01,1.447239369153976440e-01,1.696553528308868408e-01,3.105675801634788513e-02,1.971292644739151001e-01,9.519314765930175781e-02,2.012872099876403809e-01,1.571924239397048950e-01,1.618987619876861572e-01,1.106587201356887817e-01,1.580947488546371460e-01,2.740530967712402344e-01,2.459255605936050415e-01,2.983769774436950684e-01,2.610419988632202148e-01,1.783171147108078003e-01,1.497185826301574707e-01,1.407807916402816772e-01,1.995791345834732056e-01,-1.241845451295375824e-02,6.823889911174774170e-02,2.154539339244365692e-02,1.465363502502441406e-01,3.189737796783447266e-01,3.545122221112251282e-02,2.258636504411697388e-01,2.105035185813903809e-01,1.935097426176071167e-01,2.348448485136032104e-01,4.136751592159271240e-02,-4.125531762838363647e-02
1.853539943695068359e-01,2.248216271400451660e-01,2.369105815887451172e-01,3.117398321628570557e-01,1.518437266349792480e-01,3.536288440227508545e-01,5.864008888602256775e-02,1.564238667488098145e-01,5.512842535972595215e-01,1.000000000000000000e+00,2.235842645168304443e-01,3.089814484119415283e-01,2.368758916854858398e-01,4.681087434291839600e-01,5.807319879531860352e-01,6.393264532089233398e-01,1.175141111016273499e-01,1.836530864238739014e-01,1.044704616069793701e-01,2.795333266258239746e-01,1.354540884494781494e-01,-1.195952109992504120e-02,-1.302243918180465698e-01,3.019645512104034424e-01,1.120576858520507812e-01,7.008640468120574951e-02,2.059167474508285522e-01,2.234039604663848877e-01,2.228371202945709229e-01,3.866293728351593018e-01,1.876403763890266418e-02,2.095476984977722168e-01,1.613695323467254639e-01,1.084552779793739319e-01,1.620697975158691406e-01,1.607249677181243896e-01,2.527522742748260498e-01,2.635428309440612793e-01,3.464416861534118652e-01,2.514484524726867676e-01,-9.766653180122375488e-02,8.708658069372177124e-02,3.337772786617279053e-01,2.841157913208007812e-01,3.362535834312438965e-01,3.161219954490661621e-01,3.419748842716217041e-01,1.702092438936233521e-01,4.371857047080993652e-01,4.074329733848571777e-01,3.287602663040161133e-01,2.598979473114013672e-01,2.919400632381439209e-01,6.448372453451156616e-02,3.685977756977081299e-01,2.713495492935180664e-01,2.955698966979980469e-01,4.233622252941131592e-01,3.658576011657714844e-01,4.713799357414245605e-01,2.128718942403793335e-01,4.007060527801513672e-01,1.511146724224090576e-01,3.202736973762512207e-01,1.936159133911132812e-01,4.450254440307617188e-01,3.244974017143249512e-01,2.579752802848815918e-01,2.745823562145233154e-01,3.225343823432922363e-01,-1.764953136444091797e-01,-6.732446700334548950e-02,8.645337820053100586e-02,2.444477081298828125e-01,1.132060959935188293e-01,1.431843787431716919e-01,1.000023409724235535e-01,1.802583932876586914e-01,1.988075971603393555e-01,1.507208794355392456e-01,1.520115584135055542e-01,2.439979910850524902e-01,4.346115514636039734e-03,2.721712589263916016e-01,3.258723914623260498e-01,3.229804635047912598e-01,1.366760432720184326e-01,1.555972099304199219e-01,2.060262560844421387e-01,1.957059800624847412e-01,2.722732424736022949e-01,7.015065103769302368e-02,1.766381859779357910e-01,-6.521620601415634155e-02,9.137541800737380981e-02,9.391532838344573975e-02,2.380535453557968140e-01,1.096460744738578796e-01,3.059122562408447266e-01,1.215430125594139099e-01,1.423601657152175903e-01,9.662462398409843445e-03,8.517215400934219360e-02,1.046610921621322632e-01,-1.285262107849121094e-01,-2.386929839849472046e-02,3.584837168455123901e-02,1.342480927705764771e-01,2.853579223155975342e-01,-1.796073839068412781e-02,1.333891898393630981e-01,1.452915668487548828e-01,6.913162022829055786e-02,2.351847738027572632e-01,1.378565579652786255e-01,-2.313117310404777527e-02
4.878415763378143311e-01,2.185493111610412598e-01,2.488893568515777588e-01,2.733371257781982422e-01,1.069578826427459717e-01,1.749153584241867065e-01,1.492310613393783569e-01,2.739399671554565430e-01,1.479240655899047852e-01,2.235842645168304443e-01,1.000000000000000000e+00,5.660596489906311035e-01,4.002699255943298340e-01,4.388304948806762695e-01,3.332338035106658936e-01,3.674100041389465332e-01,3.560830950736999512e-01,1.825496703386306763e-01,2.520432770252227783e-01,2.554455101490020752e-01,2.143280655145645142e-01,8.527641743421554565e-02,-1.395715028047561646e-01,1.984434574842453003e-01,-2.314676716923713684e-02,2.606442198157310486e-02,1.526917964220046997e-01,2.109002470970153809e-01,4.724155068397521973e-01,3.175309300422668457e-01,1.158391982316970825e-01,1.124394759535789490e-01,3.503537476062774658e-01,3.181298673152923584e-01,1.038473695516586304e-01,1.149950996041297913e-01,2.721645534038543701e-01,1.277700811624526978e-01,3.054115772247314453e-01,2.198570072650909424e-01,2.689113020896911621e-01,3.272810876369476318e-01,9.535069018602371216e-02,-8.698023855686187744e-02,7.285414612852036953e-04,-1.205577608197927475e-02,1.316305696964263916e-01,4.517773166298866272e-02,3.025863468647003174e-01,1.516127288341522217e-01,2.799200713634490967e-01,-5.894526094198226929e-02,2.675206363201141357e-01,-2.899855375289916992e-01,2.704722881317138672e-01,1.601021289825439453e-01,4.647645652294158936e-01,1.842975318431854248e-01,2.615292966365814209e-01,1.760916858911514282e-01,4.352291822433471680e-01,1.834549903869628906e-01,4.390922188758850098e-01,1.418802440166473389e-01,3.657910227775573730e-01,1.396441608667373657e-01,2.102938592433929443e-01,1.969501376152038574e-01,2.922007143497467041e-01,2.273104786872863770e-01,1.144866794347763062e-01,1.613890081644058228e-01,4.476361274719238281e-01,4.213744401931762695e-01,2.591041028499603271e-01,3.277725577354431152e-01,3.037436008453369141e-01,2.805671989917755127e-01,1.360790282487869263e-01,-8.092734962701797485e-03,4.075441956520080566e-01,1.585646122694015503e-01,2.554371953010559082e-01,2.905141115188598633e-01,4.708260297775268555e-01,2.177060097455978394e-01,1.345865726470947266e-01,1.969712087884545326e-03,2.424508929252624512e-01,1.195792574435472488e-02,2.840742766857147217e-01,-1.254824828356504440e-02,2.783035635948181152e-01,-1.924309693276882172e-02,1.516974419355392456e-01,1.821483075618743896e-01,2.507758438587188721e-01,1.150394827127456665e-01,3.449987471103668213e-01,1.573958545923233032e-01,2.936774194240570068e-01,6.572608649730682373e-02,2.016018331050872803e-01,1.007698774337768555e-01,7.957653142511844635e-03,9.173700213432312012e-02,-5.282717570662498474e-02,8.029942214488983154e-02,2.762140333652496338e-01,-9.859716147184371948e-02,6.529442965984344482e-02,1.016064882278442383e-01,1.462695598602294922e-01,1.336274594068527222e-01,8.131033927202224731e-02,-3.013572283089160919e-02
2.633230686187744141e-01,4.813537597656250000e-01,1.139127612113952637e-01,2.638613879680633545e-01,1.668604463338851929e-01,3.039540350437164307e-01,3.860735520720481873e-02,2.651577591896057129e-01,1.896751224994659424e-01,3.089814484119415283e-01,5.660596489906311035e-01,1.000000000000000000e+00,2.478376179933547974e-01,6.122404336929321289e-01,4.393433034420013428e-01,4.809832274913787842e-01,2.957315146923065186e-01,5.535634756088256836e-01,1.843864023685455322e-01,3.225216269493103027e-01,1.704154312610626221e-01,1.466895788908004761e-01,-1.488572359085083008e-01,2.551673352718353271e-01,-5.053237825632095337e-02,-1.227497868239879608e-02,2.430954277515411377e-01,3.460373580455780029e-01,3.654720485210418701e-01,5.522839426994323730e-01,1.211658865213394165e-01,1.025473400950431824e-01,3.987793624401092529e-01,4.259035289287567139e-01,1.498313397169113159e-01,1.741756349802017212e-01,2.937733829021453857e-01,3.504747152328491211e-01,3.785665929317474365e-01,3.851651549339294434e-01,1.682751476764678955e-01,3.061982691287994385e-01,2.219035029411315918e-01,1.216963902115821838e-01,1.237480640411376953e-01,1.786338090896606445e-01,2.150240689516067505e-01,2.161714285612106323e-01,3.598130047321319580e-01,3.531733751296997070e-01,2.644697129726409912e-01,2.187770158052444458e-01,2.756683230400085449e-01,-1.067114695906639099e-01,4.033271968364715576e-01,4.275851547718048096e-01,3.309621512889862061e-01,4.426028132438659668e-01,2.844442725181579590e-01,3.075204193592071533e-01,3.548921644687652588e-01,3.614773750305175781e-01,3.101379275321960449e-01,4.075071811676025391e-01,3.329803049564361572e-01,2.973900437355041504e-01,2.719335258007049561e-01,3.282088935375213623e-01,2.826937735080718994e-01,3.183870911598205566e-01,3.938617184758186340e-02,1.684692502021789551e-01,3.157349526882171631e-01,5.047500133514404297e-01,2.069927901029586792e-01,3.713479936122894287e-01,2.764222621917724609e-01,3.100599944591522217e-01,1.060822606086730957e-01,1.952008455991744995e-01,2.676490247249603271e-01,5.076795220375061035e-01,2.075820416212081909e-02,5.313062667846679688e-01,3.924517035484313965e-01,5.228160619735717773e-01,-3.004872426390647888e-02,2.414902746677398682e-01,2.756286263465881348e-01,3.703013658523559570e-01,2.914146780967712402e-01,2.677585780620574951e-01,2.313347905874252319e-01,2.425522506237030029e-01,1.072373613715171814e-01,2.212943583726882935e-01,3.022108078002929688e-01,1.942441165447235107e-01,3.970903456211090088e-01,2.779784798622131348e-01,1.926396042108535767e-01,2.737538814544677734e-01,7.835297286510467529e-02,3.222149610519409180e-01,-1.545518338680267334e-01,-1.780340820550918579e-02,-7.455205172300338745e-02,2.145277708768844604e-01,1.130659058690071106e-01,-6.051172688603401184e-02,8.664285391569137573e-02,1.486463248729705811e-01,1.816611737012863159e-01,1.240720078349113464e-01,1.072687208652496338e-01,-3.451958671212196350e-02
4.676198959350585938e-01,5.064583197236061096e-02,4.595185816287994385e-01,4.323107004165649414e-01,8.146499842405319214e-02,4.931287840008735657e-02,4.796354770660400391e-01,4.536482989788055420e-01,2.155354917049407959e-01,2.368758916854858398e-01,4.002699255943298340e-01,2.478376179933547974e-01,1.000000000000000000e+00,3.577865660190582275e-01,3.903019726276397705e-01,3.457283377647399902e-01,2.064072340726852417e-01,1.328624188899993896e-01,3.078628778457641602e-01,2.672712206840515137e-01,1.101603284478187561e-01,1.350982636213302612e-01,4.337657988071441650e-02,3.728793859481811523e-01,1.283569037914276123e-01,9.100540727376937866e-02,9.481060504913330078e-02,1.345319300889968872e-01,5.005899071693420410e-01,3.271938562393188477e-01,1.091158241033554077e-01,2.059269696474075317e-01,3.258794248104095459e-01,3.081046938896179199e-01,2.171526104211807251e-01,2.304403781890869141e-01,1.835303008556365967e-01,9.456567466259002686e-02,2.367780804634094238e-01,1.547747999429702759e-01,6.892313808202743530e-02,5.426630005240440369e-02,1.757840365171432495e-01,4.911451041698455811e-02,2.289149463176727295e-01,8.219909667968750000e-02,1.479576230049133301e-01,1.154789924621582031e-01,2.143428176641464233e-01,9.683859348297119141e-02,1.286458671092987061e-01,-2.332623302936553955e-02,1.158094778656959534e-01,-1.513150632381439209e-01,1.850743591785430908e-01,7.359321415424346924e-02,2.887470424175262451e-01,4.592356085777282715e-02,1.992253661155700684e-01,6.582204252481460571e-02,2.692787349224090576e-01,4.245065152645111084e-02,2.763993144035339355e-01,-7.144900038838386536e-03,3.185958862304687500e-01,1.035637781023979187e-01,2.953866124153137207e-01,2.249134033918380737e-01,3.195923566818237305e-01,1.427636444568634033e-01,-6.316453684121370316e-03,1.014210283756256104e-01,2.745486199855804443e-01,2.781420052051544189e-01,1.196845527738332748e-02,5.406276881694793701e-02,2.232098132371902466e-01,2.511374354362487793e-01,7.433019578456878662e-02,1.528519671410322189e-02,2.053053528070449829e-01,6.608474534004926682e-03,2.523837387561798096e-01,2.165732532739639282e-01,2.451948970556259155e-01,1.074795201420783997e-01,1.695026606321334839e-01,1.039599552750587463e-01,1.154284551739692688e-01,-3.712256671860814095e-03,2.427211999893188477e-01,-1.928260084241628647e-03,1.655950099229812622e-01,4.382763430476188660e-02,1.900728344917297363e-01,1.809021234512329102e-01,2.238187193870544434e-01,9.927964955568313599e-02,2.904831469058990479e-01,3.915759548544883728e-02,1.608838438987731934e-01,1.118035241961479187e-01,1.024028882384300232e-01,8.789090812206268311e-02,-6.742093712091445923e-02,-3.934670239686965942e-02,-3.857013955712318420e-02,5.368772149085998535e-02,3.332939147949218750e-01,8.272201754152774811e-03,1.934740245342254639e-01,2.576907873153686523e-01,1.625160574913024902e-01,2.200607955455780029e-01,5.557331070303916931e-02,-6.585481762886047363e-02
