1.000000000000000000e+00,6.695272922515869141e-01,4.899434745311737061e-01,5.893223881721496582e-01,2.314956188201904297e-01,2.274753153324127197e-01,4.199538230895996094e-01,5.387603640556335449e-01,3.862795829772949219e-01,3.471372127532958984e-01,4.207917153835296631e-01,3.497104048728942871e-01,5.370782688260078430e-02,4.430853724479675293e-01,3.021100461483001709e-01,2.701908349990844727e-01,5.241048932075500488e-01,4.457909464836120605e-01,6.704175472259521484e-01,6.976358890533447266e-01,4.154147580265998840e-02,3.021365031599998474e-02,3.619756996631622314e-01,3.466937839984893799e-01,5.096225067973136902e-03,1.463727187365293503e-02,1.805449277162551880e-01,1.596305519342422485e-01,3.799806833267211914e-01,4.574227631092071533e-01,1.815147101879119873e-01,2.448390275239944458e-01,6.315425634384155273e-01,5.999889969825744629e-01,2.523229122161865234e-01,1.763453185558319092e-01,4.437026679515838623e-01,5.001524090766906738e-01,4.482397735118865967e-01,3.247691690921783447e-01,-7.766812294721603394e-02,3.374908352270722389e-03,2.213142067193984985e-02,-6.029106304049491882e-02,1.097401008009910583e-01,-8.692073076963424683e-02,1.770904660224914551e-01,1.250686347484588623e-01,-3.880109265446662903e-02,-9.099797904491424561e-02,1.969763487577438354e-01,1.841063611209392548e-02,2.100999504327774048e-01,3.529346734285354614e-02,4.679642021656036377e-01,2.765018045902252197e-01,6.769370436668395996e-01,5.747975111007690430e-01,1.573223918676376343e-01,2.042103558778762817e-02,4.236126840114593506e-01,-4.804210737347602844e-03,5.140691399574279785e-01,3.850244879722595215e-01,1.190913841128349304e-01,-1.619135378859937191e-03,2.362958937883377075e-01,1.816949993371963501e-01,5.847323536872863770e-01,5.380027294158935547e-01,2.219137251377105713e-01,1.373694837093353271e-01,1.656668186187744141e-01,2.806839644908905029e-01,1.087817475199699402e-01,1.510551124811172485e-01,5.647069215774536133e-01,5.332674384117126465e-01,4.276373088359832764e-01,4.080830812454223633e-01,4.656501412391662598e-01,3.468297719955444336e-01,2.506014406681060791e-01,3.047787547111511230e-01,3.925331532955169678e-01,2.656902968883514404e-01,3.602659106254577637e-01,1.673322468996047974e-01,3.704558014869689941e-01,2.876187860965728760e-01,3.440973162651062012e-01,2.201548069715499878e-01,2.739854454994201660e-01,1.536365449428558350e-01,2.725528776645660400e-01,4.208638966083526611e-01,3.521282374858856201e-01,4.039390385150909424e-01,3.333052694797515869e-01,3.944400548934936523e-01,3.217484652996063232e-01,2.980016469955444336e-01,3.713263571262359619e-01,3.546506166458129883e-01,2.078674733638763428e-01,2.455737590789794922e-01,2.587277889251708984e-01,4.679916501045227051e-01,2.950680553913116455e-01,2.183471471071243286e-01,1.277178972959518433e-01,2.374774366617202759e-01,1.476276516914367676e-01,2.351886928081512451e-01,2.800315320491790771e-01,2.181144505739212036e-01
6.695272922515869141e-01,1.000000000000000000e+00,2.987904250621795654e-01,4.241766631603240967e-01,1.388205736875534058e-01,1.495840549468994141e-01,2.596437931060791016e-01,4.441792666912078857e-01,3.244961798191070557e-01,2.665104568004608154e-01,3.354945778846740723e-01,3.967631459236145020e-01,2.050161361694335938e-02,3.769431412220001221e-01,3.090783655643463135e-01,2.307227849960327148e-01,4.609055817127227783e-01,6.979343891143798828e-01,5.875614285469055176e-01,6.946455240249633789e-01,-4.458644613623619080e-02,6.242900714278221130e-02,1.959023624658584595e-01,2.217436283826828003e-01,-7.732799649238586426e-02,-5.182672664523124695e-02,1.631753593683242798e-01,1.213009655475616455e-01,2.721535861492156982e-01,5.408971905708312988e-01,8.030397444963455200e-02,1.978198885917663574e-01,6.171889901161193848e-01,6.743357777595520020e-01,2.326405346393585205e-01,1.209621578454971313e-01,3.788475394248962402e-01,6.069085597991943359e-01,4.571366608142852783e-01,4.088254868984222412e-01,-9.265818446874618530e-02,3.948598727583885193e-02,5.073222145438194275e-02,1.766395638696849346e-03,1.523469388484954834e-01,4.710895195603370667e-02,1.383904665708541870e-01,2.077662646770477295e-01,2.549442835152149200e-02,4.883613809943199158e-02,1.789413243532180786e-01,1.722925901412963867e-01,1.670762449502944946e-01,2.345690876245498657e-01,4.339360594749450684e-01,4.494827389717102051e-01,5.800629258155822754e-01,7.818696498870849609e-01,1.596192568540573120e-01,1.381284445524215698e-01,3.556962907314300537e-01,1.425839066505432129e-01,4.472604393959045410e-01,6.082103252410888672e-01,1.119099408388137817e-01,1.450119167566299438e-01,2.233372926712036133e-01,2.534940242767333984e-01,5.119821429252624512e-01,5.915541052818298340e-01,1.773322224617004395e-01,1.365840882062911987e-01,5.719397217035293579e-02,3.290706276893615723e-01,1.337239444255828857e-01,1.774633377790451050e-01,5.041270852088928223e-01,5.750560760498046875e-01,3.573631346225738525e-01,5.158355832099914551e-01,4.650142788887023926e-01,5.476304888725280762e-01,1.176933944225311279e-01,2.985388934612274170e-01,3.467822372913360596e-01,4.981388747692108154e-01,3.701449036598205566e-01,2.085023224353790283e-01,3.640823066234588623e-01,4.910990595817565918e-01,2.855223417282104492e-01,4.376059472560882568e-01,2.380687743425369263e-01,3.853016197681427002e-01,2.607553601264953613e-01,3.927084207534790039e-01,3.687473833560943604e-01,4.473305940628051758e-01,2.744230031967163086e-01,4.987687766551971436e-01,3.222858905792236328e-01,5.696417689323425293e-01,4.134458601474761963e-01,5.221459865570068359e-01,2.352911382913589478e-01,3.484725654125213623e-01,2.094060480594635010e-01,5.303571224212646484e-01,2.126926034688949585e-01,1.780871897935867310e-01,1.653507500886917114e-01,2.880383729934692383e-01,2.515388429164886475e-01,3.595904707908630371e-01,3.565601408481597900e-01,3.222221434116363525e-01
4.899434745311737061e-01,2.987904250621795654e-01,1.000000000000000000e+00,7.781048417091369629e-01,2.916878163814544678e-01,3.323530554771423340e-01,6.818401217460632324e-01,6.375244855880737305e-01,4.698642194271087646e-01,4.010302126407623291e-01,2.714851498603820801e-01,2.770533263683319092e-01,2.468679994344711304e-01,3.941522240638732910e-01,1.967695653438568115e-01,3.729716539382934570e-01,3.118470311164855957e-01,1.730105131864547729e-01,4.454890489578247070e-01,4.479996263980865479e-01,1.697265505790710449e-01,1.588493436574935913e-01,6.550937294960021973e-01,6.889594197273254395e-01,2.840730845928192139e-01,2.898699641227722168e-01,2.688993215560913086e-01,2.941435277462005615e-01,3.617886304855346680e-01,2.748071849346160889e-01,4.633426368236541748e-01,4.698667526245117188e-01,3.896732628345489502e-01,4.537084102630615234e-01,6.357970088720321655e-02,1.479259878396987915e-01,3.119814395904541016e-01,2.318337708711624146e-01,2.945823073387145996e-01,2.043218463659286499e-01,6.480166316032409668e-02,8.082765340805053711e-02,1.182709112763404846e-01,-2.237138897180557251e-02,8.621785789728164673e-02,-7.761240005493164062e-02,1.016412153840065002e-01,1.430110260844230652e-02,2.670511137694120407e-03,-5.575777217745780945e-02,1.212458387017250061e-01,1.031400263309478760e-02,1.396051347255706787e-01,-4.630907624959945679e-02,2.556810379028320312e-01,8.916876465082168579e-02,2.883285284042358398e-01,1.424345672130584717e-01,-6.144102290272712708e-02,-1.312452703714370728e-01,5.578716844320297241e-02,-2.061977237462997437e-01,1.434445977210998535e-01,-3.816497698426246643e-02,-5.147327110171318054e-02,-1.705523282289505005e-01,2.868311246857047081e-03,-5.996313318610191345e-02,1.731148213148117065e-01,1.501841396093368530e-01,2.734290361404418945e-01,2.039811909198760986e-01,2.297857850790023804e-01,2.541553378105163574e-01,6.786587089300155640e-02,1.544058471918106079e-01,2.812008559703826904e-01,2.958270609378814697e-01,1.634780168533325195e-01,1.470617204904556274e-01,2.271293699741363525e-01,2.160822041332721710e-02,3.700973391532897949e-01,3.104965686798095703e-01,1.888140439987182617e-01,4.144879803061485291e-02,2.141176164150238037e-01,1.177859082818031311e-01,2.290881723165512085e-01,1.550582349300384521e-01,2.012508809566497803e-01,6.492848694324493408e-02,2.133785039186477661e-01,8.169906586408615112e-02,1.308566778898239136e-01,2.212983965873718262e-01,1.606372147798538208e-01,1.291031986474990845e-01,1.558885127305984497e-01,9.469839185476303101e-02,1.316248178482055664e-01,5.947497487068176270e-02,1.085327342152595520e-01,1.457267403602600098e-01,3.448357060551643372e-02,2.925840951502323151e-02,1.258778274059295654e-01,1.910281032323837280e-01,1.350198537111282349e-01,1.560500413179397583e-01,-1.398994959890842438e-02,9.863556176424026489e-02,2.546001225709915161e-02,8.815324306488037109e-02,1.000983044505119324e-01,-2.271414175629615784e-02
5.893223881721496582e-01,4.241766631603240967e-01,7.781048417091369629e-01,1.000000000000000000e+00,2.199367880821228027e-01,2.716464102268218994e-01,7.144144773483276367e-01,7.962068319320678711e-01,3.920418620109558105e-01,3.272738456726074219e-01,3.465065062046051025e-01,4.442147016525268555e-01,2.531675100326538086e-01,4.666297435760498047e-01,2.401238977909088135e-01,2.713379263877868652e-01,3.287374377250671387e-01,3.243418931961059570e-01,4.169348478317260742e-01,5.506646037101745605e-01,1.066914126276969910e-01,1.742484122514724731e-01,4.940535724163055420e-01,7.228292822837829590e-01,1.755311042070388794e-01,2.157585918903350830e-01,2.250598520040512085e-01,2.287257760763168335e-01,3.583698272705078125e-01,3.835275173187255859e-01,3.915382325649261475e-01,4.959447085857391357e-01,3.769252896308898926e-01,4.733446240425109863e-01,-2.010736055672168732e-02,3.599509969353675842e-02,2.384445816278457642e-01,3.078509569168090820e-01,2.544553875923156738e-01,1.694515049457550049e-01,7.347026467323303223e-02,1.029256880283355713e-01,1.496682222932577133e-02,-4.185082763433456421e-02,4.689870402216911316e-02,-1.044839769601821899e-01,-1.786782592535018921e-02,-3.796380013227462769e-02,-6.310990452766418457e-02,-5.519716814160346985e-02,5.603997409343719482e-02,3.054373338818550110e-02,5.892877280712127686e-02,-4.501261934638023376e-02,1.746017932891845703e-01,1.015140265226364136e-01,3.854951560497283936e-01,3.012276589870452881e-01,-1.960930385394021869e-04,-4.378014802932739258e-02,1.518924236297607422e-01,-2.826296165585517883e-02,1.919155567884445190e-01,1.214079409837722778e-01,-5.791904404759407043e-03,-5.823188647627830505e-02,7.720474898815155029e-02,3.063645586371421814e-02,2.697022855281829834e-01,2.332542389631271362e-01,2.707212865352630615e-01,2.644605636596679688e-01,2.383555620908737183e-01,2.762518525123596191e-01,6.604223698377609253e-02,1.055847853422164917e-01,2.589197456836700439e-01,2.881030142307281494e-01,2.038381993770599365e-01,2.840206921100616455e-01,2.382078915834426880e-01,2.065277993679046631e-01,2.215709239244461060e-01,3.786931037902832031e-01,1.884350329637527466e-01,1.886754184961318970e-01,2.032081782817840576e-01,1.868939399719238281e-01,2.199254781007766724e-01,2.719599306583404541e-01,1.289997100830078125e-01,6.988804042339324951e-02,1.564171910285949707e-01,8.212391287088394165e-02,1.899696514010429382e-02,2.094535827636718750e-01,5.735421180725097656e-02,7.637129724025726318e-02,8.808802813291549683e-02,1.102513372898101807e-01,1.068944707512855530e-01,1.190705969929695129e-01,1.420984119176864624e-01,1.990356147289276123e-01,4.913335666060447693e-02,3.048870339989662170e-02,1.603998243808746338e-01,1.991576403379440308e-01,3.644024953246116638e-02,6.889416277408599854e-02,-1.027546450495719910e-01,2.798819541931152344e-02,-6.295575201511383057e-02,4.446576908230781555e-02,8.583922684192657471e-02,3.387521207332611084e-02
2.314956188201904297e-01,1.388205736875534058e-01,2.916878163814544678e-01,2.199367880821228027e-01,1.000000000000000000e+00,6.953453421592712402e-01,1.345732063055038452e-01,1.965112835168838501e-01,5.481593608856201172e-01,4.832706451416015625e-01,6.731235980987548828e-02,3.795881988480687141e-03,1.844636201858520508e-01,3.140229582786560059e-01,4.131627976894378662e-01,4.819606542587280273e-01,2.055717706680297852e-01,1.155971810221672058e-01,2.843093872070312500e-01,2.203253507614135742e-01,6.171527504920959473e-02,6.569730583578348160e-03,4.857039451599121094e-01,2.920055389404296875e-01,5.298323035240173340e-01,4.673051536083221436e-01,5.781375765800476074e-01,5.195031762123107910e-01,1.750315427780151367e-01,2.412428706884384155e-01,2.693108320236206055e-01,2.217316031455993652e-01,1.857550144195556641e-01,1.587541550397872925e-01,1.005368456244468689e-01,4.875241965055465698e-02,1.213143169879913330e-01,1.446797847747802734e-01,1.906523853540420532e-01,1.686681807041168213e-01,-1.081928610801696777e-01,-1.510237809270620346e-03,4.543155804276466370e-02,2.816241176333278418e-04,2.836033329367637634e-02,-1.556998211890459061e-02,2.360893227159976959e-02,3.292839974164962769e-02,5.688054487109184265e-02,1.039706766605377197e-01,1.516152024269104004e-01,9.495217353105545044e-02,4.677791520953178406e-02,7.892344146966934204e-02,1.514367759227752686e-01,7.687127590179443359e-02,1.378097683191299438e-01,3.140600770711898804e-02,9.780760109424591064e-02,4.853129386901855469e-02,1.135785728693008423e-01,-1.266835331916809082e-01,1.908985525369644165e-01,-2.444018609821796417e-03,8.154699951410293579e-02,-1.899314858019351959e-02,-6.984859704971313477e-02,-4.474873840808868408e-02,7.582258433103561401e-02,7.175400853157043457e-02,1.290448307991027832e-01,7.922045141458511353e-02,4.679639637470245361e-02,2.119195312261581421e-01,-6.174356490373611450e-02,-2.575488574802875519e-02,2.408403009176254272e-01,2.060137540102005005e-01,1.636660397052764893e-01,9.193097054958343506e-02,1.001418828964233398e-01,4.807555675506591797e-02,2.607232630252838135e-01,1.951841861009597778e-01,3.339138627052307129e-02,-1.125253154896199703e-03,3.103955388069152832e-01,1.253533065319061279e-01,7.633918896317481995e-03,9.199986234307289124e-03,2.153219096362590790e-02,-2.831637673079967499e-02,-1.902051083743572235e-02,-5.582647398114204407e-02,2.008127719163894653e-01,1.763797849416732788e-01,1.865855008363723755e-01,1.777281910181045532e-01,4.650220274925231934e-02,1.681927777826786041e-02,1.680684462189674377e-02,3.406470641493797302e-02,5.767865106463432312e-02,2.128409780561923981e-02,-2.009353600442409515e-02,1.475609559565782547e-02,-8.145053870975971222e-03,1.328575313091278076e-01,2.720248103141784668e-01,1.817050725221633911e-01,1.281121969223022461e-01,1.608710736036300659e-01,-6.000161636620759964e-03,1.558954864740371704e-01,5.940976366400718689e-02,3.459594771265983582e-02
2.274753153324127197e-01,1.495840549468994141e-01,3.323530554771423340e-01,2.716464102268218994e-01,6.953453421592712402e-01,1.000000000000000000e+00,1.224908307194709778e-01,2.729566991329193115e-01,5.371135473251342773e-01,5.790070295333862305e-01,9.744192659854888916e-02,1.915426738560199738e-02,1.155841052532196045e-01,2.802380919456481934e-01,3.783015608787536621e-01,6.062650680541992188e-01,2.575699687004089355e-01,8.562435209751129150e-02,3.119698166847229004e-01,2.014454901218414307e-01,1.808040402829647064e-02,-1.334793306887149811e-02,5.249263644218444824e-01,2.947882711887359619e-01,4.748858809471130371e-01,4.896389544010162354e-01,5.316510200500488281e-01,5.391386747360229492e-01,1.514032185077667236e-01,2.461635768413543701e-01,3.224918246269226074e-01,2.899527251720428467e-01,2.558226883411407471e-01,1.956824064254760742e-01,1.744828820228576660e-01,9.000076353549957275e-02,1.451176255941390991e-01,1.931014060974121094e-01,2.864507734775543213e-01,2.325318306684494019e-01,-1.913550794124603271e-01,3.202443942427635193e-02,2.879991754889488220e-02,-3.361956775188446045e-02,6.789185106754302979e-02,-1.688235998153686523e-02,4.140124469995498657e-02,3.908636420965194702e-02,8.046948164701461792e-02,2.763805352151393890e-02,1.704055517911911011e-01,3.630795050412416458e-03,1.013875603675842285e-01,-6.430757045745849609e-02,1.841668486595153809e-01,1.082479134202003479e-01,1.652358025312423706e-01,-1.796891354024410248e-02,-1.866533979773521423e-02,-1.049158722162246704e-01,5.758319422602653503e-02,-2.200299948453903198e-01,2.631689310073852539e-01,-3.729192540049552917e-02,-3.100124001502990723e-02,-1.154104620218276978e-01,-1.409748494625091553e-01,-1.309712976217269897e-01,1.076598688960075378e-01,2.839407511055469513e-02,1.732350587844848633e-01,7.466957718133926392e-02,4.701811820268630981e-02,2.184323668479919434e-01,-4.219781979918479919e-02,7.400660216808319092e-02,2.340765297412872314e-01,2.389113903045654297e-01,1.498247534036636353e-01,6.954699754714965820e-02,1.373718976974487305e-01,-4.272980988025665283e-02,3.100460767745971680e-01,1.520232856273651123e-01,8.038369566202163696e-02,-3.661607578396797180e-02,3.600505590438842773e-01,9.784721583127975464e-02,8.062747865915298462e-02,-3.069217782467603683e-03,1.316222399473190308e-01,-4.887246340513229370e-02,9.761323779821395874e-02,-8.941879868507385254e-02,2.034153044223785400e-01,1.517437398433685303e-01,1.897672265768051147e-01,1.872040182352066040e-01,9.280677884817123413e-02,5.496646091341972351e-02,1.239648237824440002e-01,-5.567207187414169312e-02,1.323649287223815918e-01,-4.320068750530481339e-03,-1.550242863595485687e-02,-2.845825860276818275e-03,3.380257263779640198e-02,1.437403559684753418e-01,1.825533658266067505e-01,1.309273242950439453e-01,1.595591455698013306e-01,2.276033163070678711e-01,8.304970711469650269e-02,1.177740097045898438e-01,1.099643334746360779e-01,5.214366689324378967e-02
4.199538230895996094e-01,2.596437931060791016e-01,6.818401217460632324e-01,7.144144773483276367e-01,1.345732063055038452e-01,1.224908307194709778e-01,1.000000000000000000e+00,6.622283458709716797e-01,2.640689015388488770e-01,6.619976460933685303e-02,4.740549027919769287e-01,4.829153418540954590e-01,4.186747670173645020e-01,4.553783833980560303e-01,1.806752979755401611e-01,7.838516682386398315e-02,3.216204643249511719e-01,2.730215191841125488e-01,2.116764932870864868e-01,3.735027313232421875e-01,2.335173040628433228e-01,2.660188376903533936e-01,2.938129901885986328e-01,5.229055881500244141e-01,1.702616214752197266e-01,1.713578253984451294e-01,1.608403325080871582e-01,1.848061084747314453e-01,5.162483453750610352e-01,3.584204316139221191e-01,4.309190213680267334e-01,5.040467381477355957e-01,1.925297826528549194e-01,3.558715581893920898e-01,-2.250213548541069031e-02,7.737981528043746948e-02,2.615053951740264893e-01,2.007524371147155762e-01,2.336918264627456665e-01,1.378193944692611694e-01,1.932458281517028809e-01,2.139019966125488281e-01,7.465243339538574219e-02,-1.369617064483463764e-03,7.881519198417663574e-02,-1.565045863389968872e-02,-2.439501509070396423e-02,-9.746363386511802673e-03,4.190107434988021851e-02,5.619158968329429626e-02,4.846636950969696045e-02,1.991441845893859863e-02,1.859815977513790131e-02,-1.727141439914703369e-02,9.265705943107604980e-02,2.298783510923385620e-02,2.064514607191085815e-01,1.335722804069519043e-01,1.394731551408767700e-01,9.867595881223678589e-02,2.323305010795593262e-01,1.188345253467559814e-01,5.973153561353683472e-02,-9.416588582098484039e-03,2.706232964992523193e-01,4.262557998299598694e-02,2.259796261787414551e-01,2.230042964220046997e-01,1.842076331377029419e-02,2.256897091865539551e-01,3.563426733016967773e-01,3.939816057682037354e-01,3.829545378684997559e-01,3.037883937358856201e-01,1.688370555639266968e-01,1.503446698188781738e-01,1.461312621831893921e-01,1.854603141546249390e-01,3.060069978237152100e-01,2.859748303890228271e-01,3.196879327297210693e-01,2.416112422943115234e-01,2.210301309823989868e-01,3.635456860065460205e-01,2.927989959716796875e-01,2.136715054512023926e-01,1.549782007932662964e-01,2.216697633266448975e-01,2.434093356132507324e-01,2.438255697488784790e-01,3.847138257697224617e-03,2.565921284258365631e-02,6.759282201528549194e-02,1.493550688028335571e-01,6.044420599937438965e-02,1.388337463140487671e-01,1.341972034424543381e-02,2.906157821416854858e-02,-4.603883251547813416e-03,1.737556047737598419e-02,3.843815252184867859e-02,1.240214854478836060e-01,6.730737537145614624e-02,1.581098437309265137e-01,1.136318128556013107e-02,1.049561277031898499e-01,1.904179155826568604e-01,1.233317926526069641e-01,1.000449731945991516e-01,2.203395664691925049e-01,-1.089247986674308777e-01,-5.542129278182983398e-02,-7.286909967660903931e-02,-4.691995307803153992e-02,3.868918120861053467e-02,-3.156792744994163513e-02
5.387603640556335449e-01,4.441792666912078857e-01,6.375244855880737305e-01,7.962068319320678711e-01,1.965112835168838501e-01,2.729566991329193115e-01,6.622283458709716797e-01,1.000000000000000000e+00,3.293705284595489502e-01,3.530439734458923340e-01,4.788880050182342529e-01,5.458714962005615234e-01,3.240157365798950195e-01,5.665104389190673828e-01,2.031759768724441528e-01,3.017264604568481445e-01,3.988138437271118164e-01,3.830545544624328613e-01,4.183483719825744629e-01,4.916784465312957764e-01,1.931320428848266602e-01,2.559189498424530029e-01,3.631142675876617432e-01,5.425769090652465820e-01,1.417638063430786133e-01,2.114892601966857910e-01,2.764416933059692383e-01,2.800766825675964355e-01,4.834174215793609619e-01,4.803226590156555176e-01,4.286178052425384521e-01,5.295686721801757812e-01,4.083939790725708008e-01,4.806414544582366943e-01,-5.177896469831466675e-02,-8.831479586660861969e-03,2.395436167716979980e-01,3.185151815414428711e-01,3.180381953716278076e-01,2.873147428035736084e-01,4.787569865584373474e-02,2.007796764373779297e-01,-3.973154723644256592e-02,-1.456373035907745361e-01,1.120387688279151917e-01,-1.446597278118133545e-01,-8.790475875139236450e-02,-9.192128479480743408e-02,-1.207952853292226791e-02,-9.442907571792602539e-02,2.257037907838821411e-02,-5.048730969429016113e-02,3.150448203086853027e-02,-1.023475080728530884e-01,1.821232140064239502e-01,1.529029458761215210e-01,3.671307861804962158e-01,3.418474793434143066e-01,-7.505989167839288712e-03,2.350534778088331223e-03,1.692745834589004517e-01,3.710318356752395630e-02,2.596669793128967285e-01,1.909537315368652344e-01,3.424013778567314148e-02,-1.118780579417943954e-02,1.246206164360046387e-01,6.669606268405914307e-02,2.563612759113311768e-01,2.872946560382843018e-01,3.904784321784973145e-01,3.982008695602416992e-01,3.457611501216888428e-01,3.587642610073089600e-01,1.081846877932548523e-01,1.933981180191040039e-01,2.639903426170349121e-01,3.004232645034790039e-01,2.650408148765563965e-01,2.533807456493377686e-01,3.121694624423980713e-01,2.742863297462463379e-01,2.341918200254440308e-01,3.835628330707550049e-01,2.310915291309356689e-01,2.281602025032043457e-01,2.692482769489288330e-01,3.182149827480316162e-01,3.370929658412933350e-01,2.834137380123138428e-01,1.522209942340850830e-01,8.864957839250564575e-03,2.100574821233749390e-01,2.253675833344459534e-02,-3.033401211723685265e-03,2.143287211656570435e-01,2.696520648896694183e-02,9.511792659759521484e-02,5.931265652179718018e-02,1.557123363018035889e-01,2.016319334506988525e-01,1.032593324780464172e-01,2.481171041727066040e-01,2.727426886558532715e-01,1.161848753690719604e-01,1.055328771471977234e-01,1.940864324569702148e-01,2.751600742340087891e-01,-2.321713417768478394e-02,6.500187516212463379e-02,-1.402365267276763916e-01,5.150053650140762329e-02,-1.226060930639505386e-02,1.007414683699607849e-01,9.847340732812881470e-02,7.287275791168212891e-02
3.862795829772949219e-01,3.244961798191070557e-01,4.698642194271087646e-01,3.920418620109558105e-01,5.481593608856201172e-01,5.371135473251342773e-01,2.640689015388488770e-01,3.293705284595489502e-01,1.000000000000000000e+00,6.831988692283630371e-01,1.059331446886062622e-01,4.836337640881538391e-02,9.707092493772506714e-02,5.007189512252807617e-01,5.501435399055480957e-01,6.268059611320495605e-01,2.880772054195404053e-01,1.480629742145538330e-01,4.615805149078369141e-01,4.313161969184875488e-01,2.493443153798580170e-02,2.759031718596816063e-03,6.142944693565368652e-01,4.993468821048736572e-01,2.730236947536468506e-01,2.675002217292785645e-01,3.666439950466156006e-01,4.063859879970550537e-01,1.531346738338470459e-01,3.080632090568542480e-01,3.464973270893096924e-01,3.593416213989257812e-01,4.377427101135253906e-01,4.266633093357086182e-01,2.174580395221710205e-01,1.379569917917251587e-01,2.960196435451507568e-01,3.531992137432098389e-01,4.285159409046173096e-01,2.600577175617218018e-01,-1.729127615690231323e-01,-5.733494088053703308e-02,2.138289362192153931e-01,3.478261828422546387e-02,2.586451470851898193e-01,4.385847970843315125e-02,1.874787658452987671e-01,1.763532608747482300e-01,2.032312899827957153e-01,1.927298605442047119e-01,3.292966783046722412e-01,2.226447463035583496e-01,2.565054893493652344e-01,1.629706025123596191e-01,3.496690094470977783e-01,1.915337443351745605e-01,3.677732944488525391e-01,2.143087238073348999e-01,1.260708123445510864e-01,6.854028254747390747e-02,1.919882744550704956e-01,-1.174814477562904358e-01,3.388933241367340088e-01,9.023869037628173828e-02,6.691087037324905396e-02,2.318304218351840973e-02,9.840171784162521362e-03,5.104182660579681396e-02,2.282172739505767822e-01,3.775709867477416992e-01,1.257724016904830933e-01,3.262608870863914490e-02,-5.476302281022071838e-02,1.283568739891052246e-01,-2.101839706301689148e-02,1.549241393804550171e-01,3.622984886169433594e-01,3.955341279506683350e-01,1.087402179837226868e-01,1.313768774271011353e-01,2.711991965770721436e-01,1.311287581920623779e-01,3.065384626388549805e-01,2.603023946285247803e-01,2.234760671854019165e-01,1.405975222587585449e-01,3.370926976203918457e-01,1.167723610997200012e-01,2.053198665380477905e-01,1.674334257841110229e-01,2.563550770282745361e-01,1.219773218035697937e-01,2.000896483659744263e-01,6.876584142446517944e-02,2.284262180328369141e-01,3.377356231212615967e-01,2.406588047742843628e-01,2.305151820182800293e-01,2.014878094196319580e-01,1.775673478841781616e-01,1.370090842247009277e-01,3.895493224263191223e-02,1.765864044427871704e-01,1.548953540623188019e-02,2.140623778104782104e-01,2.105786949396133423e-01,1.646149009466171265e-01,2.245388329029083252e-01,2.976826429367065430e-01,2.578674852848052979e-01,1.896815374493598938e-02,2.721555531024932861e-01,1.344240456819534302e-01,1.911009103059768677e-01,2.392252236604690552e-01,2.372631430625915527e-01
3.471372127532958984e-01,2.665104568004608154e-01,4.010302126407623291e-01,3.272738456726074219e-01,4.832706451416015625e-01,5.790070295333862305e-01,6.619976460933685303e-02,3.530439734458923340e-01,6.831988692283630371e-01,1.000000000000000000e+00,1.210061311721801758e-01,-1.118314824998378754e-02,7.281979173421859741e-02,4.198452830314636230e-01,4.164347052574157715e-01,7.681589126586914062e-01,2.406759262084960938e-01,1.492355167865753174e-01,5.323683619499206543e-01,3.565328717231750488e-01,9.848928451538085938e-02,6.020700186491012573e-02,5.705970525741577148e-01,3.082900345325469971e-01,1.940619051456451416e-01,2.531082332134246826e-01,4.137503206729888916e-01,4.082134664058685303e-01,1.357906460762023926e-01,3.061029314994812012e-01,2.887291312217712402e-01,2.984633147716522217e-01,4.390267729759216309e-01,3.196157515048980713e-01,2.070107012987136841e-01,1.590995192527770996e-01,2.295937538146972656e-01,3.196823894977569580e-01,3.727751970291137695e-01,3.610988855361938477e-01,-1.954562216997146606e-01,2.204422652721405029e-02,1.178634539246559143e-01,-3.554270416498184204e-02,1.957398056983947754e-01,-5.662700533866882324e-02,2.054883390665054321e-01,1.639314740896224976e-01,8.043906837701797485e-02,-4.182806238532066345e-02,2.565455734729766846e-01,-1.472469791769981384e-02,3.107961118221282959e-01,-3.049654141068458557e-02,3.959910571575164795e-01,2.836418747901916504e-01,2.667267620563507080e-01,1.520176827907562256e-01,-7.993639260530471802e-02,-1.518899500370025635e-01,-1.597725413739681244e-02,-3.157107532024383545e-01,2.805812656879425049e-01,5.496378988027572632e-02,-1.278371065855026245e-01,-1.663903743028640747e-01,-9.065421670675277710e-02,-1.015059053897857666e-01,2.855092883110046387e-01,2.395875453948974609e-01,1.123040616512298584e-01,2.522151544690132141e-02,-6.836646050214767456e-02,1.646394580602645874e-01,3.727281698957085609e-03,2.159760445356369019e-01,3.329710960388183594e-01,3.647946417331695557e-01,7.318366318941116333e-02,8.871515840291976929e-02,1.983236223459243774e-01,-9.243011474609375000e-03,3.466720283031463623e-01,7.711872458457946777e-02,1.996486932039260864e-01,-7.154984399676322937e-03,3.584912717342376709e-01,6.594619899988174438e-02,2.795887887477874756e-01,9.451306611299514771e-02,4.511396288871765137e-01,9.353899955749511719e-02,3.813228011131286621e-01,-1.509218849241733551e-02,2.313022464513778687e-01,3.092598915100097656e-01,3.053437769412994385e-01,2.885814607143402100e-01,3.278655409812927246e-01,2.886412143707275391e-01,3.514069616794586182e-01,1.293167844414710999e-02,3.064782619476318359e-01,8.018840104341506958e-02,1.737539619207382202e-01,1.115462556481361389e-01,1.256232261657714844e-01,3.090942203998565674e-01,2.251916229724884033e-01,1.663887947797775269e-01,6.863159686326980591e-02,2.958902716636657715e-01,2.218586206436157227e-01,2.288289517164230347e-01,1.313340961933135986e-01,1.438324600458145142e-01
4.207917153835296631e-01,3.354945778846740723e-01,2.714851498603820801e-01,3.465065062046051025e-01,6.731235980987548828e-02,9.744192659854888916e-02,4.740549027919769287e-01,4.788880050182342529e-01,1.059331446886062622e-01,1.210061311721801758e-01,1.000000000000000000e+00,6.102225780487060547e-01,5.343436002731323242e-01,3.701331615447998047e-01,2.520490884780883789e-01,1.377113312482833862e-01,5.027054548263549805e-01,3.561726510524749756e-01,2.582729160785675049e-01,3.131293356418609619e-01,2.669885754585266113e-01,3.010121881961822510e-01,4.842089489102363586e-02,9.957448393106460571e-02,1.510130334645509720e-02,5.579388514161109924e-02,1.248850747942924500e-01,1.126196235418319702e-01,7.169014811515808105e-01,5.359438061714172363e-01,3.083206415176391602e-01,3.786959648132324219e-01,2.544048130512237549e-01,3.357813954353332520e-01,9.981126338243484497e-02,1.404596269130706787e-01,3.637925386428833008e-01,3.216342031955718994e-01,3.909194469451904297e-01,3.553873300552368164e-01,2.176134288311004639e-01,3.414328992366790771e-01,5.178487673401832581e-02,-3.348817676305770874e-02,2.010990083217620850e-01,7.562030805274844170e-05,1.163713857531547546e-01,8.669011294841766357e-02,1.471625864505767822e-01,-8.409370481967926025e-02,1.033261492848396301e-01,-2.120841145515441895e-01,1.203106492757797241e-01,-8.924070000648498535e-02,2.954678535461425781e-01,1.831990033388137817e-01,3.356469273567199707e-01,1.985165327787399292e-01,5.191643908619880676e-02,2.442128397524356842e-02,3.277212381362915039e-01,1.183016970753669739e-01,3.137965798377990723e-01,1.977569460868835449e-01,2.552941143512725830e-01,-9.435718506574630737e-02,3.396267294883728027e-01,3.059057891368865967e-01,1.811740696430206299e-01,3.217851817607879639e-01,4.291428923606872559e-01,3.838961720466613770e-01,4.480914175510406494e-01,4.474398493766784668e-01,2.735650837421417236e-01,2.911568880081176758e-01,3.001260161399841309e-01,2.782997488975524902e-01,4.738612771034240723e-01,2.930331826210021973e-01,5.075204372406005859e-01,2.553925514221191406e-01,3.197162747383117676e-01,1.933824867010116577e-01,4.975259900093078613e-01,2.215761840343475342e-01,4.196780323982238770e-01,1.971719413995742798e-01,4.678620696067810059e-01,2.240346670150756836e-01,2.623648643493652344e-01,1.110465750098228455e-01,2.789600789546966553e-01,1.334670186042785645e-01,1.107040569186210632e-01,1.919789165258407593e-01,2.052475661039352417e-01,1.938974410295486450e-01,1.903678476810455322e-01,1.914266496896743774e-01,2.964594960212707520e-01,1.715357601642608643e-01,3.287172913551330566e-01,3.086156249046325684e-01,1.554804388433694839e-02,1.539316475391387939e-01,2.920841872692108154e-01,3.436453640460968018e-01,3.757062926888465881e-02,1.864040642976760864e-01,2.446196787059307098e-02,9.193224459886550903e-02,1.177524104714393616e-01,8.243387937545776367e-02,1.222572550177574158e-01,3.664704412221908569e-02
3.497104048728942871e-01,3.967631459236145020e-01,2.770533263683319092e-01,4.442147016525268555e-01,3.795881988480687141e-03,1.915426738560199738e-02,4.829153418540954590e-01,5.458714962005615234e-01,4.836337640881538391e-02,-1.118314824998378754e-02,6.102225780487060547e-01,1.000000000000000000e+00,4.751944541931152344e-01,4.861815869808197021e-01,2.737020552158355713e-01,7.491292804479598999e-02,2.061349600553512573e-01,4.993433058261871338e-01,1.583662033081054688e-01,3.380343019962310791e-01,1.938453018665313721e-01,3.274152576923370361e-01,-6.040244176983833313e-02,2.225132733583450317e-01,-2.166881971061229706e-02,-1.264309044927358627e-02,6.999507546424865723e-02,8.587155491113662720e-02,5.315409898757934570e-01,6.084039807319641113e-01,2.977528572082519531e-01,4.119290113449096680e-01,2.117391675710678101e-01,3.511360883712768555e-01,-1.412306819111108780e-02,8.129467070102691650e-02,2.801363170146942139e-01,3.391101658344268799e-01,2.739368677139282227e-01,2.609875798225402832e-01,2.806098163127899170e-01,4.321261048316955566e-01,-1.471628900617361069e-02,6.963242590427398682e-02,8.701063692569732666e-03,-1.128718722611665726e-02,-2.752937749028205872e-02,7.523041963577270508e-02,-3.220375627279281616e-02,-1.400149427354335785e-03,-1.470075547695159912e-01,-5.359861627221107483e-02,-1.589788645505905151e-01,8.187779039144515991e-02,1.568395793437957764e-01,2.313954830169677734e-01,1.578117758035659790e-01,2.386564761400222778e-01,3.020220622420310974e-02,1.432541012763977051e-01,1.919158250093460083e-01,3.048109412193298340e-01,1.033122539520263672e-01,3.486442565917968750e-01,1.132991909980773926e-01,6.141488626599311829e-02,2.792199552059173584e-01,3.270295262336730957e-01,6.540250778198242188e-02,2.420059293508529663e-01,3.425564765930175781e-01,4.378873109817504883e-01,3.909179866313934326e-01,4.571332931518554688e-01,2.463375180959701538e-01,1.689677536487579346e-01,1.990218311548233032e-01,2.190978527069091797e-01,2.460023164749145508e-01,4.040792584419250488e-01,3.328930139541625977e-01,4.772672057151794434e-01,1.133794188499450684e-01,4.099919199943542480e-01,2.288653552532196045e-01,4.282710850238800049e-01,2.363468706607818604e-01,2.712303400039672852e-01,3.552986383438110352e-01,4.405186176300048828e-01,-5.279797315597534180e-02,1.016367971897125244e-01,-4.723852872848510742e-02,1.371650993824005127e-01,7.986629009246826172e-02,1.820390820503234863e-01,1.112342849373817444e-01,1.075901314616203308e-01,9.475730475969612598e-04,4.354596510529518127e-02,-4.460021108388900757e-02,1.803264915943145752e-01,1.720689237117767334e-02,2.391835004091262817e-01,5.359534174203872681e-03,1.431123912334442139e-01,2.422366738319396973e-01,2.687855660915374756e-01,3.995903208851814270e-02,1.549316942691802979e-01,-2.228587679564952850e-02,-8.153439313173294067e-02,-9.906196594238281250e-02,3.668348118662834167e-02,9.471010416746139526e-02,8.728874474763870239e-02
5.370782688260078430e-02,2.050161361694335938e-02,2.468679994344711304e-01,2.531675100326538086e-01,1.844636201858520508e-01,1.155841052532196045e-01,4.186747670173645020e-01,3.240157365798950195e-01,9.707092493772506714e-02,7.281979173421859741e-02,5.343436002731323242e-01,4.751944541931152344e-01,1.000000000000000000e+00,3.104049563407897949e-01,2.814978957176208496e-01,2.039361447095870972e-01,4.520970955491065979e-02,1.503558307886123657e-01,-9.059420786798000336e-03,5.990424752235412598e-02,1.164203956723213196e-01,1.968760341405868530e-01,7.151427865028381348e-02,2.228852659463882446e-01,2.343006432056427002e-01,2.330782115459442139e-01,1.261506974697113037e-01,1.157494559884071350e-01,5.547223687171936035e-01,4.675096571445465088e-01,3.336063027381896973e-01,3.760359883308410645e-01,-5.563215352594852448e-03,1.353268325328826904e-01,4.136593267321586609e-02,1.802599281072616577e-01,1.068540066480636597e-01,1.476643532514572144e-01,1.232643797993659973e-01,1.848638206720352173e-01,3.303094804286956787e-01,4.324194490909576416e-01,1.202200129628181458e-01,1.822703927755355835e-01,1.541139334440231323e-01,1.978068500757217407e-01,8.615798503160476685e-02,1.603391766548156738e-01,1.603037714958190918e-01,9.688075631856918335e-02,-2.744007669389247894e-02,-5.141910165548324585e-02,-3.007476776838302612e-02,1.154498290270566940e-02,3.454352915287017822e-02,7.782486081123352051e-02,-3.296242281794548035e-02,-1.227073892951011658e-01,2.165159396827220917e-02,4.917416349053382874e-02,6.072492152452468872e-02,1.168258637189865112e-01,-9.328743815422058105e-02,-1.366211660206317902e-02,1.561326980590820312e-01,-8.783675730228424072e-02,2.120880335569381714e-01,2.214817404747009277e-01,-1.257833838462829590e-01,-2.467748895287513733e-02,3.785437345504760742e-01,3.869531154632568359e-01,3.176384568214416504e-01,4.088522791862487793e-01,1.261824220418930054e-01,5.750066041946411133e-02,-7.471680641174316406e-02,-3.183141350746154785e-02,4.676047340035438538e-02,1.229453906416893005e-01,1.120962426066398621e-01,1.225335747003555298e-01,2.419506907463073730e-01,2.587197124958038330e-01,1.600987166166305542e-01,2.040182948112487793e-01,3.502154946327209473e-01,1.993663460016250610e-01,2.667275667190551758e-01,2.578265368938446045e-01,-3.377716615796089172e-02,9.513237513601779938e-03,5.442649708129465580e-04,7.824549078941345215e-02,2.253260836005210876e-02,-1.635736227035522461e-02,1.199624761939048767e-01,-1.626031822524964809e-03,-2.554742060601711273e-02,-1.109860986471176147e-01,8.501884527504444122e-03,8.655447512865066528e-02,-3.497170284390449524e-02,8.261949568986892700e-02,-1.856339722871780396e-01,-4.234549775719642639e-02,1.113937348127365112e-01,1.392923295497894287e-01,-7.155951857566833496e-02,1.545603871345520020e-01,1.321899890899658203e-01,-2.220812253654003143e-02,-3.897582739591598511e-02,7.035381346940994263e-02,1.016905233263969421e-01,-5.441002175211906433e-02
