1.000000000000000000e+00,6.582270264625549316e-01,1.072904616594314575e-01,3.133452236652374268e-01,1.678628623485565186e-01,2.742648422718048096e-01,3.873024880886077881e-01,4.667462706565856934e-01,6.395168602466583252e-02,2.244397550821304321e-01,4.055296480655670166e-01,6.254754066467285156e-01,4.208706021308898926e-01,5.382766723632812500e-01,3.146283701062202454e-02,2.133513242006301880e-01,5.021187663078308105e-01,5.462146401405334473e-01,2.102233916521072388e-01,1.356900781393051147e-01,7.722892612218856812e-02,2.355297803878784180e-01,1.725782305002212524e-01,1.207854300737380981e-01,2.409220784902572632e-01,3.006998002529144287e-01,3.835490643978118896e-01,4.238548278808593750e-01,1.711274385452270508e-01,3.289901316165924072e-01,2.920757830142974854e-01,2.983484268188476562e-01,4.276850819587707520e-01,3.996514081954956055e-01,1.950687170028686523e-01,7.548645138740539551e-02,1.139947772026062012e-01,3.047987222671508789e-01,1.746577173471450806e-01,3.089268803596496582e-01,3.195314481854438782e-02,7.394970208406448364e-02,-9.470061957836151123e-02,-9.378483146429061890e-02,-1.521737128496170044e-01,-1.294707357883453369e-01,-9.929413348436355591e-02,-1.092393100261688232e-01,2.320457994937896729e-01,-9.640051424503326416e-02,-9.089239686727523804e-02,-2.327676713466644287e-01,-1.163557693362236023e-01,-1.287007182836532593e-01,1.870966851711273193e-01,1.811617612838745117e-01,6.272357702255249023e-01,5.634513497352600098e-01,4.949852824211120605e-01,4.536389112472534180e-01,4.878973960876464844e-01,2.609081268310546875e-01,3.010870814323425293e-01,3.205880522727966309e-01,6.002076715230941772e-02,-5.577612668275833130e-02,4.090256989002227783e-01,3.918493986129760742e-01,1.298751980066299438e-01,1.430062055587768555e-01,1.963961124420166016e-01,2.136527001857757568e-01,-4.466290026903152466e-02,1.937881410121917725e-01,1.203256323933601379e-01,1.512682437896728516e-01,1.560956388711929321e-01,1.538956612348556519e-01,4.009725153446197510e-01,3.661663532257080078e-01,5.926853418350219727e-01,5.322997570037841797e-01,2.933785319328308105e-01,2.739040553569793701e-01,4.713855683803558350e-01,5.476290583610534668e-01,6.952210515737533569e-02,1.161130294203758240e-01,4.458771944046020508e-01,5.214346647262573242e-01,2.035426050424575806e-01,2.501245439052581787e-01,1.824839040637016296e-02,8.857356756925582886e-02,1.826554983854293823e-01,2.533112168312072754e-01,2.219163477420806885e-01,3.242709040641784668e-01,1.768168658018112183e-01,3.315391242504119873e-01,1.715445369482040405e-01,1.723469197750091553e-01,3.644757270812988281e-01,3.376993834972381592e-01,3.904387056827545166e-01,4.044794142246246338e-01,3.140770494937896729e-01,3.124086558818817139e-01,6.623237580060958862e-02,1.787766665220260620e-01,1.971790492534637451e-01,1.979116350412368774e-01,2.451778054237365723e-01,7.639858871698379517e-02,1.682665199041366577e-01,2.571096122264862061e-01
6.582270264625549316e-01,1.000000000000000000e+00,1.189286038279533386e-01,4.184667766094207764e-01,1.999083757400512695e-01,4.548707604408264160e-01,4.102455079555511475e-01,6.179800033569335938e-01,1.084076836705207825e-01,3.427523672580718994e-01,3.521331846714019775e-01,6.585206389427185059e-01,3.246227800846099854e-01,6.123047471046447754e-01,6.142259389162063599e-02,4.087055623531341553e-01,4.033088684082031250e-01,5.724949240684509277e-01,1.550510227680206299e-01,1.074522435665130615e-01,-5.188012961298227310e-03,1.675545275211334229e-01,3.169105052947998047e-01,3.121854364871978760e-01,2.539997994899749756e-01,4.503859281539916992e-01,4.156635403633117676e-01,5.339539051055908203e-01,1.331624388694763184e-01,4.104759991168975830e-01,2.938269674777984619e-01,3.513854444026947021e-01,3.421625196933746338e-01,2.902997136116027832e-01,1.063980385661125183e-01,-4.721637233160436153e-04,9.978352487087249756e-02,2.641254663467407227e-01,1.460645645856857300e-01,2.797643244266510010e-01,-3.895011171698570251e-02,1.105170100927352905e-01,-5.804425850510597229e-02,-4.757856577634811401e-02,-1.831734180450439453e-01,-4.216760024428367615e-02,-3.927882760763168335e-02,1.329955458641052246e-02,1.605726033449172974e-01,-1.491809380240738392e-03,-3.583404421806335449e-02,-1.020040586590766907e-01,1.174376998096704483e-02,-3.431977471336722374e-03,2.696128487586975098e-01,3.744796812534332275e-01,4.976726472377777100e-01,7.509120702743530273e-01,4.416031241416931152e-01,3.858285546302795410e-01,3.291284143924713135e-01,4.224724173545837402e-01,3.921744227409362793e-01,5.780612230300903320e-01,-9.893181268125772476e-04,4.834822565317153931e-02,3.658642470836639404e-01,3.273833096027374268e-01,1.956162042915821075e-02,8.040438592433929443e-02,1.412060260772705078e-01,2.002769559621810913e-01,-8.385468274354934692e-02,2.066536545753479004e-01,1.435486041009426117e-02,2.088145762681961060e-01,9.039627760648727417e-02,1.617218703031539917e-01,3.624485135078430176e-01,3.644855618476867676e-01,5.605656504631042480e-01,6.157507300376892090e-01,3.158658742904663086e-01,4.860332906246185303e-01,3.384229838848114014e-01,5.881590843200683594e-01,1.980571150779724121e-01,3.858129978179931641e-01,4.120581150054931641e-01,6.689317822456359863e-01,2.380112260580062866e-01,4.440735280513763428e-01,6.451793015003204346e-02,2.450187504291534424e-01,1.689646840095520020e-01,2.478055357933044434e-01,2.605282664299011230e-01,4.069609940052032471e-01,1.508278548717498779e-01,4.394441843032836914e-01,1.107028573751449585e-01,2.934181690216064453e-01,3.309254646301269531e-01,3.318481445312500000e-01,4.044048190116882324e-01,4.018715918064117432e-01,3.679266273975372314e-01,4.285891652107238770e-01,1.792782247066497803e-01,2.387668490409851074e-01,3.213534355163574219e-01,2.905397415161132812e-01,2.472669929265975952e-01,5.440593883395195007e-02,1.035505831241607666e-01,3.321866393089294434e-01
1.072904616594314575e-01,1.189286038279533386e-01,1.000000000000000000e+00,3.258093893527984619e-01,1.775044351816177368e-01,3.113013505935668945e-02,5.496743321418762207e-01,-1.753532327711582184e-02,2.163676023483276367e-01,-8.773842453956604004e-02,-7.658864557743072510e-02,-7.339984178543090820e-02,2.893588840961456299e-01,-8.574261516332626343e-02,3.393694162368774414e-01,-6.516726315021514893e-02,9.674406796693801880e-02,9.383057057857513428e-02,3.578789159655570984e-02,-3.044941648840904236e-02,-1.189848333597183228e-01,-1.367294788360595703e-01,3.466903269290924072e-01,2.200770229101181030e-01,1.275570243597030640e-01,8.538598194718360901e-03,9.976217150688171387e-02,1.950086466968059540e-02,-1.050847470760345459e-01,-1.347109377384185791e-01,5.108898878097534180e-02,-6.409382820129394531e-02,5.570576526224613190e-03,-3.077267296612262726e-02,1.319594681262969971e-02,-7.897780835628509521e-02,3.065107464790344238e-01,1.511353403329849243e-01,3.153473734855651855e-01,6.160549074411392212e-02,-1.589730381965637207e-01,3.855703026056289673e-02,-2.376696169376373291e-01,-2.502087354660034180e-01,-1.826971471309661865e-01,-1.699646711349487305e-01,-1.025290340185165405e-01,-6.489823758602142334e-02,-2.317097596824169159e-02,-1.848663575947284698e-02,-9.270018339157104492e-02,-1.285773366689682007e-01,-9.335330128669738770e-02,-7.487320154905319214e-02,8.996430784463882446e-02,5.355751514434814453e-02,1.541171669960021973e-01,3.169966489076614380e-02,1.228189244866371155e-01,1.510934382677078247e-01,1.343377232551574707e-01,8.782117813825607300e-02,2.647601962089538574e-01,1.403555274009704590e-01,5.543651804327964783e-02,-2.542111836373806000e-02,2.720833942294120789e-02,4.787536337971687317e-02,5.540942028164863586e-02,5.043068528175354004e-02,1.099350750446319580e-01,-3.535430133342742920e-01,-5.646455287933349609e-02,-2.516632080078125000e-01,-9.006832540035247803e-02,-2.410515584051609039e-02,-9.195775538682937622e-02,2.994983494281768799e-01,1.080973446369171143e-01,1.118649542331695557e-01,1.966294944286346436e-01,1.375579535961151123e-01,2.617152631282806396e-01,1.816381991375237703e-04,1.460824608802795410e-01,5.310284718871116638e-02,6.437213718891143799e-02,-1.100573539733886719e-01,1.282580643892288208e-01,4.302892088890075684e-02,1.438150256872177124e-01,4.571732506155967712e-02,1.119732260704040527e-01,-4.773635044693946838e-02,8.533587306737899780e-02,9.227039292454719543e-03,1.520290672779083252e-01,2.490827254951000214e-02,1.964801549911499023e-01,8.970398455858230591e-02,1.115741357207298279e-01,4.231049865484237671e-02,1.204883232712745667e-01,2.409242652356624603e-02,5.868979543447494507e-02,6.157217919826507568e-02,5.725464969873428345e-02,6.909617036581039429e-02,1.379488110542297363e-01,9.041611105203628540e-02,4.615366831421852112e-02,9.811690449714660645e-02,5.470858141779899597e-02,9.995038807392120361e-02,6.525226682424545288e-02,1.494663674384355545e-02
3.133452236652374268e-01,4.184667766094207764e-01,3.258093893527984619e-01,1.000000000000000000e+00,3.332510888576507568e-01,4.122626483440399170e-01,1.840260028839111328e-01,4.530825912952423096e-01,2.655575275421142578e-01,2.010224014520645142e-01,2.053522765636444092e-01,2.912215590476989746e-01,1.249709054827690125e-01,2.971258759498596191e-01,4.614284262061119080e-03,2.853625416755676270e-01,2.188856601715087891e-01,2.615686953067779541e-01,2.418527007102966309e-01,1.360954791307449341e-01,-1.607212238013744354e-02,1.022093892097473145e-01,4.331625103950500488e-01,5.656679868698120117e-01,3.290265500545501709e-01,4.589173197746276855e-01,3.349846899509429932e-01,4.583546817302703857e-01,2.646652460098266602e-01,3.504167497158050537e-01,3.341884315013885498e-01,3.437334299087524414e-01,1.438858062028884888e-01,1.507232338190078735e-01,1.204915866255760193e-01,5.623227357864379883e-02,-5.726663023233413696e-02,3.957345709204673767e-02,7.615011930465698242e-02,1.372045278549194336e-01,5.862266197800636292e-02,4.147827625274658203e-02,-1.678767800331115723e-01,-1.710131168365478516e-01,-1.382583677768707275e-01,-6.400625407695770264e-02,-2.134270519018173218e-01,-6.377864629030227661e-02,5.456092208623886108e-02,-9.059774130582809448e-02,-1.131682321429252625e-01,-2.248428314924240112e-01,-1.306506693363189697e-01,-1.559702306985855103e-01,8.118382841348648071e-02,1.768685579299926758e-01,3.643105030059814453e-01,3.846455216407775879e-01,4.077660441398620605e-01,2.552148401737213135e-01,2.552830874919891357e-01,3.055675327777862549e-01,2.376076728105545044e-01,4.196602106094360352e-01,-3.800871968269348145e-02,-1.140464842319488525e-02,3.090760707855224609e-01,2.354190796613693237e-01,1.350986510515213013e-01,1.796158105134963989e-01,1.237084567546844482e-01,1.989349573850631714e-01,1.244082897901535034e-01,1.678456217050552368e-01,1.361531168222427368e-01,1.108158528804779053e-01,2.244845330715179443e-01,2.276282757520675659e-01,1.773601174354553223e-01,1.857202351093292236e-01,3.225403726100921631e-01,2.958950996398925781e-01,1.634465754032135010e-01,3.099508881568908691e-01,2.466682717204093933e-02,1.827481836080551147e-01,6.429290026426315308e-02,2.184986770153045654e-01,1.199710965156555176e-01,3.589395582675933838e-01,3.894683904945850372e-04,2.589208781719207764e-01,-1.204510629177093506e-01,7.648842781782150269e-02,2.097325772047042847e-02,1.147113740444183350e-01,1.675185710191726685e-01,3.083290457725524902e-01,-7.859288156032562256e-02,1.707270443439483643e-01,-1.002942994236946106e-01,1.259344816207885742e-01,4.535278677940368652e-02,5.084906145930290222e-02,1.728029102087020874e-01,1.907115429639816284e-01,2.026122510433197021e-01,2.330526858568191528e-01,1.372505426406860352e-01,1.968587785959243774e-01,3.072961270809173584e-01,1.659362167119979858e-01,9.408830106258392334e-02,-6.784527003765106201e-02,-1.411374360322952271e-01,2.700421027839183807e-02
1.678628623485565186e-01,1.999083757400512695e-01,1.775044351816177368e-01,3.332510888576507568e-01,1.000000000000000000e+00,5.810511112213134766e-01,6.123037263751029968e-02,1.107375621795654297e-01,7.845171093940734863e-01,3.954406380653381348e-01,1.797483563423156738e-01,1.569728851318359375e-01,1.060738489031791687e-01,1.126846894621849060e-01,3.292999863624572754e-01,3.889629840850830078e-01,1.306456029415130615e-01,1.362626701593399048e-01,1.146678179502487183e-01,1.638530939817428589e-01,2.315956205129623413e-01,2.379673719406127930e-01,4.553156495094299316e-01,4.252009987831115723e-01,8.041136264801025391e-01,5.976399779319763184e-01,6.211935281753540039e-01,4.900766015052795410e-01,3.002935945987701416e-01,8.185356110334396362e-02,3.957932293415069580e-01,2.243165969848632812e-01,1.051749438047409058e-01,6.690849363803863525e-02,-1.368798911571502686e-01,-1.856748461723327637e-01,-3.178025782108306885e-01,-1.100161746144294739e-01,-9.438172727823257446e-02,-1.828445047140121460e-01,-2.890791371464729309e-02,7.189580798149108887e-02,-1.495234966278076172e-01,-6.189062446355819702e-02,-2.180188596248626709e-01,-7.941278815269470215e-02,-8.469998091459274292e-02,4.173754155635833740e-02,-2.906758524477481842e-02,-2.732354449108242989e-03,-1.540397573262453079e-02,-4.165842756628990173e-02,6.823127716779708862e-02,-1.034955680370330811e-01,2.404443472623825073e-01,3.608687967061996460e-02,1.981441974639892578e-01,2.380342632532119751e-01,1.488742977380752563e-01,2.479949891567230225e-01,-8.654310554265975952e-02,3.300469741225242615e-02,1.929745078086853027e-01,2.118764072656631470e-01,-1.799708306789398193e-01,-2.591862380504608154e-01,-9.479703381657600403e-03,1.442028302699327469e-02,1.014085263013839722e-01,9.139923006296157837e-02,-3.731484711170196533e-02,1.905250549316406250e-02,1.641853153705596924e-02,6.127250939607620239e-02,-8.700682967901229858e-02,-3.563789417967200279e-03,3.347046673297882080e-01,2.475357800722122192e-01,1.321797072887420654e-01,6.361903995275497437e-02,2.814070880413055420e-01,1.518388688564300537e-01,3.848638534545898438e-01,2.626962959766387939e-01,1.051561236381530762e-01,2.014609128236770630e-01,2.400501966476440430e-01,1.414310187101364136e-01,2.304780632257461548e-01,2.739949524402618408e-01,9.977933764457702637e-02,1.026646494865417480e-01,6.329946964979171753e-02,-2.635349519550800323e-02,1.935572773218154907e-01,8.613108098506927490e-02,4.341695010662078857e-01,3.265797495841979980e-01,1.184013262391090393e-01,1.283465623855590820e-01,-8.479873836040496826e-02,-7.625573780387639999e-03,2.033492317423224449e-03,-3.714342787861824036e-02,1.410049051046371460e-01,6.247174739837646484e-02,1.702175885438919067e-01,1.974482685327529907e-01,1.538805812597274780e-01,1.921547353267669678e-01,2.467943876981735229e-01,2.358196973800659180e-01,2.411452382802963257e-01,-7.665377855300903320e-02,-1.463047042489051819e-02,2.051625549793243408e-01
2.742648422718048096e-01,4.548707604408264160e-01,3.113013505935668945e-02,4.122626483440399170e-01,5.810511112213134766e-01,1.000000000000000000e+00,1.456117779016494751e-01,4.536169469356536865e-01,4.946700632572174072e-01,6.817356348037719727e-01,9.075906872749328613e-02,4.223304390907287598e-01,8.186982572078704834e-02,4.282941818237304688e-01,1.014796718955039978e-01,5.948750972747802734e-01,1.072465255856513977e-01,2.339269071817398071e-01,1.088495701551437378e-01,7.213944941759109497e-02,-6.959354877471923828e-02,1.321000009775161743e-01,3.851040601730346680e-01,4.399445950984954834e-01,5.671747922897338867e-01,8.055965900421142578e-01,5.297159552574157715e-01,7.177154421806335449e-01,6.686195731163024902e-02,2.305481284856796265e-01,3.298429548740386963e-01,3.506154716014862061e-01,1.963050961494445801e-01,1.575181037187576294e-01,-3.338431566953659058e-02,-9.742108732461929321e-02,-8.554181456565856934e-02,2.619722858071327209e-02,-3.555339761078357697e-03,7.693833857774734497e-02,8.317287079989910126e-03,1.938169300556182861e-01,-9.861873835325241089e-02,-2.118346653878688812e-02,-1.473525762557983398e-01,4.313155263662338257e-02,-1.022506877779960632e-01,1.233569905161857605e-02,1.037867814302444458e-01,2.503602392971515656e-02,3.287251293659210205e-02,-7.382593303918838501e-02,2.796406485140323639e-02,-7.845800369977951050e-02,7.038080692291259766e-02,1.926328539848327637e-01,1.969082951545715332e-01,4.810461997985839844e-01,3.661186993122100830e-01,2.474326789379119873e-01,2.868308685719966888e-02,1.903143227100372314e-01,1.123625859618186951e-01,4.071210920810699463e-01,-1.642988473176956177e-01,-1.537117362022399902e-01,1.424461454153060913e-01,7.941333949565887451e-02,-1.533472165465354919e-02,1.667354814708232880e-02,-7.451614737510681152e-02,1.490534245967864990e-01,-1.001563146710395813e-01,1.215720027685165405e-01,-6.963914632797241211e-02,1.147763431072235107e-01,7.921898365020751953e-02,9.307929128408432007e-02,1.557793170213699341e-01,1.057093292474746704e-01,2.626919448375701904e-01,3.344718515872955322e-01,2.467036098241806030e-01,5.386376380920410156e-01,-6.846348755061626434e-03,3.320027291774749756e-01,2.833270430564880371e-01,4.683484435081481934e-01,1.323040127754211426e-01,5.044765472412109375e-01,-9.182769060134887695e-02,2.283237725496292114e-01,-1.446976214647293091e-01,6.780864298343658447e-02,4.997597262263298035e-02,5.871113762259483337e-02,1.687826067209243774e-01,4.194546639919281006e-01,-1.862115971744060516e-02,3.089104592800140381e-01,-1.594148874282836914e-01,1.099966987967491150e-01,9.334600530564785004e-03,6.672368943691253662e-02,1.636461466550827026e-01,1.947612464427947998e-01,2.238354235887527466e-01,3.143016993999481201e-01,6.846306473016738892e-02,2.144026607275009155e-01,3.210386931896209717e-01,3.379954993724822998e-01,2.795759737491607666e-01,-1.581831425428390503e-01,-1.551504731178283691e-01,1.171666979789733887e-01
3.873024880886077881e-01,4.102455079555511475e-01,5.496743321418762207e-01,1.840260028839111328e-01,6.123037263751029968e-02,1.456117779016494751e-01,1.000000000000000000e+00,3.456751406192779541e-01,3.726137429475784302e-02,4.220717027783393860e-02,2.133519388735294342e-02,2.750431895256042480e-01,5.569846034049987793e-01,2.702310681343078613e-01,2.324577867984771729e-01,6.949176639318466187e-02,2.515399158000946045e-01,3.226315975189208984e-01,1.503085643053054810e-01,1.801533997058868408e-01,-2.245664894580841064e-01,-1.453589797019958496e-01,2.728166580200195312e-01,1.363958120346069336e-01,5.858724936842918396e-02,1.529361307621002197e-01,1.922619193792343140e-01,2.105687260627746582e-01,-5.576972663402557373e-02,1.151412799954414368e-01,9.550094604492187500e-02,7.861771434545516968e-02,1.742225885391235352e-01,2.053333818912506104e-01,3.036275273188948631e-03,-1.369061917066574097e-01,3.796045780181884766e-01,2.846140563488006592e-01,3.127025365829467773e-01,1.963224709033966064e-01,-1.050385907292366028e-01,7.169529795646667480e-02,-2.016476392745971680e-01,-2.620461881160736084e-01,-2.523083090782165527e-01,-1.809416264295578003e-01,-1.789373010396957397e-01,-1.335871368646621704e-01,1.047622188925743103e-01,-6.983422208577394485e-03,-5.662596970796585083e-02,-1.451715379953384399e-01,-1.551862359046936035e-01,-3.649388998746871948e-02,1.201895102858543396e-01,1.383369863033294678e-01,4.102413654327392578e-01,3.464123010635375977e-01,3.341440260410308838e-01,3.352998495101928711e-01,2.590216398239135742e-01,2.990982532501220703e-01,4.309723079204559326e-01,3.873061239719390869e-01,1.610880717635154724e-02,-2.146969735622406006e-02,1.602093130350112915e-01,1.756721287965774536e-01,1.414908915758132935e-01,1.355316489934921265e-01,1.359576731920242310e-01,-2.707943618297576904e-01,-5.215146765112876892e-02,-1.238480582833290100e-01,-3.479534527286887169e-03,5.570351332426071167e-02,-4.909432679414749146e-02,3.588366210460662842e-01,3.647137582302093506e-01,2.521674036979675293e-01,4.664982557296752930e-01,4.355286061763763428e-01,3.435617089271545410e-01,2.038387805223464966e-01,3.313357830047607422e-01,3.362083435058593750e-01,1.623969674110412598e-01,9.738793969154357910e-02,3.237718641757965088e-01,3.903504610061645508e-01,2.476658076047897339e-01,2.784507572650909424e-01,1.509669274091720581e-01,1.938965916633605957e-01,-1.701450906693935394e-02,4.180547967553138733e-02,5.374113097786903381e-02,1.035699024796485901e-01,2.172639369964599609e-01,2.789220809936523438e-01,2.438866794109344482e-01,2.637269198894500732e-01,3.116609156131744385e-01,2.084985226392745972e-01,1.696450412273406982e-01,1.942675262689590454e-01,2.367781698703765869e-01,2.573854029178619385e-01,1.345006525516510010e-01,1.418664902448654175e-01,1.488063037395477295e-01,2.180146872997283936e-01,2.034621536731719971e-01,1.573374271392822266e-01,1.368882954120635986e-01,9.417705237865447998e-02
4.667462706565856934e-01,6.179800033569335938e-01,-1.753532327711582184e-02,4.530825912952423096e-01,1.107375621795654297e-01,4.536169469356536865e-01,3.456751406192779541e-01,1.000000000000000000e+00,5.817557871341705322e-02,4.267816543579101562e-01,3.837625980377197266e-01,6.515988111495971680e-01,4.617469608783721924e-01,7.685770392417907715e-01,3.858865797519683838e-02,4.975257217884063721e-01,3.128586411476135254e-01,3.753632009029388428e-01,1.989244371652603149e-01,1.765776127576828003e-01,-1.236314550042152405e-01,1.163344234228134155e-01,2.500903010368347168e-01,2.619795799255371094e-01,2.043762356042861938e-01,4.688464701175689697e-01,4.114960432052612305e-01,5.573525428771972656e-01,2.410917580127716064e-01,5.156142115592956543e-01,3.281936645507812500e-01,4.666870236396789551e-01,2.790905535221099854e-01,3.110967874526977539e-01,7.393477857112884521e-02,-4.365447536110877991e-02,5.172930657863616943e-02,1.382310241460800171e-01,6.100043654441833496e-02,2.527804672718048096e-01,4.818116128444671631e-02,3.613586351275444031e-02,-2.977086231112480164e-02,-6.343118846416473389e-02,-2.415904700756072998e-01,-8.070695400238037109e-02,-1.464326083660125732e-01,-1.323135197162628174e-01,1.308218538761138916e-01,-9.133019298315048218e-02,-9.171575307846069336e-02,-1.910031288862228394e-01,-1.107946112751960754e-01,3.101092204451560974e-02,1.470337510108947754e-01,2.902944982051849365e-01,3.975305855274200439e-01,5.747617483139038086e-01,4.679736495018005371e-01,3.880671560764312744e-01,2.319453358650207520e-01,4.013287127017974854e-01,2.934675514698028564e-01,5.557969808578491211e-01,-1.511820405721664429e-01,-5.764152854681015015e-02,2.443083524703979492e-01,2.261165976524353027e-01,5.504845455288887024e-02,1.331334561109542847e-01,1.198465973138809204e-01,3.745908141136169434e-01,-6.263468414545059204e-02,2.236910611391067505e-01,7.877451926469802856e-02,1.520378291606903076e-01,9.209036082029342651e-02,8.943978697061538696e-02,3.181889355182647705e-01,1.771391034126281738e-01,4.939525127410888672e-01,4.535228312015533447e-01,2.685643136501312256e-01,5.604369044303894043e-01,2.642360329627990723e-01,4.953103661537170410e-01,1.530653089284896851e-01,4.099993407726287842e-01,4.314796328544616699e-01,6.557886004447937012e-01,1.729879975318908691e-01,4.363380372524261475e-01,-3.322134912014007568e-02,2.520881891250610352e-01,4.101604223251342773e-02,2.199273705482482910e-01,4.058172181248664856e-02,3.041792213916778564e-01,4.105325415730476379e-02,3.705226182937622070e-01,1.029345616698265076e-01,2.976763248443603516e-01,2.698989510536193848e-01,2.872084677219390869e-01,2.281190156936645508e-01,2.941191196441650391e-01,2.907168567180633545e-01,2.258004099130630493e-01,1.475476324558258057e-01,2.507960200309753418e-01,1.814913600683212280e-01,2.127564102411270142e-01,2.456870675086975098e-01,1.168090999126434326e-01,1.134278252720832825e-01,1.576695889234542847e-01
6.395168602466583252e-02,1.084076836705207825e-01,2.163676023483276367e-01,2.655575275421142578e-01,7.845171093940734863e-01,4.946700632572174072e-01,3.726137429475784302e-02,5.817557871341705322e-02,1.000000000000000000e+00,4.901885092258453369e-01,2.062493264675140381e-01,1.632190197706222534e-01,1.767468005418777466e-01,7.182013988494873047e-02,4.990037381649017334e-01,3.717174828052520752e-01,1.884459853172302246e-01,1.454350203275680542e-01,8.105285465717315674e-02,1.307155042886734009e-01,2.731045186519622803e-01,2.987558841705322266e-01,3.079023659229278564e-01,2.999364733695983887e-01,6.898900270462036133e-01,4.551176428794860840e-01,5.303739905357360840e-01,4.048358201980590820e-01,2.690440118312835693e-01,6.120334565639495850e-02,3.609713017940521240e-01,2.453365176916122437e-01,3.370209783315658569e-02,-2.060556598007678986e-02,-1.815090030431747437e-01,-2.207512259483337402e-01,-2.165163755416870117e-01,-5.833385884761810303e-02,2.166888490319252014e-02,-1.102186217904090881e-01,-9.788059443235397339e-02,2.435730025172233582e-02,-6.802920997142791748e-02,2.625310048460960388e-02,-1.590359658002853394e-01,2.438469789922237396e-03,-1.209031092002987862e-03,5.526146665215492249e-02,-4.766589403152465820e-02,7.267783582210540771e-02,4.950956255197525024e-02,4.031416028738021851e-02,7.240942865610122681e-02,-7.986542582511901855e-02,2.179046571254730225e-01,-6.831603590399026871e-03,8.495820313692092896e-02,1.415605247020721436e-01,8.347193151712417603e-02,1.503605693578720093e-01,-1.005225405097007751e-01,-1.958978828042745590e-03,7.087916880846023560e-02,8.220531046390533447e-02,-1.235788837075233459e-01,-1.762169897556304932e-01,-6.457522045820951462e-03,-2.243189513683319092e-02,5.526503175497055054e-02,5.494247749447822571e-02,1.229805126786231995e-02,2.000438980758190155e-02,-1.161313615739345551e-02,5.639657750725746155e-02,-8.832030743360519409e-02,-3.501017019152641296e-02,2.448572814464569092e-01,2.440590709447860718e-01,1.088719144463539124e-01,6.269550323486328125e-02,1.821114867925643921e-01,9.083914011716842651e-02,3.743432164192199707e-01,1.912717670202255249e-01,1.221018284559249878e-01,1.541989445686340332e-01,1.709957569837570190e-01,3.509990870952606201e-02,1.955243200063705444e-01,1.209263131022453308e-01,8.515527099370956421e-02,3.429584577679634094e-02,7.436712831258773804e-02,-4.082854092121124268e-02,2.818574309349060059e-01,1.140666604042053223e-01,3.906058371067047119e-01,2.135286629199981689e-01,1.812244504690170288e-01,1.175417453050613403e-01,-4.551244154572486877e-02,-6.663590669631958008e-02,3.738427162170410156e-02,-1.442838925868272781e-02,1.172460168600082397e-01,3.620114549994468689e-02,1.108656004071235657e-01,1.291005015373229980e-01,1.451057493686676025e-01,2.073643505573272705e-01,7.388461381196975708e-02,9.977018833160400391e-02,1.668778806924819946e-01,-3.317523747682571411e-02,7.802677899599075317e-02,2.304775714874267578e-01
2.244397550821304321e-01,3.427523672580718994e-01,-8.773842453956604004e-02,2.010224014520645142e-01,3.954406380653381348e-01,6.817356348037719727e-01,4.220717027783393860e-02,4.267816543579101562e-01,4.901885092258453369e-01,1.000000000000000000e+00,2.396517246961593628e-01,4.910740852355957031e-01,2.208578884601593018e-01,4.407418370246887207e-01,1.564136594533920288e-01,5.889402031898498535e-01,2.276084423065185547e-01,2.662614583969116211e-01,1.024203076958656311e-01,7.583060860633850098e-02,6.398473680019378662e-02,2.303624004125595093e-01,2.007511407136917114e-01,1.930650025606155396e-01,4.558924734592437744e-01,5.679460167884826660e-01,4.687705636024475098e-01,5.599768757820129395e-01,7.738952338695526123e-02,1.995087563991546631e-01,3.194121718406677246e-01,4.157981276512145996e-01,1.501027196645736694e-01,1.098122224211692810e-01,-7.553145289421081543e-02,-1.273799985647201538e-01,-1.431052107363939285e-02,2.685934305191040039e-02,6.377521157264709473e-02,9.693766385316848755e-02,4.600764368660748005e-04,5.937864631414413452e-02,3.847538307309150696e-02,1.114457696676254272e-01,-1.360753029584884644e-01,6.309443712234497070e-02,4.205281659960746765e-02,3.939379379153251648e-02,8.940001949667930603e-03,4.033413529396057129e-02,6.863031536340713501e-02,-1.078013703227043152e-02,2.286474034190177917e-02,-5.685677751898765564e-02,1.748389005661010742e-02,5.278980731964111328e-02,1.152450963854789734e-01,3.870376348495483398e-01,2.066530734300613403e-01,1.539535224437713623e-01,2.009242307394742966e-03,4.863242432475090027e-02,-6.120054051280021667e-02,1.502726525068283081e-01,-1.796615719795227051e-01,-2.118909806013107300e-01,8.949153870344161987e-02,5.127792432904243469e-02,-6.867273896932601929e-02,-3.896871954202651978e-02,5.518047511577606201e-02,2.411725670099258423e-01,-1.061448529362678528e-01,1.822003722190856934e-01,-3.127607330679893494e-02,1.153911873698234558e-01,3.373476490378379822e-02,2.319225110113620758e-02,1.180277839303016663e-01,1.076782941818237305e-01,1.992794871330261230e-01,2.400374263525009155e-01,1.818276047706604004e-01,3.891423046588897705e-01,1.154183670878410339e-01,3.697702288627624512e-01,1.413773447275161743e-01,2.667775154113769531e-01,1.918334960937500000e-01,3.310530781745910645e-01,-5.024473741650581360e-02,7.628758251667022705e-02,-1.033920347690582275e-01,-1.490710582584142685e-02,1.713377088308334351e-01,1.076443865895271301e-01,1.092258244752883911e-01,2.704394459724426270e-01,6.974215060472488403e-02,2.860551178455352783e-01,-9.133072197437286377e-02,4.079992417246103287e-03,9.555189311504364014e-02,1.391350775957107544e-01,1.480660438537597656e-01,1.785709410905838013e-01,1.476033627986907959e-01,1.883379220962524414e-01,1.526241889223456383e-03,2.643425166606903076e-01,9.835311770439147949e-02,1.967611014842987061e-01,2.544418573379516602e-01,4.213766753673553467e-02,1.226043403148651123e-01,1.836232841014862061e-01
4.055296480655670166e-01,3.521331846714019775e-01,-7.658864557743072510e-02,2.053522765636444092e-01,1.797483563423156738e-01,9.075906872749328613e-02,2.133519388735294342e-02,3.837625980377197266e-01,2.062493264675140381e-01,2.396517246961593628e-01,1.000000000000000000e+00,5.705387592315673828e-01,4.869191646575927734e-01,4.905436933040618896e-01,2.652163505554199219e-01,2.472414374351501465e-01,6.629513502120971680e-01,5.314738154411315918e-01,2.422822713851928711e-01,1.939973235130310059e-01,3.175038993358612061e-01,3.440626859664916992e-01,5.674441903829574585e-02,2.922098711133003235e-02,2.512365281581878662e-01,1.175579130649566650e-01,4.495410621166229248e-01,3.305755853652954102e-01,4.673900008201599121e-01,4.086990952491760254e-01,4.992375075817108154e-01,3.279333114624023438e-01,3.011056184768676758e-01,1.448990851640701294e-01,-1.010387688875198364e-01,-1.631077378988265991e-01,-7.625673711299896240e-02,5.576447397470474243e-02,1.300655752420425415e-01,1.580866873264312744e-01,5.243086069822311401e-02,-1.301325857639312744e-01,1.189545840024948120e-01,8.502831310033798218e-02,-1.515104770660400391e-01,-1.709406077861785889e-02,6.378278881311416626e-02,-4.779819771647453308e-02,-6.557765603065490723e-02,-3.857880830764770508e-02,-5.100079998373985291e-02,-1.060736253857612610e-01,-2.592702396214008331e-03,-5.997659265995025635e-02,3.191956877708435059e-01,1.524547338485717773e-01,2.886735200881958008e-01,2.425238043069839478e-01,1.625840216875076294e-01,2.099240720272064209e-01,1.572686433792114258e-01,1.991118043661117554e-01,2.785181999206542969e-01,1.417942047119140625e-01,-3.385262191295623779e-02,-5.167791992425918579e-02,1.270496994256973267e-01,1.521567255258560181e-01,1.060482040047645569e-01,1.606147736310958862e-01,2.678968608379364014e-01,3.760038018226623535e-01,3.879329562187194824e-02,2.576867043972015381e-01,1.040710136294364929e-01,1.214187145233154297e-01,2.027909457683563232e-01,3.396004438400268555e-02,4.104915857315063477e-01,3.058655858039855957e-01,4.279707372188568115e-01,3.104192316532135010e-01,3.603045642375946045e-01,2.747307717800140381e-01,4.134408235549926758e-01,3.372963964939117432e-01,-4.134296439588069916e-03,3.777056559920310974e-02,5.713747739791870117e-01,3.461601138114929199e-01,3.608784377574920654e-01,2.384575009346008301e-01,1.792742609977722168e-01,1.270831078290939331e-01,2.690065801143646240e-01,2.440239936113357544e-01,1.819982081651687622e-01,8.970995247364044189e-02,1.492341011762619019e-01,1.561457961797714233e-01,2.857482731342315674e-01,8.650983124971389771e-02,3.883735835552215576e-01,2.272024452686309814e-01,2.653303444385528564e-01,2.428103536367416382e-01,3.069599270820617676e-01,1.824139505624771118e-01,1.770067811012268066e-01,1.696218252182006836e-01,-1.345228403806686401e-01,-7.166367769241333008e-02,4.147238284349441528e-02,9.186463057994842529e-02,2.485689669847488403e-01,2.662146091461181641e-01
6.254754066467285156e-01,6.585206389427185059e-01,-7.339984178543090820e-02,2.912215590476989746e-01,1.569728851318359375e-01,4.223304390907287598e-01,2.750431895256042480e-01,6.515988111495971680e-01,1.632190197706222534e-01,4.910740852355957031e-01,5.705387592315673828e-01,1.000000000000000000e+00,4.529224038124084473e-01,7.457307577133178711e-01,8.178737014532089233e-02,3.593727648258209229e-01,5.477194190025329590e-01,6.093088388442993164e-01,2.281867563724517822e-01,1.531716138124465942e-01,7.816644012928009033e-02,2.911027073860168457e-01,1.182381212711334229e-01,1.240740045905113220e-01,2.286280989646911621e-01,3.702799081802368164e-01,4.326134622097015381e-01,5.437332987785339355e-01,2.526870965957641602e-01,5.138722062110900879e-01,3.332861065864562988e-01,4.213237762451171875e-01,3.566707968711853027e-01,2.902464866638183594e-01,3.915862366557121277e-02,-6.434264034032821655e-02,3.263537213206291199e-02,2.331856340169906616e-01,8.625700324773788452e-02,3.252379596233367920e-01,2.192157879471778870e-02,1.119149401783943176e-01,3.171563521027565002e-02,6.180094927549362183e-02,-2.000176608562469482e-01,-2.680909354239702225e-03,-4.018757026642560959e-03,-3.808121010661125183e-02,8.086225390434265137e-02,-2.190215513110160828e-02,-1.220903545618057251e-02,-1.110816299915313721e-01,-5.803942307829856873e-02,-5.023905262351036072e-02,1.867823600769042969e-01,2.329255044460296631e-01,4.196655750274658203e-01,5.755383968353271484e-01,3.865972757339477539e-01,2.778437137603759766e-01,3.022591471672058105e-01,2.968254685401916504e-01,2.526128292083740234e-01,3.866586387157440186e-01,-2.638551034033298492e-02,-6.536444276571273804e-02,2.365882545709609985e-01,1.984861046075820923e-01,5.667285621166229248e-02,1.127318739891052246e-01,1.903350204229354858e-01,3.662359714508056641e-01,-5.185803398489952087e-02,3.818776309490203857e-01,9.844224900007247925e-02,2.561437189579010010e-01,1.374674886465072632e-01,8.987963944673538208e-02,3.745780587196350098e-01,3.853811919689178467e-01,5.343348979949951172e-01,5.725724697113037109e-01,2.955268025398254395e-01,4.170157909393310547e-01,4.189331233501434326e-01,6.002848744392395020e-01,6.824539601802825928e-02,2.125158458948135376e-01,5.025218129158020020e-01,6.078454852104187012e-01,2.130067646503448486e-01,3.227935433387756348e-01,3.252826631069183350e-02,1.586251854896545410e-01,1.456541419029235840e-01,2.304772436618804932e-01,7.915655523538589478e-02,2.934701144695281982e-01,1.071838289499282837e-01,3.584747612476348877e-01,1.770492196083068848e-01,2.236211895942687988e-01,4.020063877105712891e-01,3.653469085693359375e-01,3.660008609294891357e-01,4.056330025196075439e-01,3.726112544536590576e-01,3.568741083145141602e-01,1.802862621843814850e-02,2.036879807710647583e-01,4.842283204197883606e-02,1.458961218595504761e-01,2.082301974296569824e-01,5.233660340309143066e-02,1.858891546726226807e-01,2.160769999027252197e-01
4.208706021308898926e-01,3.246227800846099854e-01,2.893588840961456299e-01,1.249709054827690125e-01,1.060738489031791687e-01,8.186982572078704834e-02,5.569846034049987793e-01,4.617469608783721924e-01,1.767468005418777466e-01,2.208578884601593018e-01,4.869191646575927734e-01,4.529224038124084473e-01,1.000000000000000000e+00,4.839680492877960205e-01,3.983409404754638672e-01,2.069321870803833008e-01,4.881372153759002686e-01,4.019956588745117188e-01,2.328209877014160156e-01,2.223459184169769287e-01,1.098639592528343201e-01,1.720543950796127319e-01,6.905779987573623657e-02,-5.804833397269248962e-02,1.531236469745635986e-01,1.183915361762046814e-01,3.849985003471374512e-01,3.155546188354492188e-01,2.119157016277313232e-01,2.886229455471038818e-01,2.826482653617858887e-01,2.316963076591491699e-01,1.809379458427429199e-01,1.638916283845901489e-01,-9.972151368856430054e-02,-2.010467648506164551e-01,2.550341784954071045e-01,2.215107530355453491e-01,2.769468128681182861e-01,1.821721941232681274e-01,-9.265726059675216675e-02,-3.017435036599636078e-02,5.417743697762489319e-02,-4.385645687580108643e-02,-1.972005963325500488e-01,-7.690871506929397583e-02,-6.342391669750213623e-02,-2.047228366136550903e-01,-1.300893444567918777e-02,-3.730946406722068787e-02,-6.212681904435157776e-02,-1.410959661006927490e-01,-1.029052436351776123e-01,-5.193510279059410095e-02,1.441118270158767700e-01,9.256669878959655762e-02,4.047880172729492188e-01,2.513498663902282715e-01,2.896186411380767822e-01,3.022791743278503418e-01,2.214201390743255615e-01,2.237903475761413574e-01,3.216344118118286133e-01,1.943424940109252930e-01,-7.413113862276077271e-02,-8.906015753746032715e-02,1.290961354970932007e-01,1.699410676956176758e-01,1.393653452396392822e-01,1.222148686647415161e-01,3.206978142261505127e-01,5.956624448299407959e-02,-1.870624721050262451e-03,4.039312154054641724e-02,1.208916604518890381e-01,7.673505693674087524e-02,5.739567801356315613e-02,3.068522512912750244e-01,3.886848390102386475e-01,2.026144564151763916e-01,4.896294176578521729e-01,3.022847771644592285e-01,4.575833082199096680e-01,2.680013775825500488e-01,4.993662238121032715e-01,3.635778725147247314e-01,9.138801693916320801e-02,-5.029528983868658543e-04,5.053565502166748047e-01,3.456076383590698242e-01,2.665234804153442383e-01,1.888526529073715210e-01,1.127840653061866760e-01,1.010236293077468872e-01,2.344381511211395264e-01,2.156068682670593262e-01,1.189352050423622131e-01,3.860648348927497864e-02,2.357665747404098511e-01,1.947347670793533325e-01,3.340119719505310059e-01,1.059643104672431946e-01,4.046288728713989258e-01,2.203319221735000610e-01,1.518640816211700439e-01,1.728851199150085449e-01,2.381293624639511108e-01,1.076869070529937744e-01,1.720431596040725708e-01,1.851769536733627319e-01,-1.293384283781051636e-01,5.833799950778484344e-03,1.869635134935379028e-01,2.019901722669601440e-01,3.275661766529083252e-01,2.047948539257049561e-01
