1.000000000000000000e+00,3.785358667373657227e-01,-3.081400878727436066e-02,1.783349215984344482e-01,1.807677000761032104e-01,2.832819223403930664e-01,4.025045335292816162e-01,3.065074384212493896e-01,1.753297448158264160e-01,3.140758275985717773e-01,2.986430525779724121e-01,2.672365307807922363e-01,2.730669081211090088e-01,1.546141207218170166e-01,2.533269822597503662e-01,2.557869553565979004e-01,5.174661874771118164e-01,3.580003678798675537e-01,7.203273475170135498e-02,2.077748924493789673e-01,9.124903380870819092e-02,-2.476037107408046722e-02,-7.574032247066497803e-02,1.834995299577713013e-02,2.080359458923339844e-01,3.039098083972930908e-01,3.522214591503143311e-01,3.991993963718414307e-01,3.989295065402984619e-01,2.642214000225067139e-01,2.449936717748641968e-01,2.019871026277542114e-01,4.633125662803649902e-01,4.071963727474212646e-01,2.100578397512435913e-01,3.369368314743041992e-01,4.643680453300476074e-01,1.947299093008041382e-01,3.771062195301055908e-01,3.538171574473381042e-02,1.598104536533355713e-01,-1.040821820497512817e-01,-1.290394365787506104e-01,-1.943960040807723999e-02,-1.255202442407608032e-01,-2.248412370681762695e-01,5.502626299858093262e-02,1.033801399171352386e-02,1.877149045467376709e-01,2.014443976804614067e-03,3.309103101491928101e-02,-1.170790791511535645e-01,9.813780337572097778e-02,-6.201769411563873291e-02,4.101777374744415283e-01,1.589806526899337769e-01,5.736700296401977539e-01,2.811639904975891113e-01,1.919965595006942749e-01,1.673007011413574219e-01,5.701283365488052368e-02,-4.804207012057304382e-02,4.459792077541351318e-01,2.325305640697479248e-01,-2.508263103663921356e-03,-1.341438442468643188e-01,3.294425904750823975e-01,2.091820538043975830e-01,3.260708451271057129e-01,3.973904252052307129e-01,3.755446076393127441e-01,2.624166309833526611e-01,3.660564497113227844e-02,-1.181719824671745300e-01,6.559899449348449707e-02,4.185092821717262268e-02,4.763122498989105225e-01,4.810317456722259521e-01,3.667433559894561768e-01,3.023849725723266602e-01,4.690119922161102295e-01,3.436188995838165283e-01,2.411465644836425781e-01,9.240697324275970459e-02,4.069612026214599609e-01,2.078784406185150146e-01,1.460527926683425903e-01,-1.934436894953250885e-02,3.471186757087707520e-01,1.004943475127220154e-01,2.435031980276107788e-01,8.902912586927413940e-02,-1.807766593992710114e-02,-1.378121823072433472e-01,3.530038893222808838e-01,8.757205307483673096e-02,4.435440599918365479e-01,2.355445623397827148e-01,3.551445603370666504e-01,2.010606527328491211e-01,1.937573552131652832e-01,-1.380996406078338623e-02,3.353717029094696045e-01,1.270161569118499756e-01,4.425146579742431641e-01,3.550590872764587402e-01,3.355754911899566650e-01,2.456582933664321899e-01,3.073376715183258057e-01,2.729059457778930664e-01,2.087430357933044434e-01,1.483810245990753174e-01,-5.105768889188766479e-02,2.464401572942733765e-01,4.600105285644531250e-01,3.554556667804718018e-01
3.785358667373657227e-01,1.000000000000000000e+00,1.960858851671218872e-01,4.020045697689056396e-01,3.689064085483551025e-01,5.941155552864074707e-01,4.792486727237701416e-01,6.679104566574096680e-01,1.498428583145141602e-01,5.908724069595336914e-01,5.723118036985397339e-02,3.816436827182769775e-01,3.020491451025009155e-02,4.265080094337463379e-01,9.149222820997238159e-02,4.319664239883422852e-01,2.241123765707015991e-01,4.073096513748168945e-01,2.470614612102508545e-01,2.379412204027175903e-01,2.747215926647186279e-01,2.001899778842926025e-01,2.555068135261535645e-01,3.466878831386566162e-01,4.812825620174407959e-01,5.145038962364196777e-01,5.567817687988281250e-01,4.653764963150024414e-01,1.513738185167312622e-01,4.325367510318756104e-01,4.834502637386322021e-01,4.816513061523437500e-01,4.418116509914398193e-01,4.744775593280792236e-01,2.360086888074874878e-01,3.536102175712585449e-01,3.541518747806549072e-01,3.205281794071197510e-01,3.334284722805023193e-01,3.097670674324035645e-01,2.366451323032379150e-01,1.505956351757049561e-01,-2.713195085525512695e-01,-9.935919195413589478e-02,-2.369375079870223999e-01,-2.724379897117614746e-01,-1.213322393596172333e-02,1.510358750820159912e-01,6.347300950437784195e-03,-9.082437306642532349e-02,-2.408444583415985107e-01,-1.691107451915740967e-01,1.750938892364501953e-01,8.403138071298599243e-02,1.838271319866180420e-01,2.734676003456115723e-01,2.764751911163330078e-01,6.367542743682861328e-01,1.266520023345947266e-01,2.448800653219223022e-01,-1.994889080524444580e-01,9.909667819738388062e-02,9.370616823434829712e-02,5.388681292533874512e-01,-2.668725252151489258e-01,-2.490096986293792725e-01,2.084822356700897217e-01,2.303721457719802856e-01,3.381842374801635742e-01,3.438378870487213135e-01,4.366272687911987305e-01,4.892127215862274170e-01,1.661415845155715942e-01,2.495492398738861084e-01,2.994557321071624756e-01,3.018701672554016113e-01,4.032028019428253174e-01,4.353715777397155762e-01,2.553615272045135498e-01,2.760674953460693359e-01,1.310103386640548706e-01,3.323982357978820801e-01,1.033318936824798584e-01,3.249424993991851807e-01,1.110350936651229858e-01,4.666008055210113525e-01,1.381824165582656860e-01,3.949172794818878174e-01,6.832974404096603394e-02,4.701040685176849365e-01,1.450867801904678345e-01,2.540803849697113037e-01,-1.647723466157913208e-01,-1.286385804414749146e-01,2.890475392341613770e-01,2.013315260410308838e-01,3.998593688011169434e-01,5.123533606529235840e-01,1.227086111903190613e-01,1.994241029024124146e-01,1.705138534307479858e-01,6.358095258474349976e-02,3.017874658107757568e-01,2.333103716373443604e-01,4.000687897205352783e-01,4.368124902248382568e-01,1.080706194043159485e-01,3.311449587345123291e-01,2.651551961898803711e-01,4.063942432403564453e-01,4.960591495037078857e-01,3.838224112987518311e-01,-1.556736826896667480e-01,1.449771225452423096e-01,3.691252470016479492e-01,3.999833464622497559e-01
-3.081400878727436066e-02,1.960858851671218872e-01,1.000000000000000000e+00,3.782393336296081543e-01,1.250204443931579590e-01,1.759738624095916748e-01,4.068422019481658936e-01,2.262463569641113281e-01,-1.839123480021953583e-02,1.233890652656555176e-01,-1.004027128219604492e-01,-1.004963219165802002e-01,5.329991132020950317e-02,9.878348559141159058e-02,-2.925709635019302368e-02,1.314795166254043579e-01,4.967140406370162964e-02,-5.491707008332014084e-03,1.404423862695693970e-01,2.311968477442860603e-03,-1.065719276666641235e-01,-1.066048517823219299e-01,7.677902579307556152e-01,6.995833516120910645e-01,1.670554131269454956e-01,2.380940616130828857e-01,1.869009435176849365e-01,1.027739197015762329e-01,-5.133657157421112061e-02,1.227849125862121582e-01,4.703688025474548340e-01,5.462676882743835449e-01,-9.143801406025886536e-03,1.028931736946105957e-01,-6.842231750488281250e-02,-5.722026899456977844e-02,4.120538383722305298e-02,-1.528496444225311279e-01,5.337685719132423401e-02,-1.939761079847812653e-02,-3.949699550867080688e-02,-5.721204448491334915e-03,-1.438419371843338013e-01,-1.342415157705545425e-02,-1.005292236804962158e-01,-4.908820614218711853e-02,6.571128964424133301e-02,1.189908534288406372e-01,3.465532511472702026e-02,5.857531353831291199e-02,4.884477332234382629e-02,1.132492795586585999e-01,1.847454458475112915e-01,2.021785676479339600e-01,4.318393394351005554e-02,2.609271109104156494e-01,-9.407559037208557129e-02,1.385926306247711182e-01,-1.135288625955581665e-01,4.378242045640945435e-02,-9.451353549957275391e-02,1.883775554597377777e-02,-6.394433230161666870e-02,7.358547300100326538e-02,-1.243615373969078064e-01,-3.348986804485321045e-02,-1.359321027994155884e-01,-1.675814390182495117e-01,2.486102655529975891e-02,-1.530584692955017090e-01,7.256223261356353760e-02,2.596013545989990234e-01,-1.495569199323654175e-01,2.066596299409866333e-01,2.001357637345790863e-02,2.477689981460571289e-01,1.989516057074069977e-02,7.030806690454483032e-02,-5.850728601217269897e-02,4.897947888821363449e-03,-1.304001826792955399e-02,4.931791499257087708e-02,6.327440589666366577e-02,1.312457323074340820e-01,1.379021536558866501e-02,1.817619800567626953e-01,7.063007354736328125e-02,1.058901101350784302e-01,7.451180368661880493e-02,2.204588353633880615e-01,1.621572524309158325e-01,2.942219972610473633e-01,9.191185981035232544e-02,1.628606766462326050e-01,2.689942121505737305e-01,1.897316277027130127e-01,1.385236382484436035e-01,2.847760319709777832e-01,-3.794904798269271851e-02,1.909874081611633301e-01,7.246292382478713989e-02,9.834966808557510376e-02,9.758303314447402954e-02,1.605122834444046021e-01,8.275967091321945190e-02,1.827204525470733643e-01,-3.450202941894531250e-02,8.835522085428237915e-02,1.634803414344787598e-01,6.286425143480300903e-02,1.980660706758499146e-01,1.200093924999237061e-01,-5.286556854844093323e-02,1.278458088636398315e-01,1.341681182384490967e-01,1.478712409734725952e-01
1.783349215984344482e-01,4.020045697689056396e-01,3.782393336296081543e-01,1.000000000000000000e+00,2.135742306709289551e-01,3.240130245685577393e-01,4.717442691326141357e-01,6.084993481636047363e-01,8.478206396102905273e-02,3.694829940795898438e-01,-2.183109335601329803e-02,1.190660521388053894e-01,9.554196894168853760e-02,2.920712828636169434e-01,-9.201006032526493073e-03,3.586881160736083984e-01,1.331521421670913696e-01,2.938623540103435516e-02,3.819704353809356689e-01,3.026351630687713623e-01,6.131790205836296082e-02,5.178520828485488892e-02,3.427822887897491455e-01,4.708753824234008789e-01,2.493439912796020508e-01,3.055156171321868896e-01,3.248241245746612549e-01,2.795307040214538574e-01,1.807337403297424316e-01,2.821084260940551758e-01,2.893759906291961670e-01,4.074077904224395752e-01,2.487400770187377930e-01,3.466128706932067871e-01,1.290169656276702881e-01,1.639748960733413696e-01,3.008322417736053467e-01,6.456685066223144531e-02,2.623360753059387207e-01,1.896451115608215332e-01,1.746138334274291992e-01,1.339780092239379883e-01,-2.039440721273422241e-01,-1.618682295083999634e-01,-1.868485212326049805e-01,-2.079259902238845825e-01,-3.143942356109619141e-02,3.603189066052436829e-02,4.161064862273633480e-04,-9.788154065608978271e-02,-6.914795190095901489e-02,-9.699292480945587158e-02,1.065621227025985718e-01,2.405710220336914062e-01,3.003806173801422119e-01,3.278568983078002930e-01,8.278049528598785400e-02,3.267624974250793457e-01,1.342907696962356567e-01,1.792464703321456909e-01,2.219489216804504395e-02,1.050338968634605408e-01,-2.274116873741149902e-02,3.496611416339874268e-01,-9.944353252649307251e-02,-1.397380977869033813e-01,8.347503840923309326e-02,4.322844371199607849e-02,1.801460683345794678e-01,1.121475249528884888e-01,3.377877175807952881e-01,4.126049578189849854e-01,1.556144952774047852e-01,1.705237925052642822e-01,2.712127268314361572e-01,2.419927269220352173e-01,2.840211391448974609e-01,2.829674184322357178e-01,3.932585567235946655e-02,3.154753893613815308e-02,-2.005186676979064941e-02,1.811414770781993866e-02,9.833583980798721313e-02,2.980897128582000732e-01,-5.364096909761428833e-02,2.382372319698333740e-01,2.971085906028747559e-02,2.877412140369415283e-01,1.108836308121681213e-01,4.724671542644500732e-01,3.426976799964904785e-01,3.806404769420623779e-01,1.057895720005035400e-01,1.109735071659088135e-01,2.547429203987121582e-01,2.345359772443771362e-01,2.433323711156845093e-01,3.984747529029846191e-01,1.741527765989303589e-01,2.595633566379547119e-01,1.026222035288810730e-01,4.882720485329627991e-02,1.269872784614562988e-01,1.054209992289543152e-01,1.794016659259796143e-01,1.931277662515640259e-01,5.410505831241607666e-02,1.472868323326110840e-01,3.398840129375457764e-01,2.727662026882171631e-01,2.997672855854034424e-01,2.456043213605880737e-01,-3.021557256579399109e-02,7.687199115753173828e-02,2.121460437774658203e-01,2.934270799160003662e-01
1.807677000761032104e-01,3.689064085483551025e-01,1.250204443931579590e-01,2.135742306709289551e-01,1.000000000000000000e+00,6.221408843994140625e-01,3.822006881237030029e-01,3.102054595947265625e-01,6.444475650787353516e-01,5.294348597526550293e-01,-9.879855439066886902e-03,-5.481193587183952332e-02,2.743443250656127930e-01,3.008515574038028717e-02,5.057431459426879883e-01,2.829075157642364502e-01,2.248841524124145508e-01,1.200386956334114075e-01,7.453528791666030884e-02,8.491133898496627808e-02,2.070062458515167236e-01,1.177076622843742371e-01,1.941067576408386230e-01,1.364977210760116577e-01,6.080464720726013184e-01,4.948217570781707764e-01,6.303812861442565918e-01,4.075111448764801025e-01,2.789985239505767822e-01,3.019879758358001709e-02,4.584364891052246094e-01,3.142638504505157471e-01,6.566959619522094727e-02,8.345340937376022339e-02,-7.099109888076782227e-02,-1.438509952276945114e-02,2.290449738502502441e-01,-4.512652009725570679e-02,4.169650375843048096e-01,7.072351127862930298e-02,2.235590070486068726e-01,-1.334499418735504150e-01,-2.179230898618698120e-01,-1.436736136674880981e-01,-2.455265671014785767e-01,-2.542045116424560547e-01,7.754093408584594727e-02,2.245102524757385254e-01,7.433977723121643066e-02,-1.048707813024520874e-01,-1.931232661008834839e-01,-2.141454517841339111e-01,3.451618254184722900e-01,1.179098486900329590e-01,3.793042004108428955e-01,1.097587645053863525e-01,2.592898905277252197e-01,4.391794800758361816e-01,-5.992762371897697449e-02,2.751090526580810547e-01,-2.237166166305541992e-01,-7.680406421422958374e-02,1.878552436828613281e-01,1.847738772630691528e-01,-3.205158710479736328e-01,-3.155438005924224854e-01,-1.185206025838851929e-01,-3.025917336344718933e-02,1.574785411357879639e-01,1.760867387056350708e-01,1.037079989910125732e-01,1.620701551437377930e-01,2.283186838030815125e-02,-9.607109427452087402e-02,5.281487107276916504e-02,1.661868207156658173e-02,9.110173583030700684e-02,1.165256500244140625e-01,1.692978590726852417e-01,2.749767601490020752e-01,3.099445998668670654e-01,1.832610219717025757e-01,5.776343941688537598e-01,1.845005899667739868e-01,2.897024154663085938e-01,2.950671315193176270e-01,5.679165720939636230e-01,2.969768643379211426e-01,4.087462425231933594e-01,3.947499990463256836e-01,3.126060962677001953e-01,3.824943602085113525e-01,-1.201011706143617630e-02,9.978525340557098389e-02,1.878545284271240234e-01,1.268612742424011230e-01,4.469012916088104248e-01,4.332319200038909912e-01,1.540768593549728394e-01,6.459462642669677734e-02,2.778640687465667725e-01,2.402693480253219604e-01,4.118490815162658691e-01,4.111095368862152100e-01,4.287298023700714111e-01,4.083344936370849609e-01,2.252061218023300171e-01,2.016078680753707886e-01,1.712536811828613281e-01,3.472389280796051025e-01,4.488471448421478271e-01,3.964520692825317383e-01,-5.718499422073364258e-02,1.822881847620010376e-01,1.865625977516174316e-01,3.305853009223937988e-01
2.832819223403930664e-01,5.941155552864074707e-01,1.759738624095916748e-01,3.240130245685577393e-01,6.221408843994140625e-01,1.000000000000000000e+00,4.059957861900329590e-01,5.306385159492492676e-01,3.756826519966125488e-01,6.821421384811401367e-01,-6.017161533236503601e-02,1.709691733121871948e-01,4.612741619348526001e-02,2.580772340297698975e-01,2.838595807552337646e-01,4.990498125553131104e-01,2.039342969655990601e-01,2.332874089479446411e-01,1.493396461009979248e-01,1.386908143758773804e-01,3.026521503925323486e-01,2.614266276359558105e-01,2.315668761730194092e-01,2.830680906772613525e-01,6.067404150962829590e-01,6.311155557632446289e-01,6.483681201934814453e-01,5.798141360282897949e-01,2.116338759660720825e-01,3.106801509857177734e-01,5.315936803817749023e-01,4.760532081127166748e-01,3.284986317157745361e-01,3.676286637783050537e-01,1.546468585729598999e-01,2.242477387189865112e-01,3.408821821212768555e-01,1.898140907287597656e-01,4.170951843261718750e-01,2.971593439579010010e-01,2.651386559009552002e-01,1.044590622186660767e-01,-3.019450008869171143e-01,-8.533222973346710205e-02,-3.355368375778198242e-01,-3.151132762432098389e-01,2.323946915566921234e-02,2.988787293434143066e-01,-7.126104831695556641e-02,-1.656556725502014160e-01,-2.746097743511199951e-01,-1.877155750989913940e-01,2.398338019847869873e-01,1.710991710424423218e-01,2.420428991317749023e-01,3.106543719768524170e-01,2.209623306989669800e-01,5.419776439666748047e-01,-8.164267987012863159e-02,1.895854771137237549e-01,-3.570583462715148926e-01,-9.831943362951278687e-02,6.761778891086578369e-02,3.904718160629272461e-01,-4.329224526882171631e-01,-4.138630926609039307e-01,5.414133518934249878e-02,9.287600964307785034e-02,2.482112944126129150e-01,3.171421289443969727e-01,3.685748279094696045e-01,3.931853473186492920e-01,6.251599639654159546e-02,8.849578350782394409e-02,1.901719570159912109e-01,1.569058448076248169e-01,3.254103064537048340e-01,3.676689565181732178e-01,1.885068416595458984e-01,2.732824683189392090e-01,1.694124341011047363e-01,2.617268860340118408e-01,3.567872047424316406e-01,3.952154517173767090e-01,1.825232505798339844e-01,4.235142469406127930e-01,3.593913912773132324e-01,4.733606874942779541e-01,2.487284243106842041e-01,4.843556284904479980e-01,2.180224806070327759e-01,3.457151353359222412e-01,-1.584649235010147095e-01,-2.922958508133888245e-02,3.056939542293548584e-01,3.052410185337066650e-01,4.830939769744873047e-01,5.789911150932312012e-01,1.668374836444854736e-01,2.221359163522720337e-01,3.288454115390777588e-01,2.305140048265457153e-01,4.566543698310852051e-01,3.925757408142089844e-01,4.316491186618804932e-01,4.782883822917938232e-01,1.570779979228973389e-01,3.657531142234802246e-01,3.161610364913940430e-01,4.151616990566253662e-01,5.372622609138488770e-01,4.345278441905975342e-01,-1.029899120330810547e-01,2.516745626926422119e-01,3.628153800964355469e-01,4.438742995262145996e-01
4.025045335292816162e-01,4.792486727237701416e-01,4.068422019481658936e-01,4.717442691326141357e-01,3.822006881237030029e-01,4.059957861900329590e-01,1.000000000000000000e+00,5.373500585556030273e-01,3.545093238353729248e-01,4.142801165580749512e-01,6.799212843179702759e-02,1.527111679315567017e-01,3.725117444992065430e-01,2.667002081871032715e-01,2.198968380689620972e-01,1.745518594980239868e-01,2.911435067653656006e-01,1.668710261583328247e-01,2.374300956726074219e-01,2.127252221107482910e-01,4.675050079822540283e-02,-5.073621496558189392e-02,3.851902186870574951e-01,4.111064970493316650e-01,4.323172569274902344e-01,4.469989240169525146e-01,5.696302056312561035e-01,4.786528646945953369e-01,2.371453791856765747e-01,1.838290393352508545e-01,5.201389193534851074e-01,4.633281826972961426e-01,3.074111342430114746e-01,3.397417366504669189e-01,1.265595783479511738e-03,5.814763531088829041e-02,2.858102321624755859e-01,2.191390842199325562e-02,2.720702886581420898e-01,7.767346501350402832e-02,1.411757320165634155e-01,-5.844214186072349548e-02,-2.623270153999328613e-01,-1.080121025443077087e-01,-2.507806420326232910e-01,-2.653783261775970459e-01,8.509146422147750854e-02,1.451047509908676147e-01,6.418852601200342178e-03,-8.050128072500228882e-02,-2.579260990023612976e-02,-4.258356243371963501e-02,4.001026451587677002e-01,1.608826965093612671e-01,3.424650728702545166e-01,2.201825529336929321e-01,1.965504884719848633e-01,3.508520722389221191e-01,-4.773798584938049316e-02,9.518693387508392334e-02,-1.335032731294631958e-01,-8.792758733034133911e-02,2.158279418945312500e-01,3.210924565792083740e-01,-2.326206564903259277e-01,-2.937385737895965576e-01,-4.517437145113945007e-02,-5.087610334157943726e-02,1.155543923377990723e-01,1.905640214681625366e-01,2.837678194046020508e-01,2.898452579975128174e-01,-1.561207417398691177e-02,3.215440735220909119e-02,1.282986551523208618e-01,8.705890178680419922e-02,2.369179576635360718e-01,2.617868781089782715e-01,1.680437624454498291e-01,1.922287493944168091e-01,2.066833078861236572e-01,1.135142818093299866e-01,2.972123324871063232e-01,1.020076051354408264e-01,2.428904920816421509e-01,2.483248710632324219e-01,1.800133585929870605e-01,1.145939826965332031e-01,3.351499438285827637e-01,3.460901081562042236e-01,3.636455833911895752e-01,3.359633088111877441e-01,2.284380607306957245e-02,-6.264804303646087646e-02,2.631382346153259277e-01,1.320528239011764526e-01,3.792777657508850098e-01,4.397771954536437988e-01,1.857387423515319824e-01,2.108364105224609375e-01,1.351406425237655640e-01,4.664159938693046570e-02,2.623003423213958740e-01,1.596521735191345215e-01,3.643071055412292480e-01,3.754270970821380615e-01,1.759980767965316772e-01,1.991034895181655884e-01,2.717472314834594727e-01,3.194914758205413818e-01,4.346455633640289307e-01,3.362526893615722656e-01,-1.238822266459465027e-01,1.264416724443435669e-01,3.175678849220275879e-01,2.876259982585906982e-01
3.065074384212493896e-01,6.679104566574096680e-01,2.262463569641113281e-01,6.084993481636047363e-01,3.102054595947265625e-01,5.306385159492492676e-01,5.373500585556030273e-01,1.000000000000000000e+00,1.023349910974502563e-01,6.024152636528015137e-01,9.323280304670333862e-02,3.871200978755950928e-01,5.622445419430732727e-02,5.319241881370544434e-01,-4.562101140618324280e-02,4.259698092937469482e-01,2.006323337554931641e-01,3.136155605316162109e-01,2.608577013015747070e-01,2.411716729402542114e-01,1.939439177513122559e-01,1.546709239482879639e-01,2.695786952972412109e-01,4.097566604614257812e-01,4.415486156940460205e-01,4.847737252712249756e-01,5.429718494415283203e-01,4.839868247509002686e-01,1.673006862401962280e-01,4.524039328098297119e-01,4.087978005409240723e-01,4.484410583972930908e-01,4.563037157058715820e-01,5.376917123794555664e-01,2.547971010208129883e-01,3.326977789402008057e-01,3.587582409381866455e-01,2.437859326601028442e-01,3.203092813491821289e-01,2.861435711383819580e-01,2.363337278366088867e-01,1.926008015871047974e-01,-3.116016387939453125e-01,-1.358004957437515259e-01,-2.882244288921356201e-01,-3.079721033573150635e-01,-7.039090245962142944e-02,1.055932268500328064e-01,-6.789573282003402710e-02,-1.174073740839958191e-01,-1.795898675918579102e-01,-1.265049129724502563e-01,1.683218926191329956e-01,1.673928946256637573e-01,1.859441697597503662e-01,3.255264759063720703e-01,1.935042887926101685e-01,4.843692779541015625e-01,6.871616840362548828e-02,1.831086277961730957e-01,-2.001852393150329590e-01,7.501357048749923706e-02,1.175107341259717941e-02,5.737010240554809570e-01,-3.210242092609405518e-01,-2.721462249755859375e-01,1.279055476188659668e-01,1.264170259237289429e-01,1.807741224765777588e-01,2.734918594360351562e-01,4.632873535156250000e-01,4.414117634296417236e-01,2.051575034856796265e-01,2.123385369777679443e-01,3.254983723163604736e-01,2.775130569934844971e-01,4.272128343582153320e-01,4.431520998477935791e-01,2.356363534927368164e-01,2.344160974025726318e-01,4.631577432155609131e-02,2.274686545133590698e-01,2.843950875103473663e-02,3.687945008277893066e-01,-1.929463632404804230e-02,4.138936996459960938e-01,7.516266778111457825e-03,3.767985403537750244e-01,-1.236555166542530060e-02,5.107080340385437012e-01,1.442750245332717896e-01,3.084829151630401611e-01,-1.674176603555679321e-01,-1.517904251813888550e-01,2.559651732444763184e-01,1.728631556034088135e-01,3.207242488861083984e-01,4.653688073158264160e-01,8.162900060415267944e-02,2.477838695049285889e-01,6.301062554121017456e-02,-4.839336127042770386e-02,1.822412014007568359e-01,1.051255688071250916e-01,2.884924411773681641e-01,3.297916948795318604e-01,-6.756790913641452789e-03,2.762075662612915039e-01,2.995159626007080078e-01,4.170507192611694336e-01,4.835877716541290283e-01,3.535458445549011230e-01,-1.777104586362838745e-01,5.288131162524223328e-02,3.244782984256744385e-01,3.395868241786956787e-01
1.753297448158264160e-01,1.498428583145141602e-01,-1.839123480021953583e-02,8.478206396102905273e-02,6.444475650787353516e-01,3.756826519966125488e-01,3.545093238353729248e-01,1.023349910974502563e-01,1.000000000000000000e+00,3.344544470310211182e-01,5.975592881441116333e-02,-5.135194212198257446e-02,4.068000316619873047e-01,-3.966552391648292542e-02,6.190849542617797852e-01,1.279240548610687256e-01,1.838372647762298584e-01,6.199030578136444092e-02,3.458990529179573059e-02,5.146128684282302856e-02,1.033061221241950989e-01,4.075029864907264709e-02,4.650769382715225220e-02,6.755072157829999924e-03,5.306246280670166016e-01,3.622647821903228760e-01,5.095618963241577148e-01,3.184818029403686523e-01,1.634601354598999023e-01,-1.412645876407623291e-01,2.735141813755035400e-01,9.806150197982788086e-02,-2.951579354703426361e-02,-5.899916216731071472e-02,-2.345177829265594482e-01,-2.138447463512420654e-01,7.354179769754409790e-02,-5.306988209486007690e-02,2.039400935173034668e-01,1.924187876284122467e-02,1.361857354640960693e-01,-1.904132217168807983e-01,-2.226007729768753052e-01,-1.937469542026519775e-01,-2.337990850210189819e-01,-2.677287757396697998e-01,-5.091243609786033630e-02,2.568008843809366226e-03,6.232510507106781006e-02,-1.308879107236862183e-01,-2.608043253421783447e-01,-2.583350539207458496e-01,2.875180840492248535e-01,-1.225167140364646912e-01,2.787722945213317871e-01,-1.069873794913291931e-01,2.337447404861450195e-01,2.616350352764129639e-01,-2.222104929387569427e-02,1.578717380762100220e-01,-1.926549226045608521e-01,-1.862844228744506836e-01,2.709158658981323242e-01,8.170105516910552979e-02,-2.847813665866851807e-01,-3.043358325958251953e-01,-2.133356481790542603e-01,-1.468688547611236572e-01,1.613772008568048477e-03,8.271823078393936157e-02,-3.530482947826385498e-02,-4.730703681707382202e-02,-1.937647908926010132e-02,-1.893235743045806885e-01,-2.550783939659595490e-02,-5.598504096269607544e-02,-1.213422790169715881e-01,-1.008946597576141357e-01,1.274061203002929688e-01,1.538602113723754883e-01,3.077783584594726562e-01,1.059886440634727478e-01,5.838302373886108398e-01,3.969733789563179016e-02,3.496325016021728516e-01,1.377857625484466553e-01,5.705081820487976074e-01,1.606325358152389526e-01,5.014104247093200684e-01,2.724017202854156494e-01,3.307566940784454346e-01,2.697323560714721680e-01,3.204767405986785889e-02,3.729083016514778137e-02,7.142122834920883179e-02,3.172606974840164185e-02,2.806338965892791748e-01,2.356060594320297241e-01,5.930446460843086243e-02,-1.082131788134574890e-01,2.355628758668899536e-01,2.005188018083572388e-01,3.379666209220886230e-01,2.843329608440399170e-01,3.673622906208038330e-01,2.807260155677795410e-01,1.742875576019287109e-01,5.250882357358932495e-02,4.140013456344604492e-02,1.734010577201843262e-01,2.442236393690109253e-01,2.292624115943908691e-01,-8.128573745489120483e-02,1.269319802522659302e-01,1.218259632587432861e-01,1.476993262767791748e-01
3.140758275985717773e-01,5.908724069595336914e-01,1.233890652656555176e-01,3.694829940795898438e-01,5.294348597526550293e-01,6.821421384811401367e-01,4.142801165580749512e-01,6.024152636528015137e-01,3.344544470310211182e-01,1.000000000000000000e+00,1.224418953061103821e-01,3.310510218143463135e-01,1.062561795115470886e-01,3.952693939208984375e-01,2.922275066375732422e-01,5.831707715988159180e-01,3.201518356800079346e-01,3.501224517822265625e-01,1.630807965993881226e-01,1.416274160146713257e-01,3.215695917606353760e-01,2.273724079132080078e-01,1.980677992105484009e-01,2.854645252227783203e-01,5.626071691513061523e-01,5.484730601310729980e-01,6.574258208274841309e-01,5.616739988327026367e-01,2.803155779838562012e-01,3.611581921577453613e-01,4.859932065010070801e-01,4.688633084297180176e-01,4.395323395729064941e-01,4.930373430252075195e-01,2.103828340768814087e-01,2.693787515163421631e-01,4.389775097370147705e-01,2.149280607700347900e-01,4.390496909618377686e-01,2.679114043712615967e-01,2.287275940179824829e-01,-3.460715524852275848e-04,-2.593747973442077637e-01,-2.919761463999748230e-02,-2.923821806907653809e-01,-2.764934897422790527e-01,2.796660549938678741e-02,2.427026778459548950e-01,3.405791940167546272e-03,-8.690114319324493408e-02,-2.250406295061111450e-01,-1.350437849760055542e-01,2.211903333663940430e-01,6.026721373200416565e-02,3.086458742618560791e-01,2.988356351852416992e-01,3.050135672092437744e-01,4.910331368446350098e-01,1.941285678185522556e-03,1.634141802787780762e-01,-2.840061485767364502e-01,-6.559923291206359863e-02,1.992002427577972412e-01,4.298602938652038574e-01,-3.734429180622100830e-01,-3.217501640319824219e-01,1.126225739717483521e-01,1.402658373117446899e-01,2.488967031240463257e-01,2.976251542568206787e-01,4.626905620098114014e-01,4.502386450767517090e-01,1.018897071480751038e-01,1.047158986330032349e-01,2.641726732254028320e-01,1.908073425292968750e-01,4.439862668514251709e-01,4.904449582099914551e-01,3.324108719825744629e-01,2.957760095596313477e-01,2.384878545999526978e-01,3.188076019287109375e-01,3.461648821830749512e-01,4.635428488254547119e-01,2.351682633161544800e-01,4.792437851428985596e-01,3.679015338420867920e-01,4.627618789672851562e-01,2.431768327951431274e-01,4.464405179023742676e-01,1.936634033918380737e-01,2.686453461647033691e-01,-1.334622949361801147e-01,-8.717678487300872803e-02,3.657835721969604492e-01,2.714544236660003662e-01,5.108633637428283691e-01,4.989296197891235352e-01,2.080375999212265015e-01,2.258127331733703613e-01,2.966409623622894287e-01,1.248054429888725281e-01,3.997596204280853271e-01,3.036896586418151855e-01,4.432984888553619385e-01,4.675446748733520508e-01,2.016296982765197754e-01,3.799762725830078125e-01,3.347213268280029297e-01,3.957676887512207031e-01,4.833624064922332764e-01,3.913590610027313232e-01,-8.637317270040512085e-02,2.415137439966201782e-01,4.005481302738189697e-01,4.291541278362274170e-01
2.986430525779724121e-01,5.723118036985397339e-02,-1.004027128219604492e-01,-2.183109335601329803e-02,-9.879855439066886902e-03,-6.017161533236503601e-02,6.799212843179702759e-02,9.323280304670333862e-02,5.975592881441116333e-02,1.224418953061103821e-01,1.000000000000000000e+00,4.371212720870971680e-01,4.506917893886566162e-01,2.884959876537322998e-01,2.353488802909851074e-01,1.617761403322219849e-01,4.313536882400512695e-01,4.574642777442932129e-01,-8.693226426839828491e-02,-1.215428411960601807e-01,6.790321320295333862e-02,1.303880959749221802e-01,-1.332187950611114502e-01,-8.735650032758712769e-02,-6.364628672599792480e-02,1.370158698409795761e-02,1.605754792690277100e-01,1.643099933862686157e-01,3.414500653743743896e-01,2.630634307861328125e-01,1.760751381516456604e-02,3.156705945730209351e-02,3.017230033874511719e-01,2.256849110126495361e-01,7.893584668636322021e-02,1.246537640690803528e-01,1.738044172525405884e-01,8.095194399356842041e-02,1.146895214915275574e-01,7.536926306784152985e-03,-3.416495770215988159e-02,-6.533864140510559082e-02,7.249712944030761719e-02,1.750460118055343628e-01,4.634061455726623535e-02,1.797508448362350464e-02,4.658844321966171265e-02,5.694266036152839661e-02,2.667135000228881836e-01,1.898909658193588257e-01,1.821763068437576294e-01,1.291309744119644165e-01,-1.367994695901870728e-01,-1.161833330988883972e-01,8.910339325666427612e-02,9.165214747190475464e-02,3.884974420070648193e-01,1.082627102732658386e-01,1.477895528078079224e-01,5.786213092505931854e-03,8.494505286216735840e-02,-2.065693587064743042e-02,2.602581679821014404e-01,5.558689683675765991e-02,1.333983987569808960e-01,7.153319567441940308e-02,1.869401633739471436e-01,1.842865943908691406e-01,-3.670049458742141724e-02,1.212186068296432495e-01,1.674090772867202759e-01,1.057376042008399963e-01,9.734560549259185791e-02,-5.199150741100311279e-02,4.430260881781578064e-02,-2.046522125601768494e-02,2.054555416107177734e-01,1.905252337455749512e-01,3.917768597602844238e-01,3.278172016143798828e-01,4.625324904918670654e-01,3.820595145225524902e-01,2.335731834173202515e-01,1.030108258128166199e-01,3.923046886920928955e-01,1.886890977621078491e-01,8.357647061347961426e-02,-2.314475737512111664e-02,2.148816585540771484e-01,-1.667910441756248474e-02,3.732541203498840332e-02,-8.523923158645629883e-02,3.886919096112251282e-02,-1.133301928639411926e-01,1.119824349880218506e-01,5.752529203891754150e-02,8.365380018949508667e-02,-1.357693076133728027e-01,1.100828275084495544e-01,8.092436194419860840e-02,5.578916147351264954e-02,1.460589282214641571e-02,1.281050592660903931e-01,8.886161446571350098e-02,1.866282522678375244e-01,1.011114716529846191e-01,1.401260942220687866e-01,9.731451421976089478e-02,9.518125653266906738e-02,-7.119571417570114136e-02,-1.451841741800308228e-01,-1.531152576208114624e-01,-2.785522677004337311e-02,1.404947191476821899e-01,2.198483794927597046e-01,8.978670835494995117e-02
2.672365307807922363e-01,3.816436827182769775e-01,-1.004963219165802002e-01,1.190660521388053894e-01,-5.481193587183952332e-02,1.709691733121871948e-01,1.527111679315567017e-01,3.871200978755950928e-01,-5.135194212198257446e-02,3.310510218143463135e-01,4.371212720870971680e-01,1.000000000000000000e+00,8.331017196178436279e-02,6.034165620803833008e-01,-3.923920542001724243e-02,3.030486404895782471e-01,2.662791609764099121e-01,5.843713879585266113e-01,-4.777741618454456329e-03,-5.734379589557647705e-02,1.103648468852043152e-01,2.042448669672012329e-01,4.955356009304523468e-03,9.439250081777572632e-02,9.897820651531219482e-02,1.349004805088043213e-01,2.323746383190155029e-01,2.263214290142059326e-01,6.415110826492309570e-02,4.756582379341125488e-01,9.362276643514633179e-02,1.674593836069107056e-01,4.752784371376037598e-01,4.662280678749084473e-01,1.694456338882446289e-01,2.738470435142517090e-01,1.311014890670776367e-01,3.304556608200073242e-01,2.031675353646278381e-02,3.240189552307128906e-01,-2.911390969529747963e-03,1.436528414487838745e-01,-1.324941366910934448e-01,4.916460067033767700e-02,-1.663411557674407959e-01,-1.627971082925796509e-01,-9.953029453754425049e-02,-3.410676261410117149e-03,-4.942105710506439209e-02,-1.336088031530380249e-02,-1.089704334735870361e-01,1.737766712903976440e-02,-1.222356334328651428e-01,-9.386467933654785156e-02,-6.938499212265014648e-02,1.415840238332748413e-01,1.839170157909393311e-01,2.745557427406311035e-01,2.537151984870433807e-02,-6.456915289163589478e-02,-1.788157969713211060e-01,1.832600869238376617e-02,5.225279182195663452e-02,3.904341161251068115e-01,-1.107858419418334961e-01,-8.156432211399078369e-02,1.461796164512634277e-01,2.325770109891891479e-01,-1.927656307816505432e-02,1.252510547637939453e-01,3.224059343338012695e-01,2.594183087348937988e-01,2.021995931863784790e-01,2.579189538955688477e-01,2.901719510555267334e-01,1.810140311717987061e-01,2.608239650726318359e-01,3.158278465270996094e-01,3.449491560459136963e-01,3.620232045650482178e-01,1.653025299310684204e-01,4.316731095314025879e-01,-7.806723564863204956e-02,3.827233314514160156e-01,9.278698265552520752e-02,4.325715005397796631e-01,-6.278271228075027466e-02,2.781572043895721436e-01,-7.162549346685409546e-02,2.070837169885635376e-01,-7.348374463617801666e-03,-8.492561057209968567e-03,-1.251605153083801270e-01,-2.059836089611053467e-01,5.478558689355850220e-02,3.321142494678497314e-02,3.202524408698081970e-02,4.545449092984199524e-02,3.105677291750907898e-02,1.096459031105041504e-01,5.533406510949134827e-02,-4.223123192787170410e-02,1.158719658851623535e-01,5.621808394789695740e-02,1.530754715204238892e-01,1.657883375883102417e-01,-3.379242867231369019e-02,2.298470437526702881e-01,1.017881706357002258e-01,6.421386450529098511e-02,5.847398191690444946e-02,2.326099574565887451e-02,-1.426901221275329590e-01,8.168930560350418091e-02,2.371761500835418701e-01,6.168304756283760071e-02
2.730669081211090088e-01,3.020491451025009155e-02,5.329991132020950317e-02,9.554196894168853760e-02,2.743443250656127930e-01,4.612741619348526001e-02,3.725117444992065430e-01,5.622445419430732727e-02,4.068000316619873047e-01,1.062561795115470886e-01,4.506917893886566162e-01,8.331017196178436279e-02,1.000000000000000000e+00,1.591437458992004395e-01,4.839613139629364014e-01,-1.114769652485847473e-02,4.480375647544860840e-01,2.173142731189727783e-01,-2.710209414362907410e-02,5.455322563648223877e-03,-8.559307456016540527e-02,-1.063669323921203613e-01,-4.738394916057586670e-02,-6.580260396003723145e-02,6.860688328742980957e-02,7.005812972784042358e-02,2.800139188766479492e-01,2.442456483840942383e-01,4.566327035427093506e-01,6.587879359722137451e-02,1.767088621854782104e-01,7.648000866174697876e-02,1.618258804082870483e-01,7.416547834873199463e-02,-2.296730726957321167e-01,-1.568567603826522827e-01,1.417423784732818604e-01,-1.062565818428993225e-01,1.741925925016403198e-01,-1.226616650819778442e-01,-1.195106282830238342e-02,-1.829179674386978149e-01,-1.346042901277542114e-01,-3.846194222569465637e-02,-1.052178367972373962e-01,-1.646714657545089722e-01,4.708097130060195923e-02,1.409823261201381683e-02,2.567358911037445068e-01,6.992624700069427490e-02,1.292803287506103516e-01,9.442888200283050537e-02,7.163692265748977661e-02,3.960742428898811340e-02,3.812909424304962158e-01,9.630542248487472534e-02,3.321345448493957520e-01,1.245560422539710999e-01,-1.039406657218933105e-02,-4.120459780097007751e-02,6.445408612489700317e-02,-1.271668374538421631e-01,3.639200329780578613e-01,6.651619076728820801e-02,4.905826225876808167e-02,-1.358435451984405518e-01,-7.890187203884124756e-02,-1.385904699563980103e-01,1.617890410125255585e-02,1.467043757438659668e-01,3.045194037258625031e-02,1.172335539013147354e-02,-3.539452329277992249e-02,-1.941218525171279907e-01,-8.085803687572479248e-02,-1.424215584993362427e-01,5.252395942807197571e-02,5.300933122634887695e-02,2.597755491733551025e-01,2.364878654479980469e-01,5.243071317672729492e-01,1.991221755743026733e-01,5.606250762939453125e-01,-5.613165348768234253e-02,5.421429276466369629e-01,1.372821927070617676e-01,2.164347320795059204e-01,-6.547526270151138306e-02,5.686776638031005859e-01,1.027581915259361267e-01,4.346537590026855469e-01,1.737650781869888306e-01,1.997519284486770630e-01,-2.689745090901851654e-02,4.814223200082778931e-02,-6.223048642277717590e-02,1.019985824823379517e-01,-4.919174313545227051e-02,3.006747663021087646e-01,4.091744124889373779e-02,1.574968248605728149e-01,6.858051568269729614e-02,2.324455976486206055e-01,1.452642232179641724e-01,3.362582623958587646e-01,2.500568628311157227e-01,2.895858287811279297e-01,1.563062891364097595e-02,5.181246995925903320e-02,-5.558504723012447357e-03,-7.998059689998626709e-02,-8.771654218435287476e-02,-1.048729196190834045e-01,1.157496683299541473e-02,1.976401209831237793e-01,1.512961089611053467e-01
