1.000000000000000000e+00,5.566256642341613770e-01,5.165669918060302734e-01,3.985735177993774414e-01,5.108110606670379639e-02,-5.363914533518254757e-04,4.788992106914520264e-01,2.869095802307128906e-01,1.378021482378244400e-02,-2.858155779540538788e-02,4.290935695171356201e-01,3.450430631637573242e-01,4.367064237594604492e-01,1.418519467115402222e-01,1.522266268730163574e-01,1.855643815360963345e-03,3.325939476490020752e-01,3.546860516071319580e-01,6.430115103721618652e-01,5.283706188201904297e-01,1.154826581478118896e-01,1.262841820716857910e-01,3.259962797164916992e-01,2.445204108953475952e-01,6.712872534990310669e-02,7.018599193543195724e-03,1.047456264495849609e-01,7.596672326326370239e-02,2.831830382347106934e-01,2.999001145362854004e-01,1.264323294162750244e-01,5.892729014158248901e-02,2.991058528423309326e-01,2.560286223888397217e-01,-5.532266572117805481e-03,-5.477979034185409546e-02,9.648893773555755615e-02,9.400759637355804443e-02,4.817404597997665405e-02,1.125936359167098999e-01,-1.437529828399419785e-02,3.955584391951560974e-02,-9.427697211503982544e-02,-1.335430443286895752e-01,-7.349444925785064697e-02,-1.003501191735267639e-01,-2.516359090805053711e-02,-1.919048465788364410e-02,-1.822166591882705688e-01,-2.077794075012207031e-02,-1.075463667511940002e-01,-1.807896196842193604e-01,-1.518348604440689087e-01,-1.452665627002716064e-01,-9.627506136894226074e-03,2.795224077999591827e-03,6.779596209526062012e-01,5.622006058692932129e-01,4.511625468730926514e-01,3.923882842063903809e-01,4.847469925880432129e-01,3.214174807071685791e-01,2.162375152111053467e-01,2.888790369033813477e-01,2.752503156661987305e-01,1.832447201013565063e-01,2.315304279327392578e-01,8.742917329072952271e-02,5.547484755516052246e-01,4.698286354541778564e-01,2.128983885049819946e-01,1.807809323072433472e-01,2.258402854204177856e-01,2.767102420330047607e-01,2.693513631820678711e-01,2.318049222230911255e-01,2.687302231788635254e-01,2.671743035316467285e-01,2.902504205703735352e-01,3.197674453258514404e-01,3.858630657196044922e-01,3.672935366630554199e-01,2.449749410152435303e-01,3.246292173862457275e-01,2.808164060115814209e-01,2.031530588865280151e-01,2.290638685226440430e-01,9.145006537437438965e-02,1.680479645729064941e-01,1.332131177186965942e-01,-1.469519641250371933e-02,1.491911560297012329e-01,7.821235805749893188e-02,3.534265160560607910e-01,2.012779004871845245e-02,5.359175428748130798e-02,9.408921748399734497e-02,1.023006960749626160e-01,-4.746607691049575806e-02,-4.227591678500175476e-02,4.155441746115684509e-02,2.886566519737243652e-01,5.433637648820877075e-02,1.520480960607528687e-01,1.043880209326744080e-01,8.846113830804824829e-02,-7.732550799846649170e-02,-4.421720653772354126e-02,-3.262275829911231995e-02,2.306127548217773438e-02,6.983616948127746582e-02,-4.929325543344020844e-03,4.102925304323434830e-03,3.860462829470634460e-02,1.964572072029113770e-02,-4.941338300704956055e-02
5.566256642341613770e-01,1.000000000000000000e+00,2.788677215576171875e-01,3.948319554328918457e-01,-4.062952939420938492e-03,-1.654296368360519409e-02,2.091112881898880005e-01,4.432703256607055664e-01,-5.859669297933578491e-02,3.032771125435829163e-02,7.784665375947952271e-02,5.017282366752624512e-01,8.698192238807678223e-02,3.212348818778991699e-01,3.320475667715072632e-02,9.989718347787857056e-02,3.908515572547912598e-01,6.241215467453002930e-01,5.734969377517700195e-01,6.632919311523437500e-01,8.090650290250778198e-02,1.418212503194808960e-01,1.762163043022155762e-01,1.893505603075027466e-01,-2.341259084641933441e-02,-4.550943896174430847e-02,3.620002046227455139e-02,9.109226986765861511e-03,3.299950957298278809e-01,5.532028079032897949e-01,1.122812628746032715e-01,1.290194243192672729e-01,3.617684841156005859e-01,4.129960238933563232e-01,-9.180413931608200073e-02,-3.431667760014533997e-02,-4.928899556398391724e-02,1.077613160014152527e-01,4.022083804011344910e-02,1.490110456943511963e-01,-3.546103462576866150e-02,5.024938285350799561e-02,-1.645771414041519165e-01,-1.287339329719543457e-01,8.912046439945697784e-03,1.365431547164916992e-01,3.377987444400787354e-02,-1.198223792016506195e-02,-1.546901762485504150e-01,1.094764918088912964e-01,-8.674573898315429688e-02,6.441885232925415039e-02,2.531652338802814484e-03,5.166499316692352295e-02,4.322051256895065308e-02,2.323898524045944214e-01,6.466377973556518555e-01,7.824769020080566406e-01,3.849564492702484131e-01,4.721966981887817383e-01,2.499288618564605713e-01,4.572447836399078369e-01,3.317536115646362305e-01,6.277337074279785156e-01,-2.357566729187965393e-02,6.712649017572402954e-02,1.413091719150543213e-01,1.827409416437149048e-01,6.978707909584045410e-01,6.165552735328674316e-01,1.463580727577209473e-01,1.030252501368522644e-01,2.422654628753662109e-01,3.422686159610748291e-01,2.921609580516815186e-01,3.024204671382904053e-01,2.841962575912475586e-01,3.924010992050170898e-01,3.485934436321258545e-01,4.932039678096771240e-01,4.244526922702789307e-01,6.092911362648010254e-01,1.381093114614486694e-01,4.763819277286529541e-01,6.706339865922927856e-02,4.283694624900817871e-01,2.200822085142135620e-01,1.010736450552940369e-01,2.737069502472877502e-02,3.928426802158355713e-01,5.920803174376487732e-02,2.534629106521606445e-01,-1.041599828749895096e-02,2.555481493473052979e-01,-3.966692835092544556e-02,3.109065815806388855e-02,1.199725270271301270e-01,1.807498633861541748e-01,-2.556028403341770172e-02,-4.429580643773078918e-02,1.310362070798873901e-01,3.584309518337249756e-01,1.479873806238174438e-01,2.761017084121704102e-01,1.620201319456100464e-01,1.432951837778091431e-01,-1.551250517368316650e-01,-6.040734052658081055e-02,-3.704700618982315063e-02,7.383689749985933304e-03,1.054779291152954102e-01,-1.669098585844039917e-01,-3.830312984064221382e-03,1.448840945959091187e-01,-3.647787496447563171e-02,-5.545037612318992615e-02
5.165669918060302734e-01,2.788677215576171875e-01,1.000000000000000000e+00,7.038194537162780762e-01,1.539334096014499664e-02,8.703488111495971680e-02,6.939342021942138672e-01,4.799344837665557861e-01,-6.159750744700431824e-02,7.683575898408889771e-02,2.570711374282836914e-01,4.151613116264343262e-01,3.716340363025665283e-01,2.168612927198410034e-01,9.873672574758529663e-02,1.679378300905227661e-01,1.343394517898559570e-01,1.260308921337127686e-01,5.231100320816040039e-01,3.852353394031524658e-01,2.265039831399917603e-01,1.591220796108245850e-01,7.794856429100036621e-01,6.893544197082519531e-01,3.047643899917602539e-01,1.987479925155639648e-01,-2.953560091555118561e-02,-1.261840667575597763e-02,1.750527769327163696e-01,1.473940461874008179e-01,4.230510890483856201e-01,3.424718677997589111e-01,3.270092904567718506e-01,2.566296160221099854e-01,3.207654654979705811e-01,1.453959047794342041e-01,-2.517081797122955322e-02,2.552475593984127045e-02,5.120177939534187317e-02,4.867817088961601257e-02,-4.995811730623245239e-02,-1.956051215529441833e-02,-8.907081186771392822e-02,-9.552991390228271484e-02,1.199719905853271484e-01,-6.723431497812271118e-02,-1.325801108032464981e-02,-4.373063892126083374e-02,-8.752007782459259033e-02,1.537968986667692661e-03,-1.006363928318023682e-01,-1.426160633563995361e-01,-8.031269907951354980e-02,-2.122123166918754578e-02,-2.415821328759193420e-02,-1.505586405983194709e-04,2.488420754671096802e-01,1.932455748319625854e-01,1.439932882785797119e-01,1.370426118373870850e-01,1.913988292217254639e-01,8.101212233304977417e-02,-2.158511616289615631e-02,2.272598445415496826e-02,4.434878230094909668e-01,3.683730661869049072e-01,1.863785237073898315e-01,4.509198479354381561e-03,2.672241032123565674e-01,2.302684038877487183e-01,2.377391159534454346e-01,1.611000448465347290e-01,7.513462752103805542e-02,2.910089679062366486e-02,8.500754833221435547e-02,-2.347792498767375946e-03,1.100701391696929932e-01,4.362742975354194641e-02,1.474995464086532593e-01,4.868148267269134521e-02,2.137211412191390991e-01,2.054314315319061279e-01,2.611900866031646729e-01,3.134165108203887939e-01,3.919510245323181152e-01,1.900972276926040649e-01,2.386266887187957764e-01,3.569409847259521484e-01,3.213610127568244934e-02,2.383446693420410156e-02,-5.356368608772754669e-03,1.237307041883468628e-01,1.699920743703842163e-01,3.201467394828796387e-01,-6.631926447153091431e-02,-1.548686157912015915e-02,2.170384861528873444e-02,6.345455069094896317e-03,-1.141696721315383911e-01,-1.274014115333557129e-01,-5.747663974761962891e-02,1.439221203327178955e-01,-6.789191067218780518e-02,-1.954236999154090881e-02,1.622654795646667480e-01,4.831583052873611450e-02,-2.145034521818161011e-01,-1.586987078189849854e-01,-1.610261201858520508e-01,-1.593386009335517883e-02,8.049938827753067017e-02,-3.844472020864486694e-02,-1.546567212790250778e-02,-1.147549897432327271e-01,-7.398266345262527466e-02,9.618348442018032074e-03
3.985735177993774414e-01,3.948319554328918457e-01,7.038194537162780762e-01,1.000000000000000000e+00,1.565153524279594421e-02,2.619754374027252197e-01,5.545912384986877441e-01,7.507564425468444824e-01,-6.207273155450820923e-02,3.006978929042816162e-01,-5.849861772730946541e-04,5.948347449302673340e-01,2.603837251663208008e-01,5.162985324859619141e-01,1.235424354672431946e-02,3.743114173412322998e-01,5.474545061588287354e-02,1.262262761592864990e-01,3.775465190410614014e-01,3.937469720840454102e-01,2.880438268184661865e-01,2.399273812770843506e-01,6.239059567451477051e-01,7.452876567840576172e-01,3.175262808799743652e-01,3.337560892105102539e-01,-1.905332319438457489e-02,4.626708105206489563e-02,1.361868828535079956e-01,9.371481835842132568e-02,3.909110128879547119e-01,4.489482045173645020e-01,2.589946389198303223e-01,2.996970415115356445e-01,1.792226135730743408e-01,1.092765331268310547e-01,-1.178547888994216919e-01,-8.870965987443923950e-02,5.822328105568885803e-02,-1.595524512231349945e-02,-8.446808904409408569e-02,-1.033990383148193359e-01,-2.229246795177459717e-01,-1.698032170534133911e-01,2.342858910560607910e-02,-6.008785963058471680e-02,-1.311304867267608643e-01,-1.585300713777542114e-01,-9.169905632734298706e-02,2.108294516801834106e-02,-7.600145041942596436e-02,-4.408606514334678650e-02,-1.591873466968536377e-01,-1.030902490019798279e-01,-5.194289982318878174e-02,-4.284082353115081787e-02,2.270678579807281494e-01,2.925347387790679932e-01,2.166870981454849243e-01,3.752389848232269287e-01,1.898276060819625854e-01,3.476478457450866699e-01,-8.888988196849822998e-02,1.519774049520492554e-01,2.495025247335433960e-01,5.335146784782409668e-01,1.874929964542388916e-01,1.492194682359695435e-01,2.510175704956054688e-01,2.527776360511779785e-01,1.639220118522644043e-01,1.349437832832336426e-01,3.829076886177062988e-02,-7.124661654233932495e-02,2.873922698199748993e-02,-9.703689813613891602e-02,3.547487407922744751e-02,-5.056298151612281799e-02,1.518375873565673828e-01,-1.221421844093129039e-04,1.590734869241714478e-01,2.580892145633697510e-01,9.443339705467224121e-02,3.487409949302673340e-01,1.460281163454055786e-01,2.534170448780059814e-01,1.995155215263366699e-01,4.197723865509033203e-01,-5.800748243927955627e-02,6.114050373435020447e-02,-2.092364802956581116e-02,4.459553211927413940e-02,1.145823225378990173e-01,1.335593760013580322e-01,-1.245576962828636169e-01,-4.235072433948516846e-02,-3.491484746336936951e-02,-5.375990271568298340e-02,-1.717209666967391968e-01,-2.540338635444641113e-01,3.503478318452835083e-02,1.145691573619842529e-01,-2.945932373404502869e-02,-1.150626782327890396e-02,5.584862083196640015e-02,-1.090252175927162170e-01,-2.135040760040283203e-01,-1.873151361942291260e-01,-1.167010813951492310e-01,-5.900913849472999573e-02,-1.659096963703632355e-02,-1.588397622108459473e-01,-1.011762768030166626e-01,-1.528538167476654053e-01,-2.141078710556030273e-01,-6.879403442144393921e-02
5.108110606670379639e-02,-4.062952939420938492e-03,1.539334096014499664e-02,1.565153524279594421e-02,1.000000000000000000e+00,6.860961914062500000e-01,-3.324784338474273682e-02,-1.750579103827476501e-02,6.788500547409057617e-01,5.526226758956909180e-01,2.571696043014526367e-01,4.099608398973941803e-03,1.594863235950469971e-01,1.206661462783813477e-01,6.759107708930969238e-01,5.199375152587890625e-01,1.975502073764801025e-01,-3.886179998517036438e-02,7.736144959926605225e-02,7.777742296457290649e-02,5.013929009437561035e-01,5.925447344779968262e-01,1.933993399143218994e-01,2.414460480213165283e-01,6.356715559959411621e-01,6.208407878875732422e-01,7.266603708267211914e-01,7.145524621009826660e-01,2.592503726482391357e-01,-1.237048488110303879e-02,4.675277769565582275e-01,4.646336734294891357e-01,1.871838122606277466e-01,1.935269385576248169e-01,3.824199363589286804e-02,-1.604800075292587280e-01,1.446544378995895386e-01,-2.063951194286346436e-01,1.676292866468429565e-01,-8.981820940971374512e-02,1.691461801528930664e-01,-4.509660229086875916e-02,1.096396893262863159e-01,1.114314123988151550e-01,9.113574773073196411e-02,-1.016334295272827148e-01,5.114896968007087708e-02,1.060428246855735779e-01,-1.560439616441726685e-01,-1.324561089277267456e-01,-1.429874897003173828e-01,-1.875048577785491943e-01,1.774374861270189285e-03,-4.662295430898666382e-02,2.159375250339508057e-01,-1.150066852569580078e-01,9.043642878532409668e-02,6.384005397558212280e-02,-3.180309385061264038e-02,-1.230513826012611389e-01,1.010560691356658936e-01,-3.751351032406091690e-03,1.106417551636695862e-01,-2.922384813427925110e-02,2.600208818912506104e-01,1.085122600197792053e-01,1.863496378064155579e-02,-4.894480854272842407e-02,3.508385270833969116e-02,1.769516915082931519e-01,2.366481870412826538e-01,2.601620852947235107e-01,3.182064592838287354e-01,-1.066021993756294250e-01,2.563270330429077148e-01,-7.240974158048629761e-02,1.488498896360397339e-01,-3.645571693778038025e-02,8.857777714729309082e-02,-4.907163232564926147e-02,1.572460681200027466e-01,-5.640739575028419495e-02,3.888861835002899170e-01,2.033252418041229248e-01,2.774447202682495117e-01,-3.840670734643936157e-02,2.526431381702423096e-01,3.290235996246337891e-01,4.808170795440673828e-01,-3.172117471694946289e-02,-1.043531228788197041e-03,7.114803045988082886e-02,1.953094750642776489e-01,3.013795912265777588e-01,-7.339252531528472900e-02,-9.645485877990722656e-02,2.170578576624393463e-02,-5.157873034477233887e-02,-2.772190421819686890e-02,1.567681436426937580e-03,-1.437475830316543579e-01,-3.846263140439987183e-02,-1.825506836175918579e-01,-2.495620399713516235e-01,-1.272548139095306396e-01,-1.152752414345741272e-01,2.978178113698959351e-02,-1.710934937000274658e-01,-2.489351667463779449e-02,-3.525457903742790222e-02,7.535347342491149902e-02,1.313570588827133179e-01,7.729872316122055054e-02,-1.086332798004150391e-01,-4.312602803111076355e-02,-4.746918007731437683e-02
-5.363914533518254757e-04,-1.654296368360519409e-02,8.703488111495971680e-02,2.619754374027252197e-01,6.860961914062500000e-01,1.000000000000000000e+00,8.245383948087692261e-02,2.928482890129089355e-01,5.279276967048645020e-01,8.560720086097717285e-01,6.995528936386108398e-02,6.425071507692337036e-02,1.807961612939834595e-01,4.406997263431549072e-01,5.116609334945678711e-01,8.038194179534912109e-01,1.194268092513084412e-01,-1.601236462593078613e-01,-6.376045942306518555e-02,-3.529796004295349121e-02,5.193321704864501953e-01,6.045644283294677734e-01,2.213630676269531250e-01,4.242725670337677002e-01,6.757996678352355957e-01,8.435727953910827637e-01,5.091208219528198242e-01,5.972836017608642578e-01,2.366010993719100952e-01,-2.300950437784194946e-01,5.445489883422851562e-01,5.999467372894287109e-01,2.373485267162322998e-02,1.345220804214477539e-01,-4.887132719159126282e-02,-1.177061423659324646e-01,1.216584350913763046e-02,-3.498325049877166748e-01,1.218244433403015137e-01,-2.808876633644104004e-01,1.629870980978012085e-01,-1.058309376239776611e-01,8.380935341119766235e-02,1.032099127769470215e-01,9.219175577163696289e-02,-2.812279574573040009e-02,-2.568603679537773132e-02,1.660695485770702362e-02,-5.045724660158157349e-02,-1.801369525492191315e-02,-6.229318305850028992e-02,-7.039590924978256226e-02,-4.667417332530021667e-02,-8.364687114953994751e-02,5.544916912913322449e-02,-3.003134727478027344e-01,4.106488451361656189e-02,3.201687010005116463e-03,-3.215696779079735279e-04,1.034548133611679077e-02,8.158335834741592407e-02,1.075704321265220642e-01,4.565100371837615967e-02,-7.855081930756568909e-03,1.283561140298843384e-01,1.406259387731552124e-01,3.842167928814888000e-02,2.651830203831195831e-02,-8.692619204521179199e-02,4.066057503223419189e-02,2.377301603555679321e-01,2.148535549640655518e-01,2.598612308502197266e-01,-3.748570382595062256e-01,1.683988720178604126e-01,-3.454617857933044434e-01,-1.098135393112897873e-02,-2.528311014175415039e-01,6.976040452718734741e-02,-2.422029376029968262e-01,9.177925437688827515e-02,-1.562091261148452759e-01,3.218911886215209961e-01,2.957846522331237793e-01,6.504192948341369629e-02,-1.590658426284790039e-01,2.594008147716522217e-01,4.302884340286254883e-01,2.814589440822601318e-01,-2.379196733236312866e-01,-4.068065807223320007e-02,-7.844623178243637085e-02,9.292279183864593506e-02,7.549129426479339600e-02,-1.695809811353683472e-01,-1.587824970483779907e-01,-9.796682745218276978e-02,-2.149149775505065918e-01,-5.627607926726341248e-02,-8.815018087625503540e-02,-9.711024165153503418e-02,-9.617970138788223267e-02,-1.493494957685470581e-01,-3.016792535781860352e-01,-2.210411131381988525e-01,-3.253540992736816406e-01,-6.556928623467683792e-03,-1.919998973608016968e-01,-9.154700487852096558e-02,-1.097996011376380920e-01,-3.713240101933479309e-02,6.526109576225280762e-02,-6.984716653823852539e-02,-1.915604472160339355e-01,-1.804601997137069702e-01,-5.995489284396171570e-02
4.788992106914520264e-01,2.091112881898880005e-01,6.939342021942138672e-01,5.545912384986877441e-01,-3.324784338474273682e-02,8.245383948087692261e-02,1.000000000000000000e+00,5.076882243156433105e-01,3.436987847089767456e-02,7.098318636417388916e-02,2.905064821243286133e-01,2.577133774757385254e-01,6.366929411888122559e-01,2.399390339851379395e-01,1.122425496578216553e-01,7.352749258279800415e-02,1.442729979753494263e-01,1.398602277040481567e-01,3.047990798950195312e-01,1.925800144672393799e-01,1.222640424966812134e-01,1.374172568321228027e-01,4.871658086776733398e-01,5.319535732269287109e-01,1.404116004705429077e-01,1.681016683578491211e-01,-1.039628088474273682e-01,-5.965826660394668579e-02,1.908812224864959717e-01,1.098106056451797485e-01,3.393144905567169189e-01,3.062717318534851074e-01,2.363067567348480225e-01,2.232088148593902588e-01,1.333903819322586060e-01,1.070966199040412903e-01,1.335583627223968506e-01,3.365957364439964294e-02,7.842069119215011597e-02,-3.492491692304611206e-02,7.891001552343368530e-02,9.237965196371078491e-02,2.732419595122337341e-02,-1.567933522164821625e-02,1.568113267421722412e-01,1.621300540864467621e-02,6.305301189422607422e-02,-1.024741958826780319e-02,6.340586394071578979e-02,1.110690832138061523e-01,1.730386912822723389e-02,-3.299320861697196960e-02,-5.087234824895858765e-02,-9.072259813547134399e-02,-1.644543954171240330e-03,-6.516233086585998535e-02,2.519348263740539551e-01,1.117507591843605042e-01,2.746720612049102783e-01,2.075932919979095459e-01,3.587154150009155273e-01,2.376382648944854736e-01,1.196197867393493652e-01,1.123289540410041809e-01,3.702214658260345459e-01,2.743489444255828857e-01,3.342520892620086670e-01,1.866635084152221680e-01,1.287741363048553467e-01,1.035807058215141296e-01,2.743554711341857910e-01,2.060587704181671143e-01,2.132067233324050903e-01,9.037121385335922241e-02,1.377271413803100586e-01,5.446720123291015625e-02,1.786263734102249146e-01,5.825394764542579651e-02,1.280253082513809204e-01,4.071784764528274536e-02,2.140447944402694702e-01,8.628257364034652710e-02,1.297436654567718506e-01,2.838712632656097412e-01,2.246641516685485840e-01,4.543384164571762085e-02,1.703316420316696167e-01,1.269822716712951660e-01,-1.893035881221294403e-02,-2.036720961332321167e-01,1.080673784017562866e-01,9.342629462480545044e-03,7.997719943523406982e-02,9.488078206777572632e-02,-7.216301281005144119e-03,4.985279589891433716e-02,1.088801398873329163e-01,6.820438057184219360e-02,8.516687154769897461e-02,-1.057714922353625298e-03,1.229227110743522644e-01,4.795129969716072083e-02,1.060215607285499573e-01,-1.519877184182405472e-02,6.919968128204345703e-02,-2.029649913311004639e-02,2.276531979441642761e-02,3.163088485598564148e-02,-1.505926102399826050e-01,2.875423058867454529e-02,1.163985207676887512e-01,3.675354644656181335e-02,5.372606590390205383e-02,-2.046432532370090485e-02,6.150750443339347839e-02,-3.702446445822715759e-02
2.869095802307128906e-01,4.432703256607055664e-01,4.799344837665557861e-01,7.507564425468444824e-01,-1.750579103827476501e-02,2.928482890129089355e-01,5.076882243156433105e-01,1.000000000000000000e+00,-3.252840414643287659e-02,3.981053531169891357e-01,-8.799257129430770874e-02,5.135040283203125000e-01,2.693680822849273682e-01,6.643880009651184082e-01,-4.068062454462051392e-02,4.279718101024627686e-01,8.251811563968658447e-02,1.589654982089996338e-01,2.266730070114135742e-01,3.276644051074981689e-01,1.476329565048217773e-01,1.834855079650878906e-01,3.758558630943298340e-01,5.948588848114013672e-01,1.574007421731948853e-01,2.981924116611480713e-01,-1.199441030621528625e-01,-3.824820742011070251e-02,1.946877986192703247e-01,1.376983076333999634e-01,3.107671439647674561e-01,4.082648158073425293e-01,1.651729792356491089e-01,2.994126975536346436e-01,-4.864121973514556885e-02,2.918718196451663971e-02,-2.099669724702835083e-01,-9.096812456846237183e-02,-2.139683254063129425e-02,-1.630231738090515137e-01,-9.063140489161014557e-03,-6.234274804592132568e-02,-1.916873604059219360e-01,-1.458127349615097046e-01,4.256518557667732239e-02,6.883686780929565430e-02,-1.501785516738891602e-01,-2.135713398456573486e-01,-6.052128598093986511e-02,1.062937453389167786e-01,-3.259846195578575134e-02,6.585092842578887939e-02,-1.159973964095115662e-01,-6.142613291740417480e-02,-1.166121214628219604e-01,-9.663427621126174927e-02,2.010961025953292847e-01,2.590127289295196533e-01,2.648211121559143066e-01,4.711677730083465576e-01,2.220467478036880493e-01,5.583071708679199219e-01,8.616253733634948730e-02,3.582356870174407959e-01,7.103865593671798706e-02,3.084646165370941162e-01,1.642096936702728271e-01,2.179525494575500488e-01,2.293731570243835449e-01,2.132854610681533813e-01,8.143284171819686890e-02,6.705615669488906860e-02,7.235764712095260620e-02,-9.285283088684082031e-02,2.964653447270393372e-02,-1.262677758932113647e-01,-6.013122573494911194e-02,-1.008064672350883484e-01,1.234741285443305969e-01,-3.779447823762893677e-02,1.288052946329116821e-01,2.038901895284652710e-01,2.159271389245986938e-02,3.882473111152648926e-01,-5.250918492674827576e-02,1.339286416769027710e-01,1.580398082733154297e-01,2.825044095516204834e-01,-1.283952295780181885e-01,-1.722898148000240326e-02,-3.591731190681457520e-02,4.066166002303361893e-03,-4.987562820315361023e-02,-9.153606370091438293e-03,-1.599212139844894409e-01,-8.884822577238082886e-02,-8.162936568260192871e-02,-1.157630831003189087e-01,-1.378221809864044189e-01,-2.150899469852447510e-01,5.761085450649261475e-02,9.011770039796829224e-02,7.127264514565467834e-03,9.192804805934429169e-03,-4.506817087531089783e-02,-1.863186359405517578e-01,-2.093693315982818604e-01,-1.727681607007980347e-01,-1.008396893739700317e-01,-1.196145564317703247e-01,-7.970655709505081177e-02,-2.011856287717819214e-01,-1.072386577725410461e-01,-5.426787585020065308e-02,-2.214363664388656616e-01,-1.275365501642227173e-01
1.378021482378244400e-02,-5.859669297933578491e-02,-6.159750744700431824e-02,-6.207273155450820923e-02,6.788500547409057617e-01,5.279276967048645020e-01,3.436987847089767456e-02,-3.252840414643287659e-02,1.000000000000000000e+00,4.840744435787200928e-01,3.085991442203521729e-01,1.461518090218305588e-02,2.605118453502655029e-01,1.114730089902877808e-01,6.895484924316406250e-01,3.769582211971282959e-01,3.071056604385375977e-01,6.918074935674667358e-02,5.173961631953716278e-03,6.310516502708196640e-03,3.153682649135589600e-01,4.089828431606292725e-01,6.381966173648834229e-02,1.137135177850723267e-01,3.418620824813842773e-01,4.149086177349090576e-01,3.676379919052124023e-01,3.366901874542236328e-01,3.039005398750305176e-01,5.614436790347099304e-02,3.375768363475799561e-01,3.175739943981170654e-01,2.372618615627288818e-01,2.591139078140258789e-01,1.408245712518692017e-01,7.026881724596023560e-02,2.217099666595458984e-01,-1.835943013429641724e-01,2.608934044837951660e-01,-2.438390068709850311e-02,6.368236988782882690e-02,-5.479783937335014343e-02,2.030998468399047852e-01,1.800996363162994385e-01,8.579671382904052734e-02,-1.195820644497871399e-01,1.360445022583007812e-01,1.547076702117919922e-01,-1.282651722431182861e-01,-1.863238364458084106e-01,-9.398093074560165405e-02,-2.602401673793792725e-01,1.682201214134693146e-02,-6.544272601604461670e-02,3.007527589797973633e-01,-3.938268870115280151e-02,9.215662628412246704e-02,1.937198825180530548e-02,-2.218057960271835327e-02,-1.653520315885543823e-01,2.371894568204879761e-01,6.500396877527236938e-02,2.222366333007812500e-01,6.238840287551283836e-04,2.589911818504333496e-01,2.930308692157268524e-02,6.197057664394378662e-02,3.350990824401378632e-03,-4.723985120654106140e-02,6.602429598569869995e-02,1.584305018186569214e-01,1.797609329223632812e-01,2.335345298051834106e-01,-2.505333721637725830e-02,2.238059639930725098e-01,-5.620150640606880188e-02,1.993817538022994995e-01,3.665264323353767395e-02,1.993944495916366577e-01,1.969953440129756927e-02,2.156305611133575439e-01,-8.373620361089706421e-02,4.448628723621368408e-01,1.535428911447525024e-01,2.023753821849822998e-01,-1.298587620258331299e-01,3.448800444602966309e-01,2.878893613815307617e-01,4.903080463409423828e-01,-8.570414781570434570e-02,1.383207291364669800e-01,3.483155742287635803e-02,2.779547870159149170e-01,1.734712123870849609e-01,-3.912229090929031372e-02,-6.827558577060699463e-02,4.812551662325859070e-02,1.658122986555099487e-02,8.864951878786087036e-02,3.048625402152538300e-02,-9.483921527862548828e-02,-9.438082575798034668e-02,-1.328992843627929688e-01,-2.540929913520812988e-01,-2.777718566358089447e-02,-5.930441245436668396e-02,6.642679870128631592e-02,-1.094969063997268677e-01,-2.797710523009300232e-02,-5.220497027039527893e-03,1.698918193578720093e-01,1.778493821620941162e-01,9.709180146455764771e-02,-2.240361459553241730e-02,1.104373857378959656e-01,3.205795073881745338e-03
-2.858155779540538788e-02,3.032771125435829163e-02,7.683575898408889771e-02,3.006978929042816162e-01,5.526226758956909180e-01,8.560720086097717285e-01,7.098318636417388916e-02,3.981053531169891357e-01,4.840744435787200928e-01,1.000000000000000000e+00,-5.518512800335884094e-03,1.279078125953674316e-01,1.578306108713150024e-01,5.722301006317138672e-01,4.399748146533966064e-01,8.488450050354003906e-01,1.558517962694168091e-01,-1.230984404683113098e-01,-7.962115854024887085e-02,4.289711359888315201e-03,4.282049536705017090e-01,5.325378179550170898e-01,2.023121714591979980e-01,4.194953143596649170e-01,5.750057101249694824e-01,7.906655073165893555e-01,3.005253374576568604e-01,3.991965651512145996e-01,2.800630033016204834e-01,-1.867413520812988281e-01,5.172303318977355957e-01,5.836203694343566895e-01,3.798176720738410950e-02,1.745323091745376587e-01,-4.010938480496406555e-02,-3.554073348641395569e-02,-5.773504078388214111e-02,-3.505789935588836670e-01,1.060956269502639771e-01,-2.871052622795104980e-01,8.533056825399398804e-02,-1.515104472637176514e-01,4.231432080268859863e-02,6.718093901872634888e-02,9.018317610025405884e-02,2.314863167703151703e-02,-5.441325902938842773e-02,-3.866539150476455688e-02,-6.337152421474456787e-02,-8.795288391411304474e-03,-4.843128100037574768e-02,-6.261968612670898438e-02,-6.513948738574981689e-02,-8.979452401399612427e-02,2.508508414030075073e-02,-2.889207303524017334e-01,1.442245021462440491e-02,1.277359900996088982e-03,6.271498743444681168e-03,6.354971230030059814e-02,9.204362332820892334e-02,2.019831687211990356e-01,8.763353526592254639e-02,7.227555662393569946e-02,6.851085275411605835e-02,9.913559257984161377e-02,1.801442727446556091e-02,4.055984690785408020e-02,-5.275445058941841125e-02,3.517881035804748535e-02,1.619932502508163452e-01,1.340874880552291870e-01,1.977348178625106812e-01,-3.919964134693145752e-01,1.142913773655891418e-01,-4.032672941684722900e-01,-6.764870882034301758e-02,-2.819455564022064209e-01,1.218444481492042542e-01,-2.572548985481262207e-01,9.898028522729873657e-02,-1.463149338960647583e-01,3.018086850643157959e-01,3.075441420078277588e-01,1.024515274912118912e-02,-1.669962257146835327e-01,3.047231733798980713e-01,4.645995199680328369e-01,2.274575382471084595e-01,-2.116247713565826416e-01,-3.883036971092224121e-02,-8.989901840686798096e-02,6.519250571727752686e-02,2.094468474388122559e-02,-2.036420404911041260e-01,-1.791308522224426270e-01,-1.383940130472183228e-01,-2.346127182245254517e-01,-7.604750245809555054e-02,-1.461291015148162842e-01,-7.694022357463836670e-02,-7.677159458398818970e-02,-1.248896718025207520e-01,-2.677097022533416748e-01,-1.876899749040603638e-01,-3.414539694786071777e-01,-7.612916827201843262e-02,-2.243556976318359375e-01,-1.018404141068458557e-01,-1.239484846591949463e-01,-4.998578131198883057e-02,1.041329279541969299e-02,-9.305278956890106201e-02,-1.560677886009216309e-01,-2.195646613836288452e-01,-6.581646203994750977e-02
4.290935695171356201e-01,7.784665375947952271e-02,2.570711374282836914e-01,-5.849861772730946541e-04,2.571696043014526367e-01,6.995528936386108398e-02,2.905064821243286133e-01,-8.799257129430770874e-02,3.085991442203521729e-01,-5.518512800335884094e-03,1.000000000000000000e+00,9.700681269168853760e-02,4.906962811946868896e-01,-5.799040198326110840e-02,4.738684594631195068e-01,1.443007611669600010e-03,3.911745846271514893e-01,2.452107071876525879e-01,3.825215399265289307e-01,1.831771284341812134e-01,1.785717606544494629e-01,1.472117602825164795e-01,2.895631194114685059e-01,1.497176289558410645e-01,1.692763119935989380e-01,8.468572795391082764e-02,1.346544623374938965e-01,8.949740976095199585e-02,4.165978729724884033e-01,2.652182579040527344e-01,3.090410828590393066e-01,1.854040324687957764e-01,3.200521767139434814e-01,2.395245879888534546e-01,1.798420995473861694e-01,8.496967703104019165e-02,2.702700495719909668e-01,3.991679102182388306e-02,1.105085462331771851e-01,7.663389295339584351e-02,1.044864207506179810e-01,1.393404155969619751e-01,1.945081502199172974e-01,9.958382695913314819e-02,9.519519656896591187e-02,-1.037482991814613342e-01,1.764040738344192505e-01,1.506378799676895142e-01,-4.794516414403915405e-02,-9.937706589698791504e-02,-4.854353144764900208e-02,-2.104312926530838013e-01,4.202701151371002197e-02,-3.184292698279023170e-03,2.154521495103836060e-01,3.179537504911422729e-02,3.107366561889648438e-01,1.075251847505569458e-01,2.198423258960247040e-02,-1.895538866519927979e-01,3.079614937305450439e-01,-4.947343841195106506e-02,3.692480921745300293e-01,1.234028786420822144e-01,3.541571199893951416e-01,-3.480607643723487854e-02,4.472787305712699890e-02,-1.283091753721237183e-01,5.518931150436401367e-02,4.582545906305313110e-02,2.872363924980163574e-01,2.231298685073852539e-01,3.419716060161590576e-01,2.308952063322067261e-01,3.054150640964508057e-01,1.666993349790573120e-01,3.708393275737762451e-01,2.364938408136367798e-01,1.791182607412338257e-01,2.235601693391799927e-01,3.773027956485748291e-01,1.383429765701293945e-01,4.565150737762451172e-01,2.468504160642623901e-01,4.473537504673004150e-01,-9.702059440314769745e-03,3.007251918315887451e-01,1.716398596763610840e-01,3.266319036483764648e-01,-3.872539848089218140e-02,7.454655319452285767e-02,2.024486362934112549e-01,1.145934611558914185e-01,1.928943693637847900e-01,7.093906402587890625e-02,3.107032505795359612e-03,7.696177810430526733e-02,9.122490882873535156e-02,1.479885876178741455e-01,1.605187058448791504e-01,-7.043194025754928589e-02,-1.530224364250898361e-02,-1.172722596675157547e-02,-1.446339022368192673e-02,7.338061928749084473e-02,1.006388440728187561e-01,6.608288735151290894e-02,4.947749897837638855e-02,-8.816879987716674805e-02,7.843979448080062866e-02,1.842978447675704956e-01,1.651191711425781250e-01,1.543230712413787842e-01,5.669241026043891907e-02,2.554519772529602051e-01,-5.679650930687785149e-04
3.450430631637573242e-01,5.017282366752624512e-01,4.151613116264343262e-01,5.948347449302673340e-01,4.099608398973941803e-03,6.425071507692337036e-02,2.577133774757385254e-01,5.135040283203125000e-01,1.461518090218305588e-02,1.279078125953674316e-01,9.700681269168853760e-02,1.000000000000000000e+00,2.006160020828247070e-01,5.132933259010314941e-01,8.759155124425888062e-02,2.357835918664932251e-01,1.518641710281372070e-01,4.254568815231323242e-01,3.848364949226379395e-01,4.204207062721252441e-01,1.138275340199470520e-01,1.528104394674301147e-01,4.121917784214019775e-01,4.497553110122680664e-01,1.120832487940788269e-01,8.383852243423461914e-02,-6.946991384029388428e-02,-7.696840912103652954e-02,1.794850528240203857e-01,3.643120825290679932e-01,2.419961541891098022e-01,2.821689844131469727e-01,3.125302791595458984e-01,3.570150732994079590e-01,1.354894340038299561e-01,8.150980621576309204e-02,-7.421619445085525513e-02,1.604773476719856262e-02,8.707957714796066284e-02,1.197146400809288025e-01,-1.504521667957305908e-01,-8.477419614791870117e-02,-2.065915614366531372e-01,-1.491081267595291138e-01,-5.402299389243125916e-02,-1.329533988609910011e-03,-2.802148461341857910e-02,-9.695801883935928345e-02,-6.672468036413192749e-02,6.683618575334548950e-02,4.973715171217918396e-02,4.709965363144874573e-02,-1.369101088494062424e-02,4.560052882879972458e-03,1.479573398828506470e-01,2.028083354234695435e-01,2.481485605239868164e-01,3.879860937595367432e-01,2.491008788347244263e-01,3.505123257637023926e-01,3.107119500637054443e-01,3.660183250904083252e-01,5.717812851071357727e-02,2.600754201412200928e-01,2.609687745571136475e-01,4.474590718746185303e-01,1.232024803757667542e-01,1.330171227455139160e-01,3.015736043453216553e-01,3.367060720920562744e-01,1.460452824831008911e-01,5.593846738338470459e-02,2.785707451403141022e-02,1.165459901094436646e-01,9.664478152990341187e-02,1.235347762703895569e-01,1.627314984798431396e-01,1.533475816249847412e-01,1.985576003789901733e-01,2.149764299392700195e-01,2.297693938016891479e-01,4.037056863307952881e-01,1.751592904329299927e-01,3.820005059242248535e-01,3.227166533470153809e-01,4.487545490264892578e-01,3.181967735290527344e-01,3.720771074295043945e-01,1.698310971260070801e-01,3.812154531478881836e-01,3.444095700979232788e-02,2.380295544862747192e-01,1.625280529260635376e-01,1.837634295225143433e-01,-6.238248199224472046e-02,-4.432488977909088135e-02,4.013502225279808044e-02,1.156509295105934143e-01,-1.007589474320411682e-01,-1.250581443309783936e-01,8.964382857084274292e-02,2.099606543779373169e-01,5.855373106896877289e-03,1.295796036720275879e-01,2.391370981931686401e-01,6.831191480159759521e-02,-1.947730034589767456e-01,-1.892782300710678101e-01,-5.812881980091333389e-03,-2.522311545908451080e-02,8.629221469163894653e-02,-1.639321446418762207e-01,6.773846596479415894e-02,-7.753692567348480225e-02,-1.098319515585899353e-01,-9.148833155632019043e-02
4.367064237594604492e-01,8.698192238807678223e-02,3.716340363025665283e-01,2.603837251663208008e-01,1.594863235950469971e-01,1.807961612939834595e-01,6.366929411888122559e-01,2.693680822849273682e-01,2.605118453502655029e-01,1.578306108713150024e-01,4.906962811946868896e-01,2.006160020828247070e-01,1.000000000000000000e+00,3.250520825386047363e-01,3.673151433467864990e-01,1.257463395595550537e-01,1.993693560361862183e-01,1.146854460239410400e-01,1.870955377817153931e-01,5.289072543382644653e-02,1.113174334168434143e-01,1.992152631282806396e-01,3.055183589458465576e-01,2.870507538318634033e-01,1.964995563030242920e-01,2.307446599006652832e-01,8.806233294308185577e-03,3.851501271128654480e-02,2.729913294315338135e-01,7.446046173572540283e-02,3.117133080959320068e-01,2.625869810581207275e-01,1.676521599292755127e-01,1.442380100488662720e-01,4.060429707169532776e-02,7.045621052384376526e-03,2.031186074018478394e-01,-2.710286714136600494e-02,9.125173091888427734e-02,-8.551790565252304077e-02,3.174274787306785583e-02,3.454419970512390137e-02,1.218847632408142090e-01,3.158112242817878723e-02,5.943696945905685425e-02,-5.928982421755790710e-02,7.763079553842544556e-02,1.297379378229379654e-02,3.465865552425384521e-02,2.545108459889888763e-02,6.870517134666442871e-02,-1.159949377179145813e-01,-5.432172864675521851e-02,-1.559509485960006714e-01,1.117498129606246948e-01,-1.238544657826423645e-01,2.148532569408416748e-01,5.218252539634704590e-02,2.949331402778625488e-01,1.297909170389175415e-01,5.891325473785400391e-01,2.586359679698944092e-01,2.389819622039794922e-01,8.185748755931854248e-02,4.198011457920074463e-01,1.911853104829788208e-01,2.413410097360610962e-01,6.303087621927261353e-02,3.772699832916259766e-02,4.157407581806182861e-02,3.187631964683532715e-01,1.990051418542861938e-01,2.759320437908172607e-01,5.160487443208694458e-02,1.930100023746490479e-01,7.899501174688339233e-02,2.189236879348754883e-01,3.525282070040702820e-02,1.781254410743713379e-01,5.122533068060874939e-02,2.861239016056060791e-01,-2.609238587319850922e-02,2.266821563243865967e-01,1.806600242853164673e-01,2.842872440814971924e-01,-6.910562515258789062e-02,2.310875356197357178e-01,9.289611876010894775e-02,2.686645388603210449e-01,-1.911741942167282104e-01,7.944703102111816406e-02,3.107469901442527771e-02,1.190108135342597961e-01,1.287745684385299683e-01,1.818359084427356720e-02,-4.963256418704986572e-02,7.429437339305877686e-02,4.698369279503822327e-02,1.670560985803604126e-01,9.886276721954345703e-02,7.575530558824539185e-02,1.732989773154258728e-02,7.016801089048385620e-02,-5.950388684868812561e-02,4.721673578023910522e-02,8.460541255772113800e-03,1.004847809672355652e-01,4.915465414524078369e-02,-9.343368560075759888e-02,1.560797356069087982e-02,1.088707521557807922e-01,1.319596916437149048e-01,1.748864650726318359e-01,-2.701495029032230377e-02,1.167398095130920410e-01,-1.056624948978424072e-02
