1.000000000000000000e+00,4.465799033641815186e-01,2.230236381292343140e-01,-2.794993296265602112e-02,4.977304935455322266e-01,4.477471411228179932e-01,6.049584746360778809e-01,4.370131492614746094e-01,4.272136986255645752e-01,3.410495817661285400e-01,4.943977892398834229e-01,4.596401751041412354e-01,4.810350835323333740e-01,4.730450212955474854e-01,4.418750703334808350e-01,3.128049075603485107e-01,4.793602228164672852e-01,2.888139486312866211e-01,5.957302823662757874e-02,1.685784198343753815e-02,1.583779752254486084e-01,3.604931384325027466e-02,2.272916734218597412e-01,1.564383879303932190e-02,2.901143729686737061e-01,2.982452213764190674e-01,5.732189416885375977e-01,5.401703715324401855e-01,3.996191620826721191e-01,2.854264974594116211e-01,3.113262355327606201e-01,3.649611771106719971e-01,2.155360430479049683e-01,2.677544355392456055e-01,1.278262883424758911e-01,1.762795150279998779e-01,2.032301276922225952e-01,1.256236881017684937e-01,4.600529968738555908e-01,2.263547331094741821e-01,1.480679959058761597e-01,9.344337135553359985e-02,4.309101775288581848e-02,9.003836661577224731e-02,1.592909097671508789e-01,1.551826596260070801e-01,6.691107153892517090e-02,-1.336908638477325439e-01,2.889926731586456299e-01,1.684603840112686157e-01,1.618610769510269165e-01,2.376445680856704712e-01,-3.913059458136558533e-02,-1.053995713591575623e-01,2.182315438985824585e-01,4.549256991595029831e-03,6.676643490791320801e-01,1.469724476337432861e-01,1.588296890258789062e-01,4.961842671036720276e-02,3.233258724212646484e-01,4.717076197266578674e-02,5.012694001197814941e-01,9.659484028816223145e-02,3.531215190887451172e-01,2.868121862411499023e-01,1.431715041399002075e-01,1.193138659000396729e-01,2.288145199418067932e-02,-1.338476035743951797e-02,2.874124050140380859e-01,2.531710863113403320e-01,1.961488574743270874e-01,1.481162607669830322e-01,1.826270222663879395e-01,8.864708244800567627e-02,2.401420623064041138e-01,2.259287834167480469e-01,4.405322074890136719e-01,1.062572300434112549e-01,4.951325953006744385e-01,3.569322526454925537e-01,4.139854013919830322e-01,2.367483824491500854e-01,4.498908817768096924e-01,2.668007016181945801e-01,1.000558808445930481e-01,-8.739431202411651611e-02,3.550427854061126709e-01,2.337139472365379333e-02,-4.004836955573409796e-04,-1.342009305953979492e-01,-3.142029419541358948e-02,-1.473603397607803345e-01,5.323512107133865356e-02,1.486066430807113647e-01,1.981126517057418823e-01,5.564064905047416687e-02,9.393092989921569824e-02,-6.346647441387176514e-02,1.249499171972274780e-01,8.127577602863311768e-02,1.891730725765228271e-01,7.648664712905883789e-02,1.952482759952545166e-01,1.690212488174438477e-01,2.418554127216339111e-01,7.166907191276550293e-02,6.867367029190063477e-02,1.164716333150863647e-01,2.687408030033111572e-02,2.868242189288139343e-02,-1.304935961961746216e-01,-1.001593396067619324e-01,-7.976318150758743286e-02,8.179363794624805450e-03
4.465799033641815186e-01,1.000000000000000000e+00,2.788580656051635742e-01,7.917838543653488159e-02,2.996063828468322754e-01,2.639537751674652100e-01,3.494325280189514160e-01,4.109595417976379395e-01,1.922644674777984619e-01,2.096141427755355835e-01,1.892154067754745483e-01,3.999818563461303711e-01,1.848825812339782715e-01,3.275794386863708496e-01,1.759186536073684692e-01,1.763305664062500000e-01,2.707953155040740967e-01,4.057007133960723877e-01,1.474850773811340332e-01,2.536906301975250244e-01,1.933941990137100220e-01,5.998595431447029114e-02,2.563211321830749512e-01,1.635490804910659790e-01,2.133076488971710205e-01,2.981773912906646729e-01,3.538960516452789307e-01,3.489897847175598145e-01,2.721086144447326660e-01,3.219209313392639160e-01,3.255816698074340820e-01,3.104920089244842529e-01,8.689616620540618896e-02,1.861984431743621826e-01,1.902414560317993164e-01,3.087458610534667969e-01,2.109827548265457153e-01,2.190602421760559082e-01,3.293319344520568848e-01,1.720555573701858521e-01,2.302991598844528198e-01,5.496517196297645569e-02,1.920332759618759155e-02,4.652971029281616211e-02,1.033617481589317322e-01,4.244494065642356873e-02,9.972538799047470093e-02,2.718921564519405365e-02,1.480082273483276367e-01,6.815399974584579468e-03,6.142775714397430420e-02,1.579650789499282837e-01,-1.307474728673696518e-02,1.118727177381515503e-01,2.468678355216979980e-01,1.912796944379806519e-01,4.750202894210815430e-01,5.632119178771972656e-01,2.520546913146972656e-01,2.504178583621978760e-01,3.042053580284118652e-01,1.223189681768417358e-01,3.563446104526519775e-01,4.330317080020904541e-01,2.952910661697387695e-01,2.521272003650665283e-01,3.316196799278259277e-01,3.345861732959747314e-01,1.929510831832885742e-01,2.268002480268478394e-01,2.279942333698272705e-01,3.162775337696075439e-01,7.210362702608108521e-02,2.060993015766143799e-01,7.415576279163360596e-02,1.383068263530731201e-01,1.122443974018096924e-01,2.558437287807464600e-01,2.836675941944122314e-01,2.310065478086471558e-01,3.528067469596862793e-01,3.603753745555877686e-01,1.949043571949005127e-01,6.680243462324142456e-02,3.409600555896759033e-01,3.606838583946228027e-01,-6.030243635177612305e-02,-9.061723202466964722e-02,3.011804819107055664e-01,1.711204200983047485e-01,8.364052325487136841e-02,1.959792152047157288e-02,1.477885642088949680e-03,-5.068513378500938416e-02,4.257480427622795105e-02,1.893575489521026611e-01,2.071212977170944214e-01,1.319612115621566772e-01,1.846016049385070801e-01,1.565711945295333862e-01,2.044751495122909546e-01,9.371638298034667969e-02,2.747544348239898682e-01,1.768278777599334717e-01,2.325689792633056641e-01,2.043358534574508667e-01,2.108843773603439331e-01,8.499356359243392944e-02,1.430209539830684662e-02,1.467984616756439209e-01,9.406676143407821655e-02,8.754248172044754028e-02,1.763341948390007019e-02,5.974009633064270020e-02,1.168558672070503235e-01,1.076858341693878174e-01
2.230236381292343140e-01,2.788580656051635742e-01,1.000000000000000000e+00,4.249497056007385254e-01,1.065043285489082336e-01,-5.752871185541152954e-02,5.212697982788085938e-01,3.377240002155303955e-01,2.449104785919189453e-01,-5.444297939538955688e-02,2.145756185054779053e-01,2.604623138904571533e-01,3.511732816696166992e-01,1.983522027730941772e-01,1.939388662576675415e-01,9.435953944921493530e-02,2.669923603534698486e-01,2.370033711194992065e-01,1.361744552850723267e-01,5.961330607533454895e-02,1.494658291339874268e-01,3.548115491867065430e-02,3.767634332180023193e-01,2.660930752754211426e-01,-3.613089025020599365e-02,6.432905793190002441e-02,1.062672585248947144e-01,5.364492908120155334e-02,2.244383394718170166e-01,3.125736415386199951e-01,3.978479206562042236e-01,4.024752378463745117e-01,5.515047162771224976e-02,1.212503686547279358e-01,-4.143175855278968811e-02,1.776638925075531006e-01,1.298148483037948608e-01,8.728732913732528687e-02,1.831622123718261719e-01,2.343625761568546295e-02,7.980994880199432373e-02,3.147831931710243225e-02,-1.697620563209056854e-02,-3.536570817232131958e-02,4.886440187692642212e-02,-1.119442004710435867e-02,-2.421263232827186584e-02,-4.661076515913009644e-02,-1.039429381489753723e-01,-1.318539828062057495e-01,-6.106133386492729187e-02,-4.222049191594123840e-02,1.727606914937496185e-02,-1.346578001976013184e-01,1.807542145252227783e-01,-1.214947551488876343e-02,6.792492419481277466e-02,1.442034542560577393e-01,-6.957618147134780884e-02,8.706083893775939941e-02,5.243869870901107788e-02,1.165337786078453064e-01,1.355011612176895142e-01,7.575272023677825928e-02,2.280482463538646698e-02,4.714980721473693848e-02,-2.540884166955947876e-02,9.414301067590713501e-02,-4.245008900761604309e-02,3.219300508499145508e-02,2.890135049819946289e-01,3.378893136978149414e-01,4.631299525499343872e-02,2.973182201385498047e-01,2.007316984236240387e-02,1.639662086963653564e-01,-5.698676034808158875e-02,7.661113888025283813e-02,1.241728365421295166e-01,2.644303068518638611e-02,8.268914371728897095e-02,6.176235526800155640e-02,7.933780550956726074e-02,-5.543152242898941040e-02,1.677998602390289307e-01,1.071659009903669357e-02,-1.472486853599548340e-01,-2.151180356740951538e-01,2.754057347774505615e-01,1.135889068245887756e-02,2.346137613058090210e-01,-4.649761319160461426e-02,6.220087781548500061e-02,-1.207281500101089478e-01,2.271827012300491333e-01,1.926630586385726929e-01,1.996165812015533447e-01,6.532145291566848755e-02,1.422342211008071899e-01,3.761775419116020203e-02,-6.790026556700468063e-03,-1.740377396345138550e-01,-1.321582123637199402e-02,-7.907844334840774536e-02,1.015635114163160324e-02,-3.367042168974876404e-02,5.103837326169013977e-02,-9.928838908672332764e-02,1.343102455139160156e-01,1.299685090780258179e-01,-1.299793422222137451e-01,-1.738792657852172852e-02,6.830524653196334839e-02,1.141730621457099915e-01,1.032608896493911743e-01,7.345511019229888916e-02
-2.794993296265602112e-02,7.917838543653488159e-02,4.249497056007385254e-01,1.000000000000000000e+00,-1.598983258008956909e-01,3.312113881111145020e-02,2.116424292325973511e-01,4.698686599731445312e-01,5.930047482252120972e-02,5.543613061308860779e-02,-5.765550304204225540e-03,1.040209531784057617e-01,9.644401073455810547e-02,1.376358419656753540e-01,5.496516078710556030e-02,1.127917915582656860e-01,1.061643287539482117e-01,1.426726132631301880e-01,1.503530442714691162e-01,-9.149816632270812988e-02,4.995123296976089478e-02,-1.961733959615230560e-02,2.290531545877456665e-01,2.811408936977386475e-01,-5.791439488530158997e-02,-7.205035537481307983e-02,-8.540166914463043213e-02,-1.576309353113174438e-01,8.780588209629058838e-02,1.166630312800407410e-01,1.174661144614219666e-01,1.863465011119842529e-01,9.481119364500045776e-02,1.042731776833534241e-01,-1.019966229796409607e-01,3.903208673000335693e-02,8.537895977497100830e-02,3.258187770843505859e-01,5.998600646853446960e-02,1.751954704523086548e-01,1.407044529914855957e-01,7.445856183767318726e-02,-7.884062081575393677e-02,-7.465537637472152710e-02,-5.763389542698860168e-02,4.969205707311630249e-02,-2.930913819000124931e-03,1.071743667125701904e-01,-1.879341155290603638e-01,-2.768109366297721863e-02,-1.492231488227844238e-01,-1.439675390720367432e-01,5.501765385270118713e-02,-1.138989478349685669e-01,8.563999086618423462e-02,1.692220121622085571e-01,-1.389871090650558472e-01,-2.968520484864711761e-02,-1.774350106716156006e-01,1.171576678752899170e-01,-1.001431196928024292e-01,2.451682649552822113e-02,-1.366450488567352295e-01,5.021145916543900967e-04,-2.012323439121246338e-01,4.936109296977519989e-03,-1.005407497286796570e-01,4.203837364912033081e-02,-1.381434947252273560e-01,-7.375509291887283325e-02,1.148137971758842468e-01,1.418055593967437744e-01,3.308666124939918518e-02,1.234014853835105896e-01,1.617916971445083618e-01,2.197010368108749390e-01,7.187550514936447144e-02,1.221185699105262756e-01,-2.022794075310230255e-02,1.265537738800048828e-01,-9.653559327125549316e-02,9.595008194446563721e-02,-1.528145968914031982e-01,6.113893166184425354e-02,-3.835953399538993835e-02,-5.045112688094377518e-03,-2.148168683052062988e-01,1.126853469759225845e-02,3.685785084962844849e-02,1.886985152959823608e-01,1.634680330753326416e-01,2.023284137248992920e-01,1.098824962973594666e-01,1.364365071058273315e-01,1.362099200487136841e-01,1.829115450382232666e-01,1.548780798912048340e-01,6.242010369896888733e-02,1.155268028378486633e-01,2.435170412063598633e-01,-2.889624796807765961e-03,-8.361534029245376587e-02,-4.536657780408859253e-02,-1.199888624250888824e-02,3.061101958155632019e-02,-2.226019278168678284e-02,-7.627358287572860718e-02,-4.075630381703376770e-02,1.572111397981643677e-01,8.864467591047286987e-02,1.039388775825500488e-02,8.005354553461074829e-02,1.500405073165893555e-01,2.243577539920806885e-01,1.995575129985809326e-01,2.440022677183151245e-01
4.977304935455322266e-01,2.996063828468322754e-01,1.065043285489082336e-01,-1.598983258008956909e-01,1.000000000000000000e+00,5.594667196273803711e-01,3.585712611675262451e-01,2.143579423427581787e-01,5.524867177009582520e-01,4.873528182506561279e-01,2.430729120969772339e-01,2.489504516124725342e-01,2.910071611404418945e-01,3.092299997806549072e-01,4.720206856727600098e-01,3.224836885929107666e-01,1.996211409568786621e-01,5.617456138134002686e-02,-4.010381922125816345e-02,1.331513226032257080e-01,7.734176516532897949e-02,-8.570554852485656738e-02,1.002630963921546936e-01,-7.567767053842544556e-02,5.023069977760314941e-01,4.575949609279632568e-01,6.840549111366271973e-01,6.569052934646606445e-01,2.258193790912628174e-01,1.476184874773025513e-01,2.136376351118087769e-01,2.021078914403915405e-01,-4.132174700498580933e-02,2.346459217369556427e-02,3.993410989642143250e-02,1.199076697230339050e-01,6.642783433198928833e-02,-3.166584298014640808e-02,3.705295026302337646e-01,2.048505991697311401e-01,2.124352157115936279e-01,5.829649046063423157e-03,-5.831704661250114441e-02,-7.817237824201583862e-02,1.030018404126167297e-01,4.286389425396919250e-02,-1.636866480112075806e-01,-2.665156126022338867e-01,7.998885959386825562e-02,6.510551553219556808e-03,-3.155215829610824585e-02,1.031881570816040039e-01,-1.263385564088821411e-01,-9.971779584884643555e-02,9.984371811151504517e-02,-1.028746441006660461e-01,4.751893877983093262e-01,1.092480272054672241e-01,1.663167178630828857e-01,6.906173378229141235e-02,1.154438778758049011e-01,3.532295674085617065e-02,3.255828320980072021e-01,1.419521868228912354e-03,1.516663730144500732e-01,2.000673115253448486e-01,7.371229585260152817e-03,-7.297267764806747437e-02,1.357549130916595459e-01,-1.465569343417882919e-02,1.382655203342437744e-01,1.134158521890640259e-01,1.452927887439727783e-01,7.054967433214187622e-02,8.924877643585205078e-02,-4.009761661291122437e-02,1.313912272453308105e-01,1.670847088098526001e-01,1.894206255674362183e-01,-2.457730099558830261e-02,2.862495183944702148e-01,9.813044220209121704e-02,5.260449647903442383e-01,2.876195907592773438e-01,2.744122743606567383e-01,1.319536864757537842e-01,2.950085699558258057e-01,2.528300881385803223e-02,2.925592660903930664e-01,5.201695486903190613e-02,-5.401266366243362427e-02,-1.915398240089416504e-01,-5.861561000347137451e-02,-2.019548863172531128e-01,-5.741627141833305359e-02,-6.327398866415023804e-02,3.295207023620605469e-02,-4.361421987414360046e-02,-5.262803658843040466e-02,-2.024826705455780029e-01,5.877260118722915649e-03,5.962857231497764587e-02,2.040760591626167297e-02,-6.072799488902091980e-02,9.326104074716567993e-03,-6.013376638293266296e-03,2.054491490125656128e-01,6.353709846735000610e-02,-1.229784190654754639e-01,-1.298327147960662842e-01,-2.035447955131530762e-02,-4.848038032650947571e-02,-2.666093409061431885e-01,-2.816457748413085938e-01,-1.770021021366119385e-01,-1.541447639465332031e-01
4.477471411228179932e-01,2.639537751674652100e-01,-5.752871185541152954e-02,3.312113881111145020e-02,5.594667196273803711e-01,1.000000000000000000e+00,2.341355830430984497e-01,3.856442272663116455e-01,3.879737555980682373e-01,5.848223567008972168e-01,1.556749194860458374e-01,2.521499395370483398e-01,2.019257694482803345e-01,4.540287554264068604e-01,3.941606879234313965e-01,5.099278688430786133e-01,1.918260753154754639e-01,1.000626236200332642e-01,4.580571874976158142e-02,1.106786192394793034e-03,5.520896986126899719e-02,-1.429240126162767410e-02,1.043255776166915894e-01,1.322775427252054214e-02,5.467867851257324219e-01,4.275053739547729492e-01,6.212110519409179688e-01,5.567228198051452637e-01,1.585407108068466187e-01,1.210939288139343262e-01,1.311511099338531494e-01,1.547531038522720337e-01,7.681474834680557251e-02,1.129227802157402039e-01,9.153323620557785034e-02,7.109747081995010376e-02,8.800764381885528564e-02,1.246538311243057251e-01,3.512090146541595459e-01,3.182686269283294678e-01,1.839987337589263916e-01,7.033901661634445190e-02,-9.463459998369216919e-02,-2.016975916922092438e-02,1.159917563199996948e-01,1.744492650032043457e-01,-1.005186066031455994e-01,-8.816366642713546753e-02,1.016271933913230896e-01,1.522200256586074829e-01,-2.367230504751205444e-02,1.195159852504730225e-01,-1.051983758807182312e-01,-3.090087324380874634e-02,-1.741177216172218323e-02,6.405060738325119019e-02,3.907924890518188477e-01,1.977898925542831421e-02,5.122780427336692810e-02,7.898981124162673950e-02,2.951381728053092957e-02,-1.645193621516227722e-02,2.012640386819839478e-01,1.111446507275104523e-02,8.681903779506683350e-02,2.483720332384109497e-01,-6.076236441731452942e-02,-8.226194977760314941e-02,4.921392723917961121e-02,-1.142315194010734558e-01,8.656583726406097412e-02,6.300275772809982300e-02,1.592884659767150879e-01,6.874682847410440445e-03,1.620684117078781128e-01,9.979966562241315842e-04,2.727519571781158447e-01,2.792732417583465576e-01,1.765150874853134155e-01,1.224163696169853210e-01,2.333200275897979736e-01,2.678009569644927979e-01,3.696275353431701660e-01,5.162907242774963379e-01,1.792752295732498169e-01,2.401165068149566650e-01,2.278133183717727661e-01,2.638774514198303223e-01,1.047546938061714172e-01,1.807346642017364502e-01,-2.037209570407867432e-01,-5.726529657840728760e-02,-1.305768787860870361e-01,-9.853033721446990967e-02,-4.096639901399612427e-02,8.663375675678253174e-02,-8.082983084022998810e-03,1.132451668381690979e-01,-1.455492824316024780e-01,-3.754934296011924744e-02,-4.523291252553462982e-03,1.230253353714942932e-01,2.565983869135379791e-02,4.454313591122627258e-02,6.962201744318008423e-02,5.300580710172653198e-02,1.370238959789276123e-01,1.365128755569458008e-01,1.813374087214469910e-02,-8.257046341896057129e-03,1.038241833448410034e-01,3.076647222042083740e-02,-2.661801576614379883e-01,-2.011649757623672485e-01,-1.297592818737030029e-01,-6.046160589903593063e-03
6.049584746360778809e-01,3.494325280189514160e-01,5.212697982788085938e-01,2.116424292325973511e-01,3.585712611675262451e-01,2.341355830430984497e-01,1.000000000000000000e+00,4.667089879512786865e-01,3.806998729705810547e-01,1.228286698460578918e-01,4.210331439971923828e-01,4.228225648403167725e-01,5.125660300254821777e-01,4.032068550586700439e-01,4.121043682098388672e-01,1.944541782140731812e-01,3.950637280941009521e-01,1.900557875633239746e-01,2.641706168651580811e-02,4.756434261798858643e-02,1.314478218555450439e-01,-4.254573956131935120e-03,3.359863758087158203e-01,1.422803848981857300e-01,1.958486139774322510e-01,1.607728004455566406e-01,4.161911010742187500e-01,3.943895697593688965e-01,3.379692435264587402e-01,3.247854113578796387e-01,3.267431855201721191e-01,3.891862034797668457e-01,1.166947782039642334e-01,1.733296215534210205e-01,-4.349383339285850525e-02,1.060197949409484863e-01,1.817834824323654175e-01,8.207106590270996094e-02,3.835024535655975342e-01,1.517911255359649658e-01,1.781429201364517212e-01,2.819003909826278687e-02,1.350549422204494476e-02,1.583740115165710449e-02,5.352397635579109192e-02,5.538862198591232300e-02,5.386771634221076965e-03,-1.176249459385871887e-01,9.584055840969085693e-02,4.601427912712097168e-02,7.465148717164993286e-02,1.532331705093383789e-01,5.211880058050155640e-02,-9.105773270130157471e-02,2.711400389671325684e-01,-1.964819617569446564e-02,4.519899487495422363e-01,1.339133083820343018e-01,6.132067367434501648e-02,1.036561354994773865e-01,2.125639915466308594e-01,8.904129266738891602e-02,4.312805235385894775e-01,5.379557609558105469e-02,1.901920735836029053e-01,1.881367862224578857e-01,1.744966767728328705e-02,5.499771982431411743e-02,-5.637853965163230896e-02,2.014717087149620056e-02,3.581703901290893555e-01,3.330873548984527588e-01,1.907719820737838745e-01,2.740090787410736084e-01,1.678611040115356445e-01,1.318849772214889526e-01,1.256962865591049194e-01,1.611783206462860107e-01,2.973597347736358643e-01,2.067799679934978485e-02,3.080632686614990234e-01,1.744859963655471802e-01,3.705211579799652100e-01,1.099383234977722168e-01,3.035168945789337158e-01,8.328256756067276001e-02,1.114763766527175903e-01,-1.418718099594116211e-01,3.588284552097320557e-01,-2.793492516502737999e-03,1.736096590757369995e-01,-7.120978832244873047e-02,6.779150664806365967e-02,-1.179736703634262085e-01,1.396572291851043701e-01,1.114931851625442505e-01,2.058897167444229126e-01,1.267416775226593018e-02,1.495250314474105835e-01,-4.848881810903549194e-02,6.331007927656173706e-02,-6.614487618207931519e-02,7.985398173332214355e-02,-5.484323948621749878e-02,9.524810314178466797e-02,3.189161419868469238e-02,1.666869968175888062e-01,-3.579879179596900940e-02,9.292339533567428589e-02,1.745286136865615845e-01,7.945462130010128021e-03,2.683469280600547791e-02,-1.499139331281185150e-02,-7.282792776823043823e-02,-6.345134973526000977e-02,-4.041871521621942520e-03
4.370131492614746094e-01,4.109595417976379395e-01,3.377240002155303955e-01,4.698686599731445312e-01,2.143579423427581787e-01,3.856442272663116455e-01,4.667089879512786865e-01,1.000000000000000000e+00,1.842972040176391602e-01,3.238874077796936035e-01,2.397665381431579590e-01,4.097096621990203857e-01,2.800413668155670166e-01,4.824357032775878906e-01,1.912559568881988525e-01,3.079683780670166016e-01,3.045785129070281982e-01,2.756115794181823730e-01,1.299359649419784546e-02,-9.395841509103775024e-02,1.884099841117858887e-01,5.242778733372688293e-02,3.656964302062988281e-01,3.319573700428009033e-01,2.324297875165939331e-01,2.254902720451354980e-01,3.567269742488861084e-01,3.181821107864379883e-01,3.270494043827056885e-01,2.753071784973144531e-01,3.300389051437377930e-01,4.314135611057281494e-01,1.264578849077224731e-01,1.894551366567611694e-01,-2.238248661160469055e-02,8.553665876388549805e-02,1.429923474788665771e-01,2.424244135618209839e-01,2.786233127117156982e-01,2.042133957147598267e-01,1.860466003417968750e-01,9.591142833232879639e-02,-1.011255234479904175e-01,-3.626329079270362854e-02,5.120597779750823975e-02,1.398495435714721680e-01,-4.966420307755470276e-02,-4.609841853380203247e-02,3.906723856925964355e-02,1.131691783666610718e-01,2.482826262712478638e-02,7.387568801641464233e-02,-5.313086509704589844e-02,-4.757454246282577515e-02,3.998218476772308350e-02,1.151416450738906860e-01,3.460417687892913818e-01,2.014598697423934937e-01,2.169633470475673676e-02,1.401605606079101562e-01,1.694685965776443481e-01,7.134912908077239990e-02,2.718996107578277588e-01,2.355329990386962891e-01,1.716890186071395874e-01,2.367245107889175415e-01,-2.022036723792552948e-02,5.801166966557502747e-02,-1.315010339021682739e-01,-7.219354808330535889e-02,3.192155957221984863e-01,3.181903660297393799e-01,2.609807550907135010e-01,1.995884627103805542e-01,2.857235670089721680e-01,2.328934222459793091e-01,2.504406571388244629e-01,3.093008697032928467e-01,1.857622563838958740e-01,1.645753979682922363e-01,2.377725541591644287e-01,2.775536775588989258e-01,8.884262293577194214e-02,2.421213835477828979e-01,1.614571064710617065e-01,1.983245015144348145e-01,-1.557184606790542603e-01,-2.860254608094692230e-02,7.826509326696395874e-02,1.278154104948043823e-01,-9.398707747459411621e-02,2.227652259171009064e-02,-1.037819385528564453e-01,-3.886985033750534058e-02,6.112720817327499390e-02,1.700246930122375488e-01,8.843437582254409790e-02,7.137478329241275787e-03,-4.199946299195289612e-03,6.375131011009216309e-02,-3.260898962616920471e-02,-9.759429097175598145e-02,-3.992292098701000214e-03,-4.343798384070396423e-02,5.675096437335014343e-02,3.535290015861392021e-03,2.686635032296180725e-02,-6.989312916994094849e-02,6.199587509036064148e-02,1.176136806607246399e-01,5.789343267679214478e-02,2.701560035347938538e-02,-5.139644816517829895e-02,-7.393722888082265854e-03,-3.379853069782257080e-02,3.093127533793449402e-02
4.272136986255645752e-01,1.922644674777984619e-01,2.449104785919189453e-01,5.930047482252120972e-02,5.524867177009582520e-01,3.879737555980682373e-01,3.806998729705810547e-01,1.842972040176391602e-01,1.000000000000000000e+00,3.874779045581817627e-01,3.967020511627197266e-01,2.583103775978088379e-01,4.773015379905700684e-01,2.549858093261718750e-01,6.753257513046264648e-01,4.385483562946319580e-01,3.598229885101318359e-01,1.592653393745422363e-01,1.128178164362907410e-01,2.065845206379890442e-02,2.096599936485290527e-01,9.653837978839874268e-02,-8.158275485038757324e-02,-1.688830107450485229e-01,1.955611705780029297e-01,3.164808750152587891e-01,4.768754243850708008e-01,4.434167146682739258e-01,3.366637229919433594e-01,2.721201479434967041e-01,1.606444567441940308e-01,1.651080399751663208e-01,1.078446730971336365e-01,9.009169787168502808e-02,-1.486845081672072411e-03,1.261127889156341553e-01,1.363083571195602417e-01,1.046708896756172180e-01,4.152558147907257080e-01,2.380790114402770996e-01,9.951753169298171997e-02,1.514951288700103760e-01,1.956309191882610321e-02,-1.094448864459991455e-01,1.087270155549049377e-01,2.125910110771656036e-02,-7.399038970470428467e-02,-2.472752779722213745e-01,-1.341242436319589615e-02,-4.026620090007781982e-02,-7.077959179878234863e-02,2.208723500370979309e-02,-1.386070996522903442e-01,-3.307516276836395264e-01,1.506345868110656738e-01,-8.865042775869369507e-02,2.994897961616516113e-01,-4.176853969693183899e-02,1.164548471570014954e-01,3.766044974327087402e-02,4.012817516922950745e-02,8.466576784849166870e-02,1.156515106558799744e-01,-2.325182408094406128e-01,4.589275270700454712e-02,1.316795796155929565e-01,3.155094757676124573e-02,-5.546172149479389191e-03,6.788549572229385376e-02,-5.591850355267524719e-02,2.348883748054504395e-01,2.405773848295211792e-01,2.017955929040908813e-01,2.341094464063644409e-01,1.736336797475814819e-01,9.704322367906570435e-02,1.300098001956939697e-01,1.778642535209655762e-01,2.322152256965637207e-01,5.317857116460800171e-02,1.870297640562057495e-01,6.964025646448135376e-02,4.564629793167114258e-01,2.683801651000976562e-01,3.149820566177368164e-01,6.041921675205230713e-02,1.997378319501876831e-01,5.221954546868801117e-03,4.103457629680633545e-01,1.762717962265014648e-03,8.741829544305801392e-02,-2.174956649541854858e-01,2.556900307536125183e-02,-1.814755052328109741e-01,1.616612076759338379e-01,1.569058895111083984e-01,1.399192512035369873e-01,-1.161549892276525497e-02,4.924475774168968201e-02,-1.515709459781646729e-01,3.703696280717849731e-02,5.842231959104537964e-02,4.188148770481348038e-03,-5.771157890558242798e-02,-1.709141023457050323e-02,-2.391712740063667297e-02,1.349904686212539673e-01,2.869695052504539490e-02,6.552318483591079712e-02,-7.929153740406036377e-02,-2.113039791584014893e-01,-1.248506307601928711e-01,-2.325858175754547119e-01,-1.018174588680267334e-01,-4.410205781459808350e-02,5.061243474483489990e-02
3.410495817661285400e-01,2.096141427755355835e-01,-5.444297939538955688e-02,5.543613061308860779e-02,4.873528182506561279e-01,5.848223567008972168e-01,1.228286698460578918e-01,3.238874077796936035e-01,3.874779045581817627e-01,1.000000000000000000e+00,1.325658112764358521e-01,2.087417244911193848e-01,1.427263915538787842e-01,3.682004213333129883e-01,3.189563751220703125e-01,5.335488319396972656e-01,1.800149828195571899e-01,1.897216439247131348e-01,5.461085587739944458e-02,-4.120381176471710205e-02,2.840950526297092438e-02,-7.021182775497436523e-02,-3.503409400582313538e-02,-1.377186626195907593e-01,3.200843632221221924e-01,2.865816652774810791e-01,4.870753884315490723e-01,4.110619425773620605e-01,2.092486768960952759e-01,1.579268127679824829e-01,8.478088676929473877e-02,1.133198365569114685e-01,7.604344934225082397e-02,4.025026783347129822e-02,7.836943119764328003e-02,5.395813658833503723e-02,7.075355201959609985e-02,1.554725617170333862e-01,2.578812539577484131e-01,2.713407576084136963e-01,1.314421594142913818e-01,6.989242881536483765e-02,-6.255920231342315674e-02,-8.080311119556427002e-02,1.241021081805229187e-01,1.801290661096572876e-01,-1.122845485806465149e-01,-1.222916916012763977e-01,2.970300242304801941e-02,5.485456064343452454e-02,-6.522643566131591797e-02,-9.342109784483909607e-03,-1.043558120727539062e-01,-2.067319452762603760e-01,3.538676723837852478e-02,6.802336126565933228e-02,3.001647889614105225e-01,-4.634367302060127258e-03,9.662544727325439453e-02,1.243032589554786682e-01,5.453753471374511719e-02,3.328569978475570679e-02,1.797227561473846436e-01,-6.299674510955810547e-02,4.744734987616539001e-02,2.571586668491363525e-01,5.753573030233383179e-02,1.127450540661811829e-02,6.153732538223266602e-02,-1.020626127719879150e-01,1.401961053488776088e-04,4.919790849089622498e-02,5.956889688968658447e-02,-9.622580371797084808e-03,1.329751163721084595e-01,4.465035349130630493e-02,2.463929802179336548e-01,2.809965312480926514e-01,1.381886154413223267e-01,1.329800486564636230e-01,1.520466655492782593e-01,1.946312934160232544e-01,2.941339910030364990e-01,4.571381509304046631e-01,1.524060666561126709e-01,1.945143938064575195e-01,1.415206938982009888e-01,2.395842522382736206e-01,1.453047245740890503e-01,1.944094747304916382e-01,-1.484032720327377319e-01,-7.648621499538421631e-02,-9.385800361633300781e-02,-1.102679595351219177e-02,-6.281951814889907837e-02,3.030875883996486664e-02,9.776884689927101135e-03,-4.251736775040626526e-02,-7.836889475584030151e-02,5.673429463058710098e-03,-2.306793071329593658e-02,1.140308156609535217e-01,3.020697971805930138e-03,2.306530065834522247e-02,2.688714116811752319e-02,3.690454736351966858e-02,1.110276877880096436e-01,1.282408535480499268e-01,-3.179550915956497192e-02,-1.714326292276382446e-01,-5.718843638896942139e-02,-5.588977783918380737e-02,-2.232923954725265503e-01,-1.203474178910255432e-01,-7.421696186065673828e-02,4.183286800980567932e-02
4.943977892398834229e-01,1.892154067754745483e-01,2.145756185054779053e-01,-5.765550304204225540e-03,2.430729120969772339e-01,1.556749194860458374e-01,4.210331439971923828e-01,2.397665381431579590e-01,3.967020511627197266e-01,1.325658112764358521e-01,1.000000000000000000e+00,4.636002779006958008e-01,5.983939766883850098e-01,3.307980597019195557e-01,4.119929671287536621e-01,1.770694553852081299e-01,6.080420017242431641e-01,3.960785567760467529e-01,5.487929657101631165e-02,-1.154172886162996292e-02,3.841061890125274658e-01,1.997115910053253174e-01,4.035584256052970886e-02,-7.572519034147262573e-02,-6.248963624238967896e-02,1.573038995265960693e-01,2.741191983222961426e-01,2.751152217388153076e-01,5.466551184654235840e-01,3.009909391403198242e-01,2.272272109985351562e-01,2.604806423187255859e-01,2.217036783695220947e-01,1.836436688899993896e-01,-4.403625149279832840e-03,2.285864204168319702e-02,1.895523816347122192e-01,7.835093140602111816e-02,3.115585446357727051e-01,7.031811028718948364e-02,1.459199488162994385e-01,1.469986587762832642e-01,1.499990969896316528e-01,1.629919260740280151e-01,1.581784337759017944e-01,1.755497157573699951e-01,9.157602488994598389e-02,-6.729259341955184937e-02,2.647301554679870605e-01,1.914214640855789185e-01,2.049726545810699463e-01,2.499004453420639038e-01,-9.308753535151481628e-03,-1.822027266025543213e-01,1.515734195709228516e-01,-9.051056206226348877e-02,4.007307887077331543e-01,5.672470480203628540e-02,5.946377292275428772e-03,-1.239912286400794983e-01,1.517596095800399780e-01,-9.330017119646072388e-02,2.332399189472198486e-01,-5.881749838590621948e-02,2.733237445354461670e-01,5.734515190124511719e-02,-1.155553013086318970e-02,4.704130068421363831e-02,-1.288974136114120483e-01,-7.328786700963973999e-02,3.847178518772125244e-01,2.456282824277877808e-01,3.511741459369659424e-01,1.975168734788894653e-01,2.570722997188568115e-01,9.563390910625457764e-02,1.541452258825302124e-01,9.745126217603683472e-02,4.045949876308441162e-01,1.746282279491424561e-01,4.424642324447631836e-01,3.315741419792175293e-01,3.212122619152069092e-01,1.018806695938110352e-01,4.220053851604461670e-01,2.218373268842697144e-01,5.975583940744400024e-02,-1.531334668397903442e-01,3.647166788578033447e-01,-1.414648350328207016e-02,5.928865447640419006e-02,-1.293700486421585083e-01,-7.468549907207489014e-02,-1.213924512267112732e-01,1.762105077505111694e-01,2.256321012973785400e-01,1.207567006349563599e-01,-2.157044783234596252e-02,8.974213153123855591e-02,-1.102929785847663879e-01,8.580900728702545166e-02,4.719784483313560486e-02,1.435174793004989624e-01,5.962450429797172546e-02,5.490530282258987427e-02,5.008072406053543091e-02,4.099566489458084106e-02,-1.553414110094308853e-02,1.241098642349243164e-01,8.723530173301696777e-02,-1.513142138719558716e-01,-1.161419600248336792e-01,-1.165364012122154236e-01,7.962227798998355865e-03,-1.922787516377866268e-03,-2.145701786503195763e-03
4.596401751041412354e-01,3.999818563461303711e-01,2.604623138904571533e-01,1.040209531784057617e-01,2.489504516124725342e-01,2.521499395370483398e-01,4.228225648403167725e-01,4.097096621990203857e-01,2.583103775978088379e-01,2.087417244911193848e-01,4.636002779006958008e-01,1.000000000000000000e+00,4.654655754566192627e-01,5.801504850387573242e-01,2.335399538278579712e-01,2.570469081401824951e-01,4.164634346961975098e-01,5.113919973373413086e-01,9.561913460493087769e-02,3.197799623012542725e-02,2.457124888896942139e-01,8.532287180423736572e-02,3.007050156593322754e-01,2.576110661029815674e-01,1.185809820890426636e-01,2.683691084384918213e-01,3.002764284610748291e-01,3.186133801937103271e-01,4.038026928901672363e-01,4.775460660457611084e-01,3.004757761955261230e-01,3.614497184753417969e-01,2.572495937347412109e-01,2.630691528320312500e-01,6.282389909029006958e-02,1.047626733779907227e-01,1.078328788280487061e-01,2.065383046865463257e-01,1.863203793764114380e-01,1.380798369646072388e-01,1.247174516320228577e-01,7.553239166736602783e-02,5.214007943868637085e-02,1.916341632604598999e-01,-8.358229883015155792e-03,7.020175457000732422e-02,1.564715057611465454e-01,6.381867825984954834e-02,2.391673028469085693e-01,1.831951886415481567e-01,1.679396778345108032e-01,2.746246159076690674e-01,4.700757097452878952e-03,-1.991967670619487762e-02,2.346839457750320435e-01,1.603532433509826660e-01,3.409723043441772461e-01,2.801456451416015625e-01,-1.510259136557579041e-02,-9.068138152360916138e-02,9.184809029102325439e-02,-1.455549001693725586e-01,2.456379979848861694e-01,1.789990514516830444e-01,2.320828437805175781e-01,4.474656656384468079e-02,5.068217590451240540e-02,9.723564982414245605e-02,-1.831668913364410400e-01,-2.769673988223075867e-02,3.246836662292480469e-01,3.283703327178955078e-01,1.864390671253204346e-01,3.374452590942382812e-01,1.983077973127365112e-01,2.328561693429946899e-01,1.925063729286193848e-01,2.257501929998397827e-01,3.017291426658630371e-01,2.118680924177169800e-01,4.431775510311126709e-01,4.628678858280181885e-01,2.308364212512969971e-01,1.382672786712646484e-01,4.249486327171325684e-01,4.407104849815368652e-01,9.530719369649887085e-03,-1.205164566636085510e-01,3.226548731327056885e-01,2.023367434740066528e-01,1.337731778621673584e-01,5.285809934139251709e-02,1.018883660435676575e-01,3.875981643795967102e-02,9.656683355569839478e-02,2.077681124210357666e-01,2.016934752464294434e-01,1.453181803226470947e-01,2.215286791324615479e-01,1.581420600414276123e-01,1.888995170593261719e-01,1.335584372282028198e-01,2.721305191516876221e-01,1.912442147731781006e-01,2.234564274549484253e-01,1.904749721288681030e-01,1.345953345298767090e-01,1.075997129082679749e-01,1.738875731825828552e-02,1.861173063516616821e-01,9.797126054763793945e-02,1.232136562466621399e-01,2.283624559640884399e-02,1.125066503882408142e-01,1.446186155080795288e-01,1.062930300831794739e-01
4.810350835323333740e-01,1.848825812339782715e-01,3.511732816696166992e-01,9.644401073455810547e-02,2.910071611404418945e-01,2.019257694482803345e-01,5.125660300254821777e-01,2.800413668155670166e-01,4.773015379905700684e-01,1.427263915538787842e-01,5.983939766883850098e-01,4.654655754566192627e-01,1.000000000000000000e+00,4.382117092609405518e-01,4.976585209369659424e-01,3.050298392772674561e-01,5.872863531112670898e-01,3.633390069007873535e-01,5.094456300139427185e-02,-4.938943684101104736e-02,2.855078876018524170e-01,1.689998954534530640e-01,2.065406292676925659e-01,8.186176419258117676e-02,3.447172790765762329e-02,2.040470987558364868e-01,3.350929915904998779e-01,3.154715001583099365e-01,4.909128248691558838e-01,3.971126675605773926e-01,3.933199942111968994e-01,4.056852161884307861e-01,1.826332807540893555e-01,1.603916883468627930e-01,-1.274443883448839188e-02,8.581174910068511963e-02,2.246673554182052612e-01,1.130298450589179993e-01,3.557965755462646484e-01,6.529444456100463867e-02,4.845972359180450439e-02,6.069401651620864868e-02,1.017523854970932007e-01,1.046086773276329041e-01,1.309836208820343018e-01,7.992104440927505493e-02,9.124404191970825195e-02,-8.475404232740402222e-02,1.788488775491714478e-01,1.014875024557113647e-01,1.649370193481445312e-01,1.891984641551971436e-01,4.662527889013290405e-02,-2.089785337448120117e-01,2.051557451486587524e-01,1.550089661031961441e-02,3.525251746177673340e-01,1.671308092772960663e-02,7.919957861304283142e-03,-4.896771535277366638e-02,9.581146389245986938e-02,-7.896062731742858887e-02,2.792485356330871582e-01,-9.139464795589447021e-02,1.729872375726699829e-01,6.997114419937133789e-02,-2.332469262182712555e-02,4.253743099980056286e-04,-1.238797456026077271e-01,-9.916695952415466309e-02,4.560211598873138428e-01,3.729774951934814453e-01,3.021959066390991211e-01,2.845395505428314209e-01,2.509977519512176514e-01,1.971884965896606445e-01,1.896414458751678467e-01,1.779743134975433350e-01,3.464542329311370850e-01,1.666090637445449829e-01,4.698950946331024170e-01,3.113569915294647217e-01,4.220414161682128906e-01,2.302091419696807861e-01,4.847967624664306641e-01,2.703795433044433594e-01,9.814786911010742188e-02,-1.126193478703498840e-01,4.595843851566314697e-01,8.593096584081649780e-02,1.721658557653427124e-01,-4.340181872248649597e-02,3.141433373093605042e-02,-8.980622142553329468e-02,2.368922680616378784e-01,2.172993421554565430e-01,1.942061632871627808e-01,2.639565803110599518e-02,1.785018146038055420e-01,-4.007086623460054398e-03,1.071492135524749756e-01,5.140658095479011536e-02,1.534537523984909058e-01,6.759781390428543091e-02,1.272754371166229248e-01,1.088219135999679565e-01,1.679484695196151733e-01,-7.940061390399932861e-03,1.727232635021209717e-01,1.722281277179718018e-01,-9.490101784467697144e-02,-6.255763769149780273e-02,-1.218660101294517517e-01,5.541418865323066711e-02,5.566776543855667114e-02,9.322597086429595947e-02
