1.000000000000000000e+00,4.369298219680786133e-01,4.122870564460754395e-01,2.150918394327163696e-01,-3.507889434695243835e-02,-1.164094209671020508e-01,5.290142297744750977e-01,1.013727039098739624e-01,-8.841495215892791748e-02,-1.903078854084014893e-01,3.499911129474639893e-01,1.624295711517333984e-01,4.387824535369873047e-01,2.836627662181854248e-01,7.790893316268920898e-02,-3.982767835259437561e-02,1.427324116230010986e-01,1.923995912075042725e-01,3.624632656574249268e-01,3.240227103233337402e-01,2.801330946385860443e-02,8.846618235111236572e-02,3.792075067758560181e-02,1.192393526434898376e-01,-1.192975556477904320e-03,-1.288925483822822571e-02,1.058156415820121765e-01,4.659010842442512512e-02,6.121389567852020264e-02,2.106325328350067139e-01,2.271171212196350098e-01,1.910437941551208496e-01,3.118292689323425293e-01,2.405444532632827759e-01,-2.024342417716979980e-01,-2.777262032032012939e-01,-3.837789967656135559e-02,-4.399205744266510010e-02,-3.561220690608024597e-02,-3.108112141489982605e-02,-4.750437662005424500e-02,-4.063385352492332458e-02,-1.658136248588562012e-01,-2.045283615589141846e-01,-1.446996480226516724e-01,-2.030103802680969238e-01,-2.339069843292236328e-01,-1.220951974391937256e-01,2.375193871557712555e-02,-1.712665706872940063e-02,-1.451993584632873535e-01,-1.189218908548355103e-01,-1.506437063217163086e-01,-2.181912660598754883e-01,-7.053832709789276123e-02,-1.090775877237319946e-01,4.969694018363952637e-01,4.602682590484619141e-01,4.897285997867584229e-01,4.683852195739746094e-01,3.575917780399322510e-01,3.466988503932952881e-01,2.907038629055023193e-01,3.011164367198944092e-01,-1.277420222759246826e-01,6.342340260744094849e-02,1.896312981843948364e-01,-2.461463212966918945e-02,3.665799498558044434e-01,5.443271994590759277e-01,4.385780915617942810e-02,-1.432061642408370972e-01,-1.681999303400516510e-02,1.373713314533233643e-01,-4.929635673761367798e-02,-5.477337166666984558e-02,3.940170258283615112e-02,8.538143336772918701e-02,1.142390519380569458e-01,1.657876819372177124e-01,3.811965510249137878e-02,6.259663403034210205e-02,-1.136090308427810669e-01,-2.756455913186073303e-02,-5.148987099528312683e-02,-1.937220096588134766e-01,-1.043976396322250366e-01,1.227858662605285645e-02,-1.531450897455215454e-01,-2.428984194993972778e-01,-3.843873739242553711e-01,-2.831380367279052734e-01,-4.032709300518035889e-01,-2.791177034378051758e-01,-1.215732321143150330e-01,-1.411630809307098389e-01,-1.818374246358871460e-01,-5.547178909182548523e-02,-1.200285702943801880e-01,-9.926994144916534424e-02,-2.768106460571289062e-01,-2.462758868932723999e-01,-1.313957124948501587e-01,-6.092010810971260071e-02,-9.777634590864181519e-02,8.480223268270492554e-02,1.055893227458000183e-01,-1.336257457733154297e-01,1.959970965981483459e-02,-3.291473910212516785e-02,4.409409314393997192e-02,-4.167722538113594055e-03,-1.101885512471199036e-01,-1.183297783136367798e-01,-8.090738952159881592e-02,2.287256903946399689e-02
4.369298219680786133e-01,1.000000000000000000e+00,5.074750632047653198e-02,2.622602581977844238e-01,-3.319164216518402100e-01,-5.884578078985214233e-02,4.575248807668685913e-02,1.581357568502426147e-01,-2.800054252147674561e-01,-1.411763131618499756e-01,1.050266250967979431e-01,1.177249848842620850e-01,1.367814838886260986e-01,3.652074038982391357e-01,-1.089279279112815857e-01,5.122164264321327209e-02,2.280572354793548584e-01,3.741394877433776855e-01,1.405459195375442505e-01,3.897518515586853027e-01,-3.630157932639122009e-02,-1.372672501020133495e-03,-2.121683657169342041e-01,5.883698910474777222e-02,8.954115957021713257e-02,1.213519573211669922e-01,1.268223971128463745e-01,1.632029004395008087e-02,1.753340065479278564e-01,3.217463195323944092e-01,1.117924749851226807e-01,1.772599667310714722e-01,2.738704085350036621e-01,3.689481914043426514e-01,-1.171468943357467651e-01,-1.761999428272247314e-01,1.016626283526420593e-01,1.653286814689636230e-02,4.088421911001205444e-02,1.555402763187885284e-02,-4.623051360249519348e-02,4.301726445555686951e-02,-5.717965215444564819e-02,2.950018830597400665e-02,6.728073954582214355e-02,1.068878546357154846e-01,-4.648853838443756104e-02,9.151514619588851929e-02,2.037526220083236694e-01,3.124832510948181152e-01,-2.456412650644779205e-02,2.025300115346908569e-01,3.830492869019508362e-02,-8.969220519065856934e-02,5.660174414515495300e-02,4.176060110330581665e-02,6.692062020301818848e-01,7.234953641891479492e-01,5.350200533866882324e-01,5.058745145797729492e-01,4.187784492969512939e-01,4.794610738754272461e-01,2.319388687610626221e-01,3.701585531234741211e-01,-3.640860617160797119e-01,1.627229005098342896e-01,2.781720757484436035e-01,1.246921196579933167e-01,5.829648971557617188e-01,5.342740416526794434e-01,6.395596265792846680e-02,-5.667886510491371155e-02,-3.349025791976600885e-05,1.710933744907379150e-01,-1.022588275372982025e-02,-7.014314085245132446e-02,5.197376944124698639e-03,8.146364241838455200e-02,1.875924617052078247e-01,2.391667664051055908e-01,2.145283967256546021e-01,4.787093102931976318e-01,5.563393235206604004e-02,1.485703140497207642e-01,1.724732294678688049e-02,-8.019661158323287964e-02,1.119224205613136292e-01,-2.216637879610061646e-02,-1.875184625387191772e-01,-5.493445694446563721e-02,-2.409777492284774780e-01,-2.020065486431121826e-01,-3.309255540370941162e-01,-2.730613052845001221e-01,-4.268950968980789185e-02,-4.243005067110061646e-02,-2.825891599059104919e-02,2.556658908724784851e-02,5.154547095298767090e-02,1.453991383314132690e-01,-2.215909361839294434e-01,-2.436397969722747803e-01,-1.399130672216415405e-01,-1.593382470309734344e-02,-1.158984601497650146e-01,-3.931630402803421021e-03,5.611533299088478088e-02,-5.063280090689659119e-02,7.615828514099121094e-02,-6.718388944864273071e-02,1.082657873630523682e-01,1.225766390562057495e-01,-4.929757863283157349e-02,2.151263132691383362e-02,-3.890041634440422058e-02,4.464099556207656860e-02
4.122870564460754395e-01,5.074750632047653198e-02,1.000000000000000000e+00,-5.614078417420387268e-02,2.064319103956222534e-01,-1.473145633935928345e-01,6.341355443000793457e-01,-2.232449054718017578e-01,-6.067477539181709290e-02,-2.619070410728454590e-01,1.743576973676681519e-01,-2.090248316526412964e-01,8.042357116937637329e-02,-1.095836013555526733e-01,2.818881347775459290e-02,-2.361849546432495117e-01,-1.861926913261413574e-01,-1.217628717422485352e-01,3.719810843467712402e-01,-3.835736960172653198e-02,1.222730055451393127e-01,1.187265142798423767e-01,5.492805838584899902e-01,3.085628449916839600e-01,3.670020401477813721e-01,1.790646761655807495e-01,1.290183365345001221e-01,5.797653272747993469e-02,-1.647548079490661621e-01,-4.918225575238466263e-03,2.498095333576202393e-01,1.265210509300231934e-01,-1.347306556999683380e-02,-1.861458569765090942e-01,7.667010277509689331e-02,-1.327740252017974854e-01,-1.774959862232208252e-01,-1.271522641181945801e-01,-5.642779916524887085e-02,-1.470187902450561523e-01,-4.335954785346984863e-02,-1.483023911714553833e-01,-1.486102789640426636e-01,-2.930619418621063232e-01,-1.934166252613067627e-01,-3.261074125766754150e-01,-2.842389941215515137e-01,-2.647690176963806152e-01,-9.050978720188140869e-02,-2.323800772428512573e-01,2.322804555296897888e-02,-1.097591370344161987e-01,-9.624287486076354980e-02,-8.327592164278030396e-02,-1.107607185840606689e-01,-1.833490431308746338e-01,1.051423549652099609e-01,2.291374057531356812e-01,2.728344313800334930e-02,1.451635658740997314e-01,-6.734017282724380493e-02,-5.068728700280189514e-02,-1.345461308956146240e-01,-4.172618314623832703e-02,4.469914734363555908e-02,-1.546782255172729492e-01,9.623700380325317383e-02,-2.357494980096817017e-01,-2.928437897935509682e-03,2.709110677242279053e-01,-8.979453146457672119e-02,-2.717212438583374023e-01,-1.582742035388946533e-01,-1.185163408517837524e-01,-1.039506793022155762e-01,-1.650901436805725098e-01,-1.077231466770172119e-01,-1.679620295763015747e-01,-7.489403337240219116e-02,4.744882136583328247e-02,-2.301152646541595459e-01,-1.018935590982437134e-01,-1.709139645099639893e-01,-1.677049994468688965e-01,1.123963445425033569e-01,-1.182819753885269165e-01,1.459919288754463196e-02,1.003616675734519958e-02,-8.670100569725036621e-02,-2.289328426122665405e-01,-3.586109578609466553e-01,-1.805982589721679688e-01,-2.210191041231155396e-01,-3.639543056488037109e-02,-1.287952214479446411e-01,-1.577427387237548828e-01,-1.860406398773193359e-01,-1.363227963447570801e-01,-2.088767290115356445e-01,-2.314167767763137817e-01,-2.959643006324768066e-01,-9.424240887165069580e-02,-2.240498512983322144e-01,-1.429645568132400513e-01,-8.581757545471191406e-02,1.230616122484207153e-01,-3.339830040931701660e-02,-1.497201155871152878e-02,-5.799368023872375488e-02,-1.066042408347129822e-01,-8.008549921214580536e-03,-1.195174828171730042e-01,-1.219225600361824036e-01,-9.636954404413700104e-03,4.585684277117252350e-03,1.559987012296915054e-02
2.150918394327163696e-01,2.622602581977844238e-01,-5.614078417420387268e-02,1.000000000000000000e+00,-7.466962933540344238e-02,2.328302413225173950e-01,8.123590052127838135e-02,6.623323559761047363e-01,-7.035959046334028244e-03,2.179533541202545166e-01,9.766197949647903442e-02,3.147701919078826904e-01,1.228615641593933105e-01,3.829385936260223389e-01,-1.825847625732421875e-01,2.166209965944290161e-01,1.312121599912643433e-01,2.312085628509521484e-01,5.827087163925170898e-02,4.121481180191040039e-01,-1.222998276352882385e-01,-1.134122237563133240e-01,-1.430788934230804443e-01,3.580147624015808105e-01,-2.574201226234436035e-01,-2.918219007551670074e-02,-8.365206420421600342e-02,-3.357041999697685242e-02,4.427241906523704529e-02,1.460694223642349243e-01,7.008010149002075195e-02,3.112245798110961914e-01,1.982072889804840088e-01,3.759052753448486328e-01,-7.170321792364120483e-02,8.273813128471374512e-02,2.538966387510299683e-02,1.515485532581806183e-02,2.030477114021778107e-02,1.323764026165008545e-01,-1.342410920187830925e-03,3.722011670470237732e-02,-1.190628409385681152e-01,5.697176326066255569e-03,-6.510515697300434113e-03,7.389267534017562866e-02,-8.295652270317077637e-02,3.173387050628662109e-02,-6.577305495738983154e-02,7.081144303083419800e-02,-1.738422513008117676e-01,1.059695892035961151e-02,-1.974908560514450073e-01,-6.096371263265609741e-02,8.529341965913772583e-02,1.314636617898941040e-01,1.379687935113906860e-01,6.581440567970275879e-02,2.210517972707748413e-01,1.733759194612503052e-01,1.485973000526428223e-01,2.823676466941833496e-01,1.885320544242858887e-01,1.887843459844589233e-01,-4.200512543320655823e-02,3.315372169017791748e-01,1.301736086606979370e-01,1.999385207891464233e-01,1.754548847675323486e-01,2.999890446662902832e-01,-1.076764985918998718e-02,2.351707406342029572e-02,3.975466266274452209e-02,1.907056123018264771e-01,7.292569428682327271e-02,1.912823021411895752e-01,1.023886278271675110e-01,1.445162445306777954e-01,1.099580079317092896e-01,1.835059225559234619e-01,3.143035620450973511e-02,-5.252589005976915359e-03,-1.618249863386154175e-01,-9.155336767435073853e-02,-1.967422366142272949e-01,3.885353507939726114e-04,-1.625840961933135986e-01,1.781424134969711304e-01,-1.180426925420761108e-01,1.449009925127029419e-01,-1.959575414657592773e-01,-2.937519848346710205e-01,-2.700195908546447754e-01,-2.810397148132324219e-01,-4.305205494165420532e-02,-5.764092877507209778e-02,-9.584107436239719391e-03,1.599531173706054688e-01,-1.121782232075929642e-02,7.588861882686614990e-02,2.552811242640018463e-02,-1.163005530834197998e-01,2.577835880219936371e-02,7.058712840080261230e-02,-7.003660313785076141e-03,-3.362791147083044052e-03,3.464584052562713623e-02,-1.892972886562347412e-01,4.221945255994796753e-02,4.167546704411506653e-02,1.223009452223777771e-01,1.201672479510307312e-01,-5.424810573458671570e-02,-6.356306374073028564e-02,-5.860729515552520752e-02,7.841593772172927856e-02
-3.507889434695243835e-02,-3.319164216518402100e-01,2.064319103956222534e-01,-7.466962933540344238e-02,1.000000000000000000e+00,3.640457987785339355e-01,1.044341549277305603e-01,-1.613102853298187256e-01,5.765397548675537109e-01,3.656430244445800781e-01,2.946315333247184753e-02,-4.376637190580368042e-02,-6.243002414703369141e-02,-2.852444946765899658e-01,3.857826292514801025e-01,1.465736031532287598e-01,-9.851618111133575439e-02,-1.430967301130294800e-01,5.958687514066696167e-02,-1.837794333696365356e-01,1.482643783092498779e-01,2.304518967866897583e-01,2.674149274826049805e-01,8.070161193609237671e-02,3.947461023926734924e-02,1.371741443872451782e-01,1.460459679365158081e-01,2.553664445877075195e-01,-1.093269586563110352e-01,-1.029041409492492676e-01,9.839119017124176025e-02,5.740687716752290726e-03,-1.107012704014778137e-01,-2.394048720598220825e-01,-4.437585175037384033e-02,-7.585334032773971558e-02,-2.051662355661392212e-01,6.484009791165590286e-03,-1.019911170005798340e-01,-9.353742003440856934e-02,4.126031417399644852e-03,2.400019951164722443e-02,-4.151621088385581970e-02,-1.700577735900878906e-01,-1.304442435503005981e-01,-2.518805265426635742e-01,-3.708246722817420959e-02,-4.357928782701492310e-02,-1.982340812683105469e-01,-2.393423020839691162e-01,-2.040986530482769012e-02,-1.307297497987747192e-01,4.291092976927757263e-03,9.939107298851013184e-02,-4.436460882425308228e-02,-2.142618037760257721e-02,-1.927361488342285156e-01,-2.552793622016906738e-01,-2.064508944749832153e-01,-2.748168110847473145e-01,-8.200926333665847778e-02,-2.425952255725860596e-01,-1.058746278285980225e-01,-2.903799116611480713e-01,2.935189306735992432e-01,-2.052035629749298096e-01,-3.207582831382751465e-01,-3.183807432651519775e-01,-3.344925940036773682e-01,-1.475235521793365479e-01,-3.500903025269508362e-02,4.967401176691055298e-02,1.850519701838493347e-02,2.492842450737953186e-02,4.069132357835769653e-02,1.091977879405021667e-01,-1.660506278276443481e-01,-1.936274021863937378e-01,-1.537756919860839844e-01,-7.079817354679107666e-02,-1.262858808040618896e-01,-2.873380184173583984e-01,-2.226642221212387085e-01,-1.748950332403182983e-01,1.004460677504539490e-01,5.709335207939147949e-02,5.562278255820274353e-02,9.426700323820114136e-02,1.884587854146957397e-01,-9.058085270226001740e-03,-1.358274370431900024e-02,-4.048840701580047607e-02,7.769866287708282471e-02,1.354215759783983231e-02,-7.020791620016098022e-02,-1.375211030244827271e-01,-1.082477718591690063e-01,-2.532806061208248138e-02,-6.725818663835525513e-02,-8.001262694597244263e-02,-2.418625168502330780e-02,-1.008673012256622314e-01,1.230536401271820068e-02,-1.959567517042160034e-01,-7.855051010847091675e-02,-2.051742523908615112e-01,-5.092963203787803650e-02,-1.721642538905143738e-02,-4.911899194121360779e-02,-6.421417742967605591e-02,-1.873411685228347778e-01,-6.305602937936782837e-02,-1.369308382272720337e-01,-1.228899434208869934e-01,-2.116064541041851044e-02,-1.450055241584777832e-01
-1.164094209671020508e-01,-5.884578078985214233e-02,-1.473145633935928345e-01,2.328302413225173950e-01,3.640457987785339355e-01,1.000000000000000000e+00,-1.645319461822509766e-01,2.177205532789230347e-01,3.628573715686798096e-01,5.930742025375366211e-01,-3.507751738652586937e-03,1.596206724643707275e-01,-8.926044404506683350e-02,1.090526804327964783e-01,7.500620931386947632e-02,4.748412668704986572e-01,8.209293708205223083e-03,7.787425071001052856e-02,-3.322332724928855896e-02,9.152420610189437866e-02,4.874128475785255432e-02,2.655579745769500732e-01,-1.095663085579872131e-01,1.509180665016174316e-01,-2.029038965702056885e-01,1.505473107099533081e-01,7.587090879678726196e-02,2.873030006885528564e-01,1.969481445848941803e-02,2.447328157722949982e-02,5.504073947668075562e-02,1.917838752269744873e-01,-2.900911960750818253e-03,9.321739524602890015e-02,-7.881698757410049438e-02,4.147256538271903992e-02,-6.758806854486465454e-02,-5.230993777513504028e-02,-1.208764463663101196e-01,-6.526470929384231567e-02,3.050783462822437286e-02,-3.889761865139007568e-02,-6.770426779985427856e-02,5.232977680861949921e-03,1.801951229572296143e-02,5.875895544886589050e-02,-2.206951379776000977e-02,3.603929281234741211e-02,-2.286591380834579468e-01,-1.230664458125829697e-02,-2.423671931028366089e-01,-1.061499416828155518e-01,-1.358748227357864380e-01,-8.445627987384796143e-03,-4.875807836651802063e-02,3.620008006691932678e-02,-8.169773966073989868e-02,-1.094039306044578552e-01,-1.422280073165893555e-01,-3.158606216311454773e-02,-1.627842485904693604e-01,1.020628139376640320e-01,-9.630405344069004059e-03,8.134952932596206665e-02,-3.984962776303291321e-02,3.184631094336509705e-02,-1.827552914619445801e-01,-2.229350432753562927e-02,-1.310677379369735718e-01,-1.154190376400947571e-01,5.278916656970977783e-02,2.415937036275863647e-01,1.369790732860565186e-01,2.268019020557403564e-01,1.430668234825134277e-01,2.532031238079071045e-01,-3.263358026742935181e-02,2.735645696520805359e-02,-9.470710903406143188e-02,5.596004426479339600e-02,-8.010934293270111084e-02,-1.564488857984542847e-01,-1.711075454950332642e-01,-1.852592676877975464e-01,-1.646011471748352051e-01,-2.350158244371414185e-02,-9.867082536220550537e-02,8.366221189498901367e-02,-7.209624350070953369e-02,2.064901888370513916e-01,4.170266911387443542e-02,-4.536555707454681396e-02,1.150855515152215958e-02,-3.654030710458755493e-02,-3.617455950006842613e-03,-8.200816810131072998e-02,-4.076993092894554138e-02,4.247926548123359680e-02,-5.795788951218128204e-03,2.508939802646636963e-02,1.879659295082092285e-01,-7.337091863155364990e-02,1.228132620453834534e-01,-2.056499011814594269e-02,-1.464228145778179169e-02,-1.680411100387573242e-01,2.244624309241771698e-03,-9.847771376371383667e-02,-4.311779513955116272e-02,-1.123499404639005661e-02,-8.048327267169952393e-02,-1.202869694679975510e-03,-4.035596549510955811e-02,-2.721468731760978699e-02,-6.533707492053508759e-03,-1.666991412639617920e-01
5.290142297744750977e-01,4.575248807668685913e-02,6.341355443000793457e-01,8.123590052127838135e-02,1.044341549277305603e-01,-1.645319461822509766e-01,1.000000000000000000e+00,9.771432727575302124e-03,6.678482051938772202e-03,-1.791789680719375610e-01,1.682460308074951172e-01,-1.324769258499145508e-01,3.248954117298126221e-01,-6.831990554928779602e-03,4.397432133555412292e-02,-2.650323212146759033e-01,-1.421545147895812988e-01,-1.176072061061859131e-01,2.448153644800186157e-01,-1.897251047194004059e-02,7.119830232113599777e-03,4.844709858298301697e-02,3.308206200599670410e-01,1.834342479705810547e-01,1.443716436624526978e-01,1.609761081635951996e-02,8.645472675561904907e-02,4.651630297303199768e-02,-8.501319587230682373e-02,1.331697124987840652e-02,1.868545711040496826e-01,1.054791957139968872e-01,1.297569740563631058e-02,-7.392946630716323853e-02,-4.040040075778961182e-02,-1.853670924901962280e-01,-1.319072842597961426e-01,-6.472761929035186768e-02,-3.539585508406162262e-03,-2.202625200152397156e-02,-5.311825126409530640e-02,-1.049662530422210693e-01,-2.308385968208312988e-01,-3.585775792598724365e-01,-2.457460910081863403e-01,-3.445971608161926270e-01,-3.151706159114837646e-01,-2.660858035087585449e-01,-1.352865844964981079e-01,-2.534509003162384033e-01,-1.241507530212402344e-01,-1.972360759973526001e-01,-1.722691655158996582e-01,-1.654157042503356934e-01,-1.220178902149200439e-01,-1.488393694162368774e-01,9.560552239418029785e-02,2.058263123035430908e-01,9.226381778717041016e-02,2.175058126449584961e-01,4.707629233598709106e-02,1.159241646528244019e-01,-2.438620850443840027e-02,1.283792257308959961e-01,2.908113412559032440e-02,3.236637264490127563e-02,8.187111467123031616e-02,-2.111501246690750122e-01,7.285279780626296997e-02,3.412004709243774414e-01,-3.521068021655082703e-02,-2.339243441820144653e-01,-9.110134094953536987e-02,-9.626694023609161377e-02,-1.052432954311370850e-01,-1.691020131111145020e-01,-6.196907162666320801e-02,-1.047999039292335510e-01,-1.344626545906066895e-01,-6.653616577386856079e-02,-1.973663270473480225e-01,-1.697605252265930176e-01,-1.855087131261825562e-01,-1.496600508689880371e-01,-5.329866334795951843e-02,-1.875859051942825317e-01,-1.702396571636199951e-01,-1.224056165665388107e-02,-1.244807839393615723e-01,-2.226773798465728760e-01,-3.714433312416076660e-01,-1.999872028827667236e-01,-3.284007310867309570e-01,-1.448312252759933472e-01,-1.036213189363479614e-01,-1.397082060575485229e-01,-1.465595066547393799e-01,-1.103276386857032776e-01,-2.094926089048385620e-01,-2.417077869176864624e-01,-2.606572508811950684e-01,-9.217182546854019165e-02,-2.013697028160095215e-01,-1.019980236887931824e-01,-3.713184967637062073e-02,1.611668616533279419e-01,4.976085945963859558e-02,-1.053693667054176331e-01,-1.778708025813102722e-02,-6.865905225276947021e-02,2.448306418955326080e-02,-5.689926445484161377e-02,-5.432294681668281555e-02,2.255670167505741119e-02,-2.672630362212657928e-02,6.561632454395294189e-02
1.013727039098739624e-01,1.581357568502426147e-01,-2.232449054718017578e-01,6.623323559761047363e-01,-1.613102853298187256e-01,2.177205532789230347e-01,9.771432727575302124e-03,1.000000000000000000e+00,4.304274171590805054e-02,2.662361860275268555e-01,4.587915167212486267e-02,5.012062191963195801e-01,1.743139624595642090e-01,5.093032121658325195e-01,-1.684453934431076050e-01,2.514818906784057617e-01,1.523501574993133545e-01,1.536663025617599487e-01,1.197180971503257751e-01,4.073774218559265137e-01,-1.345322430133819580e-01,-1.964161247014999390e-01,-2.068813890218734741e-01,1.892728209495544434e-01,-4.318122267723083496e-01,-2.497927099466323853e-01,-1.828608214855194092e-01,-4.206833988428115845e-02,3.804332762956619263e-02,1.183193102478981018e-01,5.924736335873603821e-02,2.453645318746566772e-01,1.785648167133331299e-01,3.821587860584259033e-01,-5.922362953424453735e-02,9.316221624612808228e-02,3.052699938416481018e-02,1.987939141690731049e-02,-3.176830336451530457e-02,6.808039546012878418e-02,-6.572008598595857620e-03,3.728221356868743896e-02,-9.412758797407150269e-02,4.840980097651481628e-02,5.192762240767478943e-02,1.276973485946655273e-01,-1.090863421559333801e-01,-1.019401568919420242e-02,-6.418251991271972656e-02,3.337725996971130371e-02,-2.342241406440734863e-01,-7.974447309970855713e-02,-2.554854154586791992e-01,-1.267720609903335571e-01,2.037924341857433319e-02,4.880758002400398254e-02,-3.224167972803115845e-02,-1.014299392700195312e-01,7.861418277025222778e-02,5.965546891093254089e-02,8.452948927879333496e-02,1.668977141380310059e-01,1.789966225624084473e-01,1.382404118776321411e-01,6.411523371934890747e-02,2.946592867374420166e-01,5.481196194887161255e-02,2.141393125057220459e-01,1.232434436678886414e-01,2.001377642154693604e-01,-2.830682322382926941e-02,8.262053132057189941e-02,9.735153615474700928e-02,2.497098296880722046e-01,5.324563756585121155e-02,2.057673484086990356e-01,1.471346169710159302e-01,1.640411168336868286e-01,8.939160406589508057e-02,4.858254268765449524e-02,-3.036611899733543396e-02,-8.979611843824386597e-02,-5.543450638651847839e-02,-3.538948670029640198e-02,-2.939234673976898193e-01,-1.321567595005035400e-01,-2.116269320249557495e-01,1.411600410938262939e-01,-2.029048800468444824e-01,6.722179800271987915e-02,-7.904857397079467773e-02,-1.364000290632247925e-01,-1.804573535919189453e-01,-2.073963582515716553e-01,-6.679796427488327026e-02,-5.548277124762535095e-02,-4.801337048411369324e-02,1.059264466166496277e-01,-7.674125488847494125e-03,1.441569477319717407e-01,7.900218665599822998e-02,-9.260243177413940430e-02,3.770180419087409973e-02,9.441210329532623291e-02,-1.407550834119319916e-02,9.665596298873424530e-03,1.005153730511665344e-02,-8.264198899269104004e-02,-4.951859638094902039e-02,6.557866930961608887e-02,1.128308698534965515e-01,7.257024943828582764e-02,6.155816838145256042e-02,-5.433622747659683228e-02,3.161707194522023201e-03,1.472637206315994263e-01
-8.841495215892791748e-02,-2.800054252147674561e-01,-6.067477539181709290e-02,-7.035959046334028244e-03,5.765397548675537109e-01,3.628573715686798096e-01,6.678482051938772202e-03,4.304274171590805054e-02,1.000000000000000000e+00,5.910162329673767090e-01,-1.919198967516422272e-02,6.462089717388153076e-02,-1.511029899120330811e-03,-1.521285623311996460e-01,4.598631262779235840e-01,1.810327768325805664e-01,-2.810989692807197571e-02,-2.095676958560943604e-01,3.497558413073420525e-03,-1.006690636277198792e-01,1.132225170731544495e-01,2.068495005369186401e-01,-5.857947468757629395e-02,-9.569381177425384521e-02,-8.500545471906661987e-02,1.543864905834197998e-01,1.801143735647201538e-01,3.801117837429046631e-01,-3.220542334020137787e-03,-3.924215584993362427e-02,1.377536356449127197e-02,1.173890195786952972e-02,-1.474604010581970215e-01,-1.734719574451446533e-01,-1.254374384880065918e-01,-2.523735724389553070e-02,-1.184428781270980835e-01,5.080464109778404236e-02,-1.294096559286117554e-01,-1.496503800153732300e-01,-2.391999587416648865e-02,3.768526390194892883e-02,-6.277353316545486450e-02,-7.745962589979171753e-02,-1.317657381296157837e-01,-1.281412988901138306e-01,-8.140776306390762329e-02,2.155802212655544281e-03,-2.120288908481597900e-01,-1.706942468881607056e-01,-1.499160975217819214e-01,-1.035092249512672424e-01,-1.046833917498588562e-01,-4.004086926579475403e-02,-1.244474425911903381e-01,-1.094499602913856506e-01,-2.023008018732070923e-01,-2.755331695079803467e-01,-2.182196229696273804e-01,-1.651746779680252075e-01,-1.039276123046875000e-01,-9.378004074096679688e-02,-8.935524523258209229e-02,-1.807581186294555664e-01,1.543699502944946289e-01,-4.350947216153144836e-02,-2.700020968914031982e-01,-1.176773309707641602e-01,-2.688252925872802734e-01,-8.329828828573226929e-02,1.090886667370796204e-01,2.602724134922027588e-01,1.584874540567398071e-01,1.218951269984245300e-01,6.844936311244964600e-02,1.537270098924636841e-01,-1.094956025481224060e-01,-6.825522333383560181e-02,-1.609383821487426758e-01,-1.828542351722717285e-01,-1.086604893207550049e-01,-3.360355794429779053e-01,-1.562552005052566528e-01,-1.376722306013107300e-01,-1.708621978759765625e-01,3.779185935854911804e-03,-1.798562519252300262e-02,4.568072501569986343e-03,5.123477056622505188e-02,-4.219036921858787537e-02,3.063482791185379028e-02,7.524193823337554932e-02,1.707804575562477112e-02,5.141023080796003342e-03,-4.234987124800682068e-02,-9.089966863393783569e-02,-1.520730257034301758e-01,-5.452144518494606018e-02,-1.105257347226142883e-01,-6.074338778853416443e-02,6.367853283882141113e-02,-8.941789716482162476e-02,5.503477156162261963e-02,-1.286925226449966431e-01,-9.499279409646987915e-02,-1.839599162340164185e-01,2.124430146068334579e-03,3.229247778654098511e-02,-5.545864626765251160e-02,-4.706716910004615784e-02,-2.340427935123443604e-01,-1.212001293897628784e-01,-4.757262393832206726e-02,-5.783504992723464966e-02,-8.858722634613513947e-03,-1.414560675621032715e-01
-1.903078854084014893e-01,-1.411763131618499756e-01,-2.619070410728454590e-01,2.179533541202545166e-01,3.656430244445800781e-01,5.930742025375366211e-01,-1.791789680719375610e-01,2.662361860275268555e-01,5.910162329673767090e-01,1.000000000000000000e+00,8.437524549663066864e-03,1.490608453750610352e-01,-5.018197931349277496e-03,1.532484740018844604e-01,2.816828787326812744e-01,4.206391274929046631e-01,1.893856190145015717e-02,-6.640607118606567383e-02,-7.312548905611038208e-02,6.446637678891420364e-03,1.232816185802221298e-02,1.704964786767959595e-01,-1.475580781698226929e-01,5.152006074786186218e-02,-1.313855648040771484e-01,2.004281431436538696e-01,1.281351149082183838e-01,3.614272177219390869e-01,4.778309911489486694e-02,-2.063650451600551605e-02,-7.581811398267745972e-02,6.186191365122795105e-02,-1.469777673482894897e-01,-1.159240119159221649e-02,-8.156196773052215576e-02,6.776636093854904175e-02,5.432975664734840393e-02,5.072291195392608643e-02,-1.544440984725952148e-01,-7.937694340944290161e-02,6.367763876914978027e-02,1.751277782022953033e-02,-4.510392248630523682e-02,3.360188007354736328e-02,-7.367226481437683105e-02,-2.407358027994632721e-03,-1.681046374142169952e-02,7.754677534103393555e-02,-2.632706463336944580e-01,-5.755316466093063354e-02,-2.284342497587203979e-01,-4.650569707155227661e-02,-1.834824234247207642e-01,-1.118524298071861267e-01,-9.851536899805068970e-02,-4.785665124654769897e-02,-2.078749686479568481e-01,-2.436097711324691772e-01,-2.109649479389190674e-01,-1.428044587373733521e-01,-1.388002932071685791e-01,4.210910946130752563e-02,-7.432672381401062012e-02,-2.451067976653575897e-02,3.543820930644869804e-03,8.689107000827789307e-02,-2.218439280986785889e-01,-3.552646189928054810e-02,-1.972758620977401733e-01,-1.702947467565536499e-01,9.394163638353347778e-02,2.501646578311920166e-01,1.952959746122360229e-01,1.913471668958663940e-01,1.758897900581359863e-01,2.171389013528823853e-01,-1.060030609369277954e-02,3.177454695105552673e-02,-1.380465924739837646e-01,-6.523669511079788208e-02,-6.834445148706436157e-02,-1.787668764591217041e-01,-2.358069568872451782e-01,-1.700235456228256226e-01,-1.809918135404586792e-01,7.998303323984146118e-02,-1.234267801046371460e-01,9.283164888620376587e-02,-4.495662823319435120e-02,1.996854245662689209e-01,8.531539142131805420e-02,-1.174463052302598953e-02,1.741567160934209824e-03,-5.878040939569473267e-02,-4.634845629334449768e-02,-1.292216777801513672e-01,-7.351095229387283325e-02,5.935372412204742432e-02,-4.660574719309806824e-02,-1.003817468881607056e-02,1.943054944276809692e-01,-6.014315783977508545e-02,1.565804332494735718e-01,1.114304736256599426e-02,8.284453302621841431e-03,-1.393138617277145386e-01,-3.215496242046356201e-02,-3.396607190370559692e-02,-4.454097151756286621e-02,-5.567756667733192444e-02,-1.552437692880630493e-01,-2.989720180630683899e-02,-2.810665033757686615e-02,-7.572772353887557983e-02,1.310313679277896881e-02,-1.563900411128997803e-01
3.499911129474639893e-01,1.050266250967979431e-01,1.743576973676681519e-01,9.766197949647903442e-02,2.946315333247184753e-02,-3.507751738652586937e-03,1.682460308074951172e-01,4.587915167212486267e-02,-1.919198967516422272e-02,8.437524549663066864e-03,1.000000000000000000e+00,1.804222017526626587e-01,6.153915524482727051e-01,2.735925912857055664e-01,2.090186178684234619e-01,2.547218091785907745e-02,4.626658558845520020e-01,1.680306494235992432e-01,2.743014097213745117e-01,1.577433943748474121e-01,-1.166355088353157043e-01,-1.310518682003021240e-01,1.135135367512702942e-01,1.355838179588317871e-01,-1.135981734842061996e-02,3.763908147811889648e-02,-1.214399859309196472e-01,-5.671969801187515259e-02,4.493028819561004639e-01,2.087640017271041870e-01,2.777418792247772217e-01,2.590629756450653076e-01,1.495494246482849121e-01,1.178649812936782837e-01,-5.321570858359336853e-02,-4.857072979211807251e-02,9.949016571044921875e-02,5.957009270787239075e-02,-1.944011822342872620e-02,7.119230180978775024e-02,1.897662505507469177e-02,-1.546638365834951401e-02,-4.590712487697601318e-03,6.651906669139862061e-02,2.688835840672254562e-03,2.283067442476749420e-02,-1.636959798634052277e-02,1.139764487743377686e-01,8.720891922712326050e-02,1.692344546318054199e-01,6.372044980525970459e-02,2.305431663990020752e-01,-8.861105889081954956e-02,-1.070244088768959045e-01,-4.871387034654617310e-02,5.926600098609924316e-02,1.291552782058715820e-01,8.246196061372756958e-02,1.003869622945785522e-01,4.771076142787933350e-02,1.133513823151588440e-01,8.534570783376693726e-02,1.303018033504486084e-01,1.810118705034255981e-01,-1.081661432981491089e-01,1.619373559951782227e-01,1.142121925950050354e-01,3.256355226039886475e-02,1.056066378951072693e-01,1.784077882766723633e-01,2.154693305492401123e-01,3.746895864605903625e-02,2.696111798286437988e-01,1.534699797630310059e-01,2.570313811302185059e-01,1.099343001842498779e-01,1.942073851823806763e-01,1.976452916860580444e-01,4.177082777023315430e-01,1.207355484366416931e-01,1.856375336647033691e-01,8.436581492424011230e-02,-1.132448539137840271e-01,-7.665814459323883057e-02,9.659685194492340088e-02,1.701170802116394043e-01,-3.623946104198694229e-03,1.337166130542755127e-01,-1.289302557706832886e-01,1.279271766543388367e-02,-1.325069218873977661e-01,-1.080171167850494385e-01,-1.895989775657653809e-01,-7.703556120395660400e-02,1.864580512046813965e-01,9.334803372621536255e-02,1.340755671262741089e-01,1.509334594011306763e-01,-2.924303291365504265e-03,1.390140969306230545e-02,-1.697459667921066284e-01,-1.631190776824951172e-01,-5.472399666905403137e-02,-2.907995693385601044e-02,-4.695596918463706970e-02,2.667835168540477753e-02,5.833637714385986328e-02,-1.274019628763198853e-01,2.259016782045364380e-01,2.989574372768402100e-01,2.153835594654083252e-01,1.183968782424926758e-01,-8.903633058071136475e-02,-1.540117263793945312e-01,-1.446815729141235352e-01,-9.501744993031024933e-03
1.624295711517333984e-01,1.177249848842620850e-01,-2.090248316526412964e-01,3.147701919078826904e-01,-4.376637190580368042e-02,1.596206724643707275e-01,-1.324769258499145508e-01,5.012062191963195801e-01,6.462089717388153076e-02,1.490608453750610352e-01,1.804222017526626587e-01,1.000000000000000000e+00,2.374358624219894409e-01,5.142186284065246582e-01,-3.453291207551956177e-02,3.651473820209503174e-01,2.812129855155944824e-01,2.459309995174407959e-01,2.278514057397842407e-01,3.199006915092468262e-01,-4.992232844233512878e-02,-6.566196680068969727e-02,-1.001794859766960144e-01,1.455577742308378220e-02,-3.857258558273315430e-01,-2.976941466331481934e-01,-1.865849494934082031e-01,-6.264187395572662354e-02,1.155409291386604309e-01,1.897603124380111694e-01,-3.804926946759223938e-02,1.323029547929763794e-01,1.688272655010223389e-01,2.910254001617431641e-01,-2.607730031013488770e-02,8.657274395227432251e-02,5.857560783624649048e-02,-2.567895501852035522e-02,-3.586980700492858887e-02,1.482667122036218643e-02,6.822632998228073120e-02,3.986770287156105042e-02,-8.441273868083953857e-02,-6.217249482870101929e-02,-7.061690557748079300e-03,-4.792758449912071228e-02,-6.975355744361877441e-02,1.483102887868881226e-02,-8.002052456140518188e-02,-5.574362725019454956e-02,-1.198986172676086426e-01,-1.481375545263290405e-01,-1.737563312053680420e-01,-1.336802691221237183e-01,-1.346872374415397644e-02,-3.808890655636787415e-02,4.906694218516349792e-02,-8.701632171869277954e-02,8.225818723440170288e-02,6.456118542701005936e-03,1.943178027868270874e-01,1.149040758609771729e-01,3.256255090236663818e-01,-3.126551955938339233e-02,2.443574815988540649e-01,1.250421162694692612e-02,-9.507469087839126587e-02,3.055539168417453766e-02,7.626339793205261230e-03,7.071314752101898193e-02,-8.677299320697784424e-02,5.003872141242027283e-02,1.090508103370666504e-01,3.484225273132324219e-01,5.876781418919563293e-02,2.740863263607025146e-01,1.029224172234535217e-01,1.219660639762878418e-01,2.563984692096710205e-01,1.207706481218338013e-01,1.287221163511276245e-01,-6.743144989013671875e-02,-4.281640425324440002e-02,-6.012995913624763489e-02,-1.645090281963348389e-01,-8.381662517786026001e-02,-1.370443254709243774e-01,3.223007917404174805e-02,-5.564721301198005676e-02,-2.612535841763019562e-02,9.235617704689502716e-03,-3.800315037369728088e-02,-1.221479102969169617e-02,-9.437637776136398315e-02,3.677646443247795105e-02,1.240921206772327423e-02,-2.524239942431449890e-02,9.951151907444000244e-02,2.211691439151763916e-02,1.163747832179069519e-01,8.938917517662048340e-02,-6.012997031211853027e-02,1.487738490104675293e-01,8.014080673456192017e-02,-3.755181282758712769e-02,-1.048015803098678589e-01,-9.737879037857055664e-02,-5.879414733499288559e-03,7.028222084045410156e-02,1.413314938545227051e-01,4.732327535748481750e-02,5.523072183132171631e-02,-4.733785614371299744e-02,-1.364749670028686523e-01,1.315426267683506012e-02,3.937418013811111450e-02
4.387824535369873047e-01,1.367814838886260986e-01,8.042357116937637329e-02,1.228615641593933105e-01,-6.243002414703369141e-02,-8.926044404506683350e-02,3.248954117298126221e-01,1.743139624595642090e-01,-1.511029899120330811e-03,-5.018197931349277496e-03,6.153915524482727051e-01,2.374358624219894409e-01,1.000000000000000000e+00,3.138977289199829102e-01,2.231922596693038940e-01,-1.384566072374582291e-02,4.291968941688537598e-01,1.681913137435913086e-01,2.134413421154022217e-01,1.935516297817230225e-01,-9.230275452136993408e-02,-9.851983934640884399e-02,-4.956187680363655090e-02,-2.091515436768531799e-02,-1.661275029182434082e-01,-1.429349631071090698e-01,-1.107664480805397034e-01,-7.542617619037628174e-02,3.955889940261840820e-01,1.876056790351867676e-01,2.178555577993392944e-01,1.764102727174758911e-01,2.285383641719818115e-01,2.146422564983367920e-01,-7.830540835857391357e-02,-6.008832529187202454e-02,1.719506531953811646e-01,1.641939431428909302e-01,5.109700560569763184e-02,9.591849893331527710e-02,-6.937182042747735977e-03,8.014153689146041870e-02,3.868836537003517151e-02,8.363778889179229736e-02,3.567598760128021240e-02,2.542862854897975922e-02,6.430187262594699860e-03,1.463009864091873169e-01,1.203417256474494934e-01,1.790838092565536499e-01,2.359304577112197876e-02,1.805170029401779175e-01,-5.211703851819038391e-02,-9.999768435955047607e-02,-9.209112264215946198e-03,4.275551065802574158e-02,1.689961403608322144e-01,9.651738405227661133e-02,2.004760205745697021e-01,9.298929572105407715e-02,2.464221566915512085e-01,1.974906772375106812e-01,2.741800248622894287e-01,2.674806118011474609e-01,-5.851785838603973389e-02,1.873816996812820435e-01,1.367872208356857300e-01,2.227336354553699493e-02,1.969102323055267334e-01,2.165624499320983887e-01,2.642649412155151367e-01,9.448392689228057861e-02,2.759554982185363770e-01,1.490104347467422485e-01,2.079920172691345215e-01,9.304500371217727661e-02,2.881929874420166016e-01,2.837797701358795166e-01,2.768740653991699219e-01,1.175023168325424194e-01,2.419010698795318604e-01,1.004833132028579712e-01,-5.332635343074798584e-02,4.956420138478279114e-02,5.925615783780813217e-03,6.388376653194427490e-02,-9.975586831569671631e-02,5.889960005879402161e-02,-1.074551120400428772e-01,-9.023062139749526978e-02,-1.412004828453063965e-01,-1.502272039651870728e-01,-2.280525863170623779e-01,-1.558877378702163696e-01,9.693577140569686890e-02,3.412505611777305603e-02,1.245571672916412354e-01,1.242465525865554810e-01,2.758871018886566162e-02,3.738338872790336609e-02,-1.258592605590820312e-01,-7.857695966958999634e-02,-6.208702456206083298e-03,5.946521088480949402e-02,7.788222283124923706e-03,1.053799316287040710e-01,3.924416750669479370e-02,-6.146215274930000305e-02,1.316847056150436401e-01,2.388748973608016968e-01,2.331604808568954468e-01,1.645354926586151123e-01,-9.992164559662342072e-04,-5.045332387089729309e-02,-4.805627837777137756e-02,5.971632897853851318e-02
