1.000000000000000000e+00,4.772301018238067627e-01,3.651436269283294678e-01,3.822391629219055176e-01,1.989876329898834229e-01,1.473271846771240234e-01,4.704094827175140381e-01,3.111387193202972412e-01,2.309313714504241943e-01,1.589209288358688354e-01,4.348716139793395996e-01,4.151986241340637207e-01,3.500780463218688965e-01,1.498605757951736450e-01,2.446581423282623291e-01,1.481344699859619141e-01,3.621964454650878906e-01,4.264922440052032471e-01,2.676603496074676514e-01,2.759283781051635742e-01,2.127388864755630493e-01,3.190394341945648193e-01,2.871724069118499756e-01,2.962738871574401855e-01,1.064623072743415833e-01,2.260115444660186768e-01,3.376388251781463623e-01,3.698915839195251465e-01,3.419749140739440918e-01,2.141834348440170288e-01,3.222056329250335693e-01,3.763268589973449707e-01,2.736910879611968994e-01,3.079794943332672119e-01,2.795455157756805420e-01,2.066538035869598389e-01,2.242931276559829712e-01,5.057830736041069031e-02,2.789683341979980469e-01,9.705755859613418579e-02,3.364657238125801086e-02,1.733830571174621582e-02,5.914852023124694824e-02,9.784944355487823486e-02,-1.449644118547439575e-01,-6.174237281084060669e-02,2.524454891681671143e-01,1.856728494167327881e-01,-1.824084073305130005e-01,-8.100374788045883179e-02,-1.073571816086769104e-01,-5.435268208384513855e-02,1.588212549686431885e-01,1.443053632974624634e-01,3.252638578414916992e-01,2.025810480117797852e-01,6.140056848526000977e-01,4.203982949256896973e-01,2.755339741706848145e-01,1.311833411455154419e-01,4.316884577274322510e-01,3.656566739082336426e-01,4.540278315544128418e-01,3.723923265933990479e-01,2.896866202354431152e-01,5.948251113295555115e-02,3.123020529747009277e-01,2.943677306175231934e-01,3.330324888229370117e-01,3.236708045005798340e-01,4.259766340255737305e-01,3.871582448482513428e-01,7.592879980802536011e-02,1.896412074565887451e-01,2.006267756223678589e-01,1.888637244701385498e-01,2.784767150878906250e-01,2.602872252464294434e-01,1.934221088886260986e-01,2.818033695220947266e-01,5.352735519409179688e-01,3.311260044574737549e-01,2.211584001779556274e-01,1.564879864454269409e-01,4.740916788578033447e-01,3.736320734024047852e-01,1.776079088449478149e-01,-2.755897678434848785e-02,3.337180018424987793e-01,2.015027552843093872e-01,4.350467622280120850e-01,3.676152825355529785e-01,3.558098077774047852e-01,3.976043164730072021e-01,1.952926069498062134e-01,1.993648558855056763e-01,3.520741462707519531e-01,2.196757793426513672e-01,3.611595332622528076e-01,3.412851393222808838e-01,3.711822628974914551e-01,3.656447529792785645e-01,4.625348746776580811e-01,3.740101754665374756e-01,4.454125463962554932e-01,3.860371708869934082e-01,3.523008227348327637e-01,2.993334531784057617e-01,3.376659452915191650e-01,1.812861561775207520e-01,2.561447918415069580e-01,3.715239465236663818e-01,4.227605164051055908e-01,4.202690124511718750e-01,3.868056535720825195e-01,4.150013625621795654e-01
4.772301018238067627e-01,1.000000000000000000e+00,2.426609992980957031e-01,3.842049837112426758e-01,1.572872996330261230e-01,3.290885686874389648e-01,1.828176081180572510e-01,5.021485090255737305e-01,3.524302318692207336e-02,2.469559162855148315e-01,3.173903375864028931e-02,4.133043885231018066e-01,3.125841030851006508e-03,3.117180764675140381e-01,-5.954709649085998535e-02,2.989468574523925781e-01,1.189737096428871155e-01,3.954040110111236572e-01,1.791607290506362915e-01,2.661330401897430420e-01,1.340015828609466553e-01,1.625334620475769043e-01,3.026884794235229492e-02,8.499030023813247681e-02,2.094143182039260864e-01,2.637517154216766357e-01,4.038789272308349609e-01,3.625288605690002441e-01,1.290896385908126831e-01,4.559842050075531006e-01,2.055828571319580078e-01,2.535043656826019287e-01,2.299397736787796021e-01,2.443271577358245850e-01,2.558811008930206299e-01,3.093375861644744873e-01,1.376304328441619873e-01,4.313358664512634277e-01,1.496473997831344604e-01,4.382585287094116211e-01,6.688147038221359253e-02,2.896027266979217529e-01,1.062195524573326111e-01,2.569019198417663574e-01,5.907885264605283737e-03,3.033432662487030029e-01,1.608136594295501709e-01,4.069416821002960205e-01,-9.347694367170333862e-02,1.573938280344009399e-01,-1.831218600273132324e-01,9.520833194255828857e-02,1.583348214626312256e-02,4.119908809661865234e-01,1.309606283903121948e-01,4.975749850273132324e-01,3.049107789993286133e-01,6.956650614738464355e-01,3.777514994144439697e-01,2.815449833869934082e-01,2.146728932857513428e-01,6.059046983718872070e-01,1.022738441824913025e-01,6.246938705444335938e-01,3.795903176069259644e-02,3.392757475376129150e-01,4.304933845996856689e-01,5.584821701049804688e-01,3.887078762054443359e-01,5.450827479362487793e-01,2.633404731750488281e-01,1.977404654026031494e-01,-4.353764466941356659e-03,2.120260298252105713e-01,1.431647390127182007e-01,1.303788721561431885e-01,2.799960970878601074e-01,2.836978435516357422e-01,1.876383125782012939e-01,3.670592308044433594e-01,7.405897974967956543e-02,5.190496444702148438e-01,-2.022501453757286072e-02,3.469717204570770264e-01,7.616270333528518677e-02,5.728396177291870117e-01,5.444294586777687073e-02,1.994932144880294800e-01,2.898993715643882751e-02,4.905938208103179932e-01,1.770003288984298706e-01,3.596555888652801514e-01,1.374668329954147339e-01,2.690980434417724609e-01,8.840311318635940552e-02,2.917052209377288818e-01,1.566163003444671631e-01,2.160666137933731079e-01,1.201512888073921204e-01,4.573874175548553467e-01,1.043550521135330200e-01,2.257708609104156494e-01,1.874653398990631104e-01,2.679556012153625488e-01,2.063854485750198364e-01,2.622655332088470459e-01,1.929094940423965454e-01,3.318335711956024170e-01,2.145881354808807373e-01,1.398876607418060303e-01,2.916005849838256836e-01,3.896572291851043701e-01,3.594784140586853027e-01,2.138047814369201660e-01,2.270160913467407227e-01,1.649469286203384399e-01
3.651436269283294678e-01,2.426609992980957031e-01,1.000000000000000000e+00,6.792656183242797852e-01,4.009229838848114014e-01,2.849221229553222656e-01,6.180864572525024414e-01,4.446516633033752441e-01,3.888872563838958740e-01,2.355781793594360352e-01,2.779585123062133789e-01,2.194721102714538574e-01,4.473957419395446777e-01,2.818751633167266846e-01,3.404226601123809814e-01,2.305404096841812134e-01,4.078664481639862061e-01,2.285599857568740845e-01,4.379096627235412598e-01,3.726693987846374512e-01,3.570802211761474609e-01,4.390013217926025391e-01,6.126845479011535645e-01,5.022432804107666016e-01,3.596310615539550781e-01,3.774674832820892334e-01,5.158176422119140625e-01,3.625707626342773438e-01,2.552465498447418213e-01,2.529768943786621094e-01,5.835406780242919922e-01,5.715864896774291992e-01,2.435181885957717896e-01,3.235438168048858643e-01,8.746714890003204346e-02,-3.147957101464271545e-02,-5.265096947550773621e-02,-9.731698036193847656e-02,8.491374552249908447e-02,7.271214574575424194e-02,-1.015445664525032043e-01,5.973496288061141968e-02,1.592495888471603394e-01,1.930239051580429077e-01,-4.769845679402351379e-02,1.099089831113815308e-01,2.570627033710479736e-01,1.744485348463058472e-01,-4.860386997461318970e-02,-1.443482283502817154e-02,-8.711393177509307861e-02,-4.749759659171104431e-02,1.275579780340194702e-01,-2.293868456035852432e-03,3.278738856315612793e-01,2.057526707649230957e-01,3.163920938968658447e-01,1.003998592495918274e-01,1.411739587783813477e-01,-1.186187788844108582e-01,1.430676281452178955e-01,1.453737467527389526e-01,2.784920632839202881e-01,1.980390995740890503e-01,6.393830478191375732e-02,-1.747409626841545105e-02,-2.204565890133380890e-02,3.747430443763732910e-02,4.292499646544456482e-02,2.243279665708541870e-02,5.548263788223266602e-01,4.514723122119903564e-01,-8.017532527446746826e-02,2.216166108846664429e-01,1.815840303897857666e-01,1.524731665849685669e-01,9.866632521152496338e-02,1.381515711545944214e-01,9.680788964033126831e-02,1.826185286045074463e-01,2.726968526840209961e-01,2.044135481119155884e-01,2.846984565258026123e-01,2.342716008424758911e-01,3.304716348648071289e-01,2.463595718145370483e-01,1.570608317852020264e-01,5.536906421184539795e-02,3.797212839126586914e-01,1.951574385166168213e-01,3.163598179817199707e-01,1.856065243482589722e-01,1.902221441268920898e-01,1.834465712308883667e-01,7.115701586008071899e-02,-1.161349266767501831e-01,2.861696481704711914e-01,1.892118901014328003e-01,2.917518615722656250e-01,2.044902592897415161e-01,2.635157108306884766e-01,2.207589894533157349e-01,3.491358458995819092e-01,2.370265275239944458e-01,2.958692312240600586e-01,2.047133743762969971e-01,2.410687357187271118e-01,1.790304481983184814e-01,2.058957368135452271e-01,1.821260303258895874e-01,2.394479960203170776e-01,2.760804593563079834e-01,2.559673786163330078e-01,3.369866609573364258e-01,1.150002852082252502e-01,1.427083313465118408e-01
3.822391629219055176e-01,3.842049837112426758e-01,6.792656183242797852e-01,1.000000000000000000e+00,3.306354880332946777e-01,3.238937556743621826e-01,5.474779009819030762e-01,5.791708827018737793e-01,2.764059603214263916e-01,2.071305662393569946e-01,2.330668717622756958e-01,3.267844319343566895e-01,3.787122070789337158e-01,3.133183419704437256e-01,2.222836613655090332e-01,1.818754076957702637e-01,3.272107839584350586e-01,2.109317481517791748e-01,5.282752513885498047e-01,4.896131157875061035e-01,2.606475353240966797e-01,3.795315921306610107e-01,5.228829979896545410e-01,4.391015768051147461e-01,2.920438349246978760e-01,3.920617997646331787e-01,5.197442173957824707e-01,3.788562417030334473e-01,3.651601970195770264e-01,3.323152661323547363e-01,4.942726492881774902e-01,5.300646424293518066e-01,1.272939443588256836e-01,2.427760511636734009e-01,2.134149670600891113e-01,3.884154558181762695e-02,5.549305304884910583e-02,3.379390016198158264e-02,1.193144470453262329e-01,1.648413836956024170e-01,3.669163584709167480e-02,1.166769266128540039e-01,1.403278410434722900e-01,1.629687696695327759e-01,3.432759642601013184e-02,1.052561625838279724e-01,1.989086866378784180e-01,2.139672935009002686e-01,3.504027146846055984e-03,2.185229398310184479e-02,-7.978744804859161377e-03,7.674585562199354172e-03,1.331806778907775879e-01,7.992061972618103027e-02,2.280964702367782593e-01,1.923809498548507690e-01,2.277015745639801025e-01,1.770206242799758911e-01,1.806450784206390381e-01,7.307804655283689499e-03,1.095130369067192078e-01,2.146300375461578369e-01,1.856536716222763062e-01,3.011309504508972168e-01,7.083760946989059448e-02,9.292113035917282104e-02,5.184312909841537476e-02,6.039929762482643127e-02,1.561792492866516113e-01,1.134761869907379150e-01,4.885403215885162354e-01,4.503540396690368652e-01,1.364173833280801773e-02,2.549058794975280762e-01,2.405192106962203979e-01,2.122654616832733154e-01,1.872071772813796997e-01,2.067236751317977905e-01,9.553275257349014282e-02,2.051263898611068726e-01,2.189561426639556885e-01,2.506400644779205322e-01,1.980090737342834473e-01,1.794983446598052979e-01,2.323762327432632446e-01,3.158288300037384033e-01,1.186674162745475769e-01,1.444047084078192711e-03,2.374618202447891235e-01,2.319452613592147827e-01,1.855864673852920532e-01,1.289867162704467773e-01,7.592077553272247314e-02,1.015699729323387146e-01,3.918491303920745850e-02,4.562631621956825256e-02,2.105764448642730713e-01,1.546525806188583374e-01,1.757118254899978638e-01,2.001527845859527588e-01,6.574387103319168091e-02,9.621243178844451904e-02,2.110458761453628540e-01,1.130835935473442078e-01,1.880180090665817261e-01,1.485968530178070068e-01,1.883569955825805664e-01,1.633861809968948364e-01,2.368722110986709595e-01,1.289298981428146362e-01,2.428545504808425903e-01,2.602871060371398926e-01,2.206590026617050171e-01,2.112864851951599121e-01,9.149900078773498535e-02,1.085277497768402100e-01
1.989876329898834229e-01,1.572872996330261230e-01,4.009229838848114014e-01,3.306354880332946777e-01,1.000000000000000000e+00,7.041285037994384766e-01,4.535942375659942627e-01,2.392227649688720703e-01,7.750754952430725098e-01,6.606657505035400391e-01,3.151046037673950195e-01,2.718810141086578369e-01,5.174624323844909668e-01,4.535677731037139893e-01,6.444075703620910645e-01,5.734521150588989258e-01,3.095672726631164551e-01,1.754444539546966553e-01,1.942979693412780762e-01,1.990830898284912109e-01,4.388271868228912354e-01,4.387448728084564209e-01,3.768327236175537109e-01,4.177839159965515137e-01,7.992852926254272461e-01,6.688497662544250488e-01,7.130747437477111816e-01,6.116442680358886719e-01,2.790149152278900146e-01,2.806488275527954102e-01,5.953246951103210449e-01,4.824473261833190918e-01,1.595486700534820557e-02,2.864204533398151398e-02,-2.259526848793029785e-01,-2.507917284965515137e-01,-1.464872248470783234e-02,-2.938311919569969177e-02,1.690475642681121826e-01,2.275494188070297241e-01,6.828676909208297729e-02,1.414646804332733154e-01,4.574983194470405579e-02,1.120968386530876160e-01,1.697660833597183228e-01,2.774691879749298096e-01,2.094270288944244385e-01,2.011233866214752197e-01,2.143431305885314941e-01,1.550192683935165405e-01,-2.082150243222713470e-02,5.755320936441421509e-02,2.925773859024047852e-01,2.008854746818542480e-01,3.522500097751617432e-01,3.100694417953491211e-01,2.194382101297378540e-01,5.204856768250465393e-02,-2.095356583595275879e-02,-5.756795406341552734e-02,1.050983965396881104e-01,2.643584460020065308e-02,1.325284540653228760e-01,8.947712182998657227e-02,-4.017908871173858643e-02,6.601569801568984985e-02,-2.181439995765686035e-01,-6.492296606302261353e-02,-3.887371346354484558e-02,-2.001736126840114594e-02,2.421995103359222412e-01,2.058684080839157104e-01,1.083385422825813293e-01,2.277873307466506958e-01,9.870935231447219849e-02,7.705710828304290771e-02,-5.057379230856895447e-02,-2.852065488696098328e-03,3.580368682742118835e-02,5.225468799471855164e-02,2.205617725849151611e-01,1.448624134063720703e-01,6.777574419975280762e-01,5.597881674766540527e-01,3.784991800785064697e-01,2.578990161418914795e-01,6.341214179992675781e-01,5.262343287467956543e-01,5.446106195449829102e-01,4.103394150733947754e-01,2.933762967586517334e-01,3.009030818939208984e-01,3.658017218112945557e-01,3.843542039394378662e-01,1.227090209722518921e-01,-1.546616256237030029e-01,2.438183277845382690e-01,2.695009112358093262e-01,2.420342415571212769e-01,2.296464741230010986e-01,3.737869858741760254e-01,3.408532738685607910e-01,3.721447885036468506e-01,4.276203811168670654e-01,3.781542778015136719e-01,3.377109169960021973e-01,1.774734556674957275e-01,1.269102543592453003e-01,1.023917272686958313e-01,1.636044681072235107e-01,1.939493268728256226e-01,2.013776749372482300e-01,2.537195980548858643e-01,3.063610792160034180e-01,1.626468002796173096e-01,9.328614175319671631e-02
1.473271846771240234e-01,3.290885686874389648e-01,2.849221229553222656e-01,3.238937556743621826e-01,7.041285037994384766e-01,1.000000000000000000e+00,2.471959441900253296e-01,3.547403216361999512e-01,4.615535140037536621e-01,7.509957551956176758e-01,1.244785636663436890e-01,3.239497542381286621e-01,2.400677800178527832e-01,5.745986700057983398e-01,3.275779187679290771e-01,6.958873867988586426e-01,1.576729118824005127e-01,1.765490472316741943e-01,1.478735953569412231e-01,1.461964696645736694e-01,3.837990462779998779e-01,4.083168506622314453e-01,1.642746925354003906e-01,2.812880575656890869e-01,7.589623928070068359e-01,7.066054344177246094e-01,7.058976888656616211e-01,6.647160053253173828e-01,1.598696112632751465e-01,4.177811741828918457e-01,5.043246746063232422e-01,4.476929306983947754e-01,7.687811553478240967e-02,7.947469502687454224e-02,-3.074313513934612274e-02,-5.394566687755286694e-04,6.941549479961395264e-02,1.951568871736526489e-01,1.796010434627532959e-01,3.997083008289337158e-01,1.178069412708282471e-01,2.664552330970764160e-01,4.912428185343742371e-02,1.966576576232910156e-01,2.338126897811889648e-01,3.898121118545532227e-01,7.614999264478683472e-02,3.078279197216033936e-01,2.323039770126342773e-01,2.350510805845260620e-01,-8.458802103996276855e-02,5.340181291103363037e-02,1.540496796369552612e-01,3.413318991661071777e-01,1.258102655410766602e-01,3.871920406818389893e-01,7.240197062492370605e-02,1.859986037015914917e-01,1.371128112077713013e-01,8.744582533836364746e-02,9.618992917239665985e-03,1.380101293325424194e-01,-8.085844665765762329e-02,2.298033535480499268e-01,-1.559873819351196289e-01,1.367996186017990112e-01,-6.759361363947391510e-03,1.627401858568191528e-01,6.211821362376213074e-02,1.631380617618560791e-01,2.347415834665298462e-01,2.344910502433776855e-01,1.137952506542205811e-01,2.991324663162231445e-01,1.980396360158920288e-01,2.177781909704208374e-01,1.102228015661239624e-01,1.931521296501159668e-01,-1.002532150596380234e-02,8.927290886640548706e-02,-1.009838469326496124e-02,2.265907078981399536e-01,4.271431267261505127e-01,6.775977611541748047e-01,1.009615585207939148e-01,3.550618588924407959e-01,4.865694940090179443e-01,6.499318480491638184e-01,2.371849417686462402e-01,5.381035208702087402e-01,-3.585741855204105377e-03,1.425442695617675781e-01,8.040803670883178711e-02,2.277362346649169922e-01,9.776918590068817139e-02,-4.898166656494140625e-02,1.479560732841491699e-01,2.217187881469726562e-01,-4.983950871974229813e-03,1.896751374006271362e-01,1.437070369720458984e-01,1.553345173597335815e-01,1.224605366587638855e-01,2.636888027191162109e-01,1.686757802963256836e-01,1.992636322975158691e-01,1.927745155990123749e-02,8.942446112632751465e-02,1.173889562487602234e-01,1.668025702238082886e-01,2.778866291046142578e-01,1.815214604139328003e-01,1.518023014068603516e-01,1.405648142099380493e-01,1.117209643125534058e-01,6.495847553014755249e-02
4.704094827175140381e-01,1.828176081180572510e-01,6.180864572525024414e-01,5.474779009819030762e-01,4.535942375659942627e-01,2.471959441900253296e-01,1.000000000000000000e+00,5.619196891784667969e-01,4.926325082778930664e-01,2.165237367153167725e-01,4.911453127861022949e-01,4.593710601329803467e-01,6.308017373085021973e-01,3.508202731609344482e-01,4.581523239612579346e-01,1.826940029859542847e-01,3.907301425933837891e-01,2.196541428565979004e-01,2.837581336498260498e-01,2.038563638925552368e-01,3.373598158359527588e-01,3.991388678550720215e-01,5.727991461753845215e-01,5.369293689727783203e-01,3.391272127628326416e-01,4.598245918750762939e-01,4.884676933288574219e-01,3.584233224391937256e-01,4.053049385547637939e-01,2.902422845363616943e-01,6.070744991302490234e-01,5.736418962478637695e-01,1.817620992660522461e-01,2.603925466537475586e-01,6.407693773508071899e-02,-7.536394894123077393e-02,4.358469322323799133e-02,-9.039574116468429565e-02,1.409947872161865234e-01,9.495411068201065063e-02,1.174374629044905305e-04,7.057822495698928833e-02,1.528938710689544678e-01,1.210196316242218018e-01,7.805467396974563599e-02,9.469904750585556030e-02,2.291301488876342773e-01,1.452977955341339111e-01,9.705250710248947144e-02,4.533356428146362305e-02,4.898749664425849915e-02,7.477500289678573608e-02,1.755448430776596069e-01,1.468687597662210464e-02,3.892413079738616943e-01,1.712577641010284424e-01,3.151529133319854736e-01,-2.807986224070191383e-03,3.007893636822700500e-02,-1.171519607305526733e-01,1.412840634584426880e-01,5.273763090372085571e-02,3.329891860485076904e-01,1.286110579967498779e-01,9.954931586980819702e-02,4.821171984076499939e-02,-1.054616272449493408e-01,-3.843433037400245667e-02,-5.673129111528396606e-02,-8.143741637468338013e-02,4.780834019184112549e-01,4.145210683345794678e-01,1.411216408014297485e-01,2.767258882522583008e-01,2.217426300048828125e-01,1.880443543195724487e-01,1.298872381448745728e-01,1.242759972810745239e-01,6.173486262559890747e-02,7.880306988954544067e-02,4.069706499576568604e-01,1.678263247013092041e-01,3.928282558917999268e-01,2.177089750766754150e-01,3.744913637638092041e-01,2.208696603775024414e-01,2.493043839931488037e-01,3.467893600463867188e-02,4.004920423030853271e-01,1.932173818349838257e-01,3.126276731491088867e-01,2.038618922233581543e-01,2.571315467357635498e-01,1.735082268714904785e-01,3.754034638404846191e-02,-7.023365795612335205e-02,2.723177671432495117e-01,2.180113345384597778e-01,3.526816964149475098e-01,2.171947658061981201e-01,2.719922363758087158e-01,2.288481593132019043e-01,3.131385147571563721e-01,2.223672419786453247e-01,2.745062708854675293e-01,2.544673383235931396e-01,2.480585873126983643e-01,1.995835751295089722e-01,2.100302875041961670e-01,1.838187575340270996e-01,1.864898353815078735e-01,2.571381330490112305e-01,2.974179089069366455e-01,3.722619414329528809e-01,6.565867364406585693e-02,1.392562538385391235e-01
3.111387193202972412e-01,5.021485090255737305e-01,4.446516633033752441e-01,5.791708827018737793e-01,2.392227649688720703e-01,3.547403216361999512e-01,5.619196891784667969e-01,1.000000000000000000e+00,9.390407055616378784e-02,2.269903868436813354e-01,1.654871702194213867e-01,5.923403501510620117e-01,2.036018669605255127e-01,5.131773948669433594e-01,-2.531369589269161224e-02,2.569468617439270020e-01,1.098615601658821106e-01,2.515079677104949951e-01,2.089181691408157349e-01,1.778919100761413574e-01,1.323596239089965820e-01,1.687223166227340698e-01,2.753188312053680420e-01,2.887906134128570557e-01,2.859184145927429199e-01,4.103779196739196777e-01,4.703347384929656982e-01,3.259360194206237793e-01,1.562715917825698853e-01,4.529517292976379395e-01,3.647947907447814941e-01,3.796404898166656494e-01,1.201255694031715393e-01,2.158202528953552246e-01,2.210299819707870483e-01,1.882088631391525269e-01,3.535848110914230347e-02,2.559744417667388916e-01,5.198775231838226318e-02,2.917880713939666748e-01,-5.851199384778738022e-04,2.259313613176345825e-01,7.299603521823883057e-02,2.097254842519760132e-01,1.235232353210449219e-01,2.764952480792999268e-01,3.841000795364379883e-02,2.794440686702728271e-01,7.306950539350509644e-02,1.579304337501525879e-01,-1.423193607479333878e-02,1.742458045482635498e-01,1.861955784261226654e-02,2.591337859630584717e-01,1.234137937426567078e-01,3.592136502265930176e-01,4.778869822621345520e-02,3.059368133544921875e-01,1.887947469949722290e-01,9.739182889461517334e-02,-5.456246808171272278e-02,2.988381981849670410e-01,5.912629142403602600e-02,4.307642579078674316e-01,-1.161907464265823364e-01,2.023267298936843872e-01,9.717439115047454834e-02,2.422371506690979004e-01,8.838854730129241943e-02,1.498115509748458862e-01,3.401625752449035645e-01,3.146009147167205811e-01,3.886353969573974609e-02,2.042160183191299438e-01,1.941962987184524536e-01,1.776101589202880859e-01,2.246699929237365723e-01,2.387971431016921997e-01,2.532366290688514709e-02,1.173859834671020508e-01,4.464663565158843994e-02,3.451833724975585938e-01,-7.194949779659509659e-03,3.365285694599151611e-01,-4.431977123022079468e-02,4.221172630786895752e-01,-2.610251866281032562e-02,8.943251520395278931e-02,-2.676575444638729095e-02,3.799628317356109619e-01,-4.020598903298377991e-02,6.908507645130157471e-02,-1.159422993659973145e-01,-7.998288422822952271e-02,-7.972558587789535522e-02,9.429565817117691040e-02,5.074207112193107605e-02,1.113933697342872620e-01,2.340284362435340881e-02,2.726798951625823975e-01,-3.202905878424644470e-02,-5.210148543119430542e-02,-4.222550243139266968e-02,-5.136343650519847870e-03,2.585217915475368500e-02,6.867559254169464111e-02,9.419897198677062988e-02,2.694628536701202393e-01,1.145800873637199402e-01,8.502860367298126221e-02,1.981871426105499268e-01,1.891516745090484619e-01,1.300158798694610596e-01,1.284248679876327515e-01,7.026979234069585800e-03,2.994817215949296951e-03
2.309313714504241943e-01,3.524302318692207336e-02,3.888872563838958740e-01,2.764059603214263916e-01,7.750754952430725098e-01,4.615535140037536621e-01,4.926325082778930664e-01,9.390407055616378784e-02,1.000000000000000000e+00,5.194356441497802734e-01,4.477830827236175537e-01,2.020677924156188965e-01,6.577423810958862305e-01,3.245797157287597656e-01,7.780774831771850586e-01,4.353354871273040771e-01,4.100914299488067627e-01,2.169525325298309326e-01,2.047997415065765381e-01,1.982289701700210571e-01,4.145900905132293701e-01,4.429523646831512451e-01,4.479044079780578613e-01,4.264870584011077881e-01,6.039526462554931641e-01,5.419241786003112793e-01,5.645285844802856445e-01,4.956774115562438965e-01,4.197715222835540771e-01,2.487245202064514160e-01,5.758511424064636230e-01,4.621119201183319092e-01,2.246882766485214233e-02,3.561709076166152954e-02,-2.159929424524307251e-01,-3.481241762638092041e-01,-5.998044833540916443e-02,-1.552784293889999390e-01,1.146566718816757202e-01,1.185483857989311218e-01,4.967606812715530396e-02,5.896978452801704407e-02,1.025698855519294739e-01,6.690063327550888062e-02,1.327617317438125610e-01,1.440250575542449951e-01,3.217757940292358398e-01,1.042269542813301086e-01,2.127114534378051758e-01,5.721520632505416870e-02,2.787681855261325836e-02,6.577169056981801987e-03,3.760979473590850830e-01,1.005419939756393433e-01,4.892260134220123291e-01,2.595085799694061279e-01,3.423469364643096924e-01,-3.928539156913757324e-02,-1.042508110404014587e-01,-1.370271444320678711e-01,1.790788322687149048e-01,-6.392646580934524536e-02,2.998825907707214355e-01,6.157666444778442383e-03,1.003883779048919678e-01,5.132309347391128540e-02,-2.413617223501205444e-01,-1.707197129726409912e-01,-6.414024531841278076e-02,-1.063195690512657166e-01,2.457269132137298584e-01,2.001534402370452881e-01,1.033824160695075989e-01,2.508201599121093750e-01,6.952673941850662231e-02,4.445018619298934937e-02,-9.499183297157287598e-02,-6.242631748318672180e-02,7.645696401596069336e-02,6.567614525556564331e-02,3.774842917919158936e-01,1.461385339498519897e-01,7.449141740798950195e-01,4.179573059082031250e-01,5.349969863891601562e-01,1.724309176206588745e-01,6.153423786163330078e-01,3.802346289157867432e-01,6.883980631828308105e-01,2.932244837284088135e-01,4.933165311813354492e-01,4.024278521537780762e-01,4.978742301464080811e-01,4.732547998428344727e-01,1.314021348953247070e-01,-1.410605460405349731e-01,2.902158200740814209e-01,2.889248132705688477e-01,4.127888381481170654e-01,2.276811599731445312e-01,3.662851154804229736e-01,3.902952969074249268e-01,4.798558354377746582e-01,4.473033547401428223e-01,4.620048403739929199e-01,4.015900790691375732e-01,2.812991738319396973e-01,1.266046613454818726e-01,1.463291943073272705e-01,2.118276655673980713e-01,1.589590013027191162e-01,2.135560810565948486e-01,3.299848437309265137e-01,3.460495769977569580e-01,1.655023843050003052e-01,9.410633891820907593e-02
1.589209288358688354e-01,2.469559162855148315e-01,2.355781793594360352e-01,2.071305662393569946e-01,6.606657505035400391e-01,7.509957551956176758e-01,2.165237367153167725e-01,2.269903868436813354e-01,5.194356441497802734e-01,1.000000000000000000e+00,2.142727822065353394e-01,2.709617018699645996e-01,3.416821360588073730e-01,6.143693327903747559e-01,4.842942655086517334e-01,8.352317214012145996e-01,2.027174681425094604e-01,1.788005083799362183e-01,1.048331111669540405e-01,1.462637037038803101e-01,5.322065353393554688e-01,5.378280282020568848e-01,1.113361567258834839e-01,2.204338759183883667e-01,7.113956212997436523e-01,5.903867483139038086e-01,6.350294947624206543e-01,5.506670475006103516e-01,2.686365246772766113e-01,3.952652215957641602e-01,4.868869185447692871e-01,3.848349153995513916e-01,1.109471768140792847e-01,8.158580213785171509e-02,-7.278543710708618164e-02,-1.045133024454116821e-01,2.679843604564666748e-01,1.439736336469650269e-01,3.489153087139129639e-01,3.793335556983947754e-01,2.253120541572570801e-01,2.205137312412261963e-01,1.889865249395370483e-01,2.888021171092987061e-01,3.237240910530090332e-01,4.698409438133239746e-01,2.485861629247665405e-01,2.876795530319213867e-01,3.057989776134490967e-01,2.413660734891891479e-01,-1.629597134888172150e-02,3.895378857851028442e-02,1.701384484767913818e-01,2.601153552532196045e-01,2.800625562667846680e-01,4.104244709014892578e-01,4.567946121096611023e-02,9.623350948095321655e-02,-5.709484219551086426e-02,-8.750797808170318604e-02,1.231658924371004105e-02,3.243704885244369507e-02,-5.082033202052116394e-02,8.366012573242187500e-02,-1.698082238435745239e-01,1.078157275915145874e-01,-1.399220675230026245e-01,7.566197961568832397e-02,6.710115075111389160e-02,1.449103802442550659e-01,3.400903940200805664e-01,3.286762237548828125e-01,2.658147513866424561e-01,4.107372760772705078e-01,3.246016502380371094e-01,2.924554049968719482e-01,2.314869165420532227e-01,3.026534914970397949e-01,-3.047015331685543060e-02,4.654460400342941284e-02,6.204085424542427063e-02,1.951148957014083862e-01,5.277906656265258789e-01,7.193512320518493652e-01,1.660601198673248291e-01,2.729650437831878662e-01,5.327485203742980957e-01,6.457259654998779297e-01,3.202525973320007324e-01,4.769483506679534912e-01,8.842676877975463867e-02,1.535722613334655762e-01,1.470558494329452515e-01,2.670032978057861328e-01,2.773869335651397705e-01,-1.187858507037162781e-01,4.078173339366912842e-01,4.225477278232574463e-01,1.697883903980255127e-01,2.934438288211822510e-01,1.525554209947586060e-01,1.226157024502754211e-01,1.620645821094512939e-01,2.403047531843185425e-01,2.354945987462997437e-01,2.469447255134582520e-01,2.929091639816761017e-02,-1.326063554733991623e-02,1.709164381027221680e-01,3.205549716949462891e-01,3.235359191894531250e-01,3.003502488136291504e-01,3.035176694393157959e-01,2.432359009981155396e-01,1.876704543828964233e-01,1.068531721830368042e-01
4.348716139793395996e-01,3.173903375864028931e-02,2.779585123062133789e-01,2.330668717622756958e-01,3.151046037673950195e-01,1.244785636663436890e-01,4.911453127861022949e-01,1.654871702194213867e-01,4.477830827236175537e-01,2.142727822065353394e-01,1.000000000000000000e+00,4.100157022476196289e-01,6.676668524742126465e-01,1.962121278047561646e-01,5.098221302032470703e-01,2.134574949741363525e-01,5.574911236763000488e-01,5.221955180168151855e-01,7.555659115314483643e-02,2.851085737347602844e-02,2.937658131122589111e-01,3.266133964061737061e-01,3.683370053768157959e-01,3.682629466056823730e-01,1.900992393493652344e-01,2.506598830223083496e-01,2.619088292121887207e-01,2.778838276863098145e-01,4.994198381900787354e-01,2.550112009048461914e-01,3.799561560153961182e-01,4.152547121047973633e-01,1.447115540504455566e-01,2.236495018005371094e-01,-5.100797861814498901e-02,-7.466614246368408203e-02,1.995392143726348877e-01,-1.013148277997970581e-01,2.803650200366973877e-01,-9.328570216894149780e-03,1.556111574172973633e-01,-4.050898551940917969e-02,2.382556349039077759e-02,7.736950367689132690e-02,-1.130234673619270325e-01,-6.357754766941070557e-02,2.210341393947601318e-01,-3.207651153206825256e-02,-5.928026884794235229e-02,-7.166477292776107788e-02,-1.109397038817405701e-01,-1.087829023599624634e-01,1.533119827508926392e-01,-3.924303129315376282e-02,4.072678387165069580e-01,9.460275620222091675e-02,4.204990565776824951e-01,7.179687172174453735e-02,-1.467018872499465942e-01,-4.755373299121856689e-02,1.648610830307006836e-01,9.818029403686523438e-02,3.295879662036895752e-01,1.203243061900138855e-01,2.116228193044662476e-01,-1.228366270661354065e-01,-6.655821204185485840e-02,-2.295906655490398407e-02,-2.661105617880821228e-02,-1.055388078093528748e-01,2.720132172107696533e-01,2.512198090553283691e-01,3.189994990825653076e-01,2.297246903181076050e-01,2.276935130357742310e-01,1.364790350198745728e-01,1.216980591416358948e-01,9.187390655279159546e-02,2.442940324544906616e-01,1.978829801082611084e-01,6.270827054977416992e-01,2.861062884330749512e-01,4.868310689926147461e-01,2.126408070325851440e-01,5.760464668273925781e-01,2.370028793811798096e-01,3.233609199523925781e-01,5.795112997293472290e-02,5.494158864021301270e-01,1.448519378900527954e-01,5.259950757026672363e-01,4.024396836757659912e-01,4.563092887401580811e-01,4.954162836074829102e-01,2.577883303165435791e-01,1.529798954725265503e-01,3.742652535438537598e-01,2.376942634582519531e-01,4.022233784198760986e-01,1.921907216310501099e-01,3.420892655849456787e-01,3.887507021427154541e-01,5.165149569511413574e-01,3.843424916267395020e-01,4.537503719329833984e-01,4.327994585037231445e-01,3.768963217735290527e-01,2.141392678022384644e-01,3.389993309974670410e-01,2.478829324245452881e-01,6.336873769760131836e-02,1.841626018285751343e-01,3.921455740928649902e-01,3.358917534351348877e-01,2.172089666128158569e-01,3.074716329574584961e-01
4.151986241340637207e-01,4.133043885231018066e-01,2.194721102714538574e-01,3.267844319343566895e-01,2.718810141086578369e-01,3.239497542381286621e-01,4.593710601329803467e-01,5.923403501510620117e-01,2.020677924156188965e-01,2.709617018699645996e-01,4.100157022476196289e-01,1.000000000000000000e+00,2.872516810894012451e-01,5.677857995033264160e-01,8.825062215328216553e-02,2.982574999332427979e-01,2.412558794021606445e-01,4.853323400020599365e-01,3.308596089482307434e-02,6.317796558141708374e-02,6.298107653856277466e-02,1.520160287618637085e-01,2.520062625408172607e-01,1.995518952608108521e-01,2.555767297744750977e-01,3.195277750492095947e-01,3.825614154338836670e-01,3.924244344234466553e-01,2.330093979835510254e-01,5.467952489852905273e-01,3.256241977214813232e-01,3.153290152549743652e-01,1.871149390935897827e-01,2.881652414798736572e-01,2.259376794099807739e-01,1.738152801990509033e-01,1.374208368360996246e-02,2.465448677539825439e-01,3.619360178709030151e-02,2.695840299129486084e-01,-1.056929770857095718e-02,1.442999541759490967e-01,-4.562205867841839790e-04,1.722704619169235229e-01,3.860893473029136658e-02,2.165650576353073120e-01,1.027375012636184692e-01,2.701834738254547119e-01,2.965021692216396332e-02,1.660420596599578857e-01,-7.547935098409652710e-02,1.407858729362487793e-01,1.382883191108703613e-01,2.876929938793182373e-01,1.628282666206359863e-01,3.888974487781524658e-01,2.514868974685668945e-01,3.832251727581024170e-01,1.245176792144775391e-01,2.488578110933303833e-01,9.237399697303771973e-02,3.496657907962799072e-01,2.480991929769515991e-01,4.925340116024017334e-01,1.072071120142936707e-01,1.822469383478164673e-01,1.507822126150131226e-01,2.898230254650115967e-01,7.998032122850418091e-02,1.205670014023780823e-01,2.700901329517364502e-01,2.561833262443542480e-01,2.484156005084514618e-02,2.498673051595687866e-01,1.248648166656494141e-01,1.728093475103378296e-01,1.301100701093673706e-01,2.019352465867996216e-01,1.643622964620590210e-01,1.736725717782974243e-01,3.149102330207824707e-01,4.618111252784729004e-01,1.180920228362083435e-01,3.822430372238159180e-01,2.586662471294403076e-01,5.161243677139282227e-01,8.482094854116439819e-02,1.522267013788223267e-01,1.658067703247070312e-01,4.426731467247009277e-01,1.683049201965332031e-01,2.944421768188476562e-01,6.541685014963150024e-02,2.293061316013336182e-01,3.540132567286491394e-02,2.528662979602813721e-01,6.623750180006027222e-02,1.491879224777221680e-01,9.261542558670043945e-02,3.167718350887298584e-01,1.370612680912017822e-01,1.116197854280471802e-01,1.724843233823776245e-01,1.936703175306320190e-01,2.565506100654602051e-01,2.973994314670562744e-01,2.006216347217559814e-01,3.670765757560729980e-01,1.973144710063934326e-01,1.042135879397392273e-01,2.351946085691452026e-01,2.320936322212219238e-01,2.456297576427459717e-01,2.003488391637802124e-01,2.222799211740493774e-01,2.026078253984451294e-01
3.500780463218688965e-01,3.125841030851006508e-03,4.473957419395446777e-01,3.787122070789337158e-01,5.174624323844909668e-01,2.400677800178527832e-01,6.308017373085021973e-01,2.036018669605255127e-01,6.577423810958862305e-01,3.416821360588073730e-01,6.676668524742126465e-01,2.872516810894012451e-01,1.000000000000000000e+00,3.649086654186248779e-01,6.957105398178100586e-01,2.909883856773376465e-01,5.238743424415588379e-01,3.071776926517486572e-01,1.716768294572830200e-01,1.461418122053146362e-01,4.228746891021728516e-01,4.017998576164245605e-01,5.399518609046936035e-01,4.839875996112823486e-01,3.469227254390716553e-01,4.341528713703155518e-01,4.517775177955627441e-01,3.356599211692810059e-01,6.283859610557556152e-01,3.003261089324951172e-01,6.135039329528808594e-01,5.712984204292297363e-01,9.717606753110885620e-02,1.665785014629364014e-01,-1.253404170274734497e-01,-2.878806889057159424e-01,1.756919026374816895e-01,-2.269477397203445435e-01,2.839044034481048584e-01,5.060118809342384338e-02,1.402669250965118408e-01,-5.369175225496292114e-02,1.766952574253082275e-01,1.040209382772445679e-01,1.061540916562080383e-01,4.724268242716789246e-02,3.354257047176361084e-01,5.162373930215835571e-02,1.726079583168029785e-01,-2.254635561257600784e-03,5.420049652457237244e-02,-3.945865109562873840e-02,2.833199799060821533e-01,8.797008194960653782e-04,4.917289018630981445e-01,1.351148337125778198e-01,3.103214800357818604e-01,-1.064044460654258728e-01,-1.933968365192413330e-01,-1.951519846916198730e-01,8.903444558382034302e-02,-1.166479140520095825e-01,3.097183108329772949e-01,5.384579999372363091e-04,8.543501794338226318e-02,-3.711136057972908020e-02,-2.389308810234069824e-01,-2.073749154806137085e-01,-8.065047115087509155e-02,-1.573886275291442871e-01,3.480193018913269043e-01,3.156705200672149658e-01,3.252808153629302979e-01,3.042517006397247314e-01,3.112714886665344238e-01,1.808847934007644653e-01,9.953037649393081665e-02,6.737297773361206055e-02,1.554691791534423828e-01,1.011515036225318909e-01,5.113746523857116699e-01,1.681653708219528198e-01,6.576053500175476074e-01,2.771846055984497070e-01,5.508436560630798340e-01,1.909825652837753296e-01,4.627037644386291504e-01,1.397792100906372070e-01,6.169888377189636230e-01,2.077381908893585205e-01,4.553827941417694092e-01,3.273596465587615967e-01,4.247331917285919189e-01,3.817448318004608154e-01,1.725622862577438354e-01,-5.467438325285911560e-02,4.070482254028320312e-01,2.847128808498382568e-01,4.215201139450073242e-01,1.991063207387924194e-01,2.690013051033020020e-01,3.100301027297973633e-01,4.395969212055206299e-01,3.178444802761077881e-01,4.026462435722351074e-01,3.721322715282440186e-01,3.338417708873748779e-01,1.234412193298339844e-01,2.871227264404296875e-01,2.847318947315216064e-01,1.422946304082870483e-01,2.409569621086120605e-01,3.928744792938232422e-01,3.540163338184356689e-01,9.972590953111648560e-02,1.579721421003341675e-01
