1.000000000000000000e+00,2.802004516124725342e-01,-1.290927827358245850e-01,-1.402437407523393631e-02,4.614155367016792297e-02,-1.953965984284877777e-02,6.695166975259780884e-02,1.484350711107254028e-01,3.299945592880249023e-02,-1.756592467427253723e-02,3.297654390335083008e-01,1.597532033920288086e-01,9.619008749723434448e-02,-4.746672138571739197e-02,5.527888238430023193e-02,-1.191247478127479553e-01,2.560437321662902832e-01,5.621792748570442200e-02,6.015099119395017624e-03,8.995855227112770081e-03,-2.138962969183921814e-02,-4.080162197351455688e-02,-7.969319820404052734e-02,-3.760307282209396362e-02,1.954423263669013977e-02,5.427899211645126343e-02,-3.601175546646118164e-02,-2.967161312699317932e-02,8.862501382827758789e-02,-7.558399438858032227e-02,1.210230309516191483e-02,4.347171634435653687e-02,1.423792988061904907e-01,6.659679859876632690e-02,7.820735126733779907e-02,1.123651787638664246e-01,-1.330434530973434448e-01,-4.831701517105102539e-02,-1.929197758436203003e-01,-1.058343127369880676e-01,-4.605857655405998230e-02,-9.763389080762863159e-02,-1.118035614490509033e-01,-1.348593831062316895e-01,-3.128068149089813232e-02,-1.294195652008056641e-01,-9.698719531297683716e-02,-1.288695335388183594e-01,9.050179272890090942e-02,9.734051674604415894e-02,2.066555991768836975e-02,-8.592254668474197388e-02,-1.023786813020706177e-01,-1.334264427423477173e-01,-6.142269074916839600e-02,-2.103931009769439697e-01,4.227763116359710693e-01,4.528208076953887939e-02,2.112755775451660156e-01,3.402465209364891052e-02,1.855689585208892822e-01,7.220866531133651733e-02,3.283903896808624268e-01,-4.310365393757820129e-02,1.789476424455642700e-01,1.012991368770599365e-01,2.510175108909606934e-01,1.020906716585159302e-01,1.728151291608810425e-01,2.142906635999679565e-01,2.310845593456178904e-04,-3.678266704082489014e-02,4.702727869153022766e-02,-8.447969704866409302e-02,-4.397842288017272949e-02,-1.182729527354240417e-01,1.431212574243545532e-01,-1.158190518617630005e-02,2.562070451676845551e-02,5.270051187835633755e-04,2.513504922389984131e-01,-4.260731860995292664e-02,4.766413196921348572e-02,-1.725271493196487427e-01,1.359930187463760376e-01,-9.869837015867233276e-02,7.849075645208358765e-02,-7.862733304500579834e-02,2.667587064206600189e-02,-2.219309359788894653e-01,-1.215640231966972351e-01,-2.167073935270309448e-01,-1.513466238975524902e-01,-2.006775885820388794e-01,-1.919040083885192871e-01,-1.804805248975753784e-01,-1.220749542117118835e-01,-1.781257987022399902e-01,-7.102931290864944458e-02,-1.789189577102661133e-01,-1.173837929964065552e-01,-1.756860762834548950e-01,-1.003843620419502258e-01,-1.811389774084091187e-01,-1.536349654197692871e-01,-1.735671311616897583e-01,-6.848291307687759399e-02,-1.478353142738342285e-01,-1.316566318273544312e-01,-1.332950592041015625e-01,-2.740829437971115112e-02,-9.687642753124237061e-02,-1.250288486480712891e-01,-8.740029484033584595e-02,-6.014540418982505798e-02,-1.378999352455139160e-01
2.802004516124725342e-01,1.000000000000000000e+00,1.201493740081787109e-01,2.877839207649230957e-01,-2.234313450753688812e-02,1.236274912953376770e-01,2.119005024433135986e-01,5.325256586074829102e-01,-7.822304964065551758e-02,1.530944705009460449e-01,8.280992507934570312e-02,4.661045074462890625e-01,5.087295174598693848e-02,3.633134067058563232e-01,-7.150881737470626831e-02,1.456282585859298706e-01,2.340927906334400177e-02,3.102017343044281006e-01,1.461835652589797974e-01,1.364297866821289062e-01,7.051546871662139893e-02,1.059664860367774963e-01,2.062894999980926514e-01,2.956320345401763916e-01,9.280999749898910522e-02,1.143401563167572021e-01,9.653355181217193604e-02,1.019558236002922058e-01,4.797475878149271011e-03,2.499744743108749390e-01,2.138832807540893555e-01,2.876880466938018799e-01,1.077646240592002869e-01,1.201675534248352051e-01,9.449651837348937988e-02,1.711138337850570679e-01,-2.491151168942451477e-02,1.153652742505073547e-01,-6.401848047971725464e-02,5.189645662903785706e-02,-2.588977850973606110e-02,1.245819479227066040e-01,-6.664478033781051636e-02,-8.319544605910778046e-03,-8.800048381090164185e-02,1.201903223991394043e-01,-1.334106475114822388e-01,-5.843510106205940247e-02,1.272894814610481262e-02,1.298909187316894531e-01,3.996668849140405655e-03,-8.633558452129364014e-02,-1.178518682718276978e-01,-4.401189461350440979e-02,-1.634208261966705322e-01,-1.752109453082084656e-02,2.535989582538604736e-01,4.465154707431793213e-01,2.489036172628402710e-01,3.580385446548461914e-01,2.300179153680801392e-01,1.474421471357345581e-01,8.505208790302276611e-02,2.931968867778778076e-01,2.145226299762725830e-02,1.069615259766578674e-01,2.890921533107757568e-01,2.550712823867797852e-01,2.262409031391143799e-01,3.200295269489288330e-01,1.586412191390991211e-01,1.688553839921951294e-01,2.835365757346153259e-02,1.642821580171585083e-01,6.062380853109061718e-04,1.103304326534271240e-01,5.878541991114616394e-02,1.981796771287918091e-01,1.167301312088966370e-01,1.948065459728240967e-01,-4.326795693486928940e-03,2.457856237888336182e-01,-1.005759984254837036e-01,8.978560566902160645e-02,-8.263551443815231323e-02,1.101997643709182739e-01,-1.615696959197521210e-02,1.549401879310607910e-01,-1.622689068317413330e-01,3.083590976893901825e-02,-1.996413171291351318e-01,-1.387547701597213745e-01,-1.935626715421676636e-01,-1.287024468183517456e-01,-6.377273797988891602e-02,-5.154294520616531372e-02,-6.850422173738479614e-02,-3.150234371423721313e-02,-1.932629793882369995e-01,-1.595421731472015381e-01,-1.845763027667999268e-01,-1.568305194377899170e-01,-1.648697704076766968e-01,-1.457990109920501709e-01,-1.626634448766708374e-01,-1.368959397077560425e-01,-1.584192514419555664e-01,-3.042506612837314606e-02,-3.846429288387298584e-02,-3.650684282183647156e-02,6.487385183572769165e-02,-7.422141730785369873e-02,-1.468781232833862305e-01,-1.577034443616867065e-01,-9.727604687213897705e-02,-4.213936626911163330e-02
-1.290927827358245850e-01,1.201493740081787109e-01,1.000000000000000000e+00,3.999641537666320801e-01,2.696187794208526611e-01,2.280546128749847412e-01,6.549443006515502930e-01,2.975629270076751709e-01,3.107275664806365967e-01,1.335114836692810059e-01,-1.950070448219776154e-02,1.216837093234062195e-01,5.521575808525085449e-01,2.306717783212661743e-01,3.195081949234008789e-01,2.414993196725845337e-01,-8.798924088478088379e-02,6.165309995412826538e-02,6.898573040962219238e-02,4.174725711345672607e-02,3.072815239429473877e-01,3.342605829238891602e-01,6.714249849319458008e-01,5.392261147499084473e-01,2.937354743480682373e-01,2.321881502866744995e-01,2.863511145114898682e-01,2.589435279369354248e-01,1.601472198963165283e-01,2.670471370220184326e-01,5.658169984817504883e-01,4.733595550060272217e-01,2.456274069845676422e-02,1.311392784118652344e-01,-1.549343168735504150e-01,-1.183010786771774292e-01,3.100649714469909668e-01,3.590198978781700134e-02,1.979770958423614502e-01,7.067955285310745239e-02,-7.849892973899841309e-02,9.865855425596237183e-02,-2.636204287409782410e-02,-4.325173795223236084e-02,-5.199174955487251282e-02,-1.045626103878021240e-01,-4.882442206144332886e-02,-1.941050775349140167e-02,-1.614374667406082153e-01,-1.064488589763641357e-01,-1.722106635570526123e-01,-1.399547308683395386e-01,2.230351231992244720e-02,2.894290164113044739e-02,2.674809098243713379e-02,5.102720111608505249e-02,-8.233352005481719971e-02,1.484537571668624878e-01,2.685680985450744629e-02,5.758508667349815369e-02,-4.654784873127937317e-02,-4.515523090958595276e-02,3.097406402230262756e-02,5.930125340819358826e-02,-1.438878327608108521e-01,-3.076904080808162689e-02,-4.760471731424331665e-02,-5.374405905604362488e-02,-2.299562841653823853e-02,-1.984050683677196503e-02,4.212377071380615234e-01,3.907970190048217773e-01,4.797675088047981262e-02,2.456523776054382324e-01,1.197122130542993546e-02,1.439338177442550659e-01,-1.983149498701095581e-01,6.472048908472061157e-02,1.877236217260360718e-01,3.275182470679283142e-02,-5.739772319793701172e-02,6.060320138931274414e-02,1.682777851819992065e-01,2.399273812770843506e-01,1.161534618586301804e-02,2.145830169320106506e-02,1.250843703746795654e-01,2.206257581710815430e-01,8.236508071422576904e-02,1.099862381815910339e-01,1.827774010598659515e-02,1.805320568382740021e-02,-1.154268719255924225e-02,4.371941834688186646e-02,2.536728084087371826e-01,1.480550169944763184e-01,9.374833852052688599e-02,4.165708273649215698e-02,-6.607486307621002197e-02,-4.751550778746604919e-02,2.787607908248901367e-02,4.923478513956069946e-02,2.510581864044070244e-03,2.995347604155540466e-03,-4.530601948499679565e-02,-4.859811067581176758e-02,2.633965574204921722e-02,4.147179797291755676e-02,1.561997681856155396e-01,2.024782598018646240e-01,3.385673463344573975e-02,4.085923731327056885e-02,3.525433316826820374e-02,-2.556445077061653137e-02,-1.019313037395477295e-01,-2.931675873696804047e-02
-1.402437407523393631e-02,2.877839207649230957e-01,3.999641537666320801e-01,1.000000000000000000e+00,3.879048526287078857e-01,4.784970283508300781e-01,3.044639825820922852e-01,5.540961623191833496e-01,2.904671430587768555e-01,3.987162411212921143e-01,-2.119854092597961426e-02,2.156337350606918335e-01,2.072370946407318115e-01,3.157499432563781738e-01,3.369854390621185303e-01,4.328686892986297607e-01,-1.232791692018508911e-01,9.129403531551361084e-02,1.693763583898544312e-01,5.145220831036567688e-02,3.632532060146331787e-01,4.097671806812286377e-01,3.732418119907379150e-01,5.026426911354064941e-01,4.603258371353149414e-01,4.248728454113006592e-01,3.557794988155364990e-01,3.398201167583465576e-01,2.159189283847808838e-01,3.182084262371063232e-01,4.528766572475433350e-01,4.665234088897705078e-01,9.803107380867004395e-02,1.449811905622482300e-01,-8.863326907157897949e-02,-5.005860701203346252e-02,6.106537580490112305e-02,2.071284204721450806e-01,1.520540714263916016e-01,2.748561203479766846e-01,1.764517426490783691e-01,2.969869673252105713e-01,-8.860693126916885376e-02,-5.661221966147422791e-02,3.378901863470673561e-03,-3.944500163197517395e-02,-1.790981590747833252e-01,-1.256475001573562622e-01,-1.114968210458755493e-01,-1.550485640764236450e-01,-2.771559059619903564e-01,-3.054348528385162354e-01,-1.852622628211975098e-01,-9.653412550687789917e-02,-4.158362001180648804e-02,1.206845715641975403e-01,-1.418491546064615250e-02,1.713956445455551147e-01,1.137028113007545471e-01,1.376939266920089722e-01,4.146221652626991272e-02,-1.587010920047760010e-01,-4.390199482440948486e-02,8.450271189212799072e-02,-5.754443630576133728e-02,-1.101246550679206848e-01,5.383991450071334839e-02,-1.332623232156038284e-02,-5.408723279833793640e-02,3.417651355266571045e-02,2.024834305047988892e-01,2.068735361099243164e-01,1.736196726560592651e-01,1.832149773836135864e-01,1.610962003469467163e-01,1.889800727367401123e-01,9.395898133516311646e-02,1.407374739646911621e-01,-2.689720131456851959e-02,7.275066524744033813e-02,-1.308217346668243408e-01,1.077817827463150024e-01,2.268794327974319458e-01,4.291482269763946533e-01,-1.696312427520751953e-01,-4.976499825716018677e-02,1.838656961917877197e-01,3.965145647525787354e-01,-1.088940724730491638e-02,1.169775277376174927e-01,-1.451610326766967773e-01,-6.892043352127075195e-02,-1.619216054677963257e-01,-3.783883154392242432e-02,9.476462751626968384e-02,1.940926611423492432e-01,-3.930930793285369873e-02,7.071235030889511108e-02,-1.247756332159042358e-01,-2.488509006798267365e-02,-2.316252514719963074e-02,5.519404634833335876e-02,2.105170115828514099e-02,6.053872779011726379e-02,-5.347684957087039948e-03,5.428526550531387329e-02,-1.208211528137326241e-03,1.150256469845771790e-01,8.447843790054321289e-02,7.549979537725448608e-02,-5.722390487790107727e-02,-1.293505076318979263e-02,-7.330629043281078339e-03,-1.964187808334827423e-02,-7.336796727031469345e-03,1.008537113666534424e-01
4.614155367016792297e-02,-2.234313450753688812e-02,2.696187794208526611e-01,3.879048526287078857e-01,1.000000000000000000e+00,5.983648896217346191e-01,1.779281944036483765e-01,2.662100195884704590e-01,6.611166000366210938e-01,4.477384984493255615e-01,2.556738443672657013e-03,-7.207115180790424347e-03,2.507061958312988281e-01,7.949563115835189819e-02,6.867377758026123047e-01,4.500701427459716797e-01,-4.575060307979583740e-02,-1.613323986530303955e-01,3.553812950849533081e-02,-2.473204769194126129e-02,4.897876679897308350e-01,4.788618385791778564e-01,2.312933802604675293e-01,3.217463791370391846e-01,6.131594777107238770e-01,5.881307125091552734e-01,5.632330179214477539e-01,5.461616516113281250e-01,2.766538262367248535e-01,2.057649344205856323e-01,3.776268064975738525e-01,3.037217855453491211e-01,-8.696143515408039093e-03,1.783904433250427246e-02,-1.606492251157760620e-01,-2.068767547607421875e-01,1.455830633640289307e-01,1.494451612234115601e-01,3.542000353336334229e-01,3.421282172203063965e-01,2.964658737182617188e-01,3.454179763793945312e-01,-1.531778275966644287e-01,-2.063715755939483643e-01,-2.503445139154791832e-03,-2.122487276792526245e-01,-1.594931483268737793e-01,-1.992447674274444580e-01,-1.329086869955062866e-01,-1.834243685007095337e-01,-3.644233644008636475e-01,-2.515518069267272949e-01,-9.038941562175750732e-02,-1.703830361366271973e-01,2.417156547307968140e-01,1.325361728668212891e-01,-1.344619505107402802e-02,-7.815527729690074921e-03,-2.548282593488693237e-02,-1.461117714643478394e-01,-6.433250755071640015e-02,-2.043783664703369141e-01,9.445233643054962158e-02,-8.971549570560455322e-02,-8.838917315006256104e-02,-1.309914588928222656e-01,-1.629860550165176392e-01,-2.561559081077575684e-01,-1.182355880737304688e-01,-1.057864427566528320e-01,2.098798155784606934e-01,2.003014981746673584e-01,2.035033106803894043e-01,1.558286994695663452e-01,2.040956169366836548e-01,1.809325069189071655e-01,-4.474562592804431915e-03,-5.037069693207740784e-02,-4.277655482292175293e-02,-1.394054442644119263e-01,1.023817574605345726e-03,-1.398795247077941895e-01,6.189721226692199707e-01,4.137520790100097656e-01,2.369777113199234009e-02,-1.780130714178085327e-01,4.791931509971618652e-01,4.114120602607727051e-01,3.270376622676849365e-01,1.017763018608093262e-01,7.360632717609405518e-02,7.055944297462701797e-03,5.413733422756195068e-02,6.900738924741744995e-02,1.980063319206237793e-01,1.797342300415039062e-01,1.305821388959884644e-01,1.357976645231246948e-01,7.423266768455505371e-02,3.194936364889144897e-02,1.445134878158569336e-01,2.090068906545639038e-01,1.700131893157958984e-01,1.128064319491386414e-01,1.052415594458580017e-01,1.039552986621856689e-01,1.738629341125488281e-01,1.804209053516387939e-01,1.357202678918838501e-01,1.176925301551818848e-01,-7.481732219457626343e-02,-1.899123005568981171e-02,4.063567891716957092e-02,6.633414328098297119e-02,8.562689274549484253e-02,1.704391837120056152e-01
-1.953965984284877777e-02,1.236274912953376770e-01,2.280546128749847412e-01,4.784970283508300781e-01,5.983648896217346191e-01,1.000000000000000000e+00,1.218895167112350464e-01,4.117360413074493408e-01,5.376968979835510254e-01,6.585127711296081543e-01,-6.409497559070587158e-02,1.550061255693435669e-01,1.172768473625183105e-01,3.017239868640899658e-01,5.066580176353454590e-01,6.434211730957031250e-01,-8.543284982442855835e-02,1.831110008060932159e-02,7.452892605215311050e-03,-8.297031372785568237e-02,4.753276705741882324e-01,5.072287321090698242e-01,2.824949026107788086e-01,4.414879083633422852e-01,6.494063735008239746e-01,6.355106830596923828e-01,6.307445764541625977e-01,6.374408006668090820e-01,2.342126518487930298e-01,3.737401366233825684e-01,4.232240617275238037e-01,4.104572832584381104e-01,6.053543463349342346e-02,1.105820983648300171e-01,-2.132871560752391815e-02,-5.515918508172035217e-02,1.729210466146469116e-01,2.752624452114105225e-01,3.731845319271087646e-01,4.804077744483947754e-01,3.032338023185729980e-01,4.649164676666259766e-01,-1.123657599091529846e-01,-1.024126037955284119e-01,-4.285243153572082520e-02,-8.948373049497604370e-02,-1.454265415668487549e-01,-1.243486404418945312e-01,-1.490078568458557129e-01,-1.843285560607910156e-01,-2.945284247398376465e-01,-2.242935895919799805e-01,-1.397579163312911987e-01,-1.287328153848648071e-01,1.014626920223236084e-01,2.610176801681518555e-01,-5.081552639603614807e-02,8.168803900480270386e-02,-4.974081367254257202e-02,-1.399916410446166992e-01,-1.022980362176895142e-02,-1.738031357526779175e-01,-3.839379549026489258e-02,2.454719692468643188e-02,-7.262804359197616577e-02,-1.224211156368255615e-01,-1.566417664289474487e-01,-1.796061992645263672e-01,-1.046194732189178467e-01,-9.176508337259292603e-02,1.955510973930358887e-01,2.291333973407745361e-01,1.976355314254760742e-01,2.380499541759490967e-01,2.215943336486816406e-01,2.973208725452423096e-01,1.683253422379493713e-02,7.037594914436340332e-02,-2.380904369056224823e-02,-1.054001133888959885e-02,-7.248274981975555420e-02,6.438416242599487305e-02,3.914994597434997559e-01,5.985763072967529297e-01,-9.144697338342666626e-02,-1.347585581243038177e-02,2.479050457477569580e-01,5.236864089965820312e-01,9.364438056945800781e-02,2.493602335453033447e-01,-6.986714899539947510e-02,5.197473242878913879e-02,-6.656929105520248413e-02,8.085953444242477417e-02,1.562938988208770752e-01,1.603544354438781738e-01,1.104907318949699402e-01,1.969019323587417603e-01,-4.018993303179740906e-02,6.730952113866806030e-02,5.696961283683776855e-02,1.971975117921829224e-01,1.041142195463180542e-01,1.327955573797225952e-01,1.455715000629425049e-01,1.930695623159408569e-01,2.052876204252243042e-01,2.981098294258117676e-01,7.628059387207031250e-02,6.536341458559036255e-02,-1.473240088671445847e-02,-6.348036229610443115e-02,-2.764629200100898743e-02,-3.388742916285991669e-04,1.351235508918762207e-01,2.536495923995971680e-01
6.695166975259780884e-02,2.119005024433135986e-01,6.549443006515502930e-01,3.044639825820922852e-01,1.779281944036483765e-01,1.218895167112350464e-01,1.000000000000000000e+00,3.007066845893859863e-01,1.955621391534805298e-01,6.091061607003211975e-02,9.883966296911239624e-02,1.549414098262786865e-01,6.320325732231140137e-01,1.432951092720031738e-01,2.498485296964645386e-01,4.718567803502082825e-02,-4.089831560850143433e-02,6.684616208076477051e-02,-4.561732709407806396e-02,-4.045594111084938049e-02,1.434762775897979736e-01,1.565281897783279419e-01,6.193195581436157227e-01,4.858717918395996094e-01,2.053422033786773682e-01,1.910732686519622803e-01,1.738455444574356079e-01,1.752221286296844482e-01,1.738627701997756958e-01,1.230761706829071045e-01,4.951561093330383301e-01,4.408138394355773926e-01,-2.660218253731727600e-02,4.475830495357513428e-02,-1.493078470230102539e-01,-1.164660155773162842e-01,1.877167075872421265e-01,3.779336437582969666e-02,6.024679169058799744e-02,2.040575630962848663e-02,-7.823305577039718628e-02,-1.753597520291805267e-02,-1.196563094854354858e-01,-1.521663218736648560e-01,-1.208687573671340942e-01,-1.399572491645812988e-01,-1.144163385033607483e-01,-9.374603629112243652e-02,-5.397510528564453125e-02,1.124535594135522842e-02,-7.559951394796371460e-02,-1.535443812608718872e-01,-2.505031600594520569e-02,-5.526613816618919373e-02,-5.719975754618644714e-02,-7.619862258434295654e-02,-2.260050363838672638e-02,3.877228125929832458e-02,8.861039578914642334e-02,6.553756445646286011e-02,-2.305422676727175713e-03,-1.487075164914131165e-02,1.309873908758163452e-01,3.772911615669727325e-03,1.146159120253287256e-04,1.188554335385560989e-02,-1.682453788816928864e-02,-1.023966670036315918e-01,7.471104618161916733e-03,3.247404098510742188e-02,3.067905306816101074e-01,2.314047217369079590e-01,1.900467090308666229e-02,7.975858449935913086e-02,-7.715492695569992065e-02,-2.482955716550350189e-02,-1.523092687129974365e-01,-2.928980998694896698e-02,1.174107939004898071e-01,2.160020731389522552e-02,1.721137203276157379e-02,1.271101739257574081e-02,1.154148429632186890e-01,5.461180955171585083e-02,7.356163114309310913e-02,-2.155019342899322510e-02,5.940719321370124817e-02,7.264970988035202026e-02,5.607488378882408142e-02,-3.866244480013847351e-02,-4.047489911317825317e-02,-8.523570001125335693e-02,-9.347514808177947998e-02,-8.346658200025558472e-02,8.021022379398345947e-02,3.793960809707641602e-02,-5.614265799522399902e-02,-8.412954211235046387e-02,-1.134999990463256836e-01,-1.183919832110404968e-01,-4.236128553748130798e-02,-7.085654884576797485e-02,-4.987461864948272705e-02,-7.762820273637771606e-02,-1.533892750740051270e-01,-1.571823209524154663e-01,-5.075231567025184631e-02,-2.771592885255813599e-02,2.136445604264736176e-02,1.040143370628356934e-01,1.010364200919866562e-02,-4.360973089933395386e-02,-4.850351810455322266e-02,-9.756021946668624878e-02,-1.669945120811462402e-01,-1.260349154472351074e-01
1.484350711107254028e-01,5.325256586074829102e-01,2.975629270076751709e-01,5.540961623191833496e-01,2.662100195884704590e-01,4.117360413074493408e-01,3.007066845893859863e-01,1.000000000000000000e+00,2.184136062860488892e-01,3.795596361160278320e-01,1.185345277190208435e-01,5.265215635299682617e-01,2.126797139644622803e-01,5.468206405639648438e-01,2.119445204734802246e-01,4.220390617847442627e-01,3.632292896509170532e-02,2.924827337265014648e-01,1.141473129391670227e-01,7.622215151786804199e-02,3.025963306427001953e-01,3.706557452678680420e-01,3.776064515113830566e-01,5.127531290054321289e-01,3.657514750957489014e-01,3.883474767208099365e-01,3.224045038223266602e-01,3.526584208011627197e-01,2.364064902067184448e-01,4.455912411212921143e-01,4.745852351188659668e-01,5.466755032539367676e-01,1.195283457636833191e-01,1.711249500513076782e-01,4.226046055555343628e-02,9.808187931776046753e-02,7.351000607013702393e-02,1.837706863880157471e-01,9.210177510976791382e-02,2.088198214769363403e-01,9.056619554758071899e-02,2.763740420341491699e-01,-8.397240936756134033e-02,-5.125119537115097046e-02,-1.041851788759231567e-01,-9.829943999648094177e-03,-1.725633144378662109e-01,-1.098857969045639038e-01,-8.657947182655334473e-02,-2.900630608201026917e-02,-1.361710280179977417e-01,-2.014325708150863647e-01,-1.562364548444747925e-01,-6.540023535490036011e-02,-1.249708011746406555e-01,1.009187176823616028e-01,1.320401430130004883e-01,3.439381122589111328e-01,1.890095323324203491e-01,2.168254107236862183e-01,1.239074692130088806e-01,-3.629582747817039490e-02,5.727147310972213745e-02,2.119840383529663086e-01,9.568815119564533234e-03,-3.081163577735424042e-02,1.406511664390563965e-01,6.549663096666336060e-02,8.321690559387207031e-02,1.597728282213211060e-01,3.124032318592071533e-01,3.424168229103088379e-01,1.858704686164855957e-01,3.042727112770080566e-01,1.350263506174087524e-01,2.494397461414337158e-01,8.930723369121551514e-02,2.280710637569427490e-01,1.258444637060165405e-01,1.874912232160568237e-01,3.894264809787273407e-03,2.613394856452941895e-01,1.003981083631515503e-01,3.785844743251800537e-01,-1.238246262073516846e-01,7.932940870523452759e-02,6.842371076345443726e-02,3.397766351699829102e-01,-1.244162842631340027e-01,1.328088343143463135e-01,-2.273074835538864136e-01,-1.019689142704010010e-01,-2.373307049274444580e-01,-8.066762983798980713e-02,2.960011549293994904e-02,3.546527028083801270e-02,-5.091873183846473694e-02,3.388390690088272095e-02,-2.037759423255920410e-01,-1.051910221576690674e-01,-1.796892285346984863e-01,-7.585531473159790039e-02,-1.339633762836456299e-01,-9.015953540802001953e-02,-1.153426468372344971e-01,-9.330394119024276733e-02,-5.440285801887512207e-02,5.183803290128707886e-02,3.748737648129463196e-02,1.841125637292861938e-02,-1.051935367286205292e-03,-9.602775424718856812e-02,-1.056867986917495728e-01,-1.381509900093078613e-01,-7.673764228820800781e-02,3.253355249762535095e-02
3.299945592880249023e-02,-7.822304964065551758e-02,3.107275664806365967e-01,2.904671430587768555e-01,6.611166000366210938e-01,5.376968979835510254e-01,1.955621391534805298e-01,2.184136062860488892e-01,1.000000000000000000e+00,4.640710651874542236e-01,3.954127803444862366e-02,2.595630288124084473e-02,3.065137267112731934e-01,1.209316104650497437e-01,6.450076699256896973e-01,4.422949552536010742e-01,3.257888555526733398e-02,-9.095854312181472778e-02,7.534941658377647400e-03,-4.943080618977546692e-02,4.554469883441925049e-01,4.369115829467773438e-01,2.745808660984039307e-01,2.955195009708404541e-01,5.855032801628112793e-01,5.040684342384338379e-01,5.778037905693054199e-01,5.679543018341064453e-01,2.802851200103759766e-01,2.706579267978668213e-01,4.117145836353302002e-01,3.327898979187011719e-01,-8.867103606462478638e-03,3.069780953228473663e-02,-1.404837816953659058e-01,-1.866491436958312988e-01,2.128803431987762451e-01,1.325767934322357178e-01,3.366232216358184814e-01,3.124814629554748535e-01,1.496330052614212036e-01,2.951797842979431152e-01,-7.854541391134262085e-02,-1.423636525869369507e-01,1.096188463270664215e-02,-2.067481279373168945e-01,-7.291043549776077271e-02,-1.285855472087860107e-01,-1.522495150566101074e-01,-2.295939028263092041e-01,-3.207407295703887939e-01,-2.162447422742843628e-01,4.100193036720156670e-04,-9.848663955926895142e-02,2.512459158897399902e-01,1.689884662628173828e-01,-1.153556536883115768e-02,2.253093058243393898e-03,-1.140909045934677124e-01,-2.386521250009536743e-01,-1.184266805648803711e-01,-1.989802718162536621e-01,8.491161465644836426e-02,-6.571178883314132690e-02,-1.474941223859786987e-01,-1.482659429311752319e-01,-2.358102351427078247e-01,-2.698818147182464600e-01,-1.022920757532119751e-01,-1.428784430027008057e-01,2.842399179935455322e-01,2.924032211303710938e-01,2.083425819873809814e-01,2.492417246103286743e-01,2.040184736251831055e-01,2.721960246562957764e-01,-3.105730749666690826e-02,1.685273949988186359e-03,5.593116581439971924e-02,-7.161545008420944214e-02,7.322515547275543213e-02,-6.304166465997695923e-02,5.428333878517150879e-01,4.139518439769744873e-01,1.211032718420028687e-01,-9.050677716732025146e-02,3.884075880050659180e-01,3.410171270370483398e-01,3.333941400051116943e-01,1.762564927339553833e-01,1.264370530843734741e-01,7.554203271865844727e-02,9.559569507837295532e-02,1.048569306731224060e-01,2.328726649284362793e-01,1.557830423116683960e-01,2.067472338676452637e-01,1.706911325454711914e-01,1.113155707716941833e-01,5.974707379937171936e-02,1.260542869567871094e-01,1.648161858320236206e-01,1.316420882940292358e-01,7.023479789495468140e-02,1.519285589456558228e-01,1.134794056415557861e-01,2.232869714498519897e-01,1.786737740039825439e-01,1.825516670942306519e-01,1.669850498437881470e-01,-2.030935883522033691e-02,1.998601853847503662e-02,7.018835097551345825e-02,1.090383678674697876e-01,1.319108605384826660e-01,1.617037802934646606e-01
-1.756592467427253723e-02,1.530944705009460449e-01,1.335114836692810059e-01,3.987162411212921143e-01,4.477384984493255615e-01,6.585127711296081543e-01,6.091061607003211975e-02,3.795596361160278320e-01,4.640710651874542236e-01,1.000000000000000000e+00,-5.771292746067047119e-02,2.187619507312774658e-01,4.426370561122894287e-02,3.422977924346923828e-01,3.480750918388366699e-01,5.956847667694091797e-01,-5.047372356057167053e-02,1.377791315317153931e-01,-6.798461079597473145e-02,-1.376205980777740479e-01,3.167424201965332031e-01,3.377112150192260742e-01,2.271036952733993530e-01,3.803128600120544434e-01,5.708438158035278320e-01,5.143682956695556641e-01,5.426807403564453125e-01,5.689482092857360840e-01,2.076428830623626709e-01,3.609421849250793457e-01,3.515310585498809814e-01,3.882341980934143066e-01,1.650562509894371033e-02,4.788268357515335083e-02,4.455474764108657837e-02,4.814913496375083923e-03,1.298657655715942383e-01,3.155715465545654297e-01,2.706637382507324219e-01,4.523830711841583252e-01,2.128844410181045532e-01,3.951408267021179199e-01,-1.153795346617698669e-01,-7.036086916923522949e-02,-1.060172021389007568e-01,-3.656150400638580322e-02,-1.396729797124862671e-01,-1.016895025968551636e-01,-1.535930931568145752e-01,-1.783982664346694946e-01,-2.576934397220611572e-01,-2.020818889141082764e-01,-1.511004269123077393e-01,-1.354013532400131226e-01,3.474759403616189957e-03,2.499645352363586426e-01,-5.746899545192718506e-02,6.010763719677925110e-02,-1.507359296083450317e-01,-2.046390175819396973e-01,-6.461136974394321442e-03,-1.764706969261169434e-01,-6.307928264141082764e-02,6.854683905839920044e-02,-4.240115359425544739e-02,-1.377993971109390259e-01,-2.019142061471939087e-01,-1.834159195423126221e-01,-1.092081591486930847e-01,-1.059727296233177185e-01,9.847763180732727051e-02,1.473351567983627319e-01,1.929849982261657715e-01,2.155208438634872437e-01,2.089411914348602295e-01,3.079259693622589111e-01,1.194755584001541138e-01,1.279622018337249756e-01,-3.080969117581844330e-02,1.026573330163955688e-01,-5.253574624657630920e-02,1.866695433855056763e-01,2.140923738479614258e-01,5.488925576210021973e-01,-5.396611988544464111e-02,8.461757749319076538e-02,8.900939673185348511e-02,4.150605797767639160e-01,-7.633250206708908081e-03,2.702750265598297119e-01,-9.765148162841796875e-02,5.325041711330413818e-02,-7.389435172080993652e-02,7.153493911027908325e-02,6.954652070999145508e-02,1.049446910619735718e-01,5.748501420021057129e-02,1.678837388753890991e-01,-6.437341123819351196e-02,5.600950121879577637e-02,1.419512741267681122e-02,1.267371326684951782e-01,5.220049619674682617e-02,9.341461956501007080e-02,1.657906770706176758e-01,1.976749002933502197e-01,1.834012866020202637e-01,3.079071044921875000e-01,3.217578679323196411e-02,2.759327180683612823e-02,-1.248627994209527969e-02,-9.081123024225234985e-02,-8.247115463018417358e-02,-4.779994115233421326e-02,1.505275070667266846e-01,2.441420108079910278e-01
3.297654390335083008e-01,8.280992507934570312e-02,-1.950070448219776154e-02,-2.119854092597961426e-02,2.556738443672657013e-03,-6.409497559070587158e-02,9.883966296911239624e-02,1.185345277190208435e-01,3.954127803444862366e-02,-5.771292746067047119e-02,1.000000000000000000e+00,3.084271252155303955e-01,3.287882506847381592e-01,1.451445221900939941e-01,1.037781536579132080e-01,-8.256769180297851562e-02,5.217537283897399902e-01,2.811008989810943604e-01,-1.766503453254699707e-01,-1.741429418325424194e-01,5.404835566878318787e-02,1.399077754467725754e-02,9.617628529667854309e-03,1.181284431368112564e-02,2.748490311205387115e-02,7.973065227270126343e-02,-7.344517856836318970e-02,3.066573408432304859e-04,4.363194108009338379e-01,7.376150786876678467e-02,1.536575853824615479e-01,1.912667900323867798e-01,4.774491488933563232e-02,2.984702959656715393e-02,1.204027161002159119e-01,1.415533125400543213e-01,8.908140659332275391e-02,5.493392795324325562e-02,2.615081844851374626e-03,-3.571483492851257324e-02,1.141060590744018555e-01,-7.304889708757400513e-02,1.028197184205055237e-01,6.702478975057601929e-02,-6.915915757417678833e-02,-2.429173141717910767e-01,1.417324393987655640e-01,8.446951210498809814e-02,-7.080411165952682495e-02,-1.609178334474563599e-01,1.623032614588737488e-02,-1.034028083086013794e-01,1.113935783505439758e-01,4.576276987791061401e-02,1.236599963158369064e-02,-5.623621121048927307e-02,2.774293124675750732e-01,3.521005436778068542e-02,4.080677032470703125e-02,-6.474286317825317383e-02,-9.150421619415283203e-02,-1.173276975750923157e-01,2.744065523147583008e-01,-8.401269465684890747e-02,-3.814189881086349487e-02,-1.247222572565078735e-01,3.547093644738197327e-02,-8.656913787126541138e-02,3.933780640363693237e-02,2.767142467200756073e-02,1.268387734889984131e-01,1.169305741786956787e-01,2.876885831356048584e-01,1.854333467781543732e-02,2.054996490478515625e-01,2.176091447472572327e-02,2.497586607933044434e-01,1.028068512678146362e-01,2.585965991020202637e-01,1.992717534303665161e-01,4.550993740558624268e-01,1.841720640659332275e-01,1.493766754865646362e-01,-1.057236641645431519e-01,3.497717678546905518e-01,1.692390292882919312e-01,7.949583232402801514e-02,-1.713217049837112427e-01,1.370937675237655640e-01,-3.827630728483200073e-02,2.643392945174127817e-04,-9.547709673643112183e-02,-3.896940872073173523e-02,-1.514492034912109375e-01,-4.573122039437294006e-02,-1.343677518889307976e-03,-2.353060245513916016e-02,-3.971914574503898621e-02,2.847913466393947601e-02,-3.227928653359413147e-02,-7.490880787372589111e-02,-1.452617943286895752e-01,-4.317363258451223373e-03,-7.385286688804626465e-02,-3.019340522587299347e-02,-6.545500457286834717e-02,1.636675000190734863e-02,-5.384787917137145996e-02,-7.621317356824874878e-02,-4.251199774444103241e-03,9.558355808258056641e-02,-1.709095574915409088e-02,-3.335903584957122803e-02,5.520781502127647400e-02,2.679819986224174500e-02,-3.109885379672050476e-02
1.597532033920288086e-01,4.661045074462890625e-01,1.216837093234062195e-01,2.156337350606918335e-01,-7.207115180790424347e-03,1.550061255693435669e-01,1.549414098262786865e-01,5.265215635299682617e-01,2.595630288124084473e-02,2.187619507312774658e-01,3.084271252155303955e-01,1.000000000000000000e+00,1.411533206701278687e-01,6.033834815025329590e-01,-2.480977773666381836e-02,2.761565446853637695e-01,2.764174938201904297e-01,5.680516362190246582e-01,-4.985643923282623291e-02,1.334884576499462128e-02,1.398954689502716064e-01,1.811132431030273438e-01,2.455013394355773926e-01,2.952968180179595947e-01,1.105357632040977478e-01,1.470293402671813965e-01,1.059344559907913208e-01,1.452562063932418823e-01,2.118390947580337524e-01,4.605106413364410400e-01,3.296810090541839600e-01,4.019735753536224365e-01,1.045039221644401550e-01,1.418690681457519531e-01,2.049637436866760254e-01,2.764581739902496338e-01,1.282759457826614380e-01,2.007512152194976807e-01,7.673362269997596741e-03,1.035114452242851257e-01,-4.302143305540084839e-02,1.814953982830047607e-01,1.344431638717651367e-01,1.943955719470977783e-01,-1.316351592540740967e-01,3.576100990176200867e-02,4.551423341035842896e-02,1.159293055534362793e-01,-8.119682967662811279e-02,-1.209089532494544983e-02,6.136292964220046997e-02,-2.251145429909229279e-02,1.308545377105474472e-02,1.287096142768859863e-01,-1.557818800210952759e-01,9.822732210159301758e-02,1.982610225677490234e-01,3.745842576026916504e-01,7.200077921152114868e-02,1.441870331764221191e-01,7.967155426740646362e-02,5.289550870656967163e-02,8.297175914049148560e-02,2.270678132772445679e-01,-4.259931668639183044e-02,-1.975662074983119965e-02,1.348015218973159790e-01,1.152839139103889465e-01,1.130777671933174133e-01,1.176224201917648315e-01,2.997320592403411865e-01,3.593229055404663086e-01,1.658286303281784058e-01,3.360267579555511475e-01,1.295506954193115234e-01,2.724455595016479492e-01,1.410708725452423096e-01,3.315659761428833008e-01,2.869580686092376709e-01,4.056077599525451660e-01,2.340544462203979492e-01,4.960908591747283936e-01,-1.010346561670303345e-01,2.124233990907669067e-01,6.479843705892562866e-02,3.586328625679016113e-01,-1.148743405938148499e-01,1.149430572986602783e-01,-1.958803534507751465e-01,1.537867337465286255e-01,-2.054218649864196777e-01,-8.177153021097183228e-02,-2.057543992996215820e-01,-8.591838926076889038e-02,-4.981466010212898254e-02,-5.096676573157310486e-02,-2.930682711303234100e-02,8.492615073919296265e-03,-1.829338520765304565e-01,-1.107199117541313171e-01,-2.477147579193115234e-01,-1.733561307191848755e-01,-1.908197700977325439e-01,-1.326666176319122314e-01,-6.187288835644721985e-02,-8.208137005567550659e-02,-4.469351097941398621e-02,1.647797785699367523e-02,-2.991168759763240814e-02,-4.753640666604042053e-02,5.918791517615318298e-02,-9.252488613128662109e-02,-1.255602985620498657e-01,-1.539390087127685547e-01,-6.393216550350189209e-02,2.112113498151302338e-02
9.619008749723434448e-02,5.087295174598693848e-02,5.521575808525085449e-01,2.072370946407318115e-01,2.507061958312988281e-01,1.172768473625183105e-01,6.320325732231140137e-01,2.126797139644622803e-01,3.065137267112731934e-01,4.426370561122894287e-02,3.287882506847381592e-01,1.411533206701278687e-01,1.000000000000000000e+00,1.414852589368820190e-01,3.812353909015655518e-01,3.478524833917617798e-02,1.844284385442733765e-01,7.619164139032363892e-02,-1.403724253177642822e-01,-1.107221916317939758e-01,1.959593445062637329e-01,1.934966295957565308e-01,5.102605819702148438e-01,3.837280273437500000e-01,2.247246205806732178e-01,2.402217537164688110e-01,1.940068304538726807e-01,2.238634824752807617e-01,3.773865699768066406e-01,1.586609482765197754e-01,4.783830642700195312e-01,4.285446107387542725e-01,-3.587396442890167236e-02,3.158792480826377869e-02,-1.337941288948059082e-01,-1.255503296852111816e-01,2.814522683620452881e-01,7.319093495607376099e-02,1.580724418163299561e-01,6.324284523725509644e-02,1.443298812955617905e-02,2.010004594922065735e-03,-6.066790223121643066e-02,-1.264270395040512085e-01,-9.538459032773971558e-02,-2.702439725399017334e-01,-4.384532221592962742e-04,-2.735905535519123077e-02,-8.561780303716659546e-02,-6.565645337104797363e-02,-8.951988816261291504e-02,-1.359698921442031860e-01,9.374772012233734131e-02,8.849955163896083832e-03,9.837972372770309448e-02,-1.500100828707218170e-02,9.026097133755683899e-03,-1.951776072382926941e-02,2.437601238489151001e-02,-7.543546706438064575e-02,-1.066221892833709717e-01,-5.677197873592376709e-02,2.226112484931945801e-01,-5.158364772796630859e-02,-6.937898695468902588e-02,-3.436753526329994202e-02,-1.075287833809852600e-01,-2.230958491563796997e-01,-4.559076204895973206e-02,-5.286334082484245300e-02,3.441516757011413574e-01,2.827335596084594727e-01,1.785894185304641724e-01,1.291966438293457031e-01,7.717034220695495605e-02,5.125706270337104797e-02,-5.209404230117797852e-02,-8.203419856727123260e-03,1.877173632383346558e-01,4.395558312535285950e-02,2.386503666639328003e-01,2.791448682546615601e-02,2.890492081642150879e-01,6.082616001367568970e-02,2.547570765018463135e-01,4.264990985393524170e-02,1.369425356388092041e-01,2.147519960999488831e-02,2.235409617424011230e-01,8.334905840456485748e-03,9.429955482482910156e-02,-8.216923102736473083e-03,9.292365051805973053e-03,-3.726494312286376953e-02,1.517706513404846191e-01,1.033617481589317322e-01,4.266211390495300293e-02,2.686173189431428909e-03,3.935683518648147583e-02,-2.421447262167930603e-02,2.960501983761787415e-02,-3.959985449910163879e-02,3.525905311107635498e-02,-4.118276759982109070e-02,-5.562532320618629456e-02,-9.665820747613906860e-02,6.185531988739967346e-02,-9.289351291954517365e-03,3.658676519989967346e-02,1.770423203706741333e-01,6.161655485630035400e-02,-1.353800483047962189e-02,1.355384849011898041e-02,-1.449661049991846085e-02,-7.756172865629196167e-02,-4.389696940779685974e-02
