1.000000000000000000e+00,6.215383410453796387e-01,8.110134303569793701e-02,3.225823342800140381e-01,2.951433956623077393e-01,2.579565942287445068e-01,4.271825551986694336e-01,3.206170201301574707e-01,2.236667871475219727e-01,1.900351606309413910e-02,2.160760611295700073e-01,5.111184120178222656e-01,5.415074899792671204e-02,1.927250772714614868e-01,3.069218806922435760e-02,1.811308115720748901e-01,3.911253809928894043e-01,3.111039996147155762e-01,2.499274462461471558e-01,1.861546635627746582e-01,3.786753714084625244e-01,4.141468107700347900e-01,-1.092881485819816589e-01,1.288623064756393433e-01,2.970781922340393066e-01,3.705668747425079346e-01,3.947530388832092285e-01,3.990156650543212891e-01,2.334417700767517090e-01,1.756319552659988403e-01,2.731984555721282959e-01,2.109045833349227905e-01,3.443109393119812012e-01,1.602390259504318237e-01,2.530663609504699707e-01,2.728756070137023926e-01,2.248150706291198730e-01,3.044713102281093597e-02,6.331529468297958374e-02,6.736174225807189941e-02,-8.791589736938476562e-02,-9.462796896696090698e-02,1.183838546276092529e-01,2.379589229822158813e-01,5.375217273831367493e-02,8.717469125986099243e-02,2.651222646236419678e-01,3.274306058883666992e-01,3.470122069120407104e-02,-1.414251234382390976e-02,1.726582050323486328e-01,1.573636382818222046e-01,3.045552670955657959e-01,-2.161707542836666107e-02,5.741065740585327148e-02,-1.514673884958028793e-02,5.577262639999389648e-01,4.636659622192382812e-01,1.919509023427963257e-01,1.975975483655929565e-01,1.031012088060379028e-01,2.956651151180267334e-01,-1.273300200700759888e-01,1.093944236636161804e-01,-1.402455419301986694e-01,4.215052723884582520e-02,3.743571341037750244e-01,3.461331725120544434e-01,2.522475123405456543e-01,2.303456366062164307e-01,3.086924850940704346e-01,2.576947510242462158e-01,1.523706465959548950e-01,1.954593807458877563e-01,1.723951101303100586e-01,1.445968300104141235e-01,2.078115642070770264e-01,2.612068355083465576e-01,3.910537362098693848e-01,1.663063615560531616e-01,3.790821433067321777e-01,2.809037864208221436e-01,1.867298483848571777e-01,8.236026018857955933e-02,4.304923713207244873e-01,4.150730669498443604e-01,5.009373649954795837e-02,1.603514999151229858e-01,2.969985306262969971e-01,3.435143232345581055e-01,1.848350651562213898e-02,-9.709632396697998047e-02,-7.484022527933120728e-02,-3.928565233945846558e-02,2.454225271940231323e-01,2.655770182609558105e-01,4.576297998428344727e-01,3.930265605449676514e-01,2.472807914018630981e-01,2.062748670578002930e-01,2.771284580230712891e-01,2.914898693561553955e-01,3.193001151084899902e-01,3.466304838657379150e-01,3.155235946178436279e-01,3.007114231586456299e-01,2.149676531553268433e-01,1.703401505947113037e-01,2.787741124629974365e-01,1.451706588268280029e-01,4.293457567691802979e-01,3.502208888530731201e-01,2.013522237539291382e-01,3.536660671234130859e-01,2.976557016372680664e-01,4.069390594959259033e-01
6.215383410453796387e-01,1.000000000000000000e+00,1.057209223508834839e-01,2.476710081100463867e-01,1.801385283470153809e-01,1.624004989862442017e-01,3.462336659431457520e-01,2.445561140775680542e-01,1.226871460676193237e-01,-3.128802031278610229e-02,1.048566475510597229e-01,4.750788509845733643e-01,-4.270215705037117004e-02,1.130241155624389648e-01,2.197450259700417519e-03,1.416308581829071045e-01,2.561184465885162354e-01,2.969676256179809570e-01,2.541466057300567627e-01,2.505805194377899170e-01,2.809650003910064697e-01,3.962742984294891357e-01,-3.793721273541450500e-02,1.374540477991104126e-01,2.405379414558410645e-01,3.554818630218505859e-01,3.092224597930908203e-01,3.250581324100494385e-01,1.107604727149009705e-01,1.961554735898971558e-01,3.554928004741668701e-01,3.109020292758941650e-01,3.198334574699401855e-01,1.817814558744430542e-01,2.844004929065704346e-01,3.511623144149780273e-01,1.612028926610946655e-01,1.253353506326675415e-01,2.613142132759094238e-02,2.002486884593963623e-01,-1.431421339511871338e-01,6.132696568965911865e-02,1.618824005126953125e-01,2.947948575019836426e-01,4.750096052885055542e-02,2.367661893367767334e-01,3.069587349891662598e-01,3.717614412307739258e-01,1.198833361268043518e-01,1.042758300900459290e-01,2.141323238611221313e-01,2.119506150484085083e-01,2.628670036792755127e-01,8.146682754158973694e-03,-8.674734085798263550e-02,-7.587671279907226562e-02,4.702707827091217041e-01,5.406321287155151367e-01,7.021053135395050049e-02,3.196552693843841553e-01,-2.141591161489486694e-02,4.198164641857147217e-01,-2.404002696275711060e-01,1.593717634677886963e-01,-1.882701665163040161e-01,1.836393922567367554e-01,4.667585492134094238e-01,3.984223902225494385e-01,3.401504456996917725e-01,3.946910202503204346e-01,2.500433921813964844e-01,2.846753299236297607e-01,7.713121175765991211e-02,2.842141389846801758e-01,8.684322237968444824e-02,1.849182397127151489e-01,2.505834698677062988e-01,3.674944937229156494e-01,2.658949196338653564e-01,1.732344627380371094e-01,2.833775877952575684e-01,3.021497726440429688e-01,-2.193294465541839600e-02,-8.607194758951663971e-03,3.352355957031250000e-01,4.466205239295959473e-01,-7.741123437881469727e-02,5.941745638847351074e-02,1.332277655601501465e-01,2.668383121490478516e-01,-1.207833290100097656e-01,-1.941283047199249268e-01,-1.462554186582565308e-01,-1.034697294235229492e-01,2.415440231561660767e-01,2.422470003366470337e-01,4.006814062595367432e-01,3.539688885211944580e-01,1.721281409263610840e-01,1.666492968797683716e-01,1.306897699832916260e-01,2.358141988515853882e-01,3.015095889568328857e-01,3.729801476001739502e-01,2.949833571910858154e-01,2.787397205829620361e-01,2.214570790529251099e-01,5.575671419501304626e-02,2.673848569393157959e-01,1.153188347816467285e-01,4.665492177009582520e-01,3.241904377937316895e-01,1.522994637489318848e-01,3.934048414230346680e-01,2.745944559574127197e-01,4.354625642299652100e-01
8.110134303569793701e-02,1.057209223508834839e-01,1.000000000000000000e+00,5.478578209877014160e-01,-5.888705700635910034e-02,-7.044164091348648071e-02,6.380063295364379883e-01,4.064115881919860840e-01,-4.965115711092948914e-02,-2.164924144744873047e-01,2.513723075389862061e-01,1.517687141895294189e-01,4.393935501575469971e-01,1.704917848110198975e-01,5.942144617438316345e-02,-1.038818880915641785e-01,2.351583689451217651e-01,8.564998209476470947e-02,9.500405937433242798e-02,-1.021684333682060242e-02,6.038908660411834717e-02,7.832977175712585449e-02,3.849228322505950928e-01,3.401608467102050781e-01,1.604085043072700500e-02,9.636428207159042358e-02,1.059187203645706177e-01,6.649046391248703003e-02,1.897628754377365112e-01,1.449356228113174438e-01,3.248217701911926270e-01,2.710064053535461426e-01,1.823379397392272949e-01,2.379963248968124390e-01,-2.676315046846866608e-02,-7.165582478046417236e-02,1.812864281237125397e-02,-7.745125889778137207e-02,6.670657545328140259e-02,-5.215308815240859985e-02,7.399937510490417480e-02,-5.320689827203750610e-02,-1.557749137282371521e-02,-1.914666593074798584e-02,-1.729543209075927734e-01,-1.478229016065597534e-01,-6.949103623628616333e-02,1.097180647775530815e-04,-1.149617657065391541e-01,-1.612861268222332001e-02,1.643137447535991669e-02,3.491184487938880920e-02,1.115798279643058777e-01,-8.108979463577270508e-02,1.718147695064544678e-01,-3.912901505827903748e-02,1.445993036031723022e-01,1.436336040496826172e-01,2.095281332731246948e-01,2.569206357002258301e-01,-3.934356570243835449e-02,2.879720032215118408e-01,1.630670279264450073e-01,-1.032401025295257568e-01,-7.746797800064086914e-02,-6.074651028029620647e-04,1.348883062601089478e-01,1.699595153331756592e-01,4.949016496539115906e-03,8.544272929430007935e-02,1.469071954488754272e-01,2.796999514102935791e-01,-3.179165348410606384e-02,1.172300335019826889e-02,-3.658997640013694763e-02,3.964554890990257263e-02,1.463278681039810181e-01,1.383199542760848999e-01,1.018050462007522583e-01,1.888865604996681213e-02,2.045837491750717163e-01,1.677525788545608521e-01,1.843150854110717773e-01,2.193490043282508850e-03,1.568022370338439941e-01,1.933592930436134338e-02,-5.188267678022384644e-02,-1.386158019304275513e-01,1.650162190198898315e-01,4.084424301981925964e-02,1.549640148878097534e-01,9.292761236429214478e-02,-5.015599355101585388e-02,-9.623096883296966553e-02,2.221838086843490601e-01,5.090161040425300598e-02,5.897423624992370605e-02,3.355386853218078613e-02,-3.098462475463747978e-04,-2.749297022819519043e-02,3.539672121405601501e-02,-1.947263814508914948e-02,1.404620110988616943e-01,-2.363996114581823349e-03,1.907915025949478149e-01,7.761058211326599121e-02,3.472775965929031372e-02,-6.740018725395202637e-02,2.791714072227478027e-01,2.274970561265945435e-01,-3.183851763606071472e-02,-6.569994240999221802e-02,-1.021992415189743042e-02,-5.758573487401008606e-02,1.227513104677200317e-01,1.218384504318237305e-01
3.225823342800140381e-01,2.476710081100463867e-01,5.478578209877014160e-01,1.000000000000000000e+00,3.507046774029731750e-02,1.875615715980529785e-01,5.038430690765380859e-01,5.822372436523437500e-01,-2.959877625107765198e-02,-7.329043745994567871e-02,5.983761325478553772e-02,3.672588467597961426e-01,1.352775096893310547e-01,2.704952955245971680e-01,-1.112408116459846497e-01,4.431365057826042175e-02,2.355093210935592651e-01,2.173156887292861938e-01,1.954185217618942261e-01,1.783930361270904541e-01,1.816798001527786255e-01,2.055684328079223633e-01,7.546574622392654419e-02,2.450755238533020020e-01,1.368547230958938599e-01,3.163445889949798584e-01,2.630470395088195801e-01,2.740467786788940430e-01,1.053147166967391968e-01,2.252885252237319946e-01,2.062516212463378906e-01,2.113645821809768677e-01,1.782943457365036011e-01,1.411851197481155396e-01,4.394224286079406738e-02,4.045433923602104187e-02,1.579025201499462128e-02,-1.244185343384742737e-01,-5.273925513029098511e-02,-1.169783808290958405e-02,3.083582967519760132e-02,1.529932767152786255e-02,-8.981567807495594025e-03,2.255887165665626526e-02,-1.058588251471519470e-01,-7.575082033872604370e-02,1.182969193905591965e-02,1.649806946516036987e-01,-8.482066541910171509e-02,-7.497278600931167603e-02,-2.696640416979789734e-02,-3.066472895443439484e-02,1.116925030946731567e-01,2.414574846625328064e-02,1.485881507396697998e-01,1.506166756153106689e-01,1.944043189287185669e-01,2.799630761146545410e-01,2.579925954341888428e-01,8.021615445613861084e-02,-1.689952425658702850e-02,9.661158919334411621e-02,-2.550229255575686693e-04,1.612971425056457520e-01,-2.026593685150146484e-01,-7.660628110170364380e-02,1.603444814682006836e-01,1.771880239248275757e-01,1.256106197834014893e-01,1.769994050264358521e-01,1.873659789562225342e-01,3.237250745296478271e-01,1.522475574165582657e-02,1.353141963481903076e-01,6.087743211537599564e-03,5.163321271538734436e-02,5.435053259134292603e-02,1.878653317689895630e-01,1.705661565065383911e-01,1.053608357906341553e-01,1.179441660642623901e-01,1.981804817914962769e-01,6.529096513986587524e-02,1.804267317056655884e-01,5.250114202499389648e-02,1.209361478686332703e-01,3.162001818418502808e-02,1.100656390190124512e-01,1.100697368383407593e-01,3.636316359043121338e-01,1.091867610812187195e-01,1.796113550662994385e-01,-9.703686833381652832e-02,-5.314261838793754578e-02,5.747035890817642212e-02,8.406738191843032837e-02,1.804869771003723145e-01,2.107100635766983032e-01,6.723592430353164673e-02,2.281231582164764404e-01,7.169459015130996704e-02,7.345112413167953491e-02,6.769757717847824097e-02,1.501070410013198853e-01,2.875269949436187744e-01,2.162575870752334595e-01,-3.840900026261806488e-03,3.724628686904907227e-02,2.051919102668762207e-01,2.062835842370986938e-01,2.372885346412658691e-01,1.452887058258056641e-01,1.632230281829833984e-01,8.711086958646774292e-02,2.266704738140106201e-01,2.023367434740066528e-01
2.951433956623077393e-01,1.801385283470153809e-01,-5.888705700635910034e-02,3.507046774029731750e-02,1.000000000000000000e+00,6.920555233955383301e-01,2.722001671791076660e-01,-5.513818468898534775e-03,7.529458403587341309e-01,4.120911061763763428e-01,1.424238979816436768e-01,3.210235238075256348e-01,5.992131307721138000e-02,8.723396807909011841e-02,3.102432787418365479e-01,3.359729647636413574e-01,1.351689696311950684e-01,1.256364881992340088e-01,-2.256901469081640244e-03,1.741610318422317505e-01,1.763140857219696045e-01,1.447371244430541992e-01,-6.468801200389862061e-02,1.436727195978164673e-01,7.509470582008361816e-01,6.053239703178405762e-01,6.894269585609436035e-01,6.415442228317260742e-01,7.983599603176116943e-02,-3.098666481673717499e-02,2.073082923889160156e-01,1.975064426660537720e-01,8.201740682125091553e-03,-2.701602689921855927e-02,-2.504447475075721741e-02,4.741364344954490662e-02,1.435557752847671509e-01,3.437183797359466553e-02,-2.046345360577106476e-02,7.195034064352512360e-03,-7.721556723117828369e-02,-1.530494540929794312e-01,9.011750668287277222e-02,1.681537926197052002e-01,2.255676239728927612e-01,8.720721304416656494e-02,4.726056382060050964e-02,8.556698262691497803e-02,1.621304154396057129e-01,1.459686905145645142e-01,9.098185598850250244e-02,1.681037396192550659e-01,2.587808482348918915e-02,-3.585876524448394775e-02,-1.571345478296279907e-01,-1.712073683738708496e-01,2.024738341569900513e-01,1.386241465806961060e-01,1.936171501874923706e-01,2.790917456150054932e-01,8.250338956713676453e-03,6.811133772134780884e-02,-1.142585128545761108e-01,4.434962570667266846e-02,-1.499321758747100830e-01,2.250116318464279175e-01,1.572206802666187286e-02,1.037720590829849243e-01,-1.236747056245803833e-01,-1.062280461192131042e-01,-2.050480619072914124e-02,6.023575738072395325e-02,5.953405797481536865e-02,5.224677547812461853e-02,-6.576526910066604614e-02,-1.154453009366989136e-01,-1.259550079703330994e-02,7.809480279684066772e-02,1.507286131381988525e-01,8.185604959726333618e-02,9.482561796903610229e-02,1.380450725555419922e-01,5.157817006111145020e-01,1.334388107061386108e-01,2.758646309375762939e-01,3.043010234832763672e-01,2.757690250873565674e-01,3.536311089992523193e-01,2.238591611385345459e-01,2.978552877902984619e-01,-2.773433327674865723e-01,-3.282030820846557617e-01,-3.657990992069244385e-01,-9.673792123794555664e-02,-2.009668648242950439e-01,4.565254226326942444e-02,1.859207600355148315e-01,1.745671629905700684e-01,1.065041050314903259e-01,2.775792777538299561e-02,1.223617494106292725e-01,2.164980471134185791e-01,1.680387705564498901e-01,3.260451853275299072e-01,4.583666920661926270e-01,4.108780324459075928e-01,1.762619912624359131e-01,3.390710949897766113e-01,5.304089933633804321e-02,-2.374737113714218140e-01,3.097096085548400879e-01,2.967126369476318359e-01,1.840136013925075531e-02,3.938337266445159912e-01,3.450966477394104004e-01,2.262806743383407593e-01
2.579565942287445068e-01,1.624004989862442017e-01,-7.044164091348648071e-02,1.875615715980529785e-01,6.920555233955383301e-01,1.000000000000000000e+00,1.895724087953567505e-01,2.131853252649307251e-01,5.213747024536132812e-01,5.771377682685852051e-01,1.886402629315853119e-02,3.825956284999847412e-01,-6.238977238535881042e-02,2.789221107959747314e-01,1.672559529542922974e-01,4.629753232002258301e-01,1.419755965471267700e-01,1.978365778923034668e-01,-1.549360621720552444e-02,1.326256543397903442e-01,1.366348415613174438e-01,1.246479377150535583e-01,-1.031976491212844849e-01,1.211492940783500671e-01,7.126800417900085449e-01,6.593018770217895508e-01,6.315206289291381836e-01,6.898761987686157227e-01,9.690350294113159180e-02,8.986514061689376831e-02,1.345375031232833862e-01,1.757683157920837402e-01,5.931307561695575714e-03,-4.249722510576248169e-02,3.281360864639282227e-02,1.063525453209877014e-01,1.406859755516052246e-01,-1.472658012062311172e-02,-6.775297969579696655e-02,-6.592227146029472351e-03,-1.539416238665580750e-02,-6.711008399724960327e-02,6.334244459867477417e-02,1.009923666715621948e-01,1.913938224315643311e-01,3.950025141239166260e-02,5.545840412378311157e-02,1.283563375473022461e-01,1.225811466574668884e-01,1.015357449650764465e-01,4.001663625240325928e-02,1.246332600712776184e-01,1.781957224011421204e-02,4.893186967819929123e-03,-1.187640503048896790e-01,-4.599860869348049164e-03,1.619669646024703979e-01,1.999552100896835327e-01,2.520741522312164307e-01,1.649010032415390015e-01,1.455769501626491547e-02,-2.931592613458633423e-02,-1.072155088186264038e-01,1.043068319559097290e-01,-1.813400238752365112e-01,1.503209024667739868e-01,9.878109395503997803e-02,1.517255753278732300e-01,-8.822131156921386719e-02,-1.099779531359672546e-01,6.026634015142917633e-03,1.732863038778305054e-01,9.617366641759872437e-02,1.320751905441284180e-01,-1.506277080625295639e-02,-4.769780486822128296e-02,-5.296815186738967896e-03,1.213507354259490967e-01,1.667024344205856323e-01,1.188755556941032410e-01,1.635725609958171844e-02,2.092189937829971313e-01,3.309858441352844238e-01,2.990359067916870117e-01,7.528478652238845825e-02,2.295336723327636719e-01,2.589277625083923340e-01,4.679383039474487305e-01,6.816024333238601685e-02,3.367760181427001953e-01,-2.517191767692565918e-01,-1.855143755674362183e-01,-3.729125857353210449e-01,-1.485111266374588013e-01,-2.019081413745880127e-01,-6.320025026798248291e-02,1.349917948246002197e-01,2.293606102466583252e-01,-4.779788665473461151e-03,9.653113037347793579e-02,4.431966319680213928e-02,1.600715965032577515e-01,6.796923279762268066e-02,3.140932023525238037e-01,4.514988958835601807e-01,4.191204309463500977e-01,1.052731722593307495e-01,2.976121008396148682e-01,3.649468719959259033e-02,-1.209588050842285156e-01,4.018785357475280762e-01,2.524135112762451172e-01,8.132285438477993011e-03,2.991026639938354492e-01,3.114954233169555664e-01,2.077136337757110596e-01
4.271825551986694336e-01,3.462336659431457520e-01,6.380063295364379883e-01,5.038430690765380859e-01,2.722001671791076660e-01,1.895724087953567505e-01,1.000000000000000000e+00,4.500990509986877441e-01,2.234823703765869141e-01,-4.970876127481460571e-02,3.272016942501068115e-01,4.548418223857879639e-01,4.162137806415557861e-01,2.427221536636352539e-01,1.093061491847038269e-01,9.894437342882156372e-02,3.054260313510894775e-01,2.382653802633285522e-01,1.377791017293930054e-01,5.076009035110473633e-02,2.048770636320114136e-01,2.167673259973526001e-01,1.554455161094665527e-01,2.433709204196929932e-01,2.828390002250671387e-01,3.271085321903228760e-01,3.677998781204223633e-01,3.275465071201324463e-01,2.595063447952270508e-01,2.013096511363983154e-01,3.053287267684936523e-01,2.079891115427017212e-01,2.474396377801895142e-01,1.504964977502822876e-01,1.101816967129707336e-01,1.314633339643478394e-01,1.499186456203460693e-01,1.974848471581935883e-02,6.812407076358795166e-02,5.094360932707786560e-02,-4.223066382110118866e-03,-1.307159811258316040e-01,1.233305707573890686e-01,1.856297850608825684e-01,-1.946215331554412842e-02,-2.227702364325523376e-02,1.020912081003189087e-01,1.805554628372192383e-01,-7.690050173550844193e-03,2.705604583024978638e-02,1.213537603616714478e-01,1.145496219396591187e-01,2.237456738948822021e-01,-6.287392973899841309e-02,1.083025783300399780e-01,-4.996531084179878235e-02,3.185683786869049072e-01,3.271353542804718018e-01,2.348145544528961182e-01,3.719775080680847168e-01,-4.159488528966903687e-02,3.445179462432861328e-01,-7.860324345529079437e-03,-8.136115968227386475e-02,-1.350823640823364258e-01,4.662510380148887634e-02,2.910781204700469971e-01,3.380266726016998291e-01,1.774632185697555542e-02,1.659067720174789429e-01,2.617577314376831055e-01,3.194989264011383057e-01,6.402751058340072632e-02,1.896114349365234375e-01,1.038543805480003357e-01,1.062720045447349548e-01,1.857745349407196045e-01,2.403117269277572632e-01,2.644723951816558838e-01,2.089302837848663330e-01,3.264592289924621582e-01,2.578676939010620117e-01,3.184335231781005859e-01,9.344398975372314453e-02,3.373204767704010010e-01,2.569366693496704102e-01,6.921359896659851074e-02,6.572258472442626953e-02,2.794469892978668213e-01,2.370294779539108276e-01,7.155615836381912231e-02,-4.112486913800239563e-02,-1.105327084660530090e-01,-6.192392483353614807e-02,1.786380261182785034e-01,2.014109045267105103e-01,2.550201714038848877e-01,1.813758313655853271e-01,1.470576077699661255e-01,9.761407226324081421e-02,1.757829338312149048e-01,1.746632754802703857e-01,2.595601975917816162e-01,2.366795390844345093e-01,3.574069142341613770e-01,2.332255244255065918e-01,1.081647500395774841e-01,9.101907908916473389e-02,2.555234730243682861e-01,1.983754485845565796e-01,2.019022554159164429e-01,1.089322343468666077e-01,5.166979879140853882e-02,1.880304813385009766e-01,2.875936031341552734e-01,3.341543376445770264e-01
3.206170201301574707e-01,2.445561140775680542e-01,4.064115881919860840e-01,5.822372436523437500e-01,-5.513818468898534775e-03,2.131853252649307251e-01,4.500990509986877441e-01,1.000000000000000000e+00,-2.370390743017196655e-01,-1.274821758270263672e-01,-8.750928193330764771e-02,3.251242339611053467e-01,5.540034919977188110e-02,4.629865586757659912e-01,-2.610763907432556152e-01,-4.776319116353988647e-02,2.226008027791976929e-01,1.358163803815841675e-01,1.071149110794067383e-01,-6.710286438465118408e-02,4.455274716019630432e-02,1.665791571140289307e-01,1.678659170866012573e-01,2.688566744327545166e-01,1.103118211030960083e-01,2.583146691322326660e-01,2.432189136743545532e-01,3.310799598693847656e-01,4.993469454348087311e-03,1.832443475723266602e-01,1.380987167358398438e-01,1.636439263820648193e-01,1.954378485679626465e-01,1.452521532773971558e-01,5.821914598345756531e-02,3.190223500132560730e-02,5.475164204835891724e-02,-1.320801675319671631e-01,1.525432150810956955e-02,3.335588425397872925e-02,1.332654207944869995e-01,1.810132712125778198e-01,-2.830642834305763245e-02,-1.591229625046253204e-02,-8.897392451763153076e-02,-9.557335823774337769e-02,-2.907280623912811279e-02,9.438569843769073486e-02,-1.149288117885589600e-01,-1.024005487561225891e-01,-6.172733753919601440e-02,-4.085112735629081726e-02,2.078049182891845703e-01,-3.772902488708496094e-02,2.478237003087997437e-01,3.089906275272369385e-01,2.380424737930297852e-01,2.866018116474151611e-01,4.537684619426727295e-01,7.500600814819335938e-02,1.385647803544998169e-01,5.081457272171974182e-02,1.691897772252559662e-02,2.583400607109069824e-01,-1.808028370141983032e-01,-1.575710624456405640e-01,3.768900632858276367e-01,1.819380372762680054e-01,1.271129250526428223e-01,1.051527708768844604e-01,2.205626964569091797e-01,3.554732799530029297e-01,-8.961525745689868927e-03,1.277321279048919678e-01,4.880169406533241272e-02,1.565437167882919312e-01,2.135890871286392212e-01,3.150295615196228027e-01,1.503039896488189697e-01,-3.924207761883735657e-03,2.392354793846607208e-02,1.778324246406555176e-01,1.578068435192108154e-01,3.267459571361541748e-01,-8.387176692485809326e-02,6.340570747852325439e-02,2.178979665040969849e-01,2.577067315578460693e-01,1.736065894365310669e-01,3.894500136375427246e-01,2.426152974367141724e-01,2.876333296298980713e-01,-4.171808063983917236e-02,-6.336987018585205078e-02,2.160426974296569824e-01,6.082466617226600647e-02,1.920660436153411865e-01,2.869667112827301025e-01,-7.193319499492645264e-02,1.640447676181793213e-01,1.318085044622421265e-01,5.118524190038442612e-03,7.538911700248718262e-02,1.147477254271507263e-01,1.377966403961181641e-01,1.096863970160484314e-01,-4.134650900959968567e-02,1.791271753609180450e-02,1.968013942241668701e-01,2.630323767662048340e-01,2.777911722660064697e-01,1.067319363355636597e-01,1.190197467803955078e-01,-1.571235656738281250e-01,4.480773210525512695e-02,1.721013486385345459e-01
2.236667871475219727e-01,1.226871460676193237e-01,-4.965115711092948914e-02,-2.959877625107765198e-02,7.529458403587341309e-01,5.213747024536132812e-01,2.234823703765869141e-01,-2.370390743017196655e-01,1.000000000000000000e+00,4.851000607013702393e-01,3.220337033271789551e-01,2.654292881488800049e-01,2.226574122905731201e-01,-5.976164713501930237e-03,5.645897984504699707e-01,4.777865409851074219e-01,1.959855705499649048e-01,1.507507860660552979e-01,3.596473112702369690e-02,2.347224503755569458e-01,3.067479133605957031e-01,1.744755357503890991e-01,-1.514210850000381470e-01,-1.236259844154119492e-02,5.632819533348083496e-01,4.103122055530548096e-01,5.081037878990173340e-01,4.179136455059051514e-01,2.513220608234405518e-01,7.807265222072601318e-02,1.730167567729949951e-01,1.116280034184455872e-01,-2.859857678413391113e-02,-7.636588811874389648e-02,-7.345747202634811401e-02,9.352610213682055473e-04,1.538439691066741943e-01,6.072944030165672302e-02,5.573835223913192749e-02,-1.115502906031906605e-03,-7.031645625829696655e-02,-2.397632300853729248e-01,1.480200588703155518e-01,2.061705440282821655e-01,2.426710426807403564e-01,1.218404099345207214e-01,1.326678097248077393e-01,1.081427782773971558e-01,1.829330176115036011e-01,1.723396182060241699e-01,1.625699102878570557e-01,2.297774553298950195e-01,-1.150032225996255875e-02,-2.494488283991813660e-02,-1.075213029980659485e-01,-2.000600397586822510e-01,1.738996058702468872e-01,1.477028876543045044e-01,-3.948082402348518372e-02,2.169952690601348877e-01,-2.997234332724474370e-05,1.760875731706619263e-01,-4.907965660095214844e-02,-7.529178261756896973e-02,-5.012537352740764618e-03,2.510731220245361328e-01,-8.548146486282348633e-02,1.396994441747665405e-01,-1.087915226817131042e-01,-1.178510636091232300e-01,3.122840449213981628e-02,5.797102302312850952e-02,1.224398612976074219e-01,7.885444164276123047e-02,-8.355205878615379333e-03,-1.485929489135742188e-01,1.594770001247525215e-03,3.303366154432296753e-02,1.448428481817245483e-01,6.850611418485641479e-02,2.450373470783233643e-01,1.996582746505737305e-01,4.737980663776397705e-01,9.735448658466339111e-02,4.282408952713012695e-01,3.386388123035430908e-01,1.294199675321578979e-01,2.219511866569519043e-01,2.922821342945098877e-01,1.893375366926193237e-01,-2.023226022720336914e-01,-2.983024120330810547e-01,-2.355709224939346313e-01,1.254545059055089951e-02,-2.028931528329849243e-01,4.868896305561065674e-02,1.245363801717758179e-01,1.747858896851539612e-02,2.474642693996429443e-01,1.056526601314544678e-01,1.861607134342193604e-01,3.154328167438507080e-01,3.004547357559204102e-01,3.796532154083251953e-01,4.902920126914978027e-01,4.116997718811035156e-01,2.122285217046737671e-01,3.316614329814910889e-01,3.609118238091468811e-02,-2.414051145315170288e-01,8.069892972707748413e-02,9.641160815954208374e-02,-4.195706546306610107e-02,4.445717334747314453e-01,4.231060445308685303e-01,2.501656115055084229e-01
1.900351606309413910e-02,-3.128802031278610229e-02,-2.164924144744873047e-01,-7.329043745994567871e-02,4.120911061763763428e-01,5.771377682685852051e-01,-4.970876127481460571e-02,-1.274821758270263672e-01,4.851000607013702393e-01,1.000000000000000000e+00,7.438138872385025024e-02,1.982857286930084229e-01,3.514570742845535278e-02,1.430084705352783203e-01,3.694635033607482910e-01,6.957811117172241211e-01,1.434130780398845673e-02,9.111662954092025757e-02,2.437085844576358795e-02,1.911386847496032715e-01,1.221431270241737366e-01,7.520549744367599487e-02,-3.455998897552490234e-01,-2.640630006790161133e-01,3.112363219261169434e-01,2.083987593650817871e-01,2.026178091764450073e-01,2.704553008079528809e-01,1.921860724687576294e-01,2.159407585859298706e-01,-1.687533259391784668e-01,-1.231871172785758972e-01,-7.989825308322906494e-02,-1.588887274265289307e-01,-3.915012255311012268e-02,4.232456162571907043e-02,1.010810807347297668e-01,5.063216015696525574e-02,8.904363960027694702e-02,3.731304779648780823e-02,3.358976170420646667e-02,-9.258235245943069458e-02,-6.455560773611068726e-02,-8.151053637266159058e-02,9.678844362497329712e-02,-4.905254021286964417e-02,2.497520064935088158e-03,-5.199312046170234680e-02,1.022241786122322083e-01,2.168959565460681915e-02,-4.350513592362403870e-02,7.179070729762315750e-03,-1.204883381724357605e-01,1.297438740730285645e-01,2.545059658586978912e-02,1.130109131336212158e-01,1.600926369428634644e-02,4.466145485639572144e-02,-9.317198395729064941e-02,-7.841417938470840454e-02,1.501159071922302246e-01,-8.134345710277557373e-02,7.210469990968704224e-02,3.885320946574211121e-02,9.439895302057266235e-02,1.013360023498535156e-01,-1.864105761051177979e-01,5.707000382244586945e-03,-1.158004254102706909e-01,-2.026490271091461182e-01,3.994361683726310730e-02,7.623549550771713257e-02,1.125842407345771790e-01,9.579002112150192261e-02,6.964160501956939697e-02,-7.401587814092636108e-02,-1.044496223330497742e-01,-8.324617519974708557e-03,-3.938085958361625671e-02,6.388681381940841675e-02,3.328320756554603577e-02,1.511399596929550171e-01,2.555684447288513184e-01,4.347012937068939209e-01,9.668376296758651733e-02,1.195397451519966125e-01,1.692989021539688110e-01,4.353959560394287109e-01,1.126449853181838989e-01,1.664995998144149780e-01,-3.837464377284049988e-02,3.334574773907661438e-02,-4.921087995171546936e-02,1.376760154962539673e-01,-2.457116842269897461e-01,-1.365854293107986450e-01,-7.218983024358749390e-02,-7.055130600929260254e-02,1.175031885504722595e-01,2.179352194070816040e-01,1.492269337177276611e-01,2.387827634811401367e-01,1.024674326181411743e-01,2.224246561527252197e-01,3.278585374355316162e-01,2.785777747631072998e-01,7.835365831851959229e-02,3.001894652843475342e-01,-9.475852549076080322e-02,-1.273360252380371094e-01,2.262532524764537811e-02,-3.500932827591896057e-02,1.402436289936304092e-02,2.091868966817855835e-01,2.834030091762542725e-01,1.008767634630203247e-01
2.160760611295700073e-01,1.048566475510597229e-01,2.513723075389862061e-01,5.983761325478553772e-02,1.424238979816436768e-01,1.886402629315853119e-02,3.272016942501068115e-01,-8.750928193330764771e-02,3.220337033271789551e-01,7.438138872385025024e-02,1.000000000000000000e+00,3.310647010803222656e-01,6.419544219970703125e-01,2.299995869398117065e-01,3.618817925453186035e-01,1.738254427909851074e-01,5.656544566154479980e-01,4.746620059013366699e-01,-5.082722753286361694e-02,-1.146054477430880070e-03,1.575378030538558960e-01,9.272350370883941650e-02,1.052019521594047546e-01,7.777353376150131226e-02,7.290028780698776245e-02,8.187775313854217529e-02,1.465243697166442871e-01,9.065323323011398315e-02,6.164050698280334473e-01,2.359036654233932495e-01,1.115634292364120483e-01,-1.642916165292263031e-02,6.911824643611907959e-02,1.988736540079116821e-02,1.579886535182595253e-03,7.996846735477447510e-02,1.813930124044418335e-01,1.617964915931224823e-02,6.394159793853759766e-02,-1.815476268529891968e-01,-1.130741983652114868e-01,-2.959248423576354980e-01,5.471499264240264893e-02,7.858239114284515381e-02,1.596170961856842041e-01,1.147796027362346649e-02,4.399564489722251892e-02,-2.994312532246112823e-02,1.524029523134231567e-01,1.037917286157608032e-01,1.395900100469589233e-01,1.784766316413879395e-01,-6.712539494037628174e-02,-1.535722166299819946e-01,1.043849345296621323e-02,-2.476865500211715698e-01,2.884243428707122803e-01,1.638333797454833984e-01,-2.540474059060215950e-03,2.219893336296081543e-01,3.397403284907341003e-02,2.617006897926330566e-01,2.452626526355743408e-01,-1.522839367389678955e-01,1.824273914098739624e-01,1.082133427262306213e-01,1.155971288681030273e-01,2.452820539474487305e-01,1.820444501936435699e-02,6.587359309196472168e-02,2.665784955024719238e-02,1.233355849981307983e-01,3.184377402067184448e-02,-6.666754931211471558e-02,-5.256186053156852722e-02,-8.383725583553314209e-02,1.748864948749542236e-01,7.379695028066635132e-02,4.898401498794555664e-01,3.795235455036163330e-01,6.801130175590515137e-01,4.230192005634307861e-01,2.223764359951019287e-01,-1.099403649568557739e-01,6.201524734497070312e-01,3.915821313858032227e-01,-1.182448193430900574e-01,-1.950189918279647827e-01,2.835568487644195557e-01,-1.741177774965763092e-02,-9.794408828020095825e-02,-2.094364166259765625e-01,-1.893611252307891846e-01,-1.188217550516128540e-01,7.712452858686447144e-02,9.964440762996673584e-02,6.937698274850845337e-02,-9.561249613761901855e-02,1.306859552860260010e-01,-9.316815435886383057e-02,8.538462966680526733e-02,1.333252042531967163e-01,3.593843579292297363e-01,1.641492247581481934e-01,3.080620765686035156e-01,2.425793707370758057e-01,3.372063934803009033e-01,1.325697451829910278e-01,6.254517287015914917e-02,3.247134853154420853e-03,-1.346901357173919678e-01,-1.926171928644180298e-01,-1.910793632268905640e-01,2.277220636606216431e-01,3.318667709827423096e-01,2.575474977493286133e-01
5.111184120178222656e-01,4.750788509845733643e-01,1.517687141895294189e-01,3.672588467597961426e-01,3.210235238075256348e-01,3.825956284999847412e-01,4.548418223857879639e-01,3.251242339611053467e-01,2.654292881488800049e-01,1.982857286930084229e-01,3.310647010803222656e-01,1.000000000000000000e+00,1.506520509719848633e-01,4.837718904018402100e-01,6.464239954948425293e-02,2.700133323669433594e-01,3.006348609924316406e-01,5.329678654670715332e-01,1.881438791751861572e-01,2.477267384529113770e-01,2.400784641504287720e-01,2.145503908395767212e-01,-1.187384575605392456e-01,5.899949744343757629e-02,3.715733885765075684e-01,4.206233918666839600e-01,3.914966583251953125e-01,3.792477548122406006e-01,2.287029922008514404e-01,3.333785831928253174e-01,1.190848648548126221e-01,1.156483218073844910e-01,1.874611675739288330e-01,9.241491556167602539e-02,8.447962999343872070e-02,1.848168075084686279e-01,4.330921173095703125e-02,1.101655960083007812e-01,-7.449001818895339966e-02,1.597469151020050049e-01,-8.656977862119674683e-02,1.529436744749546051e-02,6.134865432977676392e-02,1.712560802698135376e-01,1.338497996330261230e-01,1.060939803719520569e-01,6.594523042440414429e-02,1.196357980370521545e-01,1.121658533811569214e-01,1.016816571354866028e-01,8.861303329467773438e-02,1.486796289682388306e-01,5.183382704854011536e-02,-9.805423766374588013e-02,-4.360380023717880249e-02,-6.101600453257560730e-02,3.578431010246276855e-01,4.171296656131744385e-01,1.391013413667678833e-01,2.012504786252975464e-01,-2.504208358004689217e-03,2.017344683408737183e-01,-1.209575384855270386e-01,7.315140962600708008e-02,-1.651600748300552368e-01,6.209445372223854065e-02,2.542347908020019531e-01,3.137010633945465088e-01,8.446465432643890381e-02,1.452830284833908081e-01,1.844884157180786133e-01,2.964777052402496338e-01,1.346701532602310181e-01,3.551339209079742432e-01,1.316925734281539917e-01,2.379920929670333862e-01,1.236315295100212097e-01,2.437403202056884766e-01,3.076330423355102539e-01,3.281611800193786621e-01,3.284595012664794922e-01,4.989957511425018311e-01,1.563438624143600464e-01,1.988062262535095215e-01,2.761573493480682373e-01,4.367901682853698730e-01,5.872912704944610596e-02,2.043717801570892334e-01,1.402918249368667603e-01,3.705744147300720215e-01,-1.251161694526672363e-01,-1.464545875787734985e-01,-3.063969612121582031e-01,-1.759926825761795044e-01,3.648900985717773438e-02,8.199455589056015015e-02,1.798762381076812744e-01,1.681966036558151245e-01,4.879024624824523926e-02,9.764631837606430054e-02,1.115094423294067383e-01,2.571150660514831543e-01,2.633201777935028076e-01,3.722715079784393311e-01,4.340743124485015869e-01,4.000352919101715088e-01,1.044375225901603699e-01,1.857594251632690430e-01,1.533317565917968750e-01,1.144762337207794189e-01,2.708822786808013916e-01,9.666202217340469360e-02,-4.594431817531585693e-02,2.573622167110443115e-01,3.518208265304565430e-01,3.772511780261993408e-01
5.415074899792671204e-02,-4.270215705037117004e-02,4.393935501575469971e-01,1.352775096893310547e-01,5.992131307721138000e-02,-6.238977238535881042e-02,4.162137806415557861e-01,5.540034919977188110e-02,2.226574122905731201e-01,3.514570742845535278e-02,6.419544219970703125e-01,1.506520509719848633e-01,1.000000000000000000e+00,2.259333431720733643e-01,4.514819383621215820e-01,2.063561975955963135e-01,3.784317374229431152e-01,2.310989052057266235e-01,-5.193681642413139343e-02,-3.203439339995384216e-02,1.788151711225509644e-01,6.901679188013076782e-02,7.685696333646774292e-02,1.283449586480855942e-03,-4.610650241374969482e-02,-6.496904790401458740e-02,5.713566392660140991e-02,-1.474021654576063156e-02,5.474680662155151367e-01,4.027936458587646484e-01,1.303649693727493286e-01,-3.010094806086272001e-04,1.361241638660430908e-01,1.083428412675857544e-01,-5.905364453792572021e-02,-2.117406576871871948e-02,1.333129703998565674e-01,9.668932855129241943e-02,1.360691338777542114e-01,-6.429376453161239624e-02,7.426509261131286621e-02,-1.756450384855270386e-01,-2.286413125693798065e-02,-1.291869673877954483e-02,4.340116679668426514e-02,-7.501734048128128052e-02,-6.571923941373825073e-02,-8.273632824420928955e-02,5.669314414262771606e-02,4.122180491685867310e-02,-7.299190852791070938e-03,5.103095620870590210e-02,-7.105791009962558746e-04,-1.792787760496139526e-02,2.253676503896713257e-01,2.234206907451152802e-02,1.452143192291259766e-01,1.200832426548004150e-01,3.721818327903747559e-02,1.890085637569427490e-01,7.142850756645202637e-02,2.941532731056213379e-01,2.689997851848602295e-01,-8.496122062206268311e-02,1.235934346914291382e-01,-2.483843360096216202e-03,8.437024056911468506e-02,2.306178212165832520e-01,-7.490823976695537567e-03,5.548232421278953552e-02,1.881815195083618164e-01,1.989342868328094482e-01,1.045556887984275818e-01,4.741924628615379333e-02,1.264052093029022217e-01,1.380112115293741226e-02,1.926644593477249146e-01,9.246402978897094727e-02,2.369437664747238159e-01,1.452538222074508667e-01,4.857747256755828857e-01,3.138392865657806396e-01,4.000289440155029297e-01,1.133505776524543762e-01,4.925130903720855713e-01,2.054318189620971680e-01,1.436655968427658081e-02,-2.236479707062244415e-02,4.063850343227386475e-01,5.433064326643943787e-02,1.926034539937973022e-01,8.269318938255310059e-02,-1.299333060160279274e-03,2.066238597035408020e-02,6.537058204412460327e-02,7.407020032405853271e-02,6.680381949990987778e-03,-1.747589558362960815e-01,2.115022093057632446e-01,6.825994700193405151e-02,1.996698677539825439e-01,1.463525593280792236e-01,3.486734330654144287e-01,1.373073607683181763e-01,2.603466212749481201e-01,1.249934211373329163e-01,1.849048137664794922e-01,9.349052608013153076e-02,4.656111076474189758e-02,4.462078213691711426e-02,-2.464378178119659424e-01,-2.750705480575561523e-01,-6.437812745571136475e-02,6.400638818740844727e-02,2.726480662822723389e-01,1.124755591154098511e-01
