1.000000000000000000e+00,5.241396427154541016e-01,-2.575182020664215088e-01,3.868331611156463623e-01,-1.885876357555389404e-01,-3.852031007409095764e-02,-1.915683746337890625e-01,3.542425334453582764e-01,-2.194516807794570923e-01,-2.715226449072360992e-02,2.263042181730270386e-01,2.537313103675842285e-01,-1.807690262794494629e-01,1.950383484363555908e-01,-1.063015684485435486e-01,7.516624871641397476e-03,4.359306097030639648e-01,3.215813934803009033e-01,1.646168380975723267e-01,2.166813910007476807e-01,1.591209508478641510e-02,6.209912523627281189e-02,-4.495706036686897278e-02,2.228942513465881348e-01,5.834409594535827637e-02,3.121275454759597778e-03,-2.462083697319030762e-01,-7.783804088830947876e-03,1.056213974952697754e-01,2.453581392765045166e-01,-7.773276418447494507e-02,5.443952232599258423e-02,2.859885394573211670e-01,3.499544262886047363e-01,2.406706660985946655e-01,2.756123840808868408e-01,1.335785835981369019e-01,-1.100514363497495651e-02,-9.087181836366653442e-02,-1.169043779373168945e-01,-1.342050284147262573e-01,-4.593791440129280090e-02,2.938434183597564697e-01,3.106329143047332764e-01,2.069490104913711548e-01,3.152590692043304443e-01,2.591093480587005615e-01,2.775349915027618408e-01,3.550259768962860107e-01,2.403852641582489014e-01,3.614390194416046143e-01,2.573086023330688477e-01,1.954015195369720459e-01,2.193740159273147583e-01,1.512553989887237549e-01,1.327301114797592163e-01,6.714634895324707031e-01,4.965194761753082275e-01,-3.000314906239509583e-02,7.154371123760938644e-03,4.345237910747528076e-01,6.287828087806701660e-02,5.742151737213134766e-01,4.347855150699615479e-01,5.060657262802124023e-01,1.500855535268783569e-01,2.769427895545959473e-01,2.791314721107482910e-01,1.977945566177368164e-01,1.058945953845977783e-01,1.723822653293609619e-01,1.773485839366912842e-01,4.763426631689071655e-02,1.647364348173141479e-01,9.773973375558853149e-02,1.239212751388549805e-01,3.476020693778991699e-01,3.452078104019165039e-01,4.451737999916076660e-01,2.446861565113067627e-01,5.103380680084228516e-01,4.018281102180480957e-01,-1.561375856399536133e-01,-5.967699736356735229e-02,3.559734225273132324e-01,3.314067721366882324e-01,7.076923549175262451e-02,-1.020035892724990845e-01,1.754517294466495514e-02,2.401816658675670624e-02,-3.608121722936630249e-02,-4.608149081468582153e-02,-8.179663121700286865e-02,-4.566797986626625061e-02,-9.570628404617309570e-02,-1.797494143247604370e-01,3.333216160535812378e-02,1.379852462559938431e-02,1.305455118417739868e-01,8.863550424575805664e-02,2.257005721330642700e-01,7.535617798566818237e-02,1.140493154525756836e-01,1.232479736208915710e-01,6.990179419517517090e-02,1.010074838995933533e-02,4.948568344116210938e-02,-2.074203267693519592e-02,-3.777385875582695007e-02,6.865201890468597412e-02,2.322743237018585205e-01,1.926290392875671387e-01,9.703076630830764771e-02,-6.497678905725479126e-02,-6.362609099596738815e-03,-6.952830404043197632e-02
5.241396427154541016e-01,1.000000000000000000e+00,6.898025516420602798e-03,4.106680154800415039e-01,-2.415329515933990479e-01,-8.669565618038177490e-02,4.321361426264047623e-03,5.181440711021423340e-01,-3.083052039146423340e-01,2.083343686535954475e-03,-1.861426234245300293e-01,5.234127491712570190e-02,-1.834221333265304565e-01,3.048665449023246765e-02,-2.960533797740936279e-01,4.033784568309783936e-02,4.240182414650917053e-02,1.475189477205276489e-01,2.065907418727874756e-01,3.261502087116241455e-01,-6.078832596540451050e-02,-6.209392845630645752e-02,1.042646318674087524e-01,2.495427429676055908e-01,2.418401651084423065e-02,-4.693385586142539978e-02,-1.398672461509704590e-01,-6.996729969978332520e-02,-1.718752644956111908e-02,1.752438545227050781e-01,-6.270128488540649414e-02,1.042190045118331909e-01,3.350611925125122070e-01,3.933583199977874756e-01,3.168437480926513672e-01,3.648128211498260498e-01,1.456190943717956543e-01,3.205994516611099243e-02,-1.650870144367218018e-01,-7.206160575151443481e-02,-1.655962467193603516e-01,-7.550140470266342163e-02,1.748358160257339478e-01,2.602996528148651123e-01,1.969091147184371948e-01,3.060865402221679688e-01,7.306133955717086792e-02,1.416761577129364014e-01,3.576193749904632568e-01,3.635911345481872559e-01,2.334531545639038086e-01,3.525916337966918945e-01,-3.367208316922187805e-02,9.358186274766921997e-02,-9.935793280601501465e-02,2.390240691602230072e-02,6.111059784889221191e-01,7.752377986907958984e-01,1.944464892148971558e-01,3.103352189064025879e-01,4.985857307910919189e-01,4.251521825790405273e-01,4.324555099010467529e-01,6.801419854164123535e-01,4.685536623001098633e-01,4.870157241821289062e-01,5.186874866485595703e-01,5.450441837310791016e-01,4.241128861904144287e-01,4.255664050579071045e-01,1.820069700479507446e-01,2.358035743236541748e-01,-2.625554241240024567e-02,1.564954221248626709e-01,4.649076238274574280e-02,9.654191881418228149e-02,2.653366029262542725e-01,2.922750413417816162e-01,2.105689346790313721e-01,1.784592866897583008e-01,1.679851114749908447e-01,2.985838651657104492e-01,-3.449390530586242676e-01,-1.300364360213279724e-02,6.655493378639221191e-02,3.113757371902465820e-01,-1.079611852765083313e-01,-9.343715012073516846e-02,-2.706998884677886963e-01,-2.743536792695522308e-02,-2.212433964014053345e-01,-6.568523496389389038e-02,-1.633447259664535522e-01,-8.836244791746139526e-02,-1.006075739860534668e-01,-1.169232055544853210e-01,-6.696625798940658569e-02,-6.503130495548248291e-02,-8.554931730031967163e-02,-3.997468203306198120e-02,3.421618789434432983e-02,3.842828795313835144e-02,1.342308074235916138e-01,1.466113030910491943e-01,2.089173793792724609e-01,5.634249746799468994e-02,1.891065202653408051e-02,-1.772480271756649017e-02,-1.987159997224807739e-02,-1.637389138340950012e-02,1.492865383625030518e-01,3.880705311894416809e-02,-3.620174899697303772e-02,-3.899796307086944580e-02,8.952265977859497070e-02,-1.419771183282136917e-02
-2.575182020664215088e-01,6.898025516420602798e-03,1.000000000000000000e+00,2.106168568134307861e-01,-3.010261617600917816e-02,-2.592468261718750000e-01,7.630568742752075195e-01,2.442631274461746216e-01,-2.983862906694412231e-02,-1.883904486894607544e-01,9.465138614177703857e-02,-2.631138265132904053e-02,6.594063043594360352e-01,-1.110027953982353210e-01,7.681072503328323364e-02,-6.182160973548889160e-02,-1.946780085563659668e-01,7.579454034566879272e-02,2.033129334449768066e-01,1.378488913178443909e-02,-1.001604422926902771e-01,-2.002150714397430420e-01,6.531286239624023438e-01,3.663491010665893555e-01,-1.779822707176208496e-01,3.299147635698318481e-02,2.622531950473785400e-01,-1.891665607690811157e-01,7.099434733390808105e-02,-1.286219507455825806e-01,5.032011270523071289e-01,4.873194098472595215e-01,1.768106669187545776e-01,1.536422818899154663e-01,-7.384863216429948807e-03,1.864206418395042419e-02,9.153104387223720551e-03,-1.605755388736724854e-01,8.211513608694076538e-02,-3.686198219656944275e-02,-1.497684717178344727e-01,-1.103623360395431519e-01,-1.183894723653793335e-01,-1.179715543985366821e-01,-6.422223057597875595e-03,-2.759281732141971588e-02,-1.881141811609268188e-01,-2.754418551921844482e-01,-2.247080393135547638e-02,-1.794844679534435272e-02,-1.446288824081420898e-01,-1.114785820245742798e-01,-2.187642306089401245e-01,-3.217334151268005371e-01,-1.482836902141571045e-01,-2.370733469724655151e-01,-2.029722630977630615e-01,7.285064551979303360e-03,2.072549760341644287e-01,4.620125889778137207e-02,-1.346588730812072754e-01,6.338039040565490723e-02,-2.625810205936431885e-01,-1.362891495227813721e-01,-2.264200747013092041e-01,-3.930888324975967407e-02,8.393436670303344727e-02,9.418195486068725586e-02,9.194429963827133179e-02,1.968882679939270020e-01,9.234663099050521851e-02,2.657393692061305046e-03,-5.428816657513380051e-03,-8.393123745918273926e-02,-8.760062046349048615e-03,3.243569284677505493e-02,-2.829758226871490479e-01,-1.814733147621154785e-01,-1.551210135221481323e-01,-1.060454770922660828e-01,-3.472888171672821045e-01,-2.062661498785018921e-01,-4.699214920401573181e-02,-4.063355922698974609e-02,-3.139072656631469727e-01,-3.132040500640869141e-01,-3.542439937591552734e-01,-9.648004174232482910e-02,-1.665560603141784668e-01,-1.701222807168960571e-01,2.722911722958087921e-02,-1.100777462124824524e-02,4.699246585369110107e-02,-4.601837322115898132e-02,2.746579051017761230e-01,2.270086482167243958e-02,6.995064765214920044e-02,-6.437677145004272461e-02,-1.324795633554458618e-01,-9.295030683279037476e-02,-3.299028277397155762e-01,-6.114149093627929688e-02,1.751870289444923401e-02,-1.180227994918823242e-01,1.761315912008285522e-01,-3.097841981798410416e-03,-3.940273076295852661e-02,-9.075015783309936523e-02,9.207623451948165894e-02,-2.847902849316596985e-02,-1.824311912059783936e-01,-1.803870350122451782e-01,-5.960293114185333252e-02,1.629898846149444580e-01,2.557973265647888184e-01,2.341678589582443237e-01
3.868331611156463623e-01,4.106680154800415039e-01,2.106168568134307861e-01,1.000000000000000000e+00,-1.698953956365585327e-01,-5.022767558693885803e-02,4.264587536454200745e-02,5.983570814132690430e-01,-3.355885446071624756e-01,-4.117747768759727478e-02,-1.972525753080844879e-02,-8.931850083172321320e-03,-4.637331515550613403e-02,6.706178933382034302e-02,-1.782058924436569214e-01,-9.405576437711715698e-02,2.730913758277893066e-01,2.032052725553512573e-01,2.599921524524688721e-01,2.438095957040786743e-01,1.238588318228721619e-01,-7.610800676047801971e-03,4.396114349365234375e-01,6.043811440467834473e-01,2.431433647871017456e-02,3.748509660363197327e-02,-4.404058307409286499e-02,-4.756019264459609985e-02,2.180834412574768066e-01,2.319432944059371948e-01,1.990157663822174072e-01,3.771341443061828613e-01,2.618570029735565186e-01,3.912252485752105713e-01,2.821950018405914307e-01,3.682071268558502197e-01,1.866430491209030151e-01,-2.535431645810604095e-02,-4.752005264163017273e-02,-5.040768161416053772e-02,-1.240969672799110413e-01,-2.843562699854373932e-02,1.562962979078292847e-01,2.111798226833343506e-01,3.211845830082893372e-02,1.660155504941940308e-01,1.572778075933456421e-01,2.314207702875137329e-01,1.335051059722900391e-01,9.453247487545013428e-02,1.346933990716934204e-01,1.646147370338439941e-01,1.146001592278480530e-01,2.071445733308792114e-01,8.724331110715866089e-02,1.816787123680114746e-01,3.251719176769256592e-01,3.542925119400024414e-01,-7.340663671493530273e-02,-6.049197539687156677e-02,5.997003242373466492e-02,6.418701261281967163e-02,2.796469330787658691e-01,3.533387184143066406e-01,9.033235162496566772e-02,1.182465162128210068e-02,1.486483812332153320e-01,2.346692532300949097e-01,2.021974623203277588e-01,1.604732275009155273e-01,3.646301329135894775e-01,3.287405371665954590e-01,8.371528238058090210e-02,2.076065838336944580e-01,9.269193559885025024e-02,1.721450239419937134e-01,3.304958045482635498e-01,3.639250099658966064e-01,3.745300173759460449e-01,2.215224653482437134e-01,2.815033793449401855e-01,2.199540436267852783e-01,-3.786631524562835693e-01,-1.079090908169746399e-01,8.900594711303710938e-02,2.131401002407073975e-01,-2.723411321640014648e-01,-2.421837151050567627e-01,-1.525242924690246582e-01,2.700130641460418701e-02,-6.980423629283905029e-02,1.049712523818016052e-01,-1.664008945226669312e-01,-1.202545128762722015e-02,7.059388607740402222e-02,-3.008853644132614136e-02,1.337995976209640503e-01,8.351399004459381104e-02,1.190358400344848633e-01,1.839170306921005249e-01,3.733647987246513367e-02,-9.898767806589603424e-03,8.854493498802185059e-02,9.124206751585006714e-02,1.353040188550949097e-01,8.734820783138275146e-02,7.885775715112686157e-02,-8.207877166569232941e-03,4.351903125643730164e-02,1.118561401963233948e-01,2.318794131278991699e-01,2.188041657209396362e-01,1.996382474899291992e-01,5.386759340763092041e-02,1.398536115884780884e-01,2.969739772379398346e-02
-1.885876357555389404e-01,-2.415329515933990479e-01,-3.010261617600917816e-02,-1.698953956365585327e-01,1.000000000000000000e+00,6.911813020706176758e-01,3.298432566225528717e-03,-2.764104604721069336e-01,8.112064003944396973e-01,5.345688462257385254e-01,-2.871353924274444580e-02,-2.022425383329391479e-01,1.224120631814002991e-01,-9.440662711858749390e-02,6.800562143325805664e-01,3.621607422828674316e-01,-5.425347387790679932e-02,-3.512614071369171143e-01,6.056762486696243286e-02,4.041368886828422546e-02,1.889009326696395874e-01,1.404617428779602051e-01,-1.350904405117034912e-01,-1.398227661848068237e-01,5.283765792846679688e-01,4.048378467559814453e-01,5.962073802947998047e-01,6.041057109832763672e-01,1.973083615303039551e-01,-8.274383097887039185e-02,9.604538232088088989e-02,1.871817372739315033e-02,-9.310793876647949219e-02,-2.325760871171951294e-01,-2.206297218799591064e-01,-2.128723859786987305e-01,-5.779791250824928284e-02,-5.247350782155990601e-02,2.116823196411132812e-01,9.745363146066665649e-02,1.771924197673797607e-01,9.773322194814682007e-02,-1.360980272293090820e-01,-1.946969330310821533e-01,-1.111447811126708984e-01,-1.122842878103256226e-01,-3.517284616827964783e-02,-1.210632268339395523e-02,-1.089826747775077820e-01,-1.486282795667648315e-01,-7.008010149002075195e-02,-1.772352457046508789e-01,1.336853206157684326e-01,1.259283721446990967e-01,2.253874540328979492e-01,2.122384458780288696e-01,-5.900404974818229675e-02,-5.420424416661262512e-02,3.044952265918254852e-02,1.709374934434890747e-01,1.937578245997428894e-02,-3.946911171078681946e-02,-2.668510749936103821e-02,-1.175199225544929504e-01,-3.129551559686660767e-02,-7.878913730382919312e-02,-7.121530920267105103e-02,-1.188697889447212219e-01,-3.014682047069072723e-02,-1.209046766161918640e-01,-3.586779907345771790e-02,-1.104288920760154724e-01,3.805321082472801208e-02,-3.336859494447708130e-02,-2.643398009240627289e-02,-1.796995475888252258e-02,-1.134365145117044449e-02,-1.291553955525159836e-02,-1.704366803169250488e-01,-2.660200595855712891e-01,3.008886240422725677e-02,-1.697069704532623291e-01,6.735440492630004883e-01,3.433903455734252930e-01,2.178146839141845703e-01,-6.567005533725023270e-03,5.530949234962463379e-01,5.274618268013000488e-01,5.292839407920837402e-01,3.543009757995605469e-01,2.612443566322326660e-01,3.128584027290344238e-01,2.251658588647842407e-01,3.129318058490753174e-01,8.278413116931915283e-02,2.031276375055313110e-01,1.163177713751792908e-01,1.711512953042984009e-01,1.272571384906768799e-01,1.186229735612869263e-01,1.450498551130294800e-01,1.563758999109268188e-01,6.798517704010009766e-02,1.346207559108734131e-01,6.465029716491699219e-02,1.086963787674903870e-01,1.624272912740707397e-01,1.087066009640693665e-01,6.345585733652114868e-02,8.267130702733993530e-02,1.255769981071352959e-03,-1.233148295432329178e-02,1.850445568561553955e-01,3.408550843596458435e-02,1.990611664950847626e-03,1.046107858419418335e-01
-3.852031007409095764e-02,-8.669565618038177490e-02,-2.592468261718750000e-01,-5.022767558693885803e-02,6.911813020706176758e-01,1.000000000000000000e+00,-2.027872353792190552e-01,-1.823926419019699097e-01,5.646401047706604004e-01,7.469992637634277344e-01,-8.484115451574325562e-02,-1.231934949755668640e-01,-1.133080422878265381e-01,1.363781094551086426e-02,4.901723563671112061e-01,4.183259606361389160e-01,7.225309312343597412e-02,-3.738834559917449951e-01,1.103017758578062057e-02,6.517217308282852173e-02,2.627696692943572998e-01,2.338171601295471191e-01,-3.039441406726837158e-01,-1.533978879451751709e-01,5.391822457313537598e-01,4.579758048057556152e-01,4.338066279888153076e-01,6.878146529197692871e-01,2.000370174646377563e-01,3.295015171170234680e-02,-2.606726624071598053e-02,-2.557892166078090668e-02,2.674578875303268433e-02,-9.012641012668609619e-02,5.249028652906417847e-02,6.590376794338226318e-02,9.997086226940155029e-02,8.789126761257648468e-03,1.488840132951736450e-01,6.934848427772521973e-02,1.485591828823089600e-01,1.126380488276481628e-01,-2.269865013659000397e-02,1.182715594768524170e-02,-8.641178905963897705e-02,-4.159864038228988647e-02,1.038278564810752869e-01,2.064770311117172241e-01,-7.610993925482034683e-03,-3.036894276738166809e-02,8.265259116888046265e-02,6.648343522101640701e-03,1.804194152355194092e-01,2.634940445423126221e-01,2.434788793325424194e-01,3.058385848999023438e-01,7.763641327619552612e-02,4.654749110341072083e-02,2.704992704093456268e-02,1.648508012294769287e-01,1.450066864490509033e-01,1.157785486429929733e-02,9.698103368282318115e-02,2.533075027167797089e-02,1.289880573749542236e-01,1.788797788321971893e-02,9.021087735891342163e-02,3.761069476604461670e-02,5.969736352562904358e-02,-1.701585762202739716e-02,1.048363745212554932e-01,7.872912287712097168e-02,2.889516949653625488e-02,4.560278356075286865e-02,2.428408898413181305e-02,6.033524498343467712e-02,2.537509202957153320e-01,2.372632771730422974e-01,6.367237074300646782e-04,-1.981929540634155273e-01,1.682814508676528931e-01,-9.992583096027374268e-02,4.455842077732086182e-01,3.217396140098571777e-01,2.941833436489105225e-01,1.598306149244308472e-01,5.585294961929321289e-01,5.789437890052795410e-01,4.228842556476593018e-01,3.558790087699890137e-01,1.770506203174591064e-01,2.538153231143951416e-01,1.445504575967788696e-01,2.734354138374328613e-01,1.274904236197471619e-02,2.023277282714843750e-01,1.215242594480514526e-01,1.589324772357940674e-01,1.779022514820098877e-01,1.805908679962158203e-01,2.310399264097213745e-01,1.555246263742446899e-01,3.516807034611701965e-02,1.430010646581649780e-01,-2.804809622466564178e-02,5.530630424618721008e-02,1.593982130289077759e-01,1.210203990340232849e-01,1.943783164024353027e-01,1.976178288459777832e-01,1.671070456504821777e-01,1.733113229274749756e-01,2.749794125556945801e-01,-5.010458827018737793e-02,-5.178168416023254395e-02,4.858595132827758789e-02
-1.915683746337890625e-01,4.321361426264047623e-03,7.630568742752075195e-01,4.264587536454200745e-02,3.298432566225528717e-03,-2.027872353792190552e-01,1.000000000000000000e+00,1.674721986055374146e-01,4.012641683220863342e-02,-7.479495555162429810e-02,1.783255189657211304e-01,1.447786837816238403e-01,7.470285296440124512e-01,-4.649175330996513367e-02,1.016184166073799133e-01,-1.123287305235862732e-01,-1.441817134618759155e-01,1.063831001520156860e-01,1.725316941738128662e-01,1.182793918997049332e-02,-2.058640569448471069e-01,-2.781326174736022949e-01,4.898928999900817871e-01,2.265463918447494507e-01,-2.498640716075897217e-01,-1.012825872749090195e-02,1.822247505187988281e-01,-1.415537744760513306e-01,8.707059919834136963e-02,-2.317458242177963257e-01,4.169918298721313477e-01,4.105846583843231201e-01,1.761516630649566650e-01,9.616595506668090820e-02,7.493971288204193115e-02,-2.545240102335810661e-03,-8.410090580582618713e-03,-1.929794251918792725e-01,1.051525585353374481e-02,-1.556599736213684082e-01,-1.825773417949676514e-01,-1.810903549194335938e-01,-5.535933002829551697e-02,-8.341201394796371460e-02,1.193406581878662109e-01,-2.371080406010150909e-02,-2.008624225854873657e-01,-2.624749541282653809e-01,6.383429467678070068e-02,2.827169559895992279e-02,-7.558993250131607056e-02,-8.340843021869659424e-02,-2.179398685693740845e-01,-3.272693157196044922e-01,-2.576068937778472900e-01,-3.616861402988433838e-01,-1.847656220197677612e-01,-6.886302027851343155e-03,3.306220471858978271e-01,1.142892614006996155e-01,4.935047123581171036e-03,9.828144311904907227e-02,-2.166415601968765259e-01,-1.690437197685241699e-01,-7.451927661895751953e-02,6.134196743369102478e-02,1.608016341924667358e-01,1.338936388492584229e-01,1.466395705938339233e-01,2.500703334808349609e-01,1.953580789268016815e-02,-3.173548355698585510e-02,1.278731692582368851e-02,-1.361070871353149414e-01,-6.918982416391372681e-02,-5.841773748397827148e-02,-3.002611994743347168e-01,-2.481669187545776367e-01,-2.219293862581253052e-01,-6.618123501539230347e-02,-3.716201782226562500e-01,-2.053083926439285278e-01,-2.138946577906608582e-02,-1.378881633281707764e-01,-2.768801748752593994e-01,-2.849088907241821289e-01,-2.285449951887130737e-01,-4.856218025088310242e-02,-2.079490572214126587e-01,-2.541977763175964355e-01,-1.104812994599342346e-01,-1.757583022117614746e-01,-1.067353487014770508e-01,-1.869302541017532349e-01,1.608652323484420776e-01,4.965078085660934448e-02,-4.868275672197341919e-02,-1.453081965446472168e-01,-2.528484463691711426e-01,-2.718232572078704834e-01,-4.343295991420745850e-01,-2.054708003997802734e-01,-1.818866878747940063e-01,-3.068437278270721436e-01,-6.114958226680755615e-02,-2.143174558877944946e-01,-1.562833487987518311e-01,-2.478489726781845093e-01,6.789163500070571899e-02,-2.866138890385627747e-02,-1.864588558673858643e-01,-2.315558642148971558e-01,-1.538850963115692139e-01,-4.347637295722961426e-02,6.360287219285964966e-02,7.958458364009857178e-02
3.542425334453582764e-01,5.181440711021423340e-01,2.442631274461746216e-01,5.983570814132690430e-01,-2.764104604721069336e-01,-1.823926419019699097e-01,1.674721986055374146e-01,1.000000000000000000e+00,-3.986677825450897217e-01,-1.112336292862892151e-01,5.367584154009819031e-02,1.948339194059371948e-01,1.268152240663766861e-02,2.088364660739898682e-01,-3.541265428066253662e-01,-8.650977164506912231e-02,1.970836371183395386e-01,2.392713278532028198e-01,1.734998375177383423e-01,1.821537762880325317e-01,-2.182324044406414032e-02,-8.398308418691158295e-04,3.810934126377105713e-01,5.452922582626342773e-01,-1.758585311472415924e-02,6.523232161998748779e-02,-9.771282970905303955e-02,-1.124811023473739624e-01,1.128760874271392822e-01,2.278295159339904785e-01,2.304176688194274902e-01,3.675858378410339355e-01,2.041977345943450928e-01,2.849730849266052246e-01,1.627944707870483398e-01,2.568117976188659668e-01,6.811534613370895386e-02,-6.506008096039295197e-03,-1.967528313398361206e-01,-9.714151173830032349e-02,-1.817294955253601074e-01,-7.895227521657943726e-02,4.481626302003860474e-02,1.604195684194564819e-01,-5.263899266719818115e-02,1.236344799399375916e-01,1.722591370344161987e-02,1.214699372649192810e-01,1.043979898095130920e-01,1.148099973797798157e-01,1.050729751586914062e-01,2.000153809785842896e-01,2.617930993437767029e-02,1.798487603664398193e-01,-1.114387884736061096e-01,5.917549878358840942e-02,3.353899717330932617e-01,4.480630159378051758e-01,-6.870491802692413330e-02,-6.477561593055725098e-02,1.185714974999427795e-01,7.757139950990676880e-02,3.034119009971618652e-01,5.436735749244689941e-01,1.664122194051742554e-01,2.901498414576053619e-02,1.336812525987625122e-01,2.057094275951385498e-01,6.550406664609909058e-02,1.545542329549789429e-01,2.915283143520355225e-01,2.683528959751129150e-01,1.808086410164833069e-02,1.608294993638992310e-01,5.954898893833160400e-02,1.402377188205718994e-01,1.335547119379043579e-01,2.219270616769790649e-01,2.849650681018829346e-01,1.970021128654479980e-01,1.967935413122177124e-01,2.081575095653533936e-01,-4.766559600830078125e-01,-2.630165964365005493e-02,5.680413171648979187e-02,3.216625154018402100e-01,-3.173797428607940674e-01,-2.998431921005249023e-01,-2.983358204364776611e-01,1.184967532753944397e-02,-2.330677956342697144e-01,-1.856226101517677307e-02,-3.059590756893157959e-01,-1.326885968446731567e-01,-5.606763809919357300e-02,-7.894510775804519653e-02,-3.346425294876098633e-02,-5.715129896998405457e-02,-6.306734681129455566e-02,-3.479911014437675476e-03,-3.740970417857170105e-02,-1.270440071821212769e-01,2.715909481048583984e-02,2.581079490482807159e-02,9.408260136842727661e-02,4.348124563694000244e-02,-1.163785811513662338e-02,-1.133124530315399170e-01,6.697177141904830933e-02,4.164113849401473999e-02,1.792279779911041260e-01,1.885195374488830566e-01,3.502940014004707336e-02,-8.832131326198577881e-02,4.462601616978645325e-02,-8.424912393093109131e-02
-2.194516807794570923e-01,-3.083052039146423340e-01,-2.983862906694412231e-02,-3.355885446071624756e-01,8.112064003944396973e-01,5.646401047706604004e-01,4.012641683220863342e-02,-3.986677825450897217e-01,1.000000000000000000e+00,4.495054483413696289e-01,8.379474282264709473e-02,-1.081105321645736694e-01,2.220155596733093262e-01,-5.421190336346626282e-02,7.552426457405090332e-01,3.492029905319213867e-01,-4.760206863284111023e-02,-2.344422936439514160e-01,1.826646365225315094e-02,-2.270717173814773560e-02,1.738121360540390015e-01,1.218353435397148132e-01,-2.069720327854156494e-01,-2.730093300342559814e-01,4.118271470069885254e-01,2.808116376399993896e-01,4.865199625492095947e-01,4.702461659908294678e-01,2.086444944143295288e-01,-5.782207474112510681e-02,9.032597392797470093e-02,-2.613579481840133667e-02,-1.256176978349685669e-01,-2.875837981700897217e-01,-2.803860902786254883e-01,-2.965227067470550537e-01,-7.627483457326889038e-02,-3.576450515538454056e-03,2.296211272478103638e-01,1.156310439109802246e-01,1.820869743824005127e-01,1.005463376641273499e-01,-7.423481345176696777e-02,-1.738680601119995117e-01,-5.819723382592201233e-02,-1.148899793624877930e-01,-3.021057636942714453e-04,-2.993137389421463013e-02,-1.217416673898696899e-01,-1.484488993883132935e-01,-7.490973919630050659e-02,-2.013058662414550781e-01,1.261595934629440308e-01,2.685797587037086487e-02,2.503066360950469971e-01,1.823312491178512573e-01,-8.999003469944000244e-02,-1.109893843531608582e-01,2.160907164216041565e-02,1.542116254568099976e-01,-1.169332419522106647e-03,-3.990617766976356506e-02,-3.651846572756767273e-02,-1.895783096551895142e-01,-3.871047496795654297e-02,-5.965754017233848572e-02,-1.127605810761451721e-01,-1.703092008829116821e-01,-7.075455039739608765e-02,-1.680057197809219360e-01,-7.781796157360076904e-02,-1.449630856513977051e-01,5.632398277521133423e-02,-1.021123491227626801e-02,-2.773466147482395172e-02,-3.793120756745338440e-02,-5.407996848225593567e-02,-6.095373630523681641e-02,-2.148740291595458984e-01,-2.032181918621063232e-01,3.978534042835235596e-02,-9.348391741514205933e-02,7.063784003257751465e-01,3.189100623130798340e-01,2.389114350080490112e-01,-2.063257433474063873e-02,5.365740656852722168e-01,4.758483767509460449e-01,5.455977916717529297e-01,3.046598434448242188e-01,3.035454452037811279e-01,2.734837532043457031e-01,2.822665870189666748e-01,2.772189974784851074e-01,5.539758130908012390e-02,1.847729533910751343e-01,9.716663509607315063e-02,1.811526715755462646e-01,1.372772008180618286e-01,1.373147964477539062e-01,1.364742070436477661e-01,1.709116846323013306e-01,7.305574417114257812e-02,1.344503760337829590e-01,4.466827213764190674e-02,8.922092616558074951e-02,1.477929651737213135e-01,1.230277717113494873e-01,4.531526938080787659e-02,2.141125500202178955e-02,-9.603169560432434082e-02,-9.020581096410751343e-02,1.236979737877845764e-01,6.128704547882080078e-02,-1.382536068558692932e-02,8.632852882146835327e-02
-2.715226449072360992e-02,2.083343686535954475e-03,-1.883904486894607544e-01,-4.117747768759727478e-02,5.345688462257385254e-01,7.469992637634277344e-01,-7.479495555162429810e-02,-1.112336292862892151e-01,4.495054483413696289e-01,1.000000000000000000e+00,-4.441434517502784729e-02,7.766739465296268463e-03,-1.310122851282358170e-02,8.634800463914871216e-02,3.640933632850646973e-01,4.863811433315277100e-01,7.449983060359954834e-02,-2.406419366598129272e-01,-5.442383512854576111e-02,-2.354502305388450623e-02,2.024672627449035645e-01,2.082450687885284424e-01,-2.325569540262222290e-01,-1.340433806180953979e-01,4.992769658565521240e-01,4.356250166893005371e-01,3.400621116161346436e-01,6.032776236534118652e-01,2.355439215898513794e-01,5.211622267961502075e-02,-2.345987595617771149e-04,4.720589891076087952e-02,5.971289798617362976e-02,-7.722347974777221680e-02,9.997306019067764282e-02,1.386033892631530762e-01,1.337904930114746094e-01,-7.863401435315608978e-03,-1.425185333937406540e-02,-5.341568961739540100e-02,2.629208751022815704e-02,6.405003368854522705e-02,6.900191307067871094e-02,1.049795150756835938e-01,6.243125349283218384e-02,8.096116781234741211e-02,9.807265549898147583e-02,2.183046787977218628e-01,1.550964713096618652e-01,1.267626583576202393e-01,1.693130880594253540e-01,1.088162809610366821e-01,1.379376500844955444e-01,2.534397244453430176e-01,9.870356321334838867e-02,2.137634754180908203e-01,1.637205630540847778e-01,1.548439711332321167e-01,2.325990647077560425e-01,3.234715163707733154e-01,3.046514391899108887e-01,1.429613828659057617e-01,1.969845741987228394e-01,1.131091490387916565e-01,2.061234861612319946e-01,1.620881706476211548e-01,2.876924276351928711e-01,2.155096232891082764e-01,1.280274987220764160e-01,8.828994631767272949e-02,1.299375444650650024e-01,1.265691816806793213e-01,3.014789894223213196e-02,3.927749767899513245e-02,1.383636984974145889e-02,6.123126670718193054e-02,2.939743399620056152e-01,2.850963771343231201e-01,1.302570942789316177e-02,-1.353618502616882324e-01,1.489596962928771973e-01,-6.893139332532882690e-03,2.771258354187011719e-01,3.447880148887634277e-01,2.643592059612274170e-01,2.464414238929748535e-01,4.049631059169769287e-01,5.500781536102294922e-01,2.332317382097244263e-01,3.279033005237579346e-01,-2.767163701355457306e-02,1.589843779802322388e-01,-4.269921686500310898e-03,1.431066840887069702e-01,5.556362867355346680e-02,1.241443157196044922e-01,5.863938480615615845e-02,9.442438185214996338e-02,7.873240858316421509e-03,5.564060062170028687e-02,-1.267815101891756058e-02,6.270818412303924561e-02,-1.554089784622192383e-01,-3.467994555830955505e-02,-1.731766909360885620e-01,-1.379430592060089111e-01,-2.750146202743053436e-02,-6.348747760057449341e-02,2.199616581201553345e-01,1.765625327825546265e-01,1.718652844429016113e-01,1.042617335915565491e-01,2.056704461574554443e-01,-1.693431288003921509e-01,-2.072074413299560547e-01,-8.725099265575408936e-02
2.263042181730270386e-01,-1.861426234245300293e-01,9.465138614177703857e-02,-1.972525753080844879e-02,-2.871353924274444580e-02,-8.484115451574325562e-02,1.783255189657211304e-01,5.367584154009819031e-02,8.379474282264709473e-02,-4.441434517502784729e-02,1.000000000000000000e+00,6.138163208961486816e-01,4.494110941886901855e-01,5.536133646965026855e-01,2.097610533237457275e-01,1.602853685617446899e-01,6.054065227508544922e-01,5.553543567657470703e-01,-6.624279916286468506e-02,-1.639523655176162720e-01,1.084251329302787781e-01,5.597661808133125305e-02,4.312714934349060059e-02,2.626555413007736206e-02,-1.520990394055843353e-02,-2.199814841151237488e-02,-7.347452640533447266e-02,-1.059953942894935608e-01,3.212653994560241699e-01,2.370283752679824829e-01,3.816958367824554443e-01,2.553019225597381592e-01,4.780921712517738342e-02,3.455484285950660706e-02,-1.243627443909645081e-01,-1.676432639360427856e-01,-1.940692402422428131e-02,-4.584364965558052063e-02,3.422951325774192810e-02,-1.066165789961814880e-01,1.883817277848720551e-02,-1.921822316944599152e-02,3.541681542992591858e-02,5.033199861645698547e-02,-1.188912913203239441e-01,-4.761854931712150574e-02,1.002343520522117615e-01,5.168756842613220215e-02,-1.092153638601303101e-01,-1.652437895536422729e-01,5.007431656122207642e-02,-1.342051029205322266e-01,1.549658924341201782e-01,-4.966215044260025024e-02,1.485269814729690552e-01,6.525976210832595825e-02,-4.619947168976068497e-03,-1.211852878332138062e-01,-2.564618289470672607e-01,-2.721601426601409912e-01,-1.325311362743377686e-01,-2.868767976760864258e-01,1.096388325095176697e-01,-1.197125315666198730e-01,-3.341440111398696899e-02,-2.367330342531204224e-01,-2.451371252536773682e-01,-2.637706696987152100e-01,-2.426880896091461182e-01,-2.638376057147979736e-01,5.283593386411666870e-02,-2.250120416283607483e-02,1.184518039226531982e-01,9.080685675144195557e-02,6.379939615726470947e-02,2.957948483526706696e-02,-4.116788133978843689e-02,-4.237075895071029663e-02,2.191585153341293335e-01,3.527620136737823486e-01,3.383747339248657227e-01,4.077740013599395752e-01,1.461621224880218506e-01,1.845661401748657227e-01,3.076119720935821533e-01,1.572377681732177734e-01,5.263694748282432556e-02,-8.426461368799209595e-03,1.608026921749114990e-01,1.342466473579406738e-01,1.409841980785131454e-02,-1.098626032471656799e-01,-1.165351942181587219e-01,-1.769651174545288086e-01,7.935731112957000732e-02,-1.244387682527303696e-02,8.443316072225570679e-02,8.126764744520187378e-02,5.982260406017303467e-02,9.132874011993408203e-02,4.674291983246803284e-02,-7.770601660013198853e-02,-1.342182308435440063e-01,-1.083568260073661804e-01,-1.997356563806533813e-01,-1.894330084323883057e-01,5.197671125642955303e-04,-9.589680284261703491e-02,-1.704830490052700043e-02,6.831110268831253052e-02,-8.417584933340549469e-03,1.467241789214313030e-03,1.100371032953262329e-02,-1.426689624786376953e-01,-2.436063289642333984e-01,-1.651798188686370850e-01
2.537313103675842285e-01,5.234127491712570190e-02,-2.631138265132904053e-02,-8.931850083172321320e-03,-2.022425383329391479e-01,-1.231934949755668640e-01,1.447786837816238403e-01,1.948339194059371948e-01,-1.081105321645736694e-01,7.766739465296268463e-03,6.138163208961486816e-01,1.000000000000000000e+00,1.969603151082992554e-01,7.003235220909118652e-01,-9.788648039102554321e-02,7.990086823701858521e-02,4.390012919902801514e-01,5.945611596107482910e-01,-5.599268525838851929e-02,-1.242225095629692078e-01,-1.293652206659317017e-01,-9.186317026615142822e-02,-2.229564078152179718e-02,-1.783095113933086395e-02,-9.739329665899276733e-02,-5.356730148196220398e-02,-1.972067356109619141e-01,-1.266776174306869507e-01,-2.918444573879241943e-02,1.381102353334426880e-01,1.991072297096252441e-01,1.339309215545654297e-01,1.335618495941162109e-01,1.141739338636398315e-01,-8.542343974113464355e-03,-6.082811206579208374e-02,-1.458171904087066650e-01,-1.262154877185821533e-01,-2.026133686304092407e-01,-2.419944256544113159e-01,-1.492187827825546265e-01,-1.189296469092369080e-01,-6.190229207277297974e-02,-2.384611032903194427e-02,-3.347742184996604919e-02,-9.332939982414245605e-02,-1.271955668926239014e-01,-3.982850536704063416e-02,-1.833843626081943512e-02,-5.175213888287544250e-02,-5.692159011960029602e-02,-4.082932695746421814e-02,-1.168078109622001648e-01,-7.136075943708419800e-02,-1.811770051717758179e-01,-1.135162413120269775e-01,5.322556197643280029e-02,3.043919056653976440e-02,-1.225347220897674561e-01,-6.816004961729049683e-02,2.109301462769508362e-02,-4.928074032068252563e-02,5.478713288903236389e-02,9.584905952215194702e-02,5.079248175024986267e-02,1.289573032408952713e-02,-1.104997992515563965e-01,-9.789919108152389526e-02,-2.223896682262420654e-01,-2.440520226955413818e-01,-1.286911666393280029e-01,-8.580463379621505737e-02,-1.164433881640434265e-01,-4.563206434249877930e-02,-1.128834784030914307e-01,-9.779138863086700439e-02,-8.167701959609985352e-02,-6.864635646343231201e-02,1.123373582959175110e-01,3.419829308986663818e-01,8.549687266349792480e-02,4.016301631927490234e-01,-7.532316446304321289e-02,1.038812175393104553e-01,2.979592420160770416e-02,1.486947685480117798e-01,5.562602356076240540e-02,-1.892500324174761772e-03,-1.413085758686065674e-01,3.135351464152336121e-02,-2.735352814197540283e-01,-2.367492020130157471e-01,-2.490521967411041260e-01,-1.834474205970764160e-01,-2.270414829254150391e-01,-1.864282786846160889e-01,-2.118715792894363403e-01,-2.156319469213485718e-01,-2.179307341575622559e-01,-1.701807379722595215e-01,8.641833439469337463e-03,-7.841481268405914307e-02,-1.349830031394958496e-01,-5.923924595117568970e-02,-2.245307564735412598e-01,-1.968767791986465454e-01,-1.013281792402267456e-01,-9.517790377140045166e-02,-1.448771804571151733e-01,-1.311437636613845825e-01,-1.172186583280563354e-01,-8.810950815677642822e-02,-1.638087034225463867e-01,-2.814374864101409912e-01,-3.018151819705963135e-01,-3.182574212551116943e-01
-1.807690262794494629e-01,-1.834221333265304565e-01,6.594063043594360352e-01,-4.637331515550613403e-02,1.224120631814002991e-01,-1.133080422878265381e-01,7.470285296440124512e-01,1.268152240663766861e-02,2.220155596733093262e-01,-1.310122851282358170e-02,4.494110941886901855e-01,1.969603151082992554e-01,1.000000000000000000e+00,1.123371124267578125e-01,3.783991038799285889e-01,8.612236380577087402e-02,1.372733563184738159e-01,2.034122794866561890e-01,8.713965862989425659e-02,-5.837557837367057800e-02,1.809151098132133484e-02,-9.022458642721176147e-02,3.909846544265747070e-01,1.563911139965057373e-01,-1.369851529598236084e-01,2.155770175158977509e-02,2.117035984992980957e-01,-1.075196415185928345e-01,3.479218780994415283e-01,3.688790649175643921e-02,5.482821464538574219e-01,4.737813770771026611e-01,1.367610543966293335e-01,7.109816651791334152e-03,6.129230838268995285e-03,-5.337939411401748657e-02,1.255436092615127563e-01,-5.432562530040740967e-02,2.093776166439056396e-01,-2.793071977794170380e-02,-5.891987681388854980e-02,-5.551947280764579773e-02,8.584704250097274780e-02,1.240575313568115234e-02,8.909379690885543823e-02,-4.814741667360067368e-03,2.586057782173156738e-02,-1.157369539141654968e-01,4.420127719640731812e-03,-5.881396308541297913e-02,3.031172417104244232e-02,-1.332615762948989868e-01,1.583305373787879944e-02,-2.713242173194885254e-01,5.912198871374130249e-02,-1.277034133672714233e-01,-1.683003753423690796e-01,-1.074933633208274841e-01,1.535802334547042847e-01,-2.885710075497627258e-02,-9.928999841213226318e-02,-7.850231975317001343e-02,-1.129292696714401245e-01,-2.604079246520996094e-01,-1.144341081380844116e-01,-8.891128748655319214e-02,4.609489813446998596e-02,2.766874385997653008e-03,2.161432802677154541e-02,1.031336337327957153e-01,1.333194077014923096e-01,4.048449918627738953e-02,1.897922605276107788e-01,5.419002845883369446e-02,9.616911411285400391e-02,9.369646012783050537e-02,-2.166455984115600586e-01,-1.395005881786346436e-01,-8.260377682745456696e-03,6.311088800430297852e-02,-8.126442134380340576e-02,-5.652229860424995422e-02,2.135968953371047974e-01,4.328191280364990234e-02,8.922349661588668823e-03,-1.897853314876556396e-01,-9.944289922714233398e-02,1.176712475717067719e-02,6.513498723506927490e-02,-1.328379511833190918e-01,7.992399483919143677e-02,-1.084462404251098633e-01,-1.251985225826501846e-02,-1.817180514335632324e-01,3.041048347949981689e-01,1.162585914134979248e-01,1.818734258413314819e-01,6.288098543882369995e-02,-2.249974198639392853e-02,-3.672535717487335205e-02,-3.105291128158569336e-01,-1.762531697750091553e-01,-1.718489378690719604e-01,-2.778369486331939697e-01,-9.982804208993911743e-02,-2.262859940528869629e-01,-8.625341206789016724e-02,-2.073663920164108276e-01,1.020167022943496704e-01,7.073363661766052246e-02,-9.956129640340805054e-02,-1.472216397523880005e-01,-7.535264361649751663e-03,-6.355055607855319977e-03,4.279613960534334183e-03,6.117095053195953369e-02
