1.000000000000000000e+00,3.004854023456573486e-01,1.588016301393508911e-01,3.860526978969573975e-01,1.508784759789705276e-02,9.826649911701679230e-03,1.323568075895309448e-01,1.535059213638305664e-01,-9.870164096355438232e-03,2.821492962539196014e-02,4.111228883266448975e-01,1.171873789280653000e-02,1.993727087974548340e-01,1.378359347581863403e-01,3.902819380164146423e-02,-8.526866883039474487e-02,1.822854578495025635e-01,-1.034109294414520264e-01,2.727902028709650040e-04,2.729488909244537354e-01,-6.908026337623596191e-02,1.940655149519443512e-02,-4.432288929820060730e-02,7.897687703371047974e-02,1.132732853293418884e-01,1.152665466070175171e-01,8.586592972278594971e-02,9.217374771833419800e-02,2.482292354106903076e-01,-8.183185756206512451e-02,-3.812830895185470581e-02,-2.613711543381214142e-02,5.152519419789314270e-02,-9.233570308424532413e-04,-3.736988082528114319e-02,-9.364972263574600220e-02,1.664125472307205200e-01,1.366761792451143265e-02,5.156159773468971252e-02,-7.723502069711685181e-02,-4.727584496140480042e-02,-2.436823397874832153e-01,-6.869097799062728882e-02,-2.516889572143554688e-01,1.205450482666492462e-02,-1.287093907594680786e-01,-7.260044664144515991e-02,-3.040323555469512939e-01,1.270020306110382080e-01,-1.910518854856491089e-01,2.262180149555206299e-01,-1.042410507798194885e-01,1.432298272848129272e-01,-1.480891257524490356e-01,1.876389533281326294e-01,-2.112060487270355225e-01,5.192306041717529297e-01,2.498307824134826660e-01,1.229394227266311646e-01,5.555051844567060471e-03,3.910163342952728271e-01,3.350350633263587952e-02,3.282703161239624023e-01,2.610850334167480469e-02,8.865118026733398438e-02,-2.080680429935455322e-01,1.042336076498031616e-01,1.092028394341468811e-01,6.399645209312438965e-01,4.979163408279418945e-01,-1.247592642903327942e-01,-1.151693016290664673e-01,4.600607603788375854e-02,-4.830258712172508240e-02,-1.148919165134429932e-01,-2.113243937492370605e-01,1.214301362633705139e-01,5.637932103127241135e-03,1.174055859446525574e-01,-1.192562952637672424e-01,1.202552244067192078e-01,-3.051569163799285889e-01,1.139679625630378723e-01,-2.353291660547256470e-01,1.108695790171623230e-01,-2.703313529491424561e-01,-5.570998415350914001e-02,-1.342270672321319580e-01,6.488776952028274536e-02,-2.116057574748992920e-01,1.212915927171707153e-01,-1.889974176883697510e-01,-1.074801906943321228e-01,-2.973766624927520752e-01,-2.068075537681579590e-01,-9.029401093721389771e-02,-1.581092625856399536e-01,-2.034600079059600830e-01,-7.026563864201307297e-03,-3.071825206279754639e-01,-2.085522413253784180e-01,-3.068205714225769043e-01,-2.417217642068862915e-01,-2.894045114517211914e-01,-1.017615422606468201e-01,-3.359756767749786377e-01,-9.990250319242477417e-02,-1.557642221450805664e-01,-2.319091558456420898e-01,-2.703558504581451416e-01,-1.572515368461608887e-01,-1.956544518470764160e-01,-1.326534152030944824e-01,1.488192752003669739e-02,7.131882756948471069e-02,3.025478124618530273e-02
3.004854023456573486e-01,1.000000000000000000e+00,3.008309602737426758e-01,3.199352622032165527e-01,-5.144683271646499634e-02,-4.451739042997360229e-02,2.173327654600143433e-01,3.710990548133850098e-01,8.875281363725662231e-02,-1.558815711177885532e-03,7.853016257286071777e-02,4.016259908676147461e-01,-3.795261308550834656e-02,2.550339400768280029e-01,-4.725233092904090881e-02,-9.869974106550216675e-03,1.644417643547058105e-01,2.416570186614990234e-01,-3.016396760940551758e-01,2.076989859342575073e-01,-2.089951746165752411e-02,6.459011137485504150e-02,1.522688865661621094e-01,1.658215522766113281e-01,1.304975152015686035e-01,5.678941681981086731e-02,-1.038282439112663269e-01,-1.580798625946044922e-01,-4.456208646297454834e-02,-1.138680614531040192e-03,6.289887428283691406e-02,-4.878994449973106384e-02,3.350316286087036133e-01,3.063869178295135498e-01,1.854005306959152222e-01,3.473392874002456665e-02,-1.381417661905288696e-01,1.290262788534164429e-01,6.055309786461293697e-04,-1.527709141373634338e-02,9.112622588872909546e-02,7.798185944557189941e-02,-5.633969977498054504e-02,5.310125276446342468e-02,-2.430122904479503632e-02,1.936582475900650024e-01,-2.326927036046981812e-01,7.314498722553253174e-02,-3.924758732318878174e-02,2.152660340070724487e-01,2.219439893960952759e-01,4.662691950798034668e-01,9.650964289903640747e-02,4.203575849533081055e-02,-7.075061649084091187e-02,6.513999402523040771e-02,4.062483906745910645e-01,7.271937727928161621e-01,8.252103626728057861e-02,1.991015970706939697e-01,-1.475356426090002060e-02,3.246532678604125977e-01,-2.416327148675918579e-01,-9.931658208370208740e-02,2.483397908508777618e-02,5.529985949397087097e-02,1.069623008370399475e-01,2.441094666719436646e-01,4.252204596996307373e-01,4.796375036239624023e-01,-1.331533938646316528e-01,-7.882131636142730713e-02,-5.944404378533363342e-02,1.422768384218215942e-01,2.870654687285423279e-02,6.101502478122711182e-02,1.137677282094955444e-01,2.269071638584136963e-01,1.046047806739807129e-01,8.601680397987365723e-02,-1.376889199018478394e-01,1.661979593336582184e-02,-1.205199211835861206e-01,2.777411043643951416e-02,-1.464942246675491333e-01,9.706740081310272217e-02,-1.436880677938461304e-01,1.718875765800476074e-02,-2.547745108604431152e-01,1.189388707280158997e-01,-3.410680592060089111e-01,1.094059124588966370e-01,-1.451676934957504272e-01,6.754864752292633057e-02,1.097775399684906006e-01,1.489451527595520020e-01,-8.321766555309295654e-02,8.277164399623870850e-02,-9.423663467168807983e-02,1.576915197074413300e-02,-4.268597811460494995e-02,5.714651569724082947e-02,-6.706263124942779541e-02,3.306757658720016479e-02,9.374833665788173676e-03,-4.821053706109523773e-03,-2.675883471965789795e-01,-1.183460801839828491e-01,8.160597085952758789e-02,5.964367091655731201e-02,-1.007765829563140869e-01,-5.491134524345397949e-02,7.789374887943267822e-02,1.238116994500160217e-01,7.260400801897048950e-03,-7.489097863435745239e-02
1.588016301393508911e-01,3.008309602737426758e-01,1.000000000000000000e+00,6.165036559104919434e-01,-3.767739981412887573e-02,-9.233538061380386353e-02,5.943843126296997070e-01,4.775684773921966553e-01,6.529571861028671265e-02,1.862298697233200073e-02,-3.181005269289016724e-02,1.708002574741840363e-02,7.217118144035339355e-02,1.401364654302597046e-01,-9.396483749151229858e-02,-3.137245401740074158e-02,4.447335004806518555e-02,5.877321213483810425e-02,1.946294158697128296e-01,3.958278298377990723e-01,-1.290848478674888611e-02,-5.439200904220342636e-03,4.260079562664031982e-01,4.231217503547668457e-01,1.108627617359161377e-01,1.277498453855514526e-01,-2.551328949630260468e-02,-9.199916571378707886e-02,1.540801674127578735e-01,-5.583784729242324829e-02,2.730138599872589111e-01,2.019568234682083130e-01,2.336274534463882446e-01,3.645957708358764648e-01,6.526133418083190918e-02,-1.772660017013549805e-02,2.414715290069580078e-02,-1.070684269070625305e-01,-2.228413522243499756e-02,-1.852837204933166504e-02,-1.157725322991609573e-02,-3.147400170564651489e-02,-8.804099261760711670e-02,-1.633391082286834717e-01,-3.348890459164977074e-03,3.891850635409355164e-02,-1.823281645774841309e-01,-1.842030584812164307e-01,8.946681022644042969e-02,6.331861368380486965e-04,1.649290323257446289e-02,-3.540283301845192909e-03,-3.105202689766883850e-02,-1.638399064540863037e-01,3.662598133087158203e-02,-1.648876070976257324e-01,1.212374195456504822e-01,2.424327731132507324e-01,2.889280393719673157e-02,1.111052092164754868e-02,4.047382250428199768e-02,8.379720896482467651e-02,3.868922591209411621e-02,-1.054251194000244141e-01,7.304611057043075562e-02,7.403211295604705811e-02,1.759922653436660767e-01,1.876409053802490234e-01,1.364948898553848267e-01,9.898186475038528442e-02,-4.000292718410491943e-02,-3.881145268678665161e-02,-3.459921339526772499e-03,-1.535199396312236786e-02,-1.638859510421752930e-02,-4.373480752110481262e-02,2.861554734408855438e-02,6.499472260475158691e-02,6.777049601078033447e-02,6.200626865029335022e-02,2.491906657814979553e-02,-2.170046977698802948e-02,-1.999733597040176392e-02,-1.114681065082550049e-01,4.277625307440757751e-02,-1.563767194747924805e-01,-8.533748239278793335e-02,-7.930956780910491943e-02,-1.300345454365015030e-02,-7.702954858541488647e-02,-8.831042051315307617e-02,-1.227131187915802002e-01,-5.760774761438369751e-02,-1.104872003197669983e-01,-1.622368693351745605e-01,1.319016367197036743e-01,-1.554466485977172852e-01,-1.067407662048935890e-03,-8.231057971715927124e-02,-1.008115038275718689e-01,-9.243056923151016235e-02,-1.920740455389022827e-01,-1.103125736117362976e-01,-1.420037448406219482e-01,8.881221711635589600e-02,4.738802090287208557e-02,-1.584776341915130615e-01,-1.125173792243003845e-01,-6.059730798006057739e-02,-9.339067339897155762e-02,-1.440596431493759155e-01,-7.667227834463119507e-02,-3.377295657992362976e-02,4.651931300759315491e-02,1.349821984767913818e-01,3.747412236407399178e-03
3.860526978969573975e-01,3.199352622032165527e-01,6.165036559104919434e-01,1.000000000000000000e+00,4.706425219774246216e-02,-2.739377785474061966e-03,5.790112614631652832e-01,6.201462745666503906e-01,1.066914498805999756e-01,1.427671313285827637e-01,1.125349476933479309e-01,1.319520026445388794e-01,1.581028103828430176e-01,2.920511066913604736e-01,1.613589376211166382e-02,4.232222214341163635e-02,-1.960462145507335663e-02,1.141545269638299942e-02,2.128921896219253540e-01,4.538963735103607178e-01,1.944420486688613892e-02,-3.265595994889736176e-03,3.222094178199768066e-01,4.766762256622314453e-01,1.081276014447212219e-01,1.435563713312149048e-01,8.439579606056213379e-02,5.186508595943450928e-02,2.493432909250259399e-01,5.047068744897842407e-02,1.796833723783493042e-01,1.511702239513397217e-01,2.118424773216247559e-01,3.477885723114013672e-01,1.337347645312547684e-02,-8.978074789047241211e-02,7.738830894231796265e-02,6.637257337570190430e-02,4.861285164952278137e-02,5.423446744680404663e-02,-7.456566207110881805e-03,2.010100521147251129e-02,-9.815119951963424683e-02,-1.871488988399505615e-01,6.691221892833709717e-02,5.138041079044342041e-02,-2.265451252460479736e-01,-1.935967057943344116e-01,1.436932981014251709e-01,1.162008196115493774e-02,1.415943168103694916e-02,-1.598086021840572357e-02,-5.267462134361267090e-02,-1.524851173162460327e-01,9.446706622838973999e-02,-7.182332128286361694e-02,1.722328215837478638e-01,2.401479780673980713e-01,6.640888005495071411e-02,9.933879971504211426e-02,7.032672315835952759e-02,5.050851404666900635e-02,3.080998733639717102e-02,-8.315914869308471680e-02,5.209924280643463135e-02,-2.366498857736587524e-02,1.989033073186874390e-01,2.423349916934967041e-01,3.079624474048614502e-01,3.529581129550933838e-01,-3.640776965767145157e-03,4.891344159841537476e-02,9.752951562404632568e-02,7.835670560598373413e-02,3.312691301107406616e-02,-8.894550800323486328e-02,8.403273671865463257e-02,1.037248447537422180e-01,6.749588996171951294e-02,1.032133866101503372e-02,-2.247404307126998901e-02,-7.427727431058883667e-02,1.256459206342697144e-02,-7.292027771472930908e-02,1.935652084648609161e-02,-1.083867698907852173e-01,-7.354498654603958130e-02,-3.706402331590652466e-02,-1.241592597216367722e-02,-4.381354153156280518e-02,-9.914530068635940552e-02,-1.895415782928466797e-01,-1.780676543712615967e-01,-1.908368319272994995e-01,-1.457836627960205078e-01,1.233397275209426880e-01,-1.816485226154327393e-01,7.954540662467479706e-03,-8.513651788234710693e-02,-1.211612671613693237e-01,-2.117214798927307129e-01,-2.155035287141799927e-01,-1.834183782339096069e-01,-1.625563800334930420e-01,8.122120797634124756e-02,-3.881036490201950073e-02,-1.146949306130409241e-01,-8.997670561075210571e-02,-6.747987121343612671e-02,-1.408639103174209595e-01,-1.183853670954704285e-01,-4.214550927281379700e-02,-9.121247567236423492e-03,1.063354015350341797e-01,1.315489262342453003e-01,2.179495431482791901e-02
1.508784759789705276e-02,-5.144683271646499634e-02,-3.767739981412887573e-02,4.706425219774246216e-02,1.000000000000000000e+00,7.380655407905578613e-01,3.047208068892359734e-03,-5.182948708534240723e-02,3.767715990543365479e-01,4.082500040531158447e-01,6.853819638490676880e-02,1.991539262235164642e-03,5.162373185157775879e-02,2.408666070550680161e-03,3.194479644298553467e-01,4.311967492103576660e-01,2.522601559758186340e-02,1.125982869416475296e-02,1.623534858226776123e-01,8.118934929370880127e-02,2.856059372425079346e-01,-1.607289351522922516e-02,-2.638986892998218536e-02,1.786667704582214355e-01,1.572547405958175659e-01,1.550997495651245117e-01,5.552681088447570801e-01,4.951229691505432129e-01,1.225655004382133484e-01,1.247336789965629578e-01,-5.821433290839195251e-02,2.618965692818164825e-02,2.702466771006584167e-02,1.021641567349433899e-01,8.814297616481781006e-02,8.622118085622787476e-02,7.216022163629531860e-02,1.352932602167129517e-01,5.497003346681594849e-02,2.281388640403747559e-01,8.390440605580806732e-03,9.117987006902694702e-02,2.055024169385433197e-02,-2.151871100068092346e-02,1.229981929063796997e-01,4.750489816069602966e-02,-2.967171929776668549e-02,-1.532105822116136551e-02,1.653954982757568359e-01,3.512053564190864563e-02,2.559974230825901031e-02,-3.957165032625198364e-02,4.505914077162742615e-02,1.209558732807636261e-02,7.036074250936508179e-02,5.201132968068122864e-02,-6.246747914701700211e-03,-7.141287624835968018e-02,7.016520947217941284e-02,2.729654498398303986e-02,2.684600837528705597e-02,-3.751026466488838196e-02,-3.399997204542160034e-02,-5.872109159827232361e-02,2.324743755161762238e-02,-2.688070014119148254e-02,1.239842101931571960e-01,1.049060150980949402e-01,3.027890622615814209e-02,8.142374455928802490e-02,9.481609612703323364e-02,8.741293102502822876e-02,3.221365511417388916e-01,1.428625434637069702e-01,-7.932123541831970215e-02,-2.266593044623732567e-03,7.074920833110809326e-02,1.061333492398262024e-01,-4.050994664430618286e-02,2.841726318001747131e-02,-2.846070937812328339e-02,-7.944758236408233643e-02,1.170171573758125305e-01,1.256950348615646362e-01,7.651427760720252991e-03,-4.165020212531089783e-02,-5.420711636543273926e-02,1.134963631629943848e-01,-3.968965262174606323e-02,2.014766912907361984e-03,6.221021711826324463e-02,-1.159996073693037033e-02,7.251423597335815430e-02,6.568192504346370697e-03,3.480114415287971497e-02,1.116000115871429443e-01,-9.800977259874343872e-02,3.826707135885953903e-03,2.273572236299514771e-02,4.047584533691406250e-02,-5.347038060426712036e-02,-3.613752126693725586e-02,2.347526513040065765e-02,-3.179018676746636629e-05,1.692695617675781250e-01,1.021582558751106262e-01,1.565567404031753540e-01,4.421282559633255005e-02,9.938672184944152832e-02,4.107689857482910156e-02,-3.171079978346824646e-02,1.071752011775970459e-01,7.485932856798171997e-02,7.732103765010833740e-02,4.209495708346366882e-02,1.662556678056716919e-01
9.826649911701679230e-03,-4.451739042997360229e-02,-9.233538061380386353e-02,-2.739377785474061966e-03,7.380655407905578613e-01,1.000000000000000000e+00,-7.816981524229049683e-02,-7.015995681285858154e-02,3.129879236221313477e-01,3.939148187637329102e-01,5.578604340553283691e-02,5.197626724839210510e-02,-4.307332262396812439e-02,-1.989328861236572266e-02,2.758367955684661865e-01,4.108180105686187744e-01,1.100550871342420578e-02,1.762319914996623993e-02,1.752529293298721313e-01,7.672971487045288086e-02,2.442816197872161865e-01,-1.840310916304588318e-02,4.639530181884765625e-02,1.523513048887252808e-01,1.336243748664855957e-01,1.251417398452758789e-01,4.579596519470214844e-01,4.000776708126068115e-01,1.089292243123054504e-01,1.524104475975036621e-01,-1.196815669536590576e-01,-1.578320190310478210e-02,7.316801697015762329e-02,1.291677653789520264e-01,1.039126813411712646e-01,1.438169181346893311e-01,2.671630121767520905e-02,9.533471614122390747e-02,-6.034449487924575806e-02,1.029189676046371460e-01,4.973628744482994080e-02,9.277274459600448608e-02,5.521552637219429016e-02,2.007089927792549133e-02,9.856813400983810425e-02,1.026950851082801819e-01,-1.897282525897026062e-02,2.181645249947905540e-03,1.200334802269935608e-01,5.337092652916908264e-02,-2.584568038582801819e-02,-5.860341340303421021e-02,4.507350549101829529e-02,5.895854439586400986e-03,1.653697527945041656e-02,3.434294462203979492e-02,-4.295281320810317993e-02,-1.122137680649757385e-01,3.860982134938240051e-02,-2.114458242431282997e-03,6.411201902665197849e-04,-2.744883857667446136e-02,-6.102307513356208801e-02,-1.920243166387081146e-02,-2.429743111133575439e-02,1.748942397534847260e-02,1.142819970846176147e-01,1.093611940741539001e-01,5.031630024313926697e-02,6.862311065196990967e-02,5.184177309274673462e-02,1.094425469636917114e-01,2.857366204261779785e-01,1.340061128139495850e-01,-1.783069968223571777e-01,-9.400015324354171753e-02,-1.896175742149353027e-02,-2.141223847866058350e-02,-6.185165420174598694e-02,-6.930035352706909180e-02,-5.142531543970108032e-02,-5.204791948199272156e-02,1.234038770198822021e-01,1.681590080261230469e-01,4.934060852974653244e-03,4.036967176944017410e-03,2.130011282861232758e-02,2.253628671169281006e-01,-8.876640349626541138e-02,6.010397151112556458e-02,6.162077933549880981e-02,1.881022937595844269e-02,6.251557171344757080e-02,6.732990592718124390e-02,4.533991962671279907e-02,7.688945531845092773e-02,-1.246793866157531738e-01,-2.351244911551475525e-03,2.504893392324447632e-02,9.299588203430175781e-02,-4.917001351714134216e-02,3.336688969284296036e-03,4.453277215361595154e-02,4.127958416938781738e-02,1.121733486652374268e-01,9.181919693946838379e-02,1.175376698374748230e-01,1.023385971784591675e-01,7.783681154251098633e-02,7.852122187614440918e-02,7.803751155734062195e-03,1.210341826081275940e-01,8.871790021657943726e-02,7.951355725526809692e-02,8.447088301181793213e-02,1.918442249298095703e-01
1.323568075895309448e-01,2.173327654600143433e-01,5.943843126296997070e-01,5.790112614631652832e-01,3.047208068892359734e-03,-7.816981524229049683e-02,1.000000000000000000e+00,6.407191157341003418e-01,1.656641960144042969e-01,2.533733472228050232e-02,6.375487148761749268e-02,9.569519013166427612e-02,2.768350839614868164e-01,2.944895327091217041e-01,5.548604205250740051e-02,-7.327727228403091431e-02,-1.256935298442840576e-01,7.433284074068069458e-02,1.118781324476003647e-02,2.261083573102951050e-01,-3.078481880947947502e-03,7.074403017759323120e-02,3.032611906528472900e-01,3.958057761192321777e-01,8.790990710258483887e-02,2.098585851490497589e-02,-6.412841379642486572e-02,-9.982252866029739380e-02,1.910360455513000488e-01,6.288304924964904785e-02,3.067061305046081543e-01,1.936940401792526245e-01,1.732313036918640137e-01,2.307933419942855835e-01,5.454276874661445618e-02,1.502956729382276535e-02,2.050776220858097076e-02,-3.100686520338058472e-02,4.174658283591270447e-02,2.761644683778285980e-02,5.189784616231918335e-02,6.069711968302726746e-02,-1.117035672068595886e-01,-5.676743760704994202e-02,-1.555934175848960876e-02,4.972135648131370544e-02,-8.791274577379226685e-02,-4.664964973926544189e-02,-2.023407258093357086e-02,2.299742400646209717e-02,-9.942576289176940918e-02,1.068975869566202164e-02,-1.235233694314956665e-01,-1.537232697010040283e-01,-2.617522701621055603e-02,-2.189362421631813049e-02,2.415842190384864807e-02,1.755773872137069702e-01,-9.074616245925426483e-03,4.985759779810905457e-02,-8.434264361858367920e-02,6.244384124875068665e-02,-6.749903410673141479e-02,-1.257056146860122681e-01,3.567426279187202454e-02,4.597759991884231567e-02,1.126975640654563904e-01,1.924299895763397217e-01,7.722407579421997070e-02,9.904883056879043579e-02,6.077855825424194336e-02,9.711927920579910278e-02,2.620929852128028870e-02,1.152372285723686218e-01,1.081434860825538635e-01,-1.061464753001928329e-02,-1.267024129629135132e-02,4.217739403247833252e-02,-1.140222046524286270e-02,8.152038604021072388e-02,-3.403273597359657288e-02,8.747291751205921173e-03,4.602311551570892334e-02,3.591013699769973755e-02,1.792702823877334595e-02,-6.411016732454299927e-02,-5.289760977029800415e-02,3.983652219176292419e-02,-1.027486547827720642e-01,-1.768638752400875092e-02,-1.658940613269805908e-01,-1.156010851263999939e-01,-1.294711381196975708e-01,-4.216549918055534363e-02,-1.569090038537979126e-01,7.621660828590393066e-02,-6.265919655561447144e-02,5.134458467364311218e-02,-2.905586548149585724e-02,-2.817361056804656982e-02,-2.874999307096004486e-02,1.789570786058902740e-02,2.735367603600025177e-02,9.502752870321273804e-02,6.246089935302734375e-02,3.339296579360961914e-02,-4.307663068175315857e-02,-2.835499681532382965e-02,1.728543825447559357e-02,-6.553839147090911865e-02,-1.033646762371063232e-01,-2.422417141497135162e-02,4.218009766191244125e-03,1.460136566311120987e-02,3.437212109565734863e-02,-4.175283759832382202e-02
1.535059213638305664e-01,3.710990548133850098e-01,4.775684773921966553e-01,6.201462745666503906e-01,-5.182948708534240723e-02,-7.015995681285858154e-02,6.407191157341003418e-01,1.000000000000000000e+00,2.377480715513229370e-01,1.583010852336883545e-01,1.824592649936676025e-01,2.844102084636688232e-01,3.656962513923645020e-01,4.917606115341186523e-01,3.525410965085029602e-02,3.344814851880073547e-02,-7.184402056736871600e-05,2.044424861669540405e-01,-8.652174472808837891e-02,1.201319545507431030e-01,-2.006360143423080444e-02,8.379954844713211060e-02,3.511709272861480713e-01,3.879606425762176514e-01,1.119263097643852234e-01,6.461431086063385010e-02,-7.047009468078613281e-02,-4.814110696315765381e-02,2.604823112487792969e-01,2.385666370391845703e-01,3.001062273979187012e-01,2.124546915292739868e-01,2.078023254871368408e-01,2.508632838726043701e-01,8.911815285682678223e-02,2.771138213574886322e-02,7.255643606185913086e-02,1.426184177398681641e-01,7.681479305028915405e-02,1.076996549963951111e-01,2.169078737497329712e-01,1.413533538579940796e-01,-1.001792401075363159e-02,2.167702652513980865e-02,1.087573915719985962e-01,2.120240926742553711e-01,-6.676582247018814087e-02,3.721621260046958923e-02,8.223681151866912842e-02,1.990601271390914917e-01,-1.731907576322555542e-02,1.484232693910598755e-01,-6.668177247047424316e-02,-7.303391396999359131e-02,4.357742890715599060e-02,8.028765767812728882e-02,1.002631857991218567e-01,3.492760956287384033e-01,1.592064797878265381e-01,3.067651689052581787e-01,-2.709336392581462860e-02,3.007951080799102783e-01,-1.081173643469810486e-01,6.053972616791725159e-02,1.191541329026222229e-01,2.098615765571594238e-01,2.514247894287109375e-01,3.588858544826507568e-01,1.058915406465530396e-01,1.559336334466934204e-01,5.597903952002525330e-02,9.657046198844909668e-02,9.232370555400848389e-02,1.870616525411605835e-01,1.055147945880889893e-01,-1.023255940526723862e-02,4.031071811914443970e-02,1.001271530985832214e-01,1.294364482164382935e-01,1.083167716860771179e-01,1.986991055309772491e-02,2.106078714132308960e-01,3.585555776953697205e-02,1.494117528200149536e-01,7.201488316059112549e-02,1.470372825860977173e-01,4.869944229722023010e-02,1.515755504369735718e-01,-1.099219396710395813e-01,1.238480135798454285e-01,-1.804046034812927246e-01,-6.904981285333633423e-02,-1.353655755519866943e-01,1.126114279031753540e-02,-8.389262802666053176e-05,1.172998771071434021e-01,-1.065764762461185455e-02,6.982744485139846802e-02,-4.325420595705509186e-03,2.099503390491008759e-02,-1.236828416585922241e-02,8.628378808498382568e-02,1.016448368318378925e-03,1.206379234790802002e-01,8.084906637668609619e-02,9.225878119468688965e-02,-4.601569101214408875e-02,3.824668377637863159e-02,6.725014746189117432e-02,-4.017440602183341980e-03,-7.755012810230255127e-02,5.487258732318878174e-02,8.398465812206268311e-02,9.062917530536651611e-02,2.555138804018497467e-02,2.362216077744960785e-02
-9.870164096355438232e-03,8.875281363725662231e-02,6.529571861028671265e-02,1.066914498805999756e-01,3.767715990543365479e-01,3.129879236221313477e-01,1.656641960144042969e-01,2.377480715513229370e-01,1.000000000000000000e+00,5.461169481277465820e-01,2.614349722862243652e-01,2.403777390718460083e-01,2.911214828491210938e-01,2.953614294528961182e-01,5.919284820556640625e-01,4.902143478393554688e-01,8.385034650564193726e-02,1.472760736942291260e-01,-4.746316745877265930e-02,1.511362101882696152e-02,2.775129377841949463e-01,8.928834646940231323e-02,2.431630939245223999e-01,3.673362135887145996e-01,2.870342321693897247e-02,6.302230060100555420e-02,9.230120480060577393e-02,1.347084492444992065e-01,3.300719261169433594e-01,2.993262708187103271e-01,2.165254950523376465e-01,1.632278561592102051e-01,1.820388734340667725e-01,2.191433310508728027e-01,1.878025084733963013e-01,1.504423469305038452e-01,1.007742136716842651e-01,5.135000869631767273e-02,1.178557127714157104e-01,2.014554440975189209e-01,2.372908294200897217e-01,2.041215151548385620e-01,1.375225335359573364e-01,2.619140781462192535e-02,2.659301161766052246e-01,2.327977120876312256e-01,1.455413997173309326e-01,6.465628743171691895e-02,2.593100666999816895e-01,2.274691462516784668e-01,1.184687912464141846e-01,7.723862677812576294e-02,9.827139228582382202e-02,7.141860574483871460e-02,1.935911029577255249e-01,9.901992231607437134e-02,2.837129309773445129e-02,7.512708008289337158e-02,2.455982416868209839e-01,2.491347938776016235e-01,1.605123654007911682e-02,1.427971571683883667e-01,-6.425860524177551270e-02,7.619560509920120239e-02,1.032513529062271118e-01,1.062187775969505310e-01,3.479806482791900635e-01,3.562658727169036865e-01,7.399282883852720261e-03,3.300960361957550049e-02,1.816731393337249756e-01,1.423566043376922607e-01,2.717826366424560547e-01,1.583665162324905396e-01,9.270721115171909332e-03,7.729801535606384277e-02,1.479615271091461182e-01,1.187631040811538696e-01,1.293324977159500122e-01,8.154812455177307129e-02,8.550406992435455322e-02,7.831595838069915771e-02,7.773959636688232422e-02,1.849689930677413940e-01,9.021242707967758179e-02,8.713843673467636108e-02,-1.208520978689193726e-01,1.535657495260238647e-01,-6.641551107168197632e-02,5.658238753676414490e-02,2.796187996864318848e-02,7.713768631219863892e-02,1.482049077749252319e-01,1.136340722441673279e-01,1.122194081544876099e-01,1.406383514404296875e-01,-1.746794581413269043e-02,5.570847168564796448e-02,4.129618778824806213e-02,7.377950847148895264e-02,3.743030875921249390e-02,1.281324960291385651e-02,-2.247042022645473480e-02,5.615770351141691208e-03,2.273047119379043579e-01,1.166824102401733398e-01,5.190841108560562134e-02,3.211708366870880127e-02,2.021114677190780640e-01,1.508577913045883179e-01,-1.069236025214195251e-01,5.978224426507949829e-02,2.826583012938499451e-02,4.832587391138076782e-02,-8.683258667588233948e-03,1.677306145429611206e-01
2.821492962539196014e-02,-1.558815711177885532e-03,1.862298697233200073e-02,1.427671313285827637e-01,4.082500040531158447e-01,3.939148187637329102e-01,2.533733472228050232e-02,1.583010852336883545e-01,5.461169481277465820e-01,1.000000000000000000e+00,2.247307747602462769e-01,2.426478713750839233e-01,2.632624506950378418e-01,2.766737639904022217e-01,4.629615247249603271e-01,5.553995966911315918e-01,9.782103449106216431e-02,1.227508336305618286e-01,1.511274725198745728e-01,1.160223409533500671e-01,1.822686940431594849e-01,1.131187528371810913e-01,2.619782686233520508e-01,3.229354619979858398e-01,4.728150740265846252e-02,6.244576722383499146e-02,1.489923298358917236e-01,2.039188891649246216e-01,2.862079739570617676e-01,3.296947777271270752e-01,9.509491920471191406e-02,1.962509602308273315e-01,6.087658926844596863e-02,1.475543379783630371e-01,1.014445275068283081e-01,1.685128808021545410e-01,9.961638599634170532e-02,1.639419645071029663e-01,1.512168906629085541e-02,1.726103276014328003e-01,8.719450235366821289e-02,1.693743467330932617e-01,2.050053626298904419e-01,5.698356032371520996e-02,3.798088729381561279e-01,2.795711457729339600e-01,2.090763747692108154e-01,1.197653785347938538e-01,3.829691410064697266e-01,2.629495263099670410e-01,1.622727364301681519e-01,5.037674307823181152e-02,1.656021475791931152e-01,1.462498456239700317e-01,2.359711080789566040e-01,2.109457254409790039e-01,-1.376490574330091476e-02,-8.985233493149280548e-03,2.620100975036621094e-01,2.160239368677139282e-01,9.185478091239929199e-02,8.221123367547988892e-02,1.559711527079343796e-02,1.332677304744720459e-01,8.921513706445693970e-02,1.150650605559349060e-01,3.494456112384796143e-01,3.102776706218719482e-01,3.918290138244628906e-02,4.698552191257476807e-02,1.375618726015090942e-01,1.494333744049072266e-01,1.951783597469329834e-01,1.222888827323913574e-01,-5.887157097458839417e-02,-6.401796825230121613e-03,1.445631980895996094e-01,9.701754152774810791e-02,1.573049835860729218e-02,8.834946155548095703e-02,7.678396999835968018e-02,6.805873662233352661e-02,1.445650458335876465e-01,2.125120460987091064e-01,6.217852234840393066e-02,1.389209628105163574e-01,-7.557848468422889709e-03,1.570957303047180176e-01,6.318122893571853638e-02,1.639417409896850586e-01,1.868022382259368896e-01,1.440807431936264038e-01,2.052794992923736572e-01,8.874792605638504028e-02,1.631381362676620483e-01,1.675581485033035278e-01,2.254411205649375916e-02,8.525089174509048462e-02,6.266503781080245972e-02,1.499050855636596680e-01,1.589064486324787140e-03,-4.969020560383796692e-02,-2.936373837292194366e-02,-3.909631818532943726e-02,1.558993607759475708e-01,4.816713184118270874e-02,1.287762671709060669e-01,5.753884464502334595e-02,8.620740473270416260e-02,9.249512106180191040e-02,2.145146206021308899e-02,1.339506506919860840e-01,9.540736675262451172e-02,-5.606805789284408092e-04,-2.866057492792606354e-02,1.495355963706970215e-01
4.111228883266448975e-01,7.853016257286071777e-02,-3.181005269289016724e-02,1.125349476933479309e-01,6.853819638490676880e-02,5.578604340553283691e-02,6.375487148761749268e-02,1.824592649936676025e-01,2.614349722862243652e-01,2.247307747602462769e-01,1.000000000000000000e+00,3.811617493629455566e-01,4.823414385318756104e-01,4.411445856094360352e-01,2.198214083909988403e-01,7.705766707658767700e-02,2.169318199157714844e-01,1.381263285875320435e-01,-1.084491387009620667e-01,-8.733647316694259644e-02,4.830802604556083679e-02,1.291205585002899170e-01,1.095623150467872620e-01,1.802810281515121460e-01,-3.094215178862214088e-03,7.102137058973312378e-02,3.443262353539466858e-02,3.910813853144645691e-02,4.138417541980743408e-01,2.371878921985626221e-01,9.598663449287414551e-02,1.001991331577301025e-01,-1.776258088648319244e-02,-7.193133980035781860e-02,3.840501606464385986e-02,2.734558843076229095e-02,3.056735694408416748e-01,1.130741685628890991e-01,1.467188894748687744e-01,9.448491781949996948e-02,2.412243932485580444e-01,5.251055583357810974e-03,1.680325865745544434e-01,-1.740340702235698700e-02,3.145594298839569092e-01,2.194828093051910400e-01,1.403222829103469849e-01,-6.070502847433090210e-02,2.677430510520935059e-01,1.390866488218307495e-01,1.988469064235687256e-01,2.963973022997379303e-02,1.800984889268875122e-01,-4.731810837984085083e-02,2.852166593074798584e-01,1.127634644508361816e-01,1.607809066772460938e-01,1.375683844089508057e-01,2.797251343727111816e-01,2.812595665454864502e-01,2.369645833969116211e-01,2.915410101413726807e-01,1.934882700443267822e-01,3.475169837474822998e-01,2.011875510215759277e-01,1.559832990169525146e-01,2.596138417720794678e-01,2.536632716655731201e-01,1.021212637424468994e-01,7.976561039686203003e-02,9.534789621829986572e-02,3.761235997080802917e-02,1.699012964963912964e-01,1.304471939802169800e-01,-6.895248591899871826e-02,-8.154964447021484375e-02,1.277749389410018921e-01,9.903521835803985596e-02,2.003949284553527832e-01,5.186208337545394897e-02,2.373141795396804810e-01,1.103266626596450806e-01,3.147795796394348145e-01,1.847356259822845459e-01,3.260639011859893799e-01,2.060069441795349121e-01,2.336239814758300781e-01,2.342641502618789673e-01,1.997784525156021118e-01,1.875656694173812866e-01,2.174587398767471313e-01,6.096364185214042664e-02,5.461594462394714355e-02,2.353697642683982849e-02,9.386592358350753784e-02,9.604778140783309937e-02,3.726948425173759460e-02,1.066510565578937531e-02,1.373029202222824097e-01,4.663741216063499451e-03,1.071408912539482117e-01,6.295245140790939331e-02,2.034574002027511597e-02,6.146872788667678833e-02,-1.107607223093509674e-02,-1.080517917871475220e-01,1.063371151685714722e-01,2.736609876155853271e-01,8.876566588878631592e-02,4.849790781736373901e-02,-1.722073927521705627e-02,-1.049234196543693542e-01,-2.501411072444170713e-04,4.691590368747711182e-02,2.815441414713859558e-02,1.176923662424087524e-01
1.171873789280653000e-02,4.016259908676147461e-01,1.708002574741840363e-02,1.319520026445388794e-01,1.991539262235164642e-03,5.197626724839210510e-02,9.569519013166427612e-02,2.844102084636688232e-01,2.403777390718460083e-01,2.426478713750839233e-01,3.811617493629455566e-01,1.000000000000000000e+00,2.195747494697570801e-01,6.039289832115173340e-01,2.268711924552917480e-01,2.761200964450836182e-01,2.853683941066265106e-02,3.769256770610809326e-01,-2.744475901126861572e-01,-1.496586501598358154e-01,1.165733858942985535e-01,2.117593884468078613e-01,2.279789149761199951e-01,2.599946856498718262e-01,-3.403638675808906555e-02,-2.945358119904994965e-02,-9.529199451208114624e-02,-1.135313063859939575e-01,5.733746662735939026e-02,3.012492656707763672e-01,9.897220134735107422e-02,7.300326228141784668e-02,2.465766109526157379e-02,6.640509516000747681e-02,6.610533595085144043e-02,9.263428300619125366e-02,-8.762614428997039795e-02,1.742265522480010986e-01,-7.498133182525634766e-02,7.192545384168624878e-02,1.651611626148223877e-01,2.750340402126312256e-01,2.282099872827529907e-01,3.013531863689422607e-01,2.188984304666519165e-01,4.263158142566680908e-01,7.714935112744569778e-03,2.662491500377655029e-01,1.126053035259246826e-01,4.180627167224884033e-01,1.241182014346122742e-01,4.380989372730255127e-01,1.528803706169128418e-01,2.073526233434677124e-01,-1.623442210257053375e-02,3.778266608715057373e-01,-6.665632128715515137e-02,3.485449850559234619e-01,1.711539551615715027e-02,2.800953686237335205e-01,-1.906500756740570068e-01,3.611637055873870850e-01,-3.350010514259338379e-01,2.545911371707916260e-01,-7.674363255500793457e-02,2.328513711690902710e-01,7.345873117446899414e-02,2.740177810192108154e-01,-5.209445208311080933e-02,2.927114255726337433e-02,3.863086178898811340e-02,1.181078478693962097e-01,2.573120407760143280e-03,1.838038414716720581e-01,-3.698905184864997864e-02,5.448101460933685303e-02,-1.364548038691282272e-02,1.175455302000045776e-01,5.481712054461240768e-03,1.639938950538635254e-01,-1.364592313766479492e-01,2.558850944042205811e-01,9.298239648342132568e-02,4.612950086593627930e-01,-2.914858050644397736e-02,5.235961675643920898e-01,1.107730194926261902e-01,3.485418260097503662e-01,-6.916721165180206299e-02,4.667301476001739502e-01,-5.913559347391128540e-02,4.296559691429138184e-01,9.639218449592590332e-02,4.146851897239685059e-01,2.632852792739868164e-01,2.007457613945007324e-01,6.047612987458705902e-03,2.234230041503906250e-01,3.948104381561279297e-02,2.979695498943328857e-01,2.170540839433670044e-01,3.891983926296234131e-01,1.393818259239196777e-01,2.893348038196563721e-01,-8.107382059097290039e-02,1.861682906746864319e-02,8.851281367242336273e-03,3.747399747371673584e-01,2.392792552709579468e-01,2.855992317199707031e-01,3.995577245950698853e-02,-1.092891246080398560e-01,7.863357663154602051e-02,4.155434668064117432e-03,-7.824269682168960571e-02,1.557711698114871979e-02
1.993727087974548340e-01,-3.795261308550834656e-02,7.217118144035339355e-02,1.581028103828430176e-01,5.162373185157775879e-02,-4.307332262396812439e-02,2.768350839614868164e-01,3.656962513923645020e-01,2.911214828491210938e-01,2.632624506950378418e-01,4.823414385318756104e-01,2.195747494697570801e-01,1.000000000000000000e+00,3.803001046180725098e-01,2.661209106445312500e-01,3.829898685216903687e-02,2.029955238103866577e-01,1.803079545497894287e-01,-1.310058534145355225e-01,-1.633006781339645386e-01,7.647445052862167358e-02,1.431040465831756592e-01,1.092558503150939941e-01,9.834560751914978027e-02,1.859801262617111206e-01,1.146319732069969177e-01,-5.680977366864681244e-03,9.108900092542171478e-03,4.384537041187286377e-01,3.104158639907836914e-01,2.652904093265533447e-01,1.578702330589294434e-01,-8.049769699573516846e-02,-7.876749336719512939e-02,6.236534565687179565e-02,1.471574008464813232e-01,3.475783467292785645e-01,2.181438803672790527e-01,2.106056809425354004e-01,1.926396340131759644e-01,2.818307280540466309e-01,1.459291875362396240e-01,2.239192426204681396e-01,1.261115372180938721e-01,3.144108653068542480e-01,2.094590812921524048e-01,2.633751630783081055e-01,1.007638201117515564e-01,2.999364137649536133e-01,1.575137227773666382e-01,7.818590849637985229e-02,2.078639809042215347e-03,1.080700829625129700e-01,1.688949018716812134e-02,3.469558656215667725e-01,1.595083475112915039e-01,8.143348991870880127e-02,3.639008849859237671e-02,2.967733442783355713e-01,2.667418122291564941e-01,2.022726237773895264e-01,2.524619102478027344e-01,2.146804332733154297e-01,3.214810788631439209e-01,2.885348796844482422e-01,2.429031133651733398e-01,3.217024803161621094e-01,3.322651088237762451e-01,-9.394203871488571167e-02,-5.162005871534347534e-02,2.043893337249755859e-01,1.360258609056472778e-01,2.337868958711624146e-01,1.005165055394172668e-01,6.047425791621208191e-02,-7.485726848244667053e-03,1.318504661321640015e-01,1.116260811686515808e-01,2.335678189992904663e-01,1.327371746301651001e-01,2.876575291156768799e-01,2.825393974781036377e-01,3.198259472846984863e-01,2.512930929660797119e-01,3.917002975940704346e-01,2.598835527896881104e-01,2.662543058395385742e-01,2.456848025321960449e-01,2.472138106822967529e-01,2.494050115346908569e-01,2.184852063655853271e-01,7.758130133152008057e-02,6.893947720527648926e-02,6.672038137912750244e-02,8.503379672765731812e-02,8.522851765155792236e-02,2.431872934103012085e-01,1.169464066624641418e-01,2.164653688669204712e-01,1.255554407835006714e-01,5.253485962748527527e-02,1.078429371118545532e-01,9.195385873317718506e-02,1.333505958318710327e-01,1.221459805965423584e-01,1.156449541449546814e-01,2.901232540607452393e-01,2.556525766849517822e-01,3.932624310255050659e-02,1.454064808785915375e-02,1.297484487295150757e-01,5.271005630493164062e-02,3.464507684111595154e-02,-1.468094438314437866e-02,5.458687990903854370e-02,1.670008450746536255e-01
