1.000000000000000000e+00,2.030314207077026367e-01,6.277180910110473633e-01,4.330007433891296387e-01,7.308036088943481445e-02,-3.344706818461418152e-02,6.534990072250366211e-01,3.140593171119689941e-01,1.308072060346603394e-01,-6.979838013648986816e-02,6.022038459777832031e-01,1.656088978052139282e-01,5.640310049057006836e-01,1.471547931432723999e-01,1.782627552747726440e-01,-2.500733360648155212e-03,3.737516701221466064e-01,6.125002726912498474e-02,5.247433185577392578e-01,3.987480998039245605e-01,3.076355159282684326e-02,4.918606951832771301e-02,4.944371283054351807e-01,4.143658280372619629e-01,1.557012796401977539e-01,9.748946875333786011e-02,2.548093535006046295e-02,-1.972731761634349823e-02,2.310595363378524780e-01,3.233256284147500992e-03,3.144054710865020752e-01,2.128467708826065063e-01,3.634636998176574707e-01,2.630784809589385986e-01,6.541150808334350586e-02,1.183440163731575012e-02,1.119133234024047852e-01,4.269539564847946167e-02,8.646642416715621948e-02,5.256440863013267517e-02,1.100871413946151733e-01,7.315410673618316650e-02,-7.222215086221694946e-02,-7.640694081783294678e-02,-1.124586686491966248e-01,-1.449759304523468018e-01,-4.172816127538681030e-02,-1.732363365590572357e-02,-1.231454685330390930e-01,-1.309512555599212646e-01,7.286713272333145142e-02,-3.385354205965995789e-02,6.516451388597488403e-02,-3.162907809019088745e-02,3.270437940955162048e-02,3.814870119094848633e-02,6.935428380966186523e-01,1.022735387086868286e-01,1.888863593339920044e-01,-1.771931052207946777e-01,5.096313357353210449e-01,-8.083388954401016235e-02,4.612825214862823486e-01,-5.941405147314071655e-02,1.583377420902252197e-01,-1.674082279205322266e-01,6.559044867753982544e-02,2.526592463254928589e-02,2.398842275142669678e-01,2.176407873630523682e-01,1.511985361576080322e-01,6.279740482568740845e-02,1.720383316278457642e-01,5.502533912658691406e-02,5.713800340890884399e-02,1.471644826233386993e-02,1.634378135204315186e-01,4.144748300313949585e-02,1.014364212751388550e-01,2.638484910130500793e-02,2.859596908092498779e-01,8.477065712213516235e-02,7.557056099176406860e-02,6.062355265021324158e-02,2.771965265274047852e-01,1.075710505247116089e-01,-1.052899099886417389e-02,-2.094287984073162079e-02,1.557008177042007446e-01,3.717722371220588684e-02,1.642738133668899536e-01,1.646043211221694946e-01,1.231225728988647461e-01,2.202008515596389771e-01,-4.347585141658782959e-03,-7.050906866788864136e-02,-3.937431052327156067e-02,-4.089526087045669556e-02,8.372624218463897705e-02,6.227007508277893066e-02,1.128799319267272949e-01,1.298699527978897095e-01,1.284757256507873535e-01,9.262711554765701294e-02,9.809042513370513916e-02,7.454942911863327026e-02,-4.959576297551393509e-03,-5.855597555637359619e-02,1.157246828079223633e-01,2.881568856537342072e-02,1.440974511206150055e-02,-5.467975512146949768e-03,3.062728047370910645e-02,3.536545485258102417e-02,-7.111103832721710205e-02,1.466630212962627411e-02
2.030314207077026367e-01,1.000000000000000000e+00,8.215575665235519409e-02,2.890065908432006836e-01,2.670238539576530457e-02,7.628475874662399292e-02,1.004692241549491882e-01,3.599834740161895752e-01,-8.425192534923553467e-02,1.210084650665521622e-02,8.806275203824043274e-03,4.488533735275268555e-01,-9.441549330949783325e-02,2.583837807178497314e-01,-2.396427327767014503e-03,1.365534216165542603e-01,4.019453823566436768e-01,5.397860407829284668e-01,3.485878109931945801e-01,4.978038072586059570e-01,2.962595783174037933e-02,4.723827820271253586e-03,-1.618880033493041992e-02,7.291804999113082886e-02,-4.970192909240722656e-02,1.855753129348158836e-03,1.889811083674430847e-02,3.212097659707069397e-02,1.842896640300750732e-01,3.418000638484954834e-01,7.406657934188842773e-02,2.382373437285423279e-02,1.454676240682601929e-01,2.116750329732894897e-01,-1.719986200332641602e-01,-1.528706699609756470e-01,2.462351694703102112e-02,3.298462554812431335e-02,8.070277422666549683e-02,1.197499334812164307e-01,1.254599839448928833e-01,1.644367128610610962e-01,-2.739923596382141113e-01,-2.241558879613876343e-01,-1.672293990850448608e-01,-1.190434694290161133e-01,-2.204938530921936035e-01,-1.192180141806602478e-01,-3.090153634548187256e-01,-1.891928166151046753e-01,-2.505179941654205322e-01,-1.070074662566184998e-01,5.606731772422790527e-02,-2.089853025972843170e-02,-7.060097064822912216e-03,6.605085730552673340e-02,2.823821902275085449e-01,6.965078115463256836e-01,3.933593928813934326e-01,4.539952576160430908e-01,1.107321903109550476e-01,4.215350449085235596e-01,2.379258275032043457e-01,5.368780493736267090e-01,-1.121851354837417603e-01,2.375153452157974243e-01,1.840129792690277100e-01,1.629191935062408447e-01,5.675598978996276855e-01,5.592875480651855469e-01,4.647396132349967957e-02,7.302062213420867920e-02,1.169624999165534973e-01,2.293367236852645874e-01,6.806725263595581055e-02,1.575009822845458984e-01,1.409850567579269409e-01,1.568003743886947632e-01,2.546485960483551025e-01,3.479353189468383789e-01,3.335074186325073242e-01,5.015541315078735352e-01,5.580882355570793152e-02,3.347751200199127197e-01,2.343405596911907196e-02,2.916752994060516357e-01,1.187766864895820618e-01,1.703551113605499268e-01,1.082742735743522644e-01,2.814349234104156494e-01,1.153173297643661499e-02,1.176794841885566711e-01,4.316109046339988708e-02,2.096153795719146729e-01,6.289646029472351074e-02,5.425387248396873474e-02,2.054664678871631622e-02,1.250205188989639282e-01,8.825103938579559326e-02,1.437530815601348877e-01,1.917172372341156006e-01,3.405247330665588379e-01,2.261832654476165771e-01,3.297618627548217773e-01,3.940508514642715454e-02,4.785009473562240601e-02,4.786217212677001953e-02,1.368366181850433350e-01,1.076362282037734985e-01,6.313018500804901123e-02,-1.281603798270225525e-02,-6.264587491750717163e-02,3.426816686987876892e-02,4.149351269006729126e-03,-1.028592661023139954e-01,-5.842686071991920471e-02
6.277180910110473633e-01,8.215575665235519409e-02,1.000000000000000000e+00,5.825011730194091797e-01,9.766680747270584106e-02,-5.257362872362136841e-02,7.114465236663818359e-01,3.957326710224151611e-01,9.734386205673217773e-02,-1.220648363232612610e-01,4.893066287040710449e-01,1.027608513832092285e-01,5.372060537338256836e-01,1.730015873908996582e-01,1.403471827507019043e-01,-2.057334035634994507e-02,2.320025414228439331e-01,3.238451899960637093e-03,5.232775807380676270e-01,3.719904422760009766e-01,7.629999518394470215e-02,1.042602509260177612e-01,6.703389286994934082e-01,5.958105921745300293e-01,2.796361148357391357e-01,1.882252693176269531e-01,2.061563357710838318e-02,-4.595765098929405212e-02,2.088785022497177124e-01,3.412281349301338196e-02,4.417736828327178955e-01,3.504205644130706787e-01,4.339909255504608154e-01,3.595696091651916504e-01,2.073654830455780029e-01,1.123863160610198975e-01,1.270440667867660522e-01,7.524042576551437378e-02,8.610057830810546875e-02,6.425827741622924805e-02,8.593930304050445557e-02,5.796393379569053650e-02,-2.737894468009471893e-02,-4.450923576951026917e-02,-1.207252964377403259e-01,-1.770459264516830444e-01,-1.199369132518768311e-02,-4.831350874155759811e-03,-1.157006248831748962e-01,-8.646521717309951782e-02,1.166873946785926819e-01,5.652830004692077637e-02,8.002034574747085571e-02,4.773886874318122864e-02,2.771967276930809021e-02,4.608155414462089539e-02,5.951449275016784668e-01,2.230752445757389069e-02,8.836213499307632446e-02,-2.492309957742691040e-01,4.326640665531158447e-01,-1.501884907484054565e-01,3.441139757633209229e-01,-1.324316561222076416e-01,2.872487306594848633e-01,-1.486078351736068726e-01,6.189608946442604065e-02,4.435586184263229370e-02,1.524916440248489380e-01,1.163787320256233215e-01,1.548696756362915039e-01,7.501648366451263428e-02,1.293067187070846558e-01,7.151592522859573364e-02,1.257729809731245041e-02,-5.349179357290267944e-02,1.283377707004547119e-01,5.185534432530403137e-02,8.108480274677276611e-02,5.180327966809272766e-02,1.799076050519943237e-01,2.872728928923606873e-02,8.975786715745925903e-02,3.768781945109367371e-02,2.896966040134429932e-01,1.684216111898422241e-01,2.462190389633178711e-02,3.231431543827056885e-02,1.416215300559997559e-01,2.945352531969547272e-02,1.625343561172485352e-01,2.221989184617996216e-01,1.889335662126541138e-01,2.630419433116912842e-01,2.865160256624221802e-02,-9.666956216096878052e-02,-1.204654853790998459e-02,-4.943214356899261475e-02,4.542228206992149353e-02,1.668445393443107605e-02,1.112149879336357117e-01,9.109766036272048950e-02,1.482474952936172485e-01,1.144399344921112061e-01,1.992816329002380371e-01,1.792539656162261963e-01,2.229629829525947571e-02,2.036710828542709351e-02,1.144207715988159180e-01,6.201005727052688599e-02,5.936002358794212341e-02,-6.705284118652343750e-02,3.803563117980957031e-02,1.069211587309837341e-01,1.161104999482631683e-02,1.089918147772550583e-02
4.330007433891296387e-01,2.890065908432006836e-01,5.825011730194091797e-01,1.000000000000000000e+00,1.113527864217758179e-01,1.569367647171020508e-01,5.410893559455871582e-01,6.401343345642089844e-01,5.687752272933721542e-04,5.660052224993705750e-02,3.085369467735290527e-01,3.417326807975769043e-01,3.482121229171752930e-01,4.367892742156982422e-01,7.914526760578155518e-02,2.024260461330413818e-01,2.498467266559600830e-01,1.659114062786102295e-01,4.902068674564361572e-01,5.124080777168273926e-01,8.538597822189331055e-02,1.033324524760246277e-01,5.087562203407287598e-01,6.341845989227294922e-01,1.859505176544189453e-01,2.596850097179412842e-01,-6.557498127222061157e-03,1.681281067430973053e-02,2.262700945138931274e-01,2.351122051477432251e-01,3.468070626258850098e-01,3.903924524784088135e-01,3.741112351417541504e-01,4.208469688892364502e-01,2.856281213462352753e-02,6.367269903421401978e-02,5.906534194946289062e-02,4.901630431413650513e-02,5.433261394500732422e-02,7.344561070203781128e-02,9.388574212789535522e-02,5.745679885149002075e-02,-1.674264371395111084e-01,-2.103195339441299438e-01,-2.296548932790756226e-01,-2.770776450634002686e-01,-1.056425571441650391e-01,-1.241499334573745728e-01,-2.297643572092056274e-01,-1.212719976902008057e-01,1.883867196738719940e-03,3.063304349780082703e-02,5.226266384124755859e-02,3.973938990384340286e-03,1.280986890196800232e-02,6.175296381115913391e-02,4.544990956783294678e-01,2.796939611434936523e-01,1.616406440734863281e-01,8.177872747182846069e-02,3.141444325447082520e-01,2.018627524375915527e-01,2.857330441474914551e-01,1.275113523006439209e-01,1.689588278532028198e-01,1.505675762891769409e-01,5.642506852746009827e-02,1.566167324781417847e-01,3.232864439487457275e-01,2.807439267635345459e-01,7.751419395208358765e-02,1.221838071942329407e-01,1.407893300056457520e-01,2.003498375415802002e-01,3.502096980810165405e-03,3.964000381529331207e-03,6.921645998954772949e-02,7.392842322587966919e-02,1.870011389255523682e-01,1.913942694664001465e-01,2.178204506635665894e-01,2.407443970441818237e-01,1.196390241384506226e-01,1.560016572475433350e-01,2.382528185844421387e-01,3.770766556262969971e-01,5.826562643051147461e-02,2.097597122192382812e-01,1.215888038277626038e-01,1.911403387784957886e-01,1.910127699375152588e-01,1.315188556909561157e-01,2.798477411270141602e-01,2.031882703304290771e-01,6.687283515930175781e-02,-7.445514202117919922e-02,-2.086956985294818878e-02,-3.780774027109146118e-02,6.005351617932319641e-02,-1.080536376684904099e-02,2.020909488201141357e-01,1.358290910720825195e-01,1.568249166011810303e-01,1.786401867866516113e-01,2.324280589818954468e-01,1.287159323692321777e-01,-3.994241729378700256e-02,3.747690096497535706e-02,7.980742305517196655e-02,1.409728266298770905e-02,1.823494955897331238e-02,-1.352536380290985107e-01,6.072590593248605728e-03,1.001015454530715942e-01,5.559616838581860065e-04,-5.993241816759109497e-02
7.308036088943481445e-02,2.670238539576530457e-02,9.766680747270584106e-02,1.113527864217758179e-01,1.000000000000000000e+00,5.756477713584899902e-01,5.006057396531105042e-02,4.297502711415290833e-02,5.968468189239501953e-01,5.558192133903503418e-01,7.188737392425537109e-02,1.513727903366088867e-01,1.418781280517578125e-01,2.071710526943206787e-01,6.049309968948364258e-01,5.072595477104187012e-01,1.843131184577941895e-01,1.286633312702178955e-02,1.180896311998367310e-01,1.188063248991966248e-01,3.570537269115447998e-01,3.516680896282196045e-01,9.480834752321243286e-02,1.395266503095626831e-01,3.347103893756866455e-01,3.382803201675415039e-01,5.817211270332336426e-01,4.900816380977630615e-01,3.499543964862823486e-01,2.834910750389099121e-01,2.705539166927337646e-01,2.890974581241607666e-01,1.221193820238113403e-01,1.541747003793716431e-01,1.269565820693969727e-01,1.022211536765098572e-01,3.304263055324554443e-01,1.840813457965850830e-01,3.468424379825592041e-01,3.048430681228637695e-01,2.137268185615539551e-01,2.484774440526962280e-01,-1.245230212807655334e-01,-3.360217064619064331e-02,-1.133814007043838501e-01,-1.589415818452835083e-01,-4.892088938504457474e-03,1.182709913700819016e-02,-1.903759837150573730e-01,-1.863030642271041870e-01,-5.563400313258171082e-02,-1.627974808216094971e-01,-8.098465949296951294e-02,-1.449020951986312866e-01,2.644482553005218506e-01,2.404814809560775757e-01,9.655486047267913818e-02,2.112132683396339417e-02,-8.312314003705978394e-02,-2.111712843179702759e-02,2.053203992545604706e-02,4.394256323575973511e-02,7.541603595018386841e-02,-5.844433233141899109e-02,1.570362895727157593e-01,-4.299917817115783691e-02,-7.549013942480087280e-02,6.067383103072643280e-03,3.826210647821426392e-02,4.288195818662643433e-02,1.848380118608474731e-01,1.879732459783554077e-01,3.734152913093566895e-01,3.152617812156677246e-01,2.437746226787567139e-01,2.934939265251159668e-01,1.878779977560043335e-01,1.543043553829193115e-01,2.694575190544128418e-01,1.220350563526153564e-01,3.167292475700378418e-01,1.040377467870712280e-01,2.334867715835571289e-01,2.920170724391937256e-01,3.722145855426788330e-01,1.597267240285873413e-01,3.738711178302764893e-01,3.989197611808776855e-01,4.385887980461120605e-01,2.892021238803863525e-01,3.592074513435363770e-01,3.201948404312133789e-01,4.207282662391662598e-01,2.921784818172454834e-01,1.372210979461669922e-01,1.381495296955108643e-01,2.294569909572601318e-01,1.513847857713699341e-01,2.315277606248855591e-01,1.285307705402374268e-01,2.450882047414779663e-01,-5.663767829537391663e-02,2.263340353965759277e-01,5.990481749176979065e-02,2.281200140714645386e-01,1.748063266277313232e-01,4.666858166456222534e-02,-1.382053922861814499e-02,4.983086884021759033e-02,1.623354107141494751e-01,1.754058301448822021e-01,1.541910916566848755e-01,1.864086687564849854e-01,2.015699744224548340e-01,2.451151162385940552e-01,4.993038997054100037e-02
-3.344706818461418152e-02,7.628475874662399292e-02,-5.257362872362136841e-02,1.569367647171020508e-01,5.756477713584899902e-01,1.000000000000000000e+00,-4.490075260400772095e-02,1.406684964895248413e-01,4.648942053318023682e-01,7.144140601158142090e-01,6.592217832803726196e-02,2.891201376914978027e-01,7.839781045913696289e-02,4.156086742877960205e-01,4.575210213661193848e-01,6.772840023040771484e-01,2.007128596305847168e-01,1.589659601449966431e-01,8.019634336233139038e-02,1.688535660505294800e-01,3.329372406005859375e-01,3.451233208179473877e-01,1.920943963341414928e-03,1.307837516069412231e-01,2.663959562778472900e-01,4.603758454322814941e-01,4.869449138641357422e-01,5.368412137031555176e-01,3.376184999942779541e-01,4.120039343833923340e-01,2.766214013099670410e-01,3.487110733985900879e-01,1.205563023686408997e-01,1.927280724048614502e-01,1.602553762495517731e-02,6.834264099597930908e-02,2.286640107631683350e-01,1.735700666904449463e-01,2.471225410699844360e-01,2.551830410957336426e-01,2.193377763032913208e-01,2.121815234422683716e-01,-2.010134309530258179e-01,-1.355505436658859253e-01,-1.224528476595878601e-01,-1.730815470218658447e-01,-4.383562505245208740e-02,-3.976765275001525879e-02,-1.541626304388046265e-01,-1.319112032651901245e-01,-6.524091213941574097e-02,-6.207791343331336975e-02,-1.138450130820274353e-01,-1.125303208827972412e-01,2.148279100656509399e-01,1.961816400289535522e-01,1.393471658229827881e-02,1.054753139615058899e-01,-8.374878764152526855e-02,8.170557022094726562e-02,-2.657915093004703522e-02,1.300406455993652344e-01,6.284125894308090210e-02,8.632747828960418701e-02,-2.759114280343055725e-02,1.881768740713596344e-02,-5.868709087371826172e-02,7.659409195184707642e-02,1.014719232916831970e-01,1.277705430984497070e-01,2.245196700096130371e-01,3.212606012821197510e-01,4.221500158309936523e-01,4.214701354503631592e-01,3.236388266086578369e-01,3.501397371292114258e-01,2.080019116401672363e-01,1.906256675720214844e-01,2.769202888011932373e-01,1.823390424251556396e-01,2.778587639331817627e-01,2.202586978673934937e-01,2.194666117429733276e-01,3.951779305934906006e-01,2.064433395862579346e-01,2.267258465290069580e-01,2.473650425672531128e-01,4.690950810909271240e-01,2.690224349498748779e-01,3.362788558006286621e-01,2.808370292186737061e-01,2.130105495452880859e-01,3.133770227432250977e-01,1.585828065872192383e-01,8.473991602659225464e-02,9.217107295989990234e-02,1.793007254600524902e-01,1.146597191691398621e-01,2.098603546619415283e-01,8.105437457561492920e-02,1.142292320728302002e-01,-5.190816894173622131e-02,1.055118963122367859e-01,-8.823691867291927338e-03,1.986120045185089111e-01,9.529953449964523315e-02,-5.773457884788513184e-02,-8.913815766572952271e-02,5.745372176170349121e-02,7.141299545764923096e-02,1.313354820013046265e-01,1.327934116125106812e-01,1.537379324436187744e-01,1.775379627943038940e-01,2.008529156446456909e-01,6.289648357778787613e-03
6.534990072250366211e-01,1.004692241549491882e-01,7.114465236663818359e-01,5.410893559455871582e-01,5.006057396531105042e-02,-4.490075260400772095e-02,1.000000000000000000e+00,4.925234913825988770e-01,7.866846770048141479e-02,-1.176531985402107239e-01,5.629243850708007812e-01,1.606695950031280518e-01,6.081052422523498535e-01,2.011484652757644653e-01,8.972620964050292969e-02,-5.076542124152183533e-02,2.970398962497711182e-01,3.073512390255928040e-02,5.247761011123657227e-01,4.229511320590972900e-01,-3.034569509327411652e-02,-3.006576793268322945e-03,5.694338083267211914e-01,5.235524773597717285e-01,7.701868563890457153e-02,4.256370663642883301e-02,-8.045274764299392700e-02,-1.217888519167900085e-01,2.189237475395202637e-01,3.583131358027458191e-02,3.286658823490142822e-01,2.622475624084472656e-01,4.670810103416442871e-01,4.011866748332977295e-01,-1.248968183062970638e-03,-4.689241945743560791e-02,5.503039807081222534e-02,-2.111424505710601807e-02,1.187539938837289810e-02,-1.601168513298034668e-02,5.524723604321479797e-02,2.177352458238601685e-02,-9.099601954221725464e-02,-1.273148953914642334e-01,-1.318015903234481812e-01,-1.954831928014755249e-01,-7.499787211418151855e-02,-8.167536556720733643e-02,-1.281627118587493896e-01,-9.221170842647552490e-02,8.768703043460845947e-02,8.984100073575973511e-02,3.904208168387413025e-02,3.114586323499679565e-02,-2.018654532730579376e-02,-3.498898819088935852e-02,6.146980524063110352e-01,3.501292318105697632e-02,7.435522228479385376e-02,-2.277152836322784424e-01,4.943969845771789551e-01,-8.369743824005126953e-02,4.888148307800292969e-01,-2.537416853010654449e-02,1.376053541898727417e-01,-2.054887115955352783e-01,4.558212310075759888e-02,5.873985588550567627e-02,1.653180569410324097e-01,1.692294180393218994e-01,1.346199959516525269e-01,8.262870460748672485e-02,9.184210002422332764e-02,1.420929655432701111e-02,-3.506385535001754761e-02,-4.541602358222007751e-02,7.593212276697158813e-02,1.257689483463764191e-02,6.041628867387771606e-02,3.418224398046731949e-03,1.981037706136703491e-01,3.635308891534805298e-02,4.916558414697647095e-02,4.365151748061180115e-02,1.956145465373992920e-01,9.528114646673202515e-02,-6.411772966384887695e-02,-4.359653592109680176e-02,7.357645034790039062e-02,-1.051020715385675430e-02,1.537190824747085571e-01,1.931995004415512085e-01,1.008475050330162048e-01,2.016059607267379761e-01,-1.530797686427831650e-02,-1.387321501970291138e-01,-5.595164373517036438e-02,-8.776777982711791992e-02,6.539988517761230469e-02,1.430716458708047867e-02,7.708859443664550781e-02,1.397977769374847412e-01,1.443610936403274536e-01,1.010418608784675598e-01,1.568739712238311768e-01,1.414827108383178711e-01,-1.758776977658271790e-02,-3.022595681250095367e-02,1.184283792972564697e-01,6.785398814827203751e-03,-7.683758623898029327e-03,-8.240338414907455444e-02,-1.611881703138351440e-02,1.337788812816143036e-02,-9.731583297252655029e-02,-3.664366528391838074e-02
3.140593171119689941e-01,3.599834740161895752e-01,3.957326710224151611e-01,6.401343345642089844e-01,4.297502711415290833e-02,1.406684964895248413e-01,4.925234913825988770e-01,1.000000000000000000e+00,-5.146422237157821655e-02,2.202688902616500854e-02,2.515343129634857178e-01,4.502489268779754639e-01,2.974210977554321289e-01,4.686113595962524414e-01,2.002078574150800705e-03,1.393440514802932739e-01,2.696932852268218994e-01,2.393135577440261841e-01,4.260838627815246582e-01,5.161060690879821777e-01,-5.518801137804985046e-02,-4.761363193392753601e-02,2.887740433216094971e-01,4.398132860660552979e-01,-1.154886260628700256e-01,2.272872067987918854e-02,-1.469197869300842285e-01,-1.040547862648963928e-01,2.206891477108001709e-01,2.574142813682556152e-01,1.399924457073211670e-01,1.999075710773468018e-01,3.182927966117858887e-01,4.147801101207733154e-01,-2.672506272792816162e-01,-1.863057017326354980e-01,-3.768004477024078369e-02,-5.881027504801750183e-02,-2.305389940738677979e-02,-3.380434215068817139e-02,1.966097019612789154e-02,-1.668872125446796417e-02,-2.728807330131530762e-01,-3.114822506904602051e-01,-2.353231310844421387e-01,-2.490569949150085449e-01,-2.167130708694458008e-01,-2.269705235958099365e-01,-2.517811059951782227e-01,-1.068751737475395203e-01,-1.212606206536293030e-01,2.982248179614543915e-02,1.584435813128948212e-02,-2.393180876970291138e-02,-7.510945200920104980e-02,-3.422118723392486572e-02,3.325656056404113770e-01,3.422431945800781250e-01,1.534254997968673706e-01,2.327163219451904297e-01,2.748452425003051758e-01,3.900353610515594482e-01,3.515559732913970947e-01,3.322768807411193848e-01,-5.738846957683563232e-02,1.371864676475524902e-01,-1.191507559269666672e-02,1.180562376976013184e-01,2.940625250339508057e-01,3.118786215782165527e-01,5.667046085000038147e-02,1.473849862813949585e-01,6.538277864456176758e-02,1.352935135364532471e-01,-6.945961713790893555e-02,4.264800809323787689e-03,-2.106510847806930542e-02,2.824509516358375549e-02,1.233229339122772217e-01,1.189880818128585815e-01,1.839713603258132935e-01,2.387716621160507202e-01,4.779576510190963745e-02,1.744015663862228394e-01,7.827844470739364624e-02,2.492319196462631226e-01,2.594116330146789551e-02,1.273830980062484741e-01,6.394758820533752441e-02,1.305605918169021606e-01,9.325272589921951294e-02,9.972609579563140869e-02,1.321095377206802368e-01,1.085296124219894409e-01,-4.847071599215269089e-03,-1.217007637023925781e-01,-5.305815860629081726e-02,-7.104906439781188965e-02,5.015129595994949341e-02,-1.808150485157966614e-02,1.928592026233673096e-01,2.083472609519958496e-01,1.949634552001953125e-01,1.901733279228210449e-01,1.393482089042663574e-01,5.443679541349411011e-02,-5.442164838314056396e-02,-3.275364870205521584e-04,4.944052547216415405e-02,-4.950340464711189270e-02,-7.786656916141510010e-02,-1.931189149618148804e-01,-7.562991976737976074e-02,-5.216347798705101013e-02,-1.489588767290115356e-01,-1.024642437696456909e-01
1.308072060346603394e-01,-8.425192534923553467e-02,9.734386205673217773e-02,5.687752272933721542e-04,5.968468189239501953e-01,4.648942053318023682e-01,7.866846770048141479e-02,-5.146422237157821655e-02,1.000000000000000000e+00,4.978015124797821045e-01,1.662872731685638428e-01,1.388134807348251343e-01,2.554032802581787109e-01,1.529846191406250000e-01,5.851453542709350586e-01,3.633078038692474365e-01,2.266139984130859375e-01,-2.686457149684429169e-02,1.016766726970672607e-01,6.574521213769912720e-02,2.737187445163726807e-01,2.389102727174758911e-01,1.485771387815475464e-01,1.147147715091705322e-01,2.775434851646423340e-01,2.745476365089416504e-01,4.687558114528656006e-01,3.653425872325897217e-01,3.253903388977050781e-01,1.731241643428802490e-01,2.930436432361602783e-01,2.606084942817687988e-01,1.574196219444274902e-01,1.620561182498931885e-01,1.732448041439056396e-01,1.006123572587966919e-01,2.437672317028045654e-01,1.547244936227798462e-01,2.710675895214080811e-01,1.958589106798171997e-01,1.153710857033729553e-01,1.707365661859512329e-01,-1.026844158768653870e-01,-2.141728065907955170e-02,-6.838048994541168213e-02,-1.285127848386764526e-01,1.672115921974182129e-02,-7.873296737670898438e-03,-1.118261441588401794e-01,-1.624898016452789307e-01,2.374665439128875732e-02,-1.091042011976242065e-01,-1.239418610930442810e-01,-7.857252657413482666e-02,2.746952474117279053e-01,2.298462986946105957e-01,1.683142781257629395e-01,-1.230085715651512146e-01,-1.669709831476211548e-01,-2.039282470941543579e-01,1.104679927229881287e-01,-1.143266111612319946e-01,1.202969774603843689e-01,-1.759231239557266235e-01,1.018527075648307800e-01,-1.913307309150695801e-01,-1.143034547567367554e-01,-5.430637300014495850e-02,-1.756884157657623291e-02,-4.868344962596893311e-02,2.360875904560089111e-01,2.184827774763107300e-01,3.282442390918731689e-01,2.262610197067260742e-01,2.603773176670074463e-01,2.884072959423065186e-01,1.745472401380538940e-01,8.177499473094940186e-02,2.071345597505569458e-01,5.221554636955261230e-02,3.021859824657440186e-01,-6.927245296537876129e-03,1.454485058784484863e-01,1.124273687601089478e-01,3.063421249389648438e-01,2.741019055247306824e-02,2.732534408569335938e-01,2.273409515619277954e-01,3.910957872867584229e-01,2.267544567584991455e-01,3.478715121746063232e-01,3.307877182960510254e-01,3.376881480216979980e-01,1.861321777105331421e-01,5.852377787232398987e-02,9.363789111375808716e-02,1.708878874778747559e-01,7.066111266613006592e-02,2.554218173027038574e-01,1.638933122158050537e-01,1.334884017705917358e-01,-1.824426352977752686e-01,1.119267567992210388e-01,-1.290982514619827271e-01,1.377604901790618896e-01,1.265686601400375366e-01,4.975532647222280502e-04,-1.622339338064193726e-01,1.301289349794387817e-01,7.892565429210662842e-02,1.330648064613342285e-01,2.225336730480194092e-01,2.549331486225128174e-01,1.773143112659454346e-01,1.832195520401000977e-01,4.113174974918365479e-02
-6.979838013648986816e-02,1.210084650665521622e-02,-1.220648363232612610e-01,5.660052224993705750e-02,5.558192133903503418e-01,7.144140601158142090e-01,-1.176531985402107239e-01,2.202688902616500854e-02,4.978015124797821045e-01,1.000000000000000000e+00,1.452533528208732605e-02,2.221877276897430420e-01,3.647997975349426270e-02,3.215417861938476562e-01,4.495334625244140625e-01,6.207805871963500977e-01,1.391424089670181274e-01,7.746881246566772461e-02,1.546120829880237579e-02,7.705001533031463623e-02,2.876403927803039551e-01,3.135967850685119629e-01,-3.693386912345886230e-02,5.271294340491294861e-02,2.629624009132385254e-01,4.123237729072570801e-01,4.598987996578216553e-01,4.944798946380615234e-01,2.480769902467727661e-01,3.194698095321655273e-01,2.072144299745559692e-01,2.745173573493957520e-01,7.297246903181076050e-02,1.173337548971176147e-01,4.702940583229064941e-02,9.359353035688400269e-02,2.129335254430770874e-01,1.844861507415771484e-01,2.098412811756134033e-01,2.328969538211822510e-01,1.265782415866851807e-01,1.909352838993072510e-01,-1.872384548187255859e-01,-1.056705638766288757e-01,-8.818808943033218384e-02,-1.338919699192047119e-01,-1.296273153275251389e-02,-1.462231390178203583e-02,-9.243581444025039673e-02,-1.037597730755805969e-01,-1.734255626797676086e-02,-4.599364846944808960e-02,-1.100703030824661255e-01,-7.301408797502517700e-02,1.876047849655151367e-01,2.185378223657608032e-01,-3.132256120443344116e-02,3.327364847064018250e-02,-1.290462762117385864e-01,2.025642991065979004e-02,-5.791399627923965454e-02,4.518482089042663574e-02,1.880113733932375908e-03,2.363916300237178802e-02,-2.473540790379047394e-02,-3.702963003888726234e-03,-1.076601296663284302e-01,-1.654060324653983116e-04,4.944418370723724365e-02,5.287847295403480530e-02,1.687133610248565674e-01,2.666129469871520996e-01,3.962078094482421875e-01,3.922002613544464111e-01,2.743389010429382324e-01,3.603339493274688721e-01,1.544100195169448853e-01,1.590595394372940063e-01,2.352435439825057983e-01,1.410152763128280640e-01,2.341654598712921143e-01,1.690528690814971924e-01,1.191216036677360535e-01,2.794515788555145264e-01,2.024530321359634399e-01,1.869064420461654663e-01,2.023741304874420166e-01,3.880758881568908691e-01,2.512117624282836914e-01,3.358430564403533936e-01,2.908052206039428711e-01,1.961399316787719727e-01,3.088420629501342773e-01,1.268843859434127808e-01,7.437367737293243408e-02,7.907772064208984375e-02,1.601393073797225952e-01,8.834004402160644531e-02,2.077484130859375000e-01,8.699131757020950317e-02,4.887497425079345703e-02,-1.110012754797935486e-01,1.075456850230693817e-02,-8.999938517808914185e-02,1.380883008241653442e-01,6.965055316686630249e-02,-1.181885376572608948e-01,-1.303253471851348877e-01,5.362863093614578247e-02,6.279649585485458374e-02,1.273858398199081421e-01,1.715471148490905762e-01,1.730864048004150391e-01,1.589785367250442505e-01,1.836699396371841431e-01,-8.968926966190338135e-03
6.022038459777832031e-01,8.806275203824043274e-03,4.893066287040710449e-01,3.085369467735290527e-01,7.188737392425537109e-02,6.592217832803726196e-02,5.629243850708007812e-01,2.515343129634857178e-01,1.662872731685638428e-01,1.452533528208732605e-02,1.000000000000000000e+00,1.972558647394180298e-01,6.576322317123413086e-01,2.598649263381958008e-01,1.782146692276000977e-01,6.329178065061569214e-02,4.091004431247711182e-01,5.414804816246032715e-02,4.452252089977264404e-01,3.413247764110565186e-01,-1.152507681399583817e-02,1.097539812326431274e-02,4.250962734222412109e-01,3.699162900447845459e-01,1.301096528768539429e-01,1.222068741917610168e-01,1.422398630529642105e-02,-1.613425649702548981e-02,3.096369504928588867e-01,5.692631006240844727e-02,3.682642877101898193e-01,3.102300763130187988e-01,3.802826106548309326e-01,2.911830246448516846e-01,1.950697414577007294e-02,-6.375120487064123154e-03,3.075371123850345612e-02,-3.419235721230506897e-02,1.270383800147101283e-04,-3.172571957111358643e-02,7.017056643962860107e-02,-3.467106074094772339e-02,-3.448780626058578491e-02,-6.936226785182952881e-02,-4.712595790624618530e-02,-1.012049689888954163e-01,-1.261812169104814529e-02,-6.105325371026992798e-02,-2.874497883021831512e-02,-6.495895236730575562e-02,7.727371901273727417e-02,1.501656696200370789e-02,-4.496719688177108765e-02,-4.956544190645217896e-02,-1.016423944383859634e-02,-7.624378800392150879e-02,5.496785044670104980e-01,-4.115265980362892151e-02,-1.011858810670673847e-03,-2.750597894191741943e-01,4.597831070423126221e-01,-1.764097958803176880e-01,5.483070015907287598e-01,-5.226047709584236145e-02,6.697420030832290649e-02,-2.914083003997802734e-01,3.691110387444496155e-02,3.875094279646873474e-02,7.870066910982131958e-02,1.028046533465385437e-01,2.405120432376861572e-01,2.014165073633193970e-01,1.870649009943008423e-01,6.724665313959121704e-02,9.336119890213012695e-02,1.223613135516643524e-02,1.742962598800659180e-01,6.590978056192398071e-02,6.990262866020202637e-02,-2.332866378128528595e-02,2.747678756713867188e-01,2.817747369408607483e-02,1.135172173380851746e-01,7.749302685260772705e-02,2.103412896394729614e-01,-2.498652972280979156e-02,-1.880144141614437103e-02,-1.755701564252376556e-02,7.911413908004760742e-02,-9.019137173891067505e-02,1.436056792736053467e-01,1.009374186396598816e-01,6.320005282759666443e-03,4.172500688582658768e-03,-7.074663043022155762e-02,-1.084068715572357178e-01,-5.954204499721527100e-02,-1.127728000283241272e-01,6.115635856986045837e-02,-4.584418609738349915e-03,-4.555274266749620438e-03,-4.834429919719696045e-02,4.986861720681190491e-02,-8.133458346128463745e-02,2.195815742015838623e-02,-5.784096941351890564e-02,-5.009988322854042053e-02,-2.026892453432083130e-01,1.458526402711868286e-01,-3.900039196014404297e-02,-2.707593329250812531e-02,3.692893078550696373e-03,1.243134308606386185e-02,-2.892355620861053467e-02,-1.232291162014007568e-01,-4.418385028839111328e-02
1.656088978052139282e-01,4.488533735275268555e-01,1.027608513832092285e-01,3.417326807975769043e-01,1.513727903366088867e-01,2.891201376914978027e-01,1.606695950031280518e-01,4.502489268779754639e-01,1.388134807348251343e-01,2.221877276897430420e-01,1.972558647394180298e-01,1.000000000000000000e+00,1.460861712694168091e-01,6.008082628250122070e-01,1.688016206026077271e-01,3.509384691715240479e-01,4.396749734878540039e-01,4.735774397850036621e-01,2.926048040390014648e-01,4.480057954788208008e-01,9.168923646211624146e-02,5.798081681132316589e-02,6.688661128282546997e-02,1.833485066890716553e-01,2.101841196417808533e-02,1.526024043560028076e-01,4.127547889947891235e-02,6.351699680089950562e-02,3.433332145214080811e-01,4.801506698131561279e-01,2.506206035614013672e-01,2.758064568042755127e-01,2.377675324678421021e-01,3.211519122123718262e-01,-1.585107743740081787e-01,-1.142758429050445557e-01,5.521641299128532410e-02,4.599925130605697632e-02,1.354060918092727661e-01,9.761873632669448853e-02,8.584647625684738159e-02,1.032027304172515869e-01,-2.779371440410614014e-01,-2.186355143785476685e-01,-2.040755599737167358e-01,-1.938060373067855835e-01,-1.213422343134880066e-01,-1.678338199853897095e-01,-2.259928435087203979e-01,-7.617255300283432007e-02,-1.161555349826812744e-01,-4.415890201926231384e-02,-3.042727895081043243e-02,-6.158151850104331970e-02,5.726343020796775818e-02,4.866694286465644836e-02,2.302415668964385986e-01,3.876168131828308105e-01,2.135283648967742920e-01,2.771583199501037598e-01,3.003746867179870605e-01,3.672336339950561523e-01,3.431847393512725830e-01,4.298003613948822021e-01,-5.269892513751983643e-03,2.060415297746658325e-01,8.832420408725738525e-02,1.697387546300888062e-01,3.880451619625091553e-01,3.913047611713409424e-01,2.895711660385131836e-01,3.582041561603546143e-01,1.895336508750915527e-01,3.531333506107330322e-01,1.430592685937881470e-01,2.755886912345886230e-01,2.219920307397842407e-01,2.782075107097625732e-01,2.942258715629577637e-01,2.948925197124481201e-01,3.732134699821472168e-01,4.131506085395812988e-01,8.279456943273544312e-02,3.338620066642761230e-01,1.314387172460556030e-01,2.607251107692718506e-01,1.708289384841918945e-01,2.257407903671264648e-01,1.777947694063186646e-01,2.674029469490051270e-01,1.047891676425933838e-01,1.297625452280044556e-01,1.428675651550292969e-01,7.522551715373992920e-02,1.036730781197547913e-02,1.219842303544282913e-02,5.676506459712982178e-02,2.400471828877925873e-02,1.478098183870315552e-01,9.935484826564788818e-02,1.892150789499282837e-01,8.768802881240844727e-02,1.348976790904998779e-01,6.053968891501426697e-02,4.919051378965377808e-02,-1.442101038992404938e-02,-3.095454722642898560e-02,-5.281479656696319580e-02,1.526138037443161011e-01,4.058299586176872253e-03,1.503246463835239410e-02,2.344657201319932938e-03,6.331171840429306030e-02,-1.223203632980585098e-02,-7.783453911542892456e-02,-8.646806329488754272e-02
5.640310049057006836e-01,-9.441549330949783325e-02,5.372060537338256836e-01,3.482121229171752930e-01,1.418781280517578125e-01,7.839781045913696289e-02,6.081052422523498535e-01,2.974210977554321289e-01,2.554032802581787109e-01,3.647997975349426270e-02,6.576322317123413086e-01,1.460861712694168091e-01,1.000000000000000000e+00,2.900973856449127197e-01,2.765646576881408691e-01,9.397745132446289062e-02,3.167567253112792969e-01,-4.656227305531501770e-02,4.186092317104339600e-01,2.657627463340759277e-01,1.170268747955560684e-02,2.044588886201381683e-02,5.403782725334167480e-01,4.808299541473388672e-01,1.891468763351440430e-01,1.460780948400497437e-01,2.794704213738441467e-02,-3.363830968737602234e-02,2.976244091987609863e-01,2.506318315863609314e-02,3.969320058822631836e-01,3.704167306423187256e-01,3.762055039405822754e-01,2.856128513813018799e-01,1.970891095697879791e-02,-4.579643160104751587e-02,6.629914045333862305e-02,-2.782712318003177643e-02,1.454091514460742474e-03,-4.781935736536979675e-02,4.742516204714775085e-02,-4.755121842026710510e-02,-9.264863282442092896e-02,-8.487673848867416382e-02,-9.374351054430007935e-02,-1.609040796756744385e-01,-2.047476358711719513e-02,-6.912814080715179443e-02,-1.292015705257654190e-02,-2.244590222835540771e-02,1.568783074617385864e-01,1.292598694562911987e-01,-1.765835098922252655e-02,3.228227421641349792e-02,6.850173324346542358e-02,7.368402555584907532e-03,5.211347937583923340e-01,-1.435128897428512573e-01,-7.615382224321365356e-02,-3.602142632007598877e-01,4.468431472778320312e-01,-2.078632414340972900e-01,4.579962790012359619e-01,-1.612688004970550537e-01,1.455314606428146362e-01,-3.291561305522918701e-01,-1.025676727294921875e-01,-8.556825667619705200e-02,1.013130298815667629e-03,8.054431527853012085e-03,2.477344423532485962e-01,2.240850925445556641e-01,1.628625541925430298e-01,2.565048821270465851e-02,4.485427960753440857e-02,1.078924443572759628e-02,1.243287697434425354e-01,-1.087039243429899216e-03,5.196524038910865784e-02,-6.053314730525016785e-02,2.077328860759735107e-01,-4.317947477102279663e-02,9.184031188488006592e-02,-1.019753748551011086e-03,2.904900610446929932e-01,2.215440012514591217e-02,3.868615254759788513e-02,1.192749105393886566e-02,1.662094593048095703e-01,-5.297035723924636841e-02,1.944446712732315063e-01,2.103704065084457397e-01,9.920599311590194702e-02,7.316400855779647827e-02,-1.074736267328262329e-01,-1.544815897941589355e-01,-7.349115610122680664e-02,-1.392502635717391968e-01,7.276450097560882568e-02,-4.818353336304426193e-03,-1.277652755379676819e-02,-7.228910177946090698e-02,4.173442348837852478e-02,-1.099033281207084656e-01,7.957393676042556763e-02,3.138591349124908447e-02,-8.425616472959518433e-02,-2.283657938241958618e-01,1.224507912993431091e-01,-5.327665433287620544e-02,-3.348864987492561340e-02,1.095097512006759644e-02,3.515296429395675659e-02,1.591116189956665039e-02,-5.868079513311386108e-02,-9.280781261622905731e-03
