1.000000000000000000e+00,5.993960499763488770e-01,3.887043893337249756e-01,4.466487765312194824e-01,-8.442214690148830414e-03,-1.668113842606544495e-02,6.478937268257141113e-01,5.370704531669616699e-01,2.987171057611703873e-03,-1.107483822852373123e-02,5.655231475830078125e-01,5.338170528411865234e-01,3.996550738811492920e-01,4.527699053287506104e-01,6.715189665555953979e-02,1.035442352294921875e-01,5.512825846672058105e-01,4.723186194896697998e-01,2.124117910861968994e-01,6.926986575126647949e-02,8.811115473508834839e-02,1.852450072765350342e-01,4.201033711433410645e-01,3.920637071132659912e-01,1.737113893032073975e-01,1.295428425073623657e-01,1.485361456871032715e-01,1.136279329657554626e-01,4.267555475234985352e-01,1.782261133193969727e-01,4.243899285793304443e-01,4.293696284294128418e-01,3.038101196289062500e-01,3.488999903202056885e-01,1.805559247732162476e-01,9.892963618040084839e-02,6.417214125394821167e-02,2.195384502410888672e-01,1.150463614612817764e-02,2.578810751438140869e-01,-6.401339918375015259e-02,5.742736905813217163e-02,2.696033008396625519e-02,8.758225291967391968e-02,6.501933094114065170e-03,-5.091131478548049927e-02,1.370653212070465088e-01,1.177394762635231018e-01,2.275852672755718231e-02,-3.651117533445358276e-02,9.970089793205261230e-02,-2.496538497507572174e-02,1.613619923591613770e-01,8.210775442421436310e-03,2.429859042167663574e-01,2.290768623352050781e-01,6.872336864471435547e-01,3.747639954090118408e-01,1.178706288337707520e-01,-2.669070474803447723e-02,3.925936222076416016e-01,-8.458188176155090332e-02,5.770007967948913574e-01,2.785769999027252197e-01,1.212271302938461304e-01,-6.082934141159057617e-02,1.096922904253005981e-01,7.356870919466018677e-02,1.264272779226303101e-01,6.469865888357162476e-02,2.354248315095901489e-01,3.859508633613586426e-01,8.758649975061416626e-02,2.186909466981887817e-01,2.020821571350097656e-01,2.116263806819915771e-01,2.055111378431320190e-01,1.078644320368766785e-01,3.419121205806732178e-01,3.471839725971221924e-01,5.466153621673583984e-01,3.978973925113677979e-01,-3.951322287321090698e-03,7.683999091386795044e-02,4.663311839103698730e-01,1.207626089453697205e-01,-1.528949290513992310e-01,-7.894524186849594116e-02,2.355789542198181152e-01,5.109709501266479492e-02,1.145347282290458679e-01,1.575588434934616089e-02,-1.008056402206420898e-01,-1.075877398252487183e-01,4.108435213565826416e-01,3.506186604499816895e-01,2.583174407482147217e-01,3.111273348331451416e-01,1.717228144407272339e-01,1.985896974802017212e-01,7.899130135774612427e-02,-3.943689167499542236e-02,1.633440852165222168e-01,8.290225267410278320e-02,3.196415007114410400e-01,2.632414996623992920e-01,2.142317146062850952e-01,2.325125485658645630e-01,3.204790353775024414e-01,3.414632976055145264e-01,3.361045718193054199e-01,2.271331697702407837e-01,8.875495940446853638e-02,1.451665014028549194e-01,2.275939136743545532e-01,2.564613819122314453e-01
5.993960499763488770e-01,1.000000000000000000e+00,1.762344092130661011e-01,4.226823449134826660e-01,-1.146553307771682739e-01,-9.817177057266235352e-02,3.915016353130340576e-01,5.553849935531616211e-01,-8.271882683038711548e-02,4.738120734691619873e-02,3.294660449028015137e-01,5.152021646499633789e-01,1.502144187688827515e-01,4.311578571796417236e-01,-7.931395620107650757e-02,2.163547575473785400e-01,3.483006358146667480e-01,4.785051941871643066e-01,1.479941904544830322e-01,1.351428925991058350e-01,-8.149865083396434784e-03,1.764981001615524292e-01,2.578965127468109131e-01,2.429616004228591919e-01,5.370517075061798096e-02,3.998500108718872070e-02,-8.295650593936443329e-03,-2.776300068944692612e-03,2.472756952047348022e-01,1.186526566743850708e-01,2.695086300373077393e-01,2.553469836711883545e-01,1.351597309112548828e-01,1.714559942483901978e-01,1.706026792526245117e-01,4.105056822299957275e-02,-6.217649672180414200e-03,3.102963268756866455e-01,-1.035920903086662292e-01,3.358744978904724121e-01,-1.493914723396301270e-01,2.165609784424304962e-02,6.639119982719421387e-02,8.761371672153472900e-02,5.539844557642936707e-02,-2.499336563050746918e-02,1.170622259378433228e-01,1.371504962444305420e-01,1.025211513042449951e-01,3.731943294405937195e-02,6.161861121654510498e-02,1.358844488859176636e-01,2.035662531852722168e-02,6.518756598234176636e-02,2.184317633509635925e-02,2.344493567943572998e-01,5.220993757247924805e-01,5.492850542068481445e-01,3.952948376536369324e-02,-2.681805752217769623e-02,2.397046834230422974e-01,5.148717015981674194e-02,3.822087049484252930e-01,4.275541901588439941e-01,1.075702309608459473e-01,8.598683774471282959e-02,1.252411752939224243e-01,9.705192595720291138e-02,3.498786687850952148e-01,2.834435999393463135e-01,8.669287711381912231e-02,3.216678500175476074e-01,6.484351307153701782e-02,2.044208496809005737e-01,1.090149059891700745e-01,2.483066618442535400e-01,1.171262115240097046e-01,1.421536803245544434e-01,1.870549321174621582e-01,3.572162091732025146e-01,3.275714516639709473e-01,4.408888518810272217e-01,-2.086510956287384033e-01,1.530902683734893799e-01,1.897713392972946167e-01,3.184226155281066895e-01,-2.930953204631805420e-01,-4.392781853675842285e-02,-8.339858800172805786e-02,4.373256489634513855e-02,-1.227262318134307861e-01,-7.501612603664398193e-02,-2.547031342983245850e-01,-2.390954047441482544e-01,3.293323516845703125e-01,4.676466584205627441e-01,1.421693265438079834e-01,3.914128839969635010e-01,8.806527592241764069e-03,2.106197774410247803e-01,-1.861040294170379639e-01,-1.430480033159255981e-01,-1.065592095255851746e-01,1.032157428562641144e-02,3.067840337753295898e-01,2.474271655082702637e-01,2.091325521469116211e-01,2.169446051120758057e-01,2.659065425395965576e-01,3.256118595600128174e-01,2.875628173351287842e-01,1.667805016040802002e-01,8.410659618675708771e-03,1.766447275876998901e-01,2.557055652141571045e-01,2.338708341121673584e-01
3.887043893337249756e-01,1.762344092130661011e-01,1.000000000000000000e+00,5.875801444053649902e-01,3.323477208614349365e-01,1.923415213823318481e-01,6.056028604507446289e-01,4.945108592510223389e-01,2.860810756683349609e-01,5.982208624482154846e-02,3.156474530696868896e-01,1.214328035712242126e-01,3.994387388229370117e-01,2.588158249855041504e-01,2.906895875930786133e-01,1.026857122778892517e-01,2.194212675094604492e-01,5.652363970875740051e-02,1.357156783342361450e-01,-4.825496301054954529e-02,3.494287431240081787e-01,2.850457429885864258e-01,4.739670455455780029e-01,4.900598227977752686e-01,3.228145539760589600e-01,3.156128525733947754e-01,2.811390459537506104e-01,2.190457284450531006e-01,2.367619872093200684e-01,3.299751505255699158e-02,4.954063296318054199e-01,4.952648282051086426e-01,1.225679293274879456e-01,2.121225595474243164e-01,-9.469436481595039368e-03,-4.284068942070007324e-02,1.145998388528823853e-01,4.439840838313102722e-02,2.905010879039764404e-01,1.482450366020202637e-01,1.929405778646469116e-01,2.079278677701950073e-01,1.844614148139953613e-01,1.045604869723320007e-01,2.309106588363647461e-01,2.021034508943557739e-01,1.082106903195381165e-01,1.275620311498641968e-01,2.052586227655410767e-01,2.365655004978179932e-01,1.388551741838455200e-01,1.350894570350646973e-01,1.599927544593811035e-01,5.345913395285606384e-02,2.812396287918090820e-01,1.587747186422348022e-01,3.368204534053802490e-01,1.426851153373718262e-01,1.951064616441726685e-01,1.391198486089706421e-01,3.528832197189331055e-01,-1.349539123475551605e-02,2.174803167581558228e-01,6.059021502733230591e-02,7.642433792352676392e-02,1.283709406852722168e-01,1.158687006682157516e-02,-2.964413492009043694e-03,-4.169929772615432739e-02,-1.339572966098785400e-01,2.975002527236938477e-01,2.844098508358001709e-01,2.463372349739074707e-01,9.864105284214019775e-02,1.808978766202926636e-01,4.908566549420356750e-02,7.944021373987197876e-02,-7.198976725339889526e-02,1.259568780660629272e-01,9.422239661216735840e-02,1.663594394922256470e-01,2.752419002354145050e-02,2.090850323438644409e-01,-3.648686781525611877e-02,1.891235262155532837e-01,-8.301313966512680054e-02,1.642389893531799316e-01,-1.563703715801239014e-01,2.510882914066314697e-01,1.467050705105066299e-02,1.488915234804153442e-01,3.662787005305290222e-02,1.011563315987586975e-01,2.680384553968906403e-02,1.214107647538185120e-01,1.005511507391929626e-01,2.584542036056518555e-01,1.455537676811218262e-01,2.290469855070114136e-01,1.044893339276313782e-01,1.312542110681533813e-01,-6.700393557548522949e-02,1.197361946105957031e-01,-3.857899457216262817e-02,4.956823587417602539e-02,2.105345251038670540e-03,1.824826374650001526e-02,-3.214587643742561340e-02,6.379187107086181641e-02,1.259331107139587402e-01,1.355440020561218262e-01,2.469373047351837158e-01,2.153396308422088623e-01,1.120378673076629639e-01,1.349676214158535004e-02,6.946061551570892334e-02
4.466487765312194824e-01,4.226823449134826660e-01,5.875801444053649902e-01,1.000000000000000000e+00,1.700979769229888916e-01,1.839006841182708740e-01,5.158141851425170898e-01,6.942508220672607422e-01,1.472562402486801147e-01,9.870205819606781006e-02,3.242669105529785156e-01,2.257502824068069458e-01,3.866376578807830811e-01,3.688157796859741211e-01,2.116897702217102051e-01,2.509701550006866455e-01,2.932121753692626953e-01,2.148402035236358643e-01,2.133557796478271484e-01,1.212974265217781067e-01,2.534551024436950684e-01,3.341364562511444092e-01,4.033682644367218018e-01,5.152063369750976562e-01,2.763324677944183350e-01,2.783237397670745850e-01,2.976180911064147949e-01,2.719083428382873535e-01,2.839617133140563965e-01,-4.129076842218637466e-03,4.883404076099395752e-01,4.836343824863433838e-01,1.186357215046882629e-01,1.687352210283279419e-01,2.308165654540061951e-02,-1.030997093766927719e-02,1.339320745319128036e-02,1.936713457107543945e-01,1.219312772154808044e-01,3.235346674919128418e-01,1.925474265590310097e-03,1.386911273002624512e-01,7.716681063175201416e-02,1.458216458559036255e-03,1.728638559579849243e-01,7.057449221611022949e-02,7.186822593212127686e-02,9.583576768636703491e-02,1.328628361225128174e-01,1.240546330809593201e-01,-1.787759922444820404e-02,5.687568709254264832e-02,5.835380032658576965e-02,-3.827722370624542236e-02,8.669717609882354736e-02,2.566348910331726074e-01,3.065138459205627441e-01,2.282585054636001587e-01,1.209797635674476624e-01,2.970772096887230873e-03,2.361085116863250732e-01,-1.233609989285469055e-01,2.192341983318328857e-01,7.569026947021484375e-02,-3.170709684491157532e-02,-5.416375398635864258e-02,4.814630374312400818e-02,-3.978894278407096863e-02,1.290221959352493286e-01,3.640052676200866699e-02,2.386955767869949341e-01,4.100090563297271729e-01,1.185207515954971313e-01,1.106639280915260315e-01,1.594910919666290283e-01,1.428753584623336792e-01,1.378695219755172729e-01,6.079565733671188354e-02,1.981042325496673584e-01,1.433389633893966675e-01,2.347590178251266479e-01,9.346853941679000854e-02,7.842799276113510132e-02,1.529980748891830444e-01,1.196287572383880615e-01,-1.162384520284831524e-03,2.142225392162799835e-02,1.037336047738790512e-02,4.961447417736053467e-02,2.908192016184329987e-02,-3.561147302389144897e-02,-3.554866462945938110e-02,-1.360536813735961914e-01,-1.255020797252655029e-01,2.803380787372589111e-01,3.416766524314880371e-01,1.751165241003036499e-01,2.722580134868621826e-01,5.027532204985618591e-02,1.525991261005401611e-01,-3.783607110381126404e-02,-1.291421651840209961e-01,5.145557224750518799e-02,3.433462604880332947e-02,2.716263532638549805e-01,1.583122313022613525e-01,2.489999681711196899e-01,1.532280594110488892e-01,2.534548342227935791e-01,2.325770109891891479e-01,1.539027839899063110e-01,2.048195153474807739e-01,1.606128811836242676e-01,2.121357917785644531e-01,1.531016975641250610e-01,1.698460578918457031e-01
-8.442214690148830414e-03,-1.146553307771682739e-01,3.323477208614349365e-01,1.700979769229888916e-01,1.000000000000000000e+00,6.910444498062133789e-01,1.897997111082077026e-01,1.094706058502197266e-01,7.174907922744750977e-01,5.690495371818542480e-01,1.378843635320663452e-01,1.465704198926687241e-02,2.886332869529724121e-01,1.689400970935821533e-01,6.433923840522766113e-01,3.678961098194122314e-01,1.077491939067840576e-01,-9.461859241127967834e-03,2.157917059957981110e-02,-1.394532024860382080e-01,4.183096587657928467e-01,2.691387236118316650e-01,1.712244600057601929e-01,2.037880122661590576e-01,6.394129991531372070e-01,6.888764500617980957e-01,7.001529932022094727e-01,6.606071591377258301e-01,2.299784421920776367e-01,2.411375045776367188e-01,2.895662188529968262e-01,2.756368219852447510e-01,-8.414688706398010254e-02,-3.567475825548171997e-02,-1.927069127559661865e-01,-2.077661156654357910e-01,1.860540062189102173e-01,-2.221961878240108490e-02,3.087645173072814941e-01,1.225013360381126404e-01,2.866576313972473145e-01,2.554884552955627441e-01,-4.711157083511352539e-02,-3.818176686763763428e-02,-1.585084050893783569e-01,-5.082372203469276428e-02,1.497763395309448242e-02,-9.304101578891277313e-03,-2.013140916824340820e-01,-8.122591674327850342e-02,-1.551969647407531738e-01,-1.072925329208374023e-01,7.697597891092300415e-02,1.186601966619491577e-01,3.035018742084503174e-01,2.185907512903213501e-01,4.487268254160881042e-02,1.659454591572284698e-02,5.585953965783119202e-02,3.708009421825408936e-02,-2.244246006011962891e-02,-7.553404569625854492e-02,-1.451882272958755493e-01,-6.490335613489151001e-02,-2.163967490196228027e-01,-7.779377698898315430e-02,-1.687233150005340576e-01,-1.486266255378723145e-01,-2.552433907985687256e-01,-3.717414140701293945e-01,3.670544326305389404e-01,1.071039810776710510e-01,3.338199853897094727e-01,1.477157920598983765e-01,1.819361150264739990e-01,2.957363612949848175e-02,6.584364455193281174e-03,-5.764846131205558777e-02,1.795379370450973511e-01,4.497455898672342300e-03,1.411460191011428833e-01,1.015665829181671143e-01,6.330984234809875488e-01,3.487976491451263428e-01,2.248175591230392456e-01,7.777590304613113403e-02,5.145675539970397949e-01,3.537974357604980469e-01,4.395475089550018311e-01,4.468528032302856445e-01,2.610548138618469238e-01,2.442211359739303589e-01,3.092620074748992920e-01,3.494918942451477051e-01,-1.188685297966003418e-01,-6.739777326583862305e-02,2.488347440958023071e-01,-1.016114652156829834e-02,2.628329098224639893e-01,7.869628071784973145e-02,3.512461483478546143e-01,3.091347217559814453e-01,3.191720843315124512e-01,2.971064746379852295e-01,1.093658432364463806e-01,1.505858451128005981e-01,1.304193735122680664e-01,1.416408568620681763e-01,-7.451757788658142090e-02,-1.088404580950737000e-01,-3.076394833624362946e-02,4.180734977126121521e-02,1.174457222223281860e-01,-4.586963355541229248e-02,4.292009025812149048e-02,1.357642412185668945e-01
-1.668113842606544495e-02,-9.817177057266235352e-02,1.923415213823318481e-01,1.839006841182708740e-01,6.910444498062133789e-01,1.000000000000000000e+00,1.191823408007621765e-01,2.048956751823425293e-01,5.074406862258911133e-01,6.667492985725402832e-01,1.367307156324386597e-01,1.181887760758399963e-01,2.197800427675247192e-01,3.068921267986297607e-01,5.047653317451477051e-01,4.977607429027557373e-01,1.373371183872222900e-01,1.027051433920860291e-01,3.362044692039489746e-02,-1.086576208472251892e-01,2.788218557834625244e-01,2.037208229303359985e-01,1.458278000354766846e-01,2.318692207336425781e-01,5.923695564270019531e-01,6.670887470245361328e-01,6.481125354766845703e-01,7.018486261367797852e-01,2.983871102333068848e-01,4.060312211513519287e-01,3.062488138675689697e-01,3.344707190990447998e-01,-7.378834486007690430e-02,-1.239739637821912766e-02,-1.125072836875915527e-01,-9.085420519113540649e-02,2.071460336446762085e-01,6.364645063877105713e-02,2.262915223836898804e-01,1.711332499980926514e-01,2.438236027956008911e-01,2.783443033695220947e-01,-1.682110875844955444e-01,-1.027537360787391663e-01,-2.498433291912078857e-01,-1.688278168439865112e-01,1.211342494934797287e-02,-6.649018265306949615e-03,-3.006398379802703857e-01,-2.013790160417556763e-01,-2.196991741657257080e-01,-2.303039878606796265e-01,4.812864586710929871e-02,1.042553633451461792e-01,2.878068387508392334e-01,2.732411324977874756e-01,6.083015818148851395e-03,2.288262918591499329e-02,-5.491530895233154297e-02,-4.962392151355743408e-02,-1.594907194375991821e-01,-7.663054764270782471e-02,-1.328524798154830933e-01,-3.668781369924545288e-02,-2.861834168434143066e-01,-1.983465105295181274e-01,-1.966290920972824097e-01,-1.892190128564834595e-01,-2.421495616436004639e-01,-3.150675892829895020e-01,3.659401237964630127e-01,1.289309710264205933e-01,2.860046625137329102e-01,1.956290751695632935e-01,1.943005770444869995e-01,4.593187570571899414e-02,9.490568935871124268e-02,8.438187837600708008e-02,2.190484553575515747e-01,6.895051151514053345e-02,1.784747540950775146e-01,1.307774186134338379e-01,5.212940573692321777e-01,5.606305003166198730e-01,1.975236833095550537e-01,5.748977139592170715e-02,3.367374539375305176e-01,4.160265326499938965e-01,3.265754580497741699e-01,4.432181715965270996e-01,2.152805775403976440e-01,2.817056179046630859e-01,1.783412992954254150e-01,2.541883885860443115e-01,-2.721514180302619934e-02,-2.791368868201971054e-03,1.930108368396759033e-01,5.112832039594650269e-02,2.074009031057357788e-01,1.371957659721374512e-01,2.633221447467803955e-01,2.356264740228652954e-01,3.062061369419097900e-01,2.939998507499694824e-01,2.067940086126327515e-01,2.930970489978790283e-01,1.978502869606018066e-01,2.915284931659698486e-01,8.558822423219680786e-02,-7.962765172123908997e-03,2.023297548294067383e-02,3.005109168589115143e-02,1.314220279455184937e-01,-4.577359557151794434e-02,7.862126827239990234e-02,1.830535233020782471e-01
6.478937268257141113e-01,3.915016353130340576e-01,6.056028604507446289e-01,5.158141851425170898e-01,1.897997111082077026e-01,1.191823408007621765e-01,1.000000000000000000e+00,5.635650157928466797e-01,1.528838425874710083e-01,2.325862459838390350e-02,6.423683762550354004e-01,4.716087877750396729e-01,6.551224589347839355e-01,4.521956443786621094e-01,2.383197098970413208e-01,8.785280585289001465e-02,4.717881977558135986e-01,3.244446516036987305e-01,9.725721180438995361e-02,-4.892650619149208069e-02,2.544257342815399170e-01,3.005657792091369629e-01,5.603721737861633301e-01,5.442437529563903809e-01,3.209073245525360107e-01,2.926854789257049561e-01,1.962999105453491211e-01,1.230259016156196594e-01,5.168002843856811523e-01,2.975868284702301025e-01,6.032323241233825684e-01,5.708555579185485840e-01,1.912058889865875244e-01,2.599623799324035645e-01,-6.654464174062013626e-03,-6.367281824350357056e-02,-3.935812506824731827e-03,6.933528184890747070e-02,-1.323633547872304916e-02,1.246906220912933350e-01,4.231383278965950012e-02,1.683684140443801880e-01,3.035663813352584839e-02,4.065673425793647766e-02,8.409564942121505737e-02,1.518430560827255249e-02,1.164221018552780151e-01,9.864287078380584717e-02,9.048677235841751099e-02,4.240986704826354980e-02,1.354946345090866089e-01,3.400108590722084045e-02,2.642210125923156738e-01,8.182749152183532715e-02,2.718200981616973877e-01,1.745348721742630005e-01,5.659729242324829102e-01,2.066255658864974976e-01,1.084879487752914429e-01,-3.202224150300025940e-02,3.808387219905853271e-01,-1.544497907161712646e-01,4.613486230373382568e-01,1.687457859516143799e-01,5.422722920775413513e-02,-3.273051232099533081e-02,-2.804026007652282715e-02,-8.883291482925415039e-02,-9.123471379280090332e-02,-1.906657218933105469e-01,2.885836660861968994e-01,3.751567900180816650e-01,9.725677967071533203e-02,2.664231061935424805e-01,2.162272930145263672e-01,1.714287996292114258e-01,1.022842153906822205e-01,2.478668279945850372e-02,2.157829105854034424e-01,3.158011734485626221e-01,4.847324788570404053e-01,2.942203879356384277e-01,2.360173612833023071e-01,7.540526241064071655e-02,4.419770836830139160e-01,4.018506407737731934e-02,5.646199733018875122e-02,-8.865800499916076660e-02,3.442931771278381348e-01,7.652607560157775879e-02,1.636725962162017822e-01,6.109271943569183350e-02,2.635286003351211548e-02,-5.118973553180694580e-02,2.876144945621490479e-01,2.133098393678665161e-01,1.581201255321502686e-01,1.850489228963851929e-01,1.286830753087997437e-01,1.549024432897567749e-01,9.338799864053726196e-02,-1.103071644902229309e-01,1.264451742172241211e-01,-1.660458743572235107e-03,1.533603072166442871e-01,1.067811027169227600e-01,4.050013422966003418e-02,1.080813109874725342e-01,2.250387668609619141e-01,2.315813004970550537e-01,2.703871726989746094e-01,1.915869712829589844e-01,9.349586069583892822e-02,1.322567462921142578e-01,1.658627986907958984e-01,1.483841538429260254e-01
5.370704531669616699e-01,5.553849935531616211e-01,4.945108592510223389e-01,6.942508220672607422e-01,1.094706058502197266e-01,2.048956751823425293e-01,5.635650157928466797e-01,1.000000000000000000e+00,2.610106207430362701e-02,1.878659278154373169e-01,4.147993922233581543e-01,5.281825065612792969e-01,3.772149384021759033e-01,6.728315353393554688e-01,6.385340541601181030e-02,3.727975785732269287e-01,4.584465920925140381e-01,4.411621093750000000e-01,9.375626593828201294e-02,-4.684845358133316040e-02,2.685428559780120850e-01,3.491165637969970703e-01,5.205827951431274414e-01,5.649675130844116211e-01,2.533447742462158203e-01,2.404013872146606445e-01,1.831256598234176636e-01,2.107743769884109497e-01,3.756160140037536621e-01,2.307574450969696045e-01,5.732836723327636719e-01,6.066709756851196289e-01,1.155874803662300110e-01,2.022724449634552002e-01,2.530613541603088379e-02,-2.591548673808574677e-02,1.271185725927352905e-01,2.970591485500335693e-01,1.085544601082801819e-01,3.481597900390625000e-01,4.691274091601371765e-02,2.014448940753936768e-01,4.822288081049919128e-02,4.306164383888244629e-02,9.742319583892822266e-02,-1.899627735838294029e-03,1.468335092067718506e-01,1.527452319860458374e-01,8.420287817716598511e-02,3.322626650333404541e-02,4.509934782981872559e-02,4.957963526248931885e-02,1.422860473394393921e-01,1.210337057709693909e-01,1.774732917547225952e-01,3.373031616210937500e-01,4.518184959888458252e-01,3.821740150451660156e-01,3.738313540816307068e-02,-3.339051082730293274e-02,2.485027015209197998e-01,-6.725262105464935303e-02,3.456307351589202881e-01,2.948699593544006348e-01,2.110645873472094536e-03,-2.322417311370372772e-02,-2.797270193696022034e-02,-1.063377633690834045e-01,5.725555587559938431e-03,-1.112493127584457397e-01,4.062337279319763184e-01,5.143600106239318848e-01,3.204072415828704834e-01,3.199928998947143555e-01,3.356476128101348877e-01,3.101561069488525391e-01,2.637378573417663574e-01,1.854154616594314575e-01,3.019862473011016846e-01,3.422124683856964111e-01,3.915302753448486328e-01,3.408588469028472900e-01,2.303051529452204704e-03,3.355268239974975586e-01,2.295600771903991699e-01,1.906001567840576172e-01,-1.171887367963790894e-01,3.414387628436088562e-02,5.284369736909866333e-02,1.537680178880691528e-01,-1.424574851989746094e-02,9.476433694362640381e-02,-1.535020023584365845e-01,-1.276091784238815308e-01,3.243931531906127930e-01,4.736612141132354736e-01,2.809542119503021240e-01,3.775236904621124268e-01,1.251655519008636475e-01,2.715541720390319824e-01,-9.336528927087783813e-02,-1.537683159112930298e-01,-3.750909818336367607e-03,3.430224210023880005e-02,3.442967236042022705e-01,2.409115582704544067e-01,1.971436291933059692e-01,2.261240631341934204e-01,3.645082712173461914e-01,3.385730385780334473e-01,2.805106341838836670e-01,1.822953224182128906e-01,1.211003288626670837e-01,2.146255671977996826e-01,2.158006727695465088e-01,1.960163861513137817e-01
2.987171057611703873e-03,-8.271882683038711548e-02,2.860810756683349609e-01,1.472562402486801147e-01,7.174907922744750977e-01,5.074406862258911133e-01,1.528838425874710083e-01,2.610106207430362701e-02,1.000000000000000000e+00,5.568785071372985840e-01,1.384854465723037720e-01,-3.757308796048164368e-02,2.746069729328155518e-01,6.016092747449874878e-02,7.807802557945251465e-01,4.141461551189422607e-01,7.827451825141906738e-02,-4.836190119385719299e-02,4.670414701104164124e-02,-7.741936296224594116e-02,3.973320126533508301e-01,3.031789362430572510e-01,5.486252717673778534e-03,1.643904671072959900e-02,4.409965276718139648e-01,5.138743519783020020e-01,5.741433501243591309e-01,5.219472646713256836e-01,1.751214712858200073e-01,9.819544851779937744e-02,2.322026491165161133e-01,1.707664430141448975e-01,-9.182778745889663696e-02,-1.028618365526199341e-01,-1.522908955812454224e-01,-2.150562107563018799e-01,8.636432886123657227e-02,1.654128730297088623e-02,1.932303458452224731e-01,1.772650778293609619e-01,1.158115789294242859e-01,1.965881884098052979e-01,4.261943697929382324e-02,-2.672208473086357117e-02,1.445412822067737579e-02,1.208033189177513123e-01,-1.460925769060850143e-02,-3.489105030894279480e-02,-7.356423139572143555e-02,4.546322394162416458e-03,-2.086988985538482666e-01,-9.975224733352661133e-02,2.749718260020017624e-03,-2.915481477975845337e-02,2.014505863189697266e-01,1.973142176866531372e-01,-1.746330410242080688e-02,-5.416788533329963684e-02,-6.279654335230588913e-03,2.691066823899745941e-03,-9.105210751295089722e-02,-1.508651673793792725e-01,-1.406223773956298828e-01,-2.068026959896087646e-01,-3.213823437690734863e-01,-1.861949861049652100e-01,-1.521946936845779419e-01,-8.807576447725296021e-02,-1.220695897936820984e-01,-2.662555873394012451e-01,2.714601457118988037e-01,1.511374115943908691e-01,2.286433726549148560e-01,1.602129787206649780e-01,1.442046314477920532e-01,2.526587247848510742e-02,8.466466516256332397e-02,5.491805821657180786e-02,1.153224408626556396e-01,-7.084373384714126587e-03,2.263500541448593140e-02,-4.063306376338005066e-02,5.992945432662963867e-01,3.057118952274322510e-01,1.257418394088745117e-01,-2.793382294476032257e-02,4.582922160625457764e-01,3.509086370468139648e-01,3.970313072204589844e-01,3.496727943420410156e-01,2.730883061885833740e-01,2.095274180173873901e-01,3.642100095748901367e-01,3.642118573188781738e-01,-2.396926097571849823e-02,-4.880215600132942200e-02,1.779988408088684082e-01,3.599704010412096977e-03,1.961475163698196411e-01,1.205642446875572205e-01,3.068113625049591064e-01,3.309422135353088379e-01,2.102385014295578003e-01,2.612138092517852783e-01,9.506516158580780029e-02,9.852322936058044434e-02,1.696034967899322510e-01,6.554474681615829468e-02,-6.536541879177093506e-02,-4.827358573675155640e-02,-8.019469678401947021e-02,1.202510669827461243e-01,2.704661786556243896e-01,3.284155577421188354e-02,6.081655248999595642e-02,1.538539230823516846e-01
-1.107483822852373123e-02,4.738120734691619873e-02,5.982208624482154846e-02,9.870205819606781006e-02,5.690495371818542480e-01,6.667492985725402832e-01,2.325862459838390350e-02,1.878659278154373169e-01,5.568785071372985840e-01,1.000000000000000000e+00,6.949519366025924683e-02,1.143993586301803589e-01,1.124985143542289734e-01,3.145059943199157715e-01,5.058911442756652832e-01,7.343441843986511230e-01,9.840871393680572510e-02,7.122401148080825806e-02,1.154538523405790329e-02,-6.640911847352981567e-02,2.736667692661285400e-01,2.806958258152008057e-01,-5.955163855105638504e-03,3.925804793834686279e-02,3.707205951213836670e-01,4.710169136524200439e-01,4.283875226974487305e-01,5.281294584274291992e-01,1.629882007837295532e-01,2.509308159351348877e-01,2.317026257514953613e-01,2.323744148015975952e-01,-1.239801347255706787e-01,-1.210131347179412842e-01,-1.210681200027465820e-01,-1.331211179494857788e-01,1.103543639183044434e-01,1.311289072036743164e-01,1.190056726336479187e-01,2.430210858583450317e-01,1.133568063378334045e-01,1.788190305233001709e-01,-1.097079515457153320e-01,-1.432231068611145020e-01,-1.494393497705459595e-01,-1.170165613293647766e-01,-3.037427552044391632e-02,-5.429682508111000061e-02,-1.667455732822418213e-01,-1.685087531805038452e-01,-2.052331864833831787e-01,-1.597507745027542114e-01,-9.204030036926269531e-02,-3.506584092974662781e-02,9.803778678178787231e-02,2.112352550029754639e-01,2.308581583201885223e-02,6.236765184439718723e-04,-1.873013675212860107e-01,-1.731704324483871460e-01,-2.086154371500015259e-01,-8.898318558931350708e-02,-1.219516098499298096e-01,-7.653364539146423340e-02,-2.715581953525543213e-01,-1.997853517532348633e-01,-2.646737992763519287e-01,-2.454509288072586060e-01,-7.765055447816848755e-02,-2.104539275169372559e-01,2.760393917560577393e-01,1.833603233098983765e-01,2.853693366050720215e-01,2.369635850191116333e-01,1.920663714408874512e-01,1.471745818853378296e-01,1.354819238185882568e-01,1.517349183559417725e-01,1.593730598688125610e-01,3.934213891625404358e-02,5.613885074853897095e-02,9.344421327114105225e-02,4.135330915451049805e-01,6.352001428604125977e-01,6.431242078542709351e-02,5.434007197618484497e-02,2.288710772991180420e-01,4.597337245941162109e-01,1.709108352661132812e-01,3.228442370891571045e-01,5.108593404293060303e-02,1.457751542329788208e-01,7.696308940649032593e-02,1.533212065696716309e-01,-1.122981309890747070e-02,1.336076110601425171e-01,1.125874295830726624e-01,9.964191168546676636e-02,6.667892634868621826e-02,1.328607797622680664e-01,6.050316244363784790e-02,1.562748402357101440e-01,3.977018222212791443e-02,1.419067680835723877e-01,1.818313449621200562e-01,1.979224234819412231e-01,1.618351042270660400e-01,1.945186257362365723e-01,1.153637543320655823e-01,1.941929012537002563e-02,-4.312768951058387756e-02,1.816411502659320831e-02,1.257030665874481201e-01,-5.933565646409988403e-02,8.141549676656723022e-02,1.547154486179351807e-01
5.655231475830078125e-01,3.294660449028015137e-01,3.156474530696868896e-01,3.242669105529785156e-01,1.378843635320663452e-01,1.367307156324386597e-01,6.423683762550354004e-01,4.147993922233581543e-01,1.384854465723037720e-01,6.949519366025924683e-02,1.000000000000000000e+00,5.813013315200805664e-01,7.475574612617492676e-01,5.497459769248962402e-01,2.728457450866699219e-01,1.551673263311386108e-01,6.961862444877624512e-01,5.747791528701782227e-01,1.181189417839050293e-01,-4.030376672744750977e-02,2.518379092216491699e-01,2.825759649276733398e-01,3.960320949554443359e-01,3.653917014598846436e-01,2.514192461967468262e-01,2.645088732242584229e-01,2.630819678306579590e-01,1.537568718194961548e-01,6.963247060775756836e-01,4.663885533809661865e-01,6.005457043647766113e-01,5.501570105552673340e-01,9.529785066843032837e-02,1.694705188274383545e-01,-7.404187321662902832e-02,-1.146087497472763062e-01,7.786255329847335815e-02,1.612668931484222412e-01,-6.992847472429275513e-02,1.384308785200119019e-01,-2.371763624250888824e-02,1.229035034775733948e-01,-4.991123825311660767e-02,-5.939883179962635040e-03,-5.867310240864753723e-02,-1.089345216751098633e-01,1.721986681222915649e-01,1.085353493690490723e-01,-8.573258295655250549e-03,-1.274293512105941772e-01,4.091319814324378967e-02,-1.089168936014175415e-01,2.301242351531982422e-01,4.547911137342453003e-02,3.257488012313842773e-01,2.917938828468322754e-01,5.505515336990356445e-01,2.437720894813537598e-01,-3.555197641253471375e-02,-8.729135245084762573e-02,1.814329326152801514e-01,-1.755269020795822144e-01,4.460985064506530762e-01,1.565726101398468018e-01,-1.008846908807754517e-01,-1.639017313718795776e-01,-9.583758562803268433e-02,-1.204774379730224609e-01,-1.322315335273742676e-01,-1.874195933341979980e-01,3.541201949119567871e-01,3.978406786918640137e-01,7.989355176687240601e-02,3.481237888336181641e-01,2.162102013826370239e-01,1.778148263692855835e-01,1.731055676937103271e-01,1.517586112022399902e-01,4.030085802078247070e-01,5.554428100585937500e-01,6.953814625740051270e-01,4.788690507411956787e-01,2.527902126312255859e-01,1.911624372005462646e-01,6.295086145401000977e-01,1.880082190036773682e-01,-3.827755898237228394e-02,-3.575368970632553101e-02,4.676850438117980957e-01,2.309406548738479614e-01,1.727422624826431274e-01,8.772601187229156494e-02,1.521771028637886047e-02,-6.326880306005477905e-02,3.907771408557891846e-01,2.668788433074951172e-01,1.899015158414840698e-01,2.218509614467620850e-01,1.722517311573028564e-01,2.468622773885726929e-01,8.021309226751327515e-02,-1.074824556708335876e-01,1.556217521429061890e-01,7.068948447704315186e-02,2.910495996475219727e-01,2.537206411361694336e-01,1.202135086059570312e-01,2.535655200481414795e-01,2.711278200149536133e-01,2.754108309745788574e-01,2.382750660181045532e-01,1.547897905111312866e-01,1.571038663387298584e-01,1.612253189086914062e-01,3.053956627845764160e-01,2.902147471904754639e-01
5.338170528411865234e-01,5.152021646499633789e-01,1.214328035712242126e-01,2.257502824068069458e-01,1.465704198926687241e-02,1.181887760758399963e-01,4.716087877750396729e-01,5.281825065612792969e-01,-3.757308796048164368e-02,1.143993586301803589e-01,5.813013315200805664e-01,1.000000000000000000e+00,4.101897180080413818e-01,7.144991755485534668e-01,1.625958271324634552e-02,2.325340211391448975e-01,6.079846620559692383e-01,6.981176733970642090e-01,4.477030597627162933e-03,-1.106578856706619263e-01,1.764410436153411865e-01,2.426835149526596069e-01,4.015240073204040527e-01,3.759496212005615234e-01,1.711700707674026489e-01,1.674242615699768066e-01,9.043616056442260742e-02,1.007482036948204041e-01,5.409026145935058594e-01,5.822625756263732910e-01,4.449691176414489746e-01,4.831341207027435303e-01,1.841429322957992554e-01,2.705878913402557373e-01,8.754388242959976196e-02,9.826402179896831512e-03,2.075751572847366333e-01,3.067537844181060791e-01,-3.217404335737228394e-02,1.931375116109848022e-01,2.057782141491770744e-03,1.413312256336212158e-01,-1.255516856908798218e-01,-2.952032908797264099e-02,-1.911167800426483154e-01,-2.107157260179519653e-01,1.714916825294494629e-01,1.271068751811981201e-01,-1.087442561984062195e-01,-2.091468125581741333e-01,5.671175941824913025e-02,-1.012663543224334717e-01,1.939262002706527710e-01,1.777188181877136230e-01,2.613266706466674805e-01,3.182574212551116943e-01,5.032222867012023926e-01,3.453803062438964844e-01,-1.257453411817550659e-01,-1.613761186599731445e-01,1.214864552021026611e-01,-1.756712198257446289e-01,3.773462176322937012e-01,3.266739547252655029e-01,-6.419372558593750000e-02,-1.217687353491783142e-01,-1.435274630784988403e-01,-1.467257291078567505e-01,-1.192880421876907349e-01,-1.759770810604095459e-01,4.132511317729949951e-01,4.069195389747619629e-01,2.483355104923248291e-01,4.793576300144195557e-01,3.153356313705444336e-01,3.378407061100006104e-01,2.035173326730728149e-01,2.072059214115142822e-01,3.654541671276092529e-01,5.557124018669128418e-01,5.932930111885070801e-01,6.162838339805603027e-01,2.404281869530677795e-02,3.311469554901123047e-01,4.872559309005737305e-01,3.629697561264038086e-01,-1.750297844409942627e-01,5.468275025486946106e-02,2.332614362239837646e-01,2.981070876121520996e-01,1.009586229920387268e-01,2.022556066513061523e-01,-8.754292502999305725e-03,-7.756999228149652481e-03,3.334387242794036865e-01,3.731648623943328857e-01,2.203196436166763306e-01,2.639022171497344971e-01,2.021363079547882080e-01,2.796487808227539062e-01,5.488846451044082642e-02,-2.911242097616195679e-02,1.155583187937736511e-01,1.414986848831176758e-01,2.589949667453765869e-01,2.492871135473251343e-01,6.042319536209106445e-02,2.444498240947723389e-01,2.846910059452056885e-01,3.008910715579986572e-01,2.855637371540069580e-01,8.942516893148422241e-02,8.325210958719253540e-02,1.384984105825424194e-01,2.846081554889678955e-01,2.092262059450149536e-01
3.996550738811492920e-01,1.502144187688827515e-01,3.994387388229370117e-01,3.866376578807830811e-01,2.886332869529724121e-01,2.197800427675247192e-01,6.551224589347839355e-01,3.772149384021759033e-01,2.746069729328155518e-01,1.124985143542289734e-01,7.475574612617492676e-01,4.101897180080413818e-01,1.000000000000000000e+00,4.528300166130065918e-01,4.111984372138977051e-01,1.371571123600006104e-01,5.420477390289306641e-01,3.825332820415496826e-01,7.055336982011795044e-02,-6.778787821531295776e-02,4.066422879695892334e-01,3.833180665969848633e-01,3.991223275661468506e-01,4.088195860385894775e-01,3.350774645805358887e-01,3.624490797519683838e-01,3.406762182712554932e-01,2.439459115266799927e-01,6.239236593246459961e-01,4.085702598094940186e-01,6.317275762557983398e-01,5.622568726539611816e-01,3.404083475470542908e-02,1.066605821251869202e-01,-1.501915752887725830e-01,-1.764423996210098267e-01,-1.338211726397275925e-02,1.076465994119644165e-01,-3.932762891054153442e-02,1.097382605075836182e-01,4.368066787719726562e-02,2.046304196119308472e-01,2.270355354994535446e-03,-2.438047155737876892e-02,2.247341349720954895e-02,-1.280674990266561508e-02,1.731956005096435547e-01,1.262863278388977051e-01,3.682571277022361755e-02,-4.607765376567840576e-02,4.200247675180435181e-02,-5.375107750296592712e-02,2.646183669567108154e-01,8.302203565835952759e-02,2.332951277494430542e-01,2.514354288578033447e-01,3.991463184356689453e-01,1.219096854329109192e-01,2.549299504607915878e-03,-3.951468318700790405e-02,1.286866664886474609e-01,-1.721350103616714478e-01,2.739453017711639404e-01,4.206869751214981079e-02,-1.147628650069236755e-01,-1.238535046577453613e-01,-1.228987574577331543e-01,-1.581021696329116821e-01,-1.973142474889755249e-01,-2.838849127292633057e-01,3.589025735855102539e-01,3.987611830234527588e-01,8.435045927762985229e-02,3.676165044307708740e-01,2.416376024484634399e-01,2.353348731994628906e-01,1.197394430637359619e-01,9.781053662300109863e-02,2.812729179859161377e-01,4.067702889442443848e-01,5.474282503128051758e-01,3.164875507354736328e-01,3.921455740928649902e-01,1.279945522546768188e-01,5.218901634216308594e-01,1.118791326880455017e-01,1.286663562059402466e-01,-4.777113348245620728e-02,4.397364854812622070e-01,1.924418807029724121e-01,1.463440656661987305e-01,5.245721712708473206e-02,7.045231014490127563e-02,-2.854442037642002106e-02,2.901480495929718018e-01,1.646059900522232056e-01,1.361239403486251831e-01,1.281674951314926147e-01,1.100831404328346252e-01,1.730736643075942993e-01,8.371736109256744385e-02,-1.326640397310256958e-01,1.255941092967987061e-01,1.453390810638666153e-02,1.468567252159118652e-01,8.962824940681457520e-02,4.514634236693382263e-02,1.155353859066963196e-01,1.803387552499771118e-01,1.787041127681732178e-01,1.443567723035812378e-01,1.171608716249465942e-01,1.705163568258285522e-01,1.218915283679962158e-01,1.955639868974685669e-01,1.763382554054260254e-01
