1.000000000000000000e+00,3.421818614006042480e-01,3.692790567874908447e-01,1.729971021413803101e-01,1.345834583044052124e-01,7.012281566858291626e-02,4.111410081386566162e-01,2.452563792467117310e-01,1.798746585845947266e-01,-9.414371103048324585e-02,3.552730679512023926e-01,1.679777950048446655e-01,4.084846079349517822e-01,2.823629677295684814e-01,1.121093630790710449e-01,-2.031560614705085754e-02,2.430109232664108276e-01,6.456236541271209717e-02,4.590791165828704834e-01,4.796013534069061279e-01,-6.742108613252639771e-02,-8.646716177463531494e-02,1.523322910070419312e-01,1.705599427223205566e-01,-6.911322707310318947e-04,3.919874317944049835e-03,4.393267259001731873e-02,4.061987623572349548e-02,1.760645955801010132e-01,1.106373295187950134e-01,2.381317913532257080e-01,1.518330276012420654e-01,4.815746843814849854e-01,3.022575974464416504e-01,2.891533449292182922e-02,-1.476115733385086060e-02,2.391197159886360168e-02,-4.210927989333868027e-03,1.249317824840545654e-01,1.457885205745697021e-01,8.167839795351028442e-02,1.242908909916877747e-01,-7.685845345258712769e-02,1.545747816562652588e-01,3.104851953685283661e-02,2.745440602302551270e-01,3.557923436164855957e-02,-8.121232688426971436e-02,3.118419349193572998e-01,2.844770550727844238e-01,2.110094577074050903e-01,2.672873437404632568e-01,1.700994521379470825e-01,9.152664989233016968e-02,7.971400767564773560e-02,6.344872713088989258e-02,4.004208147525787354e-01,2.451375722885131836e-01,5.359222292900085449e-01,4.043755829334259033e-01,5.377330780029296875e-01,2.928893566131591797e-01,2.737363874912261963e-01,6.962785869836807251e-02,2.280566096305847168e-01,1.448901891708374023e-01,4.180870950222015381e-01,2.624810636043548584e-01,3.147551715373992920e-01,3.719511330127716064e-01,1.444692909717559814e-02,1.877361908555030823e-02,1.980473101139068604e-01,2.748821377754211426e-01,1.497696787118911743e-01,6.959465891122817993e-02,2.273835986852645874e-01,2.225500196218490601e-01,1.194927915930747986e-01,2.775574848055839539e-02,1.118803620338439941e-01,-7.687003351747989655e-03,-2.924566715955734253e-02,-2.227959036827087402e-02,1.191805303096771240e-01,9.793753176927566528e-02,3.900717198848724365e-02,3.643509373068809509e-02,1.767152696847915649e-01,3.170840069651603699e-02,-2.401228547096252441e-01,-1.685986518859863281e-01,-7.813728600740432739e-02,-1.072646528482437134e-01,-4.495517164468765259e-02,-5.230245366692543030e-02,-6.695049256086349487e-02,-1.312176231294870377e-02,-1.572604477405548096e-02,-7.093705981969833374e-02,-7.797936350107192993e-02,-4.410799592733383179e-02,-3.426638990640640259e-02,-1.380055025219917297e-02,-2.609352022409439087e-02,-3.309080377221107483e-02,2.126216888427734375e-02,-1.631012558937072754e-01,-3.838554397225379944e-02,4.270246252417564392e-02,-6.849523051641881466e-04,-1.009625419974327087e-01,-1.117544993758201599e-01,-4.487332701683044434e-02,-5.773385241627693176e-02,-2.953161001205444336e-01
3.421818614006042480e-01,1.000000000000000000e+00,-5.166450142860412598e-02,1.736694723367691040e-01,5.200687050819396973e-02,1.459895521402359009e-01,-2.644283883273601532e-02,3.266706466674804688e-01,-6.439389288425445557e-02,-1.640022732317447662e-02,2.071931064128875732e-01,4.393866360187530518e-01,1.056213080883026123e-01,3.690578341484069824e-01,-7.433948665857315063e-02,7.151824235916137695e-02,2.392441630363464355e-01,2.744311988353729248e-01,2.079178541898727417e-01,4.543918073177337646e-01,-1.993968524038791656e-02,3.762633353471755981e-02,-6.336990743875503540e-02,1.580680720508098602e-02,-2.506432496011257172e-02,6.912221666425466537e-03,8.170890621840953827e-03,4.296049941331148148e-03,2.052667438983917236e-01,2.112775146961212158e-01,3.524679690599441528e-02,1.340974587947130203e-02,3.630270361900329590e-01,3.104312717914581299e-01,9.205251932144165039e-02,-7.349655032157897949e-02,1.757756471633911133e-01,-2.271414361894130707e-02,1.219594664871692657e-02,9.831399470567703247e-02,-2.323234826326370239e-02,1.964203417301177979e-01,-4.748734459280967712e-02,1.518346071243286133e-01,6.091766804456710815e-02,2.234281748533248901e-01,7.341433316469192505e-02,-5.614021420478820801e-02,1.527875959873199463e-01,2.785079777240753174e-01,1.223770007491111755e-01,2.966528832912445068e-01,2.552258968353271484e-01,2.672049105167388916e-01,1.711284369230270386e-01,1.436289399862289429e-01,3.909339010715484619e-01,5.958459973335266113e-01,3.226294219493865967e-01,3.883585631847381592e-01,3.337771296501159668e-01,4.703829288482666016e-01,1.248017176985740662e-01,5.055287480354309082e-01,-1.434992551803588867e-01,1.736505627632141113e-01,2.379407286643981934e-01,1.063620820641517639e-01,4.122673571109771729e-01,2.838147282600402832e-01,4.260606691241264343e-02,8.258835971355438232e-02,1.310170590877532959e-01,2.736818492412567139e-01,1.152468696236610413e-01,1.107432171702384949e-01,1.314911991357803345e-01,7.006782293319702148e-02,5.781501904129981995e-02,1.884268075227737427e-01,6.836072355508804321e-02,3.286840915679931641e-01,-1.347708255052566528e-01,1.763595342636108398e-01,-4.549445584416389465e-02,1.311350613832473755e-01,3.819288685917854309e-02,8.071469143033027649e-03,-2.339404635131359100e-02,8.268027752637863159e-02,-1.070431247353553772e-01,-2.737125940620899200e-02,-4.945658892393112183e-02,-5.504356697201728821e-02,2.657935582101345062e-02,-1.934380643069744110e-02,-5.197174474596977234e-02,6.084847077727317810e-02,1.976949274539947510e-01,9.813833236694335938e-02,1.145738270133733749e-02,-4.418700933456420898e-02,7.359245419502258301e-02,1.029823124408721924e-01,6.578067690134048462e-02,2.341820672154426575e-02,2.783279865980148315e-02,-6.224977597594261169e-02,-6.942113488912582397e-02,3.674841253086924553e-03,-4.829762876033782959e-02,1.256834417581558228e-01,3.446374461054801941e-02,-1.224805787205696106e-01,-3.939301148056983948e-02,-2.331442683935165405e-01
3.692790567874908447e-01,-5.166450142860412598e-02,1.000000000000000000e+00,3.192164003849029541e-01,1.993207484483718872e-01,1.608216017484664917e-02,6.540374159812927246e-01,1.057649329304695129e-01,2.716817855834960938e-01,-1.166480034589767456e-02,1.299126148223876953e-01,-2.511812746524810791e-01,2.988422513008117676e-01,-1.028544604778289795e-01,3.763162791728973389e-01,1.012025475502014160e-01,4.165245965123176575e-02,-1.496828496456146240e-01,4.400448203086853027e-01,1.385964006185531616e-01,7.602233439683914185e-02,3.461369499564170837e-02,6.307951807975769043e-01,4.779368340969085693e-01,1.942969411611557007e-01,9.917704015970230103e-02,1.867984831333160400e-01,1.680037379264831543e-01,3.081620670855045319e-02,-9.876358322799205780e-03,3.334511816501617432e-01,2.981974780559539795e-01,2.377083599567413330e-01,1.862893998622894287e-01,4.047068953514099121e-02,-1.944928057491779327e-02,-1.167730055749416351e-02,-3.399163112044334412e-02,8.935504406690597534e-02,1.142264828085899353e-01,1.025006696581840515e-01,4.113723337650299072e-02,-6.844628602266311646e-02,1.211907863616943359e-01,-2.165431901812553406e-02,9.631996601819992065e-02,5.309480428695678711e-02,-1.422040760517120361e-01,9.205244481563568115e-02,9.409999102354049683e-02,1.279760748147964478e-01,9.119986742734909058e-02,-2.551133185625076294e-02,6.960854679346084595e-02,-1.439510472118854523e-02,6.346096098423004150e-02,1.387602537870407104e-01,8.761012554168701172e-02,3.290346860885620117e-01,1.134029850363731384e-01,2.125601172447204590e-01,3.180820029228925705e-03,6.868964433670043945e-02,-1.567002683877944946e-01,4.933345317840576172e-01,1.963976919651031494e-01,2.893397212028503418e-01,1.319651752710342407e-01,7.813237607479095459e-02,1.550104767084121704e-01,4.073888063430786133e-02,6.832779943943023682e-02,1.217272207140922546e-01,1.257216483354568481e-01,1.051163077354431152e-01,2.773497626185417175e-02,2.477064728736877441e-01,2.015208750963211060e-01,9.411402791738510132e-02,1.622093655169010162e-02,1.413307990878820419e-02,-6.221395358443260193e-02,5.325329676270484924e-02,-6.649482995271682739e-02,3.574302792549133301e-01,7.400168478488922119e-02,9.971018135547637939e-02,7.796578854322433472e-02,2.356881052255630493e-01,8.965872973203659058e-02,-3.361417949199676514e-01,-3.562698140740394592e-02,5.211514607071876526e-02,8.013805001974105835e-02,-6.275655329227447510e-02,-7.913596183061599731e-02,-8.166460692882537842e-02,-4.370972514152526855e-02,-1.948833465576171875e-01,-8.938842266798019409e-02,-1.874308735132217407e-01,-8.559922128915786743e-02,-2.022056877613067627e-01,-1.748205125331878662e-01,-1.161167472600936890e-01,-3.621941432356834412e-02,-1.208980008959770203e-01,-1.213242858648300171e-01,5.059133470058441162e-02,-2.456738986074924469e-02,-5.205430462956428528e-02,-1.316535621881484985e-01,-1.155971363186836243e-01,-1.821069605648517609e-02,-2.596974186599254608e-02,-1.749055683612823486e-01
1.729971021413803101e-01,1.736694723367691040e-01,3.192164003849029541e-01,1.000000000000000000e+00,1.327707618474960327e-01,1.601016819477081299e-01,2.859700322151184082e-01,6.310163140296936035e-01,2.900248020887374878e-02,1.207624450325965881e-01,8.972293883562088013e-02,-2.097214385867118835e-02,1.529095619916915894e-01,2.056414783000946045e-01,6.156234815716743469e-02,1.705645322799682617e-01,-4.175196960568428040e-02,-1.891873776912689209e-02,1.028320491313934326e-01,3.133531510829925537e-01,2.407793849706649780e-01,8.647476136684417725e-02,3.513890504837036133e-01,6.180731654167175293e-01,1.262958943843841553e-01,1.827931255102157593e-01,1.100004315376281738e-01,1.184088289737701416e-01,1.575280427932739258e-01,2.214636281132698059e-02,2.648552954196929932e-01,4.050583243370056152e-01,2.064270377159118652e-01,3.819188475608825684e-01,1.451411545276641846e-01,1.045876219868659973e-01,6.962519139051437378e-02,3.132114885374903679e-03,1.622737646102905273e-01,2.929863929748535156e-01,-5.918202176690101624e-02,7.403849065303802490e-02,4.422614350914955139e-02,3.259744346141815186e-01,2.297309972345829010e-02,2.834058105945587158e-01,7.697314023971557617e-02,2.895602583885192871e-02,2.593010962009429932e-01,3.470065593719482422e-01,2.716209888458251953e-01,3.862815797328948975e-01,3.839211165904998779e-02,1.432803720235824585e-01,1.101491823792457581e-01,1.667508631944656372e-01,-4.811746254563331604e-02,6.884196400642395020e-02,3.864524960517883301e-01,4.198113381862640381e-01,3.317835927009582520e-01,3.826749026775360107e-01,9.141278266906738281e-02,4.969592392444610596e-02,2.545341253280639648e-01,6.107417941093444824e-01,4.602265655994415283e-01,5.506899952888488770e-01,-6.246135383844375610e-02,9.763715416193008423e-02,-4.663007706403732300e-02,2.571162208914756775e-02,1.773900538682937622e-01,2.430177479982376099e-01,1.763287931680679321e-01,1.283304542303085327e-01,2.553923428058624268e-02,9.700120240449905396e-02,3.031915426254272461e-02,-5.339239165186882019e-02,1.368684880435466766e-02,1.047227755188941956e-01,-1.688025146722793579e-01,-2.090550260618329048e-03,5.028959736227989197e-02,3.198548257350921631e-01,5.647369846701622009e-02,1.400433480739593506e-01,1.989828050136566162e-01,3.191895782947540283e-01,-2.510450184345245361e-01,-1.713656634092330933e-01,7.020611315965652466e-02,-9.939114004373550415e-02,7.621644181199371815e-04,-5.940267443656921387e-02,-8.539934456348419189e-02,1.560426950454711914e-01,-4.049520567059516907e-02,1.980374008417129517e-02,-5.318364873528480530e-02,-2.027907669544219971e-01,-2.358448207378387451e-01,-2.101901322603225708e-01,-1.501852571964263916e-01,-7.385974377393722534e-02,-1.346625536680221558e-01,-1.397272348403930664e-01,1.084280610084533691e-01,-5.062656104564666748e-02,1.235265806317329407e-01,-2.537889964878559113e-02,8.188974112272262573e-03,-8.950898796319961548e-02,-6.650804542005062103e-03,-1.478892862796783447e-01
1.345834583044052124e-01,5.200687050819396973e-02,1.993207484483718872e-01,1.327707618474960327e-01,1.000000000000000000e+00,6.455389261245727539e-01,1.012421175837516785e-01,3.913225606083869934e-02,6.151731610298156738e-01,5.431404113769531250e-01,-2.603712491691112518e-02,3.238139301538467407e-02,1.155763864517211914e-02,5.167936533689498901e-02,4.932695329189300537e-01,5.113748908042907715e-01,9.213484078645706177e-02,5.637711286544799805e-02,1.551592797040939331e-01,1.014767661690711975e-01,8.400478214025497437e-02,3.498502671718597412e-01,3.542731702327728271e-01,1.777373999357223511e-01,6.586134433746337891e-01,5.900086164474487305e-01,6.301015615463256836e-01,5.690168142318725586e-01,5.940073751844465733e-04,2.966500818729400635e-01,2.110359370708465576e-01,2.897886931896209717e-01,1.736796051263809204e-01,1.959641724824905396e-01,1.129555255174636841e-01,1.423314213752746582e-01,1.254925429821014404e-01,2.582169175148010254e-01,2.082473039627075195e-02,4.978409409523010254e-02,-3.469702973961830139e-02,4.582349359989166260e-01,5.705733597278594971e-02,4.348918423056602478e-02,1.866825520992279053e-01,2.210660874843597412e-01,-8.247001469135284424e-02,-1.934769749641418457e-02,2.497862577438354492e-01,2.105461508035659790e-01,9.744270145893096924e-02,3.958614915609359741e-02,1.512533053755760193e-02,4.684875905513763428e-02,3.567423671483993530e-02,2.250269353389739990e-01,1.535493284463882446e-01,8.558773249387741089e-02,2.907586693763732910e-01,1.851058304309844971e-01,1.784166544675827026e-01,8.411486446857452393e-02,1.669540554285049438e-01,-6.713243573904037476e-02,2.553815245628356934e-01,8.242703974246978760e-02,3.253841996192932129e-01,1.921519637107849121e-01,1.779555678367614746e-01,2.804326117038726807e-01,-1.633446477353572845e-02,4.592284560203552246e-02,-2.230844646692276001e-02,2.865669131278991699e-01,5.837133154273033142e-02,-1.448486279696226120e-02,4.888001084327697754e-02,1.201826632022857666e-01,1.436065584421157837e-01,1.876170337200164795e-01,8.740239590406417847e-02,1.872510313987731934e-01,1.306783556938171387e-01,4.212000668048858643e-01,8.116294443607330322e-02,1.134432405233383179e-01,2.179761826992034912e-01,2.165604829788208008e-01,1.829821318387985229e-01,2.889660894870758057e-01,-4.192460328340530396e-03,1.675655394792556763e-01,1.560233533382415771e-01,-4.123086854815483093e-02,2.223800309002399445e-02,1.570552587509155273e-01,-4.247789829969406128e-02,4.675699397921562195e-02,3.076632507145404816e-02,1.110449284315109253e-01,-9.635861963033676147e-02,-1.231319159269332886e-01,-5.120510607957839966e-02,-5.556593835353851318e-02,7.407798618078231812e-02,1.093384250998497009e-01,3.068301267921924591e-02,3.195606917142868042e-02,-8.171869069337844849e-02,-4.984069243073463440e-02,5.413549952208995819e-03,1.218321099877357483e-01,-1.633183099329471588e-02,-6.353342533111572266e-02,-3.881034627556800842e-02,-3.334774821996688843e-02
7.012281566858291626e-02,1.459895521402359009e-01,1.608216017484664917e-02,1.601016819477081299e-01,6.455389261245727539e-01,1.000000000000000000e+00,-2.765759825706481934e-02,1.323668062686920166e-01,4.778339564800262451e-01,6.732255220413208008e-01,-4.395251628011465073e-03,6.630358844995498657e-02,-1.185509338974952698e-01,9.294417500495910645e-02,3.869183659553527832e-01,6.799060106277465820e-01,1.388827264308929443e-01,9.043846279382705688e-02,1.259196698665618896e-01,1.458460390567779541e-01,1.043872907757759094e-01,4.815158843994140625e-01,1.937896609306335449e-01,1.477254331111907959e-01,5.958241820335388184e-01,5.920714735984802246e-01,6.198318600654602051e-01,6.336060166358947754e-01,6.266710162162780762e-02,3.386758565902709961e-01,2.051921784877777100e-01,3.005675375461578369e-01,1.535803824663162231e-01,1.966301798820495605e-01,1.310653835535049438e-01,1.210298985242843628e-01,1.968365162611007690e-01,3.003973662853240967e-01,-5.947099626064300537e-02,1.072164401412010193e-01,-7.776270061731338501e-02,6.070994734764099121e-01,4.415836930274963379e-02,2.010453119874000549e-02,1.667976081371307373e-01,1.366084814071655273e-01,3.664651513099670410e-02,-6.665516644716262817e-03,2.085839509963989258e-01,1.399982571601867676e-01,5.115465819835662842e-02,8.039571344852447510e-02,5.729465186595916748e-02,1.801942735910415649e-01,1.316836774349212646e-01,3.193532228469848633e-01,1.114982515573501587e-01,1.097002401947975159e-01,2.752091288566589355e-01,3.127705156803131104e-01,1.721663773059844971e-01,2.147219926118850708e-01,4.221013188362121582e-02,1.382390260696411133e-01,-2.583672525361180305e-03,2.127874791622161865e-01,3.079198002815246582e-01,2.082611024379730225e-01,2.234247177839279175e-01,2.497699260711669922e-01,-2.667370438575744629e-02,1.999963447451591492e-02,2.205055207014083862e-02,3.114426732063293457e-01,1.159251853823661804e-01,6.704223155975341797e-02,6.979605555534362793e-02,4.746925830841064453e-02,7.665592432022094727e-02,4.471464827656745911e-02,2.478844858705997467e-02,2.653174698352813721e-01,-2.084031701087951660e-02,5.172104239463806152e-01,-7.736612111330032349e-02,1.987505853176116943e-01,2.726772427558898926e-01,2.918942868709564209e-01,1.805988103151321411e-01,4.434918463230133057e-01,4.702818114310503006e-03,2.442626059055328369e-01,2.032838612794876099e-01,4.900706186890602112e-02,8.759190095588564873e-04,1.102470457553863525e-01,-4.361671209335327148e-02,1.048073768615722656e-01,1.088617369532585144e-01,2.661313414573669434e-01,1.734187826514244080e-02,-3.739450871944427490e-02,7.533481810241937637e-03,5.577030777931213379e-02,2.491406165063381195e-02,1.485240161418914795e-01,-5.085859447717666626e-02,8.408391475677490234e-02,2.172126807272434235e-02,6.917641032487154007e-03,-9.407149627804756165e-03,2.361643165349960327e-01,6.796291470527648926e-02,-3.533186018466949463e-02,6.921046879142522812e-03,-2.923147380352020264e-02
4.111410081386566162e-01,-2.644283883273601532e-02,6.540374159812927246e-01,2.859700322151184082e-01,1.012421175837516785e-01,-2.765759825706481934e-02,1.000000000000000000e+00,2.254283428192138672e-01,2.671929001808166504e-01,-1.860946416854858398e-02,1.610494256019592285e-01,-1.328790187835693359e-01,3.938447237014770508e-01,-2.646340755745768547e-03,1.879082024097442627e-01,2.617584727704524994e-02,-1.031752396374940872e-02,-1.029038801789283752e-01,3.061486482620239258e-01,1.655914783477783203e-01,8.992867171764373779e-02,-5.997416004538536072e-02,4.233011007308959961e-01,3.589652776718139648e-01,1.155192479491233826e-01,6.765732169151306152e-02,4.512975364923477173e-02,3.159394860267639160e-02,4.144861549139022827e-02,3.862236812710762024e-02,3.196297585964202881e-01,2.327258139848709106e-01,3.174579739570617676e-01,1.831376105546951294e-01,-1.850737631320953369e-02,-9.246208518743515015e-02,-2.681106328964233398e-02,-1.977808400988578796e-02,1.656681895256042480e-01,6.358717381954193115e-02,1.321530193090438843e-01,2.224391326308250427e-02,-7.816468924283981323e-02,8.749821782112121582e-02,4.824982956051826477e-02,1.561935395002365112e-01,-1.290739607065916061e-02,-1.627442389726638794e-01,1.686935424804687500e-01,1.534567475318908691e-01,1.800368130207061768e-01,7.691913098096847534e-02,-4.567382112145423889e-02,-8.074037730693817139e-02,-4.575189203023910522e-02,-1.689490862190723419e-02,9.770583361387252808e-02,3.342822566628456116e-02,2.753647863864898682e-01,1.082870736718177795e-01,2.910194694995880127e-01,1.383198052644729614e-01,1.203530803322792053e-01,-5.297163128852844238e-02,4.618222415447235107e-01,2.019676566123962402e-01,2.974378466606140137e-01,1.233594715595245361e-01,2.657890319824218750e-02,9.767477214336395264e-02,4.131919890642166138e-02,3.612328693270683289e-02,3.660253062844276428e-02,2.275094203650951385e-02,4.293105006217956543e-02,-4.948348179459571838e-02,2.110540568828582764e-01,1.974758058786392212e-01,2.836967445909976959e-02,-5.310160294175148010e-02,1.790113374590873718e-02,-7.093263417482376099e-02,3.728443011641502380e-02,-5.627036094665527344e-02,2.678456902503967285e-01,6.205932586453855038e-04,-1.581919938325881958e-02,-3.729340434074401855e-02,1.711071878671646118e-01,-6.843811273574829102e-02,-3.045568764209747314e-01,-1.044657677412033081e-01,3.307183831930160522e-02,-1.390582416206598282e-02,-8.232044056057929993e-03,-2.834653854370117188e-02,-7.375358603894710541e-03,-8.052304387092590332e-02,-1.589816361665725708e-01,-1.149930879473686218e-01,-6.337460875511169434e-02,-5.526095256209373474e-02,-1.200523599982261658e-01,-1.451135277748107910e-01,-2.601375617086887360e-02,-8.314219862222671509e-02,-5.931936949491500854e-02,-6.978325545787811279e-02,-2.577525749802589417e-02,3.594627138227224350e-03,-8.574222773313522339e-02,-2.271577417850494385e-01,-1.698942482471466064e-01,-1.063287444412708282e-02,-1.394155551679432392e-03,-1.908755898475646973e-01
2.452563792467117310e-01,3.266706466674804688e-01,1.057649329304695129e-01,6.310163140296936035e-01,3.913225606083869934e-02,1.323668062686920166e-01,2.254283428192138672e-01,1.000000000000000000e+00,8.398881554603576660e-02,1.161929368972778320e-01,1.784126609563827515e-01,2.170454412698745728e-01,2.585417628288269043e-01,4.220685958862304688e-01,-1.565911248326301575e-02,1.239014938473701477e-01,1.512096356600522995e-02,5.657158792018890381e-02,4.448472708463668823e-02,3.459382951259613037e-01,8.125079423189163208e-02,-7.763843983411788940e-02,5.389452353119850159e-02,3.212815821170806885e-01,-3.522807732224464417e-02,3.287746384739875793e-02,-3.905466198921203613e-02,-2.327740751206874847e-02,1.025440096855163574e-01,5.478082597255706787e-02,1.493868827819824219e-01,2.529557943344116211e-01,2.789603173732757568e-01,3.477479219436645508e-01,4.184617847204208374e-02,2.015473879873752594e-02,-3.360783308744430542e-02,-3.140848502516746521e-02,1.436389982700347900e-01,2.190932929515838623e-01,-1.128127574920654297e-01,1.352785434573888779e-02,-4.434148594737052917e-02,2.127363681793212891e-01,-2.258804999291896820e-02,2.286023497581481934e-01,4.852462932467460632e-02,-6.026720628142356873e-02,2.039970159530639648e-01,2.828799486160278320e-01,1.834092587232589722e-01,3.013813495635986328e-01,8.849993348121643066e-02,1.158611029386520386e-01,1.251100003719329834e-01,1.053252071142196655e-01,8.555898442864418030e-03,5.503989383578300476e-02,3.350872397422790527e-01,4.472771883010864258e-01,4.510877430438995361e-01,4.219439923763275146e-01,2.030724436044692993e-01,1.397915184497833252e-01,1.090978085994720459e-01,3.983199596405029297e-01,3.279293477535247803e-01,3.976103067398071289e-01,-3.342891857028007507e-02,1.039605215191841125e-01,-1.295882612466812134e-01,-9.664668142795562744e-02,5.092039704322814941e-02,1.395737826824188232e-01,6.391024589538574219e-02,5.629999935626983643e-02,-5.169720575213432312e-02,8.528480678796768188e-02,1.766910217702388763e-02,-4.163746908307075500e-02,1.394413970410823822e-02,1.391491442918777466e-01,-1.896327733993530273e-01,5.945084150880575180e-03,-8.642376214265823364e-02,2.105165421962738037e-01,-2.942119911313056946e-02,7.001243531703948975e-02,2.004867196083068848e-01,2.171401083469390869e-01,-1.688217818737030029e-01,-2.482266277074813843e-01,-8.616541512310504913e-03,-1.769330948591232300e-01,4.506014287471771240e-02,2.240779809653759003e-03,2.491577342152595520e-02,1.028787493705749512e-01,1.018717810511589050e-01,8.949930779635906219e-03,7.121019810438156128e-02,-1.230583265423774719e-01,-5.979350209236145020e-02,-7.740423083305358887e-02,-8.312761038541793823e-02,-1.473196744918823242e-01,-1.272230297327041626e-01,-1.090600565075874329e-01,1.237339004874229431e-01,6.944023072719573975e-02,1.649329089559614658e-03,-8.149429410696029663e-02,-5.100089684128761292e-02,-7.377555966377258301e-02,-2.948115766048431396e-02,-1.493819952011108398e-01
1.798746585845947266e-01,-6.439389288425445557e-02,2.716817855834960938e-01,2.900248020887374878e-02,6.151731610298156738e-01,4.778339564800262451e-01,2.671929001808166504e-01,8.398881554603576660e-02,1.000000000000000000e+00,5.166152119636535645e-01,1.036879047751426697e-01,-1.416678074747323990e-02,1.487980782985687256e-01,3.839626908302307129e-02,5.813159346580505371e-01,4.700861871242523193e-01,8.204645663499832153e-02,7.081606891006231308e-03,2.129421979188919067e-01,5.116992071270942688e-02,4.778037965297698975e-02,1.790092140436172485e-01,2.845103144645690918e-01,1.115192472934722900e-01,5.320570468902587891e-01,4.334133267402648926e-01,5.084325671195983887e-01,4.942541718482971191e-01,-1.056057512760162354e-01,1.928682178258895874e-01,2.104820162057876587e-01,2.042338103055953979e-01,1.100928932428359985e-01,1.087592840194702148e-01,3.759918361902236938e-02,9.164478629827499390e-02,-1.009671092033386230e-01,2.274113595485687256e-01,5.979628767818212509e-03,3.371121361851692200e-02,-7.463049143552780151e-02,3.259256780147552490e-01,-8.078658580780029297e-02,-2.543813362717628479e-02,7.778371125459671021e-02,1.250032335519790649e-01,-1.053722668439149857e-02,-7.386365532875061035e-02,1.105467379093170166e-01,6.656381487846374512e-02,6.262536346912384033e-02,-3.978538140654563904e-02,6.991071254014968872e-02,6.865381263196468353e-03,5.095703899860382080e-02,1.730914264917373657e-01,1.743706613779067993e-01,-5.157885327935218811e-02,1.839320212602615356e-01,4.670499637722969055e-02,1.895802617073059082e-01,-2.670365199446678162e-02,1.273982822895050049e-01,-1.736138463020324707e-01,2.507127523422241211e-01,-2.381827495992183685e-02,1.673154830932617188e-01,6.554218381643295288e-02,1.446885466575622559e-01,2.426000088453292847e-01,1.534083019942045212e-02,-1.479526422917842865e-02,-1.336594074964523315e-01,1.641280800104141235e-01,-4.286221787333488464e-02,-6.566322594881057739e-02,2.046056836843490601e-01,2.655781805515289307e-01,7.300393283367156982e-02,4.549488052725791931e-02,8.459542691707611084e-02,8.971438556909561157e-02,2.715905308723449707e-01,3.771704733371734619e-01,1.280231326818466187e-01,6.581954658031463623e-02,2.550726830959320068e-01,1.951140910387039185e-01,3.193779885768890381e-01,2.034074217081069946e-01,-3.142703697085380554e-02,1.824531406164169312e-01,1.320299059152603149e-01,2.616601123008877039e-04,-4.399011377245187759e-03,1.786148697137832642e-01,1.015883013606071472e-01,6.816258281469345093e-02,6.559190899133682251e-02,1.468281596899032593e-01,-8.027394860982894897e-02,-7.148630172014236450e-02,-3.380512446165084839e-02,-4.742046445608139038e-02,-2.112535201013088226e-02,2.438901457935571671e-03,-6.819866597652435303e-02,2.412939630448818207e-02,-3.251657634973526001e-02,1.958158314228057861e-01,6.956615950912237167e-03,5.570580437779426575e-02,-8.231491595506668091e-02,1.451150141656398773e-02,-4.529957100749015808e-02,-8.340083807706832886e-02
-9.414371103048324585e-02,-1.640022732317447662e-02,-1.166480034589767456e-02,1.207624450325965881e-01,5.431404113769531250e-01,6.732255220413208008e-01,-1.860946416854858398e-02,1.161929368972778320e-01,5.166152119636535645e-01,1.000000000000000000e+00,3.290259465575218201e-02,7.817738503217697144e-02,-6.275481730699539185e-02,6.820792704820632935e-02,4.642270803451538086e-01,7.174222469329833984e-01,5.583258345723152161e-02,1.148488819599151611e-01,4.849991947412490845e-02,-1.866665296256542206e-02,1.580295115709304810e-01,3.635373115539550781e-01,2.041154056787490845e-01,1.658396124839782715e-01,6.266762018203735352e-01,6.179345250129699707e-01,4.741415977478027344e-01,4.867782890796661377e-01,-2.744153328239917755e-02,2.624049484729766846e-01,1.904875040054321289e-01,3.164402246475219727e-01,3.607556596398353577e-02,1.433291137218475342e-01,8.783517777919769287e-02,1.076239943504333496e-01,1.095106080174446106e-01,3.461348712444305420e-01,-9.818959236145019531e-02,1.303182840347290039e-01,-1.499499231576919556e-01,3.652226030826568604e-01,3.572960197925567627e-02,-2.865147218108177185e-02,1.847602725028991699e-01,1.070373728871345520e-01,1.779951900243759155e-02,8.476539514958858490e-03,1.140225604176521301e-01,5.228011682629585266e-02,4.083978384733200073e-02,7.676924020051956177e-02,-2.094997838139533997e-02,8.067380636930465698e-02,-2.139391750097274780e-02,3.382988870143890381e-01,-3.565841540694236755e-02,-5.126565322279930115e-02,4.494784772396087646e-02,1.012880504131317139e-01,2.720991708338260651e-02,4.325550794601440430e-02,8.101613260805606842e-03,2.213435433804988861e-02,3.329056873917579651e-02,1.281503885984420776e-01,1.874457448720932007e-01,1.522472202777862549e-01,1.051304340362548828e-01,1.215823590755462646e-01,6.642645597457885742e-02,1.403026878833770752e-01,-4.044397547841072083e-02,1.663536280393600464e-01,4.474009945988655090e-02,9.333866089582443237e-02,1.229628697037696838e-01,2.155845314264297485e-01,1.929484307765960693e-02,2.759658358991146088e-02,-1.562894554808735847e-03,2.036862969398498535e-01,2.015623748302459717e-01,4.691863358020782471e-01,8.136563748121261597e-02,2.605271339416503906e-01,2.957786619663238525e-01,2.864702641963958740e-01,1.629238426685333252e-01,4.444985687732696533e-01,2.036311104893684387e-02,3.069169223308563232e-01,2.485048025846481323e-01,4.699234664440155029e-02,4.782794788479804993e-02,2.205519676208496094e-01,8.605446666479110718e-02,1.890583336353302002e-01,8.528709411621093750e-02,2.705397307872772217e-01,3.170054033398628235e-02,-7.436655461788177490e-02,2.826326526701450348e-02,-4.155065491795539856e-02,1.012009568512439728e-02,9.167724102735519409e-02,-6.654322147369384766e-02,7.287333160638809204e-02,3.816435858607292175e-02,1.820691972970962524e-01,8.955458551645278931e-02,1.198582425713539124e-01,-2.199679799377918243e-02,1.532488036900758743e-03,8.881416916847229004e-02,3.038009256124496460e-02
3.552730679512023926e-01,2.071931064128875732e-01,1.299126148223876953e-01,8.972293883562088013e-02,-2.603712491691112518e-02,-4.395251628011465073e-03,1.610494256019592285e-01,1.784126609563827515e-01,1.036879047751426697e-01,3.290259465575218201e-02,1.000000000000000000e+00,3.259575664997100830e-01,5.069779157638549805e-01,3.426271677017211914e-01,2.310615926980972290e-01,6.646444648504257202e-02,4.858284890651702881e-01,1.895228773355484009e-01,2.573285698890686035e-01,1.284644305706024170e-01,-1.888529048301279545e-03,-7.480138912796974182e-03,9.722656011581420898e-02,1.097758933901786804e-01,-4.757451638579368591e-02,-1.059833541512489319e-02,-9.176324307918548584e-02,-4.655043408274650574e-02,3.425498902797698975e-01,6.181073188781738281e-02,1.634483188390731812e-01,1.541400104761123657e-01,2.254040688276290894e-01,1.711046099662780762e-01,1.742653995752334595e-01,1.275468617677688599e-01,5.442086234688758850e-02,5.770997330546379089e-02,7.186426967382431030e-02,1.622985154390335083e-01,9.250345081090927124e-02,-1.197891775518655777e-02,-2.955896034836769104e-02,2.119755893945693970e-01,1.638804525136947632e-01,2.446304708719253540e-01,6.441909819841384888e-02,-1.452463027089834213e-02,1.137731298804283142e-01,2.000965327024459839e-01,2.329702973365783691e-01,3.573986589908599854e-01,1.603922545909881592e-01,1.675437837839126587e-01,7.828400284051895142e-02,1.130168884992599487e-01,2.309149950742721558e-01,1.711964756250381470e-01,1.841527968645095825e-01,1.324749141931533813e-01,2.914773821830749512e-01,2.585905790328979492e-02,1.292035430669784546e-01,1.865415126085281372e-01,3.081581555306911469e-02,2.070564031600952148e-01,2.067698389291763306e-01,1.637330353260040283e-01,1.279210597276687622e-01,1.516332328319549561e-01,1.317992508411407471e-01,1.017528921365737915e-01,3.274651467800140381e-01,1.841902285814285278e-01,2.443798482418060303e-01,2.463578581809997559e-01,2.381587475538253784e-01,1.578237116336822510e-01,1.330041289329528809e-01,-5.796202272176742554e-02,1.563896089792251587e-01,1.554165482521057129e-01,1.177086979150772095e-01,2.798184379935264587e-02,2.871772646903991699e-01,4.091080129146575928e-01,9.301634132862091064e-02,1.422973275184631348e-01,1.611781120300292969e-01,1.296224445104598999e-01,-1.247530728578567505e-01,4.382516443729400635e-02,1.355773359537124634e-01,1.036114767193794250e-01,4.679174721240997314e-02,-1.320024859160184860e-02,1.569702625274658203e-01,1.089428290724754333e-01,5.414263531565666199e-02,1.369516402482986450e-01,2.703909575939178467e-02,1.987101696431636810e-02,1.491818875074386597e-01,1.020758673548698425e-01,4.045356437563896179e-02,1.004628315567970276e-01,4.106227681040763855e-02,-3.677426651120185852e-02,-2.500832639634609222e-02,1.967887729406356812e-01,1.084709241986274719e-01,-4.472343251109123230e-02,3.072579763829708099e-02,1.047407388687133789e-01,2.018409520387649536e-01,-1.969194114208221436e-01
1.679777950048446655e-01,4.393866360187530518e-01,-2.511812746524810791e-01,-2.097214385867118835e-02,3.238139301538467407e-02,6.630358844995498657e-02,-1.328790187835693359e-01,2.170454412698745728e-01,-1.416678074747323990e-02,7.817738503217697144e-02,3.259575664997100830e-01,1.000000000000000000e+00,1.711506396532058716e-01,6.178234219551086426e-01,-4.254455119371414185e-02,9.253907948732376099e-02,3.591139018535614014e-01,5.030312538146972656e-01,6.540139019489288330e-02,2.405295968055725098e-01,-1.094285473227500916e-01,-7.504602521657943726e-02,-1.763450801372528076e-01,-9.645801037549972534e-02,-2.976283803582191467e-02,-9.906653314828872681e-03,-1.255515366792678833e-01,-1.215993314981460571e-01,2.127046436071395874e-01,2.038989812135696411e-01,-2.243410795927047729e-02,2.597740665078163147e-02,3.011877536773681641e-01,2.177547663450241089e-01,1.175436526536941528e-01,3.919731080532073975e-02,1.775489300489425659e-01,1.088830456137657166e-01,1.384106576442718506e-01,1.369575113058090210e-01,-2.710647135972976685e-02,8.738029748201370239e-02,8.100129663944244385e-02,1.564087867736816406e-01,1.331031620502471924e-01,2.095935642719268799e-01,-3.386542201042175293e-02,1.196352019906044006e-02,2.506509982049465179e-02,1.665541976690292358e-01,1.131877750158309937e-01,2.145438045263290405e-01,1.125836968421936035e-01,1.371746957302093506e-01,1.061596944928169250e-01,1.146486848592758179e-01,1.809277534484863281e-01,2.713844478130340576e-01,-2.608944103121757507e-02,7.711091637611389160e-02,1.157165616750717163e-01,2.248392701148986816e-01,3.477042615413665771e-01,4.016796946525573730e-01,-5.410812050104141235e-02,1.643841154873371124e-02,1.239484101533889771e-01,9.216359257698059082e-02,1.803217977285385132e-01,1.868949979543685913e-01,-9.773546457290649414e-02,1.107211597263813019e-02,4.045121371746063232e-02,1.051780581474304199e-01,3.849535435438156128e-02,6.235878542065620422e-02,3.136167675256729126e-02,1.179948374629020691e-01,3.598129004240036011e-02,1.543195545673370361e-01,1.070593446493148804e-01,3.467362821102142334e-01,1.513429358601570129e-02,2.274110019207000732e-01,2.690131776034832001e-02,2.240995913743972778e-01,-5.156242474913597107e-02,1.179088056087493896e-01,-8.736479282379150391e-02,5.980715528130531311e-02,3.724545612931251526e-02,2.362741343677043915e-02,-7.332034409046173096e-02,-1.672361940145492554e-01,1.240732520818710327e-01,1.007990315556526184e-01,2.093394696712493896e-01,1.064232885837554932e-01,2.674967646598815918e-01,1.357719749212265015e-01,4.200723394751548767e-02,-1.459268927574157715e-01,1.451179385185241699e-01,4.614175762981176376e-03,9.711764007806777954e-02,-6.142145022749900818e-02,5.115764588117599487e-02,-2.797654829919338226e-02,-1.610143929719924927e-01,1.135489121079444885e-01,3.959404304623603821e-02,9.282490611076354980e-02,2.918094210326671600e-02,-9.780073910951614380e-02,-1.969991810619831085e-02,-1.125261187553405762e-01
4.084846079349517822e-01,1.056213080883026123e-01,2.988422513008117676e-01,1.529095619916915894e-01,1.155763864517211914e-02,-1.185509338974952698e-01,3.938447237014770508e-01,2.585417628288269043e-01,1.487980782985687256e-01,-6.275481730699539185e-02,5.069779157638549805e-01,1.711506396532058716e-01,1.000000000000000000e+00,3.666542768478393555e-01,2.168031632900238037e-01,-9.178717434406280518e-02,2.034589797258377075e-01,9.412661939859390259e-02,2.099979966878890991e-01,1.241045296192169189e-01,2.017633803188800812e-02,-1.334069669246673584e-01,1.005756855010986328e-01,1.377053260803222656e-01,-6.722409278154373169e-02,-1.580122113227844238e-02,-2.049523591995239258e-01,-1.948007196187973022e-01,2.298755645751953125e-01,-2.524719759821891785e-02,1.037470623850822449e-01,6.562157720327377319e-02,2.784856259822845459e-01,1.790386289358139038e-01,-3.515550494194030762e-02,-2.318402566015720367e-02,1.311570173129439354e-03,-2.506464347243309021e-02,1.637784689664840698e-01,1.179033443331718445e-01,4.535735771059989929e-02,-1.363813430070877075e-01,-8.465128391981124878e-02,1.890824437141418457e-01,4.858782514929771423e-03,1.504503637552261353e-01,-7.342169433832168579e-02,-6.993097811937332153e-02,9.625376015901565552e-02,1.401746124029159546e-01,8.571635186672210693e-02,1.207407116889953613e-01,3.265814855694770813e-02,-7.649441063404083252e-02,-1.143883261829614639e-02,5.142673762748017907e-05,1.356029361486434937e-01,7.211540639400482178e-02,2.430149316787719727e-01,8.941046148538589478e-02,3.357323408126831055e-01,1.189704015851020813e-01,2.143925726413726807e-01,-1.846254244446754456e-02,1.388791948556900024e-01,2.105495706200599670e-02,1.473498642444610596e-01,6.339991837739944458e-02,4.692604392766952515e-02,1.092342883348464966e-01,7.477860897779464722e-02,4.518979042768478394e-02,2.221408337354660034e-01,8.809031546115875244e-02,2.181110531091690063e-01,7.491457462310791016e-02,1.376358270645141602e-01,1.767394244670867920e-01,3.623837605118751526e-02,-2.448132634162902832e-02,2.148004174232482910e-01,2.419974841177463531e-02,9.124724566936492920e-02,-1.348556578159332275e-01,2.435502707958221436e-01,2.025402933359146118e-01,-1.270995736122131348e-01,-9.112588129937648773e-03,1.630900204181671143e-01,-1.157934870570898056e-02,-1.714344322681427002e-01,-1.255675256252288818e-01,2.739978581666946411e-02,-7.781368494033813477e-02,-1.682498864829540253e-02,-7.146499119699001312e-03,1.057428419589996338e-01,-2.151345461606979370e-02,-3.085689619183540344e-02,-3.603025153279304504e-02,-1.132304221391677856e-02,-3.929059207439422607e-02,6.373183429241180420e-02,-2.122223610058426857e-03,4.768304526805877686e-02,-7.040265947580337524e-02,-3.537546470761299133e-02,-1.366225630044937134e-01,7.920060306787490845e-03,1.580361574888229370e-01,-1.900995150208473206e-02,-1.605122238397598267e-01,-1.126964613795280457e-01,-5.654312670230865479e-03,2.071578241884708405e-02,-2.160250544548034668e-01
