1.000000000000000000e+00,4.393564164638519287e-01,2.354576438665390015e-01,3.183825016021728516e-01,-7.453826069831848145e-02,-1.674368679523468018e-01,3.013511300086975098e-01,3.650206625461578369e-01,-2.674486339092254639e-01,-2.257303446531295776e-01,1.601372957229614258e-01,3.698644042015075684e-01,-5.500111356377601624e-02,2.310025990009307861e-01,-3.800584077835083008e-01,-2.746987044811248779e-01,2.377073913812637329e-01,2.034058421850204468e-01,-1.363320648670196533e-01,4.045233130455017090e-02,-2.133764624595642090e-01,-1.037972643971443176e-01,2.776765227317810059e-01,2.405581623315811157e-01,-1.216103583574295044e-01,-1.704624891281127930e-01,1.059808507561683655e-01,1.380520164966583252e-01,7.196680456399917603e-02,8.286989480257034302e-02,9.385106712579727173e-02,1.974885165691375732e-01,3.022495508193969727e-01,3.180163800716400146e-01,1.485514640808105469e-01,1.341040898114442825e-02,-6.230775266885757446e-02,6.586285680532455444e-02,9.993594884872436523e-02,5.863647162914276123e-02,2.413521893322467804e-02,-3.975565050495788455e-05,3.933703526854515076e-03,3.517615199089050293e-01,7.860847562551498413e-02,3.037984967231750488e-01,8.346820622682571411e-02,1.557592302560806274e-01,3.783885240554809570e-01,3.914899528026580811e-01,3.637857735157012939e-01,3.928962349891662598e-01,1.174668446183204651e-01,4.937269911170005798e-02,7.370957732200622559e-02,1.755439788103103638e-01,6.019512414932250977e-01,4.182911515235900879e-01,3.227789998054504395e-01,3.182703554630279541e-01,2.784310281276702881e-01,3.764283657073974609e-01,6.102666854858398438e-01,5.546342134475708008e-01,2.915606796741485596e-01,4.103333652019500732e-01,3.494708240032196045e-01,3.054814934730529785e-01,2.461149990558624268e-01,3.812155425548553467e-01,9.734033048152923584e-02,1.086801961064338684e-01,1.485853269696235657e-02,2.795482426881790161e-02,1.582856327295303345e-01,1.622674018144607544e-01,-2.435658872127532959e-02,1.103355735540390015e-01,2.910360395908355713e-01,3.143914639949798584e-01,1.827901452779769897e-01,2.659566700458526611e-01,-2.144858539104461670e-01,-2.000927031040191650e-01,1.265998184680938721e-01,2.417274564504623413e-01,-9.571316838264465332e-02,-3.532705456018447876e-02,-2.806647121906280518e-01,4.004596173763275146e-02,-2.329111546277999878e-01,-3.759561106562614441e-02,-2.404747158288955688e-01,-2.815482318401336670e-01,-1.846100687980651855e-01,-1.324734985828399658e-01,-4.175556451082229614e-02,-6.426658481359481812e-03,-5.858011543750762939e-02,7.027993351221084595e-02,3.913961350917816162e-02,-1.632204204797744751e-01,7.069625705480575562e-02,-7.760424632579088211e-03,2.261022925376892090e-01,2.422906309366226196e-01,1.268821060657501221e-01,1.855218261480331421e-01,-1.748459935188293457e-01,-7.666622754186391830e-03,2.251838594675064087e-01,1.351038664579391479e-01,-1.270938515663146973e-01,-1.475403308868408203e-01,1.773539781570434570e-01,8.253005892038345337e-02
4.393564164638519287e-01,1.000000000000000000e+00,1.487600058317184448e-01,3.743035495281219482e-01,-2.513124644756317139e-01,-6.265950202941894531e-02,1.064171418547630310e-01,5.482919812202453613e-01,-2.119490057229995728e-01,7.778063416481018066e-02,2.641649246215820312e-01,6.358190178871154785e-01,7.601109892129898071e-02,4.436761736869812012e-01,-2.334536612033843994e-01,-3.679331392049789429e-02,1.785386651754379272e-01,5.227242112159729004e-01,-3.554063290357589722e-02,5.578353255987167358e-02,-1.909321546554565430e-01,-2.467082254588603973e-02,1.594938337802886963e-01,1.588668078184127808e-01,-1.322541087865829468e-01,-8.900720626115798950e-02,-1.462959498167037964e-02,1.698155999183654785e-01,2.731706798076629639e-01,3.348555564880371094e-01,1.904945820569992065e-01,2.891352772712707520e-01,4.806646406650543213e-01,4.848058223724365234e-01,2.816488742828369141e-01,1.745290011167526245e-01,1.999446004629135132e-01,2.883503437042236328e-01,1.331026107072830200e-01,2.784463465213775635e-01,1.113367751240730286e-01,1.222622320055961609e-01,1.635947376489639282e-01,4.834158420562744141e-01,9.158005565404891968e-02,3.236759305000305176e-01,1.710829883813858032e-01,3.108809888362884521e-01,3.280204534530639648e-01,3.194794654846191406e-01,3.199248313903808594e-01,3.116299510002136230e-01,8.032464981079101562e-02,4.341355711221694946e-02,6.019221618771553040e-02,4.379160404205322266e-01,5.510240793228149414e-01,7.395523786544799805e-01,6.208841800689697266e-01,5.682941675186157227e-01,4.273928105831146240e-01,5.928024053573608398e-01,2.224467843770980835e-01,5.567919611930847168e-01,2.320829331874847412e-01,3.341488838195800781e-01,6.286587715148925781e-01,6.649945378303527832e-01,3.235701918601989746e-01,4.861290752887725830e-01,1.873851865530014038e-01,3.048197329044342041e-01,-3.382392926141619682e-03,1.444074064493179321e-01,1.052915751934051514e-01,2.320199459791183472e-01,2.512415647506713867e-01,4.260538816452026367e-01,1.895563155412673950e-01,5.211018919944763184e-01,1.728445887565612793e-01,4.383249878883361816e-01,-2.827160656452178955e-01,2.284793555736541748e-02,2.117503136396408081e-01,5.114666819572448730e-01,-3.532672226428985596e-01,-1.575630158185958862e-01,-1.483970582485198975e-01,2.351269274950027466e-01,-1.352291852235794067e-01,-6.887470185756683350e-02,-1.925665289163589478e-01,-2.653481066226959229e-01,7.245569676160812378e-02,1.514142006635665894e-01,1.991477906703948975e-01,2.853460907936096191e-01,1.142769083380699158e-01,2.626249492168426514e-01,1.331187784671783447e-01,-7.029728591442108154e-02,1.026914268732070923e-01,9.093537181615829468e-02,3.852031528949737549e-01,3.187047541141510010e-01,2.710863649845123291e-01,2.447575479745864868e-01,1.024417672306299210e-02,1.599965989589691162e-01,2.423513978719711304e-01,7.540345191955566406e-02,-1.865133293904364109e-03,1.362017914652824402e-02,3.399889469146728516e-01,2.337607741355895996e-01
2.354576438665390015e-01,1.487600058317184448e-01,1.000000000000000000e+00,5.762185454368591309e-01,-2.544910013675689697e-01,-3.381485342979431152e-01,6.433685421943664551e-01,3.451459109783172607e-01,-4.383062720298767090e-01,-4.549203515052795410e-01,-1.183932200074195862e-01,4.888504371047019958e-02,-9.712347388267517090e-02,4.352338239550590515e-02,-4.594378769397735596e-01,-4.792586863040924072e-01,-8.846966922283172607e-02,-5.887909606099128723e-02,-1.898646503686904907e-01,-7.444281876087188721e-02,-2.242220640182495117e-01,-7.237468659877777100e-02,6.545403003692626953e-01,5.830372571945190430e-01,-1.490219533443450928e-01,-1.679068356752395630e-01,-3.887514024972915649e-02,2.132963202893733978e-02,4.048906639218330383e-02,-5.473624169826507568e-02,4.155983626842498779e-01,3.924481272697448730e-01,1.903147101402282715e-01,3.246160745620727539e-01,3.716370463371276855e-02,-1.899922639131546021e-01,5.294807255268096924e-02,3.989540040493011475e-02,1.257667392492294312e-01,-3.733743354678153992e-02,8.425084501504898071e-02,-6.048757582902908325e-02,6.731233000755310059e-02,3.479488790035247803e-01,2.417552620172500610e-01,3.759305477142333984e-01,2.118138223886489868e-01,2.313679307699203491e-01,3.367607891559600830e-01,3.420242667198181152e-01,2.694336175918579102e-01,2.775377631187438965e-01,1.372340172529220581e-01,1.864953041076660156e-01,2.177454978227615356e-01,-1.098175812512636185e-02,1.317165493965148926e-01,1.633155941963195801e-01,1.530979424715042114e-01,1.553190201520919800e-01,-1.060883700847625732e-01,1.717587411403656006e-01,3.917467892169952393e-01,3.196031749248504639e-01,-4.579341411590576172e-02,9.617621451616287231e-02,1.700943261384963989e-01,2.091017216444015503e-01,-1.704473514109849930e-03,1.892548650503158569e-01,6.191344186663627625e-02,1.035376936197280884e-01,-1.044652611017227173e-01,-1.387106329202651978e-01,1.030706986784934998e-02,-6.594636291265487671e-02,7.597976922988891602e-02,1.177946850657463074e-01,8.464042097330093384e-02,7.608731836080551147e-02,-1.426615566015243530e-01,-2.646919153630733490e-02,-3.806653618812561035e-01,-3.900360763072967529e-01,-1.890341043472290039e-01,-4.405671730637550354e-02,-9.598115831613540649e-02,-3.601055219769477844e-02,-3.340888619422912598e-01,-1.361315250396728516e-01,-1.558649688959121704e-01,-3.406346589326858521e-02,-1.763323545455932617e-01,-1.796206980943679810e-01,-1.793307512998580933e-01,-5.848013982176780701e-02,8.320798166096210480e-03,3.925010934472084045e-02,-1.100272126495838165e-02,-7.075795531272888184e-02,-4.739504307508468628e-03,-1.965865492820739746e-01,7.211460173130035400e-02,-2.197516523301601410e-02,1.464383304119110107e-01,-2.155704051256179810e-02,1.760454662144184113e-02,1.423005945980548859e-02,-9.602255374193191528e-02,4.001662135124206543e-02,2.727598845958709717e-01,1.528231501579284668e-01,-3.617325425148010254e-02,-1.459051668643951416e-01,-1.211743354797363281e-01,-2.010109871625900269e-01
3.183825016021728516e-01,3.743035495281219482e-01,5.762185454368591309e-01,1.000000000000000000e+00,-3.355194628238677979e-01,-2.789517939090728760e-01,4.054117500782012939e-01,6.825819015502929688e-01,-3.737101554870605469e-01,-3.450565636157989502e-01,2.005978524684906006e-01,3.743203580379486084e-01,6.695650517940521240e-02,4.135283231735229492e-01,-3.129096627235412598e-01,-3.024228513240814209e-01,2.297612875699996948e-01,3.031116425991058350e-01,3.389266878366470337e-02,1.198314055800437927e-01,-1.072298660874366760e-01,1.566670536994934082e-01,3.883002400398254395e-01,5.005958080291748047e-01,-1.548104286193847656e-01,-1.083622947335243225e-01,2.602303959429264069e-02,1.466045528650283813e-01,3.115501403808593750e-01,3.029189407825469971e-01,2.833167314529418945e-01,3.899214267730712891e-01,3.919923305511474609e-01,4.159351289272308350e-01,1.685993522405624390e-01,-5.795593559741973877e-02,2.121283560991287231e-01,1.386058032512664795e-01,3.021883368492126465e-01,2.372125089168548584e-01,1.230364814400672913e-01,2.876263670623302460e-02,1.921238452196121216e-01,4.130457937717437744e-01,3.342681527137756348e-01,4.291547238826751709e-01,2.893293499946594238e-01,3.826236128807067871e-01,3.735968768596649170e-01,3.549472987651824951e-01,2.802130877971649170e-01,2.640668451786041260e-01,1.285284310579299927e-01,2.080540955066680908e-01,3.054930567741394043e-01,3.195215165615081787e-01,2.120317965745925903e-01,3.012848794460296631e-01,2.323395907878875732e-01,1.865413635969161987e-01,7.087886333465576172e-02,2.603783309459686279e-01,2.948834300041198730e-01,4.139927327632904053e-01,4.892364889383316040e-02,1.380197107791900635e-01,2.468784302473068237e-01,3.061666786670684814e-01,8.750811219215393066e-02,2.349123060703277588e-01,1.718706488609313965e-01,2.980513870716094971e-01,5.172929912805557251e-02,-4.724330268800258636e-03,1.293352991342544556e-01,5.867981165647506714e-02,2.326603233814239502e-01,3.110359013080596924e-01,1.976450234651565552e-01,3.071557581424713135e-01,1.059501096606254578e-01,2.264314889907836914e-01,-2.640908658504486084e-01,-1.353621035814285278e-01,3.845769539475440979e-02,2.346553057432174683e-01,-2.450816780328750610e-01,-7.018303126096725464e-02,-1.794758290052413940e-01,9.178087860345840454e-02,-3.403117181733250618e-03,1.180001646280288696e-01,-1.048490703105926514e-01,-1.273639351129531860e-01,2.615817449986934662e-02,2.705909498035907745e-02,2.389082014560699463e-01,1.649743616580963135e-01,2.198142111301422119e-01,2.513262629508972168e-01,-7.931422442197799683e-03,-2.106028944253921509e-01,-4.251791164278984070e-02,-8.022203296422958374e-02,1.620074957609176636e-01,6.280192732810974121e-02,8.046663552522659302e-02,4.115948081016540527e-02,8.217511326074600220e-02,2.314454317092895508e-01,3.051222562789916992e-01,2.255530655384063721e-01,1.148599833250045776e-01,9.485876560211181641e-02,1.724666804075241089e-01,2.156581915915012360e-02
-7.453826069831848145e-02,-2.513124644756317139e-01,-2.544910013675689697e-01,-3.355194628238677979e-01,1.000000000000000000e+00,4.608942866325378418e-01,-2.564572989940643311e-01,-3.901901543140411377e-01,6.471412777900695801e-01,2.548577785491943359e-01,-1.665659099817276001e-01,-3.324147462844848633e-01,-1.450649090111255646e-02,-3.212063908576965332e-01,3.699208199977874756e-01,2.103440761566162109e-01,-4.549526795744895935e-02,-2.905149161815643311e-01,6.652955710887908936e-02,-2.811595611274242401e-02,1.001985445618629456e-01,3.456797078251838684e-02,-1.037474423646926880e-01,-9.493742883205413818e-02,5.997256636619567871e-01,4.493772983551025391e-01,4.290730059146881104e-01,2.145353406667709351e-01,-9.414600580930709839e-02,-2.915802597999572754e-01,1.158252637833356857e-02,-1.342071443796157837e-01,-2.689648270606994629e-01,-3.281253576278686523e-01,-1.257223337888717651e-01,-1.035291031002998352e-01,7.210454903542995453e-03,-8.556296676397323608e-02,8.589616417884826660e-02,-5.979574471712112427e-02,1.357430070638656616e-01,-8.590390533208847046e-02,-6.965205818414688110e-02,-2.697727084159851074e-01,-1.082635447382926941e-01,-2.587833106517791748e-01,-1.354429572820663452e-01,-2.076843380928039551e-01,-1.757548749446868896e-01,-1.815542727708816528e-01,-6.356561183929443359e-02,-1.188168972730636597e-01,1.001873686909675598e-01,1.482298672199249268e-01,-6.087044999003410339e-02,-1.685707271099090576e-01,-9.903132170438766479e-02,-3.236468434333801270e-01,-2.508046925067901611e-01,-2.553655207157135010e-01,-8.614421635866165161e-02,-2.004542499780654907e-01,2.974405139684677124e-02,-1.650694161653518677e-01,-4.277244210243225098e-02,-9.061099588871002197e-02,-2.968287169933319092e-01,-3.071120083332061768e-01,-2.063207626342773438e-01,-2.826263308525085449e-01,-2.598169445991516113e-01,-2.789163291454315186e-01,3.720948845148086548e-02,-9.072532504796981812e-02,-1.201155930757522583e-01,-1.892476975917816162e-01,-1.481809616088867188e-01,-2.581619918346405029e-01,-1.793850809335708618e-01,-2.750860452651977539e-01,6.061108410358428955e-02,-2.140806168317794800e-01,4.780045449733734131e-01,1.437993198633193970e-01,3.976127877831459045e-02,-1.964516341686248779e-01,2.630517184734344482e-01,2.520401179790496826e-01,1.961427778005599976e-01,-5.606617406010627747e-02,8.298270404338836670e-02,2.780724503099918365e-02,8.477864414453506470e-02,8.116281032562255859e-02,-5.581768974661827087e-02,-9.422581642866134644e-02,-1.549684852361679077e-01,-1.038547158241271973e-01,-1.887083351612091064e-01,-1.474816352128982544e-01,-7.902394980192184448e-02,5.365981534123420715e-02,-2.644922770559787750e-02,-3.317056596279144287e-02,-1.944498270750045776e-01,-1.344128251075744629e-01,-1.303713470697402954e-01,-7.004895061254501343e-02,-1.946911029517650604e-02,-2.251158058643341064e-01,-2.617174759507179260e-02,1.730874180793762207e-02,-3.158422932028770447e-02,-2.110270224511623383e-02,-1.425818949937820435e-01,4.427994415163993835e-02
-1.674368679523468018e-01,-6.265950202941894531e-02,-3.381485342979431152e-01,-2.789517939090728760e-01,4.608942866325378418e-01,1.000000000000000000e+00,-3.756103217601776123e-01,-1.517074704170227051e-01,2.750709652900695801e-01,6.613262891769409180e-01,-2.193414568901062012e-01,-1.020423844456672668e-01,-2.461369037628173828e-01,-9.219298511743545532e-02,4.823724925518035889e-02,4.225442111492156982e-01,-2.217290550470352173e-01,-1.623124033212661743e-01,3.832751512527465820e-02,2.982842735946178436e-02,-8.807683363556861877e-03,2.535848878324031830e-02,-1.531168073415756226e-01,-1.458343267440795898e-01,4.562758803367614746e-01,4.939560890197753906e-01,4.443255662918090820e-01,5.509560108184814453e-01,-1.199467331171035767e-01,-1.365377157926559448e-01,-5.841508507728576660e-02,-3.862281143665313721e-02,-8.721606433391571045e-02,-1.395551860332489014e-01,2.025420777499675751e-02,8.524965494871139526e-02,1.183927506208419800e-01,5.774322897195816040e-02,1.074216961860656738e-01,8.507034182548522949e-02,1.222613304853439331e-01,-4.385941103100776672e-02,-1.225071772933006287e-01,-1.652652323246002197e-01,-2.818170487880706787e-01,-3.241173028945922852e-01,-1.304848641157150269e-01,-1.081200409680604935e-02,-2.277282029390335083e-01,-2.144633978605270386e-01,-1.165258213877677917e-01,-1.315436959266662598e-01,-4.535173252224922180e-02,7.110459357500076294e-02,-1.242863833904266357e-01,1.335191577672958374e-01,-1.107431724667549133e-01,-4.251768812537193298e-02,-3.585024038329720497e-03,1.185019128024578094e-02,-5.981049314141273499e-02,-1.949403248727321625e-02,-1.232653707265853882e-01,-3.951745107769966125e-02,9.535731747746467590e-03,1.111380290240049362e-02,-8.260467648506164551e-02,-1.048008799552917480e-01,3.784623742103576660e-02,-1.617642305791378021e-02,-1.531435251235961914e-01,-7.281427737325429916e-03,-1.269328147172927856e-01,-1.209303364157676697e-01,-1.660184711217880249e-01,-1.102398782968521118e-01,-1.451208740472793579e-01,-1.261685788631439209e-01,-1.564199924468994141e-01,-7.757051289081573486e-02,-1.018671095371246338e-01,-6.810998916625976562e-02,8.207900077104568481e-02,4.293399751186370850e-01,-1.329531427472829819e-02,8.115212619304656982e-02,-3.661002963781356812e-02,2.832013666629791260e-01,5.747111048549413681e-03,2.263917773962020874e-01,-1.322234421968460083e-01,-2.786286920309066772e-02,-1.169308722019195557e-01,-2.291583083570003510e-02,-7.475981116294860840e-02,-4.576987773180007935e-02,-1.807313039898872375e-02,1.209803894162178040e-01,-5.204690620303153992e-02,8.993086218833923340e-02,-6.048458069562911987e-02,6.163016706705093384e-02,-4.739448800683021545e-02,-1.831389963626861572e-02,-2.352567855268716812e-03,2.444004267454147339e-02,5.312594771385192871e-02,4.453429952263832092e-02,-8.357694745063781738e-02,-1.492122262716293335e-01,1.268452871590852737e-02,6.098258867859840393e-02,8.100174367427825928e-02,-5.259446054697036743e-02,3.232793509960174561e-02,1.056770011782646179e-01
3.013511300086975098e-01,1.064171418547630310e-01,6.433685421943664551e-01,4.054117500782012939e-01,-2.564572989940643311e-01,-3.756103217601776123e-01,1.000000000000000000e+00,3.104204535484313965e-01,-3.196553289890289307e-01,-4.363198578357696533e-01,6.342168897390365601e-02,1.525277346372604370e-01,1.065426543354988098e-01,5.703715980052947998e-02,-3.506748378276824951e-01,-4.486726522445678711e-01,3.606179356575012207e-02,-2.526723966002464294e-02,-8.566217124462127686e-02,2.697171829640865326e-02,-1.387714445590972900e-01,-5.325691029429435730e-02,3.715671002864837646e-01,2.976375222206115723e-01,-2.330027371644973755e-01,-2.735961377620697021e-01,-4.668011888861656189e-02,-4.289229959249496460e-02,-8.062262088060379028e-02,-4.689904302358627319e-02,2.266166508197784424e-01,2.509465515613555908e-01,1.561550199985504150e-01,2.650665938854217529e-01,-1.569401100277900696e-02,-1.449689269065856934e-01,-1.207327470183372498e-01,-2.096118219196796417e-02,-2.293046563863754272e-02,-1.245702058076858521e-01,-3.467776998877525330e-02,1.833314634859561920e-02,-1.063492381945252419e-03,2.373667210340499878e-01,1.505099982023239136e-01,3.009361922740936279e-01,9.490294009447097778e-02,1.221753284335136414e-01,2.581370770931243896e-01,3.056340813636779785e-01,1.913752704858779907e-01,3.147201538085937500e-01,4.331270232796669006e-03,1.216781977564096451e-02,2.099719084799289703e-02,-1.214552521705627441e-01,1.473041623830795288e-01,1.082279235124588013e-01,5.639394745230674744e-02,2.853713743388652802e-02,-1.311144083738327026e-01,3.620547801256179810e-02,4.256372451782226562e-01,2.668037116527557373e-01,1.107317432761192322e-01,1.773153096437454224e-01,3.969690203666687012e-02,4.744532331824302673e-02,-2.206635661423206329e-02,9.158018231391906738e-02,7.620599120855331421e-02,2.468926459550857544e-02,3.640885278582572937e-02,1.309209316968917847e-02,1.015308275818824768e-01,5.355318263173103333e-02,-2.891370654106140137e-02,3.379917144775390625e-02,6.792091578245162964e-02,4.755010083317756653e-02,-3.180342027917504311e-03,5.707154795527458191e-02,-2.742145657539367676e-01,-3.129905760288238525e-01,-1.147085651755332947e-01,2.471076324582099915e-02,-8.630096167325973511e-02,-9.427525103092193604e-02,-3.036735057830810547e-01,-1.547513753175735474e-01,-1.887815743684768677e-01,-6.010689958930015564e-02,-1.604899764060974121e-01,-1.550741940736770630e-01,-2.365761548280715942e-01,-2.097221463918685913e-01,-1.338682919740676880e-01,-1.435438394546508789e-01,-2.715393528342247009e-02,-9.503301233053207397e-02,-5.761160328984260559e-02,-1.998222172260284424e-01,-6.826487928628921509e-02,-1.379796415567398071e-01,-3.604414314031600952e-02,-1.202298626303672791e-01,-7.205057144165039062e-02,-2.179015986621379852e-02,-1.431223899126052856e-01,-8.040117472410202026e-02,1.300798207521438599e-01,8.907790482044219971e-02,-1.683945059776306152e-01,-2.011905014514923096e-01,-1.449245959520339966e-01,-2.003035396337509155e-01
3.650206625461578369e-01,5.482919812202453613e-01,3.451459109783172607e-01,6.825819015502929688e-01,-3.901901543140411377e-01,-1.517074704170227051e-01,3.104204535484313965e-01,1.000000000000000000e+00,-3.441042304039001465e-01,-5.913151800632476807e-02,3.922695815563201904e-01,6.582891941070556641e-01,1.482000797986984253e-01,6.735472679138183594e-01,-3.175054788589477539e-01,-1.467453837394714355e-01,3.272570967674255371e-01,4.947598278522491455e-01,3.461598604917526245e-02,1.703129261732101440e-01,-2.286867648363113403e-01,7.285536080598831177e-02,2.183947414159774780e-01,3.355156779289245605e-01,-2.494750320911407471e-01,-1.699777096509933472e-01,8.418369106948375702e-03,2.108793854713439941e-01,2.712512612342834473e-01,4.016671180725097656e-01,1.192809492349624634e-01,3.441045880317687988e-01,3.959551751613616943e-01,4.108450412750244141e-01,1.574414521455764771e-01,2.498684450984001160e-02,1.495350152254104614e-01,1.598488390445709229e-01,2.056402415037155151e-01,2.463633120059967041e-01,9.950792789459228516e-02,2.070612460374832153e-02,9.519445896148681641e-02,4.294706284999847412e-01,1.873058229684829712e-01,4.063101410865783691e-01,1.758558601140975952e-01,3.818548023700714111e-01,3.414386808872222900e-01,3.692902624607086182e-01,2.935342788696289062e-01,3.479725122451782227e-01,7.868122309446334839e-02,1.523045003414154053e-01,1.781960427761077881e-01,4.496592581272125244e-01,3.420571386814117432e-01,5.215630531311035156e-01,3.888638317584991455e-01,3.213624656200408936e-01,1.900627762079238892e-01,3.868153989315032959e-01,3.121263980865478516e-01,5.763719081878662109e-01,1.980453878641128540e-01,2.752052247524261475e-01,3.375977277755737305e-01,4.042466282844543457e-01,2.179196625947952271e-01,3.462574183940887451e-01,1.520875543355941772e-01,3.523462712764739990e-01,4.890239331871271133e-03,5.432397499680519104e-02,1.021775379776954651e-01,1.405984014272689819e-01,2.245516330003738403e-01,3.733371794223785400e-01,2.982602715492248535e-01,4.979835450649261475e-01,1.796134114265441895e-01,4.430257678031921387e-01,-2.963230907917022705e-01,7.412494719028472900e-02,1.450709104537963867e-01,4.917677044868469238e-01,-3.069738447666168213e-01,-6.673787534236907959e-02,-2.031019032001495361e-01,3.301300406455993652e-01,-1.167734488844871521e-01,6.862387061119079590e-02,-2.011878341436386108e-01,-1.926733553409576416e-01,1.223546732217073441e-02,4.986578971147537231e-02,1.606747061014175415e-01,1.742222458124160767e-01,1.470141857862472534e-01,2.877939045429229736e-01,-3.056076169013977051e-02,-1.796429753303527832e-01,-9.326007217168807983e-02,-1.166745945811271667e-01,2.226162254810333252e-01,1.630970388650894165e-01,1.556493341922760010e-01,8.127793669700622559e-02,7.999806664884090424e-03,2.029254287481307983e-01,2.233717739582061768e-01,1.583844423294067383e-01,3.977880626916885376e-02,-2.659761346876621246e-02,2.135009467601776123e-01,4.246243834495544434e-02
-2.674486339092254639e-01,-2.119490057229995728e-01,-4.383062720298767090e-01,-3.737101554870605469e-01,6.471412777900695801e-01,2.750709652900695801e-01,-3.196553289890289307e-01,-3.441042304039001465e-01,1.000000000000000000e+00,3.359096050262451172e-01,1.133561134338378906e-01,-2.007860541343688965e-01,3.332914412021636963e-01,-2.084461897611618042e-01,7.296512126922607422e-01,3.309831917285919189e-01,1.100651845335960388e-01,-9.873930364847183228e-02,1.926854401826858521e-01,-2.163453586399555206e-02,2.141802459955215454e-01,8.207469433546066284e-02,-3.278538286685943604e-01,-2.115111798048019409e-01,4.032310247421264648e-01,2.609883248805999756e-01,2.129948735237121582e-01,-2.231077477335929871e-02,2.544768154621124268e-02,-1.206377297639846802e-01,-7.112922519445419312e-02,-1.649568676948547363e-01,-2.392795830965042114e-01,-3.401184678077697754e-01,-1.364324837923049927e-01,-6.275234371423721313e-02,7.629527896642684937e-02,-1.401352435350418091e-01,-2.401743642985820770e-02,-7.055435329675674438e-02,7.631313055753707886e-02,-1.503456849604845047e-02,1.189163476228713989e-01,-2.909913063049316406e-01,-6.854774057865142822e-02,-3.115306496620178223e-01,-8.101440221071243286e-02,-2.520897984504699707e-01,-2.878399789333343506e-01,-3.650927543640136719e-01,-1.712845712900161743e-01,-2.545080780982971191e-01,1.229402795433998108e-01,6.090107932686805725e-02,-6.691285967826843262e-02,-1.730065047740936279e-01,-1.250280141830444336e-01,-3.577463626861572266e-01,-2.585854232311248779e-01,-3.885453641414642334e-01,1.115699391812086105e-02,-2.582804560661315918e-01,-1.940991729497909546e-01,-3.576474785804748535e-01,-8.000392466783523560e-02,-2.875957190990447998e-01,-2.966476380825042725e-01,-3.153702616691589355e-01,-2.437843382358551025e-01,-4.104614853858947754e-01,-1.254683881998062134e-01,-2.288090437650680542e-01,2.577574551105499268e-01,1.151923984289169312e-01,-7.594438502565026283e-04,-6.662467867136001587e-02,8.400117605924606323e-02,-9.791216999292373657e-02,-1.486847102642059326e-01,-2.421030700206756592e-01,2.530505061149597168e-01,-1.326904892921447754e-01,7.126157879829406738e-01,2.712808251380920410e-01,2.393341958522796631e-01,-1.156732365489006042e-01,3.085197210311889648e-01,9.399513155221939087e-02,4.868464171886444092e-01,2.138488460332155228e-03,3.675204217433929443e-01,1.204551234841346741e-01,3.623074889183044434e-01,3.256866037845611572e-01,1.849671453237533569e-01,5.343191698193550110e-02,-4.345933347940444946e-02,-1.021706238389015198e-01,-7.613094896078109741e-02,-7.931322604417800903e-02,9.719993174076080322e-02,2.478270828723907471e-01,1.193888299167156219e-02,6.890177726745605469e-02,-2.951181232929229736e-01,-1.583914905786514282e-01,-1.537237763404846191e-01,-1.017434522509574890e-01,2.043516188859939575e-01,-7.256945222616195679e-02,-1.673930585384368896e-01,-8.228529244661331177e-02,-3.996764868497848511e-02,1.055858060717582703e-01,-8.485741913318634033e-02,1.183937937021255493e-01
-2.257303446531295776e-01,7.778063416481018066e-02,-4.549203515052795410e-01,-3.450565636157989502e-01,2.548577785491943359e-01,6.613262891769409180e-01,-4.363198578357696533e-01,-5.913151800632476807e-02,3.359096050262451172e-01,1.000000000000000000e+00,2.097496017813682556e-02,1.202669665217399597e-01,-4.868119955062866211e-02,1.329343914985656738e-01,2.529189288616180420e-01,6.763222813606262207e-01,-9.699904173612594604e-02,1.019346565008163452e-01,1.911890320479869843e-02,3.508512629196047783e-03,1.670778542757034302e-02,3.604138642549514771e-02,-3.102870881557464600e-01,-2.739775478839874268e-01,2.100287079811096191e-01,2.172566801309585571e-01,2.246427983045578003e-01,3.133346736431121826e-01,1.871757023036479950e-02,1.022420227527618408e-01,-1.666408628225326538e-01,-8.421705663204193115e-02,-5.906786397099494934e-02,-1.131833568215370178e-01,-4.045498743653297424e-02,1.093906015157699585e-01,4.853112250566482544e-02,6.568691879510879517e-02,-7.651075720787048340e-02,1.033768281340599060e-01,4.494450241327285767e-02,-1.387254893779754639e-02,-3.423002548515796661e-03,-9.125079959630966187e-02,-2.854193747043609619e-01,-2.780132293701171875e-01,-1.631038039922714233e-01,-6.218547746539115906e-02,-2.783586978912353516e-01,-2.623262107372283936e-01,-1.587247401475906372e-01,-1.530297696590423584e-01,-1.119645461440086365e-01,-7.816392928361892700e-02,-2.374043315649032593e-01,1.786750257015228271e-01,1.383126340806484222e-02,1.224279031157493591e-01,1.090100482106208801e-01,6.837729364633560181e-02,9.132976830005645752e-02,1.276003420352935791e-01,-2.342377752065658569e-01,-6.520802527666091919e-02,1.915237307548522949e-02,-1.248984504491090775e-02,4.700347408652305603e-02,3.126858919858932495e-02,9.003209881484508514e-03,-3.497960045933723450e-02,-3.462762385606765747e-02,6.943538039922714233e-02,-4.076228651683777571e-04,9.423315525054931641e-02,-5.730201676487922668e-02,4.894147068262100220e-02,-5.003640055656433105e-02,-1.187859196215867996e-02,-8.381388336420059204e-02,7.622269541025161743e-02,4.805028066039085388e-02,1.324249804019927979e-01,1.541154384613037109e-01,5.884510874748229980e-01,2.043976485729217529e-01,2.664398252964019775e-01,-2.623921446502208710e-02,1.274895966053009033e-01,1.314885169267654419e-01,4.126929640769958496e-01,-7.197677344083786011e-02,3.088179044425487518e-02,-9.814788587391376495e-03,1.008902117609977722e-01,1.344387978315353394e-01,1.022581309080123901e-01,-2.423701575025916100e-03,1.524253636598587036e-01,-8.702310919761657715e-02,1.067313477396965027e-01,6.336376070976257324e-02,2.264109849929809570e-01,-1.598580554127693176e-02,6.077268719673156738e-02,-1.730974391102790833e-02,3.771777078509330750e-02,4.686392098665237427e-02,7.837891578674316406e-02,4.393066093325614929e-02,-6.942830234766006470e-02,-1.631495803594589233e-01,-1.253562867641448975e-01,4.401697963476181030e-02,-9.597615338861942291e-03,8.563572913408279419e-02,1.411794275045394897e-01
1.601372957229614258e-01,2.641649246215820312e-01,-1.183932200074195862e-01,2.005978524684906006e-01,-1.665659099817276001e-01,-2.193414568901062012e-01,6.342168897390365601e-02,3.922695815563201904e-01,1.133561134338378906e-01,2.097496017813682556e-02,1.000000000000000000e+00,4.833342134952545166e-01,5.035684704780578613e-01,4.153969287872314453e-01,2.926003336906433105e-01,3.134418651461601257e-02,6.286389231681823730e-01,5.155777335166931152e-01,2.148402780294418335e-01,1.791094243526458740e-01,9.024122357368469238e-02,1.266405880451202393e-01,-5.927516892552375793e-02,3.691422939300537109e-02,-1.368399709463119507e-01,-1.605712026357650757e-01,3.002982120960950851e-03,1.354617159813642502e-02,4.685649871826171875e-01,3.422239720821380615e-01,3.760216757655143738e-02,1.548067927360534668e-01,2.265357822179794312e-01,2.192691415548324585e-01,8.276975899934768677e-02,6.390636414289474487e-02,5.393663793802261353e-02,-9.259995073080062866e-03,8.575174957513809204e-02,1.330863535404205322e-01,-1.328762248158454895e-02,8.209723979234695435e-03,2.766257524490356445e-01,1.454255282878875732e-01,1.173113137483596802e-01,1.682042330503463745e-01,4.326522350311279297e-02,1.105194389820098877e-01,4.033605754375457764e-02,4.101981595158576965e-02,-2.910548122599720955e-03,6.847599893808364868e-02,5.501323565840721130e-02,-4.740864783525466919e-02,7.908818125724792480e-02,1.907189637422561646e-01,3.214605450630187988e-01,2.268703728914260864e-01,1.562824398279190063e-01,3.068858571350574493e-02,2.489439100027084351e-01,5.969181284308433533e-02,3.249730914831161499e-02,1.072364076972007751e-01,1.391849070787429810e-01,-7.625055965036153793e-03,1.060695722699165344e-01,1.442511379718780518e-01,7.783675938844680786e-02,7.516217976808547974e-02,6.073238700628280640e-02,1.245805248618125916e-01,1.485548019409179688e-01,9.591414779424667358e-02,1.611827015876770020e-01,1.439250856637954712e-01,2.426585853099822998e-01,1.990796774625778198e-01,4.105669856071472168e-01,3.701843917369842529e-01,5.983639955520629883e-01,4.966386556625366211e-01,2.042274028062820435e-01,1.218412667512893677e-01,5.606805086135864258e-01,4.838825464248657227e-01,-1.702964305877685547e-02,-2.056081593036651611e-01,3.340013027191162109e-01,3.763823211193084717e-01,2.093642950057983398e-01,1.921056807041168213e-01,1.721893548965454102e-01,1.330964267253875732e-01,3.130223155021667480e-01,1.694523841142654419e-01,1.398461908102035522e-01,1.119980812072753906e-01,1.307394504547119141e-01,2.092906981706619263e-01,1.137702539563179016e-01,7.573049515485763550e-02,1.645971648395061493e-02,4.986014962196350098e-02,2.608184143900871277e-02,7.604999840259552002e-02,1.127598583698272705e-01,9.063635021448135376e-02,2.497436553239822388e-01,1.950353384017944336e-01,-6.020032614469528198e-02,5.803603213280439377e-03,4.132009111344814301e-03,2.367498725652694702e-01,2.239382714033126831e-01,2.105921059846878052e-01
3.698644042015075684e-01,6.358190178871154785e-01,4.888504371047019958e-02,3.743203580379486084e-01,-3.324147462844848633e-01,-1.020423844456672668e-01,1.525277346372604370e-01,6.582891941070556641e-01,-2.007860541343688965e-01,1.202669665217399597e-01,4.833342134952545166e-01,1.000000000000000000e+00,2.259154766798019409e-01,6.745625734329223633e-01,-1.628749817609786987e-01,6.481695175170898438e-02,3.094079792499542236e-01,6.103982925415039062e-01,2.934110350906848907e-03,1.117983907461166382e-01,-1.147257760167121887e-01,7.240175455808639526e-02,-1.364374812692403793e-02,6.917436420917510986e-02,-2.476495653390884399e-01,-2.004572004079818726e-01,-8.360119536519050598e-03,1.568100005388259888e-01,2.561272382736206055e-01,5.063028931617736816e-01,1.457270234823226929e-03,1.996747702360153198e-01,4.057488143444061279e-01,3.925721049308776855e-01,2.362165749073028564e-01,1.482059061527252197e-01,3.887036815285682678e-02,2.591601312160491943e-01,4.188540577888488770e-02,3.304961919784545898e-01,4.557629581540822983e-03,1.734800934791564941e-01,1.272053718566894531e-01,3.726260066032409668e-01,3.069214522838592529e-02,2.604512274265289307e-01,9.779667481780052185e-03,2.536480128765106201e-01,1.782054901123046875e-01,2.181688398122787476e-01,1.459093987941741943e-01,2.500030994415283203e-01,-8.343473821878433228e-02,-4.367960244417190552e-02,-7.353849709033966064e-02,3.811418116092681885e-01,3.922671675682067871e-01,5.875164866447448730e-01,4.013717174530029297e-01,3.622154295444488525e-01,2.625464498996734619e-01,4.521314203739166260e-01,1.667605638504028320e-01,4.886167943477630615e-01,1.775688678026199341e-01,2.782976031303405762e-01,3.939325511455535889e-01,4.214608967304229736e-01,2.567539215087890625e-01,3.464925289154052734e-01,2.014752179384231567e-01,2.827703058719635010e-01,9.725473821163177490e-02,2.877526283264160156e-01,1.938589662313461304e-01,3.372623622417449951e-01,1.748492121696472168e-01,3.455353677272796631e-01,2.670739591121673584e-01,5.309005379676818848e-01,3.007606267929077148e-01,5.837387442588806152e-01,-2.427092194557189941e-01,2.033582627773284912e-01,2.673070132732391357e-01,6.165658831596374512e-01,-3.366442024707794189e-01,-1.761388629674911499e-01,-1.529741883277893066e-01,3.354133367538452148e-01,-2.164672166109085083e-01,-7.080313563346862793e-02,-2.268064618110656738e-01,-2.271160483360290527e-01,3.815316408872604370e-02,7.775837182998657227e-02,1.047336310148239136e-01,1.497105360031127930e-01,2.999818138778209686e-02,2.355323433876037598e-01,2.013014629483222961e-02,-1.115082129836082458e-01,-7.957473397254943848e-02,-6.804915517568588257e-02,1.769153773784637451e-01,1.814400851726531982e-01,1.460026651620864868e-01,1.553172022104263306e-01,-3.334027156233787537e-02,1.361903697252273560e-01,8.881474286317825317e-02,3.091795183718204498e-02,-3.967356681823730469e-02,-1.664418913424015045e-02,2.799842357635498047e-01,1.488613188266754150e-01
-5.500111356377601624e-02,7.601109892129898071e-02,-9.712347388267517090e-02,6.695650517940521240e-02,-1.450649090111255646e-02,-2.461369037628173828e-01,1.065426543354988098e-01,1.482000797986984253e-01,3.332914412021636963e-01,-4.868119955062866211e-02,5.035684704780578613e-01,2.259154766798019409e-01,1.000000000000000000e+00,2.428743094205856323e-01,3.954924941062927246e-01,-7.115042209625244141e-02,3.864569664001464844e-01,2.163526713848114014e-01,2.144638746976852417e-01,2.047938667237758636e-02,6.333128083497285843e-03,-3.812015056610107422e-02,-1.829642206430435181e-01,-3.675822168588638306e-02,-7.629129290580749512e-02,-1.066645383834838867e-01,-5.701081827282905579e-02,-2.125653773546218872e-01,2.745045423507690430e-01,2.005146145820617676e-01,-5.681170150637626648e-02,2.998001873493194580e-02,7.086629420518875122e-02,2.236987836658954620e-02,-5.662227049469947815e-02,-1.558920927345752716e-02,8.306855708360671997e-02,-1.109990552067756653e-01,-2.111896686255931854e-02,-3.868921846151351929e-02,-6.940110772848129272e-02,-1.776847057044506073e-02,1.328212469816207886e-01,-6.003635376691818237e-02,1.164970919489860535e-01,-1.483841892331838608e-02,-2.062742970883846283e-02,-1.331149339675903320e-01,-7.302989810705184937e-02,-1.332004964351654053e-01,-4.725410416722297668e-02,-1.079407930374145508e-01,-1.613208558410406113e-03,-4.816377162933349609e-02,-4.218445718288421631e-02,-1.247767731547355652e-02,3.550726175308227539e-02,-1.075030565261840820e-01,-4.743236675858497620e-02,-2.487475723028182983e-01,1.480592191219329834e-01,-1.326578855514526367e-01,-6.216160953044891357e-02,-1.330533623695373535e-01,6.418222188949584961e-02,-1.435837298631668091e-01,-9.287369251251220703e-02,-8.970003575086593628e-02,-1.246287897229194641e-01,-2.290742248296737671e-01,1.160198599100112915e-01,5.746680498123168945e-02,2.692013382911682129e-01,2.351505011320114136e-01,1.790753453969955444e-01,1.836478710174560547e-01,2.784193754196166992e-01,1.703064739704132080e-01,6.850734353065490723e-02,2.815354429185390472e-02,4.504839777946472168e-01,1.884182840585708618e-01,3.415346443653106689e-01,5.446377396583557129e-02,3.825255334377288818e-01,1.951088756322860718e-01,2.962678670883178711e-02,-1.225424483418464661e-01,3.939839303493499756e-01,1.446061730384826660e-01,2.941263616085052490e-01,1.080261543393135071e-01,2.710989117622375488e-01,2.164487093687057495e-01,1.877033263444900513e-01,6.579342484474182129e-02,3.391856327652931213e-02,-9.106787294149398804e-02,1.250409428030252457e-02,3.647619113326072693e-02,1.473814994096755981e-01,1.683711260557174683e-01,-6.375900655984878540e-02,2.599170245230197906e-02,-1.592579185962677002e-01,-6.008897721767425537e-02,-3.881875425577163696e-02,-5.077278614044189453e-02,2.089750915765762329e-01,1.278378665447235107e-01,-1.806962639093399048e-01,-1.665405184030532837e-01,-1.661598086357116699e-01,6.745933741331100464e-02,-1.490667229518294334e-03,6.401208043098449707e-02
