1.000000000000000000e+00,8.249629735946655273e-01,7.672177553176879883e-01,7.377303838729858398e-01,2.678734660148620605e-01,2.204558551311492920e-01,8.369160890579223633e-01,7.800319194793701172e-01,2.477902919054031372e-01,2.376066744327545166e-01,4.501027166843414307e-01,4.625925719738006592e-01,5.956164598464965820e-01,4.989947080612182617e-01,1.728413403034210205e-01,1.079604178667068481e-01,6.152196973562240601e-02,1.896821707487106323e-01,7.573800086975097656e-01,7.713983058929443359e-01,1.445611119270324707e-01,1.602712571620941162e-01,6.758131384849548340e-01,7.070970535278320312e-01,3.513945043087005615e-01,2.909035682678222656e-01,9.405033290386199951e-02,9.907322376966476440e-02,-6.577071547508239746e-02,-2.275939285755157471e-01,4.393989145755767822e-01,4.992461502552032471e-01,2.665894329547882080e-01,2.980638444423675537e-01,5.055912584066390991e-02,5.322763323783874512e-02,-1.545652598142623901e-01,-1.933393776416778564e-01,1.821821331977844238e-01,-2.163276448845863342e-02,2.200412750244140625e-01,-1.054773852229118347e-01,1.582545936107635498e-01,-2.522190101444721222e-02,8.366157859563827515e-02,-4.205027222633361816e-02,1.663968414068222046e-01,6.939180940389633179e-02,-4.444545134902000427e-02,-1.960645802319049835e-02,7.616529613733291626e-02,-8.942603319883346558e-02,2.040281444787979126e-01,2.128881812095642090e-01,8.327402919530868530e-02,1.020810604095458984e-01,7.983195781707763672e-01,6.762871742248535156e-01,4.271913468837738037e-01,3.873747587203979492e-01,3.000855743885040283e-01,2.561304271221160889e-01,2.184717059135437012e-01,6.206712499260902405e-02,6.240648031234741211e-02,-3.691612929105758667e-02,2.315695434808731079e-01,7.938710600137710571e-02,7.661834359169006348e-01,7.230410575866699219e-01,-1.809457689523696899e-01,-9.927772730588912964e-02,2.179681658744812012e-01,6.381954252719879150e-02,1.769572049379348755e-01,1.902826875448226929e-01,8.767576515674591064e-02,1.319183688610792160e-02,-2.911781668663024902e-01,-2.224020063877105713e-01,1.677721389569342136e-03,-8.551293611526489258e-02,1.498223841190338135e-01,3.288703784346580505e-02,1.627332270145416260e-01,-8.801796287298202515e-02,8.660133928060531616e-02,-1.919487677514553070e-02,2.152595818042755127e-01,1.656303405761718750e-01,2.328944057226181030e-01,1.308126747608184814e-01,2.153357565402984619e-01,1.979697197675704956e-01,-7.149904966354370117e-02,-7.355766743421554565e-02,-3.942851442843675613e-03,2.687585540115833282e-02,1.570388823747634888e-01,1.164992526173591614e-01,2.236272096633911133e-01,2.091890871524810791e-01,1.171829774975776672e-01,1.921633630990982056e-01,-1.581778563559055328e-02,-7.043564319610595703e-02,-5.356423929333686829e-02,-1.410147845745086670e-01,-7.968805730342864990e-02,-1.702482402324676514e-01,-9.613628685474395752e-02,6.818877160549163818e-02,1.628704741597175598e-02,4.413277283310890198e-02,-1.318895369768142700e-01,-5.515232309699058533e-02
8.249629735946655273e-01,1.000000000000000000e+00,7.549098730087280273e-01,7.780622839927673340e-01,2.508466541767120361e-01,2.299607098102569580e-01,7.830057144165039062e-01,8.125384449958801270e-01,1.641321480274200439e-01,1.895380616188049316e-01,3.081340193748474121e-01,4.935602843761444092e-01,4.312455356121063232e-01,5.217575430870056152e-01,7.852316647768020630e-02,6.515593081712722778e-02,3.465471789240837097e-03,2.367776036262512207e-01,7.703024744987487793e-01,7.936995029449462891e-01,2.075388282537460327e-01,2.257390171289443970e-01,6.815537810325622559e-01,7.094706892967224121e-01,3.634904921054840088e-01,3.146464824676513672e-01,1.121906638145446777e-01,1.272337138652801514e-01,-1.363824009895324707e-01,-2.243900746107101440e-01,5.060104727745056152e-01,5.102137923240661621e-01,2.397100627422332764e-01,3.125257790088653564e-01,5.954040214419364929e-02,4.452558979392051697e-02,-6.493745744228363037e-02,-1.073284894227981567e-01,2.548992633819580078e-01,7.686509191989898682e-02,2.473233193159103394e-01,-9.335475414991378784e-02,1.698558777570724487e-01,-1.693151518702507019e-02,-1.212411327287554741e-03,-6.201039999723434448e-02,1.985224634408950806e-01,1.067531853914260864e-01,-1.271154433488845825e-01,-4.166517406702041626e-02,6.000806391239166260e-02,-9.089810401201248169e-02,2.187923341989517212e-01,2.417083531618118286e-01,1.031384915113449097e-01,1.406870633363723755e-01,6.976456642150878906e-01,7.209259867668151855e-01,3.360815644264221191e-01,3.696656227111816406e-01,1.773613989353179932e-01,2.636641263961791992e-01,1.215068548917770386e-01,1.027706786990165710e-01,2.853970043361186981e-03,-2.201813831925392151e-02,1.371969431638717651e-01,3.890239074826240540e-02,7.851944565773010254e-01,7.289079427719116211e-01,-8.408118039369583130e-02,-5.255034193396568298e-03,1.967981457710266113e-01,8.223283290863037109e-02,1.558024883270263672e-01,1.742500364780426025e-01,1.526600271463394165e-01,1.009027212858200073e-01,-3.719991445541381836e-01,-2.584629058837890625e-01,-6.727224588394165039e-02,-8.905528485774993896e-02,1.115584373474121094e-01,-6.557773798704147339e-03,1.070053875446319580e-01,-4.745172336697578430e-02,7.572409510612487793e-02,-1.668876409530639648e-02,2.287928909063339233e-01,2.404130697250366211e-01,2.470043897628784180e-01,1.465247869491577148e-01,2.294480353593826294e-01,2.315117567777633667e-01,3.874876070767641068e-03,4.837744683027267456e-02,1.024806201457977295e-01,1.252087503671646118e-01,2.069915384054183960e-01,1.699884533882141113e-01,2.401956170797348022e-01,2.510346472263336182e-01,1.611498296260833740e-01,2.516618669033050537e-01,1.184160355478525162e-02,-3.062524273991584778e-02,-6.582915782928466797e-02,-1.439763754606246948e-01,-7.842353731393814087e-02,-6.854367256164550781e-02,1.747781992889940739e-03,1.411763578653335571e-01,3.470207005739212036e-02,8.279164880514144897e-02,-5.582238733768463135e-02,-5.115222930908203125e-02
7.672177553176879883e-01,7.549098730087280273e-01,1.000000000000000000e+00,8.621725440025329590e-01,1.730085909366607666e-01,7.109944522380828857e-02,8.708912730216979980e-01,8.014958500862121582e-01,1.397111713886260986e-01,9.006465226411819458e-02,2.138035446405410767e-01,3.038734197616577148e-01,3.329255580902099609e-01,3.419835269451141357e-01,2.201949059963226318e-02,-1.239970140159130096e-02,-1.973370611667633057e-01,-2.523817121982574463e-02,8.473062515258789062e-01,8.040574789047241211e-01,1.982898265123367310e-01,2.537899315357208252e-01,8.497952818870544434e-01,8.286471366882324219e-01,4.280267059803009033e-01,2.538384497165679932e-01,5.904205515980720520e-02,2.253838628530502319e-02,-2.393651753664016724e-01,-2.186880558729171753e-01,4.793424904346466064e-01,3.887127935886383057e-01,-9.151306003332138062e-03,3.601114032790064812e-03,-1.688044704496860504e-02,-6.435152143239974976e-02,1.163563597947359085e-02,-1.676545292139053345e-02,3.516046702861785889e-01,2.326215058565139771e-01,2.148471474647521973e-01,-9.807338938117027283e-03,2.402426600456237793e-01,4.456628521438688040e-04,-6.834258884191513062e-02,-2.183964103460311890e-01,2.969343364238739014e-01,2.338913679122924805e-01,-1.904629915952682495e-01,-2.361266314983367920e-01,3.890607506036758423e-02,-1.222120001912117004e-01,2.506242692470550537e-01,3.154778480529785156e-01,2.178228348493576050e-01,2.676054835319519043e-01,5.167728662490844727e-01,4.977430701255798340e-01,8.140098303556442261e-02,7.285184413194656372e-02,-4.666247218847274780e-02,-4.296521097421646118e-02,-7.589352875947952271e-02,-2.109675556421279907e-01,-1.139845997095108032e-01,-2.115874439477920532e-01,-7.500204723328351974e-03,-1.874234229326248169e-01,7.158483266830444336e-01,6.707093715667724609e-01,-1.191664300858974457e-02,6.081270799040794373e-02,-4.821493476629257202e-02,-1.279140561819076538e-01,-1.816866733133792877e-02,9.009999921545386314e-04,9.948457032442092896e-02,9.595229476690292358e-02,-3.721046447753906250e-01,-2.916423082351684570e-01,-1.541725695133209229e-01,-1.901018321514129639e-01,2.643952369689941406e-01,1.075918599963188171e-01,1.192320212721824646e-01,-4.940534755587577820e-02,3.041208684444427490e-01,2.045868784189224243e-01,3.325085043907165527e-01,3.177816569805145264e-01,4.235281944274902344e-01,3.107508122920989990e-01,3.819766640663146973e-01,3.762339055538177490e-01,1.545533388853073120e-01,1.213644891977310181e-01,2.383684962987899780e-01,2.366492003202438354e-01,3.088991940021514893e-01,2.703448534011840820e-01,3.946494460105895996e-01,4.057762622833251953e-01,3.096881210803985596e-01,3.964096903800964355e-01,1.923199146986007690e-01,1.377456039190292358e-01,8.479371666908264160e-02,-2.185673639178276062e-02,-9.769089519977569580e-02,5.681289359927177429e-02,1.501869112253189087e-01,2.570421993732452393e-01,1.773330271244049072e-01,1.971965879201889038e-01,6.386438757181167603e-02,5.589045956730842590e-02
7.377303838729858398e-01,7.780622839927673340e-01,8.621725440025329590e-01,1.000000000000000000e+00,1.540207862854003906e-01,1.489799320697784424e-01,8.380205035209655762e-01,8.735448122024536133e-01,9.144502878189086914e-02,1.618665307760238647e-01,1.777102500200271606e-01,3.761564493179321289e-01,2.750619053840637207e-01,4.148551523685455322e-01,-4.724645242094993591e-02,3.088082000613212585e-02,-2.375542819499969482e-01,-2.619938226416707039e-03,8.397534489631652832e-01,8.203864693641662598e-01,1.555534601211547852e-01,2.033808231353759766e-01,8.151408433914184570e-01,8.418717980384826660e-01,3.853801488876342773e-01,2.698162198066711426e-01,1.189795956015586853e-01,8.928432315587997437e-02,-2.881928086280822754e-01,-2.222972810268402100e-01,4.197443127632141113e-01,3.779989480972290039e-01,-5.631317198276519775e-02,8.765294216573238373e-03,-7.844498753547668457e-02,-7.970176637172698975e-02,-6.764200329780578613e-02,-4.612244665622711182e-02,3.167412877082824707e-01,1.648167669773101807e-01,1.632880121469497681e-01,-1.018462777137756348e-01,1.954911798238754272e-01,-3.392941504716873169e-02,-1.042861863970756531e-01,-2.129844576120376587e-01,2.677649557590484619e-01,2.050755023956298828e-01,-2.021377831697463989e-01,-2.390198409557342529e-01,2.177306637167930603e-02,-1.248517557978630066e-01,2.301208078861236572e-01,2.912020683288574219e-01,1.711538732051849365e-01,2.175607234239578247e-01,4.910967350006103516e-01,5.075625181198120117e-01,5.964127182960510254e-02,5.142001435160636902e-02,-5.220180004835128784e-02,-1.676427386701107025e-02,-8.771693706512451172e-02,-1.273007541894912720e-01,-1.582197397947311401e-01,-1.715691983699798584e-01,-5.654710158705711365e-02,-1.925257444381713867e-01,6.847270727157592773e-01,6.663725376129150391e-01,-5.723392963409423828e-02,2.680893614888191223e-02,-5.981806665658950806e-02,-1.179496049880981445e-01,-4.960294812917709351e-02,3.543738741427659988e-03,7.323833554983139038e-02,7.497374713420867920e-02,-3.724480867385864258e-01,-3.338479399681091309e-01,-1.991312950849533081e-01,-1.554228663444519043e-01,1.996798068284988403e-01,9.676954895257949829e-02,5.634690076112747192e-02,-3.090716339647769928e-02,2.296321094036102295e-01,1.324546635150909424e-01,2.745211422443389893e-01,2.967913448810577393e-01,4.221193492412567139e-01,3.016627132892608643e-01,3.971302509307861328e-01,3.721636235713958740e-01,8.519305288791656494e-02,8.163370192050933838e-02,1.880039572715759277e-01,1.914637833833694458e-01,2.938951849937438965e-01,2.544289529323577881e-01,4.323596060276031494e-01,3.953356444835662842e-01,3.161346018314361572e-01,3.929033875465393066e-01,1.867343187332153320e-01,1.216226369142532349e-01,5.679436773061752319e-02,-6.581906974315643311e-02,-1.102371439337730408e-01,2.979326434433460236e-02,1.098290011286735535e-01,2.465154975652694702e-01,1.755194365978240967e-01,1.937307119369506836e-01,5.466624349355697632e-02,3.183868899941444397e-02
2.678734660148620605e-01,2.508466541767120361e-01,1.730085909366607666e-01,1.540207862854003906e-01,1.000000000000000000e+00,6.037901043891906738e-01,2.441041469573974609e-01,2.004222124814987183e-01,7.051846385002136230e-01,6.718270182609558105e-01,4.477376043796539307e-01,3.911442160606384277e-01,5.081024169921875000e-01,4.021455943584442139e-01,5.879106521606445312e-01,5.291712284088134766e-01,2.716988921165466309e-01,4.053249061107635498e-01,9.911639243364334106e-02,1.081544905900955200e-01,3.316532075405120850e-01,4.195636212825775146e-01,2.162988483905792236e-01,2.225782424211502075e-01,5.576469302177429199e-01,6.291421055793762207e-01,3.921781182289123535e-01,3.841953277587890625e-01,3.021123707294464111e-01,2.073614448308944702e-01,4.198023676872253418e-01,5.670149922370910645e-01,4.300125241279602051e-01,4.277419149875640869e-01,3.975379168987274170e-01,4.084969162940979004e-01,2.279108157381415367e-03,3.887392580509185791e-02,-1.740002632141113281e-02,-9.689738601446151733e-02,2.238313555717468262e-01,6.257253140211105347e-02,-1.587604582309722900e-01,-2.445674687623977661e-01,4.864700138568878174e-02,-5.740765947848558426e-03,-1.739237457513809204e-01,-2.758301496505737305e-01,-1.418429054319858551e-02,5.553387850522994995e-02,-8.317892253398895264e-02,-2.119467556476593018e-01,-1.979967355728149414e-01,-2.855970561504364014e-01,-2.653831839561462402e-01,-2.838239967823028564e-01,4.102563858032226562e-01,3.450121581554412842e-01,3.435262739658355713e-01,2.358969748020172119e-01,3.563212752342224121e-01,3.217455446720123291e-01,3.205610215663909912e-01,3.085396289825439453e-01,3.761524260044097900e-01,3.045613169670104980e-01,3.704046905040740967e-01,3.191787600517272949e-01,2.157215923070907593e-01,1.176636442542076111e-01,6.362282484769821167e-02,1.513060927391052246e-01,4.629184603691101074e-01,4.016207456588745117e-01,4.420129954814910889e-01,3.488464355468750000e-01,2.830075323581695557e-01,2.268624901771545410e-01,7.018443942070007324e-02,1.510547846555709839e-01,1.743239313364028931e-01,2.822119593620300293e-01,2.173608839511871338e-01,2.448989003896713257e-01,9.245519340038299561e-02,3.911698982119560242e-02,4.639611393213272095e-02,1.454340666532516479e-01,-1.696947365999221802e-01,-1.768044084310531616e-01,-2.001328021287918091e-01,-1.082265228033065796e-01,-2.495824918150901794e-02,-7.795871701091527939e-03,-1.049923077225685120e-01,-8.172779530286788940e-02,-1.657380312681198120e-01,-1.469656974077224731e-01,-2.184267491102218628e-01,-2.202882915735244751e-01,-4.104339331388473511e-02,-8.761731535196304321e-02,-1.393385082483291626e-01,-1.147834882140159607e-01,-1.082470566034317017e-01,-3.022602386772632599e-02,-5.071705207228660583e-02,-6.992588937282562256e-02,-7.364851236343383789e-02,-1.751396805047988892e-01,-1.860947161912918091e-01,-2.132509648799896240e-01,-2.921763360500335693e-01,-1.796379983425140381e-01,-1.930265724658966064e-01,-2.241788618266582489e-02
2.204558551311492920e-01,2.299607098102569580e-01,7.109944522380828857e-02,1.489799320697784424e-01,6.037901043891906738e-01,1.000000000000000000e+00,1.621467620134353638e-01,2.256662100553512573e-01,2.436930686235427856e-01,6.793283224105834961e-01,2.750495374202728271e-01,2.864262759685516357e-01,3.541152775287628174e-01,3.266385495662689209e-01,4.055240154266357422e-01,4.579662084579467773e-01,2.442876547574996948e-01,3.620766997337341309e-01,2.209444530308246613e-02,5.293487012386322021e-02,1.896423101425170898e-01,1.683230251073837280e-01,5.450978875160217285e-02,1.703646481037139893e-01,3.124214112758636475e-01,6.941319704055786133e-01,7.097529172897338867e-01,7.679467201232910156e-01,3.285698294639587402e-01,1.779935956001281738e-01,9.635499119758605957e-02,3.537132441997528076e-01,2.440832257270812988e-01,2.950026988983154297e-01,1.127713844180107117e-01,3.317872285842895508e-01,-6.878162175416946411e-02,2.519952133297920227e-02,-5.971647426486015320e-02,-2.099318653345108032e-01,1.219550669193267822e-01,-1.024160310626029968e-01,-4.702966660261154175e-03,8.488853462040424347e-03,1.707912534475326538e-01,2.234500646591186523e-01,-7.378956303000450134e-03,-1.238665580749511719e-01,1.704434752464294434e-01,2.763838768005371094e-01,1.792960911989212036e-01,4.703069478273391724e-02,3.432071954011917114e-02,-6.900126487016677856e-02,-1.224297881126403809e-01,-1.696044653654098511e-01,3.287230432033538818e-01,3.105553090572357178e-01,3.082204461097717285e-01,2.242204993963241577e-01,3.095468580722808838e-01,2.587358951568603516e-01,3.090565800666809082e-01,3.836024403572082520e-01,2.992748022079467773e-01,2.758107185363769531e-01,2.146752476692199707e-01,2.292361110448837280e-01,1.240999773144721985e-01,6.237859651446342468e-02,-1.615475118160247803e-01,-1.269666254520416260e-01,4.724484682083129883e-01,3.140929639339447021e-01,4.093996286392211914e-01,3.117727041244506836e-01,1.609364151954650879e-01,3.627227991819381714e-02,1.647067964076995850e-01,1.660565286874771118e-01,1.698569357395172119e-01,3.379780650138854980e-01,1.140648499131202698e-01,1.722158789634704590e-01,1.647867858409881592e-01,1.741968244314193726e-01,-1.234480142593383789e-01,-8.956801146268844604e-02,-7.535767555236816406e-02,3.339951625093817711e-03,-1.817375272512435913e-01,-8.938353508710861206e-03,5.040106177330017090e-02,4.754292592406272888e-02,-1.983274221420288086e-01,-1.602341234683990479e-01,-1.823530644178390503e-01,-1.092418357729911804e-01,-6.473251432180404663e-02,-4.706954956054687500e-02,5.902999639511108398e-02,-5.155411362648010254e-02,-4.099632427096366882e-02,-3.797956183552742004e-02,-2.895863540470600128e-02,3.600392863154411316e-02,-5.929808691143989563e-02,-8.194143325090408325e-02,-8.171665668487548828e-02,-2.050285041332244873e-01,-2.094552069902420044e-01,-1.054127812385559082e-01,-1.441635042428970337e-01,-4.173902794718742371e-02,-1.126242354512214661e-01,-9.343285113573074341e-02
8.369160890579223633e-01,7.830057144165039062e-01,8.708912730216979980e-01,8.380205035209655762e-01,2.441041469573974609e-01,1.621467620134353638e-01,1.000000000000000000e+00,8.416336178779602051e-01,2.197329998016357422e-01,1.879700869321823120e-01,3.226731419563293457e-01,3.954506516456604004e-01,4.713102281093597412e-01,4.335891306400299072e-01,8.445834368467330933e-02,4.929849877953529358e-02,-1.345306187868118286e-01,2.701704390347003937e-02,8.091745376586914062e-01,7.804633975028991699e-01,1.598803550004959106e-01,2.150875180959701538e-01,8.174484968185424805e-01,8.330291509628295898e-01,4.118111431598663330e-01,2.748035192489624023e-01,7.750126719474792480e-02,5.407845601439476013e-02,-1.841746717691421509e-01,-2.205250710248947144e-01,4.628307223320007324e-01,4.423501491546630859e-01,6.485769897699356079e-02,8.933769166469573975e-02,-4.438659921288490295e-02,-4.962652176618576050e-02,-1.016268879175186157e-01,-1.216215193271636963e-01,2.618066966533660889e-01,9.680642932653427124e-02,1.870946288108825684e-01,-9.941475093364715576e-02,2.070864588022232056e-01,-3.331597149372100830e-02,-1.490125432610511780e-03,-1.754318922758102417e-01,2.386121004819869995e-01,1.557689458131790161e-01,-1.497143507003784180e-01,-1.956520229578018188e-01,2.909762784838676453e-02,-1.379139870405197144e-01,2.300265431404113770e-01,2.711454033851623535e-01,1.445413529872894287e-01,1.716038137674331665e-01,6.330105066299438477e-01,5.633476972579956055e-01,1.837295144796371460e-01,1.735678613185882568e-01,7.068433612585067749e-02,6.366980075836181641e-02,2.396003715693950653e-02,-1.219384074211120605e-01,-6.977430731058120728e-02,-1.692620664834976196e-01,6.616608053445816040e-02,-1.156705766916275024e-01,7.237793207168579102e-01,6.733754277229309082e-01,-8.859380334615707397e-02,4.937896737828850746e-04,1.533183827996253967e-02,-9.297367185354232788e-02,1.919377036392688751e-02,5.982477217912673950e-02,7.346303015947341919e-02,5.801905691623687744e-02,-3.491514623165130615e-01,-2.791972756385803223e-01,-1.065197288990020752e-01,-1.479238420724868774e-01,2.452982664108276367e-01,1.210008636116981506e-01,1.345993131399154663e-01,-7.081454247236251831e-02,2.242008894681930542e-01,1.243000924587249756e-01,2.625593245029449463e-01,2.296403050422668457e-01,3.647334575653076172e-01,2.655169069766998291e-01,3.459910452365875244e-01,3.271729648113250732e-01,4.192224144935607910e-02,2.057805657386779785e-02,1.185980588197708130e-01,1.274535655975341797e-01,2.487990260124206543e-01,2.064317911863327026e-01,3.525089919567108154e-01,3.351728618144989014e-01,2.446139305830001831e-01,3.233292698860168457e-01,1.378550082445144653e-01,8.124795556068420410e-02,4.375135153532028198e-02,-5.671264976263046265e-02,-1.032798290252685547e-01,-4.986097291111946106e-02,2.790995687246322632e-02,1.765877008438110352e-01,1.246110275387763977e-01,1.408583521842956543e-01,-2.051104046404361725e-02,-5.451309494674205780e-03
7.800319194793701172e-01,8.125384449958801270e-01,8.014958500862121582e-01,8.735448122024536133e-01,2.004222124814987183e-01,2.256662100553512573e-01,8.416336178779602051e-01,1.000000000000000000e+00,1.435157507658004761e-01,2.505558431148529053e-01,2.526072561740875244e-01,4.849039614200592041e-01,3.759896159172058105e-01,5.161073803901672363e-01,2.654064213857054710e-03,1.154503524303436279e-01,-1.670544445514678955e-01,7.618615776300430298e-02,7.949468493461608887e-01,7.939008474349975586e-01,1.026173308491706848e-01,1.583485901355743408e-01,7.622444629669189453e-01,8.230104446411132812e-01,3.606663942337036133e-01,2.791570127010345459e-01,1.260671168565750122e-01,1.041366830468177795e-01,-2.357670962810516357e-01,-2.224246114492416382e-01,4.080911576747894287e-01,4.232873618602752686e-01,1.827050559222698212e-02,9.962028264999389648e-02,-1.065096184611320496e-01,-7.462482154369354248e-02,-1.800304800271987915e-01,-1.753919422626495361e-01,1.981460601091384888e-01,1.734884455800056458e-02,1.356779336929321289e-01,-1.769611090421676636e-01,1.387257277965545654e-01,-8.404204249382019043e-02,-4.508985579013824463e-02,-1.818086206912994385e-01,1.911824792623519897e-01,1.143059134483337402e-01,-1.981702595949172974e-01,-1.983882784843444824e-01,-3.281684825196862221e-03,-1.608704030513763428e-01,1.944715976715087891e-01,2.353084236383438110e-01,8.399718254804611206e-02,1.137496083974838257e-01,5.745213031768798828e-01,5.876349210739135742e-01,1.380493193864822388e-01,1.455259472131729126e-01,4.116934910416603088e-02,8.023095130920410156e-02,3.462578752078115940e-04,-1.254662126302719116e-02,-1.182522550225257874e-01,-1.389331519603729248e-01,-6.960020400583744049e-03,-1.375045627355575562e-01,6.903195381164550781e-01,6.576552987098693848e-01,-1.366458982229232788e-01,-4.271868988871574402e-02,2.596819214522838593e-02,-5.161964520812034607e-02,-1.378676854074001312e-02,6.736361235380172729e-02,3.649007156491279602e-02,1.172924879938364029e-02,-3.483113944530487061e-01,-3.198157250881195068e-01,-1.380173414945602417e-01,-7.465333491563796997e-02,1.720366626977920532e-01,9.569526463747024536e-02,9.015606343746185303e-02,-3.822062164545059204e-02,1.346511691808700562e-01,3.933610394597053528e-02,1.931939870119094849e-01,2.087474763393402100e-01,3.532250821590423584e-01,2.352027446031570435e-01,3.455604016780853271e-01,3.087660968303680420e-01,-3.464866802096366882e-02,-2.114937454462051392e-02,6.328353285789489746e-02,7.552830129861831665e-02,2.210813164710998535e-01,1.788637489080429077e-01,3.829403817653656006e-01,3.156208693981170654e-01,2.411620765924453735e-01,3.113949894905090332e-01,1.180413141846656799e-01,6.733950972557067871e-02,7.730431389063596725e-03,-1.079100593924522400e-01,-1.338686794042587280e-01,-8.981502056121826172e-02,-1.735221780836582184e-02,1.642011404037475586e-01,8.951486647129058838e-02,1.123740077018737793e-01,-4.660234227776527405e-02,-1.548081263899803162e-02
2.477902919054031372e-01,1.641321480274200439e-01,1.397111713886260986e-01,9.144502878189086914e-02,7.051846385002136230e-01,2.436930686235427856e-01,2.197329998016357422e-01,1.435157507658004761e-01,1.000000000000000000e+00,5.254712700843811035e-01,5.531288385391235352e-01,4.059757590293884277e-01,5.810988545417785645e-01,4.106504917144775391e-01,5.483064651489257812e-01,4.522155821323394775e-01,2.507709264755249023e-01,3.606627881526947021e-01,8.387213945388793945e-02,5.978906899690628052e-02,2.557319998741149902e-01,3.754025101661682129e-01,2.013316899538040161e-01,1.416430920362472534e-01,4.545363783836364746e-01,3.418439626693725586e-01,1.819362631067633629e-03,-1.790350489318370819e-02,1.825361251831054688e-01,8.732114732265472412e-02,4.498075246810913086e-01,4.724088907241821289e-01,4.274916648864746094e-01,3.690877258777618408e-01,4.016396999359130859e-01,2.901190519332885742e-01,-5.762361362576484680e-02,-4.799713194370269775e-02,-6.510790437459945679e-02,-9.580388665199279785e-02,2.066453397274017334e-01,8.155579119920730591e-02,-1.831959187984466553e-01,-3.120368421077728271e-01,3.835289180278778076e-02,-1.147248521447181702e-01,-2.095910459756851196e-01,-2.598545551300048828e-01,-8.042585104703903198e-02,-6.968529522418975830e-02,-1.792482435703277588e-01,-2.633985877037048340e-01,-2.251597046852111816e-01,-2.700366079807281494e-01,-2.653575241565704346e-01,-2.627947330474853516e-01,3.639999926090240479e-01,3.074458837509155273e-01,3.357903063297271729e-01,2.368261665105819702e-01,3.691498339176177979e-01,3.250632286071777344e-01,3.188900351524353027e-01,2.391124218702316284e-01,2.465296834707260132e-01,2.428259998559951782e-01,3.883941769599914551e-01,3.069373071193695068e-01,2.073306888341903687e-01,3.988182917237281799e-02,1.173620894551277161e-01,2.143115848302841187e-01,3.147621154785156250e-01,3.250402510166168213e-01,3.131313920021057129e-01,2.790520489215850830e-01,2.315097153186798096e-01,2.076347172260284424e-01,-3.668593615293502808e-02,2.350865118205547333e-02,1.701684892177581787e-01,1.545609831809997559e-01,1.278281807899475098e-01,2.092631906270980835e-01,1.600480056367814541e-03,-1.143230646848678589e-01,3.823846578598022461e-02,9.037847816944122314e-02,-1.806165277957916260e-01,-2.553661167621612549e-01,-1.071994081139564514e-01,-1.003848463296890259e-01,-3.898523002862930298e-02,-1.836348697543144226e-02,-4.951692372560501099e-02,-2.096449397504329681e-02,-1.506515741348266602e-01,-1.570972055196762085e-01,-2.032983452081680298e-01,-2.166080325841903687e-01,-4.516806453466415405e-02,-5.816979333758354187e-02,-1.224143579602241516e-01,-9.437279403209686279e-02,-1.204328984022140503e-01,-1.181402131915092468e-01,-5.826109647750854492e-02,-5.611991509795188904e-03,-6.022330839186906815e-03,-1.533320844173431396e-01,-1.720539182424545288e-01,-1.879508793354034424e-01,-2.516561746597290039e-01,-1.771174222230911255e-01,-1.651013046503067017e-01,1.848489977419376373e-02
2.376066744327545166e-01,1.895380616188049316e-01,9.006465226411819458e-02,1.618665307760238647e-01,6.718270182609558105e-01,6.793283224105834961e-01,1.879700869321823120e-01,2.505558431148529053e-01,5.254712700843811035e-01,1.000000000000000000e+00,4.354496300220489502e-01,4.702706933021545410e-01,4.791155457496643066e-01,4.895856678485870361e-01,4.600722789764404297e-01,6.215634942054748535e-01,1.906840354204177856e-01,3.915786147117614746e-01,9.218459017574787140e-03,2.448504231870174408e-02,1.259121149778366089e-01,1.685553938150405884e-01,1.097206771373748779e-01,2.074033766984939575e-01,4.860641360282897949e-01,6.340636014938354492e-01,4.350336194038391113e-01,4.692209661006927490e-01,1.696406900882720947e-01,8.856675773859024048e-02,1.806783825159072876e-01,4.187494516372680664e-01,2.665150761604309082e-01,2.899265587329864502e-01,2.247251719236373901e-01,3.252086937427520752e-01,-2.008193135261535645e-01,-1.256485730409622192e-01,-1.581812202930450439e-01,-2.973299622535705566e-01,7.354622334241867065e-02,-1.120641529560089111e-01,-1.416809856891632080e-01,-1.995159685611724854e-01,1.325690597295761108e-01,7.859040051698684692e-02,-1.736586093902587891e-01,-2.823094427585601807e-01,5.380339175462722778e-02,1.177922859787940979e-01,-9.875674732029438019e-04,-1.334320902824401855e-01,-1.323054134845733643e-01,-2.375387549400329590e-01,-2.900440990924835205e-01,-3.241789937019348145e-01,3.627098202705383301e-01,3.298361897468566895e-01,3.501740694046020508e-01,2.431814074516296387e-01,4.366979002952575684e-01,3.707063198089599609e-01,3.683009445667266846e-01,4.203878641128540039e-01,3.619778156280517578e-01,3.782841861248016357e-01,3.342984318733215332e-01,3.038977682590484619e-01,1.051423847675323486e-01,-5.052299238741397858e-03,-2.390284538269042969e-01,-1.460270285606384277e-01,3.938015103340148926e-01,3.107182383537292480e-01,2.977292537689208984e-01,2.949452400207519531e-01,6.209526956081390381e-02,-2.396458946168422699e-02,5.456487461924552917e-02,7.196940481662750244e-02,8.411936461925506592e-02,3.503878116607666016e-01,8.617067337036132812e-02,2.137323170900344849e-01,7.078806310892105103e-02,1.149548366665840149e-01,-1.709384173154830933e-01,-3.408516198396682739e-02,-1.990820169448852539e-01,-1.439609080553054810e-01,-1.834858506917953491e-01,-7.265131920576095581e-02,3.430465981364250183e-02,1.126022823154926300e-02,-2.953078746795654297e-01,-2.554291188716888428e-01,-3.170768916606903076e-01,-2.589100897312164307e-01,-1.996022313833236694e-01,-1.915530562400817871e-01,6.454273313283920288e-02,-9.213084727525711060e-02,-1.018366366624832153e-01,-1.044914498925209045e-01,-9.715373069047927856e-02,-3.273187577724456787e-02,-1.771755814552307129e-01,-1.462258249521255493e-01,-1.153794080018997192e-01,-3.460519313812255859e-01,-3.303853273391723633e-01,-2.133047729730606079e-01,-2.451262176036834717e-01,-1.615791171789169312e-01,-2.330695092678070068e-01,-8.551252633333206177e-02
4.501027166843414307e-01,3.081340193748474121e-01,2.138035446405410767e-01,1.777102500200271606e-01,4.477376043796539307e-01,2.750495374202728271e-01,3.226731419563293457e-01,2.526072561740875244e-01,5.531288385391235352e-01,4.354496300220489502e-01,1.000000000000000000e+00,5.483444333076477051e-01,7.516194581985473633e-01,4.609871506690979004e-01,5.170263648033142090e-01,3.657458722591400146e-01,3.777537047863006592e-01,3.888432681560516357e-01,1.609787344932556152e-01,1.829014271497726440e-01,1.436282843351364136e-01,2.105243951082229614e-01,1.917033642530441284e-01,2.116222083568572998e-01,3.801203668117523193e-01,2.976940274238586426e-01,1.325189918279647827e-01,1.442092508077621460e-01,3.001735508441925049e-01,1.452557463198900223e-02,2.902429699897766113e-01,3.779770433902740479e-01,4.097012281417846680e-01,3.773506283760070801e-01,1.716754287481307983e-01,1.214854642748832703e-01,-1.747889518737792969e-01,-1.794740557670593262e-01,-2.308725565671920776e-02,-1.685592234134674072e-01,1.473816484212875366e-01,-1.054457202553749084e-01,-7.187996804714202881e-02,-1.613913327455520630e-01,3.611280396580696106e-02,5.384834110736846924e-02,-1.125489249825477600e-01,-2.094188630580902100e-01,5.903702229261398315e-02,1.024920046329498291e-01,-5.067874118685722351e-02,-1.537956744432449341e-01,-4.634558781981468201e-02,-1.281908452510833740e-01,-1.546909511089324951e-01,-2.062435746192932129e-01,5.689148306846618652e-01,3.369558751583099365e-01,4.998764395713806152e-01,3.667760491371154785e-01,5.541753172874450684e-01,4.023050963878631592e-01,4.778103828430175781e-01,2.990924715995788574e-01,2.363929450511932373e-01,1.740896999835968018e-01,3.228612542152404785e-01,3.014455735683441162e-01,2.034948468208312988e-01,1.478495150804519653e-01,5.158465728163719177e-02,8.372218161821365356e-02,3.998084068298339844e-01,2.892112433910369873e-01,3.476990461349487305e-01,3.362292349338531494e-01,2.380603104829788208e-01,1.343141645193099976e-01,-7.509102672338485718e-02,-6.735437363386154175e-02,1.033228263258934021e-01,4.053005203604698181e-02,1.379069238901138306e-01,1.524719744920730591e-01,-1.049611065536737442e-02,-1.765597760677337646e-01,-6.464080512523651123e-02,-8.358471095561981201e-02,-8.673234283924102783e-02,-1.458423137664794922e-01,-9.337632358074188232e-02,-7.590758055448532104e-02,-2.848636917769908905e-02,-2.466280013322830200e-02,-1.441914439201354980e-01,-1.131218448281288147e-01,-1.656582653522491455e-01,-1.469509601593017578e-01,-9.446232765913009644e-02,-1.120212972164154053e-01,-4.314628615975379944e-02,-7.223280519247055054e-02,-1.221482157707214355e-01,-1.012710332870483398e-01,-1.712749302387237549e-01,-1.739519834518432617e-01,-9.309403598308563232e-02,-4.604007303714752197e-02,3.002522280439734459e-03,-2.210653424263000488e-01,-2.209858745336532593e-01,-1.230780929327011108e-01,-1.227152869105339050e-01,-8.606168627738952637e-02,-1.510591357946395874e-01,-2.402396872639656067e-02
4.625925719738006592e-01,4.935602843761444092e-01,3.038734197616577148e-01,3.761564493179321289e-01,3.911442160606384277e-01,2.864262759685516357e-01,3.954506516456604004e-01,4.849039614200592041e-01,4.059757590293884277e-01,4.702706933021545410e-01,5.483444333076477051e-01,1.000000000000000000e+00,5.462341308593750000e-01,8.030941486358642578e-01,2.451579421758651733e-01,4.228420853614807129e-01,7.815184444189071655e-02,4.023539125919342041e-01,3.110792338848114014e-01,3.034316897392272949e-01,1.951810419559478760e-01,2.387323826551437378e-01,3.530379235744476318e-01,3.840637207031250000e-01,4.838988780975341797e-01,3.848041594028472900e-01,6.147874146699905396e-02,7.265871018171310425e-02,2.974573522806167603e-02,3.881271556019783020e-02,4.347071647644042969e-01,5.363633036613464355e-01,3.971726894378662109e-01,4.125033915042877197e-01,1.378830522298812866e-01,9.849663078784942627e-02,-1.532664895057678223e-01,-1.083357110619544983e-01,7.587993144989013672e-02,-7.912378758192062378e-02,1.113773509860038757e-01,-1.086811572313308716e-01,-4.346734844148159027e-03,-1.500011235475540161e-01,1.092914585024118423e-02,-4.475421458482742310e-02,-7.070202846080064774e-03,-8.032319694757461548e-02,-5.598318204283714294e-02,-9.624759666621685028e-03,-6.315517425537109375e-02,-1.539178490638732910e-01,1.763040199875831604e-02,-3.294657915830612183e-02,-1.138757169246673584e-01,-1.147145181894302368e-01,4.931532740592956543e-01,5.013233423233032227e-01,3.426959216594696045e-01,3.198939859867095947e-01,3.558599948883056641e-01,3.589733541011810303e-01,2.387185543775558472e-01,3.164520561695098877e-01,7.513619214296340942e-02,1.484314203262329102e-01,2.327690124511718750e-01,2.155749648809432983e-01,3.229202628135681152e-01,2.958162426948547363e-01,-5.588524788618087769e-02,4.336919263005256653e-02,2.596668303012847900e-01,2.387819290161132812e-01,1.920752674341201782e-01,2.340255677700042725e-01,2.105036079883575439e-01,1.879901289939880371e-01,-2.034964412450790405e-01,-1.352432221174240112e-01,-2.286786213517189026e-02,1.371946930885314941e-01,1.246635168790817261e-01,1.627018302679061890e-01,-1.648311875760555267e-02,1.133927982300519943e-02,-9.561225771903991699e-02,1.323420275002717972e-02,-6.293476372957229614e-02,-2.652316167950630188e-02,5.762426182627677917e-02,3.787636384367942810e-02,1.423758566379547119e-01,1.543339788913726807e-01,-1.451518088579177856e-01,-8.219988644123077393e-02,-8.230514824390411377e-02,-5.907076969742774963e-02,2.681668661534786224e-02,7.171141915023326874e-03,1.557736098766326904e-01,1.068768054246902466e-01,6.011503934860229492e-02,9.353923797607421875e-02,4.167753271758556366e-03,1.248542033135890961e-02,-1.220518052577972412e-01,-1.149955466389656067e-01,-7.530478388071060181e-02,-1.997174620628356934e-01,-1.181716024875640869e-01,3.034590184688568115e-02,-7.796652615070343018e-02,-2.585405483841896057e-02,-8.241898566484451294e-02,-2.888796105980873108e-02
5.956164598464965820e-01,4.312455356121063232e-01,3.329255580902099609e-01,2.750619053840637207e-01,5.081024169921875000e-01,3.541152775287628174e-01,4.713102281093597412e-01,3.759896159172058105e-01,5.810988545417785645e-01,4.791155457496643066e-01,7.516194581985473633e-01,5.462341308593750000e-01,1.000000000000000000e+00,5.775927901268005371e-01,4.741407930850982666e-01,3.522403538227081299e-01,3.501583039760589600e-01,3.372917175292968750e-01,2.522321343421936035e-01,2.863835096359252930e-01,1.492390930652618408e-01,2.087440192699432373e-01,2.917504310607910156e-01,3.390497863292694092e-01,3.799084424972534180e-01,4.054047465324401855e-01,9.324923902750015259e-02,1.173922866582870483e-01,2.715338170528411865e-01,3.030340932309627533e-02,3.425814211368560791e-01,5.158283114433288574e-01,4.730662405490875244e-01,4.419479668140411377e-01,1.389868110418319702e-01,1.969486027956008911e-01,-2.269427776336669922e-01,-2.238013446331024170e-01,-6.944961100816726685e-02,-2.433323562145233154e-01,1.569732725620269775e-01,-7.385990768671035767e-02,-7.048480212688446045e-02,-1.760731488466262817e-01,9.626027196645736694e-02,-4.503285977989435196e-03,-1.067718267440795898e-01,-2.034525573253631592e-01,3.051986172795295715e-02,4.814669489860534668e-02,-5.466022714972496033e-02,-1.897971034049987793e-01,-3.196238353848457336e-02,-1.010466814041137695e-01,-1.676076054573059082e-01,-2.150247842073440552e-01,6.988378763198852539e-01,4.946644604206085205e-01,5.747482776641845703e-01,5.021542906761169434e-01,5.545723438262939453e-01,4.601592421531677246e-01,4.719414710998535156e-01,2.963744997978210449e-01,2.174674272537231445e-01,1.761924177408218384e-01,3.941716551780700684e-01,3.240680694580078125e-01,3.405621051788330078e-01,2.822299003601074219e-01,-7.480061799287796021e-02,3.172927349805831909e-02,4.259147644042968750e-01,2.759397625923156738e-01,3.412247896194458008e-01,3.353503048419952393e-01,1.592413485050201416e-01,7.617608457803726196e-02,-3.629254177212715149e-02,1.177453342825174332e-02,1.575243026018142700e-01,8.916714787483215332e-02,1.307344436645507812e-01,1.386638730764389038e-01,3.439968079328536987e-02,-1.501393616199493408e-01,-1.064881458878517151e-01,-6.233258545398712158e-02,-7.823264598846435547e-02,-1.613881736993789673e-01,-7.336794584989547729e-02,-8.125062286853790283e-02,-1.398828811943531036e-02,-1.373334787786006927e-02,-2.470139563083648682e-01,-2.444894909858703613e-01,-2.562855482101440430e-01,-2.238304913043975830e-01,-1.128332987427711487e-01,-1.352589577436447144e-01,-1.136508025228977203e-02,-1.713836565613746643e-02,-1.017611846327781677e-01,-4.092387855052947998e-02,-1.250380724668502808e-01,-8.516092598438262939e-02,-5.983116850256919861e-02,-5.763270705938339233e-02,-5.993649363517761230e-02,-3.130391240119934082e-01,-2.866193652153015137e-01,-1.847047507762908936e-01,-1.854166984558105469e-01,-1.337924301624298096e-01,-2.292809784412384033e-01,-4.514104500412940979e-02
