1.000000000000000000e+00,3.884117305278778076e-01,2.491452395915985107e-01,2.449934780597686768e-01,1.124227494001388550e-01,7.656503468751907349e-02,2.420355230569839478e-01,1.919392496347427368e-01,1.151564791798591614e-01,6.652397662401199341e-02,2.353788316249847412e-01,2.066136896610260010e-01,1.753737330436706543e-01,1.401678025722503662e-01,1.272477358579635620e-01,1.103924661874771118e-01,2.231288850307464600e-01,1.888602823019027710e-01,3.480379879474639893e-01,3.398246169090270996e-01,7.416863739490509033e-02,2.595406770706176758e-02,1.880173534154891968e-01,1.797114163637161255e-01,1.319202333688735962e-01,1.212503239512443542e-01,7.041149586439132690e-02,4.827699437737464905e-02,1.768753975629806519e-01,1.365809291601181030e-01,1.557118892669677734e-01,1.521360874176025391e-01,1.753410696983337402e-01,1.923529952764511108e-01,7.273430004715919495e-03,-2.120729722082614899e-02,2.613090537488460541e-02,2.152803167700767517e-02,-7.591417990624904633e-03,3.496809303760528564e-02,-8.807781338691711426e-02,-4.460122063755989075e-02,-1.701251268386840820e-01,-1.647356301546096802e-01,-1.099906489253044128e-01,-1.268572062253952026e-01,-1.610240489244461060e-01,-1.733765155076980591e-01,-9.959210455417633057e-02,-1.124369129538536072e-01,-1.144996434450149536e-01,-1.027470752596855164e-01,-7.065783441066741943e-02,-1.120127961039543152e-01,-6.628980487585067749e-02,-5.750623717904090881e-02,4.371415674686431885e-01,3.399097919464111328e-01,1.526821851730346680e-01,5.711520835757255554e-02,1.096822172403335571e-01,4.190336167812347412e-02,1.804558783769607544e-01,1.639547944068908691e-01,8.542369306087493896e-02,3.376155719161033630e-02,9.390859305858612061e-02,1.377140637487173080e-02,3.112795054912567139e-01,2.784152626991271973e-01,5.283591151237487793e-02,6.243745982646942139e-02,1.000334098935127258e-01,8.106397837400436401e-02,6.032334268093109131e-02,7.273221760988235474e-02,-6.473852694034576416e-02,-9.098756313323974609e-02,1.289093494415283203e-01,1.028783917427062988e-01,1.321119666099548340e-01,1.717112660408020020e-01,1.017707511782646179e-01,8.520319312810897827e-02,9.943334013223648071e-02,7.380907237529754639e-02,5.661296844482421875e-02,3.761714324355125427e-02,1.824041828513145447e-02,-4.514868929982185364e-02,-2.377494797110557556e-02,-8.524996787309646606e-02,-6.348083913326263428e-02,7.339545525610446930e-03,-3.065319918096065521e-02,1.351093407720327377e-02,-1.045745387673377991e-01,3.092751279473304749e-02,-1.615723669528961182e-01,-1.369036436080932617e-01,-1.346399635076522827e-02,3.521667048335075378e-02,6.059301644563674927e-02,4.746817052364349365e-02,-5.737083032727241516e-02,-9.044370055198669434e-02,-4.727241396903991699e-02,7.797112315893173218e-02,-3.974369540810585022e-02,-8.604542165994644165e-02,-8.202194422483444214e-02,-3.867729008197784424e-02,-3.883624821901321411e-02,-3.197010233998298645e-02,-8.377259224653244019e-02,-4.910892993211746216e-02
3.884117305278778076e-01,1.000000000000000000e+00,2.579829990863800049e-01,2.977373600006103516e-01,1.404987871646881104e-01,1.344767063856124878e-01,2.507677972316741943e-01,2.630854845046997070e-01,1.566551625728607178e-01,1.251451820135116577e-01,2.047452330589294434e-01,3.110291361808776855e-01,1.804476827383041382e-01,2.167109698057174683e-01,1.167568489909172058e-01,1.673256307840347290e-01,2.300007194280624390e-01,2.973386943340301514e-01,3.560483455657958984e-01,3.827788829803466797e-01,9.388910979032516479e-02,5.418331176042556763e-02,2.331648766994476318e-01,2.241886258125305176e-01,1.651891767978668213e-01,1.507584303617477417e-01,6.258849054574966431e-02,6.943799555301666260e-02,1.951588839292526245e-01,2.141912877559661865e-01,2.005352824926376343e-01,2.049130201339721680e-01,1.406007856130599976e-01,1.670243293046951294e-01,-4.718066379427909851e-02,-6.650725007057189941e-02,2.076141349971294403e-02,4.017071798443794250e-02,3.381841629743576050e-02,8.962608128786087036e-02,-7.597211003303527832e-02,-7.718139793723821640e-03,-3.980145975947380066e-02,-5.305851623415946960e-02,-5.034134536981582642e-02,-4.660709574818611145e-02,-5.396075919270515442e-02,-9.631468355655670166e-02,-3.767300769686698914e-02,-1.437903661280870438e-02,-1.399434357881546021e-01,-3.762090578675270081e-02,-1.105438321828842163e-01,-9.950347989797592163e-02,-4.069828614592552185e-02,-6.188313942402601242e-03,3.820676207542419434e-01,4.452730715274810791e-01,8.479093015193939209e-02,1.069783121347427368e-01,-1.183382235467433929e-02,5.077862367033958435e-02,2.295926660299301147e-01,2.326775342226028442e-01,-1.815572194755077362e-02,-1.979349926114082336e-02,4.227370396256446838e-02,-1.310525834560394287e-02,2.950317859649658203e-01,2.689413428306579590e-01,8.595237135887145996e-02,8.277508616447448730e-02,7.110749185085296631e-02,1.428467929363250732e-01,3.028590045869350433e-02,1.205222681164741516e-01,-9.862899035215377808e-02,-6.992881000041961670e-02,1.578002721071243286e-01,1.738701164722442627e-01,1.938389390707015991e-01,2.200787067413330078e-01,1.449680179357528687e-01,1.491446793079376221e-01,4.386013746261596680e-02,8.908072859048843384e-02,9.046295285224914551e-02,9.792333841323852539e-02,-5.906420946121215820e-02,-7.458034157752990723e-02,-6.493544578552246094e-02,-1.004518643021583557e-01,-1.257622539997100830e-01,-4.845424368977546692e-02,-1.301051378250122070e-01,-2.733768778853118420e-04,-1.372356712818145752e-01,3.433414176106452942e-02,-1.617903709411621094e-01,-1.387854665517807007e-01,-4.993297532200813293e-02,-1.816123351454734802e-02,1.703571900725364685e-02,-4.063707217574119568e-02,-6.304118037223815918e-02,-1.153617501258850098e-01,-3.168703243136405945e-02,4.778298363089561462e-02,-4.781311843544244766e-03,-1.626934558153152466e-01,-1.207953318953514099e-01,-4.787481203675270081e-02,-3.975877538323402405e-02,-6.243997439742088318e-02,-1.021138951182365417e-01,-1.189583353698253632e-02
2.491452395915985107e-01,2.579829990863800049e-01,1.000000000000000000e+00,4.897691309452056885e-01,3.477658927440643311e-01,3.659886121749877930e-01,5.365394949913024902e-01,4.846016764640808105e-01,3.483020961284637451e-01,3.529045283794403076e-01,4.336376786231994629e-01,4.278054237365722656e-01,4.927784204483032227e-01,4.750807881355285645e-01,3.350817263126373291e-01,4.004652500152587891e-01,2.823167741298675537e-01,3.343658149242401123e-01,2.138994932174682617e-01,1.408987194299697876e-01,1.863652169704437256e-01,2.161251902580261230e-01,5.357587933540344238e-01,5.230039358139038086e-01,4.262072741985321045e-01,4.248415529727935791e-01,1.534190922975540161e-01,1.685650497674942017e-01,3.279057443141937256e-01,3.533803522586822510e-01,4.754440486431121826e-01,4.734050333499908447e-01,1.983878761529922485e-01,2.906288206577301025e-01,6.458547897636890411e-03,-7.916078902781009674e-03,-9.323311969637870789e-03,1.006427705287933350e-01,-1.132755130529403687e-01,7.040874660015106201e-02,1.197788678109645844e-02,1.606605499982833862e-01,-1.082360744476318359e-01,-1.217492520809173584e-01,-2.175704203546047211e-02,-8.391416817903518677e-02,-1.095154359936714172e-01,-1.158009544014930725e-01,-1.794643141329288483e-02,-9.577468782663345337e-02,-8.086584508419036865e-02,-4.795253649353981018e-02,-1.303247362375259399e-01,-7.231673598289489746e-02,-1.468310505151748657e-01,-1.470078378915786743e-01,7.344372570514678955e-02,1.261786818504333496e-01,-1.594914495944976807e-01,-1.670593619346618652e-01,-9.243698418140411377e-02,-1.100036650896072388e-01,6.158804893493652344e-02,3.486214950680732727e-02,-6.021823361515998840e-02,-7.673821598291397095e-02,-7.616648823022842407e-02,-1.779182404279708862e-01,6.000869907438755035e-04,-4.953973740339279175e-02,3.571658432483673096e-01,4.066521227359771729e-01,2.257158160209655762e-01,3.650750815868377686e-01,8.207165449857711792e-02,2.045672982931137085e-01,1.413469910621643066e-01,1.781574785709381104e-01,9.109777957201004028e-02,1.509459912776947021e-01,6.001269817352294922e-02,2.615434527397155762e-01,1.271348446607589722e-01,2.647149264812469482e-01,-9.655824862420558929e-03,1.212994158267974854e-01,-6.418124586343765259e-02,8.299275487661361694e-02,-1.342785209417343140e-01,-1.162772104144096375e-01,-1.286459863185882568e-01,-4.998578503727912903e-02,-9.211723506450653076e-02,-7.956086657941341400e-03,-1.482295244932174683e-01,-9.062701463699340820e-02,-1.435531377792358398e-01,-6.883730739355087280e-02,-1.492240577936172485e-01,-1.016970798373222351e-01,-1.138477027416229248e-01,-4.683209210634231567e-02,-9.841983765363693237e-02,-6.761283427476882935e-02,-1.198671013116836548e-01,-1.196254119277000427e-01,-5.641812086105346680e-02,1.564290607348084450e-03,-4.592769965529441833e-02,-1.917663514614105225e-01,-8.359106630086898804e-02,-7.185496389865875244e-02,-3.647631779313087463e-02,-1.343352943658828735e-01,-1.568786054849624634e-01,-1.262010484933853149e-01
2.449934780597686768e-01,2.977373600006103516e-01,4.897691309452056885e-01,1.000000000000000000e+00,3.240818679332733154e-01,3.864847123622894287e-01,4.873472452163696289e-01,5.183815956115722656e-01,3.083961308002471924e-01,3.695058822631835938e-01,4.036861360073089600e-01,4.633481800556182861e-01,4.323014020919799805e-01,4.639809429645538330e-01,2.779442369937896729e-01,4.088634848594665527e-01,2.710657417774200439e-01,3.507902324199676514e-01,2.408766150474548340e-01,2.207531630992889404e-01,1.537151485681533813e-01,1.844579130411148071e-01,4.915928840637207031e-01,5.125819444656372070e-01,3.932354450225830078e-01,4.107752144336700439e-01,1.215583682060241699e-01,1.691840887069702148e-01,3.411466181278228760e-01,3.678913414478302002e-01,4.392527937889099121e-01,4.613903164863586426e-01,1.646510660648345947e-01,2.961596846580505371e-01,-5.446002632379531860e-02,-2.785342372953891754e-02,-2.302488684654235840e-02,6.847265362739562988e-02,-1.093297526240348816e-01,7.349871844053268433e-02,-1.433251891285181046e-02,1.146339625120162964e-01,-1.156310141086578369e-01,-1.306681931018829346e-01,-6.315381824970245361e-02,-1.149095073342323303e-01,-1.361126303672790527e-01,-1.604111045598983765e-01,-6.111742183566093445e-02,-1.237046793103218079e-01,-1.596981585025787354e-01,-9.666693210601806641e-02,-1.565130352973937988e-01,-1.266890764236450195e-01,-1.128408238291740417e-01,-1.184580624103546143e-01,1.211513429880142212e-01,1.707644015550613403e-01,-1.616227924823760986e-01,-1.066145747900009155e-01,-1.323473900556564331e-01,2.064651437103748322e-02,9.888321161270141602e-02,1.708152592182159424e-01,-1.062999740242958069e-01,-4.591257777065038681e-03,-8.065274357795715332e-02,-1.152838096022605896e-01,3.310277312994003296e-02,-4.779360815882682800e-02,3.234814703464508057e-01,3.587660789489746094e-01,2.302241921424865723e-01,3.438543379306793213e-01,1.104653254151344299e-01,2.298171371221542358e-01,3.581035137176513672e-02,1.106897220015525818e-01,9.288413077592849731e-02,1.778852939605712891e-01,9.707344323396682739e-02,3.072024285793304443e-01,1.378863155841827393e-01,3.159979879856109619e-01,-1.668247766792774200e-02,1.932460367679595947e-01,-2.250019460916519165e-02,1.344455778598785400e-01,-1.549187153577804565e-01,-1.005118489265441895e-01,-8.945249021053314209e-02,-1.105417460203170776e-01,-8.622764796018600464e-02,-1.038964092731475830e-01,-1.709670424461364746e-01,-6.425942480564117432e-02,-1.987300515174865723e-01,-3.946336358785629272e-02,-1.798193454742431641e-01,-1.384541690349578857e-01,-1.302431523799896240e-01,-1.195103973150253296e-01,-1.190960332751274109e-01,-1.212892681360244751e-01,-1.467647850513458252e-01,-1.826591491699218750e-01,-6.633556634187698364e-02,3.934916574507951736e-03,-5.657092481851577759e-02,-2.082843631505966187e-01,-1.648995280265808105e-01,-1.233898773789405823e-01,-5.917846411466598511e-02,-2.042780220508575439e-01,-2.142580598592758179e-01,-1.302289664745330811e-01
1.124227494001388550e-01,1.404987871646881104e-01,3.477658927440643311e-01,3.240818679332733154e-01,1.000000000000000000e+00,5.160456299781799316e-01,3.846849203109741211e-01,3.029239773750305176e-01,4.799863398075103760e-01,4.628989398479461670e-01,3.468074202537536621e-01,3.574387431144714355e-01,4.260914027690887451e-01,3.816814720630645752e-01,4.784365296363830566e-01,4.476014375686645508e-01,2.222930788993835449e-01,2.843489050865173340e-01,7.563256472349166870e-02,7.608208805322647095e-02,2.778705060482025146e-01,2.675201892852783203e-01,3.648331761360168457e-01,3.469162285327911377e-01,4.259244799613952637e-01,4.196799993515014648e-01,3.821960091590881348e-01,3.943604528903961182e-01,3.751873075962066650e-01,3.273988664150238037e-01,3.948096632957458496e-01,3.962941765785217285e-01,4.938881844282150269e-02,1.400200128555297852e-01,-7.197283208370208740e-02,-6.596510112285614014e-02,1.330020427703857422e-01,1.461287736892700195e-01,4.853787273168563843e-02,1.657527983188629150e-01,1.499326080083847046e-01,2.223258316516876221e-01,-6.301663815975189209e-02,-1.057370454072952271e-01,-3.690209984779357910e-02,-1.543829739093780518e-01,-1.258690655231475830e-01,-1.257614791393280029e-01,-1.243001371622085571e-01,-2.096372395753860474e-01,-1.233489438891410828e-01,-1.401455551385879517e-01,-1.090309694409370422e-01,-1.117265671491622925e-01,-6.734430044889450073e-02,-5.811385437846183777e-02,3.341646865010261536e-02,8.361762017011642456e-02,-1.750713139772415161e-01,-2.215080559253692627e-01,-7.615919411182403564e-02,-8.978780359029769897e-02,-2.188439294695854187e-02,2.609371952712535858e-02,-8.917149901390075684e-02,-1.016960814595222473e-01,-1.018950715661048889e-01,-2.077442109584808350e-01,-3.691782709211111069e-03,-6.678270548582077026e-02,3.602155745029449463e-01,3.361625671386718750e-01,2.903687357902526855e-01,3.031288683414459229e-01,1.706476807594299316e-01,2.614012360572814941e-01,9.456146508455276489e-02,1.424439698457717896e-01,6.713394820690155029e-02,8.952680230140686035e-02,7.481615245342254639e-02,2.228275090456008911e-01,2.383399605751037598e-01,3.085402548313140869e-01,2.168034762144088745e-02,1.268244981765747070e-01,-1.449907869100570679e-01,1.982721388339996338e-01,-1.548061612993478775e-02,-1.551969721913337708e-02,-7.317680865526199341e-02,-2.432047948241233826e-02,-4.299397021532058716e-02,-5.493305157870054245e-03,-6.669525802135467529e-02,8.111259341239929199e-02,-2.912078425288200378e-02,6.127756834030151367e-02,-1.284457296133041382e-01,-8.304595947265625000e-02,-1.871145367622375488e-01,-1.090259924530982971e-01,-1.808216273784637451e-01,-1.325192749500274658e-01,-1.011401787400245667e-01,-9.468280524015426636e-02,-8.844411373138427734e-02,1.225532777607440948e-02,2.198653062805533409e-03,-5.950990319252014160e-02,-6.207720190286636353e-02,-6.394081562757492065e-02,-1.998704485595226288e-02,-1.417651176452636719e-01,-1.339847892522811890e-01,-2.324685081839561462e-02
7.656503468751907349e-02,1.344767063856124878e-01,3.659886121749877930e-01,3.864847123622894287e-01,5.160456299781799316e-01,1.000000000000000000e+00,4.035409390926361084e-01,3.834329545497894287e-01,4.538648724555969238e-01,5.093092322349548340e-01,3.464837670326232910e-01,4.049957692623138428e-01,4.287555217742919922e-01,4.264060556888580322e-01,4.121590256690979004e-01,4.567494690418243408e-01,2.101235985755920410e-01,2.906440794467926025e-01,6.753730028867721558e-02,5.541597306728363037e-02,2.365777045488357544e-01,2.405098974704742432e-01,3.989732861518859863e-01,3.893548846244812012e-01,4.083881676197052002e-01,4.407242238521575928e-01,3.020009696483612061e-01,3.630479574203491211e-01,3.656125664710998535e-01,3.383620679378509521e-01,4.195194244384765625e-01,4.345523118972778320e-01,5.871600657701492310e-02,1.735234260559082031e-01,-8.741336315870285034e-02,-4.726212844252586365e-02,7.368185371160507202e-02,1.123908683657646179e-01,1.284968806430697441e-03,1.355028301477432251e-01,9.267279505729675293e-02,1.879310309886932373e-01,-9.215446561574935913e-02,-1.298808008432388306e-01,-4.992246255278587341e-02,-1.655091047286987305e-01,-1.507479250431060791e-01,-1.590044647455215454e-01,-1.303766071796417236e-01,-2.081890404224395752e-01,-1.358329504728317261e-01,-1.187965571880340576e-01,-1.176917925477027893e-01,-1.168688908219337463e-01,-7.557234913110733032e-02,-8.652985095977783203e-02,-1.681130938231945038e-02,4.642558097839355469e-02,-2.243971973657608032e-01,-2.030972838401794434e-01,-1.027262434363365173e-01,-2.689279057085514069e-02,-5.718620866537094116e-02,3.956421092152595520e-02,-1.168383136391639709e-01,-3.114905208349227905e-02,-1.627564579248428345e-01,-2.206114679574966431e-01,-4.409901425242424011e-02,-1.305602639913558960e-01,3.801446855068206787e-01,3.642716705799102783e-01,2.848955094814300537e-01,3.095851838588714600e-01,1.537868529558181763e-01,2.472088187932968140e-01,9.201972931623458862e-02,1.562799960374832153e-01,8.109609782695770264e-02,1.328881978988647461e-01,4.868401587009429932e-02,2.276861071586608887e-01,1.826611459255218506e-01,3.190736174583435059e-01,-3.592380136251449585e-02,1.241341978311538696e-01,-1.449498683214187622e-01,1.841627657413482666e-01,-4.594137519598007202e-02,-9.857480181381106377e-04,-1.017990633845329285e-01,-6.880204379558563232e-02,-4.762244969606399536e-02,-4.949354752898216248e-02,-1.206277236342430115e-01,7.084389682859182358e-03,-9.746184945106506348e-02,2.338210679590702057e-02,-1.498295813798904419e-01,-1.009251996874809265e-01,-2.132843881845474243e-01,-1.394259035587310791e-01,-2.100112736225128174e-01,-1.641671210527420044e-01,-1.466439664363861084e-01,-1.413143724203109741e-01,-1.078013256192207336e-01,-2.739620581269264221e-02,-7.909907959401607513e-03,-1.055707111954689026e-01,-1.062382012605667114e-01,-1.009041368961334229e-01,-4.449576511979103088e-02,-1.786272674798965454e-01,-1.634341180324554443e-01,-5.878039449453353882e-02
2.420355230569839478e-01,2.507677972316741943e-01,5.365394949913024902e-01,4.873472452163696289e-01,3.846849203109741211e-01,4.035409390926361084e-01,1.000000000000000000e+00,5.081855058670043945e-01,3.935194909572601318e-01,3.996030986309051514e-01,4.725655913352966309e-01,4.726110994815826416e-01,5.213930010795593262e-01,5.085110068321228027e-01,3.357694745063781738e-01,4.109647274017333984e-01,2.902355492115020752e-01,3.542489111423492432e-01,1.769830137491226196e-01,1.300273984670639038e-01,1.589627414941787720e-01,2.064112424850463867e-01,5.194805860519409180e-01,5.141888260841369629e-01,4.046411514282226562e-01,4.219296872615814209e-01,1.410767436027526855e-01,1.679557412862777710e-01,3.823649287223815918e-01,3.702328205108642578e-01,4.940494000911712646e-01,4.991033375263214111e-01,1.953974813222885132e-01,3.064845502376556396e-01,-5.417397990822792053e-02,-4.326136037707328796e-02,-1.879110001027584076e-02,7.717584818601608276e-02,-1.237286180257797241e-01,5.064724013209342957e-02,4.125903826206922531e-03,1.483776569366455078e-01,-1.230650842189788818e-01,-1.388946920633316040e-01,-7.140795141458511353e-02,-1.362075805664062500e-01,-1.389442384243011475e-01,-1.454909443855285645e-01,-5.155841261148452759e-02,-1.349139660596847534e-01,-8.968464285135269165e-02,-7.040543854236602783e-02,-1.126274317502975464e-01,-9.661294519901275635e-02,-1.202081516385078430e-01,-1.496076881885528564e-01,5.795558914542198181e-02,1.066166460514068604e-01,-1.642558127641677856e-01,-1.951779127120971680e-01,-4.837832972407341003e-02,-3.696518018841743469e-02,7.725445926189422607e-02,1.021620780229568481e-01,-8.407223969697952271e-02,-6.043905019760131836e-02,-1.056318506598472595e-01,-1.925175487995147705e-01,-2.825295366346836090e-02,-8.089113235473632812e-02,3.868884742259979248e-01,4.221946895122528076e-01,2.642726004123687744e-01,3.781629800796508789e-01,1.079431325197219849e-01,2.371577173471450806e-01,1.416448056697845459e-01,1.883155703544616699e-01,8.815540373325347900e-02,1.890832781791687012e-01,4.401138424873352051e-02,2.647652924060821533e-01,1.146418079733848572e-01,2.453569918870925903e-01,-4.702309891581535339e-02,1.063219308853149414e-01,-9.015692770481109619e-02,5.324217677116394043e-02,-1.399582475423812866e-01,-1.511713415384292603e-01,-1.189295873045921326e-01,-8.974696695804595947e-02,-1.130317971110343933e-01,-7.035918533802032471e-02,-1.618463099002838135e-01,-7.317271083593368530e-02,-1.683813184499740601e-01,-4.886645823717117310e-02,-1.420948356389999390e-01,-1.120890453457832336e-01,-1.310434788465499878e-01,-8.951728045940399170e-02,-1.342749595642089844e-01,-1.119052842259407043e-01,-1.430209726095199585e-01,-1.516791135072708130e-01,-6.961563229560852051e-02,-1.276979595422744751e-02,-2.508996985852718353e-02,-1.931146085262298584e-01,-1.223031505942344666e-01,-9.961871802806854248e-02,-5.413467064499855042e-02,-1.376645565032958984e-01,-1.600988209247589111e-01,-1.346305012702941895e-01
1.919392496347427368e-01,2.630854845046997070e-01,4.846016764640808105e-01,5.183815956115722656e-01,3.029239773750305176e-01,3.834329545497894287e-01,5.081855058670043945e-01,1.000000000000000000e+00,2.940181493759155273e-01,3.755685091018676758e-01,3.951761424541473389e-01,4.906679093837738037e-01,4.413273632526397705e-01,5.018235445022583008e-01,2.415124773979187012e-01,3.897183835506439209e-01,2.616507112979888916e-01,3.428747951984405518e-01,1.690537035465240479e-01,1.292381584644317627e-01,1.213694214820861816e-01,1.867759674787521362e-01,4.866429865360260010e-01,4.911878108978271484e-01,3.421334922313690186e-01,4.053589105606079102e-01,7.616411894559860229e-02,1.536782979965209961e-01,3.321312963962554932e-01,3.640497326850891113e-01,4.460586905479431152e-01,4.669649899005889893e-01,1.776340454816818237e-01,3.166254460811614990e-01,-9.090970456600189209e-02,-4.037149995565414429e-02,-3.680970892310142517e-02,4.244795814156532288e-02,-1.401220709085464478e-01,4.140068218111991882e-02,-2.414174377918243408e-02,1.041517555713653564e-01,-1.018297672271728516e-01,-1.164890155196189880e-01,-8.807209134101867676e-02,-1.249669343233108521e-01,-1.138797774910926819e-01,-1.403688043355941772e-01,-4.749650508165359497e-02,-1.109778359532356262e-01,-9.443292021751403809e-02,-4.050331190228462219e-02,-7.156518101692199707e-02,-8.289688080549240112e-02,-6.078901141881942749e-02,-1.082045584917068481e-01,2.823652885854244232e-02,1.082457154989242554e-01,-1.980918794870376587e-01,-1.333889365196228027e-01,-8.326410502195358276e-02,7.590955495834350586e-02,4.360079765319824219e-02,1.430515944957733154e-01,-1.173401102423667908e-01,2.614649198949337006e-02,-1.629801839590072632e-01,-1.816302686929702759e-01,-7.044643908739089966e-02,-1.346060782670974731e-01,3.452678620815277100e-01,3.840461373329162598e-01,2.486756891012191772e-01,3.714487552642822266e-01,1.424170881509780884e-01,2.529124617576599121e-01,9.776494652032852173e-02,1.605990380048751831e-01,9.293196350336074829e-02,1.948599666357040405e-01,3.256412595510482788e-02,2.548861205577850342e-01,1.025528311729431152e-01,2.616632580757141113e-01,-6.812147796154022217e-02,1.327966302633285522e-01,-2.836475521326065063e-02,6.931684166193008423e-02,-1.324750483036041260e-01,-8.473628759384155273e-02,-9.112963080406188965e-02,-1.136886924505233765e-01,-8.968826383352279663e-02,-1.232635155320167542e-01,-1.912740767002105713e-01,-1.265840530395507812e-01,-2.117241024971008301e-01,-8.688606321811676025e-02,-1.132018417119979858e-01,-8.973838388919830322e-02,-1.001011580228805542e-01,-1.112352237105369568e-01,-1.220657601952552795e-01,-1.370887607336044312e-01,-1.553419232368469238e-01,-1.890184283256530762e-01,-6.149880588054656982e-02,-5.838697403669357300e-02,-2.486367896199226379e-02,-2.174079269170761108e-01,-1.717151403427124023e-01,-1.197820156812667847e-01,-6.342498213052749634e-02,-1.737451553344726562e-01,-1.725708693265914917e-01,-1.456115841865539551e-01
1.151564791798591614e-01,1.566551625728607178e-01,3.483020961284637451e-01,3.083961308002471924e-01,4.799863398075103760e-01,4.538648724555969238e-01,3.935194909572601318e-01,2.940181493759155273e-01,1.000000000000000000e+00,4.877361059188842773e-01,3.181717395782470703e-01,3.496404588222503662e-01,4.156266748905181885e-01,3.573955893516540527e-01,4.554867744445800781e-01,4.239590764045715332e-01,1.611851602792739868e-01,2.490448802709579468e-01,1.090656891465187073e-01,9.961425513029098511e-02,1.827543824911117554e-01,1.469530165195465088e-01,3.534759879112243652e-01,3.216263353824615479e-01,3.796746432781219482e-01,3.416137397289276123e-01,2.570031583309173584e-01,2.314153611660003662e-01,3.209726214408874512e-01,2.751426100730895996e-01,3.473718166351318359e-01,3.498452901840209961e-01,2.132636681199073792e-02,8.580298721790313721e-02,-5.390614271163940430e-02,-7.867965102195739746e-02,4.173079505562782288e-02,5.928974226117134094e-02,-9.521647356450557709e-03,2.883120067417621613e-02,3.473439067602157593e-02,1.251454949378967285e-01,-9.427599608898162842e-02,-1.424892842769622803e-01,-9.047339856624603271e-02,-2.217657715082168579e-01,-1.549091041088104248e-01,-1.614380478858947754e-01,-1.745302230119705200e-01,-2.276907414197921753e-01,-1.640521585941314697e-01,-1.482124924659729004e-01,-1.810879856348037720e-01,-1.540235131978988647e-01,-1.393162757158279419e-01,-1.496884375810623169e-01,2.225148677825927734e-02,8.924672007560729980e-02,-1.133939921855926514e-01,-1.711568981409072876e-01,6.159905344247817993e-03,-4.047202691435813904e-02,2.944976277649402618e-02,6.824287027120590210e-02,4.960387945175170898e-02,-7.881036726757884026e-04,-1.010138019919395447e-01,-2.362580448389053345e-01,1.479887403547763824e-02,-4.396620392799377441e-02,3.086523413658142090e-01,2.752414345741271973e-01,2.097930461168289185e-01,2.280022501945495605e-01,8.031565696001052856e-02,1.944418847560882568e-01,5.349149927496910095e-02,9.027586877346038818e-02,5.321517586708068848e-02,8.988283574581146240e-02,9.128205478191375732e-02,2.134755849838256836e-01,1.914473325014114380e-01,2.348030209541320801e-01,7.074878364801406860e-02,1.158004850149154663e-01,-1.239288300275802612e-01,1.714625358581542969e-01,-8.209238760173320770e-03,-6.726304441690444946e-02,-3.009357489645481110e-02,2.974529284983873367e-03,-3.549498319625854492e-02,1.368283107876777649e-02,-9.321437031030654907e-02,6.943628191947937012e-02,-7.039167732000350952e-02,5.113641172647476196e-02,-1.530455052852630615e-01,-1.324372440576553345e-01,-1.901895254850387573e-01,-1.006228625774383545e-01,-1.707685589790344238e-01,-1.500261574983596802e-01,-1.351377815008163452e-01,-1.219060495495796204e-01,-8.903862535953521729e-02,3.862415626645088196e-02,1.755386963486671448e-02,-8.277586102485656738e-02,-9.633781015872955322e-02,-7.216520607471466064e-02,-3.350390121340751648e-03,-1.641619205474853516e-01,-1.585461199283599854e-01,-4.243234544992446899e-02
6.652397662401199341e-02,1.251451820135116577e-01,3.529045283794403076e-01,3.695058822631835938e-01,4.628989398479461670e-01,5.093092322349548340e-01,3.996030986309051514e-01,3.755685091018676758e-01,4.877361059188842773e-01,1.000000000000000000e+00,3.385684192180633545e-01,4.004221558570861816e-01,4.161976575851440430e-01,4.091993272304534912e-01,4.024476110935211182e-01,4.522786438465118408e-01,1.843413561582565308e-01,2.711732089519500732e-01,6.940168887376785278e-02,6.066315621137619019e-02,1.926140636205673218e-01,1.956234276294708252e-01,3.891980051994323730e-01,3.655748963356018066e-01,4.054081737995147705e-01,4.023782014846801758e-01,2.522447109222412109e-01,2.719977498054504395e-01,3.330917060375213623e-01,3.028174936771392822e-01,3.739260733127593994e-01,3.887282609939575195e-01,3.188369795680046082e-02,1.333605349063873291e-01,-9.361632913351058960e-02,-7.379615306854248047e-02,1.605619862675666809e-02,4.366935789585113525e-02,-4.478437826037406921e-02,4.672586545348167419e-02,2.542639896273612976e-02,1.231082826852798462e-01,-1.071797683835029602e-01,-1.464308649301528931e-01,-1.115774363279342651e-01,-2.269947975873947144e-01,-1.593959629535675049e-01,-1.610571742057800293e-01,-1.677834540605545044e-01,-2.550342381000518799e-01,-1.623290628194808960e-01,-1.675872355699539185e-01,-1.408427059650421143e-01,-1.496545225381851196e-01,-9.615267068147659302e-02,-1.335797905921936035e-01,-4.491027444601058960e-02,2.810005098581314087e-02,-2.129294723272323608e-01,-2.101217508316040039e-01,-8.471552282571792603e-02,-1.530074048787355423e-02,-1.319961808621883392e-02,8.015569299459457397e-02,-4.654119163751602173e-02,1.920366659760475159e-02,-1.849920153617858887e-01,-2.811700403690338135e-01,-6.762865930795669556e-02,-1.418749988079071045e-01,3.235490322113037109e-01,3.100824654102325439e-01,2.498210221529006958e-01,2.691674232482910156e-01,9.404928982257843018e-02,2.126256525516510010e-01,4.510387778282165527e-02,9.234852343797683716e-02,3.589293360710144043e-02,1.018475815653800964e-01,5.102339386940002441e-02,2.191540449857711792e-01,1.526501327753067017e-01,2.558872401714324951e-01,-9.888281114399433136e-03,1.218764707446098328e-01,-1.016115546226501465e-01,1.537902355194091797e-01,-4.036585241556167603e-02,-4.125618562102317810e-02,-5.604730919003486633e-02,-4.195835068821907043e-02,-5.842179805040359497e-02,-5.017418041825294495e-02,-1.206504181027412415e-01,2.621587552130222321e-02,-1.188335046172142029e-01,3.953963518142700195e-02,-1.368804872035980225e-01,-1.159258037805557251e-01,-2.228483706712722778e-01,-1.623106449842453003e-01,-2.100010663270950317e-01,-1.953890472650527954e-01,-1.525581032037734985e-01,-1.408735662698745728e-01,-9.367518126964569092e-02,2.802027156576514244e-03,2.937068045139312744e-02,-9.326761215925216675e-02,-1.182966381311416626e-01,-8.500689268112182617e-02,-1.185156870633363724e-03,-1.968974918127059937e-01,-1.831480562686920166e-01,-6.624913960695266724e-02
2.353788316249847412e-01,2.047452330589294434e-01,4.336376786231994629e-01,4.036861360073089600e-01,3.468074202537536621e-01,3.464837670326232910e-01,4.725655913352966309e-01,3.951761424541473389e-01,3.181717395782470703e-01,3.385684192180633545e-01,1.000000000000000000e+00,4.341421127319335938e-01,5.113857984542846680e-01,4.684095978736877441e-01,3.028632402420043945e-01,3.556470870971679688e-01,3.848347663879394531e-01,3.839543759822845459e-01,1.203807815909385681e-01,9.898992627859115601e-02,1.715469658374786377e-01,2.281106263399124146e-01,4.552206397056579590e-01,4.520030617713928223e-01,3.676948249340057373e-01,3.687873482704162598e-01,1.733833998441696167e-01,1.873310208320617676e-01,4.524152576923370361e-01,3.733012676239013672e-01,4.568800032138824463e-01,4.614007174968719482e-01,1.542285382747650146e-01,2.773011326789855957e-01,-8.151121437549591064e-02,-3.642716258764266968e-02,-1.359528396278619766e-02,6.598324328660964966e-02,-1.288027167320251465e-01,7.341258227825164795e-02,4.691293090581893921e-02,1.408042907714843750e-01,-1.181948706507682800e-01,-1.339543461799621582e-01,-5.710374936461448669e-02,-1.251057684421539307e-01,-1.649400293827056885e-01,-1.615180522203445435e-01,-5.762949213385581970e-02,-1.408726572990417480e-01,-1.095683500170707703e-01,-1.271755695343017578e-01,-1.334556937217712402e-01,-1.162066087126731873e-01,-1.744079142808914185e-01,-1.634432524442672729e-01,1.006726697087287903e-01,1.069681197404861450e-01,-1.948474496603012085e-01,-2.402049154043197632e-01,-1.427601873874664307e-01,-8.970817923545837402e-02,1.041302531957626343e-01,1.665261238813400269e-01,-1.655789464712142944e-01,-1.560087054967880249e-01,-1.249537393450737000e-01,-1.760714501142501831e-01,9.961875155568122864e-03,-5.160506442189216614e-02,3.669249713420867920e-01,4.025091230869293213e-01,3.089705705642700195e-01,3.267992436885833740e-01,1.074956730008125305e-01,1.694196015596389771e-01,1.126248389482498169e-01,1.481384336948394775e-01,1.274655908346176147e-01,2.403654605150222778e-01,8.718796819448471069e-02,3.023499250411987305e-01,1.120686382055282593e-01,2.273122966289520264e-01,-5.899738892912864685e-02,6.549920141696929932e-02,-1.055662035942077637e-01,2.159575233235955238e-03,-1.917788237333297729e-01,-2.031307667493820190e-01,-1.749213784933090210e-01,-1.758677810430526733e-01,-2.174587398767471313e-01,-1.738135367631912231e-01,-1.528102755546569824e-01,-5.838649347424507141e-02,-1.879450976848602295e-01,-2.452079951763153076e-02,-2.094328105449676514e-01,-1.733110845088958740e-01,-2.222481817007064819e-01,-2.156201153993606567e-01,-1.927064061164855957e-01,-1.817370355129241943e-01,-1.628017723560333252e-01,-1.904195547103881836e-01,-1.202464401721954346e-01,-4.948711395263671875e-02,-2.418692223727703094e-02,-1.846289485692977905e-01,-1.525642722845077515e-01,-1.498935967683792114e-01,-1.142224371433258057e-01,-1.449570357799530029e-01,-1.755999326705932617e-01,-1.030951738357543945e-01
2.066136896610260010e-01,3.110291361808776855e-01,4.278054237365722656e-01,4.633481800556182861e-01,3.574387431144714355e-01,4.049957692623138428e-01,4.726110994815826416e-01,4.906679093837738037e-01,3.496404588222503662e-01,4.004221558570861816e-01,4.341421127319335938e-01,1.000000000000000000e+00,4.612330198287963867e-01,5.128015875816345215e-01,2.845517396926879883e-01,3.948341012001037598e-01,3.381266891956329346e-01,4.086924195289611816e-01,1.711354702711105347e-01,1.796144694089889526e-01,1.399442553520202637e-01,1.887492537498474121e-01,4.554749429225921631e-01,4.420140087604522705e-01,3.667806982994079590e-01,3.949557244777679443e-01,1.397106051445007324e-01,1.930788159370422363e-01,3.981863260269165039e-01,4.286178946495056152e-01,4.590762853622436523e-01,4.726198315620422363e-01,1.848130375146865845e-01,3.170654773712158203e-01,-1.322004944086074829e-01,-1.018422842025756836e-01,4.326030611991882324e-03,8.085137605667114258e-02,-8.881559222936630249e-02,7.745672762393951416e-02,2.671099640429019928e-02,1.218428462743759155e-01,-7.816724479198455811e-02,-9.040245413780212402e-02,-8.901178836822509766e-02,-1.419718861579895020e-01,-1.425426453351974487e-01,-1.458167433738708496e-01,-9.081527590751647949e-02,-1.391583979129791260e-01,-1.333158612251281738e-01,-5.641958490014076233e-02,-9.834400564432144165e-02,-7.689128816127777100e-02,-5.961710214614868164e-02,-9.317854046821594238e-02,1.156559735536575317e-01,1.735754907131195068e-01,-2.086149156093597412e-01,-1.626265645027160645e-01,-7.638898491859436035e-02,4.740881174802780151e-02,1.400392800569534302e-01,2.409117221832275391e-01,-1.396046876907348633e-01,-3.476202860474586487e-02,-1.778494119644165039e-01,-1.879377216100692749e-01,1.217641402035951614e-02,-7.102968543767929077e-02,3.377437293529510498e-01,3.588874340057373047e-01,2.385062426328659058e-01,3.680089712142944336e-01,1.040618121623992920e-01,2.549371719360351562e-01,2.519983239471912384e-02,9.733032435178756714e-02,1.840705275535583496e-01,2.599309682846069336e-01,1.597035974264144897e-01,3.241929709911346436e-01,1.622316241264343262e-01,2.714360654354095459e-01,-3.292733058333396912e-02,1.345068663358688354e-01,-5.803837906569242477e-03,5.877953767776489258e-02,-1.493702232837677002e-01,-1.014614775776863098e-01,-1.266092658042907715e-01,-1.606978476047515869e-01,-1.697762757539749146e-01,-1.939823180437088013e-01,-1.993470340967178345e-01,-5.556277185678482056e-02,-2.191508114337921143e-01,-1.852646097540855408e-02,-1.772744208574295044e-01,-1.391311585903167725e-01,-1.969728171825408936e-01,-2.154386788606643677e-01,-1.961548328399658203e-01,-2.304225414991378784e-01,-1.771979331970214844e-01,-2.386646717786788940e-01,-1.238204613327980042e-01,-7.044447958469390869e-02,-2.895618602633476257e-02,-2.295044511556625366e-01,-2.011426687240600586e-01,-1.498237401247024536e-01,-1.013097092509269714e-01,-1.939841210842132568e-01,-1.956827491521835327e-01,-9.010498225688934326e-02
1.753737330436706543e-01,1.804476827383041382e-01,4.927784204483032227e-01,4.323014020919799805e-01,4.260914027690887451e-01,4.287555217742919922e-01,5.213930010795593262e-01,4.413273632526397705e-01,4.156266748905181885e-01,4.161976575851440430e-01,5.113857984542846680e-01,4.612330198287963867e-01,1.000000000000000000e+00,5.207524895668029785e-01,3.946551680564880371e-01,4.335438907146453857e-01,3.351280987262725830e-01,3.708271384239196777e-01,9.330757707357406616e-02,4.673320427536964417e-02,2.029789388179779053e-01,2.468236237764358521e-01,5.096877217292785645e-01,4.979052841663360596e-01,4.442078769207000732e-01,4.474058151245117188e-01,2.038144767284393311e-01,2.212274521589279175e-01,4.197636544704437256e-01,3.982928693294525146e-01,4.976171851158142090e-01,5.011255741119384766e-01,1.312006115913391113e-01,2.573105692863464355e-01,-6.073490902781486511e-02,-3.651637211441993713e-02,2.317444980144500732e-02,1.181908026337623596e-01,-1.054185479879379272e-01,7.853002846240997314e-02,6.374133378267288208e-02,1.796462982892990112e-01,-9.654244780540466309e-02,-1.057442948222160339e-01,-4.343280196189880371e-02,-1.247861236333847046e-01,-1.456518173217773438e-01,-1.282055377960205078e-01,-5.358567461371421814e-02,-1.459271162748336792e-01,-7.689736783504486084e-02,-7.422259449958801270e-02,-9.938868880271911621e-02,-6.659760326147079468e-02,-1.220807209610939026e-01,-1.396615356206893921e-01,2.313059195876121521e-02,7.578346878290176392e-02,-2.474057823419570923e-01,-2.704100608825683594e-01,-1.288293749094009399e-01,-1.269689947366714478e-01,4.339072480797767639e-02,7.098191231489181519e-02,-1.026678234338760376e-01,-1.187756732106208801e-01,-1.699379384517669678e-01,-2.486238777637481689e-01,-5.521237477660179138e-02,-1.186401471495628357e-01,4.150476157665252686e-01,4.478319585323333740e-01,3.115456104278564453e-01,3.883807957172393799e-01,1.082521528005599976e-01,2.357686460018157959e-01,1.505364328622817993e-01,1.945828199386596680e-01,1.385770887136459351e-01,2.007850110530853271e-01,1.014592722058296204e-01,3.118996322154998779e-01,1.506455838680267334e-01,2.829100489616394043e-01,-4.092244897037744522e-03,1.219532489776611328e-01,-1.006488502025604248e-01,5.867863073945045471e-02,-1.361126154661178589e-01,-1.498258560895919800e-01,-1.620506495237350464e-01,-1.007461249828338623e-01,-1.546696573495864868e-01,-1.015955358743667603e-01,-1.490935981273651123e-01,-5.701094865798950195e-02,-1.474506705999374390e-01,-4.269850254058837891e-02,-1.639820188283920288e-01,-1.189917102456092834e-01,-2.066203504800796509e-01,-1.708548516035079956e-01,-2.075139433145523071e-01,-1.803710758686065674e-01,-1.627106666564941406e-01,-1.768900454044342041e-01,-1.036114841699600220e-01,-5.454763025045394897e-02,-2.084371261298656464e-02,-1.755676716566085815e-01,-1.301698684692382812e-01,-1.211741715669631958e-01,-8.448337763547897339e-02,-1.607884764671325684e-01,-1.723085641860961914e-01,-9.942919760942459106e-02
