1.000000000000000000e+00,3.847606778144836426e-01,3.756223022937774658e-01,3.216303586959838867e-01,7.620764523744583130e-02,1.376526206731796265e-01,5.592970252037048340e-01,2.822407186031341553e-01,8.875198662281036377e-02,-5.710279569029808044e-02,3.421485722064971924e-01,-9.497050195932388306e-03,5.307396650314331055e-01,4.067586362361907959e-02,2.465575039386749268e-01,-1.330208871513605118e-02,3.777578175067901611e-01,2.743056714534759521e-01,3.590256869792938232e-01,4.733687937259674072e-01,-5.862497538328170776e-02,-4.360739886760711670e-02,1.396024972200393677e-01,1.484412252902984619e-01,1.736025810241699219e-01,1.391437351703643799e-01,1.838576495647430420e-01,1.736536771059036255e-01,2.580193802714347839e-02,-9.492505341768264771e-02,1.332259178161621094e-01,1.450615674257278442e-01,4.493776261806488037e-01,3.943080008029937744e-01,1.377970576286315918e-01,-1.134879812598228455e-01,1.824991703033447266e-01,1.442141234874725342e-01,2.632829546928405762e-02,1.495138704776763916e-01,-4.680748283863067627e-02,6.224374845623970032e-02,3.846521675586700439e-01,2.367394715547561646e-01,3.059911429882049561e-01,2.171392291784286499e-01,3.823382556438446045e-01,2.941571474075317383e-01,2.873696386814117432e-01,2.005661278963088989e-01,3.774022161960601807e-01,2.037420123815536499e-01,4.270240068435668945e-01,2.345585525035858154e-01,3.545480966567993164e-01,1.872835755348205566e-01,6.907008290290832520e-01,3.678917884826660156e-01,4.636584818363189697e-01,2.847956120967864990e-01,5.262325406074523926e-01,3.343608975410461426e-01,4.042665362358093262e-01,2.456322908401489258e-01,3.141129910945892334e-01,2.049150615930557251e-01,3.535442948341369629e-01,2.851275205612182617e-01,5.418879389762878418e-01,3.373135030269622803e-01,-4.032136499881744385e-02,-9.320139884948730469e-02,1.333079934120178223e-01,3.530075773596763611e-02,2.735403180122375488e-02,1.017560139298439026e-01,2.320353090763092041e-01,2.750677168369293213e-01,-6.209439784288406372e-02,-8.251155912876129150e-02,2.273364067077636719e-01,-1.085461769253015518e-02,-1.339506655931472778e-01,1.329072713851928711e-01,3.866480588912963867e-01,1.882001012563705444e-01,2.212961018085479736e-02,2.170851826667785645e-01,3.109580278396606445e-01,9.242020547389984131e-02,1.413547694683074951e-01,5.553169548511505127e-02,6.831230968236923218e-02,5.317959189414978027e-02,-2.063833624124526978e-01,-2.171775549650192261e-01,5.362621694803237915e-02,-9.374447911977767944e-02,-1.714797914028167725e-01,1.547846291214227676e-02,-1.927122175693511963e-01,-5.781460180878639221e-02,-2.437239736318588257e-01,-1.122900843620300293e-01,-2.300501763820648193e-01,-8.329235762357711792e-02,-2.026820182800292969e-01,-1.782953739166259766e-01,1.654317528009414673e-01,-7.921687513589859009e-02,1.452890485525131226e-01,-1.242750324308872223e-02,8.152639865875244141e-02,7.686801254749298096e-03,-1.998384594917297363e-01,-2.407333999872207642e-01
3.847606778144836426e-01,1.000000000000000000e+00,3.553536832332611084e-01,6.077600717544555664e-01,8.478096686303615570e-03,1.146687865257263184e-01,2.590549588203430176e-01,6.546735167503356934e-01,-1.469994783401489258e-01,9.263160079717636108e-02,-1.476328633725643158e-02,3.847894370555877686e-01,2.713552862405776978e-02,4.346630275249481201e-01,-9.360393881797790527e-02,1.548466682434082031e-01,1.632356084883213043e-02,3.967954218387603760e-01,2.986555397510528564e-01,5.815771222114562988e-01,-1.782261878252029419e-01,-9.784434735774993896e-02,2.530463933944702148e-01,3.038254380226135254e-01,3.150466457009315491e-02,6.186484545469284058e-02,-2.936946973204612732e-02,3.069265931844711304e-02,-1.307265311479568481e-01,3.126760479062795639e-03,1.456535309553146362e-01,1.686577945947647095e-01,3.290961682796478271e-01,2.728454470634460449e-01,1.365948915481567383e-01,1.747270077466964722e-01,-5.498033016920089722e-02,8.843521028757095337e-02,-5.108530446887016296e-02,1.031725853681564331e-01,-7.289717346429824829e-02,8.195505291223526001e-02,6.484975665807723999e-02,2.160733044147491455e-01,2.720013856887817383e-01,3.268455862998962402e-01,1.222018823027610779e-01,2.040500342845916748e-01,3.545104861259460449e-01,4.099460244178771973e-01,1.850058287382125854e-01,3.802755773067474365e-01,7.326716184616088867e-02,1.150725036859512329e-01,4.773038625717163086e-02,1.768222302198410034e-01,4.401887655258178711e-01,7.740284204483032227e-01,4.256340563297271729e-01,5.858040452003479004e-01,3.337499499320983887e-01,6.865332722663879395e-01,9.640584141016006470e-02,6.792666316032409668e-01,1.418181806802749634e-01,4.181868731975555420e-01,3.047656714916229248e-01,3.360680937767028809e-01,4.567181766033172607e-01,5.406476855278015137e-01,7.785577327013015747e-02,8.038738369941711426e-02,5.932111293077468872e-02,1.050341352820396423e-01,2.803046256303787231e-02,1.478400379419326782e-01,1.195575520396232605e-01,1.787582784891128540e-01,-1.421611309051513672e-01,-3.745774552226066589e-02,-9.622182697057723999e-02,3.303065598011016846e-01,-1.626629829406738281e-01,8.275277912616729736e-02,-1.114952489733695984e-01,4.023830592632293701e-01,-1.303250640630722046e-01,1.002706140279769897e-01,-1.476264894008636475e-01,2.959220707416534424e-01,-3.777456283569335938e-02,1.562043838202953339e-02,1.894820779561996460e-01,4.995908960700035095e-02,-1.379009336233139038e-01,-1.818458735942840576e-01,-5.789639800786972046e-02,-1.396472454071044922e-01,-7.896526902914047241e-02,1.067889854311943054e-01,1.056510657072067261e-01,9.351686388254165649e-02,5.605625361204147339e-02,8.505121618509292603e-02,-4.990759864449501038e-02,-3.764027729630470276e-03,-1.154741346836090088e-01,-4.650372639298439026e-02,3.805443644523620605e-02,-3.285668417811393738e-02,6.248491257429122925e-02,8.933972567319869995e-03,1.416446268558502197e-01,1.418769061565399170e-01,-4.145214334130287170e-02,-1.407966464757919312e-01
3.756223022937774658e-01,3.553536832332611084e-01,1.000000000000000000e+00,4.505189955234527588e-01,1.175785958766937256e-01,1.120427809655666351e-02,6.909069418907165527e-01,3.165299892425537109e-01,1.299758106470108032e-01,-1.502036601305007935e-01,-3.405038639903068542e-02,1.257263869047164917e-01,3.509970903396606445e-01,1.175199151039123535e-01,2.000062167644500732e-01,-3.643622621893882751e-02,-3.273269161581993103e-02,2.920985594391822815e-02,4.961472153663635254e-01,5.225222706794738770e-01,9.378620237112045288e-02,3.335796669125556946e-02,6.229683756828308105e-01,3.781152665615081787e-01,9.323646873235702515e-02,3.562235459685325623e-02,-2.224470674991607666e-02,-6.548099964857101440e-02,-4.326867312192916870e-02,-4.834774509072303772e-02,2.198282033205032349e-01,2.154357135295867920e-01,3.198746442794799805e-01,2.744738459587097168e-01,1.689487844705581665e-01,4.000756144523620605e-02,2.608974874019622803e-01,3.457506895065307617e-01,1.556881815195083618e-01,1.665990203619003296e-01,1.755906045436859131e-01,1.585287153720855713e-01,1.148228198289871216e-01,1.207739636301994324e-01,5.581772699952125549e-02,3.275439515709877014e-02,2.580594718456268311e-01,1.797722578048706055e-01,-5.520426202565431595e-03,5.896547809243202209e-02,5.969842523336410522e-02,5.529416725039482117e-02,1.354179233312606812e-01,-4.884754121303558350e-02,1.248733624815940857e-01,6.864123046398162842e-02,2.777033746242523193e-01,3.054120242595672607e-01,1.620033979415893555e-01,1.396078765392303467e-01,2.222977429628372192e-01,2.275810092687606812e-01,8.618483692407608032e-02,1.828755587339401245e-01,2.411202788352966309e-01,1.375408172607421875e-01,1.362991631031036377e-01,5.568088591098785400e-02,2.376636415719985962e-01,2.019087523221969604e-01,3.384061753749847412e-01,2.901250123977661133e-01,1.674424409866333008e-01,4.791745916008949280e-02,1.978510618209838867e-01,2.692411839962005615e-01,3.476029038429260254e-01,3.642586767673492432e-01,5.892790108919143677e-02,-7.668382488191127777e-03,8.699823170900344849e-02,9.082308411598205566e-02,-8.874326013028621674e-03,2.162002399563789368e-02,2.368391007184982300e-01,1.672904044389724731e-01,1.826583743095397949e-01,1.598774045705795288e-01,2.654748558998107910e-01,4.367143288254737854e-02,2.640658349264413118e-04,7.142604142427444458e-02,4.745968431234359741e-02,9.602124243974685669e-02,1.848181895911693573e-02,-1.238191872835159302e-01,4.351683706045150757e-02,-8.975625783205032349e-02,6.760009378194808960e-02,2.380417734384536743e-01,1.949318312108516693e-02,3.641556501388549805e-01,8.723568916320800781e-02,2.320391833782196045e-01,8.429132401943206787e-02,1.743339896202087402e-01,1.241992637515068054e-01,1.261255443096160889e-01,8.118322491645812988e-02,1.175305023789405823e-01,2.513067722320556641e-01,1.176210492849349976e-01,2.752051055431365967e-01,1.144180446863174438e-01,9.409130364656448364e-02,-1.195122376084327698e-01
3.216303586959838867e-01,6.077600717544555664e-01,4.505189955234527588e-01,1.000000000000000000e+00,4.980272054672241211e-02,1.714579164981842041e-01,3.404639363288879395e-01,7.402817010879516602e-01,-3.157145902514457703e-02,1.178271621465682983e-01,-1.643359544686973095e-03,2.574186325073242188e-01,1.185229271650314331e-01,4.411174654960632324e-01,2.977914921939373016e-02,1.200897097587585449e-01,-9.881245344877243042e-02,1.267462521791458130e-01,3.003543317317962646e-01,4.429272711277008057e-01,-3.875584900379180908e-02,-5.419708788394927979e-02,3.837260305881500244e-01,4.626901745796203613e-01,1.148398742079734802e-01,1.310756802558898926e-01,2.209446392953395844e-03,2.894249558448791504e-02,-1.669875979423522949e-01,-1.470949649810791016e-01,1.058320924639701843e-01,1.782104223966598511e-01,7.897169888019561768e-02,5.680076777935028076e-02,1.921697854995727539e-01,1.208175644278526306e-01,-8.747365325689315796e-02,6.767296046018600464e-02,-1.312107294797897339e-01,-2.616636222228407860e-03,-6.484368443489074707e-02,8.129063993692398071e-03,4.304976388812065125e-02,9.575704485177993774e-02,1.990853399038314819e-01,1.796483099460601807e-01,6.815750151872634888e-02,4.734607413411140442e-02,1.927209198474884033e-01,2.254768162965774536e-01,1.872248798608779907e-01,2.570244073867797852e-01,1.263830363750457764e-01,8.324115723371505737e-02,1.538909971714019775e-02,1.002261936664581299e-01,2.722622752189636230e-01,4.755747020244598389e-01,2.583244740962982178e-01,4.143872261047363281e-01,2.957634031772613525e-01,5.176419019699096680e-01,2.633264660835266113e-02,4.055936932563781738e-01,3.203536272048950195e-01,4.936625659465789795e-01,2.721071541309356689e-01,2.506560385227203369e-01,2.712677121162414551e-01,3.094602525234222412e-01,-1.098097637295722961e-01,-5.771722272038459778e-02,-4.970984905958175659e-02,-1.135692298412322998e-01,-1.607872173190116882e-02,4.983171820640563965e-02,-2.729643881320953369e-02,5.190818011760711670e-02,-1.365791857242584229e-01,-9.680053591728210449e-02,-1.647443175315856934e-01,9.983058273792266846e-02,-1.604313105344772339e-01,1.612295024096965790e-02,3.497944399714469910e-02,4.224631786346435547e-01,-9.802407771348953247e-02,2.070956677198410034e-01,-1.064390991814434528e-03,2.919275760650634766e-01,-1.447801142930984497e-01,-5.226072296500205994e-02,2.188913524150848389e-01,7.983830571174621582e-02,-2.751529216766357422e-01,-2.898508608341217041e-01,-2.102385312318801880e-01,-2.843538522720336914e-01,-1.631250679492950439e-01,-2.439800836145877838e-02,7.590497285127639771e-02,1.141564920544624329e-01,-6.014834716916084290e-02,-6.115820631384849548e-02,-1.607477962970733643e-01,-1.128271967172622681e-01,-1.744373440742492676e-01,-1.538936495780944824e-01,-1.061798073351383209e-02,-1.708655059337615967e-01,-1.115215867757797241e-01,-1.419314146041870117e-01,3.766359388828277588e-02,2.537407726049423218e-02,-1.702063679695129395e-01,-1.983102560043334961e-01
7.620764523744583130e-02,8.478096686303615570e-03,1.175785958766937256e-01,4.980272054672241211e-02,1.000000000000000000e+00,6.926908493041992188e-01,-6.299289409071207047e-03,-1.444142609834671021e-01,6.211372613906860352e-01,6.077743172645568848e-01,4.690008237957954407e-02,7.730947434902191162e-02,1.692261844873428345e-01,-1.994416266679763794e-01,3.022631108760833740e-01,3.462986052036285400e-01,1.532978937029838562e-02,1.212854832410812378e-01,5.848651379346847534e-02,1.445696204900741577e-01,5.089980363845825195e-01,5.604043006896972656e-01,3.715072274208068848e-01,4.798159599304199219e-01,6.785123944282531738e-01,6.504132151603698730e-01,5.199017524719238281e-01,5.052393078804016113e-01,3.371518477797508240e-02,6.338565796613693237e-02,6.036562323570251465e-01,6.278835535049438477e-01,-1.789103634655475616e-02,4.069525003433227539e-02,-2.394560128450393677e-01,-1.354662775993347168e-01,1.491528451442718506e-01,2.642383575439453125e-01,4.238978028297424316e-02,4.697309806942939758e-02,3.203864768147468567e-02,-2.880763262510299683e-03,-1.244355142116546631e-01,-1.249806657433509827e-01,-1.151894181966781616e-01,-1.018911004066467285e-01,-1.447704713791608810e-02,6.775486469268798828e-02,1.503294520080089569e-02,-8.975614793598651886e-03,2.038991078734397888e-02,2.083193324506282806e-02,9.215411543846130371e-02,-3.615292012691497803e-01,8.939994871616363525e-02,-6.618046015501022339e-02,3.872733935713768005e-02,3.669612482190132141e-02,4.031153395771980286e-03,-5.869209766387939453e-02,-3.356333076953887939e-02,-3.405920788645744324e-02,-4.358905181288719177e-02,3.913536202162504196e-03,-8.242703974246978760e-02,-9.547313302755355835e-02,-1.843310594558715820e-01,-1.798926293849945068e-01,-3.749464824795722961e-02,-1.518877446651458740e-01,2.106673866510391235e-01,4.290781021118164062e-01,-9.039556235074996948e-02,6.915472447872161865e-02,-2.816054970026016235e-02,1.137796342372894287e-01,1.192860603332519531e-01,1.375230997800827026e-01,8.410462737083435059e-02,8.261139690876007080e-02,-2.485340088605880737e-02,7.946503162384033203e-02,-1.047377660870552063e-01,-1.999609917402267456e-01,1.206019055098295212e-02,5.099211260676383972e-02,8.761122077703475952e-02,-2.774910926818847656e-01,3.536067903041839600e-01,2.630524933338165283e-01,-9.820710867643356323e-02,-1.789436638355255127e-01,-6.341834366321563721e-02,7.407003641128540039e-02,-6.537282466888427734e-02,4.540842399001121521e-02,7.604009658098220825e-02,-5.292472615838050842e-02,-7.403815537691116333e-02,-1.145322844386100769e-01,8.813289552927017212e-02,1.879019141197204590e-01,7.205110043287277222e-02,1.269604563713073730e-01,1.257614046335220337e-01,1.579736024141311646e-01,1.142482087016105652e-01,4.837679490447044373e-02,-1.532603651285171509e-01,8.135868236422538757e-03,-9.846836328506469727e-03,-3.915352001786231995e-02,-6.152774021029472351e-02,-1.336791962385177612e-01,5.271891597658395767e-03,1.539060729555785656e-03
1.376526206731796265e-01,1.146687865257263184e-01,1.120427809655666351e-02,1.714579164981842041e-01,6.926908493041992188e-01,1.000000000000000000e+00,-1.081515874830074608e-04,-5.887153558433055878e-03,3.714740276336669922e-01,5.998277068138122559e-01,4.603797197341918945e-02,-1.331000588834285736e-02,1.539658904075622559e-01,-2.053606361150741577e-01,1.568945348262786865e-01,2.567120194435119629e-01,-2.752523310482501984e-02,6.834264844655990601e-02,6.752621382474899292e-02,1.551393568515777588e-01,4.563193917274475098e-01,4.941428303718566895e-01,2.044714540243148804e-01,4.207340776920318604e-01,7.712575793266296387e-01,7.706118822097778320e-01,7.013598084449768066e-01,7.116554379463195801e-01,-3.206096589565277100e-02,-1.004786714911460876e-01,5.073721408843994141e-01,5.792412757873535156e-01,2.207828313112258911e-02,7.185819000005722046e-02,-2.143794000148773193e-01,-1.761097759008407593e-01,8.044300973415374756e-02,1.321974098682403564e-01,-8.462150394916534424e-02,-3.662889823317527771e-02,-3.245488554239273071e-02,9.835000336170196533e-02,-2.845248393714427948e-02,-2.551408484578132629e-02,2.381852827966213226e-02,4.221621155738830566e-02,-2.180114015936851501e-02,1.960034519433975220e-01,1.479638218879699707e-01,9.866373986005783081e-02,1.527016460895538330e-01,1.642611026763916016e-01,1.598802059888839722e-01,-1.744496971368789673e-01,8.421121537685394287e-02,3.460779413580894470e-02,8.010201901197433472e-02,8.778270334005355835e-02,1.085502132773399353e-01,3.476889058947563171e-02,7.047112286090850830e-02,6.326711177825927734e-02,-5.934669822454452515e-02,4.729787632822990417e-02,-3.021188080310821533e-02,5.221381783485412598e-02,-1.304236892610788345e-02,-5.723492242395877838e-03,2.356193400919437408e-02,-8.380751311779022217e-02,6.286629289388656616e-02,2.405459731817245483e-01,-2.116964012384414673e-01,-6.839193403720855713e-02,-2.396004796028137207e-01,-2.917127124965190887e-02,3.014309704303741455e-02,5.828762799501419067e-02,-1.567345485091209412e-02,-7.132311910390853882e-02,-9.977153688669204712e-02,-1.205102819949388504e-02,-1.663580834865570068e-01,-2.141547650098800659e-01,-4.951429553329944611e-03,1.125565916299819946e-01,-1.288772374391555786e-01,-2.690411806106567383e-01,1.755263954401016235e-01,4.122675955295562744e-01,-9.367923438549041748e-02,-1.340597867965698242e-01,5.746778845787048340e-02,9.855001419782638550e-02,-1.986113488674163818e-01,-8.530173450708389282e-02,-1.525949686765670776e-02,-1.358758956193923950e-01,-1.572963446378707886e-01,-1.628042608499526978e-01,1.044259872287511826e-03,-5.894250236451625824e-03,-8.918329328298568726e-02,-4.366633668541908264e-02,-1.799730025231838226e-02,3.222250938415527344e-02,-5.970512330532073975e-02,-8.925486356019973755e-02,-1.173360273241996765e-01,-1.167716905474662781e-01,-3.003153391182422638e-02,-3.424505144357681274e-02,-7.113104313611984253e-02,-1.517332941293716431e-01,-7.621604204177856445e-02,-9.481231123208999634e-02
5.592970252037048340e-01,2.590549588203430176e-01,6.909069418907165527e-01,3.404639363288879395e-01,-6.299289409071207047e-03,-1.081515874830074608e-04,1.000000000000000000e+00,2.450430840253829956e-01,4.455066099762916565e-02,-2.561588585376739502e-01,5.046831071376800537e-02,-1.165484413504600525e-01,5.495256781578063965e-01,-1.990200486034154892e-03,2.574035227298736572e-01,-1.300396770238876343e-01,7.900074124336242676e-02,-2.817145548760890961e-02,4.353782236576080322e-01,4.052111506462097168e-01,3.984837234020233154e-02,-4.294140264391899109e-02,3.624531626701354980e-01,1.525974720716476440e-01,9.783328324556350708e-02,2.119153738021850586e-02,9.735150635242462158e-02,2.738468907773494720e-02,6.194025627337396145e-04,-1.704666912555694580e-01,7.015217095613479614e-02,7.886487990617752075e-02,4.157824218273162842e-01,3.612636923789978027e-01,1.864660084247589111e-01,-7.109037786722183228e-02,2.284690439701080322e-01,2.118208557367324829e-01,1.088130623102188110e-01,1.548787802457809448e-01,9.170310199260711670e-02,1.381663084030151367e-01,3.395238518714904785e-01,2.567452192306518555e-01,2.343561351299285889e-01,1.347780823707580566e-01,3.812498748302459717e-01,2.843636870384216309e-01,1.249613612890243530e-01,1.059513464570045471e-01,2.530117630958557129e-01,1.005499884486198425e-01,2.930489480495452881e-01,1.304572969675064087e-01,2.948755323886871338e-01,1.640921235084533691e-01,4.204953610897064209e-01,2.078321725130081177e-01,3.503482639789581299e-01,1.636191457509994507e-01,4.076107442378997803e-01,2.255619913339614868e-01,2.864971756935119629e-01,9.705570340156555176e-02,3.680179417133331299e-01,1.801682561635971069e-01,3.126409053802490234e-01,2.254949063062667847e-01,3.357681334018707275e-01,1.839168369770050049e-01,1.716576367616653442e-01,2.906258776783943176e-02,2.051322609186172485e-01,1.176879089325666428e-02,1.522384583950042725e-01,1.663653403520584106e-01,3.547513782978057861e-01,3.751895427703857422e-01,1.245111878961324692e-02,-6.571693718433380127e-02,2.417622655630111694e-01,-2.571573294699192047e-02,2.722931280732154846e-02,1.051491126418113708e-01,4.208821356296539307e-01,1.121956333518028259e-01,1.172135546803474426e-01,2.561298012733459473e-01,3.198882341384887695e-01,-1.696296036243438721e-02,8.908560872077941895e-02,1.154543533921241760e-01,6.529767066240310669e-02,7.470600306987762451e-02,-4.989558085799217224e-02,-1.763895452022552490e-01,4.290997236967086792e-02,-9.244246780872344971e-02,-4.403714090585708618e-02,1.864068061113357544e-01,-1.415998488664627075e-01,1.827248483896255493e-01,-1.065293699502944946e-01,5.875402688980102539e-02,-4.168426990509033203e-02,7.604053616523742676e-02,-2.875673584640026093e-02,2.611478604376316071e-02,1.663164645433425903e-01,1.694490783847868443e-03,2.732196152210235596e-01,1.143463626503944397e-01,2.428023964166641235e-01,1.086019873619079590e-01,4.421147704124450684e-02,-1.982315033674240112e-01
2.822407186031341553e-01,6.546735167503356934e-01,3.165299892425537109e-01,7.402817010879516602e-01,-1.444142609834671021e-01,-5.887153558433055878e-03,2.450430840253829956e-01,1.000000000000000000e+00,-1.739351749420166016e-01,2.755422517657279968e-02,-4.662963747978210449e-02,2.877592444419860840e-01,8.998883888125419617e-03,5.914015769958496094e-01,-7.814154028892517090e-02,1.075161546468734741e-01,-7.794563472270965576e-02,2.235570549964904785e-01,2.587020993232727051e-01,4.126695990562438965e-01,-2.120898514986038208e-01,-2.424088716506958008e-01,1.847321987152099609e-01,2.508573532104492188e-01,-1.024849042296409607e-01,-7.156482338905334473e-02,-1.568733155727386475e-01,-1.332466304302215576e-01,-1.802562326192855835e-01,-1.118445396423339844e-01,-8.850939571857452393e-02,-5.601966008543968201e-02,1.256323307752609253e-01,7.588478922843933105e-02,2.323804348707199097e-01,1.484593152999877930e-01,-1.788274049758911133e-01,9.155184030532836914e-03,-1.755304336547851562e-01,-4.202708601951599121e-02,-1.069246008992195129e-01,-1.219866052269935608e-02,5.995618179440498352e-02,1.307091116905212402e-01,2.254211604595184326e-01,2.017542272806167603e-01,1.841735094785690308e-02,1.112155523151159286e-02,2.093883603811264038e-01,2.290205210447311401e-01,1.513172388076782227e-01,2.323776781558990479e-01,6.968852132558822632e-02,1.721206009387969971e-01,-4.373398050665855408e-02,8.753322809934616089e-02,2.989296913146972656e-01,5.425047278404235840e-01,2.768795192241668701e-01,4.461565017700195312e-01,3.090188205242156982e-01,5.634914040565490723e-01,6.883379817008972168e-02,4.822415709495544434e-01,2.663466632366180420e-01,4.486190676689147949e-01,2.816222310066223145e-01,2.831294238567352295e-01,3.455666005611419678e-01,4.069529175758361816e-01,-1.733815819025039673e-01,-1.641929000616073608e-01,-2.979974448680877686e-02,-5.809273198246955872e-02,-4.227803274989128113e-02,-2.078435756266117096e-02,-4.850551113486289978e-02,2.123188413679599762e-02,-1.963420063257217407e-01,-9.035006165504455566e-02,-1.463183313608169556e-01,1.495063453912734985e-01,-1.204302087426185608e-01,1.032543852925300598e-01,-4.412529245018959045e-02,3.894052207469940186e-01,-1.560340970754623413e-01,2.552491128444671631e-01,-1.667441725730895996e-01,2.078765034675598145e-01,-7.308846712112426758e-02,6.252623349428176880e-02,2.246885448694229126e-01,9.328895062208175659e-02,-2.765559554100036621e-01,-2.965730726718902588e-01,-2.419450730085372925e-01,-2.880890369415283203e-01,-1.885579824447631836e-01,-3.091657767072319984e-03,2.292446419596672058e-02,-8.675327524542808533e-03,-1.033431291580200195e-01,-1.111554652452468872e-01,-2.332088053226470947e-01,-1.832518577575683594e-01,-1.975611299276351929e-01,-1.383599936962127686e-01,-6.104693748056888580e-03,-2.004390805959701538e-01,-1.255047917366027832e-01,-8.852735906839370728e-02,2.237366139888763428e-02,9.902289509773254395e-02,-1.942812502384185791e-01,-1.948236376047134399e-01
8.875198662281036377e-02,-1.469994783401489258e-01,1.299758106470108032e-01,-3.157145902514457703e-02,6.211372613906860352e-01,3.714740276336669922e-01,4.455066099762916565e-02,-1.739351749420166016e-01,1.000000000000000000e+00,5.184087753295898438e-01,1.506563425064086914e-01,5.320587661117315292e-03,2.959430217742919922e-01,-6.259272992610931396e-02,5.865762233734130859e-01,3.992056548595428467e-01,2.175281941890716553e-01,6.225230917334556580e-02,1.297958493232727051e-01,6.695942580699920654e-02,3.457207381725311279e-01,3.130748271942138672e-01,2.718104422092437744e-01,2.285527735948562622e-01,3.544080853462219238e-01,2.866916656494140625e-01,2.930989563465118408e-01,2.242232859134674072e-01,1.656704396009445190e-01,1.336229145526885986e-01,3.129333555698394775e-01,3.320946991443634033e-01,-2.088020369410514832e-02,4.085575044155120850e-02,-9.735680185258388519e-03,-1.177101582288742065e-01,1.713978350162506104e-01,2.862933874130249023e-01,8.072412014007568359e-02,4.675412178039550781e-02,-3.912537824362516403e-03,-1.280351579189300537e-01,5.118952691555023193e-02,-6.079345196485519409e-02,-1.013340279459953308e-01,-1.533370167016983032e-01,1.078843027353286743e-01,-4.562119022011756897e-02,-1.161689832806587219e-01,-1.592950671911239624e-01,4.092939570546150208e-02,-1.660368740558624268e-01,2.038374394178390503e-01,-2.026122659444808960e-01,1.917914897203445435e-01,-2.949288859963417053e-02,5.773195624351501465e-02,-1.209284961223602295e-01,-1.368245780467987061e-01,-1.787222772836685181e-01,1.523361634463071823e-02,-1.760645508766174316e-01,1.088166832923889160e-01,-1.864570975303649902e-01,1.125736609101295471e-01,-1.613352894783020020e-01,-1.255389899015426636e-01,-1.826888471841812134e-01,-4.295998718589544296e-03,-1.600567102432250977e-01,9.564442187547683716e-02,2.391134202480316162e-01,1.124982386827468872e-01,1.597498059272766113e-01,2.246792018413543701e-01,2.350199669599533081e-01,1.570553332567214966e-01,1.706428378820419312e-01,1.561087220907211304e-01,1.872122883796691895e-01,1.735735237598419189e-01,-4.886400885879993439e-03,-7.958459667861461639e-03,-3.559091314673423767e-02,2.624571323394775391e-01,1.280562579631805420e-02,2.775758206844329834e-01,3.549292683601379395e-02,5.603861212730407715e-01,1.047724857926368713e-01,7.266227900981903076e-02,-4.823123104870319366e-03,2.733730338513851166e-02,1.491099148988723755e-01,-2.250671386718750000e-02,-8.530657738447189331e-03,5.123675242066383362e-02,-1.617015339434146881e-02,3.057489544153213501e-02,1.887889392673969269e-02,-4.551560059189796448e-02,1.698393076658248901e-01,-4.241267591714859009e-02,3.129848977550864220e-03,3.401602804660797119e-02,5.703585222363471985e-02,4.649522900581359863e-02,-2.034841850399971008e-02,-4.635425284504890442e-02,1.654882729053497314e-02,3.220329806208610535e-02,-8.275878615677356720e-03,7.251751143485307693e-03,-4.285815358161926270e-02,8.238394744694232941e-03,-6.760845333337783813e-02
-5.710279569029808044e-02,9.263160079717636108e-02,-1.502036601305007935e-01,1.178271621465682983e-01,6.077743172645568848e-01,5.998277068138122559e-01,-2.561588585376739502e-01,2.755422517657279968e-02,5.184087753295898438e-01,1.000000000000000000e+00,2.922965399920940399e-02,1.348673105239868164e-01,-4.552771523594856262e-02,5.822131410241127014e-02,2.545002698898315430e-01,5.565707683563232422e-01,9.390277788043022156e-03,1.617582142353057861e-01,4.158312454819679260e-02,7.656345516443252563e-02,2.765928208827972412e-01,3.326575756072998047e-01,1.448356211185455322e-01,2.979000508785247803e-01,4.638911187648773193e-01,4.760429561138153076e-01,3.835949301719665527e-01,4.018263518810272217e-01,1.109258364886045456e-02,9.862758219242095947e-02,3.697421848773956299e-01,4.081965386867523193e-01,-9.082298725843429565e-02,-5.846016481518745422e-02,-7.080642133951187134e-02,-3.158655390143394470e-02,1.233743038028478622e-02,1.237941756844520569e-01,-3.054600022733211517e-02,2.743704803287982941e-02,-5.171805992722511292e-02,-8.461936563253402710e-02,-9.207096695899963379e-02,-3.298419341444969177e-02,-2.678282093256711960e-03,-7.445455528795719147e-03,-1.120705679059028625e-01,4.376511275768280029e-02,9.784948825836181641e-02,5.059465765953063965e-02,4.645695909857749939e-02,7.218960672616958618e-02,2.840707544237375259e-03,-1.903972327709197998e-01,3.849596530199050903e-02,4.742206633090972900e-02,-4.232252016663551331e-02,1.024051755666732788e-01,-3.202516213059425354e-02,4.840768501162528992e-02,-2.645918540656566620e-02,7.533976435661315918e-02,-1.377471983432769775e-01,1.049697548151016235e-01,-1.170222461223602295e-02,7.557181268930435181e-02,-5.489854887127876282e-02,-6.498640775680541992e-02,1.511659566313028336e-02,-4.798859730362892151e-02,2.429021336138248444e-02,2.246298938989639282e-01,-8.318366110324859619e-02,1.026351079344749451e-01,-8.186292689060792327e-05,1.082306280732154846e-01,-1.961029693484306335e-02,-1.816438883543014526e-02,-2.489658258855342865e-02,1.012532189488410950e-01,-1.327739506959915161e-01,1.019152700901031494e-01,-1.114121228456497192e-01,-1.321343481540679932e-01,-8.641036599874496460e-02,1.861726939678192139e-01,1.533863041549921036e-02,-1.248353645205497742e-01,1.047046408057212830e-01,4.430721402168273926e-01,-1.026180610060691833e-01,-5.470990389585494995e-02,1.486420482397079468e-01,1.302203387022018433e-01,-1.035371571779251099e-01,-1.131864357739686966e-02,9.572446346282958984e-03,-6.445024162530899048e-02,-6.641177088022232056e-02,-9.730898588895797729e-02,1.568014323711395264e-01,1.268622372299432755e-02,4.082620516419410706e-02,-1.242940314114093781e-02,3.304606303572654724e-02,1.644690707325935364e-02,-5.392867699265480042e-02,-6.917648017406463623e-02,-1.137956604361534119e-01,-3.869658336043357849e-02,-8.253262192010879517e-02,-2.120934613049030304e-02,-5.108710750937461853e-02,-7.222034037113189697e-02,-4.297651350498199463e-02,-2.657944336533546448e-02
3.421485722064971924e-01,-1.476328633725643158e-02,-3.405038639903068542e-02,-1.643359544686973095e-03,4.690008237957954407e-02,4.603797197341918945e-02,5.046831071376800537e-02,-4.662963747978210449e-02,1.506563425064086914e-01,2.922965399920940399e-02,1.000000000000000000e+00,1.720056533813476562e-01,4.946047067642211914e-01,-2.377390488982200623e-02,2.910777926445007324e-01,7.078950852155685425e-02,4.925481975078582764e-01,3.831017911434173584e-01,-6.641850620508193970e-02,-1.165559887886047363e-02,-1.139409616589546204e-01,8.282468467950820923e-02,-8.142618462443351746e-03,7.678291201591491699e-02,7.629895955324172974e-02,8.635508269071578979e-02,3.284090012311935425e-02,8.775656670331954956e-02,2.609828114509582520e-01,3.707372248172760010e-01,2.065272927284240723e-01,2.090127617120742798e-01,-1.915661990642547607e-02,1.251602172851562500e-02,-8.125852048397064209e-02,-5.833592265844345093e-02,7.813170552253723145e-02,-1.310262270271778107e-02,2.699438296258449554e-02,1.618071794509887695e-01,-2.489711940288543701e-01,-6.791213899850845337e-02,7.920251786708831787e-02,-1.455031931400299072e-01,-1.124679893255233765e-01,-1.391544491052627563e-01,8.010832220315933228e-02,8.618395775556564331e-02,-8.214296400547027588e-02,-1.657564640045166016e-01,-2.190073207020759583e-02,-1.474902331829071045e-01,1.053511276841163635e-01,1.552739292383193970e-01,5.829263851046562195e-02,-5.792403221130371094e-02,1.019261181354522705e-01,-4.112679511308670044e-02,-1.112887933850288391e-01,-1.696562618017196655e-01,-3.129809349775314331e-02,-1.220279335975646973e-01,9.186078608036041260e-02,-2.979988232254981995e-02,1.705954782664775848e-02,-4.268636554479598999e-02,-1.089063733816146851e-01,-1.289427429437637329e-01,2.990696113556623459e-03,7.843251805752515793e-04,-1.051922515034675598e-01,-8.415766060352325439e-02,-2.160411514341831207e-02,-6.855444610118865967e-02,5.708056315779685974e-02,-4.218202456831932068e-02,-1.944057792425155640e-01,-1.860751956701278687e-01,2.488519810140132904e-02,1.047527417540550232e-01,-1.804868876934051514e-02,-1.489004939794540405e-01,-1.923137009143829346e-01,7.969360053539276123e-02,5.947589501738548279e-02,-1.013448163866996765e-01,-7.434768974781036377e-02,4.016928747296333313e-02,1.827199161052703857e-01,-5.698137730360031128e-02,4.424953833222389221e-02,-6.733766943216323853e-02,-8.595808595418930054e-02,-1.993162743747234344e-02,-2.016083151102066040e-02,1.363327652215957642e-01,3.290756046772003174e-01,3.187851309776306152e-01,-7.984012365341186523e-02,-1.717635393142700195e-01,-1.732666976749897003e-02,-8.606461435556411743e-02,-4.570438712835311890e-02,-1.239348202943801880e-01,-1.427397429943084717e-01,-1.120670810341835022e-01,-1.922095119953155518e-01,-2.637108862400054932e-01,1.252856403589248657e-01,1.892160773277282715e-01,8.052773028612136841e-02,2.122555859386920929e-02,-1.276439726352691650e-01,-1.836947202682495117e-01,-2.515926957130432129e-01,1.287959963083267212e-01
-9.497050195932388306e-03,3.847894370555877686e-01,1.257263869047164917e-01,2.574186325073242188e-01,7.730947434902191162e-02,-1.331000588834285736e-02,-1.165484413504600525e-01,2.877592444419860840e-01,5.320587661117315292e-03,1.348673105239868164e-01,1.720056533813476562e-01,1.000000000000000000e+00,-5.380269512534141541e-02,4.659072458744049072e-01,-4.361006617546081543e-02,2.380579560995101929e-01,-7.390153408050537109e-02,5.020436644554138184e-01,8.691965043544769287e-02,2.404774576425552368e-01,-6.999264657497406006e-02,8.750453591346740723e-02,3.262878954410552979e-01,3.286822736263275146e-01,-8.019791543483734131e-02,-1.987750269472599030e-02,-2.260822057723999023e-01,-1.457369327545166016e-01,-4.736642539501190186e-02,3.506468832492828369e-01,2.982597351074218750e-01,2.526991069316864014e-01,3.243348002433776855e-02,9.021027386188507080e-02,-5.351912230253219604e-02,1.766925752162933350e-01,-1.815974339842796326e-02,1.336947083473205566e-01,8.206427097320556641e-02,7.813550531864166260e-02,-1.898394199088215828e-03,-8.067768067121505737e-02,-2.462419420480728149e-01,-1.096379086375236511e-01,-1.368709802627563477e-01,-1.998787187039852142e-02,-7.016120105981826782e-02,-9.001932106912136078e-03,-6.953627616167068481e-02,1.060651317238807678e-01,-1.904376149177551270e-01,1.010035797953605652e-01,-1.700002998113632202e-01,-1.689011901617050171e-01,-1.253762245178222656e-01,-4.008264839649200439e-02,-5.515387281775474548e-02,3.131681978702545166e-01,-1.210073977708816528e-01,1.261345446109771729e-01,-1.485558897256851196e-01,2.160163372755050659e-01,-2.256974875926971436e-01,3.458375632762908936e-01,-1.214219480752944946e-01,1.028767153620719910e-01,-1.726137250661849976e-01,-1.033964678645133972e-01,-3.789167106151580811e-02,1.175826713442802429e-01,1.450253874063491821e-01,2.850957214832305908e-01,-1.213141344487667084e-02,1.200508400797843933e-01,9.502960741519927979e-02,1.819545924663543701e-01,-2.967082709074020386e-02,2.626856230199337006e-02,-6.506457179784774780e-02,9.817506372928619385e-02,-2.464192509651184082e-01,2.677587568759918213e-01,-1.414003372192382812e-01,-3.753448650240898132e-02,-2.326183170080184937e-01,2.504381239414215088e-01,-1.705928519368171692e-02,-9.133717417716979980e-02,-1.179659292101860046e-01,1.863497495651245117e-01,-1.587251275777816772e-01,-1.116066649556159973e-01,-2.922939322888851166e-02,-7.390452921390533447e-02,9.375824034214019775e-02,1.527497768402099609e-01,1.353123933076858521e-01,1.060597896575927734e-01,1.264104098081588745e-01,4.802086576819419861e-02,3.080533742904663086e-01,1.825254261493682861e-01,3.284536898136138916e-01,2.035585939884185791e-01,1.590409874916076660e-01,9.147411584854125977e-02,-4.210966173559427261e-03,-4.052127152681350708e-02,-1.555539071559906006e-01,2.059539556503295898e-01,-3.232218325138092041e-03,-4.982669651508331299e-02,3.332439064979553223e-02,5.125408619642257690e-02,-7.736378908157348633e-02,1.393412947654724121e-01
5.307396650314331055e-01,2.713552862405776978e-02,3.509970903396606445e-01,1.185229271650314331e-01,1.692261844873428345e-01,1.539658904075622559e-01,5.495256781578063965e-01,8.998883888125419617e-03,2.959430217742919922e-01,-4.552771523594856262e-02,4.946047067642211914e-01,-5.380269512534141541e-02,1.000000000000000000e+00,-3.830136731266975403e-02,4.624905288219451904e-01,-5.195373203605413437e-03,3.311198055744171143e-01,1.576204895973205566e-01,1.750537455081939697e-01,1.708189994096755981e-01,6.782849133014678955e-02,9.640979021787643433e-02,1.539880186319351196e-01,9.795467555522918701e-02,2.226618975400924683e-01,1.532303392887115479e-01,2.159114331007003784e-01,1.617115885019302368e-01,1.964825689792633057e-01,4.812282323837280273e-02,1.719877719879150391e-01,1.862754672765731812e-01,1.755627691745758057e-01,1.634702533483505249e-01,3.197613731026649475e-02,-1.912418603897094727e-01,1.545806974172592163e-01,1.355884075164794922e-01,8.401377499103546143e-02,1.847743839025497437e-01,-6.532219052314758301e-02,2.776849456131458282e-02,3.513321578502655029e-01,1.096007227897644043e-01,1.454451084136962891e-01,4.256099835038185120e-02,3.709644675254821777e-01,2.273037731647491455e-01,6.482204049825668335e-02,-1.645732298493385315e-02,2.487760335206985474e-01,-2.706944942474365234e-02,3.872096836566925049e-01,1.308424919843673706e-01,3.208942115306854248e-01,7.802762091159820557e-02,3.154614269733428955e-01,-6.599975284188985825e-03,1.652601808309555054e-01,-3.213168680667877197e-02,2.877739369869232178e-01,-8.070915937423706055e-03,3.397015035152435303e-01,-8.095430582761764526e-02,2.968484461307525635e-01,-1.127072609961032867e-02,1.323467344045639038e-01,5.443938076496124268e-02,1.810432821512222290e-01,4.971362277865409851e-02,-3.004537522792816162e-02,-7.998503744602203369e-02,1.182009801268577576e-01,-5.398955196142196655e-02,1.450299918651580811e-01,8.124900609254837036e-02,1.219866052269935608e-01,1.497325003147125244e-01,4.207119345664978027e-02,1.735986676067113876e-03,2.136873304843902588e-01,-1.401138901710510254e-01,-6.018907204270362854e-02,1.155758127570152283e-01,4.064614474773406982e-01,-6.596980988979339600e-02,5.138583108782768250e-02,1.547386050224304199e-01,4.645998775959014893e-01,-7.402698695659637451e-02,3.227724134922027588e-02,-7.662889081984758377e-03,2.782885218039155006e-03,1.733807660639286041e-02,-8.776075392961502075e-02,-8.000360429286956787e-02,1.643306612968444824e-01,4.146945849061012268e-02,-5.291874706745147705e-02,1.552721019834280014e-02,-1.592702716588973999e-01,7.257820665836334229e-02,-1.428649574518203735e-01,-1.007808521389961243e-01,-1.277015507221221924e-01,-2.633903548121452332e-02,-1.680259704589843750e-01,-2.028733044862747192e-01,1.141962558031082153e-01,2.125037275254726410e-02,1.676124334335327148e-01,2.310737036168575287e-02,7.803392410278320312e-02,-1.725339703261852264e-02,-9.721199423074722290e-02,-1.140755116939544678e-01
