1.000000000000000000e+00,3.967551887035369873e-01,1.818909943103790283e-01,-1.494243741035461426e-01,1.871706396341323853e-01,-7.637201994657516479e-02,1.484340876340866089e-01,-1.197435408830642700e-01,9.537707269191741943e-02,-6.825836002826690674e-02,3.252506554126739502e-01,1.110100373625755310e-01,4.212922453880310059e-01,2.629398107528686523e-01,1.676332950592041016e-01,1.008390039205551147e-01,2.258639782667160034e-01,1.616254895925521851e-01,4.809169471263885498e-01,2.554794549942016602e-01,-7.169825024902820587e-03,-7.325545698404312134e-02,-2.209110744297504425e-02,-1.615009754896163940e-01,1.379368752241134644e-01,-5.231305491179227829e-03,7.028535008430480957e-02,4.473821073770523071e-02,9.680937230587005615e-02,1.244639605283737183e-01,-1.572563201189041138e-01,-2.945783920586109161e-02,2.356939762830734253e-01,1.541137248277664185e-01,3.437081351876258850e-02,-6.591359525918960571e-02,8.021262474358081818e-03,-2.132857963442802429e-02,6.634428352117538452e-02,-1.280175596475601196e-01,-1.891738362610340118e-02,-6.538060307502746582e-02,-1.475179195404052734e-02,7.838736474514007568e-02,-3.721142932772636414e-02,5.901030451059341431e-02,7.668203115463256836e-02,1.055390387773513794e-01,1.750406473875045776e-01,1.885475963354110718e-01,2.793399095535278320e-01,6.951357424259185791e-02,1.597002893686294556e-01,1.428762357681989670e-02,2.012138217687606812e-01,7.243534550070762634e-03,4.303475022315979004e-01,3.478070199489593506e-01,4.406358003616333008e-01,2.908618152141571045e-01,4.569220840930938721e-01,2.115108221769332886e-01,2.846173942089080811e-01,2.668484449386596680e-01,3.440000116825103760e-02,-1.661324501037597656e-01,2.658724784851074219e-01,4.423142969608306885e-02,3.747358024120330811e-01,2.113439440727233887e-01,1.584960818290710449e-01,9.229449182748794556e-02,1.452621817588806152e-01,5.694762617349624634e-02,1.412833482027053833e-01,1.131985336542129517e-01,8.292786777019500732e-02,2.781329303979873657e-02,1.669966727495193481e-01,1.500532925128936768e-01,1.868607252836227417e-01,1.703955382108688354e-01,1.672261394560337067e-02,7.030628621578216553e-03,1.870399415493011475e-01,-4.898503422737121582e-02,-2.596306987106800079e-02,3.020906588062644005e-03,1.583311408758163452e-01,3.595820814371109009e-02,-1.154036074876785278e-02,1.780282855033874512e-01,-2.438606470823287964e-01,3.401101008057594299e-02,-9.615623205900192261e-02,-9.560209512710571289e-02,-4.409927874803543091e-02,-1.007196307182312012e-01,9.725490957498550415e-02,1.256296932697296143e-01,-1.698030978441238403e-01,1.514979749917984009e-01,2.467036060988903046e-02,2.474111169576644897e-01,6.788524240255355835e-02,1.044057235121726990e-01,4.170649498701095581e-02,2.061818689107894897e-01,-1.118160560727119446e-01,-7.275172043591737747e-03,1.415672246366739273e-02,1.190926879644393921e-02,1.249575167894363403e-01,3.764076158404350281e-02,7.472566515207290649e-02,2.032918483018875122e-02
3.967551887035369873e-01,1.000000000000000000e+00,-5.648709833621978760e-02,1.652698963880538940e-01,5.117064714431762695e-02,-4.856242984533309937e-02,4.996252246201038361e-03,1.792392730712890625e-01,-1.841337531805038452e-01,1.096618846058845520e-01,-1.304805576801300049e-01,2.311911880970001221e-01,8.676625788211822510e-02,3.185040056705474854e-01,4.901853948831558228e-02,1.442127078771591187e-01,2.890350520610809326e-01,3.874295353889465332e-01,4.315319359302520752e-01,5.170437693595886230e-01,1.688203811645507812e-01,-6.461874116212129593e-03,-4.534849897027015686e-02,1.460228208452463150e-02,8.872354030609130859e-02,1.158336549997329712e-02,1.146937683224678040e-01,3.678353875875473022e-02,2.029370367527008057e-01,3.175181746482849121e-01,8.441888727247714996e-03,4.167955368757247925e-02,3.156356215476989746e-01,2.506508827209472656e-01,-1.580438464879989624e-01,-1.819215267896652222e-01,2.241098880767822266e-02,-1.383860222995281219e-02,-8.255750685930252075e-02,-1.084510311484336853e-01,4.208882153034210205e-02,-4.331408813595771790e-02,-5.828739330172538757e-02,8.978740870952606201e-02,4.971798509359359741e-02,1.382178068161010742e-01,5.322999134659767151e-02,1.881306916475296021e-01,2.639687955379486084e-01,3.101451992988586426e-01,1.850767284631729126e-01,2.440811991691589355e-01,2.128573805093765259e-01,1.740553081035614014e-01,1.852422803640365601e-01,5.613263323903083801e-02,4.876939058303833008e-01,5.451971888542175293e-01,3.588000237941741943e-01,4.890798628330230713e-01,3.472664058208465576e-01,4.205347895622253418e-01,3.399620056152343750e-01,5.044807791709899902e-01,-2.982580661773681641e-01,-1.401200704276561737e-02,8.260681480169296265e-02,6.528291106224060059e-02,4.023288488388061523e-01,2.823756039142608643e-01,2.603419125080108643e-01,1.591484546661376953e-01,1.911212652921676636e-01,2.400737106800079346e-01,1.952665597200393677e-01,1.318020075559616089e-01,1.240220442414283752e-01,1.839972585439682007e-01,1.017654165625572205e-01,2.448717504739761353e-01,2.125524431467056274e-01,4.024609923362731934e-01,2.819694019854068756e-02,1.343324780464172363e-01,-1.564062088727951050e-01,9.326955676078796387e-02,-2.303135991096496582e-01,-8.078341186046600342e-02,-1.003613546490669250e-01,1.177449077367782593e-01,-2.399039641022682190e-02,1.127842999994754791e-02,-1.735273450613021851e-01,-2.238762527704238892e-01,4.319434985518455505e-02,9.206891804933547974e-02,8.023060858249664307e-02,-4.057680442929267883e-02,1.584789603948593140e-01,8.198773115873336792e-02,-1.945431232452392578e-01,-1.065028831362724304e-01,-1.137700583785772324e-02,5.399006977677345276e-02,6.031095981597900391e-02,1.337900757789611816e-01,-2.310774847865104675e-02,1.297694146633148193e-01,1.996130682528018951e-02,1.577565222978591919e-01,8.441673219203948975e-02,-6.888085976243019104e-03,3.698588535189628601e-02,3.575760126113891602e-02,8.092017471790313721e-02,-3.038498386740684509e-02
1.818909943103790283e-01,-5.648709833621978760e-02,1.000000000000000000e+00,1.043710187077522278e-01,-5.247958470135927200e-03,-1.985795795917510986e-01,2.774846553802490234e-01,-1.430959850549697876e-01,5.700204521417617798e-02,-2.681945860385894775e-01,3.467700779438018799e-01,-2.245829999446868896e-01,4.485101625323295593e-02,-1.147954165935516357e-01,2.353784069418907166e-02,-8.188327401876449585e-02,-1.356085389852523804e-01,-8.186075091361999512e-02,7.670494262129068375e-03,-1.236849054694175720e-01,-1.134425178170204163e-01,-1.840058565139770508e-01,4.348895549774169922e-01,2.722830474376678467e-01,2.479092776775360107e-01,6.136685237288475037e-02,3.187637031078338623e-02,-7.984287291765213013e-02,-4.023466631770133972e-02,-9.804706275463104248e-02,1.721805483102798462e-01,2.814399898052215576e-01,8.791474252939224243e-02,1.292575523257255554e-02,2.968655228614807129e-01,1.084463223814964294e-01,1.378372078761458397e-03,2.026973292231559753e-02,1.606493294239044189e-01,-7.039535045623779297e-02,-5.411942955106496811e-03,3.679990395903587341e-02,-1.269011348485946655e-01,-1.138123646378517151e-01,-1.801513582468032837e-01,-2.110398411750793457e-01,-1.639824658632278442e-01,-1.451712995767593384e-01,-1.773658394813537598e-01,-2.433411926031112671e-01,-8.916560560464859009e-02,-1.133088171482086182e-01,-4.097224026918411255e-02,-8.822561800479888916e-02,-1.324221938848495483e-01,-1.231112480163574219e-01,6.404919177293777466e-02,1.052543595433235168e-01,-3.645190596580505371e-02,-1.268034577369689941e-01,-1.370794475078582764e-01,-1.326360106468200684e-01,-2.167020589113235474e-01,-2.613458633422851562e-01,4.396531581878662109e-01,6.941285729408264160e-02,7.882031053304672241e-02,-6.836596131324768066e-02,8.223707973957061768e-02,8.866756223142147064e-03,4.956400394439697266e-02,-3.712584823369979858e-02,2.618609555065631866e-02,-7.770805805921554565e-02,-7.930876314640045166e-02,-1.172578334808349609e-02,-3.187928581610321999e-03,-6.978128850460052490e-02,-2.308897487819194794e-02,-2.636175043880939484e-02,-2.752376794815063477e-01,-1.178990378975868225e-01,1.821407862007617950e-02,-7.263139635324478149e-02,3.596328496932983398e-01,1.273768842220306396e-01,1.762233823537826538e-01,-3.840595949441194534e-03,7.675435394048690796e-02,-1.399722099304199219e-01,-2.136691957712173462e-01,-1.100754737854003906e-01,-6.596770882606506348e-02,2.760944366455078125e-01,-1.070184707641601562e-01,-9.935975074768066406e-02,-1.346503198146820068e-01,-4.860822111368179321e-02,-2.951850295066833496e-01,-1.668079346418380737e-01,-1.352843791246414185e-01,1.543122231960296631e-01,-1.578106284141540527e-01,6.649804115295410156e-02,-5.945279821753501892e-02,8.670801296830177307e-03,1.360725704580545425e-02,3.426773101091384888e-02,-9.067235887050628662e-02,-6.440985202789306641e-02,-6.049899384379386902e-02,-1.430074423551559448e-01,-8.072999119758605957e-02,6.430412083864212036e-02,-5.949667096138000488e-02,-1.981466263532638550e-02
-1.494243741035461426e-01,1.652698963880538940e-01,1.043710187077522278e-01,1.000000000000000000e+00,-8.780331164598464966e-02,1.165335923433303833e-01,2.786181867122650146e-01,6.018632054328918457e-01,-2.487469762563705444e-01,4.341705515980720520e-02,-2.440403103828430176e-01,1.938384324312210083e-01,-3.105124831199645996e-01,8.712084591388702393e-02,-1.404266804456710815e-01,-8.967752009630203247e-02,-1.340876705944538116e-02,3.600119426846504211e-02,7.923309504985809326e-02,2.792465388774871826e-01,-3.218023478984832764e-02,2.320693433284759521e-02,1.151425242424011230e-01,5.666301250457763672e-01,-1.813534200191497803e-01,-3.580087423324584961e-02,-9.985766559839248657e-02,1.123363804072141647e-02,1.659344732761383057e-01,1.601625233888626099e-01,3.209458887577056885e-01,3.665707409381866455e-01,2.747074961662292480e-01,2.602083384990692139e-01,1.084560994058847427e-02,1.792033314704895020e-01,3.862478211522102356e-02,1.341758389025926590e-02,-1.031045168638229370e-01,-3.785313293337821960e-02,1.197488680481910706e-01,6.437516957521438599e-02,-2.643975801765918732e-02,-5.220198258757591248e-02,-4.972941055893898010e-02,-2.521295845508575439e-02,-1.052901521325111389e-02,-5.737216770648956299e-02,-3.340708464384078979e-02,-6.082377210259437561e-02,-1.595702320337295532e-01,-1.055225147865712643e-03,-4.437341354787349701e-03,-3.132066503167152405e-02,-1.009568423032760620e-01,-1.101630255579948425e-01,-3.732218872755765915e-03,-9.513416327536106110e-03,-7.025581598281860352e-02,1.463402509689331055e-01,-1.519600600004196167e-01,2.735442817211151123e-01,8.067560195922851562e-02,1.017351150512695312e-01,-1.645983457565307617e-01,3.580233156681060791e-01,-1.736248135566711426e-01,1.813574135303497314e-01,-8.969994634389877319e-02,-3.791668638586997986e-02,2.715962566435337067e-02,3.997012600302696228e-02,-8.605498820543289185e-03,1.273451894521713257e-01,3.188416734337806702e-02,3.397897258400917053e-02,3.019547276198863983e-02,9.229969233274459839e-02,-1.323648542165756226e-01,-1.879073120653629303e-02,-5.403422191739082336e-02,-8.655116707086563110e-02,-7.073074113577604294e-03,9.033270180225372314e-02,-2.585740983486175537e-01,9.000612050294876099e-02,-9.367261081933975220e-02,9.155751019716262817e-02,-2.049269974231719971e-01,2.706459723412990570e-02,6.756669282913208008e-02,-7.218387722969055176e-02,9.284314513206481934e-02,-2.349141240119934082e-01,-4.987908899784088135e-02,-1.159311756491661072e-01,-1.897454075515270233e-02,2.232089266180992126e-02,1.135180518031120300e-01,-1.118091214448213577e-02,2.154041267931461334e-02,-1.636539846658706665e-01,-8.835551561787724495e-04,-8.376046270132064819e-02,-1.592585816979408264e-02,-5.801912024617195129e-02,-6.688366085290908813e-02,-1.315243393182754517e-01,-1.103925332427024841e-02,-1.376485265791416168e-02,2.635292708873748779e-02,2.393615199252963066e-03,-8.367135305888950825e-04,-2.634573169052600861e-02,-2.138740941882133484e-02,-7.419329881668090820e-02
1.871706396341323853e-01,5.117064714431762695e-02,-5.247958470135927200e-03,-8.780331164598464966e-02,1.000000000000000000e+00,4.455087184906005859e-01,-5.420231074094772339e-02,-1.499208956956863403e-01,3.906564712524414062e-01,3.916666507720947266e-01,8.698490262031555176e-02,1.048240810632705688e-01,1.278257817029953003e-01,8.938905596733093262e-02,3.248896896839141846e-01,2.841522097587585449e-01,1.031775400042533875e-01,1.206444725394248962e-01,4.964614659547805786e-02,1.130284518003463745e-01,1.606881767511367798e-01,2.253278046846389771e-01,1.354312300682067871e-01,-1.121826353482902050e-03,1.422706842422485352e-01,1.171287521719932556e-01,4.217373132705688477e-01,4.470250606536865234e-01,9.743592143058776855e-02,1.157822608947753906e-01,1.605065912008285522e-02,2.849023975431919098e-02,1.144488677382469177e-01,-9.818876162171363831e-03,1.523262169212102890e-02,2.404619567096233368e-02,1.089587435126304626e-02,1.078585311770439148e-01,4.021309316158294678e-03,1.384411007165908813e-01,1.009946614503860474e-01,1.298530697822570801e-01,2.653676830232143402e-02,2.391613647341728210e-02,4.473950713872909546e-02,-3.234773501753807068e-02,2.954060025513172150e-02,6.523144990205764771e-02,-2.189451456069946289e-02,-2.504862472414970398e-02,-6.628843024373054504e-03,-2.887001261115074158e-02,-1.362705044448375702e-02,-8.220495283603668213e-02,8.831930346786975861e-03,1.426170617341995239e-01,1.322465837001800537e-01,1.044311821460723877e-01,1.492826268076896667e-02,1.378906052559614182e-02,9.525281190872192383e-02,1.122887432575225830e-01,1.715009510517120361e-01,7.259736955165863037e-02,-1.121400110423564911e-02,-7.861200720071792603e-02,2.666371129453182220e-02,-1.603215932846069336e-02,4.150076955556869507e-02,1.044432073831558228e-01,1.185210719704627991e-01,6.803902238607406616e-02,5.750595405697822571e-02,-4.570456966757774353e-02,-2.020932734012603760e-02,-8.549034595489501953e-03,1.514347344636917114e-01,1.452494263648986816e-01,-4.552293568849563599e-02,4.149059206247329712e-02,8.100911229848861694e-02,8.565118908882141113e-02,9.523464739322662354e-02,9.526288509368896484e-02,4.821378365159034729e-02,7.534655742347240448e-04,2.748521417379379272e-02,1.632438153028488159e-01,9.210667014122009277e-02,1.292065083980560303e-01,1.013459265232086182e-01,1.154516562819480896e-01,4.702887311577796936e-02,7.252283394336700439e-02,8.718869835138320923e-02,6.902336329221725464e-02,1.160380542278289795e-01,1.850559562444686890e-01,1.094840317964553833e-01,1.153416931629180908e-01,-1.805784106254577637e-01,-1.207219716161489487e-02,-1.981599070131778717e-02,-4.202881082892417908e-02,1.456183474510908127e-02,4.704309161752462387e-03,-1.768769323825836182e-02,-3.445072844624519348e-02,1.020796969532966614e-02,2.229283563792705536e-02,2.094214558601379395e-01,1.701591312885284424e-01,4.564236849546432495e-02,-5.462533608078956604e-02,-8.981585502624511719e-02,1.141346842050552368e-01
-7.637201994657516479e-02,-4.856242984533309937e-02,-1.985795795917510986e-01,1.165335923433303833e-01,4.455087184906005859e-01,1.000000000000000000e+00,-2.991366665810346603e-03,1.390429437160491943e-01,3.240403831005096436e-01,5.532844662666320801e-01,-1.492017656564712524e-01,5.048872902989387512e-02,-4.919876903295516968e-02,1.878658123314380646e-02,2.624835669994354248e-01,2.613189816474914551e-01,-7.200740743428468704e-03,3.166113421320915222e-02,-3.814119845628738403e-02,1.038717105984687805e-01,1.767731308937072754e-01,3.413259685039520264e-01,7.404653728008270264e-02,1.359994709491729736e-01,-3.172719851136207581e-02,1.127357408404350281e-01,3.412831425666809082e-01,4.742476344108581543e-01,3.577359020709991455e-02,4.463779553771018982e-02,1.476220786571502686e-01,1.330699212849140167e-02,5.859622359275817871e-02,7.892250269651412964e-02,-4.808470606803894043e-02,1.087788566946983337e-01,7.169058173894882202e-02,6.945022847503423691e-03,-1.052209809422492981e-01,7.243447005748748779e-02,1.965599805116653442e-01,2.538760304450988770e-01,2.091970993205904961e-03,-4.090344533324241638e-02,3.973349463194608688e-03,-4.812266305088996887e-02,-1.402289699763059616e-02,-2.804121375083923340e-02,-1.035690382122993469e-01,-3.354695811867713928e-02,-2.218112945556640625e-01,-7.995180040597915649e-02,-9.327081963419914246e-03,-7.015063613653182983e-02,-5.564376711845397949e-02,2.548689208924770355e-02,-2.893578074872493744e-02,-3.784820437431335449e-02,-1.453230977058410645e-01,-2.595940232276916504e-02,-7.367750257253646851e-02,1.193322986364364624e-01,1.310771405696868896e-01,2.222711965441703796e-02,-1.360430866479873657e-01,7.596956193447113037e-02,-1.689789146184921265e-01,-3.053136169910430908e-02,-4.560340940952301025e-02,-4.573072865605354309e-02,6.953028589487075806e-02,2.932268753647804260e-02,2.003230899572372437e-02,-8.108590729534626007e-03,-2.566705457866191864e-02,-5.007385462522506714e-02,1.728682816028594971e-01,1.604473888874053955e-01,-1.530371457338333130e-01,-9.137787669897079468e-02,2.224407903850078583e-02,-4.148954153060913086e-02,1.028460487723350525e-01,1.884611248970031738e-01,-1.193272396922111511e-01,-2.252349816262722015e-02,-1.372159551829099655e-02,1.127474978566169739e-01,-9.025133401155471802e-02,5.713840201497077942e-02,2.120453119277954102e-01,4.958316683769226074e-02,2.313964813947677612e-01,-5.669834837317466736e-02,6.848670542240142822e-03,3.961554262787103653e-03,7.574824243783950806e-02,9.034912288188934326e-02,1.236027628183364868e-01,6.858359277248382568e-02,2.278907410800457001e-02,-1.012187227606773376e-01,4.216521605849266052e-02,-1.375420242547988892e-01,7.002720236778259277e-02,8.864992298185825348e-03,-3.158881887793540955e-02,-1.246821656823158264e-01,3.615538403391838074e-02,4.685692954808473587e-03,1.151668801903724670e-01,1.756338179111480713e-01,4.391787201166152954e-02,2.232109196484088898e-02,-2.686513029038906097e-02,1.150705069303512573e-01
1.484340876340866089e-01,4.996252246201038361e-03,2.774846553802490234e-01,2.786181867122650146e-01,-5.420231074094772339e-02,-2.991366665810346603e-03,1.000000000000000000e+00,3.693343698978424072e-01,8.841870725154876709e-02,-1.651273220777511597e-01,1.359613388776779175e-01,3.328879177570343018e-02,2.722967267036437988e-01,1.874037981033325195e-01,1.015999093651771545e-01,-1.841662377119064331e-01,1.400939654558897018e-02,-1.630834192037582397e-01,1.503957808017730713e-01,6.453685462474822998e-02,-1.335579603910446167e-01,-1.132340207695960999e-01,-1.064262092113494873e-01,8.356302976608276367e-02,-3.137388527393341064e-01,-2.081460356712341309e-01,-2.144884765148162842e-01,-1.115001812577247620e-01,9.016922116279602051e-02,-5.278514232486486435e-03,8.821161836385726929e-02,1.064665764570236206e-01,2.196540087461471558e-01,2.032903581857681274e-01,-5.592072755098342896e-02,2.170533686876296997e-02,6.033985689282417297e-02,-5.278735607862472534e-02,5.925024393945932388e-03,-5.375275388360023499e-02,1.265937685966491699e-01,7.086829096078872681e-02,-1.124043390154838562e-01,-1.664113402366638184e-01,-6.957694143056869507e-02,-4.551236703991889954e-02,-1.270359307527542114e-01,-1.920120716094970703e-01,1.822309009730815887e-02,-6.107646971940994263e-02,-1.175723411142826080e-02,-6.243301182985305786e-02,-3.998275101184844971e-02,-1.036840304732322693e-01,-6.453176587820053101e-02,-1.693478822708129883e-01,-1.295426487922668457e-01,-1.837337762117385864e-01,1.649132221937179565e-01,2.140966244041919708e-02,7.986078411340713501e-02,9.020981937646865845e-02,1.652491241693496704e-01,4.670786485075950623e-02,2.735603414475917816e-02,-1.608510967344045639e-03,-6.166112050414085388e-02,-4.187435284256935120e-02,2.431158209219574928e-03,-8.335165679454803467e-02,3.771871328353881836e-02,-5.402351729571819305e-03,9.425342828035354614e-02,-2.442084625363349915e-02,-7.329346239566802979e-02,6.359773874282836914e-02,5.778427049517631531e-02,-2.907467633485794067e-02,-3.743819426745176315e-03,-6.815312802791595459e-02,-2.495427057147026062e-02,-2.455531805753707886e-01,-4.261100292205810547e-02,2.773333899676799774e-02,-8.832700550556182861e-03,-2.417519241571426392e-01,-4.733296856284141541e-02,-9.259241074323654175e-02,8.096005767583847046e-02,-9.272719919681549072e-02,-1.213220059871673584e-01,-2.399746887385845184e-02,-3.509789332747459412e-02,5.765981599688529968e-02,-1.286244839429855347e-01,-1.277903914451599121e-01,-1.241908818483352661e-01,-1.639538109302520752e-01,-6.242240592837333679e-02,1.363378576934337616e-02,-7.017307728528976440e-02,1.164319664239883423e-01,-2.288846485316753387e-02,1.279834508895874023e-01,1.806838810443878174e-02,2.670210041105747223e-02,-6.275704503059387207e-02,-5.963545665144920349e-02,-1.227629929780960083e-02,-7.945656031370162964e-02,-1.383571326732635498e-01,-5.920677632093429565e-02,-6.106977234594523907e-04,1.059763971716165543e-02,-9.125991910696029663e-02,6.931819766759872437e-02
-1.197435408830642700e-01,1.792392730712890625e-01,-1.430959850549697876e-01,6.018632054328918457e-01,-1.499208956956863403e-01,1.390429437160491943e-01,3.693343698978424072e-01,1.000000000000000000e+00,-1.395855993032455444e-01,1.102677583694458008e-01,-2.261199653148651123e-01,2.721303403377532959e-01,-1.039997041225433350e-01,2.508075833320617676e-01,-9.092985838651657104e-02,-1.258342564105987549e-01,4.601103812456130981e-02,4.340414016041904688e-04,1.151951700448989868e-01,1.993613243103027344e-01,-1.283554080873727798e-02,3.391659259796142578e-02,-1.090025752782821655e-01,3.220738768577575684e-01,-3.810937702655792236e-01,-1.594930142164230347e-01,-1.923251152038574219e-01,-4.019754007458686829e-02,1.986375004053115845e-01,8.900080621242523193e-02,1.347104161977767944e-01,1.460816562175750732e-01,1.769230365753173828e-01,2.260251641273498535e-01,-1.055925935506820679e-01,1.228747665882110596e-01,7.899504899978637695e-02,-4.005468636751174927e-02,-1.256567239761352539e-01,-6.545031815767288208e-02,1.774928420782089233e-01,6.857773661613464355e-02,-7.535258680582046509e-02,-8.360147476196289062e-02,-3.605522587895393372e-02,1.415522769093513489e-02,-2.148337475955486298e-02,-7.867247611284255981e-02,4.205577820539474487e-02,5.101024359464645386e-02,-1.190564408898353577e-01,4.145647585391998291e-02,2.840936928987503052e-02,-1.769944792613387108e-03,-3.014403022825717926e-02,-1.296177953481674194e-01,-2.537587098777294159e-02,-7.637923955917358398e-02,4.370289295911788940e-02,1.816450059413909912e-01,2.938033640384674072e-02,3.009936213493347168e-01,1.692370921373367310e-01,1.693207174539566040e-01,-2.710057795047760010e-01,2.220328152179718018e-01,-1.734135597944259644e-01,1.043513268232345581e-01,-7.502744346857070923e-02,-3.744100034236907959e-02,-1.178561151027679443e-02,1.668979786336421967e-02,3.630288643762469292e-03,9.234545379877090454e-02,2.022515237331390381e-02,2.383032254874706268e-02,9.929662197828292847e-02,6.042816117405891418e-02,-1.057685986161231995e-01,-3.661982715129852295e-02,2.574421837925910950e-02,-1.129519566893577576e-01,6.658612284809350967e-03,1.446162760257720947e-01,-3.500561118125915527e-01,-5.526269227266311646e-02,-2.062483727931976318e-01,1.212188322097063065e-02,-1.976950615644454956e-01,-5.030460655689239502e-02,1.174411848187446594e-01,-4.855435807257890701e-03,1.138273999094963074e-01,-2.664303481578826904e-01,-6.434821337461471558e-02,-1.280393004417419434e-01,-3.919625654816627502e-03,-5.637852475047111511e-02,1.967667192220687866e-01,7.136896252632141113e-02,5.092932656407356262e-02,-1.348228603601455688e-01,8.398367464542388916e-02,-3.646646440029144287e-02,7.297936081886291504e-02,1.455601770430803299e-02,-5.265115946531295776e-02,-6.650567054748535156e-02,-5.732959602028131485e-03,-5.168013274669647217e-02,-4.602327942848205566e-02,8.331986516714096069e-02,4.659019783139228821e-02,-4.989711567759513855e-03,2.429747954010963440e-02,1.728709414601325989e-02
9.537707269191741943e-02,-1.841337531805038452e-01,5.700204521417617798e-02,-2.487469762563705444e-01,3.906564712524414062e-01,3.240403831005096436e-01,8.841870725154876709e-02,-1.395855993032455444e-01,1.000000000000000000e+00,3.106781542301177979e-01,1.752482056617736816e-01,-1.010996773838996887e-01,2.493512481451034546e-01,-4.841399192810058594e-02,3.999691605567932129e-01,1.176567673683166504e-01,-1.352110803127288818e-01,-7.830042392015457153e-02,-8.046261966228485107e-02,-1.766441315412521362e-01,4.694467410445213318e-02,8.961156755685806274e-02,7.486972212791442871e-02,-1.372849494218826294e-01,-4.458075016736984253e-02,1.111369021236896515e-02,1.788130104541778564e-01,2.732946276664733887e-01,-1.113972067832946777e-01,-1.337498575448989868e-01,-1.059121638536453247e-01,-1.007681265473365784e-01,-1.906422227621078491e-01,-1.874464005231857300e-01,-7.806158810853958130e-02,5.489176139235496521e-03,9.231634438037872314e-02,2.545118797570466995e-03,8.585476875305175781e-02,6.248422712087631226e-02,1.806055456399917603e-01,1.961711645126342773e-01,-1.109076216816902161e-01,-1.578401625156402588e-01,-1.313934028148651123e-01,-1.516266018152236938e-01,-1.326733082532882690e-01,-1.127350926399230957e-01,-1.715639829635620117e-01,-1.239369958639144897e-01,-9.390170127153396606e-02,-1.014848947525024414e-01,-7.846982777118682861e-02,-1.624822467565536499e-01,-9.637048095464706421e-02,-9.567729197442531586e-03,-5.692213401198387146e-02,-8.537652343511581421e-02,-5.595897138118743896e-02,-1.431379467248916626e-01,2.736319974064826965e-02,-5.402287840843200684e-02,-1.708432659506797791e-02,-1.601083576679229736e-01,2.228976041078567505e-01,-5.558283254504203796e-02,-1.260133534669876099e-01,-2.485197633504867554e-01,-9.882335364818572998e-02,-3.269065916538238525e-02,1.642989553511142731e-02,-3.612532466650009155e-02,2.458981797099113464e-02,-1.577624529600143433e-01,-1.514494717121124268e-01,-6.171890348196029663e-02,9.668250381946563721e-02,2.544409036636352539e-02,-1.027653887867927551e-01,-6.090319901704788208e-02,-1.072091013193130493e-01,-1.252738833427429199e-01,4.095554724335670471e-02,5.424940958619117737e-02,1.967119723558425903e-01,3.464033827185630798e-03,9.261830896139144897e-02,5.426958203315734863e-03,1.403370499610900879e-01,-3.937201946973800659e-02,-2.055220305919647217e-02,-2.510824427008628845e-02,1.273988485336303711e-01,2.221156209707260132e-01,-1.537428516894578934e-02,-3.108984977006912231e-02,-4.121647775173187256e-02,5.785357579588890076e-02,-1.044029518961906433e-01,-2.744117565453052521e-02,-2.959469892084598541e-02,1.247121393680572510e-01,-5.608525127172470093e-02,-2.164684608578681946e-02,-3.504017367959022522e-02,9.434760548174381256e-03,-3.159737586975097656e-02,-4.242870956659317017e-02,3.146989643573760986e-02,-2.386314049363136292e-02,2.688149549067020416e-02,6.837493926286697388e-02,-6.419057399034500122e-02,-8.756288141012191772e-02,-9.512628614902496338e-02,1.872189342975616455e-01
-6.825836002826690674e-02,1.096618846058845520e-01,-2.681945860385894775e-01,4.341705515980720520e-02,3.916666507720947266e-01,5.532844662666320801e-01,-1.651273220777511597e-01,1.102677583694458008e-01,3.106781542301177979e-01,1.000000000000000000e+00,-2.474468946456909180e-01,1.170762926340103149e-01,-7.478559017181396484e-02,-1.476401649415493011e-02,2.283851653337478638e-01,4.467919468879699707e-01,4.049585200846195221e-03,1.360313445329666138e-01,-5.396635737270116806e-03,1.207846701145172119e-01,2.312422543764114380e-01,3.029277026653289795e-01,-1.007991284132003784e-02,8.408313989639282227e-02,-6.642024964094161987e-02,7.171113044023513794e-02,3.266572952270507812e-01,3.853251338005065918e-01,5.715715140104293823e-02,1.420289278030395508e-01,3.355540707707405090e-02,4.660345613956451416e-02,-7.371325045824050903e-02,4.864114336669445038e-03,-1.557489782571792603e-01,-2.545451279729604721e-03,-2.023654989898204803e-03,2.045702748000621796e-02,-3.787572029978036880e-03,8.724986016750335693e-02,9.660436213016510010e-02,1.083002164959907532e-01,4.481473192572593689e-02,3.962025418877601624e-02,6.927787512540817261e-02,-6.940899416804313660e-03,2.048729173839092255e-02,9.724031388759613037e-02,-5.376515537500381470e-02,1.693340204656124115e-02,-1.911860257387161255e-01,3.314619511365890503e-02,3.559180349111557007e-02,4.715703427791595459e-02,-1.451847050338983536e-02,9.919420629739761353e-02,4.684983938932418823e-02,8.911857753992080688e-02,-1.210794597864151001e-01,6.072633340954780579e-02,-4.513224586844444275e-02,1.880779117345809937e-01,7.491687685251235962e-02,7.185276597738265991e-02,-1.973959654569625854e-01,1.291261464357376099e-01,-1.489241123199462891e-01,-5.072282254695892334e-02,-4.873590171337127686e-02,-2.843149937689304352e-02,3.557167202234268188e-02,6.404060870409011841e-02,-5.164752528071403503e-02,9.385463595390319824e-02,6.590248085558414459e-03,-3.154540434479713440e-02,8.314990997314453125e-02,1.681781858205795288e-01,-1.479489654302597046e-01,-1.496107224375009537e-02,7.543275505304336548e-02,1.283270269632339478e-01,9.074518829584121704e-02,1.723875552415847778e-01,-1.634314060211181641e-01,1.566451787948608398e-01,-1.344552189111709595e-01,6.648825109004974365e-02,-8.582477271556854248e-02,1.035324782133102417e-01,1.938133090734481812e-01,6.296173483133316040e-02,2.233597636222839355e-01,-1.105056479573249817e-01,8.976718038320541382e-02,5.437073856592178345e-02,1.534552872180938721e-01,1.579357832670211792e-01,1.265499889850616455e-01,5.363755673170089722e-02,2.340985648334026337e-02,-4.203681647777557373e-02,2.546286210417747498e-02,-1.198959127068519592e-01,7.312281429767608643e-02,2.530974335968494415e-02,-4.473314061760902405e-02,-7.523807138204574585e-02,3.740065172314643860e-02,1.198199838399887085e-01,2.102045714855194092e-01,1.509715169668197632e-01,5.885000899434089661e-02,2.140648290514945984e-02,-9.563452564179897308e-03,1.066068746149539948e-02
3.252506554126739502e-01,-1.304805576801300049e-01,3.467700779438018799e-01,-2.440403103828430176e-01,8.698490262031555176e-02,-1.492017656564712524e-01,1.359613388776779175e-01,-2.261199653148651123e-01,1.752482056617736816e-01,-2.474468946456909180e-01,1.000000000000000000e+00,5.989926680922508240e-02,4.131105542182922363e-01,4.537913575768470764e-02,2.060858607292175293e-01,3.916643559932708740e-03,6.463096290826797485e-02,-1.133731156587600708e-01,9.990586340427398682e-02,-1.443324983119964600e-01,-1.927505284547805786e-01,-2.004222869873046875e-01,1.307189017534255981e-01,-1.213142797350883484e-01,6.024011597037315369e-02,4.416723921895027161e-02,-9.912535548210144043e-02,-1.096603944897651672e-01,7.035938650369644165e-02,-9.559647180140018463e-03,-4.129354655742645264e-02,5.508761852979660034e-02,1.898062601685523987e-02,-2.204213850200176239e-02,1.911392509937286377e-01,6.946250051259994507e-02,-3.485812246799468994e-02,-1.193734165281057358e-02,1.070269346237182617e-01,-4.858234152197837830e-02,-6.737830489873886108e-02,-1.161578372120857239e-01,-1.355901956558227539e-01,1.330021489411592484e-02,-1.921458989381790161e-01,-1.363246738910675049e-01,-1.464849263429641724e-01,-9.592872112989425659e-02,-1.579948067665100098e-01,-1.432514339685440063e-01,1.664365082979202271e-02,-8.394552767276763916e-02,-6.569831818342208862e-02,-1.605110764503479004e-01,-7.385694980621337891e-02,-1.304572671651840210e-01,-2.057243324816226959e-02,-4.908385500311851501e-02,-1.014284510165452957e-02,-2.234510183334350586e-01,2.162234857678413391e-02,-1.458539515733718872e-01,-4.490994662046432495e-02,-1.482264101505279541e-01,3.297848999500274658e-01,-5.930520966649055481e-02,7.620017975568771362e-02,-9.401101619005203247e-02,2.691083215177059174e-02,-5.981051549315452576e-02,-1.706897048279643059e-03,-4.742864146828651428e-02,-1.667388156056404114e-02,-5.194148793816566467e-02,-1.777964085340499878e-02,1.553637236356735229e-01,1.453873328864574432e-02,-9.273941814899444580e-02,1.070829257369041443e-01,-1.673156581819057465e-02,-7.447350025177001953e-02,-1.105931326746940613e-01,-5.799968540668487549e-02,-1.270929425954818726e-01,3.258915245532989502e-01,-1.197371780872344971e-01,2.184945642948150635e-01,-2.086988463997840881e-02,2.877458930015563965e-01,-2.402642071247100830e-01,-1.611665934324264526e-01,-2.175306156277656555e-02,-1.089294701814651489e-01,2.191977798938751221e-01,-1.206301674246788025e-01,-1.024735793471336365e-01,-9.311221539974212646e-02,-9.845867007970809937e-02,-1.429957002401351929e-01,-6.050486117601394653e-02,-1.176282837986946106e-01,1.421807110309600830e-01,7.473761681467294693e-03,1.459217369556427002e-01,4.433679580688476562e-02,-5.343686789274215698e-03,2.023285254836082458e-02,9.331758320331573486e-02,-1.155085265636444092e-01,-1.766181886196136475e-01,-1.611121743917465210e-01,-5.330966785550117493e-02,4.317947849631309509e-02,4.533763229846954346e-02,-4.532583057880401611e-02,5.592030286788940430e-02
1.110100373625755310e-01,2.311911880970001221e-01,-2.245829999446868896e-01,1.938384324312210083e-01,1.048240810632705688e-01,5.048872902989387512e-02,3.328879177570343018e-02,2.721303403377532959e-01,-1.010996773838996887e-01,1.170762926340103149e-01,5.989926680922508240e-02,1.000000000000000000e+00,1.146720051765441895e-01,5.088812708854675293e-01,3.710875986143946648e-03,2.233639508485794067e-01,2.157643884420394897e-01,1.217187717556953430e-01,1.649430245161056519e-01,1.972394734621047974e-01,-3.716430813074111938e-02,-3.620382025837898254e-02,-2.467947900295257568e-01,1.326324231922626495e-02,-2.158373892307281494e-01,-9.582987427711486816e-02,-1.991385072469711304e-01,-9.321124106645584106e-02,1.747651845216751099e-01,3.737501800060272217e-01,-4.907777067273855209e-03,3.185340762138366699e-02,1.821548044681549072e-01,1.387724876403808594e-01,-1.367028206586837769e-01,-3.588744252920150757e-02,-8.527930080890655518e-02,-8.884983509778976440e-02,-7.573052495718002319e-02,-1.046519875526428223e-01,5.778854712843894958e-03,-8.355835825204849243e-02,-2.679817005991935730e-02,9.364767372608184814e-02,-3.439634665846824646e-02,2.494807168841362000e-02,8.748335391283035278e-02,7.622394710779190063e-02,1.165698394179344177e-01,1.634595692157745361e-01,1.342285722494125366e-01,2.160280346870422363e-01,6.543786078691482544e-02,2.871436066925525665e-02,1.139538735151290894e-01,-7.741515338420867920e-02,-1.067403256893157959e-01,-9.345309436321258545e-02,1.394973993301391602e-01,1.361189186573028564e-01,9.874580055475234985e-02,1.931761205196380615e-01,2.356873601675033569e-01,3.373737633228302002e-01,-2.799720466136932373e-01,2.713496237993240356e-02,-7.395505439490079880e-03,1.225378438830375671e-01,-9.833149611949920654e-02,-1.390627026557922363e-01,7.801979780197143555e-03,1.255681216716766357e-01,-1.244718134403228760e-01,2.511206269264221191e-01,-1.883611828088760376e-02,2.013041675090789795e-01,3.413764387369155884e-02,1.394830346107482910e-01,2.658565156161785126e-02,1.135180518031120300e-01,2.078802138566970825e-01,7.659240067005157471e-02,7.256064563989639282e-02,8.859939128160476685e-02,-1.978091150522232056e-01,-3.223800659179687500e-02,4.943523555994033813e-02,1.364704072475433350e-01,3.088563494384288788e-02,-9.206031262874603271e-02,1.289366781711578369e-01,1.656273454427719116e-01,-9.718279540538787842e-02,-2.640426158905029297e-01,-2.343822037801146507e-03,-6.263697892427444458e-02,6.569975614547729492e-02,-5.375235527753829956e-02,2.851011157035827637e-01,7.903643697500228882e-02,-1.920614950358867645e-02,-7.755370438098907471e-02,1.125969067215919495e-01,5.169148370623588562e-02,3.578727692365646362e-02,-7.524138782173395157e-04,-4.915373772382736206e-02,4.424526542425155640e-02,-4.406291991472244263e-02,-9.007747471332550049e-02,1.267718523740768433e-02,1.076423972845077515e-01,1.478230208158493042e-01,-3.635059576481580734e-03,1.375604122877120972e-01,1.002389355562627316e-03
4.212922453880310059e-01,8.676625788211822510e-02,4.485101625323295593e-02,-3.105124831199645996e-01,1.278257817029953003e-01,-4.919876903295516968e-02,2.722967267036437988e-01,-1.039997041225433350e-01,2.493512481451034546e-01,-7.478559017181396484e-02,4.131105542182922363e-01,1.146720051765441895e-01,1.000000000000000000e+00,3.201903104782104492e-01,3.310398161411285400e-01,1.034705713391304016e-01,1.020878627896308899e-01,-5.008463189005851746e-02,1.843602508306503296e-01,-3.399231284856796265e-02,-7.503559812903404236e-03,-1.224155873060226440e-01,-1.379722952842712402e-01,-2.516660988330841064e-01,-5.366014689207077026e-02,2.839017659425735474e-02,-8.015031367540359497e-02,-8.155113458633422852e-02,6.267327815294265747e-02,4.158163443207740784e-02,-1.746110469102859497e-01,-8.816652745008468628e-02,-4.859236534684896469e-03,-3.456259146332740784e-02,-6.837015599012374878e-02,-9.712146222591400146e-02,1.790884695947170258e-02,-2.001611515879631042e-02,1.322340369224548340e-01,9.552960284054279327e-03,1.300367340445518494e-02,-5.214938893914222717e-02,-7.701896876096725464e-02,1.659646257758140564e-02,-1.455233991146087646e-01,-5.937896296381950378e-02,-1.790323667228221893e-02,-2.142887795343995094e-03,2.310770004987716675e-02,6.687314063310623169e-02,1.455617994070053101e-01,4.920869693160057068e-02,5.046149343252182007e-02,-1.184925585985183716e-01,3.415761142969131470e-02,-4.752073809504508972e-02,7.782943546772003174e-02,-3.807256743311882019e-02,2.511874139308929443e-01,-2.951293252408504486e-02,3.043110966682434082e-01,-2.286324277520179749e-02,1.539565771818161011e-01,8.213122934103012085e-02,1.242383662611246109e-02,-2.441796809434890747e-01,1.033378094434738159e-01,-1.022970750927925110e-01,9.391766041517257690e-02,2.517742663621902466e-02,1.204387322068214417e-01,9.533235430717468262e-02,1.353001445531845093e-01,-1.500498503446578979e-02,1.082899421453475952e-01,1.080864220857620239e-01,9.289757162332534790e-02,3.743678703904151917e-02,1.325273066759109497e-01,8.137923479080200195e-02,6.485237181186676025e-02,-1.915749162435531616e-02,-9.203504025936126709e-02,-2.837303280830383301e-02,6.908719241619110107e-02,-1.739351600408554077e-01,1.293152011930942535e-02,-9.973843395709991455e-02,2.976646721363067627e-01,-2.199252136051654816e-02,-1.487074792385101318e-01,3.599476069211959839e-03,-1.012168079614639282e-01,1.277908831834793091e-01,-8.009042590856552124e-02,-1.963026635348796844e-02,-6.138092279434204102e-02,-9.196952730417251587e-02,-7.322257012128829956e-02,-3.118169866502285004e-02,-8.515036851167678833e-02,1.281751990318298340e-01,1.208911649882793427e-02,1.639192700386047363e-01,-1.457297336310148239e-02,-1.052538026124238968e-02,-8.357185125350952148e-02,3.928908705711364746e-02,-1.054514944553375244e-01,1.108607649803161621e-02,-1.108098328113555908e-01,-6.563086062669754028e-02,-1.356832589954137802e-02,-8.828472346067428589e-03,-6.032764539122581482e-02,4.141828045248985291e-02
