1.000000000000000000e+00,2.032897025346755981e-01,3.187550306320190430e-01,1.496874839067459106e-01,-9.960688650608062744e-02,-8.154259994626045227e-03,2.972873449325561523e-01,2.593497931957244873e-01,-1.095417365431785583e-01,-6.026243790984153748e-02,4.251302778720855713e-01,3.432099521160125732e-01,6.031142547726631165e-02,3.156362846493721008e-02,-7.385101914405822754e-02,5.259642750024795532e-02,3.640158772468566895e-01,9.153002500534057617e-02,3.684644401073455811e-01,2.771700620651245117e-01,-2.916464209556579590e-01,-2.555250227451324463e-01,1.350841671228408813e-01,4.573715385049581528e-03,-1.140459254384040833e-01,-1.315560042858123779e-01,2.470841072499752045e-02,2.321231551468372345e-02,-8.975613117218017578e-02,-2.167234271764755249e-01,-1.424199342727661133e-01,-5.992216616868972778e-02,2.906603217124938965e-01,3.024352788925170898e-01,3.749338686466217041e-01,3.797631561756134033e-01,2.666283845901489258e-01,4.118794947862625122e-02,2.792316973209381104e-01,4.905475676059722900e-02,-5.261474289000034332e-03,-1.302530616521835327e-01,3.051845431327819824e-01,1.903515011072158813e-01,2.925940752029418945e-01,1.269115209579467773e-01,1.994597911834716797e-01,2.700386643409729004e-01,1.624310016632080078e-01,1.206258758902549744e-01,9.257736802101135254e-02,1.081230491399765015e-01,2.021291255950927734e-01,1.013977080583572388e-01,2.974183261394500732e-01,2.537615597248077393e-01,5.746682882308959961e-01,7.672806084156036377e-02,2.570776939392089844e-01,6.739918887615203857e-02,4.217768907546997070e-01,1.981837004423141479e-01,3.284762203693389893e-01,1.563120931386947632e-01,3.557323515415191650e-01,2.545957565307617188e-01,3.447488248348236084e-01,2.774967253208160400e-01,2.693527042865753174e-01,2.293755114078521729e-01,-1.755692064762115479e-01,6.880936678498983383e-03,-2.361748963594436646e-01,-2.630488872528076172e-01,-1.294630914926528931e-01,-1.987640708684921265e-01,2.166986614465713501e-01,1.979507505893707275e-01,1.149093881249427795e-01,-2.890340425074100494e-02,2.993587255477905273e-01,1.103053614497184753e-01,8.841777220368385315e-03,5.742196738719940186e-02,2.153303474187850952e-01,2.345970571041107178e-01,1.531357169151306152e-01,1.841204464435577393e-01,1.958734691143035889e-01,1.829253435134887695e-01,2.995517253875732422e-01,2.111770361661911011e-01,2.041480392217636108e-01,1.654607355594635010e-01,1.771619915962219238e-01,2.278324365615844727e-01,2.994301319122314453e-01,3.064435720443725586e-01,3.630309998989105225e-01,3.304054737091064453e-01,2.725739479064941406e-01,2.421626746654510498e-01,4.035662710666656494e-01,2.940326035022735596e-01,3.686376512050628662e-01,3.046634197235107422e-01,1.938685625791549683e-01,1.994884163141250610e-01,2.390387207269668579e-01,9.956744313240051270e-02,1.681113094091415405e-01,1.347069442272186279e-01,1.203787550330162048e-01,3.098610341548919678e-01,3.359335064888000488e-01,3.520337045192718506e-01
2.032897025346755981e-01,1.000000000000000000e+00,1.776530295610427856e-01,2.607769370079040527e-01,4.820796661078929901e-03,5.293781310319900513e-02,5.322000011801719666e-02,4.236654937267303467e-01,-4.084733873605728149e-02,-5.330613628029823303e-02,2.939576506614685059e-01,9.158546477556228638e-02,-2.364552346989512444e-03,2.113670855760574341e-01,-7.887031137943267822e-02,2.049859613180160522e-01,1.831475943326950073e-01,2.374815940856933594e-01,1.893469393253326416e-01,2.592329084873199463e-01,-2.067126631736755371e-01,-2.067346721887588501e-01,2.364369928836822510e-01,3.242069855332374573e-02,-5.970637779682874680e-03,-1.003539040684700012e-01,1.868335902690887451e-01,8.817402273416519165e-02,-2.268166542053222656e-01,5.412380024790763855e-02,-3.760452941060066223e-02,-1.068100053817033768e-02,6.600469350814819336e-02,2.122726887464523315e-01,-2.956599555909633636e-02,7.027964293956756592e-02,-1.066929176449775696e-01,4.324241355061531067e-02,2.049388363957405090e-02,4.509284719824790955e-02,-3.870733827352523804e-02,3.074344620108604431e-02,8.809483051300048828e-02,3.158588707447052002e-01,1.303437650203704834e-01,1.663561910390853882e-01,3.375903144478797913e-02,2.437200546264648438e-01,-9.139980375766754150e-02,1.122776046395301819e-02,1.913636736571788788e-02,1.204383969306945801e-01,7.920784503221511841e-02,1.303641796112060547e-01,1.378633081912994385e-01,3.655499517917633057e-01,2.302332818508148193e-01,6.448792219161987305e-01,3.258178755640983582e-02,3.658317923545837402e-01,-3.675088286399841309e-02,5.479853749275207520e-01,1.853619068861007690e-01,4.777555465698242188e-01,1.306515336036682129e-01,3.768874108791351318e-01,1.340910792350769043e-01,2.828312516212463379e-01,2.897078096866607666e-01,3.828368484973907471e-01,-1.286705583333969116e-01,-7.105601020157337189e-03,-2.937093675136566162e-01,-3.498476371169090271e-02,-1.612601578235626221e-01,-1.424278784543275833e-02,-4.972964525222778320e-02,5.255371332168579102e-02,1.127316877245903015e-01,6.085237115621566772e-02,6.131363660097122192e-02,2.851413786411285400e-01,-5.369766429066658020e-02,1.041344404220581055e-01,4.188252985477447510e-02,4.535650312900543213e-01,-5.967158824205398560e-02,6.991737335920333862e-02,7.296086847782135010e-02,3.758546710014343262e-01,1.962719410657882690e-01,3.027378618717193604e-01,1.380547881126403809e-01,2.134763449430465698e-01,6.523951143026351929e-02,8.905203640460968018e-02,2.327461838722229004e-01,2.567677199840545654e-01,9.226304292678833008e-02,3.757453858852386475e-01,2.203874588012695312e-01,1.827575713396072388e-01,2.639006674289703369e-01,2.822323739528656006e-01,2.767142951488494873e-01,4.121460616588592529e-01,2.157379537820816040e-01,2.168409526348114014e-01,5.220139026641845703e-02,-4.511722177267074585e-02,1.078708767890930176e-01,5.720205232501029968e-02,4.162672162055969238e-02,2.241018563508987427e-01,2.377057522535324097e-01,2.695568203926086426e-01
3.187550306320190430e-01,1.776530295610427856e-01,1.000000000000000000e+00,4.888536632061004639e-01,1.259775310754776001e-01,2.391828000545501709e-01,4.465431571006774902e-01,4.517302513122558594e-01,1.793128997087478638e-01,1.736331582069396973e-01,2.947873473167419434e-01,2.983672916889190674e-01,2.881522774696350098e-01,3.003227710723876953e-01,2.443765401840209961e-01,2.538864612579345703e-01,2.822171151638031006e-01,9.295710921287536621e-02,2.084939628839492798e-01,1.407694667577743530e-01,-6.787461228668689728e-03,-5.695999413728713989e-02,3.773584365844726562e-01,2.540066838264465332e-01,1.831804960966110229e-01,1.686111688613891602e-01,2.340424209833145142e-01,2.162788659334182739e-01,1.608008593320846558e-01,1.215652599930763245e-01,2.924251854419708252e-01,3.040159642696380615e-01,1.816799044609069824e-01,2.241615355014801025e-01,-5.150679871439933777e-02,-9.906662255525588989e-02,1.220685243606567383e-01,-1.624520570039749146e-01,3.179615139961242676e-01,-1.427272260189056396e-01,7.033688575029373169e-02,-8.743619918823242188e-02,1.966035068035125732e-01,1.450571715831756592e-01,7.709776610136032104e-02,7.148773968219757080e-02,1.046465113759040833e-01,1.453001052141189575e-01,3.949910029768943787e-02,4.578189551830291748e-02,1.132712513208389282e-01,1.280118227005004883e-01,2.008664906024932861e-01,2.152851223945617676e-02,4.349429607391357422e-01,1.780566275119781494e-01,4.162851274013519287e-01,1.721099764108657837e-01,1.113952547311782837e-01,9.878131747245788574e-02,2.262906283140182495e-01,2.295362949371337891e-01,3.059798479080200195e-01,1.535017639398574829e-01,2.260849773883819580e-01,2.175149768590927124e-01,1.044803038239479065e-01,7.469668239355087280e-02,2.466051606461405754e-03,6.932359933853149414e-02,1.233690138906240463e-02,1.430026292800903320e-01,-8.873090147972106934e-02,-9.018833935260772705e-02,-4.053821042180061340e-02,-2.637459198012948036e-03,-3.819557651877403259e-02,-6.444238126277923584e-03,2.369810789823532104e-01,8.518073707818984985e-02,3.220199048519134521e-01,1.348325759172439575e-01,1.832248866558074951e-01,1.591377332806587219e-02,3.682309091091156006e-01,1.726816594600677490e-01,1.720890775322914124e-02,-9.094080328941345215e-02,3.386602401733398438e-01,8.535856753587722778e-02,3.001423478126525879e-01,1.603056937456130981e-01,1.422791630029678345e-01,1.254777908325195312e-01,2.592141926288604736e-01,6.806158274412155151e-02,3.280838429927825928e-01,2.165486365556716919e-01,3.543997704982757568e-01,1.876294165849685669e-01,1.629649549722671509e-01,9.592095762491226196e-02,2.322410941123962402e-01,1.330458223819732666e-01,2.402781248092651367e-01,1.998113840818405151e-01,2.339009642601013184e-01,8.954309672117233276e-02,2.361744195222854614e-01,8.796228468418121338e-02,1.099839881062507629e-01,1.217463612556457520e-01,1.947214305400848389e-01,2.302710264921188354e-01,1.176554784178733826e-01,2.071066051721572876e-01
1.496874839067459106e-01,2.607769370079040527e-01,4.888536632061004639e-01,1.000000000000000000e+00,4.791918396949768066e-02,1.435648798942565918e-01,2.688987255096435547e-01,4.984771609306335449e-01,7.662830501794815063e-02,1.509063988924026489e-01,1.837039738893508911e-01,1.928050816059112549e-01,1.700270622968673706e-01,2.609061300754547119e-01,7.527559250593185425e-02,2.650523781776428223e-01,1.866052746772766113e-01,1.122259423136711121e-01,3.288263678550720215e-01,2.532523274421691895e-01,5.861567799001932144e-03,-3.906261548399925232e-02,2.770053446292877197e-01,2.192323952913284302e-01,1.049573123455047607e-01,7.447309792041778564e-02,7.179180532693862915e-02,5.537322163581848145e-02,1.023269817233085632e-01,1.717087477445602417e-01,2.020657360553741455e-01,2.380724698305130005e-01,1.336001157760620117e-01,1.603537499904632568e-01,-7.616069167852401733e-02,-1.289918422698974609e-01,8.488347381353378296e-02,-9.598155505955219269e-03,9.326190501451492310e-02,-1.259233802556991577e-01,-2.117629721760749817e-02,-3.566308692097663879e-02,1.305048912763595581e-01,1.665199548006057739e-01,1.313065290451049805e-01,6.436154991388320923e-02,4.577182233333587646e-02,1.371497511863708496e-01,8.441517129540443420e-03,1.115927472710609436e-02,5.943160504102706909e-02,8.354125171899795532e-02,-4.957782849669456482e-02,-3.888570144772529602e-02,1.745422333478927612e-01,1.350664198398590088e-01,1.995807737112045288e-01,2.441964447498321533e-01,1.323314160108566284e-01,1.588190346956253052e-01,1.323515325784683228e-01,1.891880333423614502e-01,-1.883825659751892090e-02,1.623451411724090576e-01,1.770070381462574005e-02,9.266272932291030884e-02,2.404846996068954468e-02,1.286330223083496094e-01,1.071770712733268738e-01,1.245024949312210083e-01,1.355931162834167480e-01,2.176834344863891602e-01,-2.091681398451328278e-02,3.210972994565963745e-02,9.245182573795318604e-02,1.359244287014007568e-01,3.676826879382133484e-02,6.488315761089324951e-02,1.593569219112396240e-01,7.497328519821166992e-02,1.374130547046661377e-01,8.321002125740051270e-02,-1.603418216109275818e-02,-4.541282728314399719e-02,1.260294467210769653e-01,1.885368525981903076e-01,-1.438826024532318115e-01,-1.029340252280235291e-01,1.069243550300598145e-01,1.546629965305328369e-01,1.292058974504470825e-01,1.589893549680709839e-01,1.460376679897308350e-01,1.525761336088180542e-01,5.153394490480422974e-02,2.852538786828517914e-02,1.708222478628158569e-01,1.396328806877136230e-01,1.669702529907226562e-01,1.906252056360244751e-01,1.701832413673400879e-01,7.721615582704544067e-02,1.799056529998779297e-01,1.447543352842330933e-01,8.787263184785842896e-02,1.608511954545974731e-01,2.127406001091003418e-01,2.339114435017108917e-02,3.658447042107582092e-02,-7.653493434190750122e-02,1.989634707570075989e-02,9.644051641225814819e-02,1.824912726879119873e-01,1.380706578493118286e-01,9.098234772682189941e-02,8.172021061182022095e-02
-9.960688650608062744e-02,4.820796661078929901e-03,1.259775310754776001e-01,4.791918396949768066e-02,1.000000000000000000e+00,4.356686770915985107e-01,1.249115243554115295e-01,4.109876975417137146e-02,7.056307196617126465e-01,2.097822129726409912e-01,1.695317327976226807e-01,1.557788401842117310e-01,4.620779752731323242e-01,3.008475303649902344e-01,6.143501996994018555e-01,1.800232231616973877e-01,1.609989106655120850e-01,-5.379297584295272827e-02,-6.981629133224487305e-02,7.635278627276420593e-03,2.990231812000274658e-01,2.598918378353118896e-01,2.435322552919387817e-01,2.700886130332946777e-01,5.380729436874389648e-01,5.437239408493041992e-01,4.486276209354400635e-01,3.328125476837158203e-01,4.130927026271820068e-01,1.914616972208023071e-01,4.818494319915771484e-01,4.476935863494873047e-01,-9.541378915309906006e-02,-8.539136499166488647e-02,-3.264245092868804932e-01,-2.687191069126129150e-01,-7.201581448316574097e-02,-2.014226466417312622e-01,2.218100726604461670e-01,-3.033429384231567383e-02,2.332552224397659302e-01,-6.600827723741531372e-02,1.368718687444925308e-03,-2.592361159622669220e-02,-1.310873329639434814e-01,-3.258193656802177429e-02,-1.028648540377616882e-01,-1.463605463504791260e-01,-6.332654505968093872e-02,-3.137938305735588074e-02,2.348242327570915222e-02,9.969927370548248291e-03,3.320447728037834167e-02,-2.168571762740612030e-02,3.012863695621490479e-01,-8.362333476543426514e-02,1.011874377727508545e-01,6.359189003705978394e-02,4.148746281862258911e-02,1.122933626174926758e-01,7.530995062552392483e-04,9.412040561437606812e-02,9.317548573017120361e-02,-1.330538243055343628e-01,1.088588163256645203e-01,-2.420632913708686829e-02,-7.764258235692977905e-02,-6.098349764943122864e-02,6.439577788114547729e-02,1.336952000856399536e-01,1.379488557577133179e-01,1.224990338087081909e-01,2.400427758693695068e-01,2.602067291736602783e-01,1.190236136317253113e-01,1.106387749314308167e-01,-3.623739480972290039e-01,-3.199040293693542480e-01,3.787996992468833923e-02,-2.639113180339336395e-02,2.763270437717437744e-01,8.750762045383453369e-02,6.173053383827209473e-01,9.543589502573013306e-02,3.850785791873931885e-01,1.118590217083692551e-02,2.428890764713287354e-01,-1.890232861042022705e-01,4.073618054389953613e-01,-4.672012478113174438e-02,4.068048298358917236e-02,-8.815825730562210083e-02,-4.896972328424453735e-02,-9.732884168624877930e-02,1.382453143596649170e-01,-2.800420392304658890e-03,1.244162023067474365e-01,5.371004715561866760e-02,1.066065505146980286e-01,-9.619513899087905884e-02,-7.665167562663555145e-03,-1.305044293403625488e-01,-1.747091184370219707e-03,-7.472744584083557129e-02,5.160001665353775024e-02,6.442459672689437866e-02,1.912539303302764893e-01,1.684349589049816132e-02,-7.211641222238540649e-02,3.283738344907760620e-02,-5.195274204015731812e-02,-1.093983352184295654e-01,-6.294933147728443146e-03,9.865845553576946259e-03,-3.063011914491653442e-02,-6.428146362304687500e-02
-8.154259994626045227e-03,5.293781310319900513e-02,2.391828000545501709e-01,1.435648798942565918e-01,4.356686770915985107e-01,1.000000000000000000e+00,6.661547720432281494e-02,3.073662817478179932e-01,4.387443959712982178e-01,4.958882033824920654e-01,-1.702271215617656708e-02,2.317696511745452881e-01,9.092145413160324097e-02,3.519048988819122314e-01,4.139945507049560547e-01,4.661800265312194824e-01,6.669803708791732788e-02,-3.041371330618858337e-02,9.043058007955551147e-02,6.157182902097702026e-02,2.122461050748825073e-01,1.700016707181930542e-01,2.280783802270889282e-01,2.779624462127685547e-01,5.223816037178039551e-01,5.605001449584960938e-01,5.729566812515258789e-01,5.992036461830139160e-01,2.532601058483123779e-01,2.968328893184661865e-01,3.492889702320098877e-01,3.466449975967407227e-01,1.042067334055900574e-01,1.136549413204193115e-01,-2.486890181899070740e-02,2.136956900358200073e-02,1.970734447240829468e-01,-1.894242763519287109e-01,3.737809062004089355e-01,-5.340194795280694962e-03,2.135761976242065430e-01,3.436718881130218506e-02,3.627348458394408226e-03,-2.651450410485267639e-02,-1.036988869309425354e-01,-9.111801534891128540e-02,-9.991662204265594482e-02,-1.734373159706592560e-02,-1.390165090560913086e-01,-1.298912316560745239e-01,-4.238883033394813538e-02,-1.073758006095886230e-01,1.558814430609345436e-03,5.120507255196571350e-02,2.847215235233306885e-01,1.036537364125251770e-01,1.324812173843383789e-01,1.280356794595718384e-01,1.759866625070571899e-01,1.031140685081481934e-01,9.723286330699920654e-02,1.832460165023803711e-01,1.307453215122222900e-01,3.753622248768806458e-02,1.358383595943450928e-01,4.625391215085983276e-02,3.606569394469261169e-02,1.889458298683166504e-02,-2.506346255540847778e-02,5.092928931117057800e-02,8.780204504728317261e-02,2.769104838371276855e-01,6.765194982290267944e-02,1.576851755380630493e-01,1.112908124923706055e-01,1.072094663977622986e-01,-6.373016163706779480e-03,5.496997386217117310e-02,1.421922892332077026e-01,-3.934180736541748047e-02,1.079556047916412354e-01,2.367500588297843933e-02,3.851562440395355225e-01,2.002465724945068359e-01,2.201835960149765015e-01,-6.328719668090343475e-03,1.354502737522125244e-01,4.046884179115295410e-02,2.412653416395187378e-01,1.250119879841804504e-03,-2.774608694016933441e-02,2.696665003895759583e-02,-5.852543190121650696e-02,5.641194805502891541e-02,3.224461972713470459e-01,6.107833981513977051e-02,2.141726613044738770e-01,1.628803610801696777e-01,2.648888155817985535e-02,-1.839189790189266205e-02,-1.393637154251337051e-02,-3.797240927815437317e-02,2.672992274165153503e-02,-2.013854682445526123e-02,8.570359647274017334e-02,8.545211702585220337e-02,2.037002593278884888e-01,1.578757762908935547e-01,1.902746856212615967e-01,2.121867090463638306e-01,1.658905893564224243e-01,3.194749355316162109e-02,-1.754492521286010742e-02,3.928726911544799805e-02,4.292374476790428162e-03,1.321500539779663086e-01
2.972873449325561523e-01,5.322000011801719666e-02,4.465431571006774902e-01,2.688987255096435547e-01,1.249115243554115295e-01,6.661547720432281494e-02,1.000000000000000000e+00,3.300770521163940430e-01,1.073694974184036255e-01,4.019936174154281616e-02,1.897393018007278442e-01,1.961256861686706543e-01,3.898296058177947998e-01,1.535999327898025513e-01,1.506199687719345093e-01,-3.766851499676704407e-02,1.073900982737541199e-01,-5.011149868369102478e-02,1.885955184698104858e-01,1.583732217550277710e-01,6.535450927913188934e-03,-5.898923845961689949e-04,4.423005878925323486e-01,3.888613879680633545e-01,1.464941948652267456e-01,8.199905604124069214e-02,1.514826118946075439e-01,1.597863137722015381e-01,1.909687072038650513e-01,-6.693642586469650269e-02,2.496485263109207153e-01,2.732085287570953369e-01,5.176999047398567200e-02,6.797145307064056396e-02,-6.219708919525146484e-02,-1.080404035747051239e-02,3.556712716817855835e-02,-1.780656576156616211e-01,1.213606148958206177e-01,-1.370364129543304443e-01,3.310819342732429504e-02,-1.432476332411170006e-03,7.720580697059631348e-02,-5.101640895009040833e-02,-1.160658802837133408e-02,-4.849592596292495728e-02,1.088363677263259888e-01,1.043108925223350525e-01,6.026929989457130432e-02,-1.328396424651145935e-02,-1.273444737307727337e-03,1.859988272190093994e-02,3.204101622104644775e-01,2.508111298084259033e-01,2.875129282474517822e-01,1.635452061891555786e-01,3.041723668575286865e-01,5.422355979681015015e-02,6.701917946338653564e-02,-4.588317126035690308e-02,1.624181866645812988e-01,1.245992556214332581e-01,3.289659321308135986e-01,1.862395107746124268e-01,1.604579836130142212e-01,1.569173336029052734e-01,-2.339974977076053619e-02,-7.170268893241882324e-02,6.926549971103668213e-02,1.331528276205062866e-01,1.033200696110725403e-01,8.574836701154708862e-02,7.090720534324645996e-02,-5.285635963082313538e-02,-1.243951614014804363e-03,1.105909235775470734e-02,-4.867152124643325806e-02,-5.204061046242713928e-02,1.342768408358097076e-02,-6.842383649200201035e-03,1.930523216724395752e-01,5.317236110568046570e-02,1.990664750337600708e-01,5.705009028315544128e-02,3.014014959335327148e-01,3.355934470891952515e-02,1.133073791861534119e-01,-1.948383264243602753e-02,2.583674192428588867e-01,5.014615878462791443e-02,2.288834601640701294e-01,1.752492487430572510e-01,2.632281742990016937e-02,2.704702690243721008e-02,1.996910423040390015e-01,-3.114195168018341064e-02,2.041527330875396729e-01,8.674415946006774902e-02,2.636249661445617676e-01,9.334693849086761475e-02,-1.752401934936642647e-03,7.253921777009963989e-02,5.401316657662391663e-02,8.935053832828998566e-03,1.568055748939514160e-01,3.868955746293067932e-02,4.650714341551065445e-03,-3.609175980091094971e-02,2.297192662954330444e-01,2.803799510002136230e-01,2.625850141048431396e-01,1.804546117782592773e-01,6.806275248527526855e-02,4.194871336221694946e-02,-2.440424822270870209e-02,5.103179812431335449e-02
2.593497931957244873e-01,4.236654937267303467e-01,4.517302513122558594e-01,4.984771609306335449e-01,4.109876975417137146e-02,3.073662817478179932e-01,3.300770521163940430e-01,1.000000000000000000e+00,5.812570825219154358e-02,2.166092544794082642e-01,2.189488708972930908e-01,4.045355916023254395e-01,1.473976224660873413e-01,4.281142055988311768e-01,8.424383401870727539e-02,3.764215409755706787e-01,2.108585238456726074e-01,1.754005700349807739e-01,2.890049815177917480e-01,2.063039988279342651e-01,-8.462733030319213867e-02,-7.769343256950378418e-02,4.391248822212219238e-01,3.486025929450988770e-01,2.623263299465179443e-01,1.957648694515228271e-01,2.779424786567687988e-01,3.228750824928283691e-01,5.532647296786308289e-02,2.299636006355285645e-01,2.295985817909240723e-01,2.897384762763977051e-01,1.893937587738037109e-01,2.908846139907836914e-01,3.593333810567855835e-02,8.222264051437377930e-02,1.157737299799919128e-01,-1.256637126207351685e-01,1.955557167530059814e-01,-1.305075734853744507e-01,-2.578787738457322121e-03,-1.732905954122543335e-02,1.394461691379547119e-01,1.867770999670028687e-01,9.761644154787063599e-02,4.777438566088676453e-02,1.430308073759078979e-02,2.327938228845596313e-01,-5.467461794614791870e-02,-2.185856178402900696e-02,1.905506849288940430e-02,6.295004487037658691e-02,9.924487769603729248e-02,1.698593944311141968e-01,2.786744534969329834e-01,3.763926625251770020e-01,2.867338359355926514e-01,4.302378594875335693e-01,1.927801221609115601e-01,2.155276387929916382e-01,7.605940848588943481e-02,4.200024306774139404e-01,2.379089593887329102e-01,4.861427843570709229e-01,1.346530765295028687e-01,3.295551538467407227e-01,1.282098740339279175e-01,1.910403072834014893e-01,1.314898580312728882e-01,1.996700912714004517e-01,7.060053199529647827e-02,2.717144787311553955e-01,-1.324399411678314209e-01,3.436830639839172363e-02,-1.711183972656726837e-02,1.015722379088401794e-01,6.030012294650077820e-02,1.457137167453765869e-01,1.831570267677307129e-01,3.953411430120468140e-02,1.789274662733078003e-01,2.665234208106994629e-01,1.358600333333015442e-02,1.265858113765716553e-01,1.543074399232864380e-01,3.092859685420989990e-01,-9.759689122438430786e-02,3.888323903083801270e-02,1.614027768373489380e-01,2.545949220657348633e-01,1.676719784736633301e-01,2.865732014179229736e-01,5.151671543717384338e-02,1.687367707490921021e-01,2.103745192289352417e-01,4.505658149719238281e-02,2.638789713382720947e-01,2.594416737556457520e-01,1.466708779335021973e-01,2.858098745346069336e-01,1.201450824737548828e-01,1.423401534557342529e-01,1.924108564853668213e-01,1.871681660413742065e-01,2.947113513946533203e-01,2.936837971210479736e-01,1.961263716220855713e-01,2.110955119132995605e-01,2.285221219062805176e-01,1.408910900354385376e-01,2.242126762866973877e-01,1.025215983390808105e-01,2.907813899219036102e-02,1.366792470216751099e-01,1.444098055362701416e-01,2.246890515089035034e-01
-1.095417365431785583e-01,-4.084733873605728149e-02,1.793128997087478638e-01,7.662830501794815063e-02,7.056307196617126465e-01,4.387443959712982178e-01,1.073694974184036255e-01,5.812570825219154358e-02,1.000000000000000000e+00,3.097814619541168213e-01,1.723595559597015381e-01,2.205106616020202637e-01,4.939720034599304199e-01,3.335919678211212158e-01,7.001497149467468262e-01,2.522684335708618164e-01,1.633507758378982544e-01,-9.087780490517616272e-03,-3.337107598781585693e-02,-1.450353447580710053e-04,3.701000809669494629e-01,3.521431386470794678e-01,1.715472638607025146e-01,2.317702770233154297e-01,5.594523549079895020e-01,5.880817174911499023e-01,4.406710267066955566e-01,3.163702785968780518e-01,4.775675237178802490e-01,2.834180891513824463e-01,4.990522861480712891e-01,4.726386368274688721e-01,-1.033982113003730774e-01,-1.096895933151245117e-01,-3.418024182319641113e-01,-3.179967105388641357e-01,-5.498990789055824280e-02,-1.686160564422607422e-01,2.299581170082092285e-01,-1.038927678018808365e-02,2.423178553581237793e-01,-2.023544348776340485e-02,-5.135300382971763611e-02,-9.549403190612792969e-02,-1.565770357847213745e-01,-8.577707409858703613e-02,-1.871837973594665527e-01,-2.277973592281341553e-01,-1.003645658493041992e-01,-7.511307299137115479e-02,-3.479145839810371399e-02,-3.231040388345718384e-02,-2.928523533046245575e-02,-1.126473024487495422e-01,3.063496947288513184e-01,-1.230077594518661499e-01,9.605140239000320435e-02,3.282717615365982056e-02,-1.724263839423656464e-02,5.484972614794969559e-03,-3.605672344565391541e-02,6.909393519163131714e-02,2.931174263358116150e-02,-1.840470880270004272e-01,5.416795238852500916e-02,-5.494811758399009705e-02,-1.498041301965713501e-01,-1.440480798482894897e-01,2.027784474194049835e-02,4.663736373186111450e-02,2.028481662273406982e-01,1.816006749868392944e-01,3.016217947006225586e-01,3.120127022266387939e-01,1.813492327928543091e-01,1.670639067888259888e-01,-3.348563015460968018e-01,-3.057919442653656006e-01,5.858541280031204224e-02,3.675159066915512085e-02,2.856628596782684326e-01,1.314023435115814209e-01,6.099300384521484375e-01,8.601338416337966919e-02,3.765543103218078613e-01,-2.715457603335380554e-02,1.843166053295135498e-01,-2.214592099189758301e-01,4.275497496128082275e-01,-1.079918891191482544e-01,3.682678192853927612e-02,-1.290204375982284546e-01,-5.780510976910591125e-02,-9.546442329883575439e-02,1.521709412336349487e-01,-5.795029457658529282e-03,1.063078343868255615e-01,4.922048002481460571e-02,8.844940364360809326e-02,-1.346523463726043701e-01,-1.633631065487861633e-03,-1.115135848522186279e-01,-3.393882070668041706e-04,-6.335785239934921265e-02,4.035651218146085739e-03,3.701008856296539307e-02,1.800588071346282959e-01,1.029154472053050995e-02,-5.702532082796096802e-02,9.871014393866062164e-03,-1.480625271797180176e-01,-1.761903762817382812e-01,-1.112949848175048828e-02,-1.537740317871794105e-04,-8.069918304681777954e-02,-9.206686913967132568e-02
-6.026243790984153748e-02,-5.330613628029823303e-02,1.736331582069396973e-01,1.509063988924026489e-01,2.097822129726409912e-01,4.958882033824920654e-01,4.019936174154281616e-02,2.166092544794082642e-01,3.097814619541168213e-01,1.000000000000000000e+00,-1.259252522140741348e-02,2.391864061355590820e-01,8.335205912590026855e-02,3.288707733154296875e-01,3.840456306934356689e-01,5.577591061592102051e-01,1.608875989913940430e-01,1.820685863494873047e-01,4.732545837759971619e-02,-1.861714944243431091e-02,1.701378822326660156e-01,1.860491484403610229e-01,-1.207253523170948029e-02,9.165254235267639160e-02,2.767193317413330078e-01,3.280076682567596436e-01,3.455798327922821045e-01,3.582355976104736328e-01,2.990444600582122803e-01,4.334579110145568848e-01,2.512105703353881836e-01,2.275169640779495239e-01,3.635124117136001587e-02,1.348343584686517715e-02,-7.414912432432174683e-02,-1.220584884285926819e-01,1.307491064071655273e-01,-3.362973779439926147e-02,2.142342776060104370e-01,-6.164991296827793121e-03,7.664278894662857056e-02,1.106982901692390442e-01,-7.458102703094482422e-02,-1.117896661162376404e-01,-1.705835312604904175e-01,-1.128217056393623352e-01,-2.255575358867645264e-02,2.900935709476470947e-02,-1.248025745153427124e-01,-1.348658055067062378e-01,-1.599965393543243408e-01,-1.409093588590621948e-01,8.001733571290969849e-02,5.644701048731803894e-02,2.488052248954772949e-01,1.923490315675735474e-01,1.347378492355346680e-01,2.607409283518791199e-02,3.188270330429077148e-02,-8.758662641048431396e-02,-4.377567768096923828e-02,7.882658392190933228e-02,6.233609467744827271e-02,3.578247129917144775e-02,-4.639669880270957947e-02,5.727201700210571289e-02,-7.506400346755981445e-02,-1.024089828133583069e-01,-1.821847558021545410e-01,-1.675423979759216309e-01,1.636757850646972656e-01,2.696521282196044922e-01,7.731569558382034302e-02,2.078103572130203247e-01,1.336574256420135498e-01,1.499377191066741943e-01,1.020849049091339111e-01,1.545027494430541992e-01,2.464748322963714600e-01,1.901422590017318726e-01,1.415179222822189331e-01,2.067001461982727051e-01,2.697093486785888672e-01,3.948078453540802002e-01,2.005335837602615356e-01,1.026595458388328552e-01,9.783910959959030151e-02,1.198199987411499023e-01,2.641243636608123779e-01,1.186447441577911377e-01,1.482522934675216675e-01,1.658771783113479614e-01,1.267147958278656006e-01,2.608208656311035156e-01,2.310932576656341553e-01,1.206818521022796631e-01,1.326662003993988037e-01,1.629266142845153809e-01,1.205197945237159729e-01,1.102684587240219116e-01,1.128628253936767578e-01,1.792337149381637573e-01,1.208385080099105835e-01,1.500526666641235352e-01,6.415705382823944092e-02,1.064027547836303711e-01,1.521765589714050293e-01,1.937560290098190308e-01,2.026166319847106934e-01,1.320657134056091309e-01,5.491466447710990906e-02,1.343993693590164185e-01,1.549111753702163696e-01,1.487738788127899170e-01,5.318167153745889664e-03,8.932281285524368286e-02
4.251302778720855713e-01,2.939576506614685059e-01,2.947873473167419434e-01,1.837039738893508911e-01,1.695317327976226807e-01,-1.702271215617656708e-02,1.897393018007278442e-01,2.189488708972930908e-01,1.723595559597015381e-01,-1.259252522140741348e-02,1.000000000000000000e+00,3.498289287090301514e-01,3.915391862392425537e-01,2.229104340076446533e-01,1.781696975231170654e-01,1.897806972265243530e-01,5.507897138595581055e-01,3.364090323448181152e-01,1.835421025753021240e-01,1.654928773641586304e-01,-1.385936141014099121e-01,-6.538739800453186035e-02,1.195861473679542542e-01,-2.652013488113880157e-02,-1.966737210750579834e-02,-4.879248887300491333e-02,8.469663560390472412e-02,1.174455042928457260e-02,1.250486224889755249e-01,6.592138111591339111e-02,2.148829959332942963e-02,9.386315941810607910e-02,1.199549362063407898e-01,2.114884108304977417e-01,-4.848742857575416565e-02,-3.543880954384803772e-02,-5.580072477459907532e-02,5.688817799091339111e-02,1.360087245702743530e-01,1.635060831904411316e-02,4.872099682688713074e-02,-8.762410841882228851e-03,1.518206149339675903e-01,2.203338444232940674e-01,1.047729626297950745e-01,1.150811165571212769e-01,-1.898443326354026794e-03,1.015718206763267517e-01,5.775138735771179199e-02,7.152590155601501465e-02,7.043327391147613525e-02,1.445365399122238159e-01,1.124659627676010132e-01,2.477138862013816833e-02,3.067530989646911621e-01,2.258063852787017822e-01,4.940264821052551270e-01,2.393420934677124023e-01,1.655007600784301758e-01,9.713982045650482178e-02,2.139537334442138672e-01,3.198213279247283936e-01,2.321220338344573975e-01,1.717987656593322754e-01,2.035981416702270508e-01,2.498397380113601685e-01,1.563692092895507812e-01,1.729018986225128174e-01,1.386969089508056641e-01,1.668049842119216919e-01,-9.189182519912719727e-02,-6.018485501408576965e-02,-1.022568121552467346e-01,-5.815830081701278687e-02,-9.765274077653884888e-02,-8.951686322689056396e-02,-9.818129986524581909e-02,-6.163914129137992859e-02,2.814615368843078613e-01,1.811963617801666260e-01,4.507290720939636230e-01,3.376602232456207275e-01,2.611320316791534424e-01,1.505325585603713989e-01,3.303984403610229492e-01,4.043971598148345947e-01,1.855418086051940918e-01,9.971338510513305664e-02,3.825088143348693848e-01,3.117073476314544678e-01,3.569478988647460938e-01,2.575621008872985840e-01,2.537207305431365967e-01,2.551549375057220459e-01,5.537026561796665192e-03,5.978480726480484009e-02,1.382336467504501343e-01,1.849568039178848267e-01,2.727386355400085449e-01,3.524599373340606689e-01,3.621371984481811523e-01,3.065080940723419189e-01,3.923306167125701904e-01,4.070347249507904053e-01,2.924069762229919434e-01,3.922491967678070068e-01,1.597847193479537964e-01,2.405835092067718506e-01,-3.678838908672332764e-02,-1.503234058618545532e-01,-1.293847411870956421e-01,-9.828917682170867920e-02,9.505594521760940552e-02,2.684899568557739258e-01,2.429806888103485107e-01,2.266690284013748169e-01
3.432099521160125732e-01,9.158546477556228638e-02,2.983672916889190674e-01,1.928050816059112549e-01,1.557788401842117310e-01,2.317696511745452881e-01,1.961256861686706543e-01,4.045355916023254395e-01,2.205106616020202637e-01,2.391864061355590820e-01,3.498289287090301514e-01,1.000000000000000000e+00,3.218635320663452148e-01,4.521910846233367920e-01,2.765657901763916016e-01,3.040976524353027344e-01,4.106494784355163574e-01,3.180733919143676758e-01,1.716294437646865845e-01,6.630176305770874023e-02,-3.229384674341417849e-05,1.015689447522163391e-01,1.315666586160659790e-01,1.417519152164459229e-01,2.442124187946319580e-01,2.786954045295715332e-01,1.817977875471115112e-01,2.225449532270431519e-01,3.101688921451568604e-01,3.050882518291473389e-01,2.264880537986755371e-01,2.886141836643218994e-01,2.466582357883453369e-01,2.961983084678649902e-01,1.747987419366836548e-01,1.200847625732421875e-01,2.396400570869445801e-01,-4.844805970788002014e-02,3.201367557048797607e-01,1.769187860190868378e-02,-2.064965479075908661e-02,-4.500386863946914673e-02,1.171904727816581726e-01,5.075634270906448364e-02,5.397801101207733154e-02,-3.185550868511199951e-02,4.074165970087051392e-02,9.726451337337493896e-02,3.531589731574058533e-02,-1.241664495319128036e-02,-2.518322877585887909e-02,-2.790454588830471039e-02,6.947653740644454956e-02,-3.282314166426658630e-02,3.686851263046264648e-01,1.717814654111862183e-01,3.614486753940582275e-01,9.552519023418426514e-02,2.775110900402069092e-01,7.316265720874071121e-03,2.083910107612609863e-01,1.618994772434234619e-01,1.660029441118240356e-01,9.147487580776214600e-02,1.766659319400787354e-01,1.226037219166755676e-01,2.130874693393707275e-01,1.447527557611465454e-01,3.370162099599838257e-02,8.711888641119003296e-02,1.384399682283401489e-01,3.138082027435302734e-01,3.972122073173522949e-02,1.166506037116050720e-01,7.409351319074630737e-02,5.692937597632408142e-02,1.122525036334991455e-01,1.201506033539772034e-01,3.229623436927795410e-01,1.941143870353698730e-01,4.403972029685974121e-01,3.664023280143737793e-01,1.811899393796920776e-01,2.186959236860275269e-01,3.552088141441345215e-01,2.005809545516967773e-01,-3.889214992523193359e-02,4.325977992266416550e-03,3.223793506622314453e-01,6.071587279438972473e-02,1.440140455961227417e-01,3.336449712514877319e-02,-2.678563259541988373e-02,3.871769458055496216e-02,2.559526860713958740e-01,1.625222265720367432e-01,1.973523646593093872e-01,2.738566994667053223e-01,2.256869822740554810e-01,1.465560048818588257e-01,1.373825818300247192e-01,1.341552138328552246e-01,2.132587283849716187e-01,1.765782237052917480e-01,2.126045227050781250e-01,1.848133206367492676e-01,1.604212969541549683e-01,1.956330984830856323e-01,1.927450150251388550e-01,6.707581132650375366e-02,3.472836315631866455e-02,-5.568826198577880859e-02,3.326274827122688293e-02,1.307008862495422363e-01,7.674612104892730713e-02,1.784892976284027100e-01
6.031142547726631165e-02,-2.364552346989512444e-03,2.881522774696350098e-01,1.700270622968673706e-01,4.620779752731323242e-01,9.092145413160324097e-02,3.898296058177947998e-01,1.473976224660873413e-01,4.939720034599304199e-01,8.335205912590026855e-02,3.915391862392425537e-01,3.218635320663452148e-01,1.000000000000000000e+00,3.823080956935882568e-01,5.143459439277648926e-01,4.876600205898284912e-02,2.835108041763305664e-01,9.901210665702819824e-02,-7.695990800857543945e-02,-4.676639661192893982e-02,2.165694534778594971e-01,2.596667110919952393e-01,3.182943165302276611e-01,3.675191998481750488e-01,2.991774678230285645e-01,3.326875269412994385e-01,1.785825788974761963e-01,1.163770854473114014e-01,5.053643584251403809e-01,2.314376682043075562e-01,4.601876437664031982e-01,4.929423034191131592e-01,-1.307204067707061768e-01,-6.526951491832733154e-02,-3.337195813655853271e-01,-2.951703369617462158e-01,-1.401313841342926025e-01,-1.738574504852294922e-01,4.937521368265151978e-02,-1.065281480550765991e-01,4.222674295306205750e-02,-4.253290966153144836e-02,-3.787893429398536682e-02,-1.115282103419303894e-01,-1.776556521654129028e-01,-1.191897317767143250e-01,-4.109449684619903564e-02,-1.036492958664894104e-01,-3.949597477912902832e-02,-8.637818694114685059e-02,-4.920553788542747498e-02,-3.414211794734001160e-02,1.295830905437469482e-01,2.095072716474533081e-02,3.090067505836486816e-01,-2.128967456519603729e-02,2.167447805404663086e-01,4.476968571543693542e-02,2.064763940870761871e-02,-6.342465430498123169e-02,-1.456872466951608658e-02,9.726865589618682861e-02,1.358668059110641479e-01,-5.002865195274353027e-02,6.402248889207839966e-02,4.676612094044685364e-02,-1.517128795385360718e-01,-1.754629313945770264e-01,2.555020153522491455e-02,6.792409718036651611e-02,2.703984975814819336e-01,1.682847589254379272e-01,3.098891973495483398e-01,2.428405582904815674e-01,1.655270010232925415e-01,1.506948471069335938e-01,-2.705384194850921631e-01,-2.462350875139236450e-01,1.349260360002517700e-01,1.535286307334899902e-01,4.164448976516723633e-01,2.682943046092987061e-01,4.816035032272338867e-01,1.232922896742820740e-01,4.391051232814788818e-01,8.401053398847579956e-02,1.452169269323348999e-01,-1.504910141229629517e-01,4.369349777698516846e-01,-5.358688998967409134e-03,1.861973404884338379e-01,-1.386706903576850891e-02,-4.132655262947082520e-02,-4.911479726433753967e-02,1.011286675930023193e-01,-4.586451873183250427e-02,5.197239294648170471e-02,4.418609291315078735e-02,1.845722943544387817e-01,-1.945984736084938049e-02,4.462005198001861572e-02,1.421735621988773346e-02,3.052436932921409607e-02,3.037913702428340912e-02,4.921081662178039551e-02,3.015570528805255890e-02,5.487617850303649902e-02,-1.795770227909088135e-02,-4.386863484978675842e-02,-1.581433974206447601e-02,-1.095354408025741577e-01,-1.853710561990737915e-01,-1.055077370256185532e-02,-2.017047256231307983e-02,-1.038345471024513245e-01,-1.062389612197875977e-01
