1.000000000000000000e+00,4.182173311710357666e-01,2.345357984304428101e-01,3.434253334999084473e-01,-5.860108416527509689e-03,-5.777217447757720947e-03,1.051966995000839233e-01,2.571798264980316162e-01,2.248127311468124390e-01,-1.235169451683759689e-02,4.373353719711303711e-01,2.376222014427185059e-01,5.905846133828163147e-02,4.959696903824806213e-02,6.309209018945693970e-02,-9.722973406314849854e-02,-6.319200992584228516e-02,-2.132997661828994751e-01,1.270311623811721802e-01,3.128943741321563721e-01,5.740177258849143982e-02,5.648122727870941162e-02,-1.698353737592697144e-01,4.772767424583435059e-02,-9.587239474058151245e-02,-6.074452400207519531e-02,2.918946323916316032e-03,-9.392897598445415497e-03,3.178145885467529297e-01,2.245681881904602051e-01,1.992525309324264526e-01,2.274545282125473022e-01,2.418123036623001099e-01,1.728948056697845459e-01,-7.176543772220611572e-02,-6.391882896423339844e-02,1.608324646949768066e-01,1.087386459112167358e-01,1.139404103159904480e-01,3.062547557055950165e-02,8.715953677892684937e-02,1.008670851588249207e-01,-1.487695723772048950e-01,3.616949543356895447e-02,-8.823056519031524658e-02,9.886308759450912476e-02,1.141116209328174591e-02,-1.233856752514839172e-01,9.605842083692550659e-02,2.211885601282119751e-01,1.815700680017471313e-01,2.013430446386337280e-01,3.536036908626556396e-01,2.530419528484344482e-01,3.216851651668548584e-01,5.667075514793395996e-02,2.374525219202041626e-01,-6.620134413242340088e-02,6.103370785713195801e-01,4.248269796371459961e-01,4.166691005229949951e-01,2.553016245365142822e-01,2.919393479824066162e-01,8.732192218303680420e-02,4.006637632846832275e-01,3.746134042739868164e-01,4.847755432128906250e-01,3.143931329250335693e-01,4.673622846603393555e-01,3.575575649738311768e-01,1.615168750286102295e-01,5.513487756252288818e-02,3.526623845100402832e-01,3.815359771251678467e-01,9.045805782079696655e-02,6.540205329656600952e-02,7.475853711366653442e-02,5.368096753954887390e-02,-1.300717443227767944e-01,3.745405748486518860e-02,5.470027774572372437e-02,8.238899707794189453e-02,-2.153449691832065582e-03,-9.969035536050796509e-02,3.560348227620124817e-02,9.664949029684066772e-02,-2.665336243808269501e-02,-4.446706734597682953e-03,-1.265955120325088501e-01,-1.427528262138366699e-01,1.590868234634399414e-01,-1.283173859119415283e-01,-3.315219283103942871e-02,-1.306898295879364014e-01,-9.597351774573326111e-03,9.289637207984924316e-03,4.166781902313232422e-02,-1.147970743477344513e-02,1.864102482795715332e-01,5.799073725938796997e-02,-1.193402186036109924e-01,-5.564047023653984070e-02,4.781805723905563354e-02,-3.079616837203502655e-02,1.720191091299057007e-01,1.196449995040893555e-01,2.056404799222946167e-01,9.029287844896316528e-02,1.325648277997970581e-01,-2.733311429619789124e-02,7.971476018428802490e-02,7.394317537546157837e-02,-1.281183063983917236e-01,-4.252332076430320740e-02,8.584913611412048340e-02,9.266187250614166260e-02
4.182173311710357666e-01,1.000000000000000000e+00,4.540579393506050110e-02,3.319112956523895264e-02,3.010752610862255096e-02,-1.610845327377319336e-02,3.941360488533973694e-02,7.012039422988891602e-02,3.266168236732482910e-01,5.096468329429626465e-02,4.385784864425659180e-01,4.312656223773956299e-01,1.798536181449890137e-01,8.363678120076656342e-03,1.057580560445785522e-01,3.367451578378677368e-02,1.492467820644378662e-01,2.569003999233245850e-01,-4.265396669507026672e-02,-1.268339157104492188e-01,9.030681848526000977e-02,9.198076277971267700e-02,-9.670194983482360840e-02,-2.390809170901775360e-02,-7.157573848962783813e-02,-1.297107040882110596e-01,-3.998804837465286255e-02,-1.803293824195861816e-02,1.970268487930297852e-01,1.999258399009704590e-01,-1.128995697945356369e-02,5.008339136838912964e-02,1.278201788663864136e-01,1.840852797031402588e-01,7.154584676027297974e-02,2.821668284013867378e-03,2.069854438304901123e-01,1.934202760457992554e-01,2.536647915840148926e-01,2.217895388603210449e-01,2.823942005634307861e-01,1.650912314653396606e-01,1.824624687433242798e-01,3.334991335868835449e-01,7.413215190172195435e-02,2.250149846076965332e-01,1.219298467040061951e-01,1.701298654079437256e-01,1.218308061361312866e-01,4.461305439472198486e-01,3.022418320178985596e-01,3.529471158981323242e-01,2.761300206184387207e-01,2.573172450065612793e-01,1.746030747890472412e-01,1.641329377889633179e-01,4.813661277294158936e-01,4.370255470275878906e-01,2.729766666889190674e-01,3.698973655700683594e-01,2.350442707538604736e-01,3.429566919803619385e-01,1.209024637937545776e-01,2.534500360488891602e-01,2.254957854747772217e-01,2.017131298780441284e-01,2.990296483039855957e-01,3.371899724006652832e-01,5.148792266845703125e-02,2.301393300294876099e-01,8.375678211450576782e-02,1.175082549452781677e-01,2.129260152578353882e-01,3.296155035495758057e-01,1.414886713027954102e-01,1.299817711114883423e-01,8.752672374248504639e-02,1.380396932363510132e-01,1.028107106685638428e-01,9.295394271612167358e-02,1.560356318950653076e-01,2.615924477577209473e-01,1.729587763547897339e-01,3.278063535690307617e-01,2.308105826377868652e-01,2.299615442752838135e-01,1.793137788772583008e-01,2.988058030605316162e-01,5.942649766802787781e-02,2.067028731107711792e-01,1.992408484220504761e-01,1.949156373739242554e-01,3.001894354820251465e-01,3.728492856025695801e-01,6.341168191283941269e-03,1.505622863769531250e-01,1.483768075704574585e-01,1.785628944635391235e-01,1.519545018672943115e-01,2.541898190975189209e-01,2.349313050508499146e-01,4.002646803855895996e-01,3.173152208328247070e-01,3.118944764137268066e-01,2.923067212104797363e-01,2.943276464939117432e-01,2.464644461870193481e-01,2.212486416101455688e-01,6.196635961532592773e-02,1.561259385198354721e-02,1.416502445936203003e-01,1.140825301408767700e-01,1.604995876550674438e-01,2.051283866167068481e-01,2.854865491390228271e-01,1.846235841512680054e-01
2.345357984304428101e-01,4.540579393506050110e-02,1.000000000000000000e+00,6.992521882057189941e-01,-1.021408215165138245e-01,-5.826042965054512024e-02,5.805865526199340820e-01,5.274919867515563965e-01,4.595058038830757141e-02,-4.226951301097869873e-02,9.618274122476577759e-02,7.704623043537139893e-02,-1.037086918950080872e-01,2.715485394001007080e-01,-1.599390953779220581e-01,3.100446797907352448e-02,-1.875777989625930786e-01,-1.184582114219665527e-01,-7.196151465177536011e-02,4.522005319595336914e-01,6.341305095702409744e-03,3.472954034805297852e-02,1.614794731140136719e-01,3.016350865364074707e-01,-1.218753978610038757e-01,-1.280099749565124512e-01,-1.153100803494453430e-01,-1.090504974126815796e-01,-7.393142580986022949e-02,-3.295086696743965149e-02,1.568324267864227295e-01,2.101053297519683838e-01,1.726599335670471191e-01,1.826019883155822754e-01,-1.448076367378234863e-01,-1.379488259553909302e-01,-1.805419325828552246e-01,-8.764488995075225830e-02,-9.022090584039688110e-02,-1.270806193351745605e-01,-1.693411618471145630e-01,2.536268159747123718e-02,-1.843150109052658081e-01,2.622887864708900452e-02,-1.488832831382751465e-01,4.979616496711969376e-03,-1.531210094690322876e-01,-1.994854956865310669e-01,-1.214640736579895020e-01,7.811829447746276855e-02,6.790446117520332336e-03,5.072818696498870850e-02,3.727615252137184143e-02,-4.652078077197074890e-02,-3.103422187268733978e-02,-1.781331896781921387e-01,-6.676211953163146973e-02,-4.117941483855247498e-02,7.126803696155548096e-02,8.502580970525741577e-02,-6.151017919182777405e-02,1.195461899042129517e-01,-6.474563479423522949e-02,-1.148666739463806152e-01,-2.946284785866737366e-02,-2.025544643402099609e-02,-1.068198606371879578e-01,-1.250919401645660400e-01,1.682397723197937012e-01,2.467525899410247803e-01,-3.759906440973281860e-02,-7.811844348907470703e-02,-1.643955111503601074e-01,-3.359115123748779297e-02,-7.771770656108856201e-02,-4.849531874060630798e-02,-1.115537583827972412e-01,-5.631197988986968994e-02,-2.097527682781219482e-01,2.023905515670776367e-02,-1.351814717054367065e-01,-2.019466608762741089e-01,1.333877258002758026e-02,-1.208488419651985168e-01,-2.394263744354248047e-01,-1.206634566187858582e-01,8.058443665504455566e-03,-2.125139534473419189e-02,-1.834324300289154053e-01,-1.614950746297836304e-01,-6.413865834474563599e-02,-5.953904613852500916e-02,-1.054502129554748535e-01,-6.601320207118988037e-02,-1.614991724491119385e-01,-1.496022790670394897e-01,-2.165934443473815918e-01,-2.101245820522308350e-01,-4.689262807369232178e-02,-1.666596829891204834e-01,-6.895726174116134644e-02,-8.882479369640350342e-02,-2.152466028928756714e-02,-4.470399767160415649e-02,-6.345043331384658813e-02,-6.451718509197235107e-02,2.957646548748016357e-02,-9.553755819797515869e-02,-8.754926919937133789e-02,-1.093105673789978027e-01,-5.031284689903259277e-02,-7.251022756099700928e-02,-1.991510689258575439e-01,-1.258323341608047485e-01,-1.422141492366790771e-01,-1.041928827762603760e-01
3.434253334999084473e-01,3.319112956523895264e-02,6.992521882057189941e-01,1.000000000000000000e+00,-1.143542006611824036e-01,-3.232943639159202576e-02,4.531507194042205811e-01,6.655700206756591797e-01,-7.578080147504806519e-02,-8.062218129634857178e-02,1.544321626424789429e-01,1.715540140867233276e-01,-2.257617861032485962e-01,2.366247028112411499e-01,-1.707094162702560425e-01,-6.087620183825492859e-02,-2.054218202829360962e-01,-1.613918244838714600e-01,-1.264349818229675293e-01,5.487653613090515137e-01,4.117395356297492981e-02,6.846868991851806641e-02,5.414001643657684326e-02,4.284344613552093506e-01,-1.418671458959579468e-01,-1.210249960422515869e-01,-7.802709192037582397e-02,-8.893296867609024048e-02,-7.384353131055831909e-02,-2.397207077592611313e-03,1.856542676687240601e-01,2.994115352630615234e-01,2.727239131927490234e-01,2.422073483467102051e-01,-2.115682810544967651e-01,-2.068876177072525024e-01,-1.514720767736434937e-01,-1.287156483158469200e-03,-9.633251279592514038e-02,-1.542678624391555786e-01,-1.956486701965332031e-01,-1.550958026200532913e-02,-3.552604317665100098e-01,-9.453745186328887939e-02,-2.393309473991394043e-01,-2.744640223681926727e-02,-2.588897943496704102e-01,-3.424720168113708496e-01,-1.679073870182037354e-01,5.197828635573387146e-02,-1.030152067542076111e-01,-3.298687189817428589e-02,-4.082969948649406433e-02,-8.877887576818466187e-02,4.417457617819309235e-03,-1.628365516662597656e-01,-1.496850103139877319e-01,-1.883957684040069580e-01,9.635526686906814575e-02,5.377956479787826538e-02,-5.453969165682792664e-02,3.681722283363342285e-02,-5.113166570663452148e-02,-8.116735517978668213e-02,-6.480180472135543823e-02,-1.456779986619949341e-02,1.372589822858572006e-02,-7.725095003843307495e-02,2.137039303779602051e-01,2.910116314888000488e-01,-4.603520780801773071e-02,-1.066734865307807922e-01,-1.146271228790283203e-01,5.025197193026542664e-02,-1.407350003719329834e-01,-1.295816451311111450e-01,-7.212653011083602905e-02,-4.956666007637977600e-02,-2.255606204271316528e-01,-2.417045831680297852e-02,-2.039328664541244507e-01,-1.950998306274414062e-01,-9.204132109880447388e-02,-1.466154754161834717e-01,-2.749060392379760742e-01,-8.432894945144653320e-02,-9.927126765251159668e-02,-8.866125345230102539e-02,-2.652884125709533691e-01,-1.687052100896835327e-01,-1.543363183736801147e-01,-1.731496751308441162e-01,-2.724272906780242920e-01,-2.530722618103027344e-01,-1.687662899494171143e-01,-1.915468871593475342e-01,-2.505581378936767578e-01,-3.340498208999633789e-01,-8.570552617311477661e-02,-2.110852450132369995e-01,-2.514801621437072754e-01,-1.808010190725326538e-01,-9.765703976154327393e-02,-1.571806967258453369e-01,-7.812268286943435669e-02,-5.340854078531265259e-02,3.500812500715255737e-02,-1.584341078996658325e-01,-1.285083740949630737e-01,-1.989195942878723145e-01,-1.155611127614974976e-01,-1.194851920008659363e-01,-3.196761608123779297e-01,-2.246413230895996094e-01,-2.449511587619781494e-01,-1.165490448474884033e-01
-5.860108416527509689e-03,3.010752610862255096e-02,-1.021408215165138245e-01,-1.143542006611824036e-01,1.000000000000000000e+00,7.969618439674377441e-01,-2.335600554943084717e-01,-8.921531587839126587e-02,1.769330203533172607e-01,3.339223861694335938e-01,-5.316282063722610474e-02,4.748008679598569870e-03,8.550886064767837524e-03,7.501143962144851685e-02,4.383733272552490234e-01,2.467124909162521362e-01,9.350565820932388306e-02,7.259594649076461792e-02,6.635403633117675781e-02,7.843768224120140076e-03,-7.715401798486709595e-02,1.506432425230741501e-02,-1.463270634412765503e-01,-9.698724374175071716e-03,6.747107505798339844e-01,5.973777174949645996e-01,6.568911075592041016e-01,6.850121617317199707e-01,2.900232970714569092e-01,2.622856497764587402e-01,-6.311773508787155151e-02,1.818009838461875916e-02,5.896356701850891113e-02,4.465890675783157349e-02,-1.229869127273559570e-01,-9.882444888353347778e-02,7.818762958049774170e-02,9.312058985233306885e-02,2.318496108055114746e-01,1.054276973009109497e-01,-3.842643648386001587e-02,4.773961007595062256e-02,8.555237948894500732e-02,5.951435118913650513e-02,1.084315702319145203e-01,1.768500953912734985e-01,-3.950002044439315796e-02,-4.484224691987037659e-02,1.302314549684524536e-01,1.469392925500869751e-01,6.924178451299667358e-02,1.422410756349563599e-01,1.082509756088256836e-02,4.475820064544677734e-02,2.721194922924041748e-01,2.343323230743408203e-01,-3.108072467148303986e-02,2.264484018087387085e-02,5.553282424807548523e-02,1.298823654651641846e-01,5.707187578082084656e-02,8.429202437400817871e-02,-5.199233442544937134e-02,2.517227642238140106e-02,1.209621131420135498e-01,1.502101868391036987e-01,6.074813660234212875e-03,4.779585823416709900e-02,1.674770377576351166e-02,2.366770058870315552e-02,7.475906610488891602e-02,8.199501782655715942e-03,4.232196509838104248e-02,5.802626907825469971e-02,-1.198165714740753174e-01,-1.791650354862213135e-01,1.196269243955612183e-01,1.679233610630035400e-01,2.214488983154296875e-01,6.589619815349578857e-02,6.045496556907892227e-03,4.894259572029113770e-02,1.450440883636474609e-01,2.231559306383132935e-01,8.027064055204391479e-02,5.077830329537391663e-02,6.163642555475234985e-02,2.445623129606246948e-01,4.619568213820457458e-02,1.042744889855384827e-01,-6.000668182969093323e-02,-6.625482346862554550e-03,-5.279519781470298767e-02,-3.722932934761047363e-02,1.767547279596328735e-01,3.392023742198944092e-01,1.688692122697830200e-01,1.111581772565841675e-01,3.265691921114921570e-02,7.827007770538330078e-02,-4.884090274572372437e-02,-4.643677920103073120e-02,-6.315093487501144409e-02,-2.000823989510536194e-02,2.789728716015815735e-02,4.023321717977523804e-02,-1.140435039997100830e-02,-8.258698880672454834e-02,1.581346243619918823e-01,3.236907720565795898e-02,4.966067150235176086e-02,7.742512039840221405e-03,1.785227656364440918e-02,7.750465720891952515e-02,1.975622922182083130e-01,1.144713982939720154e-01
-5.777217447757720947e-03,-1.610845327377319336e-02,-5.826042965054512024e-02,-3.232943639159202576e-02,7.969618439674377441e-01,1.000000000000000000e+00,-2.343408763408660889e-01,-6.325103808194398880e-03,9.509519487619400024e-02,3.971261680126190186e-01,-6.384414434432983398e-02,6.442805379629135132e-02,2.313502365723252296e-03,7.511369138956069946e-02,3.815799653530120850e-01,3.272255063056945801e-01,2.723945118486881256e-02,3.058199211955070496e-02,3.717208979651331902e-03,4.292166978120803833e-02,-8.213603496551513672e-02,7.796260062605142593e-03,-1.809514313936233521e-01,-1.896615885198116302e-02,5.813802480697631836e-01,4.926537275314331055e-01,6.888715624809265137e-01,7.051849961280822754e-01,2.128426581621170044e-01,2.657682001590728760e-01,-6.730332225561141968e-02,9.829862974584102631e-03,7.736062258481979370e-02,3.135778754949569702e-02,-9.974695742130279541e-02,-6.946425139904022217e-02,4.074843600392341614e-02,1.253969967365264893e-01,1.894294768571853638e-01,5.388987809419631958e-02,-6.307042390108108521e-02,2.308553829789161682e-02,5.743220075964927673e-02,7.855536788702011108e-02,1.053922623395919800e-01,2.021980732679367065e-01,-9.071642905473709106e-02,-9.157890826463699341e-02,1.493709832429885864e-01,1.325509548187255859e-01,5.249068140983581543e-02,1.171902939677238464e-01,-6.225538998842239380e-02,-1.199308689683675766e-02,1.993850022554397583e-01,1.288872957229614258e-01,-7.052111625671386719e-02,-2.018036693334579468e-02,5.918320640921592712e-02,1.023728027939796448e-01,6.365929543972015381e-02,1.000220030546188354e-01,-9.828252345323562622e-02,-3.955104947090148926e-02,8.026880025863647461e-02,1.038028076291084290e-01,5.302462726831436157e-02,5.450477451086044312e-02,4.165492951869964600e-02,6.367259472608566284e-02,5.850793048739433289e-02,2.162975259125232697e-02,-6.015900149941444397e-02,4.389419034123420715e-02,-1.053539440035820007e-01,-1.907177269458770752e-01,8.699721097946166992e-02,1.302035599946975708e-01,1.939329653978347778e-01,1.212902273982763290e-02,-6.986687332391738892e-02,-2.569454535841941833e-02,1.229216754436492920e-01,1.504973471164703369e-01,-2.597729489207267761e-02,-2.854553516954183578e-03,3.754279017448425293e-02,2.205661088228225708e-01,-2.144137769937515259e-02,6.744923442602157593e-02,-1.223479807376861572e-01,-4.099106788635253906e-02,-1.895645260810852051e-01,-1.455267816781997681e-01,1.406684517860412598e-01,3.064273595809936523e-01,1.211789920926094055e-01,3.834981098771095276e-02,-4.216843843460083008e-02,2.739765308797359467e-02,-1.895882934331893921e-01,-1.642781347036361694e-01,-1.602645218372344971e-01,-1.307008415460586548e-01,-9.579712152481079102e-02,-8.005499094724655151e-02,-1.100066155195236206e-01,-1.326503306627273560e-01,1.130308583378791809e-01,-3.783553605899214745e-03,1.247179578058421612e-03,-5.102980509400367737e-02,-7.085556536912918091e-02,-7.030820101499557495e-02,6.800132989883422852e-02,3.831961005926132202e-02
1.051966995000839233e-01,3.941360488533973694e-02,5.805865526199340820e-01,4.531507194042205811e-01,-2.335600554943084717e-01,-2.343408763408660889e-01,1.000000000000000000e+00,5.007022619247436523e-01,7.242728024721145630e-02,-2.566278576850891113e-01,-9.678598493337631226e-03,6.494426727294921875e-02,1.226312369108200073e-01,1.254075318574905396e-01,-1.297606080770492554e-01,-1.543450504541397095e-01,-1.317576169967651367e-01,5.397917330265045166e-02,-1.313281208276748657e-01,2.405328154563903809e-01,-1.024281838908791542e-03,6.291629374027252197e-02,6.477504223585128784e-02,1.392861008644104004e-01,-1.863910853862762451e-01,-1.973919719457626343e-01,-1.501604467630386353e-01,-1.865976601839065552e-01,-1.680671125650405884e-01,-1.207062005996704102e-01,1.290697511285543442e-02,5.825252830982208252e-02,-9.214252978563308716e-02,-1.887140609323978424e-02,-1.332851201295852661e-01,-1.257329136133193970e-01,-1.657346338033676147e-01,-1.446600407361984253e-01,-2.051555216312408447e-01,-1.140965446829795837e-01,-1.475216150283813477e-01,-1.245670542120933533e-01,-1.682372093200683594e-01,-8.328906446695327759e-02,-1.353980451822280884e-01,-1.153632253408432007e-01,-1.660657674074172974e-01,-5.463295802474021912e-02,-2.198547124862670898e-01,-5.951119214296340942e-02,-1.480625271797180176e-01,-8.409582823514938354e-02,-1.260702461004257202e-01,-9.428440779447555542e-02,-2.288984060287475586e-01,-2.027468085289001465e-01,-1.782626956701278687e-01,-1.838206313550472260e-02,-5.036193504929542542e-02,-3.075738064944744110e-02,-2.377588599920272827e-01,-8.084125071763992310e-02,-1.206325739622116089e-01,-9.371198713779449463e-02,-1.463461667299270630e-01,-1.553538590669631958e-01,-2.502544224262237549e-01,-1.735725998878479004e-01,-1.627033692784607410e-03,5.302628129720687866e-02,-1.457629799842834473e-01,-1.209331452846527100e-01,-1.388649046421051025e-01,-1.356597542762756348e-01,-1.102908924221992493e-01,-5.032760649919509888e-02,-1.934250146150588989e-01,-1.237984374165534973e-01,-1.613299697637557983e-01,1.081495452672243118e-02,-1.240771338343620300e-01,-1.805587708950042725e-01,-3.479421138763427734e-02,-2.036069333553314209e-02,-1.723621338605880737e-01,-1.361302584409713745e-01,-2.972462028264999390e-02,-3.485494479537010193e-02,-1.689615398645401001e-01,-1.079629659652709961e-01,-1.732824146747589111e-01,6.587183102965354919e-03,-3.580771014094352722e-02,8.294053375720977783e-02,-1.706354767084121704e-01,-1.556493341922760010e-01,-1.744955778121948242e-01,-9.818561375141143799e-02,-1.447495073080062866e-01,-1.478897482156753540e-01,-1.758334040641784668e-02,3.784864395856857300e-02,-3.245946392416954041e-02,4.429628327488899231e-02,-7.867457717657089233e-02,-6.014996394515037537e-02,-3.365325927734375000e-02,-9.727289527654647827e-02,-1.077043041586875916e-01,-5.675755441188812256e-02,-4.255289211869239807e-02,-4.294889792799949646e-02,-8.995797485113143921e-02,-5.319055169820785522e-02,-1.190052404999732971e-01,-9.631749242544174194e-02
2.571798264980316162e-01,7.012039422988891602e-02,5.274919867515563965e-01,6.655700206756591797e-01,-8.921531587839126587e-02,-6.325103808194398880e-03,5.007022619247436523e-01,1.000000000000000000e+00,3.491359576582908630e-02,-2.193231834098696709e-03,1.566588878631591797e-01,2.321729958057403564e-01,9.749695658683776855e-03,2.847010195255279541e-01,-1.428187936544418335e-01,3.559529781341552734e-02,-1.250068992376327515e-01,-3.237023204565048218e-02,-6.149363890290260315e-02,3.406435549259185791e-01,8.973815292119979858e-02,1.062740236520767212e-01,6.018189713358879089e-02,2.976382076740264893e-01,-1.414828002452850342e-01,-1.229054778814315796e-01,-5.001058336347341537e-03,-1.272376533597707748e-02,4.693124815821647644e-02,1.418038606643676758e-01,2.577635943889617920e-01,3.200520873069763184e-01,1.788109987974166870e-01,1.569302976131439209e-01,-1.283191740512847900e-01,-1.367167532444000244e-01,-6.979839503765106201e-02,4.348283261060714722e-02,-2.491933666169643402e-02,-3.315355256199836731e-02,-8.698220551013946533e-02,8.700592815876007080e-02,-1.273511499166488647e-01,-1.452866755425930023e-02,-1.229465305805206299e-01,3.360921284183859825e-03,-1.727450639009475708e-01,-2.081351131200790405e-01,-6.593801081180572510e-02,8.426474034786224365e-02,-8.965702727437019348e-05,6.209651008248329163e-03,-3.866619244217872620e-02,-1.044148504734039307e-01,-5.626282840967178345e-02,-1.353682279586791992e-01,-1.038940548896789551e-01,-1.293265372514724731e-01,1.087695807218551636e-01,7.198734581470489502e-02,-6.713467836380004883e-02,2.490639500319957733e-02,-1.464608609676361084e-01,-1.501783728599548340e-01,1.959834434092044830e-02,1.564944721758365631e-02,3.128600120544433594e-02,-2.293513156473636627e-02,7.705968618392944336e-02,1.180039793252944946e-01,4.121366515755653381e-02,3.488524258136749268e-02,-5.233231931924819946e-02,1.179456263780593872e-01,-5.588903650641441345e-02,-8.795901387929916382e-02,-2.855775319039821625e-02,1.897669583559036255e-02,-8.677055686712265015e-02,4.500105604529380798e-02,-1.267306953668594360e-01,-1.085529476404190063e-01,3.420595079660415649e-02,-4.835534468293190002e-02,-1.436179727315902710e-01,-1.017479449510574341e-01,6.533379852771759033e-02,3.910027816891670227e-02,-1.763915270566940308e-01,-5.774760991334915161e-02,-1.569520980119705200e-01,-1.176816001534461975e-01,-1.998980492353439331e-01,-1.579669117927551270e-01,-1.196556910872459412e-01,-4.954295977950096130e-02,-1.700235307216644287e-01,-1.733359098434448242e-01,-6.304723024368286133e-02,-1.397395879030227661e-01,-1.408503949642181396e-01,-1.439977288246154785e-01,-8.430504053831100464e-02,-9.489531815052032471e-02,-4.785766825079917908e-02,-9.697847999632358551e-03,4.803113173693418503e-03,-1.097899153828620911e-01,-9.656984359025955200e-02,-1.287644654512405396e-01,-5.715203657746315002e-02,-6.639723479747772217e-02,-1.358012109994888306e-01,-9.086301177740097046e-02,-6.831348687410354614e-02,1.933234930038452148e-02
2.248127311468124390e-01,3.266168236732482910e-01,4.595058038830757141e-02,-7.578080147504806519e-02,1.769330203533172607e-01,9.509519487619400024e-02,7.242728024721145630e-02,3.491359576582908630e-02,1.000000000000000000e+00,4.266026020050048828e-01,1.559319794178009033e-01,2.003491818904876709e-01,3.606514930725097656e-01,1.864878982305526733e-01,5.075658559799194336e-01,3.275690376758575439e-01,2.726210355758666992e-01,1.683474332094192505e-01,8.712735772132873535e-02,-8.868787437677383423e-02,2.048981040716171265e-01,1.922825723886489868e-01,9.238957613706588745e-02,1.184424310922622681e-01,1.917363703250885010e-02,-4.684177786111831665e-02,3.199898451566696167e-02,1.040229722857475281e-01,4.811034500598907471e-01,3.637437820434570312e-01,1.788989901542663574e-01,2.527685761451721191e-01,-5.516130849719047546e-02,1.790517754852771759e-02,-3.279544040560722351e-02,-6.045719608664512634e-02,1.367336660623550415e-01,2.742628939449787140e-02,2.421279996633529663e-01,2.634029090404510498e-01,2.196153700351715088e-01,8.463203907012939453e-02,2.821436524391174316e-01,3.050900995731353760e-01,2.287170588970184326e-01,3.010258078575134277e-01,2.597526609897613525e-01,1.653405874967575073e-01,3.854304254055023193e-01,4.098391532897949219e-01,4.390956461429595947e-01,4.800461828708648682e-01,4.552227854728698730e-01,4.256437122821807861e-01,3.248387277126312256e-01,1.288887113332748413e-01,2.535953223705291748e-01,3.597046732902526855e-01,3.754113614559173584e-01,5.136255025863647461e-01,3.509499132633209229e-01,3.585054278373718262e-01,1.707949191331863403e-01,2.091231048107147217e-01,4.444678425788879395e-01,3.796039521694183350e-01,2.160288691520690918e-01,2.712452411651611328e-01,4.391688853502273560e-02,2.073065340518951416e-01,1.556045114994049072e-01,1.792665570974349976e-01,2.054687887430191040e-01,1.634490787982940674e-01,1.377856433391571045e-01,3.171888738870620728e-02,1.555805355310440063e-01,2.445511370897293091e-01,1.483737379312515259e-01,1.463733315467834473e-01,1.887616068124771118e-01,1.740102320909500122e-01,2.775257825851440430e-01,4.113064110279083252e-01,2.607381045818328857e-01,2.188433110713958740e-01,2.671655118465423584e-01,4.225987792015075684e-01,2.460173368453979492e-01,2.600380778312683105e-01,2.983888983726501465e-01,2.372348308563232422e-01,2.441545277833938599e-01,2.485660761594772339e-01,7.563942670822143555e-02,1.899487972259521484e-01,1.527848839759826660e-01,2.096914350986480713e-01,2.480608522891998291e-01,2.624267339706420898e-01,1.793329566717147827e-01,2.025936543941497803e-01,2.648512423038482666e-01,3.160607218742370605e-01,2.095345109701156616e-01,1.705065369606018066e-01,1.108475401997566223e-01,3.591446578502655029e-02,-2.850325964391231537e-02,5.882797762751579285e-02,3.428436070680618286e-02,-2.118286304175853729e-02,1.087032556533813477e-01,1.466620713472366333e-01,2.748298645019531250e-01,1.335530281066894531e-01
-1.235169451683759689e-02,5.096468329429626465e-02,-4.226951301097869873e-02,-8.062218129634857178e-02,3.339223861694335938e-01,3.971261680126190186e-01,-2.566278576850891113e-01,-2.193231834098696709e-03,4.266026020050048828e-01,1.000000000000000000e+00,-1.109939515590667725e-01,1.324603557586669922e-01,2.074674516916275024e-01,1.670065075159072876e-01,5.090448856353759766e-01,7.379423975944519043e-01,1.292948424816131592e-01,7.645235210657119751e-02,2.234109491109848022e-02,-4.255546629428863525e-02,1.921073496341705322e-01,2.021705359220504761e-01,1.150332912802696228e-01,2.168503403663635254e-01,2.995133213698863983e-02,7.119560614228248596e-03,1.426966935396194458e-01,2.138253450393676758e-01,4.233443737030029297e-01,4.482095837593078613e-01,1.639443784952163696e-01,2.107098400592803955e-01,4.884017258882522583e-02,2.169922925531864166e-02,5.490011535584926605e-03,2.806284464895725250e-02,-1.446156413294374943e-03,1.167974770069122314e-01,2.577835023403167725e-01,1.963802278041839600e-01,6.306795030832290649e-02,1.381587386131286621e-01,3.569496870040893555e-01,3.518515825271606445e-01,4.024754464626312256e-01,4.530549049377441406e-01,1.908396780490875244e-01,4.593625292181968689e-02,5.033878684043884277e-01,4.042000174522399902e-01,3.416776061058044434e-01,3.684406578540802002e-01,2.469205558300018311e-01,1.572111248970031738e-01,2.559532523155212402e-01,8.555838465690612793e-02,6.082370132207870483e-02,1.962752491235733032e-01,2.725408971309661865e-01,3.954530358314514160e-01,2.259997427463531494e-01,3.197131156921386719e-01,5.534241721034049988e-02,1.161982342600822449e-01,3.428408801555633545e-01,3.101334869861602783e-01,1.841491460800170898e-01,2.268678545951843262e-01,5.300782248377799988e-02,8.633384108543395996e-02,1.440901160240173340e-01,1.220245659351348877e-01,-4.624940827488899231e-02,6.504573673009872437e-02,-9.086963254958391190e-04,-1.144667249172925949e-02,1.949723362922668457e-01,2.225579321384429932e-01,9.209945797920227051e-02,2.774590067565441132e-02,1.212623491883277893e-01,9.788638353347778320e-02,1.348059773445129395e-01,2.803007066249847412e-01,1.231156885623931885e-01,1.752790212631225586e-01,1.286893934011459351e-01,3.334496319293975830e-01,2.464191466569900513e-01,2.410906404256820679e-01,1.088287234306335449e-01,8.831643313169479370e-02,-2.946379827335476875e-03,-5.227020941674709320e-03,3.970083594322204590e-02,1.197505742311477661e-01,6.587291508913040161e-02,1.742436201311647892e-03,4.014431312680244446e-02,8.948633819818496704e-02,-7.079042494297027588e-02,-1.658983379602432251e-01,-1.195412725210189819e-01,-7.327276468276977539e-02,-6.315261870622634888e-02,-4.205903410911560059e-02,-1.111196354031562805e-01,-6.844593584537506104e-02,-7.390490919351577759e-02,-2.040017629042267799e-03,-7.670035958290100098e-02,-1.835397481918334961e-01,2.847505733370780945e-02,-4.795965552330017090e-02,9.688107669353485107e-02,3.178321570158004761e-02
4.373353719711303711e-01,4.385784864425659180e-01,9.618274122476577759e-02,1.544321626424789429e-01,-5.316282063722610474e-02,-6.384414434432983398e-02,-9.678598493337631226e-03,1.566588878631591797e-01,1.559319794178009033e-01,-1.109939515590667725e-01,1.000000000000000000e+00,4.267201125621795654e-01,1.693284064531326294e-01,1.138622909784317017e-01,-2.925172075629234314e-02,-1.180503070354461670e-01,2.228174209594726562e-01,1.543514281511306763e-01,2.073045261204242706e-02,-7.008602842688560486e-03,1.576896458864212036e-01,3.884897334501147270e-03,2.959162369370460510e-02,1.124175786972045898e-01,-3.550670295953750610e-02,-1.346802990883588791e-02,-6.118576601147651672e-02,-5.755254253745079041e-02,1.941421329975128174e-01,3.121370077133178711e-01,1.454865038394927979e-01,1.661249846220016479e-01,1.682306230068206787e-01,1.256857216358184814e-01,2.238099090754985809e-02,-2.431473461911082268e-03,2.122161835432052612e-01,3.103570044040679932e-01,1.527158617973327637e-01,1.855555623769760132e-01,3.046007156372070312e-01,2.271206080913543701e-01,-1.067884042859077454e-01,3.152374550700187683e-02,-9.409523010253906250e-02,4.233451932668685913e-02,-3.864615783095359802e-02,-4.304057732224464417e-02,-7.498665153980255127e-02,1.793242841958999634e-01,1.732072681188583374e-01,8.260441571474075317e-02,1.990001499652862549e-01,6.521686911582946777e-02,1.656333506107330322e-01,1.787311583757400513e-01,3.921004831790924072e-01,8.206465095281600952e-02,1.740714758634567261e-01,5.409368872642517090e-02,2.423823922872543335e-01,1.266310811042785645e-01,7.369848340749740601e-02,3.124252147972583771e-02,1.314498186111450195e-01,5.599222332239151001e-02,2.199800759553909302e-01,1.364673823118209839e-01,1.085454225540161133e-02,1.603841334581375122e-01,1.366976499557495117e-01,8.142975717782974243e-02,3.240751624107360840e-01,3.721786439418792725e-01,9.529697895050048828e-02,9.007932245731353760e-02,9.072675555944442749e-02,7.118904590606689453e-02,-2.728872001171112061e-03,7.541300356388092041e-02,8.317716419696807861e-02,1.400230079889297485e-01,8.384492993354797363e-02,6.604003254324197769e-03,8.483176678419113159e-02,8.410276472568511963e-02,8.056573569774627686e-03,8.748838678002357483e-03,-2.558380179107189178e-02,7.361507415771484375e-02,2.270352393388748169e-01,9.593656659126281738e-02,1.615139544010162354e-01,1.003243625164031982e-01,2.810615859925746918e-02,8.329383283853530884e-02,1.869300007820129395e-01,1.549114733934402466e-01,2.418551445007324219e-01,1.793836951255798340e-01,1.606041938066482544e-01,1.472758948802947998e-01,2.994628250598907471e-01,1.073211133480072021e-01,1.045763269066810608e-01,4.240370169281959534e-02,1.877983212471008301e-01,1.267177164554595947e-01,1.338029652833938599e-01,6.097608432173728943e-02,2.203339338302612305e-01,1.378318816423416138e-01,3.515872359275817871e-02,1.868773810565471649e-02,1.699101924896240234e-02,-6.319867819547653198e-02
2.376222014427185059e-01,4.312656223773956299e-01,7.704623043537139893e-02,1.715540140867233276e-01,4.748008679598569870e-03,6.442805379629135132e-02,6.494426727294921875e-02,2.321729958057403564e-01,2.003491818904876709e-01,1.324603557586669922e-01,4.267201125621795654e-01,1.000000000000000000e+00,2.098558247089385986e-01,3.278870284557342529e-01,8.584948256611824036e-03,7.403253763914108276e-02,-1.130472053773701191e-03,1.677145957946777344e-01,-2.695745825767517090e-01,-5.799083411693572998e-02,1.980391591787338257e-01,6.245958060026168823e-02,-9.242951869964599609e-02,1.155997514724731445e-01,-8.482939749956130981e-02,-9.298488497734069824e-02,-5.085609480738639832e-02,-3.941409662365913391e-02,1.903386861085891724e-01,3.301380276679992676e-01,5.522599071264266968e-02,1.050632745027542114e-01,-4.465511441230773926e-02,-2.984900400042533875e-02,-1.587407439947128296e-01,-7.580366730690002441e-02,1.148299053311347961e-01,3.356943726539611816e-01,1.334801614284515381e-01,1.769988536834716797e-01,1.863666325807571411e-01,1.677434444427490234e-01,-1.359929591417312622e-01,4.461745545268058777e-02,-5.908792838454246521e-02,8.765379339456558228e-02,-1.850197613239288330e-01,-1.097536310553550720e-01,-2.157840691506862640e-02,1.839547008275985718e-01,4.192475229501724243e-03,9.248369187116622925e-02,-3.453869372606277466e-02,5.635460093617439270e-02,5.677254498004913330e-02,1.190701276063919067e-01,-4.415737092494964600e-02,6.136329472064971924e-02,1.350151449441909790e-01,2.309714257717132568e-01,8.098846673965454102e-02,2.496731579303741455e-01,-2.377792261540889740e-02,6.140628457069396973e-02,1.732119023799896240e-01,1.422317177057266235e-01,1.063477545976638794e-01,1.274392753839492798e-01,-2.097063064575195312e-01,-2.355922572314739227e-02,7.951734215021133423e-02,1.144826784729957581e-01,1.418973952531814575e-01,2.756587266921997070e-01,2.284520491957664490e-02,2.581209316849708557e-02,6.378650665283203125e-02,9.136519581079483032e-02,-4.000044986605644226e-02,-4.173262789845466614e-02,-6.174976006150245667e-03,9.688115119934082031e-02,9.575139731168746948e-02,2.780028879642486572e-01,2.086542919278144836e-02,6.283365190029144287e-02,4.527841880917549133e-02,2.577627599239349365e-01,-8.077394217252731323e-02,1.906682401895523071e-01,-3.123072348535060883e-02,6.093966215848922729e-02,-1.703941375017166138e-01,-2.427151799201965332e-02,-4.080425947904586792e-02,4.818384721875190735e-02,3.094201162457466125e-02,6.766023114323616028e-03,-7.437587250024080276e-03,4.877095669507980347e-02,-1.360935866832733154e-01,2.058092318475246429e-02,7.044100761413574219e-02,8.270020782947540283e-02,5.318609997630119324e-02,8.506858348846435547e-02,1.677019149065017700e-01,6.911190599203109741e-02,-1.084350515156984329e-02,-9.210816770792007446e-02,1.081022545695304871e-01,-8.411484956741333008e-02,-1.575627028942108154e-01,-1.451310813426971436e-01,-4.788134992122650146e-02,5.325580388307571411e-02
5.905846133828163147e-02,1.798536181449890137e-01,-1.037086918950080872e-01,-2.257617861032485962e-01,8.550886064767837524e-03,2.313502365723252296e-03,1.226312369108200073e-01,9.749695658683776855e-03,3.606514930725097656e-01,2.074674516916275024e-01,1.693284064531326294e-01,2.098558247089385986e-01,1.000000000000000000e+00,3.206044137477874756e-01,2.761215269565582275e-01,2.379902452230453491e-01,1.412658840417861938e-01,1.803339868783950806e-01,-9.841848909854888916e-02,-3.331305980682373047e-01,2.361521124839782715e-01,9.880313277244567871e-02,2.201572209596633911e-01,-1.047995984554290771e-01,-7.605645805597305298e-02,-8.579036593437194824e-02,-3.901605680584907532e-02,3.545469418168067932e-02,3.577791154384613037e-01,3.066979944705963135e-01,1.502318680286407471e-01,1.509316265583038330e-01,-2.017764747142791748e-01,-1.930568367242813110e-01,5.613993853330612183e-03,4.790264740586280823e-02,1.255861222743988037e-01,6.882128119468688965e-02,1.214005947113037109e-01,1.563241630792617798e-01,2.717289626598358154e-01,1.972795426845550537e-01,3.324127197265625000e-01,2.705909013748168945e-01,2.363671958446502686e-01,2.101487219333648682e-01,1.970818191766738892e-01,1.454575955867767334e-01,2.952617704868316650e-01,2.189481705427169800e-01,3.255060911178588867e-01,2.610510587692260742e-01,2.167677134275436401e-01,1.513956189155578613e-01,8.198289573192596436e-02,-2.114444412291049957e-02,1.496988385915756226e-01,1.816251873970031738e-01,1.455399394035339355e-01,1.658955663442611694e-01,1.919288486242294312e-01,1.770271211862564087e-01,3.332967311143875122e-02,4.861352220177650452e-02,2.903823554515838623e-01,1.569219976663589478e-01,3.800388053059577942e-02,1.349594891071319580e-01,-1.993997395038604736e-01,-1.051966249942779541e-01,1.485058814287185669e-01,1.837256252765655518e-01,1.928420960903167725e-01,1.577477008104324341e-01,1.218397542834281921e-01,-6.343924906104803085e-04,3.421291708946228027e-02,6.838873773813247681e-02,1.107360497117042542e-01,8.266116678714752197e-02,2.108890265226364136e-01,1.085696890950202942e-01,2.029291391372680664e-01,1.675659865140914917e-01,1.540419310331344604e-01,1.163577660918235779e-01,2.619164884090423584e-01,2.373092323541641235e-01,1.674919575452804565e-01,1.676397025585174561e-01,1.136497780680656433e-01,1.310568451881408691e-01,5.421388521790504456e-02,1.308271884918212891e-01,1.142025589942932129e-01,1.479116380214691162e-01,7.380824536085128784e-02,1.529914140701293945e-01,8.527234196662902832e-02,1.005840599536895752e-01,1.341395527124404907e-01,3.963732346892356873e-02,7.110740244388580322e-02,9.070499241352081299e-02,7.215473800897598267e-02,6.123851612210273743e-02,5.995523184537887573e-02,1.257634162902832031e-01,2.761667408049106598e-02,1.003756001591682434e-01,1.212052442133426666e-02,-8.003934472799301147e-02,5.932161957025527954e-02,1.130402740091085434e-02,1.215826719999313354e-01,6.853279471397399902e-02
