1.000000000000000000e+00,2.364405244588851929e-01,4.663263261318206787e-01,1.280680894851684570e-01,-5.956272035837173462e-02,-8.884473890066146851e-02,5.496374964714050293e-01,7.150933146476745605e-02,1.454289853572845459e-01,-1.058189868927001953e-01,4.116924703121185303e-01,9.783294983208179474e-03,4.423696994781494141e-01,-3.580333665013313293e-02,2.011546492576599121e-01,-3.516928479075431824e-02,2.389782816171646118e-01,-6.453291513025760651e-03,4.764899611473083496e-01,3.489676117897033691e-01,-3.504186868667602539e-02,-9.420555084943771362e-02,1.654928922653198242e-01,7.075462490320205688e-02,-5.123881995677947998e-02,-1.167995259165763855e-01,-8.600155264139175415e-02,-1.055875346064567566e-01,2.280832231044769287e-01,2.478123083710670471e-02,-8.428458869457244873e-02,-9.270488470792770386e-02,2.334618121385574341e-01,7.497891783714294434e-02,-1.296146772801876068e-02,-1.140568330883979797e-01,1.297602206468582153e-01,-4.568621143698692322e-02,3.705474734306335449e-02,8.233352750539779663e-02,1.401827186346054077e-01,-2.559165097773075104e-02,5.396918207406997681e-02,-2.541978470981121063e-02,-2.345331571996212006e-02,-1.393297165632247925e-01,4.225663840770721436e-02,-3.276919573545455933e-02,2.816948667168617249e-02,-1.079607754945755005e-01,3.684727847576141357e-02,-8.547068387269973755e-02,2.026017159223556519e-01,-9.024392813444137573e-02,2.207682132720947266e-01,5.113995447754859924e-02,4.330356121063232422e-01,2.191978394985198975e-01,4.988313317298889160e-01,2.439625263214111328e-01,5.676941871643066406e-01,1.487968862056732178e-01,3.988626301288604736e-01,4.615193605422973633e-02,3.163340091705322266e-01,-1.649968139827251434e-02,2.233651876449584961e-01,-6.050189957022666931e-02,3.423854708671569824e-01,1.608467996120452881e-01,4.751740768551826477e-02,1.346718706190586090e-02,1.260073333978652954e-01,2.637055702507495880e-02,1.150926873087882996e-01,1.186189707368612289e-02,1.017975732684135437e-01,-3.337458521127700806e-02,1.813178956508636475e-01,4.704267904162406921e-02,2.524197995662689209e-01,1.560496538877487183e-02,1.287205070257186890e-01,-3.438852354884147644e-02,2.320470958948135376e-01,-6.234432384371757507e-02,1.849528402090072632e-01,8.466780185699462891e-02,3.317537903785705566e-01,3.235728666186332703e-02,5.743947345763444901e-03,1.463564038276672363e-01,5.823447927832603455e-02,8.308989554643630981e-02,-6.822760403156280518e-02,-8.854200690984725952e-02,-9.329084306955337524e-03,4.170957580208778381e-02,7.678095251321792603e-02,6.763312220573425293e-02,2.001675069332122803e-01,7.435840368270874023e-02,2.036141306161880493e-01,2.559379041194915771e-01,-4.550661891698837280e-02,7.887876778841018677e-02,-7.356925867497920990e-03,8.789713680744171143e-02,-5.173464305698871613e-03,-5.021928250789642334e-02,-3.282838687300682068e-02,-1.657849922776222229e-02,-2.757084742188453674e-02,-3.429336845874786377e-02,-1.030363515019416809e-02,-6.900759786367416382e-02
2.364405244588851929e-01,1.000000000000000000e+00,1.535763144493103027e-01,2.870311141014099121e-01,-5.428319424390792847e-02,-3.352857381105422974e-02,6.566955149173736572e-02,2.673706710338592529e-01,-1.576188504695892334e-01,-2.975310757756233215e-02,6.679857522249221802e-02,1.024979948997497559e-01,-1.065952107310295105e-01,1.336377561092376709e-01,-6.831560283899307251e-02,7.509372662752866745e-03,1.567417830228805542e-01,3.201812803745269775e-01,2.716500163078308105e-01,3.354882597923278809e-01,4.151930287480354309e-02,-8.519303053617477417e-02,1.342331469058990479e-01,7.304449379444122314e-02,6.776604056358337402e-02,-1.529040164314210415e-04,-3.389526903629302979e-02,-3.946808725595474243e-02,-3.382682189112529159e-05,9.768550097942352295e-02,-1.305614858865737915e-01,-1.229704767465591431e-01,2.149060517549514771e-01,-1.758691295981407166e-02,-1.246324926614761353e-01,-1.665403246879577637e-01,8.991110324859619141e-02,5.903054773807525635e-02,-7.376993447542190552e-02,3.850831091403961182e-02,1.936426013708114624e-01,1.072921603918075562e-01,-1.225726827979087830e-01,-3.907090052962303162e-02,6.202859431505203247e-02,9.653433412313461304e-02,3.616383671760559082e-02,1.529666930437088013e-01,1.148740053176879883e-01,1.568079590797424316e-01,3.217798843979835510e-02,1.263718158006668091e-01,1.614954173564910889e-01,2.773016691207885742e-01,8.209937065839767456e-02,3.621485829353332520e-01,5.523359179496765137e-01,7.090342044830322266e-01,3.067216277122497559e-01,2.899334132671356201e-01,2.230266034603118896e-01,1.660387963056564331e-01,-2.531349658966064453e-02,1.906616687774658203e-01,-3.230887465178966522e-03,1.975690480321645737e-03,1.624666452407836914e-01,-2.342786826193332672e-02,5.137009024620056152e-01,5.340366959571838379e-01,-3.379687294363975525e-02,1.989199779927730560e-02,3.231634944677352905e-02,7.369070500135421753e-02,-1.142478361725807190e-01,-1.112438514828681946e-01,-1.383035928010940552e-01,-2.034277170896530151e-01,1.406669467687606812e-01,2.591548562049865723e-01,2.978011965751647949e-01,4.269145131111145020e-01,1.249757856130599976e-01,1.935290247201919556e-01,2.447850555181503296e-01,2.960962355136871338e-01,1.858455836772918701e-01,1.766525954008102417e-01,3.729011490941047668e-02,3.593109250068664551e-01,-1.005998626351356506e-02,4.781789705157279968e-02,-1.902321875095367432e-01,-2.658352069556713104e-02,-1.228952854871749878e-01,-4.343248158693313599e-02,-7.580257207155227661e-02,1.748128682374954224e-01,9.216694533824920654e-02,2.325755208730697632e-01,-7.623876631259918213e-02,-6.459971517324447632e-02,-4.836616571992635727e-03,1.373800784349441528e-01,-8.827453851699829102e-02,-7.248579524457454681e-03,-8.622323721647262573e-02,2.787108905613422394e-02,-1.494132429361343384e-01,-1.414223015308380127e-01,-1.189758107066154480e-01,-1.131789013743400574e-01,-1.109593957662582397e-01,-4.116525873541831970e-02,-2.746510207653045654e-01,-1.033921614289283752e-01
4.663263261318206787e-01,1.535763144493103027e-01,1.000000000000000000e+00,5.084793567657470703e-01,9.369862079620361328e-02,1.959061771631240845e-01,6.576287746429443359e-01,3.553960621356964111e-01,3.749782964587211609e-02,-2.861776947975158691e-02,1.876819431781768799e-01,9.665628522634506226e-02,3.477981090545654297e-01,1.221485435962677002e-01,1.458762437105178833e-01,8.091300725936889648e-02,-4.206161946058273315e-02,-1.887524873018264771e-01,3.882952928543090820e-01,2.560294270515441895e-01,1.048860251903533936e-01,1.319764703512191772e-01,5.663114190101623535e-01,5.033407211303710938e-01,2.714217007160186768e-01,2.265827953815460205e-01,9.296648949384689331e-02,1.410944610834121704e-01,5.122373998165130615e-02,-7.710577338002622128e-04,2.868013679981231689e-01,2.519584298133850098e-01,1.367217749357223511e-01,1.130172703415155411e-02,6.879370659589767456e-02,-6.876938790082931519e-02,6.385812163352966309e-02,-1.293358858674764633e-02,-5.927981063723564148e-02,-2.391368523240089417e-02,1.495440155267715454e-01,4.299557581543922424e-02,1.424463540315628052e-01,1.007221825420856476e-02,-1.641527004539966583e-02,-1.064139902591705322e-01,7.959356904029846191e-02,1.443849131464958191e-02,-4.089881852269172668e-02,-1.267240196466445923e-01,6.524427980184555054e-02,-8.421257138252258301e-02,1.161596700549125671e-01,-2.169518731534481049e-02,9.122470766305923462e-02,8.393108099699020386e-02,1.663443893194198608e-01,7.340336591005325317e-02,2.411283701658248901e-01,8.222231268882751465e-02,3.183689117431640625e-01,1.981287263333797455e-02,1.196852475404739380e-01,-4.533786699175834656e-02,3.152081370353698730e-01,1.119668036699295044e-01,1.871743500232696533e-01,-8.944808691740036011e-02,1.756611764430999756e-01,8.072026818990707397e-02,4.030871391296386719e-02,9.203661978244781494e-02,7.402148842811584473e-02,7.282809913158416748e-02,7.545150071382522583e-02,6.371445208787918091e-02,1.653008908033370972e-01,5.011792853474617004e-02,6.788066029548645020e-02,5.773844569921493530e-02,9.814473241567611694e-02,1.479745469987392426e-02,7.281648367643356323e-02,-5.388111621141433716e-02,2.657343447208404541e-01,4.339607059955596924e-02,1.339010596275329590e-01,7.175739109516143799e-02,1.716063916683197021e-01,-7.093613967299461365e-03,1.554240882396697998e-01,7.213014364242553711e-02,7.932356745004653931e-02,3.065368905663490295e-02,-1.447946876287460327e-01,-1.065572574734687805e-01,-1.230344921350479126e-01,-7.599300146102905273e-02,1.539811957627534866e-02,7.933156937360763550e-02,1.634225398302078247e-01,1.489488929510116577e-01,1.108352914452552795e-01,1.980402320623397827e-01,2.258496917784214020e-02,8.847118914127349854e-02,-4.762694239616394043e-03,2.020642459392547607e-01,-1.057265549898147583e-01,-1.855510175228118896e-01,-1.496566832065582275e-01,-1.002333909273147583e-01,-2.009112089872360229e-01,-1.338949706405401230e-02,-2.155678533017635345e-02,-9.594821929931640625e-02
1.280680894851684570e-01,2.870311141014099121e-01,5.084793567657470703e-01,1.000000000000000000e+00,8.815310150384902954e-02,2.566358447074890137e-01,2.723579406738281250e-01,6.719051599502563477e-01,-1.764992922544479370e-01,1.073093190789222717e-01,-9.002316743135452271e-02,2.860126197338104248e-01,-8.818171173334121704e-02,3.294894397258758545e-01,-1.218315139412879944e-01,1.403845101594924927e-01,-8.531978726387023926e-02,-4.217100143432617188e-02,1.817771643400192261e-01,2.004220187664031982e-01,1.128362342715263367e-01,1.731927394866943359e-01,4.469529390335083008e-01,6.064022779464721680e-01,2.802822291851043701e-01,3.090080618858337402e-01,1.015887558460235596e-01,1.758405864238739014e-01,-8.310662955045700073e-02,6.095886975526809692e-02,2.769516110420227051e-01,3.486500084400177002e-01,2.151795290410518646e-02,6.078853458166122437e-02,1.204698607325553894e-01,1.126008257269859314e-01,-7.541713863611221313e-02,6.570245139300823212e-03,-1.374108344316482544e-01,-7.315267622470855713e-02,1.406045705080032349e-01,8.055476844310760498e-02,7.999251782894134521e-02,6.836510729044675827e-03,6.272862106561660767e-02,-5.524153262376785278e-02,5.839473381638526917e-02,2.723806723952293396e-02,-5.911397188901901245e-02,-7.858962565660476685e-02,6.457474827766418457e-02,3.706014901399612427e-02,1.234706789255142212e-01,6.129284948110580444e-02,2.556665055453777313e-02,1.848526895046234131e-01,1.225505992770195007e-01,1.834417879581451416e-01,2.260216921567916870e-01,3.690037429332733154e-01,8.312422037124633789e-02,2.704151272773742676e-01,-5.843240022659301758e-02,2.007695585489273071e-01,8.563195168972015381e-02,3.436531722545623779e-01,2.671264410018920898e-01,1.733619719743728638e-01,1.318578124046325684e-01,1.468615978956222534e-01,-1.493387110531330109e-02,1.605189442634582520e-01,9.250168502330780029e-02,1.831817924976348877e-01,8.121262490749359131e-02,1.095583662390708923e-01,1.519217044115066528e-01,1.365764886140823364e-01,-1.910052448511123657e-02,4.221315495669841766e-03,1.741593889892101288e-02,1.375907212495803833e-01,-8.358021266758441925e-03,2.615815773606300354e-02,7.568027079105377197e-02,2.320057898759841919e-01,2.250654436647891998e-02,8.364217728376388550e-02,2.497575478628277779e-04,2.157853692770004272e-01,1.836016327142715454e-01,2.794841676950454712e-02,1.362425535917282104e-01,-3.062349557876586914e-02,-2.097518891096115112e-01,-1.375768184661865234e-01,-2.024064660072326660e-01,-1.190307363867759705e-01,4.664156585931777954e-02,1.124195083975791931e-01,2.237228602170944214e-01,3.569013997912406921e-02,1.055931970477104187e-01,2.023255676031112671e-01,8.243227005004882812e-02,3.861138597130775452e-02,6.969968229532241821e-02,2.173328846693038940e-01,-1.207599118351936340e-01,-2.842858433723449707e-01,-2.416221201419830322e-01,-1.421677619218826294e-01,-2.750280201435089111e-01,9.311628527939319611e-03,-9.953907877206802368e-02,-7.302375137805938721e-02
-5.956272035837173462e-02,-5.428319424390792847e-02,9.369862079620361328e-02,8.815310150384902954e-02,1.000000000000000000e+00,7.149854898452758789e-01,-1.499398611485958099e-02,4.966732114553451538e-02,3.107073903083801270e-01,4.751996099948883057e-01,2.071713656187057495e-01,-4.056429862976074219e-02,1.982553303241729736e-01,2.455276995897293091e-01,9.026399999856948853e-02,1.422064602375030518e-01,-9.824755787849426270e-02,-6.042153760790824890e-02,-6.234156340360641479e-02,-2.801913022994995117e-01,3.038012981414794922e-01,4.172811508178710938e-01,2.623563110828399658e-01,3.431676626205444336e-01,6.814470887184143066e-01,6.679199337959289551e-01,7.157396078109741211e-01,7.128040194511413574e-01,1.934853568673133850e-02,-1.200078427791595459e-01,3.622390925884246826e-01,3.621006011962890625e-01,-4.055255651473999023e-02,-1.222670227289199829e-01,-1.710720807313919067e-01,-1.316267400979995728e-01,-1.015472114086151123e-01,8.322270214557647705e-02,-2.607671543955802917e-02,-8.071651309728622437e-02,-7.796532940119504929e-03,6.202527135610580444e-02,-6.885388493537902832e-02,-2.049987949430942535e-02,-2.968502044677734375e-02,-1.234150677919387817e-02,-5.158471688628196716e-02,-3.835285827517509460e-02,7.379863411188125610e-02,4.616501554846763611e-02,7.200136035680770874e-02,1.465934216976165771e-01,3.993220627307891846e-03,9.706316888332366943e-02,-4.808716848492622375e-02,-5.392801016569137573e-02,7.789598777890205383e-03,8.495995402336120605e-02,3.033707477152347565e-02,-7.470977492630481720e-03,1.310753971338272095e-01,1.082948595285415649e-01,4.888904746621847153e-03,1.494181007146835327e-01,1.742359548807144165e-01,7.657723873853683472e-02,3.772573545575141907e-02,9.150467813014984131e-03,-5.396546050906181335e-02,4.769527912139892578e-02,1.526241451501846313e-01,2.287771403789520264e-01,2.020638622343540192e-02,8.048202842473983765e-03,-1.259897835552692413e-02,-1.517636328935623169e-01,1.810264959931373596e-02,3.333572670817375183e-02,-1.495448052883148193e-01,-5.745619162917137146e-02,-1.154669672250747681e-01,3.559810295701026917e-02,-1.507179886102676392e-01,-8.045998960733413696e-02,3.334602713584899902e-02,5.057488009333610535e-02,-1.095761656761169434e-01,-6.261822581291198730e-02,7.580976933240890503e-02,6.570650637149810791e-02,4.995498061180114746e-02,8.203716576099395752e-02,-6.764332205057144165e-02,3.628965094685554504e-02,-8.284591138362884521e-02,-6.429187208414077759e-02,-9.741134196519851685e-02,-8.984845876693725586e-02,-6.481834501028060913e-02,5.812412127852439880e-02,-2.017077505588531494e-01,9.556354582309722900e-02,-2.050728350877761841e-01,-1.426712125539779663e-01,3.730062767863273621e-02,7.350248750299215317e-03,-8.591165393590927124e-02,-3.181541338562965393e-02,-1.610317081212997437e-01,-9.387349337339401245e-02,-9.009464830160140991e-02,-7.470858097076416016e-02,6.107064336538314819e-02,-1.385162211954593658e-02,-8.475767821073532104e-02,2.065774798393249512e-02
-8.884473890066146851e-02,-3.352857381105422974e-02,1.959061771631240845e-01,2.566358447074890137e-01,7.149854898452758789e-01,1.000000000000000000e+00,6.363083422183990479e-02,2.387719005346298218e-01,1.563764810562133789e-01,5.188612937927246094e-01,1.784090846776962280e-01,-2.827916480600833893e-02,1.869863718748092651e-01,3.545818924903869629e-01,1.525220461189746857e-02,1.925407350063323975e-01,-1.604958474636077881e-01,-1.428840756416320801e-01,-8.545839786529541016e-02,-2.896106243133544922e-01,2.435755729675292969e-01,4.131429493427276611e-01,3.892688453197479248e-01,5.052859783172607422e-01,7.116906046867370605e-01,7.427108287811279297e-01,6.567046642303466797e-01,7.195062041282653809e-01,-6.668232381343841553e-02,-1.825309842824935913e-01,4.047942459583282471e-01,4.235629737377166748e-01,-1.229568347334861755e-01,-1.683284044265747070e-01,-1.791995763778686523e-01,-1.417196691036224365e-01,-7.702371478080749512e-02,5.561989545822143555e-02,-9.129586070775985718e-02,-1.586476713418960571e-01,2.876746002584695816e-03,1.157441586256027222e-01,-1.940059103071689606e-02,1.924424432218074799e-02,8.342325687408447266e-03,1.868168264627456665e-02,-2.901702933013439178e-02,-1.628090813755989075e-02,8.553735911846160889e-02,4.467980191111564636e-02,7.294784486293792725e-02,1.007353365421295166e-01,3.192336112260818481e-02,1.157512515783309937e-01,-1.067477241158485413e-01,-2.982402406632900238e-02,-3.197084739804267883e-02,9.738923609256744385e-02,1.559870783239603043e-02,5.836752057075500488e-02,1.205084621906280518e-01,1.648171097040176392e-01,-6.102408841252326965e-02,1.912456154823303223e-01,1.865856796503067017e-01,1.308441460132598877e-01,6.791160255670547485e-02,-1.750595308840274811e-02,-2.463022619485855103e-02,3.021482005715370178e-02,1.213655099272727966e-01,2.305668592453002930e-01,-1.892348169349133968e-03,2.238869108259677887e-02,-2.065277099609375000e-02,-1.128921359777450562e-01,-5.931709893047809601e-03,-1.950573292560875416e-03,-1.819891929626464844e-01,-1.065776720643043518e-01,-1.322412788867950439e-01,5.358098074793815613e-02,-9.172907471656799316e-02,-1.141976043581962585e-01,6.038512289524078369e-02,9.964390844106674194e-02,-1.544551700353622437e-01,-1.083078309893608093e-01,-1.973243057727813721e-02,9.425038844347000122e-02,9.364350140094757080e-02,1.330118440091609955e-02,-4.290728271007537842e-02,-4.779621958732604980e-02,-9.759366512298583984e-02,-4.119453951716423035e-02,-1.418739706277847290e-01,-1.410388648509979248e-01,-8.173264563083648682e-02,3.351454064249992371e-02,-1.633471846580505371e-01,8.939520269632339478e-02,-2.244304120540618896e-01,-1.326690018177032471e-01,3.044610284268856049e-02,-1.950294151902198792e-02,-5.992449074983596802e-02,-2.166812494397163391e-02,-1.691204011440277100e-01,-1.445509791374206543e-01,-1.427752375602722168e-01,-1.305703371763229370e-01,-1.694950833916664124e-02,-1.523447036743164062e-02,-9.251371026039123535e-02,1.886603794991970062e-02
5.496374964714050293e-01,6.566955149173736572e-02,6.576287746429443359e-01,2.723579406738281250e-01,-1.499398611485958099e-02,6.363083422183990479e-02,1.000000000000000000e+00,2.900131046772003174e-01,1.324431002140045166e-01,-5.706082284450531006e-02,3.621824979782104492e-01,1.204051226377487183e-01,5.133223533630371094e-01,8.305389434099197388e-02,2.062031775712966919e-01,2.505625039339065552e-02,7.974712550640106201e-02,-1.119678169488906860e-01,4.672374427318572998e-01,2.216534465551376343e-01,-3.185792639851570129e-02,2.862560376524925232e-02,3.557401299476623535e-01,2.210298478603363037e-01,7.120472192764282227e-02,3.555877506732940674e-02,-4.014673829078674316e-02,-1.587299816310405731e-02,2.111125737428665161e-01,2.868836000561714172e-02,1.171904280781745911e-01,8.817990869283676147e-02,1.893537193536758423e-01,8.639269322156906128e-02,1.135021746158599854e-01,-3.195515647530555725e-02,9.562569111585617065e-02,5.854443460702896118e-02,8.206215500831604004e-02,2.210131101310253143e-02,1.515870094299316406e-01,7.982598990201950073e-02,2.158614546060562134e-01,1.196373552083969116e-01,1.064514461904764175e-02,-6.926982104778289795e-02,1.689656376838684082e-01,8.827152848243713379e-02,-3.175456076860427856e-02,-1.222758293151855469e-01,1.218158155679702759e-01,-1.086537167429924011e-01,1.562200635671615601e-01,-6.077615171670913696e-02,1.536843776702880859e-01,1.385536417365074158e-02,1.377181410789489746e-01,-1.154722366482019424e-02,2.280169874429702759e-01,6.621688604354858398e-02,3.981643617153167725e-01,1.213429719209671021e-01,2.074449807405471802e-01,-1.321206800639629364e-02,4.808365106582641602e-01,1.686349064111709595e-01,1.783397346735000610e-01,-1.158860772848129272e-01,8.198286592960357666e-02,-8.109404705464839935e-03,1.544564366340637207e-01,1.452742964029312134e-01,1.691051274538040161e-01,1.168259903788566589e-01,1.671389490365982056e-01,9.497305005788803101e-02,2.303027957677841187e-01,1.114432886242866516e-01,7.310636341571807861e-02,4.875358939170837402e-02,1.001304686069488525e-01,-2.133458852767944336e-02,1.481514126062393188e-01,1.266101747751235962e-02,2.841656804084777832e-01,9.788253344595432281e-03,7.270256429910659790e-02,-1.649343408644199371e-02,2.707140445709228516e-01,-1.211343705654144287e-02,1.857723742723464966e-01,9.939990192651748657e-02,9.430969506502151489e-02,5.896818265318870544e-02,3.804801404476165771e-02,3.403478488326072693e-02,6.097283959388732910e-02,8.004695177078247070e-03,9.627567976713180542e-02,1.119697690010070801e-01,2.269732952117919922e-01,2.459343820810317993e-01,1.884750425815582275e-01,2.642187476158142090e-01,6.998918205499649048e-02,1.139264628291130066e-01,7.056013494729995728e-02,1.669900268316268921e-01,-1.263215690851211548e-01,-3.867484256625175476e-02,5.441810004413127899e-03,-1.053587184287607670e-03,-5.841718614101409912e-02,2.914588712155818939e-02,6.280655413866043091e-02,-1.138839870691299438e-02
7.150933146476745605e-02,2.673706710338592529e-01,3.553960621356964111e-01,6.719051599502563477e-01,4.966732114553451538e-02,2.387719005346298218e-01,2.900131046772003174e-01,1.000000000000000000e+00,-1.849291175603866577e-01,1.654286235570907593e-01,-2.876747027039527893e-02,3.974440991878509521e-01,-6.274785101413726807e-02,4.790483117103576660e-01,-1.714721620082855225e-01,1.521969437599182129e-01,-6.243473291397094727e-02,1.938498392701148987e-02,2.189292907714843750e-01,1.428924947977066040e-01,3.854834067169576883e-04,9.404820948839187622e-02,3.067049086093902588e-01,4.361052215099334717e-01,1.627747267484664917e-01,2.137390226125717163e-01,3.058406291529536247e-03,6.403461843729019165e-02,-5.999552085995674133e-03,1.118297427892684937e-01,1.930056363344192505e-01,2.840594351291656494e-01,4.774764180183410645e-02,1.197490766644477844e-01,9.188861399888992310e-02,9.125299751758575439e-02,-4.923684522509574890e-02,1.773567870259284973e-02,-6.952901184558868408e-02,-6.342957168817520142e-02,1.156822443008422852e-01,7.974081486463546753e-02,8.300986140966415405e-02,6.919870525598526001e-02,2.351415529847145081e-02,-4.283286258578300476e-02,6.074544787406921387e-02,5.810459330677986145e-02,-1.094110161066055298e-01,-9.383685141801834106e-02,3.433816879987716675e-02,-1.218641456216573715e-02,7.385043054819107056e-02,5.210858210921287537e-02,-2.648278325796127319e-02,1.225856840610504150e-01,4.736367613077163696e-02,1.596286594867706299e-01,1.626200228929519653e-01,4.066154360771179199e-01,1.281024813652038574e-01,4.868149161338806152e-01,-9.076823294162750244e-02,3.520527780055999756e-01,1.794734299182891846e-01,4.214818775653839111e-01,1.973968595266342163e-01,1.234452426433563232e-01,8.326932042837142944e-02,6.985523551702499390e-02,5.607791990041732788e-02,2.156076431274414062e-01,1.446148157119750977e-01,2.148408740758895874e-01,9.059198200702667236e-02,1.401010006666183472e-01,1.584378033876419067e-01,1.750025451183319092e-01,-9.204156696796417236e-02,-4.678003117442131042e-02,-4.072751477360725403e-02,1.628706753253936768e-01,1.786998100578784943e-02,9.784021228551864624e-02,3.031419217586517334e-02,2.286232113838195801e-01,-2.720410935580730438e-02,-3.606159240007400513e-02,1.328678149729967117e-02,2.760741412639617920e-01,1.653542071580886841e-01,8.548574894666671753e-02,7.266516238451004028e-02,-2.900866093114018440e-03,-1.170996129512786865e-01,-3.302078321576118469e-02,-1.178052052855491638e-01,-6.299564987421035767e-02,4.636276513338088989e-02,1.116001307964324951e-01,2.042212486267089844e-01,1.627599000930786133e-01,9.203070402145385742e-02,2.589196860790252686e-01,5.070986226201057434e-02,1.884705014526844025e-02,8.451048284769058228e-02,1.715305149555206299e-01,-1.469290852546691895e-01,-2.008078098297119141e-01,-1.469774842262268066e-01,-8.659283816814422607e-02,-1.637008190155029297e-01,7.090633735060691833e-03,-8.348413556814193726e-02,-4.009955003857612610e-02
1.454289853572845459e-01,-1.576188504695892334e-01,3.749782964587211609e-02,-1.764992922544479370e-01,3.107073903083801270e-01,1.563764810562133789e-01,1.324431002140045166e-01,-1.849291175603866577e-01,1.000000000000000000e+00,4.253244698047637939e-01,1.753722876310348511e-01,7.215752732008695602e-03,3.708826303482055664e-01,2.690488705411553383e-03,5.235748887062072754e-01,2.823260128498077393e-01,1.047169417142868042e-02,3.175613703206181526e-03,1.316642910242080688e-01,-2.631941437721252441e-02,1.449292004108428955e-01,9.820971637964248657e-02,1.667401641607284546e-01,3.098328225314617157e-02,1.549972444772720337e-01,1.073676273226737976e-01,2.018284499645233154e-01,1.327964663505554199e-01,1.597312390804290771e-01,5.498808994889259338e-02,6.789632141590118408e-02,2.596098929643630981e-02,4.392639175057411194e-02,7.571863010525703430e-03,8.497510105371475220e-03,-7.523303385823965073e-03,-1.269292179495096207e-02,9.920352697372436523e-02,1.130186691880226135e-01,5.970467999577522278e-02,-4.882345441728830338e-03,-3.384708985686302185e-02,2.038562111556529999e-02,6.626889854669570923e-02,-1.766256690025329590e-01,-1.552835702896118164e-01,3.833026066422462463e-02,3.100653993897140026e-04,4.407371953129768372e-02,-2.898400835692882538e-02,1.710129678249359131e-01,3.104244545102119446e-02,1.386945247650146484e-01,9.352458268404006958e-02,1.484288424253463745e-01,-7.241781800985336304e-02,-1.143311057239770889e-02,-1.272263526916503906e-01,-1.357417274266481400e-02,-9.722366183996200562e-02,1.745098680257797241e-01,3.625788539648056030e-02,1.466795057058334351e-01,-8.975534141063690186e-02,3.476616442203521729e-01,1.502142101526260376e-01,-1.014086753129959106e-01,-1.610500812530517578e-01,7.869532331824302673e-03,7.425111532211303711e-02,1.050387546420097351e-01,5.346269905567169189e-02,2.301846863701939583e-03,-4.449176415801048279e-02,1.298915445804595947e-01,5.955264717340469360e-02,1.026174575090408325e-01,8.589608222246170044e-02,1.058781966567039490e-01,1.026166900992393494e-01,3.846298158168792725e-02,-6.643063575029373169e-02,-4.007814452052116394e-02,3.305959515273571014e-03,1.917837262153625488e-01,-1.158813294023275375e-02,6.531358510255813599e-02,1.315904557704925537e-01,4.047943949699401855e-01,4.288912191987037659e-02,1.356230974197387695e-01,2.105436474084854126e-01,2.155535221099853516e-01,3.422667682170867920e-01,5.296074971556663513e-02,3.187522664666175842e-02,8.406629413366317749e-02,6.792739778757095337e-02,5.845731869339942932e-02,1.142608001828193665e-01,-4.962979629635810852e-02,2.272811084985733032e-01,-1.743156462907791138e-02,-3.027328290045261383e-03,1.599213629961013794e-01,7.611224800348281860e-02,-2.316051162779331207e-02,5.872479523532092571e-04,-3.780649229884147644e-02,9.229347854852676392e-02,9.803877025842666626e-02,1.432251334190368652e-01,2.337095886468887329e-01,1.197741553187370300e-01,1.308713853359222412e-01,7.835884392261505127e-02
-1.058189868927001953e-01,-2.975310757756233215e-02,-2.861776947975158691e-02,1.073093190789222717e-01,4.751996099948883057e-01,5.188612937927246094e-01,-5.706082284450531006e-02,1.654286235570907593e-01,4.253244698047637939e-01,1.000000000000000000e+00,1.408773362636566162e-01,3.266937285661697388e-02,1.239150762557983398e-01,3.107034564018249512e-01,2.256641983985900879e-01,5.022573471069335938e-01,-1.886430084705352783e-01,-7.936973869800567627e-02,1.616672798991203308e-02,-2.358573973178863525e-01,1.717129200696945190e-01,2.638271450996398926e-01,2.937650382518768311e-01,2.936706542968750000e-01,4.030058681964874268e-01,4.319215118885040283e-01,4.284264743328094482e-01,4.123524129390716553e-01,-8.177554234862327576e-03,-5.867603421211242676e-02,1.545773297548294067e-01,1.844435781240463257e-01,-9.354120492935180664e-02,-1.014406606554985046e-01,-1.867448166012763977e-02,7.835048250854015350e-03,1.434248313307762146e-02,4.399076104164123535e-02,3.481405228376388550e-02,-1.268301904201507568e-02,-4.967841133475303650e-02,2.640171535313129425e-02,-6.801911443471908569e-02,6.902789324522018433e-02,-1.443790942430496216e-01,-7.545962184667587280e-02,-6.316041201353073120e-02,3.260838612914085388e-02,2.468700334429740906e-02,3.417363017797470093e-02,1.337319761514663696e-01,1.213972792029380798e-01,7.719422876834869385e-02,2.006517946720123291e-01,7.755362894386053085e-03,5.675386264920234680e-02,-8.816425502300262451e-02,1.089562401175498962e-01,-3.811877965927124023e-02,1.132684573531150818e-01,1.594138592481613159e-01,2.444141656160354614e-01,-1.381209492683410645e-01,2.028455287218093872e-01,2.981769442558288574e-01,3.200556635856628418e-01,4.715074226260185242e-02,-5.530046671628952026e-02,5.035310983657836914e-02,8.646366000175476074e-02,1.918143033981323242e-01,1.697092652320861816e-01,5.863679200410842896e-02,3.492628782987594604e-02,1.218924969434738159e-01,1.803953759372234344e-02,1.626983657479286194e-02,1.304101571440696716e-02,-8.387900888919830322e-02,2.426720224320888519e-03,-1.275790929794311523e-01,1.152091547846794128e-01,-1.638649404048919678e-02,-5.145566165447235107e-02,9.294098615646362305e-02,2.814549207687377930e-01,-6.815466284751892090e-02,3.908455371856689453e-02,2.152702957391738892e-01,3.737658858299255371e-01,9.475320577621459961e-02,2.130437940359115601e-01,1.261238455772399902e-01,2.927909493446350098e-01,-3.357966244220733643e-02,1.403043698519468307e-02,-5.759818479418754578e-02,-2.558129653334617615e-02,-5.348135158419609070e-02,1.114573404192924500e-01,-1.975550502538681030e-01,2.187504619359970093e-01,-2.646872103214263916e-01,-5.774305015802383423e-02,1.365889906883239746e-01,8.229227364063262939e-02,2.072452567517757416e-02,-3.442480042576789856e-02,-8.425724506378173828e-02,-5.999967455863952637e-02,-1.873473450541496277e-02,2.062414214015007019e-02,1.531012654304504395e-01,2.655459195375442505e-02,7.646558340638875961e-03,1.353043317794799805e-01
4.116924703121185303e-01,6.679857522249221802e-02,1.876819431781768799e-01,-9.002316743135452271e-02,2.071713656187057495e-01,1.784090846776962280e-01,3.621824979782104492e-01,-2.876747027039527893e-02,1.753722876310348511e-01,1.408773362636566162e-01,1.000000000000000000e+00,1.515469979494810104e-02,6.260197162628173828e-01,1.674175262451171875e-01,2.111155837774276733e-01,9.040968120098114014e-02,9.288626164197921753e-02,-6.988640874624252319e-02,2.569022178649902344e-01,-6.606072187423706055e-02,-6.561125814914703369e-02,1.096045412123203278e-02,1.175348907709121704e-01,1.018143538385629654e-02,1.479448378086090088e-01,1.001629605889320374e-01,1.849845349788665771e-01,1.702737361192703247e-01,3.085158467292785645e-01,-7.986415177583694458e-02,2.426371909677982330e-02,-1.818417012691497803e-02,9.322059899568557739e-02,-4.975441098213195801e-02,-1.283295303583145142e-01,-1.753392070531845093e-01,4.093419387936592102e-02,-2.445774897933006287e-02,1.882160753011703491e-01,9.926436096429824829e-02,9.741539135575294495e-03,1.139782592654228210e-01,4.432624578475952148e-02,8.950664103031158447e-02,-6.489736586809158325e-02,-4.091979935765266418e-02,2.985812723636627197e-02,1.547733508050441742e-02,4.724699258804321289e-02,-3.132951632142066956e-02,4.264117404818534851e-02,-4.609607160091400146e-02,1.224680989980697632e-01,-3.288895264267921448e-02,1.292898356914520264e-01,-3.504522144794464111e-03,1.425352990627288818e-01,1.519186645746231079e-01,2.047206908464431763e-01,4.695449024438858032e-02,4.622443020343780518e-01,1.072134599089622498e-01,3.060765862464904785e-01,2.212889790534973145e-01,3.408870398998260498e-01,-7.031226158142089844e-02,8.215834200382232666e-02,-1.540825068950653076e-01,5.387598276138305664e-02,-2.957764640450477600e-02,3.191831409931182861e-01,2.049905955791473389e-01,2.162642776966094971e-01,1.713216863572597504e-02,1.463089138269424438e-01,-4.252583906054496765e-02,8.716081827878952026e-02,-2.816180698573589325e-02,-1.499371677637100220e-01,-6.603853404521942139e-02,3.270997852087020874e-02,9.169276058673858643e-02,2.367987334728240967e-01,3.902842476963996887e-02,1.905068159103393555e-01,3.173836320638656616e-02,9.087667614221572876e-02,1.048904750496149063e-02,3.155403137207031250e-01,8.600502461194992065e-02,-5.137187242507934570e-02,2.059224247932434082e-01,-1.053675860166549683e-01,2.339628338813781738e-02,5.551558732986450195e-02,4.783440008759498596e-02,9.929954260587692261e-02,2.684275619685649872e-02,2.996125631034374237e-02,5.622565373778343201e-02,-6.873652338981628418e-02,8.427269756793975830e-02,-3.648345358669757843e-03,8.439256995916366577e-02,3.934544697403907776e-02,6.196777522563934326e-02,1.005449071526527405e-01,-4.280618205666542053e-02,2.081085462123155594e-03,4.975193645805120468e-03,7.009954005479812622e-02,2.968498691916465759e-02,8.544994145631790161e-02,2.969134226441383362e-02,6.049364432692527771e-02,7.261791825294494629e-02
9.783294983208179474e-03,1.024979948997497559e-01,9.665628522634506226e-02,2.860126197338104248e-01,-4.056429862976074219e-02,-2.827916480600833893e-02,1.204051226377487183e-01,3.974440991878509521e-01,7.215752732008695602e-03,3.266937285661697388e-02,1.515469979494810104e-02,1.000000000000000000e+00,1.763685978949069977e-02,4.752539396286010742e-01,-3.880870342254638672e-02,1.584957093000411987e-01,1.486715376377105713e-01,2.084259837865829468e-01,1.628973037004470825e-01,2.449804842472076416e-01,-5.456544086337089539e-02,5.344070494174957275e-02,7.635816931724548340e-02,1.390260457992553711e-01,-3.713242709636688232e-02,-1.793939806520938873e-02,-1.498343050479888916e-01,-1.231826841831207275e-01,1.879573911428451538e-01,3.811831176280975342e-01,2.333541661500930786e-01,2.675341665744781494e-01,2.500190138816833496e-01,3.645810484886169434e-01,1.836690753698348999e-01,2.182382792234420776e-01,-4.213539138436317444e-02,3.924379125237464905e-02,7.630696892738342285e-02,8.113323897123336792e-02,7.589182257652282715e-02,1.003502160310745239e-01,8.834627270698547363e-02,1.625928655266761780e-02,-1.790007017552852631e-02,-1.417629122734069824e-01,5.632100626826286316e-02,-2.796463854610919952e-02,-1.483414024114608765e-01,-2.038447558879852295e-01,-4.986736550927162170e-02,-1.258453130722045898e-01,-2.801630459725856781e-02,-1.402993649244308472e-01,3.402054309844970703e-02,5.108863115310668945e-04,-7.162543386220932007e-02,-7.018695026636123657e-02,-2.093061804771423340e-02,1.781035661697387695e-01,3.553502634167671204e-02,3.288216888904571533e-01,9.852658212184906006e-02,3.231044411659240723e-01,4.241355508565902710e-02,2.601618170738220215e-01,5.183025076985359192e-02,1.085515469312667847e-01,-2.569436654448509216e-02,-5.841246806085109711e-03,9.831964224576950073e-02,2.310225069522857666e-01,9.921061247587203979e-02,1.949089020490646362e-01,6.685525923967361450e-02,1.452798247337341309e-01,2.230900079011917114e-01,2.605687081813812256e-01,-9.581741690635681152e-02,-8.263597637414932251e-02,2.482730336487293243e-02,7.240153104066848755e-02,1.586092635989189148e-03,2.035253494977951050e-01,-6.862966716289520264e-02,9.675732254981994629e-02,1.534979441203176975e-03,2.465036325156688690e-02,2.783990278840065002e-02,1.137195080518722534e-01,7.545907795429229736e-02,2.305659651756286621e-01,1.937839090824127197e-01,4.415689781308174133e-02,2.502980642020702362e-02,7.726027816534042358e-02,1.107618585228919983e-01,9.526924788951873779e-02,6.379736214876174927e-02,4.141784831881523132e-02,2.091588079929351807e-01,1.510389745235443115e-01,1.933152079582214355e-01,2.214018255472183228e-01,1.682943254709243774e-01,5.658525228500366211e-02,1.412339657545089722e-01,1.822997629642486572e-01,1.990995928645133972e-02,-9.680260904133319855e-03,5.350201204419136047e-02,1.305583715438842773e-01,3.998930007219314575e-02,1.380718350410461426e-01,1.647033095359802246e-01,-2.963228523731231689e-02
4.423696994781494141e-01,-1.065952107310295105e-01,3.477981090545654297e-01,-8.818171173334121704e-02,1.982553303241729736e-01,1.869863718748092651e-01,5.133223533630371094e-01,-6.274785101413726807e-02,3.708826303482055664e-01,1.239150762557983398e-01,6.260197162628173828e-01,1.763685978949069977e-02,1.000000000000000000e+00,1.257758140563964844e-01,4.527138769626617432e-01,1.831676214933395386e-01,9.351094812154769897e-02,-1.214969605207443237e-01,2.887993454933166504e-01,-7.492628879845142365e-03,4.505440965294837952e-02,1.298370659351348877e-01,2.946375906467437744e-01,1.189009919762611389e-01,1.831063926219940186e-01,1.267198324203491211e-01,1.666061729192733765e-01,1.673619747161865234e-01,3.228400647640228271e-01,-1.331024151295423508e-02,2.151493430137634277e-01,1.344004571437835693e-01,1.643782854080200195e-01,1.881948858499526978e-02,-4.752572253346443176e-02,-1.475594490766525269e-01,5.530803278088569641e-02,9.405059739947319031e-03,1.414559334516525269e-01,1.281323581933975220e-01,6.672736257314682007e-02,9.650475531816482544e-02,2.150985449552536011e-01,1.614879369735717773e-01,-1.017129141837358475e-02,-3.818991780281066895e-02,1.533848345279693604e-01,6.922093778848648071e-02,9.849912673234939575e-02,-1.454368419945240021e-02,1.006289348006248474e-01,-7.544681429862976074e-02,1.304034143686294556e-01,-4.931410029530525208e-02,1.980363130569458008e-01,-2.732360921800136566e-02,4.266422986984252930e-02,-7.091560214757919312e-02,1.070720031857490540e-01,-4.802300781011581421e-02,3.802038133144378662e-01,5.775451660156250000e-02,2.885240316390991211e-01,3.353785956278443336e-03,4.304164946079254150e-01,-1.200189813971519470e-02,6.705174688249826431e-03,-2.034121900796890259e-01,5.459839943796396255e-03,-6.222213432192802429e-02,3.038927018642425537e-01,2.054556906223297119e-01,1.799332052469253540e-01,6.585170328617095947e-02,2.011474817991256714e-01,4.481334984302520752e-02,1.950259506702423096e-01,6.696506589651107788e-02,-5.250745639204978943e-02,-5.990715324878692627e-02,5.317413434386253357e-02,-1.963844150304794312e-02,2.116377204656600952e-01,4.206133261322975159e-02,2.692730426788330078e-01,-4.120950028300285339e-02,9.099051356315612793e-02,5.039232596755027771e-02,3.442567884922027588e-01,-6.461965292692184448e-02,1.120657846331596375e-01,1.418670415878295898e-01,1.058982461690902710e-01,5.456549674272537231e-02,8.772531151771545410e-02,5.251329392194747925e-02,1.497551500797271729e-01,5.523852258920669556e-02,1.159074082970619202e-01,6.681988388299942017e-02,1.107023656368255615e-01,1.901118010282516479e-01,1.287907212972640991e-01,1.234448403120040894e-01,6.866034865379333496e-02,8.106445521116256714e-02,9.030956029891967773e-02,2.404305897653102875e-02,-4.813145380467176437e-03,8.560208976268768311e-02,1.389781832695007324e-01,1.101453453302383423e-01,9.821411222219467163e-02,1.190594136714935303e-01,1.688252836465835571e-01,2.263028360903263092e-02
