1.000000000000000000e+00,6.162248849868774414e-01,-2.406715750694274902e-01,1.728169023990631104e-01,-9.132410585880279541e-02,1.072398275136947632e-01,-2.399901598691940308e-01,2.965288162231445312e-01,-1.797538697719573975e-01,6.440883874893188477e-02,1.976141929626464844e-01,4.681877493858337402e-01,-1.174419745802879333e-01,2.708345055580139160e-01,-1.447579562664031982e-01,2.488046698272228241e-02,4.132539331912994385e-01,4.009549915790557861e-01,2.262023389339447021e-01,2.444492578506469727e-01,3.485014662146568298e-02,7.062617689371109009e-02,-1.847193539142608643e-01,4.715692624449729919e-02,8.026662468910217285e-02,1.596572697162628174e-01,-1.955388300120830536e-02,1.125126853585243225e-01,2.573126256465911865e-01,2.966667711734771729e-01,-1.159571409225463867e-01,-5.577531456947326660e-02,1.892870664596557617e-01,1.923211216926574707e-01,3.109822869300842285e-01,3.244764208793640137e-01,4.063481986522674561e-01,3.397755920886993408e-01,2.548382580280303955e-01,2.002788335084915161e-01,-3.525330498814582825e-02,-2.565680630505084991e-02,6.258505582809448242e-02,1.468040347099304199e-01,1.224731132388114929e-01,-2.174434065818786621e-02,1.269342005252838135e-01,2.322439700365066528e-01,5.547625571489334106e-02,2.761793881654739380e-02,-1.818859716877341270e-03,-4.181206226348876953e-02,1.908917725086212158e-01,2.460066527128219604e-01,3.364523649215698242e-01,3.453051447868347168e-01,6.408013105392456055e-01,5.362339615821838379e-01,3.127424120903015137e-01,2.542480826377868652e-01,4.166855812072753906e-01,4.250935614109039307e-01,5.837980508804321289e-01,4.821577668190002441e-01,1.913563758134841919e-01,1.558874249458312988e-01,4.249902665615081787e-01,3.013344407081604004e-01,3.343738913536071777e-01,2.465167492628097534e-01,9.542786329984664917e-02,1.082671433687210083e-01,1.448965668678283691e-01,8.027177304029464722e-02,1.983958333730697632e-01,9.885915368795394897e-02,3.334156870841979980e-01,4.377110004425048828e-01,4.053018391132354736e-01,3.900088071823120117e-01,5.946587324142456055e-01,5.260611772537231445e-01,6.667301803827285767e-02,2.144888341426849365e-01,5.400542020797729492e-01,4.699460268020629883e-01,7.886581122875213623e-02,1.813238859176635742e-01,3.374616205692291260e-01,3.492667973041534424e-01,1.416520625352859497e-01,9.378834813833236694e-02,-6.934051960706710815e-02,-1.425506919622421265e-01,4.129263460636138916e-01,2.835667133331298828e-01,4.621217846870422363e-01,4.359706640243530273e-01,1.752430796623229980e-01,2.472122460603713989e-01,1.833474934101104736e-01,-2.360700629651546478e-02,2.389614582061767578e-01,1.879737377166748047e-01,3.762008249759674072e-01,3.587628901004791260e-01,2.665742337703704834e-01,2.634137570858001709e-01,2.398876547813415527e-01,3.700424134731292725e-01,4.047348201274871826e-01,2.760418653488159180e-01,7.007282227277755737e-02,8.858588337898254395e-02,2.278815060853958130e-01,2.438078224658966064e-01
6.162248849868774414e-01,1.000000000000000000e+00,3.997154906392097473e-02,2.795833349227905273e-01,-1.127554662525653839e-02,1.115860193967819214e-01,4.827959835529327393e-02,3.915777504444122314e-01,-1.251546591520309448e-01,8.420795947313308716e-02,1.574203968048095703e-01,4.568534493446350098e-01,7.587467133998870850e-02,3.138650953769683838e-01,-1.727778613567352295e-01,8.155913092195987701e-03,3.439616560935974121e-01,4.750983715057373047e-01,1.305546015501022339e-01,1.914062649011611938e-01,1.076056212186813354e-01,1.052762418985366821e-01,8.770546317100524902e-02,2.603046596050262451e-01,1.709445267915725708e-01,2.750813066959381104e-01,-2.766660600900650024e-02,1.328042149543762207e-01,3.398912549018859863e-01,3.624400198459625244e-01,1.889399439096450806e-01,2.193534672260284424e-01,2.228894680738449097e-01,2.797884643077850342e-01,3.487219810485839844e-01,3.578945398330688477e-01,3.370552361011505127e-01,3.178757727146148682e-01,2.231076955795288086e-01,1.893832981586456299e-01,-4.903082922101020813e-02,1.366700511425733566e-02,9.755089133977890015e-02,2.103038281202316284e-01,1.456865221261978149e-01,-6.318222265690565109e-03,1.244902312755584717e-01,2.369410097599029541e-01,4.706971347332000732e-02,1.303918063640594482e-01,6.904083490371704102e-02,1.209467798471450806e-01,1.595728546380996704e-01,2.742418348789215088e-01,3.045806288719177246e-01,2.692463696002960205e-01,4.946399629116058350e-01,6.727381348609924316e-01,1.105734407901763916e-01,2.592081427574157715e-01,2.599934339523315430e-01,4.694927632808685303e-01,4.584300220012664795e-01,5.886433720588684082e-01,2.072261273860931396e-01,2.468211501836776733e-01,3.136069178581237793e-01,2.532181739807128906e-01,2.335653454065322876e-01,1.634968668222427368e-01,3.129096031188964844e-01,3.337124884128570557e-01,1.997078359127044678e-01,1.512436121702194214e-01,1.618949472904205322e-01,1.262244731187820435e-01,5.279337763786315918e-01,5.394400358200073242e-01,3.728129267692565918e-01,4.645667076110839844e-01,4.403561949729919434e-01,5.365508794784545898e-01,-2.684600651264190674e-02,1.940429955720901489e-01,4.030319750308990479e-01,5.179616212844848633e-01,-2.331140916794538498e-03,1.886090934276580811e-01,2.319373488426208496e-01,3.115818500518798828e-01,1.153497919440269470e-01,1.297250390052795410e-02,-1.433807015419006348e-01,-2.148535549640655518e-01,3.690867424011230469e-01,3.493914008140563965e-01,4.224525690078735352e-01,4.828720688819885254e-01,2.307421416044235229e-01,2.275514751672744751e-01,5.409432202577590942e-02,-5.989146232604980469e-02,1.531833559274673462e-01,1.718654334545135498e-01,4.157677292823791504e-01,3.989347815513610840e-01,2.613365054130554199e-01,3.002476990222930908e-01,3.171764016151428223e-01,4.077159762382507324e-01,4.098476171493530273e-01,2.875710129737854004e-01,1.074879989027976990e-01,1.124359071254730225e-01,2.730226516723632812e-01,2.480775117874145508e-01
-2.406715750694274902e-01,3.997154906392097473e-02,1.000000000000000000e+00,5.585350990295410156e-01,1.730938553810119629e-01,-9.255120903253555298e-02,8.595653772354125977e-01,3.772090971469879150e-01,1.749084740877151489e-01,-1.789656430482864380e-01,2.528083920478820801e-01,1.869104430079460144e-02,7.667636275291442871e-01,4.428835958242416382e-02,1.900461614131927490e-01,-1.446716040372848511e-01,-8.609756082296371460e-02,-5.001001805067062378e-02,6.981545686721801758e-02,1.613259613513946533e-01,1.804420500993728638e-01,6.381180882453918457e-02,8.133155703544616699e-01,6.259788274765014648e-01,1.298399716615676880e-01,5.160874873399734497e-02,-2.161545678973197937e-03,-3.358834609389305115e-02,3.060714006423950195e-01,9.498831629753112793e-02,7.394990921020507812e-01,7.090412378311157227e-01,-3.813288058154284954e-04,1.276758611202239990e-01,-2.314394414424896240e-01,-2.453502267599105835e-01,-2.864828705787658691e-01,-5.204596742987632751e-02,-9.393262118101119995e-02,5.917879566550254822e-02,9.631109982728958130e-02,1.946263462305068970e-01,-5.219126120209693909e-03,4.860871657729148865e-02,-7.883047312498092651e-02,2.001073956489562988e-02,-8.837839961051940918e-02,-8.385924994945526123e-02,-7.167016714811325073e-02,9.264877997338771820e-03,2.707524970173835754e-02,1.327094733715057373e-01,2.574685029685497284e-03,5.603663250803947449e-02,-5.490195751190185547e-02,-1.503457129001617432e-01,-2.650426924228668213e-01,-8.189247548580169678e-02,-2.921941876411437988e-01,-8.991157263517379761e-02,-2.980454862117767334e-01,-7.352185249328613281e-02,-1.660292297601699829e-01,5.517659708857536316e-03,-1.368988752365112305e-01,5.075640603899955750e-02,-3.402896523475646973e-01,-2.677777707576751709e-01,-3.140176832675933838e-01,-2.418330758810043335e-01,4.539572000503540039e-01,4.416743814945220947e-01,2.927968800067901611e-01,3.126004934310913086e-01,1.038285344839096069e-01,2.206902652978897095e-01,1.893411278724670410e-01,-4.210374504327774048e-02,-2.099166959524154663e-01,-1.050610840320587158e-01,-1.973055005073547363e-01,-9.662028402090072632e-02,2.364829182624816895e-01,-1.082862243056297302e-01,-5.219537764787673950e-02,-3.646341711282730103e-02,1.211889535188674927e-01,-3.449466452002525330e-02,-3.440710250288248062e-03,-8.610555529594421387e-02,-1.374078691005706787e-01,-9.647987037897109985e-02,-1.671332567930221558e-01,-4.446416720747947693e-02,-2.954026162624359131e-01,-2.269103936851024628e-02,-4.294983446598052979e-01,-2.228472977876663208e-01,-7.542126625776290894e-02,-1.790438592433929443e-01,-1.439843475818634033e-01,-4.642020538449287415e-02,-1.226883605122566223e-01,-8.265324681997299194e-02,-1.178444102406501770e-01,-1.179224178194999695e-01,-1.264389306306838989e-01,-1.482049226760864258e-01,-9.774434566497802734e-02,-8.258539438247680664e-02,-2.205259948968887329e-01,-7.503768056631088257e-02,-2.185302972793579102e-02,-1.924262344837188721e-01,-1.489107608795166016e-01,-2.235951870679855347e-01
1.728169023990631104e-01,2.795833349227905273e-01,5.585350990295410156e-01,1.000000000000000000e+00,3.578517585992813110e-02,6.147068925201892853e-03,5.078136324882507324e-01,5.956757068634033203e-01,4.019211977720260620e-03,-1.108265295624732971e-01,2.716439664363861084e-01,2.834057211875915527e-01,4.759037494659423828e-01,2.797884047031402588e-01,6.411621719598770142e-02,-5.929546058177947998e-02,1.104521974921226501e-01,1.576383113861083984e-01,3.040313720703125000e-01,3.603061139583587646e-01,2.178453058004379272e-01,1.388987600803375244e-01,5.140562653541564941e-01,5.156678557395935059e-01,1.291291415691375732e-01,1.718091517686843872e-01,-4.116989299654960632e-02,6.237915530800819397e-02,3.179622590541839600e-01,2.002740204334259033e-01,4.649893343448638916e-01,5.110402107238769531e-01,1.167949512600898743e-01,2.123306244611740112e-01,-1.044509187340736389e-02,-6.090546399354934692e-02,4.020029306411743164e-02,1.714140027761459351e-01,-2.155791781842708588e-02,1.121332868933677673e-01,1.208447441458702087e-01,1.635716408491134644e-01,9.155348688364028931e-02,2.406908571720123291e-01,6.417112052440643311e-02,1.002311930060386658e-01,7.408324629068374634e-02,8.632515370845794678e-02,5.759126320481300354e-02,1.165541708469390869e-01,1.495797038078308105e-01,2.056939005851745605e-01,1.233852133154869080e-01,1.893221884965896606e-01,8.853638172149658203e-02,5.750986933708190918e-02,3.748619928956031799e-02,2.098870724439620972e-01,7.022977620363235474e-02,4.504283890128135681e-02,-1.527159847319126129e-02,1.329705417156219482e-01,1.573919653892517090e-01,2.429310530424118042e-01,-3.589044138789176941e-02,1.762674152851104736e-01,-7.311436929740011692e-04,2.868839539587497711e-02,8.416106551885604858e-02,1.058531925082206726e-01,3.623482286930084229e-01,3.190922439098358154e-01,2.261034250259399414e-01,1.988125592470169067e-01,1.400684565305709839e-01,1.734093427658081055e-01,1.772020310163497925e-01,1.631970554590225220e-01,-3.884984552860260010e-02,4.627016931772232056e-02,1.042389497160911560e-01,2.047335803508758545e-01,1.352255344390869141e-01,6.136315315961837769e-02,1.470051705837249756e-01,2.444133758544921875e-01,-1.500646676868200302e-02,7.100318372249603271e-02,7.724732160568237305e-02,7.915501296520233154e-02,-8.245287835597991943e-02,1.638411171734333038e-02,-2.012929469347000122e-01,-1.074917241930961609e-01,1.577110262587666512e-03,7.794867455959320068e-02,-9.751695394515991211e-02,7.381268776953220367e-03,7.110313512384891510e-03,-3.095284663140773773e-02,-1.101248785853385925e-01,-1.193332597613334656e-01,-8.378226310014724731e-02,-5.215934291481971741e-02,-1.732769235968589783e-02,-5.971149075776338577e-03,-1.383130401372909546e-01,-1.584916561841964722e-01,-1.967166922986507416e-02,1.292820721864700317e-01,-9.078264236450195312e-03,3.009514510631561279e-02,-3.873042389750480652e-02,-1.611795127391815186e-01,-5.875364318490028381e-02,-1.054777801036834717e-01
-9.132410585880279541e-02,-1.127554662525653839e-02,1.730938553810119629e-01,3.578517585992813110e-02,1.000000000000000000e+00,5.580446720123291016e-01,1.982269138097763062e-01,-1.728687435388565063e-02,5.792163610458374023e-01,4.130384027957916260e-01,1.556434631347656250e-01,1.574897207319736481e-03,2.439944744110107422e-01,4.871487617492675781e-02,3.981077075004577637e-01,1.895032525062561035e-01,5.811807140707969666e-02,2.186886407434940338e-02,-4.918805137276649475e-02,-1.587683334946632385e-02,2.611062228679656982e-01,1.906566172838211060e-01,2.336892634630203247e-01,2.314929217100143433e-01,6.921417713165283203e-01,4.883269071578979492e-01,5.720778703689575195e-01,3.848274946212768555e-01,1.152141168713569641e-01,-1.336933076381683350e-01,3.149875998497009277e-01,2.756037116050720215e-01,-1.476108431816101074e-01,-9.819813072681427002e-02,-1.251511275768280029e-01,-9.320252388715744019e-02,-7.343842834234237671e-02,-2.449557371437549591e-02,-1.681646704673767090e-02,1.688122190535068512e-02,1.500484794378280640e-01,4.033281654119491577e-02,1.899705082178115845e-01,1.756240427494049072e-01,1.290076673030853271e-01,2.359785884618759155e-01,1.117164418101310730e-01,-1.166983391158282757e-03,1.994040608406066895e-01,2.602122724056243896e-01,2.249343097209930420e-01,1.845421046018600464e-01,8.178305625915527344e-02,2.228563092648983002e-02,1.947118085809051991e-03,-1.453011482954025269e-01,1.305183116346597672e-02,-9.400628507137298584e-03,6.466612219810485840e-02,2.420386821031570435e-01,-1.901583522558212280e-01,-1.234601289033889771e-01,-9.724643081426620483e-03,-7.718157768249511719e-02,-2.047283798456192017e-01,-3.165732696652412415e-02,-9.312012046575546265e-02,7.878163456916809082e-02,-1.597577482461929321e-01,-4.532807320356369019e-02,2.831262722611427307e-02,8.962591737508773804e-02,1.093850210309028625e-01,-1.412176713347434998e-02,-9.404310956597328186e-03,-7.807462662458419800e-02,3.004407975822687149e-03,-1.161779835820198059e-01,7.433725148439407349e-02,2.101594582200050354e-02,1.382645815610885620e-01,9.820727258920669556e-02,3.590110838413238525e-01,4.062919411808252335e-03,1.398207843303680420e-01,-3.611786291003227234e-02,3.331387639045715332e-01,2.006193250417709351e-01,2.180492281913757324e-01,1.655169427394866943e-01,-1.445032283663749695e-02,-4.084547050297260284e-03,-2.344821393489837646e-02,1.317426264286041260e-01,-5.529685318470001221e-02,3.424868360161781311e-02,5.075988546013832092e-02,5.861370265483856201e-02,-3.224463760852813721e-02,-2.097667604684829712e-01,-6.100511923432350159e-02,2.634080685675144196e-02,-1.032049059867858887e-01,-1.491792127490043640e-02,-5.935579538345336914e-02,-9.574908018112182617e-02,-1.155461370944976807e-01,-3.233716264367103577e-02,1.102972626686096191e-01,-4.127678275108337402e-02,1.302986443042755127e-01,9.354904294013977051e-02,1.321894675493240356e-01,1.295671891421079636e-02,2.947699278593063354e-02,4.823933541774749756e-02
1.072398275136947632e-01,1.115860193967819214e-01,-9.255120903253555298e-02,6.147068925201892853e-03,5.580446720123291016e-01,1.000000000000000000e+00,-5.067660659551620483e-02,2.447879686951637268e-02,2.286229729652404785e-01,4.910843968391418457e-01,4.921606928110122681e-02,1.303493529558181763e-01,-1.317019853740930557e-02,2.262522131204605103e-01,1.719945520162582397e-01,2.316122800111770630e-01,1.554208546876907349e-01,1.598491966724395752e-01,-3.299875184893608093e-02,5.786239728331565857e-02,1.211391761898994446e-01,1.792214363813400269e-01,5.140972882509231567e-02,2.402852773666381836e-01,5.752580761909484863e-01,6.728049516677856445e-01,6.034992933273315430e-01,6.769202947616577148e-01,4.660919308662414551e-02,-5.879504140466451645e-03,1.161729693412780762e-01,1.634021252393722534e-01,-5.931070819497108459e-02,-4.037216305732727051e-03,7.796427607536315918e-02,1.023083180189132690e-01,1.505542993545532227e-01,7.648361474275588989e-02,1.570026427507400513e-01,1.789176613092422485e-01,7.639264315366744995e-02,-3.441213071346282959e-02,1.853422224521636963e-01,2.716980278491973877e-01,1.393246203660964966e-01,1.508131474256515503e-01,2.526257634162902832e-01,2.790253162384033203e-01,1.820546984672546387e-01,1.921067982912063599e-01,2.494851052761077881e-01,1.681061387062072754e-01,2.403898239135742188e-01,3.133502006530761719e-01,6.070782244205474854e-02,9.558472782373428345e-02,1.367680281400680542e-01,1.524049937725067139e-01,2.639296948909759521e-01,2.040860652923583984e-01,1.483238767832517624e-02,1.511692069470882416e-02,1.199802905321121216e-01,1.526900082826614380e-01,-3.823645412921905518e-02,2.218997105956077576e-02,1.899153441190719604e-01,2.430374324321746826e-01,1.198002025485038757e-01,1.239148601889610291e-01,-8.704950660467147827e-02,2.098185755312442780e-02,-1.134972460567951202e-02,-1.476877629756927490e-01,-1.185539662837982178e-01,-2.051730901002883911e-01,2.007845416665077209e-02,5.553454626351594925e-03,2.508068680763244629e-01,1.368609666824340820e-01,2.377159446477890015e-01,2.898188233375549316e-01,2.004268169403076172e-01,2.195844203233718872e-01,3.077146410942077637e-01,1.794410496950149536e-01,2.624363601207733154e-01,2.698808014392852783e-01,2.036803215742111206e-01,2.705244123935699463e-01,-2.313559502363204956e-02,1.158832833170890808e-01,-7.092488557100296021e-02,1.340590417385101318e-01,1.895416229963302612e-01,1.090383753180503845e-01,3.031276464462280273e-01,3.037719726562500000e-01,1.584125757217407227e-01,7.022990286350250244e-02,3.846470266580581665e-02,3.701886534690856934e-02,1.033363267779350281e-01,1.319252103567123413e-01,1.456453800201416016e-01,1.599250584840774536e-01,2.272498607635498047e-02,1.036828160285949707e-01,1.279877871274948120e-01,7.065852731466293335e-02,3.383444845676422119e-01,2.784134745597839355e-01,1.331258714199066162e-01,1.943795382976531982e-01,2.576106488704681396e-01,1.783460229635238647e-01
-2.399901598691940308e-01,4.827959835529327393e-02,8.595653772354125977e-01,5.078136324882507324e-01,1.982269138097763062e-01,-5.067660659551620483e-02,1.000000000000000000e+00,3.693288564682006836e-01,1.622927039861679077e-01,-1.671301275491714478e-01,2.681511938571929932e-01,3.665329143404960632e-02,7.790076136589050293e-01,6.170055642724037170e-02,1.617471128702163696e-01,-1.497910767793655396e-01,-7.121726870536804199e-02,-5.480695888400077820e-02,6.918534636497497559e-02,1.808353066444396973e-01,1.572909057140350342e-01,3.880040347576141357e-02,8.269610404968261719e-01,6.501653194427490234e-01,1.655700802803039551e-01,8.475348353385925293e-02,2.577029913663864136e-02,-4.716193303465843201e-03,2.823147773742675781e-01,6.900513172149658203e-02,7.542343139648437500e-01,7.262907624244689941e-01,1.914247311651706696e-02,1.551543623208999634e-01,-2.316654324531555176e-01,-2.458414733409881592e-01,-2.957530617713928223e-01,-6.184801459312438965e-02,-1.060471981763839722e-01,4.256282374262809753e-02,8.789460361003875732e-02,1.729772984981536865e-01,-1.662475429475307465e-02,3.234250843524932861e-02,-1.008733138442039490e-01,-1.284447684884071350e-02,-1.017149984836578369e-01,-7.381701469421386719e-02,-9.507855772972106934e-02,-9.769056923687458038e-03,1.143375504761934280e-02,1.162444725632667542e-01,1.028079539537429810e-02,9.104717522859573364e-02,-8.780037611722946167e-02,-1.709558814764022827e-01,-2.603190839290618896e-01,-7.842110097408294678e-02,-3.138903677463531494e-01,-1.299873143434524536e-01,-3.132549226284027100e-01,-7.896763831377029419e-02,-1.805787235498428345e-01,1.234250050038099289e-02,-1.338406056165695190e-01,2.508577890694141388e-02,-3.457591235637664795e-01,-2.852467596530914307e-01,-2.873023450374603271e-01,-2.170996367931365967e-01,4.382229745388031006e-01,4.297044277191162109e-01,2.725062668323516846e-01,2.903723716735839844e-01,8.917872607707977295e-02,1.954346150159835815e-01,1.987704783678054810e-01,-4.190322756767272949e-02,-1.891764402389526367e-01,-1.139038652181625366e-01,-2.014912664890289307e-01,-8.310476690530776978e-02,2.218564748764038086e-01,-1.136512607336044312e-01,-4.540551453828811646e-02,-3.804874047636985779e-02,1.459667980670928955e-01,-1.239555329084396362e-02,-2.276318147778511047e-03,-6.371057033538818359e-02,-1.714184284210205078e-01,-1.151648163795471191e-01,-1.918243914842605591e-01,-5.672963336110115051e-02,-2.886861562728881836e-01,-2.140343561768531799e-02,-4.087715744972229004e-01,-1.968280673027038574e-01,-1.001395061612129211e-01,-1.916134655475616455e-01,-1.566995978355407715e-01,-5.460670217871665955e-02,-1.192242354154586792e-01,-8.453616499900817871e-02,-1.001880541443824768e-01,-1.083205416798591614e-01,-1.019383892416954041e-01,-1.294264793395996094e-01,-1.038544923067092896e-01,-7.230743765830993652e-02,-1.749201118946075439e-01,-4.876365885138511658e-02,-1.288719940930604935e-02,-1.924083232879638672e-01,-1.456561535596847534e-01,-2.267431616783142090e-01
2.965288162231445312e-01,3.915777504444122314e-01,3.772090971469879150e-01,5.956757068634033203e-01,-1.728687435388565063e-02,2.447879686951637268e-02,3.693288564682006836e-01,1.000000000000000000e+00,1.846284046769142151e-02,3.570028021931648254e-02,3.172403872013092041e-01,4.615343511104583740e-01,4.015827178955078125e-01,5.511113405227661133e-01,5.975401028990745544e-02,1.482766121625900269e-01,2.514998316764831543e-01,2.862186133861541748e-01,2.320032417774200439e-01,2.897924184799194336e-01,2.086866050958633423e-01,2.662208974361419678e-01,3.322613537311553955e-01,3.798795640468597412e-01,2.955704927444458008e-02,1.264781951904296875e-01,2.383962832391262054e-02,1.096574440598487854e-01,4.104076325893402100e-01,3.801688551902770996e-01,3.835783302783966064e-01,4.574301242828369141e-01,1.705554276704788208e-01,2.804413139820098877e-01,1.331506296992301941e-02,8.428771980106830597e-03,1.021039411425590515e-01,2.119207531213760376e-01,6.876824796199798584e-02,1.264404207468032837e-01,-1.045229006558656693e-02,9.638076275587081909e-02,7.938721030950546265e-02,1.651291698217391968e-01,1.323608011007308960e-01,8.038906008005142212e-02,-3.666140139102935791e-02,5.127716436982154846e-02,1.241252273321151733e-01,1.108928099274635315e-01,1.085324212908744812e-01,1.185890436172485352e-01,1.638130843639373779e-02,8.800389617681503296e-02,2.169014513492584229e-01,1.995005309581756592e-01,1.973540782928466797e-01,3.075695037841796875e-01,9.975208342075347900e-02,4.768646135926246643e-02,1.892664879560470581e-01,2.803036272525787354e-01,2.836171686649322510e-01,4.373253583908081055e-01,1.834446042776107788e-01,2.884490787982940674e-01,4.497978836297988892e-02,5.504973605275154114e-02,3.736546635627746582e-02,-2.789599448442459106e-02,4.385981261730194092e-01,4.101839065551757812e-01,2.054529339075088501e-01,2.337581068277359009e-01,1.361758559942245483e-01,1.479422748088836670e-01,2.933889627456665039e-01,3.427410721778869629e-01,1.332408040761947632e-01,2.012321949005126953e-01,2.725249230861663818e-01,3.670155405998229980e-01,1.338731050491333008e-01,2.469174116849899292e-01,2.659880518913269043e-01,3.354633450508117676e-01,-3.869222477078437805e-02,1.458514928817749023e-01,2.035656571388244629e-01,2.855375707149505615e-01,1.026170551776885986e-01,9.306277334690093994e-02,-1.084365695714950562e-01,-1.010732501745223999e-01,1.070008724927902222e-01,1.935304552316665649e-01,-7.988074794411659241e-04,1.314768642187118530e-01,-1.856902241706848145e-02,6.755255907773971558e-02,3.751987218856811523e-02,-1.370968413539230824e-03,5.629590898752212524e-02,9.801878780126571655e-02,2.175158113241195679e-01,2.218312919139862061e-01,7.592121511697769165e-02,8.250930160284042358e-02,1.268219798803329468e-01,2.534347176551818848e-01,2.169643715023994446e-02,-6.709614396095275879e-02,-1.735600531101226807e-01,-9.978966414928436279e-02,1.030305027961730957e-01,7.308322191238403320e-02
-1.797538697719573975e-01,-1.251546591520309448e-01,1.749084740877151489e-01,4.019211977720260620e-03,5.792163610458374023e-01,2.286229729652404785e-01,1.622927039861679077e-01,1.846284046769142151e-02,1.000000000000000000e+00,5.680370330810546875e-01,4.429382681846618652e-01,1.282432377338409424e-01,3.051540255546569824e-01,1.024257019162178040e-01,7.360671758651733398e-01,4.470038115978240967e-01,2.707089483737945557e-01,1.936642676591873169e-01,3.236752748489379883e-02,1.858747936785221100e-02,3.675653040409088135e-01,3.078290224075317383e-01,6.176369637250900269e-02,-5.725285410881042480e-02,3.439779579639434814e-01,1.354418247938156128e-01,3.223910331726074219e-01,8.734504878520965576e-02,3.031748831272125244e-01,1.432327777147293091e-01,1.901659369468688965e-01,1.618102639913558960e-01,-1.514649540185928345e-01,-1.545137017965316772e-01,-2.099782377481460571e-01,-1.749149858951568604e-01,3.015627525746822357e-02,-1.684493757784366608e-02,9.613917768001556396e-02,6.284364964812994003e-03,9.558238834142684937e-02,-3.264155983924865723e-02,2.675149142742156982e-01,1.810256391763687134e-02,1.952411532402038574e-01,2.297999560832977295e-01,-2.628871984779834747e-02,-2.135836333036422729e-01,1.263152062892913818e-01,8.730614185333251953e-02,-4.333063215017318726e-02,2.095046639442443848e-02,-2.729506194591522217e-01,-3.167418539524078369e-01,8.658365905284881592e-02,-5.139597505331039429e-02,2.448863349854946136e-02,-3.538098558783531189e-02,1.310654729604721069e-01,2.275408953428268433e-01,-9.742844849824905396e-02,-9.577785618603229523e-03,-1.721550226211547852e-01,-2.051155865192413330e-01,-1.274922192096710205e-01,-2.610028348863124847e-02,-2.111391909420490265e-02,5.084863677620887756e-02,-1.801072359085083008e-01,-1.227717027068138123e-01,1.064917966723442078e-01,1.298120021820068359e-01,1.771792620420455933e-01,5.451079457998275757e-02,-2.601074986159801483e-02,-3.832539916038513184e-02,-3.705861419439315796e-02,-1.003594249486923218e-01,1.771790087223052979e-01,1.151981204748153687e-01,1.887534111738204956e-01,7.917284965515136719e-02,3.425697386264801025e-01,7.130929082632064819e-02,1.877697408199310303e-01,5.716414004564285278e-02,1.442613601684570312e-01,-1.449849735945463181e-02,3.927083611488342285e-01,2.906001806259155273e-01,1.772463768720626831e-01,1.299953013658523560e-01,2.142587602138519287e-01,2.279229313135147095e-01,-1.768951676785945892e-02,1.625465303659439087e-01,-7.496741414070129395e-02,-1.455943286418914795e-02,-5.382433906197547913e-02,-1.176416352391242981e-01,8.624935895204544067e-02,2.260621935129165649e-01,8.494178205728530884e-02,1.494156420230865479e-01,-1.459660567343235016e-02,-6.537592038512229919e-03,3.671506792306900024e-02,5.941434204578399658e-02,1.858073920011520386e-01,-1.156817004084587097e-01,-2.403087466955184937e-01,-2.854115664958953857e-01,5.411402322351932526e-03,6.622557342052459717e-02,-3.096051886677742004e-02,6.707478314638137817e-02
6.440883874893188477e-02,8.420795947313308716e-02,-1.789656430482864380e-01,-1.108265295624732971e-01,4.130384027957916260e-01,4.910843968391418457e-01,-1.671301275491714478e-01,3.570028021931648254e-02,5.680370330810546875e-01,1.000000000000000000e+00,3.320898413658142090e-01,2.849265635013580322e-01,-4.183505102992057800e-02,2.269295305013656616e-01,5.057677626609802246e-01,6.432958841323852539e-01,4.207037091255187988e-01,3.883497416973114014e-01,1.411791145801544189e-02,3.263330459594726562e-02,3.128614425659179688e-01,3.996584415435791016e-01,-2.114776223897933960e-01,-1.358075439929962158e-01,2.852648496627807617e-01,3.038981556892395020e-01,3.077252805233001709e-01,2.964927554130554199e-01,2.861451208591461182e-01,2.856956422328948975e-01,-2.705776505172252655e-02,2.619543299078941345e-02,-2.576003596186637878e-02,-4.558463394641876221e-02,9.397014230489730835e-02,1.313065141439437866e-01,3.392693102359771729e-01,1.166463121771812439e-01,3.070174753665924072e-01,1.496197730302810669e-01,4.766977950930595398e-02,-4.059767350554466248e-02,2.321357876062393188e-01,4.354521632194519043e-02,2.114556282758712769e-01,1.337188482284545898e-01,4.252377524971961975e-02,-1.972473226487636566e-03,1.528016626834869385e-01,4.550158232450485229e-02,-3.280898183584213257e-02,-7.980646938085556030e-02,-1.414711028337478638e-01,-1.064070910215377808e-01,1.875886172056198120e-01,1.972866207361221313e-01,2.519518136978149414e-01,2.070059031248092651e-01,2.811177670955657959e-01,2.184679061174392700e-01,1.453439295291900635e-01,2.174869775772094727e-01,3.861303906887769699e-03,4.912707954645156860e-02,4.010125994682312012e-02,-2.294248901307582855e-02,2.583976089954376221e-01,2.597461640834808350e-01,1.119495928287506104e-01,7.573284953832626343e-02,4.955559223890304565e-02,1.207254528999328613e-01,1.201310157775878906e-01,-2.837371639907360077e-02,-6.384563166648149490e-03,-1.041561439633369446e-01,1.295329630374908447e-01,1.798708140850067139e-01,4.362715482711791992e-01,2.980909943580627441e-01,3.608814775943756104e-01,3.027170300483703613e-01,1.244570016860961914e-01,3.564100265502929688e-01,3.620458543300628662e-01,2.756699621677398682e-01,6.533063948154449463e-02,1.751390248537063599e-01,4.524141550064086914e-01,4.684945344924926758e-01,2.042772322893142700e-01,2.374636679887771606e-01,1.667463481426239014e-01,1.619184911251068115e-01,3.250120878219604492e-01,2.804794311523437500e-01,2.595439851284027100e-01,2.899219989776611328e-01,8.154414594173431396e-02,1.565586626529693604e-01,1.380833685398101807e-01,2.164148092269897461e-01,2.178865373134613037e-01,2.557094693183898926e-01,2.311667501926422119e-01,2.708627283573150635e-01,2.671523094177246094e-01,2.796379625797271729e-01,3.390174806118011475e-01,9.194244444370269775e-02,3.008210100233554840e-02,-1.192876100540161133e-01,3.343550488352775574e-02,2.577743232250213623e-01,2.354195117950439453e-01,2.877216637134552002e-01
1.976141929626464844e-01,1.574203968048095703e-01,2.528083920478820801e-01,2.716439664363861084e-01,1.556434631347656250e-01,4.921606928110122681e-02,2.681511938571929932e-01,3.172403872013092041e-01,4.429382681846618652e-01,3.320898413658142090e-01,1.000000000000000000e+00,5.713085532188415527e-01,5.079361796379089355e-01,3.765474557876586914e-01,4.822651445865631104e-01,2.805913686752319336e-01,6.198225617408752441e-01,5.034354329109191895e-01,3.261094093322753906e-01,3.355914950370788574e-01,4.392145574092864990e-01,3.313620090484619141e-01,1.317650526762008667e-01,6.750469654798507690e-02,1.149570643901824951e-01,-2.382282726466655731e-02,1.694441400468349457e-02,-8.520821481943130493e-02,5.139422416687011719e-01,3.601017296314239502e-01,2.679154872894287109e-01,3.030048310756683350e-01,1.163523048162460327e-01,1.611368209123611450e-01,-5.519447848200798035e-02,-6.078291311860084534e-02,1.378832608461380005e-01,2.469047345221042633e-02,9.171968698501586914e-02,-6.892549991607666016e-02,5.661683529615402222e-02,-7.626049220561981201e-02,2.646726965904235840e-01,4.443196207284927368e-02,1.540562808513641357e-01,1.125503107905387878e-01,-1.280674934387207031e-01,-2.363401353359222412e-01,2.504268288612365723e-02,-6.401689350605010986e-02,-2.007583379745483398e-01,-4.509167373180389404e-02,-3.704577684402465820e-01,-2.441515773534774780e-01,3.811640292406082153e-02,-4.240786656737327576e-03,2.133094221353530884e-01,2.174644321203231812e-01,1.434532403945922852e-01,1.037583425641059875e-01,-7.631044369190931320e-03,1.958094835281372070e-01,-8.230548352003097534e-02,-2.902466990053653717e-02,-3.217377141118049622e-02,3.799997270107269287e-02,1.480037271976470947e-01,4.853642359375953674e-02,5.029407888650894165e-02,4.313028976321220398e-02,3.000556230545043945e-01,2.937289476394653320e-01,3.256936371326446533e-01,1.700430065393447876e-01,1.607788652181625366e-01,1.417357325553894043e-01,1.744491904973983765e-01,1.324200034141540527e-01,3.767642378807067871e-01,2.341902852058410645e-01,4.765348434448242188e-01,3.950805664062500000e-01,1.289133578538894653e-01,3.357290476560592651e-02,4.869345426559448242e-01,3.719751238822937012e-01,-1.007393598556518555e-01,-1.262673288583755493e-01,5.361176729202270508e-01,4.176672995090484619e-01,-3.326518461108207703e-02,-5.727523006498813629e-03,-2.993398113176226616e-03,5.403196439146995544e-02,5.803237110376358032e-02,2.052180618047714233e-01,-5.930077657103538513e-02,3.277911990880966187e-02,-1.389669924974441528e-01,-8.414595574140548706e-02,2.038262188434600830e-01,1.890467852354049683e-01,2.338112890720367432e-01,1.664669215679168701e-01,6.224141269922256470e-02,9.144457429647445679e-02,1.931073218584060669e-01,1.148929893970489502e-01,1.313234716653823853e-01,-3.394651785492897034e-02,-1.895607113838195801e-01,-2.779706120491027832e-01,-1.298177391290664673e-01,-2.387535013258457184e-02,-1.193921044468879700e-01,-8.799649775028228760e-02
4.681877493858337402e-01,4.568534493446350098e-01,1.869104430079460144e-02,2.834057211875915527e-01,1.574897207319736481e-03,1.303493529558181763e-01,3.665329143404960632e-02,4.615343511104583740e-01,1.282432377338409424e-01,2.849265635013580322e-01,5.713085532188415527e-01,1.000000000000000000e+00,2.011657655239105225e-01,6.344856619834899902e-01,9.332630783319473267e-02,2.323593944311141968e-01,5.447220206260681152e-01,5.779896974563598633e-01,3.367896378040313721e-01,3.943417668342590332e-01,2.836147248744964600e-01,2.236609905958175659e-01,-2.642192132771015167e-02,5.970494449138641357e-02,9.262271970510482788e-02,9.960324317216873169e-02,1.679006218910217285e-02,4.748464003205299377e-02,4.003250300884246826e-01,4.617174267768859863e-01,8.716243505477905273e-02,1.680625528097152710e-01,2.131596207618713379e-01,2.711172997951507568e-01,1.338232457637786865e-01,1.178367361426353455e-01,3.280453681945800781e-01,3.364762067794799805e-01,1.874015629291534424e-01,1.298530697822570801e-01,-6.910751014947891235e-02,3.956077620387077332e-02,2.007037252187728882e-01,1.261181086301803589e-01,1.937597543001174927e-01,4.174790531396865845e-02,7.187365554273128510e-03,-4.843071103096008301e-02,6.901974231004714966e-02,1.840077526867389679e-02,-6.266265362501144409e-02,1.377088576555252075e-02,-1.583846360445022583e-01,1.244620513170957565e-02,1.535958796739578247e-01,1.997488439083099365e-01,4.078335464000701904e-01,4.510191679000854492e-01,2.569122016429901123e-01,1.380323469638824463e-01,2.065622955560684204e-01,3.700521290302276611e-01,2.179749757051467896e-01,2.928310632705688477e-01,1.035739406943321228e-01,9.536650031805038452e-02,3.186098337173461914e-01,1.999419927597045898e-01,3.089463114738464355e-01,2.475824207067489624e-01,2.474261969327926636e-01,2.149184644222259521e-01,2.131623029708862305e-01,1.335526555776596069e-01,1.726415306329727173e-01,1.616397947072982788e-01,3.469963073730468750e-01,4.240908026695251465e-01,4.746038019657135010e-01,4.479046761989593506e-01,5.628785490989685059e-01,6.310698986053466797e-01,-2.584601566195487976e-02,2.495658397674560547e-01,5.048515200614929199e-01,5.771073698997497559e-01,-1.332292407751083374e-01,6.428021192550659180e-02,4.064014256000518799e-01,4.883757233619689941e-01,-1.370085403323173523e-03,-7.214302197098731995e-03,-1.198068857192993164e-01,-1.448992490768432617e-01,2.894895672798156738e-01,3.241317272186279297e-01,2.434777766466140747e-01,3.095230162143707275e-01,-3.391916304826736450e-02,4.343135654926300049e-02,1.283137798309326172e-01,1.312809623777866364e-02,2.039970606565475464e-01,1.657590568065643311e-01,2.706015110015869141e-01,2.748695909976959229e-01,2.392258644104003906e-01,1.856321543455123901e-01,1.642972081899642944e-01,2.488148510456085205e-01,1.171301379799842834e-01,-5.756766349077224731e-02,-8.649783581495285034e-02,4.016346111893653870e-02,1.093323156237602234e-01,1.125885844230651855e-01
-1.174419745802879333e-01,7.587467133998870850e-02,7.667636275291442871e-01,4.759037494659423828e-01,2.439944744110107422e-01,-1.317019853740930557e-02,7.790076136589050293e-01,4.015827178955078125e-01,3.051540255546569824e-01,-4.183505102992057800e-02,5.079361796379089355e-01,2.011657655239105225e-01,1.000000000000000000e+00,2.389451414346694946e-01,3.169877529144287109e-01,-2.720345743000507355e-03,1.351925134658813477e-01,9.227497130632400513e-02,1.308473497629165649e-01,2.231358438730239868e-01,2.938124835491180420e-01,1.812515109777450562e-01,7.020447254180908203e-01,5.449020266532897949e-01,2.124897986650466919e-01,9.310393035411834717e-02,4.862286150455474854e-02,-4.069764539599418640e-02,4.304518103599548340e-01,2.018291652202606201e-01,7.200431227684020996e-01,7.048459053039550781e-01,5.841077864170074463e-02,1.796992719173431396e-01,-2.103331238031387329e-01,-2.337241619825363159e-01,-2.503529489040374756e-01,-5.935519933700561523e-02,-6.747274100780487061e-02,-5.142208654433488846e-03,1.097144857048988342e-01,1.084597930312156677e-01,5.020836368203163147e-02,4.190571606159210205e-02,-3.411692008376121521e-02,1.036655437201261520e-02,-1.638360917568206787e-01,-1.564109921455383301e-01,-5.894447490572929382e-02,-2.974829822778701782e-02,-6.561906635761260986e-02,1.000817567110061646e-01,-1.132746636867523193e-01,-1.251867506653070450e-02,-2.969888970255851746e-02,-1.437417268753051758e-01,-1.522308439016342163e-01,-4.416210867930203676e-04,-2.228363305330276489e-01,-5.247535184025764465e-02,-2.522817552089691162e-01,-4.358851874712854624e-04,-1.384207308292388916e-01,9.818807011470198631e-04,-1.045360043644905090e-01,8.735343813896179199e-02,-2.490006387233734131e-01,-2.363830953836441040e-01,-2.452422827482223511e-01,-1.925651431083679199e-01,4.686994552612304688e-01,4.590629339218139648e-01,3.233050405979156494e-01,3.093308508396148682e-01,1.463214010000228882e-01,2.334076017141342163e-01,1.966014206409454346e-01,-3.024820610880851746e-02,-5.886412784457206726e-02,-6.327114999294281006e-02,1.045054104179143906e-02,4.602245241403579712e-02,2.753631770610809326e-01,-5.681393668055534363e-02,1.213250756263732910e-01,7.596715539693832397e-02,9.041053801774978638e-02,-4.853465780615806580e-02,1.913372576236724854e-01,9.112293273210525513e-02,-1.438441127538681030e-01,-9.361816197633743286e-02,-1.255838871002197266e-01,5.402861628681421280e-03,-2.612398862838745117e-01,4.336336255073547363e-02,-4.162169396877288818e-01,-2.073232531547546387e-01,-1.340493261814117432e-01,-2.157469838857650757e-01,-4.504272714257240295e-02,9.532812982797622681e-03,-2.590685524046421051e-02,-3.874419257044792175e-02,-7.470598816871643066e-02,-7.741384953260421753e-02,-4.949259757995605469e-02,-8.245708793401718140e-02,-3.064186125993728638e-02,-1.068154126405715942e-01,-2.492904067039489746e-01,-1.542755663394927979e-01,-9.230684489011764526e-02,-1.843145489692687988e-01,-1.554937660694122314e-01,-2.012830078601837158e-01
