1.000000000000000000e+00,4.106161594390869141e-01,2.915938794612884521e-01,2.652735114097595215e-01,5.136534571647644043e-03,-1.288006603717803955e-01,3.382273018360137939e-01,3.294336199760437012e-01,-1.080294623970985413e-01,-1.326447129249572754e-01,2.189279794692993164e-01,4.226746559143066406e-01,2.003358304500579834e-01,2.440952062606811523e-01,-7.963625341653823853e-02,-5.067290738224983215e-03,2.685756087303161621e-01,3.240054845809936523e-01,1.980703324079513550e-01,1.667949743568897247e-02,2.055260092020034790e-01,2.087799012660980225e-01,3.108808994293212891e-01,2.700795531272888184e-01,9.719834476709365845e-02,1.059588566422462463e-01,1.020683869719505310e-01,1.501566264778375626e-02,1.153994053602218628e-01,1.374333500862121582e-01,2.661260366439819336e-01,1.287645846605300903e-01,4.168858528137207031e-01,3.708849251270294189e-01,6.263500452041625977e-02,1.402213573455810547e-01,2.344444692134857178e-01,1.615516841411590576e-01,1.419367492198944092e-01,2.091327309608459473e-01,1.993475854396820068e-01,7.231902331113815308e-03,1.750524491071701050e-01,1.779953986406326294e-01,1.038882657885551453e-01,4.697986319661140442e-02,1.576495766639709473e-01,9.504877030849456787e-02,2.035855799913406372e-01,1.850030124187469482e-01,2.296522706747055054e-01,1.652724742889404297e-01,-3.878349065780639648e-02,-7.728268206119537354e-02,-4.866080358624458313e-02,1.419289112091064453e-01,4.232067167758941650e-01,2.691878974437713623e-01,4.908919334411621094e-02,3.511655703186988831e-02,3.314333558082580566e-01,1.952023208141326904e-01,1.931693553924560547e-01,1.380301266908645630e-01,3.153324723243713379e-01,3.312231600284576416e-01,1.826143860816955566e-01,1.926470845937728882e-01,8.410429954528808594e-02,8.825748413801193237e-02,2.435511797666549683e-01,2.716842293739318848e-01,1.175424680113792419e-01,1.710197776556015015e-01,1.005208119750022888e-01,1.186084970831871033e-01,1.708820313215255737e-01,1.824784278869628906e-01,1.071286126971244812e-01,1.608689576387405396e-01,3.665743172168731689e-01,3.425526916980743408e-01,-2.142156958580017090e-01,-1.887079030275344849e-01,2.723813951015472412e-01,3.310241103172302246e-01,-3.305566608905792236e-01,-3.321247994899749756e-01,-1.479071937501430511e-02,5.709127336740493774e-02,-2.295154146850109100e-03,4.294558614492416382e-02,-4.392538592219352722e-02,6.440908461809158325e-02,1.129744052886962891e-01,1.556754261255264282e-01,1.184626966714859009e-01,1.202606260776519775e-01,1.765907704830169678e-01,2.559674680233001709e-01,1.931439489126205444e-01,1.760345846414566040e-01,2.262358814477920532e-01,2.820975482463836670e-01,3.449729979038238525e-01,2.728096544742584229e-01,1.697759330272674561e-01,1.950329542160034180e-01,-5.120961461216211319e-03,-1.732172095216810703e-04,2.116543427109718323e-02,3.664059937000274658e-02,5.712645873427391052e-02,1.880748420953750610e-01,2.732399106025695801e-01,1.997423470020294189e-01
4.106161594390869141e-01,1.000000000000000000e+00,8.012581616640090942e-02,2.809969782829284668e-01,1.354012638330459595e-01,8.893156051635742188e-02,1.564698964357376099e-01,2.871518135070800781e-01,5.651593208312988281e-03,-8.644929528236389160e-02,-2.806777134537696838e-02,2.544039785861968994e-01,3.288503363728523254e-02,1.860556900501251221e-01,-1.249580457806587219e-01,-1.496022492647171021e-01,1.823914796113967896e-01,2.016670256853103638e-01,1.621493846178054810e-01,1.359769608825445175e-02,1.228877827525138855e-01,9.368778020143508911e-02,2.337871342897415161e-01,2.749773561954498291e-01,2.987385913729667664e-02,1.865275651216506958e-01,8.216353505849838257e-02,2.013103365898132324e-01,5.277501046657562256e-02,5.112666636705398560e-02,2.009543180465698242e-01,2.139537632465362549e-01,2.448647320270538330e-01,2.713665664196014404e-01,1.397393345832824707e-01,1.978202462196350098e-01,2.002178281545639038e-01,1.212108358740806580e-01,9.267993271350860596e-02,1.460378021001815796e-01,2.342066019773483276e-01,2.481148950755596161e-02,-5.621556658297777176e-03,5.922939255833625793e-02,8.813515305519104004e-02,1.804124563932418823e-01,1.819648407399654388e-02,3.997294604778289795e-02,2.285122573375701904e-01,1.897381991147994995e-01,1.139449924230575562e-01,9.752169251441955566e-02,-1.419619563966989517e-02,7.152687758207321167e-02,-1.932916045188903809e-02,2.065977156162261963e-01,4.495432078838348389e-01,6.027818918228149414e-01,1.254258602857589722e-01,4.918476194143295288e-02,3.373298346996307373e-01,3.913704752922058105e-01,2.409585863351821899e-01,3.888800442218780518e-01,2.713988423347473145e-01,3.243774473667144775e-01,2.277666181325912476e-01,2.155134230852127075e-01,1.883169561624526978e-01,4.460114985704421997e-02,1.472780257463455200e-01,2.436518222093582153e-01,2.758640050888061523e-02,1.677200049161911011e-01,-2.501093968749046326e-02,9.128861874341964722e-02,7.823443412780761719e-02,8.246122300624847412e-02,7.328937947750091553e-02,1.420442909002304077e-01,2.581149041652679443e-01,2.952907085418701172e-01,-2.768754586577415466e-02,-1.410423666238784790e-01,3.430546075105667114e-02,2.726334035396575928e-01,-1.282192766666412354e-01,-1.521522402763366699e-01,-1.294780224561691284e-01,4.536185041069984436e-02,-6.928997486829757690e-02,5.901998281478881836e-02,-7.058450579643249512e-02,-2.984748221933841705e-02,2.693746611475944519e-02,1.381030958145856857e-02,4.445405676960945129e-02,1.939090341329574585e-01,1.316326297819614410e-02,1.607423275709152222e-01,1.075981408357620239e-01,1.138883680105209351e-01,9.450921416282653809e-02,9.271802753210067749e-02,2.812968492507934570e-01,2.372284829616546631e-01,1.666614711284637451e-01,1.877731531858444214e-01,3.570405393838882446e-02,-5.350193008780479431e-02,7.491559535264968872e-02,1.787020452320575714e-02,6.902687251567840576e-02,1.164850313216447830e-02,2.795849554240703583e-02,1.431352738291025162e-02
2.915938794612884521e-01,8.012581616640090942e-02,1.000000000000000000e+00,5.020292401313781738e-01,-1.040931493043899536e-01,-3.133833408355712891e-01,6.759680509567260742e-01,4.337596297264099121e-01,-8.227721787989139557e-03,-2.921050488948822021e-01,3.220768570899963379e-01,1.093300879001617432e-01,3.401328325271606445e-01,5.173020181246101856e-04,9.056458622217178345e-02,-1.580666899681091309e-01,5.074812844395637512e-02,9.540788829326629639e-03,1.119590327143669128e-01,-3.066918626427650452e-02,1.372627615928649902e-01,3.883857652544975281e-02,4.298576712608337402e-01,3.161841332912445068e-01,-1.981622306630015373e-03,-1.510341167449951172e-01,7.231716066598892212e-02,-1.813887655735015869e-01,1.558629125356674194e-01,-3.795665455982089043e-03,9.035903215408325195e-02,-4.079246893525123596e-02,2.306541800498962402e-01,2.474427223205566406e-01,1.030029654502868652e-01,1.114119868725538254e-02,1.832101941108703613e-01,9.405484050512313843e-02,9.880192577838897705e-02,3.128775954246520996e-02,1.643851399421691895e-01,-9.825178235769271851e-02,2.027656883001327515e-01,1.373740583658218384e-01,5.256517231464385986e-02,1.303031481802463531e-02,1.715406924486160278e-01,6.885131448507308960e-02,-8.932677656412124634e-02,-6.731816381216049194e-02,4.360590875148773193e-02,3.990716487169265747e-02,1.199830323457717896e-01,-2.120655924081802368e-01,1.919885575771331787e-01,-7.068379968404769897e-02,1.415252964943647385e-02,-3.152976185083389282e-02,-1.322234421968460083e-01,1.913938522338867188e-01,4.950294271111488342e-02,-4.820436704903841019e-03,2.057181149721145630e-01,-4.452556744217872620e-02,8.094467222690582275e-02,-7.103113830089569092e-02,-7.441479712724685669e-03,8.294892311096191406e-02,-2.500088512897491455e-02,7.238798588514328003e-02,1.547466367483139038e-01,1.379774212837219238e-01,-7.236073166131973267e-02,-6.211768463253974915e-02,8.349037915468215942e-02,-5.044258385896682739e-02,2.234565615653991699e-01,9.514215588569641113e-02,-4.189607501029968262e-02,-3.836680576205253601e-02,8.749530464410781860e-02,8.745455183088779449e-03,-9.069819003343582153e-02,-2.220610678195953369e-01,9.133380651473999023e-02,5.262048449367284775e-03,-3.238528966903686523e-01,-4.024836719036102295e-01,1.047117039561271667e-01,-5.522432923316955566e-02,3.367685079574584961e-01,1.059590931981801987e-02,3.169161379337310791e-01,-7.163441181182861328e-02,1.424966901540756226e-01,1.282206475734710693e-01,1.036399900913238525e-01,6.073133554309606552e-03,2.588723897933959961e-01,2.739702537655830383e-02,6.015371158719062805e-02,-7.650972902774810791e-02,4.523361474275588989e-02,9.092517197132110596e-03,1.979893147945404053e-01,9.786504507064819336e-02,4.467950016260147095e-02,9.143270552158355713e-02,9.027866274118423462e-02,9.115033596754074097e-02,-3.176407516002655029e-02,-7.464495487511157990e-03,-4.262392595410346985e-02,4.536667093634605408e-02,1.724444180727005005e-01,1.037289872765541077e-01
2.652735114097595215e-01,2.809969782829284668e-01,5.020292401313781738e-01,1.000000000000000000e+00,-1.872768402099609375e-01,-2.162857353687286377e-01,4.667127430438995361e-01,6.967537403106689453e-01,-1.665035486221313477e-01,-1.049977391958236694e-01,1.531253457069396973e-01,2.704778611660003662e-01,1.003276854753494263e-01,1.903701126575469971e-01,-1.016217842698097229e-01,-5.654668807983398438e-02,5.208820477128028870e-02,1.117698326706886292e-01,2.222367525100708008e-01,5.764293298125267029e-02,9.584596753120422363e-02,1.824447512626647949e-01,4.026733934879302979e-01,4.855941236019134521e-01,-2.531778998672962189e-02,5.248956382274627686e-02,-1.011192426085472107e-01,-1.355180442333221436e-01,6.671563535928726196e-02,2.390267550945281982e-01,1.272401213645935059e-01,1.405078619718551636e-01,1.785126179456710815e-01,2.151905000209808350e-01,9.653809666633605957e-02,7.928848266601562500e-02,5.490235611796379089e-02,6.162779033184051514e-02,1.932950131595134735e-02,4.968282580375671387e-02,5.920057743787765503e-02,-6.356497853994369507e-02,1.408718973398208618e-01,1.883274614810943604e-01,-5.944759398698806763e-02,8.150839805603027344e-02,8.822397142648696899e-02,2.369007915258407593e-01,-1.547500044107437134e-01,-8.392619341611862183e-02,-8.548316359519958496e-02,9.881838224828243256e-03,-8.024310320615768433e-02,5.495389923453330994e-02,-8.141265064477920532e-02,2.114415764808654785e-01,-4.985914565622806549e-03,2.118295878171920776e-01,-2.645760588347911835e-02,-2.850276231765747070e-02,1.088272407650947571e-02,1.506265252828598022e-01,1.382995117455720901e-02,2.678664028644561768e-01,-6.979444529861211777e-03,-6.529387086629867554e-02,3.160007297992706299e-02,5.413666367530822754e-02,-6.887186318635940552e-03,-1.136477477848529816e-02,1.826489418745040894e-01,3.463976681232452393e-01,-2.508429624140262604e-02,9.553261846303939819e-02,8.660398423671722412e-03,4.047176986932754517e-02,1.441369950771331787e-01,1.975584328174591064e-01,8.324844390153884888e-02,1.034782528877258301e-01,4.721183329820632935e-02,6.972856074571609497e-02,-3.133536577224731445e-01,-4.005020111799240112e-02,-3.705144673585891724e-02,1.082212626934051514e-01,-4.114331901073455811e-01,-3.231434524059295654e-01,-1.346886754035949707e-01,1.154748946428298950e-01,1.051160469651222229e-01,2.880450487136840820e-01,6.659290939569473267e-02,1.082179993391036987e-01,5.698632448911666870e-02,1.288766413927078247e-01,-1.588444039225578308e-02,1.633571535348892212e-01,1.340381503105163574e-01,2.098268419504165649e-01,5.563181638717651367e-02,-3.558614477515220642e-02,3.745636716485023499e-02,4.787986725568771362e-02,1.763224750757217407e-01,1.500119417905807495e-01,5.020193383097648621e-02,8.760894089937210083e-02,6.218100339174270630e-02,8.822696655988693237e-02,-5.132276099175214767e-03,7.051522284746170044e-02,1.307709515094757080e-01,1.173155605792999268e-01,1.517324149608612061e-01,1.340484768152236938e-01
5.136534571647644043e-03,1.354012638330459595e-01,-1.040931493043899536e-01,-1.872768402099609375e-01,1.000000000000000000e+00,5.949743986129760742e-01,-6.952214986085891724e-02,-2.067158967256546021e-01,6.017736792564392090e-01,3.084374666213989258e-01,-2.402252256870269775e-01,-2.030439823865890503e-01,8.061984926462173462e-02,2.292214520275592804e-02,3.159980773925781250e-01,1.551514957100152969e-02,-8.631844073534011841e-02,-1.787250041961669922e-01,-1.281716227531433105e-01,-8.030097931623458862e-02,2.673425339162349701e-02,-2.568873576819896698e-02,2.196346670389175415e-01,1.047701686620712280e-01,5.449548959732055664e-01,4.128735363483428955e-01,4.993272721767425537e-01,4.526884257793426514e-01,-1.087513566017150879e-01,-2.824146747589111328e-01,2.785373926162719727e-01,2.297101914882659912e-01,-5.906138941645622253e-02,-9.033800102770328522e-03,5.769534409046173096e-02,-1.207701861858367920e-01,3.604471683502197266e-02,-2.398599684238433838e-02,5.152532830834388733e-02,6.901831366121768951e-03,9.370087832212448120e-02,1.577226072549819946e-01,-8.932256698608398438e-02,-4.888970032334327698e-02,9.905382245779037476e-02,3.518616780638694763e-02,-9.840610623359680176e-02,-2.419796437025070190e-01,1.957094371318817139e-01,1.730125397443771362e-01,1.386274546384811401e-01,1.063571125268936157e-01,2.449554055929183960e-01,1.299902051687240601e-01,7.893056422472000122e-02,-6.602135300636291504e-02,3.106823861598968506e-01,2.005097717046737671e-01,6.457301974296569824e-02,2.074909210205078125e-01,2.059794068336486816e-01,1.027023419737815857e-01,3.523602783679962158e-01,1.230812892317771912e-01,1.063928380608558655e-01,2.285686731338500977e-01,-5.751142278313636780e-03,5.484275892376899719e-02,-1.454074028879404068e-02,3.571018204092979431e-02,-4.592505842447280884e-02,-1.144137531518936157e-01,-5.770593509078025818e-02,-1.514752358198165894e-01,-6.595394760370254517e-02,-5.213355273008346558e-02,1.462450716644525528e-02,-9.575834125280380249e-02,1.315675303339958191e-02,-1.131308972835540771e-01,1.384947299957275391e-01,-1.159263849258422852e-01,5.056812763214111328e-01,1.006789952516555786e-01,2.276145815849304199e-01,-5.459929257631301880e-02,3.417263031005859375e-01,2.696573138236999512e-01,4.195078834891319275e-02,7.764795329421758652e-03,-1.819919347763061523e-01,-2.407498061656951904e-01,-2.247935980558395386e-01,-2.474028766155242920e-01,-7.141762226819992065e-02,-4.466994106769561768e-02,2.162258177995681763e-01,1.995618492364883423e-01,-2.945799827575683594e-01,-2.488453835248947144e-01,-2.141079753637313843e-01,-8.999305218458175659e-02,-2.389945089817047119e-01,-1.368623375892639160e-01,-1.717813313007354736e-01,-1.439839452505111694e-01,1.839083246886730194e-02,3.982521221041679382e-02,5.348250269889831543e-03,-5.141072720289230347e-02,3.554920554161071777e-01,1.352469325065612793e-01,1.381825059652328491e-01,-2.281804382801055908e-02,-1.833008080720901489e-01,-1.773119904100894928e-02
-1.288006603717803955e-01,8.893156051635742188e-02,-3.133833408355712891e-01,-2.162857353687286377e-01,5.949743986129760742e-01,1.000000000000000000e+00,-3.214782476425170898e-01,-2.491525113582611084e-01,4.581094980239868164e-01,4.296682178974151611e-01,-4.248786866664886475e-01,-2.580709457397460938e-01,-2.701838016510009766e-01,-3.361894562840461731e-02,1.262180656194686890e-01,1.129985302686691284e-01,-1.248633489012718201e-01,-1.438420861959457397e-01,-9.205901622772216797e-02,-1.293552070856094360e-01,-3.877852857112884521e-02,5.495643615722656250e-02,2.785698510706424713e-02,7.506959140300750732e-02,2.954211831092834473e-01,4.017663598060607910e-01,3.716470003128051758e-01,5.862163305282592773e-01,-2.168827354907989502e-01,-1.727549731731414795e-01,9.818500280380249023e-02,2.326928973197937012e-01,-1.097400784492492676e-01,-8.796168118715286255e-02,5.389944463968276978e-02,-2.197947539389133453e-02,-2.209788374602794647e-02,-5.481512099504470825e-02,5.788820236921310425e-02,6.182898208498954773e-02,1.199602186679840088e-01,2.119981348514556885e-01,-7.497437298297882080e-02,6.803072243928909302e-02,5.085176602005958557e-02,5.815582349896430969e-02,-6.734347343444824219e-02,4.397383332252502441e-02,1.928031146526336670e-01,1.286194026470184326e-01,9.806333482265472412e-02,5.743731185793876648e-02,2.298292368650436401e-01,4.123984575271606445e-01,7.593172788619995117e-02,2.183907926082611084e-01,2.524161040782928467e-01,2.731808722019195557e-01,1.920028328895568848e-01,-5.023050680756568909e-02,1.787005364894866943e-01,1.173244640231132507e-01,1.969778835773468018e-01,3.359255492687225342e-01,5.410652980208396912e-02,1.454493254423141479e-01,9.899977594614028931e-02,8.298070169985294342e-03,1.667498424649238586e-02,5.261981859803199768e-02,-1.464164257049560547e-01,-1.522964239120483398e-01,-6.532926112413406372e-02,-9.310983866453170776e-02,-8.977334201335906982e-02,-4.784604068845510483e-03,-7.797158509492874146e-02,-2.049948088824748993e-02,-6.063781306147575378e-02,-1.483601331710815430e-01,4.125814139842987061e-02,5.510134156793355942e-03,4.072997868061065674e-01,3.353106081485748291e-01,4.419334232807159424e-02,4.105325043201446533e-02,4.098972380161285400e-01,4.964375793933868408e-01,-2.323267981410026550e-02,2.152736932039260864e-01,-2.552161216735839844e-01,-2.058531343936920166e-02,-2.663924098014831543e-01,-1.184427663683891296e-01,-9.959872812032699585e-02,7.146237418055534363e-03,1.924986243247985840e-01,3.118884563446044922e-01,-2.499510645866394043e-01,-8.436228334903717041e-02,-1.703266948461532593e-01,1.815303787589073181e-02,-2.153888046741485596e-01,-9.749468415975570679e-02,-2.572367787361145020e-01,-1.602043360471725464e-01,-5.392813589423894882e-03,1.768347993493080139e-02,1.420927494764328003e-01,1.328999251127243042e-01,4.847388863563537598e-01,3.047957420349121094e-01,2.661367356777191162e-01,-7.893852889537811279e-02,-2.260432392358779907e-01,-6.790775060653686523e-02
3.382273018360137939e-01,1.564698964357376099e-01,6.759680509567260742e-01,4.667127430438995361e-01,-6.952214986085891724e-02,-3.214782476425170898e-01,1.000000000000000000e+00,5.389123558998107910e-01,-2.480519190430641174e-02,-2.828807532787322998e-01,3.940302729606628418e-01,2.459909468889236450e-01,5.152525305747985840e-01,1.733234971761703491e-01,1.455618739128112793e-01,-1.492926329374313354e-01,1.323683261871337891e-01,8.188904076814651489e-02,1.493993252515792847e-01,1.956778764724731445e-02,2.756254673004150391e-01,1.389470100402832031e-01,4.869397580623626709e-01,3.875510394573211670e-01,1.037083491683006287e-01,-1.184812048450112343e-03,1.367745101451873779e-01,-9.978090226650238037e-02,2.129645347595214844e-01,7.041928172111511230e-02,2.420757412910461426e-01,8.600370585918426514e-02,2.434988468885421753e-01,2.470273226499557495e-01,1.068486720323562622e-01,2.125578373670578003e-02,2.212495356798171997e-01,1.350460052490234375e-01,7.204411178827285767e-02,-3.108984557911753654e-03,1.769679039716720581e-01,-1.813050173223018646e-02,1.058112904429435730e-01,5.870583653450012207e-02,4.142246395349502563e-02,1.110536046326160431e-02,5.002045631408691406e-02,-8.052786439657211304e-02,-7.809631526470184326e-02,-3.924801573157310486e-02,3.093189001083374023e-02,2.637152373790740967e-02,8.317781984806060791e-02,-2.635147869586944580e-01,1.126798242330551147e-01,-4.349782317876815796e-02,1.386025995016098022e-01,7.406581938266754150e-02,-5.093016661703586578e-03,3.223420381546020508e-01,2.331101596355438232e-01,9.915192425251007080e-02,3.153447210788726807e-01,3.454638645052909851e-02,1.864245831966400146e-01,-1.735026203095912933e-02,4.006646573543548584e-02,1.006166636943817139e-01,2.663412131369113922e-02,9.401789307594299316e-02,2.707502543926239014e-01,2.880675196647644043e-01,1.024639047682285309e-02,6.137375533580780029e-02,1.240539029240608215e-01,6.222755834460258484e-02,3.033802211284637451e-01,1.683718860149383545e-01,-1.277627306990325451e-03,-7.802753243595361710e-03,1.537272930145263672e-01,6.996120512485504150e-02,-1.338393427431583405e-03,-1.667520254850387573e-01,1.076364219188690186e-01,1.848023012280464172e-02,-2.611708343029022217e-01,-3.708829581737518311e-01,1.195363178849220276e-01,-9.651055559515953064e-03,2.897475957870483398e-01,8.391207084059715271e-03,2.367666959762573242e-01,-1.056686192750930786e-01,1.840273737907409668e-01,1.273329555988311768e-01,5.060327053070068359e-02,2.003069408237934113e-02,1.278650760650634766e-01,-3.312870115041732788e-02,4.896432161331176758e-02,-7.990760356187820435e-02,7.678244262933731079e-02,2.390505000948905945e-02,2.393630743026733398e-01,8.979068696498870850e-02,1.228898689150810242e-01,1.089700162410736084e-01,1.227630525827407837e-01,3.242280334234237671e-02,-8.753927797079086304e-02,-1.415930092334747314e-01,-1.362040489912033081e-01,4.219053313136100769e-03,1.203983649611473083e-01,1.025748997926712036e-01
3.294336199760437012e-01,2.871518135070800781e-01,4.337596297264099121e-01,6.967537403106689453e-01,-2.067158967256546021e-01,-2.491525113582611084e-01,5.389123558998107910e-01,1.000000000000000000e+00,-1.479676514863967896e-01,-3.161187469959259033e-02,2.679677009582519531e-01,4.833477735519409180e-01,2.714954614639282227e-01,4.275484085083007812e-01,-6.787356734275817871e-02,5.110222473740577698e-02,2.559022791683673859e-02,1.610122323036193848e-01,2.300576567649841309e-01,2.152579650282859802e-02,1.942005455493927002e-01,2.760192751884460449e-01,3.872990310192108154e-01,4.273781180381774902e-01,-2.946706116199493408e-02,8.792134374380111694e-02,-3.533048555254936218e-02,-7.627402245998382568e-02,1.398130357265472412e-01,3.245314061641693115e-01,1.242296174168586731e-01,9.806404262781143188e-02,2.322775423526763916e-01,2.506048381328582764e-01,6.358096003532409668e-02,7.758111506700515747e-02,9.052763134241104126e-02,1.390467584133148193e-01,-2.159523405134677887e-02,5.387425422668457031e-02,5.250329151749610901e-02,1.634757593274116516e-02,9.592761844396591187e-02,1.316955536603927612e-01,-4.813822731375694275e-02,8.900742232799530029e-02,3.460117056965827942e-02,1.243359595537185669e-01,-1.299333721399307251e-01,-6.413550674915313721e-02,-7.531352341175079346e-02,1.620531640946865082e-02,-1.385455876588821411e-01,-4.897454753518104553e-02,-1.120397150516510010e-01,2.369535267353057861e-01,-2.011066861450672150e-02,1.958753168582916260e-01,7.428144663572311401e-02,6.022374704480171204e-02,9.671624749898910522e-02,2.056904584169387817e-01,4.779760539531707764e-02,3.000479638576507568e-01,3.760350868105888367e-02,1.450722012668848038e-02,6.171450018882751465e-02,7.163919508457183838e-02,2.574733830988407135e-02,-5.982045084238052368e-03,2.123215347528457642e-01,3.555876612663269043e-01,5.031365156173706055e-02,1.456270664930343628e-01,1.162278577685356140e-01,1.483043134212493896e-01,1.925147473812103271e-01,2.573183178901672363e-01,2.685754746198654175e-02,4.285418614745140076e-02,4.112299159169197083e-02,1.393598616123199463e-01,-2.910920083522796631e-01,5.977189913392066956e-02,-1.950435154139995575e-02,1.363059580326080322e-01,-3.740092217922210693e-01,-2.843529582023620605e-01,-7.316066324710845947e-02,2.351546883583068848e-01,1.113386973738670349e-01,3.167754411697387695e-01,6.939563900232315063e-02,1.313163042068481445e-01,1.152391061186790466e-01,1.740664690732955933e-01,-6.662278622388839722e-02,9.803168475627899170e-02,7.658581435680389404e-02,2.048848718404769897e-01,3.849899768829345703e-02,-4.039584845304489136e-02,6.574083119630813599e-02,3.907275572419166565e-02,2.131042033433914185e-01,1.343792527914047241e-01,6.516286730766296387e-02,8.491734415292739868e-02,1.307852864265441895e-01,2.502935193479061127e-02,-1.331935524940490723e-01,-1.073471009731292725e-01,-1.205041655339300632e-03,9.739607572555541992e-02,1.384953558444976807e-01,1.117875948548316956e-01
-1.080294623970985413e-01,5.651593208312988281e-03,-8.227721787989139557e-03,-1.665035486221313477e-01,6.017736792564392090e-01,4.581094980239868164e-01,-2.480519190430641174e-02,-1.479676514863967896e-01,1.000000000000000000e+00,4.718638360500335693e-01,-6.153199076652526855e-02,-1.552287191152572632e-01,1.251179128885269165e-01,1.713800616562366486e-02,5.642080903053283691e-01,2.183845192193984985e-01,-3.084518946707248688e-02,-1.165975779294967651e-01,-1.962028630077838898e-02,-1.092354953289031982e-01,8.075583726167678833e-02,-3.386372327804565430e-02,-2.808665111660957336e-02,-6.653542071580886841e-02,3.417538106441497803e-01,2.344609349966049194e-01,4.158513247966766357e-01,3.532828092575073242e-01,-1.698837429285049438e-02,-2.030473202466964722e-01,3.890764340758323669e-02,-1.561790355481207371e-03,-8.610282838344573975e-02,-6.678889691829681396e-02,-1.894147992134094238e-01,-2.691808938980102539e-01,-1.400308590382337570e-02,-4.552308004349470139e-03,4.695323109626770020e-02,-8.525482565164566040e-02,8.006827533245086670e-02,1.939817667007446289e-01,-7.146816700696945190e-02,-5.148089677095413208e-02,2.063569240272045135e-02,-1.115237548947334290e-02,-3.632407262921333313e-02,-1.378999948501586914e-01,5.646254494786262512e-02,7.451599091291427612e-02,7.506699860095977783e-02,6.137233600020408630e-02,1.302680075168609619e-01,2.373384684324264526e-02,1.348889768123626709e-01,-3.495431318879127502e-02,1.057073920965194702e-01,1.091798469424247742e-01,7.070622593164443970e-02,1.626554727554321289e-01,1.265393346548080444e-01,4.523812606930732727e-02,1.610140502452850342e-01,5.955789610743522644e-02,4.102319851517677307e-02,1.167529746890068054e-01,-6.143962591886520386e-02,-6.712365150451660156e-02,-5.188972130417823792e-02,-4.389127343893051147e-02,-1.731916517019271851e-01,-2.213037759065628052e-01,-1.021555140614509583e-01,-1.739279925823211670e-01,-6.852477788925170898e-02,-7.722108811140060425e-02,2.577145211398601532e-02,-4.345510527491569519e-02,-4.840306192636489868e-02,-1.537394523620605469e-01,1.058067306876182556e-01,-3.248560056090354919e-02,5.368248224258422852e-01,2.616022527217864990e-01,1.849329918622970581e-01,-1.973042823374271393e-02,4.485352039337158203e-01,3.708465397357940674e-01,2.639279663562774658e-01,1.529042869806289673e-01,9.230115450918674469e-03,-1.021290048956871033e-01,3.066446259617805481e-02,-1.154907420277595520e-01,6.582722812891006470e-02,6.863131374120712280e-02,1.288919150829315186e-01,7.792152464389801025e-02,-1.268265694379806519e-01,-1.941782236099243164e-01,-8.553877472877502441e-02,-6.458320468664169312e-02,-8.176900446414947510e-02,-8.049613237380981445e-02,-8.617762476205825806e-02,-1.047248765826225281e-01,6.212118640542030334e-02,2.180135436356067657e-02,1.336579918861389160e-01,1.913963584229350090e-03,1.062014847993850708e-01,9.552060812711715698e-02,6.490744650363922119e-02,-1.051053404808044434e-01,-1.356605440378189087e-01,-1.287600398063659668e-02
-1.326447129249572754e-01,-8.644929528236389160e-02,-2.921050488948822021e-01,-1.049977391958236694e-01,3.084374666213989258e-01,4.296682178974151611e-01,-2.828807532787322998e-01,-3.161187469959259033e-02,4.718638360500335693e-01,1.000000000000000000e+00,-4.827295243740081787e-02,2.138465642929077148e-02,-9.125234186649322510e-02,1.817570030689239502e-01,4.589582681655883789e-01,6.548781394958496094e-01,-6.242216750979423523e-02,9.903457015752792358e-03,-2.139832079410552979e-02,-7.810750510543584824e-03,1.951000392436981201e-01,2.905323505401611328e-01,-2.239861339330673218e-01,-1.069347858428955078e-01,2.356897741556167603e-01,2.765409350395202637e-01,2.113273292779922485e-01,2.492710649967193604e-01,-2.505894051864743233e-03,1.237931996583938599e-01,-1.587257906794548035e-02,1.027276292443275452e-01,-1.088348925113677979e-01,-1.062761619687080383e-01,-1.014705598354339600e-01,-9.257263690233230591e-02,-6.889022886753082275e-02,8.502972126007080078e-02,9.606714546680450439e-02,1.118421554565429688e-01,1.028209179639816284e-02,2.482225596904754639e-01,-1.590928994119167328e-02,7.383072376251220703e-02,-1.006549075245857239e-01,1.580062694847583771e-02,7.304565515369176865e-03,1.744546890258789062e-01,-9.904501959681510925e-03,-9.109006263315677643e-03,-7.935357838869094849e-02,-8.930773474276065826e-03,-1.442289054393768311e-01,2.181982547044754028e-01,-4.482520371675491333e-02,1.840795427560806274e-01,2.345755696296691895e-02,7.567086815834045410e-02,9.048470854759216309e-02,-1.535285636782646179e-02,6.821744143962860107e-02,4.049008339643478394e-02,-1.921381205320358276e-01,4.474944993853569031e-02,-1.160124614834785461e-01,7.933052629232406616e-02,4.152651876211166382e-02,-4.679595679044723511e-02,4.403532668948173523e-02,-7.696334272623062134e-02,-4.549743235111236572e-02,2.893781289458274841e-03,8.193808794021606445e-02,4.513949155807495117e-02,9.245057404041290283e-02,1.737998723983764648e-01,5.739443004131317139e-02,2.014110833406448364e-01,-1.822401955723762512e-02,-9.461364895105361938e-02,-3.907009027898311615e-03,3.306548669934272766e-02,1.937889903783798218e-01,5.298668146133422852e-01,9.582228958606719971e-02,8.101905882358551025e-02,2.691312134265899658e-01,4.874271154403686523e-01,1.300600469112396240e-01,3.382475376129150391e-01,-1.704827696084976196e-01,1.534034907817840576e-01,-1.085629761219024658e-01,2.295815348625183105e-01,8.423430472612380981e-02,1.913229078054428101e-01,1.065396666526794434e-01,2.104582041501998901e-01,-4.593909531831741333e-02,7.872548699378967285e-02,1.995025575160980225e-02,9.949430823326110840e-02,5.878467857837677002e-02,5.348533391952514648e-02,-3.636584803462028503e-02,1.799454446882009506e-03,4.642188176512718201e-02,-3.643165400717407465e-04,3.113945946097373962e-02,8.133589476346969604e-02,1.103021427989006042e-01,2.114944905042648315e-01,2.406242489814758301e-01,2.080070823431015015e-01,1.287160366773605347e-01,2.388495802879333496e-01
2.189279794692993164e-01,-2.806777134537696838e-02,3.220768570899963379e-01,1.531253457069396973e-01,-2.402252256870269775e-01,-4.248786866664886475e-01,3.940302729606628418e-01,2.679677009582519531e-01,-6.153199076652526855e-02,-4.827295243740081787e-02,1.000000000000000000e+00,3.857504427433013916e-01,5.720147490501403809e-01,1.824855655431747437e-01,2.941521108150482178e-01,1.803396791219711304e-01,4.436776936054229736e-01,3.596110343933105469e-01,1.694010943174362183e-01,1.920249015092849731e-01,2.486718446016311646e-01,1.037876978516578674e-01,-6.833998113870620728e-02,-8.732139319181442261e-02,-9.605410695075988770e-02,-2.903252542018890381e-01,-3.143149614334106445e-02,-3.201665580272674561e-01,5.498247742652893066e-01,3.608551323413848877e-01,1.557127535343170166e-01,-7.130322046577930450e-04,1.353557258844375610e-01,1.425568610429763794e-01,8.376707881689071655e-02,9.233744442462921143e-02,1.126761883497238159e-01,2.055059820413589478e-01,1.294324398040771484e-01,1.015014350414276123e-01,6.519828736782073975e-02,-2.892678417265415192e-02,1.776922643184661865e-01,3.957844525575637817e-02,6.862161308526992798e-02,7.171924412250518799e-02,4.433477297425270081e-02,-5.011012032628059387e-02,-8.186157047748565674e-02,-1.084192171692848206e-01,-7.296738028526306152e-02,-7.471748441457748413e-02,-1.393817961215972900e-01,-3.511901497840881348e-01,7.735578715801239014e-02,-4.306869208812713623e-02,-2.653209306299686432e-02,-8.961474150419235229e-02,-2.027788311243057251e-01,2.894879579544067383e-01,1.369511783123016357e-01,6.909232586622238159e-02,-8.282104507088661194e-03,-2.308588922023773193e-01,1.615500003099441528e-01,3.830451518297195435e-02,-8.239722810685634613e-03,1.549193412065505981e-01,1.362939178943634033e-01,4.482161626219749451e-02,3.440337777137756348e-01,3.482211232185363770e-01,1.060161367058753967e-01,2.461239099502563477e-01,1.741284281015396118e-01,9.742480516433715820e-02,2.165714055299758911e-01,1.370166689157485962e-01,1.780385822057723999e-01,2.670587301254272461e-01,2.573453783988952637e-01,1.855044215917587280e-01,-3.344275429844856262e-02,8.516139350831508636e-03,2.607905864715576172e-01,1.088842451572418213e-01,-1.639397293329238892e-01,-2.860706448554992676e-01,4.120875000953674316e-01,5.514067038893699646e-02,4.730623960494995117e-01,5.626044794917106628e-02,4.313089549541473389e-01,7.591173797845840454e-02,1.986532509326934814e-01,1.321637779474258423e-01,-1.368201225996017456e-01,-2.084849178791046143e-01,2.981754541397094727e-01,8.875951170921325684e-02,2.631663084030151367e-01,2.919522300362586975e-02,3.394982814788818359e-01,1.926948130130767822e-01,3.734570443630218506e-01,2.583010494709014893e-01,1.503767520189285278e-01,1.088522449135780334e-01,-6.849168241024017334e-02,-9.470373392105102539e-03,-3.919490873813629150e-01,-2.629573643207550049e-01,-2.363428175449371338e-01,8.088982105255126953e-02,3.011580109596252441e-01,2.844344377517700195e-01
4.226746559143066406e-01,2.544039785861968994e-01,1.093300879001617432e-01,2.704778611660003662e-01,-2.030439823865890503e-01,-2.580709457397460938e-01,2.459909468889236450e-01,4.833477735519409180e-01,-1.552287191152572632e-01,2.138465642929077148e-02,3.857504427433013916e-01,1.000000000000000000e+00,2.667297422885894775e-01,5.659602284431457520e-01,2.098497934639453888e-02,2.617417275905609131e-01,2.556228041648864746e-01,4.355012476444244385e-01,1.508194506168365479e-01,5.173729360103607178e-02,2.267781794071197510e-01,2.241086512804031372e-01,8.690855652093887329e-02,8.005000650882720947e-02,-1.359765604138374329e-02,6.348791718482971191e-02,6.218901369720697403e-03,-3.730472922325134277e-02,2.778975367546081543e-01,4.306028783321380615e-01,1.235866397619247437e-01,3.016900271177291870e-02,3.035097122192382812e-01,2.878491580486297607e-01,3.875439986586570740e-02,1.604006737470626831e-01,1.143295913934707642e-01,2.088286429643630981e-01,3.789432346820831299e-02,1.644417047500610352e-01,5.312744528055191040e-02,1.341455727815628052e-01,9.648838639259338379e-02,1.077866405248641968e-01,2.475014887750148773e-03,1.240452192723751068e-02,3.683372214436531067e-02,8.335847407579421997e-02,7.381886988878250122e-02,6.805829703807830811e-02,6.738392170518636703e-03,5.589313432574272156e-02,-2.636335492134094238e-01,-1.777224689722061157e-01,-1.679944097995758057e-01,1.611943393945693970e-01,1.085413172841072083e-01,1.754742711782455444e-01,1.169345974922180176e-01,2.347346954047679901e-02,2.133229970932006836e-01,2.514426708221435547e-01,-6.157933920621871948e-02,1.489801257848739624e-01,1.242719292640686035e-01,2.060694098472595215e-01,1.305861771106719971e-01,1.276195198297500610e-01,4.864207655191421509e-02,-1.816395670175552368e-02,2.089847922325134277e-01,3.091604411602020264e-01,2.002205848693847656e-01,3.382911086082458496e-01,8.436760306358337402e-02,1.949076056480407715e-01,1.551532149314880371e-01,2.511988282203674316e-01,2.094248235225677490e-01,2.900962829589843750e-01,2.174803018569946289e-01,4.269934892654418945e-01,-2.700583040714263916e-01,9.300039708614349365e-02,1.375223547220230103e-01,3.752374947071075439e-01,-3.047545254230499268e-01,-2.662001848220825195e-01,4.032867029309272766e-02,2.456757873296737671e-01,5.345159024000167847e-02,2.013752907514572144e-01,1.548221567645668983e-03,2.089188545942306519e-01,4.740972071886062622e-02,1.646426767110824585e-01,-1.169066578149795532e-01,1.193747576326131821e-02,1.384506970643997192e-01,2.433133721351623535e-01,1.558683663606643677e-01,1.316849440336227417e-01,3.003101348876953125e-01,2.847041487693786621e-01,3.775056898593902588e-01,3.065564334392547607e-01,1.242460235953330994e-01,1.288842707872390747e-01,-5.964735150337219238e-02,-8.825355768203735352e-02,-2.204848825931549072e-01,-1.614394187927246094e-01,-7.876087725162506104e-02,1.937721520662307739e-01,3.051068186759948730e-01,2.649868130683898926e-01
2.003358304500579834e-01,3.288503363728523254e-02,3.401328325271606445e-01,1.003276854753494263e-01,8.061984926462173462e-02,-2.701838016510009766e-01,5.152525305747985840e-01,2.714954614639282227e-01,1.251179128885269165e-01,-9.125234186649322510e-02,5.720147490501403809e-01,2.667297422885894775e-01,1.000000000000000000e+00,3.346231579780578613e-01,3.859977424144744873e-01,1.812814362347126007e-02,2.938389778137207031e-01,9.503113478422164917e-02,2.332516461610794067e-01,1.861104816198348999e-01,2.885749042034149170e-01,6.049130111932754517e-02,1.096450313925743103e-01,4.199295490980148315e-02,5.470860376954078674e-02,-8.906464278697967529e-02,2.459845095872879028e-01,-1.041124686598777771e-01,4.293178021907806396e-01,1.630098074674606323e-01,2.404739558696746826e-01,9.963320568203926086e-03,4.603564273566007614e-03,8.341157808899879456e-03,-2.748381160199642181e-02,-1.364456564188003540e-01,1.406836658716201782e-01,1.305441111326217651e-01,5.526464059948921204e-02,-1.306870859116315842e-02,4.815779998898506165e-02,-1.842359639704227448e-02,6.977327167987823486e-02,-5.498236417770385742e-02,1.744965761899948120e-01,7.360875606536865234e-02,4.141451790928840637e-02,-1.757954508066177368e-01,8.428270928561687469e-03,3.723044320940971375e-02,7.299664616584777832e-02,9.441741555929183960e-02,2.361272228881716728e-03,-3.580302894115447998e-01,2.458741143345832825e-02,-1.523671746253967285e-01,5.934800952672958374e-02,-1.293133851140737534e-02,-3.079295624047517776e-03,4.000849425792694092e-01,2.133391052484512329e-01,7.373135536909103394e-02,2.450162470340728760e-01,-1.310351938009262085e-01,1.974669694900512695e-01,1.639736741781234741e-01,-8.117676712572574615e-03,1.171411648392677307e-01,1.408229470252990723e-01,1.642464697360992432e-01,3.118091821670532227e-01,2.802449762821197510e-01,6.570153683423995972e-02,1.524752825498580933e-01,1.426644325256347656e-01,1.020295321941375732e-01,3.125411570072174072e-01,9.244107455015182495e-02,7.019998878240585327e-02,9.819709509611129761e-02,3.208104372024536133e-01,1.094977259635925293e-01,2.368605434894561768e-01,5.622859112918376923e-03,3.904101252555847168e-01,1.234739944338798523e-01,7.239786646096035838e-05,-1.608363538980484009e-01,3.942982256412506104e-01,9.222274273633956909e-02,3.588269650936126709e-01,-5.633938312530517578e-02,2.609012424945831299e-01,-7.578881829977035522e-02,1.674459129571914673e-01,6.147598102688789368e-02,-3.895247727632522583e-02,-1.795873641967773438e-01,2.835155464708805084e-02,-1.527212858200073242e-01,7.316152751445770264e-02,-1.043645143508911133e-01,6.175706163048744202e-02,5.860730540007352829e-03,1.978770643472671509e-01,9.026444703340530396e-02,1.309027224779129028e-01,1.116806864738464355e-01,2.058635232970118523e-03,-6.957208365201950073e-02,-2.492671906948089600e-01,-3.462007045745849609e-01,-3.139708936214447021e-01,-2.443768084049224854e-02,1.167314350605010986e-01,1.732485592365264893e-01
