1.000000000000000000e+00,6.292086839675903320e-02,3.971338272094726562e-01,2.993240952491760254e-01,2.459350228309631348e-01,1.218176335096359253e-01,3.347581326961517334e-01,3.816475570201873779e-01,4.673019424080848694e-02,-1.460579689592123032e-02,4.509114325046539307e-01,2.614598162472248077e-02,5.071442127227783203e-01,2.391742020845413208e-01,1.080028340220451355e-01,-1.005213780445046723e-04,1.905242800712585449e-01,-8.736091852188110352e-02,1.696574538946151733e-01,2.748435437679290771e-01,2.184553071856498718e-02,9.837532415986061096e-03,3.230915218591690063e-02,8.629501610994338989e-02,1.563231348991394043e-01,1.783708930015563965e-01,1.102653741836547852e-01,1.469341069459915161e-01,4.192779362201690674e-01,1.166407167911529541e-01,9.960779547691345215e-02,1.067173257470130920e-01,2.818345427513122559e-01,1.063674986362457275e-01,1.499374657869338989e-01,9.945190697908401489e-02,1.274771839380264282e-01,7.956043630838394165e-02,1.116758510470390320e-01,-9.923892468214035034e-02,2.671847641468048096e-01,1.165357455611228943e-01,-1.102294772863388062e-01,3.069389611482620239e-02,2.771762013435363770e-02,-1.736633293330669403e-02,1.040959730744361877e-01,3.254978731274604797e-02,5.303394421935081482e-02,-1.004218608140945435e-01,2.067206203937530518e-01,-1.232934594154357910e-01,7.049354165792465210e-02,-4.795644804835319519e-02,1.280857771635055542e-01,-6.033372506499290466e-02,4.234390556812286377e-01,-2.620538175106048584e-01,2.777793705463409424e-01,7.134031038731336594e-03,1.673662066459655762e-01,-9.041535854339599609e-02,1.795726716518402100e-01,-1.856992840766906738e-01,1.891716122627258301e-01,-2.678375691175460815e-02,2.657228708267211914e-01,1.794099956750869751e-01,2.670624554157257080e-01,1.480571478605270386e-01,2.207212001085281372e-01,1.997448652982711792e-01,3.906883895397186279e-01,2.795865237712860107e-01,-1.390894409269094467e-02,-1.342557519674301147e-01,2.247952520847320557e-01,1.851728111505508423e-01,2.233366519212722778e-01,1.090012304484844208e-02,1.630633026361465454e-01,-1.306588798761367798e-01,2.269875258207321167e-01,-6.196328625082969666e-02,1.137136965990066528e-01,-1.527905911207199097e-01,8.822314441204071045e-02,-7.546344399452209473e-02,1.119538545608520508e-01,-4.717700928449630737e-02,4.095500335097312927e-02,-1.870204508304595947e-01,9.038404375314712524e-02,-1.044841930270195007e-01,1.386871039867401123e-01,1.406287252902984619e-01,1.805804818868637085e-01,1.089733242988586426e-01,1.019238159060478210e-01,-9.246928244829177856e-02,1.405934840440750122e-01,-2.201446592807769775e-01,-6.464706268161535263e-03,-1.860143095254898071e-01,5.209536105394363403e-02,1.279509160667657852e-02,1.890509389340877533e-02,-7.553812861442565918e-02,9.914426505565643311e-02,1.542386710643768311e-01,1.591027230024337769e-01,-8.837073110044002533e-04,-2.124960906803607941e-02,-5.533196963369846344e-03,5.387168377637863159e-02,4.317235946655273438e-02
6.292086839675903320e-02,1.000000000000000000e+00,1.866287440061569214e-01,2.202433347702026367e-01,1.454834789037704468e-01,4.585026297718286514e-03,1.683065481483936310e-02,2.345531880855560303e-01,2.467615306377410889e-01,1.126354038715362549e-01,-4.326021298766136169e-02,5.783357620239257812e-01,2.719075046479701996e-02,2.877883017063140869e-01,1.462859660387039185e-01,1.918710321187973022e-01,4.400048032402992249e-02,5.785647630691528320e-01,2.024560272693634033e-01,3.068149089813232422e-01,2.036009281873703003e-01,1.445373445749282837e-01,6.356096267700195312e-02,3.207188099622726440e-02,1.089299246668815613e-01,2.396195381879806519e-01,1.898979246616363525e-01,1.452506184577941895e-01,9.637852013111114502e-02,5.050669312477111816e-01,2.121044248342514038e-01,1.431937068700790405e-01,4.377917349338531494e-01,5.930100679397583008e-01,1.168278083205223083e-01,5.383583158254623413e-02,1.607389152050018311e-01,2.147872149944305420e-01,2.072905749082565308e-01,1.547714471817016602e-01,1.600290834903717041e-01,1.753042042255401611e-01,8.333940804004669189e-02,2.578211426734924316e-01,1.020304560661315918e-01,2.556465566158294678e-01,5.396036431193351746e-02,3.318010568618774414e-01,-3.136977180838584900e-02,3.709122836589813232e-01,-7.133756577968597412e-02,4.199531674385070801e-01,-1.722104847431182861e-01,9.639109671115875244e-02,3.510645776987075806e-02,2.737162709236145020e-01,1.231079697608947754e-01,6.173766255378723145e-01,-1.120044663548469543e-01,2.712513804435729980e-01,-1.519293040037155151e-01,2.888599038124084473e-01,-2.844157814979553223e-01,3.223349452018737793e-01,-3.960924595594406128e-02,3.298540115356445312e-01,1.492370516061782837e-01,2.919307351112365723e-01,3.183999657630920410e-01,3.189902901649475098e-01,9.390578418970108032e-02,1.968495696783065796e-01,1.495699137449264526e-01,4.113080501556396484e-01,2.603554166853427887e-03,1.207272037863731384e-01,2.715585008263587952e-02,7.129397243261337280e-02,1.461848318576812744e-01,3.945271074771881104e-01,-3.263183310627937317e-02,4.893600940704345703e-01,-4.632829502224922180e-02,4.570496380329132080e-01,1.615964062511920929e-02,4.977844357490539551e-01,7.870149612426757812e-02,3.993354141712188721e-01,8.977527171373367310e-02,4.755727052688598633e-01,-1.405407339334487915e-01,2.677248418331146240e-01,9.616866707801818848e-02,3.093937635421752930e-01,1.139407455921173096e-01,2.243673503398895264e-01,1.189142987132072449e-01,2.101769149303436279e-01,1.837297342717647552e-02,3.352162837982177734e-01,2.139663994312286377e-01,3.149084746837615967e-01,4.408865049481391907e-02,2.712602317333221436e-01,2.184142023324966431e-01,4.294536709785461426e-01,6.578406784683465958e-03,2.938364446163177490e-01,8.709243685007095337e-02,7.941290736198425293e-02,8.412393182516098022e-02,1.537702232599258423e-01,1.721843034029006958e-01,2.656411230564117432e-01,2.356850206851959229e-01,2.119955420494079590e-02
3.971338272094726562e-01,1.866287440061569214e-01,1.000000000000000000e+00,3.783797621726989746e-01,2.086028605699539185e-01,5.496168136596679688e-02,5.823130011558532715e-01,4.616583585739135742e-01,1.752349734306335449e-01,1.270471811294555664e-01,1.442284137010574341e-01,1.418403834104537964e-01,2.787126600742340088e-01,2.517960369586944580e-01,1.010104417800903320e-01,1.467228680849075317e-01,1.297162622213363647e-01,1.476419270038604736e-01,3.076744973659515381e-01,3.400905132293701172e-01,-2.126977080479264259e-03,4.276633262634277344e-02,2.303045243024826050e-01,2.707632184028625488e-01,2.511571049690246582e-01,2.516504824161529541e-01,1.038463264703750610e-01,1.902129054069519043e-01,2.305316329002380371e-01,1.961044818162918091e-01,2.177472114562988281e-01,2.036111950874328613e-01,2.023140192031860352e-01,2.381457984447479248e-01,2.676751613616943359e-01,2.143752276897430420e-01,9.461493790149688721e-02,1.489075273275375366e-01,7.411751151084899902e-02,-5.259247869253158569e-02,2.221596986055374146e-01,1.814382821321487427e-01,6.065182015299797058e-02,2.462468594312667847e-01,1.093747615814208984e-01,1.482978910207748413e-01,1.805242300033569336e-01,2.727434933185577393e-01,5.250029265880584717e-02,1.070434153079986572e-01,-3.199483267962932587e-03,9.821686148643493652e-02,-2.403093501925468445e-02,1.940145157277584076e-03,4.487519711256027222e-02,7.685843110084533691e-02,1.803596466779708862e-01,8.923339098691940308e-02,5.382155999541282654e-02,-3.953601233661174774e-03,5.712286103516817093e-03,-1.473727263510227203e-02,-1.759860664606094360e-02,-9.602215886116027832e-02,1.010464727878570557e-01,6.499521434307098389e-02,1.986169815063476562e-01,1.993152499198913574e-01,1.113506853580474854e-01,7.699443493038415909e-03,1.981657147407531738e-01,2.244287878274917603e-01,1.530826389789581299e-01,2.205541878938674927e-01,-5.789977684617042542e-02,-1.242214627563953400e-02,1.910272389650344849e-01,1.421446502208709717e-01,1.624159216880798340e-01,1.177333369851112366e-01,8.833942562341690063e-02,8.569882065057754517e-02,1.986425518989562988e-01,1.542933285236358643e-01,5.644267424941062927e-02,8.420664817094802856e-02,8.472633361816406250e-02,1.285244524478912354e-01,1.600155383348464966e-01,1.746880412101745605e-01,3.304061666131019592e-02,6.895916163921356201e-02,1.478170603513717651e-01,1.939620971679687500e-01,1.201265528798103333e-01,1.519608944654464722e-01,1.924094408750534058e-01,2.110650241374969482e-01,9.301476180553436279e-02,1.293007433414459229e-01,2.104657143354415894e-01,1.558074355125427246e-01,1.077094227075576782e-01,1.321098357439041138e-01,1.161492839455604553e-01,1.317903250455856323e-01,1.173689775168895721e-02,2.417422365397214890e-03,1.029942333698272705e-01,1.844125390052795410e-01,1.418512165546417236e-01,2.332253009080886841e-02,4.547815769910812378e-02,2.252717874944210052e-02,1.032692864537239075e-01,1.357030123472213745e-01
2.993240952491760254e-01,2.202433347702026367e-01,3.783797621726989746e-01,1.000000000000000000e+00,1.321802437305450439e-01,1.421496719121932983e-01,2.886730730533599854e-01,6.233155131340026855e-01,8.715957403182983398e-02,2.174068838357925415e-01,1.134766936302185059e-01,2.371515631675720215e-01,2.203598171472549438e-01,3.182815015316009521e-01,8.896347880363464355e-02,2.137186378240585327e-01,1.284147799015045166e-01,1.985810101032257080e-01,2.600093483924865723e-01,4.273448288440704346e-01,3.572510927915573120e-02,7.860277593135833740e-02,1.965438276529312134e-01,5.459169149398803711e-01,4.748002812266349792e-02,1.626670509576797485e-01,9.349729120731353760e-02,1.176290810108184814e-01,1.585199534893035889e-01,2.533599734306335449e-01,8.685585856437683105e-02,2.579938471317291260e-01,7.495103776454925537e-02,1.648322641849517822e-01,2.847963012754917145e-02,-1.173799782991409302e-01,6.406427919864654541e-02,7.595529407262802124e-02,7.570622116327285767e-02,-2.543098852038383484e-02,1.216590031981468201e-01,8.139642328023910522e-02,-6.114945933222770691e-02,4.332612454891204834e-02,1.850091367959976196e-01,1.844425648450851440e-01,8.722692728042602539e-02,-3.476414084434509277e-02,1.747989207506179810e-01,1.556200534105300903e-01,1.861308366060256958e-01,6.587878614664077759e-02,1.852655783295631409e-02,-5.615200474858283997e-02,3.421967476606369019e-02,4.982445389032363892e-02,6.830206513404846191e-02,5.145419016480445862e-02,1.725028753280639648e-01,2.529399991035461426e-01,-1.959659904241561890e-02,5.451215058565139771e-02,-1.828836463391780853e-02,1.596472859382629395e-01,1.626042872667312622e-01,2.251333594322204590e-01,1.374316662549972534e-01,1.579412817955017090e-01,3.567009046673774719e-02,-7.177743315696716309e-02,5.479092150926589966e-02,1.534981280565261841e-01,1.863968819379806519e-01,2.729369997978210449e-01,-5.658087786287069321e-03,-4.817215725779533386e-02,1.079337447881698608e-01,4.123557358980178833e-02,1.369810700416564941e-01,1.608539223670959473e-01,9.713942557573318481e-02,1.500885784626007080e-01,2.478185482323169708e-02,6.559729576110839844e-02,1.187968254089355469e-01,5.763329192996025085e-02,3.336529806256294250e-02,7.485030591487884521e-02,1.676221489906311035e-01,1.060745343565940857e-01,6.720800697803497314e-02,-5.637041479349136353e-02,1.426125615835189819e-01,-4.586086794734001160e-02,6.412645429372787476e-02,7.003857195377349854e-02,7.554414123296737671e-02,-3.108740970492362976e-02,4.577082023024559021e-02,1.077505666762590408e-02,1.275478750467300415e-01,-5.330521613359451294e-02,4.878783226013183594e-02,-9.844705462455749512e-03,7.207427918910980225e-02,7.816932350397109985e-02,5.142444744706153870e-03,2.561589330434799194e-02,-2.374787814915180206e-02,-5.306888371706008911e-02,-7.489423453807830811e-02,-8.151207119226455688e-02,-9.989952296018600464e-02,4.810774698853492737e-02,9.214502573013305664e-02,8.152452297508716583e-03
2.459350228309631348e-01,1.454834789037704468e-01,2.086028605699539185e-01,1.321802437305450439e-01,1.000000000000000000e+00,5.651989579200744629e-01,2.477108091115951538e-01,1.729118973016738892e-01,3.791801333427429199e-01,3.936421275138854980e-01,1.885302066802978516e-01,8.172959089279174805e-02,2.622123360633850098e-01,1.566654443740844727e-01,2.497215718030929565e-01,2.605033218860626221e-01,1.878954768180847168e-01,1.130798310041427612e-01,1.497916430234909058e-01,1.552128046751022339e-01,7.044210284948348999e-02,-2.201232872903347015e-02,1.678577512502670288e-01,7.939513027667999268e-02,4.286360144615173340e-01,4.337925016880035400e-01,5.807245373725891113e-01,6.078063249588012695e-01,2.741320133209228516e-01,2.059427052736282349e-01,2.808371186256408691e-01,2.404481917619705200e-01,2.428936660289764404e-01,2.069419920444488525e-01,1.505580842494964600e-01,1.329960823059082031e-01,1.758076548576354980e-01,1.041652560234069824e-01,1.293503940105438232e-01,1.075097471475601196e-01,1.332608312368392944e-01,1.047201082110404968e-01,1.360969990491867065e-01,7.946561276912689209e-02,1.229994893074035645e-01,9.154695272445678711e-02,1.466269493103027344e-01,1.171810701489448547e-01,5.795768648386001587e-02,2.181646972894668579e-02,1.228892803192138672e-01,-2.150928787887096405e-02,1.535582244396209717e-01,3.850699588656425476e-02,2.301567345857620239e-01,7.503582537174224854e-02,1.119173392653465271e-01,6.624396145343780518e-02,2.326189875602722168e-01,1.098384633660316467e-01,1.193141043186187744e-01,6.928814947605133057e-02,1.430090814828872681e-01,4.217581450939178467e-02,1.896122246980667114e-01,4.754638671875000000e-02,2.280074059963226318e-01,1.876597702503204346e-01,1.102384999394416809e-01,4.885199293494224548e-02,5.933550372719764709e-02,1.020265594124794006e-01,2.007814049720764160e-01,2.432754188776016235e-01,2.645223634317517281e-03,-4.174602404236793518e-02,9.653217345476150513e-02,7.655653357505798340e-02,2.613092064857482910e-01,1.222921460866928101e-01,2.043036222457885742e-01,7.018951326608657837e-02,8.911585807800292969e-02,-6.681914627552032471e-02,2.076385170221328735e-01,2.903894707560539246e-02,9.127818048000335693e-03,-5.438027530908584595e-02,1.752133369445800781e-01,5.426532775163650513e-02,6.286541372537612915e-02,-3.070129081606864929e-03,4.796494916081428528e-02,-4.272156953811645508e-02,1.693279147148132324e-01,1.648668795824050903e-01,1.521580517292022705e-01,1.364728510379791260e-01,8.445738255977630615e-02,1.184314042329788208e-01,4.271024465560913086e-02,-1.055756285786628723e-01,-2.184798568487167358e-02,-1.296534240245819092e-01,5.659964308142662048e-02,4.368236660957336426e-02,1.696367561817169189e-02,-2.409842237830162048e-02,8.425322175025939941e-02,1.067366376519203186e-01,9.968247264623641968e-02,6.444093585014343262e-02,1.816197670996189117e-02,-2.694995328783988953e-02,-1.240986119955778122e-02,2.186318114399909973e-02
1.218176335096359253e-01,4.585026297718286514e-03,5.496168136596679688e-02,1.421496719121932983e-01,5.651989579200744629e-01,1.000000000000000000e+00,1.302931010723114014e-01,1.664725840091705322e-01,3.081888854503631592e-01,5.511349439620971680e-01,1.948301643133163452e-01,3.970093280076980591e-02,2.690202891826629639e-01,1.686818003654479980e-01,2.781215608119964600e-01,3.547406196594238281e-01,2.260324805974960327e-01,3.104126639664173126e-02,1.212640181183815002e-01,1.147727370262145996e-01,-2.142807282507419586e-02,-8.594252914190292358e-02,2.967055439949035645e-01,1.775563061237335205e-01,3.954434692859649658e-01,3.050805628299713135e-01,5.254215002059936523e-01,5.205081105232238770e-01,2.414881438016891479e-01,1.793733537197113037e-01,2.269365787506103516e-01,2.232833653688430786e-01,1.738583743572235107e-01,1.145530492067337036e-01,3.112814947962760925e-02,2.525101229548454285e-02,2.313835918903350830e-01,6.606020778417587280e-02,6.621930748224258423e-02,1.487408578395843506e-01,6.176672130823135376e-02,4.935637116432189941e-02,1.421492546796798706e-01,2.692447416484355927e-02,1.949898451566696167e-01,5.188654363155364990e-02,2.254885733127593994e-01,3.899306058883666992e-02,1.194988712668418884e-01,5.299077020026743412e-04,1.856015324592590332e-01,-1.036902889609336853e-01,2.509449422359466553e-01,6.185140460729598999e-02,2.586998045444488525e-01,1.932343584485352039e-03,6.376596540212631226e-02,2.591282501816749573e-02,2.872481048107147217e-01,1.424606442451477051e-01,1.338897943496704102e-01,3.429275378584861755e-02,1.808516085147857666e-01,8.435723185539245605e-02,2.800432145595550537e-01,6.701682507991790771e-02,2.327074259519577026e-01,1.322778761386871338e-01,7.090351730585098267e-02,-4.551021009683609009e-02,4.601417854428291321e-02,1.493384093046188354e-01,2.539121508598327637e-01,1.356326043605804443e-01,8.170157670974731445e-02,-3.770481795072555542e-02,6.645718961954116821e-02,5.234731733798980713e-02,2.064623385667800903e-01,-1.654126797802746296e-03,2.601738572120666504e-01,9.153824299573898315e-02,-2.327837981283664703e-02,-1.746599525213241577e-01,2.434902936220169067e-01,1.482963841408491135e-02,-1.375769078731536865e-02,-1.290893107652664185e-01,1.662851423025131226e-01,-5.038409307599067688e-02,1.338020712137222290e-01,1.254343986511230469e-02,-4.336043726652860641e-03,-8.550873398780822754e-02,9.220419824123382568e-02,1.047518998384475708e-01,1.973135322332382202e-01,1.179807558655738831e-01,1.090040951967239380e-01,1.240166127681732178e-01,-1.538338959217071533e-01,-1.971247196197509766e-01,-1.437010765075683594e-01,-2.273369431495666504e-01,-4.047963768243789673e-02,-5.392433330416679382e-02,-5.075005814433097839e-02,-7.103813439607620239e-02,1.242220327258110046e-01,9.551940113306045532e-02,5.798843502998352051e-02,7.481468468904495239e-02,-6.927454471588134766e-02,-4.191778972744941711e-02,-9.398042410612106323e-02,1.203077379614114761e-02
3.347581326961517334e-01,1.683065481483936310e-02,5.823130011558532715e-01,2.886730730533599854e-01,2.477108091115951538e-01,1.302931010723114014e-01,1.000000000000000000e+00,3.929838538169860840e-01,1.931812018156051636e-01,1.819706410169601440e-01,3.419975340366363525e-01,5.516921356320381165e-02,5.041432976722717285e-01,1.818181872367858887e-01,1.158360391855239868e-01,1.564201414585113525e-01,1.744697690010070801e-01,4.082665219902992249e-02,7.918745279312133789e-02,1.367653757333755493e-01,1.404463797807693481e-01,6.677474081516265869e-02,2.169078588485717773e-01,2.045543044805526733e-01,2.168055623769760132e-01,2.234552800655364990e-01,2.057205885648727417e-01,2.296040356159210205e-01,3.166770935058593750e-01,2.129728943109512329e-01,2.708560228347778320e-01,2.479083091020584106e-01,1.303674280643463135e-01,1.355448961257934570e-01,1.868139505386352539e-01,1.369742751121520996e-01,2.141638249158859253e-01,1.560714989900588989e-01,1.192185953259468079e-01,1.067382320761680603e-01,9.680217504501342773e-02,7.971147447824478149e-02,7.165174931287765503e-02,1.059968546032905579e-01,1.248151808977127075e-01,7.021457701921463013e-02,2.141011506319046021e-01,1.298988163471221924e-01,7.701089233160018921e-02,-4.912596195936203003e-02,-6.347144395112991333e-02,-1.302082985639572144e-01,-3.548819944262504578e-02,-1.606868952512741089e-01,1.946386396884918213e-01,1.135899275541305542e-01,1.534057594835758209e-02,-4.184247553348541260e-02,1.300637722015380859e-01,7.323800120502710342e-03,4.227567091584205627e-02,-8.040605485439300537e-02,1.184424459934234619e-01,-6.834705173969268799e-02,8.185406029224395752e-02,-5.969241634011268616e-02,2.668699920177459717e-01,1.868704855442047119e-01,-3.989319130778312683e-02,-1.014104261994361877e-01,2.588652968406677246e-01,2.728941738605499268e-01,2.584217786788940430e-01,2.038480639457702637e-01,8.478260785341262817e-02,3.386628627777099609e-02,1.716785281896591187e-01,1.269806027412414551e-01,2.221221625804901123e-01,9.451158344745635986e-02,1.434364765882492065e-01,1.304206810891628265e-02,1.941874772310256958e-01,-4.520795121788978577e-02,1.477239429950714111e-01,-3.156705945730209351e-02,-6.295092403888702393e-03,-5.788678303360939026e-02,1.734149903059005737e-01,9.158710949122905731e-03,7.056660205125808716e-02,-6.374656409025192261e-02,2.071864157915115356e-02,-1.470722141675651073e-03,1.493943631649017334e-01,7.539529353380203247e-02,2.429923564195632935e-01,2.195193767547607422e-01,2.362746149301528931e-01,1.218961775302886963e-01,1.320929527282714844e-01,9.518310427665710449e-03,1.504303365945816040e-01,4.320104420185089111e-02,1.447719186544418335e-01,6.898455321788787842e-02,6.116652861237525940e-02,2.551509998738765717e-03,1.257194876670837402e-01,1.930014938116073608e-01,1.712583005428314209e-01,5.166658759117126465e-02,6.500699371099472046e-02,-2.320768684148788452e-02,2.273724228143692017e-02,1.420570611953735352e-01
3.816475570201873779e-01,2.345531880855560303e-01,4.616583585739135742e-01,6.233155131340026855e-01,1.729118973016738892e-01,1.664725840091705322e-01,3.929838538169860840e-01,1.000000000000000000e+00,8.578551560640335083e-02,2.605253756046295166e-01,1.057090014219284058e-01,2.228504121303558350e-01,2.506688237190246582e-01,3.913461863994598389e-01,1.556442230939865112e-01,2.126007825136184692e-01,1.521057486534118652e-01,1.338921785354614258e-01,2.088139653205871582e-01,3.441719114780426025e-01,-3.718164563179016113e-02,1.834810338914394379e-02,1.382745057344436646e-01,3.822848796844482422e-01,2.264915555715560913e-01,2.212018519639968872e-01,1.341665983200073242e-01,1.345300674438476562e-01,2.268587350845336914e-01,2.180589735507965088e-01,9.949934482574462891e-02,2.100212424993515015e-01,1.648266911506652832e-01,1.647479385137557983e-01,1.190274357795715332e-01,5.413381382822990417e-02,5.670897662639617920e-02,8.717567473649978638e-02,5.943318828940391541e-02,-6.021231785416603088e-02,2.181715816259384155e-01,1.447930485010147095e-01,-7.276833057403564453e-02,1.741082668304443359e-01,7.846861332654953003e-02,6.813693791627883911e-02,1.036352962255477905e-01,4.056599363684654236e-02,5.349828675389289856e-02,4.585754871368408203e-02,5.356488749384880066e-02,6.338496226817369461e-03,-5.122729390859603882e-02,-3.479688614606857300e-02,-2.903727348893880844e-03,2.909366041421890259e-02,1.515965759754180908e-01,-2.143067866563796997e-02,2.601339854300022125e-02,8.558069169521331787e-02,-5.444388091564178467e-02,-2.223789319396018982e-02,-8.775171637535095215e-02,3.916742652654647827e-02,5.846026912331581116e-02,1.304183304309844971e-01,8.655853569507598877e-02,1.257596015930175781e-01,3.509029373526573181e-02,-5.034091323614120483e-02,1.811477094888687134e-01,2.224418669939041138e-01,2.639235854148864746e-01,2.709594368934631348e-01,2.565539069473743439e-02,-7.860165834426879883e-02,1.996037811040878296e-01,1.503631174564361572e-01,1.645634770393371582e-01,1.470468789339065552e-01,3.672255948185920715e-02,1.323926299810409546e-01,8.383446931838989258e-02,1.350229084491729736e-01,-1.422899682074785233e-02,7.764227688312530518e-02,3.055292554199695587e-02,1.278554350137710571e-01,4.304258525371551514e-02,1.076785698533058167e-01,-7.835417240858078003e-02,-7.902249693870544434e-02,4.943407140672206879e-03,-3.335938323289155960e-03,1.426596790552139282e-01,9.149198234081268311e-02,1.529782414436340332e-01,5.932637304067611694e-02,-1.126157236285507679e-03,-6.721489876508712769e-02,1.247148364782333374e-01,7.506199181079864502e-02,6.879604607820510864e-02,1.186536699533462524e-01,5.285903066396713257e-02,7.305728644132614136e-02,-3.672338789328932762e-03,7.725145667791366577e-02,1.177732124924659729e-01,1.610291600227355957e-01,2.311799861490726471e-02,-1.017441749572753906e-01,-1.478211283683776855e-01,6.429562810808420181e-03,1.004151925444602966e-01,7.004429399967193604e-02
4.673019424080848694e-02,2.467615306377410889e-01,1.752349734306335449e-01,8.715957403182983398e-02,3.791801333427429199e-01,3.081888854503631592e-01,1.931812018156051636e-01,8.578551560640335083e-02,1.000000000000000000e+00,5.271638631820678711e-01,2.359293550252914429e-01,2.094787508249282837e-01,2.785753011703491211e-01,2.332714945077896118e-01,5.710031390190124512e-01,4.254073798656463623e-01,1.991703659296035767e-01,2.694252133369445801e-01,1.648378074169158936e-01,2.056207507848739624e-01,1.900175660848617554e-01,1.201991215348243713e-01,1.789094954729080200e-01,8.943509310483932495e-02,1.826989203691482544e-01,3.387985825538635254e-01,3.342410027980804443e-01,3.636377751827239990e-01,2.655005156993865967e-01,3.745821118354797363e-01,4.244998097419738770e-01,3.661155402660369873e-01,3.148224353790283203e-01,3.770634233951568604e-01,1.885374337434768677e-01,1.134652942419052124e-01,3.294718861579895020e-01,1.654842793941497803e-01,2.149817496538162231e-01,1.611588299274444580e-01,-1.183260232210159302e-02,2.259553410112857819e-02,2.256564050912857056e-01,1.464911252260208130e-01,2.414232045412063599e-01,1.961370259523391724e-01,2.144294679164886475e-01,2.325075417757034302e-01,1.553286612033843994e-01,1.349738538265228271e-01,7.663811743259429932e-02,6.770832091569900513e-02,1.561034619808197021e-01,1.512970924377441406e-01,2.740172147750854492e-01,1.378009766340255737e-01,5.587084218859672546e-02,2.900617122650146484e-01,2.313786596059799194e-01,2.458737343549728394e-01,1.291079521179199219e-01,2.000645697116851807e-01,1.911757290363311768e-01,2.324730455875396729e-01,1.915600001811981201e-01,1.396616250276565552e-01,3.395903110504150391e-01,3.096839487552642822e-01,1.757178604602813721e-01,2.378494143486022949e-01,2.010414004325866699e-01,3.054184317588806152e-01,1.866739243268966675e-01,3.001354336738586426e-01,-2.288499288260936737e-02,1.211823150515556335e-01,-8.885327726602554321e-02,-5.499706044793128967e-02,1.655660271644592285e-01,1.340166479349136353e-01,2.481057941913604736e-01,2.636772394180297852e-01,-2.566502802073955536e-02,8.018145710229873657e-02,2.474080771207809448e-01,1.762149631977081299e-01,8.491605520248413086e-02,7.916102558374404907e-02,2.110401242971420288e-01,1.276968121528625488e-01,1.778413355350494385e-01,2.231689840555191040e-01,5.326931178569793701e-02,7.082325220108032227e-02,1.323800235986709595e-01,2.117313742637634277e-01,1.466077417135238647e-01,2.511681020259857178e-01,2.518488466739654541e-01,3.761599659919738770e-01,-6.386782228946685791e-02,-4.199836030602455139e-02,-6.620157975703477859e-03,-3.144160658121109009e-02,1.101236268877983093e-01,1.243134886026382446e-01,3.317900002002716064e-02,1.432265620678663254e-02,5.222367122769355774e-02,4.027113690972328186e-02,1.400944590568542480e-01,2.159409523010253906e-01,1.796760857105255127e-01,1.193534061312675476e-01,-4.065787792205810547e-02,3.487950563430786133e-02
-1.460579689592123032e-02,1.126354038715362549e-01,1.270471811294555664e-01,2.174068838357925415e-01,3.936421275138854980e-01,5.511349439620971680e-01,1.819706410169601440e-01,2.605253756046295166e-01,5.271638631820678711e-01,1.000000000000000000e+00,1.881078779697418213e-01,1.147977784276008606e-01,1.873163431882858276e-01,2.846832275390625000e-01,4.137702286243438721e-01,5.974652171134948730e-01,2.101843655109405518e-01,1.018615216016769409e-01,1.822798848152160645e-01,1.870937943458557129e-01,9.711131453514099121e-02,6.788861751556396484e-02,2.718282043933868408e-01,2.395051568746566772e-01,3.448473811149597168e-01,3.640841245651245117e-01,3.102933168411254883e-01,3.619559109210968018e-01,2.425750046968460083e-01,2.892453074455261230e-01,3.438469171524047852e-01,4.037359356880187988e-01,2.491324245929718018e-01,2.766480147838592529e-01,1.432479321956634521e-01,7.562606036663055420e-02,3.138226866722106934e-01,1.248012557625770569e-01,1.587195694446563721e-01,1.756945103406906128e-01,-1.847626827657222748e-02,1.791459135711193085e-02,1.958254128694534302e-01,7.305904477834701538e-02,2.287495732307434082e-01,1.057205721735954285e-01,2.687193751335144043e-01,6.391196697950363159e-02,1.694111675024032593e-01,2.744591236114501953e-02,1.525924354791641235e-01,-7.660471647977828979e-02,2.382595986127853394e-01,9.083192050457000732e-02,3.165233433246612549e-01,1.045272871851921082e-01,5.961851775646209717e-02,1.599449813365936279e-01,2.640242278575897217e-01,1.788692325353622437e-01,1.548662334680557251e-01,6.465133279561996460e-02,2.375943958759307861e-01,2.152149528264999390e-01,2.198264151811599731e-01,7.066784054040908813e-02,3.019014298915863037e-01,2.310584783554077148e-01,1.339372545480728149e-01,7.336270064115524292e-02,1.959283351898193359e-01,2.646900415420532227e-01,2.303556501865386963e-01,2.618620395660400391e-01,8.201309293508529663e-02,7.163518667221069336e-02,1.677741669118404388e-02,-9.740649722516536713e-03,1.156403422355651855e-01,3.621026128530502319e-02,2.533302009105682373e-01,2.156280726194381714e-01,-2.535468339920043945e-02,-3.678205981850624084e-02,2.504437565803527832e-01,5.227906629443168640e-02,9.041137248277664185e-02,3.938014153391122818e-03,2.383137792348861694e-01,1.460734382271766663e-02,2.385442554950714111e-01,9.400531649589538574e-02,7.310950011014938354e-02,-6.252843141555786133e-02,1.007950827479362488e-01,1.261272430419921875e-01,2.055188715457916260e-01,1.927129626274108887e-01,2.912149727344512939e-01,3.027459681034088135e-01,-6.560386717319488525e-02,-8.952417224645614624e-02,7.499681413173675537e-02,-4.095305129885673523e-02,1.119227334856987000e-01,1.856260187923908234e-02,1.647305488586425781e-02,3.892406448721885681e-02,7.353460788726806641e-02,5.859404429793357849e-02,8.726750314235687256e-02,9.332703053951263428e-02,6.690493971109390259e-02,4.661707207560539246e-02,-5.730463564395904541e-02,5.666977912187576294e-02
4.509114325046539307e-01,-4.326021298766136169e-02,1.442284137010574341e-01,1.134766936302185059e-01,1.885302066802978516e-01,1.948301643133163452e-01,3.419975340366363525e-01,1.057090014219284058e-01,2.359293550252914429e-01,1.881078779697418213e-01,1.000000000000000000e+00,1.509007066488265991e-01,6.052502989768981934e-01,2.707833349704742432e-01,2.521011233329772949e-01,2.326427102088928223e-01,4.325453937053680420e-01,-2.903370931744575500e-02,5.966675654053688049e-02,1.912867091596126556e-02,2.702053785324096680e-01,1.356970667839050293e-01,1.141632199287414551e-01,3.567970544099807739e-02,7.409378886222839355e-02,4.724354296922683716e-02,1.706748306751251221e-01,1.986701935529708862e-01,5.662868618965148926e-01,2.342750877141952515e-01,2.575766742229461670e-01,2.504767179489135742e-01,2.437204718589782715e-01,1.186189427971839905e-01,1.858433783054351807e-01,1.169278100132942200e-01,4.060048460960388184e-01,2.353134304285049438e-01,3.079119622707366943e-01,1.472452878952026367e-01,1.597080379724502563e-01,6.235719099640846252e-02,2.259046733379364014e-01,2.679798752069473267e-03,2.388197332620620728e-01,6.412860751152038574e-02,3.491085171699523926e-01,2.551476843655109406e-02,2.917324900627136230e-01,4.276310279965400696e-02,3.123696446418762207e-01,-1.710506081581115723e-01,2.682167589664459229e-01,-5.701724812388420105e-02,4.143239855766296387e-01,9.787189215421676636e-02,3.123371899127960205e-01,-1.047299802303314209e-01,5.297778844833374023e-01,2.229185700416564941e-01,4.711273908615112305e-01,1.315287947654724121e-01,4.941223561763763428e-01,6.033413112163543701e-02,3.533398211002349854e-01,-2.908639237284660339e-02,4.897835552692413330e-01,3.455749750137329102e-01,1.514778733253479004e-01,1.441107690334320068e-01,3.746699094772338867e-01,3.410665988922119141e-01,4.363192915916442871e-01,3.332243561744689941e-01,1.790317445993423462e-01,1.018026843667030334e-01,1.982257813215255737e-01,1.875166893005371094e-01,2.868818938732147217e-01,6.840484589338302612e-02,4.810397922992706299e-01,-2.284386008977890015e-02,2.996089756488800049e-01,-4.483902081847190857e-02,4.505851268768310547e-01,-1.104969829320907593e-01,2.467597872018814087e-01,-7.563211023807525635e-02,2.988988459110260010e-01,-1.094583794474601746e-01,3.634242415428161621e-01,-8.477315306663513184e-02,1.835225224494934082e-01,-1.613436341285705566e-01,3.208423256874084473e-01,2.343066781759262085e-01,3.577178120613098145e-01,3.311332762241363525e-01,3.861948847770690918e-01,1.483813077211380005e-01,1.445333510637283325e-01,-1.586274653673171997e-01,1.885609924793243408e-01,-1.155859455466270447e-01,1.187229380011558533e-01,-4.135876521468162537e-02,2.542977035045623779e-01,2.948581427335739136e-02,8.898880332708358765e-02,1.563400924205780029e-01,2.706831097602844238e-01,2.207002043724060059e-01,2.255154997110366821e-01,6.772987544536590576e-02,-5.674720928072929382e-02,-3.145965561270713806e-02
2.614598162472248077e-02,5.783357620239257812e-01,1.418403834104537964e-01,2.371515631675720215e-01,8.172959089279174805e-02,3.970093280076980591e-02,5.516921356320381165e-02,2.228504121303558350e-01,2.094787508249282837e-01,1.147977784276008606e-01,1.509007066488265991e-01,1.000000000000000000e+00,1.402264982461929321e-01,4.793459773063659668e-01,1.581259071826934814e-01,2.638471424579620361e-01,9.414255619049072266e-02,5.892311930656433105e-01,1.315870583057403564e-01,1.318316161632537842e-01,1.956512331962585449e-01,1.555386781692504883e-01,1.060010492801666260e-01,9.287408553063869476e-03,2.971777878701686859e-02,1.341711580753326416e-01,1.420173943042755127e-01,9.607198834419250488e-02,1.139566823840141296e-01,5.995395779609680176e-01,2.692731022834777832e-01,2.195058017969131470e-01,2.901966273784637451e-01,3.894346356391906738e-01,6.418779492378234863e-02,9.392092376947402954e-02,2.315985113382339478e-01,2.781265676021575928e-01,2.026977241039276123e-01,1.776145994663238525e-01,1.142852604389190674e-01,1.977515816688537598e-01,9.335388988256454468e-02,9.103038907051086426e-02,7.130978256464004517e-02,1.731863915920257568e-01,-6.865834444761276245e-02,2.056264579296112061e-01,-1.062773019075393677e-01,3.482354879379272461e-01,-8.969046920537948608e-02,3.202872872352600098e-01,-1.872868835926055908e-01,1.065139845013618469e-01,6.200695037841796875e-02,3.368706703186035156e-01,1.082955393940210342e-02,5.348714590072631836e-01,-4.947192966938018799e-02,3.562581837177276611e-01,-3.635460510849952698e-02,4.166662096977233887e-01,-2.147175371646881104e-01,4.406834542751312256e-01,-9.152933210134506226e-02,2.760831713676452637e-01,1.586773842573165894e-01,2.389707714319229126e-01,1.683999449014663696e-01,1.907210648059844971e-01,1.795582473278045654e-01,2.935721874237060547e-01,1.344394832849502563e-01,4.512035548686981201e-01,-6.097312085330486298e-03,1.530836224555969238e-01,1.190088316798210144e-01,1.548507958650588989e-01,1.418420970439910889e-01,3.501607775688171387e-01,4.673772305250167847e-02,4.077336788177490234e-01,1.516524236649274826e-02,5.145663022994995117e-01,1.910828985273838043e-02,4.511465132236480713e-01,8.104770630598068237e-02,3.951340615749359131e-01,1.767821609973907471e-02,4.388412237167358398e-01,-7.916428148746490479e-02,2.669671475887298584e-01,-3.173825517296791077e-02,2.129454314708709717e-01,1.515981554985046387e-01,2.274920791387557983e-01,1.392552852630615234e-01,2.965139448642730713e-01,6.649744510650634766e-02,3.583479225635528564e-01,9.962596744298934937e-02,2.937463521957397461e-01,2.292672917246818542e-02,2.722648978233337402e-01,4.961880296468734741e-02,1.757243126630783081e-01,1.501708775758743286e-01,2.949044108390808105e-01,6.180978566408157349e-02,1.535040736198425293e-01,1.952683478593826294e-01,1.660210639238357544e-01,1.647441238164901733e-01,1.815828382968902588e-01,6.595078855752944946e-02,-9.447716176509857178e-02
5.071442127227783203e-01,2.719075046479701996e-02,2.787126600742340088e-01,2.203598171472549438e-01,2.622123360633850098e-01,2.690202891826629639e-01,5.041432976722717285e-01,2.506688237190246582e-01,2.785753011703491211e-01,1.873163431882858276e-01,6.052502989768981934e-01,1.402264982461929321e-01,1.000000000000000000e+00,2.858303785324096680e-01,2.791683077812194824e-01,2.393152266740798950e-01,3.064785599708557129e-01,2.152106957510113716e-03,1.093629524111747742e-01,1.135140806436538696e-01,1.795468479394912720e-01,4.630716890096664429e-02,2.359075397253036499e-01,1.217819079756736755e-01,1.296155899763107300e-01,1.157031059265136719e-01,2.386580556631088257e-01,2.566503882408142090e-01,5.599792003631591797e-01,3.090908825397491455e-01,3.171800076961517334e-01,3.110190927982330322e-01,2.344943732023239136e-01,1.660631448030471802e-01,1.428406387567520142e-01,8.096458017826080322e-02,3.954294323921203613e-01,2.075850963592529297e-01,2.444478571414947510e-01,1.444498151540756226e-01,2.295186817646026611e-01,1.616418063640594482e-01,1.521296352148056030e-01,9.936407953500747681e-02,2.258364707231521606e-01,1.287463903427124023e-01,2.642177045345306396e-01,9.434784203767776489e-02,1.840782165527343750e-01,-1.332067977637052536e-02,1.740243881940841675e-01,-1.225414574146270752e-01,6.446700543165206909e-02,-1.469267159700393677e-01,3.024071753025054932e-01,6.518807262182235718e-02,1.440804898738861084e-01,-1.205992326140403748e-01,3.752004504203796387e-01,1.554612219333648682e-01,1.805773228406906128e-01,1.372453663498163223e-02,2.330937981605529785e-01,-1.924424432218074799e-02,2.292474955320358276e-01,1.977603510022163391e-02,4.059034585952758789e-01,2.675766646862030029e-01,1.217925176024436951e-01,2.015047334134578705e-02,3.505204319953918457e-01,3.518743216991424561e-01,4.838383197784423828e-01,3.573417961597442627e-01,1.490789055824279785e-01,4.577476903796195984e-02,2.281473726034164429e-01,1.871996968984603882e-01,2.605325579643249512e-01,3.586223721504211426e-02,2.918224334716796875e-01,-1.550326496362686157e-02,2.276566922664642334e-01,-4.574369266629219055e-02,2.752294242382049561e-01,-5.875742062926292419e-02,1.914901435375213623e-01,-5.239029601216316223e-02,2.510637044906616211e-01,-2.577413432300090790e-02,1.166944652795791626e-01,-1.405078172683715820e-01,3.468586504459381104e-02,-1.486794203519821167e-01,2.617143988609313965e-01,2.080547660589218140e-01,3.235987424850463867e-01,2.936466932296752930e-01,2.893017530441284180e-01,1.178222075104713440e-01,7.554394751787185669e-02,-2.088351547718048096e-01,6.808335334062576294e-02,-1.303809881210327148e-01,5.683356896042823792e-02,1.783486269414424896e-02,8.545595407485961914e-02,1.088568754494190216e-02,1.849981099367141724e-01,2.347173690795898438e-01,2.141253650188446045e-01,1.022274121642112732e-01,9.337676316499710083e-02,4.754721373319625854e-02,-3.988276422023773193e-02,-4.493893310427665710e-02
