1.000000000000000000e+00,3.928740024566650391e-01,3.205825686454772949e-01,2.991406023502349854e-01,8.915902674198150635e-02,6.930483877658843994e-02,4.300064742565155029e-01,2.992947995662689209e-01,4.548335820436477661e-02,5.098089203238487244e-02,3.879192173480987549e-01,2.222243249416351318e-01,2.003124654293060303e-01,3.118482828140258789e-01,1.663660407066345215e-01,1.765129715204238892e-02,1.311265528202056885e-01,-4.908306524157524109e-02,4.883091151714324951e-01,4.730269610881805420e-01,4.932474344968795776e-02,3.112145513296127319e-02,1.701239794492721558e-01,1.042732000350952148e-01,-4.144048690795898438e-02,-2.466854080557823181e-02,5.500352382659912109e-02,1.911418139934539795e-02,2.720358371734619141e-01,1.466266810894012451e-02,1.028279587626457214e-01,5.315119028091430664e-02,3.492174148559570312e-01,2.728038728237152100e-01,-1.035525798797607422e-01,-1.629201620817184448e-01,-1.548148393630981445e-01,-2.864741683006286621e-01,-8.039830625057220459e-02,-1.887718439102172852e-01,4.031452536582946777e-02,-5.814163014292716980e-02,-1.491589993238449097e-01,-1.699492335319519043e-01,9.521798230707645416e-03,-4.154159873723983765e-02,-1.211209595203399658e-01,-2.178277969360351562e-01,4.772908985614776611e-02,4.352774098515510559e-02,-2.713396027684211731e-02,-1.315271258354187012e-01,-1.358839720487594604e-01,-1.927949637174606323e-01,-1.941207237541675568e-02,-1.132223084568977356e-01,5.692983865737915039e-01,3.161579668521881104e-01,4.692515134811401367e-01,3.953945338726043701e-01,3.428238034248352051e-01,3.097843229770660400e-01,2.197812497615814209e-01,1.703521460294723511e-01,2.459072768688201904e-01,1.594710201025009155e-01,3.246140778064727783e-01,2.878738343715667725e-01,2.380960136651992798e-01,3.329269587993621826e-01,-6.140390783548355103e-02,7.626639306545257568e-02,9.476751089096069336e-02,-4.062438011169433594e-02,-5.425417050719261169e-02,5.292786285281181335e-02,-1.106781661510467529e-01,-9.736672043800354004e-02,5.661992356181144714e-02,-6.252676993608474731e-02,1.066977623850107193e-02,-1.671937853097915649e-01,-9.136699140071868896e-02,-8.488536626100540161e-02,-4.877960681915283203e-02,-1.678701639175415039e-01,1.938056200742721558e-01,9.699028730392456055e-02,2.037398815155029297e-01,1.208148431032896042e-02,-4.690162464976310730e-02,-1.685356646776199341e-01,-3.076461702585220337e-02,1.597927957773208618e-01,-2.052042037248611450e-01,-1.519689112901687622e-01,-2.208736687898635864e-01,-1.759034097194671631e-01,6.101155653595924377e-03,-4.599069431424140930e-02,4.364037886261940002e-03,9.936434775590896606e-02,4.411912709474563599e-02,6.871715933084487915e-02,-4.074301198124885559e-02,-1.267301104962825775e-02,-6.748095899820327759e-02,-7.591405510902404785e-02,-1.821211427450180054e-01,-2.693978250026702881e-01,-3.024295568466186523e-01,-4.586350545287132263e-02,-4.051742330193519592e-02,4.134939983487129211e-03,6.134076043963432312e-03,-2.281238324940204620e-02
3.928740024566650391e-01,1.000000000000000000e+00,2.178431749343872070e-01,5.085118412971496582e-01,-2.502031996846199036e-02,2.302014231681823730e-01,1.769015192985534668e-01,5.481841564178466797e-01,2.851754054427146912e-02,1.231938824057579041e-01,-3.545755147933959961e-02,3.629999160766601562e-01,-8.157470077276229858e-02,2.280792444944381714e-01,3.736528754234313965e-02,7.384826987981796265e-02,-4.331577941775321960e-02,2.597607970237731934e-01,3.928022682666778564e-01,5.295382142066955566e-01,-9.775277227163314819e-02,-2.871538512408733368e-02,1.248907074332237244e-01,2.120557427406311035e-01,-1.378619074821472168e-01,-1.039411756210029125e-03,9.306157007813453674e-03,1.342252790927886963e-01,-2.250328660011291504e-02,9.569382667541503906e-02,-5.996977910399436951e-02,7.274096831679344177e-03,2.285040169954299927e-01,3.354946970939636230e-01,-1.861138939857482910e-01,-8.168511092662811279e-02,-1.088139563798904419e-01,-1.763551086187362671e-01,-2.829120866954326630e-02,4.173545539379119873e-02,-1.416443437337875366e-01,-9.986039251089096069e-02,-4.026308059692382812e-01,-3.371326029300689697e-01,-1.210184991359710693e-01,-1.111370883882045746e-02,-2.807411849498748779e-01,-3.376583456993103027e-01,-7.009053975343704224e-02,3.823469579219818115e-02,-1.648611277341842651e-01,-1.763975173234939575e-01,-1.705781072378158569e-01,-2.591049075126647949e-01,-3.450640663504600525e-02,1.257191002368927002e-01,4.664942622184753418e-01,6.470873355865478516e-01,4.918925166130065918e-01,5.784646272659301758e-01,4.149198830127716064e-01,5.416890978813171387e-01,6.439742445945739746e-02,4.569925665855407715e-01,1.522891670465469360e-01,2.350799143314361572e-01,2.903055548667907715e-01,2.231416404247283936e-01,3.945220708847045898e-01,4.447992444038391113e-01,-2.366200238466262817e-01,-3.812275826930999756e-02,-9.844252467155456543e-02,-5.783380568027496338e-02,-9.760865569114685059e-02,-6.272387504577636719e-02,-2.107148170471191406e-01,-1.531472355127334595e-01,-7.761567085981369019e-02,6.852251291275024414e-02,-1.140505522489547729e-01,7.878798246383666992e-02,-1.288113892078399658e-01,5.710834264755249023e-02,-8.246927708387374878e-02,4.837791994214057922e-02,2.571558952331542969e-01,3.132478296756744385e-01,1.887314468622207642e-01,3.523047566413879395e-01,7.466075569391250610e-02,-1.976513676345348358e-02,1.545338630676269531e-01,1.914489269256591797e-01,-1.812687218189239502e-01,-9.252242743968963623e-02,-1.524624228477478027e-01,-1.274350881576538086e-01,-3.938174992799758911e-02,-7.431878149509429932e-02,2.660593390464782715e-01,1.051514744758605957e-01,2.259888947010040283e-01,1.489661186933517456e-01,1.370919346809387207e-01,-1.868634298443794250e-02,9.843966364860534668e-02,1.855704747140407562e-02,-1.239481121301651001e-01,-3.482593595981597900e-01,-3.153970241546630859e-01,-1.481859534978866577e-01,8.967895805835723877e-02,1.664007753133773804e-01,2.436769194900989532e-02,-5.120571702718734741e-02
3.205825686454772949e-01,2.178431749343872070e-01,1.000000000000000000e+00,4.590599238872528076e-01,6.290725618600845337e-02,3.857858828268945217e-04,6.367108821868896484e-01,2.815684676170349121e-01,1.113464832305908203e-01,-9.605096653103828430e-03,1.271455734968185425e-01,1.053136438131332397e-01,3.613025844097137451e-01,1.172441840171813965e-01,2.582427859306335449e-01,-2.631762763485312462e-03,-1.498992461711168289e-02,8.862373232841491699e-02,3.228137493133544922e-01,1.811495721340179443e-01,1.980526931583881378e-02,1.443032082170248032e-02,6.600831747055053711e-01,4.957067072391510010e-01,1.128281466662883759e-02,-2.411685511469841003e-02,-1.133372727781534195e-02,-1.620244421064853668e-02,4.454647377133369446e-02,2.548141591250896454e-02,3.114173412322998047e-01,3.178978860378265381e-01,3.579922616481781006e-01,3.122117519378662109e-01,3.118426799774169922e-01,1.553624421358108521e-01,-1.201177164912223816e-01,-5.537916719913482666e-02,5.364297889173030853e-03,-1.355987489223480225e-01,-4.475641995668411255e-02,-9.247762709856033325e-02,2.541694417595863342e-02,-6.682245433330535889e-02,4.761415719985961914e-02,-1.099662408232688904e-01,-3.986792266368865967e-02,-1.136445924639701843e-01,-9.627643972635269165e-03,8.726565539836883545e-02,-7.177655585110187531e-03,1.664305478334426880e-02,-9.959983825683593750e-02,-1.585827469825744629e-01,-5.269397050142288208e-02,-1.812905073165893555e-01,2.136659175157546997e-01,2.262469530105590820e-01,2.114962935447692871e-01,1.800506263971328735e-01,2.017491459846496582e-01,2.236893922090530396e-01,1.701852679252624512e-01,2.433235794305801392e-01,4.203931987285614014e-01,2.605641186237335205e-01,1.748511493206024170e-01,1.717241108417510986e-01,1.739927232265472412e-01,2.462213039398193359e-01,5.430347099900245667e-02,4.801304638385772705e-02,6.321407109498977661e-02,9.261396713554859161e-03,8.872973173856735229e-02,-1.532934885472059250e-02,5.309479683637619019e-02,4.856069758534431458e-02,6.294655799865722656e-02,7.545765489339828491e-02,3.461899235844612122e-02,3.486390784382820129e-02,-1.152538359165191650e-01,5.622947216033935547e-02,1.999785453081130981e-01,6.386524438858032227e-02,2.112205922603607178e-01,1.678570508956909180e-01,1.908996850252151489e-01,1.351218111813068390e-02,-4.556976631283760071e-02,-8.844342827796936035e-02,4.591771587729454041e-02,1.826729178428649902e-01,-9.899403154850006104e-02,-7.849729806184768677e-02,-1.131117343902587891e-01,-1.585688292980194092e-01,-1.394225805997848511e-01,-9.984269738197326660e-02,1.003539636731147766e-01,2.079579681158065796e-01,9.595437347888946533e-02,3.010818064212799072e-01,4.455612227320671082e-02,-6.088134832680225372e-04,3.613910079002380371e-02,6.299067288637161255e-02,-8.096799254417419434e-02,-1.274051964282989502e-01,-8.674746006727218628e-02,-1.046594604849815369e-01,7.388891279697418213e-02,2.149036154150962830e-02,1.776153035461902618e-02,-1.850695535540580750e-02
2.991406023502349854e-01,5.085118412971496582e-01,4.590599238872528076e-01,1.000000000000000000e+00,1.676226407289505005e-01,3.497939109802246094e-01,3.847282826900482178e-01,6.942026019096374512e-01,2.401394098997116089e-01,2.997346520423889160e-01,7.065793126821517944e-02,3.825946450233459473e-01,9.744214266538619995e-02,2.868298292160034180e-01,1.609992086887359619e-01,2.132880240678787231e-01,-1.294326782226562500e-01,8.613235503435134888e-02,4.846393764019012451e-01,5.134356021881103516e-01,-2.863489836454391479e-02,1.098318397998809814e-02,3.822098076343536377e-01,5.039888024330139160e-01,-2.250400744378566742e-02,9.794132411479949951e-02,6.987631320953369141e-03,1.686459034681320190e-01,-2.551741898059844971e-02,3.203593567013740540e-02,1.402159035205841064e-01,2.898708581924438477e-01,2.017055004835128784e-01,2.801949679851531982e-01,1.686525493860244751e-01,2.020952105522155762e-01,-1.453673243522644043e-01,-1.590396910905838013e-01,-6.194109097123146057e-02,-4.889333993196487427e-02,-2.141792327165603638e-01,-1.749255955219268799e-01,-1.940217018127441406e-01,-2.212058007717132568e-01,-2.211915403604507446e-01,-1.865633875131607056e-01,-1.905660480260848999e-01,-2.552041411399841309e-01,-1.834890097379684448e-01,-8.589671552181243896e-02,-7.308876514434814453e-02,-9.837734699249267578e-02,-1.654080897569656372e-01,-2.972970604896545410e-01,-6.594827026128768921e-02,-6.445255712606012821e-04,2.573700845241546631e-01,3.507963716983795166e-01,2.461982816457748413e-01,3.176959455013275146e-01,2.096377313137054443e-01,3.296991288661956787e-01,1.540513783693313599e-01,3.055250942707061768e-01,4.405769705772399902e-01,4.322380423545837402e-01,1.337977945804595947e-01,1.324399411678314209e-01,2.903157472610473633e-01,2.761805057525634766e-01,-7.680422812700271606e-02,1.285348236560821533e-01,1.961562782526016235e-02,1.723342016339302063e-02,1.890973001718521118e-02,5.353759601712226868e-02,1.029127370566129684e-02,5.122939497232437134e-02,-5.301436036825180054e-02,2.099115774035453796e-02,-5.765912123024463654e-03,1.615478694438934326e-01,-1.107394248247146606e-01,1.726399809122085571e-01,1.139005348086357117e-01,3.356361687183380127e-01,1.621164381504058838e-01,3.230203688144683838e-01,3.132189214229583740e-01,4.397734999656677246e-01,7.015024125576019287e-02,-3.828528523445129395e-02,2.784369885921478271e-01,2.342552691698074341e-01,-1.472291797399520874e-01,-3.672676393762230873e-05,-1.145645231008529663e-01,-1.262860596179962158e-01,-7.458674907684326172e-02,-1.087323799729347229e-01,3.953109085559844971e-01,1.901923120021820068e-01,2.670100331306457520e-01,2.665385901927947998e-01,1.862635463476181030e-01,6.964366883039474487e-02,1.746387779712677002e-02,6.154359132051467896e-02,-6.828485429286956787e-02,-3.055824339389801025e-01,-2.345487475395202637e-01,-1.164229512214660645e-01,2.498662322759628296e-01,1.700697243213653564e-01,1.037371084094047546e-01,-1.613816246390342712e-02
8.915902674198150635e-02,-2.502031996846199036e-02,6.290725618600845337e-02,1.676226407289505005e-01,1.000000000000000000e+00,5.631551742553710938e-01,-7.561410963535308838e-02,-5.249705165624618530e-02,6.265644431114196777e-01,4.307236075401306152e-01,7.155783474445343018e-02,9.705501794815063477e-02,-3.900273889303207397e-02,6.438533216714859009e-02,5.740005970001220703e-01,4.142084121704101562e-01,-8.432799577713012695e-02,-4.403319954872131348e-02,7.815944403409957886e-02,3.747496381402015686e-02,3.344219624996185303e-01,2.851048111915588379e-01,1.610182076692581177e-01,1.870228499174118042e-01,5.589402318000793457e-01,6.370514631271362305e-01,6.064844727516174316e-01,6.287715435028076172e-01,2.254816740751266479e-01,1.711129844188690186e-01,3.108458220958709717e-01,2.970533072948455811e-01,8.539460599422454834e-02,-3.017745353281497955e-02,1.948230564594268799e-01,6.861900538206100464e-02,2.707742713391780853e-02,8.009375631809234619e-02,1.107062697410583496e-01,1.069341227412223816e-01,9.382726997137069702e-02,5.708545446395874023e-02,1.279196608811616898e-02,4.381296783685684204e-02,-2.686865627765655518e-01,-1.393168121576309204e-01,-8.883675187826156616e-02,-5.600014701485633850e-02,-2.012129276990890503e-01,-2.058017402887344360e-01,-9.843602776527404785e-02,-1.813251525163650513e-01,-4.766779765486717224e-02,-8.095669001340866089e-02,9.500441700220108032e-02,-5.007076635956764221e-02,1.332095414400100708e-01,6.001327186822891235e-02,-3.023492544889450073e-02,-2.970936149358749390e-02,1.760710962116718292e-02,3.024510666728019714e-02,5.905393138527870178e-02,-5.627262219786643982e-02,9.239671379327774048e-02,-7.330390624701976776e-03,-3.286460880190134048e-03,8.301618695259094238e-02,1.546985507011413574e-01,2.079564481973648071e-01,9.854936599731445312e-02,5.713313445448875427e-02,1.029785573482513428e-01,-2.764968434348702431e-03,1.411888897418975830e-01,8.043343573808670044e-02,1.177110895514488220e-01,1.335529685020446777e-01,3.683832660317420959e-02,4.224535077810287476e-02,8.377889543771743774e-02,5.631286650896072388e-02,1.369704604148864746e-01,2.455555647611618042e-01,2.204760909080505371e-01,1.271318197250366211e-01,4.469658061861991882e-02,9.016857296228408813e-02,2.241128087043762207e-01,2.231049090623855591e-01,-5.340092629194259644e-02,5.932487174868583679e-02,4.861317574977874756e-02,2.759980559349060059e-01,1.992967128753662109e-01,2.143025845289230347e-01,1.220428496599197388e-01,4.486686736345291138e-02,8.396567776799201965e-03,4.606913775205612183e-02,-6.720180809497833252e-02,2.026160657405853271e-01,-2.312125563621520996e-01,-9.991703182458877563e-02,8.107730187475681305e-03,2.542083337903022766e-02,-1.676713302731513977e-02,-2.978988178074359894e-02,1.672867685556411743e-01,1.311339288949966431e-01,1.026642322540283203e-01,-2.958862669765949249e-02,1.496616899967193604e-01,2.383991889655590057e-02,1.276413947343826294e-01,6.080460920929908752e-02
6.930483877658843994e-02,2.302014231681823730e-01,3.857858828268945217e-04,3.497939109802246094e-01,5.631551742553710938e-01,1.000000000000000000e+00,-1.235081329941749573e-01,2.299733161926269531e-01,5.980651974678039551e-01,6.515921354293823242e-01,-2.136238664388656616e-02,1.960414499044418335e-01,-2.255528420209884644e-01,5.028666555881500244e-02,4.941894114017486572e-01,4.631307721138000488e-01,-2.020495980978012085e-01,-1.108783036470413208e-01,2.382491827011108398e-01,2.936420738697052002e-01,5.323505029082298279e-02,1.394547373056411743e-01,3.135927021503448486e-02,4.064616560935974121e-02,1.652939170598983765e-01,3.310804367065429688e-01,2.730946242809295654e-01,4.994835555553436279e-01,-3.689621388912200928e-02,-3.563837381079792976e-03,-1.329542882740497589e-02,4.338874947279691696e-03,1.114162653684616089e-01,7.714008539915084839e-02,-2.402146905660629272e-02,1.973927952349185944e-02,-4.557794705033302307e-02,-1.085958033800125122e-01,1.313260048627853394e-01,7.613630592823028564e-02,-1.929510235786437988e-01,-1.369604021310806274e-01,-2.740611135959625244e-01,-2.028660774230957031e-01,-2.891480624675750732e-01,-2.028008103370666504e-01,-1.969645470380783081e-01,-2.130921930074691772e-01,-3.487760424613952637e-01,-2.829781174659729004e-01,-2.456428706645965576e-01,-3.518863320350646973e-01,-1.266642063856124878e-01,-1.970864981412887573e-01,1.227505691349506378e-02,1.663140803575515747e-01,1.069568097591400146e-01,2.045744061470031738e-01,8.850800991058349609e-02,1.977215111255645752e-01,9.131060913205146790e-03,1.195513084530830383e-01,-7.410612702369689941e-02,5.951455235481262207e-02,1.046486645936965942e-01,1.044238880276679993e-01,1.464778650552034378e-02,5.904681608080863953e-02,1.933708339929580688e-01,1.883064359426498413e-01,-9.072652459144592285e-02,8.174432069063186646e-02,-1.191049665212631226e-01,-1.450950056314468384e-01,-6.405339390039443970e-02,-2.694783359766006470e-02,-7.210116088390350342e-02,-1.194280013442039490e-01,-1.827841103076934814e-01,-1.145934611558914185e-01,-1.752039492130279541e-01,-5.357646197080612183e-02,1.068145781755447388e-01,1.787251830101013184e-01,1.716742664575576782e-02,1.295544654130935669e-01,2.004527747631072998e-01,3.678894042968750000e-01,3.517192602157592773e-01,5.163962244987487793e-01,7.559555023908615112e-02,1.014653518795967102e-01,2.507541477680206299e-01,2.898826301097869873e-01,6.959588825702667236e-02,1.211462989449501038e-01,8.682973682880401611e-02,4.564430937170982361e-02,2.689544670283794403e-02,-8.102078922092914581e-03,2.929010391235351562e-01,2.426794171333312988e-01,9.952783584594726562e-02,8.311448991298675537e-02,1.593872308731079102e-01,7.441677153110504150e-02,1.118434816598892212e-01,3.016879409551620483e-02,5.915825068950653076e-02,-6.259059160947799683e-02,-4.562266543507575989e-02,-4.998869448900222778e-02,3.334308266639709473e-01,2.183700948953628540e-01,1.842900812625885010e-01,1.537157744169235229e-01
4.300064742565155029e-01,1.769015192985534668e-01,6.367108821868896484e-01,3.847282826900482178e-01,-7.561410963535308838e-02,-1.235081329941749573e-01,1.000000000000000000e+00,3.393014967441558838e-01,-4.956458136439323425e-02,-1.523367464542388916e-01,2.311476469039916992e-01,1.124564111232757568e-01,5.171881914138793945e-01,1.579488813877105713e-01,1.481031775474548340e-01,-1.396980285644531250e-01,-1.766997389495372772e-02,7.476539351046085358e-03,2.662853598594665527e-01,1.811422407627105713e-01,-6.823690980672836304e-02,-5.314055085182189941e-02,4.910928606986999512e-01,3.485633730888366699e-01,-1.197529137134552002e-01,-1.459607779979705811e-01,-5.056107789278030396e-02,-8.051563054323196411e-02,1.135595235973596573e-02,-2.661740593612194061e-02,2.595140337944030762e-01,2.744845449924468994e-01,3.714877068996429443e-01,3.301599621772766113e-01,2.189117521047592163e-01,9.018704295158386230e-02,-1.119048595428466797e-01,-1.252090483903884888e-01,1.232539582997560501e-02,-2.307801991701126099e-01,-5.257100611925125122e-02,-1.741968542337417603e-01,-4.404140263795852661e-02,-1.590889245271682739e-01,8.000522851943969727e-02,-7.750847935676574707e-02,-7.023213058710098267e-02,-1.642165929079055786e-01,4.144336655735969543e-02,1.006350219249725342e-01,-1.016839444637298584e-01,1.002293173223733902e-02,-2.309389561414718628e-01,-2.541978955268859863e-01,-9.221173077821731567e-02,-2.529196143150329590e-01,2.193782478570938110e-01,1.065398901700973511e-01,2.745335996150970459e-01,2.198595404624938965e-01,2.513474822044372559e-01,2.867200970649719238e-01,2.385888844728469849e-01,2.497427165508270264e-01,4.452114403247833252e-01,3.528095483779907227e-01,2.150810211896896362e-01,2.255085855722427368e-01,1.156714484095573425e-01,1.138608157634735107e-01,8.803574740886688232e-02,1.940409466624259949e-02,4.633636772632598877e-02,-6.831622868776321411e-02,3.995824232697486877e-02,-8.009754866361618042e-02,1.880071684718132019e-02,2.572336792945861816e-02,-3.742584958672523499e-02,-3.097155131399631500e-02,-3.309621289372444153e-02,-1.316295862197875977e-01,-1.201425120234489441e-01,-9.983550757169723511e-02,-2.141717448830604553e-02,-7.513616234064102173e-02,1.801341623067855835e-01,7.527106255292892456e-02,1.901540309190750122e-01,-6.866304576396942139e-02,-1.180439814925193787e-01,-1.994495093822479248e-01,8.796218037605285645e-02,1.118313595652580261e-01,-1.341763585805892944e-01,-1.394828110933303833e-01,-1.679185628890991211e-01,-2.214619964361190796e-01,-1.537947654724121094e-01,-1.967193782329559326e-01,7.201636582612991333e-02,1.352198123931884766e-01,1.033322513103485107e-01,2.205634564161300659e-01,-4.601606924552470446e-04,-2.466480620205402374e-02,6.551152467727661133e-02,5.337231978774070740e-02,-8.213985711336135864e-02,-1.320875436067581177e-01,-1.335837095975875854e-01,-6.449133157730102539e-02,-7.504231482744216919e-02,-1.077475957572460175e-02,6.736242678016424179e-03,2.409404143691062927e-02
2.992947995662689209e-01,5.481841564178466797e-01,2.815684676170349121e-01,6.942026019096374512e-01,-5.249705165624618530e-02,2.299733161926269531e-01,3.393014967441558838e-01,1.000000000000000000e+00,9.702160954475402832e-02,2.215445041656494141e-01,1.244522407650947571e-01,5.603420734405517578e-01,1.009578481316566467e-01,4.765155911445617676e-01,-1.953655481338500977e-02,1.596706807613372803e-01,-1.244865823537111282e-02,1.347019076347351074e-01,4.365575015544891357e-01,5.374774932861328125e-01,-9.647426754236221313e-02,-3.555426374077796936e-02,2.250753641128540039e-01,3.138377070426940918e-01,-2.464099824428558350e-01,-1.018649712204933167e-01,-1.844742298126220703e-01,-2.681334037333726883e-03,2.754992432892322540e-02,2.875323873013257980e-03,-3.264060011133551598e-03,1.214581727981567383e-01,2.371145635843276978e-01,3.677761256694793701e-01,-3.286753594875335693e-02,1.164934188127517700e-01,-4.989409074187278748e-02,-2.075289636850357056e-01,-8.582931756973266602e-02,-9.663378447294235229e-02,-2.318477332592010498e-01,-2.122956067323684692e-01,-2.741293013095855713e-01,-2.670154869556427002e-01,-9.629187732934951782e-02,-1.607552729547023773e-02,-2.190103381872177124e-01,-2.772756516933441162e-01,-3.119490854442119598e-02,9.478729963302612305e-02,-4.700684547424316406e-02,1.720806397497653961e-02,-2.471166104078292847e-01,-3.682400584220886230e-01,-1.280562579631805420e-01,2.156646689400076866e-03,2.074355930089950562e-01,2.724280953407287598e-01,2.431605458259582520e-01,3.590201139450073242e-01,2.668774425983428955e-01,4.600142836570739746e-01,1.569238454103469849e-01,3.880504965782165527e-01,4.047587513923645020e-01,5.045146346092224121e-01,7.112551480531692505e-02,1.235494986176490784e-01,1.672177761793136597e-01,9.659445285797119141e-02,-2.709291875362396240e-02,2.414980679750442505e-01,7.899058610200881958e-02,8.367911726236343384e-02,-8.511626720428466797e-02,6.598591804504394531e-02,3.737525269389152527e-02,5.488647520542144775e-02,-9.934311360120773315e-02,-6.765210628509521484e-02,-6.286893039941787720e-02,1.080074608325958252e-01,-8.856997638940811157e-02,6.921619176864624023e-02,-5.212177708745002747e-02,2.761574387550354004e-01,1.546562016010284424e-01,2.918607294559478760e-01,1.644082218408584595e-01,3.732010722160339355e-01,2.857301570475101471e-02,-1.473340839147567749e-01,1.854667961597442627e-01,5.169113725423812866e-02,-2.486445754766464233e-01,-1.120930612087249756e-01,-1.587682962417602539e-01,-1.768991500139236450e-01,-1.071122214198112488e-01,-2.304660528898239136e-01,4.222339093685150146e-01,2.248997427523136139e-02,3.832776546478271484e-01,2.202695608139038086e-01,1.980564594268798828e-01,2.783067524433135986e-02,7.038604468107223511e-02,4.358480870723724365e-02,-1.637501120567321777e-01,-3.060887157917022705e-01,-2.939975559711456299e-01,-1.094946116209030151e-01,1.749620288610458374e-01,2.529067397117614746e-01,9.390749037265777588e-02,-4.117017984390258789e-02
4.548335820436477661e-02,2.851754054427146912e-02,1.113464832305908203e-01,2.401394098997116089e-01,6.265644431114196777e-01,5.980651974678039551e-01,-4.956458136439323425e-02,9.702160954475402832e-02,1.000000000000000000e+00,6.425934433937072754e-01,9.436175972223281860e-02,1.187093257904052734e-01,1.009937113849446177e-04,6.410672515630722046e-02,6.151281595230102539e-01,4.800474941730499268e-01,-1.264502257108688354e-01,-7.654667645692825317e-02,1.889148056507110596e-01,1.142755299806594849e-01,2.427386641502380371e-01,2.716540992259979248e-01,1.324189007282257080e-01,1.054985597729682922e-01,1.963025480508804321e-01,3.070899546146392822e-01,2.580979168415069580e-01,3.884841799736022949e-01,1.427949219942092896e-01,1.163959577679634094e-01,7.505764067173004150e-02,8.486571907997131348e-02,6.090681254863739014e-02,-3.891870006918907166e-02,1.721205115318298340e-01,1.121970936655998230e-01,6.896982342004776001e-02,8.027748018503189087e-02,1.271981447935104370e-01,6.802897900342941284e-02,-1.333049535751342773e-01,-5.835045129060745239e-02,-8.483231812715530396e-02,-1.364548504352569580e-02,-2.551537454128265381e-01,-2.100644260644912720e-01,-8.924517780542373657e-02,-7.122507691383361816e-02,-3.165600001811981201e-01,-2.273455262184143066e-01,-1.023462787270545959e-01,-1.881018728017807007e-01,-3.963237255811691284e-02,-1.143473982810974121e-01,3.380580618977546692e-02,4.370272532105445862e-02,8.411535620689392090e-02,3.708731755614280701e-02,-6.733372062444686890e-02,-4.436546936631202698e-02,-1.502932235598564148e-02,-1.411016192287206650e-02,2.708579227328300476e-02,-4.420346394181251526e-02,1.507346928119659424e-01,3.036899678409099579e-02,-8.627409487962722778e-02,-1.762365736067295074e-02,1.600847989320755005e-01,9.786843508481979370e-02,5.376447364687919617e-02,1.058947816491127014e-01,-1.240437384694814682e-02,-7.966174185276031494e-02,7.075674086809158325e-02,3.153773490339517593e-03,6.284802407026290894e-02,4.327487945556640625e-02,-2.022044174373149872e-02,-7.274925708770751953e-02,3.641413152217864990e-02,3.926618024706840515e-02,7.868226617574691772e-02,2.173887342214584351e-01,2.456184476613998413e-01,2.023383229970932007e-01,8.216995000839233398e-02,2.029047310352325439e-01,3.380434811115264893e-01,3.290978074073791504e-01,1.108641400933265686e-01,1.723898351192474365e-01,1.965570449829101562e-01,2.669995427131652832e-01,1.256210356950759888e-01,1.446436494588851929e-01,9.432613104581832886e-02,6.494023650884628296e-02,1.925645209848880768e-02,8.204147964715957642e-02,1.321877986192703247e-01,2.008803933858871460e-01,2.733386494219303131e-02,8.258781582117080688e-02,1.428654044866561890e-01,7.439154386520385742e-02,4.148301854729652405e-02,7.027425616979598999e-02,1.241689622402191162e-01,5.311099067330360413e-02,7.935026288032531738e-02,-2.599043771624565125e-02,3.606949448585510254e-01,1.966728121042251587e-01,2.195583134889602661e-01,1.079367175698280334e-01
5.098089203238487244e-02,1.231938824057579041e-01,-9.605096653103828430e-03,2.997346520423889160e-01,4.307236075401306152e-01,6.515921354293823242e-01,-1.523367464542388916e-01,2.215445041656494141e-01,6.425934433937072754e-01,1.000000000000000000e+00,7.020020484924316406e-02,1.513326615095138550e-01,-1.139937341213226318e-01,8.485496789216995239e-02,4.022766351699829102e-01,5.051314830780029297e-01,-1.016333326697349548e-01,-1.193883642554283142e-01,2.643563151359558105e-01,2.263931483030319214e-01,1.358815431594848633e-01,2.100346833467483521e-01,-4.145849496126174927e-02,-5.014819651842117310e-02,2.857443317770957947e-02,1.666476279497146606e-01,7.794818282127380371e-02,2.783000171184539795e-01,2.314935252070426941e-02,4.340548813343048096e-02,-1.728607863187789917e-01,-1.241764426231384277e-01,-1.008147001266479492e-01,-1.305391937494277954e-01,-9.776056744158267975e-03,3.903453797101974487e-02,1.724759489297866821e-02,-5.079761147499084473e-02,4.056422412395477295e-02,6.646668165922164917e-02,-1.974472552537918091e-01,-8.215117454528808594e-02,-1.757760047912597656e-01,-1.182157173752784729e-01,-3.529938161373138428e-01,-2.813974916934967041e-01,-1.524118483066558838e-01,-1.252609789371490479e-01,-3.776992857456207275e-01,-2.825477719306945801e-01,-1.435498595237731934e-01,-2.441003918647766113e-01,-7.820828258991241455e-02,-1.289969086647033691e-01,-2.461833879351615906e-02,1.419889330863952637e-01,3.442663326859474182e-02,6.869280338287353516e-02,1.191390957683324814e-02,6.674490123987197876e-02,-5.515694245696067810e-02,-1.554797310382127762e-02,-4.236494377255439758e-02,-5.815968662500381470e-02,1.318729668855667114e-01,6.763437390327453613e-02,-7.353013008832931519e-02,-1.017051190137863159e-01,1.452134996652603149e-01,8.641061186790466309e-02,-5.054004490375518799e-02,1.013315171003341675e-01,-8.249238878488540649e-02,-7.569655776023864746e-02,-7.808801531791687012e-02,4.413177818059921265e-02,-9.362442418932914734e-03,-4.998842626810073853e-02,-8.740871399641036987e-02,-9.980036318302154541e-02,-2.262756600975990295e-02,7.625428587198257446e-02,8.958874642848968506e-02,2.149530798196792603e-01,1.982149630784988403e-01,2.722730338573455811e-01,7.744026184082031250e-02,2.998274564743041992e-01,3.453694581985473633e-01,4.931029677391052246e-01,1.320486217737197876e-01,1.936552226543426514e-01,2.967056632041931152e-01,2.843285799026489258e-01,7.322488725185394287e-02,1.151379495859146118e-01,8.770465850830078125e-02,5.573939159512519836e-02,-9.812617674469947815e-03,3.795500472187995911e-02,3.145475387573242188e-01,2.074568867683410645e-01,1.761960834264755249e-01,1.344629228115081787e-01,1.830036342144012451e-01,8.852447569370269775e-02,2.393535152077674866e-02,9.047736972570419312e-02,9.962762892246246338e-02,-2.185542881488800049e-02,3.352449974045157433e-03,-3.956165909767150879e-02,4.136938452720642090e-01,2.683549821376800537e-01,2.289882451295852661e-01,1.243086308240890503e-01
3.879192173480987549e-01,-3.545755147933959961e-02,1.271455734968185425e-01,7.065793126821517944e-02,7.155783474445343018e-02,-2.136238664388656616e-02,2.311476469039916992e-01,1.244522407650947571e-01,9.436175972223281860e-02,7.020020484924316406e-02,1.000000000000000000e+00,3.374587595462799072e-01,5.175448656082153320e-01,3.849042356014251709e-01,1.315816789865493774e-01,5.388546735048294067e-02,4.847497642040252686e-01,1.947414875030517578e-01,3.515155911445617676e-01,2.718758285045623779e-01,-2.320674993097782135e-02,2.660410106182098389e-02,1.289399564266204834e-01,1.086240075528621674e-02,-4.781118407845497131e-02,-3.671828657388687134e-02,-3.502492234110832214e-02,-1.196171790361404419e-01,4.140208363533020020e-01,6.389488279819488525e-02,1.560897231101989746e-01,1.418219655752182007e-01,2.259236723184585571e-01,1.753449589014053345e-01,1.001812145113945007e-01,1.056641191244125366e-01,1.387618482112884521e-01,-6.402570288628339767e-03,7.209317293018102646e-03,-1.140154376626014709e-01,1.204423755407333374e-01,3.293395042419433594e-02,-5.696493759751319885e-02,-7.297135144472122192e-02,5.896552652120590210e-02,1.125810369849205017e-01,-5.638496950268745422e-02,-5.716159939765930176e-02,6.930372118949890137e-02,1.328898817300796509e-01,1.478786319494247437e-01,8.411855250597000122e-02,-7.932572811841964722e-02,-8.167991787195205688e-02,-6.462392862886190414e-03,-5.612630769610404968e-02,2.315491586923599243e-01,-1.230719760060310364e-01,-1.837305724620819092e-02,-1.170757636427879333e-01,1.724351346492767334e-01,2.961777895689010620e-02,5.142428874969482422e-01,1.327697485685348511e-01,3.552215695381164551e-01,1.103670895099639893e-01,5.951333791017532349e-02,1.088257431983947754e-01,1.045240983366966248e-01,6.169950123876333237e-03,2.741481065750122070e-01,3.498892784118652344e-01,3.527879416942596436e-01,1.849961280822753906e-01,2.437554486095905304e-02,1.969759315252304077e-01,7.061339169740676880e-02,1.563962846994400024e-01,1.064712628722190857e-01,-6.544470787048339844e-02,3.181496560573577881e-01,1.221733316779136658e-01,1.541077792644500732e-01,1.466990262269973755e-01,2.580110132694244385e-01,1.377480626106262207e-01,1.459430605173110962e-01,1.338266581296920776e-01,1.121233031153678894e-01,1.631553471088409424e-02,-7.506555318832397461e-02,-8.716964721679687500e-02,-1.235609576106071472e-01,-1.208878979086875916e-01,-7.928676903247833252e-02,-4.914093762636184692e-02,-1.131089963018894196e-02,-2.769465371966362000e-02,-8.648040890693664551e-02,-3.022432513535022736e-02,-8.245023339986801147e-02,-1.866290569305419922e-01,-1.883775927126407623e-02,-1.248339414596557617e-01,-2.101604826748371124e-02,-1.017384231090545654e-01,-6.044241040945053101e-02,-1.616759039461612701e-02,-1.340816318988800049e-01,-2.777773328125476837e-02,-3.141075372695922852e-02,-1.419670432806015015e-01,-2.549318224191665649e-02,6.476758420467376709e-02,1.689963974058628082e-02,-1.270974576473236084e-01
2.222243249416351318e-01,3.629999160766601562e-01,1.053136438131332397e-01,3.825946450233459473e-01,9.705501794815063477e-02,1.960414499044418335e-01,1.124564111232757568e-01,5.603420734405517578e-01,1.187093257904052734e-01,1.513326615095138550e-01,3.374587595462799072e-01,1.000000000000000000e+00,2.160352915525436401e-01,6.844028830528259277e-01,1.000966597348451614e-02,2.568809688091278076e-01,1.975214481353759766e-01,3.468037545680999756e-01,3.008593022823333740e-01,4.365450143814086914e-01,2.988375350832939148e-02,4.036316648125648499e-02,2.218257486820220947e-01,2.761520147323608398e-01,-3.870783606544137001e-03,1.580608189105987549e-01,8.882464841008186340e-03,1.123949065804481506e-01,2.907648086547851562e-01,2.073104232549667358e-01,1.889879107475280762e-01,3.024269342422485352e-01,3.512827157974243164e-01,4.506791532039642334e-01,-1.687019539531320333e-04,1.795607656240463257e-01,1.863153278827667236e-01,5.971471220254898071e-02,-3.663172572851181030e-02,2.059633657336235046e-02,5.217114090919494629e-02,-1.818282715976238251e-02,-2.311792373657226562e-01,-1.511530280113220215e-01,-5.563696846365928650e-02,1.939008235931396484e-01,-2.075584977865219116e-01,-1.809942126274108887e-01,7.539650797843933105e-02,1.801207065582275391e-01,1.405444443225860596e-01,1.566826850175857544e-01,-1.621615588665008545e-01,-2.622505426406860352e-01,-6.844764202833175659e-02,5.665478110313415527e-02,1.549998670816421509e-01,7.274142652750015259e-02,-4.920795187354087830e-02,4.261725023388862610e-02,2.534012198448181152e-01,3.197505176067352295e-01,3.299881815910339355e-01,4.107450246810913086e-01,3.548259735107421875e-01,3.197322189807891846e-01,5.868482869118452072e-03,8.936949074268341064e-02,7.687773555517196655e-02,-3.139594942331314087e-02,1.577680110931396484e-01,4.158547520637512207e-01,2.992720901966094971e-01,3.517333269119262695e-01,-1.071617659181356430e-02,2.543247044086456299e-01,1.725707352161407471e-01,2.129892110824584961e-01,6.956832110881805420e-02,7.473364472389221191e-02,1.725456267595291138e-01,3.101237416267395020e-01,3.214330971240997314e-02,2.390200644731521606e-01,1.987085342407226562e-01,4.187442958354949951e-01,2.527622506022453308e-02,1.229539066553115845e-01,-1.335186418145895004e-02,3.317994773387908936e-01,-4.894397407770156860e-02,-1.294986158609390259e-01,-3.008760511875152588e-02,-7.239606976509094238e-02,-8.344986289739608765e-02,4.529491998255252838e-03,4.722333699464797974e-02,-2.832286804914474487e-02,-1.375057399272918701e-01,-1.571592390537261963e-01,2.225233018398284912e-01,-2.088005244731903076e-01,1.961950957775115967e-01,-5.255557969212532043e-02,1.026914864778518677e-01,-6.307030469179153442e-02,2.056127972900867462e-02,-1.517245918512344360e-02,-7.276921719312667847e-02,-5.685286596417427063e-02,-6.982541829347610474e-02,-1.445267647504806519e-01,1.135881617665290833e-01,2.061568647623062134e-01,-6.063662003725767136e-04,-9.761933982372283936e-02
2.003124654293060303e-01,-8.157470077276229858e-02,3.613025844097137451e-01,9.744214266538619995e-02,-3.900273889303207397e-02,-2.255528420209884644e-01,5.171881914138793945e-01,1.009578481316566467e-01,1.009937113849446177e-04,-1.139937341213226318e-01,5.175448656082153320e-01,2.160352915525436401e-01,1.000000000000000000e+00,3.143718242645263672e-01,1.384077668190002441e-01,-5.969706922769546509e-02,2.477393299341201782e-01,2.811097800731658936e-01,1.141908988356590271e-01,1.190997753292322159e-02,1.601523952558636665e-03,-4.733400419354438782e-02,3.906943798065185547e-01,2.591707110404968262e-01,-3.701676055788993835e-02,-7.197968661785125732e-02,-5.321250110864639282e-02,-1.700227260589599609e-01,2.537261247634887695e-01,1.009855791926383972e-01,2.288453727960586548e-01,2.720654010772705078e-01,2.225506901741027832e-01,2.004043757915496826e-01,3.180262446403503418e-01,2.891403734683990479e-01,1.220207437872886658e-01,1.243319138884544373e-01,2.805873379111289978e-02,-1.262948811054229736e-01,1.184669137001037598e-01,-8.643768727779388428e-03,5.558339878916740417e-02,-3.176948055624961853e-02,6.486409902572631836e-02,4.189631342887878418e-02,-6.974025163799524307e-03,-1.711814198642969131e-03,8.064422011375427246e-02,1.875647753477096558e-01,1.394660174846649170e-01,1.647618710994720459e-01,-7.332094758749008179e-02,-9.344542026519775391e-02,-4.200389236211776733e-02,-1.596803963184356689e-01,9.965451806783676147e-02,-9.747789055109024048e-02,-5.314907431602478027e-02,-1.513042747974395752e-01,1.767524033784866333e-01,5.765646323561668396e-02,4.568977653980255127e-01,2.351389676332473755e-01,4.576078057289123535e-01,1.824457198381423950e-01,3.441283479332923889e-02,1.164882332086563110e-01,5.784989520907402039e-02,-4.120659828186035156e-02,2.426603287458419800e-01,1.627410203218460083e-01,2.199846357107162476e-01,1.545807123184204102e-01,1.216195449233055115e-01,2.006016857922077179e-02,1.422222107648849487e-01,2.136159986257553101e-01,1.499199867248535156e-01,1.224952787160873413e-01,2.557268142700195312e-01,1.255164742469787598e-01,2.068438380956649780e-02,6.012705340981483459e-02,2.834800779819488525e-01,1.161622703075408936e-01,6.230114772915840149e-02,-1.657475158572196960e-02,9.082420915365219116e-02,-1.067180559039115906e-01,-9.042929112911224365e-02,-7.908309251070022583e-02,-7.244873046875000000e-02,-9.780686348676681519e-02,-1.000947877764701843e-01,-1.125350147485733032e-01,-5.392426624894142151e-02,-1.080003231763839722e-01,-2.254412770271301270e-01,-9.036887437105178833e-02,-9.387365728616714478e-02,-1.428889185190200806e-01,-3.847364708781242371e-02,-2.359169907867908478e-02,-3.538765385746955872e-02,-8.871776610612869263e-02,-2.983166836202144623e-03,3.059911169111728668e-02,-1.073599383234977722e-01,2.153292670845985413e-02,3.128474578261375427e-02,-1.343547254800796509e-01,-9.959088265895843506e-02,-1.097830757498741150e-02,-3.903786838054656982e-02,-6.004316732287406921e-02
