1.000000000000000000e+00,6.742122769355773926e-01,4.855902493000030518e-01,4.529619812965393066e-01,2.651498019695281982e-01,7.690402120351791382e-02,6.332771182060241699e-01,4.008489251136779785e-01,2.244126200675964355e-01,8.071725070476531982e-02,5.922226309776306152e-01,4.035245478153228760e-01,5.348648428916931152e-01,3.071727752685546875e-01,3.970029652118682861e-01,1.544594615697860718e-01,4.761869609355926514e-01,3.565663993358612061e-01,5.373677015304565430e-01,5.569916963577270508e-01,3.428901433944702148e-01,1.817773133516311646e-01,1.879348605871200562e-01,2.743059396743774414e-01,1.060242503881454468e-01,7.568337023258209229e-03,2.908853590488433838e-01,2.753216624259948730e-01,4.872155785560607910e-01,2.790544927120208740e-01,1.987845450639724731e-01,1.903434544801712036e-01,3.863338232040405273e-01,3.187276721000671387e-01,9.444115310907363892e-02,5.636161658912897110e-03,2.193001806735992432e-01,2.664484977722167969e-01,1.005777046084403992e-01,9.540491551160812378e-02,2.152716517448425293e-01,1.369006484746932983e-01,3.752158582210540771e-01,3.886041045188903809e-01,2.700846493244171143e-01,4.297307133674621582e-01,3.637002706527709961e-01,3.883691728115081787e-01,5.284132957458496094e-01,5.552937984466552734e-01,5.610166788101196289e-01,5.867816209793090820e-01,5.927391052246093750e-01,5.026962757110595703e-01,2.436384856700897217e-01,2.839365899562835693e-01,7.126455903053283691e-01,6.162784099578857422e-01,6.685099601745605469e-01,6.412999629974365234e-01,5.416082143783569336e-01,4.701915085315704346e-01,5.479881763458251953e-01,4.154741168022155762e-01,1.520369648933410645e-01,2.971014678478240967e-01,4.075682163238525391e-01,4.078311324119567871e-01,5.941530466079711914e-01,5.295618176460266113e-01,2.591400146484375000e-01,2.555450499057769775e-01,1.980250477790832520e-01,1.897934079170227051e-01,1.344751268625259399e-01,5.189211666584014893e-02,1.766580343246459961e-01,2.258411496877670288e-01,1.669405102729797363e-01,2.379439026117324829e-01,4.523843526840209961e-01,3.920172154903411865e-01,1.854980438947677612e-01,1.820054501295089722e-01,4.171174764633178711e-01,4.147992432117462158e-01,1.060493662953376770e-02,4.053441435098648071e-02,4.015853106975555420e-01,2.883766889572143555e-01,3.020881712436676025e-01,2.811605930328369141e-01,1.887673437595367432e-01,2.472379207611083984e-01,-1.071571484208106995e-01,4.053531587123870850e-02,1.093769669532775879e-01,2.065020352602005005e-01,4.209287762641906738e-01,3.140317797660827637e-01,2.021986395120620728e-01,2.308018058538436890e-01,2.925069332122802734e-01,2.626215517520904541e-01,2.226256281137466431e-01,1.740272343158721924e-01,1.871125102043151855e-01,1.191534474492073059e-01,-4.631226882338523865e-02,-8.190366625785827637e-02,1.492215991020202637e-01,8.589983731508255005e-02,1.862788796424865723e-01,2.533304691314697266e-01,1.929199248552322388e-01,8.524326235055923462e-02
6.742122769355773926e-01,1.000000000000000000e+00,3.601559996604919434e-01,5.219125747680664062e-01,1.098762452602386475e-01,1.151134893298149109e-01,4.795142412185668945e-01,6.225021481513977051e-01,8.280760049819946289e-02,8.875919878482818604e-02,4.597992002964019775e-01,5.878875255584716797e-01,3.195751011371612549e-01,5.365424156188964844e-01,2.351214736700057983e-01,2.679392397403717041e-01,4.343653321266174316e-01,5.115209221839904785e-01,4.828009009361267090e-01,6.088216304779052734e-01,2.429304569959640503e-01,1.723731756210327148e-01,1.225050017237663269e-01,2.335926294326782227e-01,4.804544523358345032e-02,2.835249900817871094e-02,2.239575088024139404e-01,2.541553676128387451e-01,5.133858919143676758e-01,4.154161512851715088e-01,1.419452130794525146e-01,2.233037054538726807e-01,3.978511095046997070e-01,3.228546679019927979e-01,1.550469249486923218e-01,3.064001537859439850e-02,2.132747173309326172e-01,3.022281527519226074e-01,5.400983616709709167e-02,2.305947989225387573e-01,2.971124351024627686e-01,3.047471642494201660e-01,4.477799832820892334e-01,4.265513420104980469e-01,3.257037103176116943e-01,5.072609782218933105e-01,4.465347230434417725e-01,5.081116557121276855e-01,5.480225086212158203e-01,6.188915371894836426e-01,5.624831318855285645e-01,6.506183147430419922e-01,5.478743910789489746e-01,5.747807621955871582e-01,1.509256809949874878e-01,4.173249304294586182e-01,7.445018291473388672e-01,8.383311629295349121e-01,6.579325795173645020e-01,7.255442738533020020e-01,5.421354770660400391e-01,6.718477606773376465e-01,4.447078406810760498e-01,5.966049432754516602e-01,1.844045370817184448e-01,4.832801520824432373e-01,5.320093035697937012e-01,4.935259222984313965e-01,6.335370540618896484e-01,6.078536510467529297e-01,2.497958689928054810e-01,2.606918811798095703e-01,2.422530055046081543e-01,2.725338339805603027e-01,1.804094761610031128e-01,9.126135706901550293e-02,1.280173808336257935e-01,1.925865709781646729e-01,1.336339712142944336e-01,2.974739372730255127e-01,5.221966505050659180e-01,5.157071948051452637e-01,2.263275831937789917e-01,3.120093941688537598e-01,4.781480729579925537e-01,5.405791997909545898e-01,-5.623516812920570374e-02,1.866880208253860474e-01,2.334707081317901611e-01,3.618963360786437988e-01,3.204707205295562744e-01,2.892635166645050049e-01,1.907687634229660034e-01,2.466516047716140747e-01,-1.805305480957031250e-01,1.081802248954772949e-01,1.019784659147262573e-01,3.494012355804443359e-01,3.848215341567993164e-01,4.373022019863128662e-01,2.268542200326919556e-01,2.211069166660308838e-01,3.106040656566619873e-01,3.609788715839385986e-01,2.764287292957305908e-01,2.423305809497833252e-01,2.930921316146850586e-01,2.666560709476470947e-01,-7.805357221513986588e-03,-5.972719937562942505e-02,1.689543575048446655e-01,6.154188886284828186e-02,1.989839524030685425e-01,3.969978690147399902e-01,3.000495433807373047e-01,1.598612517118453979e-01
4.855902493000030518e-01,3.601559996604919434e-01,1.000000000000000000e+00,6.723716259002685547e-01,3.300170004367828369e-01,1.489861458539962769e-01,6.834281086921691895e-01,3.289067745208740234e-01,4.420632123947143555e-01,2.141985297203063965e-01,5.124253630638122559e-01,2.005113065242767334e-01,5.523575544357299805e-01,2.021757066249847412e-01,4.376901388168334961e-01,3.089797198772430420e-01,1.801008582115173340e-01,1.562685817480087280e-01,6.830119490623474121e-01,5.748838186264038086e-01,2.446027100086212158e-01,2.175206094980239868e-01,7.015604376792907715e-01,6.783432960510253906e-01,3.966895341873168945e-01,2.924337089061737061e-01,2.884834706783294678e-01,2.750743925571441650e-01,2.851024866104125977e-01,1.536243110895156860e-01,5.714911818504333496e-01,5.389953255653381348e-01,3.759131729602813721e-01,4.115209281444549561e-01,3.279692232608795166e-01,2.787116169929504395e-01,1.119839549064636230e-01,2.159882634878158569e-01,1.490092724561691284e-01,9.267468005418777466e-02,2.805154621601104736e-01,2.302633672952651978e-01,2.721050679683685303e-01,1.386732459068298340e-01,2.238280475139617920e-01,1.281079649925231934e-01,3.141131103038787842e-01,2.589500844478607178e-01,1.522139310836791992e-01,1.523613333702087402e-01,2.432789355516433716e-01,2.218879759311676025e-01,1.853357702493667603e-01,2.505892813205718994e-01,1.249904856085777283e-01,1.840657889842987061e-01,3.364626765251159668e-01,2.948141098022460938e-01,2.348256260156631470e-01,2.713056504726409912e-01,2.408239543437957764e-01,3.211871683597564697e-01,2.287665605545043945e-01,1.761749833822250366e-01,2.314265370368957520e-01,3.220456838607788086e-01,2.582171559333801270e-01,2.131408601999282837e-01,3.349602520465850830e-01,3.423643112182617188e-01,3.453536033630371094e-01,3.542459309101104736e-01,2.652803063392639160e-01,2.603721916675567627e-01,1.486878991127014160e-01,1.006164699792861938e-01,1.149641126394271851e-01,1.809749156236648560e-01,-1.755158975720405579e-02,-3.854142501950263977e-02,3.359366357326507568e-01,2.226880490779876709e-01,1.939143091440200806e-01,2.294302135705947876e-01,3.650488853454589844e-01,3.477992117404937744e-01,8.002268522977828979e-02,1.698180139064788818e-01,3.560879826545715332e-01,3.113963007926940918e-01,3.347645401954650879e-01,2.310782223939895630e-01,3.148445487022399902e-01,4.230761229991912842e-01,-6.051769480109214783e-02,8.630127459764480591e-02,1.109956800937652588e-01,1.970023810863494873e-01,2.300741225481033325e-01,1.537204086780548096e-01,2.755692005157470703e-01,3.706189095973968506e-01,1.924235224723815918e-01,2.480397075414657593e-01,1.293334066867828369e-01,1.521220654249191284e-01,1.189108937978744507e-01,1.853783428668975830e-01,-6.084872782230377197e-02,-9.058248251676559448e-02,1.151185259222984314e-01,4.160626605153083801e-02,1.702948659658432007e-02,2.114118784666061401e-01,2.466659396886825562e-01,4.793280363082885742e-02
4.529619812965393066e-01,5.219125747680664062e-01,6.723716259002685547e-01,1.000000000000000000e+00,3.170868754386901855e-01,3.360152244567871094e-01,6.063793301582336426e-01,7.032015919685363770e-01,3.640186786651611328e-01,4.031374454498291016e-01,4.014196693897247314e-01,4.887197911739349365e-01,3.431526124477386475e-01,5.578557252883911133e-01,3.682884573936462402e-01,5.105999708175659180e-01,2.117581516504287720e-01,2.966462075710296631e-01,6.044885516166687012e-01,6.670807600021362305e-01,2.738230526447296143e-01,2.246571779251098633e-01,5.454950928688049316e-01,6.637440919876098633e-01,2.855921685695648193e-01,3.159749507904052734e-01,2.820804417133331299e-01,3.448685407638549805e-01,4.302136301994323730e-01,4.019750356674194336e-01,5.324172377586364746e-01,6.356086730957031250e-01,4.707361161708831787e-01,5.650590062141418457e-01,3.494462072849273682e-01,3.066162168979644775e-01,1.167571693658828735e-01,3.128478229045867920e-01,1.878137439489364624e-01,1.624416857957839966e-01,2.576308250427246094e-01,2.686357796192169189e-01,3.539853096008300781e-01,2.963992059230804443e-01,3.782175481319427490e-01,3.204578161239624023e-01,3.568212687969207764e-01,4.129968881607055664e-01,3.019078075885772705e-01,3.458849191665649414e-01,3.263462185859680176e-01,3.749671280384063721e-01,2.339065223932266235e-01,4.013559520244598389e-01,8.093953877687454224e-02,3.207525312900543213e-01,3.916995227336883545e-01,4.642825126647949219e-01,3.917429745197296143e-01,5.283963680267333984e-01,4.282255470752716064e-01,5.715418457984924316e-01,2.203462719917297363e-01,4.153650701045989990e-01,3.281345665454864502e-01,6.036453247070312500e-01,4.654013216495513916e-01,4.239394664764404297e-01,4.693407118320465088e-01,4.929067492485046387e-01,4.310174286365509033e-01,4.470288455486297607e-01,3.602210879325866699e-01,4.694045484066009521e-01,2.607724070549011230e-01,2.554906606674194336e-01,1.765564978122711182e-01,2.489552795886993408e-01,6.347309798002243042e-02,9.623697400093078613e-02,4.317267239093780518e-01,4.126128554344177246e-01,2.405687570571899414e-01,2.963379323482513428e-01,3.981883823871612549e-01,4.844704270362854004e-01,1.553507894277572632e-01,1.990687698125839233e-01,2.917461097240447998e-01,4.456950128078460693e-01,3.318228125572204590e-01,3.385106027126312256e-01,3.535359203815460205e-01,3.727976679801940918e-01,-1.231774017214775085e-01,1.090263873338699341e-01,1.118656545877456665e-01,2.320646792650222778e-01,2.885147631168365479e-01,2.421993017196655273e-01,2.492759525775909424e-01,2.710483670234680176e-01,2.154313623905181885e-01,2.873625457286834717e-01,1.650511026382446289e-01,1.763860583305358887e-01,1.899730265140533447e-01,2.544749081134796143e-01,-6.867552548646926880e-02,-7.572984695434570312e-02,1.891348212957382202e-01,-1.119547887356020510e-04,8.130168914794921875e-02,2.037024050951004028e-01,2.032392174005508423e-01,6.633801013231277466e-02
2.651498019695281982e-01,1.098762452602386475e-01,3.300170004367828369e-01,3.170868754386901855e-01,1.000000000000000000e+00,6.288254261016845703e-01,3.669545650482177734e-01,1.212338656187057495e-01,6.744000315666198730e-01,5.285507440567016602e-01,2.928120493888854980e-01,8.078303188085556030e-02,3.592330217361450195e-01,5.828515812754631042e-02,6.873331665992736816e-01,4.877407848834991455e-01,1.408918201923370361e-01,4.010657966136932373e-02,2.454251646995544434e-01,2.043502181768417358e-01,4.581976830959320068e-01,4.244322776794433594e-01,3.948841392993927002e-01,4.096805155277252197e-01,5.448271632194519043e-01,5.238449573516845703e-01,6.419322490692138672e-01,6.501622200012207031e-01,3.339659571647644043e-01,8.009758591651916504e-02,4.890764355659484863e-01,4.826354682445526123e-01,3.986397385597229004e-01,4.074251353740692139e-01,2.916352152824401855e-01,2.440169900655746460e-01,3.546795845031738281e-01,1.525576710700988770e-01,2.769932150840759277e-01,3.137161955237388611e-02,1.473891735076904297e-01,1.184515878558158875e-01,2.637535929679870605e-01,2.806553244590759277e-01,2.384551018476486206e-01,2.030456066131591797e-01,2.067249268293380737e-01,2.725074887275695801e-01,1.512692272663116455e-01,1.349557787179946899e-01,1.496989876031875610e-01,2.077406346797943115e-01,4.671365022659301758e-02,1.161353215575218201e-01,1.697105318307876587e-01,1.503323484212160110e-02,1.521549671888351440e-01,9.002940356731414795e-02,1.823395639657974243e-01,2.446903139352798462e-01,2.389234751462936401e-01,2.210342139005661011e-01,1.353277415037155151e-01,6.433323770761489868e-02,1.888296008110046387e-01,2.854003310203552246e-01,2.706319391727447510e-01,2.848732769489288330e-01,2.746428251266479492e-01,1.841613501310348511e-01,2.118915170431137085e-01,1.962879300117492676e-01,3.713070154190063477e-01,2.521063685417175293e-01,2.744873762130737305e-01,2.152017205953598022e-01,2.041926234960556030e-01,2.008745521306991577e-01,5.827033519744873047e-02,6.413381546735763550e-02,2.443360388278961182e-01,1.260333657264709473e-01,2.786113023757934570e-01,1.321916878223419189e-01,2.830426692962646484e-01,2.595458030700683594e-01,1.872049123048782349e-01,-1.655946671962738037e-01,2.887970805168151855e-01,1.830302327871322632e-01,-3.749825805425643921e-02,2.677910923957824707e-01,1.496442258358001709e-01,2.269871383905410767e-01,-2.103157341480255127e-01,-1.075677275657653809e-01,-9.402458369731903076e-02,-4.910150170326232910e-02,1.825643926858901978e-01,7.252606749534606934e-02,1.706783175468444824e-01,1.843734532594680786e-01,1.401213109493255615e-01,1.292777806520462036e-01,4.318374395370483398e-02,3.888788924086838961e-04,1.342822164297103882e-01,-5.198842287063598633e-02,-5.623991042375564575e-02,-8.943784236907958984e-02,1.221431940793991089e-01,-7.251341640949249268e-02,-6.748984009027481079e-02,1.076865568757057190e-01,1.377320010215044022e-02,-1.540682166814804077e-01
7.690402120351791382e-02,1.151134893298149109e-01,1.489861458539962769e-01,3.360152244567871094e-01,6.288254261016845703e-01,1.000000000000000000e+00,2.169677168130874634e-01,2.373970896005630493e-01,5.202893018722534180e-01,6.096361279487609863e-01,1.160476729273796082e-01,1.469136029481887817e-01,6.334665417671203613e-02,1.728207767009735107e-01,4.724713265895843506e-01,6.287412643432617188e-01,3.293392807245254517e-02,5.448243021965026855e-02,1.375399976968765259e-01,1.581593006849288940e-01,2.077917605638504028e-01,3.666818737983703613e-01,1.838367432355880737e-01,3.818514943122863770e-01,3.514047563076019287e-01,4.550175070762634277e-01,4.087544679641723633e-01,5.338882207870483398e-01,2.241773903369903564e-01,1.317282021045684814e-01,3.939342200756072998e-01,4.941746592521667480e-01,3.611383140087127686e-01,3.905492126941680908e-01,2.118821144104003906e-01,1.814021319150924683e-01,2.016635388135910034e-01,9.221620857715606689e-02,3.271861374378204346e-01,6.020130962133407593e-02,5.896424502134323120e-02,1.295350193977355957e-01,1.018842756748199463e-01,1.965996921062469482e-01,1.767094135284423828e-01,1.396227777004241943e-01,1.256986111402511597e-01,1.511900275945663452e-01,7.643510401248931885e-02,9.031133353710174561e-02,4.173412919044494629e-02,1.648637950420379639e-01,-3.864271938800811768e-02,4.134035483002662659e-02,1.321169435977935791e-01,2.307819575071334839e-02,9.030269086360931396e-02,8.602709323167800903e-02,9.799447655677795410e-02,2.703037559986114502e-01,1.693838387727737427e-01,3.250833451747894287e-01,1.443599164485931396e-02,1.362895667552947998e-01,1.461736112833023071e-01,4.034887552261352539e-01,2.050002664327621460e-01,2.210842519998550415e-01,1.316553950309753418e-01,1.097674816846847534e-01,1.982212066650390625e-01,1.610171347856521606e-01,2.869429290294647217e-01,3.117389380931854248e-01,1.499695628881454468e-01,2.268174141645431519e-01,1.710451543331146240e-01,2.178814858198165894e-01,-7.377737015485763550e-02,2.747371047735214233e-02,4.199418798089027405e-02,6.143255531787872314e-02,2.150490134954452515e-01,1.752697974443435669e-01,1.177595928311347961e-01,1.942612379789352417e-01,1.749335229396820068e-01,-1.624453514814376831e-01,1.891174912452697754e-01,1.814006417989730835e-01,-6.195528805255889893e-02,2.383642494678497314e-01,9.326956421136856079e-02,1.289614140987396240e-01,-1.066839545965194702e-01,-4.180376231670379639e-02,-7.787851989269256592e-02,-5.561969056725502014e-02,6.668012589216232300e-02,4.831800609827041626e-02,2.166305631399154663e-01,1.161514744162559509e-01,2.128404676914215088e-01,1.599225252866744995e-01,1.172820106148719788e-01,1.040166541934013367e-01,1.933784931898117065e-01,-5.521832033991813660e-03,2.234634011983871460e-03,-1.025497466325759888e-01,-2.377853670623153448e-04,-1.445025950670242310e-01,-6.767368316650390625e-02,1.485947221517562866e-01,5.619745701551437378e-02,-9.806029498577117920e-02
6.332771182060241699e-01,4.795142412185668945e-01,6.834281086921691895e-01,6.063793301582336426e-01,3.669545650482177734e-01,2.169677168130874634e-01,1.000000000000000000e+00,5.338572263717651367e-01,4.026214480400085449e-01,2.297473102807998657e-01,6.574409604072570801e-01,3.651173412799835205e-01,5.964376330375671387e-01,2.596334815025329590e-01,3.791627585887908936e-01,1.814529448747634888e-01,3.435656428337097168e-01,3.174531161785125732e-01,5.214798450469970703e-01,5.478828549385070801e-01,2.188349366188049316e-01,1.204396262764930725e-01,3.568937480449676514e-01,4.767455160617828369e-01,2.387007176876068115e-01,1.566205471754074097e-01,2.479170858860015869e-01,2.618606984615325928e-01,4.017114937305450439e-01,2.907432913780212402e-01,4.107464551925659180e-01,4.110715091228485107e-01,4.757062494754791260e-01,4.499801099300384521e-01,1.979953348636627197e-01,1.492495536804199219e-01,1.192209422588348389e-01,1.490640491247177124e-01,1.489834040403366089e-01,1.307409703731536865e-01,2.715080082416534424e-01,2.267214208841323853e-01,3.273324966430664062e-01,2.789151072502136230e-01,2.499522864818572998e-01,2.713995277881622314e-01,3.663156926631927490e-01,3.524900078773498535e-01,3.455013334751129150e-01,3.299982249736785889e-01,3.340286314487457275e-01,3.928050398826599121e-01,3.432724475860595703e-01,3.415647447109222412e-01,1.831012219190597534e-01,2.119732648134231567e-01,4.798714220523834229e-01,3.457917273044586182e-01,4.700395762920379639e-01,5.142104625701904297e-01,3.488563597202301025e-01,4.765010774135589600e-01,2.919615805149078369e-01,2.111027091741561890e-01,9.071929380297660828e-03,2.968116998672485352e-01,3.224388360977172852e-01,3.385494053363800049e-01,4.666307568550109863e-01,4.167605936527252197e-01,3.527011871337890625e-01,3.641354739665985107e-01,3.735001385211944580e-01,3.563736677169799805e-01,1.861289739608764648e-01,8.190925419330596924e-02,2.173037528991699219e-01,2.215524166822433472e-01,1.481717079877853394e-02,6.238692440092563629e-03,3.850756883621215820e-01,2.647572457790374756e-01,1.339442580938339233e-01,2.421937286853790283e-01,2.827103137969970703e-01,3.015779554843902588e-01,2.662816643714904785e-02,1.283517032861709595e-01,3.673781454563140869e-01,2.655711174011230469e-01,2.670803368091583252e-01,1.954162269830703735e-01,1.262859404087066650e-01,2.355205416679382324e-01,-1.430087089538574219e-01,-2.371253678575158119e-03,8.462882041931152344e-02,2.233846783638000488e-01,3.293311595916748047e-01,2.761018574237823486e-01,1.749410331249237061e-01,3.090624809265136719e-01,2.445168197154998779e-01,2.939965724945068359e-01,2.234668880701065063e-01,2.595795094966888428e-01,2.212240397930145264e-01,1.596123576164245605e-01,-9.588642418384552002e-02,-1.382716745138168335e-01,2.269277162849903107e-02,6.096434779465198517e-03,3.802101686596870422e-02,1.789953708648681641e-01,2.376226931810379028e-01,7.044162601232528687e-02
4.008489251136779785e-01,6.225021481513977051e-01,3.289067745208740234e-01,7.032015919685363770e-01,1.212338656187057495e-01,2.373970896005630493e-01,5.338572263717651367e-01,1.000000000000000000e+00,1.025268211960792542e-01,2.469677329063415527e-01,3.871999382972717285e-01,6.459746956825256348e-01,1.902229636907577515e-01,7.325291633605957031e-01,1.187241822481155396e-01,3.345649540424346924e-01,3.300690054893493652e-01,4.602463543415069580e-01,3.525332510471343994e-01,5.085729360580444336e-01,1.287745684385299683e-01,1.097505614161491394e-01,1.608825176954269409e-01,3.609652221202850342e-01,4.954927414655685425e-02,1.536305993795394897e-01,1.164245232939720154e-01,2.143070548772811890e-01,3.969234824180603027e-01,4.569470286369323730e-01,2.248773425817489624e-01,3.843219876289367676e-01,3.831900656223297119e-01,4.322547018527984619e-01,1.670714318752288818e-01,1.393779069185256958e-01,7.976343482732772827e-02,2.471115738153457642e-01,1.352247595787048340e-01,2.326378673315048218e-01,2.606153786182403564e-01,2.785206437110900879e-01,3.045489490032196045e-01,3.078919649124145508e-01,3.345833718776702881e-01,3.808089494705200195e-01,3.378951251506805420e-01,4.569811820983886719e-01,4.254059791564941406e-01,4.835903644561767578e-01,3.669202923774719238e-01,4.758255481719970703e-01,3.307692706584930420e-01,4.513030350208282471e-01,6.870722025632858276e-02,3.462024629116058350e-01,4.143612682819366455e-01,5.365290641784667969e-01,5.080831646919250488e-01,6.547260284423828125e-01,4.500292837619781494e-01,6.652418375015258789e-01,1.928135305643081665e-01,5.433080196380615234e-01,2.006547451019287109e-01,5.636059045791625977e-01,4.586762189865112305e-01,4.744317531585693359e-01,4.304626584053039551e-01,4.316580891609191895e-01,3.169654607772827148e-01,3.631891906261444092e-01,3.121242225170135498e-01,4.263205528259277344e-01,1.858987957239151001e-01,1.391515731811523438e-01,1.113175675272941589e-01,1.322778016328811646e-01,9.317934513092041016e-02,1.882518529891967773e-01,3.817225098609924316e-01,4.164628386497497559e-01,1.375318318605422974e-01,2.670433223247528076e-01,2.423292249441146851e-01,3.833815753459930420e-01,1.289791893213987350e-02,1.983392983675003052e-01,1.200807839632034302e-01,3.549844026565551758e-01,2.920256555080413818e-01,2.600254714488983154e-01,2.036273181438446045e-01,1.609104275703430176e-01,-1.071695238351821899e-01,1.242865622043609619e-01,1.453045606613159180e-01,3.161716461181640625e-01,3.228043615818023682e-01,3.560551702976226807e-01,1.826362907886505127e-01,1.547112017869949341e-01,2.377746999263763428e-01,3.016407191753387451e-01,2.326095551252365112e-01,2.580679953098297119e-01,2.455427795648574829e-01,3.053354322910308838e-01,-6.327820569276809692e-02,-1.327118556946516037e-02,1.545882523059844971e-01,8.663696795701980591e-02,1.353431493043899536e-01,2.324137687683105469e-01,2.481695562601089478e-01,1.937942504882812500e-01
2.244126200675964355e-01,8.280760049819946289e-02,4.420632123947143555e-01,3.640186786651611328e-01,6.744000315666198730e-01,5.202893018722534180e-01,4.026214480400085449e-01,1.025268211960792542e-01,1.000000000000000000e+00,6.408181786537170410e-01,3.991807997226715088e-01,1.018387600779533386e-01,4.017195403575897217e-01,7.462345063686370850e-02,6.585138440132141113e-01,4.816071689128875732e-01,1.014503762125968933e-01,-3.113319864496588707e-03,3.385832607746124268e-01,2.618187963962554932e-01,3.085274994373321533e-01,3.693020045757293701e-01,4.586737155914306641e-01,3.919339776039123535e-01,4.781510233879089355e-01,4.472854137420654297e-01,4.522089064121246338e-01,4.626656770706176758e-01,2.639148235321044922e-01,8.701808005571365356e-02,5.256478190422058105e-01,5.050499439239501953e-01,4.214437305927276611e-01,4.393192529678344727e-01,3.497314751148223877e-01,2.997549474239349365e-01,1.790747046470642090e-01,1.462801545858383179e-01,3.096710443496704102e-01,1.066425815224647522e-02,1.150805130600929260e-01,1.594598740339279175e-01,1.969176679849624634e-01,1.894163340330123901e-01,1.708431839942932129e-01,7.166566699743270874e-02,1.243684664368629456e-01,2.136648744344711304e-01,7.527058571577072144e-02,5.089100077748298645e-02,1.016182154417037964e-01,9.019470959901809692e-02,-4.689539596438407898e-02,5.625385791063308716e-02,1.037415787577629089e-01,-6.714475899934768677e-02,1.062464118003845215e-01,5.691779032349586487e-02,1.473820358514785767e-01,1.741632968187332153e-01,2.670474350452423096e-01,1.750745922327041626e-01,1.490406990051269531e-01,6.787560880184173584e-02,1.858566850423812866e-01,2.691732347011566162e-01,2.028741538524627686e-01,1.937948614358901978e-01,2.177432924509048462e-01,1.770711243152618408e-01,2.595588564872741699e-01,2.495252490043640137e-01,3.902114629745483398e-01,2.614454627037048340e-01,2.419860661029815674e-01,1.850773245096206665e-01,2.504715919494628906e-01,2.334267646074295044e-01,-1.145201176404953003e-02,1.906302757561206818e-02,1.520924121141433716e-01,4.427293688058853149e-02,3.144011199474334717e-01,2.553992867469787598e-01,2.352611571550369263e-01,1.688400954008102417e-01,3.336431086063385010e-01,-1.072650849819183350e-01,3.442786037921905518e-01,1.165552809834480286e-01,7.573406398296356201e-02,2.980686128139495850e-01,1.423658281564712524e-01,1.826385557651519775e-01,-1.459265947341918945e-01,-7.508806139230728149e-02,-9.163986146450042725e-02,-8.307867497205734253e-02,1.350309550762176514e-01,2.778151631355285645e-02,8.129213005304336548e-02,1.398105025291442871e-01,4.202051460742950439e-02,6.773677468299865723e-02,-4.075274989008903503e-02,-4.560106620192527771e-02,7.767269015312194824e-02,-8.109223842620849609e-02,-3.812836110591888428e-02,-1.283615231513977051e-01,8.214307576417922974e-02,-8.449494838714599609e-02,-4.274468123912811279e-02,6.693279743194580078e-02,-5.407227948307991028e-02,-1.363052427768707275e-01
8.071725070476531982e-02,8.875919878482818604e-02,2.141985297203063965e-01,4.031374454498291016e-01,5.285507440567016602e-01,6.096361279487609863e-01,2.297473102807998657e-01,2.469677329063415527e-01,6.408181786537170410e-01,1.000000000000000000e+00,1.828314512968063354e-01,2.133118808269500732e-01,2.069588601589202881e-01,2.383523434400558472e-01,4.646716713905334473e-01,6.799805760383605957e-01,-3.361735492944717407e-02,-6.817336380481719971e-02,1.651462763547897339e-01,1.916055381298065186e-01,1.387156099081039429e-01,2.139484286308288574e-01,3.745027184486389160e-01,4.375749528408050537e-01,4.254076480865478516e-01,4.638048708438873291e-01,3.493372797966003418e-01,4.501923024654388428e-01,1.156181097030639648e-01,1.404736787080764771e-01,3.789025545120239258e-01,4.911994338035583496e-01,3.823939859867095947e-01,5.192435979843139648e-01,3.867658376693725586e-01,4.035635590553283691e-01,1.241784468293190002e-01,1.445264518260955811e-01,2.715002894401550293e-01,-7.408291101455688477e-03,9.806637652218341827e-03,4.469383507966995239e-02,1.156911477446556091e-01,1.719617545604705811e-01,1.402217447757720947e-01,6.660488247871398926e-02,1.055428013205528259e-02,1.454806029796600342e-01,8.692207932472229004e-02,9.840017557144165039e-02,4.314781352877616882e-02,1.312650591135025024e-01,-1.463316380977630615e-01,3.633325919508934021e-02,4.307827353477478027e-02,-3.090199828147888184e-02,6.839386373758316040e-02,8.853325247764587402e-02,1.782859861850738525e-01,2.376444041728973389e-01,3.294293284416198730e-01,2.932235598564147949e-01,-1.689445052761584520e-04,1.489656567573547363e-01,2.194933295249938965e-01,4.601419270038604736e-01,2.412779480218887329e-01,2.440044581890106201e-01,2.059480845928192139e-01,2.511623203754425049e-01,2.300000190734863281e-01,2.362893819808959961e-01,3.686503469944000244e-01,3.266928493976593018e-01,2.395797520875930786e-01,2.257584035396575928e-01,3.006196320056915283e-01,2.851854860782623291e-01,-7.842330634593963623e-02,-1.184466183185577393e-01,1.139049455523490906e-01,8.004128187894821167e-02,1.506615579128265381e-01,2.134563326835632324e-01,1.522119045257568359e-01,2.191545665264129639e-01,3.396668732166290283e-01,-3.451434522867202759e-02,2.301045954227447510e-01,2.370051443576812744e-01,1.853876188397407532e-02,3.296979069709777832e-01,1.348020732402801514e-01,1.509342491626739502e-01,-1.268546581268310547e-01,-8.034738898277282715e-02,-1.008848398923873901e-01,-1.396142989397048950e-01,6.847998499870300293e-02,-4.530446138232946396e-03,2.930616587400436401e-02,4.754939675331115723e-02,5.148533731698989868e-02,2.471461892127990723e-02,-8.484796434640884399e-02,-9.278449416160583496e-02,1.341743171215057373e-01,-5.552171170711517334e-02,-1.097332611680030823e-01,-9.125290066003799438e-02,9.013459086418151855e-02,-2.233994454145431519e-01,-4.190314561128616333e-02,3.974337503314018250e-02,-7.615122944116592407e-02,-1.898960620164871216e-01
5.922226309776306152e-01,4.597992002964019775e-01,5.124253630638122559e-01,4.014196693897247314e-01,2.928120493888854980e-01,1.160476729273796082e-01,6.574409604072570801e-01,3.871999382972717285e-01,3.991807997226715088e-01,1.828314512968063354e-01,1.000000000000000000e+00,4.432468414306640625e-01,7.063159942626953125e-01,3.028756082057952881e-01,4.061442911624908447e-01,1.797612458467483521e-01,5.042716860771179199e-01,3.804953992366790771e-01,5.029107332229614258e-01,4.620240628719329834e-01,2.614778578281402588e-01,2.101414352655410767e-01,3.105690479278564453e-01,3.427655398845672607e-01,2.129503935575485229e-01,1.511739641427993774e-01,2.784374356269836426e-01,2.643198668956756592e-01,4.600685238838195801e-01,2.594417631626129150e-01,3.537180125713348389e-01,3.245535492897033691e-01,4.467170536518096924e-01,3.623849451541900635e-01,2.393129765987396240e-01,1.360747665166854858e-01,2.129460275173187256e-01,2.577473521232604980e-01,1.582553833723068237e-01,6.992805749177932739e-02,3.023315668106079102e-01,2.828381359577178955e-01,3.293045163154602051e-01,2.939895689487457275e-01,2.270282655954360962e-01,2.885341644287109375e-01,3.464823663234710693e-01,3.755340874195098877e-01,3.930554091930389404e-01,3.990794718265533447e-01,4.196579754352569580e-01,3.992109298706054688e-01,3.382956981658935547e-01,2.560691237449645996e-01,1.624948829412460327e-01,1.266638189554214478e-01,4.614492952823638916e-01,4.105395674705505371e-01,4.857363700866699219e-01,4.765147566795349121e-01,4.456766545772552490e-01,3.722763061523437500e-01,3.753431439399719238e-01,2.367793172597885132e-01,1.269510537385940552e-01,2.438637465238571167e-01,3.666149079799652100e-01,4.042946100234985352e-01,4.144805967807769775e-01,3.978421092033386230e-01,3.495888113975524902e-01,3.527750670909881592e-01,3.136016130447387695e-01,2.220971137285232544e-01,1.643169820308685303e-01,-3.183296415954828262e-03,2.129436731338500977e-01,2.564683258533477783e-01,1.908226683735847473e-02,9.898974001407623291e-02,4.127121567726135254e-01,2.932806313037872314e-01,2.847763895988464355e-01,2.723446190357208252e-01,3.981369733810424805e-01,3.169365227222442627e-01,1.170124262571334839e-01,6.289297342300415039e-02,3.218255341053009033e-01,1.801428198814392090e-01,2.405339926481246948e-01,2.358743995428085327e-01,1.646365523338317871e-01,1.790151596069335938e-01,-1.364033669233322144e-01,-3.973700851202011108e-02,6.850000470876693726e-02,1.134631112217903137e-01,2.757601439952850342e-01,1.802264302968978882e-01,1.397991627454757690e-01,2.128163129091262817e-01,2.681281268596649170e-01,2.415317296981811523e-01,1.701995730400085449e-01,1.756833046674728394e-01,2.197005599737167358e-01,4.811059683561325073e-02,-8.481650054454803467e-02,-1.405748128890991211e-01,1.022224426269531250e-01,1.397487428039312363e-02,-1.173678971827030182e-02,8.986575901508331299e-02,1.912541873753070831e-02,-2.119614556431770325e-02
4.035245478153228760e-01,5.878875255584716797e-01,2.005113065242767334e-01,4.887197911739349365e-01,8.078303188085556030e-02,1.469136029481887817e-01,3.651173412799835205e-01,6.459746956825256348e-01,1.018387600779533386e-01,2.133118808269500732e-01,4.432468414306640625e-01,1.000000000000000000e+00,2.994219362735748291e-01,6.959877610206604004e-01,1.795870512723922729e-01,2.873572111129760742e-01,4.254299402236938477e-01,5.047324895858764648e-01,2.824969589710235596e-01,4.295803606510162354e-01,1.421709507703781128e-01,9.282043576240539551e-02,1.379365324974060059e-01,2.460624724626541138e-01,3.809762001037597656e-02,8.333618193864822388e-02,1.381244212388992310e-01,1.913804858922958374e-01,3.943371474742889404e-01,3.985995650291442871e-01,1.361972689628601074e-01,2.327023297548294067e-01,3.515423536300659180e-01,3.566741347312927246e-01,3.136534988880157471e-01,2.172463238239288330e-01,8.433239907026290894e-02,2.294217795133590698e-01,1.168986968696117401e-02,7.443908601999282837e-02,2.464321106672286987e-01,2.319442331790924072e-01,3.436192274093627930e-01,3.921330273151397705e-01,3.137389719486236572e-01,4.072625339031219482e-01,3.382225632667541504e-01,4.757884442806243896e-01,4.589948356151580811e-01,5.315339565277099609e-01,4.622111022472381592e-01,5.024751424789428711e-01,3.478748202323913574e-01,4.443980455398559570e-01,5.333722010254859924e-02,2.637231051921844482e-01,4.183254837989807129e-01,5.404439568519592285e-01,5.639482140541076660e-01,5.849298834800720215e-01,5.173932313919067383e-01,5.293968915939331055e-01,3.216298818588256836e-01,5.461267828941345215e-01,2.768053710460662842e-01,4.961848556995391846e-01,5.615398883819580078e-01,5.406095385551452637e-01,4.161913692951202393e-01,4.516462981700897217e-01,3.167802095413208008e-01,2.894951105117797852e-01,3.173475861549377441e-01,3.464606106281280518e-01,2.113200426101684570e-01,1.271912902593612671e-01,2.199869602918624878e-01,2.625192105770111084e-01,6.026637926697731018e-02,2.353185713291168213e-01,3.630190491676330566e-01,3.740334510803222656e-01,2.443617135286331177e-01,3.095088899135589600e-01,3.086114525794982910e-01,3.695116043090820312e-01,5.811113491654396057e-02,1.949721723794937134e-01,1.340730041265487671e-01,2.741706371307373047e-01,2.819579243659973145e-01,2.322087734937667847e-01,2.212315350770950317e-01,1.779345870018005371e-01,-2.423850744962692261e-01,-8.437938988208770752e-02,6.022396031767129898e-03,1.185906156897544861e-01,2.791780531406402588e-01,2.396194785833358765e-01,1.143931001424789429e-01,1.721368283033370972e-01,1.692124903202056885e-01,2.583353817462921143e-01,6.485307961702346802e-02,6.111897900700569153e-02,1.863154023885726929e-01,1.805982142686843872e-01,-1.565981358289718628e-01,-1.614598035812377930e-01,1.910744458436965942e-01,2.649682201445102692e-02,1.070896312594413757e-01,2.092217355966567993e-01,4.320917278528213501e-02,3.812947496771812439e-02
5.348648428916931152e-01,3.195751011371612549e-01,5.523575544357299805e-01,3.431526124477386475e-01,3.592330217361450195e-01,6.334665417671203613e-02,5.964376330375671387e-01,1.902229636907577515e-01,4.017195403575897217e-01,2.069588601589202881e-01,7.063159942626953125e-01,2.994219362735748291e-01,1.000000000000000000e+00,2.172229737043380737e-01,5.170860290527343750e-01,2.195680588483810425e-01,3.324156403541564941e-01,2.137937843799591064e-01,4.664926230907440186e-01,3.587511181831359863e-01,3.332197070121765137e-01,1.650211066007614136e-01,4.858880937099456787e-01,4.684613049030303955e-01,4.147712290287017822e-01,2.787514328956604004e-01,3.301973342895507812e-01,3.050106167793273926e-01,3.545408546924591064e-01,2.130443751811981201e-01,3.927245736122131348e-01,3.394066691398620605e-01,3.725571632385253906e-01,3.260987401008605957e-01,3.204691708087921143e-01,2.374725788831710815e-01,2.033050358295440674e-01,2.336806207895278931e-01,7.086119055747985840e-02,3.951080888509750366e-02,2.826725840568542480e-01,2.144089639186859131e-01,3.798107206821441650e-01,2.994165122509002686e-01,1.954240798950195312e-01,2.374325245618820190e-01,2.933334112167358398e-01,3.033251166343688965e-01,3.015791475772857666e-01,3.212800621986389160e-01,3.924547135829925537e-01,3.289875984191894531e-01,2.321298420429229736e-01,1.842240542173385620e-01,9.937540441751480103e-02,1.004033684730529785e-01,3.433399796485900879e-01,2.843607664108276367e-01,3.884794414043426514e-01,3.315586745738983154e-01,3.210004866123199463e-01,2.168204188346862793e-01,2.812568843364715576e-01,9.966278076171875000e-02,1.552266478538513184e-01,2.261827737092971802e-01,3.084956109523773193e-01,2.954077720642089844e-01,3.821717500686645508e-01,3.685640394687652588e-01,2.394251376390457153e-01,1.887942999601364136e-01,2.736470699310302734e-01,1.743910759687423706e-01,1.220552921295166016e-01,-8.519313298165798187e-03,1.307341158390045166e-01,1.601970642805099487e-01,7.815343886613845825e-02,5.607210844755172729e-02,4.219688773155212402e-01,2.724519371986389160e-01,2.431698590517044067e-01,2.365050315856933594e-01,4.231458902359008789e-01,3.240262866020202637e-01,5.361929535865783691e-02,9.850373119115829468e-02,3.472717404365539551e-01,2.124140709638595581e-01,1.375248730182647705e-01,1.360016167163848877e-01,8.869189023971557617e-02,2.180260717868804932e-01,-2.359060794115066528e-01,-1.083509698510169983e-01,-2.825594879686832428e-02,7.219506055116653442e-02,2.113300263881683350e-01,1.272530853748321533e-01,6.976302713155746460e-02,2.622240185737609863e-01,1.471668779850006104e-01,1.926910281181335449e-01,1.188723817467689514e-01,1.035318896174430847e-01,1.309109181165695190e-01,1.484968140721321106e-02,-9.665535390377044678e-02,-1.830128580331802368e-01,4.283329471945762634e-02,-9.330076724290847778e-02,-1.076493114233016968e-01,1.590103469789028168e-02,4.170249775052070618e-02,-5.621814727783203125e-02
