1.000000000000000000e+00,4.513858556747436523e-01,1.265490055084228516e-01,7.723719626665115356e-02,-3.070769906044006348e-01,-2.015776485204696655e-01,1.134871169924736023e-01,3.836135193705558777e-02,-2.014797776937484741e-01,-1.872579157352447510e-01,3.020275235176086426e-01,-1.800716272555291653e-03,1.454734504222869873e-01,-8.383259177207946777e-02,-1.826066374778747559e-01,-2.758023738861083984e-01,1.580994129180908203e-01,2.172327227890491486e-02,4.480887055397033691e-01,3.635957241058349609e-01,-1.307574361562728882e-01,-4.721505567431449890e-02,7.411684840917587280e-03,4.379154369235038757e-02,-1.433119475841522217e-01,-1.727094799280166626e-01,-1.124254018068313599e-01,-9.953648597002029419e-02,-7.142954319715499878e-02,-1.782149970531463623e-01,-1.683764010667800903e-01,-2.070952504873275757e-01,-1.590782590210437775e-02,-8.106826990842819214e-02,-4.431169480085372925e-02,-7.710676640272140503e-02,2.584132738411426544e-02,-5.228965729475021362e-02,1.044780910015106201e-01,-2.488241158425807953e-02,-4.156826809048652649e-02,-9.459073096513748169e-02,-3.083013370633125305e-02,-1.032105758786201477e-01,-1.065393388271331787e-01,-6.508091092109680176e-02,-1.369044929742813110e-01,-8.653133362531661987e-02,-5.829302966594696045e-02,4.587309807538986206e-02,-5.111176520586013794e-02,-5.726429075002670288e-02,-6.455752998590469360e-02,-3.992863371968269348e-02,-8.617008477449417114e-02,-8.806715160608291626e-02,4.588593840599060059e-01,3.381142914295196533e-01,2.415068149566650391e-01,2.518360912799835205e-01,2.284713983535766602e-01,8.943484723567962646e-02,1.898733973503112793e-01,6.560725718736648560e-02,-4.150203615427017212e-02,1.036004722118377686e-02,3.267009556293487549e-02,-2.406114898622035980e-02,3.036338388919830322e-01,1.565877497196197510e-01,-6.774329114705324173e-03,-1.198347955942153931e-01,1.091212630271911621e-01,-8.028437942266464233e-02,-3.525351732969284058e-02,-9.205403923988342285e-02,-1.125243604183197021e-01,-2.165772318840026855e-01,5.166707932949066162e-02,-5.839465558528900146e-02,8.123973011970520020e-02,5.280930548906326294e-02,-2.118573188781738281e-01,-1.042016148567199707e-01,2.135057002305984497e-02,-4.025211930274963379e-02,3.198602423071861267e-02,4.326635226607322693e-02,4.076999425888061523e-02,-6.811723858118057251e-02,4.284239932894706726e-02,3.661469370126724243e-02,-4.995994642376899719e-02,4.286428168416023254e-02,-7.884719967842102051e-02,-3.082039766013622284e-02,-1.199980974197387695e-01,-1.003654748201370239e-01,-1.841417551040649414e-01,-9.832566231489181519e-02,-1.882803253829479218e-02,1.459032446146011353e-01,-4.638256877660751343e-02,1.126501485705375671e-01,6.386664509773254395e-02,4.809786006808280945e-02,-9.918299317359924316e-02,7.292859721928834915e-03,-8.946841210126876831e-02,-9.028732776641845703e-02,-1.491810078732669353e-03,9.078335762023925781e-02,-2.855462767183780670e-02,-8.015197515487670898e-02,-5.831712856888771057e-02,8.811979740858078003e-02
4.513858556747436523e-01,1.000000000000000000e+00,1.020449176430702209e-01,1.520860940217971802e-01,-1.993598788976669312e-01,-1.580551713705062866e-01,1.881156861782073975e-01,2.055527567863464355e-01,-1.496454477310180664e-01,-1.073115915060043335e-01,-1.945725828409194946e-02,2.068543732166290283e-01,3.938701376318931580e-02,2.056792005896568298e-02,-1.594655811786651611e-01,-1.814929395914077759e-01,8.491627126932144165e-02,3.234773576259613037e-01,3.350082337856292725e-01,5.140171051025390625e-01,-8.500327169895172119e-02,-2.483538817614316940e-03,-3.206899389624595642e-02,3.170617669820785522e-02,-1.847953498363494873e-01,-1.555325686931610107e-01,-6.838811188936233521e-02,-1.068425849080085754e-01,-6.850052624940872192e-02,1.379654705524444580e-01,-3.528311476111412048e-02,-9.144742041826248169e-02,1.018746346235275269e-01,1.405527740716934204e-01,-1.678229868412017822e-01,-2.000001370906829834e-01,9.645739570260047913e-03,1.000177301466464996e-02,1.611166894435882568e-01,6.950060278177261353e-02,-1.087282672524452209e-01,-7.018076628446578979e-02,8.085803687572479248e-02,-4.911908879876136780e-03,3.592446818947792053e-02,1.219594255089759827e-01,1.097209751605987549e-02,-3.673905506730079651e-02,1.276487708091735840e-01,2.750366628170013428e-01,1.258677840232849121e-01,2.133948206901550293e-01,2.951398305594921112e-02,4.003709927201271057e-02,8.941206336021423340e-02,7.619852572679519653e-02,5.495961904525756836e-01,6.778214573860168457e-01,2.116346657276153564e-01,4.262796044349670410e-01,2.165066599845886230e-01,2.078222483396530151e-01,2.976350486278533936e-01,2.779836952686309814e-01,-1.193814650177955627e-01,-3.024470619857311249e-02,7.510325871407985687e-03,1.087207570672035217e-01,4.575227200984954834e-01,3.824188709259033203e-01,-1.765194833278656006e-01,-8.839071542024612427e-02,-1.192344501614570618e-01,5.743666365742683411e-02,-2.836353480815887451e-01,-1.600538492202758789e-01,-2.045103758573532104e-01,-1.846048831939697266e-01,1.168070286512374878e-01,2.079522311687469482e-01,1.770635545253753662e-01,2.447055429220199585e-01,-1.203090231865644455e-02,-7.081870734691619873e-02,3.318262472748756409e-02,5.208803713321685791e-02,8.343962579965591431e-02,1.765473186969757080e-02,5.660141631960868835e-02,7.231631129980087280e-02,1.308625377714633942e-02,-3.860784694552421570e-02,-1.129680052399635315e-01,-1.739316433668136597e-01,3.132484387606382370e-03,-2.436509355902671814e-02,7.421573996543884277e-02,1.839530840516090393e-02,-4.589033499360084534e-02,-1.989107578992843628e-02,1.567396149039268494e-02,-1.059515550732612610e-01,2.961411513388156891e-02,-6.129213143140077591e-03,1.438329964876174927e-01,8.199995756149291992e-02,3.707345575094223022e-02,1.547706276178359985e-01,-1.292298436164855957e-01,-2.847143821418285370e-02,2.952671423554420471e-02,6.798494607210159302e-02,-3.651040419936180115e-02,-4.812968894839286804e-02,-8.713243901729583740e-02,1.548735350370407104e-01
1.265490055084228516e-01,1.020449176430702209e-01,1.000000000000000000e+00,5.570695996284484863e-01,3.004664368927478790e-02,-1.367128491401672363e-01,5.987920165061950684e-01,3.563784062862396240e-01,6.224553566426038742e-03,-6.406784802675247192e-02,1.405408233404159546e-01,1.183515563607215881e-01,3.427234292030334473e-01,2.994449436664581299e-01,2.559016048908233643e-01,1.424359381198883057e-01,-1.643299013376235962e-01,2.360402420163154602e-02,3.051325976848602295e-01,1.847748309373855591e-01,-6.854210793972015381e-02,-3.748975321650505066e-02,6.452806591987609863e-01,5.265091657638549805e-01,2.776189446449279785e-01,1.719353795051574707e-01,-1.775366812944412231e-01,-1.941391825675964355e-01,-1.480837315320968628e-01,-1.539666019380092621e-02,2.881348133087158203e-01,3.104351758956909180e-01,1.709201931953430176e-01,2.829875797033309937e-02,1.018658056855201721e-01,-1.229192130267620087e-02,-6.086878105998039246e-02,-1.204918473958969116e-01,-1.708811819553375244e-01,-1.951880007982254028e-01,-1.335675176233053207e-02,-5.918250977993011475e-02,-2.123385481536388397e-02,-9.508643299341201782e-02,1.017773970961570740e-01,-9.617669880390167236e-02,-1.494088619947433472e-01,-1.366426050662994385e-01,-1.978189498186111450e-02,-1.120859943330287933e-02,-7.471017539501190186e-02,-5.188529565930366516e-02,-1.218074560165405273e-02,6.747452169656753540e-02,-1.169801726937294006e-01,-8.767853677272796631e-02,-1.506673917174339294e-02,1.878597587347030640e-02,3.377070277929306030e-02,-2.602274157106876373e-02,1.044192388653755188e-01,3.308037668466567993e-02,4.838921502232551575e-02,-3.019111603498458862e-02,3.594703972339630127e-01,2.372234910726547241e-01,1.689656972885131836e-01,-5.318032577633857727e-02,1.339339371770620346e-02,-4.933293163776397705e-02,8.255736902356147766e-03,9.274011850357055664e-02,-5.464652925729751587e-02,2.945633605122566223e-02,-9.092944860458374023e-02,-1.039003804326057434e-01,4.861040040850639343e-02,1.184764876961708069e-02,-1.249667927622795105e-01,6.156405806541442871e-02,-1.485087722539901733e-02,1.009368598461151123e-01,-1.284822374582290649e-01,9.578510187566280365e-03,2.131486684083938599e-01,1.327671110630035400e-01,-1.123193353414535522e-01,-6.893339008092880249e-02,1.181576102972030640e-01,-7.561103999614715576e-02,6.252137571573257446e-02,2.110160738229751587e-01,2.245512902736663818e-01,2.297301590442657471e-01,-4.799855872988700867e-02,-4.979713261127471924e-02,-1.950829625129699707e-01,-2.360154837369918823e-01,-7.944736629724502563e-02,-8.648525923490524292e-02,1.329753398895263672e-01,1.767240911722183228e-01,7.694404572248458862e-02,9.394325315952301025e-02,4.983699321746826172e-02,9.985281527042388916e-02,1.733489781618118286e-01,4.132968559861183167e-02,6.890758872032165527e-02,-5.148583650588989258e-02,-1.505605429410934448e-01,-3.505674190819263458e-03,2.484476938843727112e-02,-4.246130585670471191e-02,8.221002668142318726e-02,1.052273884415626526e-01
7.723719626665115356e-02,1.520860940217971802e-01,5.570695996284484863e-01,1.000000000000000000e+00,-1.471599936485290527e-02,4.109944030642509460e-02,3.988817334175109863e-01,6.539539694786071777e-01,-1.666630655527114868e-01,5.042871832847595215e-02,-9.478811174631118774e-02,2.382834553718566895e-01,6.212491169571876526e-02,2.856421172618865967e-01,-1.853204332292079926e-02,1.491352319717407227e-01,-1.742473989725112915e-01,9.813817217946052551e-03,1.433646380901336670e-01,2.789622843265533447e-01,-6.849218159914016724e-03,-5.470335856080055237e-02,5.233104825019836426e-01,6.525321006774902344e-01,1.009511053562164307e-01,1.375573724508285522e-01,-1.693755686283111572e-01,-1.295316964387893677e-01,-1.839022636413574219e-01,1.337374653667211533e-02,2.460051774978637695e-01,3.759493827819824219e-01,2.266448438167572021e-01,2.377609312534332275e-01,8.433700352907180786e-02,1.260877549648284912e-01,-1.278969347476959229e-01,-1.963581293821334839e-01,-2.608979046344757080e-01,-2.471577525138854980e-01,3.770403563976287842e-02,-1.220538094639778137e-02,8.389873430132865906e-03,-1.392108798027038574e-01,1.386539340019226074e-01,-9.811340272426605225e-02,-1.019158214330673218e-01,-1.880880594253540039e-01,-9.393253922462463379e-02,-4.252617433667182922e-02,-1.153294593095779419e-01,-6.139636784791946411e-02,-7.642023265361785889e-02,-4.286378994584083557e-02,-2.137309461832046509e-01,-1.994983553886413574e-01,3.306320682168006897e-02,6.930230185389518738e-03,-9.073566645383834839e-02,9.641144424676895142e-02,-3.645781427621841431e-02,2.548857629299163818e-01,-3.163995966315269470e-02,3.074683621525764465e-02,1.893223226070404053e-01,5.371437668800354004e-01,2.095774114131927490e-01,2.041111588478088379e-01,7.495548576116561890e-02,7.575391978025436401e-02,-2.542148716747760773e-02,7.886604964733123779e-02,-7.099501788616180420e-02,6.341142579913139343e-04,-4.456911236047744751e-02,3.656473010778427124e-03,5.895546078681945801e-02,5.039399489760398865e-02,-9.823179990053176880e-02,1.162473037838935852e-01,-4.726766422390937805e-02,9.986642003059387207e-02,-1.885728985071182251e-01,-1.358793489634990692e-02,6.931613385677337646e-02,2.072769105434417725e-01,-1.567408293485641479e-01,-7.252598553895950317e-02,-7.920059561729431152e-02,-7.645267993211746216e-02,5.722002312541007996e-02,1.027937531471252441e-01,3.649490177631378174e-01,4.099647700786590576e-02,-4.145627096295356750e-02,3.331002371851354837e-04,-2.153296172618865967e-01,-1.940924525260925293e-01,-1.236068904399871826e-01,-1.741597056388854980e-01,1.572213470935821533e-01,6.244366243481636047e-02,6.641554087400436401e-02,1.231974437832832336e-01,1.316009163856506348e-01,8.528511226177215576e-02,1.804948151111602783e-01,4.379687830805778503e-02,1.992566883563995361e-02,-3.418884426355361938e-02,-1.482357233762741089e-01,-2.280834130942821503e-02,4.331490769982337952e-02,-2.000973373651504517e-02,3.119112737476825714e-02,4.554332792758941650e-02
-3.070769906044006348e-01,-1.993598788976669312e-01,3.004664368927478790e-02,-1.471599936485290527e-02,1.000000000000000000e+00,6.388921141624450684e-01,1.112975329160690308e-01,4.507192969322204590e-02,6.257314682006835938e-01,5.744240283966064453e-01,1.223745495080947876e-01,1.778700798749923706e-01,1.294760555028915405e-01,1.867220103740692139e-01,5.467433929443359375e-01,4.676031768321990967e-01,5.769554059952497482e-03,1.532087326049804688e-01,-2.159062772989273071e-01,-1.806741654872894287e-01,3.471289873123168945e-01,3.402539193630218506e-01,1.111981794238090515e-01,1.333902925252914429e-01,3.493404984474182129e-01,3.840418756008148193e-01,5.771468281745910645e-01,5.394855141639709473e-01,1.097686737775802612e-01,1.845497488975524902e-01,2.547036111354827881e-01,3.009383380413055420e-01,1.837020814418792725e-01,1.604522764682769775e-01,2.677274346351623535e-01,2.008945643901824951e-01,1.437323540449142456e-01,1.794087737798690796e-01,1.173182427883148193e-01,2.192733734846115112e-01,2.774472534656524658e-01,2.848257422447204590e-01,1.007799729704856873e-01,1.369490623474121094e-01,9.113305062055587769e-02,8.583919703960418701e-02,1.139057651162147522e-01,8.736521005630493164e-02,4.632715135812759399e-02,-6.028789095580577850e-03,7.308807224035263062e-02,3.664847090840339661e-02,8.843100629746913910e-03,-4.281073808670043945e-02,1.607714742422103882e-01,1.487407386302947998e-01,-2.334159016609191895e-01,-2.003280520439147949e-01,5.092836916446685791e-02,-6.967616081237792969e-02,1.625132411718368530e-01,6.855148822069168091e-02,8.594199270009994507e-02,4.058766365051269531e-02,3.141619265079498291e-01,1.140191182494163513e-01,1.791660636663436890e-01,1.614561676979064941e-01,-2.139472365379333496e-01,-1.805183440446853638e-01,5.804213881492614746e-02,1.685842871665954590e-01,-1.775260269641876221e-02,1.981377005577087402e-01,5.211306735873222351e-02,1.554338783025741577e-01,2.075329571962356567e-01,2.040142416954040527e-01,2.723999321460723877e-02,1.469412595033645630e-01,3.422879055142402649e-02,2.953924052417278290e-02,8.021633327007293701e-02,1.299491822719573975e-01,2.348532676696777344e-01,2.112468183040618896e-01,1.771033555269241333e-01,1.797892898321151733e-01,4.031236171722412109e-01,2.819180488586425781e-01,1.362582743167877197e-01,1.997826397418975830e-01,2.229177057743072510e-01,2.161435335874557495e-01,-2.812391333281993866e-02,5.658296402543783188e-03,1.145900264382362366e-01,1.409775465726852417e-01,2.241861820220947266e-01,1.144272461533546448e-01,6.471776962280273438e-02,3.542821109294891357e-02,1.597744822502136230e-01,-1.342736370861530304e-02,3.722815588116645813e-02,7.272105664014816284e-02,2.105937302112579346e-01,6.937636435031890869e-02,3.872443363070487976e-02,8.393602818250656128e-02,3.353676199913024902e-02,1.370697617530822754e-01,1.909949332475662231e-01,1.236322745680809021e-01,1.813258826732635498e-01,2.837862446904182434e-02
-2.015776485204696655e-01,-1.580551713705062866e-01,-1.367128491401672363e-01,4.109944030642509460e-02,6.388921141624450684e-01,1.000000000000000000e+00,-5.036257579922676086e-02,1.259763836860656738e-01,4.775077402591705322e-01,6.244628429412841797e-01,2.501762844622135162e-02,2.461943626403808594e-01,-4.119250550866127014e-02,1.482993066310882568e-01,3.447201848030090332e-01,4.429670870304107666e-01,6.246489658951759338e-02,1.538530886173248291e-01,-1.492505967617034912e-01,-4.982550814747810364e-02,2.334401160478591919e-01,2.048230618238449097e-01,2.441453188657760620e-02,1.100851446390151978e-01,1.018974334001541138e-01,2.238592505455017090e-01,5.796076059341430664e-01,5.825358033180236816e-01,5.051467940211296082e-02,1.715192645788192749e-01,1.177264600992202759e-01,1.883807033300399780e-01,2.107657790184020996e-01,2.325613349676132202e-01,1.537297368049621582e-01,1.277279853820800781e-01,1.021875217556953430e-01,5.418368801474571228e-02,7.338018715381622314e-02,1.339907795190811157e-01,2.292087227106094360e-01,1.832492202520370483e-01,1.346929669380187988e-01,2.424843981862068176e-02,2.799510210752487183e-02,-3.042642027139663696e-02,1.108530834317207336e-01,4.371984861791133881e-03,-1.310370415449142456e-01,-1.812249869108200073e-01,-1.046834364533424377e-01,-1.651853173971176147e-01,-1.192170307040214539e-01,-2.090805619955062866e-01,4.752748832106590271e-02,-1.252946443855762482e-02,-1.038151755928993225e-01,-1.431152373552322388e-01,-4.831214994192123413e-02,-6.266343593597412109e-02,1.063893437385559082e-01,2.442747205495834351e-01,1.723057925701141357e-01,1.386803388595581055e-01,2.620225250720977783e-01,2.342530190944671631e-01,1.895051896572113037e-01,2.387712150812149048e-01,-1.866290532052516937e-02,8.016953244805335999e-03,-4.868676513433456421e-02,4.026987776160240173e-02,-8.514174073934555054e-02,1.069663241505622864e-01,9.517673403024673462e-02,1.528398990631103516e-01,1.376490145921707153e-01,9.414402395486831665e-02,1.930393464863300323e-02,1.559702903032302856e-01,1.078301668167114258e-01,7.607955485582351685e-02,7.323872298002243042e-02,1.355146169662475586e-01,1.773527413606643677e-01,1.154675036668777466e-01,2.679047584533691406e-01,2.446336299180984497e-01,2.356287389993667603e-01,1.819658130407333374e-01,2.514165639877319336e-01,7.216542959213256836e-02,3.298590481281280518e-01,1.769459992647171021e-01,-1.409304980188608170e-02,7.502678781747817993e-02,7.445435971021652222e-02,1.122956797480583191e-01,1.690814048051834106e-01,6.040646228939294815e-03,1.701170951128005981e-01,-3.595256013795733452e-03,2.023297250270843506e-01,1.459163147956132889e-02,1.420058608055114746e-01,3.712566196918487549e-02,1.648780405521392822e-01,3.919328376650810242e-02,2.424303442239761353e-02,9.017185121774673462e-02,4.626134410500526428e-02,2.002010494470596313e-01,1.969748437404632568e-01,1.137314513325691223e-01,1.693667024374008179e-01,-3.029509261250495911e-02
1.134871169924736023e-01,1.881156861782073975e-01,5.987920165061950684e-01,3.988817334175109863e-01,1.112975329160690308e-01,-5.036257579922676086e-02,1.000000000000000000e+00,5.166536569595336914e-01,2.271437048912048340e-01,1.258994787931442261e-01,2.365206480026245117e-01,3.570599257946014404e-01,5.433372855186462402e-01,3.479014039039611816e-01,1.802897006273269653e-01,1.244067996740341187e-01,-8.300758153200149536e-02,1.511183530092239380e-01,2.845375537872314453e-01,1.611714512109756470e-01,-4.459957405924797058e-02,2.173428423702716827e-02,3.792488873004913330e-01,3.290577828884124756e-01,1.022839639335870743e-02,-3.823497099801898003e-03,-2.023462653160095215e-01,-2.208215892314910889e-01,1.444160286337137222e-02,9.404289722442626953e-02,2.094400674104690552e-01,2.368538826704025269e-01,1.238445565104484558e-01,1.119677945971488953e-01,1.040388271212577820e-01,-8.643154799938201904e-02,-7.683464139699935913e-02,-1.090055257081985474e-01,-1.291813552379608154e-01,-1.288331300020217896e-01,9.388611465692520142e-02,2.276744507253170013e-02,3.634520107880234718e-03,2.370647341012954712e-02,4.356694221496582031e-02,4.315052181482315063e-02,2.726338803768157959e-02,1.361816283315420151e-02,1.193874627351760864e-01,1.642975956201553345e-01,1.410969346761703491e-01,1.743451058864593506e-01,1.182430163025856018e-01,1.336501836776733398e-01,6.498594582080841064e-02,4.335582628846168518e-02,-7.563135772943496704e-02,2.656362392008304596e-02,1.851891875267028809e-01,1.981360316276550293e-01,2.957634627819061279e-01,1.915467232465744019e-01,2.035572677850723267e-01,1.334737241268157959e-01,1.793701797723770142e-01,8.378439396619796753e-02,7.422066479921340942e-02,-6.046744063496589661e-02,-1.029713600873947144e-01,-9.658711403608322144e-02,2.921288460493087769e-02,1.650665253400802612e-01,1.115663256496191025e-02,1.692014336585998535e-01,-6.812947988510131836e-02,-2.126859314739704132e-02,1.466367095708847046e-01,1.237144246697425842e-01,-1.621032715775072575e-03,1.160079017281532288e-01,1.014859974384307861e-02,4.096229001879692078e-02,-1.819868683815002441e-01,-1.757381856441497803e-01,9.980180859565734863e-02,-1.259545143693685532e-02,-2.145534306764602661e-01,-2.162088304758071899e-01,2.406229823827743530e-01,9.121794253587722778e-02,1.499234139919281006e-01,1.614448130130767822e-01,2.358743846416473389e-01,1.933441609144210815e-01,-4.681340605020523071e-02,-2.419393882155418396e-02,-5.546625703573226929e-02,-6.015764549374580383e-02,1.659057885408401489e-01,3.881257772445678711e-02,2.390544116497039795e-01,2.092833071947097778e-01,1.967382282018661499e-01,1.709188967943191528e-01,4.203336685895919800e-02,3.614122420549392700e-02,1.828383952379226685e-01,7.475528120994567871e-02,2.633274905383586884e-02,1.701357401907444000e-02,-9.870979189872741699e-02,1.055818200111389160e-01,1.816559731960296631e-01,-1.772049441933631897e-02,-7.873439043760299683e-02,-4.365022107958793640e-02
3.836135193705558777e-02,2.055527567863464355e-01,3.563784062862396240e-01,6.539539694786071777e-01,4.507192969322204590e-02,1.259763836860656738e-01,5.166536569595336914e-01,1.000000000000000000e+00,1.899510063230991364e-02,2.400611340999603271e-01,9.320264798589050770e-04,4.868488609790802002e-01,2.108603864908218384e-01,4.448490738868713379e-01,-8.033026941120624542e-03,2.429237365722656250e-01,-1.365372687578201294e-01,1.124886870384216309e-01,1.223661676049232483e-01,2.377450317144393921e-01,-4.720322415232658386e-02,-6.803973019123077393e-02,2.988075315952301025e-01,4.438128471374511719e-01,-1.399069726467132568e-01,-9.385181218385696411e-02,-1.601043194532394409e-01,-1.238442510366439819e-01,-7.045104354619979858e-02,1.067784577608108521e-01,9.024283289909362793e-02,2.339905649423599243e-01,1.348428130149841309e-01,2.526952028274536133e-01,-4.445987194776535034e-02,-5.091156437993049622e-02,-2.413474470376968384e-01,-2.519421577453613281e-01,-3.283939361572265625e-01,-2.774217128753662109e-01,8.925912529230117798e-02,2.428790181875228882e-02,1.612040586769580841e-02,-9.222114831209182739e-02,3.437031060457229614e-02,-2.024557441473007202e-02,-4.177199304103851318e-02,-1.593256145715713501e-01,-7.213352620601654053e-02,3.742700442671775818e-02,-7.662090659141540527e-02,2.312961965799331665e-02,-1.042356863617897034e-01,-8.289499580860137939e-02,-1.820249110460281372e-01,-1.759356260299682617e-01,-3.282079845666885376e-02,-6.592622026801109314e-03,-9.483877569437026978e-03,2.150077223777770996e-01,1.303573548793792725e-01,4.518207311630249023e-01,1.101221740245819092e-01,2.405236810445785522e-01,4.314962029457092285e-02,3.739241361618041992e-01,6.068889517337083817e-03,1.072095260024070740e-01,-4.059991240501403809e-02,1.588806509971618652e-02,-1.001949757337570190e-01,9.106520563364028931e-02,-7.647097110748291016e-02,7.579126209020614624e-02,-5.689405277371406555e-02,3.582838177680969238e-02,5.180183425545692444e-02,5.823853984475135803e-02,-7.115350663661956787e-02,1.289653927087783813e-01,-1.917923428118228912e-02,9.219467639923095703e-02,-2.201994955539703369e-01,-1.100153699517250061e-01,-8.767367899417877197e-02,3.965096920728683472e-02,-2.304832935333251953e-01,-2.166341841220855713e-01,9.902315214276313782e-03,3.513963893055915833e-02,9.626951068639755249e-02,3.493024408817291260e-02,3.110101222991943359e-01,-1.220985129475593567e-02,-1.577385663986206055e-01,-1.077746227383613586e-01,-2.377665042877197266e-01,-1.360784024000167847e-01,-2.497005648910999298e-02,-1.300154477357864380e-01,1.995358467102050781e-01,7.102756947278976440e-02,1.150085628032684326e-01,1.303669661283493042e-01,8.967048674821853638e-02,1.201883051544427872e-02,2.460151761770248413e-01,1.698035448789596558e-01,-1.203268840909004211e-01,-1.329957544803619385e-01,-2.323728650808334351e-01,-5.758286640048027039e-02,6.357178092002868652e-02,-1.113334372639656067e-01,-8.217184245586395264e-02,1.630839426070451736e-03
-2.014797776937484741e-01,-1.496454477310180664e-01,6.224553566426038742e-03,-1.666630655527114868e-01,6.257314682006835938e-01,4.775077402591705322e-01,2.271437048912048340e-01,1.899510063230991364e-02,1.000000000000000000e+00,6.118763089179992676e-01,1.422819197177886963e-01,1.523566097021102905e-01,2.777302861213684082e-01,1.325362920761108398e-01,5.334280729293823242e-01,4.172586500644683838e-01,-8.797344565391540527e-02,1.584573835134506226e-02,8.882583118975162506e-03,-1.763600111007690430e-01,1.721103042364120483e-01,2.050712108612060547e-01,1.035398542881011963e-01,-2.726094331592321396e-03,1.932638585567474365e-01,1.885925680398941040e-01,3.704546391963958740e-01,3.399106264114379883e-01,2.323287166655063629e-02,4.538660496473312378e-02,4.610249027609825134e-02,5.784615501761436462e-02,-4.969128407537937164e-03,-4.003282636404037476e-02,8.245037496089935303e-02,-1.087569668889045715e-01,1.023070290684700012e-01,1.117019653320312500e-01,1.027292981743812561e-01,1.485219150781631470e-01,2.182842344045639038e-01,1.635355204343795776e-01,7.820054143667221069e-02,3.544727712869644165e-02,-2.595464140176773071e-02,6.764381658285856247e-03,1.196327582001686096e-01,3.926529362797737122e-02,1.453582476824522018e-02,-1.860457286238670349e-02,5.986231938004493713e-02,1.880466565489768982e-02,-1.450590230524539948e-02,-3.971875831484794617e-02,1.191305145621299744e-01,6.168548390269279480e-02,-2.574310600757598877e-01,-1.711975485086441040e-01,1.404197514057159424e-01,-6.901772692799568176e-03,3.160714805126190186e-01,1.075839772820472717e-01,5.821610614657402039e-02,-3.186648711562156677e-02,2.910440564155578613e-01,4.550014436244964600e-02,-3.012060932815074921e-02,-1.163001656532287598e-01,-1.748352348804473877e-01,-1.556915640830993652e-01,3.561522811651229858e-02,8.646216243505477905e-02,-1.068489719182252884e-02,1.173052638769149780e-01,2.601663395762443542e-02,6.542766094207763672e-02,1.339469552040100098e-01,1.159849092364311218e-01,-2.345953695476055145e-02,2.434322051703929901e-02,-3.385270014405250549e-02,-6.753667443990707397e-02,-2.556988596916198730e-02,3.852907568216323853e-02,1.466659009456634521e-01,6.435457617044448853e-02,7.143124192953109741e-02,7.488363236188888550e-02,4.548387825489044189e-01,3.506066501140594482e-01,2.016592621803283691e-01,1.708222031593322754e-01,2.274768650531768799e-01,3.676741421222686768e-01,-6.106941029429435730e-02,-6.461596785811707377e-05,8.160346001386642456e-02,7.534469664096832275e-02,2.400963157415390015e-01,4.610513895750045776e-02,1.066299527883529663e-01,1.932231634855270386e-01,1.543625444173812866e-01,7.049339823424816132e-03,-2.357270009815692902e-02,-6.424925290048122406e-03,1.519276499748229980e-01,1.466930191963911057e-02,7.207645475864410400e-02,5.315955728292465210e-02,4.468210099730640650e-04,2.045661062002182007e-01,2.880336940288543701e-01,1.546279937028884888e-01,1.149948462843894958e-01,-2.554376237094402313e-02
-1.872579157352447510e-01,-1.073115915060043335e-01,-6.406784802675247192e-02,5.042871832847595215e-02,5.744240283966064453e-01,6.244628429412841797e-01,1.258994787931442261e-01,2.400611340999603271e-01,6.118763089179992676e-01,1.000000000000000000e+00,6.091536581516265869e-02,2.899607717990875244e-01,1.635787039995193481e-01,1.640350669622421265e-01,3.715624511241912842e-01,4.775180220603942871e-01,-3.004730120301246643e-02,9.392864257097244263e-02,-9.269065409898757935e-02,-1.760653555393218994e-01,2.339681535959243774e-01,2.357121706008911133e-01,7.567883282899856567e-02,1.663197278976440430e-01,1.445524692535400391e-01,2.016043812036514282e-01,3.812327384948730469e-01,3.944419622421264648e-01,4.088013619184494019e-02,9.689327329397201538e-02,6.829581409692764282e-02,1.531572043895721436e-01,-2.238378487527370453e-02,2.954563591629266739e-03,3.062658756971359253e-02,-1.657684333622455597e-02,4.521849751472473145e-02,8.896961808204650879e-02,7.384415715932846069e-03,1.205058693885803223e-01,2.984885275363922119e-01,2.548006474971771240e-01,1.217004507780075073e-01,3.247780352830886841e-02,-2.241425774991512299e-02,-3.063859883695840836e-03,1.012894585728645325e-01,1.500545814633369446e-02,-1.118207648396492004e-01,-3.715556859970092773e-02,-3.045434877276420593e-02,-2.260489203035831451e-02,-5.809364095330238342e-02,-8.622483909130096436e-02,3.217600658535957336e-02,1.561252493411302567e-02,-1.434038579463958740e-01,-1.347294002771377563e-01,-1.684599742293357849e-02,6.382617354393005371e-02,1.191794872283935547e-01,1.929543018341064453e-01,3.784654662013053894e-02,-2.156914584338665009e-02,1.287125647068023682e-01,2.082346379756927490e-01,-6.389818340539932251e-02,-5.846005305647850037e-02,-9.773425012826919556e-02,-6.847504526376724243e-02,7.688659429550170898e-02,1.443835049867630005e-01,3.916937485337257385e-02,1.438944637775421143e-01,9.584369510412216187e-02,1.902743726968765259e-01,1.555790603160858154e-01,1.426442563533782959e-01,7.504864782094955444e-02,1.053137481212615967e-01,1.367789320647716522e-02,-3.350116778165102005e-03,-6.089733541011810303e-02,6.146465614438056946e-02,6.869824975728988647e-02,8.241813629865646362e-02,-3.959182649850845337e-02,1.464011054486036301e-02,3.383356332778930664e-01,4.442259371280670166e-01,2.283640205860137939e-01,1.797096729278564453e-01,3.152865171432495117e-01,1.590726524591445923e-01,1.871459186077117920e-02,5.631928518414497375e-02,2.426164038479328156e-02,9.775059670209884644e-02,1.907860040664672852e-01,1.850711996667087078e-03,9.026672691106796265e-02,3.639090806245803833e-02,1.575478315353393555e-01,-3.969788923859596252e-02,-6.367391906678676605e-03,-4.958960041403770447e-02,2.089751362800598145e-01,1.301312446594238281e-01,1.381271984428167343e-02,4.968222975730895996e-02,-2.770763076841831207e-02,2.292640209197998047e-01,2.192544639110565186e-01,7.095794659107923508e-03,6.161969527602195740e-02,3.316160663962364197e-02
3.020275235176086426e-01,-1.945725828409194946e-02,1.405408233404159546e-01,-9.478811174631118774e-02,1.223745495080947876e-01,2.501762844622135162e-02,2.365206480026245117e-01,9.320264798589050770e-04,1.422819197177886963e-01,6.091536581516265869e-02,1.000000000000000000e+00,3.928095400333404541e-01,5.937940478324890137e-01,4.328753948211669922e-01,3.538275361061096191e-01,2.139946222305297852e-01,3.528469800949096680e-01,2.918349206447601318e-01,8.308226615190505981e-02,-2.152556553483009338e-02,1.003049239516258240e-01,1.221965327858924866e-01,2.032068930566310883e-02,5.096559226512908936e-02,1.075451225042343140e-01,5.699434876441955566e-02,4.177812114357948303e-02,5.117360502481460571e-03,3.815069198608398438e-01,1.919395625591278076e-01,1.662765145301818848e-01,1.475883424282073975e-01,3.154688328504562378e-02,-2.458154689520597458e-03,1.082113906741142273e-01,3.153658285737037659e-02,1.532781869173049927e-01,6.447812169790267944e-02,5.812001228332519531e-02,9.261069446802139282e-02,2.442216128110885620e-01,2.067372500896453857e-01,2.335975319147109985e-02,1.411793529987335205e-01,-1.937733292579650879e-01,5.736523773521184921e-03,3.553189337253570557e-02,1.439560204744338989e-01,-2.544006565585732460e-03,-1.598075218498706818e-02,8.205381780862808228e-02,4.675250500440597534e-02,6.927263736724853516e-02,3.897229582071304321e-02,1.409552097320556641e-01,1.311048120260238647e-01,-1.170000713318586349e-02,-1.148715317249298096e-01,-3.075286746025085449e-02,-5.063487589359283447e-02,5.064710229635238647e-02,-9.979129582643508911e-02,3.492350280284881592e-01,2.701078951358795166e-01,-2.415178343653678894e-02,-2.366123795509338379e-01,-8.535094559192657471e-02,-1.065247654914855957e-01,-1.629445254802703857e-01,-2.036497890949249268e-01,2.160522043704986572e-01,2.321092486381530762e-01,3.089590966701507568e-01,3.224382698535919189e-01,1.856442838907241821e-01,2.220230996608734131e-01,2.330287545919418335e-01,1.242919638752937317e-01,1.798218190670013428e-01,1.464323252439498901e-01,3.034247159957885742e-01,1.161729991436004639e-01,-2.472306229174137115e-02,-3.013282269239425659e-02,2.726093530654907227e-01,6.815842539072036743e-02,-6.159656122326850891e-02,-4.494757950305938721e-02,2.137194424867630005e-01,4.672213923186063766e-03,7.664477080106735229e-02,1.583299934864044189e-01,-2.120927348732948303e-02,9.995999932289123535e-02,-4.310511425137519836e-02,-2.592500299215316772e-02,4.538731276988983154e-02,9.890870004892349243e-02,1.470305770635604858e-01,1.652526855468750000e-01,4.871607571840286255e-02,9.022097289562225342e-02,8.142394572496414185e-02,1.403416246175765991e-01,-4.894268349744379520e-04,-6.259184330701828003e-02,4.220813512802124023e-02,-3.152059763669967651e-02,-7.530307397246360779e-03,1.996672153472900391e-02,4.164389520883560181e-02,1.837278753519058228e-01,1.166160255670547485e-01,-3.290598466992378235e-02,-6.121716275811195374e-02,-6.479904800653457642e-02
-1.800716272555291653e-03,2.068543732166290283e-01,1.183515563607215881e-01,2.382834553718566895e-01,1.778700798749923706e-01,2.461943626403808594e-01,3.570599257946014404e-01,4.868488609790802002e-01,1.523566097021102905e-01,2.899607717990875244e-01,3.928095400333404541e-01,1.000000000000000000e+00,4.084460735321044922e-01,6.697018146514892578e-01,2.401113510131835938e-01,4.107585847377777100e-01,1.945106536149978638e-01,4.720058441162109375e-01,1.390740647912025452e-02,1.772645562887191772e-01,1.259983032941818237e-01,6.408987194299697876e-02,3.044327162206172943e-02,1.693127453327178955e-01,-6.449259817600250244e-02,9.455772116780281067e-03,-2.625694684684276581e-02,-6.276145577430725098e-02,3.081699907779693604e-01,4.497872889041900635e-01,2.280702441930770874e-01,2.782998979091644287e-01,2.281147688627243042e-01,3.539204895496368408e-01,-5.196509417146444321e-03,-5.380842834711074829e-02,-5.840928133693523705e-05,-9.385315328836441040e-02,-1.274362206459045410e-01,-8.128044754266738892e-02,2.786251306533813477e-01,2.071132063865661621e-01,1.463862806558609009e-01,7.334280014038085938e-02,-2.685926668345928192e-02,8.615425974130630493e-02,1.044773682951927185e-01,1.815527444705367088e-03,8.333472214872017503e-05,4.211426526308059692e-02,1.628397405147552490e-02,9.661758691072463989e-02,-8.636683225631713867e-02,-1.521862894296646118e-01,7.609201967716217041e-02,1.836011419072747231e-03,-5.783637613058090210e-02,-1.011217664927244186e-02,-2.834127657115459442e-02,2.141552269458770752e-01,6.624792516231536865e-02,3.201270997524261475e-01,4.459438025951385498e-01,5.656995773315429688e-01,-8.132083714008331299e-02,2.553599327802658081e-02,5.361885577440261841e-02,1.933591514825820923e-01,-5.440689250826835632e-02,3.558303788304328918e-02,-3.363171964883804321e-02,1.578214317560195923e-01,6.810167431831359863e-02,3.349243104457855225e-01,3.370669484138488770e-02,2.620429694652557373e-01,1.885160505771636963e-01,1.826574802398681641e-01,1.195938885211944580e-01,3.384796679019927979e-01,2.762615680694580078e-01,1.481318920850753784e-01,-3.693249821662902832e-02,-1.292279213666915894e-01,1.396024376153945923e-01,4.785636812448501587e-02,-1.747310012578964233e-01,-2.302432060241699219e-01,1.146880835294723511e-01,5.338788777589797974e-02,2.085724771022796631e-01,-2.235108753666281700e-03,2.338889390230178833e-01,-2.778795547783374786e-02,-8.431863784790039062e-02,-2.927098423242568970e-03,6.058971956372261047e-02,1.500089615583419800e-01,2.163596153259277344e-01,-3.386969864368438721e-02,2.926904857158660889e-01,2.103387564420700073e-02,3.061200082302093506e-01,2.108774483203887939e-01,1.350242048501968384e-01,-7.811613380908966064e-02,2.518871724605560303e-01,7.114183157682418823e-02,-1.066250577569007874e-01,3.809564514085650444e-03,-9.868170600384473801e-04,1.821279227733612061e-01,3.067536354064941406e-01,-1.636652013985440135e-04,-5.522157996892929077e-02,-6.369525939226150513e-02
1.454734504222869873e-01,3.938701376318931580e-02,3.427234292030334473e-01,6.212491169571876526e-02,1.294760555028915405e-01,-4.119250550866127014e-02,5.433372855186462402e-01,2.108603864908218384e-01,2.777302861213684082e-01,1.635787039995193481e-01,5.937940478324890137e-01,4.084460735321044922e-01,1.000000000000000000e+00,4.589662849903106689e-01,3.592122495174407959e-01,2.490424364805221558e-01,1.564103662967681885e-01,2.777417898178100586e-01,1.238844916224479675e-01,-8.483331650495529175e-02,5.264508724212646484e-02,1.091458424925804138e-01,2.374925017356872559e-01,2.483505308628082275e-01,1.272358447313308716e-01,7.626586407423019409e-02,-1.530283689498901367e-01,-1.822112500667572021e-01,2.516471743583679199e-01,2.458658069372177124e-01,2.665012180805206299e-01,2.208704352378845215e-01,-9.999126940965652466e-02,-8.330108970403671265e-02,8.885714225471019745e-03,-1.449117809534072876e-01,7.198325544595718384e-02,1.725320518016815186e-02,2.048057131469249725e-02,6.041118502616882324e-02,1.789690256118774414e-01,1.497609913349151611e-01,9.078811109066009521e-02,1.461345106363296509e-01,-1.207469254732131958e-01,3.633836284279823303e-02,1.029314622282981873e-01,1.523151993751525879e-01,5.178305134177207947e-02,6.482182443141937256e-02,1.822102069854736328e-01,1.335976123809814453e-01,1.884411722421646118e-01,1.846634447574615479e-01,1.671688258647918701e-01,1.682707071304321289e-01,-2.106086350977420807e-02,-3.333270177245140076e-02,1.622017920017242432e-01,9.020090103149414062e-02,2.453855425119400024e-01,-6.069058552384376526e-02,3.224856853485107422e-01,1.282997727394104004e-01,2.281584218144416809e-02,-2.013550400733947754e-01,-7.936612516641616821e-02,-2.155330032110214233e-01,-1.517986059188842773e-01,-1.503976583480834961e-01,1.076767668128013611e-01,2.134232670068740845e-01,1.371970921754837036e-01,3.335435986518859863e-01,2.659835480153560638e-02,8.408100903034210205e-02,1.838371306657791138e-01,1.232457607984542847e-01,1.215201616287231445e-01,1.426826119422912598e-01,2.293847054243087769e-01,1.213686093688011169e-01,-7.520189136266708374e-02,-5.788476765155792236e-02,2.858856916427612305e-01,8.759803324937820435e-02,-1.922810226678848267e-01,-1.547832936048507690e-01,3.647859096527099609e-01,1.810519397258758545e-01,1.123634055256843567e-01,2.039706259965896606e-01,4.696052893996238708e-02,1.199199259281158447e-01,-4.391254112124443054e-02,-5.720055475831031799e-02,-1.388047705404460430e-03,2.834739908576011658e-02,1.754644960165023804e-01,2.007327973842620850e-01,3.090164996683597565e-02,8.273927378468215466e-04,3.514318540692329407e-02,-9.607559069991111755e-03,-6.120184436440467834e-02,-8.944052457809448242e-02,5.946415290236473083e-02,-4.957696422934532166e-03,4.575072973966598511e-02,1.369181461632251740e-02,1.093718875199556351e-02,2.023724168539047241e-01,1.633643358945846558e-01,-8.737926930189132690e-02,-1.029852405190467834e-01,-8.443037420511245728e-02
