1.000000000000000000e+00,8.074709177017211914e-01,6.796554327011108398e-01,7.390193939208984375e-01,-1.351862549781799316e-01,-8.509192615747451782e-02,5.937616825103759766e-01,6.572922468185424805e-01,-2.494319677352905273e-01,-2.090604454278945923e-01,2.154188454151153564e-01,2.236996144056320190e-01,9.784132242202758789e-02,6.733912229537963867e-02,-2.648731768131256104e-01,-3.601391017436981201e-01,-1.322638709098100662e-02,-2.588440105319023132e-02,7.897126674652099609e-01,7.552403211593627930e-01,-2.190708518028259277e-01,-2.690704166889190674e-01,5.884380936622619629e-01,5.670630931854248047e-01,-1.473167985677719116e-01,-1.425952613353729248e-01,-2.218735031783580780e-02,-4.246765002608299255e-02,-1.667310148477554321e-01,-3.003994822502136230e-01,3.783597797155380249e-02,9.745485335588455200e-02,5.109336972236633301e-01,4.721450805664062500e-01,-6.878737360239028931e-02,-1.777718961238861084e-01,-2.855061888694763184e-01,-4.375711381435394287e-01,-2.326539605855941772e-01,-3.351502120494842529e-01,-2.216511368751525879e-01,-2.613293826580047607e-01,-3.206668794155120850e-01,-3.514154255390167236e-01,-6.802295148372650146e-02,-9.094242006540298462e-02,-3.040800392627716064e-01,-3.494212627410888672e-01,3.368259407579898834e-03,5.631064251065254211e-02,-2.180878818035125732e-01,-1.858181655406951904e-01,-2.506362199783325195e-01,-2.610456645488739014e-01,-2.435054630041122437e-01,-3.444548249244689941e-01,8.149926066398620605e-01,7.731178402900695801e-01,7.581555843353271484e-01,7.322819232940673828e-01,6.710038781166076660e-01,7.147321701049804688e-01,3.516474366188049316e-01,3.949139714241027832e-01,3.752145767211914062e-01,4.534805715084075928e-01,5.510850548744201660e-01,4.627378880977630615e-01,6.307492256164550781e-01,5.927311182022094727e-01,-1.864484995603561401e-01,-1.869276016950607300e-01,-2.478730529546737671e-01,-2.990672886371612549e-01,-2.315985411405563354e-01,-2.271031141281127930e-01,-1.329422295093536377e-01,-1.413241773843765259e-01,-1.515000462532043457e-01,-1.008178815245628357e-01,-2.807345688343048096e-01,-2.411389350891113281e-01,-1.759648919105529785e-01,-3.029452562332153320e-01,-2.660569548606872559e-01,-3.705047667026519775e-01,-9.968140721321105957e-02,-2.256831675767898560e-01,4.284553974866867065e-02,-1.053790226578712463e-01,-8.617511391639709473e-02,-1.804101467132568359e-01,8.476030826568603516e-02,1.841175705194473267e-01,-6.599652767181396484e-02,-1.743234097957611084e-01,-1.450909823179244995e-01,-2.254531085491180420e-01,-2.954950332641601562e-01,-3.322721719741821289e-01,2.737399637699127197e-01,2.907071113586425781e-01,2.474919706583023071e-01,2.138847410678863525e-01,-1.436309982091188431e-02,-2.272341772913932800e-02,2.219216674566268921e-01,-1.727570779621601105e-02,-1.059670448303222656e-01,-1.797321587800979614e-01,-2.694100141525268555e-01,-2.380783259868621826e-01,-1.799862682819366455e-01,-1.113828420639038086e-01,-1.353168487548828125e-01,-7.856039702892303467e-02
8.074709177017211914e-01,1.000000000000000000e+00,5.680475234985351562e-01,7.066142559051513672e-01,-1.399100571870803833e-01,-1.414644420146942139e-01,4.970233440399169922e-01,6.619144678115844727e-01,-3.279379904270172119e-01,-2.662212252616882324e-01,8.777573704719543457e-02,3.255062103271484375e-01,-5.624019727110862732e-02,8.079835772514343262e-02,-3.371772468090057373e-01,-4.143649041652679443e-01,-8.267313987016677856e-02,2.873682044446468353e-02,7.573316097259521484e-01,7.611446380615234375e-01,-2.431991100311279297e-01,-3.087397813796997070e-01,5.540504455566406250e-01,5.331562161445617676e-01,-2.231564223766326904e-01,-2.222730368375778198e-01,-1.483515091240406036e-02,-6.905424594879150391e-02,-2.355636954307556152e-01,-2.970677912235260010e-01,1.058848761022090912e-02,8.280979841947555542e-02,6.616537570953369141e-01,6.134328842163085938e-01,-6.971889734268188477e-02,-1.533467620611190796e-01,-3.970970809459686279e-01,-5.053850412368774414e-01,-3.109595775604248047e-01,-3.993238508701324463e-01,-2.522105574607849121e-01,-3.473400771617889404e-01,-3.763269484043121338e-01,-3.834930658340454102e-01,-2.093500085175037384e-02,-1.953284628689289093e-02,-3.909115195274353027e-01,-4.239090681076049805e-01,9.603909403085708618e-02,1.461640745401382446e-01,-2.208492010831832886e-01,-9.021840244531631470e-02,-3.245157897472381592e-01,-3.273607194423675537e-01,-3.793627917766571045e-01,-4.276407063007354736e-01,7.901163101196289062e-01,8.556042909622192383e-01,7.314637899398803711e-01,7.324831485748291016e-01,7.580158710479736328e-01,8.027684092521667480e-01,4.089474081993103027e-01,5.471550226211547852e-01,3.340971171855926514e-01,5.072160959243774414e-01,5.451631546020507812e-01,4.940755069255828857e-01,5.974834561347961426e-01,5.977297425270080566e-01,-2.069691121578216553e-01,-1.582001596689224243e-01,-3.338107466697692871e-01,-2.875663638114929199e-01,-3.049331307411193848e-01,-2.218433171510696411e-01,-1.600001305341720581e-01,-1.368750333786010742e-01,-1.882535666227340698e-01,-3.663895651698112488e-02,-3.287150561809539795e-01,-1.841240823268890381e-01,-2.306253165006637573e-01,-3.362062871456146240e-01,-3.526510000228881836e-01,-3.790199458599090576e-01,-1.992784291505813599e-01,-3.070878088474273682e-01,-4.401252418756484985e-02,-1.641978323459625244e-01,-2.103577405214309692e-01,-2.559463083744049072e-01,1.981376670300960541e-02,4.929091781377792358e-02,-8.503787219524383545e-02,-2.235999256372451782e-01,-1.926972866058349609e-01,-2.815587818622589111e-01,-3.947421908378601074e-01,-4.892723262310028076e-01,2.030641883611679077e-01,1.637333482503890991e-01,1.907707154750823975e-01,9.492473304271697998e-02,-1.007631644606590271e-01,-1.079502329230308533e-01,1.211891099810600281e-01,-6.866315007209777832e-02,-1.099254265427589417e-01,-2.012586742639541626e-01,-3.026344180107116699e-01,-2.957373559474945068e-01,-2.885716557502746582e-01,-2.217263877391815186e-01,-2.511763572692871094e-01,-1.652836650609970093e-01
6.796554327011108398e-01,5.680475234985351562e-01,1.000000000000000000e+00,7.570654153823852539e-01,-1.826961934566497803e-01,-5.432837828993797302e-02,8.599640130996704102e-01,7.458688020706176758e-01,-6.966951489448547363e-02,-5.410835891962051392e-02,4.185847342014312744e-01,3.829462826251983643e-01,4.165948927402496338e-01,3.504726886749267578e-01,-1.376152783632278442e-01,-1.305331438779830933e-01,1.733888089656829834e-01,1.151139885187149048e-01,5.486538410186767578e-01,4.609233438968658447e-01,-1.417965292930603027e-01,-2.107988148927688599e-01,7.966604828834533691e-01,7.268583178520202637e-01,-6.421783473342657089e-03,4.027561470866203308e-02,-1.760322451591491699e-01,-1.257591396570205688e-01,-1.915242336690425873e-02,-3.840275481343269348e-02,3.761128783226013184e-01,4.276596605777740479e-01,4.446120858192443848e-01,4.556574225425720215e-01,1.615951061248779297e-01,8.947202563285827637e-02,-1.762428730726242065e-01,-2.383004128932952881e-01,-2.588403224945068359e-01,-2.608826160430908203e-01,-2.259014546871185303e-01,-1.716242283582687378e-01,-2.426195144653320312e-01,-2.314338684082031250e-01,-4.766736179590225220e-02,-8.026590198278427124e-02,-2.277334630489349365e-01,-2.660351097583770752e-01,-5.354800075292587280e-02,6.917887926101684570e-02,-1.021159440279006958e-01,-5.657795071601867676e-02,-1.855405718088150024e-01,-8.344805240631103516e-02,-2.190103381872177124e-01,-2.855733633041381836e-01,5.131080746650695801e-01,5.015184283256530762e-01,4.578024148941040039e-01,4.298752248287200928e-01,4.184163510799407959e-01,4.866430461406707764e-01,3.425024747848510742e-01,3.738073706626892090e-01,3.924729228019714355e-01,4.804361760616302490e-01,3.674319684505462646e-01,2.742312550544738770e-01,3.018014729022979736e-01,2.710910737514495850e-01,9.947395324707031250e-02,1.023499816656112671e-01,-2.491883374750614166e-02,-1.117088180035352707e-02,-1.229625120759010315e-01,-1.015346571803092957e-01,-6.765122711658477783e-02,-4.061488807201385498e-02,1.067909225821495056e-01,6.738494336605072021e-02,-1.901228912174701691e-02,5.590089596807956696e-03,-2.254884839057922363e-01,-2.245071828365325928e-01,-5.748215317726135254e-02,-1.632521748542785645e-01,-1.596652865409851074e-01,-1.724332422018051147e-01,-1.266009807586669922e-01,-1.553318053483963013e-01,-1.459452360868453979e-01,-1.672142744064331055e-01,-1.298090815544128418e-01,4.614863172173500061e-02,-9.473333507776260376e-02,-2.249104827642440796e-01,-2.147903591394424438e-01,-2.946430146694183350e-01,-3.279953598976135254e-01,-2.666102051734924316e-01,1.184194311499595642e-01,1.667704880237579346e-01,8.705869317054748535e-02,5.419641360640525818e-02,-1.441779285669326782e-01,-1.805896759033203125e-01,2.112744748592376709e-01,-8.737969398498535156e-02,-1.536212116479873657e-01,-2.321858108043670654e-01,-3.268104493618011475e-01,-3.104500770568847656e-01,-2.694042623043060303e-01,-1.845047324895858765e-01,-1.772451698780059814e-01,-1.783031374216079712e-01
7.390193939208984375e-01,7.066142559051513672e-01,7.570654153823852539e-01,1.000000000000000000e+00,-8.500847965478897095e-02,1.114839240908622742e-01,6.620913147926330566e-01,8.593212366104125977e-01,-2.110721766948699951e-01,3.450820222496986389e-02,2.584585547447204590e-01,3.144221603870391846e-01,1.682192385196685791e-01,2.942337691783905029e-01,-2.549796402454376221e-01,-2.342356145381927490e-01,2.818261831998825073e-02,-6.993854045867919922e-02,6.757287383079528809e-01,6.660623550415039062e-01,-2.071460932493209839e-01,-3.078785240650177002e-01,7.581059932708740234e-01,8.187048435211181641e-01,-6.217936053872108459e-02,4.270689561963081360e-02,-1.610927842557430267e-02,1.263805199414491653e-02,-1.732848435640335083e-01,-3.111264109611511230e-01,2.604629993438720703e-01,3.703284263610839844e-01,4.995281100273132324e-01,5.289154648780822754e-01,1.550198812037706375e-02,1.749869436025619507e-02,-4.634023904800415039e-01,-4.975522160530090332e-01,-3.945944011211395264e-01,-4.928372800350189209e-01,-2.783717215061187744e-01,-4.272070825099945068e-01,-3.573403358459472656e-01,-3.554282784461975098e-01,-3.089697845280170441e-02,-2.497809007763862610e-02,-4.057614803314208984e-01,-4.497642517089843750e-01,3.661293769255280495e-03,8.688199520111083984e-02,-2.060559689998626709e-01,-1.163450106978416443e-01,-2.920117974281311035e-01,-2.495105117559432983e-01,-3.805313408374786377e-01,-4.891712069511413574e-01,6.352958083152770996e-01,6.489662528038024902e-01,6.066118478775024414e-01,6.220734715461730957e-01,5.438249707221984863e-01,6.968460083007812500e-01,3.804254829883575439e-01,4.899685084819793701e-01,2.294391244649887085e-01,4.847005903720855713e-01,3.940542638301849365e-01,3.811272978782653809e-01,5.088019967079162598e-01,4.422430992126464844e-01,-1.412049680948257446e-01,-1.487318724393844604e-01,-2.259178608655929565e-01,-2.869341969490051270e-01,-2.559786140918731689e-01,-2.765189111232757568e-01,-2.469320893287658691e-01,-2.530613839626312256e-01,-6.893345713615417480e-02,-8.723291754722595215e-02,-2.580145895481109619e-01,-2.159609794616699219e-01,-2.698121666908264160e-01,-4.234932661056518555e-01,-3.648771643638610840e-01,-4.214351475238800049e-01,-1.677888631820678711e-01,-4.150429666042327881e-01,-6.775780022144317627e-02,-3.066880106925964355e-01,-1.439911723136901855e-01,-2.001527398824691772e-01,1.874811016023159027e-03,5.140205100178718567e-02,-1.588537395000457764e-01,-2.889920771121978760e-01,-2.780378758907318115e-01,-3.947164714336395264e-01,-3.898830115795135498e-01,-3.975504934787750244e-01,1.711427569389343262e-01,2.075577825307846069e-01,1.049461364746093750e-01,5.709922313690185547e-02,-1.716166436672210693e-01,-2.125697582960128784e-01,2.410040348768234253e-01,-5.128907784819602966e-02,-1.794307082891464233e-01,-2.612861096858978271e-01,-4.136341214179992676e-01,-3.719982802867889404e-01,-3.013619184494018555e-01,-1.997878104448318481e-01,-2.195311188697814941e-01,-2.658584713935852051e-01
-1.351862549781799316e-01,-1.399100571870803833e-01,-1.826961934566497803e-01,-8.500847965478897095e-02,1.000000000000000000e+00,7.247108221054077148e-01,-1.060003489255905151e-01,-3.342510759830474854e-02,6.865115165710449219e-01,6.439108848571777344e-01,4.015714526176452637e-01,1.457330137491226196e-01,3.771175146102905273e-01,3.680669665336608887e-01,7.371521592140197754e-01,6.462877392768859863e-01,3.762471079826354980e-01,2.509476840496063232e-01,-2.777191698551177979e-01,-2.239331454038619995e-01,5.461445450782775879e-01,4.976423978805541992e-01,9.973214566707611084e-02,1.218511313199996948e-01,7.563773393630981445e-01,6.548576354980468750e-01,7.492877840995788574e-01,7.232468128204345703e-01,5.479260683059692383e-01,3.576128482818603516e-01,4.780737161636352539e-01,4.378896057605743408e-01,-5.432545207440853119e-03,2.894695661962032318e-02,2.210502028465270996e-01,2.349463254213333130e-01,2.693304717540740967e-01,3.290275037288665771e-01,3.298953473567962646e-01,2.176547944545745850e-01,1.283094733953475952e-01,2.331716269254684448e-01,-5.670543294399976730e-03,1.013975366950035095e-01,1.344452798366546631e-01,2.134207338094711304e-01,2.404292114078998566e-02,1.236710522789508104e-04,1.793359816074371338e-01,1.433897167444229126e-01,5.862102657556533813e-02,8.737449347972869873e-02,-9.798282384872436523e-02,-1.337439417839050293e-01,2.394037842750549316e-01,1.590406894683837891e-01,-3.504047915339469910e-02,-6.556453555822372437e-02,-1.884414404630661011e-01,-2.003018110990524292e-01,-6.650436669588088989e-02,-4.003514349460601807e-02,2.261370234191417694e-02,4.305613040924072266e-02,-5.702751129865646362e-02,-1.231644153594970703e-01,5.208390764892101288e-03,1.071485951542854309e-01,-1.242661029100418091e-01,-4.645405337214469910e-02,3.299292623996734619e-01,2.755746841430664062e-01,4.941109120845794678e-01,2.807542681694030762e-01,4.511011540889739990e-01,2.228629589080810547e-01,1.825793087482452393e-01,1.399624813348054886e-02,2.039875239133834839e-01,1.820585131645202637e-01,3.629115223884582520e-01,2.053398042917251587e-01,3.737480640411376953e-01,2.250490784645080566e-01,2.679068446159362793e-01,2.230634689331054688e-01,3.820600807666778564e-01,1.431374102830886841e-01,4.740730822086334229e-01,7.456211000680923462e-02,-8.420216850936412811e-03,7.166737318038940430e-02,4.467866197228431702e-02,4.702073987573385239e-03,2.749953418970108032e-02,7.183708250522613525e-02,8.055189251899719238e-02,9.157138317823410034e-02,6.908999383449554443e-02,4.414911940693855286e-02,-1.914949417114257812e-01,-2.221788838505744934e-02,-1.347786039113998413e-01,-1.923565864562988281e-01,-4.863882437348365784e-02,-3.533101081848144531e-02,-1.222949922084808350e-01,1.905360445380210876e-02,7.768738549202680588e-03,9.101649373769760132e-02,1.076573058962821960e-01,2.254853397607803345e-02,6.784366071224212646e-02,9.391616284847259521e-02,3.061363473534584045e-02,-7.932173460721969604e-02
-8.509192615747451782e-02,-1.414644420146942139e-01,-5.432837828993797302e-02,1.114839240908622742e-01,7.247108221054077148e-01,1.000000000000000000e+00,-3.491887077689170837e-02,1.444768756628036499e-01,5.449718236923217773e-01,8.098104596138000488e-01,3.425444364547729492e-01,4.133536294102668762e-02,3.259489536285400391e-01,4.200572967529296875e-01,5.429199337959289551e-01,6.147023439407348633e-01,2.815425693988800049e-01,9.519397467374801636e-02,-2.287260442972183228e-01,-1.905461549758911133e-01,4.183867275714874268e-01,3.391222655773162842e-01,1.982625424861907959e-01,2.987858355045318604e-01,6.913525462150573730e-01,7.814166545867919922e-01,6.853013038635253906e-01,7.451000809669494629e-01,3.798311948776245117e-01,1.833418309688568115e-01,5.080927610397338867e-01,5.209819078445434570e-01,-5.085829272866249084e-02,1.840797998011112213e-02,2.431838810443878174e-01,3.579490780830383301e-01,8.740109205245971680e-02,2.364207357168197632e-01,1.794617474079132080e-01,5.868646502494812012e-02,4.759126156568527222e-02,5.832276865839958191e-02,2.322259359061717987e-02,1.546256244182586670e-01,1.631309390068054199e-01,2.214268594980239868e-01,1.018310803920030594e-02,-1.095014717429876328e-02,1.601185351610183716e-01,1.891899555921554565e-01,9.168418496847152710e-02,1.160876154899597168e-01,-4.004785045981407166e-02,-1.962137222290039062e-02,1.378917247056961060e-01,3.988621383905410767e-02,-9.211531840264797211e-03,-5.367996543645858765e-02,-1.394565701484680176e-01,-1.408935040235519409e-01,-1.040898039937019348e-01,-2.324894815683364868e-02,6.490068510174751282e-03,7.331075519323348999e-02,-1.249402835965156555e-01,-1.192586869001388550e-01,2.173447236418724060e-02,8.940305560827255249e-02,-6.309833377599716187e-02,-4.765391722321510315e-02,1.979148387908935547e-01,1.066548600792884827e-01,3.540906608104705811e-01,1.200044453144073486e-01,3.005803227424621582e-01,4.603162780404090881e-02,-3.147108480334281921e-02,-2.109534889459609985e-01,2.045239210128784180e-01,1.160371005535125732e-01,2.758494317531585693e-01,8.820337802171707153e-02,2.440501153469085693e-01,7.482295483350753784e-02,1.690236628055572510e-01,1.089545413851737976e-01,3.662736117839813232e-01,-1.392979081720113754e-02,3.599914610385894775e-01,-5.789923667907714844e-02,-8.350344724021852016e-04,4.840158671140670776e-02,-7.178351748734712601e-03,-3.425287455320358276e-02,-5.274347588419914246e-02,-2.211380004882812500e-02,-5.130721256136894226e-03,-5.039710551500320435e-02,2.935227937996387482e-02,6.145827099680900574e-02,-2.312251031398773193e-01,-3.263692930340766907e-02,-1.843470484018325806e-01,-1.999072879552841187e-01,-1.349937915802001953e-01,-1.481786370277404785e-01,-2.581257559359073639e-02,1.197976525872945786e-02,-8.673611283302307129e-02,1.696966588497161865e-02,3.877679584547877312e-03,-7.060924172401428223e-02,2.544657513499259949e-02,1.692327670753002167e-02,-5.437030270695686340e-02,-1.691895425319671631e-01
5.937616825103759766e-01,4.970233440399169922e-01,8.599640130996704102e-01,6.620913147926330566e-01,-1.060003489255905151e-01,-3.491887077689170837e-02,1.000000000000000000e+00,7.109464406967163086e-01,5.041850358247756958e-02,-2.450417727231979370e-02,5.480594038963317871e-01,5.299026370048522949e-01,5.657419562339782715e-01,4.979610443115234375e-01,-3.037137351930141449e-02,-2.797432988882064819e-02,2.977539002895355225e-01,2.820366919040679932e-01,4.076893329620361328e-01,3.418063819408416748e-01,-5.003362521529197693e-02,-1.119942218065261841e-01,7.978631258010864258e-01,6.911082267761230469e-01,7.324084639549255371e-02,1.059749945998191833e-01,-1.257405132055282593e-01,-8.685589581727981567e-02,1.089647412300109863e-01,1.301654577255249023e-01,5.120667815208435059e-01,5.401784777641296387e-01,5.064653158187866211e-01,5.245349407196044922e-01,2.081649154424667358e-01,1.437586843967437744e-01,-7.882049679756164551e-02,-1.300338506698608398e-01,-2.186428308486938477e-01,-2.075243592262268066e-01,-2.049727439880371094e-01,-1.078636571764945984e-01,-2.051346600055694580e-01,-1.715393811464309692e-01,3.402644768357276917e-02,5.373545922338962555e-03,-1.981086432933807373e-01,-2.182903736829757690e-01,3.128603566437959671e-03,1.161891296505928040e-01,-6.007415801286697388e-02,-5.267072119750082493e-04,-2.217213511466979980e-01,-9.410470724105834961e-02,-2.059725672006607056e-01,-2.512323558330535889e-01,4.349267482757568359e-01,4.356511533260345459e-01,3.256810903549194336e-01,2.922064661979675293e-01,4.054503440856933594e-01,4.340428411960601807e-01,4.170993864536285400e-01,4.509127736091613770e-01,3.774127662181854248e-01,4.840780496597290039e-01,3.438793122768402100e-01,3.036205172538757324e-01,1.993926614522933960e-01,2.018113285303115845e-01,2.442547827959060669e-01,2.609579861164093018e-01,1.166531592607498169e-01,1.415372341871261597e-01,-2.979889977723360062e-03,3.217706084251403809e-02,4.226179420948028564e-02,7.668209820985794067e-02,2.190266251564025879e-01,1.937247812747955322e-01,1.321716904640197754e-01,1.371809393167495728e-01,-1.817471981048583984e-01,-1.563920825719833374e-01,1.119364984333515167e-02,-5.350560694932937622e-02,-2.089266031980514526e-01,-1.577351838350296021e-01,-1.562475562095642090e-01,-1.670921444892883301e-01,-2.292644679546356201e-01,-2.249641567468643188e-01,-2.408423274755477905e-01,-7.057655602693557739e-02,-9.072910249233245850e-02,-2.154902666807174683e-01,-1.954632103443145752e-01,-2.426581084728240967e-01,-3.240092694759368896e-01,-2.886936962604522705e-01,1.001415122300386429e-02,3.138602897524833679e-02,-2.121009118854999542e-02,-6.664622575044631958e-02,-2.076984047889709473e-01,-2.241766601800918579e-01,1.653765439987182617e-01,-1.070303693413734436e-01,-1.407032757997512817e-01,-1.993131637573242188e-01,-2.675687670707702637e-01,-3.017084896564483643e-01,-3.039233386516571045e-01,-2.176450490951538086e-01,-1.908057481050491333e-01,-1.829013675451278687e-01
6.572922468185424805e-01,6.619144678115844727e-01,7.458688020706176758e-01,8.593212366104125977e-01,-3.342510759830474854e-02,1.444768756628036499e-01,7.109464406967163086e-01,1.000000000000000000e+00,-1.559976637363433838e-01,8.693139255046844482e-02,3.557184040546417236e-01,4.997076988220214844e-01,2.717923521995544434e-01,4.864332973957061768e-01,-2.096824944019317627e-01,-1.563181728124618530e-01,1.442865878343582153e-01,1.157057657837867737e-01,5.213013887405395508e-01,5.185623764991760254e-01,-1.671643406152725220e-01,-2.591828405857086182e-01,7.979698181152343750e-01,8.334631323814392090e-01,5.607916507869958878e-03,1.115984693169593811e-01,-7.012074347585439682e-03,2.093027159571647644e-02,-6.823798269033432007e-02,-1.456316411495208740e-01,3.978554904460906982e-01,5.093901753425598145e-01,5.857867002487182617e-01,6.301463842391967773e-01,1.095214858651161194e-01,1.356728225946426392e-01,-4.212626218795776367e-01,-4.267504215240478516e-01,-4.268466532230377197e-01,-4.825625121593475342e-01,-3.050302267074584961e-01,-4.023773074150085449e-01,-3.232886493206024170e-01,-2.858254611492156982e-01,6.447640061378479004e-02,6.759030371904373169e-02,-3.991783559322357178e-01,-4.247190952301025391e-01,9.596343338489532471e-02,1.771921515464782715e-01,-1.327751874923706055e-01,6.735932081937789917e-03,-3.204070925712585449e-01,-2.464676201343536377e-01,-4.133113920688629150e-01,-5.019938349723815918e-01,5.594052672386169434e-01,5.932202935218811035e-01,5.015866160392761230e-01,5.121900439262390137e-01,5.601484179496765137e-01,6.819462180137634277e-01,4.752843379974365234e-01,6.158686876296997070e-01,2.575777769088745117e-01,5.903408527374267578e-01,3.600901067256927490e-01,3.976519107818603516e-01,3.469222486019134521e-01,2.890014648437500000e-01,-1.598193543031811714e-03,2.210118062794208527e-02,-1.172404661774635315e-01,-1.336822360754013062e-01,-1.865826100111007690e-01,-1.821811348199844360e-01,-1.626521050930023193e-01,-1.625217050313949585e-01,3.860502690076828003e-02,8.575724810361862183e-02,-1.317921280860900879e-01,-3.743528947234153748e-02,-2.836873829364776611e-01,-3.919474184513092041e-01,-3.089412450790405273e-01,-2.989726960659027100e-01,-2.480328083038330078e-01,-4.447053968906402588e-01,-1.441985964775085449e-01,-3.434185087680816650e-01,-2.550283968448638916e-01,-2.657927274703979492e-01,-1.506034880876541138e-01,-1.234015971422195435e-01,-1.652284562587738037e-01,-3.028546869754791260e-01,-3.067664504051208496e-01,-4.077709019184112549e-01,-4.434792697429656982e-01,-4.560642540454864502e-01,5.076197907328605652e-02,4.796605557203292847e-02,-1.334293838590383530e-02,-9.717675298452377319e-02,-2.769716382026672363e-01,-3.174253106117248535e-01,1.940312385559082031e-01,-1.043778508901596069e-01,-1.869289875030517578e-01,-2.695201337337493896e-01,-4.120972454547882080e-01,-3.998987972736358643e-01,-3.927715718746185303e-01,-2.753407359123229980e-01,-2.669681310653686523e-01,-3.158597946166992188e-01
-2.494319677352905273e-01,-3.279379904270172119e-01,-6.966951489448547363e-02,-2.110721766948699951e-01,6.865115165710449219e-01,5.449718236923217773e-01,5.041850358247756958e-02,-1.559976637363433838e-01,1.000000000000000000e+00,6.102986335754394531e-01,4.689050316810607910e-01,1.101317778229713440e-01,5.704119205474853516e-01,3.783513307571411133e-01,8.524172902107238770e-01,7.610435485839843750e-01,4.443973600864410400e-01,2.780982851982116699e-01,-3.913881480693817139e-01,-3.802268803119659424e-01,5.913489460945129395e-01,5.919925570487976074e-01,7.209628820419311523e-02,9.409121703356504440e-04,6.701710224151611328e-01,6.058051586151123047e-01,4.992774426937103271e-01,4.981556832790374756e-01,5.885058045387268066e-01,5.377150177955627441e-01,5.079711675643920898e-01,4.116846323013305664e-01,-1.694229990243911743e-01,-1.504794806241989136e-01,2.713585793972015381e-01,2.962222397327423096e-01,5.299189686775207520e-01,5.517276525497436523e-01,4.541719555854797363e-01,4.106343090534210205e-01,1.840832531452178955e-01,4.370942413806915283e-01,6.822254508733749390e-02,1.235180571675300598e-01,3.215708583593368530e-02,6.356707960367202759e-02,1.737869381904602051e-01,1.129204481840133667e-01,1.976124383509159088e-02,1.947292126715183258e-02,9.452706575393676758e-02,6.149299908429384232e-03,4.842825978994369507e-02,2.194615826010704041e-02,4.439215660095214844e-01,3.475103378295898438e-01,-2.294996380805969238e-01,-2.555880546569824219e-01,-3.001098334789276123e-01,-3.720207512378692627e-01,-2.539099454879760742e-01,-2.648022770881652832e-01,-1.005011126399040222e-01,-1.531652659177780151e-01,1.076854672282934189e-02,-2.177248299121856689e-01,-3.927636891603469849e-02,-2.218279801309108734e-02,-2.751578092575073242e-01,-1.614166945219039917e-01,4.630710780620574951e-01,4.199801683425903320e-01,6.247700452804565430e-01,4.831658601760864258e-01,5.296093225479125977e-01,3.329120278358459473e-01,2.516590654850006104e-01,1.370279490947723389e-01,3.608189523220062256e-01,2.013533413410186768e-01,5.785969495773315430e-01,3.247527182102203369e-01,4.322921335697174072e-01,4.174584448337554932e-01,5.513643026351928711e-01,4.118642508983612061e-01,3.946815431118011475e-01,3.626718521118164062e-01,4.972278177738189697e-01,2.201455831527709961e-01,6.348146498203277588e-02,9.953314065933227539e-02,-6.594091653823852539e-02,8.829319849610328674e-03,2.902166359126567841e-02,1.141187995672225952e-01,1.114059239625930786e-01,1.486742794513702393e-01,1.253575980663299561e-01,1.662594825029373169e-01,-2.411774694919586182e-01,-4.575809836387634277e-02,-1.912865042686462402e-01,-1.712570786476135254e-01,-8.770142495632171631e-02,-5.747574940323829651e-02,-1.147800609469413757e-01,5.776461213827133179e-03,-2.487595006823539734e-02,1.002531871199607849e-01,1.529447436332702637e-01,6.011600792407989502e-02,5.545783787965774536e-02,1.563926786184310913e-02,2.285266667604446411e-02,-6.775577366352081299e-02
-2.090604454278945923e-01,-2.662212252616882324e-01,-5.410835891962051392e-02,3.450820222496986389e-02,6.439108848571777344e-01,8.098104596138000488e-01,-2.450417727231979370e-02,8.693139255046844482e-02,6.102986335754394531e-01,1.000000000000000000e+00,3.127305507659912109e-01,2.947035431861877441e-02,3.582540750503540039e-01,4.488186836242675781e-01,5.745730400085449219e-01,6.965538263320922852e-01,3.074234426021575928e-01,4.075971990823745728e-02,-2.959024608135223389e-01,-2.847898602485656738e-01,3.784982562065124512e-01,3.118385374546051025e-01,1.618527919054031372e-01,2.365173399448394775e-01,6.342325806617736816e-01,7.120555639266967773e-01,4.870517253875732422e-01,5.431966781616210938e-01,4.299780726432800293e-01,2.552850246429443359e-01,5.119674205780029297e-01,5.062118172645568848e-01,-1.160249039530754089e-01,-4.889459162950515747e-02,2.929824888706207275e-01,4.395587444305419922e-01,1.444517225027084351e-01,3.126356601715087891e-01,1.364343762397766113e-01,7.741565257310867310e-02,8.732672035694122314e-02,8.775796741247177124e-02,5.396533012390136719e-02,1.345592141151428223e-01,7.915560156106948853e-02,1.118518561124801636e-01,2.513811364769935608e-02,-1.719923457130789757e-03,8.101828396320343018e-02,1.019089892506599426e-01,6.971795111894607544e-02,9.406223148107528687e-02,1.379274297505617142e-02,5.232429504394531250e-02,1.604227721691131592e-01,6.463768333196640015e-02,-1.643001586198806763e-01,-2.236611694097518921e-01,-2.571094632148742676e-01,-2.536233663558959961e-01,-1.923830211162567139e-01,-1.485325396060943604e-01,-8.143074810504913330e-02,-5.896757915616035461e-02,-1.802977770566940308e-01,-1.320500373840332031e-01,-1.087474673986434937e-01,-4.739623889327049255e-02,-2.208931297063827515e-01,-1.720601171255111694e-01,2.613209187984466553e-01,1.477009057998657227e-01,3.863525986671447754e-01,1.762261092662811279e-01,2.904958426952362061e-01,1.447409740649163723e-03,-3.968366608023643494e-02,-2.347327172756195068e-01,2.549454867839813232e-01,8.849213272333145142e-02,3.408446311950683594e-01,8.682064712047576904e-02,2.531428337097167969e-01,1.564351171255111694e-01,2.219132632017135620e-01,1.510437279939651489e-01,3.492927253246307373e-01,1.692567206919193268e-02,2.543449997901916504e-01,-1.057580485939979553e-01,4.698429256677627563e-02,1.100634336471557617e-01,2.531932666897773743e-02,-3.451100736856460571e-02,-4.955415055155754089e-02,4.895287565886974335e-03,1.960994210094213486e-03,-3.454992920160293579e-02,5.778519809246063232e-02,9.680923074483871460e-02,-1.896498203277587891e-01,-3.453052416443824768e-02,-1.866973638534545898e-01,-1.522280722856521606e-01,-1.380954533815383911e-01,-1.524838954210281372e-01,-1.222358196973800659e-01,-8.385005407035350800e-03,-5.257676169276237488e-02,3.883970528841018677e-02,2.661863155663013458e-02,-2.018737606704235077e-02,2.279800176620483398e-02,9.043506346642971039e-03,-5.351450666785240173e-02,-1.795463263988494873e-01
2.154188454151153564e-01,8.777573704719543457e-02,4.185847342014312744e-01,2.584585547447204590e-01,4.015714526176452637e-01,3.425444364547729492e-01,5.480594038963317871e-01,3.557184040546417236e-01,4.689050316810607910e-01,3.127305507659912109e-01,1.000000000000000000e+00,5.951454043388366699e-01,8.301768898963928223e-01,6.788120865821838379e-01,4.533059298992156982e-01,4.211390912532806396e-01,7.264970541000366211e-01,5.874634981155395508e-01,-6.184089183807373047e-02,-6.361842900514602661e-02,3.792120814323425293e-01,3.301314115524291992e-01,5.547558069229125977e-01,4.562539458274841309e-01,5.493186116218566895e-01,5.124828219413757324e-01,2.376173287630081177e-01,2.812705934047698975e-01,6.396579742431640625e-01,5.214679241180419922e-01,7.371878027915954590e-01,7.073933482170104980e-01,2.422383725643157959e-01,2.797111272811889648e-01,2.867054045200347900e-01,2.309413254261016846e-01,2.644559741020202637e-01,2.151545584201812744e-01,6.989168375730514526e-02,5.634325370192527771e-02,-1.105649247765541077e-01,2.040767967700958252e-01,-5.235383659601211548e-02,6.343149393796920776e-02,2.000226080417633057e-01,1.757592856884002686e-01,-2.576932124793529510e-02,-3.465901687741279602e-02,5.978030711412429810e-02,1.127668991684913635e-01,6.209628283977508545e-02,-8.993075229227542877e-03,-2.253071069717407227e-01,-1.624913811683654785e-01,4.484983161091804504e-02,-3.954545408487319946e-02,2.214493751525878906e-01,1.668756306171417236e-01,-3.747789561748504639e-02,-8.905741572380065918e-02,1.243129521608352661e-01,1.317639946937561035e-01,4.388506412506103516e-01,3.830769658088684082e-01,2.765552699565887451e-01,1.948063373565673828e-01,2.269363850355148315e-01,2.814994156360626221e-01,6.651869043707847595e-03,4.470195621252059937e-02,5.440701842308044434e-01,5.184220671653747559e-01,6.055360436439514160e-01,4.903012812137603760e-01,4.242035746574401855e-01,3.824716806411743164e-01,3.012053072452545166e-01,2.207371890544891357e-01,4.720692932605743408e-01,4.625566899776458740e-01,5.290968418121337891e-01,4.211412668228149414e-01,1.108552515506744385e-01,6.502610445022583008e-02,3.359842002391815186e-01,2.547754049301147461e-01,5.706858634948730469e-02,7.869735360145568848e-02,1.482976227998733521e-01,-2.924063056707382202e-02,-2.095520645380020142e-01,-1.302944421768188477e-01,-3.329650163650512695e-01,-1.998200267553329468e-01,4.430331662297248840e-02,-3.693070728331804276e-03,-3.783429786562919617e-02,-8.311177790164947510e-02,-1.574733406305313110e-01,-1.650970429182052612e-01,-2.523886859416961670e-01,-1.600837111473083496e-01,-2.018185406923294067e-01,-3.216897845268249512e-01,-2.220462709665298462e-01,-2.261731624603271484e-01,8.428619801998138428e-02,-6.862546503543853760e-02,-5.260678753256797791e-02,-5.224016681313514709e-02,-1.294416785240173340e-01,-1.723947525024414062e-01,-2.302104085683822632e-01,-1.398754268884658813e-01,-9.198217093944549561e-02,-1.498707532882690430e-01
2.236996144056320190e-01,3.255062103271484375e-01,3.829462826251983643e-01,3.144221603870391846e-01,1.457330137491226196e-01,4.133536294102668762e-02,5.299026370048522949e-01,4.997076988220214844e-01,1.101317778229713440e-01,2.947035431861877441e-02,5.951454043388366699e-01,1.000000000000000000e+00,5.248028039932250977e-01,7.420949935913085938e-01,8.000025153160095215e-02,1.431213468313217163e-01,5.375156998634338379e-01,6.802691817283630371e-01,3.588379593566060066e-03,3.126640617847442627e-02,1.393672525882720947e-01,1.189349293708801270e-01,5.146877765655517578e-01,4.358000159263610840e-01,1.908249258995056152e-01,1.671262681484222412e-01,5.557367950677871704e-02,3.633996471762657166e-02,3.368001580238342285e-01,4.381516575813293457e-01,5.722162723541259766e-01,5.965632796287536621e-01,5.186770558357238770e-01,5.406773686408996582e-01,2.213218808174133301e-01,1.891880631446838379e-01,3.448798554018139839e-03,-1.346938125789165497e-02,-2.027208656072616577e-01,-1.115219667553901672e-01,-1.732139885425567627e-01,8.568455465137958527e-03,-1.398359686136245728e-01,-3.830322250723838806e-02,2.094217091798782349e-01,2.038929015398025513e-01,-1.703361570835113525e-01,-1.414048373699188232e-01,1.952305436134338379e-01,2.249438464641571045e-01,5.433304980397224426e-02,1.829466372728347778e-01,-2.911177873611450195e-01,-2.322223186492919922e-01,-2.739163935184478760e-01,-2.086504250764846802e-01,2.464330494403839111e-01,3.281337320804595947e-01,3.072019107639789581e-02,1.517273951321840286e-02,3.412372767925262451e-01,3.568038642406463623e-01,6.244944334030151367e-01,6.795530915260314941e-01,2.683271169662475586e-01,4.834823310375213623e-01,1.625184565782546997e-01,2.761074304580688477e-01,2.124432008713483810e-03,3.371029393747448921e-03,3.905288875102996826e-01,5.089785456657409668e-01,3.009332120418548584e-01,4.096845090389251709e-01,1.839771568775177002e-01,3.094288110733032227e-01,2.611201107501983643e-01,2.793177664279937744e-01,3.484666943550109863e-01,5.173745155334472656e-01,3.293513357639312744e-01,5.092642903327941895e-01,-1.590911149978637695e-01,-5.566583201289176941e-02,6.053049117326736450e-02,2.226542085409164429e-01,-3.008893132209777832e-01,-1.316414177417755127e-01,-1.897060424089431763e-01,-1.462206244468688965e-01,-3.634269237518310547e-01,-2.475058138370513916e-01,-3.604615926742553711e-01,-3.643144965171813965e-01,-1.888992637395858765e-02,-1.006326749920845032e-01,-1.253870278596878052e-01,-1.456287801265716553e-01,-3.388313055038452148e-01,-4.005277752876281738e-01,-2.406547963619232178e-01,-2.886875867843627930e-01,-2.887209355831146240e-01,-4.311004579067230225e-01,-3.286897540092468262e-01,-3.343329727649688721e-01,-8.569682016968727112e-03,-1.773757934570312500e-01,-2.555229887366294861e-02,-1.194746270775794983e-01,-1.700171828269958496e-01,-2.422463446855545044e-01,-3.966652452945709229e-01,-3.030060529708862305e-01,-2.334365844726562500e-01,-2.607165277004241943e-01
9.784132242202758789e-02,-5.624019727110862732e-02,4.165948927402496338e-01,1.682192385196685791e-01,3.771175146102905273e-01,3.259489536285400391e-01,5.657419562339782715e-01,2.717923521995544434e-01,5.704119205474853516e-01,3.582540750503540039e-01,8.301768898963928223e-01,5.248028039932250977e-01,1.000000000000000000e+00,6.837264895439147949e-01,5.448627471923828125e-01,5.397260785102844238e-01,6.733439564704895020e-01,5.354456901550292969e-01,-1.866457611322402954e-01,-2.049364298582077026e-01,4.369994401931762695e-01,4.020461738109588623e-01,4.868851006031036377e-01,3.894495069980621338e-01,5.757459998130798340e-01,5.418110489845275879e-01,2.113527953624725342e-01,2.656839787960052490e-01,6.495845317840576172e-01,5.794057846069335938e-01,7.503945827484130859e-01,6.943228840827941895e-01,8.795927464962005615e-02,1.343553364276885986e-01,2.822135388851165771e-01,2.289919704198837280e-01,3.805946409702301025e-01,3.591878712177276611e-01,1.653534621000289917e-01,2.029677778482437134e-01,8.963171392679214478e-03,3.252882957458496094e-01,-3.277076175436377525e-03,8.799350261688232422e-02,1.662024557590484619e-01,1.733099967241287231e-01,8.734837919473648071e-02,6.413708627223968506e-02,4.317096993327140808e-02,8.389598876237869263e-02,1.064043790102005005e-01,2.732034400105476379e-02,-1.161250248551368713e-01,-2.914304099977016449e-02,1.708833128213882446e-01,1.286305338144302368e-01,4.285083338618278503e-02,-1.061017904430627823e-02,-1.570675820112228394e-01,-2.042339146137237549e-01,-4.300185292959213257e-02,-7.952316664159297943e-03,2.532543241977691650e-01,2.145916521549224854e-01,1.958576142787933350e-01,1.541166603565216064e-01,9.073477983474731445e-02,1.406400650739669800e-01,-1.520353108644485474e-01,-1.042645201086997986e-01,6.104419231414794922e-01,5.796203613281250000e-01,6.571042537689208984e-01,5.491682291030883789e-01,4.889797270298004150e-01,4.135459065437316895e-01,3.251751959323883057e-01,2.734675705432891846e-01,4.921875298023223877e-01,4.250859916210174561e-01,6.010356545448303223e-01,4.696421623229980469e-01,1.569419801235198975e-01,2.125513702630996704e-01,4.221789240837097168e-01,3.618904650211334229e-01,1.141129434108734131e-01,1.984392702579498291e-01,1.133551299571990967e-01,4.000525921583175659e-02,-1.087784469127655029e-01,-3.352859988808631897e-02,-2.781279683113098145e-01,-1.220862269401550293e-01,2.639838680624961853e-02,1.724490523338317871e-02,1.711791567504405975e-02,2.153697796165943146e-02,-3.596576303243637085e-02,3.116324543952941895e-03,-2.053778916597366333e-01,-1.073607280850410461e-01,-1.867900192737579346e-01,-2.233377546072006226e-01,-1.906060874462127686e-01,-1.765021830797195435e-01,3.705120831727981567e-02,-4.643260687589645386e-02,-1.988772302865982056e-02,-1.028471160680055618e-02,-3.476692363619804382e-02,-1.080366447567939758e-01,-1.324112415313720703e-01,-6.257951259613037109e-02,-3.630971536040306091e-02,-1.257846057415008545e-01
