1.000000000000000000e+00,6.511706709861755371e-01,1.640143394470214844e-01,2.542441189289093018e-01,-5.674101412296295166e-02,-1.461453586816787720e-01,4.465829432010650635e-01,3.942826986312866211e-01,-1.033062189817428589e-01,-2.051830291748046875e-01,2.389634996652603149e-01,3.597676455974578857e-01,7.209618389606475830e-02,1.622056812047958374e-01,-1.475604344159364700e-02,-1.434989571571350098e-01,2.829037606716156006e-01,3.883760571479797363e-01,3.329554498195648193e-01,2.933374643325805664e-01,-1.387283205986022949e-02,6.961195264011621475e-03,5.135960131883621216e-02,-3.364299237728118896e-02,-4.389902576804161072e-02,-2.601304836571216583e-02,-6.755156442523002625e-03,-2.917931601405143738e-02,8.125782757997512817e-02,1.652016788721084595e-01,-2.825740259140729904e-03,2.357103675603866577e-02,3.262774050235748291e-01,2.780920863151550293e-01,4.019583463668823242e-01,2.969365417957305908e-01,9.955786913633346558e-02,1.620725244283676147e-01,6.095859408378601074e-02,1.229760274291038513e-01,7.344292104244232178e-02,2.192122787237167358e-01,1.266053020954132080e-01,2.440358400344848633e-01,2.253451347351074219e-01,2.719152569770812988e-01,1.496933698654174805e-01,1.847929805517196655e-01,2.742757499217987061e-01,2.528807520866394043e-01,4.019229114055633545e-01,2.332949936389923096e-01,1.683253794908523560e-01,1.226167827844619751e-01,5.219962447881698608e-02,8.812469989061355591e-02,6.872623562812805176e-01,5.454155802726745605e-01,5.101042985916137695e-01,4.009137153625488281e-01,6.024846434593200684e-01,3.908488154411315918e-01,6.272277235984802246e-01,5.612465143203735352e-01,5.616506934165954590e-01,4.018878638744354248e-01,5.318323373794555664e-01,5.193100571632385254e-01,3.484614193439483643e-01,3.265560567378997803e-01,1.527571529150009155e-01,1.557489186525344849e-01,1.200308501720428467e-01,2.447680532932281494e-01,1.282965838909149170e-01,2.789443731307983398e-01,1.979023516178131104e-01,2.343172580003738403e-01,9.290202707052230835e-02,2.107232064008712769e-01,3.016671836376190186e-01,3.460938632488250732e-01,-2.020276524126529694e-02,4.931793361902236938e-02,2.748081088066101074e-01,3.570333421230316162e-01,8.014567941427230835e-02,6.013672426342964172e-02,2.274472499266266823e-04,5.958548188209533691e-02,-3.350149840116500854e-02,-4.345853254199028015e-02,-5.051046609878540039e-02,-2.520950511097908020e-02,6.166654452681541443e-02,5.894078314304351807e-02,7.892115414142608643e-02,8.321918547153472900e-02,-6.577266380190849304e-03,-1.856712251901626587e-02,-1.040722578763961792e-01,-2.437196858227252960e-02,-8.740575611591339111e-02,-4.044469445943832397e-02,-1.378671377897262573e-01,-1.034694314002990723e-01,-1.057426407933235168e-01,-4.054290056228637695e-02,1.312084794044494629e-01,5.860655382275581360e-02,2.380000650882720947e-01,-2.358521521091461182e-02,-3.198942914605140686e-02,-8.424044400453567505e-02,-8.921134471893310547e-02,-8.499304950237274170e-02
6.511706709861755371e-01,1.000000000000000000e+00,1.581117808818817139e-01,2.488822788000106812e-01,-1.176300868391990662e-01,-1.701038181781768799e-01,2.086897790431976318e-01,3.242769241333007812e-01,-1.049589589238166809e-01,-1.374387592077255249e-01,-4.481041803956031799e-02,1.832720786333084106e-01,-1.337716877460479736e-01,4.850702360272407532e-02,-7.666710764169692993e-02,-1.338727474212646484e-01,-1.419466920197010040e-02,1.912896037101745605e-01,4.215040504932403564e-01,4.347973167896270752e-01,-1.069505140185356140e-01,-7.573983073234558105e-02,-2.979331277310848236e-02,-9.137512743473052979e-02,-1.098196804523468018e-01,-8.797265589237213135e-02,-5.634076893329620361e-02,-7.348056882619857788e-02,-1.196797862648963928e-01,-2.325229346752166748e-02,-1.445876359939575195e-01,-1.089762598276138306e-01,3.136908710002899170e-01,2.666354477405548096e-01,3.713450729846954346e-01,2.737255990505218506e-01,-8.378065377473831177e-02,-3.532367199659347534e-02,-5.815747380256652832e-02,-2.216844819486141205e-02,-3.260377049446105957e-02,9.054816514253616333e-02,7.175070792436599731e-02,1.701828390359878540e-01,2.621736228466033936e-01,3.239131271839141846e-01,-3.216533735394477844e-02,2.141768671572208405e-02,2.977816164493560791e-01,3.260459899902343750e-01,2.993451952934265137e-01,2.878792583942413330e-01,-7.471984624862670898e-02,-4.040568135678768158e-03,-9.761048853397369385e-02,-4.494646936655044556e-02,6.618261337280273438e-01,7.349356412887573242e-01,6.100862026214599609e-01,6.005262732505798340e-01,6.389261484146118164e-01,5.167040824890136719e-01,4.394792616367340088e-01,6.502776741981506348e-01,5.244331359863281250e-01,5.248152017593383789e-01,6.405388116836547852e-01,6.582788228988647461e-01,5.374543666839599609e-01,5.316872596740722656e-01,-4.852133244276046753e-02,1.660472154617309570e-02,-7.619043439626693726e-02,8.217765390872955322e-02,-5.470341444015502930e-02,1.327560096979141235e-01,2.004788722842931747e-03,4.643350094556808472e-02,-1.089680045843124390e-01,6.367915868759155273e-02,-3.490846976637840271e-02,1.608268469572067261e-01,-7.843389362096786499e-02,-7.963621988892555237e-03,-2.240464091300964355e-02,2.134753316640853882e-01,5.112674087285995483e-02,5.349842086434364319e-02,-1.559548974037170410e-01,-7.042685896158218384e-02,-1.572599112987518311e-01,-6.529419124126434326e-02,-1.350696384906768799e-01,-6.534625589847564697e-02,-4.555857926607131958e-02,-5.183042958378791809e-02,-8.146317303180694580e-02,-3.450976684689521790e-02,-1.566008329391479492e-01,-8.910664170980453491e-02,-1.463719755411148071e-01,-9.927393496036529541e-02,-8.870472013950347900e-02,-7.638111710548400879e-02,-1.065150722861289978e-01,-6.818536669015884399e-02,-7.751961052417755127e-02,-1.036487221717834473e-01,1.695134863257408142e-02,-6.977929919958114624e-02,5.406099930405616760e-02,-1.624503880739212036e-01,-1.306953579187393188e-01,-1.102593541145324707e-01,-8.754768967628479004e-02,-5.261098593473434448e-02
1.640143394470214844e-01,1.581117808818817139e-01,1.000000000000000000e+00,7.209453582763671875e-01,5.668872594833374023e-02,-1.019428484141826630e-02,6.022807955741882324e-01,6.022658944129943848e-01,7.159311324357986450e-02,-1.322496309876441956e-02,3.558436632156372070e-01,1.868524998426437378e-01,5.129754543304443359e-01,4.350686967372894287e-01,2.036515772342681885e-01,2.348098158836364746e-01,2.178426235914230347e-01,1.434777230024337769e-01,1.565091907978057861e-01,1.125709637999534607e-01,2.500392794609069824e-01,3.215232789516448975e-01,6.175403594970703125e-01,5.507488846778869629e-01,1.168808639049530029e-01,1.780019253492355347e-01,1.568447984755039215e-02,3.112589381635189056e-02,4.310629665851593018e-01,3.464307188987731934e-01,4.763884842395782471e-01,5.282578468322753906e-01,5.891328677535057068e-02,7.215309888124465942e-02,-2.969702938571572304e-03,-1.868781447410583496e-02,8.768497407436370850e-02,1.088207140564918518e-01,1.693233996629714966e-01,1.594488769769668579e-01,1.153471246361732483e-01,1.331726461648941040e-01,-1.781272236257791519e-03,-1.292540039867162704e-02,-1.242650113999843597e-02,1.425956634193425998e-05,5.674351379275321960e-02,-2.287313714623451233e-02,-1.815321482717990875e-02,3.490744158625602722e-03,1.459212880581617355e-02,-2.946765720844268799e-02,9.325731545686721802e-02,-9.242455661296844482e-02,3.329471349716186523e-01,2.357504367828369141e-01,1.953765600919723511e-01,1.223912760615348816e-01,7.102406024932861328e-02,1.699543558061122894e-02,1.190892308950424194e-01,4.567135497927665710e-02,2.034277766942977905e-01,9.364778548479080200e-02,9.126210212707519531e-02,-2.221650211140513420e-03,4.381301254034042358e-02,1.935801468789577484e-02,3.885170444846153259e-02,-1.079619955271482468e-02,4.426558911800384521e-01,4.114188849925994873e-01,4.034346342086791992e-01,3.838236629962921143e-01,3.522819876670837402e-01,3.887565433979034424e-01,1.666350960731506348e-01,1.761775314807891846e-01,4.923925176262855530e-02,3.064043633639812469e-02,1.937854588031768799e-01,1.000203862786293030e-01,2.425269037485122681e-01,1.516935527324676514e-01,1.607701033353805542e-01,-1.499333512037992477e-02,9.451852738857269287e-02,6.957648694515228271e-02,1.991544514894485474e-01,1.469218283891677856e-01,3.656048774719238281e-01,4.294674098491668701e-01,3.805733323097229004e-01,3.860079646110534668e-01,1.786148697137832642e-01,1.210449934005737305e-01,2.609564661979675293e-01,2.050812393426895142e-01,3.123451173305511475e-01,3.607657253742218018e-01,3.262289166450500488e-01,2.406857907772064209e-01,1.999275833368301392e-01,1.476140916347503662e-01,3.875231742858886719e-02,4.434434324502944946e-02,2.109650522470474243e-01,1.686323583126068115e-01,6.843778491020202637e-02,2.416957467794418335e-01,1.566691994667053223e-01,2.617722749710083008e-01,2.527679800987243652e-01,1.592560410499572754e-01,7.199291884899139404e-02,6.757969385944306850e-04
2.542441189289093018e-01,2.488822788000106812e-01,7.209453582763671875e-01,1.000000000000000000e+00,-2.994782105088233948e-02,-7.358719408512115479e-02,5.054212212562561035e-01,6.523188352584838867e-01,-3.235632926225662231e-02,-1.263568997383117676e-01,2.783480882644653320e-01,2.358752936124801636e-01,4.383103549480438232e-01,4.848606884479522705e-01,1.037529557943344116e-01,1.334419399499893188e-01,1.908756792545318604e-01,2.128361165523529053e-01,2.577476203441619873e-01,2.049530893564224243e-01,1.954146921634674072e-01,2.731143534183502197e-01,5.461317300796508789e-01,5.253155231475830078e-01,3.172320127487182617e-02,1.555956155061721802e-01,-3.207410499453544617e-02,-5.494487937539815903e-03,3.861964643001556396e-01,3.452795743942260742e-01,3.924269676208496094e-01,4.779780805110931396e-01,6.677918136119842529e-02,7.601288706064224243e-02,4.039870575070381165e-02,2.631775848567485809e-02,6.947001814842224121e-02,1.518209278583526611e-01,1.195540279150009155e-01,1.504658162593841553e-01,1.401515305042266846e-01,1.695244163274765015e-01,1.128105632960796356e-02,4.917103331536054611e-03,1.136717852205038071e-02,3.216250613331794739e-02,2.961420454084873199e-02,-7.025078684091567993e-02,-3.434635326266288757e-02,-7.748933974653482437e-03,-4.629073664546012878e-03,-5.156613513827323914e-02,5.151429772377014160e-02,-1.250129193067550659e-01,2.481404095888137817e-01,1.957858502864837646e-01,2.062508314847946167e-01,1.931344568729400635e-01,1.224108040332794189e-01,5.616635084152221680e-02,1.550646871328353882e-01,3.669661283493041992e-02,1.837902814149856567e-01,1.898583471775054932e-01,1.087389737367630005e-01,-1.557411858811974525e-03,8.628355711698532104e-02,7.298584282398223877e-02,1.125513091683387756e-01,5.034655332565307617e-02,3.815555870532989502e-01,3.655379712581634521e-01,4.017702043056488037e-01,3.845673799514770508e-01,3.718468248844146729e-01,4.077455401420593262e-01,1.779394596815109253e-01,1.987956762313842773e-01,1.698146574199199677e-02,6.344392895698547363e-02,1.819986999034881592e-01,1.879767179489135742e-01,1.693332791328430176e-01,1.304307579994201660e-01,1.130251586437225342e-01,1.256874017417430878e-02,9.067058563232421875e-02,6.539350003004074097e-02,1.020632907748222351e-01,1.439222395420074463e-01,2.784206867218017578e-01,3.518985509872436523e-01,2.750504016876220703e-01,2.877135872840881348e-01,9.377414733171463013e-02,9.433889389038085938e-02,1.790877431631088257e-01,1.466490775346755981e-01,2.166162431240081787e-01,2.801688313484191895e-01,2.460547089576721191e-01,2.140979468822479248e-01,1.802606433629989624e-01,1.437659114599227905e-01,3.855049982666969299e-02,3.189117461442947388e-02,1.586928963661193848e-01,9.809034317731857300e-02,4.853474721312522888e-02,2.196592837572097778e-01,1.636713445186614990e-01,1.998488008975982666e-01,1.714646220207214355e-01,8.275212347507476807e-02,2.503819577395915985e-02,-3.739889338612556458e-02
-5.674101412296295166e-02,-1.176300868391990662e-01,5.668872594833374023e-02,-2.994782105088233948e-02,1.000000000000000000e+00,7.163619399070739746e-01,9.022235870361328125e-02,-6.934668868780136108e-02,7.587274312973022461e-01,5.377134084701538086e-01,1.464223265647888184e-01,-1.836098581552505493e-01,2.242051064968109131e-01,-4.804412648081779480e-02,7.145482897758483887e-01,5.045276284217834473e-01,1.042399778962135315e-01,-1.995812654495239258e-01,-9.772156924009323120e-02,-1.248045191168785095e-01,2.630209624767303467e-01,3.179065883159637451e-01,6.841609627008438110e-02,2.886890806257724762e-02,7.444550991058349609e-01,4.740496873855590820e-01,6.911764740943908691e-01,6.466076970100402832e-01,1.807373911142349243e-01,5.658330768346786499e-02,1.295402199029922485e-01,5.693238973617553711e-02,-1.650065928697586060e-01,-1.569834947586059570e-01,-3.156343400478363037e-01,-3.294599950313568115e-01,1.591097414493560791e-01,1.237002685666084290e-01,4.785893559455871582e-01,3.320841193199157715e-01,3.200356066226959229e-01,1.995096206665039062e-01,-2.779547572135925293e-01,-3.363067209720611572e-01,-2.068860083818435669e-01,-2.620496153831481934e-01,-1.397400647401809692e-01,-2.144603878259658813e-01,-2.615418136119842529e-01,-2.984192371368408203e-01,-2.644271254539489746e-01,-3.257705271244049072e-01,3.278473764657974243e-02,-2.005815505981445312e-01,3.116929233074188232e-01,1.600014120340347290e-01,-1.256806589663028717e-02,-3.924573957920074463e-02,-2.847575023770332336e-02,2.026142552495002747e-03,-1.163351088762283325e-01,-4.482049494981765747e-02,-1.125338748097419739e-01,-1.670624464750289917e-01,-1.944955587387084961e-01,-1.715667843818664551e-01,-1.499376446008682251e-01,-1.960497200489044189e-01,-1.541598439216613770e-01,-1.538554280996322632e-01,1.160703152418136597e-01,7.245183736085891724e-02,1.364330947399139404e-01,1.188063248991966248e-01,8.737190812826156616e-02,9.240017831325531006e-02,-3.344913246110081673e-03,-1.396954897791147232e-02,-2.817537169903516769e-03,-1.983679831027984619e-01,1.291033625602722168e-01,-1.133634820580482483e-01,6.715650558471679688e-01,5.307313799858093262e-01,2.115082591772079468e-01,-1.352942138910293579e-01,3.789846897125244141e-01,3.238093256950378418e-01,5.034061074256896973e-01,2.017651349306106567e-01,3.046985268592834473e-01,4.686902090907096863e-02,2.852899432182312012e-01,1.902506947517395020e-01,2.707439064979553223e-01,1.940416991710662842e-01,2.095550149679183960e-01,2.002515792846679688e-01,1.489409506320953369e-01,1.013864763081073761e-02,1.802320480346679688e-01,2.107972651720046997e-01,1.408339142799377441e-01,1.585342884063720703e-01,9.293513000011444092e-02,5.734743550419807434e-02,1.932917684316635132e-01,2.554097771644592285e-01,8.196303248405456543e-02,5.910515040159225464e-02,-2.513778954744338989e-02,-3.828821703791618347e-02,-8.417189121246337891e-02,5.568784475326538086e-02,4.481604695320129395e-02,1.702424436807632446e-01
-1.461453586816787720e-01,-1.701038181781768799e-01,-1.019428484141826630e-02,-7.358719408512115479e-02,7.163619399070739746e-01,1.000000000000000000e+00,-6.019341293722391129e-03,-4.254224151372909546e-02,6.311603784561157227e-01,5.467022657394409180e-01,8.715135604143142700e-02,-1.405096054077148438e-01,1.180571541190147400e-01,-2.139715850353240967e-02,6.261450052261352539e-01,5.492424368858337402e-01,1.103890761733055115e-01,-1.746947914361953735e-01,-1.274172663688659668e-01,-1.622701585292816162e-01,2.452615797519683838e-01,3.105325698852539062e-01,3.810139000415802002e-02,3.185754641890525818e-02,6.960710287094116211e-01,5.312044620513916016e-01,6.789147257804870605e-01,7.152322530746459961e-01,1.535623967647552490e-01,9.068803489208221436e-02,1.093591153621673584e-01,4.820778220891952515e-02,-1.795836240053176880e-01,-1.695916503667831421e-01,-2.844627201557159424e-01,-2.731612324714660645e-01,2.289678603410720825e-01,1.543972343206405640e-01,4.673766791820526123e-01,3.654729425907135010e-01,2.985697686672210693e-01,2.364740669727325439e-01,-2.118783891201019287e-01,-2.890341579914093018e-01,-2.802723348140716553e-01,-2.945002317428588867e-01,-5.404546484351158142e-02,-1.138421297073364258e-01,-2.816342413425445557e-01,-2.714534103870391846e-01,-2.652339637279510498e-01,-2.949460446834564209e-01,6.154055893421173096e-02,-1.602937877178192139e-01,2.856579422950744629e-01,2.039405107498168945e-01,-1.074302121996879578e-01,-1.094148159027099609e-01,-1.067270860075950623e-01,-7.130492478609085083e-02,-2.232419401407241821e-01,-1.342631876468658447e-01,-1.710082590579986572e-01,-2.225011736154556274e-01,-2.749127149581909180e-01,-2.281888425350189209e-01,-2.035144269466400146e-01,-2.238270640373229980e-01,-2.151830494403839111e-01,-1.951940953731536865e-01,9.285174310207366943e-02,5.615372210741043091e-02,8.587963134050369263e-02,6.321539729833602905e-02,1.467248611152172089e-02,2.988984622061252594e-02,-7.297219708561897278e-03,-9.473745711147785187e-03,1.119586527347564697e-01,-1.524295210838317871e-01,1.246100366115570068e-01,-3.341073170304298401e-02,5.625376105308532715e-01,6.048489212989807129e-01,1.947121620178222656e-01,-9.395918995141983032e-02,3.269334435462951660e-01,3.305759429931640625e-01,4.307480752468109131e-01,2.165730148553848267e-01,2.429078370332717896e-01,3.362645208835601807e-02,1.987452358007431030e-01,1.649488061666488647e-01,2.449195832014083862e-01,1.808578222990036011e-01,1.907487064599990845e-01,1.958593279123306274e-01,1.268930435180664062e-01,5.307668354362249374e-03,1.520439088344573975e-01,1.697946190834045410e-01,1.750508993864059448e-01,1.849394589662551880e-01,1.371367275714874268e-01,1.022501215338706970e-01,1.964726746082305908e-01,2.738324403762817383e-01,1.224982813000679016e-01,7.007437944412231445e-02,5.291188135743141174e-02,5.408239550888538361e-03,-1.060131564736366272e-01,8.571273088455200195e-02,1.322286427021026611e-01,2.409419268369674683e-01
4.465829432010650635e-01,2.086897790431976318e-01,6.022807955741882324e-01,5.054212212562561035e-01,9.022235870361328125e-02,-6.019341293722391129e-03,1.000000000000000000e+00,6.071837544441223145e-01,3.675781935453414917e-02,-7.010100036859512329e-02,6.113885045051574707e-01,4.557436704635620117e-01,6.325389146804809570e-01,5.225152969360351562e-01,2.046027928590774536e-01,1.777172535657882690e-01,5.365866422653198242e-01,4.172631204128265381e-01,1.014887318015098572e-01,5.155263841152191162e-02,3.229556083679199219e-01,3.461231589317321777e-01,5.438017249107360840e-01,4.336692690849304199e-01,1.456861495971679688e-01,1.871214807033538818e-01,8.434863388538360596e-02,5.672154575586318970e-02,5.788534283638000488e-01,5.471813082695007324e-01,5.355972647666931152e-01,5.783629417419433594e-01,1.356437802314758301e-01,1.286929547786712646e-01,1.033270582556724548e-01,6.717057526111602783e-02,3.243162333965301514e-01,3.265548050403594971e-01,2.794560194015502930e-01,3.073136210441589355e-01,1.802071630954742432e-01,2.438255846500396729e-01,7.074992358684539795e-02,1.084206104278564453e-01,3.207011148333549500e-02,2.950514107942581177e-02,2.400328516960144043e-01,2.048347145318984985e-01,5.875038728117942810e-02,1.378835458308458328e-02,1.935167312622070312e-01,7.423338014632463455e-03,3.294245004653930664e-01,1.089712530374526978e-01,4.367386102676391602e-01,3.875725567340850830e-01,3.284764885902404785e-01,1.347302943468093872e-01,8.127707988023757935e-02,-2.807933092117309570e-02,1.810736209154129028e-01,4.394439980387687683e-03,4.244422316551208496e-01,1.944310367107391357e-01,2.304845750331878662e-01,1.670874888077378273e-03,7.882591336965560913e-02,5.155789107084274292e-02,-2.016967535018920898e-02,-5.618143454194068909e-02,5.970222949981689453e-01,5.505146980285644531e-01,5.461596846580505371e-01,5.555285811424255371e-01,4.640329182147979736e-01,5.195074081420898438e-01,3.874747157096862793e-01,4.083305895328521729e-01,2.889776825904846191e-01,2.583326101303100586e-01,5.040982961654663086e-01,3.849041461944580078e-01,2.102199643850326538e-01,1.891810745000839233e-01,4.335767328739166260e-01,2.319795489311218262e-01,1.029024645686149597e-01,8.823269605636596680e-02,3.247473537921905518e-01,3.061335980892181396e-01,3.475396335124969482e-01,3.419545590877532959e-01,3.011038303375244141e-01,3.046070635318756104e-01,3.185841739177703857e-01,2.825733125209808350e-01,4.108781814575195312e-01,3.684110045433044434e-01,3.917262852191925049e-01,3.936579823493957520e-01,2.458870112895965576e-01,1.819352954626083374e-01,1.300940066576004028e-01,1.407479345798492432e-01,8.552855812013149261e-03,8.118726313114166260e-03,1.597322374582290649e-01,2.491442561149597168e-01,2.335506677627563477e-01,3.433282673358917236e-01,3.542203009128570557e-01,3.227847218513488770e-01,2.785509824752807617e-01,1.620457470417022705e-01,7.638940215110778809e-02,-1.321354601532220840e-02
3.942826986312866211e-01,3.242769241333007812e-01,6.022658944129943848e-01,6.523188352584838867e-01,-6.934668868780136108e-02,-4.254224151372909546e-02,6.071837544441223145e-01,1.000000000000000000e+00,-1.349606215953826904e-01,-9.443409740924835205e-02,4.161828160285949707e-01,4.680456519126892090e-01,4.204565584659576416e-01,6.384838223457336426e-01,2.644338831305503845e-02,1.743211895227432251e-01,4.039402306079864502e-01,4.595421552658081055e-01,1.123255044221878052e-01,8.122932165861129761e-02,2.426052838563919067e-01,2.710539102554321289e-01,5.014101862907409668e-01,4.823052585124969482e-01,2.483289502561092377e-02,1.844993084669113159e-01,-1.940555172041058540e-03,4.529466852545738220e-02,4.423236548900604248e-01,5.088729262351989746e-01,4.284120202064514160e-01,5.119941830635070801e-01,1.067766994237899780e-01,1.103488653898239136e-01,1.488540470600128174e-01,1.342101097106933594e-01,2.341134995222091675e-01,3.000405132770538330e-01,1.312255412340164185e-01,2.325076758861541748e-01,7.781469821929931641e-02,1.996961534023284912e-01,9.457533806562423706e-02,1.435430496931076050e-01,3.941761702299118042e-02,8.691177517175674438e-02,2.280295938253402710e-01,1.952809095382690430e-01,8.411779999732971191e-02,1.042477637529373169e-01,1.832300871610641479e-01,7.598374038934707642e-02,2.699001431465148926e-01,8.379862457513809204e-02,3.129764795303344727e-01,3.961646556854248047e-01,3.042402565479278564e-01,2.117792963981628418e-01,1.235301941633224487e-01,1.603563874959945679e-02,1.775826513767242432e-01,6.576248258352279663e-02,3.545010089874267578e-01,2.869615852832794189e-01,1.861006021499633789e-01,7.322341203689575195e-02,1.282423138618469238e-01,1.306394338607788086e-01,3.057152405381202698e-02,-1.100487541407346725e-02,4.802658855915069580e-01,4.852921068668365479e-01,4.272632300853729248e-01,4.663969576358795166e-01,3.516188263893127441e-01,4.351500868797302246e-01,3.408067822456359863e-01,3.599955439567565918e-01,2.468166649341583252e-01,2.791845500469207764e-01,3.548692762851715088e-01,4.685705006122589111e-01,4.565230384469032288e-02,2.297167778015136719e-01,2.713713347911834717e-01,2.693633735179901123e-01,3.234041482210159302e-02,8.438057452440261841e-02,1.255687773227691650e-01,3.204863369464874268e-01,2.375840991735458374e-01,3.535163998603820801e-01,2.021655589342117310e-01,2.722005248069763184e-01,1.877216994762420654e-01,1.869032829999923706e-01,2.741322517395019531e-01,2.991937696933746338e-01,2.777892947196960449e-01,3.672031164169311523e-01,1.794884800910949707e-01,1.655479073524475098e-01,1.280734539031982422e-01,1.412369459867477417e-01,-2.101089432835578918e-02,-8.379441685974597931e-03,9.276513755321502686e-02,1.695622503757476807e-01,1.989932507276535034e-01,3.355462849140167236e-01,3.770555555820465088e-01,3.016965985298156738e-01,1.853379309177398682e-01,8.916027843952178955e-02,6.151678040623664856e-02,-2.799739316105842590e-02
-1.033062189817428589e-01,-1.049589589238166809e-01,7.159311324357986450e-02,-3.235632926225662231e-02,7.587274312973022461e-01,6.311603784561157227e-01,3.675781935453414917e-02,-1.349606215953826904e-01,1.000000000000000000e+00,6.015745401382446289e-01,9.097640216350555420e-02,-2.662352919578552246e-01,1.790329664945602417e-01,-1.175716370344161987e-01,7.427428364753723145e-01,5.473484992980957031e-01,4.896357282996177673e-02,-2.380972057580947876e-01,-5.021004751324653625e-02,-8.435618132352828979e-02,2.606377005577087402e-01,3.273065984249114990e-01,2.501733368262648582e-03,-3.157465904951095581e-02,6.972533464431762695e-01,4.151514470577239990e-01,5.584451556205749512e-01,5.270354151725769043e-01,1.454246044158935547e-01,1.009916141629219055e-02,1.228404864668846130e-01,4.569525644183158875e-02,-1.641152799129486084e-01,-1.657131612300872803e-01,-3.022944033145904541e-01,-3.236349523067474365e-01,7.239932566881179810e-02,5.648296698927879333e-02,4.208540320396423340e-01,2.815043926239013672e-01,2.774565517902374268e-01,1.347921192646026611e-01,-2.332140207290649414e-01,-2.999492585659027100e-01,-1.426738351583480835e-01,-1.849123388528823853e-01,-1.078792884945869446e-01,-2.008116692304611206e-01,-2.063513696193695068e-01,-2.389949262142181396e-01,-2.444593757390975952e-01,-2.917694747447967529e-01,4.251186735928058624e-03,-1.718047857284545898e-01,2.756427526473999023e-01,1.324732005596160889e-01,3.583007724955677986e-03,8.287101984024047852e-03,-2.843428170308470726e-03,6.813572254031896591e-03,-5.691343173384666443e-02,-3.411121666431427002e-02,-1.384267210960388184e-01,-1.718975305557250977e-01,-1.583618074655532837e-01,-1.620773822069168091e-01,-1.159144863486289978e-01,-1.565597504377365112e-01,-9.827730804681777954e-02,-1.187198907136917114e-01,7.910145819187164307e-02,5.543293058872222900e-02,8.639241009950637817e-02,7.949095219373703003e-02,5.331672728061676025e-02,5.598403140902519226e-02,-3.843890875577926636e-02,-4.270162433385848999e-02,-3.595503792166709900e-02,-1.823406517505645752e-01,4.152593761682510376e-02,-2.049376964569091797e-01,6.378551721572875977e-01,4.444805085659027100e-01,1.482516378164291382e-01,-1.714454442262649536e-01,2.830504179000854492e-01,2.322196662425994873e-01,4.776225388050079346e-01,1.818446367979049683e-01,3.621160387992858887e-01,1.010829806327819824e-01,3.507913649082183838e-01,2.307556271553039551e-01,2.658164501190185547e-01,1.778754740953445435e-01,1.946142315864562988e-01,1.701132357120513916e-01,1.801138818264007568e-01,7.184864580631256104e-02,2.116107493638992310e-01,1.891316622495651245e-01,1.136448159813880920e-01,1.502377688884735107e-01,1.041202321648597717e-01,8.988229185342788696e-02,2.228356152772903442e-01,2.556029856204986572e-01,2.733096107840538025e-02,3.358135372400283813e-02,-8.478181809186935425e-02,-5.306337773799896240e-02,-3.838730230927467346e-02,1.171450093388557434e-01,8.942455798387527466e-02,2.198687791824340820e-01
-2.051830291748046875e-01,-1.374387592077255249e-01,-1.322496309876441956e-02,-1.263568997383117676e-01,5.377134084701538086e-01,5.467022657394409180e-01,-7.010100036859512329e-02,-9.443409740924835205e-02,6.015745401382446289e-01,1.000000000000000000e+00,2.479355782270431519e-02,-2.239674925804138184e-01,3.803897649049758911e-02,-3.950067982077598572e-02,4.507438838481903076e-01,6.426630616188049316e-01,2.383137866854667664e-02,-2.277680337429046631e-01,-9.996078908443450928e-02,-1.098038852214813232e-01,2.386904060840606689e-01,2.983264327049255371e-01,-8.219377696514129639e-02,-6.122920289635658264e-02,5.773863792419433594e-01,3.887329697608947754e-01,3.155346214771270752e-01,3.353247642517089844e-01,7.938981056213378906e-02,5.868826061487197876e-02,1.502705663442611694e-01,7.400059700012207031e-02,-1.914026141166687012e-01,-1.946998536586761475e-01,-2.594366073608398438e-01,-2.073501348495483398e-01,7.497306168079376221e-02,3.463450819253921509e-02,2.480981051921844482e-01,1.519474089145660400e-01,1.435472071170806885e-01,4.033164307475090027e-02,-1.581946015357971191e-01,-2.655279934406280518e-01,-1.635697335004806519e-01,-2.316013872623443604e-01,-3.250566544011235237e-03,-1.073093116283416748e-01,-2.319443672895431519e-01,-3.031625449657440186e-01,-2.852595150470733643e-01,-3.244835436344146729e-01,1.553780212998390198e-02,-1.114785373210906982e-01,1.568062752485275269e-01,1.452428847551345825e-01,-4.453132301568984985e-02,-5.335892364382743835e-02,-1.399325430393218994e-01,-1.391236335039138794e-01,-1.400444507598876953e-01,-1.647017449140548706e-01,-1.602920442819595337e-01,-1.674394905567169189e-01,-1.659837067127227783e-01,-2.579304873943328857e-01,-2.171783596277236938e-01,-2.269425094127655029e-01,-1.514698266983032227e-01,-1.826535463333129883e-01,1.007120460271835327e-01,1.198192387819290161e-01,5.611301213502883911e-02,5.591510608792304993e-02,3.460609167814254761e-02,1.670048013329505920e-02,8.902158588171005249e-02,5.680283531546592712e-02,4.624890163540840149e-02,-1.433701217174530029e-01,-2.643115259706974030e-02,-1.745671033859252930e-01,3.080267012119293213e-01,4.333551824092864990e-01,7.381865382194519043e-02,-1.819194406270980835e-01,3.015329502522945404e-02,2.567189037799835205e-01,2.452831119298934937e-01,2.083281576633453369e-01,1.873972415924072266e-01,1.198381558060646057e-01,1.911201626062393188e-01,1.173212975263595581e-01,2.116828560829162598e-01,1.476818770170211792e-01,1.594339907169342041e-01,1.619883924722671509e-01,1.259917914867401123e-01,1.254643350839614868e-01,9.857410937547683716e-02,1.080727577209472656e-02,-4.629032313823699951e-02,-7.671546190977096558e-03,-5.752120632678270340e-03,5.749553814530372620e-02,1.270179450511932373e-01,1.437701135873794556e-01,5.072905868291854858e-02,8.508349210023880005e-02,1.723312959074974060e-02,9.405128657817840576e-02,4.359913989901542664e-02,1.704689562320709229e-01,1.114032641053199768e-01,2.069875150918960571e-01
2.389634996652603149e-01,-4.481041803956031799e-02,3.558436632156372070e-01,2.783480882644653320e-01,1.464223265647888184e-01,8.715135604143142700e-02,6.113885045051574707e-01,4.161828160285949707e-01,9.097640216350555420e-02,2.479355782270431519e-02,1.000000000000000000e+00,4.899367988109588623e-01,6.314800381660461426e-01,5.053177475929260254e-01,2.278912812471389771e-01,2.444356977939605713e-01,7.386453151702880859e-01,4.612759649753570557e-01,-9.184062480926513672e-02,-1.507780104875564575e-01,3.808411061763763428e-01,3.726795613765716553e-01,4.323602616786956787e-01,3.381947875022888184e-01,1.721715778112411499e-01,1.283520162105560303e-01,1.443468928337097168e-01,1.302900761365890503e-01,6.588561534881591797e-01,6.056100726127624512e-01,5.146436095237731934e-01,5.257844924926757812e-01,2.255121991038322449e-02,3.580309078097343445e-02,-2.774920873343944550e-02,-8.453927934169769287e-03,4.906609356403350830e-01,3.987348079681396484e-01,4.065232872962951660e-01,3.846973478794097900e-01,1.886477023363113403e-01,2.103703469038009644e-01,8.720774948596954346e-02,8.813808113336563110e-02,-5.706751719117164612e-02,-5.314433947205543518e-02,3.444620668888092041e-01,2.984994947910308838e-01,-3.752111271023750305e-02,-9.141535311937332153e-02,1.150490939617156982e-01,-8.621495217084884644e-02,4.404040277004241943e-01,2.010237425565719604e-01,5.436996817588806152e-01,4.577119052410125732e-01,1.389711499214172363e-01,-1.108209788799285889e-01,-1.812383979558944702e-01,-2.500136792659759521e-01,-8.895520120859146118e-02,-1.930235028266906738e-01,2.925138175487518311e-01,-2.701025642454624176e-02,3.743455559015274048e-02,-1.900016367435455322e-01,-1.721620559692382812e-01,-1.943878680467605591e-01,-2.243547290563583374e-01,-2.368673235177993774e-01,6.250880360603332520e-01,5.652583837509155273e-01,5.723024010658264160e-01,5.642343163490295410e-01,4.648833572864532471e-01,4.438641071319580078e-01,5.122894048690795898e-01,4.895225763320922852e-01,5.653030872344970703e-01,4.124539196491241455e-01,6.683587431907653809e-01,4.080129563808441162e-01,2.344546765089035034e-01,2.478093802928924561e-01,5.985412001609802246e-01,3.131577968597412109e-01,5.160976573824882507e-02,4.168751463294029236e-02,4.996830523014068604e-01,4.332502484321594238e-01,3.676969408988952637e-01,2.249109745025634766e-01,2.267819195985794067e-01,1.743162721395492554e-01,4.722264409065246582e-01,4.685211479663848877e-01,5.593532323837280273e-01,4.965932667255401611e-01,4.579301476478576660e-01,3.830721676349639893e-01,2.834582924842834473e-01,1.699043214321136475e-01,2.503069937229156494e-01,2.549644708633422852e-01,2.668421864509582520e-01,2.581146061420440674e-01,3.093194067478179932e-01,3.420569002628326416e-01,3.563200235366821289e-01,4.949419796466827393e-01,4.056620597839355469e-01,3.495564758777618408e-01,3.172223567962646484e-01,3.143461048603057861e-01,3.208397030830383301e-01,2.332267314195632935e-01
3.597676455974578857e-01,1.832720786333084106e-01,1.868524998426437378e-01,2.358752936124801636e-01,-1.836098581552505493e-01,-1.405096054077148438e-01,4.557436704635620117e-01,4.680456519126892090e-01,-2.662352919578552246e-01,-2.239674925804138184e-01,4.899367988109588623e-01,1.000000000000000000e+00,2.879463732242584229e-01,5.453918576240539551e-01,-1.663489490747451782e-01,-1.135960742831230164e-01,4.732918143272399902e-01,6.562440395355224609e-01,1.192969232797622681e-01,8.925187587738037109e-02,8.072043210268020630e-02,5.562284030020236969e-03,2.816439568996429443e-01,2.197366952896118164e-01,-1.408962607383728027e-01,-3.704454377293586731e-02,-3.183045610785484314e-02,-2.826123312115669250e-02,2.651834785938262939e-01,4.552600979804992676e-01,2.238937020301818848e-01,3.011153936386108398e-01,2.869852781295776367e-01,2.952591776847839355e-01,1.782232671976089478e-01,2.196734547615051270e-01,1.565223783254623413e-01,2.377632707357406616e-01,1.100935600697994232e-02,1.569541096687316895e-01,-2.132160961627960205e-02,1.424096226692199707e-01,1.558805406093597412e-01,2.234275937080383301e-01,-5.761791020631790161e-02,2.941613830626010895e-02,2.068477272987365723e-01,2.828518450260162354e-01,2.323855459690093994e-02,4.635145515203475952e-02,1.766603440046310425e-01,6.865721195936203003e-02,2.281409800052642822e-01,2.052364945411682129e-01,1.296413242816925049e-01,2.510699033737182617e-01,1.486498862504959106e-01,4.989706352353096008e-02,-2.828074432909488678e-02,-8.828795701265335083e-02,-1.201861631125211716e-02,-1.004463657736778259e-01,2.795535624027252197e-01,1.524515450000762939e-01,7.228341698646545410e-02,-6.063229590654373169e-02,1.347171887755393982e-02,5.876750499010086060e-02,3.512937575578689575e-02,4.224963486194610596e-02,3.014888167381286621e-01,2.668531835079193115e-01,2.239274084568023682e-01,3.556505143642425537e-01,1.879070252180099487e-01,3.251686990261077881e-01,2.637958228588104248e-01,3.311641514301300049e-01,4.079083204269409180e-01,4.970185160636901855e-01,3.971492946147918701e-01,6.034982204437255859e-01,-1.375525742769241333e-01,6.259053200483322144e-02,2.752823531627655029e-01,3.886216282844543457e-01,1.263432297855615616e-02,-1.155053032562136650e-03,4.155207797884941101e-02,2.730893194675445557e-01,-2.839325182139873505e-02,4.546556249260902405e-02,-6.363345682621002197e-02,2.565667405724525452e-02,5.425306409597396851e-02,7.813115417957305908e-02,1.412545144557952881e-01,1.597473770380020142e-01,8.896262943744659424e-02,1.302617192268371582e-01,2.679497702047228813e-03,4.715891927480697632e-02,8.221085369586944580e-02,1.130656301975250244e-01,3.790986165404319763e-02,5.018842592835426331e-02,1.023438852280378342e-02,1.005532369017601013e-01,9.865757077932357788e-02,1.768254637718200684e-01,2.903512716293334961e-01,1.909443736076354980e-01,5.081711336970329285e-02,-1.974407583475112915e-02,4.776907712221145630e-02,-4.154529422521591187e-02
7.209618389606475830e-02,-1.337716877460479736e-01,5.129754543304443359e-01,4.383103549480438232e-01,2.242051064968109131e-01,1.180571541190147400e-01,6.325389146804809570e-01,4.204565584659576416e-01,1.790329664945602417e-01,3.803897649049758911e-02,6.314800381660461426e-01,2.879463732242584229e-01,1.000000000000000000e+00,5.877971649169921875e-01,3.357999920845031738e-01,2.930886745452880859e-01,5.075573921203613281e-01,2.115136981010437012e-01,-1.376175284385681152e-01,-2.048348039388656616e-01,4.590007662773132324e-01,4.694711565971374512e-01,5.746123790740966797e-01,5.301716327667236328e-01,2.733288705348968506e-01,3.393395543098449707e-01,1.411541551351547241e-01,1.352785825729370117e-01,7.136755585670471191e-01,5.800581574440002441e-01,6.719813942909240723e-01,6.856329441070556641e-01,-1.205642744898796082e-01,-1.077972874045372009e-01,-1.900499016046524048e-01,-1.828950196504592896e-01,3.435011506080627441e-01,3.056255578994750977e-01,3.686338961124420166e-01,3.235926926136016846e-01,2.566214203834533691e-01,2.026590108871459961e-01,-2.328678406774997711e-02,-6.397747248411178589e-02,-1.132991835474967957e-01,-1.551361382007598877e-01,1.437871754169464111e-01,2.141183614730834961e-02,-1.377636790275573730e-01,-1.884194612503051758e-01,-4.919584095478057861e-02,-1.778353303670883179e-01,2.475725561380386353e-01,-4.361858591437339783e-02,5.486642718315124512e-01,3.916258513927459717e-01,-6.998019758611917496e-03,-1.213472262024879456e-01,-1.483260095119476318e-01,-2.012665420770645142e-01,-1.374671906232833862e-01,-1.891463249921798706e-01,9.391764551401138306e-02,-1.189673840999603271e-01,-6.719243526458740234e-02,-2.265958040952682495e-01,-2.081447392702102661e-01,-2.587522864341735840e-01,-2.680862545967102051e-01,-3.052770197391510010e-01,6.391196846961975098e-01,5.770540237426757812e-01,6.333722472190856934e-01,5.398281812667846680e-01,5.586208105087280273e-01,4.781166017055511475e-01,3.268815577030181885e-01,3.245689570903778076e-01,3.064350783824920654e-01,1.297913938760757446e-01,5.411712527275085449e-01,2.712388336658477783e-01,3.726084232330322266e-01,2.311018258333206177e-01,4.499706327915191650e-01,5.424372479319572449e-02,7.418521493673324585e-02,3.881064802408218384e-02,4.930108487606048584e-01,3.183387815952301025e-01,5.205304622650146484e-01,4.366778135299682617e-01,4.228784143924713135e-01,3.570601940155029297e-01,3.903214037418365479e-01,3.374722599983215332e-01,4.599994719028472900e-01,4.207744598388671875e-01,5.245997905731201172e-01,4.863749444484710693e-01,3.647606372833251953e-01,2.043993026018142700e-01,2.526572942733764648e-01,2.222146689891815186e-01,1.874499022960662842e-01,1.420559883117675781e-01,3.365876674652099609e-01,3.606814742088317871e-01,1.806105673313140869e-01,3.776251971721649170e-01,2.530539333820343018e-01,3.837510049343109131e-01,3.625779449939727783e-01,2.716387510299682617e-01,2.138221114873886108e-01,1.079138293862342834e-01
