1.000000000000000000e+00,4.878588914871215820e-01,2.755182981491088867e-01,3.615188002586364746e-01,-7.100265473127365112e-02,-6.144559383392333984e-02,3.964778184890747070e-01,3.841780424118041992e-01,-7.831285893917083740e-02,-2.124546840786933899e-02,2.682142555713653564e-01,2.460223138332366943e-01,2.353546619415283203e-01,1.266115307807922363e-01,-1.064581498503684998e-01,-6.763955578207969666e-03,2.186542600393295288e-01,3.223513364791870117e-01,4.879480600357055664e-01,4.789278209209442139e-01,-2.497907727956771851e-02,-6.624919921159744263e-02,7.104376703500747681e-02,6.544638425111770630e-02,-1.491016298532485962e-01,-1.131911277770996094e-01,-1.268512010574340820e-01,-8.928707242012023926e-02,7.561987638473510742e-02,1.262914091348648071e-01,-7.013777643442153931e-02,1.423036493360996246e-02,2.272537946701049805e-01,2.386700063943862915e-01,-3.536644950509071350e-02,-7.813333068042993546e-04,-9.194135665893554688e-03,-3.217953443527221680e-02,1.337760835886001587e-01,2.474041469395160675e-02,3.778766095638275146e-02,1.210306212306022644e-01,1.360368728637695312e-02,8.471950143575668335e-02,-1.166121661663055420e-02,7.875789701938629150e-02,2.981341630220413208e-02,4.826977849006652832e-02,-1.306043937802314758e-02,4.773321375250816345e-02,-5.221995338797569275e-02,-3.252166556194424629e-03,-9.566524997353553772e-03,-8.371001482009887695e-02,2.995606698095798492e-02,9.374392777681350708e-02,5.571987628936767578e-01,3.300010263919830322e-01,1.639408469200134277e-01,2.416815757751464844e-01,1.094273403286933899e-01,1.660347282886505127e-01,1.256217956542968750e-01,2.134260833263397217e-01,-4.856858029961585999e-02,1.383924186229705811e-01,1.120878290385007858e-02,6.404868513345718384e-02,2.985726296901702881e-01,2.541089951992034912e-01,7.678245753049850464e-02,1.448868066072463989e-01,1.272260546684265137e-01,2.586385309696197510e-01,1.468202173709869385e-01,1.641725152730941772e-01,3.384146988391876221e-01,3.068048357963562012e-01,1.297208368778228760e-01,1.685789823532104492e-01,4.681111127138137817e-02,1.036736369132995605e-01,-1.737845316529273987e-02,-6.124869687482714653e-04,3.357721492648124695e-02,1.427738070487976074e-01,-2.370978938415646553e-03,-4.385134670883417130e-03,-2.898939512670040131e-02,1.568794101476669312e-01,3.874167427420616150e-02,4.755746573209762573e-02,8.006711304187774658e-02,-8.008389174938201904e-02,7.015552371740341187e-03,-5.491011962294578552e-02,7.297396659851074219e-03,3.740994259715080261e-02,1.271219402551651001e-01,2.441607862710952759e-01,1.273611783981323242e-01,-2.862120792269706726e-02,1.460314393043518066e-01,3.259643167257308960e-02,1.238756179809570312e-01,4.770719632506370544e-02,-1.767489872872829437e-02,5.978075042366981506e-02,3.795535489916801453e-02,-2.958472119644284248e-03,9.718625247478485107e-02,1.835901588201522827e-01,1.178606972098350525e-01,3.257345855236053467e-01,1.197299137711524963e-01,-3.697434067726135254e-02
4.878588914871215820e-01,1.000000000000000000e+00,1.165383234620094299e-01,3.834504485130310059e-01,1.100319549441337585e-01,1.894336789846420288e-01,1.106999740004539490e-01,3.077717721462249756e-01,1.039117351174354553e-01,2.304534018039703369e-01,1.076607331633567810e-01,3.241893351078033447e-01,8.558084256947040558e-03,1.902743428945541382e-01,-1.505234744399785995e-02,1.843809485435485840e-01,1.654231399297714233e-01,4.061836898326873779e-01,4.140390753746032715e-01,4.795734286308288574e-01,8.555766940116882324e-02,7.140925526618957520e-02,1.908130496740341187e-01,2.297813147306442261e-01,6.605812162160873413e-02,1.548879146575927734e-01,1.069260016083717346e-01,1.510695368051528931e-01,5.943457363173365593e-04,1.569716930389404297e-01,1.198932826519012451e-01,2.378788143396377563e-01,1.045754551887512207e-01,2.190905511379241943e-01,1.604143977165222168e-01,1.453295648097991943e-01,1.038478389382362366e-01,-3.792361170053482056e-02,6.374979019165039062e-02,1.207922175526618958e-01,1.638107374310493469e-02,5.656920000910758972e-02,-3.390918299555778503e-02,4.315288737416267395e-02,3.794506564736366272e-02,1.288312375545501709e-01,5.146015435457229614e-02,9.298785775899887085e-02,6.763163208961486816e-02,1.543252915143966675e-01,-1.402209163643419743e-03,7.251942157745361328e-02,1.077978536486625671e-01,-2.427776344120502472e-02,7.872968912124633789e-02,1.639946252107620239e-01,5.393068194389343262e-01,6.428168416023254395e-01,-4.132092744112014771e-02,3.243785500526428223e-01,1.303243730217218399e-02,3.913312852382659912e-01,-8.047735691070556641e-02,1.822698563337326050e-01,3.964957222342491150e-02,3.276025354862213135e-01,5.274473503232002258e-02,9.639384597539901733e-02,3.441679179668426514e-01,4.379161894321441650e-01,1.345902681350708008e-01,2.454715371131896973e-01,1.221174225211143494e-01,2.401830106973648071e-01,1.076360642910003662e-01,1.682251691818237305e-01,2.250993698835372925e-01,2.493161559104919434e-01,1.408570408821105957e-01,1.749120950698852539e-01,-3.952532634139060974e-02,2.744438648223876953e-01,-1.506102271378040314e-02,2.904839813709259033e-02,1.584385149180889130e-02,2.508667409420013428e-01,2.428243868052959442e-02,1.263254880905151367e-01,1.436668913811445236e-02,2.946679890155792236e-01,1.032421067357063293e-01,6.366042047739028931e-02,1.852396130561828613e-01,-4.954328387975692749e-02,7.035823911428451538e-02,2.429594658315181732e-02,1.893620342016220093e-01,1.704728305339813232e-01,2.868925034999847412e-01,3.130269646644592285e-01,1.136368066072463989e-01,-6.250838935375213623e-02,6.285996735095977783e-02,2.866249158978462219e-02,6.173284724354743958e-02,5.857131257653236389e-02,-7.743570953607559204e-02,-3.919206932187080383e-02,8.300124853849411011e-02,1.390258669853210449e-01,1.973134577274322510e-01,2.189029157161712646e-01,1.071282327175140381e-01,2.325605452060699463e-01,7.531622052192687988e-02,6.435994058847427368e-02
2.755182981491088867e-01,1.165383234620094299e-01,1.000000000000000000e+00,5.641104578971862793e-01,-9.786559641361236572e-02,-1.618897169828414917e-01,6.176372170448303223e-01,3.931293487548828125e-01,-1.024604663252830505e-01,-1.780147999525070190e-01,1.853255629539489746e-01,2.655599825084209442e-02,1.967221796512603760e-01,9.535118006169795990e-03,1.485668960958719254e-02,-1.197435799986124039e-02,2.214392274618148804e-01,1.498412638902664185e-01,4.740588366985321045e-01,3.574846088886260986e-01,1.308063268661499023e-01,2.908226475119590759e-02,5.733978748321533203e-01,4.298631846904754639e-01,-1.039490476250648499e-02,-4.259225726127624512e-02,-1.526344567537307739e-01,-2.097630798816680908e-01,1.485489308834075928e-01,1.710679233074188232e-01,3.208331763744354248e-01,3.562197983264923096e-01,3.779740333557128906e-01,3.130508661270141602e-01,1.761216223239898682e-01,2.409547381103038788e-02,-1.553364843130111694e-02,-6.893798708915710449e-02,1.404943764209747314e-01,2.192714810371398926e-02,-6.090625748038291931e-02,-2.949128113687038422e-02,2.111474983394145966e-02,4.403104260563850403e-02,-1.067668348550796509e-01,-8.077546954154968262e-02,-5.334402620792388916e-02,3.137366473674774170e-02,-1.628983765840530396e-01,-9.059745818376541138e-02,-1.984579265117645264e-01,-1.059301495552062988e-01,-4.895924124866724014e-03,-2.303428761661052704e-02,-6.740821897983551025e-02,-2.481222525238990784e-02,6.819469481706619263e-02,-2.965067978948354721e-03,5.330700054764747620e-02,2.546605188399553299e-03,2.812515478581190109e-03,1.223113015294075012e-01,1.445446014404296875e-01,2.468624114990234375e-01,2.381697595119476318e-01,1.616696119308471680e-01,2.549248933792114258e-01,1.670706719160079956e-01,2.181030958890914917e-01,1.590434312820434570e-01,2.680177092552185059e-01,2.915827035903930664e-01,2.640064656734466553e-01,1.620769947767257690e-01,2.305992394685745239e-01,1.437072455883026123e-01,3.672308325767517090e-01,3.029883205890655518e-01,1.951422542333602905e-01,1.685905754566192627e-01,1.377030909061431885e-01,2.325614690780639648e-01,7.471181452274322510e-02,1.122878417372703552e-01,2.871902585029602051e-01,2.500601708889007568e-01,1.325421780347824097e-01,1.764212697744369507e-01,9.958867728710174561e-02,6.921880692243576050e-02,9.738821536302566528e-02,2.076590806245803833e-01,1.078012287616729736e-01,1.275569796562194824e-01,3.516244143247604370e-02,3.128531575202941895e-02,5.272543057799339294e-02,5.158560723066329956e-02,7.083596196025609970e-03,1.572705209255218506e-01,2.306585311889648438e-01,1.157180443406105042e-01,2.579921483993530273e-01,7.415336370468139648e-02,8.238581568002700806e-02,-1.925735734403133392e-02,1.204934790730476379e-01,2.216568291187286377e-01,7.661348581314086914e-02,3.941020369529724121e-02,5.071733519434928894e-02,5.633099004626274109e-02,1.355950832366943359e-01,6.993912905454635620e-02,1.443297835066914558e-03,5.002906545996665955e-02
3.615188002586364746e-01,3.834504485130310059e-01,5.641104578971862793e-01,1.000000000000000000e+00,-1.107359379529953003e-01,2.256351336836814880e-02,4.738826453685760498e-01,6.130152940750122070e-01,-1.000172346830368042e-01,3.888896107673645020e-02,7.163055986166000366e-02,1.724039614200592041e-01,5.500648915767669678e-02,1.728456765413284302e-01,-1.217633634805679321e-01,1.429073959589004517e-01,1.712871640920639038e-01,2.298262715339660645e-01,4.377450048923492432e-01,4.531832337379455566e-01,6.685975939035415649e-02,-1.514895260334014893e-02,4.718039929866790771e-01,5.129463672637939453e-01,-5.288123711943626404e-02,3.307947143912315369e-02,-1.563329696655273438e-01,-1.241588145494461060e-01,8.055014163255691528e-02,2.176405489444732666e-01,2.543308138847351074e-01,4.127785861492156982e-01,2.608822286128997803e-01,3.636335432529449463e-01,2.787724137306213379e-01,1.804059296846389771e-01,3.110981360077857971e-02,-1.360634565353393555e-01,8.066386729478836060e-02,7.193923741579055786e-02,-1.252890676259994507e-01,-6.299507617950439453e-02,-1.644809693098068237e-01,-5.569134280085563660e-02,-2.252885550260543823e-01,-1.683307886123657227e-01,-1.139832064509391785e-01,-1.358885085210204124e-03,-2.393772453069686890e-01,-1.587768644094467163e-01,-1.817862242460250854e-01,-1.425838172435760498e-01,5.253252387046813965e-02,-7.320002466440200806e-02,4.932487383484840393e-03,7.903298735618591309e-02,2.417352348566055298e-01,1.875472366809844971e-01,-3.001531399786472321e-02,2.073465287685394287e-01,3.079990483820438385e-02,4.274754226207733154e-01,-4.616684466600418091e-02,2.534052133560180664e-01,2.519516944885253906e-01,4.457580149173736572e-01,2.406329363584518433e-01,2.412323802709579468e-01,2.736012935638427734e-01,2.879521548748016357e-01,1.655112057924270630e-01,2.273966819047927856e-01,1.214718297123908997e-01,1.808357238769531250e-01,1.920596361160278320e-01,1.257521212100982666e-01,3.230775892734527588e-01,2.704724371433258057e-01,2.297144532203674316e-01,1.415537893772125244e-01,8.219232549890875816e-04,3.036895096302032471e-01,3.394068405032157898e-02,9.952178597450256348e-02,1.398230940103530884e-01,3.485687375068664551e-01,9.409548342227935791e-02,2.374382764101028442e-01,-5.751925706863403320e-02,3.271111547946929932e-01,1.559665203094482422e-01,1.358292400836944580e-01,2.556551098823547363e-01,2.927886508405208588e-02,3.258642926812171936e-02,5.001221224665641785e-02,1.188625842332839966e-01,1.312496364116668701e-01,2.048303037881851196e-01,1.870770305395126343e-01,3.870368897914886475e-01,1.600264944136142731e-02,3.822519481182098389e-01,4.856100305914878845e-02,1.464512795209884644e-01,2.420541271567344666e-02,1.191866695880889893e-01,1.447730064392089844e-01,6.521409749984741211e-02,3.796268627047538757e-02,1.798116266727447510e-01,1.142268553376197815e-01,6.916533410549163818e-02,1.157373487949371338e-01,2.778804302215576172e-02,1.072845458984375000e-01
-7.100265473127365112e-02,1.100319549441337585e-01,-9.786559641361236572e-02,-1.107359379529953003e-01,1.000000000000000000e+00,6.885769963264465332e-01,-2.932133078575134277e-01,-2.916313409805297852e-01,7.675526142120361328e-01,6.232329607009887695e-01,1.090608611702919006e-01,4.983070492744445801e-02,2.058229595422744751e-02,-4.083758592605590820e-02,6.440768837928771973e-01,4.133425951004028320e-01,7.406297326087951660e-02,1.174221634864807129e-01,2.867493592202663422e-02,-2.727833949029445648e-02,4.953228682279586792e-02,2.767524421215057373e-01,6.585621833801269531e-02,4.152191057801246643e-02,4.020019173622131348e-01,3.546765446662902832e-01,7.142696380615234375e-01,6.954048275947570801e-01,1.066746786236763000e-01,1.302312500774860382e-02,7.408320903778076172e-02,6.398259103298187256e-02,7.548207789659500122e-02,-3.368645906448364258e-02,4.070344567298889160e-02,1.253331303596496582e-01,3.695329651236534119e-02,-3.128424286842346191e-02,-4.657400771975517273e-02,1.285794973373413086e-01,6.133312359452247620e-03,-7.745378464460372925e-02,-1.046575233340263367e-02,-9.685214608907699585e-02,1.553469300270080566e-01,1.232717037200927734e-01,1.478777383454144001e-03,-5.027184635400772095e-02,8.149536699056625366e-02,1.495274454355239868e-01,-1.415655203163623810e-02,-2.810944058001041412e-02,4.189310129731893539e-03,-5.672001279890537262e-03,1.712442785501480103e-01,7.491601258516311646e-02,1.070256158709526062e-01,2.437897771596908569e-01,8.733578771352767944e-02,5.343586578965187073e-02,1.468532383441925049e-01,3.560936450958251953e-02,1.816005855798721313e-01,1.152222678065299988e-01,-2.681776182726025581e-03,-5.875637754797935486e-02,9.856551885604858398e-02,7.434433698654174805e-02,-1.065999269485473633e-02,2.442295402288436890e-01,1.224575191736221313e-01,1.189458966255187988e-01,3.747631236910820007e-02,-6.009249016642570496e-02,6.495682895183563232e-02,6.413336843252182007e-02,-1.472623944282531738e-01,-1.338637918233871460e-01,-1.121271401643753052e-01,-2.620199928060173988e-03,2.653169035911560059e-01,3.800129145383834839e-02,4.199051856994628906e-02,1.109608709812164307e-01,1.587062031030654907e-01,-1.583363488316535950e-02,4.094289243221282959e-01,1.700913161039352417e-01,3.795251548290252686e-01,1.277959090657532215e-03,1.694670319557189941e-01,1.706045717000961304e-01,7.022557407617568970e-02,1.520180404186248779e-01,1.725683175027370453e-02,1.160844564437866211e-01,1.485786885023117065e-01,1.799464821815490723e-01,2.392586916685104370e-01,2.869225442409515381e-01,-1.089397892355918884e-01,9.132315218448638916e-02,-1.860061287879943848e-01,-1.849441602826118469e-02,1.535069476813077927e-02,1.316010355949401855e-01,-6.975341588258743286e-02,-2.249738723039627075e-01,8.856561034917831421e-02,1.026524305343627930e-01,1.247269064188003540e-01,2.868262827396392822e-01,-2.302956394851207733e-02,-5.542952194809913635e-02,4.851998016238212585e-02,2.911043725907802582e-02
-6.144559383392333984e-02,1.894336789846420288e-01,-1.618897169828414917e-01,2.256351336836814880e-02,6.885769963264465332e-01,1.000000000000000000e+00,-3.055047094821929932e-01,-1.808849275112152100e-01,6.755175590515136719e-01,7.166201472282409668e-01,4.270057007670402527e-02,8.599215000867843628e-02,-1.030988916754722595e-01,-4.921885579824447632e-02,5.343379974365234375e-01,4.255021512508392334e-01,-1.134655065834522247e-02,6.607630103826522827e-02,3.992462158203125000e-02,5.615744739770889282e-02,-5.399272311478853226e-03,2.422592937946319580e-01,7.526958733797073364e-02,9.904466569423675537e-02,3.543144464492797852e-01,3.836068212985992432e-01,6.990931630134582520e-01,7.270330190658569336e-01,6.914177536964416504e-02,1.037567108869552612e-02,1.456693932414054871e-02,5.244169011712074280e-02,6.906672567129135132e-02,4.777151346206665039e-02,1.168678924441337585e-01,1.840147972106933594e-01,1.100519001483917236e-01,-1.466547697782516479e-01,3.215279430150985718e-02,5.505395680665969849e-02,3.081854432821273804e-02,-1.277883201837539673e-01,-8.251597732305526733e-02,-1.498652249574661255e-01,5.236100777983665466e-02,3.460077568888664246e-02,-8.228028565645217896e-02,-7.418180257081985474e-02,4.666929319500923157e-02,4.858097806572914124e-02,-4.642574861645698547e-02,-9.840411692857742310e-02,-4.643391445279121399e-02,-1.237062439322471619e-01,1.592781692743301392e-01,5.482282862067222595e-02,7.524243742227554321e-02,2.834146320819854736e-01,1.602278463542461395e-02,1.774142831563949585e-01,9.767740219831466675e-02,1.896858960390090942e-01,-1.475483272224664688e-02,6.555720418691635132e-02,-2.873010933399200439e-02,9.772291779518127441e-02,8.539220690727233887e-02,1.210920736193656921e-01,-2.526856958866119385e-02,2.590825557708740234e-01,7.309804856777191162e-02,5.019869655370712280e-02,1.502942387014627457e-02,-1.817839965224266052e-02,4.873898252844810486e-02,3.199175372719764709e-02,-1.075717210769653320e-01,-1.042354032397270203e-01,-1.113987863063812256e-01,-2.904720045626163483e-02,1.470732986927032471e-01,-1.164050865918397903e-02,8.623332530260086060e-02,6.400281190872192383e-02,7.521916180849075317e-02,4.894227720797061920e-03,3.556530475616455078e-01,1.298827528953552246e-01,2.394091039896011353e-01,1.131411641836166382e-01,1.570902764797210693e-01,1.202129125595092773e-01,2.070876806974411011e-01,8.064185082912445068e-02,9.208128787577152252e-03,9.935849905014038086e-02,6.232907623052597046e-02,1.137079149484634399e-01,2.486693859100341797e-01,2.057238966226577759e-01,-4.932053387165069580e-02,1.811055839061737061e-02,-1.366698741912841797e-01,-1.394493430852890015e-01,4.934979602694511414e-02,5.568537488579750061e-02,-7.782740890979766846e-02,-2.938866913318634033e-01,4.883568733930587769e-02,1.161202564835548401e-01,1.087389141321182251e-01,2.229579538106918335e-01,1.091778185218572617e-02,-4.381636902689933777e-02,1.901554502546787262e-02,5.533482134342193604e-02
3.964778184890747070e-01,1.106999740004539490e-01,6.176372170448303223e-01,4.738826453685760498e-01,-2.932133078575134277e-01,-3.055047094821929932e-01,1.000000000000000000e+00,5.444168448448181152e-01,-2.111562639474868774e-01,-2.026409506797790527e-01,3.195753395557403564e-01,1.749992519617080688e-01,4.448060393333435059e-01,1.476583480834960938e-01,-2.109591066837310791e-01,-1.820564121007919312e-01,2.599916756153106689e-01,2.071142345666885376e-01,4.509810805320739746e-01,3.523805737495422363e-01,-5.561562627553939819e-02,-1.017165929079055786e-01,2.365625202655792236e-01,6.463894993066787720e-02,-3.151066005229949951e-01,-2.957352101802825928e-01,-3.614042997360229492e-01,-3.821857273578643799e-01,1.405279636383056641e-01,1.370537728071212769e-01,3.398466855287551880e-02,5.597198382019996643e-02,2.993915379047393799e-01,3.273429870605468750e-01,-7.551345229148864746e-02,-1.263845860958099365e-01,-6.578573584556579590e-02,2.328495029360055923e-03,1.353878527879714966e-01,-4.285775870084762573e-02,-3.555319085717201233e-02,3.650327771902084351e-02,2.437189593911170959e-02,9.468095749616622925e-02,-9.625226259231567383e-02,-4.189404100179672241e-02,-3.657735884189605713e-02,2.817203663289546967e-02,-1.989942640066146851e-01,-9.418787807226181030e-02,-1.451089978218078613e-01,-3.684411197900772095e-02,-7.229493558406829834e-02,-1.611800864338874817e-02,-1.346815973520278931e-01,-3.376843407750129700e-02,6.350028514862060547e-02,2.323101833462715149e-02,1.014099270105361938e-01,1.070161014795303345e-01,1.555721461772918701e-01,2.338878810405731201e-01,2.673732340335845947e-01,3.624070882797241211e-01,9.954256564378738403e-02,1.379947364330291748e-01,9.753014147281646729e-02,7.861859351396560669e-02,1.578939855098724365e-01,6.066129356622695923e-02,1.235830485820770264e-01,1.722756624221801758e-01,2.324572354555130005e-01,3.081403672695159912e-01,1.943526417016983032e-01,1.470357030630111694e-01,3.770405650138854980e-01,3.201591670513153076e-01,1.950128823518753052e-01,1.340167224407196045e-01,1.089765727519989014e-01,1.275298297405242920e-01,-1.230379194021224976e-01,-2.836265601217746735e-02,1.609974913299083710e-02,1.874032169580459595e-01,-7.021484524011611938e-02,2.361886017024517059e-02,-1.815880089998245239e-02,1.096443235874176025e-01,5.173342674970626831e-02,1.387662887573242188e-01,4.911310598254203796e-02,-4.928124137222766876e-03,-8.074368536472320557e-02,-6.927233189344406128e-02,-2.154004201292991638e-02,-6.126140709966421127e-03,-6.891313940286636353e-02,1.497063934803009033e-01,2.227504253387451172e-01,2.000121213495731354e-02,3.104528188705444336e-01,3.976606205105781555e-02,1.052967235445976257e-01,-3.870267421007156372e-02,7.507185637950897217e-02,1.892746537923812866e-01,4.484098404645919800e-02,-1.228995900601148605e-02,5.309129506349563599e-02,4.973376169800758362e-02,1.963863819837570190e-01,1.287453323602676392e-01,3.993253782391548157e-02,-9.360353648662567139e-02
3.841780424118041992e-01,3.077717721462249756e-01,3.931293487548828125e-01,6.130152940750122070e-01,-2.916313409805297852e-01,-1.808849275112152100e-01,5.444168448448181152e-01,1.000000000000000000e+00,-2.686168253421783447e-01,-4.856666922569274902e-02,1.589638143777847290e-01,3.769634366035461426e-01,2.771075367927551270e-01,3.684040009975433350e-01,-3.201955258846282959e-01,-1.850259955972433090e-03,6.244788318872451782e-02,2.175997495651245117e-01,4.653896391391754150e-01,4.772182404994964600e-01,-6.566627323627471924e-02,-1.258412003517150879e-01,1.489923000335693359e-01,1.356883645057678223e-01,-3.326333165168762207e-01,-2.496237903833389282e-01,-3.794166147708892822e-01,-3.209585249423980713e-01,1.956274919211864471e-02,1.979356408119201660e-01,5.652132257819175720e-02,1.623784750699996948e-01,1.776172071695327759e-01,3.425493538379669189e-01,-3.568346425890922546e-02,-1.988300494849681854e-02,-6.275314092636108398e-02,-6.730666011571884155e-02,9.361238032579421997e-02,-2.227956615388393402e-02,-3.607390075922012329e-02,2.466442249715328217e-02,1.368059311062097549e-02,1.313767880201339722e-01,-3.366689011454582214e-02,6.817414611577987671e-02,-2.560518123209476471e-02,7.509174197912216187e-02,-1.082340627908706665e-01,2.668421529233455658e-02,-4.573855549097061157e-02,8.930421620607376099e-02,2.555773220956325531e-02,3.445039689540863037e-02,-3.448102995753288269e-02,5.449779331684112549e-02,1.052702516317367554e-01,1.051584482192993164e-01,5.770460888743400574e-02,3.326218128204345703e-01,1.426685452461242676e-01,4.343398213386535645e-01,4.875073209404945374e-02,3.512439429759979248e-01,-2.704158239066600800e-02,2.840248048305511475e-01,3.003081306815147400e-02,1.237557232379913330e-01,9.097627550363540649e-02,7.930865883827209473e-02,2.631364390254020691e-02,1.150525361299514771e-01,7.705299556255340576e-02,3.477138280868530273e-01,1.828144788742065430e-01,1.354703754186630249e-01,3.560477793216705322e-01,3.013954460620880127e-01,7.227804511785507202e-02,1.015469431877136230e-01,-1.117647737264633179e-01,1.616845726966857910e-01,-8.503094315528869629e-02,-2.518722601234912872e-02,-1.797775775194168091e-01,1.866821050643920898e-01,-6.818101555109024048e-02,7.000427693128585815e-02,-1.835797280073165894e-01,2.872664630413055420e-01,4.379229247570037842e-02,4.135724157094955444e-02,3.397073969244956970e-02,-1.407287567853927612e-01,-1.368593424558639526e-01,-1.045590713620185852e-01,-4.582366719841957092e-02,2.543167397379875183e-02,9.540694952011108398e-02,1.646843552589416504e-01,2.551748156547546387e-01,-7.183716446161270142e-02,2.891476154327392578e-01,-3.816097602248191833e-02,1.023739799857139587e-01,-1.039871200919151306e-01,3.662515431642532349e-02,1.242439225316047668e-01,-2.433194220066070557e-02,-8.156329393386840820e-02,7.749782502651214600e-02,4.873289167881011963e-02,1.876842677593231201e-01,1.502478420734405518e-01,-1.714779250323772430e-02,-3.319020196795463562e-02
-7.831285893917083740e-02,1.039117351174354553e-01,-1.024604663252830505e-01,-1.000172346830368042e-01,7.675526142120361328e-01,6.755175590515136719e-01,-2.111562639474868774e-01,-2.686168253421783447e-01,1.000000000000000000e+00,6.744816303253173828e-01,1.440717726945877075e-01,4.676424339413642883e-02,6.581047177314758301e-02,-4.461991041898727417e-02,6.679862141609191895e-01,3.606373965740203857e-01,2.755137346684932709e-02,8.681385219097137451e-02,1.087772194296121597e-02,-6.197254359722137451e-02,9.061940759420394897e-02,2.441210299730300903e-01,3.822781145572662354e-02,-1.342476252466440201e-02,3.780089020729064941e-01,3.459421396255493164e-01,6.987803578376770020e-01,6.719085574150085449e-01,1.216903999447822571e-01,3.311569616198539734e-02,8.165395259857177734e-02,4.673912376165390015e-02,1.212112307548522949e-01,9.440235793590545654e-03,6.831437814980745316e-03,8.751108497381210327e-02,8.216310292482376099e-02,-4.485908150672912598e-02,-3.381578624248504639e-02,7.135321199893951416e-02,4.092591255903244019e-02,-9.966229647397994995e-02,-1.741002500057220459e-02,-8.934091031551361084e-02,1.324191242456436157e-01,1.121073067188262939e-01,-1.908634789288043976e-02,-7.624240964651107788e-02,4.279380664229393005e-02,1.217831671237945557e-01,-6.036065518856048584e-03,-4.224225878715515137e-02,-9.413918480277061462e-03,-3.624401986598968506e-02,1.227780133485794067e-01,1.710623316466808319e-02,8.985873311758041382e-02,2.382549941539764404e-01,8.305434882640838623e-02,5.834964290261268616e-02,2.326847612857818604e-01,8.106979727745056152e-02,2.027845382690429688e-01,8.928123861551284790e-02,5.796672031283378601e-02,-3.403430338948965073e-03,1.009356528520584106e-01,8.018236607313156128e-02,-2.144274860620498657e-02,2.250535786151885986e-01,1.374430805444717407e-01,1.092780455946922302e-01,3.257170319557189941e-02,5.073397886008024216e-03,8.212063461542129517e-02,9.345752745866775513e-02,-1.106783971190452576e-01,-9.151526540517807007e-02,-9.135098755359649658e-02,-3.212161827832460403e-03,2.348100990056991577e-01,2.975547872483730316e-02,2.655791863799095154e-02,4.163722321391105652e-02,1.446234583854675293e-01,-3.611596301198005676e-02,3.699100017547607422e-01,9.736562520265579224e-02,4.187152087688446045e-01,-1.734168082475662231e-02,1.375501751899719238e-01,1.605891734361648560e-01,8.313179016113281250e-02,1.312298029661178589e-01,-1.832242240197956562e-03,1.177280619740486145e-01,1.205360963940620422e-01,1.297075301408767700e-01,1.608223915100097656e-01,2.646282315254211426e-01,-6.953988224267959595e-02,1.092931628227233887e-01,-1.458968818187713623e-01,-4.770508036017417908e-02,3.104694187641143799e-02,1.459813416004180908e-01,-5.567290261387825012e-02,-2.477041482925415039e-01,7.219104468822479248e-02,1.297134906053543091e-01,4.090226814150810242e-02,2.341842502355575562e-01,1.326292194426059723e-02,-3.078914992511272430e-02,6.818261742591857910e-02,-1.403406169265508652e-02
-2.124546840786933899e-02,2.304534018039703369e-01,-1.780147999525070190e-01,3.888896107673645020e-02,6.232329607009887695e-01,7.166201472282409668e-01,-2.026409506797790527e-01,-4.856666922569274902e-02,6.744816303253173828e-01,1.000000000000000000e+00,9.615056961774826050e-02,1.635199487209320068e-01,4.741366207599639893e-02,1.019630879163742065e-01,4.744615256786346436e-01,4.471273720264434814e-01,-6.391886621713638306e-02,9.655193239450454712e-02,9.470221400260925293e-02,4.744532331824302673e-02,-4.133681207895278931e-02,2.558183968067169189e-01,-7.102960254997014999e-03,-1.925943046808242798e-02,3.001882135868072510e-01,3.306144773960113525e-01,5.826509594917297363e-01,6.187135577201843262e-01,6.268846243619918823e-02,7.608181238174438477e-02,-7.122748065739870071e-03,3.269648924469947815e-02,3.271335503086447716e-03,4.412742331624031067e-02,2.640709280967712402e-03,1.148005500435829163e-01,7.862574607133865356e-02,-5.748719722032546997e-02,-6.852859258651733398e-02,6.878441199660301208e-03,6.718566268682479858e-02,-1.049625650048255920e-01,-6.239382922649383545e-02,-1.378902196884155273e-01,1.120365709066390991e-01,9.048414230346679688e-02,-1.009350717067718506e-01,-8.422521501779556274e-02,2.406819351017475128e-02,1.213980764150619507e-01,-4.567022994160652161e-02,-2.009364031255245209e-02,-8.888480812311172485e-02,-1.059538945555686951e-01,7.914531975984573364e-02,7.649207022041082382e-03,3.359840065240859985e-02,3.149353265762329102e-01,-3.176818415522575378e-02,2.423495799303054810e-01,1.572641581296920776e-01,3.226358294486999512e-01,-5.293205752968788147e-02,9.672560542821884155e-02,-5.614209920167922974e-02,1.773306727409362793e-01,4.504930973052978516e-02,7.392720133066177368e-02,-5.889572948217391968e-02,2.393563836812973022e-01,8.389782905578613281e-02,1.272299140691757202e-01,-2.991642616689205170e-02,7.371895015239715576e-02,3.585968166589736938e-02,1.286033689975738525e-01,-6.123126670718193054e-02,-3.404244408011436462e-02,-1.446244269609451294e-01,-2.137641422450542450e-02,6.168623641133308411e-02,7.959442585706710815e-02,-1.467316597700119019e-02,8.202069438993930817e-03,-7.766588032245635986e-02,1.117945369333028793e-02,2.652817070484161377e-01,6.761222332715988159e-02,1.564721316099166870e-01,1.271699219942092896e-01,1.109825819730758667e-01,1.648437529802322388e-01,1.523877531290054321e-01,5.276760831475257874e-02,-1.781358756124973297e-02,9.424740821123123169e-02,6.016306206583976746e-02,1.083811596035957336e-01,2.035253643989562988e-01,2.272097319364547729e-01,-3.351240232586860657e-02,-3.870186954736709595e-02,-9.095671027898788452e-02,-1.815090030431747437e-01,8.508726954460144043e-02,3.189148008823394775e-02,-6.002442166209220886e-02,-2.902019321918487549e-01,3.017535898834466934e-03,1.433699131011962891e-01,1.077174022793769836e-01,2.528315484523773193e-01,4.597777873277664185e-02,-3.068122453987598419e-02,7.556148618459701538e-02,2.296531759202480316e-02
2.682142555713653564e-01,1.076607331633567810e-01,1.853255629539489746e-01,7.163055986166000366e-02,1.090608611702919006e-01,4.270057007670402527e-02,3.195753395557403564e-01,1.589638143777847290e-01,1.440717726945877075e-01,9.615056961774826050e-02,1.000000000000000000e+00,3.995073139667510986e-01,4.763332605361938477e-01,1.627611517906188965e-01,1.836607754230499268e-01,5.322823300957679749e-02,4.270118474960327148e-01,3.421021401882171631e-01,4.206405282020568848e-01,3.535569310188293457e-01,-3.972580283880233765e-02,1.365540735423564911e-02,1.145868748426437378e-02,-5.018320307135581970e-02,-4.946312308311462402e-02,-1.023752167820930481e-01,2.284306287765502930e-02,6.502157339127734303e-05,4.899808168411254883e-01,3.547573089599609375e-01,-3.057565540075302124e-02,-5.773891881108283997e-02,3.148553073406219482e-01,2.623811364173889160e-01,-1.652249097824096680e-01,-8.374854177236557007e-02,-7.832940667867660522e-02,5.891766631975769997e-04,-1.798915211111307144e-03,-5.418269708752632141e-02,-1.349509879946708679e-02,1.437742169946432114e-02,-3.010177053511142731e-03,3.921202197670936584e-02,5.930344015359878540e-02,2.747637219727039337e-02,-3.408157452940940857e-02,1.016479451209306717e-02,-1.034009903669357300e-01,-4.049879685044288635e-02,-8.185322582721710205e-02,-4.613380506634712219e-02,-1.675994992256164551e-01,-8.844943344593048096e-02,-1.408379226922988892e-01,-6.058867648243904114e-02,6.137989461421966553e-02,5.977571383118629456e-02,1.886200755834579468e-01,8.836407214403152466e-02,2.515634894371032715e-01,1.227258220314979553e-01,4.039887785911560059e-01,3.617994785308837891e-01,-5.792180448770523071e-02,-6.093769520521163940e-02,-2.653897181153297424e-02,2.273340336978435516e-02,5.937710404396057129e-02,3.526584059000015259e-02,5.834044888615608215e-02,1.012957096099853516e-01,2.773016989231109619e-01,2.431745231151580811e-01,1.601911783218383789e-01,1.945772171020507812e-01,1.562099456787109375e-01,1.147697493433952332e-01,1.681294739246368408e-01,1.963398158550262451e-01,3.835123479366302490e-01,9.800615161657333374e-02,-6.639056652784347534e-02,6.243099272251129150e-02,6.173815950751304626e-02,5.426231399178504944e-02,1.259093731641769409e-01,6.958685815334320068e-02,1.948862224817276001e-01,1.825754879973828793e-03,1.791500672698020935e-02,1.327203363180160522e-01,-9.909179992973804474e-03,9.138995409011840820e-02,8.858747035264968872e-02,8.588354289531707764e-02,7.303207367658615112e-02,3.859487548470497131e-02,-6.537351012229919434e-02,1.059019640088081360e-01,3.457448445260524750e-03,2.337830886244773865e-02,-2.147481078281998634e-03,-2.329539321362972260e-02,4.261430352926254272e-02,-2.321685850620269775e-02,-1.359006017446517944e-01,-3.028218820691108704e-02,1.119742766022682190e-01,1.813497096300125122e-01,9.721378237009048462e-02,1.126020997762680054e-01,4.764770343899726868e-02,1.425984054803848267e-01,8.223526924848556519e-02,-1.489997208118438721e-01
2.460223138332366943e-01,3.241893351078033447e-01,2.655599825084209442e-02,1.724039614200592041e-01,4.983070492744445801e-02,8.599215000867843628e-02,1.749992519617080688e-01,3.769634366035461426e-01,4.676424339413642883e-02,1.635199487209320068e-01,3.995073139667510986e-01,1.000000000000000000e+00,3.562296628952026367e-01,5.645303726196289062e-01,-1.910378970205783844e-02,2.484562844038009644e-01,7.856507599353790283e-02,3.077910840511322021e-01,4.204537570476531982e-01,4.879952371120452881e-01,-9.066033363342285156e-02,-8.165667951107025146e-02,-9.014668315649032593e-02,-4.948385059833526611e-02,-1.626003384590148926e-01,-1.220930814743041992e-01,-3.468091040849685669e-02,2.853601984679698944e-02,3.627128899097442627e-02,1.896475553512573242e-01,-1.072689741849899292e-01,-4.243364185094833374e-02,2.583981025964021683e-03,1.586891561746597290e-01,-1.863571405410766602e-01,-4.726389423012733459e-02,-3.845865651965141296e-02,8.288282155990600586e-02,8.247842080891132355e-03,5.750342085957527161e-02,6.289947032928466797e-02,1.172861009836196899e-01,8.751578629016876221e-02,1.755373626947402954e-01,2.652534246444702148e-01,2.823558449745178223e-01,7.155841588973999023e-02,1.103115901350975037e-01,1.176706105470657349e-01,2.230787128210067749e-01,1.361285001039505005e-01,2.199004292488098145e-01,6.523461197502911091e-04,8.292917907238006592e-02,8.312935382127761841e-02,1.695034354925155640e-01,9.104999154806137085e-02,3.133231699466705322e-01,1.338874250650405884e-01,4.043239057064056396e-01,1.591033786535263062e-01,3.153676986694335938e-01,2.130756080150604248e-01,4.803552329540252686e-01,-2.878572940826416016e-01,2.764757908880710602e-02,-1.285645663738250732e-01,1.906562410295009613e-02,-5.345327407121658325e-02,-3.350099921226501465e-02,-4.766942188143730164e-02,4.941356554627418518e-02,6.099345535039901733e-02,3.428221046924591064e-01,6.429813057184219360e-02,2.289415299892425537e-01,1.766326576471328735e-01,1.725045889616012573e-01,-9.979015588760375977e-02,1.228420361876487732e-01,4.561692848801612854e-02,1.051237955689430237e-01,-1.495933085680007935e-01,-1.160607952624559402e-02,-1.502022445201873779e-01,1.322199851274490356e-01,6.186101585626602173e-02,9.556366503238677979e-02,-2.130386792123317719e-02,2.324275076389312744e-01,3.746575489640235901e-02,-9.536074101924896240e-02,-9.642431885004043579e-02,-2.570203542709350586e-01,-2.198016792535781860e-01,-1.234454959630966187e-01,-5.002390593290328979e-02,3.656932339072227478e-02,1.610054820775985718e-01,2.298145592212677002e-01,-4.292539134621620178e-02,-1.893235743045806885e-01,4.071841761469841003e-02,-1.498104482889175415e-01,6.047442555427551270e-02,-1.105137392878532410e-01,-2.264965027570724487e-01,-1.221602782607078552e-01,6.564099341630935669e-02,-8.089496195316314697e-02,5.153920128941535950e-02,7.734582573175430298e-02,1.329343765974044800e-01,7.340948283672332764e-02,-3.960624709725379944e-02,-9.484459459781646729e-02
2.353546619415283203e-01,8.558084256947040558e-03,1.967221796512603760e-01,5.500648915767669678e-02,2.058229595422744751e-02,-1.030988916754722595e-01,4.448060393333435059e-01,2.771075367927551270e-01,6.581047177314758301e-02,4.741366207599639893e-02,4.763332605361938477e-01,3.562296628952026367e-01,1.000000000000000000e+00,4.435059130191802979e-01,1.289263218641281128e-01,7.736271619796752930e-02,1.966754645109176636e-01,1.911560595035552979e-01,2.567425370216369629e-01,2.209869772195816040e-01,-7.660532742738723755e-02,-1.979299448430538177e-02,-4.171842336654663086e-02,-2.013760209083557129e-01,-1.289980262517929077e-01,-1.678848266601562500e-01,-1.028620302677154541e-01,-8.680515736341476440e-02,1.230156347155570984e-01,1.216536909341812134e-01,-1.128379628062248230e-01,-1.350967139005661011e-01,1.483819633722305298e-01,2.268495708703994751e-01,-2.162034064531326294e-01,-8.049909770488739014e-02,-1.426388174295425415e-01,1.015497297048568726e-01,5.721120908856391907e-02,2.758523449301719666e-03,-1.399121899157762527e-02,1.113062724471092224e-01,1.414394378662109375e-01,1.592394411563873291e-01,1.757618188858032227e-01,1.594627648591995239e-01,9.805528447031974792e-03,1.891381479799747467e-02,-5.589189380407333374e-02,8.991242200136184692e-02,4.590851068496704102e-02,1.162840947508811951e-01,-1.237264871597290039e-01,3.276012092828750610e-02,-4.950292780995368958e-02,5.043584480881690979e-02,-6.365352869033813477e-02,2.864261902868747711e-02,2.550587058067321777e-01,1.774054467678070068e-01,2.987037897109985352e-01,1.713853925466537476e-01,4.262381494045257568e-01,3.383556604385375977e-01,-5.460786819458007812e-02,-2.544178999960422516e-02,5.933018401265144348e-02,8.522241562604904175e-02,-4.424303770065307617e-03,-1.909126155078411102e-02,5.547456070780754089e-02,6.894841790199279785e-02,1.454853117465972900e-01,2.839691936969757080e-01,1.091723442077636719e-01,1.703788638114929199e-01,1.766916960477828979e-01,1.618976742029190063e-01,3.339566290378570557e-02,1.122734472155570984e-01,2.107480168342590332e-01,8.729500323534011841e-02,-1.151762008666992188e-01,5.274984613060951233e-02,1.027405820786952972e-02,7.651435583829879761e-02,2.928218245506286621e-02,1.949929050169885159e-03,1.481554657220840454e-01,9.864654392004013062e-03,6.234195083379745483e-02,1.661440916359424591e-02,-1.616837531328201294e-01,-8.046515285968780518e-02,-1.534257084131240845e-01,-8.158506453037261963e-02,-2.765293978154659271e-02,2.864998765289783478e-02,2.889239985961467028e-04,1.870815902948379517e-01,-1.036429926753044128e-01,-8.704697340726852417e-02,4.431186616420745850e-02,-6.677743792533874512e-02,4.387005046010017395e-02,-1.120201647281646729e-01,-8.209720999002456665e-02,-9.871374815702438354e-03,-4.437288641929626465e-02,1.959246955811977386e-02,1.829740591347217560e-02,9.160320460796356201e-02,2.005979120731353760e-01,4.002051055431365967e-02,-6.132658571004867554e-02,-1.878803074359893799e-01
