1.000000000000000000e+00,4.163319468498229980e-01,5.556965470314025879e-01,5.195915102958679199e-01,9.330486506223678589e-02,1.246911659836769104e-01,6.245974302291870117e-01,3.411950469017028809e-01,2.954882681369781494e-01,1.946647614240646362e-01,4.003888070583343506e-01,4.201833605766296387e-01,2.690555751323699951e-01,3.216259479522705078e-01,4.832915067672729492e-01,2.786172926425933838e-01,7.424148265272378922e-03,2.680928409099578857e-01,6.341072320938110352e-01,6.360763907432556152e-01,2.548683583736419678e-01,1.149745732545852661e-01,4.987986981868743896e-01,3.600973784923553467e-01,2.131216675043106079e-01,3.516107797622680664e-01,3.145118355751037598e-01,1.273056119680404663e-01,2.333106696605682373e-01,4.164568185806274414e-01,2.069160789251327515e-01,1.753519624471664429e-01,4.817541241645812988e-01,4.875592291355133057e-01,3.591110929846763611e-02,5.627071484923362732e-02,1.013761833310127258e-01,1.048403829336166382e-01,1.372769922018051147e-01,6.264106184244155884e-02,1.447903662919998169e-01,1.233903244137763977e-01,2.242671996355056763e-01,3.190044313669204712e-02,2.023059576749801636e-01,1.527957320213317871e-01,6.689109653234481812e-02,1.038153618574142456e-01,3.522312343120574951e-01,2.113496214151382446e-01,2.558966577053070068e-01,1.974801868200302124e-01,6.746230274438858032e-02,1.377562284469604492e-01,6.032362580299377441e-02,2.042587101459503174e-01,5.431554317474365234e-01,3.025827705860137939e-01,4.899979531764984131e-01,1.517550200223922729e-01,4.651477634906768799e-01,2.565333545207977295e-01,4.619984924793243408e-01,3.239893019199371338e-01,2.871013879776000977e-01,2.169323563575744629e-01,2.145147472620010376e-01,1.509420275688171387e-01,4.617674946784973145e-01,3.507151007652282715e-01,2.301786988973617554e-01,3.094838857650756836e-01,2.317638099193572998e-01,2.969032526016235352e-01,8.136524260044097900e-02,1.758437305688858032e-01,2.347535490989685059e-01,2.016407400369644165e-01,-4.288142919540405273e-02,1.471720486879348755e-01,3.333024382591247559e-01,2.598741650581359863e-01,2.555170059204101562e-01,4.652002751827239990e-01,3.031359910964965820e-01,2.156815528869628906e-01,1.390988677740097046e-01,3.519708663225173950e-02,1.494408249855041504e-01,1.760280430316925049e-01,4.533626511693000793e-02,7.635957747697830200e-02,-7.924818992614746094e-02,-3.615875169634819031e-02,-5.920160561800003052e-03,-1.501850504428148270e-02,4.109124466776847839e-02,1.535486616194248199e-02,2.835810184478759766e-01,3.118768930435180664e-01,6.558475643396377563e-02,1.249586790800094604e-01,7.860332727432250977e-02,3.534622788429260254e-01,2.330421358346939087e-01,2.625333666801452637e-01,-1.356207672506570816e-02,1.245549693703651428e-01,-1.893367269076406956e-03,-1.084020510315895081e-01,-5.367416515946388245e-02,5.653014779090881348e-02,4.096280038356781006e-02,2.354533374309539795e-01,1.648723483085632324e-01,1.119969189167022705e-01
4.163319468498229980e-01,1.000000000000000000e+00,2.362323552370071411e-01,2.613003849983215332e-01,2.538577616214752197e-01,6.760777533054351807e-02,2.237202972173690796e-01,5.452241301536560059e-01,3.364043235778808594e-01,2.361167371273040771e-01,1.963929980993270874e-01,6.533753275871276855e-01,4.089472442865371704e-02,5.170753002166748047e-01,2.785377800464630127e-01,3.381050825119018555e-01,3.203305602073669434e-02,3.948086798191070557e-01,3.453560769557952881e-01,4.836016595363616943e-01,4.820964485406875610e-02,-5.353897437453269958e-02,1.267161071300506592e-01,1.944718062877655029e-01,2.720860205590724945e-02,2.788487672805786133e-01,8.881177753210067749e-02,1.441226750612258911e-01,3.124534189701080322e-01,4.209306538105010986e-01,-2.166612818837165833e-02,9.882070124149322510e-02,3.016367852687835693e-01,4.115205705165863037e-01,-4.041394591331481934e-02,-2.751787193119525909e-03,-1.276462972164154053e-01,4.898069798946380615e-02,-7.833720743656158447e-02,-1.427158713340759277e-01,-3.615819290280342102e-02,1.303020417690277100e-01,1.619405299425125122e-01,2.391490899026393890e-02,1.960981190204620361e-01,2.816845774650573730e-01,1.907541304826736450e-01,2.132415771484375000e-01,3.370496630668640137e-01,4.795728623867034912e-01,2.284821867942810059e-01,5.147014260292053223e-01,3.002184927463531494e-01,2.905715703964233398e-01,8.077279478311538696e-02,2.220672965049743652e-01,3.885718584060668945e-01,6.085898876190185547e-01,4.293663799762725830e-01,5.383446216583251953e-01,3.898223638534545898e-01,5.971314311027526855e-01,2.554098069667816162e-01,6.222689747810363770e-01,2.745710015296936035e-01,5.573604106903076172e-01,2.931610941886901855e-01,3.008404374122619629e-01,5.053161382675170898e-01,2.671644389629364014e-01,1.419648677110671997e-01,1.244074851274490356e-01,1.408736556768417358e-01,3.535501360893249512e-01,5.470075830817222595e-02,2.346406430006027222e-01,5.574902892112731934e-02,1.668195426464080811e-01,2.168261855840682983e-01,3.611724376678466797e-01,2.541567683219909668e-01,5.006727576255798340e-01,5.132594704627990723e-02,2.701045274734497070e-01,-1.067398767918348312e-02,3.558073043823242188e-01,1.355915665626525879e-01,1.155471503734588623e-01,-3.816061094403266907e-02,2.826643884181976318e-01,1.065308004617691040e-01,1.439899206161499023e-01,-1.125371232628822327e-01,-2.399344556033611298e-02,3.015142865478992462e-02,-1.205475907772779465e-02,9.796948730945587158e-02,2.956307306885719299e-02,3.451419770717620850e-01,3.308490812778472900e-01,1.125661730766296387e-01,2.951354719698429108e-02,2.058314532041549683e-01,1.698170155286788940e-01,1.340637654066085815e-01,9.817207604646682739e-02,6.359612941741943359e-02,-4.102309793233871460e-02,-1.169460564851760864e-01,-5.650813877582550049e-02,-4.153120797127485275e-03,4.733049124479293823e-02,5.728756077587604523e-04,1.238532885909080505e-01,6.867254525423049927e-02,-3.726062830537557602e-03
5.556965470314025879e-01,2.362323552370071411e-01,1.000000000000000000e+00,6.253056526184082031e-01,1.506296992301940918e-01,2.264986038208007812e-01,7.004640698432922363e-01,4.384388029575347900e-01,2.643638849258422852e-01,3.114197552204132080e-01,3.349051177501678467e-01,3.330951929092407227e-01,3.162540197372436523e-01,3.042435944080352783e-01,4.041784703731536865e-01,3.710433542728424072e-01,-3.530758246779441833e-02,3.066352307796478271e-01,5.961554050445556641e-01,4.214696586132049561e-01,3.632765412330627441e-01,2.827282547950744629e-01,6.702291369438171387e-01,5.066324472427368164e-01,4.060242176055908203e-01,4.131162464618682861e-01,3.693716228008270264e-01,2.606912553310394287e-01,1.308833807706832886e-01,3.727706074714660645e-01,4.371797442436218262e-01,4.033623933792114258e-01,4.112456142902374268e-01,5.253145098686218262e-01,2.987577319145202637e-01,2.898283302783966064e-01,2.120378464460372925e-01,1.251206845045089722e-01,2.399889528751373291e-01,1.082997396588325500e-01,1.977670341730117798e-01,1.862847656011581421e-01,1.943041235208511353e-01,1.839102357625961304e-01,1.630273759365081787e-01,1.896191984415054321e-01,9.624400734901428223e-02,1.609899699687957764e-01,2.077423334121704102e-01,2.216404825448989868e-01,1.392357945442199707e-01,2.472794502973556519e-01,7.293445616960525513e-02,1.755286157131195068e-01,1.193338632583618164e-02,1.717522740364074707e-01,3.582832515239715576e-01,2.488519549369812012e-01,2.629068195819854736e-01,1.584509909152984619e-01,2.331009805202484131e-01,1.452421247959136963e-01,1.628989875316619873e-01,2.148353606462478638e-01,7.643581181764602661e-02,2.443751394748687744e-01,2.487041056156158447e-01,2.687138319015502930e-01,1.653150469064712524e-01,3.148970603942871094e-01,3.859862089157104492e-01,5.413369536399841309e-01,3.216779530048370361e-01,3.565322458744049072e-01,1.668044775724411011e-01,2.419571876525878906e-01,3.289211094379425049e-01,3.425334393978118896e-01,-9.965856373310089111e-02,1.296710968017578125e-01,6.723144650459289551e-02,2.538261711597442627e-01,3.268848657608032227e-01,4.536490440368652344e-01,2.078434526920318604e-01,3.343360722064971924e-01,2.168891280889511108e-01,6.244317069649696350e-02,9.955824166536331177e-02,2.571026384830474854e-01,6.658221781253814697e-02,1.122550591826438904e-01,3.738605603575706482e-02,1.385801583528518677e-01,-6.047292798757553101e-02,-3.936696052551269531e-02,-6.096388772130012512e-02,2.521760202944278717e-02,1.287497282028198242e-01,2.122080475091934204e-01,1.481626778841018677e-01,2.283035814762115479e-01,6.544647365808486938e-02,3.994807004928588867e-01,2.289618253707885742e-01,2.743485271930694580e-01,-5.317753925919532776e-02,1.603094637393951416e-01,-6.437389552593231201e-02,-1.661537140607833862e-01,-5.508244037628173828e-02,5.112737044692039490e-02,-5.652434192597866058e-03,1.569066345691680908e-01,7.087920606136322021e-02,1.481324881315231323e-01
5.195915102958679199e-01,2.613003849983215332e-01,6.253056526184082031e-01,1.000000000000000000e+00,1.301827132701873779e-01,3.025415241718292236e-01,5.694900155067443848e-01,5.911495685577392578e-01,1.769284904003143311e-01,2.310237586498260498e-01,3.349356651306152344e-01,3.713799118995666504e-01,3.249526619911193848e-01,2.775871455669403076e-01,3.101209104061126709e-01,2.605129778385162354e-01,4.137835465371608734e-03,3.161506652832031250e-01,4.946105480194091797e-01,5.062679052352905273e-01,2.440859377384185791e-01,1.813285648822784424e-01,6.400659084320068359e-01,6.957203745841979980e-01,3.223297894001007080e-01,4.242331683635711670e-01,2.320878356695175171e-01,2.444280982017517090e-01,1.377160102128982544e-01,3.645358383655548096e-01,4.697519540786743164e-01,4.849582612514495850e-01,3.062973916530609131e-01,5.164847970008850098e-01,2.838759124279022217e-01,2.363601177930831909e-01,1.224105879664421082e-01,1.137830838561058044e-01,9.116076678037643433e-02,3.577876091003417969e-02,8.771265298128128052e-02,1.383858025074005127e-01,2.267747968435287476e-01,1.517660319805145264e-01,1.919944137334823608e-01,1.912321746349334717e-01,1.752917766571044922e-01,2.502723336219787598e-01,1.694416999816894531e-01,1.851061582565307617e-01,1.369700580835342407e-01,2.285866290330886841e-01,9.013141691684722900e-02,1.664870679378509521e-01,-6.247795000672340393e-02,1.298182755708694458e-01,3.851863145828247070e-01,1.970651298761367798e-01,1.821290999650955200e-01,3.454709798097610474e-02,2.171577662229537964e-01,1.179015040397644043e-01,2.045297920703887939e-01,1.665169447660446167e-01,1.727889478206634521e-01,2.897835671901702881e-01,2.021726667881011963e-01,2.332342714071273804e-01,2.863838374614715576e-01,2.252472341060638428e-01,2.872444093227386475e-01,4.816679358482360840e-01,2.439614683389663696e-01,3.487370312213897705e-01,1.806402504444122314e-01,2.552967965602874756e-01,2.174588590860366821e-01,2.700213491916656494e-01,-8.422144502401351929e-02,1.727851927280426025e-01,1.087538823485374451e-01,2.774467468261718750e-01,1.715823113918304443e-01,3.334807455539703369e-01,1.173343062400817871e-01,2.695356309413909912e-01,1.304244399070739746e-01,3.543937206268310547e-02,-6.964182853698730469e-02,1.589369773864746094e-01,9.679527580738067627e-02,7.379636168479919434e-02,5.328568071126937866e-02,7.543966174125671387e-02,-2.358224242925643921e-03,2.811693772673606873e-02,7.199242711067199707e-02,1.497241109609603882e-01,2.141687721014022827e-01,1.994431912899017334e-01,1.789054572582244873e-01,1.463725864887237549e-01,1.692361980676651001e-01,3.291525542736053467e-01,1.257338821887969971e-01,1.512297838926315308e-01,-3.915104269981384277e-02,7.996908575296401978e-02,-6.162396073341369629e-02,2.044692263007164001e-02,1.273539215326309204e-01,1.986480951309204102e-01,2.447961829602718353e-02,8.951106667518615723e-02,1.314487755298614502e-01,8.913520723581314087e-02
9.330486506223678589e-02,2.538577616214752197e-01,1.506296992301940918e-01,1.301827132701873779e-01,1.000000000000000000e+00,2.162417322397232056e-01,1.394952237606048584e-01,2.731222212314605713e-01,3.380480408668518066e-01,3.679994642734527588e-01,-7.818533480167388916e-02,2.535010874271392822e-01,-2.917975559830665588e-02,4.003857672214508057e-01,2.593634724617004395e-01,4.843744933605194092e-01,-1.888200491666793823e-01,9.227108210325241089e-02,1.188645958900451660e-01,1.666503995656967163e-01,2.854937314987182617e-01,3.232281804084777832e-01,1.230016797780990601e-01,1.351584643125534058e-01,2.552956938743591309e-01,1.886647194623947144e-01,3.477593660354614258e-01,4.718038141727447510e-01,8.971162140369415283e-02,2.945111095905303955e-01,3.104183264076709747e-02,1.410631984472274780e-01,9.487382322549819946e-02,1.879601031541824341e-01,2.101610787212848663e-02,7.870522141456604004e-02,-9.287865459918975830e-02,5.595199763774871826e-02,-1.097802724689245224e-02,1.994055695831775665e-02,-1.392053663730621338e-01,2.324174940586090088e-01,2.365021593868732452e-02,6.694159656763076782e-02,1.224756464362144470e-01,2.226743996143341064e-01,1.212761327624320984e-01,8.383949846029281616e-02,4.617511853575706482e-02,2.348483055830001831e-01,-7.897133938968181610e-03,2.908112704753875732e-01,2.344039529561996460e-01,1.653943657875061035e-01,8.111244440078735352e-02,1.555186361074447632e-01,1.020638495683670044e-01,2.228377610445022583e-01,1.949167698621749878e-01,2.697221636772155762e-01,7.371567934751510620e-02,2.444409877061843872e-01,-7.149098068475723267e-02,2.169802188873291016e-01,-6.015918683260679245e-03,3.118334710597991943e-01,1.277863681316375732e-01,2.072716206312179565e-01,8.587318658828735352e-02,1.628804206848144531e-01,2.315784096717834473e-01,2.270086556673049927e-01,1.783917099237442017e-01,1.546880751848220825e-01,2.021431028842926025e-01,1.306754350662231445e-01,2.158976495265960693e-01,1.188515275716781616e-01,-6.680487096309661865e-02,1.201177835464477539e-01,5.464554950594902039e-02,1.950353085994720459e-01,2.347831055521965027e-02,2.025480419397354126e-01,-2.811911515891551971e-02,2.974657714366912842e-01,2.673843204975128174e-01,2.463315725326538086e-01,2.460480609443038702e-04,2.340844869613647461e-01,7.185433059930801392e-02,8.841101080179214478e-02,-1.281109265983104706e-02,-1.776459813117980957e-02,6.537110358476638794e-02,1.664005517959594727e-01,4.663249105215072632e-02,7.737569510936737061e-02,1.547659933567047119e-01,1.663067340850830078e-01,9.560377150774002075e-02,-1.375345792621374130e-02,4.893412813544273376e-02,5.304127559065818787e-02,1.006743386387825012e-01,3.879546746611595154e-02,1.499626040458679199e-01,-1.154456213116645813e-01,-1.212496077641844749e-03,-7.542122155427932739e-02,-8.588495850563049316e-02,9.688852727413177490e-02,1.037642955780029297e-01,1.370863616466522217e-01,8.024205267429351807e-02,1.265767961740493774e-01
1.246911659836769104e-01,6.760777533054351807e-02,2.264986038208007812e-01,3.025415241718292236e-01,2.162417322397232056e-01,1.000000000000000000e+00,1.888910979032516479e-01,1.214727163314819336e-01,8.621290326118469238e-03,4.611694216728210449e-01,1.940001398324966431e-01,1.041304543614387512e-01,9.293206781148910522e-02,-6.609319895505905151e-02,2.210905402898788452e-01,1.842373013496398926e-01,-2.544038370251655579e-02,3.928110003471374512e-01,9.482852369546890259e-02,2.455292269587516785e-02,1.607296466827392578e-01,2.861245572566986084e-01,2.152065336704254150e-01,2.955517470836639404e-01,1.766695678234100342e-01,4.746853411197662354e-01,2.390438914299011230e-01,3.947298526763916016e-01,-2.799308300018310547e-02,2.890085577964782715e-01,2.849167883396148682e-01,3.844817876815795898e-01,7.320822030305862427e-02,1.965154409408569336e-01,1.329536736011505127e-01,1.026134938001632690e-01,6.917030364274978638e-02,1.169543806463479996e-02,-6.237524747848510742e-02,-1.840968499891459942e-03,2.707854658365249634e-02,2.125059068202972412e-02,1.132304072380065918e-01,1.379083693027496338e-01,1.336567103862762451e-01,1.983037292957305908e-01,1.011539250612258911e-01,2.896058559417724609e-01,1.244313791394233704e-01,1.895760893821716309e-01,1.414407342672348022e-01,2.861106991767883301e-01,5.666935071349143982e-02,2.363172471523284912e-01,-1.962079703807830811e-01,1.316444277763366699e-01,6.038579344749450684e-02,9.718494862318038940e-02,9.027121216058731079e-02,1.522039026021957397e-01,6.214941293001174927e-02,1.734056174755096436e-01,1.471217256039381027e-02,1.546103358268737793e-01,1.642327755689620972e-01,3.287759423255920410e-01,1.679208874702453613e-01,2.022838890552520752e-01,-3.121528588235378265e-02,5.870680510997772217e-02,2.416155301034450531e-02,3.788610696792602539e-01,7.044691126793622971e-03,3.614354431629180908e-01,1.510529369115829468e-01,2.991254031658172607e-01,3.592614457011222839e-02,1.728969514369964600e-01,-6.521081179380416870e-02,3.337400555610656738e-01,-4.009756073355674744e-02,3.691920638084411621e-01,-1.526789963245391846e-01,1.237866953015327454e-01,1.748585142195224762e-02,2.077318876981735229e-01,1.755849421024322510e-01,1.347656399011611938e-01,-7.222995162010192871e-02,1.186101809144020081e-01,1.118004694581031799e-01,1.320630013942718506e-01,1.072492450475692749e-01,1.439762115478515625e-01,9.098503738641738892e-02,5.179420858621597290e-02,9.562058746814727783e-02,6.513115763664245605e-02,1.196149662137031555e-01,1.172666922211647034e-01,1.607246696949005127e-01,1.756107658147811890e-01,8.182582259178161621e-02,1.906280070543289185e-01,-6.232145801186561584e-02,4.966203123331069946e-02,7.743775099515914917e-02,1.023985352367162704e-02,-7.256072014570236206e-03,7.300176471471786499e-02,1.664577275514602661e-01,1.698199212551116943e-01,3.121301718056201935e-02,2.275805175304412842e-02,-1.777931675314903259e-02,-8.465023338794708252e-02
6.245974302291870117e-01,2.237202972173690796e-01,7.004640698432922363e-01,5.694900155067443848e-01,1.394952237606048584e-01,1.888910979032516479e-01,1.000000000000000000e+00,3.726689517498016357e-01,3.020965456962585449e-01,2.976294159889221191e-01,3.555238842964172363e-01,2.947891056537628174e-01,4.321157336235046387e-01,2.723743617534637451e-01,4.546855986118316650e-01,3.586070537567138672e-01,-5.568382143974304199e-02,2.441374808549880981e-01,6.201639771461486816e-01,4.851814806461334229e-01,3.348456621170043945e-01,2.756710052490234375e-01,6.034128665924072266e-01,4.071894288063049316e-01,3.874945938587188721e-01,3.686325550079345703e-01,3.837980031967163086e-01,2.481510192155838013e-01,1.987679451704025269e-01,4.286585450172424316e-01,3.936440646648406982e-01,3.497005105018615723e-01,4.962400197982788086e-01,5.456401705741882324e-01,1.926068663597106934e-01,2.060662209987640381e-01,2.685811519622802734e-01,1.799505949020385742e-01,2.946199178695678711e-01,1.596837192773818970e-01,2.116223424673080444e-01,2.067243903875350952e-01,1.623902022838592529e-01,1.051589846611022949e-01,1.712504923343658447e-01,1.597040593624114990e-01,5.226079002022743225e-02,6.649644672870635986e-02,2.331106811761856079e-01,1.578564047813415527e-01,1.237704381346702576e-01,1.503516137599945068e-01,2.851452305912971497e-02,8.374034613370895386e-02,8.489216864109039307e-02,1.835026144981384277e-01,3.561920523643493652e-01,2.103862613439559937e-01,3.445409536361694336e-01,1.157077029347419739e-01,2.190516889095306396e-01,1.342370808124542236e-01,2.442793399095535278e-01,2.380612045526504517e-01,8.420193940401077271e-02,1.822602003812789917e-01,2.169048041105270386e-01,1.852878779172897339e-01,2.517786622047424316e-01,3.351967632770538330e-01,3.944484591484069824e-01,5.364595055580139160e-01,3.825289309024810791e-01,3.429041206836700439e-01,2.321985810995101929e-01,1.919108629226684570e-01,3.055994212627410889e-01,3.046173453330993652e-01,-1.590379476547241211e-01,8.511310815811157227e-02,1.773984730243682861e-01,2.369170784950256348e-01,3.236114978790283203e-01,4.670527279376983643e-01,2.577191591262817383e-01,2.526491582393646240e-01,2.212458550930023193e-01,1.067726463079452515e-01,1.315530091524124146e-01,2.453539818525314331e-01,2.371429651975631714e-02,7.554627209901809692e-02,6.359042134135961533e-03,6.756369769573211670e-02,-5.810200050473213196e-02,-1.155976485460996628e-02,-1.653571985661983490e-02,5.807448923587799072e-02,1.601233184337615967e-01,2.645352184772491455e-01,1.800331175327301025e-01,2.527825236320495605e-01,1.387777477502822876e-01,4.478874206542968750e-01,3.140015006065368652e-01,3.377739787101745605e-01,-8.948402479290962219e-03,1.858831197023391724e-01,1.009533461183309555e-02,-1.170246154069900513e-01,-8.315811306238174438e-02,5.489986017346382141e-02,1.355676818639039993e-02,2.275256067514419556e-01,1.497388929128646851e-01,1.640089750289916992e-01
3.411950469017028809e-01,5.452241301536560059e-01,4.384388029575347900e-01,5.911495685577392578e-01,2.731222212314605713e-01,1.214727163314819336e-01,3.726689517498016357e-01,1.000000000000000000e+00,2.759110629558563232e-01,2.924226522445678711e-01,2.571678757667541504e-01,5.853326916694641113e-01,2.701395750045776367e-01,5.749932527542114258e-01,2.603747248649597168e-01,4.210346341133117676e-01,-7.232557237148284912e-02,3.223854303359985352e-01,3.316914141178131104e-01,4.364002943038940430e-01,2.044172734022140503e-01,6.448076665401458740e-02,3.897314369678497314e-01,5.042120218276977539e-01,2.466559112071990967e-01,3.073543608188629150e-01,1.566559970378875732e-01,2.972629368305206299e-01,2.276711761951446533e-01,4.073666632175445557e-01,3.061799407005310059e-01,3.935591876506805420e-01,3.169158101081848145e-01,5.699241757392883301e-01,1.624869704246520996e-01,1.793087869882583618e-01,-5.610430147498846054e-03,3.573537990450859070e-02,6.975656002759933472e-02,-4.706416279077529907e-02,-1.018028892576694489e-02,2.065077722072601318e-01,1.653643101453781128e-01,1.311082541942596436e-01,1.711880117654800415e-01,2.680282890796661377e-01,2.694359421730041504e-01,2.108788788318634033e-01,1.322501599788665771e-01,3.628965318202972412e-01,7.056431472301483154e-02,4.216187894344329834e-01,2.177733331918716431e-01,1.936514377593994141e-01,7.035149633884429932e-02,1.303185969591140747e-01,3.364336788654327393e-01,3.811662495136260986e-01,2.021074891090393066e-01,2.979363501071929932e-01,1.996751874685287476e-01,3.220879733562469482e-01,1.276755183935165405e-01,3.522149622440338135e-01,1.112032309174537659e-01,4.510562419891357422e-01,2.281436324119567871e-01,3.308598399162292480e-01,3.447203934192657471e-01,1.935091465711593628e-01,3.108443617820739746e-01,3.396642506122589111e-01,3.135087192058563232e-01,3.195342719554901123e-01,1.827638894319534302e-01,2.193130850791931152e-01,1.622211933135986328e-01,1.982607394456863403e-01,-4.056079778820276260e-03,1.882635802030563354e-01,8.090879023075103760e-02,3.282589316368103027e-01,1.557978242635726929e-01,3.090832233428955078e-01,-7.071602344512939453e-02,3.173981904983520508e-01,1.628871411085128784e-01,1.209444031119346619e-01,-9.263540804386138916e-02,2.588607072830200195e-01,6.808678805828094482e-02,4.098116233944892883e-02,-6.907838582992553711e-02,-4.591893777251243591e-02,-5.028969049453735352e-02,-1.564281061291694641e-02,-7.627336774021387100e-03,8.180621266365051270e-02,2.322389483451843262e-01,1.879247426986694336e-01,1.588960289955139160e-01,9.420719929039478302e-03,2.250627875328063965e-01,1.893175989389419556e-01,1.578772515058517456e-01,1.016906872391700745e-01,6.120854988694190979e-02,-7.093958556652069092e-02,-1.819551587104797363e-01,-7.636634260416030884e-02,1.079727429896593094e-02,9.407321363687515259e-02,-6.418064981698989868e-02,4.000408574938774109e-02,8.459049463272094727e-02,1.228124052286148071e-01
2.954882681369781494e-01,3.364043235778808594e-01,2.643638849258422852e-01,1.769284904003143311e-01,3.380480408668518066e-01,8.621290326118469238e-03,3.020965456962585449e-01,2.759110629558563232e-01,1.000000000000000000e+00,1.475776582956314087e-01,7.643792778253555298e-02,3.053429424762725830e-01,2.278680801391601562e-01,3.424679338932037354e-01,4.158954620361328125e-01,2.779634296894073486e-01,-1.302297860383987427e-01,9.235920757055282593e-02,3.237682282924652100e-01,2.572808265686035156e-01,2.866031527519226074e-01,2.447819113731384277e-01,2.015240192413330078e-01,1.095367670059204102e-01,2.002460211515426636e-01,1.040583848953247070e-01,2.920992672443389893e-01,2.515321075916290283e-01,2.045164704322814941e-01,2.974972128868103027e-01,2.977952174842357635e-02,8.716779202222824097e-02,2.429360896348953247e-01,2.693651020526885986e-01,2.073597535490989685e-02,7.411006838083267212e-02,-1.045879349112510681e-02,2.051537185907363892e-01,5.736755952239036560e-02,7.292853295803070068e-02,3.256055340170860291e-02,2.412584424018859863e-01,3.227192908525466919e-02,1.728747040033340454e-02,8.700563758611679077e-02,1.409880220890045166e-01,-1.653386652469635010e-02,-2.130335196852684021e-02,9.910798072814941406e-02,1.687493771314620972e-01,-3.500550985336303711e-03,1.806261390447616577e-01,7.331052422523498535e-02,7.869824767112731934e-02,8.005925267934799194e-02,1.030667796730995178e-01,2.013441920280456543e-01,2.447757273912429810e-01,2.450878769159317017e-01,1.838739663362503052e-01,1.542059928178787231e-01,2.217705100774765015e-01,2.920074760913848877e-02,2.816211581230163574e-01,6.771157681941986084e-02,2.772464752197265625e-01,1.051820442080497742e-01,1.147019639611244202e-01,1.433536410331726074e-01,1.802457720041275024e-01,2.989147901535034180e-01,2.677809298038482666e-01,1.837631911039352417e-01,1.214502751827239990e-01,1.143332421779632568e-01,7.338966429233551025e-02,1.474398821592330933e-01,1.083844378590583801e-01,-7.841417938470840454e-02,9.030912071466445923e-02,3.957334160804748535e-02,2.031624764204025269e-01,2.299580872058868408e-01,2.572627961635589600e-01,7.070060074329376221e-02,2.898382246494293213e-01,3.000417947769165039e-01,1.413051187992095947e-01,1.339176297187805176e-01,2.719506323337554932e-01,2.695761620998382568e-02,1.005427837371826172e-01,-5.531035829335451126e-03,3.997239843010902405e-02,4.142590332776308060e-03,1.023100689053535461e-01,5.929459817707538605e-03,-3.119818307459354401e-02,7.526262849569320679e-02,1.801622360944747925e-01,1.772002130746841431e-01,1.769931614398956299e-01,9.602100402116775513e-02,2.648238539695739746e-01,2.140400111675262451e-01,1.572141051292419434e-01,6.499350816011428833e-02,-5.336585640907287598e-02,-2.974715782329440117e-03,-8.879147469997406006e-02,-9.831567108631134033e-02,6.318642944097518921e-02,6.579644232988357544e-02,2.135720252990722656e-01,1.454641371965408325e-01,1.586306989192962646e-01
1.946647614240646362e-01,2.361167371273040771e-01,3.114197552204132080e-01,2.310237586498260498e-01,3.679994642734527588e-01,4.611694216728210449e-01,2.976294159889221191e-01,2.924226522445678711e-01,1.475776582956314087e-01,1.000000000000000000e+00,1.842719614505767822e-01,2.530854642391204834e-01,1.317464560270309448e-01,2.954902946949005127e-01,2.694416344165802002e-01,5.733355879783630371e-01,-9.697203338146209717e-02,3.400371968746185303e-01,2.242608070373535156e-01,1.112294718623161316e-01,2.819470465183258057e-01,3.284054994583129883e-01,1.927843540906906128e-01,1.744210571050643921e-01,2.868615388870239258e-01,3.266446292400360107e-01,4.504308402538299561e-01,5.425622463226318359e-01,1.364199817180633545e-01,3.911669552326202393e-01,1.147646307945251465e-01,2.320813685655593872e-01,1.782407760620117188e-01,3.398886919021606445e-01,8.462410420179367065e-02,1.616606861352920532e-01,1.877748072147369385e-01,-1.301286369562149048e-01,2.167463302612304688e-01,-8.549542725086212158e-02,5.564027652144432068e-02,1.359824985265731812e-01,1.310467571020126343e-01,1.910653561353683472e-01,1.316716820001602173e-01,2.416092902421951294e-01,2.149208337068557739e-01,1.502915322780609131e-01,1.102250367403030396e-01,2.447687387466430664e-01,7.877840846776962280e-02,3.286861181259155273e-01,1.788232028484344482e-01,1.079807505011558533e-01,-4.379434511065483093e-02,6.258907914161682129e-02,1.268386840820312500e-01,2.558350265026092529e-01,2.051184773445129395e-01,3.190325796604156494e-01,7.647532224655151367e-02,2.985129058361053467e-01,-7.318796217441558838e-02,2.533673346042633057e-01,1.857738941907882690e-02,3.636552989482879639e-01,2.302673608064651489e-01,3.273558616638183594e-01,2.331878431141376495e-02,2.283994704484939575e-01,2.526554763317108154e-01,3.936699330806732178e-01,2.935076057910919189e-01,3.062908947467803955e-01,2.219672650098800659e-01,1.530185341835021973e-01,2.233945131301879883e-01,2.162856310606002808e-01,-9.616452455520629883e-02,1.765036284923553467e-01,-9.615616872906684875e-03,2.698924839496612549e-01,6.530354917049407959e-02,2.774103879928588867e-01,5.320810154080390930e-02,2.378562241792678833e-01,3.160360157489776611e-01,1.811438947916030884e-01,1.004819050431251526e-01,1.321548968553543091e-01,9.954605996608734131e-02,1.090821027755737305e-01,3.876375406980514526e-02,1.134863048791885376e-01,6.063357926905155182e-03,2.434087358415126801e-02,-3.109675459563732147e-02,1.056849956512451172e-02,1.667938232421875000e-01,1.847436577081680298e-01,1.613130271434783936e-01,1.047788634896278381e-01,8.831707388162612915e-02,2.356842756271362305e-01,1.971449553966522217e-01,1.739399880170822144e-01,1.473903805017471313e-01,-3.725601732730865479e-02,-2.187177911400794983e-02,-4.438193887472152710e-02,-7.624293863773345947e-02,7.652363181114196777e-02,2.985315863043069839e-03,4.333106055855751038e-02,1.399932894855737686e-02,1.650414057075977325e-02
4.003888070583343506e-01,1.963929980993270874e-01,3.349051177501678467e-01,3.349356651306152344e-01,-7.818533480167388916e-02,1.940001398324966431e-01,3.555238842964172363e-01,2.571678757667541504e-01,7.643792778253555298e-02,1.842719614505767822e-01,1.000000000000000000e+00,2.875115573406219482e-01,3.633569777011871338e-01,9.474701434373855591e-02,3.466791510581970215e-01,1.296987086534500122e-01,2.620851397514343262e-01,3.056871294975280762e-01,2.817417681217193604e-01,2.958998382091522217e-01,1.468743979930877686e-01,-6.715244799852371216e-02,3.762955963611602783e-01,3.462465405464172363e-01,2.379758059978485107e-01,1.973757743835449219e-01,1.573526710271835327e-01,1.242764107882976532e-02,1.564915180206298828e-01,1.882362365722656250e-01,3.176795840263366699e-01,3.056087195873260498e-01,3.780029714107513428e-01,3.961781561374664307e-01,1.448071897029876709e-01,1.773219704627990723e-01,1.010503917932510376e-01,-4.025400429964065552e-02,1.027266755700111389e-01,6.683255732059478760e-02,1.616363823413848877e-01,1.366865634918212891e-02,1.235857531428337097e-01,2.390334382653236389e-02,-4.816310852766036987e-02,-3.753126785159111023e-02,3.814242407679557800e-02,9.772565960884094238e-02,1.502290964126586914e-01,6.565007567405700684e-02,1.758552789688110352e-01,1.010712906718254089e-01,-2.554862946271896362e-02,7.635527849197387695e-02,-1.622418463230133057e-01,1.282075941562652588e-01,4.641352593898773193e-01,2.282325625419616699e-01,2.027406096458435059e-01,3.447492420673370361e-02,3.482806980609893799e-01,7.916247099637985229e-02,3.348232507705688477e-01,1.703734695911407471e-01,1.648242920637130737e-01,6.711222976446151733e-02,2.063100486993789673e-01,1.136486828327178955e-01,2.872648239135742188e-01,1.382315307855606079e-01,7.836264371871948242e-02,1.412784904241561890e-01,1.700281053781509399e-01,2.236155569553375244e-01,6.192421540617942810e-02,9.660092741250991821e-02,8.173430711030960083e-02,1.905782669782638550e-01,-2.814773237332701683e-03,2.031348347663879395e-01,1.374232769012451172e-01,2.037766575813293457e-01,2.231314331293106079e-01,2.887457311153411865e-01,2.018464207649230957e-01,1.016748994588851929e-01,6.413705646991729736e-02,9.425123780965805054e-02,1.309591084718704224e-01,1.194124147295951843e-01,-5.328612029552459717e-02,-1.009727418422698975e-01,-1.308125108480453491e-01,-1.771008521318435669e-01,-1.515461057424545288e-01,-1.664272099733352661e-01,-1.260955482721328735e-01,-9.395873546600341797e-02,6.058311462402343750e-02,-2.330634929239749908e-02,-5.002023652195930481e-02,-9.649697691202163696e-02,6.573480088263750076e-03,1.065374389290809631e-01,1.349387168884277344e-01,1.590977162122726440e-01,-7.737991213798522949e-02,3.662830684334039688e-03,-8.900236338376998901e-02,-6.825223565101623535e-02,3.576563904061913490e-03,-9.789362549781799316e-02,-1.665869355201721191e-01,-8.476229757070541382e-02,-8.445587754249572754e-02,-9.835628420114517212e-02
4.201833605766296387e-01,6.533753275871276855e-01,3.330951929092407227e-01,3.713799118995666504e-01,2.535010874271392822e-01,1.041304543614387512e-01,2.947891056537628174e-01,5.853326916694641113e-01,3.053429424762725830e-01,2.530854642391204834e-01,2.875115573406219482e-01,1.000000000000000000e+00,1.384554505348205566e-01,6.211574673652648926e-01,2.818640172481536865e-01,4.059736132621765137e-01,-2.668882533907890320e-02,5.293297171592712402e-01,3.182777464389801025e-01,4.568392336368560791e-01,1.439766734838485718e-01,8.311373181641101837e-03,2.712542116641998291e-01,3.162307143211364746e-01,1.657908409833908081e-01,3.322688043117523193e-01,1.068267747759819031e-01,1.874792873859405518e-01,2.332215607166290283e-01,4.567035436630249023e-01,2.056480646133422852e-01,3.254855871200561523e-01,3.853911459445953369e-01,4.751592874526977539e-01,9.686265140771865845e-02,8.875526487827301025e-02,-3.791161347180604935e-03,2.210357040166854858e-02,5.413918197154998779e-02,-5.127529799938201904e-02,4.508208855986595154e-02,1.304198503494262695e-01,1.107114925980567932e-01,3.309517353773117065e-02,1.256520748138427734e-01,2.155137509107589722e-01,1.634508669376373291e-01,2.089738994836807251e-01,2.048705518245697021e-01,3.973830938339233398e-01,1.168831959366798401e-01,4.424762725830078125e-01,1.966629475355148315e-01,2.495321780443191528e-01,7.327213138341903687e-02,2.016623616218566895e-01,3.604469001293182373e-01,4.696687161922454834e-01,2.875139415264129639e-01,3.560137748718261719e-01,2.880090773105621338e-01,4.346146285533905029e-01,1.949937045574188232e-01,5.287786126136779785e-01,1.571675986051559448e-01,4.843711555004119873e-01,2.020390033721923828e-01,2.442289441823959351e-01,3.789984881877899170e-01,1.427790820598602295e-01,1.696294248104095459e-01,1.938797235488891602e-01,2.224587053060531616e-01,3.927420377731323242e-01,1.567024588584899902e-01,2.679425477981567383e-01,1.485033780336380005e-01,2.231351584196090698e-01,8.796270936727523804e-02,3.774076700210571289e-01,1.549912840127944946e-01,4.740266799926757812e-01,1.115567609667778015e-01,2.549282312393188477e-01,-3.896374255418777466e-02,3.295957148075103760e-01,1.054419204592704773e-01,1.636439263820648193e-01,-2.656940137967467308e-03,3.029417991638183594e-01,2.316980622708797455e-02,7.074862718582153320e-02,-1.157906651496887207e-01,-6.134378165006637573e-02,1.171594671905040741e-02,-1.358631160110235214e-02,6.611218303442001343e-02,1.185517641715705395e-03,2.480041086673736572e-01,2.343702465295791626e-01,1.136329472064971924e-01,6.784175336360931396e-02,1.571387499570846558e-01,1.466670930385589600e-01,1.310138851404190063e-01,5.655240640044212341e-02,3.235711529850959778e-02,-5.711249634623527527e-02,-2.040019929409027100e-01,-6.064472347497940063e-02,4.777140542864799500e-02,6.158195063471794128e-02,-6.343690305948257446e-02,9.626550972461700439e-02,1.117496751248836517e-03,-2.361117862164974213e-03
2.690555751323699951e-01,4.089472442865371704e-02,3.162540197372436523e-01,3.249526619911193848e-01,-2.917975559830665588e-02,9.293206781148910522e-02,4.321157336235046387e-01,2.701395750045776367e-01,2.278680801391601562e-01,1.317464560270309448e-01,3.633569777011871338e-01,1.384554505348205566e-01,1.000000000000000000e+00,9.170561283826828003e-02,3.413544297218322754e-01,9.105412662029266357e-02,-7.967265695333480835e-02,6.708212941884994507e-02,2.563816606998443604e-01,1.789893209934234619e-01,1.326362639665603638e-01,1.905974559485912323e-02,2.611195445060729980e-01,1.766434013843536377e-01,2.051504254341125488e-01,6.958344578742980957e-02,1.466826051473617554e-01,1.221336126327514648e-01,4.500271752476692200e-02,2.737120687961578369e-01,2.784040272235870361e-01,2.526559531688690186e-01,2.709164023399353027e-01,2.998759150505065918e-01,8.221860975027084351e-02,7.791121304035186768e-02,2.072351127862930298e-01,1.303795129060745239e-01,2.784079313278198242e-01,2.173349559307098389e-01,2.047721892595291138e-01,1.994648575782775879e-01,7.388692349195480347e-02,6.877627968788146973e-02,4.462572745978832245e-03,-1.257229689508676529e-02,1.471277233213186264e-02,-4.336259886622428894e-02,9.537586010992527008e-04,-3.341008722782135010e-02,-1.821927912533283234e-02,-2.660551667213439941e-02,-1.645878106355667114e-01,-8.757459372282028198e-02,8.659033104777336121e-03,4.374648630619049072e-02,1.317043602466583252e-01,-3.357998654246330261e-02,4.527496173977851868e-02,-1.088377013802528381e-01,-2.781636267900466919e-02,-8.133408427238464355e-02,9.439931064844131470e-02,3.150663897395133972e-02,9.382807766087353230e-04,1.247341185808181763e-02,-5.438890308141708374e-02,-5.415113270282745361e-02,1.507318578660488129e-02,3.338828310370445251e-02,1.625439971685409546e-01,2.899919748306274414e-01,1.292899399995803833e-01,1.005265563726425171e-01,1.448729336261749268e-01,2.447992749512195587e-02,6.522839516401290894e-02,5.700881034135818481e-02,-2.375723123550415039e-01,-5.157947167754173279e-02,-5.794667080044746399e-02,2.846721746027469635e-02,1.663186401128768921e-01,2.315148562192916870e-01,-2.051262184977531433e-02,-3.223726525902748108e-02,4.715707525610923767e-02,-6.881847046315670013e-03,1.197625882923603058e-02,1.220683455467224121e-01,-2.071088850498199463e-01,-1.409046649932861328e-01,-3.539782017469406128e-02,3.575729904696345329e-03,-1.139830239117145538e-02,5.608784034848213196e-02,-5.356671754270792007e-03,1.334197223186492920e-01,-4.806706309318542480e-02,-1.043429318815469742e-02,1.735633313655853271e-01,1.854376941919326782e-01,2.003132104873657227e-01,3.229584693908691406e-01,2.194471210241317749e-01,2.357421964406967163e-01,-3.622691705822944641e-02,5.780665948987007141e-02,-2.595952153205871582e-02,2.957243658602237701e-02,5.179465189576148987e-02,1.109080314636230469e-01,-1.812683604657649994e-02,8.715321123600006104e-02,9.286464750766754150e-02,3.260903991758823395e-03
