1.000000000000000000e+00,6.260728836059570312e-01,6.261116266250610352e-01,6.524626612663269043e-01,-1.087112277746200562e-01,1.846585981547832489e-02,6.648558378219604492e-01,5.399917960166931152e-01,5.255653336644172668e-02,5.576938018202781677e-02,4.688790142536163330e-01,3.472947180271148682e-01,5.298727750778198242e-01,2.953155934810638428e-01,-7.305712997913360596e-02,-1.988675072789192200e-02,3.955350816249847412e-01,2.758213877677917480e-01,5.797007083892822266e-01,5.218089818954467773e-01,-4.861617833375930786e-02,2.188436873257160187e-02,5.564526319503784180e-01,6.043559312820434570e-01,9.893435239791870117e-02,1.065663844347000122e-01,-1.561805754899978638e-01,-9.563073515892028809e-02,1.788301914930343628e-01,1.419035941362380981e-01,2.329449802637100220e-01,2.150026410818099976e-01,1.793073713779449463e-01,1.907681226730346680e-01,6.564630661159753799e-03,-3.076198138296604156e-02,-1.079560490325093269e-03,-2.920662611722946167e-02,-1.239196304231882095e-02,9.230566024780273438e-02,2.549564233049750328e-03,-2.974804304540157318e-02,-4.677318409085273743e-02,-3.786341100931167603e-02,1.369546353816986084e-01,1.034137308597564697e-01,8.365019410848617554e-02,3.285600990056991577e-02,3.811912238597869873e-01,1.795391589403152466e-01,2.397928386926651001e-01,5.989962071180343628e-02,1.221691742539405823e-01,-5.390725564211606979e-03,2.695659175515174866e-02,-4.436417017132043839e-03,7.028395533561706543e-01,6.465436816215515137e-01,6.598786115646362305e-01,5.458916425704956055e-01,6.199129819869995117e-01,4.681627750396728516e-01,4.891447722911834717e-01,4.791700541973114014e-01,5.329944491386413574e-01,4.026816487312316895e-01,4.581930637359619141e-01,3.225009143352508545e-01,5.186122655868530273e-01,4.420911669731140137e-01,7.070367038249969482e-02,-5.872690677642822266e-02,8.947388827800750732e-02,-3.037079796195030212e-02,9.341332316398620605e-02,-8.683394640684127808e-02,1.868262290954589844e-01,9.685904532670974731e-02,2.324552237987518311e-01,1.820615977048873901e-01,1.739812046289443970e-01,1.591819375753402710e-01,1.270103454589843750e-02,2.312847375869750977e-01,2.648573517799377441e-01,8.058671653270721436e-02,4.653245583176612854e-02,8.652146160602569580e-02,-2.973387949168682098e-02,1.153092482127249241e-03,1.179375424981117249e-01,1.668944023549556732e-02,8.582131564617156982e-02,1.073556467890739441e-01,-7.652784138917922974e-02,-3.323594853281974792e-02,-5.116251483559608459e-02,-6.103852763772010803e-02,9.324293583631515503e-02,5.063959956169128418e-02,2.656787931919097900e-01,3.318499624729156494e-01,2.981734871864318848e-01,2.683386802673339844e-01,2.052254416048526764e-02,9.604469686746597290e-02,2.178634703159332275e-01,1.931876093149185181e-01,-2.340270206332206726e-03,-1.228659898042678833e-01,-2.384510263800621033e-02,6.770615931600332260e-03,1.956645213067531586e-02,1.830523610115051270e-01,6.750392913818359375e-02,-3.225262090563774109e-02
6.260728836059570312e-01,1.000000000000000000e+00,4.589885473251342773e-01,7.022368311882019043e-01,-7.513375580310821533e-02,4.046903550624847412e-02,5.656071901321411133e-01,6.652892827987670898e-01,6.322962790727615356e-02,8.606044948101043701e-02,2.778815925121307373e-01,5.373649597167968750e-01,3.849217593669891357e-01,4.639627635478973389e-01,-1.171407625079154968e-01,4.911433160305023193e-02,3.520107269287109375e-01,4.353433847427368164e-01,4.620380699634552002e-01,4.192632138729095459e-01,-7.905918173491954803e-03,-1.739409752190113068e-02,4.003081917762756348e-01,5.198116302490234375e-01,5.062086880207061768e-02,8.269064873456954956e-02,-1.405745595693588257e-01,-7.317237555980682373e-02,8.314658701419830322e-02,1.961381882429122925e-01,2.059835493564605713e-01,2.165995836257934570e-01,1.939517706632614136e-01,2.409133166074752808e-01,5.580160021781921387e-02,2.723975479602813721e-02,-2.060382068157196045e-02,-4.716790840029716492e-02,-5.974133312702178955e-02,2.796199917793273926e-02,3.172673285007476807e-02,2.011896669864654541e-02,6.249812245368957520e-02,1.049668341875076294e-01,2.176481187343597412e-01,2.663590610027313232e-01,1.536032110452651978e-01,1.812810897827148438e-01,4.426605105400085449e-01,3.350532948970794678e-01,2.913463115692138672e-01,2.379126399755477905e-01,2.456146329641342163e-01,1.567760556936264038e-01,5.728160962462425232e-02,6.959386169910430908e-02,6.283029913902282715e-01,7.086280584335327148e-01,6.099808216094970703e-01,6.391360759735107422e-01,5.948644876480102539e-01,6.300366520881652832e-01,5.243751406669616699e-01,6.298062801361083984e-01,5.612807869911193848e-01,4.918951094150543213e-01,4.766789078712463379e-01,3.710382580757141113e-01,4.302141368389129639e-01,2.836427688598632812e-01,-9.842754900455474854e-02,-1.001500412821769714e-01,6.990434974431991577e-02,6.117552146315574646e-02,9.747657179832458496e-02,2.001114562153816223e-02,1.909928619861602783e-01,1.779279112815856934e-01,2.017236351966857910e-01,2.286307811737060547e-01,2.541082501411437988e-01,4.060910940170288086e-01,2.203761599957942963e-02,3.285848498344421387e-01,2.532500326633453369e-01,3.042610585689544678e-01,3.628789633512496948e-02,6.532169133424758911e-02,6.792732048779726028e-03,1.313665807247161865e-01,2.962509393692016602e-01,6.655017286539077759e-02,1.514923721551895142e-01,1.772947758436203003e-01,-9.306432306766510010e-02,-2.099060267210006714e-02,-7.553765922784805298e-02,-5.170096084475517273e-02,2.321437001228332520e-01,1.170819997787475586e-01,3.221135735511779785e-01,3.655919432640075684e-01,3.434459269046783447e-01,3.146089613437652588e-01,-9.385394304990768433e-02,-3.365356102585792542e-02,1.569944173097610474e-01,8.325169980525970459e-02,-1.141004730015993118e-02,-1.503673344850540161e-01,-1.357614248991012573e-01,1.026022583246231079e-01,5.676138401031494141e-02,1.582596451044082642e-01,-1.162972953170537949e-02,-8.115895092487335205e-02
6.261116266250610352e-01,4.589885473251342773e-01,1.000000000000000000e+00,6.362444162368774414e-01,-1.844391822814941406e-01,3.582527488470077515e-02,7.447587251663208008e-01,5.642428994178771973e-01,-3.417393192648887634e-02,9.857167303562164307e-02,2.890493273735046387e-01,1.718982458114624023e-01,4.569605886936187744e-01,3.643393218517303467e-01,-1.679816097021102905e-01,1.276111043989658356e-02,1.562040299177169800e-01,2.076130211353302002e-01,5.702289938926696777e-01,4.308596253395080566e-01,-5.604660604149103165e-03,1.345217823982238770e-01,7.254393696784973145e-01,6.977496743202209473e-01,2.292118668556213379e-01,1.803787499666213989e-01,-1.645272672176361084e-01,-5.482847988605499268e-02,3.822887316346168518e-02,1.123033463954925537e-01,3.057855963706970215e-01,2.749918401241302490e-01,1.837328076362609863e-01,1.239684447646141052e-01,6.902742385864257812e-02,1.481000566855072975e-03,6.975254416465759277e-02,-9.445533505640923977e-04,2.880193106830120087e-02,1.636706143617630005e-01,1.546423286199569702e-01,5.880245938897132874e-02,-7.233726978302001953e-02,-2.788165770471096039e-02,1.337935179471969604e-01,1.624661237001419067e-01,6.441130489110946655e-02,1.843301765620708466e-02,2.468703538179397583e-01,2.011142522096633911e-01,1.190287917852401733e-01,6.179789081215858459e-02,1.943774335086345673e-02,-5.409803241491317749e-03,-1.454562973231077194e-02,-4.933362454175949097e-02,4.471894502639770508e-01,5.409145951271057129e-01,4.313857257366180420e-01,4.529278278350830078e-01,3.388924002647399902e-01,3.200663924217224121e-01,2.644584178924560547e-01,2.815137207508087158e-01,2.904599905014038086e-01,3.739768862724304199e-01,3.425017893314361572e-01,2.409827262163162231e-01,3.714958727359771729e-01,2.596943974494934082e-01,2.576822042465209961e-01,1.126336678862571716e-01,1.240944676101207733e-02,-1.835611276328563690e-02,4.365284461528062820e-03,-1.870815157890319824e-01,2.375138550996780396e-01,1.622284054756164551e-01,1.024245992302894592e-01,1.158724054694175720e-01,8.063569664955139160e-02,4.929674416780471802e-02,6.157033890485763550e-02,2.829879522323608398e-01,1.983135044574737549e-01,9.840919077396392822e-02,-2.600606530904769897e-02,9.972257912158966064e-02,-1.317870467901229858e-01,-1.180680375546216965e-02,8.267881721258163452e-02,1.090897470712661743e-01,-4.070430248975753784e-02,1.708743721246719360e-01,2.659057080745697021e-02,-2.929994650185108185e-02,2.777483128011226654e-02,-4.649318009614944458e-02,6.755185872316360474e-02,1.106644123792648315e-01,2.281455546617507935e-01,3.347954154014587402e-01,3.195255100727081299e-01,3.047723472118377686e-01,9.926817566156387329e-02,1.973821967840194702e-01,2.621754109859466553e-01,2.262650579214096069e-01,-1.258460571989417076e-03,-4.217788949608802795e-02,1.114660501480102539e-01,5.914093181490898132e-02,9.203547984361648560e-02,1.634629964828491211e-01,1.151049733161926270e-01,6.663798354566097260e-03
6.524626612663269043e-01,7.022368311882019043e-01,6.362444162368774414e-01,1.000000000000000000e+00,-1.637599170207977295e-01,6.841149926185607910e-02,6.818653941154479980e-01,7.797890305519104004e-01,-2.214728295803070068e-02,1.597951203584671021e-01,2.983422577381134033e-01,4.562011659145355225e-01,4.075024425983428955e-01,5.469707250595092773e-01,-2.115294337272644043e-01,5.893296748399734497e-02,2.086830139160156250e-01,2.891581058502197266e-01,4.964158535003662109e-01,4.131371676921844482e-01,-6.567388027906417847e-02,-3.284909203648567200e-02,5.724783539772033691e-01,7.208492755889892578e-01,1.151592209935188293e-01,1.626503914594650269e-01,-1.925510019063949585e-01,-8.275388181209564209e-02,4.394169524312019348e-02,1.138960197567939758e-01,2.291294932365417480e-01,2.905861437320709229e-01,5.454507097601890564e-02,7.818771153688430786e-02,-3.588194400072097778e-02,-3.712366148829460144e-02,-7.515597343444824219e-02,-1.325022280216217041e-01,-1.347114294767379761e-01,2.159923547878861427e-03,3.096437454223632812e-02,-1.377844903618097305e-02,-1.144371107220649719e-01,-5.621239915490150452e-02,1.288117468357086182e-01,1.565705239772796631e-01,-2.168937586247920990e-02,3.044691495597362518e-02,3.568456470966339111e-01,2.434702068567276001e-01,1.839906424283981323e-01,1.090999841690063477e-01,5.379165709018707275e-02,3.406861424446105957e-02,-1.234856992959976196e-01,-9.060999751091003418e-02,5.479736328125000000e-01,6.571929454803466797e-01,5.644078850746154785e-01,6.006019115447998047e-01,5.200836062431335449e-01,5.313250422477722168e-01,3.942922949790954590e-01,4.905303716659545898e-01,4.865981042385101318e-01,5.321769118309020996e-01,3.785018324851989746e-01,2.810863852500915527e-01,3.818638324737548828e-01,2.605372369289398193e-01,-6.727518886327743530e-02,-1.041609719395637512e-01,-3.716001659631729126e-02,-5.409108847379684448e-02,-4.855128750205039978e-02,-1.623695939779281616e-01,7.906791567802429199e-02,3.648844733834266663e-02,1.147173270583152771e-01,1.571542620658874512e-01,1.239185258746147156e-01,2.003841251134872437e-01,-2.211687341332435608e-02,3.083279430866241455e-01,1.833774000406265259e-01,2.114938944578170776e-01,-8.836567401885986328e-02,8.200238645076751709e-02,-1.435843855142593384e-01,3.377299010753631592e-02,1.935190111398696899e-01,2.078639715909957886e-02,8.927068114280700684e-02,1.451090127229690552e-01,-1.022339835762977600e-01,-6.017433106899261475e-02,-1.605758517980575562e-01,-1.583826243877410889e-01,5.049623548984527588e-02,-7.105221040546894073e-03,2.741937339305877686e-01,3.350104987621307373e-01,2.945635616779327393e-01,2.844906151294708252e-01,-9.173840284347534180e-02,-2.899085171520709991e-02,1.799752414226531982e-01,1.154549270868301392e-01,-7.676004618406295776e-02,-1.841955631971359253e-01,-1.824842691421508789e-01,-1.864519342780113220e-02,-6.542627513408660889e-02,7.392110675573348999e-02,-8.010158687829971313e-02,-1.010508909821510315e-01
-1.087112277746200562e-01,-7.513375580310821533e-02,-1.844391822814941406e-01,-1.637599170207977295e-01,1.000000000000000000e+00,6.470351219177246094e-01,-2.379414588212966919e-01,-1.958371996879577637e-01,7.428240180015563965e-01,5.370653867721557617e-01,3.137466013431549072e-01,1.817951053380966187e-01,2.006327509880065918e-01,1.724727004766464233e-01,7.478681206703186035e-01,6.485719680786132812e-01,2.368234097957611084e-01,1.907150745391845703e-01,-3.755977377295494080e-02,-3.417030721902847290e-02,5.360069274902343750e-01,3.990393877029418945e-01,1.124287769198417664e-01,-5.009074881672859192e-02,5.266919136047363281e-01,5.843319892883300781e-01,7.564669251441955566e-01,6.840897798538208008e-01,2.994884550571441650e-01,3.194473087787628174e-01,4.529722630977630615e-01,4.731895029544830322e-01,2.146588116884231567e-01,1.464002877473831177e-01,3.248158693313598633e-01,1.967481374740600586e-01,3.319436907768249512e-01,1.996884122490882874e-02,2.500883042812347412e-01,4.486069828271865845e-02,3.097093403339385986e-01,1.152672693133354187e-01,4.452243447303771973e-01,3.018224239349365234e-01,2.424581050872802734e-01,1.674091368913650513e-01,2.504201531410217285e-01,1.533921808004379272e-01,9.771013259887695312e-02,2.495350502431392670e-02,3.177552819252014160e-01,9.067635983228683472e-02,1.657673418521881104e-01,8.846885710954666138e-02,4.234480857849121094e-01,1.499678939580917358e-01,5.719936639070510864e-02,-8.104977011680603027e-02,-9.646666049957275391e-02,-1.476839780807495117e-01,-1.474766619503498077e-02,-6.031937152147293091e-02,1.541498601436614990e-01,-2.302061038790270686e-04,5.575869604945182800e-02,-6.226469948887825012e-02,2.513720691204071045e-01,3.066808581352233887e-01,1.393377631902694702e-01,2.177623212337493896e-01,2.353883236646652222e-01,1.642706990242004395e-01,2.630279064178466797e-01,-2.471421472728252411e-02,3.829777538776397705e-01,7.573153823614120483e-02,2.296681553125381470e-01,1.992735415697097778e-01,2.999359369277954102e-01,9.831743687391281128e-02,2.462626248598098755e-01,1.605544835329055786e-01,2.777473628520965576e-01,2.536836266517639160e-01,4.475483000278472900e-01,2.168708145618438721e-01,4.697491526603698730e-01,5.458314418792724609e-01,6.470562815666198730e-01,2.884336709976196289e-01,4.777858778834342957e-02,3.782412111759185791e-01,2.911562919616699219e-01,2.015100270509719849e-01,5.383887141942977905e-02,7.044102996587753296e-03,1.331094354391098022e-01,1.237412914633750916e-01,1.726575642824172974e-01,1.424939334392547607e-01,-6.377821415662765503e-02,-1.677324324846267700e-01,-2.002543807029724121e-01,-1.563182622194290161e-01,9.653507918119430542e-02,-2.553801797330379486e-02,-1.108896806836128235e-01,-1.277223080396652222e-01,9.669606387615203857e-02,9.661510586738586426e-02,1.924382150173187256e-01,2.316499948501586914e-01,2.018312662839889526e-01,6.741958856582641602e-02,6.321781128644943237e-02,-1.235049311071634293e-02
1.846585981547832489e-02,4.046903550624847412e-02,3.582527488470077515e-02,6.841149926185607910e-02,6.470351219177246094e-01,1.000000000000000000e+00,-8.197573013603687286e-03,1.115520820021629333e-01,5.840289592742919922e-01,8.136259317398071289e-01,2.997592389583587646e-01,1.250300705432891846e-01,2.960033416748046875e-01,3.793943524360656738e-01,5.225315690040588379e-01,7.847226858139038086e-01,1.371995508670806885e-01,4.119761660695075989e-02,-6.502033025026321411e-02,-1.063955426216125488e-01,4.419158399105072021e-01,3.736398518085479736e-01,1.964826136827468872e-01,1.540807485580444336e-01,6.110119819641113281e-01,7.802054286003112793e-01,6.876885294914245605e-01,7.674345374107360840e-01,1.685206592082977295e-01,1.316896975040435791e-01,4.720305502414703369e-01,6.283403635025024414e-01,5.866558756679296494e-03,-9.145883470773696899e-02,1.902024745941162109e-01,7.083810120820999146e-02,1.724963188171386719e-01,-2.263723015785217285e-01,1.260245591402053833e-01,-1.068204119801521301e-01,2.383189648389816284e-01,-4.206471517682075500e-02,2.507237493991851807e-01,8.002508431673049927e-02,1.399514824151992798e-01,8.066659420728683472e-02,5.568717047572135925e-02,-2.861387841403484344e-02,1.785098761320114136e-01,6.934672594070434570e-02,1.997095793485641479e-01,9.430174529552459717e-02,1.533830817788839340e-02,-4.161454737186431885e-03,1.902035921812057495e-01,-1.111244484782218933e-01,1.342274695634841919e-01,6.628038734197616577e-02,5.941862612962722778e-02,3.291930258274078369e-02,8.982940763235092163e-02,7.773056626319885254e-02,1.783573478460311890e-01,6.091097742319107056e-02,1.397856473922729492e-01,9.175799041986465454e-02,2.451984882354736328e-01,2.324347198009490967e-01,4.118011891841888428e-02,1.013895943760871887e-01,1.488399952650070190e-01,2.687140181660652161e-02,1.900889575481414795e-01,-3.116464614868164062e-01,2.266343384981155396e-01,-1.573059707880020142e-01,9.081116318702697754e-02,6.385597586631774902e-02,1.849125623703002930e-01,-1.059386879205703735e-01,1.277187019586563110e-01,-5.117426067590713501e-02,1.627796143293380737e-01,3.182002305984497070e-01,2.481156140565872192e-01,2.820185944437980652e-02,2.977906763553619385e-01,5.749282240867614746e-01,3.931604921817779541e-01,3.616907820105552673e-02,-4.733496159315109253e-02,2.292115390300750732e-01,9.644046425819396973e-02,7.143862545490264893e-02,-1.156197022646665573e-02,-6.659234315156936646e-02,-3.646573796868324280e-02,-9.342176467180252075e-02,4.631217569112777710e-03,-1.919113658368587494e-02,-1.205745711922645569e-01,-1.678942143917083740e-01,-2.060623168945312500e-01,-1.768227964639663696e-01,-8.125343173742294312e-02,-1.315192878246307373e-01,-4.545760154724121094e-02,-8.612363040447235107e-02,-4.272884875535964966e-02,-1.199970114976167679e-02,2.858094871044158936e-02,5.948031321167945862e-02,6.938484311103820801e-02,-7.794049382209777832e-02,-7.798220217227935791e-02,-5.964524298906326294e-02
6.648558378219604492e-01,5.656071901321411133e-01,7.447587251663208008e-01,6.818653941154479980e-01,-2.379414588212966919e-01,-8.197573013603687286e-03,1.000000000000000000e+00,6.827879548072814941e-01,-1.302539370954036713e-02,8.462756127119064331e-02,3.521712124347686768e-01,3.273362219333648682e-01,5.808258652687072754e-01,4.044091105461120605e-01,-2.462386488914489746e-01,-2.651925571262836456e-02,2.678335905075073242e-01,2.445459216833114624e-01,5.120840072631835938e-01,3.382565081119537354e-01,-7.731720060110092163e-02,1.019252743571996689e-02,5.525017380714416504e-01,5.798940658569335938e-01,8.367779105901718140e-02,9.495490044355392456e-02,-2.767580151557922363e-01,-1.531272530555725098e-01,9.674171358346939087e-02,1.126377061009407043e-01,2.395501285791397095e-01,2.436878085136413574e-01,1.938644349575042725e-01,1.673408895730972290e-01,5.436431244015693665e-02,1.369168609380722046e-02,1.033263653516769409e-02,-7.488360255956649780e-02,-4.844753071665763855e-02,7.694511860609054565e-02,1.103389710187911987e-01,3.029461018741130829e-02,-7.675489783287048340e-02,-2.692422084510326385e-02,1.701561212539672852e-01,1.691953092813491821e-01,7.302088290452957153e-02,8.360034227371215820e-02,3.152367770671844482e-01,2.415814399719238281e-01,1.787649542093276978e-01,1.168470755219459534e-01,1.344430446624755859e-01,7.220623642206192017e-02,-5.619978532195091248e-02,-2.316378615796566010e-02,4.834183156490325928e-01,5.268614292144775391e-01,4.663574695587158203e-01,5.496637225151062012e-01,4.511128962039947510e-01,4.909149110317230225e-01,3.736709654331207275e-01,4.479796588420867920e-01,4.877509176731109619e-01,4.873433113098144531e-01,3.467283844947814941e-01,2.286266386508941650e-01,3.018419146537780762e-01,1.143785119056701660e-01,1.043300777673721313e-01,3.469956293702125549e-02,8.653228729963302612e-02,1.921694725751876831e-02,7.303229067474603653e-03,-1.029995828866958618e-01,2.372442930936813354e-01,1.877736747264862061e-01,1.213256716728210449e-01,1.029831394553184509e-01,1.381187289953231812e-01,1.432728320360183716e-01,3.861920163035392761e-02,3.333872854709625244e-01,2.003128528594970703e-01,1.312315016984939575e-01,-1.312977075576782227e-01,8.528240956366062164e-03,-1.916225403547286987e-01,-8.079593069851398468e-03,2.164667248725891113e-01,3.142138570547103882e-02,8.148626075126230717e-04,1.482031643390655518e-01,-3.943112120032310486e-02,-3.860457241535186768e-02,-5.831315368413925171e-02,-9.684973210096359253e-02,1.443009227514266968e-01,1.152516081929206848e-01,3.122775256633758545e-01,4.456966519355773926e-01,4.350064694881439209e-01,3.999406695365905762e-01,8.547148853540420532e-02,1.758493036031723022e-01,2.747640013694763184e-01,2.001988887786865234e-01,-2.328749746084213257e-03,-1.292099952697753906e-01,-2.757601439952850342e-02,6.343186646699905396e-02,3.627081215381622314e-02,1.821899712085723877e-01,7.181324064731597900e-02,-1.089413126464933157e-04
5.399917960166931152e-01,6.652892827987670898e-01,5.642428994178771973e-01,7.797890305519104004e-01,-1.958371996879577637e-01,1.115520820021629333e-01,6.827879548072814941e-01,1.000000000000000000e+00,-3.500634059309959412e-02,2.306672334671020508e-01,2.497880458831787109e-01,4.448966979980468750e-01,4.195258021354675293e-01,6.264805197715759277e-01,-2.753549814224243164e-01,9.091120213270187378e-02,1.487158685922622681e-01,2.225604057312011719e-01,3.490507304668426514e-01,1.916975975036621094e-01,-7.281081378459930420e-02,-7.118816673755645752e-02,4.318769872188568115e-01,5.940178632736206055e-01,1.126606389880180359e-01,1.734629273414611816e-01,-2.225195616483688354e-01,-7.984241843223571777e-02,-2.620359696447849274e-02,2.991331741213798523e-02,2.035157978534698486e-01,2.982130944728851318e-01,2.469169348478317261e-02,3.578007221221923828e-02,1.934781856834888458e-02,9.805264882743358612e-03,-1.530707180500030518e-01,-2.143609523773193359e-01,-1.877791136503219604e-01,-6.955778598785400391e-02,4.302347451448440552e-02,-3.082794137299060822e-02,-1.247538253664970398e-01,-6.655637919902801514e-02,1.232366263866424561e-01,1.809062510728836060e-01,-6.947533041238784790e-02,3.363561630249023438e-02,3.745990097522735596e-01,3.060945570468902588e-01,1.776653975248336792e-01,1.862132549285888672e-01,4.401540011167526245e-02,7.129896432161331177e-02,-1.850537210702896118e-01,-1.377318948507308960e-01,4.422619044780731201e-01,5.845701098442077637e-01,4.938758611679077148e-01,6.309002041816711426e-01,4.699408411979675293e-01,5.991500020027160645e-01,3.499935567378997803e-01,5.065448880195617676e-01,5.246855020523071289e-01,6.006616950035095215e-01,3.104395568370819092e-01,2.324149459600448608e-01,1.745876669883728027e-01,5.088430643081665039e-02,-1.214692294597625732e-01,-1.003747731447219849e-01,-1.061995886266231537e-02,-6.724077463150024414e-02,-9.385783225297927856e-02,-1.613348871469497681e-01,7.310477644205093384e-02,6.386792659759521484e-02,2.549343369901180267e-02,5.921021476387977600e-02,4.670906811952590942e-02,1.754425764083862305e-01,-7.871902734041213989e-02,3.135259151458740234e-01,1.178726851940155029e-01,2.115276157855987549e-01,-1.779689043760299683e-01,8.685988374054431915e-03,-1.958262771368026733e-01,-3.139717876911163330e-02,2.179227024316787720e-01,-1.630015112459659576e-02,1.444442383944988251e-02,1.165403574705123901e-01,-1.510737091302871704e-01,-1.057983636856079102e-01,-2.334888130426406860e-01,-2.287540733814239502e-01,4.952155053615570068e-02,-8.643933571875095367e-03,2.573388814926147461e-01,3.360612392425537109e-01,3.185170888900756836e-01,3.042730093002319336e-01,-1.271650940179824829e-01,-4.138326644897460938e-02,1.781506091356277466e-01,6.699492782354354858e-02,-8.378962427377700806e-02,-2.375756651163101196e-01,-2.543134689331054688e-01,-3.892474994063377380e-02,-1.030686050653457642e-01,3.174114972352981567e-02,-9.697714447975158691e-02,-1.100765988230705261e-01
5.255653336644172668e-02,6.322962790727615356e-02,-3.417393192648887634e-02,-2.214728295803070068e-02,7.428240180015563965e-01,5.840289592742919922e-01,-1.302539370954036713e-02,-3.500634059309959412e-02,1.000000000000000000e+00,5.075548887252807617e-01,3.835358917713165283e-01,3.007486760616302490e-01,3.764125108718872070e-01,2.648272514343261719e-01,7.063732743263244629e-01,5.850603580474853516e-01,3.675164878368377686e-01,2.866736352443695068e-01,6.712042540311813354e-02,6.123398197814822197e-04,4.999715089797973633e-01,3.929809927940368652e-01,2.050816416740417480e-01,3.266293182969093323e-02,5.205411314964294434e-01,5.419225692749023438e-01,6.380020976066589355e-01,5.841146111488342285e-01,3.128392398357391357e-01,3.559712767601013184e-01,5.118352174758911133e-01,5.026733875274658203e-01,2.963855564594268799e-01,2.270412743091583252e-01,3.659222126007080078e-01,2.206852436065673828e-01,3.687004148960113525e-01,7.200006395578384399e-02,2.809145152568817139e-01,1.206301525235176086e-01,3.746306896209716797e-01,1.010492742061614990e-01,4.588403105735778809e-01,3.577559590339660645e-01,2.711092531681060791e-01,2.518807351589202881e-01,3.127294182777404785e-01,2.531672716140747070e-01,2.247811406850814819e-01,1.521169096231460571e-01,4.413700997829437256e-01,1.856932044029235840e-01,2.805545032024383545e-01,1.703089475631713867e-01,4.579255580902099609e-01,2.114059180021286011e-01,1.823540776968002319e-01,3.535605221986770630e-02,3.527538850903511047e-02,2.657545916736125946e-02,1.550961732864379883e-01,9.741389006376266479e-02,2.768182456493377686e-01,1.564173400402069092e-01,2.365822345018386841e-01,1.077894344925880432e-01,3.356131315231323242e-01,3.767623007297515869e-01,2.093779444694519043e-01,2.028761655092239380e-01,2.527416944503784180e-01,2.002807259559631348e-01,3.028622865676879883e-01,5.789268016815185547e-02,4.024721384048461914e-01,1.040210574865341187e-01,3.770546615123748779e-01,3.234731554985046387e-01,2.992284893989562988e-01,1.820830404758453369e-01,2.837614119052886963e-01,2.722483277320861816e-01,2.674978375434875488e-01,3.303092420101165771e-01,5.378763675689697266e-01,3.208885192871093750e-01,4.344685077667236328e-01,5.287365317344665527e-01,6.324070692062377930e-01,3.593478798866271973e-01,1.998178660869598389e-01,3.822399079799652100e-01,3.443663120269775391e-01,2.945268452167510986e-01,2.675880910828709602e-03,-2.162681333720684052e-02,1.094533801078796387e-01,1.247691586613655090e-01,2.610704004764556885e-01,2.273453325033187866e-01,8.093912154436111450e-02,2.852929197251796722e-02,1.232355600222945213e-03,3.590905293822288513e-02,2.073707729578018188e-01,8.023050427436828613e-02,-1.397532969713211060e-02,-8.759786933660507202e-02,1.385677307844161987e-01,3.286806121468544006e-02,1.707258075475692749e-01,2.875027954578399658e-01,2.737824916839599609e-01,2.223112583160400391e-01,1.442799717187881470e-01,6.625564396381378174e-02
5.576938018202781677e-02,8.606044948101043701e-02,9.857167303562164307e-02,1.597951203584671021e-01,5.370653867721557617e-01,8.136259317398071289e-01,8.462756127119064331e-02,2.306672334671020508e-01,5.075548887252807617e-01,1.000000000000000000e+00,2.764902710914611816e-01,1.329818367958068848e-01,3.135959506034851074e-01,4.641115069389343262e-01,4.051796793937683105e-01,7.804725766181945801e-01,1.054332628846168518e-01,-7.887440733611583710e-03,-2.458158880472183228e-02,-1.224627196788787842e-01,3.566931486129760742e-01,2.936672270298004150e-01,2.027371227741241455e-01,1.875383555889129639e-01,5.719803571701049805e-01,7.439187169075012207e-01,5.760230422019958496e-01,6.904205679893493652e-01,1.208037063479423523e-01,5.763113871216773987e-02,4.341469407081604004e-01,6.117625832557678223e-01,-3.759194165468215942e-02,-1.526000052690505981e-01,1.535201817750930786e-01,4.743546992540359497e-02,1.130510419607162476e-01,-2.676977813243865967e-01,8.095516264438629150e-02,-1.465776413679122925e-01,2.078324854373931885e-01,-8.559928089380264282e-02,1.594454199075698853e-01,1.990302093327045441e-02,1.034774854779243469e-01,5.899263918399810791e-02,-1.375196618027985096e-03,-3.682183846831321716e-02,1.945742070674896240e-01,8.480273187160491943e-02,1.897176504135131836e-01,9.901225566864013672e-02,3.564537735655903816e-03,-1.744510489515960217e-03,9.118835628032684326e-02,-1.749484837055206299e-01,1.080991029739379883e-01,8.343137800693511963e-02,5.796840786933898926e-02,9.454531967639923096e-02,9.198724478483200073e-02,1.239733695983886719e-01,1.435153633356094360e-01,7.957462221384048462e-02,1.826673001050949097e-01,1.401669532060623169e-01,1.987399607896804810e-01,1.700064688920974731e-01,2.914360491558909416e-03,7.596937008202075958e-03,1.103455573320388794e-01,3.572170389816164970e-03,1.748510003089904785e-01,-3.498379290103912354e-01,1.577339023351669312e-01,-1.996762752532958984e-01,6.938723474740982056e-02,4.031435027718544006e-02,1.447124928236007690e-01,-1.618725508451461792e-01,8.841889351606369019e-02,-8.922756463289260864e-02,1.308185309171676636e-01,3.299381136894226074e-01,1.992274373769760132e-01,-2.739431569352746010e-03,1.887875199317932129e-01,5.257476568222045898e-01,2.690216302871704102e-01,-1.923209801316261292e-02,-1.084237545728683472e-02,1.645673811435699463e-01,8.196913450956344604e-02,8.764606714248657227e-02,-2.113120444118976593e-02,-7.566380500793457031e-02,-7.230828702449798584e-02,-1.371816545724868774e-01,-2.294070273637771606e-02,-5.068986490368843079e-02,-7.849993556737899780e-02,-1.113695725798606873e-01,-1.364153623580932617e-01,-1.278088539838790894e-01,-1.097798645496368408e-01,-1.552685052156448364e-01,-2.282681874930858612e-02,-6.504826992750167847e-02,-4.315052926540374756e-02,-4.702022299170494080e-02,-3.177057579159736633e-02,3.297919780015945435e-02,2.589761652052402496e-02,-1.003644838929176331e-01,-9.852264821529388428e-02,-6.722252070903778076e-02
4.688790142536163330e-01,2.778815925121307373e-01,2.890493273735046387e-01,2.983422577381134033e-01,3.137466013431549072e-01,2.997592389583587646e-01,3.521712124347686768e-01,2.497880458831787109e-01,3.835358917713165283e-01,2.764902710914611816e-01,1.000000000000000000e+00,3.637196123600006104e-01,6.488040089607238770e-01,3.284398019313812256e-01,3.599929511547088623e-01,2.948221862316131592e-01,3.932758271694183350e-01,2.208679020404815674e-01,3.092177808284759521e-01,1.874981224536895752e-01,2.094900906085968018e-01,1.201891079545021057e-01,3.517385125160217285e-01,3.157084882259368896e-01,2.731654345989227295e-01,3.264376223087310791e-01,2.360279262065887451e-01,2.474792748689651489e-01,4.172801673412322998e-01,2.927253842353820801e-01,3.676308989524841309e-01,3.822272717952728271e-01,1.619264185428619385e-01,1.665984243154525757e-01,1.127943843603134155e-01,4.664784297347068787e-02,1.864514946937561035e-01,-1.026105582714080811e-01,3.326842561364173889e-03,2.048533409833908081e-02,1.482186466455459595e-01,3.756866976618766785e-02,9.225810319185256958e-02,3.267252817749977112e-02,1.685239821672439575e-01,7.377559691667556763e-02,9.655000269412994385e-02,4.169964417815208435e-02,2.286691367626190186e-01,2.917214110493659973e-02,2.624495327472686768e-01,-1.794976554811000824e-02,5.717224627733230591e-02,-2.164058759808540344e-02,6.906236708164215088e-02,-8.317866362631320953e-03,4.199893176555633545e-01,2.664161324501037598e-01,2.669992744922637939e-01,2.059129178524017334e-01,3.679668903350830078e-01,2.711496055126190186e-01,3.811963200569152832e-01,3.259054720401763916e-01,4.107627272605895996e-01,2.425417304039001465e-01,3.090968430042266846e-01,2.248582094907760620e-01,2.399064600467681885e-01,2.504785656929016113e-01,9.352210164070129395e-02,-1.192902028560638428e-02,2.771797180175781250e-01,-5.860519595444202423e-03,2.885761857032775879e-01,1.746219769120216370e-02,2.003140449523925781e-01,1.337943226099014282e-01,2.626009881496429443e-01,1.328809708356857300e-01,2.030326128005981445e-01,1.753538250923156738e-01,1.520622521638870239e-01,3.146285414695739746e-01,3.957926034927368164e-01,1.100783348083496094e-01,9.826984256505966187e-02,2.574113011360168457e-01,2.041664421558380127e-01,7.235665619373321533e-02,-2.294292487204074860e-02,8.533068746328353882e-02,8.778720349073410034e-02,8.298479020595550537e-02,-8.132261782884597778e-02,-1.373270004987716675e-01,-1.603385806083679199e-01,-1.203743070363998413e-01,4.110329970717430115e-02,-1.483293436467647552e-02,6.883198767900466919e-02,8.246357738971710205e-02,1.308557018637657166e-02,6.322591006755828857e-02,5.039276182651519775e-02,2.636162796989083290e-03,9.685825556516647339e-02,-8.811407536268234253e-02,-2.260586479678750038e-03,-1.419403702020645142e-01,-5.885848030447959900e-02,3.370486944913864136e-02,-4.298797622323036194e-02,2.813736349344253540e-02,-1.674264110624790192e-02,-1.281260699033737183e-02
3.472947180271148682e-01,5.373649597167968750e-01,1.718982458114624023e-01,4.562011659145355225e-01,1.817951053380966187e-01,1.250300705432891846e-01,3.273362219333648682e-01,4.448966979980468750e-01,3.007486760616302490e-01,1.329818367958068848e-01,3.637196123600006104e-01,1.000000000000000000e+00,4.473269283771514893e-01,5.516030192375183105e-01,1.658296138048171997e-01,1.906953752040863037e-01,3.987388312816619873e-01,5.022308230400085449e-01,2.668294608592987061e-01,2.613902986049652100e-01,1.209140196442604065e-01,5.040036514401435852e-02,2.311848849058151245e-01,3.014727830886840820e-01,9.703952074050903320e-02,1.522170007228851318e-01,4.500216618180274963e-02,3.129561617970466614e-02,2.867168486118316650e-01,3.873417079448699951e-01,2.607480287551879883e-01,2.938772141933441162e-01,2.261982113122940063e-01,3.592106997966766357e-01,1.117131561040878296e-01,1.063924804329872131e-01,1.172600835561752319e-01,-6.124374922364950180e-03,-1.642581075429916382e-02,1.654764451086521149e-02,1.774797886610031128e-01,9.489960968494415283e-02,1.212643906474113464e-01,1.653918772935867310e-01,1.871748417615890503e-01,2.311043590307235718e-01,1.602551043033599854e-01,2.035796791315078735e-01,2.810405790805816650e-01,2.021948993206024170e-01,2.492523491382598877e-01,1.839216649532318115e-01,1.913930177688598633e-01,1.763148158788681030e-01,1.043849140405654907e-01,1.154624521732330322e-01,3.903003633022308350e-01,3.633582293987274170e-01,2.942193150520324707e-01,3.321987688541412354e-01,4.474572539329528809e-01,4.709429144859313965e-01,5.085092186927795410e-01,5.371671915054321289e-01,4.787007570266723633e-01,3.754674792289733887e-01,3.068592846393585205e-01,2.994462847709655762e-01,2.689073681831359863e-01,1.348048299551010132e-01,-1.012889388948678970e-02,5.386764556169509888e-02,2.064477354288101196e-01,2.572527825832366943e-01,1.733487993478775024e-01,1.917036622762680054e-01,2.436921298503875732e-01,2.577159404754638672e-01,1.835117638111114502e-01,2.999622821807861328e-01,2.326404750347137451e-01,4.747380912303924561e-01,6.271214038133621216e-02,3.495962023735046387e-01,3.637636601924896240e-01,4.147878289222717285e-01,9.117641299962997437e-02,1.251026242971420288e-01,1.442832499742507935e-01,2.484735697507858276e-01,2.944723069667816162e-01,1.909599304199218750e-01,2.433373183012008667e-01,1.658252477645874023e-01,-1.738547980785369873e-01,-1.386256515979766846e-01,-1.361560672521591187e-01,-6.971218436956405640e-02,2.136106044054031372e-01,1.204088851809501648e-01,2.622754275798797607e-01,2.568339407444000244e-01,2.093745023012161255e-01,2.462269067764282227e-01,5.392714217305183411e-02,2.256310917437076569e-02,5.577158555388450623e-02,-6.372135877609252930e-02,4.024937003850936890e-02,-1.114525720477104187e-01,-1.061249524354934692e-01,9.984719753265380859e-02,8.094605058431625366e-02,2.008836120367050171e-01,-1.657013222575187683e-02,-4.984024912118911743e-02
5.298727750778198242e-01,3.849217593669891357e-01,4.569605886936187744e-01,4.075024425983428955e-01,2.006327509880065918e-01,2.960033416748046875e-01,5.808258652687072754e-01,4.195258021354675293e-01,3.764125108718872070e-01,3.135959506034851074e-01,6.488040089607238770e-01,4.473269283771514893e-01,1.000000000000000000e+00,4.262206256389617920e-01,2.250108122825622559e-01,2.645949721336364746e-01,4.372596144676208496e-01,2.914342582225799561e-01,3.445627689361572266e-01,1.840240061283111572e-01,1.550488173961639404e-01,1.737549751996994019e-01,3.969489336013793945e-01,3.577034473419189453e-01,2.339503318071365356e-01,3.171424567699432373e-01,1.108802929520606995e-01,1.769139468669891357e-01,3.002344667911529541e-01,2.363838553428649902e-01,3.777923882007598877e-01,4.304782450199127197e-01,2.247117310762405396e-01,2.159345895051956177e-01,1.527522206306457520e-01,7.766963541507720947e-02,1.743503808975219727e-01,-9.232705086469650269e-02,3.592186793684959412e-02,5.167125165462493896e-02,2.369956672191619873e-01,8.860337734222412109e-02,4.712978005409240723e-02,-5.627213511615991592e-03,1.855278164148330688e-01,1.046964898705482483e-01,7.885403186082839966e-02,4.956344142556190491e-02,3.026523590087890625e-01,1.231734827160835266e-01,2.187632024288177490e-01,6.279128044843673706e-02,1.214974150061607361e-01,3.387570753693580627e-02,8.735818415880203247e-02,-4.092338681221008301e-02,4.398643076419830322e-01,3.391433060169219971e-01,3.371861279010772705e-01,3.454436957836151123e-01,4.638278186321258545e-01,4.380516707897186279e-01,5.007588267326354980e-01,4.655388295650482178e-01,5.345253348350524902e-01,3.405185937881469727e-01,3.602179586887359619e-01,2.529273033142089844e-01,2.393717914819717407e-01,1.458903849124908447e-01,1.674054712057113647e-01,8.280758559703826904e-02,2.978134751319885254e-01,1.718981191515922546e-02,2.299931347370147705e-01,8.178110234439373016e-03,3.204402625560760498e-01,2.633986175060272217e-01,1.927189081907272339e-01,1.011538058519363403e-01,1.861035823822021484e-01,1.821655482053756714e-01,1.282016187906265259e-01,4.117268621921539307e-01,3.556656539440155029e-01,1.145417913794517517e-01,5.972339585423469543e-02,1.971960663795471191e-01,9.990234673023223877e-02,2.894838713109493256e-02,1.400816291570663452e-01,1.499928534030914307e-01,9.107493609189987183e-02,1.671007126569747925e-01,-1.147579848766326904e-01,-1.349578350782394409e-01,-1.194910556077957153e-01,-1.262074857950210571e-01,1.372958123683929443e-01,9.874185174703598022e-02,2.210657745599746704e-01,3.010201454162597656e-01,2.686163783073425293e-01,2.745568454265594482e-01,1.404277086257934570e-01,1.343399733304977417e-01,1.873556673526763916e-01,1.152850873768329620e-02,4.531248286366462708e-02,-1.389623880386352539e-01,-4.217844083905220032e-02,8.899482339620590210e-02,4.709212109446525574e-02,1.683550924062728882e-01,6.508179008960723877e-02,2.593745850026607513e-02
