1.000000000000000000e+00,2.917007207870483398e-01,4.345337748527526855e-01,6.401059627532958984e-01,2.111773043870925903e-01,2.963553071022033691e-01,4.763334691524505615e-01,4.919453561305999756e-01,3.484452068805694580e-01,3.147408068180084229e-01,6.977069973945617676e-01,5.128454566001892090e-01,5.175509452819824219e-01,5.437571406364440918e-01,3.866484761238098145e-01,5.151919126510620117e-01,2.384832203388214111e-01,-1.618097163736820221e-02,4.737768471240997314e-01,6.489549279212951660e-01,1.714371591806411743e-01,4.646851122379302979e-02,-2.742369100451469421e-02,2.955777347087860107e-01,9.945371001958847046e-02,9.271121025085449219e-02,1.026425436139106750e-01,3.814155980944633484e-02,4.280805587768554688e-01,4.405341446399688721e-01,1.542015522718429565e-01,3.403228521347045898e-01,3.131845295429229736e-01,-9.604042768478393555e-02,8.700503408908843994e-02,1.753269433975219727e-01,3.210248947143554688e-01,2.982941865921020508e-01,1.891096234321594238e-01,2.747827768325805664e-01,1.082820743322372437e-01,4.593501985073089600e-02,4.043430462479591370e-02,-1.988576650619506836e-01,4.033907651901245117e-01,1.771409213542938232e-01,4.671883210539817810e-02,-9.393921494483947754e-02,5.036875009536743164e-01,2.269442081451416016e-01,2.223522216081619263e-01,-1.715826988220214844e-01,4.394242465496063232e-01,1.570253670215606689e-01,6.055551767349243164e-01,3.877787590026855469e-01,3.852529227733612061e-01,3.178133070468902588e-02,5.686554312705993652e-01,3.572510778903961182e-01,3.884999752044677734e-01,1.158622205257415771e-01,6.249402761459350586e-01,4.706038534641265869e-01,5.098015666007995605e-01,1.638268977403640747e-01,7.520291209220886230e-01,6.147468090057373047e-01,6.117041707038879395e-01,6.018928885459899902e-01,3.883013725280761719e-01,3.348854184150695801e-01,4.084624648094177246e-01,2.886138558387756348e-01,1.267571002244949341e-01,-7.155288942158222198e-03,3.113723993301391602e-01,1.582496613264083862e-01,2.619076669216156006e-01,-1.028466075658798218e-01,5.154707431793212891e-01,-2.789777331054210663e-02,2.152543216943740845e-01,-8.145664632320404053e-02,5.288424491882324219e-01,1.641345471143722534e-01,2.497687339782714844e-01,1.391823887825012207e-01,4.937266707420349121e-01,-1.668223179876804352e-02,3.768693208694458008e-01,-5.724735930562019348e-02,-1.714901775121688843e-01,-3.470474481582641602e-01,1.622026562690734863e-01,4.788291081786155701e-02,2.703047692775726318e-01,2.789201140403747559e-01,3.842643201351165771e-01,1.340701878070831299e-01,-1.212180629372596741e-01,-3.894363045692443848e-01,-6.760844495147466660e-03,-3.715076446533203125e-01,-9.760338068008422852e-02,-3.640151023864746094e-01,3.489117324352264404e-01,-1.400209367275238037e-01,1.450593173503875732e-01,8.819371461868286133e-02,1.133854687213897705e-01,5.270759388804435730e-02,-3.132124245166778564e-01,-9.074487537145614624e-02,-1.690660119056701660e-01,7.088845130056142807e-03
2.917007207870483398e-01,1.000000000000000000e+00,3.645877912640571594e-02,9.676718711853027344e-02,8.999590575695037842e-02,1.402289420366287231e-01,-1.159331202507019043e-02,3.126460313796997070e-02,5.323954299092292786e-02,1.580117791891098022e-01,2.650469839572906494e-01,4.623569548130035400e-01,1.298697888851165771e-01,2.904526293277740479e-01,8.598639816045761108e-02,2.046392112970352173e-01,-8.817267604172229767e-03,4.070896804332733154e-01,3.828422864899039268e-03,8.307593315839767456e-02,7.436470687389373779e-02,-2.903313934803009033e-02,1.839031875133514404e-01,8.975335955619812012e-02,1.449573338031768799e-01,3.310672193765640259e-02,3.637637197971343994e-02,2.661694027483463287e-02,1.238230317831039429e-01,2.519516348838806152e-01,8.678569458425045013e-03,6.930880248546600342e-02,2.786206901073455811e-01,3.111617565155029297e-01,-2.965777739882469177e-02,2.510360628366470337e-02,1.038836613297462463e-01,1.195493191480636597e-01,-1.226252019405364990e-01,1.253841817378997803e-01,1.223164051771163940e-01,1.919271051883697510e-01,1.056368201971054077e-01,2.565615177154541016e-01,9.209778904914855957e-02,2.560362815856933594e-01,-6.758421659469604492e-02,1.881965547800064087e-01,2.363985478878021240e-01,5.147766470909118652e-01,3.039629459381103516e-01,4.434910714626312256e-01,1.371593177318572998e-01,1.383221000432968140e-01,1.092997565865516663e-02,1.037863940000534058e-01,3.204187452793121338e-01,5.549367666244506836e-01,2.208422571420669556e-01,3.152854144573211670e-01,1.281641572713851929e-01,3.097412586212158203e-01,1.312182396650314331e-01,3.588237762451171875e-01,2.468284666538238525e-01,6.503389030694961548e-02,3.070768415927886963e-01,2.332682758569717407e-01,1.977674365043640137e-01,4.703616201877593994e-01,-1.987012475728988647e-02,6.186470016837120056e-02,6.891147792339324951e-02,3.660061061382293701e-01,-5.149120464920997620e-02,-2.183796465396881104e-02,4.135168343782424927e-02,1.706117987632751465e-01,1.005419194698333740e-01,6.381470710039138794e-02,5.445103719830513000e-02,1.510573923587799072e-01,1.811611205339431763e-01,3.406745791435241699e-01,1.704335063695907593e-01,2.886523604393005371e-01,1.692054867744445801e-01,2.814793586730957031e-01,-2.647072821855545044e-02,1.750118285417556763e-01,7.335370033979415894e-02,2.377918362617492676e-01,-5.439542233943939209e-02,2.424646168947219849e-01,-1.141867116093635559e-01,-3.317326307296752930e-02,-1.139316931366920471e-01,1.712884604930877686e-01,-2.766975015401840210e-02,2.983430922031402588e-01,7.484426349401473999e-02,1.953420042991638184e-01,4.726120829582214355e-02,9.065088629722595215e-02,5.659775808453559875e-02,4.295579344034194946e-02,2.034784108400344849e-02,8.773579448461532593e-02,-7.978847622871398926e-02,-1.865800321102142334e-01,1.829374209046363831e-02,1.326506398618221283e-02,3.261898458003997803e-02,-9.972726553678512573e-02,-9.528409689664840698e-02,-1.580321639776229858e-01
4.345337748527526855e-01,3.645877912640571594e-02,1.000000000000000000e+00,6.658073663711547852e-01,4.056172817945480347e-02,8.258910477161407471e-02,7.512509822845458984e-01,5.639021992683410645e-01,1.930046975612640381e-01,1.185470223426818848e-01,3.177292943000793457e-01,2.842641770839691162e-01,3.574502766132354736e-01,3.293244242668151855e-01,2.703727483749389648e-01,2.953277528285980225e-01,6.023107841610908508e-02,9.999315254390239716e-03,6.166695356369018555e-01,5.540836453437805176e-01,1.520146727561950684e-01,1.071072965860366821e-01,1.833806484937667847e-01,4.664418995380401611e-01,2.898704074323177338e-02,-2.322581224143505096e-02,4.614382050931453705e-03,-7.773951441049575806e-02,2.299153059720993042e-01,4.205701649188995361e-01,2.437475621700286865e-01,4.111627340316772461e-01,1.173261478543281555e-01,-6.445652991533279419e-02,1.322151571512222290e-01,2.158175259828567505e-01,3.339225351810455322e-01,3.165596723556518555e-01,1.426963210105895996e-01,2.861999273300170898e-01,1.497483998537063599e-01,1.648428291082382202e-01,9.022835642099380493e-02,4.452695697546005249e-02,3.658842742443084717e-01,3.168943822383880615e-01,2.135027498006820679e-01,1.941931098699569702e-01,4.024197757244110107e-01,1.448323577642440796e-01,7.372921705245971680e-02,-1.084284409880638123e-01,2.712628245353698730e-01,9.962742775678634644e-02,4.083858728408813477e-01,3.563680052757263184e-01,-5.854946002364158630e-02,8.373094722628593445e-03,4.174279570579528809e-01,2.423391044139862061e-01,1.620142310857772827e-01,3.595085814595222473e-02,3.456403315067291260e-01,2.032099366188049316e-01,3.829211890697479248e-01,3.044858574867248535e-01,4.300808906555175781e-01,4.262145757675170898e-01,1.644064486026763916e-01,2.262242287397384644e-01,3.723421096801757812e-01,4.038930833339691162e-01,2.143495678901672363e-01,1.704612076282501221e-01,8.216381072998046875e-02,1.063666678965091705e-02,1.402679979801177979e-01,1.171680167317390442e-01,4.487305507063865662e-02,-8.446435630321502686e-02,2.590950131416320801e-01,4.784473776817321777e-02,1.507663279771804810e-01,6.134046707302331924e-03,2.658954858779907227e-01,1.823432445526123047e-01,1.281304061412811279e-01,7.627318054437637329e-02,2.233864068984985352e-01,5.565718188881874084e-02,1.249491274356842041e-01,-6.077987141907215118e-03,-1.219042837619781494e-01,-1.058759391307830811e-01,2.536646723747253418e-01,1.965662986040115356e-01,3.146935105323791504e-01,3.257528543472290039e-01,2.899028062820434570e-01,1.716070771217346191e-01,-4.616999998688697815e-02,-8.593324571847915649e-02,9.938339143991470337e-02,-5.834537371993064880e-02,4.320627078413963318e-02,-1.196382641792297363e-01,2.106532752513885498e-01,-1.853682333603501320e-03,8.156002312898635864e-02,1.185157299041748047e-01,1.922019422054290771e-01,1.052018553018569946e-01,-9.093999862670898438e-02,1.315039694309234619e-01,5.000747740268707275e-03,3.409234434366226196e-02
6.401059627532958984e-01,9.676718711853027344e-02,6.658073663711547852e-01,1.000000000000000000e+00,1.091597974300384521e-01,1.595985591411590576e-01,6.972341537475585938e-01,7.765601873397827148e-01,3.108880221843719482e-01,2.273391038179397583e-01,4.401840567588806152e-01,3.624362051486968994e-01,4.529789686203002930e-01,4.803436696529388428e-01,3.532925248146057129e-01,3.920436501502990723e-01,1.499248296022415161e-01,-1.203727498650550842e-01,6.255956292152404785e-01,7.198650836944580078e-01,1.362867653369903564e-01,4.408006370067596436e-02,-1.417082548141479492e-02,4.711575508117675781e-01,2.091299742460250854e-02,2.015435509383678436e-02,1.862132549285888672e-02,-7.623350620269775391e-02,3.417252302169799805e-01,4.505669772624969482e-01,1.492807567119598389e-01,3.595838844776153564e-01,2.529182136058807373e-01,-4.216672480106353760e-02,1.319259256124496460e-01,1.775351166725158691e-01,3.308135271072387695e-01,3.384469449520111084e-01,1.764481663703918457e-01,3.060812652111053467e-01,8.194822072982788086e-02,9.223498404026031494e-02,1.262017786502838135e-01,-4.140287637710571289e-02,4.203214943408966064e-01,3.139781355857849121e-01,2.199298292398452759e-01,4.635241627693176270e-02,4.891045391559600830e-01,1.907782554626464844e-01,1.991585940122604370e-01,-2.105222195386886597e-01,4.234020113945007324e-01,9.497933089733123779e-02,5.615999698638916016e-01,3.627351522445678711e-01,1.592015027999877930e-01,-6.792910397052764893e-02,5.050642490386962891e-01,2.804086506366729736e-01,2.977518737316131592e-01,4.906617850065231323e-02,4.805349111557006836e-01,2.736454606056213379e-01,4.541693329811096191e-01,2.512947618961334229e-01,5.863563418388366699e-01,5.445550084114074707e-01,3.690618276596069336e-01,3.878597021102905273e-01,3.943307101726531982e-01,3.832828998565673828e-01,2.626447081565856934e-01,1.856893599033355713e-01,7.419823855161666870e-02,-4.308891668915748596e-02,1.890690177679061890e-01,1.479056328535079956e-01,1.532834023237228394e-01,-8.227469027042388916e-02,3.702217042446136475e-01,-3.187055885791778564e-02,1.360759139060974121e-01,-1.097585484385490417e-01,3.759821355342864990e-01,1.298763453960418701e-01,1.727924197912216187e-01,4.576038196682929993e-02,3.424399197101593018e-01,-1.318431645631790161e-01,3.189820349216461182e-01,-7.836606353521347046e-02,-6.572449952363967896e-02,-2.414192557334899902e-01,2.016477435827255249e-01,1.105470061302185059e-01,3.582319319248199463e-01,2.999140024185180664e-01,4.061774909496307373e-01,1.364958584308624268e-01,-5.766938999295234680e-02,-3.042770624160766602e-01,4.945144429802894592e-02,-2.710199654102325439e-01,1.110120024532079697e-02,-2.297163903713226318e-01,2.822940349578857422e-01,-1.723834127187728882e-01,1.445983648300170898e-01,1.191370040178298950e-01,1.597650647163391113e-01,1.113723367452621460e-01,-1.493673771619796753e-01,-5.490609910339117050e-03,-9.233795851469039917e-02,7.767621893435716629e-03
2.111773043870925903e-01,8.999590575695037842e-02,4.056172817945480347e-02,1.091597974300384521e-01,1.000000000000000000e+00,7.406289577484130859e-01,1.326150298118591309e-01,9.379749000072479248e-02,5.555356740951538086e-01,5.582374930381774902e-01,2.043289691209793091e-01,1.921140849590301514e-01,1.245663911104202271e-01,3.086356222629547119e-01,4.079310894012451172e-01,4.829478263854980469e-01,3.236524760723114014e-03,-4.181035980582237244e-02,-2.409956790506839752e-02,5.831046402454376221e-02,-1.046784967184066772e-01,-7.475955039262771606e-02,-2.486691065132617950e-02,-3.236299380660057068e-02,5.527393817901611328e-01,5.537835955619812012e-01,6.424899101257324219e-01,5.826802253723144531e-01,1.556305289268493652e-01,1.153181716799736023e-01,1.224129199981689453e-01,1.691553890705108643e-01,-4.283002763986587524e-02,-1.162316575646400452e-01,1.890525221824645996e-02,1.164150238037109375e-02,-4.221477732062339783e-02,3.707151114940643311e-02,1.213839650154113770e-01,-1.298417802900075912e-02,8.102654665708541870e-02,-7.521654665470123291e-02,1.041732057929039001e-01,3.581753000617027283e-02,-4.828708246350288391e-02,-6.831973791122436523e-02,8.003627508878707886e-02,-2.833327278494834900e-02,1.857496052980422974e-01,1.274593453854322433e-02,1.341153532266616821e-01,-8.175797015428543091e-02,5.001537501811981201e-02,-1.653702929615974426e-02,1.208354607224464417e-01,-4.954150412231683731e-03,1.033405587077140808e-01,-1.577045768499374390e-02,1.602565348148345947e-01,1.496401578187942505e-01,1.172188073396682739e-01,9.425210207700729370e-02,9.708325564861297607e-02,4.851047694683074951e-02,1.799655407667160034e-01,2.779108937829732895e-03,1.086378991603851318e-01,1.068728491663932800e-01,9.043388813734054565e-02,1.019219830632209778e-01,2.478603087365627289e-02,-9.271406382322311401e-02,1.835523545742034912e-01,9.802491217851638794e-02,6.815892644226551056e-03,1.164759099483489990e-01,1.300901472568511963e-01,1.368464231491088867e-01,-4.452011734247207642e-02,-1.550427526235580444e-01,1.289951652288436890e-01,-9.396648406982421875e-02,1.399556696414947510e-01,1.579640246927738190e-02,6.234613060951232910e-02,-2.474449016153812408e-02,3.149689435958862305e-01,3.671809136867523193e-01,1.608553528785705566e-01,2.041752263903617859e-02,7.030333857983350754e-03,-7.687576115131378174e-02,-1.728317737579345703e-01,-2.443280369043350220e-01,-1.913440227508544922e-02,-3.650655597448348999e-02,7.761858403682708740e-02,4.651642590761184692e-02,5.602242797613143921e-02,3.265522047877311707e-02,-1.028248518705368042e-01,-2.393920719623565674e-01,-1.518048718571662903e-02,-1.716938763856887817e-01,-9.930804371833801270e-02,-1.613511443138122559e-01,9.407374262809753418e-02,-1.223250553011894226e-01,7.806240022182464600e-02,6.355997920036315918e-02,-1.878039911389350891e-02,-3.253381699323654175e-02,-1.092915162444114685e-01,-1.435972899198532104e-01,-1.574310213327407837e-01,9.367219358682632446e-02
2.963553071022033691e-01,1.402289420366287231e-01,8.258910477161407471e-02,1.595985591411590576e-01,7.406289577484130859e-01,1.000000000000000000e+00,1.503861397504806519e-01,1.031209230422973633e-01,5.743256807327270508e-01,6.754344701766967773e-01,2.661830484867095947e-01,2.190424054861068726e-01,1.499907672405242920e-01,3.158439993858337402e-01,3.942318856716156006e-01,5.785929560661315918e-01,1.568206213414669037e-02,1.410632394254207611e-02,9.124732762575149536e-02,1.570413112640380859e-01,-4.667158424854278564e-02,1.992157101631164551e-02,-2.134265750646591187e-02,-7.464955002069473267e-02,5.657119154930114746e-01,5.576199889183044434e-01,6.430549621582031250e-01,6.373006701469421387e-01,1.224106624722480774e-01,1.484951823949813843e-01,1.039920225739479065e-01,1.620541065931320190e-01,2.652614377439022064e-02,-8.765981346368789673e-02,2.043575420975685120e-02,-4.195296764373779297e-02,6.560796499252319336e-02,6.573440879583358765e-02,1.201221868395805359e-01,5.367074161767959595e-03,1.179645657539367676e-01,-6.632974743843078613e-02,1.437478214502334595e-01,-1.280994340777397156e-02,3.868103027343750000e-02,-7.402510195970535278e-02,8.856430649757385254e-02,-2.817676961421966553e-02,2.517427802085876465e-01,3.278880938887596130e-02,1.879346966743469238e-01,-2.350472472608089447e-02,1.419219076633453369e-01,1.385859306901693344e-02,2.050112336874008179e-01,3.207116574048995972e-02,1.912482380867004395e-01,8.638384193181991577e-02,2.449773848056793213e-01,1.910539120435714722e-01,1.992272734642028809e-01,1.070107817649841309e-01,1.549261361360549927e-01,1.339270621538162231e-01,2.762148678302764893e-01,7.265305519104003906e-02,1.984888315200805664e-01,1.463109254837036133e-01,2.054518312215805054e-01,1.842505186796188354e-01,6.914139539003372192e-02,-4.403442516922950745e-02,1.521828174591064453e-01,7.057521492242813110e-02,9.249018877744674683e-02,1.369614899158477783e-01,1.329660713672637939e-01,7.813702523708343506e-02,2.584638819098472595e-02,-1.122106537222862244e-01,2.118788212537765503e-01,-5.025698244571685791e-02,1.636950373649597168e-01,-5.377364158630371094e-02,2.105027884244918823e-01,3.241338208317756653e-02,4.099854230880737305e-01,4.631605446338653564e-01,1.939492523670196533e-01,4.758527874946594238e-02,1.203561425209045410e-01,1.986402086913585663e-02,-1.421625465154647827e-01,-2.289962917566299438e-01,5.275581497699022293e-03,5.467092152684926987e-03,1.010388061404228210e-01,1.258873641490936279e-01,1.162922307848930359e-01,1.192659884691238403e-01,-4.316268116235733032e-02,-1.782966554164886475e-01,9.563203901052474976e-02,-1.065623462200164795e-01,-4.046896100044250488e-02,-1.640516668558120728e-01,1.356702148914337158e-01,-9.063367545604705811e-02,9.450091421604156494e-02,1.415976672433316708e-03,-6.593795865774154663e-02,5.446527525782585144e-02,-9.583330899477005005e-02,-1.019638106226921082e-01,-1.169627830386161804e-01,7.154007256031036377e-02
4.763334691524505615e-01,-1.159331202507019043e-02,7.512509822845458984e-01,6.972341537475585938e-01,1.326150298118591309e-01,1.503861397504806519e-01,1.000000000000000000e+00,6.866522431373596191e-01,2.606784999370574951e-01,1.781212836503982544e-01,2.882295548915863037e-01,2.210929989814758301e-01,4.306377768516540527e-01,3.206150829792022705e-01,3.045961260795593262e-01,2.927160561084747314e-01,8.274909853935241699e-02,-8.588973432779312134e-02,6.368302702903747559e-01,6.052882075309753418e-01,5.530621111392974854e-02,3.413644060492515564e-02,-5.888109654188156128e-02,4.284552335739135742e-01,7.249076664447784424e-02,2.199309505522251129e-02,7.715556770563125610e-02,-5.873397458344697952e-03,2.859815955162048340e-01,4.163104295730590820e-01,1.606206446886062622e-01,3.299226760864257812e-01,1.461389064788818359e-01,2.828457392752170563e-02,1.121819093823432922e-01,2.503936588764190674e-01,2.649154663085937500e-01,3.082183897495269775e-01,1.619984060525894165e-01,2.516341507434844971e-01,1.206848993897438049e-01,2.096549421548843384e-01,-1.630297675728797913e-02,-2.016688138246536255e-02,2.858692407608032227e-01,2.660234272480010986e-01,1.917424350976943970e-01,1.082418113946914673e-01,3.556912243366241455e-01,5.293375626206398010e-02,-6.142314057797193527e-03,-2.182291597127914429e-01,1.653854101896286011e-01,-4.491211846470832825e-02,3.726901113986968994e-01,2.685875296592712402e-01,-6.774262338876724243e-02,-1.703814566135406494e-01,3.856294155120849609e-01,1.202424913644790649e-01,8.538343757390975952e-02,-8.877709507942199707e-02,2.426757067441940308e-01,1.122400257736444473e-02,3.699245750904083252e-01,2.387571334838867188e-01,3.848408162593841553e-01,4.036870896816253662e-01,1.741886287927627563e-01,2.013282179832458496e-01,3.418909609317779541e-01,3.162946701049804688e-01,2.691126465797424316e-01,1.584177464246749878e-01,9.236355870962142944e-02,1.607662625610828400e-02,1.970424503087997437e-01,1.930484324693679810e-01,4.329250380396842957e-02,-1.356850713491439819e-01,2.102104574441909790e-01,-6.899069994688034058e-02,7.164897769689559937e-02,-7.353574037551879883e-02,2.056013643741607666e-01,4.998638108372688293e-02,1.069092527031898499e-01,7.762503623962402344e-02,2.402142435312271118e-01,-1.024412959814071655e-01,5.116476491093635559e-02,-1.273264735937118530e-01,-1.532898098230361938e-01,-1.732844859361648560e-01,1.979474574327468872e-01,1.428692638874053955e-01,3.246116638183593750e-01,2.580446004867553711e-01,2.960222661495208740e-01,1.416694521903991699e-01,-1.595687419176101685e-01,-1.944718062877655029e-01,9.313866496086120605e-03,-1.447261124849319458e-01,3.808604925870895386e-02,-6.450814008712768555e-02,1.777302324771881104e-01,-7.644281536340713501e-02,1.455273330211639404e-01,1.000168025493621826e-01,1.607208400964736938e-01,6.604327261447906494e-02,-1.618761569261550903e-01,7.392807304859161377e-02,2.469836734235286713e-02,1.158371567726135254e-01
4.919453561305999756e-01,3.126460313796997070e-02,5.639021992683410645e-01,7.765601873397827148e-01,9.379749000072479248e-02,1.031209230422973633e-01,6.866522431373596191e-01,1.000000000000000000e+00,2.440735101699829102e-01,1.653462201356887817e-01,2.852607965469360352e-01,2.247536927461624146e-01,4.244220554828643799e-01,4.433496594429016113e-01,3.284302055835723877e-01,3.038176000118255615e-01,6.362433731555938721e-02,-2.413854300975799561e-01,5.351914167404174805e-01,5.776171684265136719e-01,1.077324226498603821e-01,1.733623258769512177e-02,-6.065493449568748474e-02,3.828665316104888916e-01,2.752631530165672302e-02,3.126936405897140503e-02,1.314884051680564880e-02,-4.434178769588470459e-02,3.006633222103118896e-01,3.580423891544342041e-01,1.535058766603469849e-01,2.924745678901672363e-01,1.639176458120346069e-01,-3.152943029999732971e-02,8.988150209188461304e-02,1.709472835063934326e-01,2.494834363460540771e-01,3.204862773418426514e-01,1.825841516256332397e-01,2.200561910867691040e-01,1.094464436173439026e-01,1.644587516784667969e-01,1.800031587481498718e-02,-2.275977097451686859e-02,3.335261642932891846e-01,3.057020008563995361e-01,2.330622225999832153e-01,6.366951018571853638e-02,4.395545125007629395e-01,1.552917808294296265e-01,1.690718233585357666e-01,-2.462812364101409912e-01,3.175177276134490967e-01,-9.895735420286655426e-04,4.168270528316497803e-01,2.311876714229583740e-01,5.011866241693496704e-02,-1.992727071046829224e-01,4.086234867572784424e-01,1.963412314653396606e-01,1.802107244729995728e-01,-5.841600522398948669e-02,3.019941449165344238e-01,5.073026940226554871e-02,3.331460654735565186e-01,2.204203903675079346e-01,4.504245221614837646e-01,4.338374733924865723e-01,2.136481255292892456e-01,2.403114885091781616e-01,3.477588593959808350e-01,3.231849372386932373e-01,2.496479153633117676e-01,1.826940774917602539e-01,9.178294986486434937e-02,8.501652628183364868e-03,1.475638896226882935e-01,1.253359019756317139e-01,5.336637049913406372e-02,-1.776063591241836548e-01,1.889281570911407471e-01,-1.270241737365722656e-01,4.290148615837097168e-02,-1.845923066139221191e-01,1.766848266124725342e-01,-5.854316521435976028e-03,3.703032433986663818e-02,-4.666921868920326233e-02,1.582563370466232300e-01,-2.929655611515045166e-01,1.631549000740051270e-01,-1.911975741386413574e-01,-3.353662416338920593e-02,-2.414854466915130615e-01,1.414952278137207031e-01,7.919957488775253296e-02,3.340142965316772461e-01,2.197788506746292114e-01,3.562797009944915771e-01,8.446270227432250977e-02,-9.198501706123352051e-02,-3.058758378028869629e-01,3.506240621209144592e-02,-2.323563545942306519e-01,6.232231482863426208e-02,-8.241785317659378052e-02,1.967249810695648193e-01,-2.017429918050765991e-01,1.128267422318458557e-01,1.300486624240875244e-01,1.255948394536972046e-01,1.137053817510604858e-01,-1.122748553752899170e-01,3.328415006399154663e-02,-2.310997806489467621e-02,1.084560826420783997e-01
3.484452068805694580e-01,5.323954299092292786e-02,1.930046975612640381e-01,3.108880221843719482e-01,5.555356740951538086e-01,5.743256807327270508e-01,2.606784999370574951e-01,2.440735101699829102e-01,1.000000000000000000e+00,7.802311182022094727e-01,3.044903278350830078e-01,1.979767084121704102e-01,2.125964164733886719e-01,3.499138057231903076e-01,6.300719380378723145e-01,6.463899612426757812e-01,1.532206237316131592e-01,-7.610118389129638672e-02,1.594349443912506104e-01,2.870793044567108154e-01,3.112283907830715179e-02,6.219713017344474792e-02,-8.060707151889801025e-02,7.554682344198226929e-02,5.025377869606018066e-01,4.365864396095275879e-01,2.092699408531188965e-01,2.181140631437301636e-01,3.840024173259735107e-01,3.314714133739471436e-01,2.551549673080444336e-01,2.819133996963500977e-01,8.255437761545181274e-02,-3.790321201086044312e-02,6.404320150613784790e-02,1.210308447480201721e-01,1.194739267230033875e-01,2.812312245368957520e-01,1.064735576510429382e-01,1.823124587535858154e-01,1.358270198106765747e-01,1.302796751260757446e-01,1.929222047328948975e-01,8.672514557838439941e-02,1.433132141828536987e-01,5.726935714483261108e-02,1.935596168041229248e-01,7.614505290985107422e-02,2.821842133998870850e-01,4.318006709218025208e-02,1.599680632352828979e-01,-8.980166912078857422e-02,1.911081671714782715e-01,2.860947512090206146e-02,2.793021500110626221e-01,5.340166762471199036e-02,2.178013473749160767e-01,-8.738433010876178741e-03,3.823242783546447754e-01,3.018570840358734131e-01,2.986696064472198486e-01,1.185609772801399231e-01,2.592936456203460693e-01,7.670539617538452148e-02,3.000104725360870361e-01,9.833502024412155151e-02,2.777364850044250488e-01,2.968500852584838867e-01,2.292678654193878174e-01,2.441780865192413330e-01,3.338497877120971680e-01,2.466033101081848145e-01,3.217158317565917969e-01,2.310374826192855835e-01,2.390673011541366577e-01,1.772650778293609619e-01,1.766716688871383667e-01,2.208761870861053467e-01,1.351208984851837158e-01,1.395864691585302353e-02,2.624013721942901611e-01,-1.005890220403671265e-02,4.666761308908462524e-02,-5.616651102900505066e-02,1.690473705530166626e-01,6.235769391059875488e-02,4.252077341079711914e-01,4.954006671905517578e-01,1.013142913579940796e-01,-5.921265482902526855e-02,1.489728093147277832e-01,-3.897343575954437256e-02,-1.868083477020263672e-01,-2.388559579849243164e-01,1.607118397951126099e-01,1.536647975444793701e-01,2.707788050174713135e-01,2.223980277776718140e-01,2.504246830940246582e-01,1.508164405822753906e-01,-1.099763438105583191e-01,-2.380779981613159180e-01,8.603376895189285278e-02,-1.658309996128082275e-01,5.161270964890718460e-03,-8.487016707658767700e-02,1.393614411354064941e-01,-1.234011724591255188e-01,2.483219802379608154e-01,1.125710681080818176e-01,2.038527727127075195e-01,1.712353825569152832e-01,-5.187803134322166443e-02,-5.602132529020309448e-02,-1.061311289668083191e-01,-7.382284104824066162e-02
3.147408068180084229e-01,1.580117791891098022e-01,1.185470223426818848e-01,2.273391038179397583e-01,5.582374930381774902e-01,6.754344701766967773e-01,1.781212836503982544e-01,1.653462201356887817e-01,7.802311182022094727e-01,1.000000000000000000e+00,2.748271226882934570e-01,1.958896815776824951e-01,1.747058182954788208e-01,3.443812131881713867e-01,5.401327610015869141e-01,6.835118532180786133e-01,1.406542956829071045e-01,2.830608002841472626e-02,1.453608721494674683e-01,2.163705825805664062e-01,2.741236612200737000e-02,5.754043161869049072e-02,-3.515200689435005188e-02,-7.225026842206716537e-03,5.370612144470214844e-01,4.817859530448913574e-01,2.988595962524414062e-01,3.321578502655029297e-01,3.048655986785888672e-01,2.987388968467712402e-01,2.527979612350463867e-01,2.611249387264251709e-01,1.428796648979187012e-01,5.306819081306457520e-02,4.703450947999954224e-02,6.079580262303352356e-02,1.190208643674850464e-01,2.557273805141448975e-01,1.170720756053924561e-01,1.754722893238067627e-01,1.317717432975769043e-01,1.362251937389373779e-01,2.094882130622863770e-01,9.354827553033828735e-02,1.496511548757553101e-01,3.703393787145614624e-02,1.813756972551345825e-01,1.082494258880615234e-01,2.767195105552673340e-01,4.228307306766510010e-02,1.762502938508987427e-01,-3.077116236090660095e-02,1.711251884698867798e-01,1.307497452944517136e-02,2.544781863689422607e-01,6.116550788283348083e-02,2.590773701667785645e-01,1.057253628969192505e-01,3.416193127632141113e-01,2.592720687389373779e-01,2.672602534294128418e-01,1.243050768971443176e-01,2.059356570243835449e-01,9.707888215780258179e-02,2.961680293083190918e-01,9.291759878396987915e-02,2.361154854297637939e-01,2.234021872282028198e-01,2.274085730314254761e-01,2.239413261413574219e-01,2.935503423213958740e-01,1.972321569919586182e-01,2.651965320110321045e-01,2.215719074010848999e-01,2.752741575241088867e-01,2.182316333055496216e-01,1.807021945714950562e-01,2.212497144937515259e-01,1.049609333276748657e-01,-3.076682239770889282e-02,2.297857850790023804e-01,-1.939862780272960663e-02,6.888688355684280396e-02,-3.196780011057853699e-02,1.972561776638031006e-01,7.086966186761856079e-02,4.989012181758880615e-01,6.122090220451354980e-01,1.175896674394607544e-01,5.673678591847419739e-02,1.644940376281738281e-01,3.325853124260902405e-02,-1.284940689802169800e-01,-1.859690845012664795e-01,1.395440399646759033e-01,1.620700210332870483e-01,2.361510396003723145e-01,2.948974072933197021e-01,2.324695140123367310e-01,2.402292042970657349e-01,-6.538604944944381714e-02,-1.413476914167404175e-01,1.283736377954483032e-01,-6.194100901484489441e-02,1.645107194781303406e-02,-7.134813815355300903e-02,1.606710851192474365e-01,-1.040804684162139893e-01,2.146932929754257202e-01,5.003136396408081055e-02,1.720934063196182251e-01,2.071264386177062988e-01,1.552385091781616211e-02,-5.166748911142349243e-02,-9.945213049650192261e-02,-8.124966174364089966e-02
6.977069973945617676e-01,2.650469839572906494e-01,3.177292943000793457e-01,4.401840567588806152e-01,2.043289691209793091e-01,2.661830484867095947e-01,2.882295548915863037e-01,2.852607965469360352e-01,3.044903278350830078e-01,2.748271226882934570e-01,1.000000000000000000e+00,6.870099902153015137e-01,5.752555131912231445e-01,6.171234250068664551e-01,4.010472893714904785e-01,5.030727982521057129e-01,3.103788495063781738e-01,9.365497529506683350e-02,2.110133469104766846e-01,3.929466009140014648e-01,2.040251791477203369e-01,6.864803284406661987e-02,1.887941360473632812e-01,2.587798833847045898e-01,1.146530434489250183e-01,9.187776595354080200e-02,1.072135642170906067e-01,4.855009913444519043e-02,5.279579758644104004e-01,5.397984385490417480e-01,2.229408025741577148e-01,3.724824786186218262e-01,1.421251893043518066e-01,-2.262392491102218628e-01,1.337102502584457397e-01,2.833695709705352783e-01,3.922024369239807129e-01,3.760773539543151855e-01,2.688204646110534668e-01,3.354324698448181152e-01,2.133809179067611694e-01,1.365137100219726562e-01,4.472578316926956177e-02,-1.254592239856719971e-01,4.047927856445312500e-01,1.602862924337387085e-01,-2.374380640685558319e-02,-8.024179190397262573e-02,4.551484882831573486e-01,3.075696527957916260e-01,1.955496817827224731e-01,-1.348130553960800171e-01,4.125708937644958496e-01,2.599595487117767334e-01,5.795513987541198730e-01,4.311131536960601807e-01,3.423852920532226562e-01,1.524186432361602783e-01,6.102808713912963867e-01,4.994586706161499023e-01,6.230832934379577637e-01,3.860135376453399658e-01,7.345308065414428711e-01,6.492660045623779297e-01,4.201281070709228516e-01,2.356369793415069580e-01,7.060707211494445801e-01,6.324144601821899414e-01,5.151993036270141602e-01,6.227372288703918457e-01,3.807893693447113037e-01,3.745031952857971191e-01,4.788118898868560791e-01,3.336236178874969482e-01,1.989895701408386230e-01,5.392142757773399353e-02,3.998930156230926514e-01,2.511412799358367920e-01,3.930976092815399170e-01,4.349014535546302795e-02,6.454893350601196289e-01,1.933523267507553101e-01,4.159606099128723145e-01,7.485245913267135620e-02,5.948506593704223633e-01,3.618725836277008057e-01,3.024893105030059814e-01,1.567420363426208496e-01,4.260353446006774902e-01,9.293293207883834839e-02,4.064432680606842041e-01,3.551945835351943970e-02,-2.795474827289581299e-01,-3.352144956588745117e-01,2.360786497592926025e-01,1.391930878162384033e-01,3.017795085906982422e-01,2.644945383071899414e-01,3.051716089248657227e-01,1.074942797422409058e-01,-6.094618514180183411e-02,-3.172708451747894287e-01,7.047202438116073608e-02,-2.553887069225311279e-01,-2.026048302650451660e-01,-4.209464192390441895e-01,4.434589147567749023e-01,3.346147388219833374e-02,1.551314741373062134e-01,1.426704227924346924e-01,1.886450201272964478e-01,-4.499813541769981384e-02,-3.581568002700805664e-01,-1.461423039436340332e-01,-1.971921026706695557e-01,-3.162978589534759521e-02
5.128454566001892090e-01,4.623569548130035400e-01,2.842641770839691162e-01,3.624362051486968994e-01,1.921140849590301514e-01,2.190424054861068726e-01,2.210929989814758301e-01,2.247536927461624146e-01,1.979767084121704102e-01,1.958896815776824951e-01,6.870099902153015137e-01,1.000000000000000000e+00,4.301678538322448730e-01,6.401235461235046387e-01,3.518467545509338379e-01,4.318747222423553467e-01,2.636570855975151062e-02,1.076440438628196716e-01,1.415586769580841064e-01,2.872423529624938965e-01,1.276930421590805054e-01,3.289316222071647644e-02,2.964345514774322510e-01,2.621307373046875000e-01,5.357569083571434021e-02,2.292784675955772400e-02,1.295237392187118530e-01,5.218625813722610474e-02,3.517689406871795654e-01,5.451570749282836914e-01,1.971493214368820190e-01,3.308980166912078857e-01,8.763229101896286011e-02,-1.584872603416442871e-01,-2.704706974327564240e-02,1.936508417129516602e-01,3.007672131061553955e-01,3.199082016944885254e-01,1.544315516948699951e-01,3.836996257305145264e-01,1.676326692104339600e-01,1.385846734046936035e-01,1.031721681356430054e-01,3.133782371878623962e-02,3.664014637470245361e-01,2.471821457147598267e-01,-7.325416058301925659e-02,5.286744982004165649e-02,4.077113568782806396e-01,4.917459189891815186e-01,2.000157982110977173e-01,-4.184358404017984867e-04,3.884493708610534668e-01,3.869566321372985840e-01,4.644636809825897217e-01,4.411276578903198242e-01,1.115870550274848938e-01,2.691730260848999023e-01,5.318286418914794922e-01,5.434196591377258301e-01,5.185160636901855469e-01,4.741570949554443359e-01,5.956280827522277832e-01,6.700862646102905273e-01,2.909449934959411621e-01,1.781399995088577271e-01,6.058312058448791504e-01,5.569283962249755859e-01,2.981317937374114990e-01,6.465713381767272949e-01,2.445084154605865479e-01,3.118223249912261963e-01,3.640391826629638672e-01,4.525847136974334717e-01,4.010575264692306519e-02,-2.732877247035503387e-02,2.538626492023468018e-01,2.671371400356292725e-01,1.755705028772354126e-01,1.633665524423122406e-02,3.849037885665893555e-01,1.852215528488159180e-01,3.238952755928039551e-01,2.089324593544006348e-01,3.694201111793518066e-01,4.550631940364837646e-01,1.603129208087921143e-01,1.602247953414916992e-01,2.284402549266815186e-01,1.926734149456024170e-01,2.778606712818145752e-01,1.480191200971603394e-01,-3.208841085433959961e-01,-2.153272181749343872e-01,1.146853789687156677e-01,1.124844849109649658e-01,1.716731786727905273e-01,2.367159277200698853e-01,2.093283981084823608e-01,1.654331386089324951e-01,-6.920006871223449707e-02,-2.058477252721786499e-01,2.569820918142795563e-02,-1.775749474763870239e-01,-1.849752217531204224e-01,-3.286790847778320312e-01,4.073260426521301270e-01,1.372423768043518066e-01,6.627596914768218994e-02,9.779797494411468506e-02,1.716799885034561157e-01,-4.968517273664474487e-02,-2.665554583072662354e-01,-1.669510602951049805e-01,-1.673698872327804565e-01,-8.997206389904022217e-02
5.175509452819824219e-01,1.298697888851165771e-01,3.574502766132354736e-01,4.529789686203002930e-01,1.245663911104202271e-01,1.499907672405242920e-01,4.306377768516540527e-01,4.244220554828643799e-01,2.125964164733886719e-01,1.747058182954788208e-01,5.752555131912231445e-01,4.301678538322448730e-01,1.000000000000000000e+00,4.410988688468933105e-01,4.002791047096252441e-01,3.191056251525878906e-01,2.865967750549316406e-01,7.345796376466751099e-02,2.762881517410278320e-01,3.516377508640289307e-01,2.054901570081710815e-01,8.056672662496566772e-02,1.129340007901191711e-01,3.463686704635620117e-01,9.021337330341339111e-02,5.189516022801399231e-02,8.705920726060867310e-02,2.747645787894725800e-02,4.137712121009826660e-01,4.195608794689178467e-01,2.052597254514694214e-01,3.365669250488281250e-01,1.224724277853965759e-01,-8.966935425996780396e-02,5.717799812555313110e-02,2.707505822181701660e-01,3.516238331794738770e-01,3.189484477043151855e-01,2.998334467411041260e-01,2.692564427852630615e-01,1.898722201585769653e-01,2.167947590351104736e-01,4.342132061719894409e-02,-7.594865560531616211e-02,3.245409429073333740e-01,2.054147273302078247e-01,2.074503339827060699e-02,-2.175805717706680298e-02,3.734924793243408203e-01,1.964276134967803955e-01,1.184422224760055542e-01,-7.939188927412033081e-02,2.502082884311676025e-01,7.985670119524002075e-02,3.905143439769744873e-01,3.080088496208190918e-01,2.713983654975891113e-01,3.761552274227142334e-02,4.142282307147979736e-01,2.555683255195617676e-01,3.811638355255126953e-01,1.826500892639160156e-01,4.338024556636810303e-01,3.011569678783416748e-01,3.526311516761779785e-01,2.209777384996414185e-01,4.465194344520568848e-01,4.281701743602752686e-01,2.417975068092346191e-01,3.003037571907043457e-01,3.289970159530639648e-01,3.054119348526000977e-01,3.143453598022460938e-01,2.231707572937011719e-01,2.269441932439804077e-01,1.073162853717803955e-01,2.238499671220779419e-01,1.866333633661270142e-01,2.501847445964813232e-01,2.156407199800014496e-02,4.074847996234893799e-01,1.145647168159484863e-01,3.528402149677276611e-01,1.094667389988899231e-01,4.000344872474670410e-01,2.296340465545654297e-01,2.242195904254913330e-01,1.364849656820297241e-01,3.704269528388977051e-01,7.239505648612976074e-02,1.824029237031936646e-01,-4.333501309156417847e-02,-1.558874994516372681e-01,-2.182312607765197754e-01,9.750460088253021240e-02,1.523955166339874268e-01,1.961685717105865479e-01,2.460839450359344482e-01,1.547280400991439819e-01,7.132461667060852051e-02,-1.388119161128997803e-01,-2.214177697896957397e-01,-7.734756171703338623e-02,-1.491848975419998169e-01,-2.279358059167861938e-01,-2.827799022197723389e-01,2.336414754390716553e-01,-7.587563246488571167e-02,5.393873900175094604e-02,7.959538698196411133e-02,1.786729842424392700e-01,-7.255764305591583252e-02,-2.423703968524932861e-01,-7.549373060464859009e-02,-1.246696040034294128e-01,6.804136931896209717e-02
