1.000000000000000000e+00,4.678072035312652588e-01,-2.311367392539978027e-01,2.233716547489166260e-01,-1.206575557589530945e-01,-9.186102449893951416e-02,-6.718151271343231201e-02,1.682212352752685547e-01,-1.505223661661148071e-01,-7.496586441993713379e-02,4.116473793983459473e-01,3.446311056613922119e-01,-7.467093318700790405e-02,1.323035061359405518e-01,-1.817879676818847656e-01,-1.182204559445381165e-01,4.833933413028717041e-01,2.741069197654724121e-01,4.266463220119476318e-01,3.798951506614685059e-01,-3.045750036835670471e-02,1.517268735915422440e-02,-5.654196720570325851e-03,3.142789378762245178e-02,-1.502677649259567261e-01,3.871093317866325378e-02,-1.165962778031826019e-03,3.506239876151084900e-02,1.244736835360527039e-01,2.448913827538490295e-02,-2.262333929538726807e-01,-5.830918624997138977e-02,5.180858075618743896e-02,1.211287230253219604e-01,1.491556614637374878e-01,2.655009627342224121e-01,6.499103736132383347e-03,-1.212171912193298340e-01,-3.306260332465171814e-02,-1.201641783118247986e-01,-9.477437287569046021e-02,-2.073688209056854248e-01,2.865472733974456787e-01,1.745544523000717163e-01,1.981301009654998779e-01,4.984065145254135132e-02,9.301027655601501465e-02,8.875917643308639526e-02,3.057656884193420410e-01,1.472555696964263916e-01,1.073690503835678101e-01,-4.503798112273216248e-02,4.318684339523315430e-02,-1.031053587794303894e-01,-7.735772430896759033e-02,-5.524458736181259155e-02,5.087065100669860840e-01,1.995241641998291016e-01,2.170027494430541992e-01,-4.113750904798507690e-02,1.743589937686920166e-01,-2.167044207453727722e-02,2.409442961215972900e-01,1.240371316671371460e-01,1.195863708853721619e-01,1.082249879837036133e-01,1.563347876071929932e-01,1.371558457612991333e-01,4.480156898498535156e-01,4.378916621208190918e-01,1.423306763172149658e-02,1.445569247007369995e-01,-8.531577885150909424e-02,3.394000232219696045e-02,2.108948118984699249e-02,2.362820878624916077e-02,2.201075106859207153e-01,1.560335755348205566e-01,2.283395677804946899e-01,7.483170181512832642e-02,3.699764609336853027e-01,2.084215581417083740e-01,-1.806507259607315063e-01,-5.193372443318367004e-02,1.809470206499099731e-01,1.048828139901161194e-01,-9.714490920305252075e-02,-1.148572042584419250e-01,-5.217748507857322693e-02,-1.036410182714462280e-01,-1.054344773292541504e-01,-1.271819621324539185e-01,-1.249746307730674744e-01,-2.036491781473159790e-01,1.069747284054756165e-01,-6.942042708396911621e-02,9.627682715654373169e-02,-9.902489837259054184e-04,-3.917863592505455017e-03,7.229053974151611328e-02,-8.050351589918136597e-02,-1.792525351047515869e-01,3.807116672396659851e-02,-7.270579226315021515e-03,1.199038475751876831e-01,1.124432906508445740e-01,5.711417272686958313e-02,-4.387187585234642029e-02,2.925995551049709320e-02,5.486170947551727295e-02,5.196583271026611328e-02,1.022558510303497314e-01,1.604697704315185547e-01,1.056473180651664734e-01,1.037979274988174438e-01,5.319174751639366150e-02
4.678072035312652588e-01,1.000000000000000000e+00,-8.502914756536483765e-02,1.913463026285171509e-01,-1.352644711732864380e-01,-8.041656017303466797e-02,1.141591742634773254e-01,3.200732171535491943e-01,-2.855652570724487305e-01,-7.821024954319000244e-02,1.072832122445106506e-01,2.233823686838150024e-01,-1.415825784206390381e-01,-7.489378750324249268e-02,-2.923286259174346924e-01,-1.524679511785507202e-01,1.113645136356353760e-01,2.879943847656250000e-01,3.532550334930419922e-01,3.528969585895538330e-01,-3.906737640500068665e-02,-4.816265404224395752e-02,-7.489246129989624023e-02,-6.255757063627243042e-02,-2.389455288648605347e-01,-1.670723706483840942e-01,2.254175767302513123e-02,1.074896007776260376e-01,2.319996990263462067e-02,-2.115898206830024719e-02,-2.176184803247451782e-01,-5.561845749616622925e-02,1.749679148197174072e-01,1.768424212932586670e-01,2.508253753185272217e-01,3.290803432464599609e-01,8.038204908370971680e-02,1.006266847252845764e-01,1.056716814637184143e-01,1.704373657703399658e-01,2.333314903080463409e-02,8.528032153844833374e-02,1.098892092704772949e-01,6.256428360939025879e-02,1.084096804261207581e-01,8.083009719848632812e-02,-1.254529505968093872e-02,-1.880115712992846966e-03,7.825650274753570557e-02,1.482207179069519043e-01,-9.979856200516223907e-03,-2.781736664474010468e-02,-8.424665778875350952e-02,-1.104066967964172363e-01,-9.008371829986572266e-02,1.101487651467323303e-01,2.241142541170120239e-01,2.919661998748779297e-01,2.183134853839874268e-01,1.208639964461326599e-01,2.721133530139923096e-01,8.310942351818084717e-02,-1.666869223117828369e-02,1.901343464851379395e-01,7.764632254838943481e-02,2.914787828922271729e-01,3.265320956707000732e-01,2.744045555591583252e-01,3.496983051300048828e-01,5.230723619461059570e-01,3.643459454178810120e-02,6.231062114238739014e-02,7.505185902118682861e-02,-8.912132680416107178e-02,7.481211423873901367e-02,-7.736597675830125809e-03,1.849454194307327271e-01,1.750667989253997803e-01,9.682299196720123291e-02,1.891459822654724121e-01,1.850543543696403503e-02,1.582912504673004150e-01,-1.481779515743255615e-01,7.177545130252838135e-02,-7.484783977270126343e-02,4.097522050142288208e-02,-8.147007972002029419e-02,6.538283824920654297e-02,-1.287334859371185303e-01,2.006310969591140747e-02,3.519651014357805252e-03,-3.327424079179763794e-02,-6.856313440948724747e-03,-5.676436796784400940e-02,7.666090875864028931e-02,6.845286488533020020e-02,6.681999564170837402e-02,1.248783916234970093e-01,8.955404628068208694e-04,1.022479012608528137e-01,4.230055212974548340e-02,3.430204838514328003e-02,3.089103847742080688e-02,5.320585146546363831e-02,-1.552585139870643616e-02,8.625295013189315796e-03,-9.792988747358322144e-02,-4.987399280071258545e-02,1.376148611307144165e-01,4.298466816544532776e-02,6.590509414672851562e-02,5.782721564173698425e-02,1.743127554655075073e-01,5.370415374636650085e-02,9.926649183034896851e-02,1.283150911331176758e-01
-2.311367392539978027e-01,-8.502914756536483765e-02,1.000000000000000000e+00,4.231869280338287354e-01,3.419346809387207031e-01,1.890264004468917847e-01,7.627810835838317871e-01,2.767964899539947510e-01,3.533091843128204346e-01,1.534398794174194336e-01,7.715313136577606201e-02,1.112366095185279846e-01,6.697131395339965820e-01,2.726180851459503174e-01,4.500126838684082031e-01,2.351950705051422119e-01,-7.374627143144607544e-02,2.758917026221752167e-02,-4.654345288872718811e-02,-1.635644771158695221e-02,2.913573682308197021e-01,2.119465619325637817e-01,7.144001722335815430e-01,5.737423300743103027e-01,2.926753759384155273e-01,2.182469516992568970e-01,2.808456122875213623e-01,1.476226300001144409e-01,2.790513634681701660e-01,2.277572751045227051e-01,5.071356892585754395e-01,4.994802772998809814e-01,4.784787073731422424e-03,7.178597152233123779e-02,-1.560976654291152954e-01,-1.381577700376510620e-01,-2.826598845422267914e-02,-2.214694619178771973e-01,-4.870538040995597839e-02,-1.069221645593643188e-01,-1.049700602889060974e-01,-8.864118158817291260e-02,7.239871472120285034e-02,4.335600137710571289e-02,-8.538421243429183960e-02,-9.858634322881698608e-02,1.190137565135955811e-01,1.117677465081214905e-01,1.265941653400659561e-03,4.285885766148567200e-02,1.124743595719337463e-01,3.145778551697731018e-02,2.762167751789093018e-01,6.137087568640708923e-02,1.063813939690589905e-01,8.694297075271606445e-02,4.394735395908355713e-02,3.206008672714233398e-02,-4.765587672591209412e-02,-1.672467738389968872e-01,4.216286912560462952e-02,-1.888232072815299034e-04,3.151177167892456055e-01,1.070571765303611755e-01,2.141980230808258057e-01,7.031179219484329224e-02,-1.754250377416610718e-01,-1.018555760383605957e-01,-1.329949796199798584e-01,-1.869529187679290771e-01,1.615544408559799194e-01,2.457129061222076416e-01,-6.172156706452369690e-02,1.825888454914093018e-01,-8.253695070743560791e-02,8.379729837179183960e-02,-3.139981627464294434e-01,-1.592452079057693481e-01,-1.326373219490051270e-01,-5.390736460685729980e-02,1.819395720958709717e-01,1.010047048330307007e-01,3.421659469604492188e-01,1.375688761472702026e-01,2.840746045112609863e-01,2.213748395442962646e-01,2.956569492816925049e-01,1.338991075754165649e-01,2.827757000923156738e-01,9.304097294807434082e-02,1.777389049530029297e-01,8.307281881570816040e-02,2.357388585805892944e-01,1.881972998380661011e-01,1.134046912193298340e-01,8.189539611339569092e-02,7.002560049295425415e-02,-1.229302585124969482e-01,7.494599372148513794e-02,3.812745213508605957e-02,2.236064374446868896e-01,1.547102481126785278e-01,2.249672710895538330e-01,1.862901747226715088e-01,2.378005534410476685e-01,1.290533244609832764e-01,2.645593881607055664e-01,5.038681626319885254e-02,1.696625538170337677e-02,6.390093266963958740e-02,1.442486345767974854e-01,7.486133277416229248e-02,1.174176707863807678e-01,1.363840699195861816e-01,-5.981910508126020432e-03,-2.784884721040725708e-02
2.233716547489166260e-01,1.913463026285171509e-01,4.231869280338287354e-01,1.000000000000000000e+00,3.363932073116302490e-01,1.870692819356918335e-01,3.775229156017303467e-01,5.690028071403503418e-01,3.026955127716064453e-01,1.582934707403182983e-01,2.568132877349853516e-01,2.655775547027587891e-01,3.515248596668243408e-01,3.449333608150482178e-01,2.284990847110748291e-01,1.642265915870666504e-01,1.563896387815475464e-01,5.166582390666007996e-02,1.638706326484680176e-01,1.225523203611373901e-01,2.115499973297119141e-01,1.705133318901062012e-01,4.302832484245300293e-01,4.759815335273742676e-01,3.528111279010772705e-01,2.606569528579711914e-01,2.785145342350006104e-01,1.703636497259140015e-01,1.850653737783432007e-01,1.213463544845581055e-01,2.865178585052490234e-01,3.437178730964660645e-01,1.492803543806076050e-01,2.111231684684753418e-01,-9.049118310213088989e-02,-2.978713251650333405e-02,-5.619230121374130249e-02,-2.518329918384552002e-01,-7.768272608518600464e-02,-4.113975167274475098e-02,-1.372508704662322998e-01,-7.426784932613372803e-02,7.374444603919982910e-02,1.576921939849853516e-01,1.488503962755203247e-01,2.129227072000503540e-01,1.216700896620750427e-01,1.962423026561737061e-01,1.689261645078659058e-01,9.921732544898986816e-02,3.223415315151214600e-01,1.954044848680496216e-01,1.224367171525955200e-01,1.921324133872985840e-01,2.281047403812408447e-02,8.565410971641540527e-02,2.622239589691162109e-01,3.303708434104919434e-01,1.914267390966415405e-01,5.877260491251945496e-02,7.078257948160171509e-02,1.500400453805923462e-01,2.583375871181488037e-01,4.038020670413970947e-01,5.442129820585250854e-02,1.367426663637161255e-01,5.065869539976119995e-02,1.539110392332077026e-01,3.721535205841064453e-02,3.727261722087860107e-02,2.022422552108764648e-01,3.246035575866699219e-01,-1.086364313960075378e-01,2.836736738681793213e-01,-1.103485301136970520e-01,9.961896389722824097e-02,4.897413030266761780e-02,1.065563261508941650e-01,6.504257768392562866e-02,-1.079148799180984497e-01,2.130363285541534424e-01,1.331114619970321655e-01,1.481017023324966431e-01,1.681713014841079712e-01,2.222999483346939087e-01,4.104526937007904053e-01,1.941494345664978027e-01,1.049260422587394714e-01,1.734964847564697266e-01,1.680517196655273438e-01,1.246283426880836487e-01,1.521274149417877197e-01,7.054565846920013428e-02,1.020716950297355652e-01,8.530149608850479126e-02,3.847341751679778099e-03,4.508409276604652405e-02,-7.838691771030426025e-02,5.429177358746528625e-02,1.135969832539558411e-01,8.601342886686325073e-02,9.685111790895462036e-02,1.090526282787322998e-01,1.597695499658584595e-01,1.654999852180480957e-01,1.688574701547622681e-01,1.289221495389938354e-01,-5.110442265868186951e-02,2.688734047114849091e-02,8.026684820652008057e-02,1.076644510030746460e-01,1.476031988859176636e-01,1.295075863599777222e-01,1.096811518073081970e-01,5.210869386792182922e-02,2.507853135466575623e-02
-1.206575557589530945e-01,-1.352644711732864380e-01,3.419346809387207031e-01,3.363932073116302490e-01,1.000000000000000000e+00,5.907506942749023438e-01,2.315417975187301636e-01,2.595805227756500244e-01,6.720753908157348633e-01,4.453904330730438232e-01,-2.019188739359378815e-02,-8.910438418388366699e-02,3.285275995731353760e-01,2.089465409517288208e-01,6.682491898536682129e-01,4.427859187126159668e-01,6.147731468081474304e-02,-1.795569509267807007e-01,-2.836672030389308929e-02,-6.563916802406311035e-02,3.364947736263275146e-01,2.216193079948425293e-01,3.366708159446716309e-01,2.857956588268280029e-01,6.719618439674377441e-01,3.354319930076599121e-01,5.953911542892456055e-01,4.939804673194885254e-01,1.036514714360237122e-01,6.211454421281814575e-02,3.483691215515136719e-01,2.128791511058807373e-01,5.847844481468200684e-02,3.188388049602508545e-02,-3.763169348239898682e-01,-3.032711744308471680e-01,-1.724051982164382935e-01,-2.914970219135284424e-01,9.912366978824138641e-03,4.573149606585502625e-02,-1.678835414350032806e-02,9.143735468387603760e-02,-3.706082003191113472e-03,6.820686161518096924e-02,-1.054947748780250549e-01,-5.126244202256202698e-02,1.703336387872695923e-01,1.555244773626327515e-01,8.954510837793350220e-02,2.809437550604343414e-02,2.255390435457229614e-01,9.740745276212692261e-02,3.163605630397796631e-01,3.192061483860015869e-01,3.680338859558105469e-01,2.716704010963439941e-01,1.959479600191116333e-01,2.768269181251525879e-01,1.758714318275451660e-01,1.630320101976394653e-01,2.024344354867935181e-01,6.409923732280731201e-02,2.631001770496368408e-01,2.034722566604614258e-01,1.532364636659622192e-01,1.724727749824523926e-01,-1.303529590368270874e-01,-2.665405347943305969e-02,-1.589016467332839966e-01,-2.050759494304656982e-01,-8.318854123353958130e-02,4.659663140773773193e-02,-2.244992554187774658e-01,1.212429478764533997e-01,-2.335603088140487671e-01,-6.011269241571426392e-02,-1.310943812131881714e-01,-1.064903661608695984e-01,3.442975878715515137e-02,-2.159186750650405884e-01,1.786623150110244751e-01,5.872418731451034546e-02,6.533621549606323242e-01,4.016508758068084717e-01,4.689426720142364502e-01,3.790023624897003174e-01,6.172307729721069336e-01,3.490572273731231689e-01,6.385920643806457520e-01,4.369451999664306641e-01,5.221113562583923340e-01,4.609018564224243164e-01,3.825311362743377686e-01,4.477215707302093506e-01,2.018186002969741821e-01,5.119416490197181702e-02,2.177858352661132812e-01,8.516996167600154877e-03,3.557167649269104004e-01,2.929767966270446777e-01,4.131591320037841797e-01,4.517453014850616455e-01,3.824909329414367676e-01,4.251170158386230469e-01,3.515972495079040527e-01,2.722671926021575928e-01,3.192158341407775879e-01,1.054046973586082458e-01,1.465243548154830933e-01,6.479302048683166504e-02,1.391646862030029297e-01,2.742010056972503662e-01,3.163728415966033936e-01,3.163770437240600586e-01,1.717490553855895996e-01,2.009006142616271973e-01
-9.186102449893951416e-02,-8.041656017303466797e-02,1.890264004468917847e-01,1.870692819356918335e-01,5.907506942749023438e-01,1.000000000000000000e+00,9.903229773044586182e-02,3.146427571773529053e-01,3.970959484577178955e-01,6.717348098754882812e-01,-1.257900297641754150e-01,-4.844667017459869385e-02,1.243454441428184509e-01,3.318936526775360107e-01,4.637480378150939941e-01,6.105272173881530762e-01,8.981364220380783081e-02,-1.098051741719245911e-01,-7.165244221687316895e-02,-7.482760399580001831e-02,2.839887738227844238e-01,2.925819456577301025e-01,2.283343523740768433e-01,2.473426163196563721e-01,5.468049645423889160e-01,4.397667646408081055e-01,5.755635499954223633e-01,6.318410634994506836e-01,1.448992639780044556e-01,1.955066174268722534e-01,2.595964372158050537e-01,2.673595547676086426e-01,1.185268685221672058e-01,5.027846619486808777e-02,-7.771274447441101074e-02,-2.843296714127063751e-02,5.041864141821861267e-02,-4.347323998808860779e-02,1.103383004665374756e-01,2.086133360862731934e-01,6.760692596435546875e-02,2.560022175312042236e-01,7.164657860994338989e-02,2.042773216962814331e-01,2.186864987015724182e-02,5.920255556702613831e-02,2.172567844390869141e-01,2.758263945579528809e-01,2.128579765558242798e-01,1.700644344091415405e-01,2.800806164741516113e-01,2.037994712591171265e-01,3.221856057643890381e-01,3.330238163471221924e-01,3.364783227443695068e-01,4.000065624713897705e-01,1.336702704429626465e-01,3.807915151119232178e-01,2.919570207595825195e-01,2.359720021486282349e-01,2.502334713935852051e-01,2.327086180448532104e-01,1.862343847751617432e-01,3.371255695819854736e-01,1.297240257263183594e-01,1.955934464931488037e-01,1.432076543569564819e-01,2.289054542779922485e-01,-1.273828446865081787e-01,-6.644196063280105591e-02,3.171211481094360352e-02,1.724992841482162476e-01,-8.065889775753021240e-02,2.504197359085083008e-01,-6.894231587648391724e-02,1.310460716485977173e-01,3.859791904687881470e-02,6.314314156770706177e-02,1.175881847739219666e-01,-6.724526733160018921e-02,1.238931789994239807e-01,1.591662466526031494e-01,4.353503584861755371e-01,6.084759831428527832e-01,3.399349451065063477e-01,4.514195919036865234e-01,4.039036333560943604e-01,4.367110729217529297e-01,4.478423893451690674e-01,5.231034755706787109e-01,3.523066341876983643e-01,4.925175607204437256e-01,3.161305487155914307e-01,4.098509848117828369e-01,2.245553880929946899e-01,1.403016299009323120e-01,2.641450166702270508e-01,1.734270602464675903e-01,3.615925312042236328e-01,3.884576857089996338e-01,2.472573071718215942e-01,3.284176588058471680e-01,2.284773737192153931e-01,2.523274719715118408e-01,2.575221657752990723e-01,1.939706653356552124e-01,2.731183767318725586e-01,1.082366034388542175e-01,3.326589167118072510e-01,2.005939632654190063e-01,2.770892977714538574e-01,4.249916970729827881e-01,4.115388691425323486e-01,3.436527252197265625e-01,1.930993497371673584e-01,2.625412642955780029e-01
-6.718151271343231201e-02,1.141591742634773254e-01,7.627810835838317871e-01,3.775229156017303467e-01,2.315417975187301636e-01,9.903229773044586182e-02,1.000000000000000000e+00,3.289307057857513428e-01,2.720524966716766357e-01,5.778080970048904419e-02,2.626096606254577637e-01,2.513769268989562988e-01,7.011543512344360352e-01,2.483099400997161865e-01,3.446586132049560547e-01,9.739624708890914917e-02,9.888774715363979340e-03,1.322200000286102295e-01,5.218524485826492310e-02,8.196352422237396240e-02,1.805711984634399414e-01,1.305285543203353882e-01,6.392336487770080566e-01,4.522076547145843506e-01,1.657757312059402466e-01,1.104260236024856567e-01,2.043794691562652588e-01,1.077754199504852295e-01,2.944904565811157227e-01,1.635779291391372681e-01,3.946414887905120850e-01,4.491792321205139160e-01,3.656806796789169312e-02,7.736971974372863770e-02,-1.178385764360427856e-01,-9.209390729665756226e-02,-1.890683732926845551e-02,-2.328241616487503052e-01,-4.133607074618339539e-02,-1.047993600368499756e-01,-9.231528639793395996e-02,-9.103826433420181274e-02,1.053012534976005554e-01,1.058833021670579910e-02,-2.226990414783358574e-03,-4.656140878796577454e-02,4.678308591246604919e-02,2.560308948159217834e-02,2.870979346334934235e-02,9.129474312067031860e-02,8.410608023405075073e-02,2.020182646811008453e-02,1.895416378974914551e-01,-2.465435303747653961e-02,-2.061455696821212769e-02,-2.015741914510726929e-02,7.128178328275680542e-02,1.454122271388769150e-02,4.933283105492591858e-02,-1.332277953624725342e-01,9.186118096113204956e-02,4.833807423710823059e-02,2.724953591823577881e-01,5.292011052370071411e-02,1.475779116153717041e-01,1.179438754916191101e-01,-8.524344861507415771e-02,-7.452500611543655396e-02,-6.327933073043823242e-02,-5.702057853341102600e-02,1.354059278964996338e-01,2.291284203529357910e-01,-2.854456938803195953e-02,1.600785553455352783e-01,-4.965691268444061279e-02,5.852405354380607605e-02,-2.876967489719390869e-01,-1.904959827661514282e-01,-9.829981625080108643e-02,1.433002762496471405e-02,1.995125561952590942e-01,7.927943766117095947e-02,2.597427070140838623e-01,6.720079481601715088e-02,2.306329160928726196e-01,1.420709043741226196e-01,1.739518940448760986e-01,2.031764015555381775e-02,1.451855897903442383e-01,1.589465420693159103e-03,5.358686670660972595e-02,-1.304030418395996094e-02,1.371318846940994263e-01,4.763694852590560913e-02,5.769193172454833984e-02,7.319685816764831543e-02,-3.275702148675918579e-02,-1.445232033729553223e-01,-3.849130123853683472e-02,-6.827390938997268677e-02,9.280204772949218750e-02,2.424961701035499573e-02,1.190768405795097351e-01,8.232364803552627563e-02,1.129196733236312866e-01,2.232699282467365265e-02,1.487460732460021973e-01,-4.237557947635650635e-02,2.195973135530948639e-02,8.037412539124488831e-03,3.010846115648746490e-02,4.632713273167610168e-03,9.524444490671157837e-02,7.673210650682449341e-02,-7.766947895288467407e-02,-1.077260896563529968e-01
1.682212352752685547e-01,3.200732171535491943e-01,2.767964899539947510e-01,5.690028071403503418e-01,2.595805227756500244e-01,3.146427571773529053e-01,3.289307057857513428e-01,1.000000000000000000e+00,1.291341781616210938e-01,3.240345418453216553e-01,2.734411358833312988e-01,2.994175553321838379e-01,1.894574612379074097e-01,4.736270010471343994e-01,5.863516032695770264e-02,3.252753615379333496e-01,1.418810337781906128e-01,3.283325210213661194e-02,1.845166683197021484e-01,2.058494836091995239e-01,1.918448507785797119e-01,1.439380198717117310e-01,2.422504872083663940e-01,2.515123784542083740e-01,2.987616360187530518e-01,2.004661858081817627e-01,4.032918810844421387e-01,3.313740193843841553e-01,1.375430673360824585e-01,4.817343875765800476e-02,1.374132633209228516e-01,2.697866857051849365e-01,3.269643187522888184e-01,2.887290716171264648e-01,1.370074003934860229e-01,2.504443228244781494e-01,7.730409502983093262e-02,-2.286882996559143066e-01,-2.037158049643039703e-02,-2.512790076434612274e-02,-2.023396492004394531e-01,5.637116730213165283e-02,-2.137023024260997772e-02,2.056934237480163574e-01,1.894591897726058960e-01,3.218493759632110596e-01,-3.046913072466850281e-02,1.424687951803207397e-01,1.593356579542160034e-01,1.983451396226882935e-01,2.743981480598449707e-01,2.516688704490661621e-01,7.148158550262451172e-02,2.602116167545318604e-01,-1.836996152997016907e-02,1.091694682836532593e-01,2.101375907659530640e-01,5.585299730300903320e-01,4.154250323772430420e-01,3.875343501567840576e-01,1.437361538410186768e-01,4.425536990165710449e-01,1.867291182279586792e-01,6.119180321693420410e-01,-1.209049373865127563e-01,3.001973330974578857e-01,3.651155829429626465e-01,4.984028935432434082e-01,8.591258525848388672e-02,1.874147802591323853e-01,1.540884375572204590e-01,4.179923534393310547e-01,-1.318827867507934570e-01,2.606706321239471436e-01,-1.142240688204765320e-01,1.301096230745315552e-01,2.784409523010253906e-01,3.169296085834503174e-01,1.160418987274169922e-01,-2.041602134704589844e-01,5.369692668318748474e-02,8.502056449651718140e-02,1.115915924310684204e-01,4.603566229343414307e-01,1.092994734644889832e-01,4.793709218502044678e-01,1.174074709415435791e-01,2.936278879642486572e-01,9.843295812606811523e-02,3.425971865653991699e-01,1.066848784685134888e-01,2.821626365184783936e-01,6.765545159578323364e-02,1.157771870493888855e-01,1.384451687335968018e-01,-7.978221029043197632e-02,3.404881060123443604e-02,-7.524110376834869385e-02,4.370123613625764847e-03,1.217124536633491516e-01,-3.716262802481651306e-02,6.953656673431396484e-02,-5.106717348098754883e-02,1.318046357482671738e-02,6.039361469447612762e-03,-1.077797915786504745e-02,1.099829673767089844e-01,-2.134024351835250854e-01,2.453982830047607422e-01,2.414222061634063721e-01,1.891024410724639893e-01,3.050441741943359375e-01,2.130222469568252563e-01,1.193578615784645081e-01,4.284592345356941223e-02,1.036908552050590515e-01
-1.505223661661148071e-01,-2.855652570724487305e-01,3.533091843128204346e-01,3.026955127716064453e-01,6.720753908157348633e-01,3.970959484577178955e-01,2.720524966716766357e-01,1.291341781616210938e-01,1.000000000000000000e+00,3.245541751384735107e-01,1.861056834459304810e-01,-5.848335102200508118e-02,4.996437728404998779e-01,2.106225341558456421e-01,7.367489933967590332e-01,3.529925048351287842e-01,5.659459903836250305e-02,-1.532437056303024292e-01,-7.719545811414718628e-02,-3.366030380129814148e-02,2.732545435428619385e-01,1.320222914218902588e-01,2.987799644470214844e-01,2.689070105552673340e-01,5.059853196144104004e-01,2.400665730237960815e-01,4.497036635875701904e-01,2.762296199798583984e-01,1.422608792781829834e-01,3.316591680049896240e-02,2.905996441841125488e-01,1.483222544193267822e-01,-9.908819943666458130e-02,-6.683573871850967407e-02,-4.641551077365875244e-01,-4.404530227184295654e-01,-1.282890886068344116e-01,-2.910491526126861572e-01,-2.921959944069385529e-02,-9.606108814477920532e-02,4.478941485285758972e-02,-1.714680530130863190e-02,-4.905199632048606873e-02,4.173702746629714966e-02,-2.134661749005317688e-02,1.110236160457134247e-03,7.064744085073471069e-02,7.465337216854095459e-02,8.843129128217697144e-02,-5.653714016079902649e-02,2.265427857637405396e-01,1.584928631782531738e-01,2.196422666311264038e-01,2.646055817604064941e-01,2.616856098175048828e-01,6.455919146537780762e-02,1.392481476068496704e-01,8.911622315645217896e-02,6.435505300760269165e-02,9.608999639749526978e-02,2.941858023405075073e-02,1.536115705966949463e-01,2.915208339691162109e-01,4.362454637885093689e-02,2.580636180937290192e-02,4.665639996528625488e-02,-2.560567259788513184e-01,-1.559550464153289795e-01,-1.826227754354476929e-01,-3.039417266845703125e-01,-1.366347167640924454e-02,-2.566951327025890350e-02,-1.058342382311820984e-01,1.391338557004928589e-01,-1.684776991605758667e-01,-1.001234576106071472e-01,-2.222625464200973511e-01,-2.071420103311538696e-01,6.488813459873199463e-02,-1.876551359891891479e-01,2.322479039430618286e-01,3.799575613811612129e-03,6.394968628883361816e-01,1.769417226314544678e-01,4.712207317352294922e-01,2.511931061744689941e-01,4.486261606216430664e-01,1.044454947113990784e-01,5.940551161766052246e-01,3.089550137519836426e-01,4.471782445907592773e-01,3.991297781467437744e-01,3.266189396381378174e-01,3.368485271930694580e-01,1.339946687221527100e-01,1.279193907976150513e-01,3.619966283440589905e-02,-4.632320627570152283e-02,2.164736241102218628e-01,1.112072616815567017e-01,2.674632966518402100e-01,3.381847143173217773e-01,2.634454071521759033e-01,2.585338354110717773e-01,2.102833688259124756e-01,1.456955522298812866e-01,2.122681885957717896e-01,2.363193407654762268e-02,2.176200971007347107e-02,-2.953697182238101959e-02,-1.091614961624145508e-01,-9.917321614921092987e-03,6.032668799161911011e-02,1.455263942480087280e-01,3.489531576633453369e-02,2.800793200731277466e-02
-7.496586441993713379e-02,-7.821024954319000244e-02,1.534398794174194336e-01,1.582934707403182983e-01,4.453904330730438232e-01,6.717348098754882812e-01,5.778080970048904419e-02,3.240345418453216553e-01,3.245541751384735107e-01,1.000000000000000000e+00,-7.683533430099487305e-02,3.592222183942794800e-02,4.852557554841041565e-02,3.525222539901733398e-01,3.291329741477966309e-01,7.048516273498535156e-01,-2.511227037757635117e-03,-1.376652568578720093e-01,-8.347237855195999146e-02,-8.569975197315216064e-02,3.250576257705688477e-01,3.135628998279571533e-01,1.020769849419593811e-01,8.031216263771057129e-02,5.330225825309753418e-01,3.711357712745666504e-01,5.015105605125427246e-01,5.079206228256225586e-01,1.211777329444885254e-01,1.126104071736335754e-01,2.268643677234649658e-01,2.492764741182327271e-01,2.333656996488571167e-01,1.806114763021469116e-01,1.255999058485031128e-01,1.398640424013137817e-01,2.330272793769836426e-01,4.464446753263473511e-02,1.676104515790939331e-01,1.960827559232711792e-01,4.426709562540054321e-02,2.565966546535491943e-01,-7.004285696893930435e-03,2.095871567726135254e-01,3.893214836716651917e-02,1.366478949785232544e-01,1.110290810465812683e-01,2.732494771480560303e-01,2.191161215305328369e-01,1.662978827953338623e-01,2.630561292171478271e-01,2.334721684455871582e-01,1.955232322216033936e-01,3.520388901233673096e-01,2.804833948612213135e-01,3.173782825469970703e-01,1.021073609590530396e-01,3.635101318359375000e-01,3.051336407661437988e-01,3.016938567161560059e-01,1.569279581308364868e-01,2.431918531656265259e-01,1.034983024001121521e-01,3.231347799301147461e-01,1.433862745761871338e-02,1.792465895414352417e-01,2.496453821659088135e-01,3.491915464401245117e-01,-4.368410632014274597e-02,-1.643401384353637695e-02,9.065113216638565063e-02,2.532538473606109619e-01,-1.235474646091461182e-02,2.695216536521911621e-01,-1.833649724721908569e-02,1.577981710433959961e-01,1.999173015356063843e-01,2.247256040573120117e-01,4.824305325746536255e-02,-1.110383942723274231e-01,1.237869076430797577e-02,7.134871184825897217e-02,3.004698157310485840e-01,6.294561624526977539e-01,1.848489642143249512e-01,4.051218926906585693e-01,2.897174358367919922e-01,5.414847135543823242e-01,3.561182022094726562e-01,5.725901126861572266e-01,3.308997750282287598e-01,4.288898706436157227e-01,2.664239108562469482e-01,3.385540544986724854e-01,3.096927404403686523e-01,1.359737664461135864e-01,2.659634947776794434e-01,1.614436060190200806e-01,2.781154811382293701e-01,3.302192389965057373e-01,1.508857607841491699e-01,2.600174248218536377e-01,1.067083701491355896e-01,1.734806448221206665e-01,1.597979217767715454e-01,1.192996650934219360e-01,1.931861639022827148e-01,4.968764260411262512e-02,3.356451988220214844e-01,2.916835844516754150e-01,2.167037725448608398e-01,3.540448546409606934e-01,2.710956335067749023e-01,2.279039770364761353e-01,1.715510189533233643e-01,2.793933153152465820e-01
4.116473793983459473e-01,1.072832122445106506e-01,7.715313136577606201e-02,2.568132877349853516e-01,-2.019188739359378815e-02,-1.257900297641754150e-01,2.626096606254577637e-01,2.734411358833312988e-01,1.861056834459304810e-01,-7.683533430099487305e-02,1.000000000000000000e+00,5.933899283409118652e-01,4.167115092277526855e-01,4.124759733676910400e-01,8.807627856731414795e-02,-4.740928299725055695e-03,5.692139863967895508e-01,4.141032695770263672e-01,1.347476541996002197e-01,1.709644794464111328e-01,7.030659168958663940e-02,7.305437326431274414e-02,2.435214817523956299e-01,1.508390009403228760e-01,2.723011933267116547e-02,1.094227358698844910e-01,8.317840285599231720e-03,-4.651372879743576050e-02,3.888479769229888916e-01,1.274299770593643188e-01,9.597752243280410767e-02,2.146217823028564453e-01,4.673755168914794922e-02,1.070282459259033203e-01,-2.491106092929840088e-02,9.780094772577285767e-02,8.672140538692474365e-02,-2.700943052768707275e-01,-1.427071262151002884e-02,-2.371917814016342163e-01,-4.079441353678703308e-02,-2.260872274637222290e-01,2.887904942035675049e-01,2.791252136230468750e-01,2.793515622615814209e-01,1.556795090436935425e-01,7.956168800592422485e-02,1.176766529679298401e-01,2.889192700386047363e-01,1.498462408781051636e-01,2.360117286443710327e-01,1.906687170267105103e-01,1.042581722140312195e-01,-1.231307629495859146e-03,-6.584806740283966064e-02,-2.164876013994216919e-01,3.366166651248931885e-01,1.131144836544990540e-01,9.581615775823593140e-02,-6.621573120355606079e-02,4.223247990012168884e-02,1.227836236357688904e-01,3.466558158397674561e-01,1.037732958793640137e-01,7.221419829875230789e-03,5.512836202979087830e-02,5.266414210200309753e-02,3.206794708967208862e-02,3.755773603916168213e-02,4.083973169326782227e-02,9.646258503198623657e-02,1.867164522409439087e-01,2.499824389815330505e-02,1.528871357440948486e-01,-1.614462770521640778e-02,6.021533906459808350e-02,7.261969894170761108e-02,-6.900934968143701553e-04,3.517504036426544189e-01,7.512027770280838013e-02,4.731237888336181641e-01,2.559460401535034180e-01,8.353110402822494507e-03,-1.057461127638816833e-01,3.421040773391723633e-01,2.398968487977981567e-01,-1.072302460670471191e-01,-2.401021271944046021e-01,4.207323864102363586e-02,-1.196726784110069275e-01,-1.244288980960845947e-01,-8.270229399204254150e-02,-8.181749284267425537e-02,-1.800495088100433350e-01,2.732141502201557159e-02,-5.700070410966873169e-03,-8.192555047571659088e-03,-1.439957022666931152e-01,-7.358055561780929565e-02,-4.497539252042770386e-02,-1.791623681783676147e-01,-2.227134108543395996e-01,-2.806878834962844849e-02,-8.239210397005081177e-02,2.512356266379356384e-02,1.037816423922777176e-02,6.335210800170898438e-02,-1.068198904395103455e-01,-3.042729012668132782e-02,-1.574171334505081177e-02,-1.170164123177528381e-01,-3.841630741953849792e-02,-5.568132735788822174e-03,4.765567556023597717e-02,-1.052689254283905029e-01,-1.405549049377441406e-01
3.446311056613922119e-01,2.233823686838150024e-01,1.112366095185279846e-01,2.655775547027587891e-01,-8.910438418388366699e-02,-4.844667017459869385e-02,2.513769268989562988e-01,2.994175553321838379e-01,-5.848335102200508118e-02,3.592222183942794800e-02,5.933899283409118652e-01,1.000000000000000000e+00,3.173474967479705811e-01,5.203477144241333008e-01,-7.164216041564941406e-02,8.046432584524154663e-02,4.773209989070892334e-01,5.511122941970825195e-01,-3.295326605439186096e-02,3.520410880446434021e-02,1.718149483203887939e-01,2.394591122865676880e-01,3.215039074420928955e-01,2.565282285213470459e-01,5.533959716558456421e-02,1.962175220251083374e-01,-3.338671848177909851e-02,-2.435672562569379807e-03,4.537267386913299561e-01,3.588423132896423340e-01,2.731515467166900635e-01,3.901324570178985596e-01,2.964366972446441650e-01,3.487702012062072754e-01,2.271287590265274048e-01,2.870351076126098633e-01,1.957350671291351318e-01,1.603098958730697632e-02,2.936065383255481720e-02,-3.979401662945747375e-02,3.117036772891879082e-03,-7.643848657608032227e-02,3.550701141357421875e-01,2.934295237064361572e-01,2.289084494113922119e-01,1.301935911178588867e-01,2.068275511264801025e-01,2.479969859123229980e-01,2.586914300918579102e-01,1.919929385185241699e-01,2.551210820674896240e-01,1.901888549327850342e-01,1.473131924867630005e-01,-1.795354112982749939e-02,-3.798134252429008484e-02,-1.909205317497253418e-02,2.643199861049652100e-01,2.591470777988433838e-01,1.389958709478378296e-01,-9.319539368152618408e-02,1.434572935104370117e-01,4.612267762422561646e-02,2.939291000366210938e-01,2.320815622806549072e-01,1.516632288694381714e-01,8.970117568969726562e-02,1.879960745573043823e-01,1.808630824089050293e-01,-2.772497711703181267e-03,3.277620766311883926e-03,2.494720816612243652e-01,3.284729421138763428e-01,1.044474914669990540e-01,2.846156060695648193e-01,3.036712482571601868e-02,2.051890194416046143e-01,1.596117168664932251e-01,1.479066312313079834e-01,3.568812012672424316e-01,3.204316496849060059e-01,3.740991055965423584e-01,4.195753037929534912e-01,-1.124515160918235779e-01,5.683375522494316101e-03,2.125739753246307373e-01,2.943816483020782471e-01,-1.484262049198150635e-01,-1.169948577880859375e-01,-6.905794888734817505e-02,-9.178527444601058960e-02,-1.558814197778701782e-01,-1.538372784852981567e-01,-2.600755728781223297e-02,-1.606484055519104004e-01,9.812714904546737671e-02,1.405017636716365814e-02,1.539794951677322388e-01,2.888478152453899384e-02,-5.771539174020290375e-03,6.848660856485366821e-02,-1.035190597176551819e-01,-2.190656661987304688e-01,-8.160797879099845886e-03,-3.233735635876655579e-02,9.430666267871856689e-02,1.155664026737213135e-01,7.235161960124969482e-02,5.983310937881469727e-02,2.386474423110485077e-02,1.213903874158859253e-01,9.914198517799377441e-02,1.235951185226440430e-01,8.028855174779891968e-02,1.257559657096862793e-01,1.713201054371893406e-03,-3.426158800721168518e-02
-7.467093318700790405e-02,-1.415825784206390381e-01,6.697131395339965820e-01,3.515248596668243408e-01,3.285275995731353760e-01,1.243454441428184509e-01,7.011543512344360352e-01,1.894574612379074097e-01,4.996437728404998779e-01,4.852557554841041565e-02,4.167115092277526855e-01,3.173474967479705811e-01,1.000000000000000000e+00,4.082562923431396484e-01,5.416846871376037598e-01,1.274798959493637085e-01,1.960370391607284546e-01,1.519598513841629028e-01,-7.847757637500762939e-02,-3.300976753234863281e-02,2.775509953498840332e-01,2.218852937221527100e-01,6.498402357101440430e-01,4.911464154720306396e-01,2.818521261215209961e-01,2.459969073534011841e-01,2.360581308603286743e-01,1.068346500396728516e-01,4.591820836067199707e-01,2.562831342220306396e-01,5.647236704826354980e-01,5.249442458152770996e-01,-6.021525245159864426e-03,6.539112329483032227e-02,-2.018475234508514404e-01,-1.807064414024353027e-01,5.406282376497983932e-03,-2.523980736732482910e-01,-4.521280899643898010e-02,-1.470560878515243530e-01,-2.254439145326614380e-02,-1.795032322406768799e-01,1.876745522022247314e-01,1.115622967481613159e-01,3.649731725454330444e-02,-7.100372761487960815e-02,1.820559799671173096e-01,1.414695680141448975e-01,1.126201674342155457e-01,1.916798204183578491e-02,2.362802177667617798e-01,8.645811676979064941e-02,3.225653469562530518e-01,6.564355641603469849e-02,1.056859791278839111e-01,-4.369547218084335327e-02,1.892872303724288940e-01,9.080753661692142487e-03,-2.042075432837009430e-02,-2.198605984449386597e-01,5.397854745388031006e-02,5.864088609814643860e-02,4.578077495098114014e-01,6.440080702304840088e-03,1.735935956239700317e-01,-1.400219649076461792e-02,-1.950537860393524170e-01,-1.634945124387741089e-01,-1.618884950876235962e-01,-2.755857408046722412e-01,1.629748046398162842e-01,1.906981915235519409e-01,6.175616756081581116e-03,2.019639462232589722e-01,7.759178522974252701e-03,6.727701425552368164e-02,-2.933807969093322754e-01,-2.251268625259399414e-01,6.093242391943931580e-02,-2.798717701807618141e-03,4.205709397792816162e-01,1.761744916439056396e-01,3.821481466293334961e-01,-1.776034384965896606e-02,4.975699782371520996e-01,2.303720265626907349e-01,1.941712200641632080e-01,-1.267563700675964355e-01,3.190797567367553711e-01,-3.051062114536762238e-02,1.387945711612701416e-01,2.211695164442062378e-02,1.837722957134246826e-01,5.602004006505012512e-02,6.102212518453598022e-02,1.167075634002685547e-01,2.878386899828910828e-02,-1.202018931508064270e-01,8.966597914695739746e-02,-2.120512910187244415e-02,1.132800877094268799e-01,7.026264909654855728e-03,1.807485371828079224e-01,1.095383167266845703e-01,2.094322293996810913e-01,1.252322345972061157e-01,2.136732339859008789e-01,3.025607578456401825e-02,-5.085686966776847839e-02,-7.769033778458833694e-03,9.453862905502319336e-03,-7.990828715264797211e-03,9.136153012514114380e-02,1.415974199771881104e-01,-4.461034759879112244e-02,-1.008638814091682434e-01
