1.000000000000000000e+00,5.237543582916259766e-01,5.352734923362731934e-01,4.594281613826751709e-01,5.670189391821622849e-03,8.669787645339965820e-02,5.629072189331054688e-01,4.543614387512207031e-01,9.551761299371719360e-02,2.877504751086235046e-02,3.345045447349548340e-01,4.382444918155670166e-01,3.573489189147949219e-01,4.848963916301727295e-01,2.316298633813858032e-01,2.775350511074066162e-01,5.610822141170501709e-02,1.549033373594284058e-01,5.690808296203613281e-01,5.469821095466613770e-01,1.925996094942092896e-01,2.658284604549407959e-01,4.284914731979370117e-01,4.044192731380462646e-01,2.420809566974639893e-01,2.305666953325271606e-01,-1.954454369843006134e-02,-6.090910360217094421e-02,1.563808917999267578e-01,2.168423831462860107e-01,4.000013470649719238e-01,3.758039772510528564e-01,4.080053567886352539e-01,3.794344365596771240e-01,9.976367466151714325e-03,-9.388817101716995239e-02,4.479379858821630478e-03,7.535959035158157349e-02,-1.670723967254161835e-02,-4.082557559013366699e-02,8.734061568975448608e-02,1.406048834323883057e-01,-2.486139982938766479e-01,-1.906127780675888062e-01,-5.120585113763809204e-02,-9.381545335054397583e-02,-1.593324542045593262e-01,-2.634732723236083984e-01,9.211658686399459839e-02,1.901740767061710358e-02,8.688125759363174438e-02,-1.165381446480751038e-02,-1.406667530536651611e-01,-2.101552784442901611e-01,-7.088394463062286377e-02,-1.635752767324447632e-01,5.190452933311462402e-01,3.537878692150115967e-01,2.540720701217651367e-01,1.501366794109344482e-01,4.082899689674377441e-01,5.904613807797431946e-02,1.589737981557846069e-01,1.505809873342514038e-01,2.173067778348922729e-01,-1.422622986137866974e-02,1.238931044936180115e-01,-1.190536394715309143e-01,5.339384675025939941e-01,4.050442874431610107e-01,3.415043056011199951e-01,2.785852253437042236e-01,1.310785710811614990e-01,1.471258848905563354e-01,8.487422764301300049e-02,7.253890484571456909e-02,4.630176723003387451e-02,1.571913063526153564e-02,-2.549132518470287323e-02,2.417666092514991760e-02,-3.428990766406059265e-02,2.940365858376026154e-02,5.537708103656768799e-02,2.416820377111434937e-01,-4.623312875628471375e-02,-6.282369047403335571e-02,-8.288061618804931641e-02,1.065616160631179810e-01,-3.671473264694213867e-02,-6.598549336194992065e-02,-1.198532432317733765e-01,-1.845040917396545410e-01,-6.816897541284561157e-03,-1.231244951486587524e-01,-5.394868552684783936e-02,4.606219008564949036e-02,-7.816144824028015137e-02,-9.295374900102615356e-02,-1.266084760427474976e-01,-1.550036072731018066e-01,9.588475525379180908e-02,4.986411333084106445e-02,9.933078289031982422e-02,1.012809723615646362e-01,9.720461815595626831e-02,1.434271782636642456e-01,-7.397508621215820312e-02,-1.496626138687133789e-01,-4.166793078184127808e-02,-1.524559874087572098e-02,-4.552739486098289490e-02,-1.349979043006896973e-01,-2.888968214392662048e-02,-1.242978349328041077e-01,-1.453487128019332886e-01,-1.435492336750030518e-01
5.237543582916259766e-01,1.000000000000000000e+00,3.752945959568023682e-01,4.595615267753601074e-01,-2.470420487225055695e-02,2.691889554262161255e-02,3.579301834106445312e-01,5.322537422180175781e-01,4.346322268247604370e-02,-5.702432245016098022e-04,5.968918558210134506e-03,5.826530456542968750e-01,2.908869273960590363e-02,4.408209323883056641e-01,1.063884869217872620e-01,1.238528192043304443e-01,-1.694205589592456818e-02,3.228737413883209229e-01,5.128119587898254395e-01,5.902351737022399902e-01,8.065254241228103638e-02,1.486642211675643921e-01,3.613149821758270264e-01,3.366135060787200928e-01,1.047510430216789246e-01,9.744196385145187378e-02,-5.153820384293794632e-03,-8.261038362979888916e-02,-2.288429252803325653e-02,2.165792435407638550e-01,2.045317888259887695e-01,2.303296774625778198e-01,5.397569537162780762e-01,5.550169944763183594e-01,6.365342438220977783e-02,-3.752417862415313721e-02,-4.710187017917633057e-02,9.361352026462554932e-02,-9.376083314418792725e-02,-3.044725209474563599e-02,-6.065825745463371277e-02,7.449550926685333252e-02,-1.926463544368743896e-01,-1.484787017107009888e-01,-8.628840744495391846e-02,-1.356215327978134155e-01,-1.547462344169616699e-01,-1.755393892526626587e-01,-4.334738105535507202e-02,-9.547192603349685669e-02,-2.904908731579780579e-02,-5.143734067678451538e-02,-1.053741723299026489e-01,-1.680953800678253174e-01,-1.029291525483131409e-01,-1.944168061017990112e-01,4.526509642601013184e-01,5.384011268615722656e-01,8.556801825761795044e-02,1.845528488047420979e-03,2.679751217365264893e-01,-1.439705397933721542e-02,1.492045372724533081e-01,4.012131989002227783e-01,8.691062033176422119e-02,-1.165961548686027527e-01,-7.589840330183506012e-03,-2.536960840225219727e-01,5.423825979232788086e-01,3.753083646297454834e-01,1.635893583297729492e-01,1.788409352302551270e-01,5.379302054643630981e-02,1.780600547790527344e-01,1.091768965125083923e-01,1.357151269912719727e-01,1.835598424077033997e-02,7.550499588251113892e-02,-5.336067080497741699e-02,6.908056139945983887e-02,-2.404111064970493317e-02,1.045065745711326599e-01,-1.229652017354965210e-01,9.959775209426879883e-02,-8.929146826267242432e-02,-8.682539314031600952e-02,-1.593094021081924438e-01,-1.124802976846694946e-03,-9.107023477554321289e-02,-1.380264163017272949e-01,-2.485537081956863403e-01,-2.826503813266754150e-01,-1.540145277976989746e-01,-2.495986670255661011e-01,-5.593275278806686401e-02,-1.585070788860321045e-02,-8.222639560699462891e-02,-4.926409572362899780e-02,-1.083013042807579041e-01,-1.314523965120315552e-01,4.803943913429975510e-03,-1.307961791753768921e-01,1.355334669351577759e-01,1.618884503841400146e-02,1.556574702262878418e-01,8.474132418632507324e-02,3.283381462097167969e-02,-5.667184665799140930e-02,-1.337799057364463806e-02,-1.905736885964870453e-02,-3.535365685820579529e-02,-1.221915334463119507e-01,-1.350481063127517700e-01,-2.079651653766632080e-01,-1.577217876911163330e-01,-1.225778758525848389e-01
5.352734923362731934e-01,3.752945959568023682e-01,1.000000000000000000e+00,5.733509659767150879e-01,-7.741678506135940552e-02,2.043142355978488922e-02,6.659178733825683594e-01,5.117377638816833496e-01,7.259140163660049438e-02,-9.755073115229606628e-03,3.473753631114959717e-01,3.776552379131317139e-01,3.677338063716888428e-01,4.666205644607543945e-01,2.024177163839340210e-01,2.289038151502609253e-01,1.932402141392230988e-03,3.263925015926361084e-02,5.727550983428955078e-01,5.446462035179138184e-01,1.296413391828536987e-01,2.126861810684204102e-01,7.215035557746887207e-01,6.570883393287658691e-01,2.463913410902023315e-01,2.053915262222290039e-01,-9.965525567531585693e-02,-1.493910402059555054e-01,2.074548304080963135e-01,2.471021860837936401e-01,5.181668400764465332e-01,4.838394522666931152e-01,3.919165432453155518e-01,3.874097168445587158e-01,-2.715776208788156509e-03,-8.371084928512573242e-02,-1.717383228242397308e-02,7.710105180740356445e-02,-6.830143928527832031e-02,-1.047166585922241211e-01,2.458537742495536804e-02,1.028712242841720581e-01,-1.438908576965332031e-01,-6.576547026634216309e-02,-1.152473315596580505e-01,-1.304027289152145386e-01,-1.641598343849182129e-01,-2.620654404163360596e-01,-6.242558732628822327e-02,-7.996245473623275757e-02,4.691489413380622864e-02,4.936054814606904984e-03,-1.706967800855636597e-01,-2.132377177476882935e-01,-1.691854447126388550e-01,-2.339254915714263916e-01,2.523981332778930664e-01,1.351533532142639160e-01,-1.159654557704925537e-01,-1.704368591308593750e-01,5.484073981642723083e-02,-2.627610266208648682e-01,-2.310398221015930176e-02,-9.105257689952850342e-02,-2.251007361337542534e-03,-2.694996595382690430e-01,-1.676961183547973633e-01,-3.118110299110412598e-01,3.033743500709533691e-01,1.713118702173233032e-01,3.528908491134643555e-01,2.662404775619506836e-01,9.486451745033264160e-02,9.278909116983413696e-02,6.853327155113220215e-02,5.119608342647552490e-02,3.111400455236434937e-02,2.272392436861991882e-02,-4.626525193452835083e-02,-3.521870449185371399e-02,-1.049354597926139832e-01,-6.203331053256988525e-02,4.590257257223129272e-02,1.785487681627273560e-01,-9.449489414691925049e-02,-1.071386560797691345e-01,-1.889881789684295654e-01,-3.662589564919471741e-02,-1.645904630422592163e-01,-2.004507482051849365e-01,-2.386392951011657715e-01,-3.084447681903839111e-01,-1.187272220849990845e-01,-2.114238590002059937e-01,-3.020490519702434540e-02,1.386664658784866333e-01,-1.440249681472778320e-01,-1.010316535830497742e-01,-2.218336611986160278e-01,-2.042469829320907593e-01,-4.549325257539749146e-02,-1.314119398593902588e-01,-6.065413728356361389e-02,-1.059381663799285889e-01,-4.728232696652412415e-02,-1.263312529772520065e-02,-6.781128048896789551e-02,-1.754748225212097168e-01,-2.003361098468303680e-02,1.066779159009456635e-02,-2.861181646585464478e-02,-2.110514789819717407e-01,-1.801163554191589355e-01,-2.855412364006042480e-01,-2.910688519477844238e-01,-1.250705271959304810e-01
4.594281613826751709e-01,4.595615267753601074e-01,5.733509659767150879e-01,1.000000000000000000e+00,-8.908898383378982544e-02,1.164089143276214600e-01,4.769875407218933105e-01,7.576920390129089355e-01,-3.337658941745758057e-02,1.080675199627876282e-01,1.103600189089775085e-01,4.037577211856842041e-01,9.589129686355590820e-02,5.828008651733398438e-01,2.755664102733135223e-02,3.050816357135772705e-01,9.467049688100814819e-02,1.228665933012962341e-01,4.999136328697204590e-01,5.500152707099914551e-01,1.051536649465560913e-01,2.002448737621307373e-01,5.510469675064086914e-01,6.774208545684814453e-01,1.758535802364349365e-01,2.743438780307769775e-01,-3.452467918395996094e-02,-3.848541155457496643e-02,1.341639459133148193e-01,2.894966006278991699e-01,4.006051123142242432e-01,5.419059395790100098e-01,3.802958130836486816e-01,4.435639679431915283e-01,-4.901974275708198547e-02,-6.054699420928955078e-02,1.696306467056274414e-01,1.139444932341575623e-01,1.216496005654335022e-01,7.337709516286849976e-02,1.731695383787155151e-01,1.848016083240509033e-01,2.172169461846351624e-02,-1.914738863706588745e-02,-7.908412814140319824e-02,-6.731145083904266357e-02,1.334452722221612930e-02,-5.300153046846389771e-02,2.948583289980888367e-02,1.711018569767475128e-02,1.213518679141998291e-01,4.128487780690193176e-02,3.622669726610183716e-02,4.230139777064323425e-02,5.265279486775398254e-02,-3.911802545189857483e-02,3.336779475212097168e-01,3.135127127170562744e-01,9.324559569358825684e-02,6.263943761587142944e-02,2.061639726161956787e-01,3.720147162675857544e-02,1.425797194242477417e-01,1.222963258624076843e-01,4.988909885287284851e-02,-9.461770951747894287e-02,5.112500861287117004e-03,-6.348703801631927490e-02,3.083185553550720215e-01,2.290067970752716064e-01,2.255413532257080078e-01,2.372685670852661133e-01,1.073371693491935730e-01,9.446753561496734619e-02,1.683461815118789673e-01,1.336071491241455078e-01,1.734592020511627197e-01,2.045050114393234253e-01,2.548119053244590759e-02,1.561160087585449219e-01,6.407714635133743286e-02,2.945580706000328064e-02,8.732780069112777710e-02,2.873602211475372314e-01,4.065632447600364685e-02,-9.991645812988281250e-02,-1.736773736774921417e-02,7.982414215803146362e-02,2.551482617855072021e-02,-1.161267533898353577e-01,-3.533578664064407349e-02,-5.769689753651618958e-02,2.736962959170341492e-02,-4.927878826856613159e-02,7.822103053331375122e-02,1.291534751653671265e-01,2.078092889860272408e-03,6.951161473989486694e-02,1.313763111829757690e-02,1.924276724457740784e-02,1.055421680212020874e-01,1.483989320695400238e-02,1.849696487188339233e-01,1.055357679724693298e-01,1.278532594442367554e-01,1.074050441384315491e-01,5.979891866445541382e-02,9.189453907310962677e-03,4.762597009539604187e-02,7.514411956071853638e-02,5.042942613363265991e-02,-3.032147884368896484e-02,3.457283601164817810e-02,-2.613251656293869019e-02,-4.127552732825279236e-02,-9.395856410264968872e-03
5.670189391821622849e-03,-2.470420487225055695e-02,-7.741678506135940552e-02,-8.908898383378982544e-02,1.000000000000000000e+00,6.377738714218139648e-01,-1.019183695316314697e-01,-8.772771805524826050e-02,6.840048432350158691e-01,5.597916245460510254e-01,7.420413941144943237e-02,7.398734986782073975e-02,1.144580766558647156e-01,1.095532402396202087e-01,5.255036950111389160e-01,4.293724894523620605e-01,-3.347188606858253479e-02,1.077525503933429718e-02,2.024104585871100426e-03,8.618730120360851288e-03,3.640153408050537109e-01,3.747854232788085938e-01,-1.131752654910087585e-01,-1.092163547873497009e-01,5.930833220481872559e-01,4.496791660785675049e-01,5.905768871307373047e-01,6.009956598281860352e-01,2.107430100440979004e-01,2.162214666604995728e-01,8.976144343614578247e-02,1.315584499388933182e-02,5.866669490933418274e-02,-1.236046385020017624e-02,3.334527090191841125e-02,2.029735827818512917e-03,-5.467374995350837708e-02,-2.585214376449584961e-02,4.408359527587890625e-02,7.995526492595672607e-02,1.717494917102158070e-03,3.457998484373092651e-02,4.725712537765502930e-02,3.531340043991804123e-03,1.431205589324235916e-02,7.579457946121692657e-03,5.868712812662124634e-02,8.226331323385238647e-02,-6.641582399606704712e-02,-3.651333972811698914e-02,-5.586968362331390381e-02,-1.349359452724456787e-01,9.506163001060485840e-02,3.366015851497650146e-02,8.273841440677642822e-02,1.103750169277191162e-01,4.199559241533279419e-02,-9.749385644681751728e-04,4.059934243559837341e-02,3.784905746579170227e-02,9.618119150400161743e-02,6.535912305116653442e-02,1.207556691952049732e-03,-1.964008621871471405e-02,3.885861858725547791e-02,2.430535294115543365e-02,1.159335002303123474e-01,1.043616309762001038e-01,8.949816972017288208e-02,1.290782094001770020e-01,2.300556302070617676e-01,2.609297931194305420e-01,1.542924344539642334e-01,2.302421182394027710e-01,1.062328219413757324e-01,2.068349868059158325e-01,-5.616525560617446899e-02,-8.074627071619033813e-02,-1.585677452385425568e-02,-8.887152373790740967e-02,-8.036210387945175171e-02,-1.602463424205780029e-01,1.161869540810585022e-01,1.538944691419601440e-01,-8.839276432991027832e-02,-7.105703651905059814e-02,1.527964770793914795e-01,3.019291162490844727e-01,1.999677121639251709e-01,2.736516892910003662e-01,2.570464462041854858e-02,-1.660363748669624329e-02,2.398439683020114899e-02,5.388049781322479248e-02,-4.518314078450202942e-02,2.275675535202026367e-02,-2.007919363677501678e-02,-2.956847101449966431e-02,2.972097694873809814e-02,7.297143805772066116e-03,1.332243159413337708e-02,7.244276255369186401e-02,-5.218697339296340942e-02,-2.051787637174129486e-02,-4.055043309926986694e-02,5.721508711576461792e-02,8.756680041551589966e-02,-7.912226766347885132e-02,2.142574079334735870e-02,1.305716484785079956e-02,7.074218988418579102e-02,1.945230215787887573e-01,8.625919371843338013e-02,-1.112032309174537659e-02,-7.757326215505599976e-02,-7.892232388257980347e-02
8.669787645339965820e-02,2.691889554262161255e-02,2.043142355978488922e-02,1.164089143276214600e-01,6.377738714218139648e-01,1.000000000000000000e+00,-5.573577433824539185e-02,1.111022755503654480e-01,5.197559595108032227e-01,6.959540247917175293e-01,7.807294279336929321e-02,1.058915033936500549e-01,4.700759798288345337e-02,2.519598305225372314e-01,4.572387337684631348e-01,5.662297010421752930e-01,3.498905152082443237e-02,9.449259936809539795e-02,9.923774749040603638e-02,9.571344405412673950e-02,4.297288060188293457e-01,4.138598442077636719e-01,2.659873105585575104e-02,8.881019055843353271e-02,6.222059726715087891e-01,6.789121031761169434e-01,5.847143530845642090e-01,6.697642803192138672e-01,2.140797972679138184e-01,2.442808151245117188e-01,2.524303197860717773e-01,2.217071950435638428e-01,1.533432304859161377e-01,8.681996911764144897e-02,1.474460959434509277e-01,7.949528098106384277e-02,7.118544727563858032e-02,3.927382826805114746e-02,1.258808672428131104e-01,1.246958747506141663e-01,6.811694055795669556e-02,5.770201236009597778e-02,6.017950922250747681e-02,2.387599274516105652e-02,1.201998963952064514e-01,9.155122935771942139e-02,4.489269852638244629e-02,5.788622424006462097e-02,3.116882964968681335e-02,1.961814984679222107e-02,4.947723820805549622e-03,-1.003769636154174805e-01,8.740737289190292358e-02,5.914514511823654175e-02,1.565491259098052979e-01,1.533032953739166260e-01,2.023429870605468750e-01,1.437318176031112671e-01,1.722219288349151611e-01,1.567251831293106079e-01,2.515276074409484863e-01,2.036503851413726807e-01,1.343291997909545898e-01,9.225611388683319092e-02,1.554824262857437134e-01,1.161750257015228271e-01,2.867706716060638428e-01,2.526088058948516846e-01,2.346596419811248779e-01,2.438442111015319824e-01,2.642450928688049316e-01,2.990470230579376221e-01,1.569821089506149292e-01,1.837839484214782715e-01,1.636063009500503540e-01,1.364027410745620728e-01,1.035384312272071838e-01,9.118541330099105835e-02,8.578404039144515991e-02,8.580224215984344482e-02,4.492181539535522461e-02,-5.623661726713180542e-02,1.013281196355819702e-01,2.307995408773422241e-01,2.401358447968959808e-03,-3.665872663259506226e-02,2.217086702585220337e-01,4.429481923580169678e-01,2.385135143995285034e-01,2.578987777233123779e-01,9.105231612920761108e-02,7.741313427686691284e-02,1.441909372806549072e-01,1.479521542787551880e-01,-2.703982777893543243e-02,1.601894572377204895e-02,2.351429872214794159e-02,-1.180611783638596535e-03,7.186929136514663696e-02,1.575471460819244385e-02,1.267968565225601196e-01,1.619050055742263794e-01,5.143577978014945984e-02,8.307099342346191406e-02,8.355662226676940918e-02,1.654528826475143433e-01,1.320490837097167969e-01,-1.971516991034150124e-03,4.205733537673950195e-02,1.071334481239318848e-01,1.535938382148742676e-01,2.027389556169509888e-01,1.516138166189193726e-01,8.899455517530441284e-02,3.632205352187156677e-02,-9.480891749262809753e-04
5.629072189331054688e-01,3.579301834106445312e-01,6.659178733825683594e-01,4.769875407218933105e-01,-1.019183695316314697e-01,-5.573577433824539185e-02,1.000000000000000000e+00,4.842062592506408691e-01,7.883684337139129639e-02,-7.938131690025329590e-02,4.129687249660491943e-01,3.671555221080780029e-01,4.996373355388641357e-01,4.226538836956024170e-01,1.236102953553199768e-01,1.901669204235076904e-01,5.214097909629344940e-03,-2.340688928961753845e-02,3.782125115394592285e-01,4.040884971618652344e-01,2.696945890784263611e-02,1.252253502607345581e-01,5.480123162269592285e-01,5.143373608589172363e-01,1.762054860591888428e-01,1.085613593459129333e-01,-2.235908061265945435e-01,-2.767100632190704346e-01,2.316727489233016968e-01,2.071208506822586060e-01,4.747086465358734131e-01,4.422775804996490479e-01,2.826252579689025879e-01,3.347977101802825928e-01,-2.075428813695907593e-01,-2.468776851892471313e-01,-1.362518221139907837e-01,-6.815538555383682251e-02,-1.528056412935256958e-01,-1.958126425743103027e-01,-3.757851570844650269e-02,5.685622338205575943e-03,-1.148732826113700867e-01,-1.860660687088966370e-02,-5.771673470735549927e-02,-5.613337084650993347e-02,-1.777522414922714233e-01,-2.328050136566162109e-01,6.343835592269897461e-02,6.574432551860809326e-02,1.985266432166099548e-02,1.223308816552162170e-01,-1.392255574464797974e-01,-1.336507499217987061e-01,-2.407880723476409912e-01,-3.239494860172271729e-01,2.317224889993667603e-01,4.215847700834274292e-02,-4.539847746491432190e-02,-9.823227673768997192e-02,8.342465013265609741e-02,-1.504380702972412109e-01,-5.957250483334064484e-03,-6.006409972906112671e-02,-5.595013126730918884e-02,-1.359323114156723022e-01,-1.837238818407058716e-01,-3.032317459583282471e-01,2.453358918428421021e-01,1.129540428519248962e-01,3.233231604099273682e-01,2.275182753801345825e-01,1.319198161363601685e-01,1.380966156721115112e-01,8.326099067926406860e-02,1.171478405594825745e-01,-1.130794584751129150e-01,-1.288926005363464355e-01,-1.599783450365066528e-01,-1.228798851370811462e-01,-1.998986303806304932e-01,-1.281230598688125610e-01,-2.278076857328414917e-02,1.619496643543243408e-01,-2.389530539512634277e-01,-1.773014366626739502e-01,-2.484208494424819946e-01,-1.094748452305793762e-01,-2.326814681291580200e-01,-2.309987843036651611e-01,-2.384169846773147583e-01,-3.361627459526062012e-01,-2.520932853221893311e-01,-3.636537790298461914e-01,-1.785692423582077026e-01,7.787504000589251518e-04,-2.310787290334701538e-01,-2.008462995290756226e-01,-2.284228503704071045e-01,-1.859065592288970947e-01,-1.502198278903961182e-01,-2.617116272449493408e-01,-1.222782507538795471e-01,-2.084914445877075195e-01,-1.831447631120681763e-01,-1.709287464618682861e-01,-1.289090663194656372e-01,-2.493032664060592651e-01,-1.313189268112182617e-01,-1.542646884918212891e-01,-2.010442912578582764e-01,-2.524555325508117676e-01,-2.288248538970947266e-01,-3.323674798011779785e-01,-3.901976644992828369e-01,-2.313477545976638794e-01
4.543614387512207031e-01,5.322537422180175781e-01,5.117377638816833496e-01,7.576920390129089355e-01,-8.772771805524826050e-02,1.111022755503654480e-01,4.842062592506408691e-01,1.000000000000000000e+00,-1.701356656849384308e-02,1.143931224942207336e-01,1.223116591572761536e-01,5.224151611328125000e-01,9.870846569538116455e-02,6.308085322380065918e-01,2.630854211747646332e-02,2.796652615070343018e-01,1.075955256819725037e-01,2.253052294254302979e-01,4.513686895370483398e-01,5.120511651039123535e-01,8.809019625186920166e-02,1.823255568742752075e-01,5.264524221420288086e-01,6.410309672355651855e-01,1.600524336099624634e-01,2.481288015842437744e-01,-2.600392326712608337e-02,-5.571998283267021179e-02,1.214751452207565308e-01,3.144724667072296143e-01,3.931886255741119385e-01,5.326088666915893555e-01,4.371408820152282715e-01,5.282834768295288086e-01,-5.862645432353019714e-02,-9.080502390861511230e-02,1.706632375717163086e-01,1.045141518115997314e-01,1.233969777822494507e-01,7.609328627586364746e-02,1.525686234235763550e-01,1.624268740415573120e-01,1.084942836314439774e-02,-3.227402642369270325e-02,-8.965643495321273804e-02,-9.053344279527664185e-02,8.229210041463375092e-03,-4.810247197747230530e-02,8.922167122364044189e-03,-8.855627849698066711e-03,6.560688465833663940e-02,1.967833004891872406e-02,4.508097469806671143e-02,5.155629292130470276e-02,4.241743683815002441e-02,-6.839563697576522827e-02,3.351248502731323242e-01,3.364265263080596924e-01,8.114720880985260010e-02,4.829902574419975281e-02,2.387485504150390625e-01,7.697624713182449341e-02,1.937892585992813110e-01,2.478755861520767212e-01,4.085413366556167603e-02,-6.132930144667625427e-02,-5.423989612609148026e-03,-9.230307489633560181e-02,3.339414298534393311e-01,2.390218973159790039e-01,2.287793010473251343e-01,2.541626691818237305e-01,1.200860515236854553e-01,1.419314891099929810e-01,2.272878587245941162e-01,1.877030134201049805e-01,1.739284694194793701e-01,2.160126715898513794e-01,2.601323276758193970e-02,1.909853965044021606e-01,7.038756459951400757e-02,9.964516013860702515e-02,7.042877376079559326e-02,2.795879840850830078e-01,2.931143343448638916e-02,-1.153808087110519409e-01,1.360507961362600327e-02,7.488363236188888550e-02,3.126636892557144165e-02,-1.612516790628433228e-01,-7.171584665775299072e-02,-8.081067353487014771e-02,-3.141899034380912781e-02,-1.134651005268096924e-01,7.583584636449813843e-02,8.456094563007354736e-02,1.544714625924825668e-02,7.526857405900955200e-02,2.483677305281162262e-02,3.818242624402046204e-02,7.915348559617996216e-02,-4.075110703706741333e-02,1.805934160947799683e-01,7.264910638332366943e-02,1.041563153266906738e-01,7.371298968791961670e-02,7.087238878011703491e-02,1.596386358141899109e-02,5.177756771445274353e-02,7.118897140026092529e-02,3.682044520974159241e-02,-1.509965490549802780e-02,2.266742661595344543e-02,-5.128420889377593994e-02,-6.056988611817359924e-02,-2.357574924826622009e-02
9.551761299371719360e-02,4.346322268247604370e-02,7.259140163660049438e-02,-3.337658941745758057e-02,6.840048432350158691e-01,5.197559595108032227e-01,7.883684337139129639e-02,-1.701356656849384308e-02,1.000000000000000000e+00,5.445609688758850098e-01,1.864940226078033447e-01,1.791332960128784180e-01,2.527515292167663574e-01,1.748928576707839966e-01,6.008130908012390137e-01,3.469867706298828125e-01,-1.008522137999534607e-01,8.572001010179519653e-03,3.534135222434997559e-02,4.999766871333122253e-02,2.915898859500885010e-01,3.358785808086395264e-01,2.181780338287353516e-02,-5.546506494283676147e-03,5.517758131027221680e-01,3.691655993461608887e-01,4.504437446594238281e-01,4.195387959480285645e-01,2.077871412038803101e-01,2.391019016504287720e-01,2.028475105762481689e-01,1.137420013546943665e-01,1.006294414401054382e-01,6.161553785204887390e-02,-2.828161977231502533e-02,-6.540834158658981323e-02,-1.402869671583175659e-01,-5.890844017267227173e-02,-5.793026834726333618e-02,9.728947654366493225e-03,-1.343877464532852173e-01,-2.799831144511699677e-02,7.045359816402196884e-03,-1.319331582635641098e-02,-1.788247004151344299e-02,-4.770437628030776978e-02,-3.206394985318183899e-02,1.550764217972755432e-02,-1.175555586814880371e-01,-7.325205206871032715e-02,-1.194419488310813904e-01,-1.185780242085456848e-01,1.104303728789091110e-02,-3.277090564370155334e-02,-5.429292470216751099e-02,-2.554863318800926208e-02,4.245878383517265320e-02,-3.198663890361785889e-02,-7.827691733837127686e-02,-8.849518001079559326e-02,3.057224862277507782e-02,-5.805800855159759521e-02,-3.738809749484062195e-02,-5.458191409707069397e-02,-5.102995410561561584e-02,-8.352542668581008911e-02,-1.156885083764791489e-02,-7.734573632478713989e-02,1.293372660875320435e-01,1.252373605966567993e-01,2.732321321964263916e-01,2.526243329048156738e-01,1.068992614746093750e-01,2.100998908281326294e-01,9.392640739679336548e-02,2.377180457115173340e-01,-1.446630209684371948e-01,-1.724344044923782349e-01,-1.148058921098709106e-01,-1.396100223064422607e-01,-1.631095856428146362e-01,-1.904862374067306519e-01,1.066740974783897400e-01,9.996479004621505737e-02,-1.831294596195220947e-01,-1.118365600705146790e-01,6.264439970254898071e-02,1.829335242509841919e-01,9.127745032310485840e-02,1.391788870096206665e-01,-7.325095683336257935e-02,-1.243174001574516296e-01,-8.589108288288116455e-02,-7.095749676227569580e-02,-8.800134062767028809e-02,3.555615991353988647e-02,-9.695655107498168945e-02,-1.048245280981063843e-01,-4.220062866806983948e-02,-2.686414681375026703e-02,-5.316351726651191711e-02,-2.976750396192073822e-02,-1.410706788301467896e-01,-1.209984049201011658e-01,-1.068043634295463562e-01,-2.508104220032691956e-02,7.115658372640609741e-02,-1.141478419303894043e-01,3.193753212690353394e-02,-2.391829527914524078e-02,-4.325193818658590317e-03,1.012098640203475952e-01,2.446959353983402252e-02,-1.407342851161956787e-01,-1.987269818782806396e-01,-1.298563331365585327e-01
2.877504751086235046e-02,-5.702432245016098022e-04,-9.755073115229606628e-03,1.080675199627876282e-01,5.597916245460510254e-01,6.959540247917175293e-01,-7.938131690025329590e-02,1.143931224942207336e-01,5.445609688758850098e-01,1.000000000000000000e+00,2.814898081123828888e-02,9.658925235271453857e-02,8.381825755350291729e-04,2.195372432470321655e-01,4.205662310123443604e-01,4.319883882999420166e-01,-2.909891307353973389e-02,5.399727448821067810e-02,3.661798313260078430e-02,3.357485681772232056e-02,3.762135505676269531e-01,3.277019858360290527e-01,3.551800269633531570e-03,7.555428147315979004e-02,5.384673476219177246e-01,6.005935668945312500e-01,4.745333790779113770e-01,5.363790988922119141e-01,1.104587018489837646e-01,1.600665003061294556e-01,1.893183290958404541e-01,1.769857853651046753e-01,1.251718997955322266e-01,7.448657602071762085e-02,1.446965187788009644e-01,1.211100593209266663e-01,9.517969936132431030e-02,4.143852740526199341e-02,1.371689289808273315e-01,1.265553832054138184e-01,1.651187078095972538e-03,-4.019521176815032959e-03,1.016405001282691956e-01,3.054258227348327637e-02,1.180401965975761414e-01,8.353651314973831177e-02,8.000408858060836792e-02,1.189809367060661316e-01,3.425289690494537354e-02,1.181490998715162277e-02,-8.220413583330810070e-04,-9.959968179464340210e-02,9.933506697416305542e-02,7.788450270891189575e-02,1.592144966125488281e-01,1.276993453502655029e-01,1.299570500850677490e-01,8.243318647146224976e-02,8.788744360208511353e-02,7.964456081390380859e-02,1.791725456714630127e-01,1.350594311952590942e-01,1.169943958520889282e-01,6.294327974319458008e-02,9.917131066322326660e-02,4.467644169926643372e-02,2.508127391338348389e-01,2.047865539789199829e-01,1.629364192485809326e-01,1.571569740772247314e-01,2.115395665168762207e-01,2.468876540660858154e-01,9.082543849945068359e-02,1.086185649037361145e-01,1.619585454463958740e-01,1.494979560375213623e-01,1.237349957227706909e-01,9.851916134357452393e-02,3.654721379280090332e-02,1.909015700221061707e-02,5.255050957202911377e-02,-8.446174860000610352e-02,1.128757074475288391e-01,1.297188252210617065e-01,1.514277514070272446e-02,-6.061868369579315186e-02,2.073993682861328125e-01,3.385367989540100098e-01,2.102084606885910034e-01,1.805294603109359741e-01,9.476146101951599121e-02,1.002287566661834717e-01,1.168065443634986877e-01,1.487739980220794678e-01,3.515619784593582153e-02,1.857994869351387024e-02,8.100390434265136719e-02,4.052925482392311096e-02,1.185313537716865540e-01,7.428812235593795776e-02,1.143434196710586548e-01,1.515495777130126953e-01,5.809181556105613708e-02,8.930069208145141602e-02,7.966490089893341064e-02,1.402129083871841431e-01,1.955733448266983032e-01,7.142890989780426025e-02,7.812013477087020874e-02,1.538369953632354736e-01,1.983805894851684570e-01,2.250603735446929932e-01,1.875381171703338623e-01,1.132813468575477600e-01,7.539252936840057373e-02,7.011405378580093384e-02
3.345045447349548340e-01,5.968918558210134506e-03,3.473753631114959717e-01,1.103600189089775085e-01,7.420413941144943237e-02,7.807294279336929321e-02,4.129687249660491943e-01,1.223116591572761536e-01,1.864940226078033447e-01,2.814898081123828888e-02,1.000000000000000000e+00,2.419600039720535278e-01,6.442158222198486328e-01,3.421550691127777100e-01,2.320250719785690308e-01,1.710120439529418945e-01,3.771012425422668457e-01,1.474049836397171021e-01,1.080532446503639221e-01,7.464805245399475098e-02,1.517030447721481323e-01,1.993454843759536743e-01,3.131202757358551025e-01,2.790156006813049316e-01,1.852277070283889771e-01,1.257255226373672485e-01,-4.684840887784957886e-02,-4.173193126916885376e-02,5.665794014930725098e-01,2.773997187614440918e-01,5.139679312705993652e-01,4.588663280010223389e-01,1.097446456551551819e-01,9.846846759319305420e-02,3.789374977350234985e-02,9.854258969426155090e-03,6.874654442071914673e-02,2.571472339332103729e-02,2.473677694797515869e-02,-1.015434712171554565e-01,1.326229870319366455e-01,6.443346291780471802e-02,1.945263892412185669e-02,1.460267752408981323e-01,7.223220914602279663e-02,7.564643025398254395e-02,8.473418653011322021e-02,-5.442848429083824158e-03,7.014054805040359497e-02,3.071855939924716949e-02,1.023875921964645386e-01,6.022596731781959534e-02,9.108716994524002075e-02,-5.706410855054855347e-02,4.327208548784255981e-02,2.887611463665962219e-02,1.651985645294189453e-01,-1.085624843835830688e-01,-1.094509568065404892e-02,-3.197293356060981750e-02,5.899607390165328979e-02,-8.397248387336730957e-02,1.882318258285522461e-01,-2.988385222852230072e-02,3.895640745759010315e-02,-3.485268726944923401e-02,-1.029859483242034912e-02,1.121900789439678192e-02,1.042231097817420959e-01,1.207252964377403259e-01,5.327221751213073730e-01,4.537802636623382568e-01,3.948374092578887939e-01,2.645920217037200928e-01,2.356344014406204224e-01,1.580284833908081055e-01,2.073588967323303223e-01,1.212299466133117676e-01,2.563967406749725342e-01,1.086893230676651001e-01,1.640582978725433350e-01,7.526896148920059204e-02,1.438075602054595947e-01,7.611478120088577271e-02,9.191602468490600586e-02,8.763943612575531006e-02,-4.204633459448814392e-02,-4.132591933012008667e-02,4.973884671926498413e-02,8.599472045898437500e-02,7.384002953767776489e-02,-3.873971477150917053e-02,5.034800246357917786e-02,-5.133281275629997253e-02,4.540890082716941833e-02,8.292495459318161011e-02,3.353019431233406067e-02,5.209483671933412552e-03,2.926367521286010742e-02,-8.782275952398777008e-03,-1.208298094570636749e-02,-1.399118080735206604e-02,-9.262618422508239746e-02,-5.138222500681877136e-02,-4.224546253681182861e-02,-6.023586262017488480e-03,-1.934994012117385864e-01,-1.918512582778930664e-01,7.537818746641278267e-04,-1.254024100489914417e-03,2.747619757428765297e-03,2.875813469290733337e-02,1.167540531605482101e-02,-4.190630465745925903e-02,-1.091295033693313599e-01,-6.608592718839645386e-02
4.382444918155670166e-01,5.826530456542968750e-01,3.776552379131317139e-01,4.037577211856842041e-01,7.398734986782073975e-02,1.058915033936500549e-01,3.671555221080780029e-01,5.224151611328125000e-01,1.791332960128784180e-01,9.658925235271453857e-02,2.419600039720535278e-01,1.000000000000000000e+00,2.308323979377746582e-01,6.315919160842895508e-01,2.807993888854980469e-01,2.695970833301544189e-01,8.941058069467544556e-02,4.201340973377227783e-01,4.633063971996307373e-01,4.895796775817871094e-01,1.963284462690353394e-01,2.763246595859527588e-01,4.274042844772338867e-01,3.990961909294128418e-01,1.963402628898620605e-01,1.647303700447082520e-01,7.941216230392456055e-02,-5.627057515084743500e-03,2.096001952886581421e-01,4.463267028331756592e-01,3.795481920242309570e-01,3.793184161186218262e-01,4.979295730590820312e-01,5.381947755813598633e-01,5.371136963367462158e-02,-1.489212084561586380e-02,9.102554619312286377e-02,2.016644775867462158e-01,3.346640244126319885e-02,1.075437664985656738e-01,7.124632596969604492e-02,1.974557787179946899e-01,-1.825954616069793701e-01,-1.834936290979385376e-01,-2.365179359912872314e-01,-2.732447981834411621e-01,-4.046128317713737488e-02,-9.951193630695343018e-02,-2.231957167387008667e-01,-2.407876253128051758e-01,-7.840779423713684082e-02,-1.940978765487670898e-01,2.353318966925144196e-02,-1.103022992610931396e-01,-7.601194083690643311e-03,-6.440927088260650635e-02,2.863370776176452637e-01,2.655768096446990967e-01,-5.453324690461158752e-02,-1.101853102445602417e-01,2.200457602739334106e-01,-5.759705975651741028e-02,1.689721494913101196e-01,2.814073264598846436e-01,3.442205488681793213e-02,-1.178216859698295593e-01,-3.797683119773864746e-02,-2.464305907487869263e-01,4.154428243637084961e-01,2.539653182029724121e-01,4.028305411338806152e-01,4.298742711544036865e-01,2.000821828842163086e-01,3.348048329353332520e-01,2.564332187175750732e-01,2.775716781616210938e-01,1.461912095546722412e-01,1.946337670087814331e-01,7.338394969701766968e-02,1.989291310310363770e-01,8.368308842182159424e-02,2.139935195446014404e-01,8.362688124179840088e-02,2.691022157669067383e-01,7.611035834997892380e-03,-2.259432524442672729e-02,-3.688682988286018372e-02,9.795048087835311890e-02,-2.542405622079968452e-03,-8.275507390499114990e-02,-1.507051289081573486e-01,-1.807289570569992065e-01,-4.946386069059371948e-02,-1.849351823329925537e-01,8.812206983566284180e-02,9.230150282382965088e-02,3.885656222701072693e-02,7.854327559471130371e-02,-3.444486483931541443e-02,-1.161630824208259583e-02,9.188245981931686401e-02,-7.225383073091506958e-02,1.210954114794731140e-01,3.079392388463020325e-02,8.837827295064926147e-02,1.075841784477233887e-01,-1.445752009749412537e-02,-5.500580742955207825e-02,8.053132891654968262e-02,8.591239154338836670e-02,8.059025555849075317e-02,3.007218241691589355e-03,-1.933137327432632446e-02,-1.496791839599609375e-01,-1.520139873027801514e-01,-1.215350180864334106e-01
3.573489189147949219e-01,2.908869273960590363e-02,3.677338063716888428e-01,9.589129686355590820e-02,1.144580766558647156e-01,4.700759798288345337e-02,4.996373355388641357e-01,9.870846569538116455e-02,2.527515292167663574e-01,8.381825755350291729e-04,6.442158222198486328e-01,2.308323979377746582e-01,1.000000000000000000e+00,3.406239151954650879e-01,3.258782029151916504e-01,2.275054603815078735e-01,1.869678050279617310e-01,3.016696497797966003e-02,9.663497656583786011e-02,5.794559419155120850e-02,1.723010540008544922e-01,2.169106155633926392e-01,3.126246929168701172e-01,2.727766931056976318e-01,2.603788971900939941e-01,1.441974490880966187e-01,-9.923656284809112549e-02,-1.132661700248718262e-01,4.584307372570037842e-01,2.501299977302551270e-01,4.947937726974487305e-01,3.962519764900207520e-01,-4.021783173084259033e-02,-5.018985643982887268e-02,-1.008993983268737793e-01,-6.901817023754119873e-02,-7.761801034212112427e-02,-7.596062123775482178e-02,-6.744891405105590820e-02,-1.728815734386444092e-01,5.146974697709083557e-02,-3.529686247929930687e-03,-2.349229715764522552e-02,1.290671080350875854e-01,5.706282705068588257e-02,8.116316050291061401e-02,-2.429344318807125092e-02,-6.650845706462860107e-02,1.502223014831542969e-01,1.330874562263488770e-01,1.320017725229263306e-01,1.594368666410446167e-01,-2.412306144833564758e-02,-8.087778836488723755e-02,-1.012500151991844177e-01,-1.384968906641006470e-01,1.013317257165908813e-01,-1.498678922653198242e-01,-1.606118120253086090e-02,-5.106859654188156128e-02,3.320854529738426208e-02,-1.457308083772659302e-01,-1.557633373886346817e-02,-1.588900387287139893e-01,2.252527698874473572e-02,-1.213368028402328491e-02,-9.371985495090484619e-02,-1.092835366725921631e-01,8.684742450714111328e-02,9.157749265432357788e-02,4.676137864589691162e-01,3.445523977279663086e-01,3.400309979915618896e-01,2.551948428153991699e-01,2.142022997140884399e-01,1.659583598375320435e-01,-3.032709844410419464e-02,-1.137546002864837646e-01,3.047280386090278625e-02,-6.677084416151046753e-02,-3.826928138732910156e-02,-3.301995992660522461e-02,1.174772158265113831e-01,1.111885681748390198e-01,-7.323005050420761108e-02,6.221921369433403015e-02,-1.411354988813400269e-01,-5.470654368400573730e-02,-9.057955443859100342e-02,3.525706706568598747e-03,-1.033364906907081604e-01,-1.828094571828842163e-01,-1.460837572813034058e-01,-1.994939893484115601e-01,-1.139941364526748657e-01,-3.231618553400039673e-02,-1.139872521162033081e-01,-1.412919610738754272e-01,-1.272213011980056763e-01,-1.243531629443168640e-01,-1.506003886461257935e-01,-1.168323978781700134e-01,-2.179174870252609253e-01,-1.885362565517425537e-01,-2.182043939828872681e-01,-1.660843938589096069e-01,-1.754298508167266846e-01,-2.769926488399505615e-01,-7.246747612953186035e-02,-1.700190901756286621e-01,-9.217300266027450562e-02,-8.930968493223190308e-02,-1.544218659400939941e-01,-1.994591653347015381e-01,-2.691017389297485352e-01,-1.818329393863677979e-01
