1.000000000000000000e+00,4.325411021709442139e-01,1.944304257631301880e-01,2.695162892341613770e-01,2.160919830203056335e-02,-7.063786033540964127e-03,1.110047772526741028e-01,1.748280823230743408e-01,6.012537330389022827e-02,1.660237312316894531e-01,4.414386749267578125e-01,1.443836838006973267e-01,2.722270488739013672e-01,1.661195009946823120e-01,8.433894068002700806e-02,5.181089788675308228e-02,1.246686130762100220e-01,7.296750694513320923e-02,3.463345468044281006e-01,3.152812421321868896e-01,6.971257925033569336e-02,1.199340354651212692e-02,1.212150305509567261e-01,1.796724200248718262e-01,2.789408899843692780e-02,2.588982693850994110e-02,7.482562959194183350e-02,-4.910303279757499695e-02,1.689170897006988525e-01,-3.043083660304546356e-02,1.514550205320119858e-02,2.683857455849647522e-02,4.831991493701934814e-01,3.932809233665466309e-01,3.050666861236095428e-02,-4.944394901394844055e-02,7.061030715703964233e-02,1.921154409646987915e-01,6.389253586530685425e-02,1.561345625668764114e-02,-1.036453396081924438e-01,-8.680552989244461060e-02,7.659834623336791992e-02,7.373741269111633301e-02,5.265229567885398865e-02,-8.623960427939891815e-03,1.154656261205673218e-01,2.915565483272075653e-02,6.538993120193481445e-02,1.142262071371078491e-01,3.249192833900451660e-01,5.335174500942230225e-02,4.575368762016296387e-01,1.553198248147964478e-01,2.408683449029922485e-01,1.190025061368942261e-01,6.387150883674621582e-01,3.336233198642730713e-01,1.083131600171327591e-02,2.335678599774837494e-02,2.529500126838684082e-01,9.166048467159271240e-02,1.657758206129074097e-01,2.196446657180786133e-01,2.803418599069118500e-02,-6.256357766687870026e-03,1.766304373741149902e-01,9.256417863070964813e-03,5.716371536254882812e-01,4.358525574207305908e-01,2.378316037356853485e-02,2.990100346505641937e-02,1.163940280675888062e-01,4.260862246155738831e-02,1.691204458475112915e-01,1.014027073979377747e-01,-2.079225890338420868e-02,7.958143949508666992e-02,2.339253276586532593e-01,1.959683001041412354e-01,2.288519442081451416e-01,2.003063112497329712e-01,-5.121748894453048706e-02,-1.797834485769271851e-01,1.968402117490768433e-01,1.712797731161117554e-01,-1.133794933557510376e-01,-1.747262477874755859e-01,1.593068689107894897e-01,1.727313250303268433e-01,4.145249426364898682e-01,2.528156042098999023e-01,2.300233691930770874e-01,6.947664916515350342e-02,9.721898287534713745e-02,1.128452792763710022e-01,2.288069948554039001e-02,8.550473302602767944e-02,4.160791039466857910e-01,2.478776425123214722e-01,4.124383628368377686e-01,2.652560546994209290e-02,4.023974239826202393e-01,9.766177833080291748e-02,2.843806445598602295e-01,2.300849109888076782e-01,1.130959242582321167e-01,9.919212013483047485e-02,-6.162438169121742249e-02,-5.025300383567810059e-02,-7.749871909618377686e-02,2.178449779748916626e-01,2.248472124338150024e-01,2.477592825889587402e-01,3.558079302310943604e-01,2.321733236312866211e-01
4.325411021709442139e-01,1.000000000000000000e+00,2.757891714572906494e-01,3.968618214130401611e-01,6.267023831605911255e-02,1.202004849910736084e-01,2.696727514266967773e-01,2.892954945564270020e-01,2.120810747146606445e-01,2.495025545358657837e-01,1.677494198083877563e-01,4.360994696617126465e-01,1.621096581220626831e-01,2.792496085166931152e-01,9.284806251525878906e-02,2.130752503871917725e-01,3.164028227329254150e-01,2.785100340843200684e-01,2.515400648117065430e-01,4.454422891139984131e-01,2.882502973079681396e-02,3.984501212835311890e-02,6.049647554755210876e-02,1.606224030256271362e-01,1.477825045585632324e-01,1.365953385829925537e-01,6.600909680128097534e-02,6.614842265844345093e-02,1.153866276144981384e-01,7.030218094587326050e-02,-5.647994950413703918e-02,-3.068936057388782501e-02,4.148139655590057373e-01,3.879027366638183594e-01,-5.633708834648132324e-02,-1.721915304660797119e-01,8.289588242769241333e-02,2.740357220172882080e-01,1.206372454762458801e-01,1.173964291810989380e-01,4.256826639175415039e-02,-1.050855405628681183e-02,3.157435357570648193e-01,1.010887324810028076e-01,2.632980942726135254e-01,1.142865642905235291e-01,2.604037523269653320e-01,1.339682787656784058e-01,2.434101849794387817e-01,3.088523745536804199e-01,4.029647111892700195e-01,3.481334149837493896e-01,4.330100119113922119e-01,2.917704284191131592e-01,1.934810280799865723e-01,3.033649623394012451e-01,3.657400012016296387e-01,6.366003155708312988e-01,2.380464524030685425e-01,2.195104956626892090e-01,2.009086906909942627e-01,3.262304365634918213e-01,1.291775405406951904e-01,1.942159682512283325e-01,2.989764809608459473e-01,1.605260372161865234e-01,2.435312420129776001e-01,4.869651049375534058e-02,3.105210959911346436e-01,4.198340475559234619e-01,-1.766206622123718262e-01,-3.872206062078475952e-02,1.056316196918487549e-01,7.773752510547637939e-02,6.742917746305465698e-02,1.587349362671375275e-02,2.983835153281688690e-02,1.892866641283035278e-01,1.914579272270202637e-01,-8.112679235637187958e-03,4.318328201770782471e-01,2.963014245033264160e-01,5.837336182594299316e-02,1.946888118982315063e-01,4.719102680683135986e-01,4.734879136085510254e-01,8.251003175973892212e-02,1.792892068624496460e-01,2.708167731761932373e-01,5.358372330665588379e-01,3.340193629264831543e-01,4.884190857410430908e-01,4.133654832839965820e-01,4.286984503269195557e-01,-1.322542726993560791e-01,-6.271165609359741211e-02,-1.002957597374916077e-01,-1.955284774303436279e-01,2.954649627208709717e-01,4.754102826118469238e-01,3.838344514369964600e-01,3.646533489227294922e-01,3.151895105838775635e-01,3.013017177581787109e-01,2.521682977676391602e-01,3.959923386573791504e-01,1.198700368404388428e-01,2.365809082984924316e-01,-1.808423250913619995e-01,-1.966125071048736572e-01,-2.405357360839843750e-01,2.869786322116851807e-01,3.880367875099182129e-01,4.035953581333160400e-01,3.122033476829528809e-01,3.202688395977020264e-01
1.944304257631301880e-01,2.757891714572906494e-01,1.000000000000000000e+00,6.753807663917541504e-01,1.489933431148529053e-01,1.578788757324218750e-01,6.895055174827575684e-01,5.895338058471679688e-01,3.588071763515472412e-01,3.397363424301147461e-01,2.150470167398452759e-01,1.807259172201156616e-01,4.707645773887634277e-01,4.634883105754852295e-01,2.644490003585815430e-01,3.232630193233489990e-01,1.161143183708190918e-01,3.934210166335105896e-02,5.257487893104553223e-01,3.501967787742614746e-01,-1.671288162469863892e-01,-6.567925959825515747e-02,5.648621320724487305e-01,6.566019654273986816e-01,2.182058542966842651e-01,2.234330028295516968e-01,9.558190405368804932e-02,1.062076352536678314e-02,2.909079194068908691e-01,2.020172774791717529e-01,2.581425011157989502e-01,2.525745332241058350e-01,1.906999200582504272e-01,2.633522152900695801e-01,-8.055321127176284790e-02,-1.204629465937614441e-01,-7.626792043447494507e-02,7.442709803581237793e-02,-1.285847723484039307e-01,1.999225467443466187e-02,-5.465258657932281494e-02,1.618855632841587067e-02,2.752920426428318024e-02,-3.677416220307350159e-02,7.634200155735015869e-02,-6.062370538711547852e-02,1.034424826502799988e-01,3.270630165934562683e-02,1.289058625698089600e-01,2.840618789196014404e-02,7.808585464954376221e-02,5.857372283935546875e-02,1.333278715610504150e-01,1.629599630832672119e-01,5.698614194989204407e-02,1.148112192749977112e-01,2.869964838027954102e-01,2.821897268295288086e-01,3.990865871310234070e-02,4.707600921392440796e-02,9.149640798568725586e-02,3.656446561217308044e-02,8.438287675380706787e-02,1.034973338246345520e-01,2.561444602906703949e-02,1.186942961066961288e-02,1.726131588220596313e-01,-8.753858506679534912e-02,3.957259356975555420e-01,3.620203733444213867e-01,3.887092694640159607e-02,7.249938696622848511e-02,6.785530596971511841e-02,6.893432140350341797e-02,-4.514831304550170898e-02,7.601969689130783081e-02,-4.454569146037101746e-02,-1.724285306409001350e-03,9.625418484210968018e-02,-9.156026691198348999e-02,1.609832495450973511e-01,8.495098352432250977e-02,-8.148287981748580933e-02,1.034101620316505432e-01,1.269127130508422852e-01,1.185560598969459534e-01,-7.757084071636199951e-02,7.158534228801727295e-02,6.606501340866088867e-02,1.790098547935485840e-01,2.099971473217010498e-01,1.952908486127853394e-01,1.855270117521286011e-01,1.342861354351043701e-01,1.062015220522880554e-01,1.088879629969596863e-01,-8.153329789638519287e-02,-1.410624571144580841e-02,1.129729673266410828e-01,1.887621283531188965e-01,2.080097794532775879e-01,2.180508077144622803e-01,2.009052336215972900e-01,1.581378877162933350e-01,3.274735808372497559e-02,1.294927000999450684e-01,-8.450970053672790527e-03,-7.112958468496799469e-03,7.826874405145645142e-02,6.596446782350540161e-02,-2.138753384351730347e-01,1.774103641510009766e-01,6.386037170886993408e-02,1.958026736974716187e-01,1.821113675832748413e-01,3.701567649841308594e-02
2.695162892341613770e-01,3.968618214130401611e-01,6.753807663917541504e-01,1.000000000000000000e+00,7.830464094877243042e-02,1.302596479654312134e-01,6.299127936363220215e-01,6.877946257591247559e-01,2.827663421630859375e-01,4.200566112995147705e-01,2.304616570472717285e-01,3.892949819564819336e-01,5.295358300209045410e-01,5.347285866737365723e-01,2.844012677669525146e-01,4.031165838241577148e-01,1.806865483522415161e-01,4.456876590847969055e-02,4.112741351127624512e-01,3.918116390705108643e-01,-1.310078706592321396e-02,-7.637110352516174316e-02,3.692908585071563721e-01,5.328038334846496582e-01,1.041206568479537964e-01,1.612264364957809448e-01,3.743294253945350647e-02,-3.317713737487792969e-02,3.705517053604125977e-01,3.531133234500885010e-01,2.064473032951354980e-01,2.136403173208236694e-01,2.170477062463760376e-01,2.728715240955352783e-01,-1.647602319717407227e-01,-2.548521161079406738e-01,-1.187338307499885559e-02,2.960391901433467865e-02,9.291070699691772461e-02,5.305856838822364807e-02,1.044107675552368164e-01,1.462495177984237671e-01,1.599360406398773193e-01,1.039678454399108887e-01,1.747455000877380371e-01,6.175314262509346008e-02,2.452859580516815186e-01,1.360911279916763306e-01,2.587333619594573975e-01,1.909992396831512451e-01,2.434310764074325562e-01,2.167200297117233276e-01,3.023304343223571777e-01,1.807526350021362305e-01,1.656212955713272095e-01,1.219417899847030640e-01,3.915335834026336670e-01,4.332148730754852295e-01,1.997279971837997437e-01,1.880557388067245483e-01,2.016042619943618774e-01,1.845624148845672607e-01,5.682403594255447388e-02,1.256755292415618896e-01,2.150882333517074585e-01,1.971852481365203857e-01,2.389505356550216675e-01,3.383430466055870056e-02,3.628491759300231934e-01,4.169281423091888428e-01,-2.528077922761440277e-02,5.396717041730880737e-02,7.685451209545135498e-02,1.358871608972549438e-01,-1.137189343571662903e-01,-5.727079510688781738e-02,1.644666679203510284e-02,9.362477064132690430e-02,-1.350544393062591553e-03,-1.441566646099090576e-01,1.818512678146362305e-01,7.930223643779754639e-02,1.273240596055984497e-01,2.388095259666442871e-01,2.012449502944946289e-01,2.058458477258682251e-01,9.200180321931838989e-02,2.358207106590270996e-01,1.113048940896987915e-01,2.706539630889892578e-01,1.680196523666381836e-01,2.120055407285690308e-01,1.771535426378250122e-01,1.245218515396118164e-01,1.862343773245811462e-02,1.645530387759208679e-02,-3.763390332460403442e-02,-8.528672903776168823e-02,1.299207806587219238e-01,2.079372704029083252e-01,1.786428987979888916e-01,2.384369373321533203e-01,1.693748831748962402e-01,2.750196866691112518e-02,1.399192512035369873e-01,1.634041517972946167e-01,5.816555023193359375e-02,1.672936379909515381e-01,-8.107462525367736816e-02,1.905271969735622406e-02,-1.994239240884780884e-01,2.344479709863662720e-01,8.699570596218109131e-02,1.259718984365463257e-01,1.521828025579452515e-01,1.025262475013732910e-01
2.160919830203056335e-02,6.267023831605911255e-02,1.489933431148529053e-01,7.830464094877243042e-02,1.000000000000000000e+00,7.878818511962890625e-01,3.545122593641281128e-02,6.143403798341751099e-02,2.418972253799438477e-01,2.092998921871185303e-01,-2.470410987734794617e-02,1.696824282407760620e-02,7.433229684829711914e-02,8.165492862462997437e-02,5.443788766860961914e-01,4.618487358093261719e-01,-5.208572745323181152e-02,-1.459126472473144531e-01,1.015609279274940491e-01,-8.202459663152694702e-03,-5.106713157147169113e-03,-4.201997071504592896e-02,2.167862057685852051e-01,2.481147795915603638e-01,4.524122774600982666e-01,3.507784008979797363e-01,5.810654163360595703e-01,3.561677336692810059e-01,-1.205051783472299576e-02,5.537052638828754425e-04,1.823568940162658691e-01,1.856666505336761475e-01,9.696590155363082886e-02,1.091114804148674011e-01,3.225121274590492249e-02,7.842041552066802979e-02,-2.760035917162895203e-02,9.232213720679283142e-03,-1.325517296791076660e-01,-1.275336090475320816e-02,5.507118999958038330e-02,-2.295593023300170898e-01,8.216620981693267822e-02,1.103017013520002365e-02,7.616433501243591309e-02,3.201472386717796326e-02,-4.399864468723535538e-03,4.710397496819496155e-02,2.116932906210422516e-02,3.577310964465141296e-02,-1.376839820295572281e-02,6.107307970523834229e-02,-3.383867815136909485e-02,4.568050056695938110e-02,5.338107049465179443e-02,1.813014037907123566e-02,-1.102011185139417648e-02,7.978389970958232880e-03,-2.789622172713279724e-02,-4.433561861515045166e-02,-5.446281656622886658e-02,-7.541226595640182495e-02,-7.705312222242355347e-03,-4.377525765448808670e-03,-1.097188070416450500e-01,-1.476688534021377563e-01,2.553616277873516083e-02,-5.576154217123985291e-03,1.546446532011032104e-01,8.535101264715194702e-02,-1.556668896228075027e-02,-4.623084887862205505e-02,3.411744162440299988e-02,1.191160082817077637e-02,-2.445014864206314087e-01,-1.162696927785873413e-01,1.028795465826988220e-01,1.402452737092971802e-01,-1.159325540065765381e-01,-2.020590156316757202e-01,-3.462688252329826355e-02,-1.257120370864868164e-01,5.075666308403015137e-02,1.431901603937149048e-01,-2.357351221144199371e-02,5.122564267367124557e-03,3.415298834443092346e-02,3.662138804793357849e-02,-1.172503642737865448e-02,5.655055865645408630e-02,-1.029822509735822678e-02,1.455279588699340820e-01,-4.830725118517875671e-02,9.335490316152572632e-02,1.498166769742965698e-01,1.095757931470870972e-01,1.076922863721847534e-01,3.716858476400375366e-02,-5.948632210493087769e-02,1.596599258482456207e-02,3.050709702074527740e-02,1.722668856382369995e-01,2.642208710312843323e-02,1.231355965137481689e-01,3.633295744657516479e-02,3.617574274539947510e-02,3.604299575090408325e-02,1.307684183120727539e-01,1.205814778804779053e-01,1.248429939150810242e-01,4.806217551231384277e-02,1.359807699918746948e-01,6.061322614550590515e-02,2.601782977581024170e-01,2.684225738048553467e-01,2.884285151958465576e-01
-7.063786033540964127e-03,1.202004849910736084e-01,1.578788757324218750e-01,1.302596479654312134e-01,7.878818511962890625e-01,1.000000000000000000e+00,4.262059554457664490e-02,7.182068377733230591e-02,2.137945592403411865e-01,2.192544639110565186e-01,-8.267352730035781860e-02,5.222386866807937622e-02,5.220209062099456787e-02,8.226521313190460205e-02,4.955251216888427734e-01,5.059618949890136719e-01,-9.009936451911926270e-02,-1.563829183578491211e-01,3.641555085778236389e-02,2.728510834276676178e-02,-4.052796214818954468e-02,-2.385144867002964020e-02,1.114941239356994629e-01,1.939640492200851440e-01,3.946168720722198486e-01,3.160554170608520508e-01,4.625649154186248779e-01,3.074290156364440918e-01,-4.037133976817131042e-02,1.692331582307815552e-02,1.196999847888946533e-01,1.444435864686965942e-01,4.235019162297248840e-02,7.213234156370162964e-02,-9.967131167650222778e-02,-2.546233125030994415e-02,-9.047161042690277100e-02,-6.417309492826461792e-02,-1.717325747013092041e-01,-4.097012430429458618e-02,7.371105998754501343e-02,-2.184895873069763184e-01,9.609577804803848267e-02,4.101875796914100647e-02,6.581975519657135010e-02,1.609512045979499817e-02,2.532243262976408005e-03,3.351308777928352356e-02,5.860722064971923828e-02,6.548548489809036255e-02,3.529793769121170044e-02,7.564651966094970703e-02,3.700106590986251831e-02,1.824033632874488831e-02,1.751497201621532440e-02,2.826089411973953247e-02,-2.475667558610439301e-02,4.527518898248672485e-02,-2.220653695985674858e-03,-3.699374943971633911e-02,-5.836623534560203552e-02,-4.457752406597137451e-02,-4.396373033523559570e-02,6.925789173692464828e-03,-5.712756887078285217e-02,-1.246578693389892578e-01,-3.115228004753589630e-02,-6.792629510164260864e-02,8.614934235811233521e-02,5.988992005586624146e-02,-1.060435250401496887e-01,-1.374841481447219849e-01,-2.979652024805545807e-03,-4.075682535767555237e-02,-3.692347407341003418e-01,-2.029102891683578491e-01,5.290172994136810303e-02,8.289688825607299805e-02,-1.430373191833496094e-01,-2.933502495288848877e-01,-4.446385428309440613e-02,-1.733242422342300415e-01,7.297191768884658813e-02,1.984322071075439453e-01,-4.100264515727758408e-03,2.385260164737701416e-02,3.037012927234172821e-02,8.400061726570129395e-02,-6.439955905079841614e-03,1.004434376955032349e-01,-2.259678905829787254e-03,1.764477193355560303e-01,9.765567258000373840e-03,1.572097837924957275e-01,9.531872719526290894e-02,3.830609098076820374e-02,2.553602680563926697e-02,-5.802395567297935486e-02,-1.040523350238800049e-01,4.056088626384735107e-02,4.432093724608421326e-02,1.904501020908355713e-01,3.814758732914924622e-02,1.059031859040260315e-01,2.209758618846535683e-03,3.277413919568061829e-02,-2.409547939896583557e-02,1.093281954526901245e-01,8.468551188707351685e-02,4.534517601132392883e-02,-5.204880982637405396e-02,9.688232094049453735e-02,8.438541740179061890e-02,2.262478917837142944e-01,1.864768862724304199e-01,2.620019018650054932e-01
1.110047772526741028e-01,2.696727514266967773e-01,6.895055174827575684e-01,6.299127936363220215e-01,3.545122593641281128e-02,4.262059554457664490e-02,1.000000000000000000e+00,6.706040501594543457e-01,2.595950663089752197e-01,2.792637646198272705e-01,3.343748748302459717e-01,3.240133225917816162e-01,5.444388389587402344e-01,5.084127783775329590e-01,1.968127489089965820e-01,2.490201443433761597e-01,2.658482789993286133e-01,2.082257717847824097e-01,5.454457998275756836e-01,4.202258884906768799e-01,-1.169091910123825073e-01,-1.485519856214523315e-01,4.437090754508972168e-01,4.744341671466827393e-01,1.854170262813568115e-01,1.082885116338729858e-01,9.050621837377548218e-02,-5.359741393476724625e-03,4.028346836566925049e-01,2.851577997207641602e-01,2.222435921430587769e-01,1.916449964046478271e-01,1.741322129964828491e-01,2.645864784717559814e-01,4.904714226722717285e-02,-8.767183870077133179e-02,-8.094908669590950012e-03,9.411456435918807983e-02,4.561033844947814941e-02,4.369463771581649780e-02,1.832030713558197021e-02,1.425576061010360718e-01,7.912687212228775024e-02,3.204875439405441284e-02,1.703010201454162598e-01,4.788107797503471375e-02,1.716149151325225830e-01,1.462095379829406738e-01,1.566655039787292480e-01,8.646635711193084717e-02,6.867692619562149048e-02,8.359232544898986816e-02,7.656850665807723999e-02,1.120328083634376526e-01,9.749331325292587280e-02,6.939194351434707642e-02,2.375573515892028809e-01,3.153356015682220459e-01,1.992162168025970459e-01,2.062101811170578003e-01,1.397286206483840942e-01,5.083381012082099915e-02,1.003108173608779907e-01,9.628485143184661865e-02,2.497320026159286499e-01,2.079484164714813232e-01,3.487395346164703369e-01,1.111500784754753113e-01,3.285048902034759521e-01,2.825106382369995117e-01,7.376540452241897583e-02,1.027506142854690552e-01,7.607807964086532593e-02,1.151162460446357727e-01,-1.898750476539134979e-02,6.773780286312103271e-02,-9.506142814643681049e-04,1.328773200511932373e-01,1.257369071245193481e-01,-3.169401362538337708e-02,2.249361425638198853e-01,2.654225230216979980e-01,-4.454555362462997437e-02,1.667184084653854370e-01,2.148344665765762329e-01,1.688454300165176392e-01,-2.057136036455631256e-03,8.854591101408004761e-02,1.236144602298736572e-01,1.872250586748123169e-01,1.571760177612304688e-01,1.275029629468917847e-01,1.190202757716178894e-01,6.528605520725250244e-02,1.207364276051521301e-01,1.469309478998184204e-01,1.921598240733146667e-02,5.243398249149322510e-02,1.594701260328292847e-01,1.979973614215850830e-01,1.843923628330230713e-01,1.794345825910568237e-01,1.991760283708572388e-01,1.703704744577407837e-01,2.487394660711288452e-01,3.155086040496826172e-01,1.766432523727416992e-01,1.612258851528167725e-01,1.439320575445890427e-02,1.236670464277267456e-01,-1.080197095870971680e-01,2.140039354562759399e-01,7.901830226182937622e-02,1.880196034908294678e-01,2.301525473594665527e-01,1.354625672101974487e-01
1.748280823230743408e-01,2.892954945564270020e-01,5.895338058471679688e-01,6.877946257591247559e-01,6.143403798341751099e-02,7.182068377733230591e-02,6.706040501594543457e-01,1.000000000000000000e+00,2.329375445842742920e-01,3.577517271041870117e-01,3.701891005039215088e-01,4.990151524543762207e-01,6.586202383041381836e-01,7.230527997016906738e-01,2.538683712482452393e-01,4.121057391166687012e-01,2.540731430053710938e-01,1.968859434127807617e-01,5.379526615142822266e-01,2.747441232204437256e-01,-1.997070014476776123e-02,-1.663614511489868164e-01,5.642380118370056152e-01,5.685588717460632324e-01,1.977886855602264404e-01,1.332177221775054932e-01,1.165352016687393188e-01,-1.667950116097927094e-02,3.383562266826629639e-01,3.305709958076477051e-01,1.713190078735351562e-01,2.360895723104476929e-01,2.073575109243392944e-01,2.316662967205047607e-01,-4.179274290800094604e-02,-2.131827771663665771e-01,-6.526987999677658081e-02,2.196535095572471619e-02,8.204468339681625366e-02,3.429215028882026672e-02,9.023240953683853149e-02,1.611028462648391724e-01,1.649411022663116455e-01,-2.706970088183879852e-02,2.162485122680664062e-01,8.292984962463378906e-02,2.300201803445816040e-01,2.610522881150245667e-02,3.007166683673858643e-01,1.680898070335388184e-01,2.824344336986541748e-01,2.080802619457244873e-01,2.652801871299743652e-01,1.119407564401626587e-01,1.211344674229621887e-01,5.190503597259521484e-02,3.596560657024383545e-01,3.889965116977691650e-01,2.417188286781311035e-01,2.459176629781723022e-01,2.408715635538101196e-01,1.776722520589828491e-01,-5.769569426774978638e-02,5.040910467505455017e-02,3.193126618862152100e-01,2.609644830226898193e-01,3.754808008670806885e-01,8.267397433519363403e-02,4.355940222740173340e-01,3.769122958183288574e-01,-2.335225790739059448e-02,1.628826372325420380e-02,7.358375936746597290e-02,1.250411272048950195e-01,-6.522567570209503174e-02,-2.458295598626136780e-02,-3.594126552343368530e-02,8.441553264856338501e-02,6.375519186258316040e-02,-1.034533903002738953e-01,1.975337266921997070e-01,2.087210416793823242e-01,1.688390672206878662e-01,2.753882110118865967e-01,1.913955211639404297e-01,1.659720093011856079e-01,6.943965703248977661e-02,1.942777931690216064e-01,1.265427172183990479e-01,1.834788471460342407e-01,1.738356351852416992e-01,9.239852428436279297e-02,3.595076873898506165e-02,3.859808668494224548e-02,-7.380672544240951538e-02,-8.174979686737060547e-02,-9.751135855913162231e-02,-1.318634152412414551e-01,8.401843905448913574e-02,9.659532457590103149e-02,1.844812631607055664e-01,2.577004432678222656e-01,2.523119449615478516e-01,1.418788135051727295e-01,2.977394163608551025e-01,2.622222006320953369e-01,2.218167781829833984e-01,2.586393952369689941e-01,-1.541586816310882568e-01,2.194268628954887390e-02,-2.366473525762557983e-01,1.824927031993865967e-01,-2.039311826229095459e-02,9.400177001953125000e-02,1.599803119897842407e-01,1.585681587457656860e-01
6.012537330389022827e-02,2.120810747146606445e-01,3.588071763515472412e-01,2.827663421630859375e-01,2.418972253799438477e-01,2.137945592403411865e-01,2.595950663089752197e-01,2.329375445842742920e-01,1.000000000000000000e+00,4.892186522483825684e-01,4.717936739325523376e-02,2.053137719631195068e-01,2.888297736644744873e-01,3.034981191158294678e-01,5.183609127998352051e-01,3.867515325546264648e-01,2.396502792835235596e-01,5.686781927943229675e-02,2.424708306789398193e-01,2.121824175119400024e-01,1.519272178411483765e-01,1.177027821540832520e-01,3.008031249046325684e-01,3.311439454555511475e-01,3.712487518787384033e-01,3.753505051136016846e-01,3.010243177413940430e-01,2.150691002607345581e-01,3.035983443260192871e-01,2.706686258316040039e-01,4.260003268718719482e-01,4.645993113517761230e-01,2.609451711177825928e-01,2.979222238063812256e-01,5.666526407003402710e-02,-3.536476939916610718e-02,1.259397864341735840e-01,1.948720812797546387e-01,1.425329148769378662e-01,3.045698106288909912e-01,2.514604330062866211e-01,2.161357998847961426e-01,1.844958364963531494e-01,3.223064541816711426e-02,2.140571922063827515e-01,9.583073854446411133e-02,2.489649057388305664e-01,1.354087740182876587e-01,2.358186244964599609e-01,1.319569945335388184e-01,8.750487118959426880e-02,1.319611519575119019e-01,7.563424855470657349e-02,2.822009325027465820e-01,2.889722287654876709e-01,2.561078667640686035e-01,1.478247493505477905e-01,2.925269305706024170e-01,2.174959182739257812e-01,1.974386870861053467e-01,1.824954599142074585e-01,2.157551348209381104e-01,1.106458231806755066e-01,8.482973277568817139e-02,1.388357281684875488e-01,1.172825098037719727e-01,3.279496729373931885e-01,2.273906916379928589e-01,2.968889176845550537e-01,3.646544516086578369e-01,1.955406069755554199e-01,2.333299666643142700e-01,3.195127248764038086e-01,3.494255542755126953e-01,4.917017370462417603e-02,9.265691787004470825e-02,1.823027878999710083e-01,1.922174990177154541e-01,-8.277548849582672119e-02,-1.733566820621490479e-01,2.106128633022308350e-01,1.258371472358703613e-01,1.582489460706710815e-01,2.451585382223129272e-01,2.142778933048248291e-01,2.120632529258728027e-01,2.715517878532409668e-01,2.540086209774017334e-01,1.916857659816741943e-01,2.130639702081680298e-01,3.341467306017875671e-02,1.244764104485511780e-01,8.707521110773086548e-02,1.095542535185813904e-01,6.971938163042068481e-02,8.745687454938888550e-02,9.263193607330322266e-02,2.644747309386730194e-02,2.050367183983325958e-02,1.301310807466506958e-01,8.053180761635303497e-03,1.964433342218399048e-01,-9.669562429189682007e-02,2.170797064900398254e-02,-3.869535401463508606e-02,3.152891993522644043e-02,-4.533278290182352066e-03,-8.485596044920384884e-04,1.688819825649261475e-01,6.130430847406387329e-02,-6.705730408430099487e-02,1.655161082744598389e-01,-2.207365073263645172e-02,1.334885507822036743e-01,8.366167545318603516e-02,7.014273107051849365e-02
1.660237312316894531e-01,2.495025545358657837e-01,3.397363424301147461e-01,4.200566112995147705e-01,2.092998921871185303e-01,2.192544639110565186e-01,2.792637646198272705e-01,3.577517271041870117e-01,4.892186522483825684e-01,1.000000000000000000e+00,1.819797009229660034e-01,2.521684169769287109e-01,4.481391608715057373e-01,4.327375590801239014e-01,3.905335068702697754e-01,5.560844540596008301e-01,2.277371883392333984e-01,-7.136072218418121338e-02,2.698740959167480469e-01,3.114758133888244629e-01,1.217183843255043030e-01,2.531000785529613495e-02,2.559076845645904541e-01,2.816938757896423340e-01,1.295373588800430298e-01,1.846726238727569580e-01,1.182918623089790344e-01,-5.962028168141841888e-03,3.542825281620025635e-01,3.201467692852020264e-01,2.712253928184509277e-01,2.758590579032897949e-01,5.487160757184028625e-02,1.036112383008003235e-01,-1.587094068527221680e-01,-3.294200003147125244e-01,-5.303755402565002441e-03,-2.698819711804389954e-02,1.306200623512268066e-01,6.318085640668869019e-02,1.801202446222305298e-01,9.839767962694168091e-02,2.856836915016174316e-01,4.408681020140647888e-02,2.772548794746398926e-01,3.964875638484954834e-02,2.743782103061676025e-01,6.219795346260070801e-02,4.018095135688781738e-01,1.225423738360404968e-01,2.401379197835922241e-01,1.649117171764373779e-01,2.881034016609191895e-01,2.338178008794784546e-01,2.595945298671722412e-01,1.818942129611968994e-01,3.062378168106079102e-01,4.176943302154541016e-01,3.950223028659820557e-01,3.212853372097015381e-01,4.036595225334167480e-01,2.823633849620819092e-01,2.691776752471923828e-01,2.210687994956970215e-01,2.839672863483428955e-01,2.118784338235855103e-01,2.880260944366455078e-01,1.054426953196525574e-01,2.811957001686096191e-01,3.085758388042449951e-01,-5.676580965518951416e-02,-7.817821577191352844e-03,-8.071278221905231476e-03,1.083999350666999817e-01,-1.538973748683929443e-01,-1.282843947410583496e-01,6.867829710245132446e-02,7.232794165611267090e-02,-1.853842521086335182e-03,-1.920287013053894043e-01,2.579630911350250244e-01,4.185426235198974609e-02,1.415959298610687256e-01,1.742372363805770874e-01,3.059927821159362793e-01,2.166971266269683838e-01,1.953656375408172607e-01,3.323428034782409668e-01,1.998079568147659302e-01,2.246770709753036499e-01,1.740996539592742920e-01,5.489251017570495605e-02,2.317054420709609985e-01,-7.391632348299026489e-02,-4.312516376376152039e-02,-1.077075302600860596e-01,-6.975324451923370361e-02,-1.888533532619476318e-01,8.009991794824600220e-02,1.143330335617065430e-01,8.467118442058563232e-02,-1.016475725919008255e-02,-3.719215467572212219e-02,-2.056047022342681885e-01,4.236207902431488037e-02,-4.220587760210037231e-02,-5.117256566882133484e-02,6.103827059268951416e-02,-9.603067487478256226e-02,-8.286379277706146240e-03,-2.495214939117431641e-01,1.748384833335876465e-01,3.415070101618766785e-02,6.460262089967727661e-02,6.414847075939178467e-02,8.062233030796051025e-02
4.414386749267578125e-01,1.677494198083877563e-01,2.150470167398452759e-01,2.304616570472717285e-01,-2.470410987734794617e-02,-8.267352730035781860e-02,3.343748748302459717e-01,3.701891005039215088e-01,4.717936739325523376e-02,1.819797009229660034e-01,1.000000000000000000e+00,2.978113591670989990e-01,4.682052433490753174e-01,4.041895270347595215e-01,9.906419366598129272e-02,1.564724147319793701e-01,4.155806303024291992e-01,3.963163197040557861e-01,5.143293142318725586e-01,3.268398642539978027e-01,1.066298633813858032e-01,-4.686079546809196472e-02,3.375261425971984863e-01,3.267057538032531738e-01,1.232591643929481506e-01,7.336591184139251709e-02,1.304527819156646729e-01,-1.808089553378522396e-03,3.889631927013397217e-01,2.077721655368804932e-01,1.027148887515068054e-01,1.429754048585891724e-01,2.457038313150405884e-01,2.379718422889709473e-01,1.846191287040710449e-01,6.629525218158960342e-03,2.265390455722808838e-01,2.973605692386627197e-01,2.582632303237915039e-01,1.690930277109146118e-01,-1.325509765592869371e-05,4.629470035433769226e-02,4.293398000299930573e-03,-9.591795504093170166e-02,1.596535444259643555e-01,-3.341083228588104248e-02,1.398253291845321655e-01,-6.741012632846832275e-02,7.080299407243728638e-02,-1.269824355840682983e-01,4.402146488428115845e-02,-6.251709908246994019e-02,9.526049345731735229e-02,1.527764201164245605e-01,3.457928895950317383e-01,1.784511953592300415e-01,4.958520829677581787e-01,3.020473718643188477e-01,1.403564065694808960e-01,1.253639161586761475e-01,3.331317305564880371e-01,1.080330237746238708e-01,3.060276210308074951e-01,3.145492672920227051e-01,1.575680077075958252e-01,1.264312267303466797e-01,3.727367520332336426e-01,1.411123573780059814e-01,3.691607713699340820e-01,2.374816834926605225e-01,2.016874253749847412e-01,9.905669093132019043e-02,1.490148752927780151e-01,1.868694871664047241e-01,1.948915421962738037e-01,1.769581586122512817e-01,8.113824576139450073e-02,1.785140037536621094e-01,1.979691088199615479e-01,2.293514907360076904e-01,4.049756526947021484e-01,4.825292825698852539e-01,8.103981614112854004e-02,-8.977461606264114380e-03,3.012555539608001709e-01,2.863320112228393555e-01,3.587286546826362610e-02,-8.140681684017181396e-02,3.888609409332275391e-01,2.574070394039154053e-01,4.152967035770416260e-01,1.277665495872497559e-01,1.551934629678726196e-01,-5.933538451790809631e-02,1.484910100698471069e-01,1.544835269451141357e-01,1.082822382450103760e-01,1.680592447519302368e-01,4.548068344593048096e-01,2.062337547540664673e-01,3.415753841400146484e-01,1.106840930879116058e-02,3.261883854866027832e-01,2.101135253906250000e-01,4.068893790245056152e-01,2.213327735662460327e-01,4.360468983650207520e-01,1.935306936502456665e-01,-5.342160537838935852e-02,6.911392509937286377e-02,-9.595923125743865967e-03,2.802072465419769287e-01,8.262249082326889038e-02,1.237890943884849548e-01,2.306272089481353760e-01,2.008858472108840942e-01
1.443836838006973267e-01,4.360994696617126465e-01,1.807259172201156616e-01,3.892949819564819336e-01,1.696824282407760620e-02,5.222386866807937622e-02,3.240133225917816162e-01,4.990151524543762207e-01,2.053137719631195068e-01,2.521684169769287109e-01,2.978113591670989990e-01,1.000000000000000000e+00,4.016223847866058350e-01,5.541933774948120117e-01,1.703899800777435303e-01,3.731041848659515381e-01,4.100545644760131836e-01,4.089730083942413330e-01,2.220677435398101807e-01,2.353529781103134155e-01,1.941099911928176880e-01,-2.291089110076427460e-02,1.602254658937454224e-01,1.576559990644454956e-01,1.797968298196792603e-01,2.309681475162506104e-01,8.240284025669097900e-02,6.647852808237075806e-02,3.096514344215393066e-01,3.744083940982818604e-01,1.709914505481719971e-01,3.076600730419158936e-01,1.977366507053375244e-01,1.978608816862106323e-01,4.283098876476287842e-02,-1.588867604732513428e-01,1.019155010581016541e-01,2.161358445882797241e-01,2.459721714258193970e-01,2.476451694965362549e-01,2.660412192344665527e-01,2.707391679286956787e-01,3.276576399803161621e-01,-1.077912896871566772e-01,3.116171658039093018e-01,1.219225525856018066e-01,2.626463770866394043e-01,-4.691924899816513062e-02,3.760046064853668213e-01,1.961759626865386963e-01,3.721256554126739502e-01,3.039366900920867920e-01,2.854939401149749756e-01,1.550386250019073486e-01,1.770740747451782227e-01,2.642143368721008301e-01,2.879192233085632324e-01,4.936800897121429443e-01,3.922897875308990479e-01,3.550815880298614502e-01,3.208350539207458496e-01,4.504710137844085693e-01,-8.908748626708984375e-02,4.725608043372631073e-03,5.158718228340148926e-01,3.088895976543426514e-01,4.168044924736022949e-01,1.930744498968124390e-01,2.056163251399993896e-01,3.504387140274047852e-01,4.725176841020584106e-02,6.562194973230361938e-02,2.408941984176635742e-01,2.844514846801757812e-01,4.536101594567298889e-02,4.767258837819099426e-02,8.261907845735549927e-02,1.991774290800094604e-01,7.738710939884185791e-02,-1.247125715017318726e-01,3.640306293964385986e-01,3.122648000717163086e-01,3.721939325332641602e-01,3.975785672664642334e-01,3.865212202072143555e-01,3.558988571166992188e-01,2.166926115751266479e-01,3.172241449356079102e-01,2.925597131252288818e-01,3.952606022357940674e-01,1.407837718725204468e-01,1.378588974475860596e-01,6.132940202951431274e-02,1.647027879953384399e-01,-1.924565434455871582e-01,-1.588267236948013306e-01,-6.683056056499481201e-02,-1.954470872879028320e-01,1.731807924807071686e-02,2.064398378133773804e-01,1.872057318687438965e-01,3.304610252380371094e-01,2.159318178892135620e-01,1.801430433988571167e-01,2.430147081613540649e-01,1.644947081804275513e-01,2.760417461395263672e-01,3.068653643131256104e-01,-2.035944461822509766e-01,-8.327909559011459351e-02,-1.993847936391830444e-01,1.042870283126831055e-01,-7.476262748241424561e-02,5.708032846450805664e-02,1.513235643506050110e-02,1.369515657424926758e-01
2.722270488739013672e-01,1.621096581220626831e-01,4.707645773887634277e-01,5.295358300209045410e-01,7.433229684829711914e-02,5.220209062099456787e-02,5.444388389587402344e-01,6.586202383041381836e-01,2.888297736644744873e-01,4.481391608715057373e-01,4.682052433490753174e-01,4.016223847866058350e-01,1.000000000000000000e+00,7.399340867996215820e-01,3.909899294376373291e-01,4.038668274879455566e-01,2.477774769067764282e-01,4.961767047643661499e-02,5.555322170257568359e-01,1.862036138772964478e-01,7.653353363275527954e-02,-1.283841431140899658e-01,5.614697337150573730e-01,4.809598028659820557e-01,6.912431865930557251e-02,4.315384104847908020e-02,1.321555227041244507e-01,-1.201249435544013977e-01,4.797830283641815186e-01,4.604231119155883789e-01,3.370897173881530762e-01,3.553017675876617432e-01,2.118305414915084839e-01,2.406128346920013428e-01,2.826258772984147072e-03,-2.508064210414886475e-01,-9.169495850801467896e-02,-6.614641845226287842e-02,1.356330066919326782e-01,1.310317870229482651e-02,1.017907932400703430e-01,2.303018420934677124e-01,2.447405606508255005e-01,1.131014227867126465e-01,2.783350944519042969e-01,1.579740494489669800e-01,3.127215504646301270e-01,1.466819494962692261e-01,4.188784956932067871e-01,2.542986869812011719e-01,3.203560411930084229e-01,3.072314262390136719e-01,3.232857584953308105e-01,3.060154020786285400e-01,1.951671540737152100e-01,1.790501736104488373e-02,4.646643996238708496e-01,4.257156550884246826e-01,3.237470984458923340e-01,4.039331078529357910e-01,4.590246379375457764e-01,3.142741322517395020e-01,1.226057037711143494e-01,1.351774781942367554e-01,3.272876143455505371e-01,3.669338524341583252e-01,4.748082160949707031e-01,1.930029094219207764e-01,5.706518888473510742e-01,4.854610264301300049e-01,1.287249326705932617e-01,7.730314135551452637e-02,7.104322314262390137e-02,1.783134490251541138e-01,-8.998956531286239624e-02,-4.228581115603446960e-02,-5.509744957089424133e-02,6.981156021356582642e-02,7.916477322578430176e-02,-1.545859426259994507e-01,1.403429806232452393e-01,1.408564299345016479e-01,1.770612001419067383e-01,2.815556228160858154e-01,1.304188072681427002e-01,1.397697776556015015e-01,9.519836306571960449e-02,2.436909675598144531e-01,1.067069992423057556e-01,1.015530154109001160e-01,2.432573288679122925e-01,-2.717552147805690765e-02,2.799942530691623688e-02,-2.103349715471267700e-01,2.096658200025558472e-02,-1.957887597382068634e-02,-1.302330661565065384e-02,-7.287176325917243958e-03,8.255846053361892700e-02,3.703762078657746315e-03,1.725556999444961548e-01,-2.084834687411785126e-02,2.008162736892700195e-01,-3.265874087810516357e-02,3.449082076549530029e-01,1.541143357753753662e-01,2.637836933135986328e-01,2.433534711599349976e-01,-8.453439921140670776e-02,1.661401540040969849e-01,-1.614346057176589966e-01,2.122313678264617920e-01,-1.512599885463714600e-01,-7.014881353825330734e-03,1.548367142677307129e-01,2.024344205856323242e-01
