1.000000000000000000e+00,6.199796199798583984e-01,2.036194205284118652e-01,7.968445867300033569e-02,2.598476707935333252e-01,3.799244165420532227e-01,4.494482874870300293e-01,3.693921864032745361e-01,1.223466321825981140e-01,3.833435177803039551e-01,3.705474734306335449e-01,4.807461202144622803e-01,3.788518309593200684e-01,4.215880036354064941e-01,-1.625493727624416351e-02,2.653550803661346436e-01,4.261398017406463623e-01,2.977351844310760498e-01,4.543596208095550537e-01,3.877914547920227051e-01,2.997127473354339600e-01,2.368106245994567871e-01,3.450011909008026123e-01,3.006617426872253418e-01,1.553305536508560181e-01,3.042523860931396484e-01,2.763258814811706543e-01,3.708764314651489258e-01,3.336539864540100098e-01,2.791663706302642822e-01,3.579193055629730225e-01,3.167635500431060791e-01,2.330387979745864868e-01,2.488457709550857544e-01,1.432634294033050537e-01,1.062308251857757568e-01,4.114824235439300537e-01,1.316392123699188232e-01,3.610325455665588379e-01,7.784578949213027954e-02,3.329337537288665771e-01,6.783399730920791626e-02,6.303329020738601685e-02,1.068805977702140808e-01,1.090319380164146423e-01,3.384226560592651367e-02,-3.399440646171569824e-02,3.132359683513641357e-02,7.449583709239959717e-02,4.756907373666763306e-02,8.178203552961349487e-02,2.244072966277599335e-03,-9.186999523080885410e-04,-9.079065173864364624e-02,1.509244292974472046e-01,2.262724488973617554e-01,6.294625401496887207e-01,5.026736259460449219e-01,4.185676872730255127e-01,2.808845937252044678e-01,4.104303419589996338e-01,1.736960858106613159e-01,-1.400897800922393799e-01,1.596735715866088867e-01,1.377388834953308105e-01,1.173927783966064453e-01,3.883116841316223145e-01,3.720250129699707031e-01,2.326380610466003418e-01,3.746511638164520264e-01,2.479168176651000977e-01,3.124817311763763428e-01,5.809519439935684204e-02,2.069344520568847656e-01,5.096883326768875122e-02,1.613305509090423584e-01,3.451921939849853516e-01,2.981912493705749512e-01,3.413159847259521484e-01,1.137013882398605347e-01,3.090675473213195801e-01,2.779108583927154541e-01,1.849990040063858032e-01,2.630482017993927002e-01,3.514039814472198486e-01,4.386702179908752441e-01,1.713757514953613281e-01,2.703936696052551270e-01,3.497428297996520996e-01,3.359474837779998779e-01,-2.317778170108795166e-01,-1.064202189445495605e-01,-2.458399087190628052e-01,-4.887359589338302612e-02,7.896436005830764771e-02,1.763184815645217896e-01,3.914561569690704346e-01,3.376510739326477051e-01,-1.800571233034133911e-01,6.572651863098144531e-02,1.097185239195823669e-01,2.534281313419342041e-01,3.384791314601898193e-01,4.207524657249450684e-01,4.354720711708068848e-01,3.821375072002410889e-01,1.526011824607849121e-01,3.693183362483978271e-01,1.582324691116809845e-02,-7.450926303863525391e-02,5.851753428578376770e-02,1.498458534479141235e-01,-1.511714905500411987e-01,2.239232696592807770e-02,3.069374561309814453e-01,3.198529779911041260e-01
6.199796199798583984e-01,1.000000000000000000e+00,1.353272646665573120e-01,5.873973481357097626e-03,1.622978299856185913e-01,3.727372586727142334e-01,2.503194808959960938e-01,3.954395353794097900e-01,6.586641073226928711e-02,3.996948301792144775e-01,3.955227732658386230e-01,5.414337515830993652e-01,2.363497763872146606e-01,4.857895970344543457e-01,-8.708124607801437378e-02,3.094920814037322998e-01,4.961089789867401123e-01,4.872260689735412598e-01,4.811190068721771240e-01,4.578179121017456055e-01,3.511005043983459473e-01,2.703890502452850342e-01,3.294578194618225098e-01,2.779400348663330078e-01,7.812555134296417236e-02,2.688151299953460693e-01,2.263449132442474365e-01,3.433369398117065430e-01,4.030779302120208740e-01,4.023033976554870605e-01,3.943430483341217041e-01,4.060630202293395996e-01,2.331976294517517090e-01,2.890600264072418213e-01,1.942521333694458008e-01,2.527457177639007568e-01,4.627948999404907227e-01,2.864431738853454590e-01,3.839760720729827881e-01,2.440107166767120361e-01,3.270922005176544189e-01,1.341249197721481323e-01,-1.168663892894983292e-02,8.054997771978378296e-02,1.603007763624191284e-01,1.663576960563659668e-01,-1.025121957063674927e-01,5.790976807475090027e-03,9.295441210269927979e-02,1.049977913498878479e-01,-6.735537946224212646e-02,4.050105065107345581e-02,-2.939180135726928711e-01,-2.603568732738494873e-01,1.816402375698089600e-02,3.761548101902008057e-01,5.856665372848510742e-01,7.042177319526672363e-01,4.715847671031951904e-01,2.209151089191436768e-01,3.454314470291137695e-01,1.930617541074752808e-01,-2.251135259866714478e-01,2.823276221752166748e-01,9.324675053358078003e-02,7.236687839031219482e-02,4.260789752006530762e-01,4.030042886734008789e-01,1.558744907379150391e-01,5.455538034439086914e-01,4.567822515964508057e-01,4.803821742534637451e-01,7.509648799896240234e-02,3.780682682991027832e-01,4.684624448418617249e-02,3.224067091941833496e-01,3.340761065483093262e-01,3.831779062747955322e-01,4.733917117118835449e-01,1.656617820262908936e-01,3.452934026718139648e-01,5.155618190765380859e-01,2.681237086653709412e-02,2.457571476697921753e-01,1.858449876308441162e-01,4.941325783729553223e-01,-3.474897146224975586e-02,2.225220799446105957e-01,1.996031850576400757e-01,4.204091429710388184e-01,-3.391036987304687500e-01,-4.259858280420303345e-02,-3.346454799175262451e-01,-1.023012325167655945e-01,1.668143086135387421e-02,1.651847362518310547e-01,3.908865749835968018e-01,4.002859592437744141e-01,-1.939563006162643433e-01,1.811239123344421387e-01,1.236487179994583130e-01,1.854433566331863403e-01,3.198408484458923340e-01,4.338229596614837646e-01,4.761265218257904053e-01,4.195455610752105713e-01,1.984288990497589111e-01,4.398716688156127930e-01,4.202702641487121582e-02,-1.105491146445274353e-01,4.349716752767562866e-02,1.225999891757965088e-01,-1.389326453208923340e-01,-3.282398730516433716e-02,3.110694289207458496e-01,3.192641735076904297e-01
2.036194205284118652e-01,1.353272646665573120e-01,1.000000000000000000e+00,4.595815241336822510e-01,7.148166000843048096e-02,-2.090289071202278137e-02,3.375875353813171387e-01,1.515364199876785278e-01,-4.822081327438354492e-02,-5.741007253527641296e-02,-1.108891330659389496e-03,1.021046563982963562e-01,2.461832314729690552e-01,1.604566872119903564e-01,2.392515391111373901e-01,6.978530436754226685e-02,3.738256916403770447e-02,1.216515991836786270e-02,1.361286938190460205e-01,1.553937643766403198e-01,1.259321123361587524e-01,6.566394120454788208e-02,4.585889577865600586e-01,3.885621130466461182e-01,1.470769047737121582e-01,7.948944717645645142e-02,8.830857276916503906e-02,1.178293153643608093e-01,2.024092376232147217e-01,1.147660613059997559e-01,2.629482746124267578e-01,2.053749859333038330e-01,5.106623470783233643e-02,1.641828715801239014e-01,-5.965081974864006042e-02,4.437396419234573841e-04,1.771914660930633545e-01,-1.358417700976133347e-02,2.742147743701934814e-01,1.373888999223709106e-01,2.568744719028472900e-01,7.768818736076354980e-02,1.250872910022735596e-01,1.928740143775939941e-01,1.100092902779579163e-01,2.043717354536056519e-01,1.251104101538658142e-02,5.776976048946380615e-02,3.273909911513328552e-02,1.201898083090782166e-01,4.014056548476219177e-02,-3.320572199299931526e-03,6.034949794411659241e-02,5.780709162354469299e-02,2.484875470399856567e-01,2.515840828418731689e-01,9.263339638710021973e-02,2.964132279157638550e-02,1.236153393983840942e-02,1.214175894856452942e-01,1.474916636943817139e-01,1.082967892289161682e-01,1.109451055526733398e-01,5.683953687548637390e-02,-7.809106260538101196e-02,6.941500306129455566e-02,8.023694902658462524e-02,1.930532604455947876e-01,1.473756879568099976e-01,2.069847732782363892e-01,1.254409998655319214e-01,1.390119791030883789e-01,1.105206981301307678e-01,-1.023878622800111771e-02,6.980616599321365356e-02,1.392473001033067703e-02,1.469031870365142822e-01,1.060141324996948242e-01,9.855897724628448486e-02,-7.229146361351013184e-02,2.240173369646072388e-01,4.185966029763221741e-02,3.012358546257019043e-01,1.405610591173171997e-01,9.573618322610855103e-02,-1.078945863991975784e-02,2.594514489173889160e-01,6.861772388219833374e-02,1.244237795472145081e-01,3.036627918481826782e-02,1.277013868093490601e-01,1.218193620443344116e-01,7.629992812871932983e-02,2.066847169771790504e-03,1.733707338571548462e-01,5.795932188630104065e-02,1.661000251770019531e-01,1.114816889166831970e-01,1.115145832300186157e-01,1.456103473901748657e-01,1.677639409899711609e-02,2.796454168856143951e-02,3.375553339719772339e-02,9.914425760507583618e-02,8.288398385047912598e-02,1.080137714743614197e-01,1.019920557737350464e-01,1.395979821681976318e-01,1.369305402040481567e-01,5.150339100509881973e-03,2.384205348789691925e-02,-5.236346274614334106e-03,5.595471337437629700e-02,3.941115364432334900e-02,7.340903580188751221e-02,1.408836394548416138e-01
7.968445867300033569e-02,5.873973481357097626e-03,4.595815241336822510e-01,1.000000000000000000e+00,-8.987424522638320923e-02,-9.059290587902069092e-02,3.038730919361114502e-01,2.297491878271102905e-01,-1.525897234678268433e-01,-1.924624890089035034e-01,-7.633785158395767212e-02,9.833512455224990845e-02,1.663168668746948242e-01,1.248881891369819641e-01,1.811000853776931763e-01,3.798257187008857727e-02,-1.124418601393699646e-01,-6.996452808380126953e-02,7.757222279906272888e-03,-1.508986949920654297e-02,7.780417334288358688e-03,2.811938896775245667e-02,1.896544694900512695e-01,2.652035951614379883e-01,5.963242426514625549e-02,8.921533077955245972e-02,-1.221678126603364944e-02,6.262872368097305298e-02,1.001745238900184631e-01,1.329873502254486084e-01,6.354907155036926270e-02,8.091077953577041626e-02,-2.838707529008388519e-02,6.891292333602905273e-02,-7.949545048177242279e-03,6.209535896778106689e-02,7.909545302391052246e-02,-4.272445663809776306e-02,1.140383183956146240e-01,9.134353697299957275e-02,1.072855815291404724e-01,8.499731123447418213e-02,1.773297488689422607e-01,2.028729766607284546e-01,4.276600107550621033e-02,1.819891929626464844e-01,9.583274275064468384e-02,1.405247896909713745e-01,8.002861589193344116e-02,2.175247669219970703e-01,5.455698072910308838e-02,8.091943711042404175e-02,1.146032810211181641e-01,1.865949630737304688e-01,1.934603005647659302e-01,2.594894170761108398e-01,-9.030811488628387451e-02,-7.960049808025360107e-02,-9.290695190429687500e-02,-3.406885638833045959e-02,-4.309918265789747238e-03,1.108796000480651855e-01,1.721317172050476074e-01,1.538615673780441284e-01,-1.178592815995216370e-01,1.867588460445404053e-01,8.772373199462890625e-02,1.515531688928604126e-01,5.417943373322486877e-02,-1.145012900233268738e-01,-7.726928591728210449e-02,-1.798908971250057220e-02,2.391332089900970459e-01,2.644776180386543274e-02,1.798849105834960938e-01,1.871013268828392029e-02,1.149353682994842529e-01,1.213922873139381409e-01,-1.608701422810554504e-02,-1.021653264760971069e-01,8.388061821460723877e-02,-5.660139769315719604e-02,1.379689872264862061e-01,1.555017232894897461e-01,-1.166356727480888367e-01,-9.989391267299652100e-02,1.550320088863372803e-01,-8.368862792849540710e-03,-1.291324645280838013e-01,-6.780859827995300293e-02,1.599956452846527100e-01,3.024772703647613525e-01,4.349704459309577942e-02,1.184564903378486633e-01,1.767815947532653809e-01,9.260717779397964478e-02,9.303184226155281067e-03,-2.405549585819244385e-02,9.141359478235244751e-02,2.888768017292022705e-01,-1.333655565977096558e-01,-8.596924692392349243e-02,-1.038172468543052673e-01,-7.710783183574676514e-02,-5.063848197460174561e-02,-7.734043151140213013e-02,6.274658441543579102e-02,8.692959696054458618e-02,2.063162773847579956e-01,2.080525308847427368e-01,1.324840188026428223e-01,6.675687618553638458e-03,1.035382822155952454e-01,-2.880168892443180084e-02,3.720601554960012436e-03,5.204672366380691528e-02
2.598476707935333252e-01,1.622978299856185913e-01,7.148166000843048096e-02,-8.987424522638320923e-02,1.000000000000000000e+00,6.621608734130859375e-01,3.053714036941528320e-01,3.629213869571685791e-01,5.573299527168273926e-01,3.881193995475769043e-01,4.003622010350227356e-02,1.705051362514495850e-01,3.521925210952758789e-01,2.994909286499023438e-01,1.305402666330337524e-01,1.698777377605438232e-01,9.796682745218276978e-02,1.126500740647315979e-01,9.182880073785781860e-02,9.363881498575210571e-02,2.680533826351165771e-01,2.324479520320892334e-01,2.778858542442321777e-01,2.077459543943405151e-01,5.655453205108642578e-01,5.330069661140441895e-01,6.822144389152526855e-01,6.232339143753051758e-01,-1.084372177720069885e-01,-3.329339995980262756e-02,2.820055484771728516e-01,2.186214327812194824e-01,7.136657834053039551e-02,3.426609933376312256e-02,-3.822142258286476135e-02,-1.222580373287200928e-01,4.538376256823539734e-02,4.143730551004409790e-02,-1.138294674456119537e-02,5.413468182086944580e-02,4.123000055551528931e-02,2.311321198940277100e-01,-1.589929461479187012e-01,-1.393887847661972046e-01,-2.313963621854782104e-01,-4.371644556522369385e-02,-2.264580577611923218e-01,-1.632528901100158691e-01,-2.262404710054397583e-01,-3.303922340273857117e-02,1.257267966866493225e-02,-2.768496423959732056e-02,1.999857276678085327e-01,6.209969054907560349e-03,2.556922733783721924e-01,4.249298945069313049e-03,3.333193361759185791e-01,2.786184549331665039e-01,1.620616912841796875e-01,5.566859245300292969e-01,3.265189826488494873e-01,1.906877011060714722e-01,-4.938977956771850586e-02,1.634942740201950073e-01,1.513668745756149292e-01,1.300270110368728638e-01,1.328802946954965591e-02,7.420786470174789429e-02,1.048971638083457947e-01,1.415600925683975220e-01,6.414785236120223999e-02,1.053479537367820740e-01,3.383037075400352478e-02,6.166807934641838074e-02,1.396023482084274292e-01,6.392340362071990967e-02,8.796416968107223511e-02,1.440117806196212769e-01,4.400330036878585815e-02,6.048465892672538757e-02,1.515663713216781616e-01,1.312624514102935791e-01,2.938972115516662598e-01,2.970685064792633057e-01,3.443451225757598877e-01,2.001509815454483032e-01,5.418509244918823242e-01,4.997342228889465332e-01,3.855977356433868408e-01,4.262962341308593750e-01,-1.087340265512466431e-01,-1.357309371232986450e-01,-1.462656557559967041e-01,-4.682341590523719788e-02,-8.427435159683227539e-02,4.039494693279266357e-02,1.467375755310058594e-01,2.639876008033752441e-01,-2.252583056688308716e-01,-3.188069760799407959e-01,7.696911692619323730e-02,2.114847153425216675e-01,2.604689598083496094e-01,2.964867353439331055e-01,1.359829753637313843e-01,1.907111257314682007e-01,1.289765723049640656e-02,1.022677272558212280e-01,-6.688759475946426392e-02,-9.427534788846969604e-02,6.137126311659812927e-02,6.881177425384521484e-02,-1.917612999677658081e-01,-8.596953004598617554e-03,5.914256721735000610e-02,2.321890294551849365e-01
3.799244165420532227e-01,3.727372586727142334e-01,-2.090289071202278137e-02,-9.059290587902069092e-02,6.621608734130859375e-01,1.000000000000000000e+00,3.262646198272705078e-01,5.442094802856445312e-01,4.561271369457244873e-01,7.106668353080749512e-01,2.293449044227600098e-01,4.451377391815185547e-01,2.728689312934875488e-01,6.048947572708129883e-01,6.695300806313753128e-03,5.075074434280395508e-01,2.431177943944931030e-01,2.758195400238037109e-01,2.248909026384353638e-01,2.277549505233764648e-01,4.645818173885345459e-01,4.141211211681365967e-01,2.483761757612228394e-01,2.392089217901229858e-01,3.532974720001220703e-01,5.843864679336547852e-01,5.529117584228515625e-01,7.189466357231140137e-01,4.896720126271247864e-02,2.189460843801498413e-01,3.667565584182739258e-01,3.296825885772705078e-01,1.661202013492584229e-01,1.362394541501998901e-01,4.559527337551116943e-02,8.124800771474838257e-02,8.929193764925003052e-02,5.248072743415832520e-02,6.163404136896133423e-02,5.928876809775829315e-03,8.970286697149276733e-02,1.511582434177398682e-01,-1.340306401252746582e-01,-1.393414735794067383e-01,-1.686915159225463867e-01,-6.136528402566909790e-02,-2.176682353019714355e-01,-1.104812994599342346e-01,-2.017156183719635010e-01,-8.200161159038543701e-02,-1.020184904336929321e-01,-9.408560395240783691e-02,-1.021147221326828003e-01,-1.594827324151992798e-01,-1.126574166119098663e-02,1.851070076227188110e-01,3.974829018115997314e-01,4.751776754856109619e-01,4.036633670330047607e-01,3.781179487705230713e-01,3.342288136482238770e-01,2.383595407009124756e-01,-2.325467020273208618e-01,3.082389533519744873e-01,6.414741277694702148e-02,9.073931723833084106e-02,1.924783736467361450e-01,2.396098077297210693e-01,9.854619204998016357e-02,2.316685467958450317e-01,3.092647790908813477e-01,3.357337415218353271e-01,-1.165574416518211365e-01,2.130964696407318115e-01,-1.252410747110843658e-02,1.788957715034484863e-01,1.332823485136032104e-01,2.381626516580581665e-01,1.754702478647232056e-01,3.235517069697380066e-02,1.269077956676483154e-01,3.311465680599212646e-01,1.506251841783523560e-01,5.320792198181152344e-01,1.353737115859985352e-01,3.780444562435150146e-01,2.200177162885665894e-01,5.886652469635009766e-01,2.822886407375335693e-01,5.633229613304138184e-01,-3.090341091156005859e-01,-3.809926658868789673e-02,-3.189904093742370605e-01,4.979075118899345398e-02,-1.564689129590988159e-01,1.188176311552524567e-02,1.618493646383285522e-01,3.560869991779327393e-01,-3.015023767948150635e-01,-7.378485798835754395e-02,6.241108477115631104e-02,2.455080747604370117e-01,2.894668579101562500e-01,3.535570800304412842e-01,2.536687254905700684e-01,2.941263616085052490e-01,6.228882074356079102e-02,2.167898714542388916e-01,-1.028191223740577698e-01,-2.157055437564849854e-01,5.323449894785881042e-02,1.941187977790832520e-01,-1.626186966896057129e-01,-8.055224269628524780e-02,1.091347336769104004e-01,2.841562628746032715e-01
4.494482874870300293e-01,2.503194808959960938e-01,3.375875353813171387e-01,3.038730919361114502e-01,3.053714036941528320e-01,3.262646198272705078e-01,1.000000000000000000e+00,5.702422857284545898e-01,1.493662446737289429e-01,2.520628869533538818e-01,2.462511062622070312e-01,3.504003584384918213e-01,4.722931385040283203e-01,3.370513617992401123e-01,9.930782020092010498e-02,2.129489630460739136e-01,1.832362562417984009e-01,3.094894886016845703e-01,2.089445888996124268e-01,1.682384908199310303e-01,1.854897588491439819e-01,1.340630799531936646e-01,3.627022802829742432e-01,2.962397038936614990e-01,4.436910152435302734e-01,4.406526088714599609e-01,4.252355694770812988e-01,3.738101720809936523e-01,1.685234755277633667e-01,2.013633847236633301e-01,3.874507248401641846e-01,3.225866258144378662e-01,2.652688324451446533e-01,2.767656445503234863e-01,1.373774707317352295e-01,4.606246575713157654e-02,2.099472284317016602e-01,1.439278274774551392e-01,2.004679441452026367e-01,1.060777455568313599e-01,1.818784475326538086e-01,1.397294700145721436e-01,1.196195650845766068e-02,5.831917375326156616e-02,-1.232039779424667358e-01,1.020333617925643921e-01,-9.924029558897018433e-02,6.073831114917993546e-03,-3.716722503304481506e-02,9.541874378919601440e-02,8.885307610034942627e-02,1.034655421972274780e-01,1.771816313266754150e-01,2.960926108062267303e-02,3.050235807895660400e-01,2.285317629575729370e-01,4.312951266765594482e-01,2.942369580268859863e-01,2.528589665889739990e-01,3.663374185562133789e-01,3.392772674560546875e-01,1.613912433385848999e-01,1.808668971061706543e-01,2.705731391906738281e-01,1.294907927513122559e-01,1.252038925886154175e-01,1.777376234531402588e-01,3.312080800533294678e-01,5.416215956211090088e-02,8.626959472894668579e-02,1.316133886575698853e-01,1.105554252862930298e-01,1.312190741300582886e-01,1.779712736606597900e-02,1.585224717855453491e-01,7.035567611455917358e-02,2.595418691635131836e-01,2.022585719823837280e-01,1.518197953701019287e-01,1.678015738725662231e-01,2.363832741975784302e-01,2.368490546941757202e-01,2.606509327888488770e-01,3.189105689525604248e-01,2.746239602565765381e-01,2.674187421798706055e-01,3.328879177570343018e-01,3.176683485507965088e-01,1.830265074968338013e-01,2.550404965877532959e-01,-8.401617407798767090e-02,2.531962096691131592e-02,-1.326400339603424072e-01,-3.034712746739387512e-02,5.791323259472846985e-02,1.090888530015945435e-01,2.778795063495635986e-01,2.217186987400054932e-01,-1.248953118920326233e-01,3.034260496497154236e-02,-4.460723325610160828e-02,5.255144834518432617e-02,1.913710236549377441e-01,1.897412985563278198e-01,2.486182898283004761e-01,2.656617164611816406e-01,9.231105446815490723e-02,1.964177787303924561e-01,1.072457805275917053e-01,9.226788580417633057e-02,1.747764348983764648e-01,1.773700416088104248e-01,-9.414881467819213867e-02,7.497759070247411728e-03,1.511360257863998413e-01,2.326304763555526733e-01
3.693921864032745361e-01,3.954395353794097900e-01,1.515364199876785278e-01,2.297491878271102905e-01,3.629213869571685791e-01,5.442094802856445312e-01,5.702422857284545898e-01,1.000000000000000000e+00,1.979502737522125244e-01,3.686206340789794922e-01,1.677714139223098755e-01,5.033102631568908691e-01,3.795907199382781982e-01,5.673897266387939453e-01,-6.286065280437469482e-02,3.897695541381835938e-01,1.258886307477951050e-01,2.846898138523101807e-01,1.915555149316787720e-01,1.613237112760543823e-01,3.035918772220611572e-01,3.552169203758239746e-01,3.817141950130462646e-01,3.849710524082183838e-01,4.022356867790222168e-01,5.921685099601745605e-01,4.658767879009246826e-01,5.673497319221496582e-01,4.096167162060737610e-02,1.934846639633178711e-01,3.793313205242156982e-01,3.717998862266540527e-01,1.871514916419982910e-01,2.526346743106842041e-01,1.457911580801010132e-01,1.173387318849563599e-01,1.035287827253341675e-01,8.768786489963531494e-02,8.794091641902923584e-03,2.107175998389720917e-02,7.497493177652359009e-02,1.760473996400833130e-01,-1.117898449301719666e-01,-4.861039668321609497e-02,-2.124364823102951050e-01,1.054246574640274048e-01,-2.634194791316986084e-01,-1.320058852434158325e-01,-1.213946118950843811e-01,1.583716273307800293e-01,-1.616757363080978394e-02,4.508605971932411194e-02,-6.688649952411651611e-02,-4.833447560667991638e-02,-1.339610200375318527e-02,2.738046348094940186e-01,3.925687074661254883e-01,4.664016664028167725e-01,3.496305048465728760e-01,3.487360179424285889e-01,2.937514185905456543e-01,3.022336065769195557e-01,4.964147880673408508e-02,5.089956521987915039e-01,-5.702997371554374695e-02,1.245599165558815002e-01,1.367388218641281128e-01,2.310258597135543823e-01,4.170051962137222290e-02,1.486816108226776123e-01,2.404116690158843994e-01,2.941008210182189941e-01,1.116177067160606384e-02,1.437090337276458740e-01,9.091065824031829834e-02,1.849694699048995972e-01,1.791818439960479736e-01,2.626577615737915039e-01,1.301395744085311890e-01,4.475007578730583191e-02,2.175014168024063110e-01,3.718585968017578125e-01,3.849718347191810608e-02,4.735535979270935059e-01,1.161506399512290955e-01,3.191034793853759766e-01,1.935956329107284546e-01,4.436042010784149170e-01,1.046526618301868439e-02,4.063571095466613770e-01,-3.010357320308685303e-01,1.707352101802825928e-01,-3.122335672378540039e-01,1.503355503082275391e-01,-1.638091355562210083e-01,1.206322852522134781e-02,1.982969045639038086e-01,2.937906086444854736e-01,-3.916910290718078613e-01,-2.168471738696098328e-02,-1.095703244209289551e-01,2.528692409396171570e-02,1.465455591678619385e-01,2.208276242017745972e-01,2.229638695716857910e-01,2.357153445482254028e-01,9.778382629156112671e-02,2.921265661716461182e-01,-3.758900985121726990e-02,1.022199168801307678e-02,1.587371528148651123e-01,9.555141627788543701e-02,-1.906383633613586426e-01,-2.037357091903686523e-01,-1.918246969580650330e-02,2.308140397071838379e-01
1.223466321825981140e-01,6.586641073226928711e-02,-4.822081327438354492e-02,-1.525897234678268433e-01,5.573299527168273926e-01,4.561271369457244873e-01,1.493662446737289429e-01,1.979502737522125244e-01,1.000000000000000000e+00,5.071609020233154297e-01,3.181410729885101318e-01,6.225569546222686768e-02,3.595673441886901855e-01,1.417986452579498291e-01,5.544663071632385254e-01,3.557484745979309082e-01,1.918626874685287476e-01,1.515803933143615723e-01,3.334693983197212219e-02,4.962630942463874817e-02,2.741304636001586914e-01,1.612580716609954834e-01,-1.694667041301727295e-01,-1.824145317077636719e-01,1.658421158790588379e-01,1.590627431869506836e-01,3.037760257720947266e-01,2.718384861946105957e-01,1.897336393594741821e-01,4.149589315056800842e-02,3.622141852974891663e-02,-3.588768467307090759e-02,-1.393586024641990662e-02,-8.221410214900970459e-02,-1.318394541740417480e-01,-2.045790404081344604e-01,1.567952185869216919e-01,-6.556980311870574951e-02,1.159282550215721130e-01,-1.318324636667966843e-02,1.342280805110931396e-01,3.702078387141227722e-02,-2.473116815090179443e-01,-2.399327605962753296e-01,-2.290290594100952148e-01,-2.355561703443527222e-01,-1.997900605201721191e-01,-1.130543798208236694e-01,-1.749758571386337280e-01,-1.393272429704666138e-01,-7.378659397363662720e-02,-1.124081537127494812e-01,-6.495219469070434570e-02,-1.076706945896148682e-01,1.168119907379150391e-01,-3.734878450632095337e-02,1.208655014634132385e-01,1.909101605415344238e-01,5.193251371383666992e-02,3.091325759887695312e-01,1.084816157817840576e-01,6.760067492723464966e-02,3.059479221701622009e-02,2.420619688928127289e-02,1.525641884654760361e-02,5.790788307785987854e-02,-1.142183244228363037e-01,-7.228890806436538696e-02,1.206351444125175476e-02,1.464211195707321167e-02,-7.964573800563812256e-02,-5.767971649765968323e-02,6.167899444699287415e-02,7.135270535945892334e-02,3.815148025751113892e-02,3.303926438093185425e-02,1.158842071890830994e-01,2.709097974002361298e-02,1.260024160146713257e-01,-3.909358382225036621e-02,1.589460372924804688e-01,5.730970203876495361e-02,4.470975995063781738e-01,1.477915942668914795e-01,2.816893160343170166e-01,1.709947139024734497e-01,3.810974955558776855e-01,2.983649671077728271e-01,4.691870212554931641e-01,1.855212301015853882e-01,2.090068161487579346e-01,7.200524210929870605e-02,1.840890496969223022e-01,1.051930189132690430e-01,1.017110124230384827e-01,1.151398271322250366e-01,4.736243188381195068e-02,1.051960140466690063e-01,2.205534465610980988e-02,-1.432536095380783081e-01,2.748381495475769043e-01,1.920291036367416382e-01,2.137868851423263550e-01,2.071484178304672241e-01,1.209595128893852234e-01,1.656369417905807495e-01,8.761697448790073395e-03,-1.433270238339900970e-02,1.347013562917709351e-01,4.628233611583709717e-03,-1.645443141460418701e-01,-5.441078171133995056e-02,8.600645698606967926e-03,1.050579026341438293e-01,1.361866742372512817e-01,6.234376132488250732e-02
3.833435177803039551e-01,3.996948301792144775e-01,-5.741007253527641296e-02,-1.924624890089035034e-01,3.881193995475769043e-01,7.106668353080749512e-01,2.520628869533538818e-01,3.686206340789794922e-01,5.071609020233154297e-01,1.000000000000000000e+00,4.740206003189086914e-01,4.705322682857513428e-01,1.884356886148452759e-01,5.412079095840454102e-01,1.055187880992889404e-01,6.546152234077453613e-01,3.667692244052886963e-01,4.097233116626739502e-01,3.136383593082427979e-01,3.212704658508300781e-01,4.207089543342590332e-01,3.184458613395690918e-01,-2.108068764209747314e-02,-4.382865875959396362e-02,8.257217705249786377e-02,2.404642552137374878e-01,2.483496814966201782e-01,3.862464129924774170e-01,3.067687153816223145e-01,3.730459511280059814e-01,2.318686544895172119e-01,1.835182756185531616e-01,2.479417324066162109e-01,1.684942394495010376e-01,6.464376300573348999e-02,1.135241612792015076e-01,2.250155955553054810e-01,1.041180342435836792e-01,2.440748661756515503e-01,-1.693922444246709347e-03,1.980068832635879517e-01,-2.465705201029777527e-02,-5.830794572830200195e-02,-3.665829449892044067e-02,-3.846289217472076416e-02,-9.439199417829513550e-02,-7.066693902015686035e-02,8.128947019577026367e-02,-7.690625637769699097e-02,-1.708899587392807007e-01,-1.178264617919921875e-01,-1.026428565382957458e-01,-2.271656841039657593e-01,-2.376110255718231201e-01,-1.296713799238204956e-01,1.793691813945770264e-01,3.678797185420989990e-01,4.766836166381835938e-01,3.364762961864471436e-01,2.290553301572799683e-01,1.965856552124023438e-01,9.774564206600189209e-02,-3.573388457298278809e-01,1.238213554024696350e-01,2.144169062376022339e-03,-3.633899241685867310e-02,2.330506592988967896e-01,2.995251119136810303e-01,9.983045980334281921e-03,2.090834528207778931e-01,2.853578627109527588e-01,2.840363085269927979e-01,-9.957341849803924561e-02,2.770508229732513428e-01,-2.392248436808586121e-02,2.082728892564773560e-01,2.483290880918502808e-01,2.323704510927200317e-01,2.979472279548645020e-01,6.840541958808898926e-02,1.046279296278953552e-01,3.716100156307220459e-01,1.860279738903045654e-01,4.566440284252166748e-01,1.101528555154800415e-01,4.492226839065551758e-01,4.580191150307655334e-02,4.424811601638793945e-01,3.675353825092315674e-01,4.229223430156707764e-01,-2.515701949596405029e-01,-4.063787683844566345e-02,-2.026535272598266602e-01,1.487881224602460861e-02,-7.655873149633407593e-02,9.962303191423416138e-02,1.510724574327468872e-01,3.251262307167053223e-01,-1.826132982969284058e-01,7.954999804496765137e-02,1.852278262376785278e-01,3.119629323482513428e-01,3.248936831951141357e-01,4.145804941654205322e-01,3.721552491188049316e-01,3.918412625789642334e-01,7.431060075759887695e-02,1.876241862773895264e-01,3.130409121513366699e-02,-2.497839480638504028e-01,-8.392733335494995117e-02,1.933812201023101807e-01,1.514901034533977509e-02,1.375763267278671265e-01,3.486750721931457520e-01,2.397354692220687866e-01
3.705474734306335449e-01,3.955227732658386230e-01,-1.108891330659389496e-03,-7.633785158395767212e-02,4.003622010350227356e-02,2.293449044227600098e-01,2.462511062622070312e-01,1.677714139223098755e-01,3.181410729885101318e-01,4.740206003189086914e-01,1.000000000000000000e+00,5.251579284667968750e-01,4.826789200305938721e-01,3.312485218048095703e-01,1.164784654974937439e-01,3.079762756824493408e-01,7.077975869178771973e-01,6.060498356819152832e-01,2.636562883853912354e-01,2.794554531574249268e-01,3.433963060379028320e-01,1.909706592559814453e-01,-7.852610200643539429e-02,-9.558714926242828369e-02,-2.182394713163375854e-01,-5.785842612385749817e-02,-3.930588439106941223e-02,3.249953314661979675e-02,6.098561882972717285e-01,4.839743971824645996e-01,2.281687408685684204e-01,1.893694847822189331e-01,2.417800873517990112e-01,1.884563267230987549e-01,1.989210397005081177e-01,1.364786028861999512e-01,4.033796489238739014e-01,1.535536050796508789e-01,3.150756359100341797e-01,2.737439982593059540e-02,2.742815613746643066e-01,-1.313679069280624390e-01,1.535490006208419800e-01,1.227868050336837769e-01,2.151928097009658813e-01,1.007862389087677002e-01,2.684240974485874176e-02,1.503737717866897583e-01,2.611269354820251465e-01,7.649300247430801392e-02,1.223444715142250061e-01,6.278172880411148071e-02,-2.872137725353240967e-01,-3.293938636779785156e-01,-5.756304785609245300e-02,1.042549163103103638e-01,4.047358930110931396e-01,3.809376955032348633e-01,2.864968776702880859e-01,6.954390555620193481e-02,1.181852743029594421e-01,-3.765029832720756531e-02,-2.349494099617004395e-01,-1.160711646080017090e-01,-1.042926590889692307e-02,-1.406838744878768921e-01,3.127047121524810791e-01,2.646280229091644287e-01,-1.141735166311264038e-02,1.766772419214248657e-01,2.709252238273620605e-01,2.640117704868316650e-01,1.593049913644790649e-01,2.523931264877319336e-01,8.301766216754913330e-02,1.809289753437042236e-01,3.969080746173858643e-01,2.713829278945922852e-01,5.342730283737182617e-01,2.992549538612365723e-01,4.236819744110107422e-01,3.683338761329650879e-01,1.659398823976516724e-01,4.757131636142730713e-02,3.913682401180267334e-01,5.144273042678833008e-01,-1.224200800061225891e-01,-2.227736450731754303e-02,4.950396120548248291e-01,1.931416243314743042e-01,-4.598919302225112915e-02,-9.238412976264953613e-02,-9.634559601545333862e-02,-1.416774392127990723e-01,1.287330985069274902e-01,2.471832633018493652e-01,2.102894335985183716e-01,3.122995197772979736e-01,4.709427803754806519e-02,1.323750019073486328e-01,2.270939797163009644e-01,1.276601105928421021e-01,3.475660681724548340e-01,3.793329894542694092e-01,4.300709068775177002e-01,3.594953119754791260e-01,1.347327381372451782e-01,2.100770771503448486e-01,1.167652904987335205e-01,-1.525523960590362549e-01,-1.558954119682312012e-01,6.042151525616645813e-02,-4.149395041167736053e-03,9.845091402530670166e-02,4.453078210353851318e-01,1.462765485048294067e-01
4.807461202144622803e-01,5.414337515830993652e-01,1.021046563982963562e-01,9.833512455224990845e-02,1.705051362514495850e-01,4.451377391815185547e-01,3.504003584384918213e-01,5.033102631568908691e-01,6.225569546222686768e-02,4.705322682857513428e-01,5.251579284667968750e-01,1.000000000000000000e+00,3.698718845844268799e-01,6.841822266578674316e-01,-2.201972603797912598e-01,3.850727975368499756e-01,4.461195766925811768e-01,5.092861056327819824e-01,2.671649158000946045e-01,2.838751077651977539e-01,4.331815242767333984e-01,3.937607705593109131e-01,2.657088935375213623e-01,2.527360916137695312e-01,3.698323294520378113e-02,2.856389880180358887e-01,2.057185918092727661e-01,3.802030980587005615e-01,2.955700159072875977e-01,5.176896452903747559e-01,3.838311135768890381e-01,3.557834625244140625e-01,2.561398446559906006e-01,3.410235345363616943e-01,2.714397013187408447e-01,2.825191915035247803e-01,2.135181277990341187e-01,6.329469382762908936e-02,9.722189605236053467e-02,-7.991249859333038330e-02,8.569602668285369873e-02,-3.025127202272415161e-02,1.802781373262405396e-01,1.795014292001724243e-01,1.626644879579544067e-01,1.923665255308151245e-01,-5.160476639866828918e-02,7.271506637334823608e-02,1.396024525165557861e-01,1.118270382285118103e-01,8.014973253011703491e-02,6.365340203046798706e-02,-2.294098436832427979e-01,-2.214616537094116211e-01,-1.638973802328109741e-01,2.543561160564422607e-01,4.557331204414367676e-01,5.084496140480041504e-01,4.065094590187072754e-01,1.353382170200347900e-01,2.648470997810363770e-01,2.023278325796127319e-01,-2.239589840173721313e-01,2.268096804618835449e-01,-3.472896292805671692e-02,-3.493588045239448547e-02,3.639588952064514160e-01,3.669882416725158691e-01,2.288703434169292450e-02,2.302018404006958008e-01,4.608438313007354736e-01,4.954069554805755615e-01,4.218761995434761047e-02,3.800362944602966309e-01,5.637267604470252991e-02,2.887956202030181885e-01,2.881586551666259766e-01,3.837418258190155029e-01,4.042418003082275391e-01,1.650247722864151001e-01,3.425515890121459961e-01,4.940842390060424805e-01,-7.141653448343276978e-02,3.462467789649963379e-01,1.750754714012145996e-01,5.257139205932617188e-01,-8.769267797470092773e-02,1.582437157630920410e-01,1.568835973739624023e-01,4.439590871334075928e-01,-3.925349116325378418e-01,-4.414095357060432434e-02,-4.136087000370025635e-01,-2.997809834778308868e-02,-8.209296315908432007e-02,4.153277724981307983e-02,1.974330395460128784e-01,3.061342537403106689e-01,-2.648829221725463867e-01,1.281529366970062256e-01,-5.074688047170639038e-02,1.402518898248672485e-01,2.533277571201324463e-01,4.041963219642639160e-01,3.550355434417724609e-01,3.264356255531311035e-01,1.501226574182510376e-01,3.471375107765197754e-01,-1.085023283958435059e-01,-2.254988998174667358e-01,2.129108272492885590e-02,1.314717382192611694e-01,-1.336611658334732056e-01,-1.022407039999961853e-01,2.586500346660614014e-01,1.973014622926712036e-01
3.788518309593200684e-01,2.363497763872146606e-01,2.461832314729690552e-01,1.663168668746948242e-01,3.521925210952758789e-01,2.728689312934875488e-01,4.722931385040283203e-01,3.795907199382781982e-01,3.595673441886901855e-01,1.884356886148452759e-01,4.826789200305938721e-01,3.698718845844268799e-01,1.000000000000000000e+00,3.744017779827117920e-01,2.038350552320480347e-01,1.655725091695785522e-01,3.679777383804321289e-01,3.327766656875610352e-01,8.761656284332275391e-02,9.006200730800628662e-02,2.138299047946929932e-01,1.466956138610839844e-01,2.041378170251846313e-01,1.456631571054458618e-01,1.641967296600341797e-01,2.093413472175598145e-01,3.036402165889739990e-01,2.836056351661682129e-01,3.828530013561248779e-01,2.737450301647186279e-01,2.461660951375961304e-01,1.912957727909088135e-01,9.825242310762405396e-02,1.074064448475837708e-01,1.438620537519454956e-01,-3.597944602370262146e-02,2.604433000087738037e-01,7.183580100536346436e-02,1.604560017585754395e-01,3.828169777989387512e-02,1.848391592502593994e-01,1.284594368189573288e-02,3.733342885971069336e-02,5.117797851562500000e-02,-7.789138704538345337e-03,7.219437509775161743e-02,-1.274956613779067993e-01,-5.445431545376777649e-02,6.451030820608139038e-02,1.361131072044372559e-01,1.090252026915550232e-01,8.651640266180038452e-02,1.276721339672803879e-02,-4.680294543504714966e-02,2.631946504116058350e-01,8.300957828760147095e-02,3.684163689613342285e-01,2.515331208705902100e-01,2.510548532009124756e-01,3.421865403652191162e-01,3.188045620918273926e-01,1.042543724179267883e-01,5.696181952953338623e-02,2.220037952065467834e-02,-1.053898222744464874e-02,5.423826724290847778e-02,1.685610711574554443e-01,1.807997226715087891e-01,8.280756324529647827e-02,1.157760694622993469e-01,1.396123468875885010e-01,1.830083876848220825e-01,1.904080361127853394e-01,7.963572442531585693e-02,1.659356504678726196e-01,1.215104684233665466e-01,2.666841149330139160e-01,2.063970714807510376e-01,2.366372942924499512e-01,1.661605983972549438e-01,4.425359666347503662e-01,1.626158505678176880e-01,4.454223811626434326e-01,1.024186685681343079e-01,5.238469243049621582e-01,3.858073353767395020e-01,3.347717821598052979e-01,1.442538499832153320e-01,4.634320437908172607e-01,1.959499865770339966e-01,1.134622097015380859e-02,-5.961490049958229065e-02,-1.280033141374588013e-01,-8.678881078958511353e-02,5.194261670112609863e-02,1.603727787733078003e-01,1.945976763963699341e-01,2.548029720783233643e-01,4.243721067905426025e-02,-1.856848411262035370e-02,-3.625118639320135117e-03,-7.098906487226486206e-02,1.882051825523376465e-01,1.862889677286148071e-01,2.027772068977355957e-01,2.269376963376998901e-01,1.518027484416961670e-01,1.797214895486831665e-01,5.183069407939910889e-02,-5.153444409370422363e-02,-5.675234273076057434e-02,3.371053561568260193e-02,-1.186155676841735840e-01,8.233494125306606293e-03,2.126415222883224487e-01,1.431990265846252441e-01
