1.000000000000000000e+00,5.103923082351684570e-01,2.142218500375747681e-01,3.035332560539245605e-01,-7.999288290739059448e-02,-9.972026199102401733e-02,2.842411398887634277e-01,2.883955836296081543e-01,-2.935048751533031464e-02,-1.641380190849304199e-01,3.743440806865692139e-01,3.318763673305511475e-01,3.394992351531982422e-01,4.119014367461204529e-02,8.933445066213607788e-02,-1.320120096206665039e-01,5.029464960098266602e-01,3.306552767753601074e-01,1.382538080215454102e-01,1.620360463857650757e-01,9.990680962800979614e-02,1.962466835975646973e-01,2.168027460575103760e-01,1.643816530704498291e-01,-1.094989553093910217e-01,9.006192907691001892e-03,-5.513944663107395172e-03,-3.142527118325233459e-02,3.141410350799560547e-01,2.069555670022964478e-01,1.859248727560043335e-01,1.659304648637771606e-01,2.254156321287155151e-01,2.724488973617553711e-01,9.613275527954101562e-02,4.462480917572975159e-02,2.108382880687713623e-01,-9.197538718581199646e-03,1.638381630182266235e-01,7.353293150663375854e-02,4.504974931478500366e-02,-1.091564539819955826e-02,1.597886234521865845e-01,1.954122334718704224e-01,9.482148103415966034e-03,2.101857066154479980e-01,1.381311267614364624e-01,2.235231548547744751e-01,-9.886269457638263702e-03,1.382026076316833496e-01,8.245138078927993774e-02,1.888845562934875488e-01,6.039915978908538818e-02,4.168514907360076904e-02,3.383105099201202393e-01,3.368189334869384766e-01,6.556602120399475098e-01,5.304421782493591309e-01,2.115622311830520630e-01,1.911673545837402344e-01,4.151956439018249512e-01,3.248742818832397461e-01,4.142052233219146729e-01,3.835879266262054443e-01,4.227938354015350342e-01,2.893054187297821045e-01,3.771343231201171875e-01,3.822665810585021973e-01,1.457826495170593262e-01,1.746186763048171997e-01,3.964110612869262695e-01,4.095503091812133789e-01,1.926022768020629883e-01,2.827916741371154785e-01,1.018894761800765991e-01,2.781354486942291260e-01,3.054892122745513916e-01,8.952514082193374634e-02,3.263138830661773682e-01,6.327904015779495239e-02,5.284444093704223633e-01,3.571171164512634277e-01,-3.646592795848846436e-02,-1.599681377410888672e-01,4.772669076919555664e-01,3.519387841224670410e-01,-5.882401391863822937e-02,-1.652227044105529785e-01,1.668815165758132935e-01,7.029111683368682861e-02,1.297871619462966919e-01,6.653754413127899170e-02,-4.168714955449104309e-02,-1.552388221025466919e-01,3.155869543552398682e-01,2.553376257419586182e-01,1.502274423837661743e-01,3.780767619609832764e-01,2.101616263389587402e-01,3.240012824535369873e-01,1.992280632257461548e-01,1.644056737422943115e-01,2.643520534038543701e-01,1.889517605304718018e-01,2.289542704820632935e-01,1.353184282779693604e-01,1.132554784417152405e-01,8.128867298364639282e-02,2.027876824140548706e-01,2.767518758773803711e-01,1.219059228897094727e-01,1.554033756256103516e-01,2.397236227989196777e-01,2.248995453119277954e-01,1.816945225000381470e-01,1.352833807468414307e-01
5.103923082351684570e-01,1.000000000000000000e+00,9.512169659137725830e-02,3.607510626316070557e-01,-1.582916080951690674e-01,-5.320619791746139526e-02,2.714493274688720703e-01,3.889474570751190186e-01,-8.072427660226821899e-02,-1.149167306721210480e-02,3.730082809925079346e-01,4.920889735221862793e-01,2.807339727878570557e-01,2.770364284515380859e-01,6.584987044334411621e-02,6.308484077453613281e-02,3.832086026668548584e-01,4.609087109565734863e-01,8.082893490791320801e-02,1.105269566178321838e-01,1.889986544847488403e-01,2.726351916790008545e-01,8.833882957696914673e-02,1.032146140933036804e-01,-1.233293265104293823e-01,-3.471862291917204857e-03,-1.154780015349388123e-01,-5.066530779004096985e-02,3.160671889781951904e-01,3.811596333980560303e-01,1.244102045893669128e-01,1.708526909351348877e-01,1.887062638998031616e-01,2.093064785003662109e-01,1.420356631278991699e-01,9.233158826828002930e-02,2.434394657611846924e-01,1.996469199657440186e-01,6.518457084894180298e-02,1.570475101470947266e-01,1.304034888744354248e-01,1.326728761196136475e-01,9.800547361373901367e-02,1.139433979988098145e-01,2.854717895388603210e-02,2.097953557968139648e-01,6.681026518344879150e-02,1.979380100965499878e-01,-2.459708414971828461e-02,1.648165881633758545e-01,5.895397067070007324e-02,1.905849128961563110e-01,4.973391070961952209e-02,4.453152790665626526e-02,1.894443184137344360e-01,3.776627182960510254e-01,5.351126194000244141e-01,6.831460595130920410e-01,3.226588368415832520e-01,2.539005577564239502e-01,4.063175022602081299e-01,3.933018445968627930e-01,2.735901474952697754e-01,4.962106347084045410e-01,3.651087284088134766e-01,3.414592742919921875e-01,5.424861311912536621e-01,4.792546033859252930e-01,2.006845325231552124e-01,2.583577036857604980e-01,3.527192771434783936e-01,4.447720944881439209e-01,2.283966541290283203e-01,3.536530733108520508e-01,1.700837165117263794e-01,2.909693121910095215e-01,3.392104506492614746e-01,3.237243294715881348e-01,2.708226442337036133e-01,1.140735074877738953e-01,3.118092119693756104e-01,4.294342696666717529e-01,-1.293930113315582275e-01,-1.495788060128688812e-02,2.792747318744659424e-01,4.213400185108184814e-01,-1.407743245363235474e-01,-4.116002842783927917e-02,1.235624495893716812e-02,2.249258905649185181e-01,1.966678537428379059e-03,4.469354450702667236e-02,-1.017078384757041931e-01,-1.570009142160415649e-01,2.167968600988388062e-01,1.611576825380325317e-01,-1.246924046427011490e-02,3.125184476375579834e-01,1.175759509205818176e-01,2.982342243194580078e-01,6.446845829486846924e-02,1.341282278299331665e-01,1.112489923834800720e-01,1.522195786237716675e-01,2.495361715555191040e-01,2.010259181261062622e-01,3.137183934450149536e-02,6.440407782793045044e-02,1.615734547376632690e-01,1.960462331771850586e-01,4.490460827946662903e-02,1.137567386031150818e-01,1.508433222770690918e-01,2.173374146223068237e-01,2.481263428926467896e-01,2.109454721212387085e-01
2.142218500375747681e-01,9.512169659137725830e-02,1.000000000000000000e+00,6.727176904678344727e-01,-1.401635259389877319e-01,-2.488245964050292969e-01,6.570084691047668457e-01,4.265237748622894287e-01,-1.172635108232498169e-01,-3.042126595973968506e-01,2.288498580455780029e-01,1.103228181600570679e-01,2.454717606306076050e-01,4.252035170793533325e-02,-2.852874062955379486e-02,-1.046966388821601868e-01,3.951969742774963379e-02,1.135916262865066528e-01,4.017072916030883789e-01,2.731506824493408203e-01,1.946673393249511719e-01,1.910572052001953125e-01,5.809701681137084961e-01,5.308441519737243652e-01,8.191055804491043091e-02,7.763685286045074463e-02,1.356133669614791870e-01,3.381437063217163086e-02,1.796617507934570312e-01,1.626344323158264160e-01,3.384358584880828857e-01,2.883834540843963623e-01,2.387085705995559692e-01,2.691701352596282959e-01,5.765235051512718201e-02,3.643263131380081177e-02,1.458224952220916748e-01,3.552964702248573303e-02,2.271928191184997559e-01,1.522828489542007446e-01,5.789955332875251770e-02,1.481711491942405701e-02,7.744842767715454102e-02,3.871851041913032532e-02,6.699166446924209595e-02,-8.566576987504959106e-02,7.715746760368347168e-02,6.828989088535308838e-02,-2.101024053990840912e-02,-9.367126040160655975e-03,-2.010935172438621521e-02,-1.313855350017547607e-01,-1.861414685845375061e-02,-8.281493186950683594e-02,2.349037230014801025e-01,1.029249355196952820e-01,5.908090621232986450e-02,8.677402883768081665e-02,3.088935650885105133e-02,2.370046079158782959e-01,1.344032436609268188e-01,1.011851429939270020e-01,3.596842754632234573e-03,-3.020134195685386658e-02,-2.159322984516620636e-02,-2.514506876468658447e-01,1.131101697683334351e-01,3.008612431585788727e-02,2.250370383262634277e-01,2.762708365917205811e-01,2.505905330181121826e-01,2.155136168003082275e-01,6.421389430761337280e-02,3.775193542242050171e-02,7.457973062992095947e-02,1.162474304437637329e-01,1.050605997443199158e-01,8.612751215696334839e-02,8.910866081714630127e-02,9.874314069747924805e-02,5.393083766102790833e-02,1.557021215558052063e-02,-1.070182248950004578e-01,-1.740891486406326294e-01,5.076369643211364746e-02,-7.329802215099334717e-02,-2.733457386493682861e-01,-3.555492460727691650e-01,1.309097409248352051e-01,-1.095586456358432770e-03,2.286013662815093994e-01,5.874226987361907959e-02,-6.949688494205474854e-02,-1.833470314741134644e-01,2.935360074043273926e-01,2.082081139087677002e-01,3.196232318878173828e-01,2.521478235721588135e-01,2.745871841907501221e-01,1.848813742399215698e-01,2.824140712618827820e-02,-1.263638138771057129e-01,9.611528366804122925e-02,-2.685969509184360504e-02,1.025276035070419312e-01,8.604569733142852783e-02,4.431244730949401855e-02,1.812350898981094360e-01,1.862719208002090454e-01,1.806039810180664062e-01,1.785212755203247070e-01,2.691839933395385742e-01,1.754207164049148560e-01,2.114915698766708374e-01,1.375803053379058838e-01,3.037151098251342773e-01
3.035332560539245605e-01,3.607510626316070557e-01,6.727176904678344727e-01,1.000000000000000000e+00,-2.736680209636688232e-01,-2.001253962516784668e-01,6.047073006629943848e-01,6.404451131820678711e-01,-2.077354341745376587e-01,-1.904245465993881226e-01,3.645323514938354492e-01,3.607402741909027100e-01,3.390386700630187988e-01,3.395726084709167480e-01,-4.769504442811012268e-02,2.183492295444011688e-02,1.864081025123596191e-01,2.898653447628021240e-01,2.876302897930145264e-01,2.084966450929641724e-01,2.554557323455810547e-01,3.137089312076568604e-01,4.773080945014953613e-01,5.149871110916137695e-01,-7.933137007057666779e-03,7.675892859697341919e-02,3.229011595249176025e-02,7.203885167837142944e-02,2.967607080936431885e-01,3.364109098911285400e-01,3.263967931270599365e-01,3.402729034423828125e-01,2.930715978145599365e-01,3.588110506534576416e-01,1.733727753162384033e-01,1.070125177502632141e-01,2.243815362453460693e-01,1.170287504792213440e-01,1.911377459764480591e-01,2.470401972532272339e-01,4.762607812881469727e-02,-2.520519308745861053e-03,1.257445961236953735e-01,1.216146498918533325e-01,6.107893958687782288e-02,1.046528201550245285e-02,9.436763077974319458e-02,1.556140035390853882e-01,-4.071784019470214844e-02,5.433095246553421021e-02,5.098798871040344238e-02,4.955079406499862671e-03,-1.495473738759756088e-02,-3.997527062892913818e-03,2.492568939924240112e-01,2.858214676380157471e-01,2.202165573835372925e-01,3.026805520057678223e-01,1.242983788251876831e-01,2.256641238927841187e-01,2.542397081851959229e-01,2.647709846496582031e-01,1.190808694809675217e-02,1.827324628829956055e-01,1.130668893456459045e-01,-6.248789280652999878e-02,3.510263860225677490e-01,2.284166216850280762e-01,2.346669137477874756e-01,2.725566923618316650e-01,3.323633968830108643e-01,3.963265120983123779e-01,1.341104507446289062e-01,1.377436369657516479e-01,1.097823008894920349e-01,1.866056472063064575e-01,1.863139867782592773e-01,1.739250272512435913e-01,1.332290023565292358e-01,1.405123323202133179e-01,1.823563873767852783e-01,2.352747768163681030e-01,-1.788723915815353394e-01,-7.010244578123092651e-02,1.243646219372749329e-01,1.539788544178009033e-01,-3.548239767551422119e-01,-3.016405403614044189e-01,3.698747605085372925e-02,1.449673473834991455e-01,9.996780753135681152e-02,7.881989330053329468e-02,-1.487933397293090820e-01,-2.375765889883041382e-01,3.506585061550140381e-01,3.441224694252014160e-01,1.993095576763153076e-01,3.658329844474792480e-01,2.881197035312652588e-01,2.886394858360290527e-01,-2.787605114281177521e-02,-8.352962881326675415e-02,5.711280554533004761e-02,1.006151316687464714e-03,1.973907053470611572e-01,1.445165276527404785e-01,5.772405117750167847e-02,1.805597096681594849e-01,2.786502242088317871e-01,3.381783366203308105e-01,1.508967280387878418e-01,2.388088405132293701e-01,2.448617219924926758e-01,2.912711501121520996e-01,2.204721868038177490e-01,3.268824517726898193e-01
-7.999288290739059448e-02,-1.582916080951690674e-01,-1.401635259389877319e-01,-2.736680209636688232e-01,1.000000000000000000e+00,5.607687830924987793e-01,5.165263265371322632e-02,-1.658583134412765503e-01,6.234651803970336914e-01,4.201881885528564453e-01,-6.455087661743164062e-02,-1.708493083715438843e-01,7.005930691957473755e-02,-3.103285655379295349e-02,3.302070200443267822e-01,2.243371605873107910e-01,-4.919050261378288269e-02,-1.306730359792709351e-01,-1.410634368658065796e-01,-1.261729598045349121e-01,-4.754227027297019958e-02,-2.111705839633941650e-01,-1.436073053628206253e-02,-9.861866943538188934e-03,5.490947365760803223e-01,3.488596379756927490e-01,6.528310775756835938e-01,4.136194884777069092e-01,-1.248824689537286758e-02,-2.817616760730743408e-01,2.364703118801116943e-01,1.398644447326660156e-01,-4.942619800567626953e-02,-9.154701977968215942e-02,2.142536453902721405e-02,5.120907723903656006e-02,-1.037322580814361572e-01,-5.389293655753135681e-02,2.912373654544353485e-02,-1.003693044185638428e-01,7.426548749208450317e-02,-1.369873285293579102e-01,-5.242250859737396240e-02,-1.353771239519119263e-01,-9.814811637625098228e-04,-1.387171298265457153e-01,-1.061289310455322266e-01,-2.424125522375106812e-01,7.799587398767471313e-02,-7.815477997064590454e-02,-1.140490472316741943e-01,-1.978235393762588501e-01,-4.166845232248306274e-02,-5.447004362940788269e-02,-3.479181602597236633e-02,-2.528764605522155762e-01,3.147030621767044067e-02,-7.029677927494049072e-02,1.051340177655220032e-01,2.529237270355224609e-01,-1.120221149176359177e-02,-1.072652190923690796e-01,-3.155703423544764519e-03,-1.324862539768218994e-01,-1.636400371789932251e-01,-1.304061114788055420e-01,-6.587170809507369995e-02,-7.737849652767181396e-02,-1.755829602479934692e-01,-1.093616485595703125e-01,-1.342890262603759766e-01,-2.397025078535079956e-01,4.653806984424591064e-02,-1.688929945230484009e-01,6.469354778528213501e-02,2.572095720097422600e-03,-6.091573461890220642e-02,5.984611436724662781e-02,-5.774341523647308350e-02,-2.675388753414154053e-02,5.092173442244529724e-02,-2.526538074016571045e-02,5.456417202949523926e-01,1.558096855878829956e-01,1.184518411755561829e-01,-6.245933845639228821e-02,5.230491757392883301e-01,3.353207707405090332e-01,3.869449496269226074e-01,1.361636370420455933e-01,1.296330839395523071e-01,-4.454487469047307968e-03,1.785951703786849976e-01,3.535192608833312988e-01,-1.845716238021850586e-01,-2.035894393920898438e-01,1.378731876611709595e-01,-2.364836037158966064e-01,-1.874967515468597412e-01,-2.776153683662414551e-01,1.978282630443572998e-01,2.447516322135925293e-01,2.146746069192886353e-01,2.898018658161163330e-01,9.512688219547271729e-02,9.848450869321823120e-02,1.732445210218429565e-01,1.198986843228340149e-01,-3.779349476099014282e-02,-1.425207406282424927e-01,9.703433513641357422e-02,2.426269277930259705e-02,-1.455822438001632690e-01,-1.165170446038246155e-01,-1.673175580799579620e-02,1.167022734880447388e-01
-9.972026199102401733e-02,-5.320619791746139526e-02,-2.488245964050292969e-01,-2.001253962516784668e-01,5.607687830924987793e-01,1.000000000000000000e+00,-8.895543962717056274e-02,5.763784795999526978e-02,3.047174215316772461e-01,7.018293738365173340e-01,-3.203409910202026367e-01,-9.568706899881362915e-02,-1.508345007896423340e-01,2.071763426065444946e-01,7.274277508258819580e-02,3.164616525173187256e-01,-1.507709771394729614e-01,-1.642540246248245239e-01,-2.049134075641632080e-01,-1.049953326582908630e-01,-1.557674407958984375e-01,-9.107376635074615479e-02,5.831026006489992142e-03,1.092546507716178894e-01,5.518354177474975586e-01,5.723776817321777344e-01,4.557633399963378906e-01,6.673288345336914062e-01,-2.115713208913803101e-01,-1.179852336645126343e-01,1.537132561206817627e-01,2.718156576156616211e-01,-3.179340064525604248e-02,-3.418266400694847107e-02,1.068450435996055603e-01,1.746815294027328491e-01,-2.295122742652893066e-01,-8.301761932671070099e-03,-7.640841603279113770e-02,1.331119686365127563e-01,1.428038626909255981e-01,3.249718993902206421e-02,-1.203352957963943481e-01,-8.751621842384338379e-02,-8.797366917133331299e-02,-1.266339719295501709e-01,-1.984321027994155884e-01,-1.266317963600158691e-01,1.114309486001729965e-02,-1.025076434016227722e-01,-1.285591423511505127e-01,-1.636218279600143433e-01,-1.053018588572740555e-02,2.947765290737152100e-01,-1.620627641677856445e-01,-2.583690546452999115e-02,1.019939258694648743e-01,-2.826909534633159637e-02,2.194421291351318359e-01,8.559292554855346680e-02,-2.043823711574077606e-02,-1.660759747028350830e-01,-3.651380911469459534e-02,1.859746575355529785e-01,-7.544974982738494873e-02,-1.182975396513938904e-01,-6.695839017629623413e-02,-9.408070147037506104e-02,-9.412240982055664062e-02,-1.233032867312431335e-01,-1.563645005226135254e-01,-9.377132356166839600e-02,-3.770877048373222351e-02,-5.056190118193626404e-02,5.463616177439689636e-02,5.358556658029556274e-02,-6.350686401128768921e-02,1.399208903312683105e-01,-2.735273353755474091e-02,-7.377371191978454590e-02,-1.490724980831146240e-01,2.754475735127925873e-02,2.157284766435623169e-01,3.557734191417694092e-01,-7.854944467544555664e-02,7.290237396955490112e-02,2.995599508285522461e-01,4.666106998920440674e-01,5.051206797361373901e-03,2.637462615966796875e-01,-1.269608885049819946e-01,-5.905520543456077576e-02,-9.509149193763732910e-02,2.051617205142974854e-01,-2.778050601482391357e-01,-2.828074693679809570e-01,5.171609297394752502e-02,-9.438583254814147949e-02,-3.171479105949401855e-01,-2.051187455654144287e-01,-3.633816912770271301e-02,1.615552157163619995e-01,-3.583026677370071411e-02,1.149526089429855347e-01,2.175833284854888916e-02,1.591556817293167114e-01,2.977568656206130981e-02,9.754291176795959473e-02,-1.347612142562866211e-01,1.629038341343402863e-02,2.765423059463500977e-01,7.703074812889099121e-02,-1.911910623311996460e-01,-1.423248201608657837e-01,-3.572162985801696777e-02,-6.509274244308471680e-02
2.842411398887634277e-01,2.714493274688720703e-01,6.570084691047668457e-01,6.047073006629943848e-01,5.165263265371322632e-02,-8.895543962717056274e-02,1.000000000000000000e+00,4.947796463966369629e-01,2.975563518702983856e-02,-1.707071363925933838e-01,3.380370140075683594e-01,2.617120742797851562e-01,3.941368162631988525e-01,1.921664029359817505e-01,4.315822198987007141e-02,-6.384968012571334839e-02,1.439301669597625732e-01,2.314629405736923218e-01,1.935652643442153931e-01,1.120125427842140198e-01,1.741606891155242920e-01,1.874303221702575684e-01,5.781467556953430176e-01,4.879455864429473877e-01,1.650090217590332031e-01,1.107680425047874451e-01,2.735764980316162109e-01,1.434621959924697876e-01,2.402865737676620483e-01,1.869140118360519409e-01,4.474505186080932617e-01,3.958197236061096191e-01,3.271927535533905029e-01,3.703742325305938721e-01,9.595225751399993896e-02,3.234101831912994385e-02,1.518616378307342529e-01,9.201341867446899414e-02,1.371601223945617676e-01,1.597471088171005249e-01,6.336713582277297974e-02,7.698734756559133530e-03,1.019570324569940567e-02,9.334645234048366547e-03,4.593130573630332947e-02,-6.240707635879516602e-02,-6.827338784933090210e-02,-5.197108536958694458e-02,-2.558298408985137939e-02,-2.588911913335323334e-03,-6.274580210447311401e-02,-1.324255913496017456e-01,-4.907999560236930847e-02,-3.362294286489486694e-02,2.517769038677215576e-01,1.222975403070449829e-01,2.512201666831970215e-01,2.181804478168487549e-01,1.459140181541442871e-01,3.706915080547332764e-01,2.127357870340347290e-01,1.512553989887237549e-01,1.610587984323501587e-01,1.336794942617416382e-01,4.091655090451240540e-02,-1.841778308153152466e-01,1.709350645542144775e-01,7.423995435237884521e-02,5.710204690694808960e-02,1.686028689146041870e-01,2.928412258625030518e-01,2.630508542060852051e-01,1.268288791179656982e-01,1.004329770803451538e-01,1.499245017766952515e-01,1.921188682317733765e-01,1.162910461425781250e-01,1.268299818038940430e-01,1.159629449248313904e-01,1.164689511060714722e-01,1.895973235368728638e-01,1.369408071041107178e-01,3.467490896582603455e-02,-1.132610812783241272e-01,1.575786620378494263e-01,2.113889157772064209e-02,-1.080228984355926514e-01,-1.904993653297424316e-01,2.694935798645019531e-01,1.530366688966751099e-01,2.655841708183288574e-01,6.079582870006561279e-02,-1.403413116931915283e-01,-1.643636673688888550e-01,2.227486222982406616e-01,1.944442689418792725e-01,2.253240793943405151e-01,2.060386985540390015e-01,1.897511035203933716e-01,1.218580752611160278e-01,2.505932748317718506e-02,-2.066099643707275391e-02,1.685532778501510620e-01,7.630141824483871460e-02,2.236283421516418457e-01,1.983907967805862427e-01,1.278682351112365723e-01,1.944725066423416138e-01,2.736029028892517090e-01,2.346163094043731689e-01,1.720439940690994263e-01,2.113387882709503174e-01,9.935317188501358032e-02,1.114809438586235046e-01,1.425292193889617920e-01,2.945770323276519775e-01
2.883955836296081543e-01,3.889474570751190186e-01,4.265237748622894287e-01,6.404451131820678711e-01,-1.658583134412765503e-01,5.763784795999526978e-02,4.947796463966369629e-01,1.000000000000000000e+00,-1.436751186847686768e-01,1.001828610897064209e-01,2.551989555358886719e-01,4.085953235626220703e-01,2.634363174438476562e-01,5.219097733497619629e-01,-1.066968590021133423e-01,1.242119520902633667e-01,1.571363806724548340e-01,2.508704960346221924e-01,1.025468632578849792e-01,1.118918731808662415e-01,1.215946003794670105e-01,2.059899717569351196e-01,4.419731795787811279e-01,4.834992587566375732e-01,1.304994374513626099e-01,2.344712615013122559e-01,7.721087336540222168e-02,2.566596269607543945e-01,2.045978903770446777e-01,2.856762111186981201e-01,1.897331476211547852e-01,3.340207040309906006e-01,1.719955354928970337e-01,2.663806080818176270e-01,1.220465973019599915e-01,1.680339276790618896e-01,1.793147027492523193e-01,1.507975757122039795e-01,6.315609067678451538e-02,2.120218276977539062e-01,8.440285921096801758e-02,-2.030803076922893524e-02,9.877732954919338226e-03,4.224713891744613647e-02,7.322334498167037964e-02,2.022633142769336700e-02,-9.256039559841156006e-02,1.039175465703010559e-01,3.246139734983444214e-02,3.359268978238105774e-02,9.021212346851825714e-03,-5.523126572370529175e-02,-3.619794175028800964e-02,2.112837731838226318e-01,1.269669234752655029e-01,3.834895789623260498e-01,2.807123363018035889e-01,3.617187440395355225e-01,3.261226713657379150e-01,2.580266296863555908e-01,2.197318226099014282e-01,2.446535825729370117e-01,1.194501593708992004e-01,4.516776204109191895e-01,7.534991204738616943e-02,-7.845667749643325806e-02,2.826609015464782715e-01,1.833639144897460938e-01,1.345769166946411133e-01,1.530753225088119507e-01,2.477587610483169556e-01,3.526440858840942383e-01,1.109457835555076599e-01,1.028011217713356018e-01,8.366233855485916138e-02,1.056799367070198059e-01,2.173246294260025024e-01,2.107138186693191528e-01,1.764072626829147339e-01,1.024477854371070862e-01,1.146669760346412659e-01,2.796057462692260742e-01,-1.663698554039001465e-01,1.017483547329902649e-01,5.560318008065223694e-02,2.266884595155715942e-01,-2.485013455152511597e-01,-5.315440893173217773e-02,4.800767637789249420e-03,3.655310273170471191e-01,-5.815875157713890076e-02,8.683177828788757324e-02,-3.293627500534057617e-01,-2.970244288444519043e-01,1.551889181137084961e-01,2.381263077259063721e-01,7.764092180877923965e-03,3.061479628086090088e-01,2.862946130335330963e-02,1.464678794145584106e-01,-1.028799638152122498e-01,-9.022428095340728760e-02,-3.163868794217705727e-03,1.463205739855766296e-02,1.426772624254226685e-01,1.485127508640289307e-01,7.894403301179409027e-03,1.547851711511611938e-01,1.694611907005310059e-01,3.284505903720855713e-01,1.691635847091674805e-01,1.479124873876571655e-01,-1.944845169782638550e-02,7.926610112190246582e-02,1.812887936830520630e-01,1.807055175304412842e-01
-2.935048751533031464e-02,-8.072427660226821899e-02,-1.172635108232498169e-01,-2.077354341745376587e-01,6.234651803970336914e-01,3.047174215316772461e-01,2.975563518702983856e-02,-1.436751186847686768e-01,1.000000000000000000e+00,4.366806745529174805e-01,1.650073230266571045e-01,6.759347021579742432e-02,3.168952167034149170e-01,-4.541497305035591125e-02,6.920787692070007324e-01,4.134173095226287842e-01,6.257686764001846313e-02,5.448910873383283615e-03,-7.877251505851745605e-02,-1.348690390586853027e-01,8.398870378732681274e-02,-1.010493859648704529e-01,-2.339871674776077271e-01,-2.353005260229110718e-01,2.746432423591613770e-01,1.216436699032783508e-01,3.815928101539611816e-01,5.195977166295051575e-02,2.801219820976257324e-01,-3.926222771406173706e-02,7.326138019561767578e-02,-9.630848467350006104e-02,-3.261683043092489243e-03,-4.865756258368492126e-02,-3.470695763826370239e-02,-3.212982416152954102e-02,-6.400686502456665039e-02,-3.422375768423080444e-02,6.494082510471343994e-03,-1.710555553436279297e-01,-5.214887112379074097e-02,-1.483506411314010620e-01,-5.463516339659690857e-02,-1.703728884458541870e-01,-1.151314750313758850e-02,-1.613900065422058105e-01,-1.311234235763549805e-01,-3.035349249839782715e-01,4.631935153156518936e-03,-1.138786897063255310e-01,-2.164044827222824097e-01,-2.667275667190551758e-01,-1.935116052627563477e-01,-2.469989657402038574e-01,2.105946838855743408e-02,-1.811615526676177979e-01,1.898218132555484772e-02,7.243815809488296509e-02,1.322665661573410034e-01,2.970942258834838867e-01,1.202135980129241943e-01,1.241825670003890991e-01,1.579602211713790894e-01,-1.214257553219795227e-01,-1.266136467456817627e-01,-6.518859416246414185e-02,-1.719235628843307495e-02,-1.820692443288862705e-03,-1.671347767114639282e-01,-1.199378743767738342e-01,4.813006147742271423e-02,-8.211278170347213745e-02,1.370015144348144531e-01,2.330905757844448090e-02,1.628513783216476440e-01,7.893581688404083252e-02,6.812039762735366821e-02,-2.869453653693199158e-02,-1.449900269508361816e-01,-3.222691640257835388e-02,1.728362739086151123e-01,1.045674234628677368e-01,6.565921306610107422e-01,2.913058400154113770e-01,1.611247509717941284e-01,-2.546528168022632599e-02,5.511970520019531250e-01,2.616873979568481445e-01,4.594462215900421143e-01,6.093097478151321411e-02,2.875796854496002197e-01,3.540620952844619751e-02,2.186291664838790894e-01,2.681692838668823242e-01,1.501432433724403381e-02,-7.368118315935134888e-02,-3.127820044755935669e-02,-2.910167872905731201e-01,-1.157839894294738770e-01,-2.343748658895492554e-01,1.416649669408798218e-01,2.272165417671203613e-01,1.348961144685745239e-01,2.432128190994262695e-01,-1.220712810754776001e-01,-1.654773354530334473e-01,-3.018745454028248787e-03,-4.880498722195625305e-02,2.196243032813072205e-02,-6.581564247608184814e-02,-1.770343035459518433e-01,-1.603204756975173950e-02,-1.932993903756141663e-02,8.636960759758949280e-03,-8.240333199501037598e-02,8.493188768625259399e-02
-1.641380190849304199e-01,-1.149167306721210480e-02,-3.042126595973968506e-01,-1.904245465993881226e-01,4.201881885528564453e-01,7.018293738365173340e-01,-1.707071363925933838e-01,1.001828610897064209e-01,4.366806745529174805e-01,1.000000000000000000e+00,-1.933075338602066040e-01,4.869488254189491272e-02,-8.273511379957199097e-02,3.006007671356201172e-01,2.798580527305603027e-01,6.151748299598693848e-01,-1.336133033037185669e-01,-4.898080229759216309e-02,-1.592957526445388794e-01,-1.045247241854667664e-01,-7.655266672372817993e-02,-1.395310461521148682e-02,-2.379991114139556885e-01,-1.428887248039245605e-01,4.332394897937774658e-01,4.225494563579559326e-01,2.484534978866577148e-01,3.955826163291931152e-01,-4.361018911004066467e-02,3.823860734701156616e-02,-5.930703133344650269e-02,5.148081481456756592e-02,-9.241851419210433960e-02,-1.183502525091171265e-01,4.325773194432258606e-02,1.093086749315261841e-01,-2.153353542089462280e-01,8.355213701725006104e-02,-1.608261168003082275e-01,7.276210188865661621e-02,6.325084716081619263e-02,2.462299307808279991e-03,-1.838508397340774536e-01,-2.305364608764648438e-01,-1.380842030048370361e-01,-2.137186378240585327e-01,-2.939126789569854736e-01,-2.232227921485900879e-01,-9.835143387317657471e-02,-1.926845312118530273e-01,-2.621707022190093994e-01,-2.670826315879821777e-01,-1.923154294490814209e-01,1.796714514493942261e-01,-2.409769445657730103e-01,4.908195137977600098e-02,4.007539525628089905e-02,2.373054996132850647e-02,2.990589737892150879e-01,9.981323033571243286e-02,6.748024374246597290e-02,-1.410359982401132584e-02,-2.720390679314732552e-03,1.882327049970626831e-01,-9.562943130731582642e-02,-7.193983346223831177e-02,-4.556203261017799377e-02,-1.074559092521667480e-01,-6.438177078962326050e-02,-1.622325778007507324e-01,-1.755920052528381348e-01,-8.887259662151336670e-02,-5.961067229509353638e-02,-4.156796634197235107e-02,6.829141080379486084e-02,-2.949504181742668152e-02,-7.399154454469680786e-02,8.367715775966644287e-02,-9.782847762107849121e-02,-5.152155831456184387e-02,-1.308602243661880493e-01,1.587914675474166870e-01,2.789433896541595459e-01,5.662539601325988770e-01,-1.267738044261932373e-01,1.241825297474861145e-01,3.399671912193298340e-01,5.345586538314819336e-01,1.517283357679843903e-02,3.420804440975189209e-01,-1.025643125176429749e-01,7.757107913494110107e-02,-7.342132180929183960e-02,2.692565917968750000e-01,-2.387124598026275635e-01,-2.323170602321624756e-01,-1.578167378902435303e-01,-2.018869966268539429e-01,-3.645325601100921631e-01,-2.077878415584564209e-01,-9.302423149347305298e-02,1.972179263830184937e-01,-9.587967395782470703e-02,1.620402634143829346e-01,-9.351585805416107178e-02,1.745231635868549347e-02,-1.452036052942276001e-01,-1.928357407450675964e-02,-1.494345963001251221e-01,-5.906875710934400558e-03,1.407093834131956100e-02,-2.268419973552227020e-02,-2.011664062738418579e-01,-8.666837215423583984e-02,-2.390855923295021057e-02,-2.812134101986885071e-02
3.743440806865692139e-01,3.730082809925079346e-01,2.288498580455780029e-01,3.645323514938354492e-01,-6.455087661743164062e-02,-3.203409910202026367e-01,3.380370140075683594e-01,2.551989555358886719e-01,1.650073230266571045e-01,-1.933075338602066040e-01,1.000000000000000000e+00,5.142548084259033203e-01,5.897409915924072266e-01,2.598779797554016113e-01,3.218678534030914307e-01,1.044833734631538391e-01,6.258135437965393066e-01,5.764517188072204590e-01,2.332686781883239746e-01,1.314708292484283447e-01,3.156031072139739990e-01,2.287096232175827026e-01,-2.162800543010234833e-02,1.040266547352075577e-02,-2.063445001840591431e-01,-1.802064180374145508e-01,-2.725016139447689056e-02,-2.099965959787368774e-01,6.054525375366210938e-01,3.433411121368408203e-01,4.611550644040107727e-02,-2.084990032017230988e-02,9.991278499364852905e-02,1.174391061067581177e-01,-8.793746680021286011e-02,-1.540755331516265869e-01,2.501801252365112305e-01,7.346960902214050293e-02,6.336927413940429688e-02,-4.957577958703041077e-02,-9.100468456745147705e-02,-1.223923489451408386e-01,1.081134453415870667e-01,-2.695809304714202881e-02,-4.799076542258262634e-02,8.078864775598049164e-03,1.315736174583435059e-01,5.055449530482292175e-02,-6.798715144395828247e-02,8.322431892156600952e-02,3.362463042140007019e-02,5.135236680507659912e-02,-1.014593839645385742e-01,-3.284859359264373779e-01,1.890875250101089478e-01,1.166773587465286255e-01,3.116933107376098633e-01,4.053616821765899658e-01,8.353265374898910522e-02,1.834152638912200928e-01,3.452662527561187744e-01,3.444406986236572266e-01,1.181326806545257568e-01,4.857449606060981750e-02,2.919901609420776367e-01,2.507772445678710938e-01,2.920346260070800781e-01,2.191612124443054199e-01,1.331342011690139771e-01,1.127096414566040039e-01,3.395575582981109619e-01,3.022554218769073486e-01,3.117989897727966309e-01,1.733046472072601318e-01,1.242361366748809814e-01,1.505015045404434204e-01,2.693680822849273682e-01,6.443074345588684082e-02,3.145128488540649414e-01,3.338167369365692139e-01,5.923764705657958984e-01,5.070556402206420898e-01,1.615334600210189819e-01,-8.095154911279678345e-02,5.457568168640136719e-01,3.872338235378265381e-01,-1.562160253524780273e-02,-2.320802658796310425e-01,3.685323596000671387e-01,1.110632196068763733e-01,1.603213399648666382e-01,1.422200500965118408e-01,1.499129086732864380e-01,6.834510713815689087e-03,3.451747596263885498e-01,3.626267910003662109e-01,-8.627476543188095093e-02,9.670417755842208862e-02,2.594062089920043945e-01,1.616005301475524902e-01,2.656339704990386963e-01,1.392229646444320679e-01,3.657472133636474609e-01,2.691873908042907715e-01,2.384024113416671753e-01,6.614570156671106815e-04,1.390032619237899780e-01,7.610043883323669434e-02,1.638664454221725464e-01,-7.524304557591676712e-03,-2.980590462684631348e-01,-8.329764939844608307e-03,2.081751078367233276e-01,2.698798477649688721e-01,2.113403081893920898e-01,3.097693920135498047e-01
3.318763673305511475e-01,4.920889735221862793e-01,1.103228181600570679e-01,3.607402741909027100e-01,-1.708493083715438843e-01,-9.568706899881362915e-02,2.617120742797851562e-01,4.085953235626220703e-01,6.759347021579742432e-02,4.869488254189491272e-02,5.142548084259033203e-01,1.000000000000000000e+00,4.049907326698303223e-01,4.986543059349060059e-01,2.008513957262039185e-01,1.988109350204467773e-01,3.350758552551269531e-01,5.334251523017883301e-01,8.397176116704940796e-02,6.137292087078094482e-02,1.525077670812606812e-01,2.385757118463516235e-01,-2.741304971277713776e-02,1.770980656147003174e-02,-2.058232724666595459e-01,-1.106332316994667053e-01,-4.992121458053588867e-02,-1.888455636799335480e-02,4.110657572746276855e-01,5.404546856880187988e-01,1.132772956043481827e-02,2.135221846401691437e-02,2.406709343194961548e-01,2.626470923423767090e-01,9.452505409717559814e-02,5.664021521806716919e-02,5.932938307523727417e-02,1.397885680198669434e-01,-9.490192867815494537e-03,1.270043700933456421e-01,-1.577110737562179565e-01,4.324758425354957581e-02,7.450476288795471191e-02,8.357075601816177368e-02,-2.939550019800662994e-02,-1.451282203197479248e-02,-7.021821290254592896e-02,-5.745203793048858643e-02,-8.917579054832458496e-02,-1.573009975254535675e-02,-3.497070819139480591e-02,2.903667464852333069e-02,-2.523282766342163086e-01,-1.698804646730422974e-01,9.074017405509948730e-02,2.642251849174499512e-01,2.814155220985412598e-01,5.050833821296691895e-01,1.716825217008590698e-01,1.136878877878189087e-01,3.310333490371704102e-01,3.945692479610443115e-01,4.887093976140022278e-02,2.917965650558471680e-01,2.418997585773468018e-01,2.419632226228713989e-01,3.627437055110931396e-01,2.522338032722473145e-01,8.832991868257522583e-02,6.734380125999450684e-02,2.995167970657348633e-01,4.290632903575897217e-01,2.046334743499755859e-01,4.172537326812744141e-01,2.772958874702453613e-01,3.993174731731414795e-01,2.208334058523178101e-01,1.181830763816833496e-01,4.971905797719955444e-02,7.724062353372573853e-02,3.677410781383514404e-01,5.773073434829711914e-01,2.413970790803432465e-02,1.802443861961364746e-01,2.425070255994796753e-01,4.158849418163299561e-01,-9.686089307069778442e-02,-6.028132513165473938e-02,8.041199296712875366e-02,1.864697784185409546e-01,-6.068499293178319931e-03,2.055378817021846771e-02,-7.006002217531204224e-02,-1.347381472587585449e-01,2.789719998836517334e-01,2.429613023996353149e-01,-1.457530409097671509e-01,1.491862982511520386e-01,1.045237258076667786e-01,1.873484253883361816e-01,8.499216288328170776e-02,1.023220270872116089e-01,1.072603836655616760e-01,1.311761289834976196e-01,1.736219376325607300e-01,4.447292163968086243e-02,4.213521629571914673e-02,1.299106180667877197e-01,1.752122491598129272e-01,2.705925405025482178e-01,-1.743609905242919922e-01,1.141173765063285828e-02,2.014533728361129761e-01,1.849083304405212402e-01,1.290158480405807495e-01,1.942557990550994873e-01
3.394992351531982422e-01,2.807339727878570557e-01,2.454717606306076050e-01,3.390386700630187988e-01,7.005930691957473755e-02,-1.508345007896423340e-01,3.941368162631988525e-01,2.634363174438476562e-01,3.168952167034149170e-01,-8.273511379957199097e-02,5.897409915924072266e-01,4.049907326698303223e-01,1.000000000000000000e+00,1.517274528741836548e-01,4.319689273834228516e-01,6.017326563596725464e-02,4.158501327037811279e-01,3.290622234344482422e-01,1.618115305900573730e-01,1.122379973530769348e-01,2.574537098407745361e-01,1.657660752534866333e-01,7.946167141199111938e-02,1.069566011428833008e-01,-9.620877355337142944e-02,-2.233888953924179077e-02,1.201057136058807373e-01,-6.449893116950988770e-02,4.581368863582611084e-01,2.964403033256530762e-01,1.844012588262557983e-01,1.409303098917007446e-01,1.482163816690444946e-01,1.931882500648498535e-01,-1.015473678708076477e-01,-1.148882210254669189e-01,1.504265218973159790e-01,2.361625991761684418e-02,4.155137017369270325e-02,-2.304691262543201447e-02,-7.730945199728012085e-02,-1.130138784646987915e-01,2.166501991450786591e-02,-6.924808770418167114e-02,7.012385129928588867e-02,5.191413313150405884e-02,-4.740873724222183228e-02,-5.609659105539321899e-02,5.227225273847579956e-02,6.889651715755462646e-02,-2.061279490590095520e-02,-2.096674777567386627e-02,-1.292123496532440186e-01,-1.842249929904937744e-01,2.775474190711975098e-01,1.388532370328903198e-01,2.362777441740036011e-01,2.702478468418121338e-01,1.675750464200973511e-01,2.020296603441238403e-01,2.483303993940353394e-01,3.160137534141540527e-01,2.033463269472122192e-01,6.766068190336227417e-02,1.421796232461929321e-01,1.293813735246658325e-01,2.503271996974945068e-01,1.542682796716690063e-01,1.196367740631103516e-01,1.036023423075675964e-01,4.461313188076019287e-01,3.910086750984191895e-01,1.895634979009628296e-01,2.387170940637588501e-01,1.660675406455993652e-01,2.678707540035247803e-01,2.807111144065856934e-01,8.757758885622024536e-02,1.618265211582183838e-01,1.337467432022094727e-01,4.321953952312469482e-01,2.466411739587783813e-01,3.497883975505828857e-01,5.384115502238273621e-02,4.297958016395568848e-01,1.584509164094924927e-01,1.632977426052093506e-01,-1.213773116469383240e-01,4.136911332607269287e-01,9.333269298076629639e-02,3.138089478015899658e-01,9.311365336179733276e-02,9.386199712753295898e-02,-3.767496347427368164e-02,3.908798098564147949e-01,3.288079798221588135e-01,-5.705108493566513062e-02,7.442419230937957764e-02,2.125704437494277954e-01,1.262632608413696289e-01,2.264008373022079468e-01,8.310248702764511108e-02,2.556814849376678467e-01,1.709221005439758301e-01,8.023042976856231689e-02,-3.105797618627548218e-02,6.992533802986145020e-02,5.198822170495986938e-02,2.940757274627685547e-01,2.303268611431121826e-01,-1.773100197315216064e-01,2.983329258859157562e-02,2.288483828306198120e-01,2.209497094154357910e-01,3.401970490813255310e-02,1.807124912738800049e-01
