1.000000000000000000e+00,5.881245732307434082e-01,5.188885927200317383e-01,4.239614903926849365e-01,3.172578513622283936e-01,1.011943668127059937e-01,4.612326622009277344e-01,2.500213682651519775e-01,2.217535078525543213e-01,-2.058940567076206207e-02,3.711102008819580078e-01,3.807192146778106689e-01,2.066097408533096313e-01,1.145601794123649597e-01,2.486956417560577393e-01,6.710296496748924255e-03,4.727563261985778809e-01,5.176594853401184082e-01,6.737824678421020508e-01,6.548048257827758789e-01,2.670801579952239990e-01,1.443352103233337402e-01,2.613864243030548096e-01,1.571011245250701904e-01,2.613900899887084961e-01,2.523656189441680908e-01,3.795108795166015625e-01,3.081742227077484131e-01,2.772068381309509277e-01,2.370999753475189209e-01,1.848625242710113525e-01,-1.295121759176254272e-02,3.947237133979797363e-01,4.456254839897155762e-01,2.428347468376159668e-01,1.853272765874862671e-01,2.311344295740127563e-01,2.441228628158569336e-01,1.982419937849044800e-01,1.220384761691093445e-01,1.544646769762039185e-01,1.973172724246978760e-01,1.539841890335083008e-01,3.069771081209182739e-02,1.092342957854270935e-01,1.327010244131088257e-01,1.734836995601654053e-01,2.681381702423095703e-01,1.859374344348907471e-01,1.817051619291305542e-01,1.864132881164550781e-01,1.402292400598526001e-01,1.274213939905166626e-01,2.498795539140701294e-01,2.436345070600509644e-01,3.132775425910949707e-01,3.219618797302246094e-01,-5.320313945412635803e-02,2.135501503944396973e-01,1.121434569358825684e-02,1.859885156154632568e-01,5.749524384737014771e-02,1.124013662338256836e-01,2.510745525360107422e-01,2.253328114748001099e-01,2.802424132823944092e-01,1.479470580816268921e-01,6.653228402137756348e-02,4.385272562503814697e-01,2.000080943107604980e-01,2.585730850696563721e-01,1.271354854106903076e-01,1.768218874931335449e-01,6.065429747104644775e-02,2.480546087026596069e-01,-5.014711990952491760e-02,3.334969878196716309e-01,2.389165759086608887e-01,2.519962489604949951e-01,2.914943099021911621e-01,4.980120658874511719e-01,4.023677110671997070e-01,2.653262317180633545e-01,2.352371811866760254e-01,3.445236980915069580e-01,2.858459353446960449e-01,2.217745780944824219e-01,2.258228063583374023e-01,3.238781392574310303e-01,2.582293450832366943e-01,1.614547222852706909e-01,2.807878851890563965e-01,1.695268601179122925e-01,2.483707517385482788e-01,1.547463089227676392e-01,1.182206496596336365e-01,1.624140888452529907e-01,1.094212606549263000e-01,4.825161024928092957e-02,1.968641579151153564e-01,9.393360465764999390e-02,5.708644539117813110e-02,4.086465388536453247e-02,7.998043298721313477e-02,5.107964202761650085e-02,8.623379468917846680e-02,2.948079491034150124e-03,1.274010986089706421e-01,1.581895798444747925e-01,1.200230568647384644e-01,7.479143887758255005e-02,9.846963919699192047e-03,1.548774242401123047e-01,-2.838370017707347870e-02,2.031948715448379517e-01,1.436117887496948242e-01
5.881245732307434082e-01,1.000000000000000000e+00,3.203801810741424561e-01,5.498308539390563965e-01,2.261689305305480957e-01,1.540854126214981079e-01,2.435730397701263428e-01,4.176952540874481201e-01,1.510916054248809814e-01,1.186612993478775024e-01,3.324652612209320068e-01,4.666964709758758545e-01,9.094023704528808594e-02,1.710317283868789673e-01,1.221883669495582581e-01,2.496193200349807739e-01,3.876821994781494141e-01,6.461659073829650879e-01,5.748131275177001953e-01,6.330195069313049316e-01,1.511272192001342773e-01,4.681542515754699707e-02,1.456272751092910767e-01,9.237546473741531372e-02,1.771745830774307251e-01,1.532304584980010986e-01,2.443819642066955566e-01,2.258269935846328735e-01,2.413798570632934570e-01,3.428283929824829102e-01,1.559258103370666504e-01,-3.953417763113975525e-03,1.667389273643493652e-01,2.874523103237152100e-01,-3.822526196017861366e-03,-9.450493380427360535e-03,1.264347881078720093e-01,1.778265535831451416e-01,1.485561430454254150e-01,6.862846761941909790e-02,1.785958111286163330e-01,2.160742133855819702e-01,4.928878322243690491e-02,-4.742147773504257202e-02,-3.613643813878297806e-03,-3.337716311216354370e-02,1.360257565975189209e-01,1.025533452630043030e-01,9.179701656103134155e-02,4.327116534113883972e-02,6.933858990669250488e-02,5.420242622494697571e-02,2.345432899892330170e-02,1.645533293485641479e-01,2.443490624427795410e-01,2.799338996410369873e-01,3.938918709754943848e-01,2.070148885250091553e-01,1.100915833376348019e-03,-2.968721091747283936e-02,-1.976274698972702026e-02,-1.461912542581558228e-01,1.967758387327194214e-01,2.482766509056091309e-01,2.194449603557586670e-01,2.932776808738708496e-01,-7.358641922473907471e-02,-4.275542125105857849e-02,5.293384790420532227e-01,4.156033694744110107e-01,1.753150820732116699e-01,8.397840894758701324e-03,1.371312290430068970e-01,1.662580668926239014e-01,1.677484810352325439e-01,9.399432688951492310e-02,2.749232649803161621e-01,2.349116653203964233e-01,2.316862046718597412e-01,3.093297481536865234e-01,4.154599606990814209e-01,4.121661782264709473e-01,2.435983866453170776e-01,3.966760337352752686e-01,1.555718928575515747e-01,1.767378598451614380e-01,2.005763202905654907e-01,2.772438526153564453e-01,1.748770028352737427e-01,2.286152243614196777e-01,2.103153467178344727e-01,1.374491006135940552e-01,1.947493553161621094e-01,1.566017717123031616e-01,2.209960967302322388e-01,1.201724708080291748e-01,6.304900348186492920e-02,8.765722811222076416e-02,4.367627948522567749e-02,1.784769594669342041e-01,2.015026658773422241e-01,6.404964625835418701e-02,7.037214934825897217e-02,1.808996349573135376e-01,4.648538678884506226e-02,6.980671733617782593e-02,1.298922393471002579e-02,1.046974956989288330e-01,1.503870934247970581e-01,1.065264865756034851e-01,4.182579927146434784e-03,-2.195066213607788086e-02,9.077792987227439880e-03,-3.657919168472290039e-02,1.411705166101455688e-01,1.610879898071289062e-01
5.188885927200317383e-01,3.203801810741424561e-01,1.000000000000000000e+00,5.303443670272827148e-01,4.135078191757202148e-01,2.025208473205566406e-01,7.158441543579101562e-01,3.891324102878570557e-01,2.573327720165252686e-01,-1.585014979355037212e-03,2.718897759914398193e-01,2.652522027492523193e-01,3.071474432945251465e-01,1.885521709918975830e-01,3.926488161087036133e-01,4.016637802124023438e-02,3.224241733551025391e-01,3.791577816009521484e-01,5.577699542045593262e-01,5.047051310539245605e-01,2.178249210119247437e-01,1.390599459409713745e-01,5.813436508178710938e-01,4.569439291954040527e-01,4.675554037094116211e-01,4.118590056896209717e-01,4.902333617210388184e-01,3.163806200027465820e-01,2.292678356170654297e-01,1.983214169740676880e-01,3.733547925949096680e-01,1.540695130825042725e-01,4.811127781867980957e-01,4.584389626979827881e-01,3.371518850326538086e-01,3.065342009067535400e-01,4.157468378543853760e-01,2.692162096500396729e-01,3.186756372451782227e-01,3.023348748683929443e-01,1.178035363554954529e-01,7.058510184288024902e-02,1.678045094013214111e-01,9.358748048543930054e-02,1.695162355899810791e-01,2.238489240407943726e-01,3.878753483295440674e-01,4.473569989204406738e-01,1.840517073869705200e-01,2.176965475082397461e-01,1.938569247722625732e-01,1.705919355154037476e-01,2.830497920513153076e-01,3.054553568363189697e-01,3.800005018711090088e-01,4.418345689773559570e-01,1.830329000949859619e-01,-9.139670431613922119e-02,2.221632301807403564e-01,1.769669167697429657e-02,3.973999023437500000e-01,2.450662702322006226e-01,6.621126085519790649e-02,3.254061639308929443e-01,1.831096559762954712e-01,2.372450977563858032e-01,1.952025890350341797e-01,1.677677184343338013e-01,2.796325385570526123e-01,4.293906316161155701e-02,2.942042350769042969e-01,2.921693325042724609e-01,1.600253731012344360e-01,1.204361617565155029e-01,1.630824208259582520e-01,-2.686107531189918518e-02,2.846046090126037598e-01,1.761218607425689697e-01,2.103742212057113647e-01,2.593728601932525635e-01,3.283204734325408936e-01,3.424991667270660400e-01,3.151884675025939941e-01,1.482343077659606934e-01,4.982154071331024170e-01,3.547813892364501953e-01,1.763892769813537598e-01,1.711061745882034302e-01,3.838026821613311768e-01,3.688114881515502930e-01,3.011611700057983398e-01,4.114523530006408691e-01,2.818779051303863525e-01,2.804336249828338623e-01,1.698949933052062988e-01,1.199212297797203064e-01,2.458224296569824219e-01,1.804132163524627686e-01,2.040314376354217529e-01,2.694700360298156738e-01,1.282553225755691528e-01,2.363037019968032837e-01,1.621351540088653564e-01,1.867196410894393921e-01,1.619478315114974976e-01,1.857478022575378418e-01,-5.783870071172714233e-02,-1.383407972753047943e-02,1.069201529026031494e-01,1.343861371278762817e-01,1.424376070499420166e-01,8.749736100435256958e-02,2.361279278993606567e-01,4.042344912886619568e-02,2.027792036533355713e-01,2.046183496713638306e-01
4.239614903926849365e-01,5.498308539390563965e-01,5.303443670272827148e-01,1.000000000000000000e+00,3.218927979469299316e-01,3.316582739353179932e-01,4.054368436336517334e-01,6.777994632720947266e-01,2.456369698047637939e-01,2.772049605846405029e-01,2.237268984317779541e-01,4.766316413879394531e-01,1.247635781764984131e-01,3.868609666824340820e-01,1.297095865011215210e-01,2.221084684133529663e-01,3.097875714302062988e-01,4.887078106403350830e-01,5.078481435775756836e-01,5.325545072555541992e-01,1.084747537970542908e-01,2.946052141487598419e-02,2.946560382843017578e-01,3.891136944293975830e-01,2.088086009025573730e-01,3.345367312431335449e-01,2.712973356246948242e-01,3.029598295688629150e-01,1.493130624294281006e-01,3.133154809474945068e-01,1.168494671583175659e-01,1.119654923677444458e-01,1.591968834400177002e-01,3.328773081302642822e-01,2.557470835745334625e-02,8.917490392923355103e-02,2.920857071876525879e-01,2.008775919675827026e-01,1.545961648225784302e-01,1.768271774053573608e-01,1.247178763151168823e-01,1.213672682642936707e-01,2.531861662864685059e-01,1.452868580818176270e-01,1.805129796266555786e-01,1.916705369949340820e-01,2.402342408895492554e-01,2.292927801609039307e-01,1.078921929001808167e-01,1.386841088533401489e-01,1.532681286334991455e-01,1.244435831904411316e-01,2.336801290512084961e-01,1.441047340631484985e-01,3.231538832187652588e-01,3.602947592735290527e-01,1.589620709419250488e-01,2.508338987827301025e-01,7.998295873403549194e-02,1.317979097366333008e-01,6.284397840499877930e-02,1.564595848321914673e-01,2.090648934245109558e-02,3.563533127307891846e-01,1.896900385618209839e-01,2.928125262260437012e-01,6.455744057893753052e-02,1.882456541061401367e-01,3.219379484653472900e-01,2.590946257114410400e-01,1.093808785080909729e-01,1.039326712489128113e-01,3.642909228801727295e-02,1.118896454572677612e-01,3.612750023603439331e-02,7.553898543119430542e-02,2.045967131853103638e-01,1.683048456907272339e-01,1.841305643320083618e-01,2.775902450084686279e-01,2.851825356483459473e-01,3.613842129707336426e-01,1.192814707756042480e-01,2.740396857261657715e-01,1.748347133398056030e-01,3.257650434970855713e-01,-2.562647499144077301e-02,1.655918061733245850e-01,1.185407862067222595e-01,3.887506425380706787e-01,3.633920550346374512e-01,1.903675049543380737e-01,3.359023928642272949e-01,2.134054452180862427e-01,2.261710762977600098e-01,1.109807342290878296e-01,1.062553301453590393e-01,1.554573327302932739e-01,1.788456290960311890e-01,2.152654379606246948e-01,1.672498285770416260e-01,1.589195728302001953e-01,1.857752501964569092e-01,2.711197137832641602e-01,1.917744129896163940e-01,2.001548409461975098e-01,-1.598273962736129761e-02,-2.843530848622322083e-02,1.935424059629440308e-01,1.181436553597450256e-01,7.907763123512268066e-02,-1.510888338088989258e-02,6.017965450882911682e-02,6.860280409455299377e-03,2.356554865837097168e-01,1.769850999116897583e-01
3.172578513622283936e-01,2.261689305305480957e-01,4.135078191757202148e-01,3.218927979469299316e-01,1.000000000000000000e+00,6.275582313537597656e-01,3.755532205104827881e-01,3.421593308448791504e-01,6.142209172248840332e-01,4.443402290344238281e-01,1.380542516708374023e-01,3.163816928863525391e-01,2.270484119653701782e-01,3.058604300022125244e-01,3.824435472488403320e-01,2.319726645946502686e-01,2.703886330127716064e-01,2.931802570819854736e-01,3.160778582096099854e-01,3.228532075881958008e-01,2.711223363876342773e-01,2.352485060691833496e-01,4.419382810592651367e-01,3.824153542518615723e-01,5.306499004364013672e-01,5.108690857887268066e-01,5.259163975715637207e-01,5.314348936080932617e-01,2.421438395977020264e-01,3.639931976795196533e-01,4.330421090126037598e-01,3.176988959312438965e-01,2.861128449440002441e-01,3.530069589614868164e-01,4.220565780997276306e-02,8.406885899603366852e-03,2.157863825559616089e-01,6.340882927179336548e-02,1.892666220664978027e-01,1.805925369262695312e-01,1.905290484428405762e-01,2.477087825536727905e-01,9.177137911319732666e-02,1.609332859516143799e-01,2.176750600337982178e-01,3.373715579509735107e-01,1.504307985305786133e-01,1.925221979618072510e-01,2.037340700626373291e-01,2.947977781295776367e-01,2.110920846462249756e-01,2.367644309997558594e-01,1.900212764739990234e-01,2.455651760101318359e-01,2.112010270357131958e-01,1.999345868825912476e-01,1.055082902312278748e-01,-2.825199440121650696e-02,4.210562258958816528e-02,3.403248265385627747e-02,1.668024957180023193e-01,-2.410127781331539154e-02,1.679917126893997192e-01,3.604353666305541992e-01,1.842377483844757080e-01,4.025683924555778503e-02,1.864639371633529663e-01,1.537647694349288940e-01,2.005128264427185059e-01,-3.005461208522319794e-02,1.335866451263427734e-01,1.465505063533782959e-01,4.625757038593292236e-02,5.755642428994178772e-02,1.910298615694046021e-01,9.000290185213088989e-02,1.675807684659957886e-01,1.347431391477584839e-01,1.761509031057357788e-01,3.087503910064697266e-01,3.147862851619720459e-01,3.667431771755218506e-01,2.923655807971954346e-01,2.762713730335235596e-01,2.998451292514801025e-01,2.553517520427703857e-01,9.200336784124374390e-02,2.153178453445434570e-01,1.876552850008010864e-01,1.758454293012619019e-01,2.345330268144607544e-01,2.055427134037017822e-01,1.491681784391403198e-01,1.471206247806549072e-01,1.862950623035430908e-01,1.722383201122283936e-01,6.433494389057159424e-02,9.158565104007720947e-02,1.016002241522073746e-02,1.502632647752761841e-01,5.662041902542114258e-02,4.828346520662307739e-02,2.781841903924942017e-02,7.642846554517745972e-02,1.638883054256439209e-01,1.430006921291351318e-01,3.806838393211364746e-02,1.234366837888956070e-02,1.144856587052345276e-01,9.465876221656799316e-02,6.631504744291305542e-02,-3.631099686026573181e-02,2.019616775214672089e-02,-5.504609271883964539e-02,2.081850320100784302e-01,1.104765683412551880e-01
1.011943668127059937e-01,1.540854126214981079e-01,2.025208473205566406e-01,3.316582739353179932e-01,6.275582313537597656e-01,1.000000000000000000e+00,1.489858329296112061e-01,4.404655992984771729e-01,4.660522937774658203e-01,6.704296469688415527e-01,1.124335080385208130e-01,3.494842052459716797e-01,1.803461611270904541e-01,4.993635416030883789e-01,3.525512814521789551e-01,4.719787538051605225e-01,1.899111866950988770e-01,2.339412420988082886e-01,1.869426816701889038e-01,1.903244704008102417e-01,1.035966277122497559e-01,7.118240743875503540e-02,4.317469596862792969e-01,5.050919055938720703e-01,4.868304729461669922e-01,5.186851024627685547e-01,3.924700617790222168e-01,4.891736805438995361e-01,2.135103791952133179e-01,3.842332363128662109e-01,3.997134268283843994e-01,4.249669313430786133e-01,3.693149611353874207e-02,1.605966240167617798e-01,-2.754739522933959961e-01,-2.639738619327545166e-01,6.117359921336174011e-02,-1.122421771287918091e-01,1.233402565121650696e-01,3.875892981886863708e-02,1.606361418962478638e-01,2.098475247621536255e-01,-1.678042899584397674e-04,1.377129107713699341e-01,1.554258912801742554e-01,2.576667070388793945e-01,2.990552224218845367e-02,-4.072231426835060120e-02,1.556667536497116089e-01,2.369506210088729858e-01,2.065553814172744751e-01,2.241925597190856934e-01,2.010896503925323486e-01,1.955142915248870850e-01,6.569863110780715942e-02,-2.552719961386173964e-04,-8.543004281818866730e-03,1.326481997966766357e-01,-1.636938601732254028e-01,2.520128525793552399e-02,-5.236225575208663940e-02,-1.639534384012222290e-01,1.863594949245452881e-01,3.083092272281646729e-01,1.361880600452423096e-01,-7.628831267356872559e-02,-3.662743791937828064e-02,4.999551456421613693e-03,6.742889434099197388e-02,-6.652525067329406738e-02,3.461409360170364380e-02,1.997949555516242981e-02,2.221679687500000000e-02,6.006976962089538574e-02,1.479557603597640991e-01,2.334244847297668457e-01,3.981311246752738953e-02,3.082814626395702362e-02,1.604658067226409912e-01,2.552942633628845215e-01,1.977736949920654297e-01,3.304684758186340332e-01,3.093509674072265625e-01,4.107329845428466797e-01,1.784041970968246460e-01,2.459043264389038086e-01,9.108265489339828491e-02,3.202094733715057373e-01,6.350846588611602783e-02,1.682852953672409058e-01,1.473140418529510498e-01,-9.475661814212799072e-02,3.746697306632995605e-02,-8.510497957468032837e-02,9.060314297676086426e-02,1.005002930760383606e-01,-6.235443055629730225e-02,1.847079396247863770e-02,-1.272366642951965332e-01,-1.154384482651948929e-02,-3.465806320309638977e-02,-6.754998862743377686e-02,1.083594094961881638e-02,1.214693766087293625e-02,2.514492869377136230e-01,1.401439011096954346e-01,1.191486343741416931e-01,-2.286155708134174347e-02,1.501948386430740356e-01,7.611830532550811768e-02,1.314347423613071442e-02,-1.174045652151107788e-01,-1.023531258106231689e-01,-9.483410418033599854e-02,1.283698230981826782e-01,8.292876929044723511e-02
4.612326622009277344e-01,2.435730397701263428e-01,7.158441543579101562e-01,4.054368436336517334e-01,3.755532205104827881e-01,1.489858329296112061e-01,1.000000000000000000e+00,4.051303267478942871e-01,3.710581362247467041e-01,7.217245548963546753e-02,4.144642651081085205e-01,2.317375242710113525e-01,4.868656992912292480e-01,1.896605640649795532e-01,4.131488204002380371e-01,5.134709645062685013e-04,3.251307010650634766e-01,3.237991333007812500e-01,4.411781728267669678e-01,3.717790246009826660e-01,1.905951201915740967e-01,1.363617926836013794e-01,5.033893585205078125e-01,3.534924685955047607e-01,2.949394881725311279e-01,2.189422994852066040e-01,3.004465997219085693e-01,1.609283089637756348e-01,3.679608404636383057e-01,2.057181447744369507e-01,3.603867888450622559e-01,1.800277680158615112e-01,3.917875885963439941e-01,4.054213762283325195e-01,2.923992872238159180e-01,2.129037082195281982e-01,3.783475756645202637e-01,1.530107706785202026e-01,2.075445055961608887e-01,2.129501700401306152e-01,5.908600240945816040e-02,1.641540974378585815e-02,1.731409579515457153e-01,6.038787215948104858e-02,1.320285946130752563e-01,1.330672502517700195e-01,3.760620653629302979e-01,4.394351541996002197e-01,1.454824358224868774e-01,1.347706615924835205e-01,1.175265461206436157e-01,1.244342252612113953e-01,2.536049485206604004e-01,2.934712767601013184e-01,3.289213180541992188e-01,3.909399211406707764e-01,2.559277713298797607e-01,-4.059094935655593872e-04,1.992876976728439331e-01,-7.019167765974998474e-03,2.717362344264984131e-01,1.202414184808731079e-01,1.170076280832290649e-01,2.407614588737487793e-01,1.156624779105186462e-01,1.453273445367813110e-01,1.506246924400329590e-01,1.272740215063095093e-01,2.596059143543243408e-01,4.084030166268348694e-02,3.257553279399871826e-01,2.421967089176177979e-01,2.373440861701965332e-01,7.106501609086990356e-02,1.576659977436065674e-01,-4.328714683651924133e-02,2.742509543895721436e-01,1.997325271368026733e-01,1.751120686531066895e-01,1.938965469598770142e-01,3.055319786071777344e-01,2.440867573022842407e-01,2.577641308307647705e-01,8.326745778322219849e-02,4.503207206726074219e-01,2.135431766510009766e-01,1.126620471477508545e-01,6.809826940298080444e-02,3.047983944416046143e-01,2.114984393119812012e-01,2.527949810028076172e-01,4.282224476337432861e-01,2.240066230297088623e-01,3.180612027645111084e-01,1.298895478248596191e-01,1.106262132525444031e-01,1.949369013309478760e-01,2.089731693267822266e-01,1.449337601661682129e-01,2.119603455066680908e-01,1.198170706629753113e-01,1.758238226175308228e-01,1.129122152924537659e-01,1.245752051472663879e-01,6.741877645254135132e-02,1.126988306641578674e-01,-3.364447504281997681e-02,3.280815482139587402e-02,7.907010614871978760e-02,1.462212055921554565e-01,1.202837377786636353e-01,6.592075526714324951e-02,1.696410328149795532e-01,-6.136033684015274048e-03,8.283559978008270264e-02,1.248600110411643982e-01
2.500213682651519775e-01,4.176952540874481201e-01,3.891324102878570557e-01,6.777994632720947266e-01,3.421593308448791504e-01,4.404655992984771729e-01,4.051303267478942871e-01,1.000000000000000000e+00,2.778171002864837646e-01,4.403527677059173584e-01,3.250046372413635254e-01,5.888289809226989746e-01,3.175430595874786377e-01,5.675553679466247559e-01,2.061284333467483521e-01,3.681879043579101562e-01,2.496264427900314331e-01,4.385994374752044678e-01,3.637463748455047607e-01,3.679841160774230957e-01,-4.537508939392864704e-04,-5.287173762917518616e-02,2.992143034934997559e-01,3.850827217102050781e-01,1.403546035289764404e-01,2.302338331937789917e-01,1.673640608787536621e-01,2.065183371305465698e-01,2.514701187610626221e-01,4.156196117401123047e-01,1.870449632406234741e-01,2.112987637519836426e-01,1.874457858502864838e-02,2.208344638347625732e-01,-1.002146899700164795e-01,-7.680626958608627319e-02,2.592824995517730713e-01,4.230296984314918518e-02,3.740291297435760498e-02,7.371707260608673096e-02,9.622654318809509277e-02,8.939934521913528442e-02,1.642501205205917358e-01,1.417059153318405151e-01,7.749980688095092773e-02,1.415729373693466187e-01,1.313334554433822632e-01,1.037090569734573364e-01,-4.139553382992744446e-02,3.930616006255149841e-02,3.297666832804679871e-02,9.266129136085510254e-02,1.139851585030555725e-01,2.236149087548255920e-02,1.908808499574661255e-01,2.182635217905044556e-01,2.101741284132003784e-01,3.715172111988067627e-01,4.415840283036231995e-02,2.029540836811065674e-01,1.301064155995845795e-02,2.534890733659267426e-02,1.049218624830245972e-01,3.173134922981262207e-01,1.867728978395462036e-01,2.281732559204101562e-01,2.678218996152281761e-03,1.453517824411392212e-01,2.490282356739044189e-01,1.634103357791900635e-01,-1.049361564218997955e-02,2.047655358910560608e-02,8.238644339144229889e-03,7.077057659626007080e-02,4.328584298491477966e-02,8.449227362871170044e-02,1.727877706289291382e-01,1.639532148838043213e-01,1.523264348506927490e-01,2.929231822490692139e-01,1.659078598022460938e-01,3.148530125617980957e-01,1.052168235182762146e-01,3.540075719356536865e-01,1.161954849958419800e-01,2.881520986557006836e-01,-1.195867434144020081e-01,1.821853518486022949e-01,-5.953098181635141373e-03,2.913723587989807129e-01,3.119006752967834473e-01,6.108443439006805420e-02,2.415775060653686523e-01,1.012285277247428894e-01,2.172410339117050171e-01,5.904379487037658691e-02,1.962603628635406494e-02,1.006913259625434875e-01,6.546169519424438477e-02,7.070367038249969482e-02,9.409403055906295776e-02,4.498510435223579407e-02,1.697117388248443604e-01,2.516092061996459961e-01,1.961535215377807617e-01,1.758379489183425903e-01,3.979241941124200821e-03,1.672562398016452789e-02,2.050735503435134888e-01,1.031849160790443420e-01,2.846620278432965279e-03,-6.728438287973403931e-02,-1.225179657340049744e-01,-3.520356025546789169e-03,1.327825039625167847e-01,1.714286208152770996e-01
2.217535078525543213e-01,1.510916054248809814e-01,2.573327720165252686e-01,2.456369698047637939e-01,6.142209172248840332e-01,4.660522937774658203e-01,3.710581362247467041e-01,2.778171002864837646e-01,1.000000000000000000e+00,5.663980245590209961e-01,2.147185802459716797e-01,1.933014839887619019e-01,3.091192245483398438e-01,2.158486992120742798e-01,3.340063989162445068e-01,2.328001707792282104e-01,2.260232865810394287e-01,1.950000077486038208e-01,2.121909707784652710e-01,2.294284254312515259e-01,1.640176475048065186e-01,9.553688764572143555e-02,2.271469384431838989e-01,2.038782387971878052e-01,2.033398598432540894e-01,2.427680492401123047e-01,2.373789846897125244e-01,3.589643836021423340e-01,3.216448724269866943e-01,3.571751713752746582e-01,3.566296100616455078e-01,3.585294783115386963e-01,1.786488443613052368e-01,2.896337211132049561e-01,5.217666737735271454e-03,-3.369853645563125610e-02,9.980543702840805054e-02,-6.457098061218857765e-04,1.154316738247871399e-01,5.417591333389282227e-02,7.936438173055648804e-02,7.134716957807540894e-02,1.476323753595352173e-01,1.406842917203903198e-01,2.504353821277618408e-01,2.359702736139297485e-01,2.725820839405059814e-01,2.393046170473098755e-01,2.267396599054336548e-01,2.149303257465362549e-01,1.316475719213485718e-01,1.075713410973548889e-01,2.652404904365539551e-01,2.121889591217041016e-01,2.481840252876281738e-01,1.890265196561813354e-01,1.389011144638061523e-01,4.824345186352729797e-02,-9.652755409479141235e-02,-7.463369518518447876e-02,-2.508709579706192017e-02,-1.170130968093872070e-01,2.579802274703979492e-01,3.434034585952758789e-01,2.407725900411605835e-02,-6.618187576532363892e-02,1.487880051136016846e-01,1.224471256136894226e-01,2.318627536296844482e-01,6.931738555431365967e-02,1.639261841773986816e-01,1.980400979518890381e-01,1.619109138846397400e-02,2.851246669888496399e-02,1.157743334770202637e-01,7.236610352993011475e-02,8.351910114288330078e-02,5.418169498443603516e-02,1.515396088361740112e-01,2.287460565567016602e-01,2.593131065368652344e-01,2.615976631641387939e-01,2.376421391963958740e-01,2.428385317325592041e-01,1.077835708856582642e-01,3.177474439144134521e-02,1.284853816032409668e-01,1.174690648913383484e-01,6.960860639810562134e-02,2.709657652303576469e-03,2.608704566955566406e-01,2.634399235248565674e-01,9.213753789663314819e-02,1.812752038240432739e-01,1.262618899345397949e-01,1.700738221406936646e-01,8.511903882026672363e-02,1.418552845716476440e-01,1.000725030899047852e-01,2.458958774805068970e-01,7.254001498222351074e-02,4.019870888441801071e-03,-4.311453923583030701e-02,-8.174099959433078766e-03,3.049453161656856537e-02,2.581165172159671783e-02,1.149390786886215210e-01,7.225481420755386353e-02,9.761491417884826660e-02,8.423965424299240112e-02,5.158393830060958862e-02,8.065056055784225464e-02,3.897752985358238220e-02,-2.653850242495536804e-02,1.594182848930358887e-01,1.520433463156223297e-02
-2.058940567076206207e-02,1.186612993478775024e-01,-1.585014979355037212e-03,2.772049605846405029e-01,4.443402290344238281e-01,6.704296469688415527e-01,7.217245548963546753e-02,4.403527677059173584e-01,5.663980245590209961e-01,1.000000000000000000e+00,1.081483140587806702e-01,2.711142897605895996e-01,2.142037153244018555e-01,4.437260925769805908e-01,2.332633286714553833e-01,4.683185517787933350e-01,1.429782062768936157e-01,1.502142548561096191e-01,3.507675603032112122e-02,6.628843396902084351e-02,-1.702421531081199646e-02,-6.642592698335647583e-02,2.015388160943984985e-01,2.702980935573577881e-01,1.706170737743377686e-01,2.395335584878921509e-01,1.219858899712562561e-01,3.181583881378173828e-01,2.567022442817687988e-01,4.073043167591094971e-01,3.227477371692657471e-01,4.237965345382690430e-01,-1.022798568010330200e-01,5.243481323122978210e-02,-3.476479053497314453e-01,-3.330004215240478516e-01,-4.387933388352394104e-02,-1.683540344238281250e-01,-3.536681458353996277e-02,-1.215929985046386719e-01,7.808792591094970703e-02,8.555367588996887207e-02,4.506834223866462708e-02,7.935304939746856689e-02,1.488282084465026855e-01,1.637164205312728882e-01,2.383134327828884125e-02,-8.193603903055191040e-02,1.161604002118110657e-01,1.281468868255615234e-01,8.041232079267501831e-02,1.007016301155090332e-01,1.503528207540512085e-01,1.250770986080169678e-01,4.373764619231224060e-02,-1.210650894790887833e-02,-2.124156104400753975e-03,2.455247640609741211e-01,-3.355220258235931396e-01,-6.926590949296951294e-02,-2.345484793186187744e-01,-2.194478958845138550e-01,2.279329448938369751e-01,2.820566296577453613e-01,-4.796548187732696533e-02,-1.864536106586456299e-01,-1.314198523759841919e-01,-3.060686774551868439e-02,9.045677632093429565e-02,-1.002784073352813721e-02,-6.875000428408384323e-03,1.113756187260150909e-02,-7.419674191623926163e-03,6.670217961072921753e-02,-1.780362054705619812e-02,1.577815115451812744e-01,-2.942048013210296631e-02,-1.032342854887247086e-02,1.135682389140129089e-01,1.790029108524322510e-01,1.200750693678855896e-01,2.225266247987747192e-01,1.991820484399795532e-01,3.715518414974212646e-01,-1.059919688850641251e-02,9.854967892169952393e-02,7.555092219263315201e-03,2.381952553987503052e-01,-7.563401758670806885e-02,4.051291197538375854e-02,1.278481483459472656e-01,-8.052375912666320801e-02,-4.699004068970680237e-02,-6.463870406150817871e-02,5.301180854439735413e-02,5.707054957747459412e-02,-1.295086741447448730e-01,-1.120244152843952179e-02,-1.444181501865386963e-01,-4.169775545597076416e-02,-4.552151262760162354e-02,-1.157765015959739685e-01,-2.695825509727001190e-02,2.900174632668495178e-02,1.408011764287948608e-01,2.241268381476402283e-02,1.314534991979598999e-01,6.074003875255584717e-03,1.009071692824363708e-01,7.664465904235839844e-02,-6.177909672260284424e-02,-1.205087378621101379e-01,-2.105818241834640503e-01,-5.318146571516990662e-02,3.890073671936988831e-02,-7.296992931514978409e-03
3.711102008819580078e-01,3.324652612209320068e-01,2.718897759914398193e-01,2.237268984317779541e-01,1.380542516708374023e-01,1.124335080385208130e-01,4.144642651081085205e-01,3.250046372413635254e-01,2.147185802459716797e-01,1.081483140587806702e-01,1.000000000000000000e+00,4.656808674335479736e-01,5.991082191467285156e-01,2.771154046058654785e-01,3.768861293792724609e-01,1.918893456459045410e-01,4.980832338333129883e-01,4.119606018066406250e-01,3.018856644630432129e-01,3.156877458095550537e-01,1.037892326712608337e-01,3.935800865292549133e-02,1.720866858959197998e-01,1.019887104630470276e-01,4.322091490030288696e-02,-5.078304093331098557e-03,6.447774916887283325e-02,9.161570668220520020e-02,6.043643951416015625e-01,3.747540712356567383e-01,2.570315301418304443e-01,1.112394258379936218e-01,1.361968368291854858e-01,2.667368948459625244e-01,4.035886004567146301e-02,2.268985100090503693e-02,2.801913619041442871e-01,6.923113763332366943e-02,1.161732375621795654e-01,2.641876041889190674e-02,1.227603554725646973e-01,8.530390262603759766e-02,2.276058048009872437e-01,1.556879580020904541e-01,6.066749989986419678e-02,5.341724678874015808e-02,2.185322195291519165e-01,1.957786083221435547e-01,-3.094754926860332489e-02,-3.480561822652816772e-02,5.250890180468559265e-02,6.351261981762945652e-04,2.968585677444934845e-02,7.422705739736557007e-02,1.962695121765136719e-01,1.591705828905105591e-01,4.741592705249786377e-01,2.253867834806442261e-01,1.772952228784561157e-01,9.892765432596206665e-02,1.014006659388542175e-01,-2.503514885902404785e-01,3.108730912208557129e-01,1.537072062492370605e-01,1.944243460893630981e-01,1.257834732532501221e-01,9.870396554470062256e-02,6.361651420593261719e-02,2.987083196640014648e-01,1.810220181941986084e-01,2.034011334180831909e-01,9.192705899477005005e-02,3.196907341480255127e-01,1.945708319544792175e-02,1.681575477123260498e-01,5.279218405485153198e-02,3.238629400730133057e-01,2.211061120033264160e-01,3.174906075000762939e-01,2.929949760437011719e-01,3.052662312984466553e-01,2.311526238918304443e-01,3.018761575222015381e-01,2.585488259792327881e-01,2.353250980377197266e-01,6.691654026508331299e-02,1.518367826938629150e-01,1.810223758220672607e-01,2.479570806026458740e-01,8.214689791202545166e-02,1.946961879730224609e-01,1.048692911863327026e-01,1.714995801448822021e-01,1.629564315080642700e-01,1.073585450649261475e-01,4.750636219978332520e-02,1.001192331314086914e-01,1.389932073652744293e-02,5.458710715174674988e-02,6.284173578023910522e-02,1.296425312757492065e-01,8.721328526735305786e-02,3.438373655080795288e-02,7.813589274883270264e-02,-1.044320315122604370e-02,2.541635371744632721e-02,1.256694793701171875e-01,1.317501217126846313e-01,1.681219637393951416e-01,1.660059839487075806e-01,1.679340749979019165e-02,-4.183313995599746704e-02,-2.548519056290388107e-03,2.787970192730426788e-02,-3.137614345178008080e-03,7.908728718757629395e-02
3.807192146778106689e-01,4.666964709758758545e-01,2.652522027492523193e-01,4.766316413879394531e-01,3.163816928863525391e-01,3.494842052459716797e-01,2.317375242710113525e-01,5.888289809226989746e-01,1.933014839887619019e-01,2.711142897605895996e-01,4.656808674335479736e-01,1.000000000000000000e+00,2.893812358379364014e-01,5.156101584434509277e-01,2.269043028354644775e-01,3.815131485462188721e-01,3.217784166336059570e-01,5.282660126686096191e-01,4.204875230789184570e-01,4.247314929962158203e-01,8.938322216272354126e-02,4.037091508507728577e-02,2.244318723678588867e-01,2.596189677715301514e-01,2.144642025232315063e-01,2.049459218978881836e-01,2.372455298900604248e-01,2.440710812807083130e-01,2.913893759250640869e-01,5.196696519851684570e-01,2.018491774797439575e-01,1.595913022756576538e-01,3.774883970618247986e-02,2.559589445590972900e-01,-1.265029609203338623e-01,-7.603336125612258911e-02,2.428326457738876343e-01,1.659785956144332886e-01,4.784815758466720581e-02,2.919490076601505280e-02,1.527025997638702393e-01,1.802077740430831909e-01,2.152406275272369385e-01,2.939546108245849609e-01,8.812893927097320557e-02,1.914126127958297729e-01,1.013010889291763306e-01,1.304808855056762695e-01,-6.533950567245483398e-02,6.931194663047790527e-02,1.386476010084152222e-01,9.832809120416641235e-02,1.298815570771694183e-02,4.986452683806419373e-02,1.744258552789688110e-01,1.530530303716659546e-01,3.269173800945281982e-01,3.523437380790710449e-01,1.583076268434524536e-01,3.079591691493988037e-01,6.810393184423446655e-02,-8.992434293031692505e-02,1.507957279682159424e-01,3.045036494731903076e-01,3.323654234409332275e-01,2.532243430614471436e-01,9.420835971832275391e-02,1.956258565187454224e-01,2.172613739967346191e-01,9.299386292695999146e-02,-8.427661657333374023e-02,-2.327938936650753021e-02,2.834326820448040962e-03,-1.520214416086673737e-02,1.766731739044189453e-01,1.240918412804603577e-01,2.578465342521667480e-01,2.274336218833923340e-01,1.913807541131973267e-01,4.337778687477111816e-01,2.849617600440979004e-01,3.462191224098205566e-01,1.714743226766586304e-01,4.040079414844512939e-01,1.352609992027282715e-01,2.975480854511260986e-01,-1.545850932598114014e-02,2.752805352210998535e-01,4.975318163633346558e-02,2.350744158029556274e-01,2.724061906337738037e-01,-4.841369390487670898e-02,2.502877116203308105e-01,8.339919149875640869e-02,2.011074125766754150e-01,7.272353023290634155e-02,6.799326837062835693e-02,3.824058920145034790e-02,3.872555866837501526e-02,6.498020887374877930e-02,9.182528406381607056e-02,4.728781059384346008e-02,9.407009184360504150e-02,1.509788334369659424e-01,1.300607919692993164e-01,7.064209878444671631e-02,5.793194100260734558e-02,8.745247125625610352e-02,2.720603346824645996e-01,1.603324413299560547e-01,2.883512713015079498e-02,-1.014577001333236694e-01,-1.088214218616485596e-01,-3.904563933610916138e-02,1.383967846632003784e-01,1.503677964210510254e-01
2.066097408533096313e-01,9.094023704528808594e-02,3.071474432945251465e-01,1.247635781764984131e-01,2.270484119653701782e-01,1.803461611270904541e-01,4.868656992912292480e-01,3.175430595874786377e-01,3.091192245483398438e-01,2.142037153244018555e-01,5.991082191467285156e-01,2.893812358379364014e-01,1.000000000000000000e+00,4.333592653274536133e-01,5.582690834999084473e-01,3.016946613788604736e-01,2.715193033218383789e-01,1.970333158969879150e-01,1.505706608295440674e-01,1.521631330251693726e-01,-6.340128835290670395e-03,-4.537785798311233521e-02,2.862466275691986084e-01,1.619386225938796997e-01,1.458781808614730835e-01,1.044252305291593075e-03,3.061073645949363708e-02,4.180230572819709778e-02,5.331031680107116699e-01,3.183493316173553467e-01,3.818635046482086182e-01,2.241060435771942139e-01,1.661694645881652832e-01,1.910171359777450562e-01,8.289864659309387207e-02,1.964113675057888031e-02,1.966469585895538330e-01,6.804459844715893269e-04,1.100076884031295776e-01,6.094504892826080322e-02,3.804977983236312866e-02,-2.300341799855232239e-02,2.888480424880981445e-01,1.801584064960479736e-01,5.585995689034461975e-02,1.555933337658643723e-02,2.739763259887695312e-01,2.889482676982879639e-01,-8.971542119979858398e-02,-1.127140671014785767e-01,-6.963503360748291016e-02,-8.743443340063095093e-02,1.710413098335266113e-01,2.214466780424118042e-01,1.483280360698699951e-01,1.463846862316131592e-01,4.332878589630126953e-01,1.773070991039276123e-01,8.618526160717010498e-02,3.209559246897697449e-02,2.059870511293411255e-01,-1.199244335293769836e-01,4.659382104873657227e-01,1.893163770437240601e-01,2.833149954676628113e-02,2.427718834951519966e-03,1.043413132429122925e-01,8.532348275184631348e-02,2.475354224443435669e-01,1.075827926397323608e-01,2.059561312198638916e-01,1.589675247669219971e-01,1.951442509889602661e-01,-7.468514144420623779e-03,1.512876600027084351e-01,5.548033490777015686e-02,1.663874238729476929e-01,1.298572719097137451e-01,1.693963408470153809e-01,2.239881008863449097e-01,2.406520843505859375e-01,2.533723413944244385e-01,3.984789848327636719e-01,2.352869659662246704e-01,3.400070667266845703e-01,8.793599158525466919e-02,2.043918520212173462e-01,1.780635565519332886e-01,2.691386938095092773e-01,9.301050752401351929e-02,1.717587560415267944e-01,1.799093186855316162e-01,9.694933146238327026e-02,1.744780689477920532e-01,5.929113924503326416e-02,2.324520051479339600e-02,8.134283870458602905e-02,2.887898124754428864e-02,1.901879534125328064e-02,3.853084146976470947e-02,9.109555184841156006e-02,7.497909665107727051e-02,-5.206517502665519714e-02,1.398281287401914597e-02,-9.487713687121868134e-03,4.007139708846807480e-03,1.221865713596343994e-01,1.068843379616737366e-01,1.030991896986961365e-01,1.817968338727951050e-01,4.685237631201744080e-02,-6.293035298585891724e-02,-2.498046681284904480e-02,5.920517817139625549e-02,-5.456815659999847412e-02,1.620905124582350254e-03
