1.000000000000000000e+00,7.015017271041870117e-01,1.653706878423690796e-01,4.729848206043243408e-01,1.868250072002410889e-01,2.807720303535461426e-01,3.718021810054779053e-01,4.882957637310028076e-01,2.076722979545593262e-01,2.528272271156311035e-01,7.005429267883300781e-01,6.064549684524536133e-01,1.944590806961059570e-01,3.313301503658294678e-01,1.335825920104980469e-01,3.344920277595520020e-01,4.537519216537475586e-01,5.718489289283752441e-01,2.785815596580505371e-01,4.707060158252716064e-01,3.458872437477111816e-01,3.931653201580047607e-01,-3.044953383505344391e-02,-6.261105090379714966e-02,1.555950939655303955e-01,2.555586099624633789e-01,2.688250243663787842e-01,2.271395176649093628e-01,4.920912981033325195e-01,4.726576805114746094e-01,4.228304028511047363e-01,3.898540139198303223e-01,4.082244932651519775e-01,4.612894356250762939e-01,2.640868723392486572e-01,2.613773345947265625e-01,5.421259403228759766e-01,3.743193149566650391e-01,4.573771655559539795e-01,3.009039759635925293e-01,5.041946172714233398e-01,5.284997820854187012e-01,4.046511352062225342e-01,3.637858927249908447e-01,3.906981945037841797e-01,4.082950949668884277e-01,3.731278479099273682e-01,2.980124056339263916e-01,3.289014697074890137e-01,4.038510918617248535e-01,3.696943223476409912e-01,2.994586527347564697e-01,3.381782472133636475e-01,2.235834747552871704e-01,5.428090095520019531e-01,4.207707941532135010e-01,7.317816019058227539e-01,5.941544175148010254e-01,6.521091461181640625e-01,5.426350831985473633e-01,5.501804351806640625e-01,4.913545846939086914e-01,6.473323702812194824e-01,5.910043716430664062e-01,5.488414168357849121e-01,5.441314578056335449e-01,5.485596656799316406e-01,5.259705781936645508e-01,3.071074783802032471e-01,-1.357959806919097900e-01,4.756213426589965820e-01,5.183942914009094238e-01,5.239521265029907227e-01,4.615890979766845703e-01,2.926925122737884521e-01,3.162528276443481445e-01,1.165664792060852051e-01,6.958116590976715088e-02,2.746746838092803955e-01,4.103601276874542236e-01,6.060755252838134766e-01,5.652577280998229980e-01,9.542313963174819946e-02,1.312381625175476074e-01,6.056495904922485352e-01,4.939509332180023193e-01,2.417478859424591064e-01,1.770871579647064209e-01,5.520181655883789062e-01,4.076950252056121826e-01,3.531078398227691650e-01,4.445696771144866943e-01,2.389574348926544189e-01,3.980036079883575439e-01,8.737459429539740086e-04,-5.656111519783735275e-03,1.655820757150650024e-01,7.678110152482986450e-02,2.617216706275939941e-01,3.891289532184600830e-01,4.733660258352756500e-03,3.825156092643737793e-01,-9.418831020593643188e-02,2.944894731044769287e-01,-9.762194752693176270e-02,8.947275578975677490e-02,3.301904071122407913e-03,1.221512109041213989e-01,4.125428572297096252e-02,1.166306883096694946e-01,2.917448878288269043e-01,2.077462971210479736e-01,1.882121711969375610e-01,1.763015836477279663e-01,-7.241897284984588623e-02,-1.018784940242767334e-01
7.015017271041870117e-01,1.000000000000000000e+00,6.922888010740280151e-02,3.072146773338317871e-01,2.428714185953140259e-01,3.981300592422485352e-01,1.898765712976455688e-01,3.393153548240661621e-01,2.967101633548736572e-01,2.744981348514556885e-01,5.739889144897460938e-01,6.863329410552978516e-01,8.453116565942764282e-02,3.731692433357238770e-01,2.072285115718841553e-01,3.104285895824432373e-01,5.271587371826171875e-01,6.549103856086730957e-01,1.080445870757102966e-01,2.706287205219268799e-01,3.263032436370849609e-01,4.103423655033111572e-01,1.018003448843955994e-01,1.867316081188619137e-03,1.165594980120658875e-01,2.153083086013793945e-01,2.606321871280670166e-01,2.478370517492294312e-01,3.637317121028900146e-01,3.975836634635925293e-01,3.564513623714447021e-01,3.868119418621063232e-01,4.087597429752349854e-01,5.252994894981384277e-01,2.918531298637390137e-01,3.144847452640533447e-01,4.132570326328277588e-01,3.793514966964721680e-01,4.229675829410552979e-01,3.271894454956054688e-01,4.309668838977813721e-01,4.754855334758758545e-01,4.904450774192810059e-01,5.053184032440185547e-01,3.753847479820251465e-01,5.555952191352844238e-01,4.062334001064300537e-01,4.335679113864898682e-01,4.394823908805847168e-01,5.631105899810791016e-01,4.319861531257629395e-01,5.180732607841491699e-01,4.175545275211334229e-01,3.220612704753875732e-01,4.622755646705627441e-01,5.036027431488037109e-01,7.413666248321533203e-01,8.253046870231628418e-01,6.728103160858154297e-01,6.903234720230102539e-01,6.296707391738891602e-01,6.703960299491882324e-01,6.347913146018981934e-01,6.933583617210388184e-01,6.363261938095092773e-01,6.939266920089721680e-01,6.639230847358703613e-01,7.044463157653808594e-01,2.776941955089569092e-01,1.110520884394645691e-01,3.998719751834869385e-01,4.497230350971221924e-01,4.382994174957275391e-01,4.028261899948120117e-01,3.120883703231811523e-01,3.229413926601409912e-01,1.033630520105361938e-01,9.162875264883041382e-02,3.090440332889556885e-01,3.728502094745635986e-01,5.956738591194152832e-01,6.577710509300231934e-01,2.075028270483016968e-01,2.664483189582824707e-01,5.664390921592712402e-01,6.790261268615722656e-01,2.610930204391479492e-01,2.629045844078063965e-01,4.571584165096282959e-01,5.639627575874328613e-01,3.521744310855865479e-01,5.424632430076599121e-01,2.275958061218261719e-01,5.125842690467834473e-01,-2.420160546898841858e-02,-1.829726062715053558e-02,7.602430880069732666e-02,9.321854263544082642e-02,1.784985512495040894e-01,4.495329856872558594e-01,4.696995019912719727e-03,4.913470149040222168e-01,-1.279320418834686279e-01,4.208427965641021729e-01,-1.667633056640625000e-01,6.319014728069305420e-02,4.190469905734062195e-02,1.469898372888565063e-01,7.616262882947921753e-02,1.255375742912292480e-01,2.673695385456085205e-01,2.093828618526458740e-01,2.605948448181152344e-01,1.637173146009445190e-01,-1.068349033594131470e-01,-1.735780835151672363e-01
1.653706878423690796e-01,6.922888010740280151e-02,1.000000000000000000e+00,5.285946726799011230e-01,-8.725146204233169556e-02,-9.244202822446823120e-02,4.856225252151489258e-01,2.722356021404266357e-01,1.868747733533382416e-02,5.705203488469123840e-02,1.044818162918090820e-01,1.027712896466255188e-01,1.555318832397460938e-01,1.403845846652984619e-01,-1.038890182971954346e-01,6.793992221355438232e-02,-2.993707358837127686e-02,-7.321383804082870483e-02,4.651769697666168213e-01,2.441008090972900391e-01,-6.550326943397521973e-02,-4.375004395842552185e-02,2.374653220176696777e-01,5.268051028251647949e-01,-5.182715598493814468e-03,-1.758310943841934204e-02,-1.552030742168426514e-01,-1.955097764730453491e-01,1.511026918888092041e-01,1.492775380611419678e-01,-1.190727390348911285e-02,3.382418677210807800e-02,2.538861930370330811e-01,2.731013596057891846e-01,4.538558423519134521e-02,-6.636402010917663574e-02,6.958656944334506989e-03,-1.334583610296249390e-01,-3.578901290893554688e-02,-8.144067227840423584e-02,2.482732385396957397e-02,-4.502624645829200745e-02,-1.120102591812610626e-03,-4.199061542749404907e-02,9.077010303735733032e-02,-9.438846260309219360e-02,3.949768841266632080e-02,-9.552512317895889282e-02,2.159831486642360687e-02,-4.866314306855201721e-02,-4.533221200108528137e-02,-9.363573789596557617e-02,-7.482497394084930420e-02,-1.214478760957717896e-01,-5.464095622301101685e-03,-1.378816813230514526e-01,3.757058456540107727e-02,8.074112236499786377e-03,9.136927127838134766e-02,1.137447282671928406e-01,1.024084985256195068e-01,8.442683517932891846e-02,-1.904096268117427826e-02,-2.775807678699493408e-02,3.187224036082625389e-03,1.305828802287578583e-02,2.073181718587875366e-01,1.745642125606536865e-01,-5.360154807567596436e-02,4.912384971976280212e-02,9.986746311187744141e-02,7.550130039453506470e-02,9.872693568468093872e-02,-2.500084042549133301e-02,1.178768947720527649e-01,6.189175695180892944e-02,-3.080920875072479248e-02,-7.123850286006927490e-02,-1.092271283268928528e-01,-6.816254556179046631e-02,-9.886600077152252197e-02,-1.384403854608535767e-01,1.943853795528411865e-01,7.728036493062973022e-02,-5.470973998308181763e-02,-1.623640805482864380e-01,8.182047307491302490e-02,2.107138000428676605e-02,-5.698245763778686523e-02,-9.953443706035614014e-02,-4.018276929855346680e-02,-6.732601672410964966e-02,-4.154229164123535156e-02,-6.653460860252380371e-02,-1.150665059685707092e-01,-2.338733673095703125e-01,-7.582117617130279541e-02,-2.046647816896438599e-01,-5.043603479862213135e-02,-1.200066283345222473e-01,-8.099330216646194458e-02,-1.004338636994361877e-01,-1.329704374074935913e-01,-4.795186221599578857e-02,-3.888602182269096375e-02,-3.606693074107170105e-02,-7.217563688755035400e-02,-9.534729644656181335e-03,-2.254000753164291382e-01,-9.787836670875549316e-02,-6.926951557397842407e-02,-4.973251000046730042e-02,-5.239045619964599609e-02,-8.137410134077072144e-02,4.969851113855838776e-03,-7.204711437225341797e-02
4.729848206043243408e-01,3.072146773338317871e-01,5.285946726799011230e-01,1.000000000000000000e+00,-1.229634732007980347e-01,5.291718989610671997e-03,6.587379574775695801e-01,6.820824146270751953e-01,4.166148975491523743e-02,2.654411792755126953e-01,3.215506672859191895e-01,3.148066699504852295e-01,2.555840611457824707e-01,2.697542309761047363e-01,-8.459120988845825195e-02,2.487597018480300903e-01,2.529764473438262939e-01,2.147766053676605225e-01,3.511031568050384521e-01,3.565325438976287842e-01,2.463940382003784180e-01,2.421308755874633789e-01,1.637793183326721191e-01,3.170499801635742188e-01,-1.424459069967269897e-01,-7.517483085393905640e-03,-1.573895663022994995e-01,-1.631931811571121216e-01,3.021147549152374268e-01,2.313109785318374634e-01,2.107727229595184326e-01,2.926116287708282471e-01,3.134688436985015869e-01,3.494006991386413574e-01,1.714259684085845947e-01,9.222054481506347656e-02,2.415954023599624634e-01,1.299702078104019165e-01,1.940096467733383179e-01,1.418779194355010986e-01,2.976365983486175537e-01,2.635221183300018311e-01,2.491396516561508179e-01,4.567129164934158325e-02,2.490071356296539307e-01,1.263570487499237061e-01,1.948360204696655273e-01,2.499035187065601349e-02,2.455606311559677124e-01,1.913845241069793701e-01,2.187437713146209717e-01,1.081101447343826294e-01,8.694890141487121582e-02,5.188357084989547729e-02,2.565869688987731934e-01,1.039658859372138977e-01,2.931355834007263184e-01,2.286194413900375366e-01,3.592035770416259766e-01,3.167848885059356689e-01,3.353006839752197266e-01,1.862302720546722412e-01,2.714774012565612793e-01,2.345755249261856079e-01,2.877352535724639893e-01,3.025374114513397217e-01,3.166705071926116943e-01,2.714815735816955566e-01,7.200314104557037354e-02,-1.901478320360183716e-01,3.495752215385437012e-01,3.213136494159698486e-01,3.165513575077056885e-01,2.277944087982177734e-01,2.353043556213378906e-01,2.369752228260040283e-01,-1.072811856865882874e-01,-1.515276730060577393e-01,7.664872333407402039e-03,1.452029943466186523e-01,3.018630146980285645e-01,2.235048264265060425e-01,5.832406133413314819e-02,8.791774511337280273e-02,3.006153106689453125e-01,1.355780810117721558e-01,1.197281032800674438e-01,9.128958731889724731e-02,3.168492615222930908e-01,1.412597298622131348e-01,1.144816949963569641e-01,1.377239525318145752e-01,1.082395762205123901e-01,1.412854492664337158e-01,-1.742349863052368164e-01,-2.587230205535888672e-01,-5.102161318063735962e-02,-1.848955005407333374e-01,3.269493579864501953e-02,5.509994179010391235e-02,-4.208889603614807129e-02,1.624860018491744995e-01,-1.179151237010955811e-01,9.925306588411331177e-02,-1.462840437889099121e-01,-7.448599487543106079e-02,-1.393709778785705566e-01,6.132860109210014343e-02,-2.205886393785476685e-01,-9.069887548685073853e-02,2.367461659014225006e-02,2.844669669866561890e-02,9.489274024963378906e-02,-7.392908912152051926e-03,-1.735211610794067383e-01,-1.656865626573562622e-01
1.868250072002410889e-01,2.428714185953140259e-01,-8.725146204233169556e-02,-1.229634732007980347e-01,1.000000000000000000e+00,6.506791114807128906e-01,-9.780147671699523926e-02,-8.858799934387207031e-02,2.652880847454071045e-01,6.445287168025970459e-02,1.897768676280975342e-01,2.243379801511764526e-01,-3.177477717399597168e-01,-2.649299101904034615e-03,4.042264819145202637e-01,1.416415721178054810e-01,1.568392515182495117e-01,3.130419254302978516e-01,-9.052640944719314575e-02,-8.832593262195587158e-02,1.012453734874725342e-01,9.316307306289672852e-02,3.073326945304870605e-01,1.816002279520034790e-01,4.458307027816772461e-01,6.262522339820861816e-01,7.529397010803222656e-01,7.587683796882629395e-01,2.574444115161895752e-01,2.936109304428100586e-01,3.120960891246795654e-01,2.460813820362091064e-01,9.945909678936004639e-02,2.044725120067596436e-01,1.552174389362335205e-01,1.563835889101028442e-01,1.903206408023834229e-01,6.296811997890472412e-02,1.461368799209594727e-01,4.950601980090141296e-02,1.702253818511962891e-01,1.793990880250930786e-01,1.953755170106887817e-01,3.064174652099609375e-01,2.284179180860519409e-01,3.820443153381347656e-01,1.670838892459869385e-01,1.263221800327301025e-01,2.147280424833297729e-01,2.916976213455200195e-01,2.532172799110412598e-01,2.738356888294219971e-01,2.273946404457092285e-01,1.755680888891220093e-01,2.043851017951965332e-01,1.002092957496643066e-01,3.215447664260864258e-01,3.044424057006835938e-01,2.172959744930267334e-01,2.049223780632019043e-01,2.755548954010009766e-01,3.190557360649108887e-01,3.530173599720001221e-01,3.715005815029144287e-01,2.981743216514587402e-01,2.871885895729064941e-01,1.905636340379714966e-01,1.976086199283599854e-01,8.257517963647842407e-02,7.494931668043136597e-02,-1.338259428739547729e-01,-1.043602004647254944e-01,6.596739590167999268e-02,5.444434657692909241e-02,-2.230732440948486328e-01,-1.469402313232421875e-01,4.012505114078521729e-01,4.254601001739501953e-01,3.499620854854583740e-01,3.296815454959869385e-01,2.742573916912078857e-01,2.774043083190917969e-01,1.311157345771789551e-01,1.676129251718521118e-01,3.029302656650543213e-01,3.273840844631195068e-01,1.098589003086090088e-01,2.192233949899673462e-01,9.544199705123901367e-02,2.151193469762802124e-01,1.749862730503082275e-01,2.634268999099731445e-01,9.653535485267639160e-02,2.734768092632293701e-01,6.742782145738601685e-02,2.319906353950500488e-01,1.808956712484359741e-01,9.838607907295227051e-02,9.543401747941970825e-02,1.720539480447769165e-01,2.296939305961132050e-02,2.243780940771102905e-01,-7.330425083637237549e-03,2.754602730274200439e-01,1.033113300800323486e-01,2.487858235836029053e-01,-1.247029826045036316e-01,-3.457571566104888916e-02,3.974180817604064941e-01,4.039562642574310303e-01,3.265383541584014893e-01,2.009575217962265015e-01,7.011932879686355591e-02,2.916503250598907471e-01,2.711019515991210938e-01,4.339939355850219727e-02
2.807720303535461426e-01,3.981300592422485352e-01,-9.244202822446823120e-02,5.291718989610671997e-03,6.506791114807128906e-01,1.000000000000000000e+00,-1.443893164396286011e-01,7.639717310667037964e-02,3.172139823436737061e-01,3.613212704658508301e-01,2.380545139312744141e-01,3.322296738624572754e-01,-2.575454711914062500e-01,1.631150990724563599e-01,3.897224664688110352e-01,2.574295103549957275e-01,2.236228138208389282e-01,3.351024687290191650e-01,-2.501534670591354370e-02,3.215837478637695312e-02,7.930611073970794678e-02,1.147668212652206421e-01,3.111796081066131592e-01,1.390014737844467163e-01,4.182033240795135498e-01,5.464956164360046387e-01,6.035634875297546387e-01,6.415972113609313965e-01,2.301196604967117310e-01,2.936984002590179443e-01,2.934403121471405029e-01,2.952448725700378418e-01,1.313539296388626099e-01,2.583924829959869385e-01,2.092880457639694214e-01,1.819991320371627808e-01,2.151085138320922852e-01,1.572581231594085693e-01,1.474836617708206177e-01,1.074317395687103271e-01,1.687671989202499390e-01,2.629906535148620605e-01,4.331716299057006836e-01,4.076943397521972656e-01,4.155688285827636719e-01,4.755041897296905518e-01,2.679286897182464600e-01,1.812180578708648682e-01,4.603377580642700195e-01,4.916665256023406982e-01,4.611807465553283691e-01,4.454040527343750000e-01,3.802279233932495117e-01,3.036202788352966309e-01,2.457573264837265015e-01,1.642418950796127319e-01,4.204643368721008301e-01,4.192706942558288574e-01,3.392727673053741455e-01,3.856579363346099854e-01,4.015461802482604980e-01,3.865330219268798828e-01,4.599953591823577881e-01,4.235154986381530762e-01,4.135143756866455078e-01,4.077705740928649902e-01,2.891556322574615479e-01,3.075428009033203125e-01,1.498389393091201782e-01,6.248320266604423523e-02,2.083450369536876678e-02,3.143779560923576355e-02,1.193396449089050293e-01,1.576881855726242065e-01,-1.216770038008689880e-01,-1.716878265142440796e-02,2.427635490894317627e-01,2.297143638134002686e-01,3.131694793701171875e-01,3.148440718650817871e-01,3.630549609661102295e-01,3.617558181285858154e-01,9.168723225593566895e-02,1.478552669286727905e-01,3.759340345859527588e-01,4.348185062408447266e-01,9.625808149576187134e-02,3.247013092041015625e-01,2.306437641382217407e-01,3.297034502029418945e-01,2.269992679357528687e-01,3.957780599594116211e-01,1.734050214290618896e-01,4.110425412654876709e-01,-9.179040789604187012e-03,1.357757002115249634e-01,5.629172176122665405e-02,8.327640593051910400e-03,4.675601795315742493e-02,2.132098823785781860e-01,-4.704341664910316467e-02,3.680148124694824219e-01,-1.808720827102661133e-01,2.872673273086547852e-01,-1.304555088281631470e-01,8.099524676799774170e-02,1.821147464215755463e-02,1.283331811428070068e-01,2.549369335174560547e-01,1.920688599348068237e-01,2.312448769807815552e-01,1.842242032289505005e-01,1.831280142068862915e-01,3.032029271125793457e-01,4.973737895488739014e-02,-1.509514749050140381e-01
3.718021810054779053e-01,1.898765712976455688e-01,4.856225252151489258e-01,6.587379574775695801e-01,-9.780147671699523926e-02,-1.443893164396286011e-01,1.000000000000000000e+00,5.534386634826660156e-01,-4.452058579772710800e-03,6.103484891355037689e-03,2.975724041461944580e-01,2.427342534065246582e-01,4.285430610179901123e-01,2.050329446792602539e-01,-1.027871444821357727e-01,4.281938076019287109e-02,6.722531467676162720e-02,1.055302619934082031e-01,1.524938046932220459e-01,1.908532828092575073e-01,2.103446125984191895e-01,1.774514466524124146e-01,2.312968224287033081e-01,1.896158307790756226e-01,-2.290306985378265381e-01,-7.084474712610244751e-02,-1.516985595226287842e-01,-1.115709245204925537e-01,2.177070677280426025e-01,1.397704482078552246e-01,1.686644852161407471e-01,2.297667413949966431e-01,8.554851263761520386e-02,1.263614892959594727e-01,2.249231003224849701e-02,4.475823789834976196e-02,9.321468323469161987e-02,-8.534321188926696777e-02,1.148823350667953491e-01,5.777841806411743164e-02,2.253035008907318115e-01,1.170910596847534180e-01,3.936512023210525513e-02,-7.335750013589859009e-02,4.163056984543800354e-02,2.290665172040462494e-02,1.070672832429409027e-02,-7.313158363103866577e-02,1.335060596466064453e-02,-1.425811205990612507e-04,1.307564415037631989e-02,-2.955359034240245819e-02,5.192477721720933914e-03,-8.857275545597076416e-02,1.127721518278121948e-01,-4.131460189819335938e-02,1.926486641168594360e-01,1.694802194833755493e-01,2.573794126510620117e-01,2.124346494674682617e-01,1.602931916713714600e-01,1.213487386703491211e-01,9.493200480937957764e-02,8.991453051567077637e-02,1.503740698099136353e-01,1.487262248992919922e-01,2.158022820949554443e-01,1.852675825357437134e-01,1.096632331609725952e-01,1.126083731651306152e-02,1.594184786081314087e-01,1.745371818542480469e-01,1.475707143545150757e-01,8.060089498758316040e-02,9.677991271018981934e-02,1.211746111512184143e-01,-8.178898692131042480e-02,-1.115924268960952759e-01,-6.608948856592178345e-02,-1.397110335528850555e-02,1.047674566507339478e-01,2.411040291190147400e-02,1.004607155919075012e-01,2.625780738890171051e-02,1.064579486846923828e-01,-1.615647599101066589e-02,5.157355219125747681e-03,-3.350440040230751038e-02,8.617956936359405518e-02,-1.755967177450656891e-02,-2.438309229910373688e-02,-2.032130956649780273e-02,-6.823044270277023315e-02,1.891262270510196686e-02,-1.648512035608291626e-01,-2.346422225236892700e-01,-4.779776558279991150e-02,-1.908789724111557007e-01,-7.905447483062744141e-02,-8.520394563674926758e-02,-6.472363322973251343e-02,1.839465089142322540e-02,-1.018390581011772156e-01,-8.398042991757392883e-03,-1.449156850576400757e-01,-2.111204713582992554e-01,-1.616528481245040894e-01,-7.386522833257913589e-03,-1.168886199593544006e-01,3.490410372614860535e-02,2.380381338298320770e-03,1.411931961774826050e-02,-3.086404129862785339e-02,-1.048874855041503906e-01,-1.985983997583389282e-01,-1.852505058050155640e-01
4.882957637310028076e-01,3.393153548240661621e-01,2.722356021404266357e-01,6.820824146270751953e-01,-8.858799934387207031e-02,7.639717310667037964e-02,5.534386634826660156e-01,1.000000000000000000e+00,5.680187419056892395e-02,2.880706489086151123e-01,4.246121942996978760e-01,4.093111157417297363e-01,3.246265351772308350e-01,4.934956729412078857e-01,-1.101443246006965637e-01,2.611567974090576172e-01,2.356745600700378418e-01,2.393350303173065186e-01,1.209438666701316833e-01,3.272942006587982178e-01,1.146033853292465210e-01,9.634104371070861816e-02,1.010682508349418640e-01,1.082132086157798767e-01,2.174066379666328430e-02,1.622203290462493896e-01,-4.845416545867919922e-02,-6.639122217893600464e-02,2.430261224508285522e-01,3.122074604034423828e-01,1.382155269384384155e-01,2.099831402301788330e-01,1.291990280151367188e-01,1.907450258731842041e-01,6.568484753370285034e-02,6.434015184640884399e-02,2.152529954910278320e-01,1.351201683282852173e-01,8.907581120729446411e-02,2.749615162611007690e-02,2.428413480520248413e-01,3.290045559406280518e-01,2.037196755409240723e-01,4.867975413799285889e-02,2.997603118419647217e-01,1.490901261568069458e-01,7.062496244907379150e-02,-3.837205097079277039e-02,2.529475688934326172e-01,2.496250569820404053e-01,2.052666544914245605e-01,9.812394529581069946e-02,1.986707001924514771e-02,6.484751403331756592e-02,1.867533326148986816e-01,6.591112166643142700e-02,3.265495896339416504e-01,2.441022694110870361e-01,4.312526285648345947e-01,3.626374006271362305e-01,3.402679264545440674e-01,1.684889346361160278e-01,3.205634057521820068e-01,2.546435892581939697e-01,3.737887740135192871e-01,3.171045482158660889e-01,3.273382782936096191e-01,2.346035987138748169e-01,9.399886429309844971e-02,-2.058679461479187012e-01,3.175067901611328125e-01,3.252628445625305176e-01,2.860919833183288574e-01,1.983525305986404419e-01,5.823406949639320374e-02,7.506200671195983887e-02,-1.602604538202285767e-01,-2.323670387268066406e-01,5.524415522813796997e-02,1.700986474752426147e-01,2.844328284263610840e-01,2.769924402236938477e-01,4.158080369234085083e-02,7.632694393396377563e-02,2.518458068370819092e-01,1.582155972719192505e-01,1.383045762777328491e-01,1.161566972732543945e-01,2.629819214344024658e-01,1.290685683488845825e-01,1.061298698186874390e-02,9.706681966781616211e-02,1.555871590971946716e-02,8.944847434759140015e-02,-1.703520417213439941e-01,-1.910789459943771362e-01,-1.395938992500305176e-01,-1.994658857583999634e-01,-4.859339445829391479e-02,-1.977640017867088318e-02,-1.219662949442863464e-01,1.402848213911056519e-01,-1.248068362474441528e-01,1.134154796600341797e-01,-1.311960816383361816e-01,-9.547927230596542358e-02,-5.646206066012382507e-02,1.223991885781288147e-01,-1.726713627576828003e-01,-1.544921100139617920e-01,-8.793304860591888428e-02,-1.503879874944686890e-01,-7.887795567512512207e-02,-4.502654820680618286e-02,-1.553164124488830566e-01,-1.243315413594245911e-01
2.076722979545593262e-01,2.967101633548736572e-01,1.868747733533382416e-02,4.166148975491523743e-02,2.652880847454071045e-01,3.172139823436737061e-01,-4.452058579772710800e-03,5.680187419056892395e-02,1.000000000000000000e+00,5.863770842552185059e-01,2.681471407413482666e-01,1.979630440473556519e-01,1.340467631816864014e-01,2.788552939891815186e-01,6.110702753067016602e-01,3.062537014484405518e-01,6.791906058788299561e-02,1.601057797670364380e-01,5.699136108160018921e-02,-2.668056823313236237e-02,1.136335581541061401e-01,1.631061881780624390e-01,1.179659888148307800e-01,2.059839516878128052e-01,5.273034796118736267e-02,2.182647287845611572e-01,9.313141554594039917e-02,6.065646931529045105e-02,2.164547294378280640e-01,1.196704953908920288e-01,1.247699484229087830e-01,2.072259038686752319e-01,1.565071046352386475e-01,6.498184055089950562e-02,2.109656184911727905e-01,1.706165969371795654e-01,8.593124896287918091e-02,3.844597563147544861e-02,5.829085037112236023e-02,5.116090178489685059e-02,1.337156593799591064e-01,4.533275589346885681e-02,4.388774335384368896e-01,4.001425504684448242e-01,3.557846546173095703e-01,4.019087255001068115e-01,3.325397968292236328e-01,2.664634883403778076e-01,4.647332727909088135e-01,4.584466516971588135e-01,4.531053900718688965e-01,4.199449717998504639e-01,3.735965788364410400e-01,4.302586615085601807e-01,1.019159406423568726e-01,1.689790636301040649e-01,2.880093455314636230e-01,2.872204780578613281e-01,3.089182376861572266e-01,3.920352160930633545e-01,2.340829521417617798e-01,3.026831448078155518e-01,1.599133759737014771e-01,1.953508555889129639e-01,2.040728330612182617e-01,2.407956719398498535e-01,3.927396535873413086e-01,3.936837315559387207e-01,1.399197131395339966e-01,2.551047503948211670e-01,1.775330454111099243e-01,1.888173222541809082e-01,1.628645360469818115e-01,1.440310627222061157e-01,2.026757150888442993e-01,2.231509387493133545e-01,1.043803058564662933e-02,1.635865680873394012e-02,1.747286878526210785e-02,5.924587324261665344e-02,1.263426691293716431e-01,1.352743804454803467e-01,-4.318419843912124634e-03,-4.580274596810340881e-02,1.183844432234764099e-01,1.675893664360046387e-01,-1.898670382797718048e-02,-4.435211047530174255e-02,7.929534465074539185e-02,5.425035208463668823e-02,1.643243581056594849e-01,3.176435530185699463e-01,1.472499072551727295e-01,3.109901249408721924e-01,-8.932170271873474121e-02,-2.502361126244068146e-02,-3.393561393022537231e-02,-2.593003772199153900e-02,-2.929508499801158905e-02,1.402164697647094727e-01,-6.972350925207138062e-02,1.526274383068084717e-01,-1.373922675848007202e-01,6.531191617250442505e-02,-7.016127556562423706e-02,-1.175610907375812531e-02,-8.536581695079803467e-02,-2.187000401318073273e-02,5.084724724292755127e-02,1.724589057266712189e-02,6.062111258506774902e-02,8.912897109985351562e-02,7.182503491640090942e-02,-2.334115095436573029e-02,-1.314707100391387939e-01,-1.779279112815856934e-01
2.528272271156311035e-01,2.744981348514556885e-01,5.705203488469123840e-02,2.654411792755126953e-01,6.445287168025970459e-02,3.613212704658508301e-01,6.103484891355037689e-03,2.880706489086151123e-01,5.863770842552185059e-01,1.000000000000000000e+00,2.179031223058700562e-01,2.433817833662033081e-01,1.122243106365203857e-01,4.489568471908569336e-01,2.763593494892120361e-01,4.675375521183013916e-01,1.151002496480941772e-01,1.514232307672500610e-01,1.710630953311920166e-01,1.580538451671600342e-01,8.336181193590164185e-02,1.166093870997428894e-01,9.654676169157028198e-02,1.340848356485366821e-01,-1.012906152755022049e-02,1.311870813369750977e-01,-1.961272209882736206e-02,-1.169928070157766342e-02,9.213525056838989258e-02,1.747894883155822754e-01,1.328310519456863403e-01,2.383113354444503784e-01,1.674764454364776611e-01,1.288433223962783813e-01,2.960565686225891113e-01,2.076110541820526123e-01,1.601973325014114380e-01,1.020588278770446777e-01,5.100924894213676453e-02,8.301259577274322510e-02,1.314804404973983765e-01,1.288609802722930908e-01,5.232214927673339844e-01,3.071767985820770264e-01,4.513812363147735596e-01,3.052285611629486084e-01,3.918119072914123535e-01,1.541710048913955688e-01,5.228257775306701660e-01,4.008141756057739258e-01,5.155251622200012207e-01,3.884862661361694336e-01,4.107580780982971191e-01,4.368314743041992188e-01,2.179116606712341309e-01,1.523754000663757324e-01,2.896856665611267090e-01,2.583829462528228760e-01,2.758195102214813232e-01,3.261340558528900146e-01,3.391768038272857666e-01,2.677826583385467529e-01,2.499748617410659790e-01,2.162243127822875977e-01,1.977293193340301514e-01,2.387114167213439941e-01,3.161110579967498779e-01,2.798568606376647949e-01,2.836726307868957520e-01,1.109498292207717896e-01,2.670841217041015625e-01,2.480306178331375122e-01,1.574922651052474976e-01,1.675550788640975952e-01,1.987225115299224854e-01,2.411563545465469360e-01,-1.185396611690521240e-01,-1.089422777295112610e-01,5.509833246469497681e-02,7.743661105632781982e-02,1.728636771440505981e-01,1.603709608316421509e-01,-2.451076507568359375e-01,-1.111177504062652588e-01,1.440674513578414917e-01,1.539054214954376221e-01,-6.529564410448074341e-02,6.161572411656379700e-02,2.369736731052398682e-01,1.277815848588943481e-01,1.669983416795730591e-01,4.033584296703338623e-01,2.121331393718719482e-01,3.739995658397674561e-01,-1.269384175539016724e-01,-1.268382519483566284e-01,-1.396024525165557861e-01,-1.201174110174179077e-01,-6.010833010077476501e-02,1.205962523818016052e-01,-1.311188936233520508e-01,2.825177907943725586e-01,-2.542426288127899170e-01,1.214989721775054932e-01,-2.116124778985977173e-01,-1.106345579028129578e-01,-3.268177062273025513e-02,1.381791234016418457e-01,-1.723995357751846313e-01,-1.694323420524597168e-01,-4.564924165606498718e-02,7.574467360973358154e-02,1.026434376835823059e-01,5.289877206087112427e-02,-2.665324807167053223e-01,-3.182500600814819336e-01
7.005429267883300781e-01,5.739889144897460938e-01,1.044818162918090820e-01,3.215506672859191895e-01,1.897768676280975342e-01,2.380545139312744141e-01,2.975724041461944580e-01,4.246121942996978760e-01,2.681471407413482666e-01,2.179031223058700562e-01,1.000000000000000000e+00,7.196510434150695801e-01,3.528710603713989258e-01,5.106641054153442383e-01,1.594532132148742676e-01,3.789007663726806641e-01,5.415382981300354004e-01,5.637883543968200684e-01,1.759701669216156006e-01,2.434346079826354980e-01,3.523428142070770264e-01,3.790461122989654541e-01,9.989355504512786865e-02,1.101462692022323608e-01,1.908461153507232666e-01,2.730449736118316650e-01,2.365397363901138306e-01,1.964360773563385010e-01,5.033367872238159180e-01,5.854445695877075195e-01,4.627784788608551025e-01,4.437042176723480225e-01,3.352154791355133057e-01,3.921886086463928223e-01,2.947732508182525635e-01,2.680796384811401367e-01,5.820448398590087891e-01,4.316998422145843506e-01,5.257570147514343262e-01,4.146609306335449219e-01,5.303511619567871094e-01,5.822149515151977539e-01,3.327187299728393555e-01,3.161126971244812012e-01,3.387499153614044189e-01,3.736509978771209717e-01,3.234305381774902344e-01,2.439862936735153198e-01,3.308111429214477539e-01,3.749018609523773193e-01,2.527853846549987793e-01,2.393711805343627930e-01,2.675934731960296631e-01,8.456152677536010742e-02,5.537592172622680664e-01,4.281513392925262451e-01,6.310828328132629395e-01,5.362439751625061035e-01,6.198007464408874512e-01,5.128361582756042480e-01,5.415416359901428223e-01,5.156591534614562988e-01,5.029161572456359863e-01,5.082820653915405273e-01,4.267633855342864990e-01,4.152466654777526855e-01,5.981550216674804688e-01,5.199669003486633301e-01,1.957624703645706177e-01,7.105010095983743668e-03,4.954698681831359863e-01,5.547826886177062988e-01,5.837723016738891602e-01,5.756257772445678711e-01,3.378709256649017334e-01,4.084525108337402344e-01,1.579629331827163696e-01,1.621008813381195068e-01,2.980349361896514893e-01,3.449268937110900879e-01,5.661176443099975586e-01,4.988750517368316650e-01,2.125214040279388428e-01,2.770116031169891357e-01,4.985033273696899414e-01,4.477085769176483154e-01,3.659439384937286377e-01,3.022566139698028564e-01,5.071564912796020508e-01,4.176412820816040039e-01,2.326362133026123047e-01,3.314439654350280762e-01,7.388546317815780640e-02,2.227086871862411499e-01,1.405124962329864502e-01,9.802558273077011108e-02,2.490595579147338867e-01,1.347728073596954346e-01,2.382406294345855713e-01,3.358057737350463867e-01,-6.203437969088554382e-02,2.132877111434936523e-01,-1.749366968870162964e-01,1.835922747850418091e-01,-8.034576475620269775e-02,7.802752405405044556e-02,5.423015728592872620e-02,1.210025623440742493e-01,6.764347106218338013e-02,1.225270330905914307e-01,3.252225816249847412e-01,1.963532269001007080e-01,1.266612559556961060e-01,9.908124059438705444e-02,-9.970976412296295166e-02,-1.427406072616577148e-01
6.064549684524536133e-01,6.863329410552978516e-01,1.027712896466255188e-01,3.148066699504852295e-01,2.243379801511764526e-01,3.322296738624572754e-01,2.427342534065246582e-01,4.093111157417297363e-01,1.979630440473556519e-01,2.433817833662033081e-01,7.196510434150695801e-01,1.000000000000000000e+00,2.046834379434585571e-01,5.955416560173034668e-01,9.456904977560043335e-02,3.455214202404022217e-01,5.792657732963562012e-01,6.562922596931457520e-01,1.677670031785964966e-01,2.647178769111633301e-01,3.609770834445953369e-01,4.359370172023773193e-01,2.168195098638534546e-01,1.080190762877464294e-01,1.564490795135498047e-01,2.918577790260314941e-01,3.116429150104522705e-01,2.794236242771148682e-01,4.376368224620819092e-01,6.481999158859252930e-01,4.977706670761108398e-01,5.113707184791564941e-01,3.899497687816619873e-01,5.221316218376159668e-01,3.743000030517578125e-01,3.953520655632019043e-01,5.573584437370300293e-01,4.718277454376220703e-01,5.265605449676513672e-01,4.638637900352478027e-01,5.645806193351745605e-01,6.298543214797973633e-01,3.255898654460906982e-01,3.142260611057281494e-01,2.815389931201934814e-01,4.254352152347564697e-01,2.731028795242309570e-01,2.661228477954864502e-01,3.303677737712860107e-01,3.893683850765228271e-01,2.250861823558807373e-01,2.723516821861267090e-01,1.934035867452621460e-01,7.627513259649276733e-02,5.151580572128295898e-01,4.769223928451538086e-01,5.779878497123718262e-01,6.316867470741271973e-01,5.643963813781738281e-01,5.403660535812377930e-01,5.631008148193359375e-01,5.652127265930175781e-01,5.077707767486572266e-01,6.144197583198547363e-01,4.715624451637268066e-01,5.029915571212768555e-01,6.013353466987609863e-01,5.769069790840148926e-01,2.141717523336410522e-01,3.402919694781303406e-02,4.720063805580139160e-01,5.116245746612548828e-01,5.579714775085449219e-01,5.607512593269348145e-01,2.973147630691528320e-01,3.732342123985290527e-01,1.956031769514083862e-01,2.065990567207336426e-01,3.953722417354583740e-01,3.796134293079376221e-01,5.955600142478942871e-01,5.977765321731567383e-01,2.268502265214920044e-01,4.361672997474670410e-01,4.619794487953186035e-01,5.300959944725036621e-01,3.745616376399993896e-01,4.052825272083282471e-01,4.808184802532196045e-01,5.176394581794738770e-01,1.756871044635772705e-01,3.566012382507324219e-01,1.310667954385280609e-02,2.612225115299224854e-01,1.397563815116882324e-01,1.372393071651458740e-01,1.870679706335067749e-01,1.355264484882354736e-01,1.596473455429077148e-01,3.570721745491027832e-01,-9.192898124456405640e-02,3.130809366703033447e-01,-1.890448629856109619e-01,3.249435424804687500e-01,-9.982835501432418823e-02,1.129562631249427795e-01,1.064303740859031677e-01,2.230155616998672485e-01,1.008375287055969238e-01,1.295522153377532959e-01,3.172630071640014648e-01,2.058151215314865112e-01,1.195678040385246277e-01,1.746480017900466919e-01,-1.279200315475463867e-01,-1.940053403377532959e-01
1.944590806961059570e-01,8.453116565942764282e-02,1.555318832397460938e-01,2.555840611457824707e-01,-3.177477717399597168e-01,-2.575454711914062500e-01,4.285430610179901123e-01,3.246265351772308350e-01,1.340467631816864014e-01,1.122243106365203857e-01,3.528710603713989258e-01,2.046834379434585571e-01,1.000000000000000000e+00,4.230277240276336670e-01,-5.261339247226715088e-02,7.354474067687988281e-02,5.502169206738471985e-02,1.471908576786518097e-02,1.322028338909149170e-01,1.258977204561233521e-01,1.905981898307800293e-01,1.432284414768218994e-01,1.565228551626205444e-01,-1.072913780808448792e-02,-3.312974572181701660e-01,-2.572708129882812500e-01,-3.409231603145599365e-01,-3.241350650787353516e-01,1.388869285583496094e-01,1.337161064147949219e-01,1.143575981259346008e-01,1.594822555780410767e-01,3.772182390093803406e-02,-5.331276450306177139e-03,5.907124280929565430e-02,2.720125950872898102e-02,5.149726942181587219e-02,-5.951250717043876648e-02,8.724354207515716553e-02,1.223608627915382385e-01,1.433255076408386230e-01,1.035588160157203674e-01,2.554642036557197571e-02,-1.396903842687606812e-01,-4.714336618781089783e-02,-1.357862353324890137e-01,6.973589770495891571e-03,-1.009624972939491272e-01,2.242616750299930573e-02,-5.596454069018363953e-02,-8.473992347717285156e-02,-1.286867409944534302e-01,-9.015165269374847412e-02,-1.758406907320022583e-01,9.034597128629684448e-02,-1.640929654240608215e-02,6.677571684122085571e-02,7.452648878097534180e-02,1.434759348630905151e-01,1.598335951566696167e-01,5.064345896244049072e-02,5.102432519197463989e-02,-6.032007187604904175e-02,-6.871246546506881714e-02,-7.082160562276840210e-02,-4.043969511985778809e-02,2.171219289302825928e-01,1.705376803874969482e-01,1.941751241683959961e-01,1.518331766128540039e-01,2.606287300586700439e-01,2.551376819610595703e-01,1.764780879020690918e-01,1.812141239643096924e-01,1.845768690109252930e-01,1.950788497924804688e-01,-2.382957041263580322e-01,-2.686949372291564941e-01,-1.240384429693222046e-01,-1.728634536266326904e-01,-3.899342264048755169e-04,-9.830567985773086548e-02,3.929360583424568176e-02,4.565165564417839050e-02,-5.098415538668632507e-02,-1.516493558883666992e-01,1.512535363435745239e-01,4.403082281351089478e-02,9.837546199560165405e-02,-7.308754324913024902e-02,-1.144019663333892822e-01,-1.447448730468750000e-01,-1.181398853659629822e-01,-1.312616020441055298e-01,-1.041464582085609436e-01,-2.695688903331756592e-01,-1.363653596490621567e-02,-1.481656134128570557e-01,-7.994077354669570923e-02,-1.167706847190856934e-01,-1.212660521268844604e-01,-1.383965760469436646e-01,-1.524941772222518921e-01,-1.355409920215606689e-01,-1.211746409535408020e-01,-2.150541394948959351e-01,-3.435479477047920227e-02,-2.755896002054214478e-02,-2.334025949239730835e-01,-2.489148974418640137e-01,-8.542942255735397339e-02,-8.854629471898078918e-03,-1.092393323779106140e-01,-2.380683273077011108e-01,-2.777942121028900146e-01,-1.592404842376708984e-01
